0.310131608716065 0.19719348122941 0.173829897073838 0.0455977526502393 0.273247260330448
0.120177394745808 0.24097084478939 0.294083931622529 0.284377630473315 0.0603901983689579
0.0880100699889607 0.320697543017871 0.155876326033412 0.000404206652049475 0.435011854307707
0.11467178117718 0.290195487842052 0.243636497904455 0.328525903064538 0.0229703300117745
0.308695392758413 0.233698511808405 0.105562392570115 0.243339400719596 0.108704302143471
0.176129695517609 0.475893220724043 0.142208123682044 0.0106589115184098 0.195110048557893
0.21430260670003 0.15124718666758 0.0363446606568215 0.234964520101659 0.36314102587391
0.0480617608325582 0.0107092099684626 0.383971140147986 0.336872875448533 0.220385013602461
0.267470646670149 0.259673009586872 0.0025132263259373 0.0234461801467555 0.446896937270286
0.0695978088284633 0.333125804319926 0.238016436713977 0.0459469177372557 0.313313032400378
0.452011937467254 0.0438170047444137 0.109949005220509 0.131556508801327 0.262665543766496
0.152823641954743 0.0378070880421597 0.274362568395811 0.335530958024646 0.19947574358264
0.139248787698769 0.0651943920726715 0.290487876263163 0.278689023149343 0.226379920816053
0.197540933988607 0.145640736939243 0.252254688109957 0.127756941320458 0.276806699641735
0.234627989048851 0.192939102668583 0.143234760098789 0.241016845845258 0.188181302338519
0.275064640774691 0.142351337589034 0.10316626825401 0.281864576089212 0.197553177293053
0.250688439333718 0.144817637452015 0.167648388186014 0.184140404625168 0.252705130403085
0.278205898910595 0.247914737962313 0.227297286365741 0.122863248168195 0.123718828593156
0.0827807691967452 0.070644334052328 0.228451915009043 0.559424960800301 0.0586980209415823
0.102633686860052 0.0058154742778768 0.388375086773109 0.0806599847412423 0.42251576734772
0.236433838255522 0.139721919166448 0.161323431242608 0.268697852095631 0.193822959239792
0.378382349680647 0.00936532730652494 0.234371458182601 0.222292540166494 0.155588324663732
0.295240513656046 0.140336890101087 0.148518420190236 0.27332522868158 0.142578947371051
0.00636391784085198 0.0918088342447641 0.391976838076841 0.367941346484595 0.141909063352948
0.0244238422425331 0.0828975062261265 0.366429308639725 0.27092144601862 0.255327896872995
0.319217897027253 0.0788363849407705 0.133809149435951 0.0949354874104035 0.373201081185622
0.289480648356869 0.0388290176870138 0.314878077956572 0.238578684405496 0.118233571594048
0.011546661066022 0.200558474613075 0.137993176217516 0.0262083372452931 0.623693350858094
0.129558815206432 0.276833009505238 0.253564800657416 0.0458842631201746 0.294159111510739
0.0718593830473714 0.502684877387475 0.203968187386742 0.139880948958149 0.0816066032202634
0.0916837954860028 0.305984834942569 0.423541877298644 0.0953681871571859 0.0834213051155979
0.140525452499567 0.21719864863828 0.274800516647845 0.326527799666216 0.0409475825480919
0.295903963235974 0.122458609767441 0.260783757877935 0.293599828280675 0.0272538408379748
0.164590168409774 0.0992648728284469 0.247525994385366 0.233543107701801 0.255075856674613
0.0785537668163726 0.259533469563589 0.12303419803525 0.266582942824795 0.272295622759993
0.0788298600934794 0.314367150503788 0.301880852986579 0.286664365057936 0.0182577713582179
0.00372367509871523 0.308368271696352 0.070497358294176 0.242878468028303 0.374532226882454
0.0400551376861912 0.20667735344194 0.195566009393782 0.279610099678283 0.278091399799803
0.0853376699628559 0.153272127272279 0.497175215410197 0.0821774008546527 0.182037586500015
0.0347697549908677 0.531807211731695 0.0804586569719375 0.00257799704007833 0.350386379265422
0.0744469784340717 0.173315219073687 0.454124070103939 0.0734289815517623 0.22468475083654
0.230108526038843 0.300472136864015 0.0160796215069314 0.0291035469643471 0.424236168625864
0.0848916275547679 0.210011529533602 0.272977454558663 0.00342779299248841 0.428691595360479
0.342053137161421 0.171768658023055 0.190921470476763 0.047952934907997 0.247303799430764
0.24386522759393 0.287272194450266 0.0085139607666079 0.225274817624151 0.235073799565046
0.0908558983206727 0.161053159581912 0.105566452033898 0.32919081214605 0.313333677917468
0.146724543913109 0.30052018506073 0.155991545811335 0.238250650548355 0.15851307466647
0.395221415640677 0.0685410444380453 0.469945390027442 0.0352378467047616 0.0310543031890744
0.00216314285138779 0.314978024706036 0.443221069458808 0.162178156597866 0.0774596063859011
0.0698855641631564 0.29950326889431 0.230721399394632 0.198572378669114 0.201317388878787
0.146908973437856 0.16917523381361 0.103156453819347 0.195355409094353 0.385403929834833
0.0768722849213566 0.0746598358256102 0.193212159287536 0.421986159840284 0.233269560125213
0.0341042164113971 0.287902533202827 0.180045938953058 0.258361148378266 0.239586163054451
0.434339411982424 0.0383993513346816 0.0343109731626233 0.143884268439801 0.349065995080471
0.101495389364688 0.154416142481561 0.322696837240521 0.264724136930647 0.156667493982584
0.253029109713165 0.199899441549548 0.00129567978360718 0.25962283841226 0.286152930541419
0.246361525210984 0.27936822710229 0.305875035741233 0.166035792470914 0.00235941947457981
0.179551612610528 0.157624264706068 0.215492170113869 0.30833718318507 0.138994769384465
0.00864470112703016 0.287096036446929 0.244836099282617 0.279008890511851 0.180414272631574
0.129958938319564 0.366019884018206 0.38110884466168 0.0196491926704474 0.103263140330102
0.239074052885994 0.256095396500078 0.261888549902396 0.0606761504924015 0.182265850219131
0.251691531838439 0.181585296474543 0.252189426376754 0.130898431797958 0.183635313512307
0.0971893859029663 0.332526825803617 0.00289470122454288 0.26870166705685 0.298687420012024
0.0159776272496428 0.0642957100358587 0.147800798706635 0.376576765079875 0.395349098927988
0.33128297806134 0.298090489517908 0.123622941624426 0.218329673204151 0.0286739175921744
0.36321888460943 0.0200806324990062 0.277767598866189 0.289787828178592 0.0491450558467833
0.059884621701323 0.182866726353304 0.0801097392631537 0.319324914499559 0.35781399818266
0.00419167074090894 0.195838036479788 0.346577937078767 0.303490767359458 0.149901588341079
0.123905183678398 0.275830598339308 0.191159279818112 0.0921046105750087 0.317000327589174
0.314916308023627 0.0834329443590843 0.328969907264421 0.0648874216604245 0.207793418692443
0.163504713703007 0.395057708882217 0.122626879332067 0.305193479900523 0.013617218182187
0.124850614111134 0.133321064213006 0.251744040623212 0.202685524283611 0.287398756769036
0.0108337136637006 0.126382511399666 0.143351555761319 0.369658779663217 0.349773439512097
0.185913308185648 0.248483264096172 0.269610918972025 0.210068955166909 0.0859235535792458
0.028797929619702 0.115327101382228 0.154261990830761 0.330099121751625 0.371513856415683
0.185115789479143 0.299921692736405 0.197474383294208 0.0526474139840964 0.264840720506148
0.347885713345326 0.385975753046867 0.0449235460289465 0.0743495928088987 0.146865394769962
0.112079457800827 0.20936421913192 0.262069613333242 0.150497071878967 0.265989637855044
0.131035169326488 0.13065469266141 0.299237759351412 0.22293702615209 0.2161353525086
0.298036126205209 0.0858737649845365 0.156361607566299 0.41994038192483 0.0397881193191254
0.0924185400888076 0.295105303829637 0.362388250830773 0.131308990891017 0.118778914359765
0.0244175122075357 0.149092462291021 0.265116705392663 0.330306654400954 0.231066665707827
0.207273344964197 0.158531045572539 0.139188015628662 0.154263396759821 0.340744197074782
0.176392167634686 0.345479013722227 0.260892180127632 0.077474170792056 0.139762467723399
0.148876366267669 0.286041299921396 0.208241613618095 0.106334734433954 0.250505985758886
0.177595757042173 0.131181105643889 0.165632993488398 0.451504674599877 0.0740854692256621
0.124413875885166 0.190575878314164 0.187866033950686 0.329229434847058 0.167914777002926
0.128730297206015 0.395307545444572 0.209838291701479 0.0775374397648965 0.188586425883038
0.0585400779002651 0.578426392426238 0.0472906295788098 0.191553071796392 0.124189828298295
0.0741728814109197 0.165682369134129 0.2992543309114 0.409822281007612 0.0510681375359388
0.00965232375574787 0.228464257038031 0.362722029591704 0.216715153588409 0.182446236026108
0.300116536397115 0.152207122774185 0.239148812088969 0.109734564388038 0.198792964351693
0.0187847123521172 0.248408103055565 0.289576902529977 0.296881556308831 0.14634872575351
0.429313147747211 0.0720063806031761 0.0501004421796363 0.434201361806672 0.0143786676633053
0.233121815016334 0.37048283649242 0.0285753020783825 0.0760904872350189 0.291729559177845
0.0174669337067971 0.106157076999819 0.310259813866163 0.323995448670383 0.242120726756837
0.298952166589247 0.121802314727315 0.300414957708393 0.258327132327156 0.0205034286478881
0.248844774258797 0.337720396864023 0.134798753978028 0.213806179752681 0.0648298951464706
0.170760097514269 0.064369906884673 0.445772971830826 0.118572783771445 0.200524239998786
0.133961636924568 0.247305331049866 0.237845521189537 0.171278841927458 0.209608668908572
0.0127912983829028 0.122717651714073 0.249418858969479 0.420223190942663 0.194848999990882
0.16934433370969 0.167769903742099 0.0780370184306604 0.284984287446381 0.29986445667117
0.231939522282732 0.22053669515801 0.0739244196430837 0.45982704228765 0.0137723206285251
0.105943399716735 0.28977568283745 0.169064401435474 0.0774348049071539 0.357781711103187
0.158806196214534 0.39231746558565 0.067616706151097 0.16397873443466 0.217280897614059
0.350982972271907 0.0317501501619798 0.200750734361578 0.201168158247301 0.215347984957234
0.449472077435172 0.206183493331855 0.0590412339838971 0.236869210270855 0.0484339849782215
0.221238185070215 0.0912501703354608 0.114051501241906 0.218439390276424 0.355020753075994
0.234216881102711 0.196091447088013 0.255879441447776 0.0847260003681121 0.229086229993388
0.0802795203424847 0.15024497160643 0.308692295142773 0.297969447300585 0.162813765607728
0.00653183458867168 0.226375380144154 0.097204346289566 0.299741749493122 0.370146689484486
0.10074318096432 0.313599233665935 0.223162872275149 0.183241164273518 0.179253548821078
0.256374659636059 0.238536550777943 0.11717477020352 0.262248139280938 0.125665880101541
0.170638074074643 0.230286306026498 0.160032405854309 0.310741096051067 0.128302117993482
0.0239626444998731 0.139846750908809 0.241384102538402 0.475556802198343 0.119249699854573
0.157770094456111 0.240752336353908 0.165266480242413 0.243876161459093 0.192334927488474
0.159643839206939 0.130972931373473 0.390168847272219 0.177846183462614 0.141368198684755
0.34594906609795 0.065985345669415 0.214654570904336 0.015387348836584 0.358023668491714
0.192729910348758 0.0562590388584005 0.121738194413697 0.534494007975704 0.0947788484034412
0.171028892116713 0.139988731056427 0.304932129890976 0.382515898540638 0.00153434839524618
0.124986358929944 0.104031525503488 0.325215264594662 0.140079725221479 0.305687125750427
0.174502979681785 0.0604202133640686 0.188046730301719 0.243965009196034 0.333065067456393
0.0145342044978341 0.288901659689636 0.289957637158427 0.25325206751044 0.153354431143664
0.415218999360217 0.261459057852645 0.15645723947477 0.0135960027036882 0.15326870060868
0.235828907277067 0.318303244148648 0.0623951012860694 0.160438422721973 0.223034324566242
0.241022680066268 0.251102612812082 0.0274448274678436 0.19931857820558 0.281111301448227
0.211209555495697 0.2560971726857 0.165466660509903 0.0648344763859573 0.302392134922743
0.1405421041615 0.20572170373148 0.160751779075245 0.17675815741653 0.316226255615245
0.263059598877847 0.211565820412198 0.348552489085622 0.0288397074094571 0.147982384214876
0.0907507309241963 0.321384458526887 0.0599283440395967 0.318544467585446 0.209391998923874
0.163746838851918 0.212096111994588 0.387076802138628 0.149434739037455 0.0876455079774115
0.0172876158085323 0.221156743108848 0.187989058221748 0.428154742375019 0.145411840485853
0.0456312252490301 0.419575538984282 0.0360724006090673 0.207095474399829 0.291625360757793
0.240190022262824 0.0781055359467621 0.170605671571056 0.241060275546493 0.270038494672864
0.220213913771675 0.196959278620548 0.167924409132075 0.199089613359398 0.215812785116304
0.00215767183236394 0.456054051842847 0.135603034935639 0.303470360078353 0.102714881310798
0.178005565093885 0.0445959594570767 0.324043252087055 0.25662875758265 0.196726465779333
0.00548739865747741 0.291764658923664 0.356383273501398 0.0822499234249784 0.264114745492482
0.229527930976122 0.263420510401205 0.270007169847217 0.189656348623598 0.0473880401518587
0.345357726124496 0.296041950256333 0.056714127185856 0.0728902553242615 0.228995941109053
0.211208022639897 0.2587366697447 0.0998868772269796 0.253056828780409 0.177111601608015
0.203241199798965 0.175456219078807 0.240414385183904 0.148119356348643 0.23276883958968
0.21155481477622 0.262439714311362 0.197509591786718 0.305824986824688 0.0226708923010124
0.280562413617422 0.0767877333596981 0.218395199820653 0.120594262846174 0.303660390356053
0.254064307897383 0.272693422948821 0.112193407239762 0.119932344548729 0.241116517365304
0.418580408117219 0.136592372616497 0.0810862695262459 0.118698607716491 0.245042342023548
0.0201008624937487 0.283637082012183 0.327189013460291 0.282808204483751 0.0862648375500266
0.0595103790709396 0.352851914962044 0.31776692846789 0.198416922999962 0.0714538544991645
0.405869166428067 0.173193390751781 0.0724256686368741 0.197567269786117 0.15094450439716
0.280075341775791 0.194548668523463 0.143204702349504 0.101166278858891 0.28100500849235
0.345916010227157 0.0571927022725375 0.295008966540735 0.216526897111925 0.085355423847645
0.0413799389685525 0.281124598495493 0.325865370887108 0.275956153437434 0.0756739382114128
0.0685289629200034 0.308104581923631 0.179502281317785 0.13382385643726 0.310040317401321
0.181304173223653 0.233003680933338 0.242203382626713 0.126250213314971 0.217238549901325
0.213961170609521 0.384370286909055 0.0203007655525036 0.146097199698462 0.235270577230458
0.116944994419922 0.243001184870331 0.304637088747589 0.0929852508969153 0.242431481065242
0.0432163201674015 0.284761010975346 0.292212637579673 0.30459520245005 0.0752148288275299
0.084637025361948 0.00490356843172299 0.714034166658216 0.151749842869171 0.0446753966789424
0.329888376740837 0.145982894893026 0.346202894862836 0.0687507500537027 0.109175083449598
0.330665298134493 0.116038038011932 0.19540562457337 0.130792750998617 0.227098288281587
0.27326142113586 0.278479985889955 0.180081572028323 0.0854639635087168 0.182713057437146
0.291814568938375 0.228842934521461 0.044010183641336 0.186420409328149 0.248911903570679
0.293594991009591 0.0744662625562564 0.036620035288647 0.0276991835524549 0.567619527593051
0.00974338653941428 0.225112421264001 0.188254900204105 0.319951169257985 0.256938122734494
0.228262120445355 0.26610501132623 0.226778371572477 0.241439010565123 0.0374154860908152
0.034621293049518 0.136084958017577 0.260096010355591 0.0407283011983092 0.528469437379005
0.135656019226553 0.0333372084995297 0.298224905586396 0.173688644348265 0.359093222339257
0.207200636704059 0.273489941241987 0.327140084493393 0.18605613383639 0.00611320372417025
0.245589564253581 0.19721029550391 0.0724575571649731 0.0631953785142536 0.421547204563282
0.154865444997768 0.172393936831388 0.123727988886382 0.355329662951828 0.193682966332634
0.153792282029273 0.102071351144806 0.274065455753088 0.216442296724124 0.253628614348709
0.142847327805413 0.188567590387367 0.159589798808784 0.251389124037619 0.257606158960818
0.0117075803481603 0.290757598906408 0.284377832185074 0.215501384856756 0.197655603703603
0.253166628862607 0.202606354814219 0.0849169001374722 0.12030757085109 0.339002545334611
0.336342416391697 0.0243598683565334 0.100437541086818 0.511050936772773 0.0278092373921784
0.161274958093283 0.0902546529524084 0.206368163027494 0.40329497201977 0.138807253907045
0.122468730576397 0.286471049736082 0.178154860532417 0.324304602752353 0.0886007564027523
0.203577646159897 0.137653960158711 0.34411921799351 0.0167425375322893 0.297906638155593
0.234071310889183 0.28436085522885 0.356071336823468 0.00736036168384866 0.11813613537465
0.31840244880028 0.0642663326065782 0.169643618365189 0.430457803383217 0.0172297968447359
0.0267321984454415 0.215258547028933 0.236652120228918 0.285975160244083 0.235381974052625
0.283181643334433 0.283356628061286 0.142953463620373 0.20557898254137 0.0849292824425379
0.36315103041648 0.0439523242356744 0.222745056311277 0.180321623386587 0.189829965649981
0.0906406869178211 0.122597156206359 0.196300338352914 0.410714246788893 0.179747571734014
0.155983459582168 0.1908116440807 0.0869202201734311 0.25358230378512 0.312702372378582
0.0532073566325188 0.165338284385694 0.347759029874732 0.217918119456463 0.215777209650592
0.219984191279723 0.264491232476954 0.0645344781296156 0.0784217634228852 0.372568334690822
0.160956369997908 0.251003152598545 0.0916813127999205 0.20863014151526 0.287729023088367
0.199495287717511 0.238732799352642 0.187542444638219 0.230200241670912 0.144029226620716
0.0615586701361901 0.312642177031737 0.152446611166036 0.227698741981155 0.245653799684882
0.140845238560442 0.18937381661627 0.173426907808768 0.183813083498257 0.312540953516264
0.307017381207629 0.193070362592756 0.026259006203469 0.402465091195406 0.0711881588007393
0.274583278992968 0.289354937569138 0.120951895512558 0.212610701030567 0.10249918689477
0.154517385331479 0.0622740036580026 0.293648773282703 0.166340454885223 0.323219382842592
0.263076209120406 0.205735094505873 0.187357698958273 0.278804162236946 0.0650268351785017
0.233705543337852 0.289385529763256 0.0624628084044576 0.252505193066462 0.161940925427973
0.162233673166416 0.296829648063464 0.433363399836222 0.0448644163592595 0.0627088625746388
0.0527211653885724 0.306964639175467 0.287698157352813 0.292995172740454 0.0596208653426939
0.206072547578921 0.0560273922095587 0.162287804564558 0.302677161333813 0.272935094313148
0.228935294806121 0.166074115482952 0.268483480572827 0.165258669375407 0.171248439762693
0.149734446624774 0.167541796097618 0.185760271808931 0.227765327764519 0.269198157704157
0.0579849920003103 0.223111876531557 0.175758305079971 0.194983244486261 0.3481615819019
0.135337274336098 0.0453718814124556 0.434079279556298 0.14374981617532 0.241461748519828
0.168803597747028 0.18273342412542 0.109342580832626 0.271823677410632 0.267296719884293
0.204276642055428 0.267667281642022 0.241950861742227 0.232003404346059 0.0541018102142643
0.149539613876548 0.0149972475072537 0.167178392657765 0.311922471220529 0.356362274737905
0.0773884188141752 0.0437865004200691 0.25669393208432 0.313767029656168 0.308364119025267
0.278504063501502 0.00370873857599287 0.281126416500449 0.11181574513051 0.324845036291546
0.00934840573525911 0.313572668886382 0.204740263381776 0.152006690824114 0.320331971172468
0.125861934464933 0.362554951449666 0.0400278880481843 0.314548217710445 0.15700700832677
0.224659823259162 0.112452701226408 0.147488480601006 0.229887880652614 0.285511114260811
0.283318286571332 0.224098712751267 0.0116944571242827 0.260165395937204 0.220723147615914
0.12283980684197 0.428330595041632 0.243451702634714 0.0820910007418796 0.123286894739804
0.199237618361731 0.375603352002179 0.276818478257749 0.00794888128545035 0.14039167009289
0.277165179307495 0.0584698645811894 0.29030422481272 0.14456177197313 0.229498959325466
0.241621392779303 0.240446772439654 0.212938175987937 0.0591412711050021 0.245852387688104
0.21881214326325 0.146676604649831 0.132720254172828 0.279425147061725 0.222365850852366
0.316397123507405 0.120735047149588 0.250753743788679 0.180120899089762 0.131993186464566
0.177405045645225 0.203491911876331 0.242745031789582 0.246763927665149 0.129594083023713
0.157582147575608 0.33114631664877 0.20743233679701 0.300701319207712 0.00313787977090002
0.264893415436931 0.0431364113145607 0.135656317752489 0.315393148437297 0.240920707058722
0.262179209932687 0.213053072359202 0.275491851749777 0.0159626702254165 0.233313195732917
0.226657703626087 0.228410213126651 0.210666256607384 0.0134333390424172 0.320832487597461
0.310066164052599 0.0661498794719269 0.113304431670721 0.210623507645648 0.299856017159105
0.20681334509384 0.286944524105253 0.036895408223568 0.312530440618729 0.15681628195861
0.312805009108196 0.292933037792939 0.219723117031945 0.153888917642703 0.020649918424217
0.274687862353114 0.214360078535192 0.291902659353444 0.0892425375762007 0.12980686218205
0.0459072663278328 0.261277621476358 0.222759149413943 0.173880234462964 0.296175728318903
0.00980860817396521 0.287599193154564 0.286522758748015 0.226070602750546 0.189998837172911
0.382916289439237 0.0746876011116487 0.140641699142782 0.375410943484324 0.026343466822009
0.561206315294529 0.105310481622541 0.0288218797057436 0.20249764111153 0.102163682265655
0.358612173135903 0.10734850613238 0.250772056432655 0.052434259974433 0.230833004324629
0.102727678812522 0.0363919473818102 0.213946454844477 0.469546332049851 0.177387586911339
0.315292249141965 0.206743238658772 0.144101744088271 0.214824509827059 0.119038258283933
0.266358230742389 0.140163414713236 0.179009188955399 0.177289189222379 0.237179976366598
0.0659271992038069 0.154984572896747 0.502684041247523 0.249617751699371 0.0267864349525527
0.200247651071642 0.218973261708588 0.177381667411957 0.0769183736329976 0.326479046174815
0.269755074986155 0.016605939487664 0.222905907994055 0.172895705617223 0.317837371914902
0.254013106686168 0.0214312845839119 0.256620386753643 0.257992223714853 0.209942998261424
0.294401997893509 0.405657604408623 0.245606080323038 0.0460489323249862 0.00828538504984372
0.373020852254779 0.265448829255735 0.00222048843812706 0.286858932256494 0.0724508977948654
0.150344371534193 0.0050140308621249 0.13339302205722 0.419499927970679 0.291748647575783
0.0275428357749295 0.13540248614641 0.231291172573688 0.198019343757053 0.40774416174792
0.174867263913917 0.220319659159791 0.239252978017211 0.226566757719736 0.138993341189345
0.022671642929933 0.263346407202736 0.297694088423935 0.092611685989351 0.323676175454046
0.364565763373041 0.328559042188943 0.135049321571434 0.154678784799898 0.0171470880666846
0.22109519540634 0.53177913661663 0.105421359938235 0.0334461635432692 0.108258144495527
0.296757857788477 0.10297781184127 0.000941031024078393 0.4335031613958 0.165820137950375
0.384919000314796 0.140229177415301 0.017049687084544 0.0928582051161482 0.36494393006921
0.243736732783657 0.270107352855127 0.0615970105195663 0.208545884980129 0.21601301886152
0.446630627577921 0.480471837905987 0.00779971892020054 0.00918940995059953 0.0559084056452919
0.247543698220947 0.242490784187279 0.258352903330525 0.0485181161708357 0.203094498090413
0.257802082586918 0.190486689713129 0.189286661699014 0.0644987972665426 0.297925768734397
0.282143424098418 0.329436442872339 0.199454539232803 0.05120671136744 0.137758882429001
0.177841036767576 0.329135398492077 0.204678235690211 0.0123696599032171 0.27597566914692
0.304099929514629 0.0961931778161002 0.270694575231221 0.183979364989346 0.145032952448703
0.0144631778228399 0.579523706703921 0.0415837309552187 0.242479343449315 0.121950041068706
0.216026779906391 0.187548106987162 0.171087608717391 0.221613866295832 0.203723638093223
0.207188225044596 0.143739723443269 0.140678567682585 0.221180881014133 0.287212602815417
0.251944129347011 0.113590832093474 0.106846993495307 0.477807545686654 0.0498104993775541
0.278826341083116 0.201838073747959 0.21289432475696 0.229079367631843 0.0773618927801216
0.231868207242791 0.00174883274599719 0.316374141436696 0.235899574416828 0.214109244157689
0.176034291991833 0.315693052155031 0.200103858516002 0.212762795105118 0.0954060022320153
0.306758072551938 0.0168400400587742 0.292692025075508 0.101582476999842 0.282127385313938
0.130151581915957 0.377634530693449 0.0728617998625227 0.0851809322497678 0.334171155278304
0.073799123482993 0.362098777386438 0.178614799945107 0.340923066295077 0.0445642328903858
0.256765471735928 0.220023609069268 0.185385295415197 0.102846279284609 0.234979344494999
0.124923361456996 0.173978704426703 0.367122447032247 0.128630582189281 0.205344904894772
0.289239699894543 0.246167335611144 0.206446688253635 0.0722178729134012 0.185928403327277
0.314404495507671 0.342729357670769 0.0187003154964053 0.315277344712543 0.00888848661261133
0.327685195945842 0.201574234566666 0.0242907515673094 0.129121917803928 0.317327900116254
0.0150846631988373 0.304942787663334 0.0238487079108331 0.581165547363657 0.0749582938633387
0.231895187543266 0.387160654807537 0.203561467898441 0.0844851636713382 0.0928975260794182
0.132815756432116 0.355122857132629 0.181712974766064 0.0487210280129697 0.281627383656222
0.133057427406251 0.0921271274512702 0.27426493110991 0.225962634860803 0.274587879171766
0.209753651832897 0.309373701355486 0.23220029981104 0.123056897644688 0.125615449355889
0.0968987921388319 0.0861145855785662 0.361715140402975 0.154895091806199 0.300376390073428
0.277039015160031 0.126993546784682 0.066683127246103 0.271197642537051 0.258086668272132
0.0508502475783116 0.223168837060449 0.276079599317925 0.182030238638803 0.267871077404511
0.283992296762525 0.248702333036493 0.312209450630904 0.117245262749794 0.0378506568202841
0.226863043829249 0.285095189444726 0.0422726449217678 0.328941342513976 0.116827779290281
0.00450107509229098 0.126688596228165 0.192427002802246 0.533709934932828 0.142673390944471
0.453310524229862 0.197365246549701 0.140295979762611 0.169099145184347 0.0399291042734795
0.14078441687457 0.206309940059843 0.282690215596654 0.140169690125512 0.230045737343422
0.274707109230382 0.230593462886762 0.161621975432273 0.0227862585669152 0.310291193883667
0.0865925912629346 0.301204323116804 0.0419317450623132 0.150771452692141 0.419499887865807
0.311823079512404 0.0318772009855926 0.0580187535109284 0.116807341981109 0.481473624009966
0.289319653460235 0.0810890480745156 0.340301661045416 0.255943667031118 0.0333459703887156
0.085867847833222 0.336146563678863 0.369080205378873 0.197720221500237 0.0111851616088056
0.360008485686704 0.0450182886979279 0.262019781370823 0.0739239105326802 0.259029533711865
0.335362567031431 0.00802688313130839 0.0581334273408432 0.333943086961234 0.264534035535183
0.233419333104761 0.16032385366181 0.144686552591478 0.31350873766603 0.148061522975921
0.249015751336002 0.262273703613635 0.227351481965709 0.0834950406047947 0.17786402247986
0.148848039565131 0.188704531697267 0.0351936572170887 0.442884124769822 0.184369646750691
0.300591183052234 0.238035277350247 0.0589905904889064 0.0887777420751443 0.313605207033468
0.248070043750676 0.249101858173313 0.024658193972354 0.0704671820642365 0.407702722039421
0.273045870245538 0.0842715358455507 0.192681102556806 0.440453703235339 0.00954778811676632
0.300787080737407 0.036018356314788 0.235137809315391 0.132101638576909 0.295955115055505
0.0860542803203311 0.0763048726843756 0.444307803983208 0.0701149159884601 0.323218127023626
0.182224601205137 0.061895877415003 0.236967391904061 0.403494933974287 0.115417195501512
0.241945302126675 0.25049704828217 0.133980613429069 0.298475451887413 0.0751015842746731
0.0257824546444915 0.332174851204714 0.146853754811627 0.134723689059913 0.360465250279254
0.290660287390227 0.279927488616785 0.0613943769782154 0.150369076879155 0.217648770135618
0.309570134126036 0.258141963493508 0.0671010302599404 0.230983318151246 0.13420355396927
0.0473647327399724 0.276986292435037 0.0918538487948674 0.532615537259441 0.0511795887706823
0.29975104574931 0.256052801825769 0.239028151029029 0.0113438995869352 0.193824101808956
0.267202028724319 0.289540450473723 0.313071517254909 0.0718477553193021 0.0583382482277473
0.262957978037561 0.124814745532327 0.227011246103273 0.181629381814507 0.203586648512332
0.203554416708767 0.0939498300482817 0.26731317945488 0.11820818266819 0.316974391119881
0.169734108703021 0.331534448318531 0.257262622640871 0.0840590572943927 0.157409763043183
0.293901233025729 0.230105489899618 0.00646885565660249 0.211646035426023 0.257878385992028
0.367866570827169 0.0638672675300781 0.172055010661749 0.207108478233328 0.189102672747677
0.172773053037948 0.25816727928541 0.104569033160907 0.211693427893761 0.252797206621974
0.105501761474216 0.0277970410841489 0.438933601969545 0.419194324277282 0.00857327119480874
0.202301969411157 0.198105312693571 0.101924322725122 0.163378058928954 0.334290336241196
0.0375853115415632 0.172046494768732 0.253943001871062 0.476005318165893 0.0604198736527491
0.222887598845252 0.168710798823233 0.21493507708799 0.187412680434286 0.20605384480924
0.270856875355106 0.154829197058609 0.236756085738825 0.316222859924576 0.0213349819228828
0.0366748103460776 0.14270826098466 0.394267927044772 0.361466095260148 0.0648829063643432
0.103454316556467 0.428096485293106 0.104025619203962 0.281110057351686 0.0833135215947794
0.321543000617655 0.0965540167174829 0.302712506370556 0.0588911652547519 0.220299311039554
0.0639455760309529 0.344853298056838 0.178608858521766 0.108237916847764 0.304354350542679
0.24994143562391 0.291950392507298 0.000219903514067164 0.368922094812586 0.0889661735421388
0.203627018808191 0.24205293208575 0.175808881516874 0.276711193789062 0.101799973800122
0.276384735467163 0.307576954583948 0.0676716553823408 0.156794735961906 0.191571918604643
0.0709322523427588 0.141005949304943 0.35482851724445 0.381914783611122 0.0513184974967268
0.320232535498673 0.347039271379346 0.227689575590796 0.0112668979965606 0.0937717195346251
0.285666511055602 0.139982172188593 0.0230012611684523 0.351514726546213 0.19983532904114
0.243781999264628 0.198887535765642 0.0246799653132202 0.34830403345764 0.18434646619887
0.133480696527521 0.164177769349343 0.0896920531339413 0.221027822903335 0.39162165808586
0.256308185453708 0.0761584054664536 0.277109095487833 0.091695193127217 0.298729120464789
0.213805701778603 0.101611983123332 0.237450232954796 0.410772936148704 0.0363591459945644
0.343555713400818 0.103931266576317 0.0758854884998258 0.154498395556241 0.322129135966799
0.315410537230457 0.102088135784873 0.15596554922352 0.406962417602723 0.0195733601584264
0.317227800798868 0.327906651232974 0.0431317236547389 0.295623044784589 0.0161107795288292
0.197503446495584 0.0475928569285262 0.20241448977614 0.296393137615472 0.256096069184278
0.289918904428531 0.308037372820104 0.336218879218319 0.0239949916953998 0.0418298518376469
0.304396530049339 0.133455371324053 0.272152412959635 0.170406254250664 0.119589431416309
0.145786379684869 0.140660834441742 0.23438090711432 0.157426060500126 0.321745818258943
0.106215378946334 0.208848031499248 0.224900987434929 0.41989738932991 0.0401382127895791
0.161619481934737 0.135862421593729 0.283235564598647 0.320135197211894 0.0991473346609934
0.144242955521631 0.24125294356485 0.0873830689603625 0.345076614004593 0.182044417948563
0.247781048461671 0.0776788423903308 0.32009920476437 0.139174463313313 0.215266441070316
0.190698361669286 0.283508147069974 0.171843192465793 0.0293963752282547 0.324553923566693
0.18217372364453 0.263183484807767 0.305414536866135 0.04340431024059 0.205823944440978
0.0381744354892379 0.0644927859410135 0.313933686157586 0.383458248470055 0.199940843942108
0.252105217282967 0.283692929521968 0.248303423375018 0.0363641106939165 0.179534319126131
0.243731909064847 0.0494234031430408 0.281497637725548 0.0740596812010162 0.351287368865548
0.250384389116087 0.257995751240355 0.218858218743111 0.238228476156837 0.0345331647436094
0.383318285615601 0.149647410053799 0.169459660235609 0.0311094526425493 0.266465191452441
0.443474535591679 0.20014232684065 0.0460760603523279 0.0630574638504301 0.247249613364913
0.250243100452206 0.0431125693329826 0.174630075682554 0.209740119622881 0.322274134909377
0.0205541649333223 0.385544678391972 0.23865993719884 0.207609660333875 0.14763155914199
0.266273197566549 0.209566126037104 0.182884088294819 0.28721341671403 0.0540631713874973
0.107100112635037 0.31055437439698 0.407542774141355 0.074538583378675 0.100264155447953
0.0321624353429464 0.157895471046191 0.311441951669065 0.400657823855031 0.0978423180867666
0.18242122136884 0.263699819276931 0.274047782158166 0.256812990712671 0.0230181864833928
0.0724745455099597 0.435858596883786 0.218198549833647 0.271689760246045 0.00177854752656243
0.256365926750384 0.0155544168700309 0.357535449098558 0.0847354003199967 0.28580880696103
0.281030964958498 0.205012019361365 0.255092337510776 0.239382281453415 0.0194823967159461
0.15760878065308 0.52895777659937 0.00269785611576502 0.0069384979842278 0.303797088647557
0.281745359483776 0.109308829346652 0.202325548281228 0.290367504413243 0.116252758475101
0.240527645739055 0.196837312943251 0.188131281742858 0.131431080710607 0.243072678864228
0.12402846974446 0.320492782635213 0.338499112440455 0.09343722699423 0.123542408185642
0.0818405762937576 0.219972311800931 0.292702347689355 0.238299423045127 0.16718534117083
0.1379655638536 0.267031096409107 0.167154127756461 0.160872494256705 0.266976717724126
0.0549228562490372 0.254620995118476 0.357251309613506 0.0941494102563575 0.239055428762624
0.081805768820089 0.205965732668442 0.249701472428582 0.242780131053985 0.219746895028902
0.190779632802632 0.272512657914925 0.193254220575216 0.291864453440412 0.0515890352668157
0.298476143071403 0.106150834857946 0.0834650677427242 0.401100525678968 0.110807428648959
0.274005126305001 0.0961514174710002 0.104338793388526 0.22680009838283 0.298704564452643
0.324928511855405 0.336318190969116 0.0857508200788635 0.111980536120962 0.141021940975654
0.160103763514195 0.231637948665443 0.284084404728614 0.10148050372463 0.222693379367118
0.334438172498925 0.0833900856014046 0.29144927956121 0.130189785794413 0.160532676544048
0.164042724880409 0.11973516534772 0.225623895922509 0.197577084210601 0.293021129638761
0.195764812444792 0.0245331759402689 0.349114285871293 0.260692291290786 0.169895434452861
0.138830852776206 0.143177634325755 0.308410289032562 0.173665355918472 0.235915867947005
0.340122559339627 0.108272217605579 0.243937193374929 0.265486707596899 0.042181322082966
0.195303018946801 0.217302463034508 0.161011282419872 0.221495164575631 0.204888071023188
0.267321840220343 0.154967713775852 0.200228925421643 0.209026918566751 0.168454602015411
0.447279061231022 0.290309767945936 0.188812605328663 0.0703780641527794 0.00322050134160025
0.542472935300234 0.168418499343868 0.120347959205896 0.0821811971846688 0.0865794089653337
0.235900233985464 0.139838800070434 0.0717224365408929 0.136038712654537 0.416499816748673
0.150980736530202 0.0651429005315777 0.32711084124552 0.242153347581172 0.214612174111529
0.137518604715434 0.182707453675982 0.129258240885512 0.271125777255396 0.279389923467676
0.312683100864555 0.0370534665876687 0.27471486030785 0.00316832033922673 0.372380251900699
0.109484649050744 0.150523230647188 0.191931883895272 0.319388294320916 0.228671942085881
0.335300353178851 0.416797755786161 0.0663922411803531 0.0782308625963324 0.103278787258303
0.0977508969627043 0.36315968507953 0.0779860536069143 0.0265786371008849 0.434524727249967
0.18457309064457 0.0236902091731962 0.251750434502741 0.293381347650547 0.246604918028945
0.0889744206673235 0.190220883462972 0.0163807035494048 0.348592304857385 0.355831687462915
0.250077743034543 0.239852872777346 0.239134346300001 0.0699893099253087 0.200945727962801
0.339391841384889 0.241562512073544 0.0984708067834024 0.182039239628035 0.13853560013013
0.0380150152185219 0.125357058875884 0.406406678980612 0.0875380721311729 0.342683174793809
0.333821338555884 0.176896022606246 0.362294572946935 0.0745316356053523 0.052456430285583
0.274355697146582 0.17955829242112 0.26179255003997 0.146313365425878 0.137980094966449
0.0354423053846544 0.308309907026156 0.106468998871573 0.245087088639364 0.304691700078252
0.0854847118099211 0.155815982899289 0.245606350250505 0.398524664568561 0.114568290471724
0.0820853011499812 0.1863016522465 0.12436703515658 0.220267317475848 0.386978693971091
0.396933204176517 0.215682250746885 0.21671921917107 0.0985866868099088 0.0720786390956192
0.153544031004332 0.215526027215277 0.227532972593154 0.189542503439097 0.21385446574814
0.107467277827498 0.269056390324115 0.135444975447857 0.186549242218405 0.301482114182126
0.238794192892362 0.203546821536879 0.23492898260121 0.147817925734441 0.174912077235107
0.208387951101192 0.256364121663814 0.0978839460998129 0.383673689397303 0.0536902917378782
0.00434463591333156 0.308515097391452 0.13869222181757 0.262874377185949 0.285573667691697
0.12503694609797 0.436924342773378 0.180114752855746 0.110463559164977 0.147460399107929
0.16726232752033 0.129566169994315 0.382374059296369 0.0750842120899205 0.245713231099065
0.107178377887669 0.327902508248009 0.0175929561305086 0.257011301633951 0.290314856099862
0.156906665966255 0.222027077914595 0.167237603641652 0.206866091034916 0.246962561442582
0.0434064881808885 0.350357431137954 0.269952605502293 0.149261468447144 0.18702200673172
0.0504694678549658 0.354861595821452 0.061029623834863 0.408297757263498 0.125341555225221
0.294090992194464 0.292781169672426 0.164605762153484 0.17461736658585 0.0739047093937769
0.257236355030881 0.252785362822492 0.110087150740995 0.156541976905359 0.223349154500273
0.378791876569085 0.107315470958044 0.116526946329454 0.212317093705758 0.185048612437659
0.153966588526215 0.147191098364291 0.258342534520821 0.23426032866217 0.206239449926502
0.0377725495265737 0.400059791161797 0.380187135247833 0.0624889858120345 0.119491538251762
0.313723798175501 0.276402033269504 0.0818184378906187 0.0641506916904902 0.263905038973886
0.0112509447492799 0.194865963984803 0.251065888172744 0.286017155070667 0.256800048022507
0.278660574071448 0.0817452880658796 0.253112687925038 0.17329320850498 0.213188241432654
0.357719376452596 0.300468581809592 0.196480670543846 0.0872297869744043 0.0581015842195621
0.0585029902245175 0.135340567820829 0.338827626263217 0.276011144849434 0.191317670842003
0.125897155422546 0.249868023352479 0.203819203178073 0.167388833250997 0.253026784795905
0.0900574022164391 0.319122870131202 0.229045209650155 0.127291603918146 0.234482914084058
0.0224603143559383 0.038856633794604 0.401370334021994 0.320614668760017 0.216698049067447
0.190770180216192 0.134983519184438 0.276689230450201 0.165516788546138 0.232040281603032
0.257528927739286 0.125290162226659 0.22897191773357 0.232411134060771 0.155797858239715
0.118065071817242 0.157781437780551 0.325467558376285 0.111810870521984 0.286875061503938
0.187002348326859 0.333675207135417 0.229263231947693 0.223974468941347 0.0260847436486838
0.19641125561243 0.19442796046416 0.372054481260131 0.176492115151061 0.0606141875122188
0.177076786403838 0.300817132088893 0.0709737197739365 0.146053876680737 0.305078485052595
0.152551608701002 0.0641479653215328 0.245434387276786 0.3861901703055 0.151675868395179
0.234507458299421 0.0267207901810747 0.371700722621027 0.157424177505644 0.209646851392833
0.345684113051265 0.295058761149276 0.177296868089748 0.140701102655342 0.0412591550543692
0.247792136664543 0.153455083977743 0.20467257705478 0.201258987958824 0.192821214344109
0.393116677479575 0.28071846681138 0.168724633458615 0.0478969877940419 0.109543234456388
0.057939205860745 0.2523116432053 0.347792562311219 0.269593674991762 0.0723629136309735
0.22047674617864 0.266585868883604 0.216413632689607 0.279033236574401 0.0174905156737471
0.230585358632589 0.214607523979021 0.15852357528411 0.178273604719682 0.218009937384598
0.296467389322536 0.260474119289475 0.105883819539499 0.309143451751638 0.0280312200968521
0.216361551229058 0.208780669518543 0.0106919484887473 0.281875554061754 0.282290276701897
0.220840806150805 0.0242156509732688 0.144351392928227 0.0492451472927814 0.561347002654918
