0.258978122366613 0.0611820773474599 0.125052237128635 0.264671123231176 0.213529866637416 0.0765865732886996
0.167016561798364 0.0969693685147768 0.195979794502617 0.222286073515281 0.237820540743236 0.0799276609257256
0.23776585579066 0.0499511237016602 0.281921111305141 0.168063690210009 0.136419610160561 0.125878608831967
0.147328052512778 0.0253276196238394 0.285000299038059 0.0889432825892269 0.244439300126419 0.208961446109677
0.252018068993122 0.207632412253954 0.227834827985553 0.134304529310291 0.0661603117130764 0.112049849744004
0.308060121873421 0.117640374439406 0.188782560096272 0.0388292143265288 0.0403050597799253 0.306382669484447
0.120011221139594 0.132586298531626 0.134568781832692 0.209756099381802 0.218962475588557 0.18411512352573
0.178481494814383 0.131150058794245 0.173202489425527 0.235656663752261 0.17440093357884 0.107108359634744
0.310696582334016 0.274367142384863 0.0653900713564663 0.223408649385493 0.0214342137299847 0.104703340809177
0.28452652726636 0.0401714734139553 0.189362568688432 0.202284481282752 0.149951479198913 0.133703470149589
0.163449562828788 0.184279181700904 0.134200905931699 0.188190211710689 0.184065122724095 0.145815015103824
0.110765364435194 0.215141234810474 0.0531366849947656 0.327793835516674 0.159537102962224 0.133625777280669
0.171872885214 0.0992360414153902 0.150686404573636 0.212080658895171 0.252642410377307 0.113481599524495
0.304563817626737 0.0678520485463519 0.0561785329799502 0.257977209167813 0.309369830360461 0.00405856131868631
0.0615543128312042 0.203283066694231 0.197694793670534 0.20365545072436 0.213927887803285 0.119884488276386
0.12332524355666 0.0550215569299217 0.242704596513664 0.28608991096527 0.104185331694823 0.188673360339661
0.202042957056615 0.165790541018524 0.179149278744931 0.275672850585797 0.0608727994758046 0.116471573118328
0.055456548976354 0.162048889426866 0.207797937634442 0.0901823337543284 0.411278481720601 0.0732358084874086
0.0804546610498152 0.22445928780136 0.196528176878708 0.240977643079418 0.0390183722088753 0.218561858981822
0.00941101060089094 0.182101332935902 0.297550762673434 0.279710366458268 0.0683734924111738 0.162853034920331
0.229189083519065 0.101955925707666 0.171785938938897 0.109015671366121 0.29289093344675 0.0951624470215002
0.327000936447347 0.0331520526918267 0.0608201358261179 0.259105109146952 0.212576870805378 0.107344895082379
0.111231548747873 0.164147432169125 0.170231383256525 0.167078835145214 0.227967148473226 0.159343652208036
0.155379198225973 0.163958480730522 0.165304760331266 0.24441324828856 0.223681003009355 0.0472633094143242
0.200303842658662 0.0392045448241733 0.126529564346866 0.473155109042716 0.11390400894643 0.0469029301811519
0.0122981983787872 0.123452799328516 0.446590221989579 0.0280320066713472 0.265034846397275 0.124591927234496
0.0973966777432793 0.111476188457799 0.134728769995335 0.303952379987422 0.329236507848073 0.0232094759680915
0.262184506371139 0.0795413458507317 0.240906481358135 0.218113509887224 0.00954909570219433 0.189705060830576
0.213879160780301 0.122268616144727 0.109953885512473 0.182835926385759 0.224166322770526 0.146896088406213
0.142858362413816 0.236892980410438 0.169170202953894 0.258143356368117 0.0367066258982098 0.156228471955524
0.0731603075817008 0.1391099781031 0.00874416486169485 0.253670402333577 0.244944957735131 0.280370189384796
0.233924358347857 0.0241927927128959 0.207273174073133 0.250439035007601 0.1540751416132 0.130095498245313
0.144814699705785 0.072226656466665 0.0882475508680599 0.16537391245664 0.231725791817183 0.297611388685668
0.326316121256555 0.128027889510805 0.221116363268452 0.0252697731628709 0.0846736302604233 0.214596222540894
0.0436711518134654 0.191525357513062 0.142562924932299 0.14827945693168 0.22422914036726 0.249731968442234
0.141975322433881 0.469251160677819 0.0262635830255837 0.0740315025293649 0.250822954120482 0.0376554772128695
0.233229205476111 0.203452273712449 0.140823839051124 0.291557421122668 0.014209641513491 0.116727619124157
0.336069561125652 0.0625949386301743 0.00212051936907724 0.125179824657423 0.141129235751616 0.332905920466057
0.302672055162392 0.0424921243415769 0.104459379014829 0.174062588125237 0.227869644549259 0.148444208806707
0.156938555006047 0.228830292290706 0.229745223476735 0.203622154276238 0.0450631696692291 0.135800605281045
0.109514295928568 0.308363647335859 0.117761508266618 0.423217061880935 0.000293348563805932 0.0408501380242146
0.248333518197691 0.0740705810849314 0.0635595985954215 0.308742985911391 0.00860338663295539 0.29668992957761
0.114477724981178 0.276501738649242 0.188862017180957 0.291615664359197 0.109095126560431 0.0194477282689947
0.0519318875580445 0.257437838945442 0.244128747669843 0.121354410940228 0.175910445239614 0.149236669646828
0.108000444618941 0.118308997813123 0.045670898155001 0.197697545787822 0.219684219991446 0.310637893633667
0.254022002932945 0.208732391808649 0.034070218131374 0.0958308239568048 0.132479692301835 0.274864870868392
0.0284859704440843 0.127542279645798 0.243963112342435 0.330157124625756 0.146538736518811 0.123312776423115
0.220023522533189 0.00994519816527237 0.269708528227166 0.0681360029179613 0.265985820431159 0.166200927725252
0.217380678684063 0.0349323413707776 0.111231075605277 0.247338844496874 0.192180971869419 0.19693608797359
0.376363864763926 0.22166810151314 0.132689486715219 0.121558392383412 0.101526964079564 0.0461931905447387
0.292663161613708 0.118304395453434 0.245596139085768 0.0157452391059846 0.156586245929672 0.171104818811433
0.273658470880685 0.159965631629863 0.0852711771920443 0.0187463169979336 0.133635087926929 0.328723315372545
0.0256658524402196 0.0734807465819243 0.242932247968633 0.136405311500746 0.216026528229338 0.305489313279139
0.2087325147251 0.291209428895027 0.0720352389811842 0.044924760254095 0.171172407144605 0.21192564999999
0.163289427795437 0.232128905366 0.242443574052358 0.293003369223644 0.0291745683473414 0.0399601552152204
0.185548101286652 0.055146084593021 0.174312836987666 0.181883651760632 0.207046201418506 0.196063123953522
0.148803110547096 0.217691365095056 0.156775444612584 0.370813132936279 0.0471381251656098 0.0587788216433749
0.141843462176117 0.00480096387944067 0.0976495593444654 0.135991165986047 0.324126188911361 0.295588659702569
0.19902843812 0.172559388709278 0.154853532475347 0.18625847515633 0.198088693860304 0.0892114716787411
0.207025252446399 0.0610885943361956 0.131427672029226 0.176479978529078 0.267341203339462 0.156637299319639
0.144326436131888 0.000307019847518778 0.0982888992979228 0.0592676655056979 0.573060670771206 0.124749308445767
0.188073080877731 0.2477141827578 0.285612718885025 0.0498495597931359 0.0420550450618601 0.186695412624448
0.0823557082823176 0.148862784145758 0.387406063088041 0.113051481277001 0.2509385883449 0.0173853748619828
0.320591404574172 0.181219733228474 0.0741694110152708 0.196017099931207 0.0866465077345917 0.141355843516284
0.198763691835667 0.324484458583765 0.0605204194259303 0.0824112012993265 0.122732058701877 0.211088170153434
0.0234017299712131 0.125480042758498 0.157694133741064 0.241055986875617 0.227323451873483 0.225044654780126
0.0182533204721716 0.24149309819634 0.191581065103823 0.18218263562302 0.288249680827577 0.0782401997770684
0.109562236329337 0.10591485067049 0.248637174426708 0.169675610497163 0.092526458716719 0.273683669359584
0.192029096477114 0.234388905873184 0.0993499959645051 0.0819784897513498 0.0303449599600168 0.361908551973831
0.0684090855179926 0.267152741705758 0.0982687963178795 0.105027819177149 0.260391770999296 0.200749786281925
0.171897683955482 0.217323399966715 0.0943689984796831 0.12116731395087 0.308106341455006 0.0871362621922443
0.188961459449744 0.127045864198101 0.00990490994873876 0.164145450737185 0.278110574273246 0.231831741392986
0.166554158862719 0.178460854699574 0.192289213919853 0.201319787962053 0.229757248802822 0.0316187357529792
0.159855262657752 0.149040926607159 0.0682074849814807 0.0332791268669752 0.579731177718943 0.00988602116769038
0.166667683554454 0.0333189827920418 0.618136667015041 0.119472753742023 0.039925920054368 0.0224779928420714
0.347881203966617 0.24277677353948 0.169712106239957 0.108584754568709 0.0425314015790717 0.0885137601061647
0.0646198267780811 0.114230627759945 0.0362390523673182 0.177227267891691 0.376608089071591 0.231075136131374
0.30048322739663 0.120255457857249 0.158616756746217 0.282547234072192 0.0637963282267442 0.0743009957009689
0.19498616709839 0.198646845326594 0.23926516277732 0.177443467230135 0.0299078016600944 0.159750555907466
0.222417587005538 0.115816483214786 0.14839249203427 0.0111542119842957 0.281659202513811 0.220560023247299
0.315414270963052 0.0660999036754683 0.0992745263673139 0.127762545280562 0.308195398197019 0.0832533555165849
0.264843886354442 0.209881793591768 0.183264543070036 0.150404645297236 0.189778702786684 0.00182642889983442
0.180525900061833 0.0790317253404048 0.291375525797301 0.140598296155984 0.215481010357902 0.0929875422865759
0.134190635230521 0.237832604804332 0.14881038805342 0.214065878478583 0.135802070381911 0.129298423051233
0.311265181289257 0.265260368852206 0.188385549210145 0.00286115016605243 0.20845362335724 0.0237741271250998
0.0681138235563123 0.439409171017622 0.0691444391867782 0.102218614004653 0.285341471597213 0.0357724806374215
0.221713585801161 0.122073620853096 0.110183576734292 0.22216035245989 0.223049213741262 0.100819650410298
0.485173346061332 0.0976774560005824 0.179067219010688 0.0400268715277815 0.082863275713604 0.115191831686012
0.163637544742357 0.0774957314231981 0.20160109834798 0.234525541764092 0.205857971282126 0.116882112440247
0.0534256044816554 0.221294927656686 0.0512016577946956 0.236069873584332 0.0842644438709857 0.353743492611646
0.0740885832180369 0.186118884993743 0.169361676885544 0.214836915261997 0.223253736447254 0.132340203193426
0.123474736068287 0.0184859259280401 0.0902964083238124 0.12523093974838 0.160615537622884 0.481896452308596
0.0382892747667735 0.211724192530411 0.121692399505667 0.0830268048467078 0.346420898286948 0.198846430063492
0.0984945941596077 0.14489255895795 0.111821291442956 0.23199878574737 0.231469993074315 0.181322776617802
0.322663459737172 0.0489993260106219 0.413247649295212 0.0338949342565706 0.155315887554535 0.0258787431458884
0.172955377164408 0.166207484254074 0.173947313557335 0.210621259700934 0.205421914588695 0.0708466507345542
0.11914295092674 0.010145319202937 0.148587245385171 0.297459438051437 0.293864105901584 0.13080094053213
0.205501350602839 0.0284890062130305 0.233200922205278 0.113943889272958 0.219595685798055 0.19926914590784
0.0900763905768715 0.336829426650526 0.000723402030474914 0.0509410811573563 0.396383966873357 0.125045732711414
0.266394674572635 0.319680716798661 0.00189976353533047 0.211341170649904 0.0149524822418391 0.185731192201631
0.197737713590578 0.254650683449259 0.0807460325753342 0.0791499344996559 0.221480006286977 0.166235629598195
0.0756076411952041 0.294449529196688 0.122039582305449 0.075650020034911 0.295717265522191 0.136535961745558
0.257510740977082 0.0300297180405729 0.329285775724695 0.0260147124495557 0.0699793450917054 0.287179707716389
0.0849705888689471 0.0699376183522343 0.171841129773539 0.210051627116151 0.184725801933661 0.278473233955467
0.111880239309058 0.222093026316006 0.0918727227854172 0.18651789430433 0.119358519199027 0.268277598086162
0.068806259892226 0.290182515523991 0.154665089283389 0.067764102260245 0.190978765611235 0.227603267428914
0.139103646755769 0.373371982571754 0.0729720810947336 0.0989676193336116 0.138287061190725 0.177297609053406
0.442435795352391 0.197210403570332 0.129877047347665 0.0197810689522428 0.0105282410076236 0.200167443769746
0.130705209867493 0.288630645545264 0.13842010504959 0.209961799922848 0.0670813112640187 0.165200928350786
0.253735776581605 0.234645878227427 0.0405601072747315 0.12449602267662 0.259037546401384 0.0875246688382325
0.307343493830848 0.0539852941239558 0.223314544126836 0.012095855538789 0.224067701346936 0.179193111032635
0.190189498883452 0.205036701248489 0.142505032424874 0.17060517466473 0.291562503374792 0.000101089403663303
0.194083595796385 0.105227832244879 0.215932953806781 0.141389898182501 0.16356381821841 0.179801901751044
0.0787311528236086 0.0542285107077272 0.164887015761251 0.271467544110892 0.193890135864027 0.236795640732494
0.0196887904483317 0.156209739464915 0.0133904195584127 0.365068546205544 0.265403143446348 0.180239360876448
0.105826506759083 0.168293788317836 0.167671348075134 0.244124815914586 0.290949814069647 0.0231337268637137
0.207605050888678 0.150006763329966 0.152281692509306 0.0696012880307459 0.185333515061941 0.235171690179363
0.203438783047766 0.251197676322694 0.121664287963772 0.197847156096168 0.086789506311129 0.139062590258471
0.0122731080345273 0.120966288917118 0.286640445949607 0.0893901181352535 0.40738841186409 0.0833416270994047
0.0957047736810448 0.162275325485457 0.211228887679076 0.251375426559114 0.147556875105724 0.131858711489584
0.0244164898044522 0.10856732626539 0.131873142945879 0.178389552702228 0.446001572529124 0.110751915752928
0.139843737951939 0.281533304683421 0.17134490148996 0.256006830455394 0.0997777641998837 0.0514934612194023
0.021558718355073 0.179170709330128 0.187400602669147 0.291916906616231 0.0315495080302329 0.288403554999188
0.23258903084664 0.0594638542571988 0.126246657159891 0.121630716095132 0.205922256783954 0.254147484857185
0.170490998732266 0.0478417865416581 0.267896286821188 0.282986457872796 0.185881709590208 0.0449027604418837
0.228855056146821 0.0951964875459699 0.157972811181204 0.180672860408313 0.204518175894345 0.132784608823346
0.229459194160609 0.0585491107874537 0.235210780099463 0.226772795968435 0.191939347608248 0.0580687713757907
0.157958461363882 0.091336800983465 0.00032331666785009 0.440849611348803 0.181283094524546 0.128248715111454
0.120170363391925 0.148852701037897 0.242993961166618 0.141087640985558 0.107187306318937 0.239708027099065
0.0740217795473975 0.262207371715837 0.215440769586439 0.208102498094595 0.0821566166857811 0.15807096436995
0.0729863317181536 0.353133410544311 0.327685822325566 0.0463596758569719 0.193922238218718 0.00591252133627947
0.158034637815036 0.104955194068734 0.120998468890865 0.0782646686696369 0.258151737991638 0.27959529256409
0.189799893486443 0.0996983910164405 0.0582771348261563 0.186877015119189 0.0126410028623372 0.452706562689434
0.0784396720293183 0.171956806326491 0.369243529630349 0.133617481409979 0.0834442060886195 0.163298304515243
0.212498658232015 0.15675961927964 0.196720633161641 0.12170219375002 0.155507460484388 0.156811435092295
0.10261427858774 0.275259977155391 0.305581656869739 0.0470316231937221 0.1512596661474 0.118252798046008
0.199735842177772 0.179619545162705 0.243290687844483 0.0914119035614643 0.0364450460662926 0.249496975187283
0.241986715875346 0.0680429544488095 0.348082715785185 0.0392247865662966 0.0352866178239649 0.267376209500398
0.169370509177948 0.240865419083385 0.11206317386564 0.247662689768327 0.175597141517232 0.0544410665874678
0.00786545223926943 0.194266884361357 0.410290236996257 0.22732738970917 0.0477429860224291 0.112507050671518
0.208317712933194 0.201777848873517 0.221817537615813 0.0878900603815551 0.0908493810247268 0.189347459171194
0.0619246346192878 0.22627337046819 0.185391652335473 0.317254146262292 0.0517355920627036 0.157420604252054
0.227285139349589 0.0902279111302448 0.163681550967482 0.063371531148054 0.307714856160596 0.147719011244034
0.0616332943648918 0.233569025427845 0.168736108589772 0.0561982550204617 0.286781470310817 0.193081846286212
0.227912606770101 0.121633555071301 0.032138691764435 0.290641339890536 0.163953584925961 0.163720221577665
0.219101885620101 0.261540258437379 0.1219913211062 0.040011011549703 0.112994560364995 0.244360962921622
0.220534835729237 0.265199446433276 0.00322310074963346 0.308142986481815 0.0211211407544781 0.181778489851561
0.235207376926241 0.108628554441405 0.061108304164961 0.346630026711026 0.168085037892874 0.0803406998634935
0.272544203298686 0.175685641890257 0.20948256507838 0.0794759301180775 0.050799273181337 0.212012386433263
0.222535472214749 0.151711757371787 0.0968051237263664 0.0563594481296464 0.274654657347888 0.197933541209563
0.194967512990026 0.263189355572683 0.0488238997797522 0.12892095012614 0.178966329898678 0.18513195163272
0.116165875712907 0.203926463691863 0.0524241879280083 0.305006426745542 0.190830694172185 0.131646351749496
0.179536258417785 0.199279339951532 0.273221640227188 0.110657498183806 0.20350837430624 0.033796888913449
0.0935769501883553 0.116940408189007 0.163044747845802 0.254447018346918 0.139942014591014 0.232048860838903
0.0770667997015747 0.107646922593417 0.146083650728094 0.341212045928991 0.216109417080788 0.111881163967136
0.191499483324711 0.220721512209889 0.0860668066615977 0.160061631233917 0.128022068230657 0.213628498339229
0.265432346359055 0.0873422823163413 0.332127903617167 0.0101517163603629 0.294203874401541 0.0107418769455331
0.0976543883762706 0.306806059103707 0.181008096278048 0.152978275017195 0.183058725198024 0.0784944560267551
0.250440574964036 1.07887571411884e-05 0.273971942561703 0.183996685523568 0.187554972478418 0.104025035715133
0.44169009568734 0.00136672917587863 0.213853199628295 0.0717731937823171 0.094778465690565 0.176538316035605
0.0030704056914376 0.0710533564750764 0.282609040090904 0.291032965478815 0.154646774492853 0.197587457770914
0.0531524233723434 0.119489445727643 0.221659812734581 0.142718133950573 0.202559352526686 0.260420831688174
0.193018789986567 0.280362683009403 0.158288463057492 0.233212016384261 0.081489759098717 0.0536282884635607
0.106760416756974 0.106800977902783 0.105680281396544 0.174373504854098 0.232982046927882 0.27340277216172
0.16588674795985 0.17382390452897 0.245111055142085 0.0312946902887514 0.227422058347978 0.156461543732366
0.226748459593616 0.0288599063013559 0.234521657294204 0.28381974146219 0.198554043938908 0.027496191409727
0.172768973692582 0.108745293590274 0.352018310825017 0.224615813822122 0.0976682866506332 0.044183321419371
0.207467988512444 0.0226083686557256 0.212621191213845 0.143618521726328 0.221368075433664 0.192315854457994
0.205994649376392 0.0812941176634165 0.30593085191298 0.118944421049132 0.0102952070332049 0.277540752964874
0.276935449121495 0.204748508719102 0.0769638779469771 0.309177496251445 0.107310779693133 0.024863888267847
0.151804327556949 0.225328250592715 0.221401155786663 0.0166324215713807 0.264012267005595 0.120821577486697
0.285362394769852 0.227677387129238 0.275488345433151 0.165854351512699 0.0267194411947025 0.0188980799603575
0.209197060969972 0.140098114740356 0.199994581913674 0.205441636291125 0.103063497035718 0.142205109049155
0.170225873094105 0.0759271535834365 0.360157965542818 0.318268205109055 0.0281247933958127 0.0472960092747735
0.135053447941676 0.254827671791355 0.00133114491028693 0.263264112520804 0.028496114399011 0.317027508436868
0.136000638232363 0.0679559509032103 0.182985631945307 0.0355517361119113 0.293177008561146 0.284329034246062
0.1922548865023 0.137756972096307 0.16025291363934 0.144618557428132 0.174786993641301 0.190329676692619
0.291171609673877 0.0908992976877473 0.207990748814797 0.285791334466953 0.11063797083142 0.0135090385252061
0.0886934378496287 0.307736420186614 0.217988650654624 0.095669922611248 0.216336174761173 0.073575393936712
0.109283877845209 0.300155485784387 0.0152805194516535 0.180517957836197 0.304169757103714 0.0905924019788395
0.166249008115395 0.182940352083321 0.220835947911375 0.27098707840032 0.117275814061583 0.0417117994280061
0.0968113071027149 0.178731337212727 0.123761186919819 0.299231641809139 0.0439261496530835 0.257538377302516
0.0658165639557774 0.0142178189375783 0.336316310701926 0.368848083606312 0.0685677829632994 0.146233439835107
0.0613696134407506 0.0179942145919054 0.126379027756215 0.321429455764228 0.42002228398193 0.0528054044649709
0.0274888420104095 0.284273626606982 0.188351758574278 0.260204753298586 0.124003627530762 0.115677391978982
0.308477469301913 0.0312407429705364 0.121220690499166 0.0135578439794873 0.239610241859924 0.285893011388973
0.260687295219629 0.15308723981068 0.0265894662183054 0.133569111040234 0.208992747235543 0.217074140475609
0.195889317884029 0.207556564138436 0.246480734837934 0.0945185007849762 0.219722936863222 0.0358319454914028
0.0932976910388154 0.0491473924696379 0.093126983767522 0.25489541502944 0.0969400645223234 0.412592453172261
0.104085543813101 0.289135741818036 0.144953445272972 0.120815134566907 0.245188208315114 0.0958219262138701
0.141370628106788 0.00533947382023704 0.244776847255081 0.23781649206289 0.0969313377182713 0.273765221036732
0.131931865579721 0.26038521418338 0.195684035638846 0.0535224610149706 0.203756692891574 0.154719730691508
0.249565219208111 0.185827180103602 0.23568059618103 0.232917412568802 0.0465942321898958 0.0494153597485601
0.187794646528211 0.166328135869946 0.156379775561955 0.191244677626824 0.204701120929948 0.0935516434831152
0.15202793931804 0.13333054278169 0.113656127271641 0.279081610717452 0.236211228750325 0.0856925511608522
0.115699561604401 0.0851692941200136 0.15893348413056 0.265058978147402 0.360346059087876 0.0147926229097473
0.0989243445171876 0.249750831044885 0.201024669144801 0.172983278716513 0.0507855828137963 0.226531293762818
0.0355079756138424 0.412910196709239 0.095935481654443 0.282748579300803 0.0907186078860644 0.0821791588356085
0.159479606607689 0.196381298950651 0.175483757567324 0.174324232657611 0.173625117912561 0.120705986304164
0.188973193185733 0.0413783815640855 0.233410170043838 0.115979596883995 0.197458017801321 0.222800640521027
0.187131132905388 0.213060707911412 0.277719812463026 0.162431125173576 0.150399502912502 0.00925771863409666
0.207539847295443 0.157160650370448 0.108938829411176 0.222987854446532 0.0868263686551519 0.216546449821248
0.317148698718564 0.115268778121172 0.135564010989861 0.0475534309046148 0.172968748873552 0.211496332392236
0.219448504251981 0.101785783168646 0.187795544567215 0.140693738757679 0.254173936981232 0.0961024922732462
0.293496213619302 0.0172128454427556 0.283997945173045 0.232314808006446 0.0979692735907079 0.075008914167743
0.181779631668369 0.0121406988340563 0.102671871083531 0.231478883700313 0.0729383350248387 0.398990579688892
0.0136688842597998 0.231815205998216 0.00261179637197466 0.243073296977888 0.23158259776903 0.277248218623092
0.122536676518609 0.0561073924973669 0.384925692258066 0.171032775623979 0.164795571698529 0.100601891403451
0.369913732922059 0.0626870901679773 0.0545059087939396 0.119444405020876 0.168830025698405 0.224618837396744
0.0246291383999031 0.156256725730055 0.1407983879884 0.257205304250922 0.204560738584113 0.216549705046607
0.156272806444143 0.0681335818837862 0.206851540298564 0.302234155965185 0.108300010184852 0.15820790522347
0.355317488487165 0.118885781464216 0.0526465941917149 0.189970408402296 0.231394969638543 0.0517847578160658
0.285727176606429 0.0406025504413915 0.343671613771632 0.109437284652466 0.170460265541512 0.0501011089865709
0.20398748683041 0.141995698836916 0.0924518179581017 0.188888096092315 0.15389057533763 0.218786324944627
0.234859920476005 0.152851432639453 0.25463294729913 0.127121771508062 0.179049103932492 0.0514848241448574
0.15696330353229 0.0871856948068023 0.25117105365215 0.123619454820815 0.175634277836995 0.205426215350948
0.251520833927759 0.285238003981902 0.105302303638967 0.160264855839956 0.0586949765710358 0.138979026040381
0.179691693723004 0.27153869801312 0.434976352550546 0.0543674224926438 0.02373067218887 0.0356951610318166
0.0112067015515625 0.181923478107922 0.190737436705271 0.15757968036393 0.242695885510353 0.215856817760962
0.205463252195683 0.0626025159812162 0.23903973138 0.352739312455539 0.0559448206770521 0.0842103673105096
0.229342450691422 0.316917757587198 0.00930269669995435 0.259707976843212 0.158378300070049 0.0263508181081636
0.199309925453171 0.219515997384017 0.194125389603216 0.167230947638093 0.208763818330863 0.0110539215906407
0.00201783071707386 0.291990932597596 0.09912035175323 0.235723983728831 0.064697882496131 0.306449018707138
0.186792044728325 0.289179585301977 0.136895622911268 0.266268445914444 0.0287041578151946 0.0921601433287908
0.0641614400544901 0.129610474118327 0.28523337987575 0.131555641032419 0.153805814300438 0.235633250618576
0.0428996528443477 0.128955249800122 0.12911057113747 0.322441396208971 0.373589931813151 0.00300319819593886
0.244080657265033 0.233244997932035 0.000950600953198829 0.237579207965997 0.0967819539369111 0.187362581946825
0.294296373380928 0.0651103596730512 0.313890604375086 0.255312476486792 0.0347138098541633 0.0366763762299803
0.0621922577065274 0.340730524719211 0.100581929949828 0.193668387270014 0.0994764215219059 0.203350478832514
0.108888579447972 0.0944916447024224 0.191882488293469 0.258824263350142 0.264657250438071 0.0812557737679234
0.191793825506787 0.0753537439252321 0.0526788947003186 0.293438767008806 0.250288127649293 0.136446641209563
0.0459096238412089 0.15687278969034 0.164891305829713 0.0715859528981876 0.0956756062265318 0.465064721514019
0.266908932854224 0.178811157239966 0.0242231778139576 0.239938242861299 0.0411054342389812 0.249013054991572
0.220216890916958 0.281143043782188 0.199690849016467 0.0675667707325625 0.0575376695926174 0.173844775959207
0.248292367209215 0.159327808122884 0.186782117017928 0.152039209120043 0.159357384585383 0.094201113944547
0.246516390254363 0.0173089521575933 0.169730747506234 0.176712209896404 0.0990206485175718 0.290711051667834
0.0455703698439923 0.282421286779927 0.149226341611874 0.0309082470365536 0.190442248309595 0.301431506418058
0.0268156432564208 0.130230715158177 0.330263917283482 0.168607913214723 0.0606756044755652 0.283406206611632
0.150060041909049 0.0722844188943479 0.327539969313337 0.258179317689592 0.0314276977344397 0.160508554459234
0.172946809005564 0.207440943285028 0.0801792470296701 0.187547783438447 0.167508595686453 0.184376621554838
0.0666146976937603 0.174044076631456 0.152820135575507 0.15675084431082 0.225563337137662 0.224206908650794
0.0729852122610582 0.0502215287825854 0.290573241402801 0.201659065427716 0.15667130107681 0.227889651049029
0.0534234169355419 0.00182876786250748 0.184833671185433 0.255848720831284 0.189438074771437 0.314627348413797
0.353874451955586 0.0342783594594304 0.0826685858836957 0.146019920349511 0.230090529545811 0.153068152805966
0.0674449229114335 0.138337144173399 0.242895515203286 0.122805796974133 0.307963745284237 0.120552875453512
0.171145954256454 0.0506008802873728 0.203021862966303 0.0187030203771077 0.119743974834585 0.436784307278178
0.117103505044723 0.268421339743957 0.355802981455214 0.0623105893575435 0.177647306262278 0.018714278136284
0.213422898738374 0.190848499189983 0.154388330241051 0.015928973517921 0.238790347191403 0.186620951121268
0.114466306142995 0.108865334876364 0.152969501301447 0.25626658101866 0.155288739177793 0.212143537482741
0.17349011756643 0.193875843321845 0.0819144802929222 0.159428408176669 0.202523697450954 0.18876745319118
0.30231535853944 0.12120127473001 0.0676076489736329 0.351793864122429 0.122981527051886 0.034100326582603
0.234500379834075 0.129815738578145 0.153121066178542 0.160583088351295 0.0964072716867801 0.225572455371164
0.215919416213163 0.216759943925047 0.112166810619177 0.171649582698654 0.129175414198405 0.154328832345555
0.061402803996077 0.281510566251345 0.094018253567372 0.117689157843246 0.2018300019256 0.243549216416359
0.114844916313548 0.253359027486161 0.234878967223006 0.221373850618369 0.0657029301608781 0.109840308198039
0.194321670362931 0.227829044211534 0.27511259119864 0.135483755437343 0.123206957991368 0.044045980798184
0.155163507071898 0.229792326576374 0.13077469804447 0.173157717829428 0.0843761569132841 0.226735593564546
0.0392322331341408 0.166860824877519 0.261812787351111 0.162148073218764 0.163845391168514 0.206100690249951
0.208877105942942 0.230655407289894 0.175151398033074 0.0539800608996191 0.19660660821886 0.134729419615611
0.117738051326632 0.0496174559136399 0.216259966769632 0.204404946704704 0.208573483555409 0.203406095729984
0.108895835237688 0.288200890497152 0.112144574496246 0.222693699221982 0.195012513379846 0.0730524871670867
0.173429215561462 0.300446817651816 0.0314717912391264 0.291011538561775 0.0465155225744662 0.157125114411355
0.0101967338109522 0.0200437193346299 0.2135829740106 0.29958099536981 0.273334424500523 0.183261152973485
0.272913072137247 0.225411702887463 0.0222745916023767 0.106576421099473 0.10779528403066 0.26502892824278
0.113715842648074 0.132501247499737 0.21986308218811 0.12795579943449 0.23734869795811 0.168615330271479
0.20432731469877 0.0858679263209665 0.153038815831274 0.157130681633234 0.16529084472292 0.234344416792836
0.0282183612841452 0.172623816319484 0.296405149748403 0.0376854158655422 0.0658856014123571 0.399181655370068
0.267660159655887 0.0951092182279308 0.28317965341316 0.105223827860266 0.00567433725812032 0.243152803584637
0.340953751502505 0.211555494805125 0.382129269529092 0.0308477561678373 0.00315858899979866 0.0313551389956429
0.412839048224512 0.289227229789358 0.0829704398545917 0.130765834112829 0.0193976608616884 0.0647997871570203
0.00618624293882626 0.00665615881906165 0.157797626241578 0.333913507626724 0.225820771595971 0.269625692777839
0.120733921917772 0.277060229606937 0.172774392887989 0.177151231850704 0.0958589466560499 0.156421277080549
0.32014390101286 0.0678895328278754 0.0473728098908017 0.0491935405506893 0.256053075143614 0.259347140574159
0.226502230141476 0.230571199942854 0.12042429496948 0.0911192375858818 0.11613567796188 0.215247359398429
0.364176970312534 0.271020031182651 0.0666158113000429 0.000238354198757266 0.1037009514536 0.194247881552415
0.181125809940131 0.146636400455564 0.202660356652481 0.186196402536136 0.0822758785002941 0.201105151915394
0.0584944756284942 0.116308938467652 0.012304184783461 0.147928894315926 0.307101098267621 0.357862408536847
0.107752549841433 0.338312103669377 0.00351076522514074 0.133430655128754 0.319561973965184 0.0974319521701109
0.0266571070195544 0.196218480013134 0.274599988005598 0.199239141391508 0.166307820742313 0.136977462827892
0.230902192055012 0.245250683327718 0.195083229532763 0.0252019574150718 0.0385660312414352 0.264995906428
0.14642508249065 0.26820475708996 0.109337593698925 0.256498264811313 0.144854507454295 0.074679794454858
0.0779891931265507 0.14390752214624 0.214344958148085 0.0226321721806709 0.237330953278086 0.303795201120367
0.127537583866985 0.215632225381176 0.0726292857182784 0.0248859863532575 0.220129848009537 0.339185070670767
0.204934250354676 0.00291899586225689 0.442932546029024 0.275724948999344 0.0368916343722235 0.0365976243824761
0.00683981650271812 0.190026106912105 0.213098228314768 0.265976299717184 0.151255686538025 0.1728038620152
0.0968864120661106 0.323944898904388 0.0843633583908306 0.0637559877506157 0.334517343437401 0.0965319994506548
0.135041310641411 0.277947737461905 0.235445303691227 0.118117719554398 0.0692568037213758 0.164191124929684
0.170681737191654 0.103956448828205 0.303729307258156 0.164168140109516 0.0978180722868406 0.159646294325628
0.152455578237003 0.140859862217761 0.260452358091028 0.0382433069554602 0.166728367146403 0.241260527352346
0.0306343879489693 0.00291964062227625 0.304179131382265 0.351143402294921 0.0885691076581171 0.222554330093451
0.00567834021819589 0.233476983381222 0.157996081884804 0.295168487630764 0.168166826439479 0.139513280445535
0.305760481317822 0.12693230351133 0.141453988210418 0.149228529675602 0.0743826835714107 0.202242013713417
0.233995685313412 0.0517202729971096 0.141453581785889 0.263221987819984 0.221680323357972 0.0879281487256334
0.187179580794826 0.202808744546541 0.176419797716492 0.0936876325244237 0.166114160961691 0.173790083456027
0.126662331001562 0.00985640105165756 0.344171869501315 0.0402463078595347 0.190256631845386 0.288806458740545
0.158698337826614 0.161521875736133 0.125395466142534 0.234263865353632 0.14957231863852 0.170548136302566
0.185397815048462 0.205010024558614 0.0833913631286354 0.218686690085134 0.183945787032008 0.123568320147147
0.0767542612049061 0.152855237149044 0.345170157302451 0.225418976065577 0.193562970465785 0.00623839781223634
0.152031337125189 0.222685208327327 0.0831197657303758 0.191246513770498 0.251885250468164 0.0990319245784468
0.294694383154076 0.121204684234187 0.0776120555420406 0.0903136022036499 0.186192114091887 0.229983160774161
0.0979837291022507 0.141977543150833 0.100493313517184 0.261097902660144 0.220735976612723 0.177711534956865
0.266079163049533 0.0292914237587504 0.153831196896718 0.282920239364951 3.21571002403685e-05 0.267845819829807
0.152918882228798 0.160093158516999 0.228360528185453 0.000429393059615854 0.195064408364587 0.263133629644546
0.158443488323495 0.302389075807516 0.120424017403015 0.162125476796836 0.106791104011995 0.149826837657144
0.179451151755038 0.218807035734899 0.116130992777221 0.146954563356264 0.281401347574373 0.0572549088022055
0.104056548319493 0.270357271544552 0.307800541530301 0.109509499108226 0.141617128438882 0.0666590110585458
0.017233234743964 0.370613158605428 0.32768984908413 0.094662502084307 0.00607517667855236 0.183726078803618
0.116169085124472 0.124800857366406 0.140002993387633 0.159458493390559 0.217560165653381 0.242008405077549
0.0113305486223668 0.193865656927988 0.144666032762769 0.200742790078981 0.218639563069034 0.230755408538862
0.183802122201931 0.000184249696188542 0.203137786112082 0.356993873827862 0.0305495331640547 0.225332434997882
0.171318545949718 0.00363945601675902 0.204225409713785 0.0409649913384617 0.250702209498421 0.329149387482855
0.257101811355925 0.151130201509405 0.130400589032864 0.343833110594788 0.0175052055469057 0.100029081960111
0.15933100444609 0.174292559281279 0.233697932681103 0.00904221394165139 0.259681156453586 0.163955133196291
0.33887600593569 0.111472740373139 0.0245648267141397 0.0660397174583028 0.265735125037193 0.193311584481535
0.124614488851537 0.172682760569874 0.350147434367545 0.0566622272908877 0.183264923973144 0.112628164947012
0.152888608061033 0.123862616313547 0.130383908204955 0.274883034583308 0.209794898292848 0.108186934544309
0.0237339948930794 0.180041362694823 0.383220235427556 0.291123313971182 0.0717060031603881 0.0501750898529717
0.190188022733633 0.170989358652433 0.024097327334001 0.204511261653652 0.295877561844777 0.114336467781503
0.220072601269373 0.105252414971564 0.271720975611737 0.229830659157817 0.110780308684205 0.062343040305304
0.236613178554588 0.0838756921432082 0.224181702428052 0.1090830631519 0.0868484840746198 0.259397879647632
0.0344525669439763 0.188858895922848 0.174942289873043 0.19857040251104 0.175239313323943 0.22793653142515
0.0324002402268274 0.00396955749838126 0.184819408123766 0.204564312977733 0.46786048696495 0.106385994208343
0.236318403055984 0.24226233335343 0.217748282592369 0.000172543081599286 0.21622926772216 0.0872691701944576
0.315893696976308 0.149442634622581 0.069241243518158 0.208144816891152 0.242863373279996 0.0144142347118058
0.132917458371141 0.248256803539234 0.276079622367777 0.188020939507862 0.104575539952928 0.0501496362610584
0.269142157036734 0.244282287459604 0.0184599857436221 0.320299606823462 0.0307530213866184 0.11706294154996
0.113745848397712 0.138588408275018 0.0169684650828204 0.33912887863418 0.247504870477769 0.1440635291325
0.413695311910568 0.0532864379418455 0.0225516314236666 0.0487835235579083 0.278582955403494 0.183100139762517
0.208048054169556 0.106151607550707 0.145261032563283 0.206423032629907 0.230116622672885 0.103999650413662
0.289446504359034 0.00489209866975796 0.000944967710738238 0.0767067672200483 0.314833205799493 0.313176456240928
0.329180174883059 0.166419695707913 0.103565388948488 0.097656991884245 0.256258851679322 0.0469188968969736
0.253373514277099 0.194476190570796 0.217523120630695 0.161257568377131 0.163151231302428 0.0102183748418504
0.136664387086119 0.256907512043903 0.174011916710121 0.018552254911346 0.247542118122553 0.166321811125958
0.197687091148547 0.187424542340574 0.188023733177276 0.180112082976861 0.0762552019645216 0.170497348392221
0.305551106415486 0.0219122494948601 0.219637920173908 0.276103782274298 0.104585756705071 0.0722091849363762
0.0719715781598018 0.0150269690807009 0.254395585978754 0.221544663983306 0.261453160985403 0.175608041812034
0.19506071796671 0.116309363987794 0.0919895429845045 0.273589675002874 0.0450989019161652 0.277951798141953
0.0152263952220789 0.133111935985584 0.254021559737322 0.193992247502263 0.243801256009662 0.15984660554309
0.236282253541461 0.188431354178857 0.116361952868707 0.126997605688712 0.112323272970091 0.219603560752171
0.123659854903131 0.127951722291842 0.123910271584298 0.230780594820697 0.128167603344972 0.265529953055059
0.0470834020112789 0.125141648970131 0.0625388495427442 0.108112837545881 0.287521280375593 0.369601981554372
0.0309699770774575 0.467535632594095 0.0678280098771776 0.0747211310782162 0.147415146398074 0.211530102974979
0.184244741455365 0.178660717771654 0.224541018262245 0.259674565224217 0.0640930852653342 0.0887858720211848
0.11114565657925 0.187022947856978 0.2124687064633 0.160359605420984 0.144644565074042 0.184358518605446
0.145827142189161 0.235636577444163 0.24783804652082 0.0553463448694999 0.102565144787206 0.212786744189151
0.241134394748501 0.088547092514573 0.0368544981915499 0.0535309978968243 0.297610496004065 0.282322520644486
0.292583837937799 0.194403315765651 0.0612012011314563 0.0855563456338927 0.0776075581163893 0.288647741414812
0.219332428750635 0.203745474325265 0.106048542891028 0.246396962678133 0.0310809760626242 0.193395615292315
0.0112279468515074 0.213219584614208 0.24112449861736 0.195040056259273 0.144283881955268 0.195104031702384
0.182263465830759 0.0703042868185797 0.212282245074431 0.164594418840788 0.212842611693205 0.157712971742238
0.115043297666479 0.148994995398226 0.173120532833661 0.240774458164291 0.157019233894515 0.165047482042827
0.150378325885139 0.205494128518605 0.01550368772396 0.307095971976074 0.303214669770599 0.0183132161256236
0.282388861268802 0.293594441633666 0.237970505514624 0.146286725841669 0.0197347429850392 0.0200247227562003
0.214694187398922 0.0908306006716985 0.0892741424287063 0.139262294940652 0.248468388676336 0.217470385883684
0.210589927814673 0.0559615569585412 0.238419284193087 0.197678191908021 0.204391774936197 0.0929592641894804
0.243162292922712 0.105999034127859 0.172451224108043 0.11699039961231 0.145331800126031 0.216065249103046
0.206153738536483 0.196018350081165 0.00311491239266233 0.332127915791278 0.188137369344033 0.0744477138543788
0.203926071898184 0.200387092657544 0.0284164000519704 0.212266468536905 0.195649700294215 0.159354266561182
0.201411805272784 0.107127906362435 0.201320891449623 0.0759933840151854 0.272513029511904 0.141632983388069
0.145095002081448 0.255348357952336 0.212780050614249 0.0446431661797808 0.220278281898335 0.121855141273851
0.240948887688496 0.242529439974602 0.219305812451878 0.0527528197497138 0.19644531713801 0.0480177229973001
0.279741008420157 0.0769480097538758 0.262840384191986 0.28551943949222 0.0353266830402075 0.0596244751015533
0.132671126513395 0.183268696222578 0.177045292977448 0.142142554267152 0.191962485825794 0.172909844193634
0.391794239797164 0.00908587946357995 0.154919229188877 0.0532842699236746 0.158045292472785 0.232871089153919
0.114113601886025 0.155026597265973 0.126228004178513 0.243381459530263 0.126152652323579 0.235097684815646
0.125798210591552 0.00922763803813033 0.326019200008861 0.130820880660987 0.0916070884665262 0.316526982233943
