0.024433647388301 0.114218401734498 0.232596007172251 0.169911494144292 0.202380138185568 0.25646031137509
0.120486128479679 0.143590187636107 0.200217001259307 0.0910076925124796 0.274128111203276 0.170570878909152
0.148046052110463 0.202520070892127 0.079440008119409 0.277206312389557 0.250992137130896 0.0417954193575479
0.105629023813141 0.0815404039257457 0.239958177873105 0.189882178946521 0.184661183266086 0.198329032175402
0.226008532967126 0.0694881238845373 0.0769827866335241 0.0166702038112254 0.208150923316396 0.402699429387191
0.0854162040422682 0.0888330444755145 0.149091208657822 0.221291307670869 0.237165928909392 0.218202306244135
0.215609089681515 0.249749455172622 0.0775077990933281 0.247970282925472 0.127574027827511 0.0815893452995517
0.207455531293998 0.237501811484257 0.0922223254579116 0.223013366299013 0.184084730249172 0.0557222352156481
0.0669286520145908 0.106207985853396 0.339964537962843 0.140926974927816 0.331371516024809 0.0146003332165446
0.216434432556688 0.0233236718551916 0.19767251946895 0.310181643327 0.169147166286031 0.0832405665061394
0.255406077714719 0.155530376606145 0.204218167448489 0.113592719569024 0.137185295860263 0.13406736280136
0.194842905363179 0.120049447828641 0.0696460144704689 0.326163275204822 0.114548129435366 0.174750227697524
0.216397886891073 0.205980287077218 0.19999966246111 0.224577245082844 0.152902325011198 0.000142593476557025
0.0936174932331679 0.306565783302179 0.230601011429277 0.037933852886382 0.207396870127471 0.123884989021524
0.0993641827691655 0.16775306507286 0.154589054757739 0.277676667600251 0.158706964251129 0.141910065548856
0.233606896707996 0.216517033036234 0.136117285792818 0.101694950703429 0.146669039073057 0.165394794686467
0.104002784430936 0.0898999868082485 0.215378047968503 0.27055625192419 0.144471066129298 0.175691862738823
0.0567471554952043 0.238240803435756 0.210200728088317 0.253185012384337 0.0187702256879969 0.222856074908388
0.175467719980447 0.0403150389735854 0.204091515786051 0.177349450672822 0.051085279007689 0.351690995579406
0.201309030897721 0.213640699413504 0.17914935019418 0.139993634510565 0.230452122394769 0.0354551625892613
0.0721385037858441 0.247776893154857 0.0808753439788668 0.221011832368194 0.197635609594592 0.180561817117646
0.182349644241168 0.160356507949791 0.150248382062408 0.16335331652621 0.128563337074987 0.215128812145436
0.0158382742652524 0.188210088479748 0.0954659836772218 0.130104088506027 0.384889680420857 0.185491884650894
0.136089194906826 0.0195203508314857 0.174453670644836 0.372110609500024 0.0797709862524621 0.218055187864367
0.205975126717551 0.250785428383842 0.0814585541823031 0.177858506571379 0.0240842177517524 0.259838166393172
0.209876425408689 0.0407389179024012 0.277131535927261 0.217721971327138 0.0598841325027184 0.194647016931793
0.128475614883775 0.249791127462806 0.131943519434162 0.152235920179367 0.0786310631619279 0.258922754877962
0.0596497125726636 0.153513719596739 0.160752924150042 0.160954886002178 0.237130444432811 0.227998313245566
0.144840676569067 0.00909101861663557 0.180881491136514 0.339342648357683 0.0613847280166544 0.264459437303446
0.290855761588416 0.19133446799575 0.176546786385916 0.0542185390519853 0.161348653906443 0.125695791071489
0.148576391694077 0.209626973211727 0.0982333610990626 0.169194336462022 0.194776514531594 0.179592423001517
0.0600879725477179 0.201157176557931 0.12040998324659 0.238576131740931 0.218437079953894 0.161331655952936
0.257632345564238 0.0846114018107738 0.268723793872043 0.222055222454897 0.00419090528937238 0.162786331008677
0.118985109884286 0.188182248645248 0.0130410717605507 0.24748173430114 0.256362591937747 0.175947243471027
0.026893023747938 0.204630469408685 0.183689194584413 0.185787465802852 0.111813067950942 0.287186778505171
0.173724878670232 0.208062546970312 0.237212281645329 0.205036089988778 0.0837275755525893 0.0922366271727597
0.1726690031183 0.096683885662908 0.144872099171608 0.102266566475231 0.159095550260111 0.324412895311842
0.217591602186299 0.155787210830467 0.297788780049261 0.25658854934442 0.0641020385476422 0.00814181904191122
0.0580926298132351 0.110717363818727 0.249238804284739 0.14641912264076 0.209415247200532 0.226116832242007
0.240611899726448 0.170890536656223 0.234453979152704 0.0765732148206571 0.0813230231132109 0.196147346530756
0.15289659997936 0.139549751927696 0.160636874613251 0.184936997940029 0.213445652457007 0.148534123082657
0.311753778486744 0.0416345300957576 0.21997841877472 0.1662796635958 0.0751886901798677 0.18516491886711
0.204611597064484 0.0674120446190452 0.17221173275674 0.202310782444425 0.144937729667613 0.208516113447694
0.148461167835548 0.141444262821219 0.197830257677538 0.0691293658160345 0.262858646459236 0.180276299390424
0.000998133910874259 0.0706213816088406 0.475349109137674 0.0392387368617852 0.293562343097485 0.120230295383341
0.159026227729901 0.250826623424808 0.0625502932375984 0.214514667608679 0.0320432684434491 0.281038919555565
0.034918401728871 0.094256587738504 0.318858152813176 0.181800357092322 0.275897490088569 0.094269010538558
0.133531265027105 0.237462223011571 0.0925891515745757 0.207574339891849 0.0913228366707423 0.237520183824157
0.23002068000605 0.241966159488585 0.0413888936491114 0.216371383962865 0.162038482868305 0.108214400025084
0.187598852205114 0.252140368466761 0.0464327238729851 0.430193104536701 0.053859619017096 0.0297753319013423
0.235069422727898 0.140580806517404 0.0280073800569215 0.262230177877766 0.034178549416753 0.299933663403258
0.156036829802053 0.206675470010793 0.0644608334382728 0.203128646250045 0.0218388962492913 0.347859324249544
0.214647480475845 0.170504241890986 0.0137624387426602 0.215051914410102 0.202898805598887 0.18313511888152
0.175620007765653 0.107244613593106 0.115338482615773 0.293527090834676 0.1831522525541 0.125117552636691
0.113809627939071 0.0604742021775514 0.264363466686251 0.200054335796534 0.24550241417262 0.115795953227972
0.277904579833626 0.0458105223037755 0.221461642299671 0.0359508936802287 0.131551903355521 0.287320458527179
0.191192488967432 0.235398089023443 0.133520926622808 0.1136279102074 0.231204368091974 0.0950562170869429
0.164905993578702 0.248856073992942 0.036252627866271 0.31814897115153 0.195364128906025 0.0364722045045295
0.212266451868907 0.122493743599103 0.0494888786958982 0.240510543242226 0.164806707432093 0.210433675161773
0.0571751400225691 0.170287934282305 0.169407070398847 0.11102192746796 0.280766299626069 0.211341628202249
0.057897253975388 0.262743554984112 0.0746437312887418 0.209067765452719 0.255615997878176 0.140031696420863
0.123237456031879 0.242429954277406 0.20996684470987 0.165515475584994 0.234532714153342 0.0243175552425086
0.223087970546497 0.146387421748944 0.147603401097295 0.11715755670319 0.210072355923975 0.155691293980099
0.327338928904474 0.254459871372815 0.0690607330673414 0.0311385610967279 0.130580887730165 0.187421017828477
0.272185363806669 0.235633793284095 0.218725402318212 0.098523997242829 0.112877996907868 0.0620534464403272
0.2313050313808 0.0268167469604866 0.24367523605136 0.301063344384261 0.00550318070201184 0.191636460521081
0.173443019781868 0.244698215131956 0.0949923921077411 0.117794650883814 0.192531801340615 0.176539920754006
0.208340595393805 0.249984993981355 0.278344881147338 0.0929468922069223 0.00182572500982001 0.16855691226076
0.0376995250646681 0.159621869926123 0.0248667342538051 0.233668338624429 0.214114418255214 0.33002911387576
0.291341345991085 0.0983833538880536 0.00775700938043814 0.0539759776941363 0.277942032282671 0.270600280763616
0.274864587657875 0.11953805671595 0.0790477929971774 0.209663246874244 0.150949964852373 0.165936350902382
0.0512268823800776 0.309931066654789 0.280053827281686 0.142916484637369 0.153315747178811 0.0625559918672672
0.235996960070276 0.223392074794285 0.140976922208888 0.108603552670393 0.221784180984224 0.0692463092719345
0.156626621069875 0.270088137977065 0.124995184024043 0.0198290854816009 0.229533670755246 0.198927300692169
0.143295610714018 0.296557046640591 0.119439334296354 0.148249828199054 0.206569256393814 0.0858889237561679
0.192725790781147 0.227885671684141 0.213522446547465 0.109611793202699 0.140761195531938 0.115493102252609
0.0690925239551789 0.223401498551401 0.219210335494282 0.0469868135475607 0.226122720939437 0.21518610751214
0.22306390984781 0.279915064626143 0.171248627269521 0.0119058105262572 0.188069364073846 0.125797223656423
0.00219162025094044 0.256699935294904 0.0564620243246718 0.1973554875945 0.162580224717741 0.324710707817242
0.0649083596321003 0.232221171066184 0.306127682527032 0.0638383241402098 0.170418908806578 0.162485553827896
0.108220011169722 0.247158807953572 0.185412443356888 0.183904528283375 0.153447258172783 0.12185695106366
0.177694923335207 0.262578485519916 0.26706076144616 0.0118052854336301 0.265653333113255 0.0152072111518331
0.169133539957008 0.0814762616890351 0.239778536072986 0.234830379380701 0.182167780723708 0.0926135021765619
0.203614942159418 0.0826980183968362 0.0229790377662018 0.212535568202378 0.237391326650193 0.240781106824974
0.203742776141118 0.116385418311619 0.307193851611442 0.0666887518227758 0.159612622619866 0.146376579493179
0.157918730003904 0.331709189591032 0.0688950550560585 0.0656321697960108 0.357639680079788 0.018205175473206
0.0290385000401898 0.28036548396445 0.0540154356193393 0.25302153881504 0.171643284594343 0.211915756966637
0.287023001111503 0.244407221415729 0.0114648331183 0.160750836882309 0.281395242579926 0.0149588648922317
0.218439647693515 0.315100614745002 0.0366241857452844 0.219956593187632 0.168481497252188 0.0413974613763784
0.249093252701126 0.23306555780307 0.100871035339903 0.213000749657824 0.0893124436919994 0.114656960806078
0.0143841259434467 0.242361275325503 0.207653505679577 0.15601090712489 0.135698936835838 0.243891249090745
0.122575422100285 0.278655929217149 0.20710108911653 0.274700627829521 0.0273810622224286 0.0895858695140866
0.135870432262449 0.00270862132641382 0.200744165512626 0.168047490479613 0.199089903891464 0.293539386527435
0.147927764709796 0.25232559143725 0.24916664463261 0.0917384703291655 0.0521479392433393 0.206693589647839
0.249607364127448 0.150170971530911 0.134989319823094 0.142922669305612 0.256260550977813 0.0660491242351218
0.0708063130705849 0.263109096491089 0.103434327196178 0.271386439409122 0.265574584254954 0.0256892395780712
0.0883446557087326 0.280033642016878 0.256275075165909 0.11572172371291 0.110039929939746 0.149584973455824
0.301376590969281 0.0875769124805016 0.0847850582335911 0.105230538892638 0.0362771318068097 0.384753767617179
0.0984543684412491 0.159979344331743 0.272689028232479 0.242003901885005 0.0439699497997971 0.182903407309726
0.323456079791287 0.28871203838578 0.121701110177216 0.11964285386882 0.0130002329515662 0.133487684825331
0.00533293050493981 0.39789327930648 0.221936988023927 0.00257361973976735 0.285519002316724 0.086744180108161
0.228600389634579 0.218307601485947 0.197864229577619 0.165765713646456 0.123041121445556 0.0664209442098436
0.178752597336775 0.215297152391182 0.213495035607259 0.0896488638605056 0.127950833450901 0.174855517353378
0.108397029629763 0.221128613554593 0.174551149566472 0.203336869485424 0.0200113079511549 0.272575029812593
0.247655682705935 0.193524169801804 0.0836697056454883 0.185805896104863 0.193384751624232 0.0959597941176782
0.0833461004037798 0.233746133300749 0.130393424552661 0.302743476953584 0.112097612277389 0.137673252511836
0.15615579788245 0.233675189868587 0.0827917879997392 0.201132720425416 0.0388422797767173 0.287402224047089
0.000379293024414399 0.321767702408494 0.0312156300436815 0.132666561913072 0.193037016670342 0.320933795939996
0.11146333846091 0.223062530376341 0.187966941996424 0.261922078069523 0.00845635147307667 0.207128759623726
0.230202037154076 0.2366028625332 0.234478337637403 0.134394406502977 0.161966344131828 0.00235601204051655
0.0779508098114559 0.141887583420964 0.33933286493414 0.230029231755843 0.183187631437644 0.0276118786399523
0.225681636293291 0.0940628988653123 0.0997755046741504 0.162344715678997 0.183162998041304 0.234972246446946
0.276191225053128 0.149219614981753 0.161874557517904 0.0426495814249256 0.254222691137254 0.115842329885035
0.304588108166649 0.0177996297082346 0.112934620155207 0.287871964034137 0.0893813672908464 0.187424310644925
0.283040671098787 0.10691906697081 0.282479539231534 0.0489856044971425 0.107697407027452 0.170877711174274
0.0425646112313422 0.497213823130592 0.0514195293308144 0.159743690698347 0.149605034101538 0.0994533115073656
0.0998847494899042 0.167764074509676 0.0760542075724638 0.138900623847898 0.211422450025951 0.305973894554106
0.0179536358951717 0.203430762008803 0.254490035440676 0.22230376711443 0.247287558407759 0.0545342411331606
0.163265014272933 0.185895586544292 0.529399130156052 0.00434888411951721 0.115932785691626 0.00115859921558019
0.255868781135999 0.145178021318479 0.254401566883077 0.021815922399944 0.114797362800905 0.207938345461596
0.225993731826352 0.124871784507081 0.191849095651223 0.209829537647115 0.233022679887302 0.014433170480927
0.266193975956344 0.225194551130074 0.221512937442397 0.0676638097861088 0.173349083801235 0.0460856418838411
0.256150565748123 0.0690218627706572 0.0888040548379927 0.22904942894354 0.00961280416527097 0.347361283534417
0.276955010094254 0.0105132529960548 0.176660624241342 0.239795093173633 0.205775202556779 0.090300816937937
0.12083805972234 0.156069291155779 0.16017799913967 0.157057382063405 0.294289535876455 0.111567732042351
0.320790656974766 0.0415786065323907 0.0156646287363824 0.0108706083088396 0.194486013267327 0.416609486180294
0.278874645303561 0.042886608134242 0.241506136337355 0.0746926770637226 0.259841854184412 0.102198078976707
0.138012332580306 0.137865253942355 0.297444625466183 0.226030112298364 0.118395004300437 0.0822526714123562
0.172553724118356 0.237264263649462 0.226402914503254 0.053394340160242 0.0388633575620659 0.27152140000662
0.12798432844988 0.263347029964442 0.0516680870098179 0.267519784106637 0.210829172410078 0.0786515980591447
0.236025551787801 0.0169704091789351 0.245463120982527 0.211338133266285 0.197569079731609 0.0926337050528432
0.159771180898055 0.0620695201759902 0.117924558655472 0.183814920713697 0.173103839851985 0.303315979704801
0.111985712658945 0.115397878855463 0.0759977128784758 0.115339639375091 0.360391534188889 0.220887522043136
0.0816187790474592 0.217136817541284 0.228594827241264 0.0582840480534201 0.206061779830066 0.208303748286507
0.147716972676949 0.276378456089865 0.00537518489390588 0.299349576997697 0.182422179897732 0.0887576294438501
0.0756631453318424 0.231427786593246 0.0989507263552853 0.082246860568118 0.276883220926233 0.234828260225275
0.161397712381447 0.100976304379334 0.278589930912565 0.219283800160185 0.143946673421021 0.0958055787454474
0.121252914912371 0.0891729569991011 0.191292960586233 0.188748597768373 0.190828778669144 0.218703791064779
0.200072305693498 0.00929648461710547 0.402580352844065 0.0463403131357892 0.341317990252395 0.000392553457148137
0.0213144030062976 0.171432414449774 0.296098979270618 0.172046764731885 0.0922715800251753 0.246835858516249
0.0146680187820556 0.0404259417126022 0.173990273495297 0.250869372103924 0.273618988723765 0.246427405182356
0.284647012704227 0.12654500516355 0.0772797208259963 0.233172811563498 0.275376101055192 0.00297934868753721
0.0984163516490176 0.268745959240192 0.133611836907112 0.0030143704599852 0.310253065869478 0.185958415874215
0.105565683823887 0.219357039985578 0.309233840474407 0.0538231380817915 0.306634844415162 0.00538545321917404
0.212783366462782 0.197324916407743 0.160051169115057 0.135674077153041 0.157571422025183 0.136595048836194
0.380308790492413 0.0270062112222908 0.0370959853144875 0.0835165969792069 0.329240438134595 0.142831977857006
0.334880024002475 0.132936811983283 0.0622210764698516 0.295565139699776 0.078341175485348 0.0960557723592661
0.166025436480588 0.00281951123994716 0.0465205942749546 0.224948553262345 0.430493482727816 0.129192422014349
0.145055750617629 0.394532443898341 0.202205319712672 0.0907087062615168 0.0996689988930575 0.0678287806167837
0.236660344581991 0.108401294421722 0.0567201945743209 0.224587307376976 0.123278364322679 0.250352494722311
0.261833421587157 0.171529427364991 0.249852206495572 0.106621523594055 0.0811999307158254 0.128963490242399
0.373618121397656 0.316382658674789 0.114586316058312 0.145461162936063 0.0132605260820712 0.0366912148511087
0.194381115585912 0.209919889891467 0.00993249664475686 0.060354498266182 0.284072375584127 0.241339624027555
0.276443663044931 0.193308972572626 0.161432911138539 0.124480156828944 0.145416859190633 0.0989174372243276
0.213715761012751 0.20973100138337 0.194855589273442 0.177275373176308 0.141879655122938 0.0625426200311902
0.32913434695587 0.289205409273992 0.303807707193836 0.0183244286307488 0.052785963194914 0.00674214475064024
0.210858043396384 0.227381395919887 0.219582360678854 0.0814414558641198 0.210090106350167 0.0506466377905878
0.0294817231438814 0.130940111589281 0.19503271781803 0.360647007806196 0.14965250921388 0.134245930428732
0.1807686297132 0.175454418662033 0.163363782910942 0.0881741936170215 0.287497537292866 0.104741437803937
0.223292482618214 0.211203181148189 0.219812557589463 0.159806998386621 0.120926635200755 0.0649581450567569
0.103770679428469 0.0826631725367555 0.182054527232713 0.158614383414246 0.122388761652483 0.350508475735333
0.0463579011482458 0.0531104366510105 0.0113827858874149 0.373254398322617 0.15809548511225 0.357798992878462
0.020703329936697 0.259396276326976 0.145836914691212 0.0579615633480087 0.173055905196524 0.343046010500582
0.0954211572792252 0.314446135064599 0.0459085405094153 0.285926292955074 0.091537131018419 0.166760743173268
0.0514747425571378 0.0606956011548366 0.196347092175914 0.185504208894061 0.337602163684085 0.168376191533965
0.145822264318696 0.199024138866538 0.21711262879412 0.0163523005175578 0.195221679442692 0.226466988060397
0.0803583984787662 0.314792316624095 0.0546562780088765 0.258489618488649 0.0150312364652917 0.276672151934322
0.217863932908417 0.3188357638691 0.0440710623605329 0.113434779737975 0.0613452194377234 0.244449241686251
0.170960312410326 0.0676201932894478 0.0237737991982599 0.272404467833085 0.0479219509928387 0.417319276276042
0.324644657310237 0.277356639223467 0.085150824540227 0.0819164112892762 0.199027245984325 0.0319042216524685
0.261862211196737 0.237292424148786 0.019110030857637 0.0877647205916337 0.186430095705076 0.207540517500131
0.096371339918867 0.00233541929176508 0.396506960291536 0.0333586580124875 0.228492198107775 0.24293542437757
0.231495784193703 0.249270757214694 0.155771516328939 0.186476236309114 0.00888805558504458 0.168097650368505
0.182260736824389 0.144177409573624 0.171471834889329 0.28774149762989 0.182294244388525 0.0320542766942428
0.167370020858842 0.136236673238161 0.113173516109867 0.19750527095825 0.191393304213019 0.194321214621861
0.157397842516453 0.141974202848169 0.108897941213117 0.325594790392641 0.221120775411777 0.0450144476178434
0.179631310372122 0.260221918061551 0.206455238844521 0.168051055108484 0.111977172431027 0.0736633051822953
0.184764736996567 0.234031451496044 0.0813350691310954 0.281495938859656 0.185675350341957 0.0326974531746798
0.0880158326615832 0.221408538005963 0.239012101221436 0.0319746493214084 0.0793211405846975 0.340267738204911
0.056862988874383 0.307482508850669 0.0954022519687126 0.415252356680578 0.0402226978308008 0.0847771957948567
0.150351916141428 0.0465988505988808 0.0964497272033134 0.206496327949483 0.252219057241708 0.247884120865187
0.256923366976019 0.082626153133533 0.022240560965489 0.215808969302714 0.130591204415841 0.291809745206404
0.116523270553229 0.0258249946898535 0.210717009604381 0.262720656095103 0.13186434746052 0.252349721596913
0.123985260729888 0.155019004638836 0.0744150562829309 0.266490371450529 0.111532927223814 0.268557379674002
0.0725861765996357 0.219669384308356 0.0225352357856889 0.302590487722119 0.092131847356032 0.290486868228167
0.163117825782193 0.194241455697808 0.131163261765533 0.173803829910012 0.175316353516863 0.162357273327589
0.339606729588904 0.095085138170648 0.0189554096660068 0.277254472712867 0.139854025522588 0.129244224338985
0.0528201569978101 0.0266890848480923 0.161168972588925 0.357903224857974 0.137619287957451 0.263799272749747
0.0912450085285989 0.246165122137015 0.0770305575896315 0.281163016471366 0.0439987278592701 0.260397567414119
0.279424266068857 0.0639674556475815 0.0762831145976613 0.276738115195996 0.0873989313753536 0.216188117114551
0.225393220131153 0.224909115459223 0.158069841562855 0.114025341334931 0.040620835795285 0.236981645716553
0.313605895423174 0.00375579800172738 0.121926083602713 0.0402527499225564 0.332970113157009 0.18748935989282
0.322137801645817 0.0720666687001546 0.0735440148813324 0.0757297791740902 0.35592846400757 0.100593271591036
0.0991140770941833 0.103239523908723 0.130258695249894 0.142643773626117 0.302873385718136 0.221870544402947
0.221623817424791 0.0497849119821011 0.218642187517737 0.239319323464485 0.0198203018008184 0.250809457810067
0.248553801993341 0.145962740433601 0.0165535280087023 0.222438046647635 0.248240387348291 0.118251495568429
0.0605396799574856 0.0647076643586739 0.142131370670861 0.241360465026831 0.237444429021786 0.253816390964362
0.202018622843605 0.155796580378843 0.106247534255311 0.249954616700635 0.20963350073751 0.0763491450840954
0.139162235808577 0.304120731401763 0.185227355050101 0.17214032018001 0.0733010644206283 0.126048293138919
0.235546582367965 0.170841262539116 0.0761423840218695 0.141422141091709 0.152238810412418 0.223808819566922
0.180207530807324 0.158972714167141 0.229637437956882 0.0931018422342657 0.0806284973271134 0.257451977507274
0.132728498569155 0.361272631303795 0.0111216144869334 0.232283457505621 0.0148993993016769 0.247694398832818
0.00979227498287299 0.276369506108686 0.0843918992401049 0.0427423488866067 0.297602659639735 0.289101311141995
0.12622992467716 0.132067751214469 0.0337639733947253 0.228088269204549 0.267348696627449 0.212501384881647
0.379249282718446 0.053833271422741 0.250353593767862 0.0395899824693815 0.0823804413255018 0.194593428296068
0.211136683098155 0.142156551085748 0.277228733876826 0.0921592948580033 0.150573979751283 0.126744757329985
0.0816952060921358 0.229423060060272 0.0713999994828299 0.242098792353817 0.162502284864462 0.212880657146483
0.228875233833985 0.306085402575344 0.0660706831934681 0.266947501850005 0.0274863814526688 0.104534797094529
0.264881447471521 0.0791987131737647 0.339852160879007 0.00692569148760833 0.304293758383789 0.00484822860430959
0.0411812762589311 0.203370203104513 0.230723727985533 0.209044736909307 0.256988124550202 0.0586919311915145
0.381386253825498 0.00520461666260877 0.00378103144527822 0.0720856702694156 0.1518278039218 0.385714623875399
0.221384978292413 0.256889792409743 0.238963889497651 0.15255524786367 0.114453948654517 0.0157521432820056
0.211568036630079 0.125962128964375 0.325324260649982 0.17914345377172 0.137627272065642 0.0203748479182015
0.297436432696194 0.125925010731226 0.243410512893623 0.22297743038915 0.000510831720224043 0.109739781569582
0.1486454245473 0.217629336414927 0.163248922449067 0.0754952778893603 0.260265836895643 0.134715201803703
0.0227534138510714 0.195091016091704 0.0592736500094067 0.278939654792339 0.267806706606161 0.176135558649318
0.110416803482988 0.0806186553708247 0.293005811516591 0.283450900388475 0.0687290242900753 0.163778804951046
0.201798170472435 0.125841246001913 0.126345272416724 0.102673497906026 0.167810994663159 0.275530818539744
0.343139271625475 0.0124254444492613 0.14349087874332 0.443239567508012 0.0404183209621408 0.0172865167117908
0.0462220957188214 0.27240912572923 0.189993031296944 0.263752674340962 0.157654529138984 0.0699685437750585
0.0904282858289701 0.169606949084886 0.316575753290581 0.0524844195472534 0.312900557458441 0.0580040347898692
0.139117737820955 0.0415079399351786 0.289469651973764 0.175542341694576 0.188467760262566 0.165894568312961
0.115368084667019 0.269619178351379 0.251843500066391 0.0321123525109968 0.0516806819502453 0.279376202453968
0.000473726157197892 0.218238717096911 0.360163361530486 0.254472211535515 0.092792593947685 0.0738593897322048
0.0464554693287952 0.0385165382942561 0.137785377049085 0.322189896027692 0.248686546835078 0.206366172465093
0.176553255208689 0.153435947258323 0.266391430087456 0.290414194386772 0.0113275873650789 0.101877585693681
0.220562595400593 0.132043752626864 0.232528697266421 0.21620701537612 0.0271150096181549 0.171542929711847
0.10036625856475 0.240271374935438 0.308398064001158 0.0828879644088079 0.0495257846558165 0.21855055343403
0.0916335035339093 0.173786023853208 0.148121716921674 0.170409843364335 0.167564665742793 0.24848424658408
0.303279492449659 0.0749974306277482 0.00782362661582293 0.0650813917165707 0.21565069765709 0.33316736093311
0.323116568609662 0.0834279712560325 0.15682910576765 0.0660416479804567 0.0894698112043436 0.281114895181855
0.017547830724854 0.342017989327999 0.0909152238009347 0.0332919888838553 0.368707671141941 0.147519296120417
0.416698409592441 0.0232839690190088 0.309996405147168 0.0174688776256499 0.146656551746162 0.0858957868695708
0.0293799267655309 0.180376294237773 0.303011485136792 0.0410012938896619 0.173286913016624 0.272944086953618
0.115736942240959 0.255193837532634 0.0477510698635371 0.24935453780338 0.157228187682443 0.174735424877046
0.0932760846690816 0.15925554066412 0.191426295325403 0.121199492285821 0.227224959373432 0.207617627682142
0.129786448375263 0.102935411000903 0.15234718901812 0.17235413332729 0.219549291000905 0.223027527277518
0.16095579465476 0.133258131511183 0.504724306695996 0.00446590185133181 0.0587061231114107 0.137889742175318
0.047918756608303 0.013341407581153 0.13393341257273 0.177329400565098 0.381236850360478 0.246240172312238
0.0953180548992331 0.317229806230241 0.147154227257292 0.095650643662716 0.263712037417364 0.0809352305331546
0.115335607808948 0.0630224395415247 0.169336192152067 0.204433582148043 0.110396181264656 0.337475997084762
0.0147276049777138 0.138961469545872 0.348895785797702 0.070047582270642 0.286486216355407 0.140881341052663
0.201761477902954 0.108022369290774 0.224590988809381 0.115162559892788 0.173128977093684 0.17733362701042
0.271816540383005 0.178819970602316 0.286631388314513 0.0214749549520006 0.192244410611721 0.0490127351364442
0.144339036404927 0.121792041100644 0.292763015141784 0.108532771994721 0.250946748714262 0.0816263866436611
0.160781328633527 0.113330004440586 0.305442410381122 0.191096829226978 0.197164959390091 0.0321844679276966
0.1960638859149 0.257195344943711 0.083443656846805 0.214369156047185 0.220654820432488 0.0282731358149106
0.196027971616786 0.336093744803508 0.103213877660435 0.0385262365558243 0.312700765089783 0.0134374042736634
0.0245748411903869 0.285164383265644 0.0985573064217463 0.182038500641006 0.176179471341964 0.233485497139252
0.210011685584005 0.0835556259744534 0.104084115666256 0.205674175300067 0.189545021261023 0.207129376214196
0.237498406456073 0.172988047671266 0.00429423646154445 0.26213215844454 0.313302021387199 0.00978512957937827
0.0670266440100308 0.107446474594057 0.263717788682753 0.173283755088049 0.177258414102146 0.211266923522964
0.00200734799963061 0.266349123290289 0.177526396276213 0.264249937870382 0.23670607361211 0.0531611209513758
0.0585459610762811 0.11598406982768 0.0490351855939786 0.485329941773936 0.021639686586683 0.269465155141442
0.253068428406388 0.295941264069235 0.212273575804206 0.0545440428088241 0.153065715052661 0.0311069738586852
0.0248595567767262 0.306550130148286 0.0617687650422274 0.323496514313939 0.166175497985515 0.117149535733306
0.260359250306582 0.0581143944367965 0.263366598308474 0.165918053361814 0.154952876321103 0.0972888272652302
0.242796107999234 0.188348181128178 0.0365397787549682 0.199768481334735 0.184647269927513 0.147900180855372
0.297717289513697 0.212038613298555 0.0258728753784673 0.0530830037821126 0.250535537490746 0.160752680536422
0.151607643956445 0.216462229818223 0.200033943245106 0.150234652800194 0.15890360208534 0.122757928094693
0.389804414292471 0.0789954321590361 0.0270254334468066 0.0195751994470047 0.229209088311291 0.25539043234339
0.0625933839680467 0.0759618665942325 0.264649534971567 0.231428790657836 0.127497980971701 0.237868442836616
0.153619842355249 0.208181191669665 0.171553181252357 0.192974151835895 0.0474634989429604 0.226208133943873
0.25295504255513 0.306279748818855 0.271286661568044 0.0194727360415057 0.129859741481314 0.0201460695351525
0.222661989085351 0.119880172680789 0.0889967239114395 0.223618268950006 0.127858057572349 0.216984787800066
0.000751412697038576 0.156834917160238 0.291486047620515 0.113087006131602 0.231926432147203 0.205914184243404
0.0606323442074496 0.200785862140997 0.254849661501214 0.276725478324796 0.120080045123478 0.0869266087020664
0.0946183570523835 0.185835170071874 0.105883953213276 0.0951550822081189 0.110000045951313 0.408507391503035
0.156689296334488 0.13765241210063 0.0766599104804962 0.243319229879569 0.293623361635745 0.0920557895690709
0.165089536965885 0.236927263332988 0.00192996294855634 0.254443630777436 0.246344866492073 0.0952647394830622
0.153032905002255 0.273365451887787 0.275898731675075 0.0216718566396008 0.214951499327426 0.0610795554678562
0.185918854963544 0.290498463147579 0.154228227192945 0.107954149363818 0.0714297506690657 0.189970554663048
0.180487294235366 0.00361938375362953 0.224202911208657 0.304716023179507 0.078249689368466 0.208724698254375
0.104124774380468 0.179629962153556 0.124369157245131 0.219071433404849 0.134537998425365 0.23826667439063
0.0962580102985307 0.0604544790015628 0.355420877211171 0.192375900182956 0.145108163889806 0.150382569415973
0.0915795488189055 0.265702036384495 0.199140420201567 0.011208631447117 0.313919863976937 0.118449499170978
0.120563612022568 0.135110875052339 0.116676470413225 0.153910014961702 0.16394944051942 0.309789587030745
0.140970615590227 0.221075019685557 0.265908238647098 0.0948626723524185 0.113676501177722 0.163506952546978
0.154302816292681 0.201536780685023 0.0773542922161394 0.0304833849951939 0.336302916106262 0.200019809704701
0.284471887512877 0.127384833686846 0.181063091689672 0.206135350424379 0.185169927441877 0.0157749092443493
0.325441018085223 0.123270757742768 0.213235387121448 0.00296329488365261 0.194213394222034 0.140876147944873
0.151809621115709 0.172023496613271 0.147821273307478 0.276183467680505 0.151031873398807 0.101130267884229
0.0739845922511079 0.273064022197396 0.0466509445036964 0.231336292217949 0.138739024551612 0.236225124278239
0.0342799325265971 0.00805495828632685 0.438784244605445 0.0492827108455049 0.255059047943234 0.214539105792893
0.087649905420283 0.347416320624563 0.123825281145665 0.119883408929847 0.188985474888154 0.132239608991487
0.24750979201282 0.191174840434506 0.164217046575896 0.220283105570516 0.081955115734297 0.0948600996719648
0.0978630172219902 0.322812894787747 0.078331212602294 0.183196556754496 0.0183490097995356 0.299447308833937
0.0607274234984298 0.178350179079488 0.221221633255717 0.167988953548436 0.128970101299471 0.242741709318458
0.139617904756253 0.0277447589738325 0.0183496312756004 0.35797008802041 0.234843169460873 0.221474447513032
0.276816453739335 0.288724126775922 0.00118262604251366 0.0278300440919059 0.286140886836309 0.119305862514014
0.135360335180727 0.0529774630798705 0.257679330705361 0.142758087879708 0.23381282376997 0.177411959384364
0.217456045945199 0.133666248668845 0.21602221035111 0.218739190506129 0.122378177015149 0.0917381275135667
0.399351956427923 0.113384281286827 0.00878396065244898 0.246993441110193 0.192695291597006 0.0387910689256017
0.0620594520886092 0.333909457936611 0.0331479128192368 0.395297686754135 0.156904029265153 0.018681461136255
0.139989302856294 0.0579229697359081 0.214858173810223 0.072551547416965 0.191853840127815 0.322824166052795
0.201495408503401 0.204642660919215 0.300745067968548 0.0491100164252657 0.0504952259783795 0.19351162020519
0.197680887638271 0.215812604012358 0.0905234272817853 0.228595675460085 0.247375023815151 0.0200123817923495
0.191263262358773 0.0125824880811948 0.223315328658544 0.376383522543839 0.108910087286072 0.0875453110715779
0.0651741736734399 0.0461822797325885 0.178982432342062 0.310229291708085 0.168591954129056 0.230839868414768
0.262010152940543 0.172081205710486 0.100155548286312 0.240407795769148 0.154521953620587 0.0708233436729236
0.125032386958757 0.0303554091111804 0.0791300055767467 0.278396621577127 0.11645079480637 0.370634781969819
0.337481440545626 0.248069566688631 0.0469106630701725 0.0632881249507608 0.040125051748854 0.264125152995956
0.0384327076431637 0.318984876649146 0.102655177580438 0.16498788468452 0.136651159009912 0.23828819443282
0.148225048534682 0.205749511210334 0.27982016136085 0.0743087535683211 0.164123708382134 0.127772816943679
0.124925830434735 0.00819044790761666 0.0148602834136189 0.16629774328079 0.266141986045537 0.419583708917702
0.0282505169921231 0.202591030928364 0.231360218930954 0.120034670675756 0.186099557352609 0.231664005120193
0.161494088440174 0.225252763651101 0.18685388489014 0.0339616624821663 0.164112936316625 0.228324664219794
0.250791356604511 0.00351980468770392 0.175616460262176 0.26465300191201 0.248344611410218 0.057074765123381
0.116593661972563 0.196998532682088 0.21581208271886 0.224885537975386 0.211852468493753 0.0338577161573489
0.039775533148087 0.151448883886706 0.190178086732628 0.034929101802224 0.388592155471179 0.195076238959175
0.102288695727295 0.235261508562005 0.095887196175311 0.0348717452551696 0.276137459359619 0.2555533949206
0.114416079761246 0.338373544965402 0.284063532680204 0.0616270682031795 0.198112479743829 0.00340729464613946
0.303954974710361 0.264480829447682 0.10463939408517 0.122464816024808 0.0499346150025512 0.154525370729427
0.220176785424334 0.0413982955777235 0.255651617020827 0.165189943197464 0.051745780523141 0.265837578256511
0.16204510099867 0.171970537008976 0.160880856698765 0.167627743486503 0.167303434403686 0.1701723274034
0.226566158218201 0.207056549142778 0.19909607086333 0.201929658975757 0.122431445207222 0.0429201175927119
0.266974368618318 0.139566474155715 0.0744644962514389 0.307541923435972 0.161330603188988 0.0501221343495692
0.224255483583331 0.281121483621009 0.143381506169578 0.21204661472004 0.00665671614691781 0.132538195759124
0.277013662171571 0.0597257333422741 0.309259257069969 0.0587176214799732 0.108183690605147 0.187100035331066
0.00237856391080101 0.162875921827377 0.341655329927925 0.0995916656612876 0.253272637632566 0.140225881040044
0.029480780791222 0.194322090587264 0.169784028035222 0.191867789138256 0.154487457412839 0.260057854035197
0.242800820588361 0.188711574293734 0.235671098438835 0.234904999333054 0.0517908429978423 0.0461206643481732
0.23729772942472 0.265020381904489 0.106844630393156 0.121716253911466 0.11609172520911 0.153029279157059
0.123187155861438 0.22974253644262 0.189187939171398 0.230935314496852 0.187720971621437 0.0392260824062542
0.0399053812869198 0.242980812623782 0.355986359658446 0.0856725585363172 0.0333022314335841 0.242152656460951
0.213004627816009 0.249045305912954 0.194417813894849 0.0972376090239292 0.18527270442925 0.0610219389230081
0.152528230678281 0.0792434828843112 0.240885702752584 0.0995590318097107 0.288330140246034 0.139453411629079
0.0591005665912629 0.0350115842873552 0.390212342447233 0.067016057754993 0.103911993527395 0.344747455391761
0.263459545929627 0.10616226818398 0.361768944211564 0.160542997106624 0.0908402447100268 0.0172259998581787
0.27748007057863 0.152749330614921 0.108455412125848 0.229848767049718 0.0501304991886627 0.181335920442221
0.301402027457501 0.0728005896768423 0.240533668726848 0.109890509885383 0.194386845952976 0.0809863583004496
0.119977448036156 0.0963624105590049 0.278283597863846 0.0447944343591835 0.182971307950595 0.277610801231215
0.266192586321231 0.038521323897288 0.112927061896808 0.133373516387236 0.272090407573086 0.17689510392435
0.109415616535017 0.205738966820016 0.157736801716154 0.210066080019311 0.204792979254981 0.112249555654521
0.249295548980971 0.204524410982954 0.256590227734689 0.0127764972553888 0.129560728116252 0.147252586929744
0.243372081261401 0.177135855075894 0.152521811031241 0.0624190278393422 0.166275312217198 0.198275912574925
0.0983510975637725 0.0327408729426651 0.127638782106628 0.390643199381218 0.010887168776548 0.339738879229168
0.193363776904099 0.337990324061744 0.0487382702667817 0.0287199305574943 0.173766722472035 0.217420975737845
0.132406472337322 0.166729212097031 0.0800519387559474 0.0492598314697783 0.263759352295684 0.307793193044238
0.13921084527996 0.0921049662718829 0.0651726448757145 0.0984325490693398 0.297494510959841 0.307584483543261
0.0437097094547463 0.257633186918203 0.131078328167255 0.162192462575006 0.25760314275937 0.147783170125421
0.168247719829568 0.12341217510675 0.125011029956669 0.249999352058294 0.217982975694498 0.115346747354221
0.281055796567275 0.188279174035981 0.222437626257139 0.0697304252074937 0.206170399176113 0.0323265787559981
0.16474560704388 0.17767754225721 0.177948435182435 0.226604492067411 0.0684324206490523 0.184591502800011
0.134881023286121 0.189755218848946 0.255844679345513 0.0896320837807741 0.119066146816017 0.210820847922629
0.151773920996935 0.115563540151276 0.25475194986504 0.238254563845301 0.214394695633543 0.025261329507904
0.396627192857592 0.0800603123602077 0.126070668030802 0.204094739421162 0.0472931884186617 0.145853898911575
0.0861990421616208 0.207917836082392 0.119443387776421 0.105246725881874 0.227516452441308 0.253676555656384
0.126124479114459 0.216004800674837 0.257021390790556 0.161638270587563 0.054582308356957 0.184628750475627
0.116723841775987 0.16823497476593 0.213344154437498 0.13924755340872 0.0932519024941244 0.269197573117741
0.0766168736246628 0.244157242694427 0.260707386663579 0.240595411265123 0.0305703828874646 0.147352702864744
0.153304959997288 0.0142887051303582 0.260983269072915 0.127791220797558 0.203773209215083 0.239858635786798
0.015121683266116 0.0169227100891085 0.316494030471194 0.215822435402709 0.187746805534978 0.247892335235895
0.0136142399359622 0.0937640450796104 0.202479018466048 0.231668744784795 0.238291723177653 0.220182228555931
0.24905453696065 0.309102388526382 0.0847319010903162 0.05737873996522 0.207447216364393 0.0922852170930384
0.0568705685922335 0.239861522337909 0.0436370903126221 0.23971136218536 0.166820316281804 0.253099140290072
0.17893135797553 0.257448956049143 0.209873618606352 0.231838250645313 0.078469388795872 0.0434384279277902
0.133875416404874 0.278177257644234 0.0741048024378321 0.0181673551878678 0.351855336540831 0.143819831784361
0.0993172146777962 0.342491673550848 0.0267660131995958 0.0765374512176937 0.349513149351956 0.10537449800211
0.151374188259801 0.180198702320935 0.163559213543112 0.0117093487873315 0.30390126302084 0.18925728406798
0.152997505853565 0.170973655509463 0.138207648211364 0.222552711855358 0.265954216367808 0.049314262202442
0.165437766394778 0.195812536006842 0.0926061867977239 0.0402637990435454 0.132335820393901 0.373543891363209
0.214961882874338 0.247229319205503 0.19108066890249 0.132207693096279 0.172389847629118 0.0421305882922715
0.234522630556354 0.2436578393168 0.144074027026249 0.197935281461605 0.0379510228359573 0.141859198803034
0.240803849444264 0.201856746755321 0.11310686160724 0.228345510139919 0.169122912149705 0.046764119903551
0.179364588008082 0.0354622415547815 0.253989823891049 0.236225248101395 0.205037898598754 0.0899201998459385
