0.045260916245266 0.340937487338347 0.394228918237595 0.215159570068173 0.00441310811061939
0.324288498437913 0.0627593401870224 0.113252276041749 0.287869109419136 0.211830775914179
0.272503678620373 0.155735015400301 0.127199008884574 0.141393436282919 0.303168860811834
0.0843028138120393 0.186688995495024 0.128142533699866 0.225995303937494 0.374870353055577
0.147985743966811 0.0976943168264177 0.466680757763915 0.26019262405167 0.0274465573911851
0.343081981544153 0.488500848751843 0.111182645278695 0.0064119145254754 0.0508226098998342
0.295182680866947 0.291927743465892 0.0946212212350504 0.086566310167856 0.231702044264255
0.158003239377202 0.292712937126153 0.213904552173651 0.293054293206115 0.0423249781168794
0.231902018391983 0.117078117417879 0.42492968709821 0.183248363506154 0.042841813585773
0.296444065821642 0.124152618433724 0.0859715888237994 0.216510837222567 0.276920889698267
0.349737813028776 0.354678838867469 0.0737586084163079 0.129076348293304 0.0927483913941431
0.183887895788389 0.363742140131972 0.235014883876614 0.0548153757514299 0.162539704451596
0.264358972383342 0.173094781397612 0.207571675670208 0.0360290731735155 0.318945497375322
0.0800016933489592 0.483876762061368 0.345501902744049 0.0510475419280847 0.0395720999175388
0.00915073564648863 0.0101686267281484 0.0762865859211643 0.433087788784098 0.4713062629201
0.168676696235307 0.363351604215753 0.134171062626595 0.0722742297105132 0.261526407211831
0.172492431914549 0.231906362225649 0.229401118477529 0.219260050473175 0.146940036909098
0.229787803550581 0.274376253517612 0.156340710869673 0.209349244592248 0.130145987469887
0.129571612591124 0.361003244382809 0.0394695117285706 0.400303174979649 0.069652456317847
0.266882644440078 0.222405965267751 0.154454388017453 0.28753972336747 0.0687172789072472
0.175152877379068 0.269014906313824 0.279680813797936 0.163749101627689 0.112402300881482
0.203785384932125 0.0204125451870483 0.452215768450698 0.278519237792532 0.0450670636375964
0.244294153003132 0.133863268107765 0.115825913124999 0.219612069874588 0.286404595889515
0.219214702875715 0.0589009525128562 0.424766859211196 0.198569495291354 0.0985479901088786
0.145508621069048 0.122760408662139 0.23913730418813 0.17889141234804 0.313702253732644
0.302526954200682 0.150859139963863 0.164496669196241 0.0891131111533909 0.293004125485823
0.243677369196309 0.221564655810748 0.0585713327131326 0.201796646516107 0.274389995763704
0.23164857007919 0.283647004688729 0.0892164653491798 0.315663309359128 0.0798246505237737
0.104887905298511 0.0483080532470169 0.3970942092583 0.121387967337566 0.328321864858606
0.120428361125581 0.0676482478120339 0.378850431254613 0.284386640893388 0.148686318914384
0.192629045766928 0.270743898046374 0.00678825536683481 0.194813239900759 0.335025560919104
0.281722416556921 0.280299144047241 0.263575650902167 0.080775773272438 0.0936270152212332
0.36232926547874 0.24518713063895 0.32071059905786 0.0673685492531691 0.00440445557128022
0.196121052336807 0.0212667022460377 0.335172135786635 0.123117178507054 0.324322931123466
0.346556933243352 0.266305727599524 0.127596691996178 0.248640854566599 0.010899792594347
0.124156827642694 0.227740780889212 0.16052944261593 0.227341737245317 0.260231211606848
0.0765506359550458 0.272679757528958 0.245603822535037 0.327385410982369 0.0777803729985904
0.30379661506478 0.252450215954777 0.0543654640529039 0.153218757227058 0.236168947700481
0.190197447154764 0.220080665338349 0.267725948839597 0.0467896280833671 0.275206310583923
0.231005588206619 0.411492964941854 0.0200379479727468 0.0138849902775958 0.323578508601185
0.244881720344623 0.237601422419306 0.195482590365035 0.263860905301714 0.0581733615693219
0.215423839226518 0.269163841946134 0.274501772398503 0.158621599253313 0.0822889471755327
0.206277141176325 0.291058160423427 0.156991698135996 0.328223874324076 0.0174491259401755
0.0132429250501695 0.342150247303242 0.070075321487118 0.13774573857577 0.436785767583701
0.0819176587569941 0.350038771457073 0.0382170061708969 0.345005679991394 0.184820883623642
0.0718993841637489 0.235379167233829 0.348404032330639 0.0928569426146428 0.25146047365714
0.00865240897423993 0.29113926153799 0.0356744275754265 0.276982655845199 0.387551246067144
0.114169489731589 0.0835241871191056 0.241448523969486 0.185401999442348 0.375455799737473
0.0635482110062206 0.0320540690470291 0.282502709188819 0.333505150745314 0.288389860012617
0.0675144185573746 0.0985889706383446 0.160445456414842 0.345261855945253 0.328189298444186
0.397036003856526 0.017361564363742 0.0843353280362523 0.336640312161848 0.164626791581632
0.205933558187379 0.298193549306576 0.360103121686976 0.0494937792954568 0.0862759915236119
0.291693537758427 0.275654581704971 0.0215486693885021 0.354057835356347 0.0570453757917531
0.0714362505219157 0.372421806269367 0.12408659530059 0.068395170839715 0.363660177068412
0.0564972908091204 0.275306258348252 0.309341173864119 0.0962512779931033 0.262603998985406
0.287046699703046 0.224442234292084 0.103431453166597 0.162022723146837 0.223056889691436
0.101500061609394 0.0818251904368197 0.288229696180748 0.211367060221383 0.317077991551655
0.121679442080945 0.300107640140892 0.262019606909757 0.0504752664786142 0.265718044389792
0.205981663613118 0.222154011454789 0.0712111019757633 0.380013136248405 0.120640086707924
0.172775471521308 0.305510108925238 0.185670882824359 0.0848587623792645 0.251184774349831
0.122606369468741 0.23036511451927 0.0776690738886823 0.434136784291132 0.135222657832174
0.110923976815942 0.293438320018735 0.281430965475502 0.0721016612392223 0.242105076450598
0.32314774664479 0.36404034195077 0.0188000356756549 0.133816099819349 0.160195775909435
0.128065574198206 0.388103562179036 0.122543018583846 0.124892466712598 0.236395378326314
0.293444687583311 0.236845049772339 0.19920269837966 0.0463789030640249 0.224128661200665
0.301024484237491 0.118406513413339 0.141734267122615 0.0153410619850536 0.423493673241502
0.317664629376135 0.366818229363753 0.123546698319088 0.057920379565661 0.134050063375364
0.146772198636675 0.035196501695231 0.222479714950892 0.360960824196248 0.234590760520955
0.390346266132734 0.0700076777731986 0.324250756699958 0.110015814923 0.105379484471109
0.00736103145031619 0.178258831504755 0.257958350172886 0.171651308260207 0.384770478611837
0.18126296471617 0.171448738355386 0.197775593049369 0.249095333907149 0.200417369971927
0.197010960401141 0.140226666946555 0.376931345518698 0.237754907578265 0.0480761195553401
0.329853273920771 0.0271726147274486 0.171394222331349 0.175678457730335 0.295901431290096
0.115639666110742 0.271749383629053 0.267522763877795 0.287426522222291 0.0576616641601189
0.0599759076294961 0.350175323611724 0.20084939405686 0.244333387723792 0.144665986978128
0.125422306396812 0.0336305592769902 0.283814816163979 0.164651931194968 0.392480386967251
0.362096496381017 0.201708184000288 0.0585001366551531 0.223368451489208 0.154326731474334
0.17309356177162 0.233152278248059 0.177616768292955 0.168291630987817 0.24784576069955
0.31818349805172 0.116594866623653 0.414889599165263 0.0352544758955265 0.115077560263837
0.0176509382437668 0.346332447455046 0.0990087722217502 0.277475461449578 0.259532380629859
0.389781288939008 0.246840005696611 0.106136779492986 0.03251791126471 0.224724014606685
0.0357858105753286 0.295693647814446 0.26311322395624 0.101594298405368 0.303813019248618
0.217665788489368 0.443631145747663 0.12102119255321 0.109693450885074 0.107988422324685
0.293832704712069 0.268239995005328 0.285411151109909 0.0655888331303365 0.0869273160423587
0.0937546848561472 0.178833562034132 0.0720620305381418 0.350842879553089 0.304506843018491
0.242982040338679 0.192136777156495 0.258399387631266 0.191939036953606 0.114542757919954
0.346320250445843 0.281978991454737 0.096251931640937 0.172716177881619 0.102732648576863
0.233960572819836 0.160811708682252 0.207123627242086 0.394569710070616 0.00353438118520997
0.330700626895117 0.332967827101725 0.101112193263224 0.0347487129504969 0.200470639789437
0.156856580098004 0.0466486046732372 0.200868824097238 0.344392873905626 0.251233117225895
0.235460218538329 0.306999825791587 0.0168129418584397 0.312593979345335 0.12813303446631
0.3057613728006 0.165069089293529 0.215919639445595 0.19720758501835 0.116042313441926
0.0426483405362521 0.167064387203765 0.164162147094753 0.386262256356038 0.239862868809192
0.315133199202482 0.0905756957611881 0.296970168841898 0.262744557369165 0.0345763788252672
0.238758015501168 0.0198697539100918 0.184608060137509 0.284478911638583 0.272285258812647
0.00825087727114469 0.128585516279159 0.269229700664946 0.107614297233134 0.486319608551616
0.122600822673001 0.223766859959332 0.244240420310596 0.128171783433106 0.281220113623965
0.279643088771055 0.339530344602244 0.206762414078336 0.0578639246630308 0.116200227885334
0.092023041473617 0.232541598621778 0.255771022811183 0.318230324345374 0.101434012748049
0.29058214491748 0.104057588621189 0.101948879343274 0.282881149796745 0.220530237321312
0.321117556555929 0.208352071215753 0.209061604608407 0.17619091373782 0.085277853882091
0.351078102672079 0.183655715217346 0.0990235507901594 0.247686660759146 0.118555970561269
0.430751325828262 0.253583776811648 0.287547533305327 0.0216904408626818 0.00642692319208194
0.332891324153552 0.135425601890035 0.288875093156554 0.231214349869819 0.0115936309300387
0.128466550424478 0.437521909769194 0.241851633559279 0.147987477622951 0.0441724286240978
0.345272075144591 0.138268812055861 0.0173539999992411 0.282415431581078 0.216689681219228
0.149339958978523 0.111888643442612 0.293373636524699 0.25809209920336 0.187305661850807
0.120650750631889 0.419298911168297 0.00205429215751291 0.328775513455874 0.129220532586427
0.315539059605269 0.0152230417492744 0.274800741333361 0.225403949828072 0.169033207484023
0.135773718248933 0.0675154848004314 0.271936334460267 0.156429398868165 0.368345063622203
0.0737377062057073 0.195215824917216 0.294470850075839 0.296159862106506 0.140415756694731
0.193299333729476 0.200342257479125 0.313086453765985 0.0904988855593775 0.202773069466036
0.0449654836199437 0.0999352412137144 0.253862185128252 0.440194732219829 0.161042357818261
0.286945873697317 0.218639817993562 0.0868509497787924 0.117886886608607 0.289676471921722
0.149149727300146 0.0917554012014027 0.276002403439591 0.279344966064904 0.203747501993957
0.108565393790269 0.337711280559492 0.047140491964188 0.0927213038338011 0.413861529852249
0.48097887625098 0.312647291836476 0.0642935339748739 0.0393198073840532 0.102760490553617
0.144699017284659 0.0449302585809353 0.143413784210958 0.476402474744573 0.190554465178874
0.0360240365948442 0.351197050770117 0.28673692138793 0.214818910539334 0.111223080707774
0.389626072223712 0.0590844930584191 0.232417932252268 0.202313418262371 0.11655808420323
0.233206897272576 0.211621652865524 0.266236667118239 0.157430833009069 0.131503949734592
0.320469123315985 0.223403538304897 0.2542133759845 0.082345139532978 0.11956882286164
0.262580345884488 0.145539420454664 0.147947439433692 0.289237408884551 0.154695385342606
0.0727029926391203 0.204598362228112 0.0168511424803996 0.306531629342442 0.399315873309926
0.382122592899269 0.316732805520793 0.136656369238981 0.140936626191211 0.023551606149745
0.356423369440935 0.279253675519924 0.0830910767135196 0.122004802339437 0.159227075986185
0.188743955619533 0.175544524183946 0.2400092066394 0.0707353939876587 0.324966919569462
0.0182498256509556 0.431247537160312 0.103421015615374 0.243548665826737 0.203532955746622
0.0915929280854278 0.00421647851016408 0.303959284365083 0.324697154896712 0.275534154142613
0.354210274425749 0.258361189532389 0.212153423545665 0.0975305455132808 0.0777445669829161
0.124789241290184 0.182110339672382 0.100580657703916 0.397091811864574 0.195427949468944
0.263546965301862 0.162969833923671 0.212725651571941 0.253080442270268 0.107677106932257
0.00317410709374957 0.321987304036507 0.173699323393202 0.173029408533328 0.328109856943213
0.19222883298881 0.270403991743092 0.267263473189551 0.205801615399136 0.0643020866794104
0.17012624893984 0.0295164607803617 0.168588368195393 0.405052539327546 0.22671638275686
0.143227005537926 0.0539897180138107 0.203896693828027 0.262780081944936 0.336106500675301
0.202761279924646 0.224517706549667 0.130456095328964 0.101056477619283 0.34120844057744
0.125234003069658 0.280831937000165 0.129103677148647 0.287751034325418 0.177079348456112
0.026069977443293 0.495177994798315 0.0674297444750323 0.0483749156737179 0.362947367609642
0.0250058700539272 0.318894526484221 0.218543597653365 0.260500179439046 0.177055826369441
0.125837060200966 0.25959954521594 0.268754206965628 0.248643075873014 0.0971661117444526
0.204757926763167 0.170379474797896 0.269210062510427 0.103035932681076 0.252616603247434
0.231591524801377 0.266981740118199 0.116380610895143 0.341457454575963 0.0435886696093185
0.309511697885906 0.348933816300002 0.0739139414037646 0.209749890684859 0.0578906537254676
0.0170204861023989 0.258208240621947 0.0733787765776597 0.201848224476964 0.44954427222103
0.245626595091326 0.227919028809494 0.252738814005491 0.0890872928345673 0.184628269259121
0.313637534357258 0.161491673511293 0.12068258326352 0.125594253653284 0.278593955214645
0.531751950384103 0.0365736912926709 0.29028477020374 0.0126819102342284 0.128707677885258
0.22947691680227 0.260001978243453 0.0878903644547918 0.121423851084781 0.301206889414705
0.278389273250837 0.414514398586737 0.207020738039331 0.04123383577137 0.0588417543517245
0.0727162380802867 0.274710067960989 0.371538581151965 0.0472027339597606 0.233832378846998
0.251303982625506 0.109109337889319 0.30258323423855 0.101141589713497 0.235861855533128
0.0228751568909547 0.151861357021584 0.715235846052854 0.1020778143016 0.00794982573300692
0.116770490637953 0.256790105200536 0.337661032289094 0.0315447989447402 0.257233572927678
0.182612742896758 0.089148137994263 0.336196344782578 0.237164849295379 0.154877925031022
0.302071396454054 0.118689170004993 0.300478370949668 0.269643280221312 0.00911778236997424
0.00271305311666812 0.295729796532263 0.161260504537137 0.251387149096363 0.288909496717568
0.261058327868177 0.233852427568886 0.152220371237025 0.0829756138957389 0.269893259430173
0.245841563260048 0.0589864740868758 0.0708856495004864 0.403395276056536 0.220891037096055
0.301255461124866 0.0127319199726477 0.26178561768936 0.0999974451580316 0.324229556055095
0.303870769504184 0.0577524823492414 0.189150451884296 0.0747953897867894 0.374430906475489
0.0524383095418118 0.364231342188334 0.133236739509342 0.344511236442002 0.10558237231851
0.197284424819863 0.0254702739416229 0.276306483854625 0.374819650193127 0.126119167190761
0.167352881535401 0.0880097180410383 0.17985497376718 0.395889517665564 0.168892908990817
0.328886309051326 0.192668467471779 0.195092870375044 0.129527651369373 0.153824701732478
0.383936805982253 0.0268605827928382 0.189200788595149 0.144970518624943 0.255031304004816
0.20854033205714 0.145234190890975 0.222702387298389 0.201695476375868 0.221827613377628
0.0565427733834458 0.253145358152458 0.239079677666107 0.202534786807602 0.248697403990387
0.309451299946339 0.130916600118496 0.305278671406312 0.106470369077008 0.147883059451845
0.0698156662579009 0.192394562617844 0.311025643057807 0.236458138316979 0.190305989749469
0.15319656692904 0.0517283822892489 0.291860149607645 0.275813612731699 0.227401288442366
0.0993401615653834 0.256431732545754 0.110602548108336 0.238348430001609 0.295277127778918
0.300185464936376 0.292314227454974 0.218869203355398 0.129310506139269 0.0593205981139832
0.250251135543066 0.252734421776214 0.100585097539555 0.0802358886284469 0.316193456512719
0.347315277355503 0.024301688452276 0.326878883742388 0.289708240943842 0.0117959095059915
0.40343496254083 0.366551707397589 0.110941712605808 0.0364652700307201 0.0826063474250533
0.222674680316813 0.137280164014523 0.18429201366115 0.275657988648092 0.180095153359422
0.250772743400474 0.00255289323170445 0.20140153569476 0.246373330758161 0.2988994969149
0.0504995551444393 0.377797509316378 0.0408627269009258 0.447260938119553 0.0835792705187036
0.292932576634559 0.192593428036216 0.18552781623919 0.0779255864492506 0.251020592640785
0.230416371029271 0.18220861584539 0.0131345673747832 0.237868160796112 0.336372284954445
0.0621204667302926 0.519403940812779 0.182715098449356 0.0910153769485766 0.144745117058996
0.0385255382929355 0.377611994226902 0.421244736551394 0.0140318131890883 0.148585917739681
0.166401938072801 0.332335217915895 0.133411860174562 0.236842266807675 0.131008717029067
0.0430308433231357 0.21137512222753 0.296649495276147 0.227982014596765 0.220962524576421
0.0942544203701631 0.243655848373926 0.154849227805246 0.378214307261721 0.129026196188943
0.00774222739478326 0.345436786947523 0.28528716436512 0.0793660024181943 0.282167818874379
0.0316596798997018 0.421249675238891 0.194202842443136 0.190461950957611 0.16242585146066
0.277324838773716 0.0296040698733019 0.260841004257558 0.247759737717848 0.184470349377577
0.217016799009977 0.274685123890918 0.0348946309204218 0.302323285625994 0.171080160552689
0.265876217188792 0.279040261458574 0.0832366815542878 0.0609749360336942 0.310871903764652
0.118048519046257 0.185434910177643 0.217089602166528 0.197900441452872 0.2815265271567
0.247211306640887 0.178448375986504 0.193309637269036 0.221790623591308 0.159240056512266
0.407816192298008 0.0352888949975564 0.0343743356425706 0.338123489895265 0.1843970871666
0.738475403659826 0.0538966335847244 0.106650640739802 0.00101183180482916 0.0999654902108188
0.442957496248595 0.269776573136488 0.0316698455292561 0.0957405027362888 0.159855582349372
0.120763988893989 0.10127072983547 0.272880355849081 0.220799913695705 0.284285011725756
0.19009216052875 0.354843293189437 0.053600591531242 0.245364152292724 0.156099802457847
0.0581668368882264 0.16429070560699 0.140610510371389 0.37429149964555 0.262640447487845
0.390093361169013 0.24656925995039 0.131276777286588 0.154802937429876 0.0772576641641329
0.307208380752346 0.0535479309382792 0.181850719478686 0.301949911232498 0.155443057598191
0.0530912308981402 0.135106679045619 0.235367558401276 0.201849144424513 0.374585387230451
0.33349145402771 0.311406401200901 0.0514122974914014 0.263222035723224 0.0404678115567635
0.141811680486258 0.185547588957707 0.370594601377388 0.284320445098972 0.0177256840796742
0.214526083560863 0.207508274912034 0.203997277343908 0.228776962219472 0.145191401963722
0.255601578779432 0.108656874439925 0.119186003816655 0.246858838976974 0.269696703987014
0.0699541439892244 0.126439259499863 0.331523544777769 0.230912761103576 0.241170290629568
0.351537687055673 0.239675701244773 0.0496237564885316 0.000472774704550207 0.358690080506472
0.222299698054048 0.186088665806761 0.0690322386693809 0.180916103099108 0.341663294370702
0.103182363870253 0.211823365437745 0.221800414352364 0.252819878024431 0.210373978315206
0.258335760644657 0.263779345955944 0.0143808451376483 0.112367216376543 0.351136831885208
0.054082842586569 0.216302035831036 0.19893503552091 0.260698368375681 0.269981717685804
0.231859460589584 0.318566412588558 0.0773233738350613 0.306192949514971 0.0660578034718259
0.181422357302001 0.287296655810308 0.154880891969018 0.226718874615411 0.149681220303261
0.18952856451161 0.245427367168366 0.292567647814106 0.162251252307791 0.110225168198127
0.263431120234952 0.136069670683794 0.229590529668846 0.336428932161617 0.0344797472507907
0.204036002638983 0.178732769693104 0.233343369338111 0.154976172860102 0.2289116854697
0.334058469495038 0.300944151504253 0.126900109966002 0.0965809907394114 0.141516278295296
0.0628101560136898 0.313313759049769 0.333771201726903 0.0550876514018284 0.23501723180781
0.315047805983269 0.115017293906804 0.219283148619192 0.0352885109666502 0.315363240524085
0.0799126088380808 0.0802919744423428 0.417283804837503 0.150327130947254 0.27218448093482
0.0239270042873575 0.487202736061158 0.133721606891768 0.213428706668459 0.141719946091258
0.351120065314785 0.243575534757663 0.298001377460438 0.021028148384655 0.0862748740824589
0.0262673891647945 0.404650946651481 0.432018701881589 0.0802566801665068 0.0568062821356293
0.249745234580896 0.226830105922343 0.18031274558986 0.111874692809436 0.231237221097464
0.0607417767828677 0.254283885281089 0.42388195106952 0.162611408609675 0.0984809782568481
0.253073707405951 0.254220023068672 0.149045877462043 0.274183519995005 0.0694768720683298
0.201800066599277 0.14395297264962 0.196849880495939 0.212613932407856 0.244783147847308
0.252482249262121 0.0736149131048982 0.104517609914216 0.261809656900787 0.307575570817978
0.16578633425703 0.0632188228673456 0.292750039009518 0.132921571943395 0.345323231922711
0.346162254474579 0.333594648456439 0.0561878161825107 0.21274129119449 0.0513139896919811
0.362640747582985 0.134443872470656 0.124685129060051 0.157960409710549 0.220269841175759
0.247531151591021 0.251616799201644 0.0185604183648498 0.320147981147183 0.162143649695302
0.27146539635754 2.49286456246309e-05 0.324025912348013 0.2228336517148 0.181650110934023
0.161536220699271 0.25807826493838 0.0160619716386475 0.134245758328245 0.430077784395457
0.00842070369870684 0.294353138351776 0.0306512946547958 0.333362402485957 0.333212460808764
0.589946597831266 0.0843046682259522 0.038561866465987 0.128456870947743 0.158729996529052
0.154389773244894 0.387050372334873 0.0737261324749129 0.120367433073421 0.264466288871899
0.170227680086505 0.539743893044921 0.0742341374417566 0.118849752672297 0.0969445367545208
0.226193535524935 0.00489629495196495 0.335995012518803 0.170721786014087 0.26219337099021
0.239553554078692 0.267277897136079 0.288535719981198 0.10841423608719 0.0962185927168411
0.195055727928933 0.338416801650099 0.324136296584233 0.0623987721595136 0.0799924016772212
0.208044288924854 0.39632109144312 0.0634350102638546 0.125562875334223 0.206636734033949
0.282954314628957 0.0218753934972388 0.089218082198194 0.0497462935207436 0.556205916154867
0.183164440345073 0.30356824265385 0.129383528151522 0.037816732385889 0.346067056463665
0.297928397480893 0.0442959467272621 0.213029622869817 0.040816552116202 0.403929480805826
0.232688996517272 0.408482063886531 0.251452947362758 0.0965564536848017 0.0108195385486361
0.212948656303032 0.226173517575324 0.0697309764670002 0.201127481962172 0.290019367692472
0.065007014116674 0.129248750664789 0.143447706703724 0.514889092743217 0.147407435771596
0.0828621191668595 0.27075275709813 0.249527389240262 0.32780717597914 0.0690505585156096
0.124194418512345 0.398996612592296 0.247717591345363 0.0845030145476383 0.144588363002358
0.31628269187397 0.239834172668011 0.130950433488526 0.307022725870149 0.005909976099344
0.188992265053803 0.277334553288074 0.20772195721336 0.0271910452851206 0.298760179159643
0.175380054463709 0.357615901471302 0.092084545467 0.0456228938312228 0.329296604766766
0.0416293031853238 0.0911587800138146 0.304258216317384 0.377933644868677 0.1850200556148
0.146927551128792 0.065841368103457 0.356100858954776 0.23479570852821 0.196334513284765
0.230510614888302 0.125941026938026 0.0736609974683208 0.339041990269948 0.230845370435404
0.298445696422938 0.288281632618135 0.175080783970615 0.194086665683779 0.0441052213045332
0.0100004850216735 0.206651167788089 0.280766677024338 0.20461100654952 0.29797066361638
0.12309677065248 0.209440969866082 0.327734624850534 0.0471907650781755 0.292536869552729
0.061987166722037 0.406577910822889 0.0769845526418059 0.312497235261323 0.141953134551944
0.235973640609327 0.152098255506478 0.153500851514078 0.267211222228526 0.191216030141591
0.315729549554167 0.20201091494947 0.0535942429850315 0.215275226969658 0.213390065541673
0.112505492070721 0.145267591086988 0.0483578237540618 0.35749296566792 0.33637612742031
0.216409115309285 0.174417669129175 0.0251081524257244 0.210135717581352 0.373929345554463
0.111220903735808 0.383791471968561 0.173826275698945 0.0715113391659144 0.259650009430771
0.460121302897559 0.136004366612414 0.204868161764991 0.0990926184892999 0.0999135502357354
0.266019860854716 0.225859540576467 0.278577694634517 0.165277913632858 0.0642649903014419
0.253817710274009 0.186932293717746 0.202127909537819 0.104529841387417 0.25259224508301
0.328050030470697 0.244822579706352 0.169206119568615 0.173073514067862 0.0848477561864738
0.486169571939827 0.0348965775659913 0.31224376363705 0.154913170598574 0.0117769162585583
0.286441699094901 0.161910408793767 0.0252177672222791 0.239160721313817 0.287269403575236
0.136529937369141 0.0696189748773522 0.140018535877302 0.32579301350366 0.328039538372545
0.115183454235137 0.355560867664856 0.0707345598887965 0.183362772824075 0.275158345387135
0.417880697163603 0.0516198272840194 0.322327871526504 0.0338995933920474 0.174272010633827
0.298862452506936 0.18519335903277 0.0313248558551636 0.141729071081966 0.342890261523165
0.45954433297645 0.230373643829161 0.295586245703976 0.00963834001263803 0.00485743747777451
0.0519316083736206 0.19826669895929 0.310996498136161 0.179585934457341 0.259219260073587
0.180772045797926 0.381668508056386 0.313915432574672 0.094413150252366 0.0292308633186503
0.0234639097355607 0.268066555196722 0.284490928925332 0.268387757015957 0.155590849126429
0.228551555325345 0.181302882084378 0.21910234380401 0.202533525667241 0.168509693119025
0.253401241616874 0.278448018797509 0.146623756200465 0.249005819391203 0.072521163993949
0.291765045538608 0.268697921662711 0.169306266035088 0.0217558357273358 0.248474931036257
0.177621718120065 0.163966044808105 0.142475603165863 0.419620502876743 0.0963161310292239
0.405995693498674 0.0704944464831509 0.196057194441274 0.300696761087452 0.0267559044894483
0.027642890133423 0.263481906720521 0.372214909035797 0.122846751418509 0.213813542691751
0.21247762526925 0.308806292889923 0.276996504251864 0.137512634822676 0.0642069427662865
0.330738905843027 0.183717579245757 0.208808666211648 0.223790229063588 0.0529446196359803
0.236649323662729 0.166657996334837 0.274610626646892 0.145012550963137 0.177069502392405
0.0250588737740603 0.421036740834976 0.0845796332108851 0.183879761410356 0.285444990769722
0.371177452056521 0.0134091959937096 0.164455388482393 0.200797066761913 0.250160896705464
0.0356298189198168 0.384941622871603 0.231741434630651 0.0550279169269703 0.29265920665096
0.168970134068977 0.118923638161661 0.28481451131369 0.143811387063835 0.283480329391837
0.0758239418301354 0.301126188871028 0.171837527959892 0.427667572543525 0.0235447687954194
0.231602712241653 0.0613901258289194 0.255535395021329 0.21751136926004 0.233960397648059
0.00786510573812841 0.104226344224588 0.339192459567097 0.167285964092962 0.381430126377224
0.0652713829938464 0.0153303094878762 0.312921132018829 0.444584311640608 0.16189286385884
0.241589673092081 0.167728862438204 0.10908577667771 0.0332942658792471 0.448301421912758
0.229916547270149 0.356254986636274 0.164711864296535 0.0115843940608638 0.237532207736179
0.327370039579417 0.239924889957492 0.0160101788532313 0.228383042047593 0.188311849562267
