0.177990375602967 0.210508139965639 0.239815042591194 0.3716864418402
0.0424290263777075 0.396610659221571 0.438995922233501 0.121964392167221
0.399248162014537 0.114809233917596 0.140760493035682 0.345182111032185
0.113608503452279 0.29420187822158 0.331760394630852 0.260429223695289
0.00154736396218536 0.117942028967923 0.104265296121543 0.776245310948348
0.32298199656806 0.0981879827387741 0.0191005465730912 0.559729474120075
0.122321095930447 0.254484587108551 0.335965869036324 0.287228447924678
0.267749227557488 0.343354492405563 0.0928734826724745 0.296022797364474
0.234841427983403 0.196347035391825 0.285535901990129 0.283275634634643
0.352087155930077 0.0386335572456555 0.552856177193184 0.0564231096310838
0.139074219655952 0.174910765354383 0.346076930603462 0.339938084386204
0.31232339617801 0.256741788841636 0.161370740924825 0.269564074055529
0.31645443320738 0.378701503151392 0.0972228510893417 0.207621212551886
0.240099463905799 0.426249553910107 0.00310881069571177 0.330542171488382
0.277040336180655 0.304271179359894 0.239710848436747 0.178977636022705
0.38080785289539 0.306498659036181 0.0552992817384268 0.257394206330002
0.387481815894796 0.0154861696095282 0.368021224132818 0.229010790362858
0.0365401021703123 0.0239563645926113 0.471408390822605 0.468095142414472
0.376152080843975 0.0189117088036924 0.535513317287074 0.0694228930652595
0.164803906108899 0.329880666369729 0.143969504109964 0.361345923411408
0.340874182840003 0.117152290119041 0.231112333404569 0.310861193636388
0.358198500496835 0.146094884576452 0.185831436053771 0.309875178872943
0.0401060003112731 0.234255410360612 0.234673431399195 0.490965157928921
0.52179837130616 0.0323488652743884 0.0352898439257891 0.410562919493663
0.045765312538964 0.271244865829446 0.188170519972643 0.494819301658946
0.463678289048196 0.00370481983378551 0.129076598042886 0.403540293075132
0.22708109822409 0.223898423850762 0.275450128276027 0.273570349649121
0.215953748865494 0.236152651886763 0.261275241495319 0.286618357752425
0.196761776214634 0.27428842532214 0.268190620563429 0.260759177899796
0.281234120732248 0.142418137884333 0.268322759259752 0.308024982123667
0.315286844558373 0.21199514222912 0.100404348182146 0.372313665030362
0.4670903320095 0.224751421863013 0.170713699746361 0.137444546381125
0.453840933057789 0.135448280714543 0.335900986629866 0.0748097995978025
0.0216393122791987 0.384960661086914 0.211925859641127 0.38147416699276
0.660792490673703 0.0775495739471762 0.202234875185528 0.0594230601935928
0.0100629337489552 0.300051747508446 0.363639805997097 0.326245512745502
0.432538381882541 0.363503369334426 0.172364825312427 0.031593423470607
0.186732399345197 0.372879590213506 0.308260338668124 0.132127671773173
0.241701378899639 0.262945100817681 0.252705276318706 0.242648243963974
0.4333150634619 0.175595794630764 0.354040042537941 0.0370490993693951
0.438585783463627 0.445747074403929 0.0569989081814445 0.0586682339509993
0.222792937834343 0.160042915998638 0.27980250431085 0.337361641856169
0.189493533053046 0.321772869731148 0.022501207135122 0.466232390080685
0.069133211548534 0.144784972559908 0.29508674713738 0.490995068754179
0.170293293141878 0.429596277302071 0.000335896762988355 0.399774532793062
0.16754393447369 0.0065021597502508 0.502143432867397 0.323810472908662
0.387378374641461 0.0367521082027526 0.0942123388568283 0.481657178298958
0.0915833800486806 0.335185404330775 0.227021696677257 0.346209518943287
0.263625333128135 0.494965344793552 0.216474060073847 0.0249352620044655
0.0932769985043221 0.278785193268614 0.166775575643886 0.461162232583178
0.317543230444845 0.0330363998853513 0.382495765578403 0.266924604091401
0.276390560019957 0.378742118361972 0.126932045360206 0.217935276257866
0.0974244391923887 0.481907980886305 0.178121402512852 0.242546177408454
0.199031318153774 0.285974305722462 0.314018178821521 0.200976197302244
0.143637318376473 0.3314808815768 0.283054781110447 0.24182701893628
0.149004192934013 0.147981671359823 0.541321319755633 0.16169281595053
0.343363518245497 0.091930605166849 0.283371934983089 0.281333941604566
0.014886655954109 0.552845829024785 0.0930981187381805 0.339169396282926
0.0815755777354955 0.265825971647573 0.219696322900821 0.432902127716111
0.422845754331395 0.300250956741488 0.242473707804383 0.0344295811227342
0.230267890582633 0.210442328515838 0.0638743116032857 0.495415469298243
0.298629505373082 0.163120620458119 0.0522740499706412 0.485975824198158
0.172442281239438 0.27599429058382 0.125951845983551 0.425611582193191
0.0771436084385603 0.336649958579455 0.184091195720159 0.402115237261826
0.0338587127726055 0.391743621990357 0.303253739123069 0.271143926113969
0.33186984960284 0.343167429391068 0.0895964164681085 0.235366304537984
0.416021980971667 0.460825778417716 0.0584690501300177 0.0646831904805988
0.314278650604254 0.421087953724833 0.122847370085253 0.141786025585659
0.181404629880498 0.374548604118827 0.341790676305342 0.102256089695332
0.0324557454378741 0.405471847668757 0.233863565153657 0.328208841739712
0.640418866546317 0.0709736997796997 0.230613177422036 0.0579942562519473
0.0714370024515875 0.605844250530487 0.172579544783959 0.150139202233966
0.194627721659906 0.263554957834676 0.269382289255859 0.272435031249559
0.212823681010096 0.359553938399187 0.217244291535599 0.210378089055119
0.296311575190004 0.258368238195136 0.214622046713594 0.230698139901266
0.381946267212897 0.258824523931993 0.190696573209294 0.168532635645816
0.160748741295321 0.289309815014241 0.240130367598289 0.309811076092149
0.0219072028155706 0.174082129492238 0.0210433026281 0.782967365064091
0.0464338652029483 0.326920328452953 0.309403092542773 0.317242713801325
0.329926299802734 0.0181794897582637 0.46756665596311 0.184327554475893
0.0924520772891204 0.430936599682557 0.376375464695333 0.100235858332989
0.285861998224115 0.418123020967503 0.0824118100784093 0.213603170729973
0.210347618847839 0.599521882608621 0.141269243956986 0.0488612545865542
0.0313697542148422 0.24799074217029 0.358680156903041 0.361959346711827
0.504677529674132 0.0395087347613304 0.285346358238856 0.170467377325681
0.207187885400793 0.362948573591646 0.218345231447218 0.211518309560343
0.335812796789128 0.179344335754767 0.423030623006268 0.0618122444498372
0.259120529831434 0.281123600554339 0.279217617935038 0.180538251679189
0.373703566882469 0.0318350807527703 0.181430747228766 0.413030605135995
0.309697045595022 0.0990916796519166 0.30789660358296 0.283314671170101
0.258616449910506 0.0712642863989122 0.335061825200541 0.33505743849004
0.02256427441177 0.173350351835707 0.453197008532226 0.350888365220297
0.298714967616704 0.302607516343681 0.189438819443084 0.209238696596531
0.295618618243833 0.346123211037856 0.152733442860055 0.205524727858256
0.14068087645534 0.0618865919690288 0.351233995022066 0.446198536553564
0.305843489880351 0.0864244492013021 0.188167566023968 0.41956449489438
0.135137974625657 0.463710019586296 0.239006949893152 0.162145055894896
0.244468969682552 0.319198932819774 0.152555356823011 0.283776740674663
0.157561446299727 0.287695156951962 0.28347394148872 0.271269455259591
0.0517944482194757 0.0157777426424426 0.35805442154898 0.574373387589102
0.119259800623483 0.287418150391139 0.261419827378128 0.33190222160725
0.0939508036242607 0.0281125402427331 0.398535443749406 0.4794012123836
0.0959175975232174 0.286766183885862 0.507514228525704 0.109801990065217
0.527812422595402 0.369094853270453 0.0735153276223936 0.0295773965117515
0.393571506623186 0.207364248273097 0.120818932548209 0.278245312555508
0.268609571597282 0.12646844076483 0.0651708460875935 0.539751141550294
0.0922227365636633 0.429036700672368 0.396755871782684 0.0819846909812851
0.254179296032279 0.185429893334421 0.0785685101491364 0.481822300484164
0.385209950650573 0.164991019707845 0.203926001379941 0.245873028261641
0.319008176231653 0.566980392385692 0.0453255679474862 0.068685863435169
0.184374774884332 0.227759524988683 0.221641509750027 0.366224190376957
0.168567884151368 0.188341229967885 0.51595056788662 0.127140317994127
0.329617358860105 0.334993058547174 0.00456757031785477 0.330822012274866
0.0357147300624691 0.407677998102246 0.192194265895581 0.364413005939704
0.163325086094938 0.208437785417736 0.303179391598451 0.325057736888874
0.074893154144404 0.391308235520983 0.196757637678587 0.337040972656026
0.23066954238461 0.459201910520143 0.257542416337736 0.052586130757512
0.098007727141808 0.349979180409762 0.296718310672342 0.255294781776088
0.300620374367063 0.368656054319866 0.180035021209509 0.150688550103561
0.432439770857925 0.055943468992195 0.459914368890658 0.0517023912592222
0.3318528694021 0.000585138848300932 0.224155109306356 0.443406882443243
0.412634557076603 0.186862057311727 0.119859708995367 0.280643676616302
0.723082023922246 0.152296435738464 0.0979606629315167 0.0266608774077742
0.290351255900246 0.232361541314218 0.258224514927039 0.219062687858497
0.435130732133654 0.072210896912082 0.262213644435416 0.230444726518849
0.37080781084007 0.0393660406953331 0.2300529116383 0.359773236826297
0.267711743567203 0.143986625995309 0.251065429871772 0.337236200565715
0.253836499004955 0.215852779377842 0.454610542245631 0.0757001793715718
0.466228196808491 0.0497175523866757 0.318964570129944 0.165089680674889
0.431941252976901 0.246617349321823 0.122155092134779 0.199286305566497
0.339240440962134 0.274179251353223 0.281736451746619 0.104843855938025
0.208212291440309 0.0278518298946225 0.325159418983028 0.43877645968204
0.162249637829673 0.364676441813059 0.124263392859699 0.348810527497568
0.373604312523726 0.471973812177275 0.124019408939936 0.0304024663590631
0.0655293754563184 0.548500899184021 0.264618313079171 0.121351412280489
0.217238661764242 0.301039083492676 0.387342030115651 0.0943802246274311
0.0673925667989633 0.0829316122865803 0.647272765956921 0.202403054957535
0.510132705162128 0.0494916058978246 0.214090388648861 0.226285300291187
0.539023995484987 0.1069419177837 0.157102535802683 0.19693155092863
0.338595352137483 0.181374092706804 0.339677925992879 0.140352629162834
0.575252683929367 0.22134966145145 0.0480483107531121 0.155349343866071
0.270236254105534 0.130890179006115 0.309855991354962 0.289017575533389
0.271812034331694 0.344791189461416 0.228139764936897 0.155257011269993
0.336003455541175 0.224872026520852 0.270052161035145 0.169072356902828
0.0787575242834454 0.198192349706534 0.391718679591888 0.331331446418133
0.568080581736988 0.0516752729298587 0.108682318128587 0.271561827204566
0.385561383768399 0.292646942869705 0.148601027533204 0.173190645828692
0.0957687178830009 0.401111966669495 0.178656306662983 0.32446300878452
0.313212480945429 0.0240254382566166 0.331319467376531 0.331442613421423
0.273153495920358 0.274563754583088 0.316131968388683 0.136150781107871
0.318944099733287 0.158882863464102 0.415127729337826 0.107045307464785
0.253103455400999 0.0237007097335757 0.694419324216842 0.0287765106485831
0.324772926262073 0.338207510384912 0.028950360821389 0.308069202531626
0.283804517517866 0.337063567223428 0.289406951564607 0.0897249636940992
0.37179955305242 0.292134696158526 0.167427303968025 0.168638446821028
0.388752230087388 0.00900449213192102 0.252259140939741 0.34998413684095
0.152584195981209 0.322307814287003 0.401189145313251 0.123918844418537
0.221572544154605 0.280874140440345 0.0830938139013931 0.414459501503656
0.439556238630984 0.044467770259517 0.361392254328493 0.154583736781007
0.321088661829366 0.29227324170725 0.124125600435664 0.262512496027719
0.0631419966202466 0.491241757787503 0.0569066416358489 0.388709603956401
0.380149588655872 0.260454712971728 0.026134382333114 0.333261316039286
0.211324880996252 0.318163123691926 0.269922154528368 0.200589840783453
0.323809908242029 0.33774140674258 0.0123385215044167 0.326110163510973
0.121174757455209 0.261343557551513 0.212116305648936 0.405365379344342
0.2074881477089 0.206791553149432 0.345727926726521 0.239992372415147
0.181046590532604 0.192793596572929 0.417257259916343 0.208902552978124
0.0486709330723081 0.671968834276463 0.272491114404235 0.0068691182469937
0.304295072519996 0.1743025632524 0.401598097716339 0.119804266511265
0.0966552321982899 0.010145249100256 0.305220658001695 0.587978860699759
0.566590554100055 0.0485048516675981 0.0729482053803803 0.311956388851967
0.204942175493815 0.368155937240712 0.0262006452761764 0.400701241989296
0.227297093747176 0.153279940312838 0.285193514609464 0.334229451330521
0.0526886034798579 0.478214309973412 0.350033434389458 0.119063652157272
0.318400696942766 0.615272675364634 0.0447652466518216 0.0215613810407785
0.258225027696336 0.37299631607802 0.206749892870432 0.162028763355212
0.4020883223039 0.0388426641509589 0.194822002617069 0.364247010928073
0.00459873012894858 0.0713708187194368 0.430759551349063 0.493270899802552
0.371923078743905 0.137519927420924 0.488987934511162 0.00156905932400986
0.213775098906597 0.508728326130477 0.032529445350605 0.244967129612321
0.536355955998334 0.215641425222273 0.0612600180605305 0.186742600718862
0.000866863684540987 0.354479678325534 0.30536434423552 0.339289113754405
0.188538058220257 0.0212700636691396 0.375717186535607 0.414474691574997
0.298971544939891 0.178774015048731 0.252090245745437 0.270164194265941
0.426761943212648 0.104894164215147 0.340277713883853 0.128066178688351
0.315901568916016 0.236827058026747 0.0932757542367938 0.353995618820443
0.299985367711131 0.247788781091264 0.338286055874436 0.113939795323168
0.289869271409684 0.122568966001877 0.375296109210416 0.212265653378024
0.209973705206666 0.329986491920841 0.379596855278353 0.0804429475941408
0.393359004579076 0.426572886343984 0.127512830433477 0.0525552786434636
0.192654232650527 0.263311638587012 0.265471721193621 0.27856240756884
0.164856533895259 0.303253330437873 0.146698519836584 0.385191615830284
0.236523236474187 0.205673963871635 0.262988888723883 0.294813910930295
0.594975284012335 0.00553459803107173 0.0694296982877527 0.33006041966884
0.10658156822426 0.241845892523335 0.0958087088211283 0.555763830431277
0.286677225291575 0.369312262016288 0.260459171144428 0.0835513415477083
0.335674709734704 0.269278391270714 0.188736635845731 0.206310263148852
0.465357519557871 0.225265419608063 0.241925382516637 0.0674516783174299
0.420367857921841 0.00164118555212818 0.171109498263859 0.406881458262172
0.480623382999517 0.0525212759053107 0.176224639085185 0.290630702009987
0.281948984043383 0.19869311166221 0.210739530871826 0.308618373422582
0.337609548097307 0.397983875318842 0.0083746070790924 0.256031969504759
0.0779437222073568 0.374124624192909 0.285068897170603 0.262862756429132
0.359697776752865 0.383202987031052 0.254982850013371 0.00211638620271244
0.1674143105222 0.393387946903895 0.0431117043032663 0.396086038270638
0.356812110508869 0.224259327444245 0.141250098887076 0.27767846315981
0.178392180865295 0.380474353993815 0.15962223265693 0.28151123248396
0.35446431564802 0.299661665677434 0.150215609236051 0.195658409438494
0.324269435204934 0.17682134541334 0.437439848827785 0.0614693705539418
0.359500548747213 0.251778704447395 0.303601502022119 0.0851192447832733
0.245505748199413 0.153573138560403 0.493396518225614 0.107524595014569
0.296619926825098 0.387948983754903 0.0605368364418037 0.254894252978195
0.207014923244661 0.180866941556746 0.286104567399991 0.326013567798601
0.419910167265875 0.134880296695106 0.0432075648965279 0.402001971142491
0.473745399324414 0.193024974509251 0.323560201441807 0.00966942472452871
0.151388711650768 0.311013627813398 0.240356466283712 0.297241194252122
0.293534401165024 0.28695807290412 0.125980976296284 0.293526549634572
0.252177179437668 0.316528895255093 0.307840860753799 0.123453064553439
0.147719808853858 0.169702326502396 0.475566375329678 0.207011489314067
0.172388746187616 0.034773747120751 0.179248528559909 0.613588978131724
0.45088954569827 0.0696880597442573 0.388601381586784 0.0908210129706881
0.317378529355645 0.0316199610168093 0.603311280622688 0.0476902290048577
0.0342045503243441 0.472134425422063 0.10148889029643 0.392172133957162
0.488752311330701 0.0546988524936914 0.452001383975709 0.00454745219989825
0.0957565867793541 0.298751018290235 0.341103167510242 0.264389227420169
0.331304334567367 0.291632878338543 0.14904100483556 0.228021782258529
0.19910853783603 0.349027751441326 0.15528596584178 0.296577744880863
0.366762715186453 0.134587471914542 0.172524964281921 0.326124848617084
0.00648416906735262 0.0807668713569239 0.0613782841308531 0.85137067544487
0.250951403264726 0.183037673203426 0.150545904531493 0.415465019000355
0.22778007779866 0.182544759442226 0.14493707462571 0.444738088133404
0.244704985235405 0.133344620125039 0.267856161141228 0.354094233498328
0.173969738434537 0.42919334483153 0.337883008725183 0.0589539080087498
0.439325035070038 0.0991872294872517 0.305363383596943 0.156124351845767
0.120071730782365 0.128606785618281 0.39900076634554 0.352320717253814
0.236948548463982 0.301774489423875 0.395021424688085 0.0662555374240582
0.125012239308905 0.27348009266465 0.265117836011794 0.336389832014652
0.330492505563163 0.290250861704968 0.0942538194462076 0.285002813285661
0.163499691185486 0.316444755020141 0.0497136966171627 0.470341857177211
0.354227216051072 0.0582415249522562 0.3702240258238 0.217307233172872
0.398707612166191 0.312424462762243 0.237554283470626 0.0513136416009403
0.345487499070774 0.0950404499630739 0.249773774109346 0.309698276856806
0.109181500536884 0.361662542709065 0.169578232600503 0.359577724153548
0.283542609202736 0.287189390659838 0.0754751578789039 0.353792842258522
0.270578537538048 0.237289896439841 0.379852984567108 0.112278581455003
0.157756390854957 0.319046620614526 0.246408663714352 0.276788324816165
0.466828912915564 0.104499509872064 0.149792006378928 0.278879570833445
0.579523411173698 0.220371591276222 0.0659882739076832 0.134116723642396
0.48245371751165 0.367634242825266 0.0547424222350434 0.0951696174280408
0.215529971456365 0.00586014090249439 0.507117144270649 0.271492743370491
0.00324994565248781 0.148166858267026 0.664490155208021 0.184093040872465
0.319062562922528 0.103741211537588 0.150741228018775 0.426454997521109
0.225205157774531 0.172964482859809 0.514191708452614 0.0876386509130469
0.177834454032882 0.0722112964795798 0.286874767264506 0.463079482223032
0.276337427929206 0.374801707502743 0.266966185163401 0.0818946794046499
0.301407176873214 0.13876364532698 0.532142091330122 0.0276870864696839
0.0668176543405744 0.115793705514878 0.345613939337773 0.471774700806775
0.520176241546814 0.306437636830054 0.0286912321968245 0.144694889426308
0.130074288276101 0.290556464319267 0.236605047775042 0.34276419962959
0.546882624692084 0.300877504926406 0.0871176434955669 0.0651222268859429
0.209692043421116 0.523854540307879 0.0718218800678669 0.194631536203138
0.323984282076068 0.301699708372624 0.371086996927511 0.00322901262379731
0.360445378371444 0.361679136847327 0.0336104902584435 0.244264994522786
0.244146730006178 0.23372789205851 0.363418422665066 0.158706955270246
0.686035776928968 0.0659448894088374 0.124706169379536 0.123313164282658
0.225585126065484 0.189084328538376 0.28312951176108 0.30220103363506
0.240328185941496 0.347488119079649 0.226278891473274 0.185904803505581
0.221145838295898 0.140387237013099 0.348250296655704 0.290216628035299
0.387200916212408 0.189411889564989 0.239198972553969 0.184188221668634
0.140974186574389 0.294673878888512 0.25935072006881 0.305001214468289
0.376859689802225 0.0125409197560067 0.0625877699033707 0.548011620538398
0.254799957437195 0.406058363003253 0.284248976679688 0.0548927028798645
0.171072136712475 0.155813121754796 0.191766124480372 0.481348617052357
0.185285963261207 0.372464615453852 0.314812880530949 0.127436540753993
0.114584502856951 0.357413709132027 0.300707485660944 0.227294302350077
0.00547931259022332 0.495737220961609 0.121551402693957 0.377232063754211
0.134507998519733 0.588063769591426 0.0714936113809737 0.205934620507867
0.409488968318152 0.187174616866521 0.240196192305221 0.163140222510106
0.427643057144862 0.120039813885812 0.0726212639064522 0.379695865062875
0.312321804575184 0.123908356820322 0.285026775087178 0.278743063517317
0.539255678571395 0.0408752632609618 0.371556444872061 0.0483126132955817
0.437914744502966 0.284205535561458 0.0483705351958944 0.229509184739682
0.0470243083545647 0.0344023382280893 0.557863338265901 0.360710015151445
0.338945234577611 0.250945592169863 0.382032944099003 0.0280762291535228
0.114120310429619 0.513060513761892 0.0931526733890671 0.279666502419422
0.137781835952556 0.203711398605563 0.338006523453574 0.320500241988308
0.365593558436742 0.371174631583521 0.164268150409012 0.098963659570725
0.189224420517671 0.307556546716576 0.438037241879452 0.0651817908863012
0.198853511359619 0.377110311179137 0.310947249174651 0.113088928286594
0.183622075587981 0.0191521242372394 0.22131969486131 0.57590610531347
0.470476883778802 0.259129826452459 0.0375889388538484 0.232804350914891
0.0128111643199743 0.414584614875947 0.426710244746549 0.14589397605753
0.16860441273279 0.49670013685334 0.255238461462859 0.0794569889510124
0.382306902497872 0.0869010969474397 0.492432771916699 0.0383592286379892
0.177359739725249 0.133821988838552 0.352409420649461 0.336408850786738
0.338097862921554 0.216798402089879 0.262329840930994 0.182773894057573
0.00562222625057793 0.618841320106695 0.267756746859727 0.107779706783
0.337262251587016 0.352506423862598 0.0971350088680618 0.213096315682324
0.379583009957857 0.0798444017244579 0.184837560133883 0.355735028183802
0.187813921490371 0.238382391764363 0.276114076995667 0.297689609749599
0.259328659547187 0.301050653250894 0.127978959783762 0.311641727418157
0.198157529278224 0.505718291065492 0.078803218622453 0.217320961033831
0.156401301631153 0.309105434888912 0.232395418491404 0.302097844988531
0.269925282650576 0.252857808117289 0.0985636569092366 0.378653252322898
0.387322505930597 0.333405465590516 0.1451514277399 0.134120600738987
0.240559045064969 0.0137838125191445 0.701958941616324 0.0436982007995626
0.329284169097387 0.139344635176989 0.315621839972618 0.215749355753006
0.422572667727931 0.366216211222696 0.126681051453871 0.0845300695955023
0.138586509739435 0.362094711792872 0.230985712940004 0.268333065527689
0.483130252256235 0.132626713058907 0.266088642055207 0.11815439262965
0.176436438372653 0.245506336474009 0.376372945930658 0.20168427922268
0.443905840402003 0.227096378933127 0.265533311980834 0.0634644686840363
0.162241223849035 0.270353301893581 0.361123740456785 0.206281733800599
0.288529400064822 0.316071477792373 0.167590170598526 0.227808951544278
0.234279887780678 0.0787252788101863 0.0616000286905716 0.625394804718564
0.0832723675346992 0.255245228607633 0.351999469908529 0.309482933949138
0.36552503905035 0.183188241843091 0.22508603011026 0.226200688996299
0.0180669889974107 0.109647089378128 0.292404737795733 0.579881183828728
0.436576011686414 0.206479282343692 0.257834489802042 0.0991102161678521
0.0114949734798587 0.181587951210997 0.245354473508983 0.561562601800162
0.349848348598371 0.0564387297567015 0.350862646959801 0.242850274685126
0.0293840447388188 0.165461070363743 0.325524333739426 0.479630551158012
0.0543319653939103 0.0998500935297936 0.404516200691918 0.441301740384378
0.192927070113336 0.185895796474346 0.32072910741501 0.300448025997308
0.153141186937612 0.243822451534978 0.336717935024796 0.266318426502615
0.202706349717913 0.128508910737971 0.512003948866952 0.156780790677164
0.341096906382753 0.184976645713156 0.111166549626875 0.362759898277216
0.513216770539154 0.063536226153194 0.267002493030957 0.156244510276695
0.315133706037674 0.297933992888193 0.374757420672281 0.0121748804018516
0.357081182841528 0.0466647227009862 0.464657160240753 0.131596934216733
0.129294620404378 0.274384664160762 0.00588125822556629 0.590439457209294
0.326384728176222 0.0877715576008701 0.26205388164534 0.323789832577569
0.298665361508885 0.195981324926029 0.371498494283052 0.133854819282034
0.306116603008981 0.222206721511325 0.258389332112889 0.213287343366805
0.0834429896800622 0.809656656919921 0.0749894915395991 0.0319108618604177
0.284998083549478 0.199350122469445 0.389263025739083 0.126388768241994
0.0592251699922544 0.325654030046141 0.508697629409354 0.10642317055225
0.358995658495328 0.190985153350914 0.172966654561922 0.277052533591836
0.0833839308598443 0.0669250141673041 0.484927329315988 0.364763725656864
0.19755264502229 0.0734237875421618 0.71127931004042 0.0177442573951285
0.112319079208256 0.389419814352073 0.274712170396064 0.223548936043607
0.145858485153817 0.280795528981005 0.314429232186002 0.258916753679176
0.0354284800903227 0.213635237171672 0.348560009337217 0.402376273400788
0.0954415885504095 0.207546705284071 0.352164195967521 0.344847510197998
0.191721594194845 0.310269370697492 0.228013618844454 0.269995416263208
0.268311972919623 0.27742902739008 0.179325360019719 0.274933639670577
0.21783276235989 0.285759707527222 0.296070042969662 0.200337487143226
0.302676510470163 0.276702802014427 0.365398083213887 0.0552226043015224
0.149422076951303 0.216449922760539 0.356376457526037 0.277751542762121
0.532478871375063 0.113147886130095 0.1081503855363 0.246222856958542
0.402045229093996 0.494463875838453 0.0198454825748946 0.0836454124926557
0.35106516085736 0.0646725575426445 0.403004988280445 0.18125729331955
0.14193202136248 0.384960043807324 0.130401145208044 0.342706789622152
0.279381508785014 0.152538993088451 0.240127579493823 0.327951918632712
0.327999624142589 0.245237718135234 0.120909841492057 0.30585281623012
0.0895411987266769 0.184568332573919 0.207228000265151 0.518662468434254
0.0166429205180367 0.324365184458003 0.244318496226557 0.414673398797403
0.241512654982694 0.256001091028818 0.270749340777885 0.231736913210604
0.163836045876827 0.335024494232774 0.0420879175803619 0.459051542310037
0.337453013484452 0.0778269471445912 0.357634297096976 0.227085742273981
0.339005349395609 0.265257951287548 0.0381523329703041 0.357584366346539
0.186643994248636 0.0129116766898521 0.217833067941218 0.582611261120293
0.23686591837449 0.197011430083951 0.19922661349252 0.366896038049039
0.265068495936449 0.242707092669071 0.219598296983583 0.272626114410897
0.206911142002345 0.320334951969187 0.045650348080728 0.42710355794774
0.324870483640798 0.255164553827902 0.322902339677715 0.0970626228535846
0.261630294796061 0.241321804265661 0.281308871306478 0.2157390296318
0.235749090452739 0.399238270013848 0.347980393133263 0.0170322464001497
0.145449448950606 0.0989875918087621 0.43399011295778 0.321572846282852
0.390141379461999 0.250361859952973 0.163142916021382 0.196353844563646
0.0764527470814836 0.314247551924772 0.134343362433212 0.474956338560533
0.610442765389093 0.230637096918734 0.0224509875745816 0.136469150117591
0.0220920344751847 0.437196480929603 0.114401018138592 0.426310466456619
0.179433673524911 0.316146758991249 0.301062349057213 0.203357218426626
0.268721930345305 0.267374592797228 0.338186040374235 0.125717436483232
0.0772459274491029 0.0249464369629045 0.876039244020183 0.0217683915678101
0.108453630294093 0.641861754524373 0.0788237551591065 0.170860860022428
0.0575614553507786 0.266932092707866 0.335335259136332 0.340171192805023
0.197663764032992 0.192792353047687 0.23094336839586 0.378600514523462
0.387211011717907 0.0700324094975499 0.192962037504712 0.349794541279831
0.15983987220068 0.0649753955686418 0.4895759855007 0.285608746729978
0.338256573362663 0.420406182434222 0.045639408094062 0.195697836109053
0.19857479875766 0.112147092605464 0.46908707823021 0.220191030406666
0.205577710723103 0.318864519102707 0.201976760713913 0.273581009460278
0.370210613598843 0.0369320695838248 0.181843474769648 0.411013842047685
0.0716995602796255 0.0967274191876121 0.242391098868921 0.589181921663841
0.193513698944274 0.251528992440534 0.265921960248899 0.289035348366293
0.30963912173059 0.033437022832284 0.503399685672534 0.153524169764592
0.154030927154881 0.544968700715551 0.167578912622834 0.133421459506734
0.412545177963534 0.428060201520471 0.138358432176143 0.0210361883398522
0.0055434574173736 0.400685643582848 0.481327167452809 0.11244373154697
0.0820203698942737 0.172756390425745 0.381649180250765 0.363574059429216
0.218496302046256 0.205892907349898 0.269685819520942 0.305924971082904
0.350070019231802 0.26456640102978 0.16079870193176 0.224564877806658
0.0917893790876086 0.0351392919699105 0.521225732623421 0.35184559631906
0.14620640161577 0.334389219798626 0.200583302348333 0.318821076237272
0.120974798639724 0.505813297596378 0.248039038975141 0.125172864788757
0.515396080777195 0.0413074697241084 0.128238568171504 0.315057881327192
0.131339021725049 0.251194830704207 0.380816057195839 0.236650090374905
0.198265557317496 0.437103337346725 0.191523631447697 0.173107473888082
