0.312965907017465 0.198009999205933 0.0153372496320759 0.242416115142645 0.0951997088241837 0.136071020177697
0.0198757558413909 0.316046777680522 0.0167369822939252 0.344532794567133 0.134153417245077 0.168654272371953
0.0729397158289846 0.0725615550198564 0.0584723695927092 0.267370146244773 0.212297503509198 0.316358709804479
0.226723211795831 0.0201519278600193 0.216959318436042 0.0622363135205842 0.268993046268282 0.204936182119241
0.156422355949186 0.0787720520919665 0.350522597455605 0.179541072863292 0.0153625375600727 0.219379384079877
0.199585536389217 0.135547340014251 0.37777229661307 0.162846807675396 0.0546848304040008 0.0695631889040651
0.278295486164841 0.154117631676428 0.140111146363666 0.0936237011375705 0.185245808266331 0.148606226391163
0.391430228811145 0.1679689402042 0.150057835115982 0.0167092592170081 0.0620338015050256 0.211799935146639
0.137035970629749 0.225129907283335 0.112295597809473 0.0838925796734231 0.219847796690864 0.221798147913156
0.151434644998931 0.153869764544307 0.210790041229678 0.196867720650724 0.20197393313384 0.0850638954425212
0.149891645889408 0.182138131087963 0.0132023409043307 0.369112752544743 0.00877470294292701 0.276880426630627
0.179938449691167 0.270935241264879 0.226988692152695 0.135980032612988 0.0061030639095834 0.180054520368688
0.270026433000406 0.19429218716278 0.252146264561733 0.0437114646525923 0.146874136053495 0.0929495145689928
0.158670267656694 0.0446034390060722 0.149541570983588 0.280534898675868 0.220551552107686 0.146098271570091
0.0189306010300745 0.276153687775491 0.185766569754178 0.200290551142917 0.031060436835263 0.287798153462077
0.226217837744203 0.0114057925764836 0.0147698187587205 0.201498694284357 0.270557412614497 0.27555044402174
0.24033993886286 0.230833568473475 0.00390741299640193 0.0727522303128004 0.416454472343427 0.0357123770110351
0.044475588367943 0.201547997637521 0.142656213644144 0.169165715103595 0.125845847894719 0.316308637352078
0.286894038067696 0.288727430771485 0.161823403594425 0.185233565575308 0.0327942093158366 0.0445273526752501
0.108834722692491 0.094168895758084 0.254695963559167 0.315101315565318 0.0254102604085886 0.201788842016352
0.267681935901934 0.287950700219833 0.174699073108419 0.0894922156991742 0.00891452452201515 0.171261550548625
0.26353627312646 0.0485506429349127 0.271473468086695 0.0942210519618114 0.149385160280765 0.172833403609355
0.351357132869742 0.344144096903408 0.178831236912426 0.0163840834105994 0.0754038346698451 0.0338796152339801
0.0603011676234545 0.267407734694273 0.206974281917176 0.249723458149516 0.11312811183761 0.10246524577797
0.0985292294973466 0.448847522588397 0.150435105639438 0.0949038883603928 0.0711048328795586 0.136179421034867
0.189542323957569 0.0524076780748912 0.143514929466181 0.306960931428669 0.233354121740388 0.0742200153323015
0.284049221703626 0.218000140332864 0.188145111070299 0.0482984326429514 0.0217916915386385 0.239715402711621
0.0807074728047762 0.0313874283871048 0.216428554737874 0.217494587391618 0.316768542241591 0.137213414437036
0.295454153910536 0.321637079591693 0.23706047645982 0.109167916998122 0.006045185225412 0.0306351878144164
0.0403069312355989 0.32926062264653 0.0808306015813746 0.266909587658289 0.0413158714334783 0.241376385444729
0.0910157512598455 0.207170887983617 0.297214224631663 0.030010982879307 0.068751035949158 0.305837117296409
0.108651450097677 0.105583857823658 0.264643213212169 0.221825659947803 0.262022477673176 0.0372733412455168
0.161277630650806 0.324817263403316 0.039150651875324 0.297147136536341 0.0383878131726263 0.139219504361587
0.180221753059066 0.165836105671589 0.127522824419836 0.0473650343217355 0.213967484659488 0.265086797868285
0.250132595117371 0.252129027740872 0.175598730650735 0.0887652336471602 0.0504053113744204 0.182969101469441
0.239566985686438 0.0787193682537542 0.172969958126383 0.263966645102772 0.124767864136301 0.120009178694352
0.0766171312049243 0.314153226368945 0.263733386296256 0.151977445084542 0.127317611786562 0.0662011992587713
0.0124195990065834 0.241526197345681 0.316771891432911 0.171511617866149 0.0710911444090351 0.18667954993964
0.230049309410108 0.24265616295246 0.132274025888206 0.0807747288350868 0.231529929441477 0.0827158434726626
0.267258156878802 0.0187287955101038 0.196873166807431 0.116388134006735 0.241632343755121 0.159119403041806
0.215191902655781 0.131798806125557 0.188282246956083 0.221199395726675 0.0391363378441425 0.204391310691761
0.0786301157597936 0.0862981112274763 0.24865203345214 0.26133118004025 0.265687161869273 0.0594013976510678
0.22056675308127 0.211318790516335 0.0675761516848982 0.06706551000082 0.4236355050383 0.00983728967837746
0.114211661911395 0.229572076260226 0.229553267987631 0.254690558340049 0.140885919064795 0.0310865164359042
0.0727550272094945 0.337269927627024 0.04236970221112 0.387621071620798 0.0558745625452265 0.104109708786337
0.200293748298307 0.372606179348929 0.243184464977951 0.0892546850603173 0.0658081180209572 0.0288528042935388
0.335400587050744 0.173291218556432 0.0475871044027439 0.126907260879494 0.200564838148919 0.116248990961667
0.216528091257929 0.103175150488801 0.129952620484598 0.209968775613639 0.174554603948244 0.165820758206789
0.0343525910101252 0.296368688258468 0.238228817397448 0.192836333552448 0.161062727960064 0.077150841821447
0.266087240053043 0.229662653282579 0.0319302046613099 0.0382061531060291 0.326759861598656 0.107353887298382
0.131979090179292 0.139196587937898 0.173320119944001 0.13429754104462 0.0261964750771872 0.395010185817001
0.175010662363299 0.203662898499677 0.199835090636636 0.160216480983722 0.173673833541201 0.0876010339754645
0.206847738051658 0.0425905540427754 0.175079549002822 0.161918790342772 0.286520203713225 0.127043164846748
0.306057520667868 0.111286010182284 0.123605089662685 0.11615018432543 0.201077228698509 0.141823966463224
0.191733178547258 0.1950013294844 0.154368742057849 0.130949837860439 0.242679865883008 0.0852670461670454
0.126971865248418 0.242160040170577 0.321181208411894 0.0645454058063141 0.186557105027962 0.0585843753348343
0.170160138039807 0.0555676653359664 0.177822864335486 0.240822131292154 0.214535808925768 0.141091392070818
0.142683259117143 0.131889486490905 0.177683402604572 0.252610364080834 0.0458953391586498 0.249238148547897
0.149755636508811 0.256399210441808 0.142927978697465 0.14090915026079 0.0983287557698489 0.211679268321277
0.123899079907234 0.154716274289163 0.151353308728609 0.244743007539879 0.145297925437475 0.179990404097641
0.230996035949908 0.155722157695111 0.164646769927043 0.239594704930287 0.128648141043085 0.0803921904545664
0.111149625521955 0.0322266974687536 0.327160831453849 0.198120128460528 0.195431468455971 0.135911248638944
0.264444632295134 0.0662167014207724 0.215099796964138 0.339244793853404 0.0137551119201248 0.101238963546426
0.233141615950184 0.0694630470271262 0.202217600722972 0.138403155293275 0.175617680070675 0.181156900935768
0.163042516703746 0.0429498763355579 0.187771092533725 0.14511842453531 0.231385130373534 0.229732959518127
0.147930302553307 0.267495707643502 0.0261399344514367 0.257633939614732 0.112691332657309 0.188108783079712
0.123900769337496 0.137741843952756 0.247805242453468 0.260812624709377 0.00995467693625653 0.219784842610647
0.183641967458289 0.085305065063399 0.21269714156491 0.161550809721932 0.102352963641103 0.254452052550367
0.328550227361202 0.189155191430227 0.24289393880717 0.159360213991927 0.0494522146896682 0.030588213719806
0.234780522074732 0.271634244932905 0.317879154403834 0.05747951884236 0.00420383285203476 0.114022726894134
0.156227791605479 0.0955281774872868 0.159473238894546 0.20735157857169 0.144883523869399 0.236535689571599
0.313101578528994 0.0608120251465683 0.158732546023815 0.0158930363642957 0.27408720470568 0.177373609230647
0.197562286973712 0.194207203852766 0.110023425442409 0.179763484592779 0.270950942464947 0.0474926566733869
0.220663293578212 0.21486512307584 0.0304621855233756 0.0860956324408478 0.160400289607816 0.287513475773908
0.0731774689498429 0.182713322343481 0.110177056293995 0.336313528578594 0.0917306828756782 0.205887940958409
0.27466848306144 0.0687255846082448 0.270375222987661 0.0926166545205853 0.187247356515113 0.106366698306955
0.0133016934957699 0.281306238357775 0.209630069418304 0.193924231310354 0.163291082500199 0.138546684917597
0.0193032315712051 0.223886909687546 0.31867721468601 0.243421521944007 0.0872464942398888 0.107464627871343
0.292720103306968 0.0084560991938903 0.271231495566319 0.127733664554026 0.0810501121871229 0.218808525191674
0.180910916040127 0.0839275749472984 0.1948223115328 0.198323761520682 0.183483632884908 0.158531803074185
0.109031756858549 0.162031402827501 0.0503725274279 0.254668584120928 0.102769547752086 0.321126181013036
0.065916709327563 0.254364321738213 0.236677387803602 0.245403472934941 0.169938649442817 0.0276994587528645
0.244386768139777 0.175375350641125 0.0984751136810458 0.258949781521936 0.105502627100777 0.117310358915339
0.0659730795321527 0.312190695149232 0.22563177182275 0.00603671663715892 0.153952764285289 0.236214972573417
0.277550174099385 0.177923016631234 0.0233489426888383 0.328132669583668 0.0899291965339661 0.103116000462909
0.248421533287446 0.167849728211889 0.0907381501662677 0.263197633597259 0.0315615410274279 0.198231413709711
0.267154416226703 0.0874660562789444 0.0871044547400008 0.209805182707568 0.262664153688785 0.0858057363579987
0.0420605870834065 0.246313285724085 0.188113785744828 0.0595841018927968 0.267825023706783 0.196103215848101
0.189942866232493 0.160967722099498 0.197536142503671 0.174277782736338 0.119659925560125 0.157615560867876
0.2940231788843 0.109922145253712 0.0298959123041235 0.284582330113902 0.141121616235344 0.140454817208619
0.150846291190116 0.0851171233745458 0.274742741909039 0.271935334921276 0.0934112027749383 0.123947305830085
0.0506777373160823 0.271759279636562 0.188862513509752 0.0929568890422986 0.175632226385094 0.220111354110211
0.172659228561054 0.0724753381392861 0.279632615915819 0.189518004194846 0.0483830034393109 0.237331809749684
0.193703827938211 0.186109468331058 0.169671371533384 0.182364446688444 0.138367097953374 0.129783787555528
0.209883472556 0.263559876184888 0.225665221519107 0.123463703602557 0.0166522156802587 0.16077551045719
0.239994266561078 0.0935227239591034 0.117619262440267 0.223861812802223 0.14556055947356 0.179441374763769
0.0249801491687035 0.106693535978291 0.0197859982347194 0.330422707208337 0.225829532480595 0.292288076929355
0.150381892305074 0.35867039087392 0.139822175840176 0.108956888560382 0.161662098222361 0.0805065541980862
0.100392244813595 0.184160152220326 0.211957991388141 0.178923001947048 0.140313608608496 0.184253001022393
0.213175180913771 0.03088923742194 0.129877961748873 0.207771514297042 0.173444369838851 0.244841735779522
