0.0512229534243409 0.183149584887437 0.0939965452822455 0.198706773235163 0.16592871041591 0.0143893972667913 0.0666563573872154 0.0228845601702673 0.147390472809809 0.0556746451208207
0.183421179627719 0.187362252538489 0.170704487050329 0.0379639597009948 0.00130776783962585 0.140012273054395 0.00923903984966176 0.0324240709638951 0.141575317893006 0.0959896514818839
0.0275168682215572 0.176518784123184 0.0507579321594386 0.277022448771066 0.113827156035944 0.0499510588185115 0.0919050026992254 0.0802829069667763 0.0829130197255989 0.0493048224786984
0.0708126096316972 0.0819464237293459 0.0227264736504468 0.0528130210456443 0.172835034063254 0.15499044885082 0.105605739753147 0.20275089171081 0.0514751757430259 0.0840441818218096
0.21753393071238 0.230725704287094 0.0436436440430402 0.00911904225787117 0.161911345768425 0.0136970540306353 0.0234056824434214 0.0221927918741767 0.214829127588965 0.062941676993992
0.0466267105503388 0.192568374616301 0.0902660874852246 0.0483158366699121 0.148031943250107 0.126098930887631 0.152583375337798 0.019363069605553 0.160952544832845 0.0151931267642891
0.165162352488588 0.0651251488262808 0.130395513622183 0.137961620889954 0.131591796590902 0.0395257927246378 0.023577250848723 0.118353261641572 0.127868621470866 0.060438640896293
0.0893674480437107 0.072389531449637 0.0548990603842338 0.172302314196264 0.201268278430268 0.17151369130282 0.0366536881274208 0.153832707084525 0.0402334567941804 0.00753982418694011
0.0498707355540178 0.0407895500873428 0.197008054789882 0.0371650594347445 0.132449393236511 0.158372251068061 0.198359067715188 0.12513915389154 0.0559521434475646 0.00489459077514836
0.0579483739535282 0.11889406726262 0.0870738117573074 0.169162589784446 0.0929192333799877 0.0373360020325963 0.118327779751181 0.0531756924605261 0.160276608389618 0.10488584122819
0.1072139896973 0.0527749306832355 0.104792890877771 0.0378233867328537 0.160713875711105 0.185880549980679 0.133470160935652 0.0399307146796594 0.129881217445483 0.0475182832562616
0.140770859198837 0.0790981174601151 0.115931488892928 0.00217844202539986 0.0224394636925428 0.150822792955793 0.0958888225238397 0.114533202380142 0.189805489237607 0.0885313216327964
0.199434220296688 0.183918793046933 0.104226412105484 0.0992188715983398 0.0529126281684981 0.14473346698155 0.0183016225855444 0.0333323251885414 0.119490868038346 0.0444307919900748
0.108704456468412 0.120305047737239 0.163544333665281 0.165403978337072 0.0985304454254477 0.0345335653565932 0.0234763162008914 0.111166812972731 0.0953819039899833 0.0789531398463496
0.046514928451952 0.0984021968857388 0.149867821276623 0.163358490770632 0.0568269741556213 0.0139283224300998 0.156461263283266 0.0895872899805281 0.21688426736995 0.00816844539558948
0.121009906250849 0.177862076660537 0.0543224642324115 0.157230390623436 0.0572914005004089 0.0818023000442641 0.0456737740697204 0.0366789404597195 0.205815782948488 0.0623129642101647
0.123676411610216 0.0244992719369013 0.193064843633282 0.107132123244909 0.202695400355258 0.0701145971478195 0.0631655237711153 0.152786289725387 0.0449853277122969 0.0178802108628151
0.103965725670478 0.117410493689131 0.140680525636373 0.0491462192714119 0.00426266151042013 0.0343280527163345 0.00541708135052081 0.181038050583648 0.183589508283744 0.180161681287939
0.0756246446156377 0.1240163752857 0.151284939099312 0.156789538296025 0.0748371082633825 0.156121561112816 0.0240920598222638 0.0642158586125895 0.0768896798624955 0.0961282350297777
0.0831899604024644 0.126803291285513 0.0967883442841939 0.144445294807286 0.0874583611108569 0.0862690000764547 0.0304097991642559 0.101648180813206 0.164304496045265 0.0786832720105034
0.128826648140056 0.0698949434089037 0.219880945800994 0.10792092323896 0.100603465264806 0.114603884791488 0.0778726481341146 0.0729847756927615 0.0238264911145208 0.0835852744133951
0.0743332484407901 0.0448212627608898 0.145288709350077 0.106717771055867 0.0808612656294138 0.112386194961578 0.135899898741532 0.139271035650111 0.0747261434564985 0.0856944699532424
0.102950125386012 0.0340313486011423 0.0771120103354646 0.148333721989478 0.123713134221879 0.0759109035591353 0.0346931232528786 0.120240929899791 0.143355132002986 0.139659570751233
0.119187303951817 0.090233814708637 0.134295411207979 0.0329158319454523 0.107306489125209 0.123825510032665 0.132554296772139 0.145739261072373 0.104711857836019 0.00923022334771053
0.150074301107323 0.17762516783846 0.0835910557488271 0.176506318663515 0.189209548998373 0.0432348386306096 0.114894299128895 0.0152195527300826 0.026874454977011 0.0227704621769041
0.206137368938552 0.123396706329219 0.134358159658284 0.0366836917477701 0.131205212589045 0.144231352361503 0.0105566479087909 0.145515672421122 0.0485361182783248 0.0193790697673886
0.00319473678224298 0.110963767998313 0.0526780435211475 0.138994905567601 0.130693169490102 0.0674746836274811 0.210931555540897 0.143944822506125 0.0875976688196695 0.053526646146421
0.124894937057519 0.198167833878715 0.00561278588956487 0.116329729190286 0.116176252814662 0.178447353560261 0.0650189093910061 0.0106064804307634 0.0293135426810514 0.155432175106171
0.0405720646103831 0.162968004946652 0.0399384383095609 0.11287383736631 0.135555652215068 0.163939330694528 0.123901423948821 0.142700615063487 0.0225791090574216 0.0549715237877681
0.000789042990133327 0.060480652267452 0.0189531932445395 0.185515465166593 0.227298317744848 0.112017858407107 0.223987845812739 0.0148835623736565 0.126065037645403 0.0300090243475293
0.117005261399006 0.0832755566770785 0.127011181723622 0.152717546561362 0.138426699037761 0.0317307585763738 0.0577170174186076 0.0790119356530451 0.126432120816241 0.0866719221369037
0.0671874089612899 0.0411183298634482 0.0609397528025658 0.0618577967934138 0.112497446165168 0.266037233835679 0.1065058938155 0.157177385527005 0.0575311426047638 0.0691476096311674
0.125503690200213 0.0533830852805122 0.0787413461429111 0.150845096360939 0.0568384323490503 0.150426274141822 0.12331610064589 0.112194442495603 0.138074278909912 0.0106772534731467
0.118455628205421 0.0278367529705688 0.138289225794482 0.0861374794756513 0.127125175196466 0.200421031528861 0.00493740077252565 0.116079170567836 0.0444626715099715 0.136255463978216
0.101270360990983 0.112476146336537 0.0769006049604941 0.119848300963259 0.170694850472542 0.0873701621453612 0.0499482841828658 0.0663614107578746 0.0876872201309811 0.127442659059102
0.193355121795317 0.0823863010477566 0.0451887377319887 0.179971241244168 0.0451945282356027 0.16207253004732 0.0290137101102757 0.102622654560358 0.0498849483024677 0.110310226924746
0.0775506649740334 0.16152987511538 0.0960783934030855 0.113773804226837 0.103470401699948 0.15519644498202 0.044566721958432 0.0893356130956772 0.0485775512687572 0.10992052927583
0.118227677387762 0.160386227116248 0.113532419443292 0.11242131333001 0.0355105145258312 0.112550047208727 0.0666176167933185 0.0621862082645765 0.120272379162387 0.098295596767849
0.0410168637650006 0.113704002319468 0.0826409171240338 0.0628967173468925 0.0474724968357567 0.203542881097779 0.069331343094569 0.0763325408841591 0.191669218873325 0.111393018659017
0.0973193044192698 0.0173925015749476 0.20150911810036 0.134278838014036 2.38462972445654e-05 0.0610310679132121 0.0893822863540712 0.174313414901749 0.132818306354723 0.0919313160703853
0.100635698966992 0.14292924276658 0.0106330007519022 0.143660807053029 0.0653570551521981 0.107673789144849 0.10546522438916 0.0491700738493753 0.143225801167164 0.131249306758752
0.00457472476734603 0.0427197130082017 0.0771509731911722 0.170875024183458 0.0634814453588325 0.0872248700272256 0.153165026262313 0.174174350708472 0.106048189094638 0.120585683398341
0.0764100122528603 0.0202529868887028 0.0847836765969646 0.14865881526499 0.0825606023648363 0.148650676366208 0.0447024595680038 0.124903418669057 0.130264262557735 0.138813089470643
0.100139161238356 0.137260435439665 0.0980689285776835 0.0713999147559603 0.0322595745328781 0.0741437756723306 0.0582329356230982 0.187498997461034 0.0597477587876018 0.181248517911393
0.0449850749999197 0.164160567209429 0.222723521503318 0.0529361756555179 0.211861151800617 0.0238453266574359 0.00188327205054096 0.0826949960638977 0.147218110104982 0.0476918039543416
0.152965511403566 0.0654273133930146 0.146774727619894 0.0945805861914163 0.190121855212409 0.00748545561431692 0.134598553082642 0.00965833768392354 0.0994816681858408 0.0989059916129763
0.0935795229776346 0.142386722810234 0.0133923733422718 0.11547445306262 0.10740556213045 0.103574680205033 0.131919727570979 0.164309790191845 0.031990038225085 0.0959671294838479
0.221140926223202 0.0485867319898993 0.00307349662568769 0.218039420080395 0.0167923450963135 0.107647917273607 0.0267077879215648 0.000124951300901337 0.173803442013747 0.184082981474682
0.0573646848306173 0.176866310646391 0.128220326988028 0.141955482425662 0.0229666203155627 0.118090764243149 0.140070769759231 0.0974335751236897 0.092217229976726 0.0248142356909432
0.179570328345162 0.149073733838136 0.157800132132114 0.0977294945369641 0.00322835079741864 0.117025677833015 0.0760762919775874 0.0348071267398471 0.161073375015953 0.0236154887838024
0.0777004009603931 0.134130454974058 0.0654635689821439 0.152311311687942 0.0586948588195585 0.0252976751462502 0.199567005604886 0.0098198330444829 0.114233200483971 0.162781690296316
0.104573213122831 0.0227024983710288 0.111772877912125 0.187063692666457 0.0127545799362963 0.00366721531280704 0.173577974939016 0.0776695559422943 0.136109474454746 0.170108917342399
0.0693584765417974 0.122070504918222 0.127801072141317 0.131612869269814 0.0800163491037366 0.0755349255612962 0.0707503618162153 0.0589872937618587 0.127644867686012 0.13622327919973
0.100109565673299 0.0218036990740176 0.0501431980462392 0.17778544875662 0.0333676315382764 0.172525800709852 0.0866309186937727 0.114680050184327 0.128289843203921 0.114663844119676
0.115815559867827 0.175034280463882 0.0181328775968509 0.126142191139293 0.0532912439865415 0.127312315676588 0.0563869509343279 0.0212422644163342 0.166447381447594 0.140194934470762
0.0800200713268293 0.150379398692135 0.145090592883186 0.0427592605805217 0.121438834006703 0.168469031068462 0.107913524019974 0.0762100307166065 0.0347645989505601 0.0729546577550221
0.0344856846759779 0.0266305119311419 0.112818041294722 0.179762594472597 0.0505339543220557 0.15722035847188 0.0916691944616877 0.142068819400719 0.121327406299508 0.0834834346697109
0.13806414852401 0.0576679914296508 0.0922396189736976 0.113074478476351 0.146107624578897 0.133096524557841 0.0719743752517869 0.0468499888102022 0.0912359897023612 0.109689259695202
0.0988391271350133 0.0524168520292611 0.0260306870875385 0.0701783211013317 0.147582735481588 0.115851896695937 0.147268740863505 0.137352941390071 0.104702227466207 0.0997764707495486
0.0507492017855219 0.136819034944 0.0367499063109649 0.0810802922316122 0.113897610140181 0.0791566578920224 0.10688019320217 0.164585292122102 0.140612541654395 0.0894692697170301
0.171634009257094 0.0673331386090979 0.156248504440774 0.166552234337782 0.0268120231230254 0.0841392214788092 0.038430713421517 0.0705939344406143 0.0429005863716427 0.175355634519643
0.0830084542795149 0.0667225203192361 0.0383680244131588 0.191285916205972 0.198786551754226 0.144552314211994 0.121450137205863 0.0500089541217753 0.0434439665161426 0.0623731609721173
0.0540887496818516 0.0437639674476217 0.0957465066515869 0.0788280453475737 0.14732804654839 0.141285236562221 0.0818722059751919 0.0708335322666744 0.0640852425503088 0.222168466968581
0.0673606107844422 0.0544886258053659 0.112780557450847 0.186528640101012 0.164892596427047 0.00220175472898726 0.0316446404792589 0.18760367136329 0.00152583010992308 0.190973072749826
0.129555677543158 0.0912880550585186 0.15766650584245 0.0460534610202768 0.0720220544070066 0.0252328209322882 0.181628847203127 0.116809739366956 0.0510491133314815 0.128693725294737
0.0630248204641855 0.0491207361374487 0.0472165001310619 0.237528859247276 0.118618157350211 0.0212468459249604 0.18296328568812 0.0321770654964263 0.0857242743287053 0.162379455231605
0.132999022895944 0.177126412940295 0.1049577418553 0.0564800156792305 0.142608178633766 0.0114660884987247 0.0118684730474779 0.17364932662164 0.0672412626992091 0.121603477128413
0.0181743525643019 0.121754241343403 0.0384334579102251 0.0936755767228088 0.122273102042666 0.107574055151836 0.147120734995227 0.132174063332278 0.130971242969086 0.087849172968168
0.060027469759832 0.104163026789587 0.217161035239708 0.119528445423467 0.222303237401656 0.131473248109066 0.0779216406629368 0.00327049831737711 0.0545912488563553 0.00956014944001438
0.1276136806044 0.0929256766038512 0.117671055175465 0.0390165580614077 0.123136520407855 0.0813179956065814 0.0970970472227438 0.097630329460391 0.111918235659085 0.111672901198219
0.032500477607737 0.0612525874297857 0.160784080375836 0.142753259388583 0.0805389151179947 0.0699596121641565 0.0983613677238773 0.0605444648990303 0.162907719638862 0.130397515654137
0.0368563473253019 0.15110485333717 0.136486591785894 0.167132843849766 0.00869483603758112 0.0936722949442294 0.141789937111257 0.118355531502495 0.10417370537948 0.0417330587268252
0.103421987530115 0.0885717437187953 0.160017790581349 0.159120935215178 0.0265337108937115 0.0460246847096933 0.0114609688936966 0.0401559572758784 0.156301279271105 0.208390941910478
0.195757000378358 0.0445565559579736 0.0587577853224775 0.178690158393308 0.0139795118474335 0.113783246169274 0.208270969954608 0.0945125604446171 0.0414758553964689 0.0502163561354816
0.0743751299046279 0.141436791006163 0.172879641465454 0.0288711614907024 0.012528571961313 0.258183739280814 0.0221227916746416 0.206218689930243 0.0323228783493284 0.051060604936712
0.157643505059643 0.0244192439659282 0.162099497825035 0.0439213114652387 0.156276309825152 0.0322335320924155 0.0689098044516485 0.141876560379787 0.0534769117595388 0.159143323175614
0.152687249824522 0.0195478045128033 0.106531718937434 0.09960306643766 0.0367865574590279 0.0850137736366741 0.154500985666267 0.209164784721352 0.133020751977042 0.00314330682721731
0.0860142720635383 0.0962483094374104 0.118548114957662 0.157735608487229 0.0271708878318534 0.171523318013041 0.159494300558667 0.012093957118703 0.169992419294875 0.0011788122370207
0.156391095153979 0.073617845607786 0.181962822632216 0.18800587236738 0.0375079025450872 0.0257401223641511 0.0638641939243714 0.0767345167430323 0.17072454627024 0.0254510823917577
0.134564954663403 0.0940004873848504 0.09755974326974 0.113070695138018 0.125372777748002 0.0202243501389431 0.129836731677676 0.0270212889572097 0.144335599976749 0.114013371045409
0.0165431008090208 0.0679771724260553 0.0590901502553309 0.231429207883549 0.0393454691176426 0.03634572083241 0.0958144937078291 0.0684111385295072 0.249459969390615 0.13558357704804
0.0424506791932536 0.0838562825714694 0.124188685080134 0.152061596489641 0.126976302250936 0.134614728179494 0.154832259088541 0.00649156394356996 0.0930551012786273 0.0814728019243348
0.111820014232616 0.0250872750613613 0.0755316148837992 0.109651123023815 0.148314579988617 0.0940959562030075 0.054756739149542 0.14662042690868 0.109596854210333 0.124525416338228
0.0396333243210691 0.156661392183567 0.0203163725061249 0.270145073778236 0.117655215797639 0.0315944228818221 0.170852690550187 0.0180562683084866 0.173329786510115 0.00175545316275246
0.0460968844534609 0.0708026897825926 0.248174379960367 0.170668916647321 0.211726826592802 0.0291689406898364 0.0419819632576473 0.127209365855333 0.0322267264263673 0.0219433063342732
0.109615080700849 0.186760334396163 0.130235120430158 0.221637890114355 0.0211183863566108 0.0152877164668214 0.0763317246742276 0.00812993162436609 0.0121889802259811 0.218694835010468
0.122528015568844 0.18278661871633 0.113897451365744 0.132749512899329 0.138253584625492 0.0874289434301978 0.0585789715092022 0.0962546524868679 0.00775208841429819 0.0597701609836954
0.148894627569015 0.123487497705062 0.16658946486364 0.0410665828641926 0.0844162811395394 0.0307337395344637 0.161004731096649 0.0724163899951001 0.161106770596007 0.0102839146363295
0.103779954530922 0.0570653420621804 0.124363524050025 0.0458439817975519 0.0595306964643136 0.137218574283114 0.116020162342487 0.116001798390133 0.112404774087006 0.127771191992266
0.101756591837234 0.100779477289635 0.190990340299308 0.0559309082546044 0.0232262357870414 0.0750610397540496 0.0626528339414102 0.170728100143943 0.107325238641474 0.111549234051301
0.0522269480411236 0.182139966932833 0.0200394108733085 0.0652311924805687 0.140442600504449 0.152712718092477 0.0768600644168775 0.0138459623151392 0.169102784270377 0.127398352072846
0.0739783850039035 0.180215208782161 0.14962616320789 0.00707942083433891 0.0637763345685623 0.10350622584318 0.0213506702348626 0.201706203875779 0.118560808138876 0.0802005795104452
0.0967802840662091 0.0079249792633201 0.175787868309901 0.0186467589745372 0.0491206931134827 0.161082836335195 0.133631777724997 0.0777881942978717 0.168978527428051 0.110258080486435
0.179387304906357 0.0897861294082667 0.0124331268836135 0.126429872249344 0.0425923545390801 0.0663196336167428 0.0834753161608982 0.223435393975478 0.157675281518933 0.0184655867412872
0.0122483498850041 0.137220701071954 0.0532874158710208 0.17939686965999 0.18353659011363 0.0538827452504608 0.0527868447542436 0.109207327810534 0.143501225288647 0.0749319302945147
0.161577644684821 0.110275751389182 0.0830977971465023 0.0210678860139323 0.180014258988201 0.0762565839382488 0.144797234431621 0.0878760471683613 0.104170567670683 0.0308662285684464
0.0529847192725492 0.12022714252748 0.116065777606262 0.0807900995961101 0.134087787127354 0.102952312789936 0.0571888286831792 0.148545301187332 0.0813874155137414 0.105770615696056
0.0945779173246309 0.0439037647730006 0.130942076589332 0.103652132878315 0.0496098333612593 0.170457004143432 0.127766073764693 0.132463149517993 0.0224403199662836 0.124187727681061
0.0883595716325586 0.0143298020299673 0.041069863109357 0.0563803019125331 0.140409691385587 0.180335571883839 0.162031783070409 0.0920516727637982 0.133937893322855 0.0910938488890962
0.0601345870943068 0.12698114742412 0.164145409955449 0.117073063517679 0.0248073692635598 0.115828705687044 0.0335335208481372 0.161421696059673 0.0388703875085472 0.157204112641486
0.00282939035775808 0.00964955337359578 0.169590201720775 0.0996579350822473 0.145164145970364 0.108175213051696 0.0739465680157663 0.136355937432322 0.103980214805228 0.150650840190248
0.182789663327261 0.18157416192623 0.0917115843337312 0.0966913610893806 0.11784457574952 0.026814470267045 0.0312346618954914 0.180864012526336 0.0156705535899303 0.0748049552950749
0.124252012386135 0.0919106601900539 0.068646906581702 0.0930860287873585 0.133881335652039 0.177669974710939 0.0478370009371083 0.0619028389860794 0.19146017093923 0.00935307082935534
0.104199571150147 0.113785354121088 0.0763372259232646 0.174313238857673 0.0661882775508534 0.0868125938703531 0.000532990370616335 0.141328712295373 0.128194865575759 0.108307170284873
0.0251425226685443 0.161998079533688 0.110062042081203 0.0169133573062879 0.203622617848234 0.145362873682072 0.17755507146208 0.00996935260183604 0.0102801485418546 0.1390939342742
0.0846804052976597 0.0589799350477773 0.167449776728158 0.186390070407197 0.116843641199609 0.0824075780491872 0.129742322874265 0.105175969521492 0.050511931511857 0.017818369362797
0.00217951943503246 0.188511057159784 0.0993507786952215 0.168442309231142 0.109002268639055 0.115782565104234 0.0594407571169406 0.168467102871367 0.0747339256328756 0.0140897161143487
0.0148724481262719 0.123480222371135 0.0731171824929488 0.068929896941347 0.138528320537575 0.178597447965294 0.11211115674787 0.0700912368322421 0.161731790507998 0.058540297477318
0.0476911263281274 0.0763925148709101 0.224501113854768 0.128503629733922 0.0922713528750873 0.122914711551835 0.036651869238589 0.0501706895238989 0.203038871788267 0.0178641202345952
0.00859767150666157 0.0270400784519759 0.0224108321035025 0.165328154027029 0.00626399892622543 0.0708441489722013 0.128578721711574 0.151098417508293 0.216237529389682 0.203600447402855
0.121723395500043 0.0624567411085747 0.154739431588873 0.0880005996393035 0.0929264364017032 0.196466542260328 0.0411456352814082 0.10538033658671 0.0623384049970825 0.074822476635974
0.0371545832171522 0.117138563040907 0.0676559112530852 0.143841857909361 0.109050507275914 0.0840145611057485 0.124537417723705 0.14372440601866 0.0617359254726729 0.111146266982794
0.171797113236777 0.0823798131846599 0.116105777649366 0.115919530777494 0.0865372689041422 0.120330381164779 0.126172000968908 0.071632350085244 0.0726517090427423 0.0364740549858864
0.0644574836541101 0.120763015673493 0.0976701992809198 0.110565927005573 0.120379539270449 0.102747496018456 0.146234855344009 0.0913312427749089 0.135758227343398 0.0100920136346815
0.169748244054882 0.100933223365234 0.149351255410838 0.0338266491168567 0.0429518869428715 0.08724135730807 0.13452156309485 0.0356345359325656 0.157347350440177 0.0884439343336557
0.120193957920987 0.107731281525178 0.0935239305180483 0.106246017902349 0.149581555647512 0.138758147759593 0.0862120630123481 0.0135506680681868 0.135094428946694 0.0491079486991031
0.169910277259068 0.164958374163535 0.202161982148553 0.00601036606778864 0.0140446461192294 0.0407525785343809 0.190693638816363 0.156373126060953 0.0421264250383049 0.0129685857918243
0.221867830793045 0.133596629917705 0.126096340388892 0.00376332791340702 0.0542069758010293 0.00313687345749819 0.119120663471745 0.0110303631696838 0.192133042146848 0.135047952940146
0.103234519158922 0.140346137753479 0.112283705731646 0.132708281189064 0.0489509214157867 0.0408305649163833 0.100295629131519 0.0863428939100549 0.174519352734875 0.0604879940582706
0.114988174272588 0.116116747118652 0.112609134400678 0.0585516896761908 0.118391393345489 0.0256979439922054 0.0940053037483182 0.0903140763597335 0.129527164422701 0.139798372663444
0.0728755678830917 0.028203724544529 0.180227960250387 0.0800318530085543 0.0436553270169289 0.0950226184539496 0.174074082889056 0.116316160867476 0.0638889869420259 0.145703718144003
0.0497313782429375 0.102077038182884 0.0458853463803877 0.159356283566859 0.10309680254324 0.0462273575982247 0.0307711342856818 0.119118719681439 0.174573342922216 0.16916259659613
0.0825128277282302 0.0965138285657751 0.177286055204897 0.130785386198397 0.0406477625833802 0.103757291398267 0.019262015911733 0.0829096316555274 0.144727994806132 0.121597205947662
0.0291178376394854 0.169295479369873 0.0554010984398713 0.125658292359551 0.154461943259161 0.16420240197919 0.0430865064901078 0.096256782105649 0.0340752204223448 0.128444437934766
0.0225591838433656 0.0548794976406955 0.0495449226900309 0.165855987306375 0.112210597545651 0.045597995014915 0.072128591415281 0.162354266448809 0.110954627948994 0.203914330145883
0.110668962893819 0.132137361296338 0.0461439907262531 0.0789598479509513 0.0599221282341736 0.184838422394495 0.0334853444335076 0.109700141583444 0.149563166891232 0.0945806335957868
0.208296080737774 0.0594261987937511 0.0931064487769557 0.165662606107211 0.189459768417154 0.0130360315901161 0.0140016598686584 0.0931540384488236 0.0596746781386696 0.104182489120887
0.0856854673162385 0.188424205822053 0.0364020504222592 0.190561911904206 0.0890621340972401 0.162730155870806 0.0924000896677338 0.00295418203748859 0.0546681269173285 0.0971116759446462
0.157588682785524 0.0821179020518546 0.0500721920970535 0.0717702752251784 0.128256505658499 0.0244056362830654 0.157506589787693 0.135548335327799 0.0647043571356051 0.128029523647728
0.101715170520305 0.0490242322382953 0.117781859345224 0.17011406162591 0.0225015827618165 0.0712380628586042 0.191005890777457 0.164416047975217 0.0139747711636088 0.0982283207335626
0.059821391039624 0.19515205683959 0.166763806547883 0.083555602210527 0.0219380424657136 0.0336737947635327 0.199984984869143 0.130433442488928 0.0969010364497889 0.0117758423252698
0.175081764960973 0.0481397901132156 0.055997770170499 0.144102125553404 0.120878641541384 0.00383769968959265 0.0739366877972626 0.160633251000422 0.0739500393606031 0.143442229812644
0.0962073902846025 0.102618283648973 0.106877768461281 0.133567857277781 0.0689151209230649 0.132362076301874 0.0784001561240019 0.0719050607242647 0.155011423860707 0.0541348623934502
0.108389864872761 0.0515735647851828 0.0770941319680788 0.107987280179726 0.109850468565638 0.117205358489399 0.151656887422744 0.0371780371086832 0.062341124957679 0.176723281650108
0.0350867182259184 0.0389074006553876 0.0352485159012978 0.157410054488127 0.187894647888371 0.176108551808741 0.125435432465397 0.0364113616400052 0.155791945789586 0.051705371137168
0.16377391926886 0.0478760971430856 0.0193548116245689 0.094384522853725 0.139878475653814 0.176302722440169 0.126584903041175 0.0880717399039803 0.143478529874579 0.000294278196043028
0.113779606371818 0.131890881193875 0.0313635723579356 0.141582675083984 0.0978903847340957 0.0757414915393549 0.0620309228762357 0.074357647201326 0.181310792782599 0.0900520258587758
0.139854553744608 0.0777610598882606 0.0770816958547925 0.134732959722247 0.0648388863105677 0.122631087910835 0.135038827520007 0.147346036312551 0.0658819459425016 0.03483294679363
0.224816011164994 0.174259741548047 0.0207973233861731 0.0702510243587272 0.174140032445341 0.134895897443398 0.0924777363965862 0.0253075029645325 0.0181396399141473 0.064915090378053
0.0107560506708954 0.132040682008713 0.0724672340422388 0.122767994196265 0.117901937134098 0.146198726113268 0.112420194717641 0.137524294347113 0.0581983836114677 0.0897245031582994
0.0463565526465501 0.0119032223902725 0.138434080123853 0.102679289753224 0.171364791181271 0.114642074095412 0.11860698769652 0.150645683436939 0.0929230851612785 0.0524442335146802
0.115248418558979 0.186578501903223 0.0625705974422013 0.184379476288665 0.0813694786097417 0.0118706546898673 0.0984272633935293 0.0176081980221222 0.188571861047558 0.0533755500441126
0.112449005983821 0.16533014588112 0.143851027947444 0.0584073002177915 0.164079146505356 0.0202120933263334 0.0502527838005141 0.179936958422123 0.0501417335858255 0.0553398043296714
0.0422304284157103 0.216671183192745 0.175298881922413 0.120991414965759 0.0224367510004043 0.0337362523138115 0.00477539621823282 0.104432322813102 0.113463059610762 0.16596430954706
0.0783087883373488 0.0737712446377144 0.0239112769857319 0.0688953371759235 0.0953254800773397 0.120561318284181 0.0282196700062115 0.143931097610121 0.173453491107727 0.193622295777701
0.0233877160007909 0.0529141365917647 0.062645050279413 0.135907224218239 0.150176103811901 0.0682751381808514 0.0954411046627115 0.162016805781953 0.222708737240433 0.0265279832319433
0.154598088029543 0.192693358148375 0.0477969251453364 0.00690262164553073 0.127721552119545 0.142618201592635 0.0988326179691174 0.131017071162132 0.0568593306442179 0.0409602335435672
0.00600414097252336 0.183237621041204 0.128094198560998 0.0407698511064982 0.171787337426665 0.0292852763339096 0.0310502769897875 0.047287097311907 0.171773697527582 0.190710502728925
0.00231567294316877 0.174566252027101 0.08707430835312 0.165393180694603 0.133191580191857 0.0455109439367232 0.0780195712594981 0.0962091427337794 0.0226427435450761 0.195076604315074
0.138396402257943 0.0697861387940029 0.0775387470703138 0.0770476533373981 0.00630363590140076 0.180685948546783 0.0585576547978489 0.176860812105009 0.111248138623428 0.103574868565873
0.060925876391696 0.143477956060839 0.027524401099938 0.100067073559656 0.15521720970937 0.0561097199830916 0.0979903819352894 0.0586714231194461 0.109804853942403 0.190211104198271
0.0503246582155255 0.0767814720662494 0.157757591756059 0.103715183731573 0.0902364238534238 0.115595376776052 0.0517918622154303 0.153062636142971 0.0900208570595292 0.110713938183186
0.14000616532954 0.0737555784210658 0.110940197733298 0.106872388802834 0.00754524073616484 0.0633134086841007 0.0759354617755326 0.210709963017025 0.0852529923899886 0.12566860311045
0.166803300627783 0.129685352824875 0.0661069829155362 0.0861091557084319 0.159940395589962 0.157324466920711 0.163463556694938 0.0495721661341263 0.0156788728032822 0.00531574978035505
0.0891441071718282 0.0602294257440906 0.136289713714255 0.111866326098487 0.144142456954413 0.134023660760883 0.0844097422482124 0.132367416996429 0.0321315063119843 0.0753956439994186
0.00312993287966145 0.148189828183771 0.0440566831646002 0.131472351547009 0.230312872984213 0.247722581170144 0.0145958609217533 0.00310589768308876 0.0678558783895815 0.109558113076178
0.054210733208498 0.172599532486583 0.173292698426575 0.0633560728682422 0.0375814899855721 0.149190066318805 0.102936980782304 0.104674712775025 0.0395936481552005 0.102564064993196
0.07598010278663 0.210242075277764 0.130611708660572 0.00147806501888634 0.0419455836870417 0.053273272228653 0.11525183385951 0.149625773273209 0.219219589778662 0.00237199542907187
0.142447992217386 0.0234688116765102 0.151969330641381 0.111639734627081 0.10763426863254 0.124900911956657 0.124651703043081 0.0598974811490738 0.032133190097706 0.121256575958583
0.0695042472971462 0.0868356828965346 0.0986632227809944 0.141569118333536 0.148152311600747 0.119727941919258 0.0022686964692071 0.18978309467896 0.067006042229179 0.0764896417944377
0.0126205459831703 0.169221574051781 0.047483966208764 0.265889272872464 0.0358863080768608 0.0550718357279608 0.0863364652614225 0.0347640538528659 0.186820325376516 0.105905652588195
0.129231486659332 0.131094298019555 0.166200625951221 0.120668100301298 0.103261404517778 0.0580899549888856 0.0527101956048461 0.0541283939806817 0.141918857814922 0.0426966821614797
0.139555781738672 0.112211309930114 0.121767367376535 0.138473539140614 0.0767912339579841 0.138659002609781 0.0568966383841709 0.0997529030011336 0.03939278585757 0.0764994380034242
0.0712568000909007 0.147215045641956 0.108351722294364 0.127314008905723 0.00126259019258833 0.122463718190756 0.0624370406094682 0.147348666215607 0.095221010057819 0.117129397800818
0.012573614422653 0.133084188654486 0.179630509103643 0.0565464050024341 0.0443519096847892 0.133866551488106 0.140475784816418 0.0098332535349245 0.176957101639185 0.11268068165336
0.113173406229365 0.0247003584707858 0.0454121550754562 0.135197541219784 0.0871203788301834 0.0210081568832542 0.148888274973774 0.126553794522997 0.10922280975867 0.18872312403573
0.115741235437325 0.066039438299695 0.130137425112462 0.198626358448928 0.00422699063972956 0.163476196589768 0.128306095246024 0.019288020809392 0.0887543336755344 0.0854039057411426
0.160227773434685 0.162147952815144 0.0863528524979195 0.0849653790872479 0.0898938971883511 0.0266264785634044 0.0923223302805754 0.146164969236274 0.0954970283943281 0.0558013385020715
0.0899009770554212 0.0918022895638832 0.0567030879464176 0.244371429409547 0.0863924905230366 0.0281701790922269 0.151306883043412 0.0192569346110867 0.0289337795666639 0.203161949188304
0.0566594668173962 0.131485334299769 0.0590555544099222 0.0956277292725801 0.0296883637568256 0.160479605278147 0.09661818551898 0.129875811239608 0.0397321865975681 0.200777762809204
0.123183814865099 0.142414361137621 0.174845341372686 0.101061664108137 0.00525356241564076 0.0751428004854887 0.071110026206851 0.00743701331714862 0.179815239388317 0.119736176703012
0.13430998793021 0.161543541189453 0.145849129890938 0.161338067119306 0.0998409407481633 0.000687121104552965 0.166393253127609 0.032383781176851 0.0581112404133559 0.0395429372995603
0.169886331915964 0.142211220255639 0.110384826044342 0.163468384543458 0.0605370288588563 0.0998277830599519 0.131315648762411 0.0419682618716932 0.0568990000648571 0.0235015146228279
0.155218260949089 0.000960624445467198 0.0407019080217784 0.140061796704443 0.123104699140568 0.152726158549823 0.128891364054046 0.00467431866828719 0.14867608254538 0.104984786921118
0.111378167098594 0.166831570438816 0.166299025590191 0.0345460288833784 0.0774874940239695 0.0621078897559021 0.154239189672435 0.0765265361528556 0.0756334048940666 0.0749506934897917
0.065084557874684 0.0920043677280511 0.140849872097995 0.149361515400575 0.129714381289524 0.135256095399924 0.0445574383289551 0.0573579564503935 0.0588938560880195 0.126919959341878
0.000189060760033923 0.159084702132139 0.0590889109858045 0.146363819829744 0.168221127230599 0.0294066571754559 0.0465460769128553 0.163739069404886 0.107850305256963 0.11951027031152
0.0798397890898993 0.0901245296599363 0.110048748515361 0.22943629946269 0.0540537346816165 0.05257877713228 0.105873351639678 0.0709369035699752 0.0608260493380907 0.146281816910472
0.0377997743228934 0.0266924019456491 0.134527438161855 0.124209797048134 0.120159280730838 0.136232941649848 0.134691211589786 0.10920559392958 0.0598082243452674 0.11667333627615
0.0650687539561507 0.130194847471087 0.189799581720761 0.112109354053908 0.197087601448473 0.0880753244154829 0.0220703473488901 0.101459788346091 0.0692795859422393 0.0248548152969171
0.06933186996421 0.144697688353796 0.0363649353666914 0.0856783599987807 0.109927637491704 0.0945103858682634 0.158748030729626 0.0589265245282607 0.0980422084736724 0.143772359224995
0.0259046014873476 0.069053087964186 0.00636078714348428 0.169336236091871 0.211029286608402 0.00644452977785599 0.109362764046093 0.152402509634937 0.0321564237523664 0.217949773493457
0.0141329398995606 0.0521824483599531 0.224099691474281 0.043915061652232 0.166487587559727 0.0462089450626304 0.0015704849355461 0.223215801587002 0.0333173320768036 0.194869707392265
0.0806259202119138 0.0878404953556811 0.0952244877981257 0.0387151130432283 0.143218664183589 0.0406767326781814 0.0915192855250562 0.123491961831508 0.158241713579819 0.140445625792897
0.0868121205170191 0.011560304111124 0.179719793317855 0.0261754643156121 0.186738653867529 0.014885593494578 0.0646903545356923 0.128482255468565 0.112710193055834 0.188225267316192
0.0962992258272222 0.0290408711130202 0.191439135518612 0.125046844648924 0.0799040517692788 0.0117582846786867 0.120708287798105 0.171585280517419 0.0437476467826615 0.130470371346071
0.156359504851408 0.0651920452803795 0.084214931529617 0.0237488185851766 0.152722905359622 0.128533589135883 0.142871000587662 0.109856149783494 0.0795821342454661 0.0569189206412925
0.189246636469802 0.182182465062995 0.150684124445682 0.0580229606182105 0.143910176806877 0.0232274580142574 0.0583314251374755 0.121697912556023 0.0196532830950569 0.0530435577936203
0.117569698299646 0.148081052163453 0.0523925037623059 0.162829515817902 0.079947744507968 0.138576757911344 0.112165384289149 0.160215345695112 0.0228665269425914 0.00535547061052939
0.0528546491828735 0.0881558601372654 0.424913609931535 0.17674710665578 0.0217989895346251 0.0156583895994049 0.016599389772417 0.0433206243623036 0.0117607104668683 0.148190670356927
0.157767985683382 0.125399005727994 0.116335346761562 0.0350580670320706 0.0692113587221999 0.0119898080049194 0.179365797364038 0.144822994470125 0.0875323903630811 0.0725172458706276
0.182594251721336 0.0796798813091161 0.186150932502551 0.0291627724307359 0.102096747258293 0.172781636137657 0.0988742674504546 0.0540395113940497 0.0357942485050476 0.0588257512907596
0.0590742172375331 0.110318776364076 0.171869453767617 0.000541842156045778 0.171010838876039 0.108949075670257 0.0981645572865827 0.0199742165221151 0.197611533125122 0.0624854889946128
0.159321744120106 0.031751112022804 0.0969886245373572 0.182260411473876 0.0352446173459268 0.194595831047911 0.0182806154893294 0.0668159536777958 0.0902599822798528 0.124481108005041
0.149601903948381 0.0378782386567418 0.122543623098202 0.0288023352949626 0.108175564750039 0.0131816414052339 0.181177974071871 0.00491446495060293 0.223603217791727 0.130121036032239
0.0602451312133852 0.0122558062185468 0.129888941958624 0.0950364530284965 0.150604207393424 0.143322306138383 0.172472614651575 0.0164696674204644 0.173945976325764 0.0457588956513381
0.139341160220538 0.0712702734340485 0.0461909087757293 0.112444981026792 0.132056313841421 0.095094935753334 0.0388294010734115 0.120115377416096 0.0986929671444361 0.145963681314194
0.120225419753072 0.0595671216217022 0.0138317924672331 0.144510651775629 0.18793511698456 0.109714978305817 0.194503211691125 0.0984044170087137 0.0611207677583366 0.0101865226338115
0.110399947146044 0.0781685314759249 0.00385338226086417 0.101176762039094 0.0693230155749592 0.187015768712347 0.114038333867959 0.122263215632088 0.10746993366087 0.10629110962985
0.133322520067741 0.0564318054005831 0.14892824220352 0.0412489663306852 0.127045993016622 0.100842126464198 0.0946673867717202 0.0541902516398321 0.0726479377110204 0.170674770394078
0.0585024181784576 0.1209014217544 0.139379030661623 0.0818904314771171 0.17669825912189 0.0619815502861554 0.0787784649367128 0.120720681389419 0.00985573563561172 0.151292006558613
0.0906669746281069 0.0860522069670096 0.0428893766572736 0.0937336261141165 0.187666097288815 0.0306139498893078 0.0532999050655179 0.133939106472467 0.231645141414322 0.0494936155030638
0.19061430025344 0.0238911884595275 0.0133124785572151 0.104721222579703 0.0424810162737545 0.196985432473227 0.20887476073071 0.0226468083309972 0.0304088729407142 0.166063919400712
0.0145654265573824 0.0333404375837783 0.0801882453202937 0.236083546687964 0.195388800926924 0.0288991471364895 0.108017888467641 0.186029822972835 0.0859341400625703 0.031552544284121
0.00256280187240756 0.108250882099922 0.144627299657433 0.175943528271512 0.10186331901349 0.0667728652793143 0.122590178346606 0.0860262948940684 0.110110841809367 0.0812519887558791
0.0979064894618564 0.0613192775273309 0.0691394489369211 0.176119887079794 0.113735805800536 0.0950228708155622 0.00782837622149887 0.08336817997427 0.171005439737 0.124554224445231
0.185889154737759 0.0359387012287783 0.102384316619023 0.0308006471729976 0.110781132522382 0.234847991796527 0.00457189256959321 0.0793883342863457 0.114917663561133 0.100480165505461
0.0720012772661128 0.0503030932688163 0.0349345742974234 0.070762083573525 0.17099634814618 0.00793310136486985 0.112474136890801 0.0966608365602101 0.18947453279723 0.194460015834831
0.0585818915871017 0.00144097605051497 0.0400435942242327 0.0898071546350678 0.12630496810112 0.0312106044273191 0.217663087693497 0.239690803616916 0.127430720199429 0.0678261994648006
0.0847963087467568 0.0220654518649035 0.173173290522415 0.0382955356186947 0.234096006885061 0.153489302055528 0.0326210535301981 0.0395469202492006 0.0309545126981483 0.190961617829094
0.148136067759959 0.0648520198408454 0.153510842002774 0.131652158522796 0.131168601285055 0.100750705397464 0.112129882959637 0.00108366648498907 0.0943045973756133 0.0624114583708679
0.0585049741369285 0.160641560036676 0.0225132590140676 0.0544356342017114 0.186919142840435 0.108518318380822 0.167699060070175 0.0145701056479087 0.165550705502817 0.0606472401684582
0.117544028210453 0.00251104881251185 0.022117641804501 0.0160214173894635 0.193339997680276 0.0895769473395259 0.166484947189629 0.0383904841144854 0.115579478327806 0.238434009131349
0.126311729500889 0.135380782075071 0.143059978636097 0.0592267199022078 0.0363648316202557 0.00357302045359695 0.15421456298463 0.239768203578447 0.0311351832054804 0.070964988043326
0.0884550819913096 0.15899745555577 0.11558212647961 0.0419801636470559 0.0838780395589123 0.0990110985078 0.157063057882962 0.097522145697672 0.00192594634159677 0.155584884337311
0.0583370418357946 0.109226822562444 0.0282288938162679 0.123975197041987 0.118259496645056 0.146326590848606 0.153670024182104 0.110716236913895 0.120846824928014 0.0304128712258316
