0.20637888157098 0.0355743081065958 0.0548937902953536 0.0211869594209131 0.337956884497931 0.302956687451119 0.0410524886571072
0.194048087855543 0.172489408127178 0.172127497754321 0.0958895619276101 0.112265132396963 0.169836061255771 0.0833442506826142
0.00399016101431593 0.307919902086679 0.0672082287311166 0.0542870487283229 0.0262865208803476 0.284871801892913 0.255436336666305
0.182288581571578 0.151598358046608 0.251168165599751 0.112959140078912 0.0411114384077407 0.142851282933225 0.118023033362186
0.154843999273088 0.040537739856912 0.116638775940897 0.120498608674182 0.125712757670975 0.19522655347853 0.246541565105416
0.192852050178729 0.215415424553989 0.0293718216760048 0.115796221764924 0.25241611877302 0.0830837934953758 0.111064569557957
0.0239303244442792 0.135321339356983 0.127587092449443 0.240534381451937 0.250532248390232 0.21783971309655 0.00425490081057531
0.251147756911033 0.223975095438093 0.0858973279044465 0.0106318801353445 0.163589043637327 0.229127396803339 0.0356314991704169
0.192433505264431 0.149798124712397 0.136338776273105 0.267349462353208 0.0127315486709725 0.18599499008999 0.0553535926358954
0.155800291847795 0.102529551415541 0.227537145119191 0.0522444448180626 0.0804297430829482 0.105186144246302 0.27627267947016
0.24134264861863 0.129377937934753 0.162988412175462 0.0226591637199853 0.237496661558404 0.167034507301275 0.0391006686914904
0.209178439650249 0.228906121667893 0.164696640517892 0.128477895476787 0.0707055546016515 0.043945576776621 0.154089771308906
0.304384033503273 0.215765233222719 0.185467993611275 0.0281632429576508 0.0414379196301398 0.138583876509355 0.0861977005655876
0.170570126411815 0.113908825596181 0.243375190075701 0.0964788915587251 0.177556830641028 0.00106369446686792 0.197046441249682
0.124072639484405 0.0255330723995077 0.160775701310285 0.11399242240206 0.188026344301083 0.166258721033275 0.221341099069384
0.168916210030612 0.215921924020739 0.0801201074215694 0.232021571520547 0.0948158031779185 0.0632169585128035 0.144987425315811
0.103707637897321 0.196994484547155 0.0814326967653569 0.205504222416977 0.101345497244784 0.216071409809678 0.0949440513187276
0.0375865772162835 0.0634086143769874 0.183691308780253 0.202029767009245 0.113524040284902 0.220430239265511 0.179329453066819
0.23199858801631 0.173564741958476 0.188678804023775 0.0530903893913227 0.232020313680972 0.0850824327924517 0.0355647301366925
0.170100839987553 0.159230182378508 0.164073272793709 0.0358068378638531 0.13124242188265 0.147586640930925 0.191959804162803
0.147987123841986 0.178834828982382 0.147352758686581 0.0905539045067579 0.152628217009939 0.208078103107033 0.074565063865322
0.131573454780157 0.0726234093362806 0.151697822185678 0.190275654708725 0.104371623468289 0.0127043484634919 0.336753687057377
0.192712096426229 0.0815830578785581 0.15190268554039 0.130294523476888 0.195720548275312 0.0576514014711164 0.190135686931506
0.184969369983605 0.159561843268539 0.127496994887299 0.199847431189529 0.0574239870621309 0.0745801447944767 0.19612022881442
0.172509809526272 0.225013057308671 0.01084390685947 0.165429880285707 0.0532079758863763 0.139766180264897 0.233229189868607
0.0988103779984376 0.147153326687612 0.070998176068893 0.13863538875786 0.240790639886224 0.0436926816982509 0.259919408902722
0.00457162832227856 0.168360535087744 0.226848706380209 0.165164764282312 0.327290017888587 0.0744413038662794 0.03332304417259
0.0488801923801084 0.00388861425096975 0.0495977018293651 0.150047275168495 0.0882321428357239 0.29767642833227 0.361677645203068
0.236903537594876 0.14897551982199 0.18825180304648 0.108049104953789 0.113942246417577 0.0532986890494932 0.150579099115794
0.216117896560546 0.192148001470379 0.205216023892232 0.0293233377479617 0.0852219813752686 0.139260698785284 0.132712060168329
0.193421671892215 0.0182587151598398 0.123426385440277 0.141965674099735 0.161343559827767 0.187894467926041 0.173689525654125
0.064350889321415 0.0161665425840627 0.309805074793878 0.0923841191536038 0.184414596326847 0.011340491408663 0.321538286411531
0.133757211582416 0.157814558649009 0.143869426225569 0.0679657581839419 0.249473430466375 0.0391833313329312 0.207936283559758
0.228302215455141 0.00255595353670185 0.26460973346704 0.127544348706617 0.131405821688253 0.142699029901855 0.102882897244393
0.0108439278094609 0.297265316782286 0.110471605761311 0.277067369409313 0.209631351327751 0.0503781352844595 0.0443422936254181
0.119199549616412 0.172894363254303 0.200659314619137 0.0485788304848625 0.169084230325646 0.137435289468478 0.152148422231162
0.116323834931283 0.179701975361431 0.215437393889351 0.231617235307036 0.0837332192882991 0.162997856762193 0.0101884844604085
0.134364102680063 0.130951595424367 0.121284068109362 0.229252756545394 0.0881119656165207 0.0297762357708358 0.266259275853456
0.167405125991997 0.0539200079179964 0.107988677513663 0.219883892785002 0.222278471671774 0.110418889749187 0.118104934370381
0.1095685666788 0.213723706219759 0.0828751971935308 0.115605074059077 0.235965219381669 0.125090512125219 0.117171724341945
0.125243264779156 0.0761950637055197 0.0178408458730618 0.25709319567252 0.0917635263967709 0.240847980882458 0.191016122690514
0.0153218637762479 0.144652153200872 0.315851245117989 0.0774288560168918 0.0189441332593809 0.154933397516219 0.272868351112399
0.312839822512602 0.130150729191665 0.181447141213075 0.0348632252597213 0.180945186569113 0.0988405705668293 0.0609133246869954
0.0235440878846376 0.243688993593495 0.0501088546968426 0.435944779439065 0.068317804161577 0.146893178025485 0.0315023021988978
0.124430969206102 7.43962514456994e-05 0.0137817285907536 0.0260792471307284 0.247014371084495 0.315787122271786 0.272832165464689
0.0184775228510845 0.216314423424772 0.246009135537403 0.140616610825965 0.150750643364796 0.210643586182579 0.0171880778134004
0.137017889106135 0.0936400458147435 0.22032750334585 0.192615906285802 0.0535554912608167 0.183691441835801 0.119151722350852
0.0461485152976863 0.138860565581616 0.211790911093627 0.190747787091152 0.205964984837214 0.105891094954391 0.100596141144314
0.296529949203104 0.186474565414282 0.182484137831221 0.142747153941631 0.0212535647902392 0.0425170414692931 0.12799358735023
0.117642996983639 0.158307733328496 0.238057500832781 0.124138184739554 0.0718484726895693 0.0863949419895314 0.203610169436429
0.272779735949335 0.283228724664819 0.084125158071276 0.0957615726210371 0.0648296850236424 0.0933128705654472 0.105962253104443
0.00924766048735089 0.363761605006369 0.0226609407115465 0.286866648846138 0.152612304582141 0.00858699653354624 0.156263843832908
0.178195352008383 0.138381376170963 0.214411256158104 0.108242637831137 0.185037548486822 0.0475859725022048 0.128145856842386
0.216290961200915 0.00421956153661644 0.208667798966214 0.267518574501972 0.0701782203847163 0.0505782566331531 0.182546626776413
0.199456269376294 0.28787577457208 0.213465160696974 0.140544465877332 0.0347687791235557 0.0751415414212651 0.0487480089324986
0.0480968682472601 0.24642381321209 0.197910608413602 0.0330907470965647 0.185145724330872 0.073134722434933 0.216197516264679
0.057754510024308 0.160477140449711 0.202000339497421 0.182554688901033 0.0650872134917053 0.184396278817407 0.147729828818415
0.230327255424127 0.0400199620941604 0.232247439656711 0.213667706500256 0.0716216966462181 0.109986696025278 0.10212924365325
0.206944077653513 0.0508304004993208 0.0886912586927556 0.316745312696352 0.308495539586509 0.00464792146690165 0.0236454894046485
0.174079660969264 0.150717454056258 0.19607099241443 0.0677147461908852 0.0786075447767615 0.172102398500519 0.160707203091882
0.054725983159105 0.177991507430663 0.0325863456470299 0.189007013498521 0.213290198224943 0.211280800655212 0.121118151384526
0.082694729112679 0.213420179240988 0.0177682565647351 0.219530127791798 0.211815262195607 0.202136470000099 0.0526349750940943
0.0426861491758536 0.187954368704515 0.0411566095608023 0.343492922841129 0.232429502269223 0.0286770177104941 0.123603429737983
0.179701992287129 0.0226642091111714 0.204894775523534 0.04298107495196 0.0907498915318295 0.250946895383543 0.208061161210832
0.0212705001099686 0.108757972209469 0.0645462810867587 0.34244611066814 0.030205659440704 0.14927688098718 0.283496595497779
0.15706284487827 0.115076506741171 0.0606766747000128 0.20488445284407 0.233185586340314 0.190220456062004 0.038893478434159
0.00247527031278875 0.180343071848175 0.085412768146285 0.335986069031481 0.033398925515348 0.0998202649430414 0.262563630202881
0.167986760113557 0.00697675793042869 0.148618284080154 0.184148040259449 0.173557765270963 0.170315365396393 0.148397026949055
0.0729284759886937 0.0694699334536258 0.202576946845962 0.0716656223353593 0.233713415731754 0.19926685662392 0.150378749020686
0.0422160481951652 0.0910508179446119 0.0908170220162666 0.1621916720286 0.299531315802706 0.30499711693535 0.00919600707730029
0.0791338402975781 0.0858820077729885 0.111472668000956 0.0541877001586572 0.288770928378734 0.126452504448085 0.254100350943002
0.26000294225367 0.107451958057199 0.253531265739452 0.173280033897473 0.0629299575068647 0.117405248924004 0.0253985936213373
0.145234443810149 0.213197583714925 0.0134643630577186 0.164245919040443 0.137364357859028 0.285421267317671 0.0410720652000657
0.00885036892284742 0.0427798359066908 0.308124006977148 0.23698188132941 0.268931804628443 0.00325496615938826 0.131077136076072
0.0223025921675752 0.0799854607964457 0.236068735883031 0.134424105524259 0.262348671770113 0.239886285544989 0.0249841483135869
0.00865275224151025 0.112965813617333 0.10005373957285 0.120551823052039 0.227851909277872 0.271592553692761 0.158331408545635
0.212574120666643 0.167188438401154 0.113979462811992 0.116854784581896 0.225633492889068 0.0594602381346863 0.104309462514561
0.160570448060549 0.155868814751901 0.176391515330832 0.17162911787305 0.0905088686545967 0.0921349387019061 0.152896296627166
0.07411298234953 0.0553812684971395 0.129954581987791 0.0422261338216991 0.119169010460144 0.33158497159933 0.247571051284366
0.121682312644888 0.166096237665465 0.161340532786048 0.120703370292737 0.16979419153303 0.214699721186731 0.045683633891102
0.178249410351967 0.174350880921427 0.176247643801069 0.0235110584373451 0.0988128515013503 0.245197265961971 0.103630889024871
0.242869948264243 0.141393617045434 0.265350516944391 0.226727142089069 0.0962000837254043 0.00178823366713709 0.025670458264322
0.103547106659583 0.185116210362001 0.130511560701746 0.149785645893703 0.210114976496278 0.125083731971007 0.0958407679156812
0.030077845517795 0.213618630707284 0.133069982429848 0.135289946044176 0.243377385309763 0.0256629563819931 0.21890325360914
0.19505165336764 0.0154827878509524 0.00155504544911435 0.314925103456817 0.0515134618532431 0.229911294508318 0.191560653513916
0.225153727217017 0.164409940020432 0.207861588849042 0.120041736770387 0.186124599709406 0.0736800530678574 0.022728354365858
0.16790491954258 0.0372788464630262 0.173136123221483 0.0992237634126616 0.171074501400975 0.161589074806176 0.189792771153099
0.0927228035048793 0.23448533051441 0.101234073530449 0.151801075652799 0.0428238630879514 0.300254847036831 0.0766780066726803
0.202149306467786 0.230191998704778 0.141603807555193 0.179437101457428 0.0120559380750724 0.21923219947783 0.0153296482619137
0.173929698923681 0.0914350106622374 0.0301037628338624 0.163376915544835 0.187638161210545 0.158981020466897 0.194535430357942
0.0245108875040026 0.374080289102364 0.0862802060150991 0.0455492202967215 0.201883670573694 0.128289570938953 0.139406155569166
0.00946170451014973 0.182616458890446 0.120941767665957 0.31515755970228 0.0420777375206292 0.00401712958429141 0.325727642126246
0.11098402984398 0.0311691903394666 0.264080827494767 0.0863726535290904 0.0957318028952123 0.280052230214768 0.131609265682716
0.0697531392868998 0.0619584804495209 0.220579171884583 0.226396692893287 0.0758562566792432 0.194330183016295 0.151126075790171
0.161470272989351 0.193959229570584 0.188219100882717 0.2342361470265 0.113078622644807 0.102309840158111 0.00672678672793038
0.190826675496496 0.291541823508108 0.0042563651446069 0.00573948917951473 0.172114869414 0.0746731676316447 0.260847609625629
0.151902866991656 0.03036637647153 0.153868738810816 0.219480549055264 0.208612392030762 0.0380090709534991 0.197760005686473
0.209761647706233 0.116145715837506 0.17915457715803 0.205489898770403 0.079777189566661 0.168992465983531 0.0406785049776363
0.197956973324699 0.0616426899082042 0.187480840596062 0.113693346977234 0.0872904761281378 0.208131543040728 0.143804130024935
0.125174849045698 0.0297611051225512 0.176321790011624 0.322015731217453 0.164117851103641 0.103124147483581 0.0794845260154516
0.253483141115246 0.219102817075576 0.0249749927012509 0.0697937395247489 0.191071634433359 0.162663556597754 0.0789101185520642
0.111556367100083 0.0787298112802191 0.209467250836689 0.0711754562638244 0.200454908121312 0.125304432088995 0.203311774308877
0.161461943338601 0.189320515373774 0.181872147250888 0.0188321125366444 0.183758166808805 0.0951880808531046 0.169567033838183
0.031610441270228 0.0655037322211903 0.453895087820869 0.14606642860543 0.149576000457214 0.0912426671416588 0.0621056424834096
0.193744652050374 0.113624664475068 0.2558660452292 0.0689503985520565 0.134149932576362 0.20760778750116 0.0260565196157799
0.213518356567636 0.0811850181147421 0.0987860901806454 0.0929326952039581 0.194166754749976 0.216212505994276 0.103198579188766
0.249659212814133 0.237798116115303 0.252419396957497 0.0548326768480322 0.159607567551191 0.0415125799263783 0.00417044978746538
0.0883999353129177 0.108152268436792 0.223240963066347 0.17932366713036 0.0249822092771868 0.1999682257637 0.175932731012696
0.175001181560012 0.151791671734639 0.127610422797187 0.101339903432073 0.087328889758409 0.172436535364257 0.184491395353423
0.00970041053015505 0.130039558895161 0.222792846809482 0.0759463385041302 0.293686896592858 0.123298032883839 0.144535915784374
0.0718099122497251 0.172006533437955 0.251892009786575 0.228254652367322 0.203014890618216 0.0109856697256851 0.0620363318145218
0.0530509776765952 0.149840914472147 0.184630332352889 0.0965521308059054 0.169607072844707 0.209715331525647 0.13660324032211
0.168974483776616 0.112322608907337 0.0276468396228925 0.208089243865633 0.203173456573291 0.180387500053886 0.0994058672003435
0.165304290025616 0.0842252869817236 0.201210519371302 0.0820105020866463 0.177583287585575 0.182832466469119 0.106833647480018
0.181305276980172 0.290812263316585 0.204740120497779 0.109332677098858 0.0186381101056357 0.135717168525417 0.0594543834755532
0.00588203469965816 0.00822637708493046 0.260959625112632 0.172874160265457 0.227935612549723 0.205898355599044 0.118223834688556
0.242060867408673 0.0309778159517873 0.182631554671103 0.0902884593714822 0.132265772742714 0.172449651717383 0.149325878136858
0.178926524224349 0.07676593322523 0.122673856820013 0.122692072803083 0.168254621301963 0.156748245608976 0.173938746016387
0.189494071887129 0.0861588724046212 0.0546651527131182 0.218274928287605 0.0151786675409074 0.188913563174857 0.247314743991762
0.116667990750657 0.0592747878573066 0.0111733380863544 0.235160889857081 0.274493467223725 0.29219414832338 0.0110353779014967
0.245048871017851 0.047142024107232 0.107098262437961 0.194432594997211 0.0762959553871523 0.0602112683643593 0.269771023688234
0.278344779896905 0.0655296454368748 0.0706142065529193 0.011049797851573 0.00563236827019227 0.282184376328058 0.286644825663477
0.238356376246331 0.215053441863537 0.108049120352007 0.103487936072701 0.00676662955946269 0.231269982026328 0.0970165138796335
0.0828990044170748 0.165510304853172 0.22098888543326 0.201493778404256 0.109207813419195 0.181169674521895 0.0387305389511475
0.165574942928538 0.060929318358288 0.196363309373175 0.216797227039226 0.226723604795726 0.0472976904059973 0.0863139070990488
0.148825445977988 0.197092762253643 0.0818004357982828 0.240594843349177 0.125626251981963 0.108732690755911 0.0973275698830343
0.157179053735277 0.0385670512893863 0.274817555654749 0.189303319894382 0.1265102048621 0.000285409870975701 0.21333740469313
0.163570852270432 0.113614726584647 0.174747924666612 0.171407013047396 0.269842613650088 0.0762183272052038 0.0305985425756205
0.153133632724219 0.13308347510746 0.204783228444521 0.111697536357257 0.0103509182120313 0.257360898175142 0.12959031097937
0.0784861051854521 0.1426389115225 0.255214269529958 0.147896110909095 0.00015984086025909 0.174777176459236 0.2008275855335
0.237809445172021 0.0736549490869754 0.21287340471024 0.0422378873341002 0.0776691226353794 0.204819585876573 0.150935605184711
0.0878700365305589 0.127813942241356 0.156791026324699 0.0184174300021453 0.194924911738236 0.22344415455229 0.190738498610714
0.0827131459593701 0.128640196337677 0.30447476741531 0.047501114739483 0.164925398736113 0.163305827721345 0.108439549090701
0.0853915387489378 0.131630140846898 0.0982707788415059 0.0338462363219565 0.240785774667463 0.141994716826681 0.268080813746558
0.228731438948071 0.0129138640142977 0.159323621844446 0.0975623731207116 0.137897956983067 0.133337477674689 0.230233267414717
0.196793563534547 0.000587160095276413 0.104734834087312 0.0287622426983377 0.246137375678731 0.224449393100996 0.1985354308048
0.167621900316204 0.0970160799315932 0.153127675828942 0.0677051613503099 0.228173566266573 0.120681461564197 0.16567415474218
0.11482990061801 0.152359534028658 0.124021801256934 0.10084920583145 0.0694962397330664 0.244512567412999 0.193930751118882
0.251000051047414 0.119828387301049 0.0938129809087786 0.00754931283431808 0.0882347298985776 0.164604443775896 0.274970094233966
0.255808008721878 0.158857250330305 0.110667330216923 0.150530142068685 0.0931094103473623 0.0378498179011518 0.193178040413695
0.223476241869097 0.209796594784649 0.042902199401675 0.164553219791872 0.129269549480034 0.154824365468459 0.0751778292042142
0.0718100313318681 0.28128480595897 0.0241205811448166 0.0175965237592207 0.371562962117055 0.153487077548405 0.0801380181396651
0.0756109551565271 0.330544315197277 0.0153286100705026 0.00447116013518246 0.0891542540584502 0.0517054936054332 0.433185211776628
0.277394086530405 0.0716622718884449 0.0358642899697005 0.0473907676589412 0.135618233198328 0.231704389882516 0.200365960871664
0.223765405875497 0.0171446859031067 0.285032083990598 0.0375730674810873 0.15818076029267 0.0116773028343166 0.266626693622724
0.0999784687341038 0.173995733147813 0.155048700794188 0.190526290588896 0.0436623258870108 0.128733583827345 0.208054897020644
0.0468080918620188 0.0137151900453888 0.152008262520497 0.331523229206371 0.0281944659732386 0.148447544353537 0.279303216038949
0.162403995544156 0.103920871691627 0.225475952653924 0.166886903013624 0.110904323622735 0.208757042420142 0.0216509110537923
0.0964203887766883 0.222126367278846 0.226278208675299 0.105214884965664 0.0442555500644745 0.00878527614635468 0.296919324092674
0.202820769196014 0.177237953584485 0.132584943528665 0.086370793295339 0.208865329418163 0.170160417206799 0.0219597937705348
0.160372423073195 0.0873133854531296 0.0949604233245064 0.175604650791026 0.166140668257941 0.172926336496015 0.142682112604186
0.172217070604164 0.0556698900105559 0.199375332003275 0.215500274040383 0.178210971584535 0.0780836962594966 0.10094276549759
0.240247125377027 0.13133716732785 0.0454645508800823 0.193999624353842 0.0367420340551019 0.0101442510020568 0.342065247004039
0.180259308624837 0.0893263462039784 0.229635811835245 0.103072834588264 0.230867938991874 0.0776888301338804 0.0891489296219215
0.176840539988678 0.231172450326625 0.110763832437056 0.186730394154409 0.209063452045167 0.028643296599039 0.0567860344490262
0.188004635466211 0.116719954822526 0.0388115435414537 0.23002124862232 0.0518737882597406 0.161570453407863 0.212998375879886
0.135955700296694 0.232346764927487 0.229396555125731 0.120123955072603 0.0871703674207909 0.177047446013709 0.0179592111429847
0.2072717567742 0.0178367268283023 0.120047385737589 0.123164813537647 0.310007532497119 0.0815631916312672 0.140108592993875
0.154394698060638 0.0310339585190817 0.0145582708066103 0.119949465613826 0.102065790276503 0.264376837768551 0.31362097895479
0.275261456505602 0.205594673102106 0.0955553115197012 0.110329835190929 0.00536467843987955 0.152044184520643 0.155849860721139
0.0434722144302091 0.0641580304209933 0.34535798912743 0.15709680840637 0.246871789300246 0.0861666292010707 0.0568765391136807
0.189495708339161 0.0199348806808856 0.038669166558289 0.142758534774283 0.0392730208581651 0.359643258017224 0.210225430771992
0.224698280236399 0.144055085579612 0.182137085910191 0.187134025986582 0.130524307572749 0.0247070389126071 0.106744175801859
0.243889309599529 0.167416250384703 0.156354355043587 0.182604142766639 0.0446154541889486 0.134998975030073 0.0701215129865204
0.216192680338591 0.0926253121161751 0.0151856895899256 0.270679071952453 0.161133879908462 0.0689383619509023 0.175245004143491
0.201456178822463 0.0511890994137195 0.130581121952435 0.107233506942725 0.211804633609499 0.0458543482015479 0.25188111105761
0.154333273670518 0.18886986346251 0.224251065092863 0.236997369560049 0.00100285209612633 0.0152320372489929 0.179313538868941
0.107652772260221 0.246749585161162 0.146416413320185 0.135020434250792 0.113901545837567 0.130184686475339 0.120074562694734
0.0755996733020168 0.2541669641248 0.134564078512713 0.257549161727105 0.0322541389569092 0.132922009700655 0.112943973675801
0.230954301432775 0.0955759250893142 0.156473727356532 0.144612047113455 0.283203616669981 0.0105059167435959 0.0786744655943476
0.158956945381052 0.166815029395094 0.0370150349328599 0.0951662510383659 0.0957772011119207 0.223668199443776 0.222601338696931
0.152295048471802 0.177787363734117 0.0926982755361184 0.111149170545447 0.21057997797844 0.161750463619819 0.0937397001142564
0.0392075308225794 0.2865417484392 0.0264399197044352 0.079950184543927 0.210374673657506 0.211001273393373 0.146484669438979
0.154438420737162 0.203762648504557 0.170406777597087 0.175329461384441 0.0115755296564168 0.0684247238279297 0.216062438292406
0.0665557429395212 0.249055221310292 0.0284984180057232 0.165722136582279 0.219448245605675 0.231338386824384 0.0393818487321262
0.0182698885473788 0.30194595887953 0.0984320559767445 0.150692861595883 0.268541738784014 0.137771393523171 0.0243461026932789
0.425504055809172 0.0270122282327923 0.160928429348417 0.0221739319472208 0.12301201774996 0.00774262146105388 0.233626715451385
0.219079327162006 0.150113870858989 0.122021667059988 0.187298359460768 0.0834486234609623 0.0945891507988783 0.143449001198409
0.00149694098103674 0.21119867579954 0.237902061766966 0.029200036503669 0.27512994809882 0.198447210240464 0.0466251266095038
0.179191993056117 0.141666045711511 0.177629443889558 0.0741504028772996 0.0811426743843422 0.189065991197386 0.157153448883785
0.0575801044581061 0.105424899404766 0.199453210690946 0.0669736645469187 0.348450739606303 0.0111179709122267 0.210999410380733
0.134194199956272 0.184015239442399 0.228970359806193 0.22973861131622 0.055493315126555 0.147979567079062 0.0196087072732987
0.200375798957986 0.1174920206138 0.00971619848313322 0.211006923695314 0.0882553534866261 0.196010092887005 0.177143611876136
0.0675945664501289 0.27589525622165 0.18206502622436 0.0201968790425934 0.237362975467621 0.0649089833423186 0.151976313251328
0.180664691754806 0.117962524056916 0.0387442533052049 0.0812664211455219 0.195359827727272 0.333759625920439 0.0522426560898398
0.218475657328057 0.129806697386107 0.106167659310474 0.160386134646409 0.0851431608556563 0.127496953537002 0.172523736936295
0.194576235088016 0.057881919357337 0.0166648190844265 0.160309498906304 0.253472035882762 0.0852851143124163 0.231810377368738
0.243442047402118 0.0707350007848373 0.0535183369260329 0.129568392938472 0.224955655993862 0.182207510244846 0.0955730557098318
0.0726179625970335 0.0356798225150991 0.107755827976844 0.227012946541691 0.224245550806406 0.206147598908562 0.126540290654364
0.13301516365561 0.134153541686329 0.247117087626773 0.111005955430538 0.267226208498841 0.00118859896198468 0.106293444139925
0.13912606947873 0.226732395787741 0.0430704979011943 0.199598849625896 0.245563330544111 0.00901774424333448 0.136891112418993
0.258611397098722 0.238004991432979 0.0855861463717595 0.0519113961593438 0.122262148232269 0.236986323940504 0.00663759676442316
0.0634994989720188 0.109060497886964 0.235435876194626 0.162659946604494 0.02456727698358 0.177360280288441 0.227416623069877
0.159632924365099 0.0697983611674052 0.149465935600265 0.178168291008609 0.125693467064801 0.170672908897388 0.146568111896433
0.219065353624393 0.373930741635235 0.0029982015120045 0.0700807184635041 0.0372261257166559 0.293409197726233 0.00328966132197389
0.126823303456599 0.0133922420837659 0.156357111182449 0.206519034214906 0.226605923788942 0.0233049025068105 0.246997482766528
0.0400541697893736 0.221256227412053 0.119638321665448 0.0379316529242878 0.206388354000653 0.190437417750523 0.184293856457662
0.0515406368932534 0.203526161315961 0.106202128812031 0.240068610506602 0.238843017305253 0.018531244687607 0.141288200479293
0.133677146025375 0.136567112691877 0.11261008719321 0.179783175121816 0.150779704695952 0.214966518250906 0.0716162560208644
0.0781227199086958 0.0863355637112145 0.159198318206054 0.0933965532377887 0.0692777193586291 0.317335269040119 0.196333856537499
0.192068001426817 0.00546347599330792 0.154820398548121 0.220492362222976 0.135900350349467 0.202965983149046 0.0882894283102652
0.11287121759803 0.0874170306531713 0.065460675994381 0.35413135240984 0.0313364654513998 0.206777186075137 0.142006071818042
0.13774093195595 0.220513248828903 0.02689733195588 0.209193693401134 0.000560291827602222 0.144101077567722 0.260993424462808
0.238622417124255 0.0366504428736062 0.239593689786279 0.316359731608723 0.109273920644742 0.0194156255079385 0.0400841724544558
0.0777821501876532 0.127001075793626 0.0565037249431486 0.0364556028825371 0.231419511234353 0.256136334423709 0.214701600534973
0.185821918048358 0.0801076535380067 0.1321301904483 0.133067184992723 0.140152050701396 0.0603721909355408 0.268348811335674
0.167725362100002 0.060325987480485 0.132331600364786 0.213997301100139 0.0387169962120663 0.133195800796133 0.253706951946389
0.123303303988701 0.213292004022157 0.252766000721539 0.0167420013434914 0.254870215317939 0.0175455617317704 0.121480912874402
0.235928600581053 0.0639666136806877 0.174867448481281 0.123709714242222 0.0371265481933484 0.160064326564476 0.204336748256932
0.317009071867843 0.204433064120887 0.01186872959856 0.014677399601559 0.201718680774999 0.151663591989022 0.0986294620471288
0.167137640812619 0.165332804805825 0.182372501131549 0.19005985518995 0.011723037698036 0.190555853150875 0.0928183072111458
0.212687511431881 0.188003326442279 0.00901881390495657 0.210897027703237 0.177208698932191 0.177539535420756 0.0246450861646984
0.273654819731694 0.068895784168149 0.171638349337091 0.0202409699383772 0.274413395991874 0.179843692453256 0.0113129883795587
0.194947525201669 0.15682532783959 0.15918476067259 0.130249043280604 0.146684717607419 0.101148032104635 0.110960593293493
0.162788730590926 0.057179222218678 0.0447226161779897 0.160188662071247 0.0349484387014717 0.337732873564215 0.202439456675473
0.158230898268493 0.205140053995466 0.0506027234703386 0.259706828598308 0.0573344858784242 0.0570895407594172 0.211895469029553
0.0605363330068987 0.175470432887968 0.214651340031444 0.150998259161102 0.13440722964259 0.00903055230606508 0.254905852963933
0.142083703041032 0.252297611800501 0.0408242467419634 0.199040147529431 0.178661320486441 0.0513530212741697 0.135739949126462
0.139583617455765 0.22272314458987 0.102059086700957 0.122030181708854 0.113697507390833 0.226025149515617 0.0738813126381042
0.0759981190685343 0.141177144728905 0.273212061318558 0.163868784800004 0.23432809712989 0.0450916227289923 0.066324170225117
0.0774966124716381 0.137053652043522 0.180946147488962 0.0268795238185574 0.23604718945367 0.170214323748582 0.171362550975068
0.188645644303562 0.187593500896736 0.0436129625945539 0.0168261131797941 0.0515045760369914 0.22733139564066 0.284485807347703
0.234444319446674 0.208120926150898 0.159201962343511 0.0422708075560721 0.151184848391835 0.151532461804396 0.0532446743066146
0.332969158295308 0.256082584379911 0.157676889622714 0.014284834483944 0.00361971848795101 0.0021923845212953 0.233174430208876
0.0898872393863958 0.146400755399127 0.105459215560801 0.190117303441095 0.123456824669217 0.174072371157991 0.170606290385373
0.00858683479183193 0.171599959931907 0.228123378741564 0.150319626585524 0.154776614768366 0.0210433966488755 0.265550188531931
0.224894347057776 0.0520437984039369 0.226345859656991 0.0319796250638169 0.124100642638097 0.0988170398576031 0.241818687321779
0.10250283332019 0.124727060732269 0.00686972868418553 0.179610048573696 0.00858439575628136 0.201832568279988 0.37587336465339
0.164437242536403 0.0805280125138411 0.179347975964091 0.0851507667997735 0.194729809266337 0.186361693510765 0.109444499408788
0.275111720687079 0.0577220915297543 0.144513229445704 0.231639130334016 0.0648044708229324 0.078515845526485 0.147693511654029
0.0345977119334911 0.0751609092859475 0.0921436884595577 0.314932615159897 0.156885031470447 0.161575436609724 0.164704607080936
0.226462049160122 0.305707973085366 0.0868091498417079 0.110792100175597 0.105168994854555 0.15225569761039 0.012804035272262
0.075472689978975 0.172276441589287 0.0615818481489316 0.190096895367247 0.090793141029063 0.300647157795178 0.109131826091319
0.131014390864016 0.0416713828019843 0.224441548870446 0.168705411625894 0.227787829047401 0.205419457500293 0.000959979289964321
0.222204323050616 0.179898755939591 0.150371516271701 0.0140583271325904 0.182026385223047 0.209037829804037 0.0424028625784181
0.12643160070244 0.104927974130655 0.117705912806943 0.257651371903028 0.230652217178174 0.0300682067732724 0.132562716505488
0.202417865978414 0.121553191617915 0.285212849165966 0.0510728389000634 0.0922301785683825 0.0565922214342957 0.190920854334963
0.078748216740967 0.182487249321463 0.0463595049627278 0.201671365050369 0.210071964151528 0.208281038088597 0.0723806616843484
0.0910566436128378 0.192639631991546 0.179101411706662 0.107728297685961 0.104844153339334 0.191462671907117 0.133167189756543
0.190022421760945 0.0479753032897364 0.203654397715228 0.130214211622343 0.145785801830168 0.214885202614442 0.067462661167137
0.0822824221501475 0.0354572391093606 0.240949034979761 0.281851858502553 0.0559727147728448 0.259512707143065 0.0439740233422681
0.195142275691398 0.017501272900398 0.149254955418387 0.0247929405574954 0.204647126704979 0.373038146904508 0.0356232818228338
0.156795841582742 0.166591128828457 0.210818060968119 0.101229568598716 0.228989799638332 0.0337049285573343 0.101870671826299
0.0848076593302165 0.224677477061882 0.164719759890402 0.140784565650783 0.0824356821936524 0.210968277750204 0.0916065781228604
0.152828465893323 0.017065241906743 0.333057268874808 0.115863702916608 0.172378925279958 0.0353459701841264 0.173460424944434
0.192828280273167 0.0547081209672813 0.208916041708815 0.21481262408984 0.0623588673255019 0.203168785415305 0.063207280220089
0.183929671577453 0.236610933539676 0.203954705160975 0.0152690202059499 0.239945983879705 0.0223965531312868 0.0978931325049538
0.132518730067293 0.273292676302837 0.0465248064451428 0.264440409312815 0.0764216687994423 0.0805573616279781 0.126244347444491
0.0481876162747664 0.0530861285893672 0.0399523048943746 0.225001127983445 0.203818062580229 0.128664502692085 0.301290256985733
0.135618949669837 0.1557450384896 0.0647533732922327 0.195493011898995 0.0604826628277162 0.190653325572665 0.197253638248954
0.0698841801919658 0.0360560218141149 0.244021612230784 0.258321855806904 0.0399188865211826 0.093018644490847 0.258778798944201
0.0270244543644725 0.0875061699199732 0.0437926144497926 0.317777366103107 0.224744613560242 0.19305068388838 0.106104097714033
0.2277068804434 0.210052875586795 0.0497382261401669 0.238886514225152 0.122135564563694 0.0470514809530156 0.104428458087777
0.154103945476356 0.00574593831024596 0.212204911806339 0.188427083315099 0.255192243478066 0.126432615418245 0.0578932621956484
0.0736430488057984 0.220535888935778 0.0111138544377146 0.148207135797571 0.151268868026969 0.227666057088804 0.167565146907365
0.173635705021666 0.145892751329381 0.135395431332805 0.00208146777685065 0.089697080439186 0.289190576090731 0.16410698800938
0.170997568545363 0.150082894421523 0.141054797735223 0.19129039493989 0.174738406406909 0.01567818941781 0.156157748533282
0.0620669562727692 0.248134597087314 0.11026861047909 0.117146458812149 0.233290852271881 0.105260936487524 0.123831588589273
0.135766992878442 0.263623240689018 0.19408971796082 0.102553429212423 0.172534390231189 0.00667603620691662 0.124756192821191
0.0289619296094281 0.120067424291722 0.07108358237747 0.238633405903791 0.170126130309255 0.199069045905638 0.172058481602696
0.435575702855795 0.0171629594879495 0.000106462839555137 0.0589215724837095 0.0447995482887774 0.345965668586764 0.09746808545745
0.192738515798486 0.0483899814870279 0.128643926282444 0.138562364141063 0.270472846267655 0.0349446024681841 0.186247763555141
0.0851424334424955 0.223484110691303 0.0999023614571914 0.108304051121096 0.124401409352173 0.213332645272704 0.145432988663037
0.0779714708468067 0.277277025495377 0.0200725299087072 0.129691794342407 0.168020241879668 0.261860704735862 0.0651062327911727
0.0878994345319526 0.0775008641977137 0.192938033150364 0.208223257522085 0.244793119455713 0.0308696667001226 0.157775624442049
0.153668116898 0.0962316959906658 0.139771864788729 0.180868605239622 0.0709974856036782 0.108534774159624 0.249927457319681
0.0503235183001957 0.223364236974987 0.198602215915729 0.0801814581663756 0.170727536076403 0.0464235491210498 0.230377485445261
0.175049302280756 0.00855966546808461 0.2742291334607 0.140313726383823 0.0832545207866205 0.08108890880074 0.237504742819275
0.167240090665992 0.227917076926003 0.16220803792023 0.0772432686683177 0.188149382818405 0.0648341104478842 0.112408032553168
0.00637906445929572 0.0278320846241527 0.250537446594669 0.288449842652694 0.0893646750704428 0.0697074145896082 0.267729472009137
0.116848391199096 0.174239118111586 0.0681333525717632 0.201087515104385 0.174562001724609 0.128584030556211 0.136545590732351
0.306239172887123 0.060242317335511 0.0264793997221816 0.368151803006578 0.109778382383374 0.0866225741782725 0.0424863504869597
0.245646737388761 0.240231613695409 0.204640908816336 0.0518891706879542 0.0298820548242007 0.202220102313713 0.0254894122736262
0.127488416770606 0.212291119918598 0.205652193722992 0.137738019752875 0.208847845369197 0.0114439139251918 0.0965384905405391
0.0959759762884512 0.216541586372609 0.0309116209120576 0.079857520875811 0.244108185482273 0.217583797961344 0.115021312107455
0.298845709174495 0.0430463197327425 0.0925497898962591 0.300669121969634 0.0775999833410891 0.0685385490030339 0.118750526882747
0.0694605391445602 0.00411137193168594 0.0814404662826103 0.262491272852859 0.140809807569204 0.35682993528079 0.0848566069382895
0.0150570408899814 0.187733666116782 0.259622241414054 0.206572366211411 0.294634172661066 0.0190886795132619 0.017291833193444
0.165340185772562 0.0201142829039715 0.295535433047986 0.160543428240061 0.179174826199932 0.0159978882837552 0.163293955551733
0.0477720061762678 0.0984490653411826 0.105048881297869 0.107138038629425 0.262645700640155 0.251422518720182 0.12752378919492
0.246720629294881 0.149316626654128 0.0334164900284373 0.173489403056823 0.148635680595629 0.0545970020687453 0.193824168301357
0.255126752660692 0.172953549340784 0.117438370166542 0.306716122553388 0.00508361586608371 0.00186145446416044 0.140820134948349
0.142612525587385 0.0683449433293951 0.217230546503876 0.0118874670821534 0.163226749795582 0.169932896967444 0.226764870734165
0.0190532638622074 0.123069782818047 0.329030028919048 0.0446021024146517 0.0701031778933653 0.269130489054054 0.145011155038627
0.0785321334896362 0.0884631817623018 0.104164953462964 0.273210276079607 0.0014816384330989 0.208521125801015 0.245626690971377
0.0712146043831935 0.0922205381029646 0.321517732124819 0.0887396618489041 0.00762859785844968 0.221935053157833 0.196743812523836
0.148974183931259 0.0378035838087488 0.113519226072371 0.263387393261312 0.0449027126958093 0.209738588065245 0.181674312165255
0.165085891698636 0.0892514101920413 0.10281481136876 0.26392559349942 0.198685086541072 0.0742184972372954 0.106018709462776
0.164085432957541 0.11854124994531 0.197855486637986 0.210956127380931 0.103281312368592 0.17397897778911 0.0313014129205294
0.173263055717238 0.144747328729847 0.214059793159143 0.0125174353612241 0.145895792873509 0.0888387640346153 0.220677830124423
0.218173928502628 0.00318161556485945 0.20840067533327 0.141966933959054 0.23203224670289 0.178828822082364 0.0174157778549342
0.279834709428123 0.169899830920935 0.0275857341168223 0.127703283148055 0.259758444967219 0.0634634480948284 0.0717545493240172
0.0993628907031838 0.120137098988913 0.24399399120478 0.0476917987545 0.417665621548635 0.038607509699263 0.0325410891007256
0.161853879951772 0.236891473435562 0.081339443798338 0.0370781530812764 0.125048971646476 0.111128369824468 0.246659708262108
0.290366582500098 0.210166096328188 0.102470376962538 0.271619488813247 0.0973702910421261 0.00787170037546558 0.0201354639783376
0.160377624191227 0.268217000088087 0.22233050132073 0.0479147630561932 0.029987570568579 0.218104105606343 0.0530684351688403
0.22025598734319 0.0985184026971407 0.202083645168219 0.158356710281971 0.184402943149363 0.0488831513487285 0.0874991600113879
0.0206292201045958 0.0249452003575777 0.138654159639792 0.215260691896326 0.145093016420479 0.23516193903238 0.22025577254885
0.190539384600646 0.0959758882198037 0.0760451176858119 0.0149817905456637 0.410284758200306 0.130723979560299 0.0814490811874697
0.192433173661412 0.120861193075272 0.0619747825365472 0.126930713506101 0.191587176302495 0.18650739276505 0.119705568153123
0.047757665268843 0.158475869133183 0.207401877770387 0.266869922335709 0.0704316632538891 0.141428163359177 0.107634838878811
0.201120595645828 0.1684687739082 0.0594671508312115 0.174771086028384 0.167375067402431 0.0712060765618835 0.157591249622062
0.131542214257971 0.161020328195316 0.240969284942367 0.073662188928512 0.0173273149555571 0.108197369056098 0.267281299664179
0.0595881413639744 0.047627200105963 0.157878918920533 0.284644137881063 0.116107715501566 0.178151878035508 0.156002008191392
0.0274464782957023 0.362211657455763 0.0156393273657833 0.294651432763956 0.0218405898752655 0.183959041833626 0.0942514724099044
0.0822833156616973 0.333315437053832 0.161873814936733 0.0378387204300515 0.0679889567474269 0.133306558553818 0.183393196616441
0.151867625028931 0.0367293606497773 0.231725900589298 0.257595614712225 0.0430148953612205 0.00771106107174843 0.271355542586801
0.175568169739986 0.0290030811504007 0.147672425721088 0.208902284464852 0.120000489761821 0.0635661934282483 0.255287355733605
0.105776414684449 0.20609453218307 0.127300512219668 0.0226942397471737 0.246698843405323 0.098694160138995 0.192741297621322
0.155469622509305 0.195365355485712 0.117457617505989 0.197119365009738 0.157102132799327 0.1148648165116 0.0626210901783302
0.218220502450152 0.0334797899859819 0.283915843811443 0.19289928728924 0.0721790607814789 0.189503852426392 0.00980166325531224
0.117374031930857 0.177032479362975 0.0700045137890961 0.227662125605234 0.0962162595837882 0.120646145421349 0.191064444306701
0.183284889813324 0.175555339884403 0.136360963447386 0.0450951335719196 0.194310671915056 0.201067027084179 0.0643259742837332
