0.0926001972194383 0.0459747403394814 0.161569521737987 0.180686396386111 0.0669895001034914 0.139581808934236 0.0526198875555558 0.176453879102628 0.083524068621071
0.119098569473907 0.0619756943649805 0.0482688066254128 0.166817796109771 0.107597096766782 0.12921880877962 0.159449942468837 0.08052164226881 0.127051643141879
0.136134779073357 0.231737785380837 0.0795270835363067 0.106682336875924 0.202538954216293 0.00180480543489934 0.142083793429472 0.0821428140617023 0.0173476479912089
0.1920336691363 0.218860382488916 0.0787828978149201 0.0397502356890097 0.0268342612882678 0.000818439416794594 0.0960393653279371 0.115258530946223 0.231622217891632
0.0883932387850531 0.0798399999005183 0.113014302575511 0.0526787279498732 0.0933104882259694 0.0420585726458303 0.25229316624654 0.130212881026195 0.14819862264451
0.155312427511476 0.231535674161861 0.155054694830537 0.00087260578121348 0.247185273486827 0.0181445133344041 0.122903160756901 0.0458972405251225 0.0230944096116572
0.0293116117778293 0.0520488713392313 0.189902220343441 0.22226970056803 0.200864714159414 0.0684184776304276 0.113205352282364 0.0375815006778429 0.0863975512214195
0.107208825839141 0.112243329969021 0.149382782003272 0.0907941899040971 0.15815842411203 0.127247664661371 0.10551163342653 0.0601706795560377 0.0892824705285016
0.0921328025381086 0.0622939941323298 0.177272607832454 0.108433445418983 0.0846229797684908 0.153407731382677 0.16718707261173 0.0544932693998128 0.100156096915415
0.10218138793505 0.0399272505030053 0.0663847416066726 0.152584182405077 0.148779225837144 0.0965769011548703 0.0916029394426891 0.15866068130692 0.143302689808572
0.0177595673585086 0.0249874279369262 0.200088276189566 0.0992497897672144 0.170496737028248 0.165896058951896 0.0704144416890853 0.181344301796238 0.0697633992823175
0.156575649402351 0.0414608921029581 0.148759222341489 0.145645543282817 0.125536142587695 0.108645452003822 0.0737132885913518 0.0567424182953055 0.14292139139221
0.220657332573268 0.000639936738798518 0.0087328989199847 0.180955027476012 0.183031915983958 0.116847857338798 0.184427694468373 0.0865025835071384 0.0182047529936686
0.230150578940985 0.0717447401447888 0.227319534016347 0.128938602116793 0.111549547202284 0.0317196385385871 0.0227920258065785 0.0352220404723764 0.14056329276126
0.0639033532223864 0.154112839783389 0.00387218795406849 0.00819232126026067 0.140091572162173 0.154727900772557 0.151613530330929 0.179765514828028 0.143720779686207
0.107067206821421 0.171412407844687 0.134255900704884 0.182343610452155 0.00372391887534731 0.142529182931092 0.0628875700124381 0.18826131248454 0.00751888987343563
0.0295076241887364 0.120910348011586 0.131967077426973 0.144585559167691 0.163048979728662 0.1306456405293 0.177311518972452 0.000186268561742336 0.101836983412859
0.0711853448958451 0.0320813196637761 0.0837036998898757 0.147261035949516 0.096039513791352 0.163233791040452 0.0988583948630563 0.154042537012313 0.153594362893814
0.170230353981243 0.190222415870735 0.00880406744954504 0.186915134593675 0.160403757912859 0.024387104542676 0.173102085192293 0.0611870965081294 0.024747983948846
0.112943445618162 0.123267053539354 0.0676340027363249 0.130670973225826 0.0985421056013723 0.0878699121463906 0.132915715122953 0.112269333545984 0.133887458463633
0.204223550678519 0.0822411391901745 0.00559985568202294 0.176322396158208 0.0163226161813748 0.116134650265421 0.171135106572421 0.129707152915101 0.0983135323567582
0.0223815179036611 0.160697495970528 0.0125511002118036 0.053056041670821 0.213100884074629 0.0980782814743563 0.234368246580888 0.108893536135013 0.0968728959783009
0.0326480292120975 0.135373489530017 0.210030209089588 0.124090505402586 0.0574760418073921 0.126361492916552 0.201735188898517 0.059486691933611 0.0527983512096396
0.0790485208876635 0.0788455127545519 0.0832097188889557 0.20587127778384 0.157182816046502 0.0369893812934617 0.158512732633732 0.0999427395924939 0.100397300118799
0.278319026009895 0.0217823739910546 0.100252822233163 0.168627352906903 0.0241416432078497 0.191859158749422 0.00124643121863564 0.17258571810368 0.0411854735793963
0.0447785857559306 0.0727912392673075 0.157145765479005 0.173551916604211 0.0637288338879804 0.124384388120319 0.146313028152984 0.14993295202752 0.0673732907047436
0.192801295975784 0.101348359826697 0.118905168260829 0.00943280023548776 0.184115623686227 0.0424451711851842 0.0616055070573103 0.137929885606096 0.151416188166385
0.0542410554380798 0.111684531067563 0.0569901435042738 0.193242501794491 0.115842838262881 0.134362793703272 0.109393483085969 0.154691017778389 0.0695516353650812
0.0179099386909781 0.0196865292867191 0.0150637268954298 0.110460251590633 0.129053487389052 0.251327719714049 0.114658680406887 0.155568338216842 0.18627132780941
0.00744634939084252 0.148219295805363 0.174567142644493 0.180632526069186 0.125674428287254 0.0677226165848188 0.034507958316057 0.1230589909267 0.138170691975284
0.234467224079971 0.0337014632696272 0.0935630822717352 0.202986844772086 0.153701735784298 0.13150064818719 0.103358898576873 0.00749295628429933 0.0392271467739206
0.121743128645332 0.153679401144996 0.142843872783029 0.0738937869194994 0.00854333859364459 0.16022265267619 0.124237099022573 0.131235915605026 0.0836008046097106
0.178181356321956 0.0583978872370553 0.0739013349203486 0.146328545664131 0.11363824464701 0.10181424810443 0.0790286506331092 0.124315366914683 0.124394365557277
0.119926971244071 0.199536542097934 0.0157133872448245 0.140498123713269 0.0898629518494946 0.150996042161427 0.0701270373249663 0.174609915733473 0.0387290286305408
0.192973710488129 0.0332264361930516 0.0303130217784843 0.155079876367265 0.0774639519416631 0.190571062856796 0.204200722133525 0.0847273630939983 0.0314438551470881
0.0683364584027482 0.0274749176101188 0.0275198583325286 0.0801648297560603 0.14010857419124 0.0300595849481509 0.298024790628092 0.276560239107591 0.0517507470234699
0.0312756921497577 0.00852835100922458 0.190903008666291 0.150474300588099 0.100300258825332 0.0510327403141274 0.23542978235654 0.208930599510724 0.0231252665799056
0.141147290350046 0.200204444068724 0.0422892027319742 0.0497165787508595 0.12876779594425 0.0746112257129375 0.14685010608857 0.165464725592634 0.050948630760005
0.168913216019042 0.184020001695003 0.105648274193462 0.018906557953575 0.13354238766463 0.0169054302573487 0.143675440031237 0.0264667589248995 0.201921933260802
0.0969851660973716 0.05476965705679 0.149210841088126 0.166508788229828 0.088266608644344 0.111998136183292 0.161358374816528 0.104694275744141 0.0662081521395802
0.0479972862057708 0.266019464481178 0.11265895660303 0.11652485283051 0.0129066226057642 0.13539111456777 0.0145063409648023 0.280061853569136 0.0139335081720391
0.0107762468544349 0.151956178343783 0.0426154418129884 0.237943161837446 0.0942736348991301 0.091254172344652 0.0749559046862283 0.229870734499568 0.0663545247217687
0.0746360926114273 0.164448718518174 0.155367517834263 0.0586699610182003 0.0581593810052892 0.128335842916078 0.208665667316664 0.00114679031337765 0.150570028466527
0.0602281168165379 0.17654618844679 0.049050990484698 0.143672850586637 0.0854918695397224 0.0882393679101037 0.144616710871119 0.128471444824509 0.123682460519882
0.174557423015495 0.183223666791901 0.194300379169449 0.0429469182564149 0.0511869805424962 0.196852199990839 0.0441328092424932 0.00534211102922486 0.107457511961687
0.129311049821225 0.218368117597033 0.0581877549053113 0.088277724445369 0.1258956262196 0.0192465210956862 0.00687604168000525 0.27765872904976 0.07617843518601
0.152111581240379 0.068782654227752 0.104148070934627 0.163928332247515 0.117289483760665 0.0664445205888697 0.198096709253423 0.0879979053878487 0.0412007423589211
0.183602532418212 0.0203293134887297 0.135998685114442 0.00664649059092776 0.207919102323337 0.0108581605442901 0.0925266851409508 0.156494786372432 0.185624244006679
0.0556805027723716 0.167154955914773 0.0873191278564056 0.105205431510487 0.162755002700432 0.15958898489926 0.0942398724432681 0.0969570859001868 0.0710990360028155
0.172445708348156 0.156713949652282 0.122704000323423 0.0835904432780602 0.0317235333037692 0.0955331263314034 0.0852108291966515 0.1578801453497 0.0941982642165556
0.0485797458352074 0.137957347336583 0.229720356046199 0.0947063051362424 0.165313939915818 0.0352633449747267 0.149619462770003 0.0662735315207548 0.0725659664644657
0.165309542147821 0.156253908157654 0.0525727464023757 0.0286422072687252 0.0266678626319542 0.0914351990860989 0.178287813861373 0.135177315144548 0.16565340529945
0.0104081724218154 0.259991201721384 0.108694227034286 0.179345361105438 0.210537449182154 0.126767552249823 0.0486503458360181 0.0168211339773792 0.0387845564717021
0.0824930085310148 0.224680322048498 0.152237114132147 0.130080553744557 0.0519212844261166 0.176011843079298 0.0526463790128863 0.0547453358859427 0.0751841591395382
0.133429532409196 0.134260324048594 0.116050387888675 0.132656980746654 0.115705604931489 0.121045760400503 0.107886955503989 0.120057653308346 0.018906800762554
0.13505610820339 0.141677733351052 0.0111740752386777 0.161015141255705 0.13797807822521 0.0961421963025507 0.114049619831683 0.149612315020636 0.0532947325710956
0.135210359088245 0.115319949472068 0.129285205716457 0.129433945273226 0.146013173307783 0.117038703450342 0.0718288085545532 0.127215158051294 0.0286546970860317
0.256493022722253 0.137194998058409 0.253800259725322 0.044481007881131 0.0488269201595546 0.00132922452805011 0.0586926051115744 0.00373844370911388 0.195443518104592
0.0565738775915578 0.0794261458203721 0.178024567143358 0.0577938103322034 0.161982933447622 0.110182750345722 0.183067876937005 0.0417026318330968 0.131245406549063
0.104205599272258 0.163091200046915 0.0048038403817916 0.0309672447905534 0.152885832065551 0.167848280440032 0.172510634124353 0.0330003737356764 0.17068699514287
0.0636992369892385 0.210034764178553 0.151795105168586 0.174005898307338 0.0374930668154707 0.138672137382477 0.129272927820268 0.0085015155361854 0.0865253478018839
0.283824386287869 0.146995072470467 0.0620255156313394 0.005269150489873 0.0813188644967124 0.109503824001678 0.0275464795784917 0.140178182736202 0.143338524307367
0.0762289651340875 0.083912778642516 0.0677978384418765 0.127288242331407 0.0914544019610831 0.147113902931887 0.136198550674833 0.139566968623085 0.130438351259224
0.175423588006185 0.185757740148229 0.0304285717988232 0.18605760365802 0.143340853553462 0.0118532188329063 0.0913184779589374 0.0657399270634474 0.110080018979989
0.143322603190943 0.104518906509926 0.18240084727901 0.0271246364729258 0.0196384279784717 0.14373367612746 0.0829473337473013 0.185167806341066 0.111145762352896
0.0334897362011407 0.186026279496733 0.192600479968406 0.154840012260619 0.0737711030486602 0.0254477504492459 0.198897131446721 0.0632790235601875 0.071648483568285
0.0152726723664873 0.175171477443848 0.178644437680123 0.193873300669994 0.116233742414473 0.186765083150152 0.0731840636327701 0.0372361469857929 0.0236190756563606
0.0666672077347099 0.187288681599157 0.111935709311452 0.191200532497269 0.137459801963951 0.159726509319814 0.0645904010922091 0.0293360530012047 0.0517951034802336
0.0271572815909139 0.118576002629047 0.172763795468055 0.0983476200736318 0.0332998033093217 0.116449552628381 0.195735900158043 0.16002854640034 0.0776414977422664
0.139236324726012 0.206289690516743 0.116449687945171 0.0651128277262089 0.154270521637072 0.122114334379411 0.124526749668014 0.00629793106711261 0.0657019323342557
0.155303674045235 0.115758024643324 0.0262409901216306 0.0804260861318013 0.13692478891074 0.0541768091796255 0.138309034448651 0.162111280947144 0.130749311571848
0.1565372755054 0.0437144003032405 0.0560940147193714 0.105642006515197 0.0520154268680602 0.206771902286216 0.18899109458866 0.0246432232232366 0.165590655990618
0.143209858031196 0.0942227734595072 0.172372145790096 0.0246689751967083 0.00372268004351746 0.149266180316398 0.111850448767401 0.153125994752793 0.147560943642382
0.143235490154128 0.219510701833566 0.0513105661749819 0.131051853771135 0.0791417046046656 0.057330537124831 0.167236234711176 0.144510546815378 0.00667236481013982
0.150758519547175 0.152021128145946 0.1346002645946 0.108586509132252 0.0332882742163063 0.114573291073082 0.10541136602332 0.120956211979972 0.0798044352873478
0.142631093538941 0.0697024522594641 0.128179222431614 0.123772533811325 0.0801790276248304 0.206153039941141 0.0745996531626129 0.00193982424648918 0.172843152983582
0.124231934422382 0.107697207576663 0.0769567336828539 0.0182188181343447 0.148300916908654 0.0389647022760474 0.249750733346693 0.150798642038569 0.0850803116137923
0.034910576968425 0.173422095444263 0.0721128695057726 0.156208974751295 0.0479474396415697 0.150959986958446 0.237349335351856 0.0427695211186749 0.0843192002596979
0.124567292849639 0.165504898139153 0.0190983674942512 0.0970622186889167 0.10355402264678 0.099944990444055 0.160361658004043 0.0684475623984412 0.16145898933472
0.174433760341274 0.0815497085931578 0.0936842842153178 0.113042647941755 0.159705572755425 0.150308827443209 0.0689022850614232 0.0617340070776415 0.0966389065707965
0.098019467794138 0.0926230368473571 0.123275245704388 0.102476039048817 0.136239526866605 0.0759039479265149 0.158819014957563 0.0309788008588282 0.181664919995789
0.150392331918935 0.168990189118248 0.154539118143353 0.0511612467788194 0.0311081367415317 0.0370873489756185 0.169604752432271 0.172624247945619 0.0644926279456035
0.139953028315709 0.161889848917691 0.105708125373769 0.0903770349317118 0.00424163598031243 0.101187729815807 0.153059141911383 0.0913446972011201 0.152238757552497
0.0825396283233945 0.0404851712501001 0.101296571459405 0.221083390403822 0.0142467538216163 0.191569482872438 0.133960018676568 0.209684625009607 0.00513435818304963
0.11942292009658 0.0868835214588664 0.0326471489983947 0.216118954764092 0.0841239408942459 0.0466382282678165 0.169363842185043 0.231579447644168 0.0132219956907928
0.133569710978714 0.150192523103084 0.0985907175940383 0.127914441785444 0.17921123341412 0.0674071326547778 0.195418209138597 0.0264261064985742 0.0212699248326499
0.0840783536664272 0.156795795464134 0.185862953365377 0.16440917322401 0.049643401783118 0.0259184041507525 0.188548167787114 0.132430233393164 0.012313517165903
0.153681234989246 0.150520791492014 0.138055854283961 0.0808472203960213 0.108568353770122 0.0959671035805726 0.0229976118134123 0.105036677585716 0.144325152088935
0.160254799920592 0.108342439871611 0.101161877840578 0.0512241961666429 0.148238572307996 0.123820073443847 0.109544136975169 0.133730256717953 0.0636836467556099
0.176301531105541 0.190914197655693 0.159463063257553 0.103634907138995 0.0327704450155278 0.184894200353038 0.046103725259228 0.0208069142942478 0.0851110159201761
0.0291147636054902 0.117229004380034 0.189160264799005 0.0922720753206715 0.20191154223353 0.0945503032409458 0.146450560368266 0.0276929268976633 0.101618559154395
0.0544746348614151 0.181415546004477 0.171219840657261 0.0933816869161517 0.190403883424244 0.075959486840614 0.0223111071982562 0.0534523577471297 0.157381456350452
0.143785902671023 0.1369024606061 0.0272669109137878 0.129403020764746 0.103208904717475 0.1258086623641 0.150873951089657 0.0687518073035039 0.113998379569607
0.0346032044425619 0.214753406292856 0.0967860918086699 0.0117756397232502 0.102551796274221 0.182625068687778 0.164784357388671 0.0248230007262377 0.167297434655754
0.11504523242992 0.0105049086286978 0.179329350287058 0.0320572855376862 0.0558423845675624 0.278386234335126 0.246909035555776 0.00762156450576693 0.0743040041524061
0.180094483639898 0.0473911873513364 0.129056774201112 0.175493149676065 0.0640396107513205 0.0791067373651871 0.185853456123608 0.0806917000434745 0.0582729008479981
0.00271008501188866 0.0175447615208629 0.251495860579942 0.141066864829911 0.145679444685027 0.192890325019921 0.0354793822237063 0.1864606071754 0.026672668953342
0.143535576341184 0.186598476147029 0.0266671537102521 0.119785976364104 0.10189113574108 0.0663653689854496 0.201796092313128 0.117755505365626 0.0356047150321461
0.161304504578257 0.17796819202875 0.0073616323556579 0.178591458809885 0.0856542654265246 0.23950935422859 0.0958327789028033 0.0421853107996462 0.0115925028698869
0.0719977202793184 0.0952815482233395 0.144678078652598 0.145317320300123 0.144572855440558 0.0942740942141658 0.00824070314992831 0.145942535092119 0.14969514464785
0.145599117960145 0.128259718458449 0.136236814812133 0.13910180950842 0.0871952841733073 0.0703229419459482 0.0177651461658897 0.0924323255809818 0.183086841394725
0.074401457900659 0.165897504249639 0.0442586326415871 0.153552740146059 0.152139061487295 0.0985920915349139 0.108928273829384 0.108709294629244 0.0935209435812183
0.143292135711067 0.168253291025871 0.177696960428944 0.0934780889936439 0.00208923592133449 0.145294834578615 0.144636095896397 0.0924288350140685 0.0328305224300594
0.0789566762058495 0.116430402081354 0.0522385614460324 0.0788268293588417 0.181315559318151 0.0809112025414776 0.114168168735428 0.175732510444758 0.121420089868108
0.15048330278666 0.0479485443028312 0.178282591841962 0.169747682246623 0.0759849710303262 0.0532039463947338 0.0153257074509157 0.137117860323584 0.171905393622365
0.0449180155393392 0.189057337290688 0.0199547632927634 0.109084616493409 0.117825908355741 0.0744603804688952 0.185597413091989 0.092405678036879 0.166695887430297
0.0586299294269924 0.159175193736882 0.215878096810535 0.147838499267445 0.0166415739569445 0.122944376372871 0.0350980986375096 0.218742493970426 0.0250517378203946
0.136226988627445 0.0855984975866049 0.279291480293087 0.180105955318652 0.164720076429472 0.0342013795412493 0.0226601390040452 0.0109473750094594 0.0862481081899843
0.0791498280079088 0.084914746006462 0.236472702220136 0.122730597635747 0.0916248151547843 0.0274282138610535 0.232746329034842 0.0432662072297219 0.0816665608493436
0.0673210689575554 0.000773178282070196 0.243903434778006 0.227094277787894 0.1494298261099 0.0862401602726329 0.0713389412993479 0.1254192725129 0.0284798399996938
0.151284864451129 0.0967226412963018 0.118294812789318 0.157203498457204 0.0970954887987299 0.10938338661197 0.140934234708292 0.048490848215104 0.0805902246719511
0.0774520560301293 0.104999845404851 0.120632456025271 0.0942458395938146 0.0894627086399488 0.0565170511439128 0.0507371480894246 0.306981781243195 0.0989711138294526
0.115288511176521 0.00716454291145637 0.170916155532302 0.0114921003441379 0.186934521389259 0.0890663345038284 0.168121290306387 0.178394777384794 0.0726217664513145
0.177390607435256 0.0692702855925472 0.0911861140492012 0.0980697682320881 0.141540935870862 0.141702069146971 0.00587185786300852 0.177171458129172 0.0977969036808936
0.146720483811544 0.0657916862940343 0.0465790327429345 0.109494601210367 0.169265260467773 0.0867260583093978 0.140532205561701 0.0398552636207159 0.195035407981532
0.154962323905904 0.00820006797849791 0.142900231169258 0.080192169609393 0.198004199127758 0.0904529523666076 0.175092668190535 0.0604759821232152 0.0897194055288305
0.21719847349175 0.0506089869109468 0.198212063944158 0.0422909433088279 0.1022137662971 0.222361915058559 0.0266097346462849 0.0706217743635473 0.0698823419788256
0.00749280646533803 0.178667850431419 0.0697351242524835 0.188890855795818 0.0155890452291045 0.0736708025896419 0.118804449375851 0.140011143459867 0.207137922400477
0.216181451504146 0.00627136428761109 0.0238000882976404 0.113452689029299 0.101772463258631 0.241277993270005 0.104731406078862 0.0624214771608321 0.130091067112973
0.0749857033119295 0.158651640860859 0.0680508376652985 0.182571308792426 0.208781475379853 0.116847322198821 0.111788686707465 0.0576593712656392 0.0206636538177088
0.106990508730994 0.0633644108208686 0.0438127436891552 0.00360459898713845 0.182546371643052 0.215390993653428 0.130634342742305 0.217707366242505 0.0359486634905532
0.212066182336694 0.00666159870106329 0.125055157029393 0.205914293498968 0.127488619241695 0.112512753930874 0.175954096281996 0.00840553925557194 0.0259417597237441
0.024791366559327 0.173936710168999 0.213746983958918 0.202331669303855 0.114659722724262 0.100051569805286 0.0141356913071514 0.016285439324886 0.140060846847317
0.106895740976442 0.197261210025646 0.0499443845874336 0.186053424743826 0.122278713152277 0.214505256225209 0.013200583452375 0.0786296866478512 0.0312310001889397
0.0903740532956615 0.11850641074436 0.0370678611063971 0.180861662131689 0.172746603145331 0.143369101140941 0.0744342197886366 0.0501801444135461 0.132459944233438
0.084330097513366 0.10283639996079 0.142188397753559 0.0726673431175612 0.122861128547728 0.106459670986229 0.0984200971739203 0.167035965443407 0.103200899503438
0.256320068162388 0.00954310724853869 0.0425832788291953 0.101895601057846 0.11077675487994 0.0818121670849956 0.118199709959364 0.256650628189057 0.0222186845886758
0.059054903442908 0.130983631638492 0.106984328222946 0.162827878439488 0.0246303827661284 0.145810910355134 0.100289043883403 0.170179060936526 0.0992398603149757
0.253654951995387 0.0189086157177399 0.117973015217103 0.139790885517406 0.13382834250869 0.0854610184523455 0.0602946269805743 0.0182565199711998 0.171832023639554
0.137493602340383 0.085433008311435 0.128706175706391 0.0877092318065511 0.14684173809078 0.147810985985451 0.0698667786728331 0.138495583169658 0.0576428959165176
0.126501524058532 0.0861888885067653 0.00995271079023202 0.0987627348280492 0.000314131676719858 0.230363672621752 0.113100538436633 0.307403200562476 0.0274125985188401
0.0505290321353771 0.300995315536865 0.168838419596342 0.147983204428396 0.107337257333806 0.039982335964059 0.122029285643083 0.0514319065641907 0.0108732427978823
0.15727560788537 0.183676828059313 0.134653889461285 0.0458331576832845 0.0137097106346859 0.123245218240246 0.112318801943933 0.136612936953724 0.0926738491381573
0.0876556087252585 0.137675381358996 0.0607076432517985 0.142846371557986 0.112947776643303 0.0597052399545924 0.077298467882223 0.216266236491086 0.104897274134758
0.0591015947960323 0.0878969253440737 0.0131862787554366 0.208468927534975 0.269564447036982 0.0171056426841739 0.0162219210307062 0.129655457377343 0.198798805440277
0.110635835197884 0.0541413153159594 0.0830321460641845 0.148193752596521 0.0538695681882751 0.154747774981565 0.125700826296605 0.125705342022251 0.143973439336755
0.198963176247246 0.00834786411323605 0.236405215422054 0.21379501699551 0.116736274780158 0.0889841824464987 0.0589979929643833 0.0217460399808587 0.0560242370500545
0.158139773079088 0.0802853811644464 0.0547697484784446 0.0561356163938685 0.168413067976463 0.243863715111558 0.0196802741087754 0.206780490057727 0.0119319336296298
0.0570174052334732 0.121126614355449 0.189631186317905 0.0611412164911028 0.177810874229315 0.0462771713426262 0.139779321047697 0.174083814678374 0.0331323963040582
0.00861612779903449 0.043717262784558 0.206201103501361 0.00222358477815025 0.203905466408469 0.116434050338409 0.211943149310708 0.164209787569228 0.0427494675100822
0.0728792587520445 0.0154314336808327 0.105297579932106 0.112121618805638 0.0800396039252835 0.157283629473494 0.140557838294793 0.136985108089759 0.179403929046049
0.21602049898986 0.120771019651025 0.038822762777719 0.10001166106563 0.163746577855117 0.158602825717704 0.000897010593326563 0.0832618807927522 0.117865762556866
0.0309135495231393 0.120737873609275 0.201517280687226 0.196069273242147 0.0206101975114758 0.0349456216459194 0.163812808139514 0.142304130152158 0.0890892654891447
0.02313802659822 0.165897265441898 0.0733610789369783 0.180566672704927 0.0712940186991134 0.052721218267383 0.136848059169826 0.169253077159259 0.126920583022396
0.0107654480188746 0.121822738318409 0.0284030154461582 0.170080577279172 0.174838979354456 0.0779774816415004 0.147689136826191 0.158195893486112 0.110226729629127
0.114040450050109 0.0623192558778227 0.0717757534344586 0.146941018153489 0.188509631853804 0.177123199321025 0.0984843206487122 0.0576741362728961 0.0831322343876832
0.139836623466301 0.108673930118201 0.0739959702292551 0.0483701684458698 0.225007139667133 0.245068152761692 0.118449118610189 0.0136836278990663 0.0269152688022925
0.134684883235376 0.14744196310688 0.0923720754827689 0.0287728409296868 0.181415358047132 0.0525762088011143 0.177021532881183 0.153335847032821 0.0323792904830384
0.0476677715067906 0.171660280311032 0.0700634725948916 0.0807642259644442 0.153435944488322 0.147605915666093 0.177874150837294 0.00999432391037359 0.140933914720758
0.111409893187119 0.17480206172483 0.0995555084971051 0.185718655504087 0.0538185816614796 0.0750333533411986 0.0874711828076937 0.0298607545561646 0.182330008720323
0.143048779157293 0.16601208308941 0.00679932492429885 0.0717186698265539 0.165486099019481 0.00587294772662636 0.143132072577103 0.125111334578903 0.17281868910033
0.188063202809475 0.0506644664080604 0.163539232202981 0.128898292651529 0.101961207286633 0.092305796411624 0.0185616988117218 0.220570481041096 0.0354356223768793
0.0601051400991216 0.0957749909166018 0.0652229612587411 0.0572584837965808 0.126903903644114 0.0299707844388733 0.216403236180452 0.185715615939087 0.162644883726428
0.034140306093959 0.0695718868209145 0.168285792343119 0.143086506633799 0.0832804800133831 0.100336902899386 0.115689398706137 0.129877068148084 0.155731658341218
0.191071129669973 0.133325009769029 0.197063479909113 0.177417451203608 0.115045894670025 0.0513181839460093 0.0257512489414165 0.0151961726981243 0.0938114291927028
0.166244904203861 0.0183387021818253 0.0829459375777547 0.138453659593643 0.129014595867568 0.0719101113855349 0.136306306478298 0.159769951476504 0.0970158312350111
0.0775023716606019 0.109765093624753 0.209581741238535 0.177024377743632 0.00531238476263806 0.198492642961424 0.0231549941641648 0.086070080288454 0.113096313555797
0.00249775048179732 0.0803921281878581 0.117856088983028 0.0867485925218063 0.189048090838951 0.0655718075897994 0.0480105240385433 0.163054856613111 0.246820160745105
0.151351817419827 0.224381397325563 0.0207589093827732 0.0359765545014156 0.131559946786998 0.233081350204082 0.0472228360186531 0.0884755177399164 0.0671916706207718
0.160578017778783 0.0611624966722501 0.102099504317464 0.167148354948801 0.0795506922780529 0.0353613267170578 0.107356894539973 0.113614426684339 0.17312828606328
0.0227513080089375 0.172747215697427 0.0628169471862474 0.126401203096745 0.14017421505929 0.0657556401273196 0.193056102430079 0.194463240678602 0.0218341277153514
0.143145440033659 0.0185691113167723 0.114259195001903 0.154832684199774 0.0696704222806472 0.120914957779346 0.153720479218194 0.157863933366469 0.0670237768032351
0.0467776616032484 0.0785100202835088 0.162376114139968 0.0859776207768236 0.0630120602961885 0.104363755901118 0.178941047762941 0.161582336952092 0.118459382284111
8.51043665522234e-05 0.127590876203309 0.155590578124864 0.148343694954038 0.131583761064677 0.0302821210425304 0.0786819930777486 0.167363315606041 0.160478555560241
0.163775044780128 0.00121440912303311 0.017817302151241 0.106781954197286 0.152972371300693 0.1584224251733 0.156017726624373 0.132618570585873 0.110380196064074
0.0994896173873311 0.0676983306785503 0.145912983513079 0.0960946513489105 0.0567094834417014 0.183937664855332 0.0678328116319727 0.164087248552185 0.118237208590938
0.0535699015148605 0.0442831635032781 0.224750579044112 0.161744046845936 0.182698998627423 0.0348948174501752 0.145114179588961 0.0469467574040022 0.105997556021251
0.12952992372112 0.0188187489718652 0.129837346876888 0.0209324656618732 0.220381776416492 0.119011905186202 0.0781626159570369 0.0785235442243046 0.204801672984218
0.09914154961315 0.0151961173703772 0.161931756553217 0.311376610793186 0.0631137266406661 0.153854999135723 0.120814549301829 0.067487246414605 0.00708344417724651
0.0920272413620042 0.0267354467064577 0.190852554985727 0.127564585784525 0.193494509216406 0.093730163136118 0.0552462333346676 0.175259489066258 0.0450897764078356
0.140795565395414 0.177592916685159 0.0683299280220094 0.031122310619908 0.163259317030668 0.19137290546368 0.141223593051705 0.0524072172166344 0.033896246514821
0.16855820829171 0.0306320587295241 0.036087501293116 0.134538158669987 0.109627847428779 0.144278189053739 0.0907504774980191 0.15982692577729 0.125700633257835
0.243721189457256 0.155023778027964 0.0603060797181551 0.0133539844416159 0.101497594564537 0.0715612977048615 0.11314612340765 0.069490676134512 0.17189927654345
0.149607452548623 0.119657551454998 0.150523071078635 0.0630306400105482 0.160063572845141 0.117725414520429 0.0570176548738409 0.124748225919655 0.0576264167481297
0.150542076564386 0.016118766103569 0.0373176388935664 0.218502426715281 0.116128617414277 0.0310075532624158 0.156103278614185 0.179694186242664 0.0945854561896557
0.172199520979379 0.0353065580613471 0.195185069754482 0.0522848679078499 0.0569813528689518 0.0525987912087059 0.247070257710258 0.10837637173772 0.0799972097713062
0.1107078176607 0.17775760015795 0.104790564846704 0.00281323411059306 0.0272140789097521 0.176302904013988 0.210333085271179 0.180315653368356 0.00976506166077779
0.15134572488284 0.151374880074686 0.0596889982316018 0.0648457329892433 0.115379073421866 0.138550587387004 0.1425998248176 0.113150792288223 0.0630643859069353
0.0990682228327404 0.220852378643483 0.170067944138818 0.115944631750984 0.0952013086750056 0.020875453522528 0.0720656753471346 0.159314562889626 0.0466098221996811
0.0573638053213209 0.0626286994762805 0.186890106752867 0.00587638957154285 0.0575515281429349 0.182855041532767 0.140578353718992 0.149757110215196 0.156498965268099
0.0452129881239925 0.138514048598343 0.0184147809413447 0.166735711166556 0.147293665188008 0.0270899089539971 0.122845579244502 0.180611326184085 0.153281991599171
0.118825223733858 0.0741450216480421 0.0796715616161568 0.0306376915888676 0.02700112746472 0.0764425100526436 0.22838100127819 0.127113034875034 0.237782827742489
0.234334547919285 0.00584668831700063 0.000137445704308923 0.149670907356424 0.0360088614824721 0.0519904119051088 0.10985726187085 0.145259277118135 0.266894598326415
0.124915811618593 0.0954752461992184 0.167860141864915 0.187459955184696 0.0464929479288121 0.0580503693484516 0.123687075606912 0.121547065410303 0.0745113868380987
0.0864058236471424 0.0122325752224207 0.0413358472276779 0.0795142445798736 0.172815764849707 0.143757357585466 0.273618941584381 0.0758883149604963 0.114431130342835
0.0972976432481376 0.074523952084638 0.181227453025779 0.0192630199118833 0.0606495960523939 0.017291959806579 0.216619605483894 0.12776416066661 0.205362609720085
0.163175313340339 0.248481716721808 0.0396032425071412 0.0704525347196765 0.115417092981467 0.0557934945885622 0.0740027613994284 0.208779058990773 0.0242947847508045
0.0828255672569495 0.210920076779444 0.218517239963226 0.0590598525766365 0.175659226963041 0.00891063454662725 0.125103346252335 0.0831433002545286 0.0358607554072123
0.0181948485665069 0.170264697880185 0.0474902773071931 0.070052560410956 0.131845385587495 0.151269880906972 0.141798824046341 0.131717858410788 0.137365666883563
0.0187999988363286 0.0247043776362308 0.0380706891924862 0.129274913032554 0.145485384358548 0.192418469118094 0.188579693938736 0.19111712372727 0.0715493501597529
0.149532763677578 0.163998060193455 0.0528116302035915 0.144444383007376 0.165344792590176 0.076908095955223 0.151369596380581 0.0498876669713291 0.0457030110206908
0.00494168148970923 0.197973157614868 0.0768790914102618 0.00853557538024283 0.157876510306527 0.200514938250697 0.0901164604891448 0.0538200477668811 0.209342537291669
0.150408552136395 0.125697626436359 0.0481239846127994 0.0528909959400108 0.135423006356615 0.222213397365153 0.18063278773749 0.0797660003383466 0.0048436490768315
0.06943401964018 0.073823576595174 0.216981462027666 0.161486451287707 0.0144283674348773 0.0314622610578193 0.21206786665183 0.188636332032137 0.0316796632726086
0.0104855750894896 0.19789034209169 0.0956350893499129 0.104966543767754 0.0217942921115563 0.230676397940449 0.0907257169697689 0.181913554062257 0.0659124886171235
0.0891753532044715 0.11116183838273 0.0582293229635019 0.0612149883949838 0.0655954545008576 0.310001201788474 0.0244709230482979 0.110019897665042 0.170131020051642
0.146615246140218 0.0528047336749054 0.0843426878566894 0.064042463632843 0.0939719821308211 0.0355438423781455 0.179606327932015 0.214057662595447 0.129015053658916
0.0497522932623117 0.169608136869415 0.00669100098414127 0.0175215289166219 0.21736465343919 0.00452013268099737 0.219833030380822 0.187796048970351 0.12691317449615
0.100349184649866 0.102460659292511 0.0631375375043177 0.156830067318387 0.136783611596599 0.0608697383157279 0.123755395075345 0.142189153120897 0.113624653126349
0.0256934192183307 0.0790763626176388 0.0388327787741903 0.112254692070195 0.221992442170855 0.116760578806657 0.116395549658278 0.2006124201056 0.0883817565782553
