0.106549227948906 0.0708216143847432 0.0732744231558819 0.0295034120697349 0.145086805266775 0.0359212422419271 0.147219319079959 0.104212308988474 0.142510948069255 0.144900698794345
0.0930182298686486 0.0934935871819282 0.142937132279547 0.0384353631854272 0.12406854897127 0.0886106810719303 0.0395191857894664 0.127339318507205 0.129890903991472 0.122687049153104
0.136129129232084 0.191083432751965 0.0866941321090104 0.00421719716565533 0.129486750798189 0.178549186453211 0.0658000288347816 0.0903838941870085 0.0350310424247373 0.0826252060433578
0.115787086512096 0.11771031128854 0.124710617925606 0.149884521276481 0.0583549210349617 0.146294605735024 0.0454261745961706 0.135616508772754 0.0857611284056386 0.0204541244527275
0.0347651623334881 0.0174998052178635 0.139284990715962 0.0309054158510342 0.127190876505544 0.106472826292411 0.163879826914922 0.108765384871634 0.102728677120503 0.168507034176638
0.131843778964468 0.115533535074167 0.156710098370605 0.00984915689366419 0.118933758857916 0.0429997309516226 0.06904925215509 0.182856169064052 0.0106551226658118 0.161569397002603
0.00935611244974137 0.16354203082182 0.00200774833408146 0.142189505066116 0.145104575491782 0.134624753518153 0.0366150401925931 0.0406756983007013 0.176946508865793 0.148938026959219
0.131805774902899 0.0309306481272667 0.140949020961463 0.0765187732706872 0.154195468751564 0.0807114497757439 0.106150690373434 0.00161551302333519 0.12664688423908 0.150475776574528
0.154796609503771 0.0406598822214924 0.134253835873361 0.0496658550439382 0.0316492764804034 0.119690119311729 0.152095863435253 0.110980253838833 0.130449164599509 0.0757591396917107
0.157750888597114 0.0847167490719048 0.0517356396308347 0.148368680549633 0.0594799278697986 0.15303598419609 0.0684704871589473 0.0267165492520321 0.155948419859585 0.093776673814061
0.0856066508634209 0.0923392008028997 0.213949366619102 0.0288965459100542 0.0401612763907653 0.00174095442925838 0.179600195833468 0.126334764534851 0.150201276055549 0.0811697685606311
0.0807395944153228 0.0787435801517257 0.0463505718901704 0.0679491333138326 0.0809510340529757 0.169155681696013 0.123431426013866 0.0638977194323541 0.0999424514851705 0.188838807548569
0.135862624049808 0.099074553991629 0.0883031369708557 0.137662492423171 0.0431051477592174 0.0184100389349573 0.124999539100163 0.128693740574101 0.156365222647471 0.0675235035486275
0.0627916313880888 0.154128065029642 0.112480008734288 0.132972778174342 0.166510487297579 0.0869762113867076 0.0305444139658586 0.0406310034008394 0.0557328890702941 0.15723251155236
0.125487275553103 0.0756784151927104 0.112463108342775 0.110074862370301 0.121037158828068 0.121267623036726 0.12729144074997 0.101549879273095 0.0732434098763998 0.031906826776852
0.154826419285901 0.152519823079155 0.169392605805563 0.0787135687914696 0.113101842874898 0.0491667858071456 0.012776837866646 0.125513220837375 0.0849838274058244 0.0590050682460225
0.136405946787632 0.110343266007519 0.148530171214018 0.125172855430215 0.0755636715063065 0.0892127855328063 0.0453652478062055 0.107197057802477 0.152058927010959 0.0101500709018615
0.0324089800950502 0.147475408059196 0.0450917964067815 0.0378235657254494 0.153493991821768 0.0974798832990417 0.179912997626867 0.045559415845862 0.0530999220365058 0.207654039083478
0.136717731704073 0.154396458415535 0.11692843342065 0.00416283118076299 0.123521622302315 0.0564646269416224 0.055754614366902 0.291022510807113 0.00851846547916946 0.0525127053818569
0.155450720311078 0.0190696952184827 0.104761354279171 0.0856294297079091 0.168436822923933 0.0235152056292164 0.0619972218763013 0.206147053510983 0.112264447592719 0.062728048950206
0.117095238916602 0.129629788376424 0.14529243769463 0.10411276559474 0.118509397904121 0.114193484610773 0.0519001258207984 0.0411172363096565 0.115794510949034 0.0623550138232208
0.055559611347913 0.0223905587942608 0.0581082064298197 0.12097486021044 0.0330226306865828 0.128261619585007 0.195078441969106 0.00552964393074923 0.162859162945549 0.218215264100572
0.182752677681152 0.0471178744269954 0.12725883006355 0.0860800172054676 0.166974614213894 0.0516358201773388 5.59725180913232e-07 0.133008488201134 0.106812532948295 0.0983585853569929
0.175206838010425 0.0474623180269156 0.0941484844155464 0.215614688644197 0.136594079989377 0.180866303359313 0.0115035257586064 0.0426348535551235 0.00374862561937948 0.0922202826211164
0.0665030125406466 0.211502382844878 0.132925607833883 0.00420105144124477 0.0797960321482476 0.224059509047012 0.0334650879413887 0.00272691578921154 0.0749206275097273 0.16989977290376
0.0599380722555933 0.15810782528624 0.101978740639421 0.0102091694382605 0.135284438706299 0.0798544114957527 0.0538184429911438 0.155967135209977 0.12261084586585 0.122230918111463
0.0787499060207633 0.159402941006912 0.148080749680976 0.0553463094814333 0.0719811424566626 0.157077093096573 0.127346873955347 0.14306963851141 0.0353861717124519 0.0235591740774704
0.174201750491939 0.0312020393994609 0.0940876955891638 0.115291858762852 0.0624916949836797 0.238229825908731 0.0992101747006395 0.05568880550436 0.100080419856633 0.0295157348025402
0.111349280182793 0.0310984208213413 0.078665358790999 0.129751331878609 0.11061183932187 0.0659335216183635 0.126445528189679 0.145370711222248 0.135215172745688 0.0655588352284099
0.156923936644509 0.0919431834870183 0.0804490287308924 0.0389124347536921 0.280352937076197 0.0309825855420047 0.0400472610986272 0.0418019606265685 0.228047159028016 0.0105395130124735
0.0446772384575993 0.12116421839892 0.0388336055480768 0.140349654795797 0.0991756696867554 0.122072793093182 0.0397428749142113 0.121856968175805 0.126088925160384 0.146038051769271
0.057904664302936 0.185346170044047 0.099587176901515 0.0368818711383438 0.12615545301239 0.0399432506107535 0.0483646320621073 0.101458037575418 0.105045505857257 0.199313238495232
0.121145572589622 0.119204920097374 0.134590900889987 0.170760773257384 0.156335384664203 0.152989587274952 0.00159658034237592 0.0864631408404186 0.0353357018786007 0.0215774381650837
0.154957685187713 0.155357658648208 0.136297505869332 0.0873429473701747 0.0188025763200733 0.0256585149123215 0.141137916847643 0.132015385825885 0.0830135794894396 0.0654162295292104
0.137239402159006 0.0277640932123201 0.0273388573793799 0.138720535392293 0.21386881955486 0.104274742254735 0.176752786411978 0.0599660383393193 0.0511383801556321 0.0629363451404769
0.178738143452512 0.00222891540059736 0.152959690465456 0.127539198518456 0.0446942287818312 0.147052164426408 0.0125272308249085 0.0729316761923478 0.0899215311215757 0.171407220815907
0.0434033746302546 0.117299716941672 0.200541328386283 0.189066437319372 0.195214012727355 0.106168133944066 0.0540174621730664 0.0346161870126305 0.0519055249940187 0.00776782187128199
0.0784285115432253 0.0865055041282964 0.193131672603522 0.117670244996339 0.128134893700879 0.0433981102702927 0.0224354497926263 0.204528302971901 0.0835219479222463 0.0422453620706727
0.048579699943285 0.00809559087814113 0.0911854932655024 0.045182422857441 0.0225295651014611 0.160346892569831 0.0452948681076127 0.215681556041005 0.169257996878899 0.193845914356821
0.142124905443276 0.133515131777485 0.110407903154201 0.0527296406629252 0.00728898681060581 0.0826775106295237 0.131430495738546 0.0389051072635014 0.169576461284446 0.13134385723549
0.0613078697343774 0.148524124668502 0.0716686455945495 0.0443290348052821 0.154229457881713 0.0108982072715291 0.125119131208881 0.157022465152035 0.0861180217462174 0.140783041936914
0.119029753005083 0.0498424154732178 0.245754923688478 0.0380884064480782 0.116428500625488 0.00258334824134016 0.275498696885439 0.0322384658542847 0.119411106999561 0.00112438277902905
0.0203542826657745 0.00807707018768893 0.180786441047451 0.173912904844927 0.103632681809902 0.154192693290353 0.192202089119125 0.0886357500073389 0.00778272447524586 0.0704233625521925
0.093897362399713 0.250480424330513 0.024573524449824 0.0317620600021067 0.227417390715898 0.0331471703171102 0.204687612011584 0.0726633440810116 0.0535587361358076 0.00781237555643173
0.148727886951295 0.0150738002024973 0.1952421454481 0.228962130508946 0.0660478456440449 0.039786840488002 0.0629936163360342 0.0497984486359007 0.0752279566555904 0.118139329129589
0.104964463391326 0.0488657696945492 0.103517683408552 0.0560203073606481 0.0459416964101564 0.0133654915338516 0.153230656917643 0.245244860040424 0.0282010449189383 0.200648026323912
0.0666886150472973 0.0990749591246241 0.0484066539999694 0.032021078629016 0.192556339116557 0.214358951310394 0.061189300695886 0.159613799636654 0.0298338089851376 0.0962564934544653
0.10872152164915 0.0838321605640492 0.144471032709162 0.072497512843816 0.125035960923581 0.0721630302089656 0.114536045230674 0.0566591242993259 0.163217393296885 0.0588662182743909
0.0949410149652062 0.116484470837538 0.0048936916928415 0.0411866448794125 0.185611846248368 0.129230624427855 0.184473020634372 0.175853420253435 0.0318118257366166 0.0355134403243551
0.078227582121397 0.125256999243357 0.0197228900309897 0.0389483306656856 0.221295021391383 0.190337456515909 0.00329038105964446 0.0174750892247321 0.0716398514922752 0.233806398254627
0.181199058687351 0.0724110194506087 0.015520073034962 0.0518601311397171 0.149967949067368 0.114577078728314 0.0672914324869284 0.166980512783365 0.105915445014664 0.0742772996067218
0.224172447242726 0.029281249707031 0.0513499513568593 0.164847678822474 0.0362762264227299 0.0117428446548852 0.202955483575769 0.0803016999601977 0.193765310461198 0.00530710779613079
0.0514309908684498 0.120198599410968 0.00615201856932058 0.104498959060505 0.260211010255686 0.177504367066396 0.0623525312806678 0.191058283506083 0.0213726737404694 0.0052205662414556
0.0985029031546717 0.0869102200347469 0.0508001370132511 0.0574391206576627 0.143819468993648 0.0383112579706687 0.0944613459678997 0.243414798931502 0.0690530005653036 0.117287746710645
0.0222515635874562 0.107028274040722 0.0698942114034924 0.147762552494637 0.202797887904564 0.111576235166717 0.0465879183817572 0.161351163392643 0.0175646176588413 0.11318557596917
0.0549999989111514 0.0178178128718897 0.00418659053763897 0.213926032411315 0.179113577020479 0.00077196057328905 0.182476080330176 0.100067812641825 0.137064195057206 0.10957593964503
0.0581120601296381 0.0100379061486335 0.159215595170452 0.0583691110469934 0.1320552006492 0.107651335047282 0.152074017941114 0.162548122078946 0.106072152326699 0.0538644994610425
0.212397834330971 0.228672178191325 0.0109807031821189 0.0545284304774099 0.196885830458874 0.0648462312767662 0.0463314787187694 0.101434531517415 0.0171312888939333 0.0667914929524165
0.0464192092541756 0.147370956690796 0.210650332518721 0.164016955970051 0.0153213215764684 0.0660609198531719 0.147154367350295 0.0205374916952057 0.180210393053363 0.00225805203775198
0.00241972939438195 0.144575024160689 0.111796968799382 0.0237851016229907 0.0711994858377157 0.0184901426555755 0.134141231137518 0.224100996775474 0.160557359126988 0.108933960489285
0.15058754966719 0.0299630470700325 0.112810283463552 0.0279431946538491 0.146966185482862 0.141426680416991 0.153065884232119 0.09159029308552 0.0630206596318483 0.0826262222960358
0.0158313642479983 0.0751161521178042 0.0289811898870781 0.0800632869111181 0.0259544041325878 0.156011129938406 0.171377354130447 0.0440858127582921 0.165060590944782 0.237518714931487
0.138007619562721 0.0660449246780374 0.166863298093455 0.0559179063864867 0.102162262397573 0.103493133558445 0.0683901561562028 0.151210059120633 0.058615892643248 0.089294747403197
0.0748063186703185 0.00953432510619129 0.0957701748207196 0.116259337772504 0.0563744163585963 0.0756261943077616 0.135936441329672 0.159323763774296 0.175306757959667 0.101062269900274
0.0869381757425383 0.0171777780343128 0.100622129805919 0.125672738645108 0.137685800029118 0.164757789306044 0.0242467069467382 0.0459316610523341 0.148919917827157 0.148047302610732
0.102003774898267 0.00092559877500963 0.0979362916573098 0.0593313687387475 0.0162480996410339 0.141095947491759 0.159936924450049 0.16030200933287 0.0997200787722975 0.162499906242658
0.0493647572599492 0.0497122462551813 0.0144607924298328 0.129664721990019 0.129473136651929 0.0475581348306958 0.141830725592411 0.12413398902462 0.144688848635643 0.169112647329719
0.0536515964961469 0.04529265825502 0.130667733720257 0.127790690589071 0.0555178850740602 0.130341474845974 0.16239585042869 0.113614525166293 0.0617698205825089 0.11895776484198
0.154635149133852 0.154472588713714 0.101417400280839 0.164875387926615 0.0184121088529742 0.0410662860687433 0.127344484329095 0.0905761881207953 0.0567432743480728 0.0904571322252992
0.217390098166825 0.0876524059167148 0.118349360739326 0.0939399378148184 0.00243622148978716 0.0166183578711063 0.0375426810656922 0.164358171812602 0.0898840151757003 0.171828749947428
0.0203433799142695 0.131733442879465 0.160180275658495 0.140615766782993 0.0014817590695718 0.153047002145993 0.129637595312202 0.0343528180458283 0.0952607913698957 0.133347168821288
0.206776564877488 0.0246857307295335 0.00897820590572351 0.158803207959131 0.127115236079825 0.0817464167920421 0.0650909922334236 0.118017741280217 0.16137108960169 0.0474148145409268
0.113316092256832 0.0696202605866685 0.145563826088296 0.0473581906837904 0.169189826756467 0.106359698941598 0.00931171843535277 0.0593815278695679 0.147639610885501 0.132259247495927
0.0785411953475306 0.142197786831425 0.0754278090044098 0.100134758731013 0.115263197384886 0.0351189747122468 0.0572557519197837 0.0918147504047825 0.148183928801314 0.156061846862609
0.135170112601268 0.166472283128894 0.0983381806521208 0.165377548563418 0.0291384018725692 0.0111382867777068 0.00344188530275814 0.164910184136792 0.0332049420908466 0.192808174873627
0.0892060669258407 0.10487705217132 0.123931956773986 0.0115574934771865 0.17037798924853 0.133416770693469 0.090902178729028 0.0189918213821279 0.175399491927148 0.0813391786713643
0.0960089101663212 0.177491900306686 0.119995054542092 0.0730894277860396 0.128616733518989 0.0254198755707 0.188211381945557 0.0422320255005467 0.0515519820395467 0.0973827086235221
0.0483434348933807 0.130814720422076 0.147838760975649 0.194170010344633 0.063961102775272 0.0390652622404334 0.154011119343397 0.0822065336315128 0.0961726151900641 0.0434164401835821
0.0358052649905542 0.148026844403508 0.011694164958303 0.0293587734414113 0.174255435136004 0.113505731754423 0.0650613754468067 0.182888884888997 0.11151570012418 0.127887824855813
0.0995080543448124 0.0840502483967075 0.0679655357468067 0.110834852035585 0.100044335695662 0.0701850731690811 0.14330111662326 0.146820026416704 0.0758397372208004 0.101451020350581
0.0327977537687534 0.166849610643583 0.131144444857983 0.156152735203989 0.0142450652110764 0.0592842416970292 0.139386298802489 0.047391383424656 0.119420025151066 0.133328441239375
0.0232816606710169 0.00793346911432796 0.08954487408208 0.0959111143399534 0.279687751011266 0.0478867969066568 0.118956439414389 0.00643360964455639 0.0903580556619005 0.240006229153853
0.131650592462354 0.128235575516562 0.100258156402302 0.15967116262546 0.112721058442898 0.0232221842859052 0.121155561997898 0.0299111943552853 0.165472412628829 0.0277021012825068
0.106698521021032 0.0907782556240043 0.143173911381992 0.130623929106207 0.0492589054404897 0.0812915330089723 0.0964231373996703 0.0843796854496948 0.131716510153105 0.0856556114148329
0.010079593589683 0.0694870101603216 0.161409679647871 0.167999851658386 0.08077650662209 0.161131917529712 0.103644069556956 0.00358882520472084 0.0703663848882384 0.171516161142022
0.0669843771459321 0.129664259452909 0.136785338471499 0.127100875515136 0.140665780122651 0.117508847832483 0.116677726404786 0.100229922781252 0.0104477450662424 0.0539351272071097
0.142919753938101 0.148557106527276 0.0413773140888547 0.171661168500089 0.0724495262428933 0.0870978334630588 0.0593826521075581 0.0431198511528647 0.102328486001425 0.13110630797788
0.116161932408872 0.14266282389924 0.0915649922816424 0.1407254994869 0.0774207481746558 0.0525506809344363 0.104894127523357 0.0560350477743624 0.140228142424956 0.0777560050915786
0.1699069163516 0.133574763526975 0.00330379831903586 0.150543006987479 0.074065359472293 0.0634921933811318 0.0904194346317839 0.0708561977425639 0.165571963341296 0.0782663662458419
0.0467426489643958 0.0647454933765557 0.137629022402393 0.0751867243680099 0.196741590286973 0.128461663391349 0.167845844744852 0.0106307255034099 0.00415573260856367 0.1678605543535
0.200674586255804 0.0291223564575702 0.167386158317083 0.00679697908004469 0.10426351683331 0.200747349731754 0.137388941449757 0.0583157721101676 0.0451112483503038 0.0501930914142055
0.182263261063744 0.0185294580518109 0.0789053721994683 0.0929318032577166 0.0191909098052781 0.106998231613375 0.0538198760664924 0.206851356645758 0.15382385425958 0.0866858770367775
0.0390313683927318 0.187816863829016 0.139148134133388 0.0416477584495278 0.182133436961222 0.0915883151108025 0.0770513196158856 0.0228405774310807 0.173215031518402 0.0455271945579439
0.0474637751791652 0.225530721190781 0.0252321323232118 0.0537186254202833 0.205101323066948 0.0755491471310477 0.0239483791292091 0.0347725143155619 0.115570519677178 0.193112862566614
0.111256306016314 0.138453396612029 0.0243316519226 0.132119648250744 0.0642432213359613 0.0652694069594508 0.155430114021914 0.132345485579092 0.116532561966045 0.060018207335849
0.153436198443737 0.131932903775768 0.0994197137135664 0.0322731014743977 0.143433202883323 0.180613105458653 0.0633726398258427 0.00650500969552114 0.123230205147577 0.0657839195816139
0.165129850100336 0.0280353820586075 0.0293378294417193 0.0851532133458608 0.123047333098137 0.13248367290779 0.0746053814161735 0.138307008837649 0.0919881787520495 0.131912150041677
0.0336309142692678 0.0571209815537721 0.15454548358185 0.151195649402657 0.123689039197577 0.0590086794013346 0.16503711487878 0.067004684693054 0.101644133220506 0.0871233198012013
0.123528922979954 0.0866184813011076 0.111061316497784 0.0624198991016898 0.031366096109376 0.0839191865826353 0.146301114989108 0.104995247852041 0.0999328857624673 0.149856848823837
0.187957968062125 0.0456527796643028 0.0748859535788275 0.0904343811994559 0.0215843821601452 0.0909170079166035 0.108706709251452 0.130351376650058 0.0686000620671983 0.180909379449832
0.213902764186653 0.203772370329876 0.0462020946250631 0.131615866434156 0.104965245017547 0.0371440452394577 0.164485254456759 0.0260554297215251 0.036277930552464 0.0355789994364991
0.119014727351234 0.119425268740778 0.00746163791274056 0.215895786975929 0.209670685043838 0.0446834368047882 0.0583773118541905 0.0322826350622173 0.15522364081125 0.0379648694430346
0.103890718899481 0.193033769224621 0.111490935112895 0.134066773593564 0.0383402353783462 0.0429528152798475 0.127785537885458 0.116816542709552 0.0938384941278413 0.0377841777883941
0.117941744723536 0.103503991099141 0.0813494790547851 0.117465053319875 0.0896337599682389 0.0109225476792501 0.0659744812206417 0.205119210884532 0.0400428806001627 0.168046851449837
0.058549926379661 0.138533234012025 0.056252676876731 0.0744384861708597 0.180566883244663 0.165070709730387 0.143314914578394 0.0335332364386806 0.0246467150976696 0.125093217470929
0.143115946658757 0.094759059245118 0.140073151045429 0.132988182667635 0.178880128497939 0.131094445247248 0.0214277858970328 0.0307532145613276 0.0281051637971711 0.0988029223823432
0.09054857322403 0.0609984336440999 0.0431460170720402 0.142279567350495 0.154198784231505 0.137729985149384 0.129568739684504 0.100385002839879 0.111167390487349 0.0299775063167144
0.162476196507322 0.159897628076956 0.129399250634396 0.144829078628226 0.056026072052312 0.0946986466253094 0.0299798623696299 0.160821097536058 0.0352624991754233 0.0266096683943669
0.127955586731623 0.127009773955199 0.00786017045997606 0.129349838222811 0.0778086395402039 0.00448338234407309 0.0812734988163051 0.17985600307967 0.171295018874221 0.0931080879759184
0.14799452395801 0.101243944868219 0.112565898859348 0.0446110015516424 0.0605868744715723 0.149105251942966 0.146417403019814 0.0846587796752007 0.0208076236398879 0.132008698013341
0.0391494873918131 0.17039435941031 0.039775328721179 0.0388674329341266 0.0689443704212512 0.189091817215979 0.079180910812495 0.0941261753884714 0.18863149638591 0.0918386213184652
0.147538009734446 0.133474256371541 0.0628289571719945 0.035053858596798 0.188978767670044 0.00618522716730354 0.120579677746071 0.123032037420695 0.106212299327888 0.0761169087932197
0.0675823866336998 0.135941927826134 0.200872311259421 0.102275407360286 0.150529290467621 0.0580949230354232 0.0165272462338769 0.00932522895983907 0.209192820727169 0.0496584574965292
0.112000717763848 0.171810179786299 0.125250782150701 0.0730461932046535 0.122140205832144 0.00148158539407955 0.127272115472077 0.0184972357543416 0.182215991786438 0.0662849928554185
0.212256788281413 0.121876106951378 0.0839792460552239 0.0231830435455081 0.0147903046854037 0.197091957676035 0.131326340514958 0.0557995129354192 0.0632478412171441 0.0964488581375167
0.0667685846455998 0.0844912272084935 0.0942199612487604 0.102635219910698 0.1351255623771 0.0980345964285778 0.102101551327912 0.168791610501601 0.097863863727677 0.0499678226235798
0.175723471801499 0.0129080025201108 0.0208793890138292 0.218764421745333 0.185721546230827 0.131549953395399 0.0502328421621551 0.120447633631637 0.0542306508560484 0.0295420886431614
0.138707744488846 0.108692097943183 0.148049438861943 0.148452966156951 0.115660942742037 0.0847656046360513 0.0836635659127024 0.0387177248982743 0.00729118523026781 0.125998729129744
0.0844100156462799 0.0984121118703148 0.0889198764793036 0.0672674049839478 0.0425217841371848 0.145342410754271 0.101444585730259 0.0574486761610251 0.170463646972594 0.14376948726482
0.127469608804393 0.160524732932208 0.107839481919457 0.176061892515975 0.190631922999066 0.0850077032778838 0.0460221810986856 0.0453208781166115 0.00948845308645528 0.0516331452492654
0.147032263976306 0.147855486147037 0.0259007614983294 0.0835581937395247 0.145804340505934 0.0890921369094863 0.101024651666446 0.143940117591366 0.0880775064072618 0.0277145415583085
0.027519479906904 0.123217933920015 0.105916149760568 0.145037458576002 0.0574665715694137 0.139334504962681 0.115147077580486 0.0621955575151352 0.085389760482007 0.138775505726788
0.0247865478885367 0.0709714985524461 0.0604731055462034 0.0278660939069802 0.0554496874555225 0.219603333823764 0.039627013907862 0.142109339732945 0.24201208745742 0.11710129172832
0.0798124872953347 0.113661832173886 0.0933877626633574 0.014153255637028 0.0859248087645533 0.134314409201676 0.174108117916759 0.128992293050842 0.0059685837534613 0.169676449543102
0.209961306291047 0.114362941645619 0.0622935583926255 0.0793255459346969 0.10350586052322 0.0813601091138191 0.0388947644635685 0.0270847908405161 0.158644513307998 0.12456660948689
0.114277821239207 0.0224121098887373 0.205770150666446 0.30312653352307 0.0873044435017324 0.0222057817563622 0.0369029469919067 0.0540048573926271 0.11062883714083 0.0433665178990816
0.14463551589073 0.14205924480844 0.038782962799914 0.0274346631241813 0.169574021068242 0.0849773342460429 0.173346774512165 0.0419379884064958 0.024461365460786 0.152790129683003
0.0510876754368469 0.0535393526721428 0.0275938964667975 0.14113248249048 0.210906539680418 0.128507287580071 0.0529314347393059 0.155887660725639 0.0356212107487539 0.142792459459544
0.0708619904513391 0.0539591175790475 0.119351854804466 0.0895521399918196 0.231942729015974 0.131047973829311 0.161533349137677 0.0472535400909923 0.0556892053531629 0.0388080997462102
0.148661312706537 0.151314340978932 0.150783438681676 0.0890877369300231 0.0859668012927961 0.130190672030199 0.00224620631992876 0.112243430821448 0.109247004825611 0.0202590554128492
0.121267637020481 0.0234881434716187 0.0797919976356116 0.105293666012779 0.0369696651406907 0.135670588581246 0.189491966254524 0.0459878107316243 0.156568124187406 0.10547040096402
0.200175121295829 0.0778048212778663 0.0131005265805998 0.0115531474270489 0.060448136884605 0.182444220331971 0.153979891137817 0.114089022936901 0.0150335713572388 0.171371540770125
0.23294652939838 0.074433049251864 0.134977931729034 0.0945329839277627 0.0787080203592437 0.23251405203481 0.048798188865008 0.0196413136893934 0.0173417196327608 0.0661062111117434
0.130144647516923 0.0463407835522696 0.148887194714533 0.105056690334799 0.070269020600413 0.111081606212223 0.150514795021366 0.103810625359418 0.0823308009749055 0.0515638357131499
0.160754198095684 0.0224170264365556 0.06977178673297 0.156745655009442 0.0651804844515846 0.0861681093902024 0.0523428180822958 0.184037812825378 0.17857138935655 0.0240107196193378
0.0660080192959545 0.0392918133173227 0.172421402205937 0.071079665151215 0.183233038526018 0.100153081062123 0.0856287881553419 0.129063350670421 0.102599404393791 0.0505214372218745
0.153452235329491 0.11250614319919 0.101603995235558 0.21456241472523 0.154492322168406 0.159148053970076 0.019934424961869 0.00527306325637198 0.0227936106845482 0.0562337364692594
0.0877707117474479 0.0965552976958561 0.115552441995275 0.113875485885033 0.0955514205879564 0.0505999310910354 0.122844440813521 0.0911626158915928 0.102357862248991 0.123729792043292
0.130000180101453 0.140923454069002 0.0636670527765007 0.0696462700056961 0.0266860828509344 0.151763448217433 0.147248361348023 0.134539858866551 0.0587791728207089 0.0767461189436987
0.0614072650258118 0.114274771502497 0.127941845167725 0.139838875818208 0.151829907417546 0.0239798627529849 0.0172954307558923 0.146668490429117 0.14869969200747 0.0680638591227487
0.0737236105199776 0.112122150841038 0.146125234063966 0.109738086383297 0.119222926914704 0.0253746683590063 0.084675530013927 0.12189623057688 0.135100042985928 0.0720215193412772
0.0267755187431013 0.1154755570101 0.116696727096528 0.172048393548942 0.084037904304349 0.0518776470994015 0.0442298723842526 0.137041278581549 0.172969976658083 0.0788471245736947
0.0333765146873597 0.0590508283561891 0.0529208464823908 0.151044032104203 0.23646166440183 0.111164053275321 0.0793347848627374 0.170187020038631 0.0759383132373131 0.0305219425540237
0.132956542766985 0.136868782025066 0.0390501368811887 0.0641952992178731 0.0849560503232369 0.157782587375935 0.0788264230178982 0.0683303658247652 0.0650288734896929 0.172004939077359
0.142733378000968 0.149048695092648 0.0222685568593755 0.0448646474821815 0.135785879465897 0.128753215574735 0.0443081957945079 0.0862458635099562 0.100404250206583 0.145587318013147
0.115254774451589 0.0811796835401045 0.083771170382314 0.0255859356081654 0.124230515132496 0.0627049780389694 0.185313652359589 0.00856213015550178 0.164791929952399 0.148605230378872
0.0629068223505724 0.168661576386388 0.145027287096286 0.0294073532520808 0.183271738580306 0.00637962444654027 0.00207670896680316 0.136375217735214 0.158284175211091 0.107609495974718
0.0556970921255525 0.131911680370135 0.110846004546487 0.124866406469685 0.0625635232945485 0.0974543854683873 0.146838032182774 0.0260785738702739 0.1113340504041 0.132410251268057
0.0222345944657959 0.0588466815189825 0.0748589744917905 0.0396295731629119 0.151695857381327 0.139683418192319 0.0638221679517605 0.138686915060138 0.16034692688048 0.150194890894494
0.135468207717541 0.132161022131687 0.012101402461527 0.0531707519192375 0.0418853665107655 0.176444996939815 0.102586142167392 0.162396649069061 0.0846973677609539 0.0990880933220214
0.0921720506503656 0.0924509504388279 0.0710289293673467 0.087455376157489 0.156110853577076 0.057133986428037 0.0406160641849536 0.169797118662251 0.109018716321348 0.124215954212306
0.12935680852658 0.0918400916843001 0.0133235665358407 0.132922993524338 0.0910360315940268 0.0625049453339104 0.163358424342731 0.179647881538968 0.0284058636210894 0.107603393298216
0.0953940527789603 0.0299181457095445 0.142631701464676 0.16694344096669 0.0119287493815057 0.0618118310262348 0.19688863441867 0.0735740199518266 0.0880443718044022 0.13286505249749
0.0105679403929694 0.024750176913924 0.157270688828406 0.120988199418615 0.206791439968873 0.110397015771537 0.0882415183064412 0.0963391711312947 0.107049822095284 0.0776040271726564
0.0456856168482114 0.124025311992172 0.123384585415495 0.115684324603687 0.0483143155792731 0.10798733141248 0.128704483694031 0.0975183845729166 0.148691654805707 0.0600039910760266
0.0572825421405904 0.171665712417651 0.0466161161054697 0.201761925006868 0.120053583639369 0.0310542313350387 0.0510927186157822 0.0542538436158649 0.164959901608846 0.101259425514521
0.154968823520223 0.0454818496922581 0.137040976747585 0.134132222067403 0.0879580171485301 0.086624530502072 0.0640664209072786 0.133443314864677 0.107930776562305 0.0483530679876684
0.0607272488699897 0.0781235670254658 0.146523139297515 0.0744487414941914 0.185700206436606 0.106656326865863 0.121376785520606 0.0483204095873734 0.169284803388881 0.00883877151350924
0.0801341303060804 0.155327485198508 0.0482481123866393 0.182383573714701 0.0401683842831886 0.165445871609122 0.142143505547078 0.175114862011466 0.00914259617314003 0.00189147877007586
0.0983061515649694 0.00623278707219368 0.146916383507264 0.178087251607523 0.0360877932747443 0.0683801902543555 0.160042458837901 0.092792978235014 0.0528246364040029 0.160329369242032
0.13784752837568 0.118196365185491 0.138092016895415 0.0660363894111203 0.156996584038544 0.137765124136111 0.0642689532987828 0.0569602885503018 0.035294535180404 0.0885422149281498
0.16574060644504 0.0950093412883245 0.0633407949631788 0.117960425089638 0.167231017910377 0.101927051325013 0.101842970248612 0.133499367555811 0.00503874032136565 0.0484096848526406
0.122714613158556 0.0953148986691991 0.049089904824255 0.109023870613055 0.0852835591330336 0.0288240791140722 0.129627511008999 0.14137980315796 0.0994179674075572 0.139323792913314
0.0636513899589379 0.100445017965729 0.176032375258732 0.168811161208852 0.0160837027867663 0.102952509240453 0.148136579403006 0.0519606947491382 0.159843571266678 0.0120829981617075
0.0199409656861898 0.123438876182087 0.200559138272594 0.136469911742363 0.0400365392909119 0.0888723786014325 0.0914220256722288 0.192199268117209 0.0300602845404572 0.0770006118945269
0.121923034555662 0.0743128998469571 0.00863068122015252 0.0442936113476362 0.160725616971499 0.112274907337584 0.0855812676372381 0.106462314437039 0.143048071005274 0.142747595640958
0.0185967660621118 0.131269555677144 0.118262514336032 0.056625295606353 0.177013273696148 0.0513674712721917 0.181997914024137 0.135603374926313 0.092466672934135 0.0367971614654355
0.0679375143837596 0.0671690920497836 0.0555424101562906 0.130702682269952 0.12812104880485 0.0707592313626773 0.0992361463652722 0.159713533664709 0.142731032710535 0.0780873082321711
0.210772200104242 0.0394441738228414 0.00594878107846737 0.0940060242491692 0.0348238032153967 0.142464892394161 0.16740324763931 0.0739832884455385 0.135658145266982 0.0954954437838929
0.10523338352415 0.108923398715387 0.0810541720753905 0.05328807102686 0.10127005223344 0.150219001320195 0.144535195363273 0.00868037618602312 0.100968022455931 0.145828327099351
0.0736175187920797 0.0764470445126307 0.108371615650399 0.0633221632383281 0.145689123790625 0.132485703024478 0.0728255908104179 0.105543675735706 0.119798108487661 0.101899455957675
0.0571075382280559 0.147391111157077 0.0514737040768563 0.146256174446616 0.122148669624218 0.00683360004735369 0.163195543261342 0.0794037976273638 0.183019036685886 0.0431708248452325
0.105133096667759 0.1361059824421 0.0958727928306531 0.132477107867122 0.0288775213801293 0.103485520947547 0.0497408413241031 0.139759813401899 0.106863168411288 0.1016841547274
0.145041998004912 0.107891465236098 0.107807942846026 0.10203761579645 0.0757487008266316 0.00716153473319747 0.111114788297229 0.111116150062387 0.12789199462064 0.104187809576431
0.072396028695249 0.077380400458139 0.0441490810145274 0.247358522146091 0.0411435830058163 0.0368530482778674 0.0152947664790058 0.209669216513158 0.212675201268155 0.0430801521419917
0.0404652462507249 0.089895331480497 0.00637378501857852 0.157923980364177 0.196030653288796 0.0735659791854288 0.138131878661877 0.200341793518552 0.0104754612743166 0.0867958909570521
0.0406374322516905 0.111759816174627 0.0434428668147439 0.119919688853051 0.0204585718780186 0.104364376253121 0.154712990078506 0.173019271721092 0.179428116877937 0.0522568690972129
0.0182777922733881 0.150374823718466 0.085668448780187 0.174828616936622 0.0218087919817544 0.162601160325197 0.178404821931639 0.132433686400546 0.0730830930201715 0.00251876463202811
0.0598041796702617 0.116711786086799 0.101922831944919 0.155690918879979 0.133877371440283 0.0416786665801069 0.124500745330976 0.072268006181747 0.133864976630465 0.0596805172544632
0.0523206957922725 0.013129916257551 0.119123736519961 0.158985502299795 0.17501054392281 0.108341625020261 0.0394687773661054 0.0766546457503834 0.0536293527865542 0.203335204284306
0.0904089336301413 0.0530695477823193 0.215237995018948 0.031587826146216 0.223821186494815 0.0705449652687567 0.103380244605795 0.105134379726542 0.0996009283964445 0.00721399293002244
0.0750275180053888 0.0470079591611001 0.0801347861623986 0.120351783324817 0.0991426556456253 0.121420665064922 0.161688658814375 0.122394105844071 0.114915853596567 0.0579160143807347
0.121625399791252 0.104659039891735 0.143754277704955 0.0989264695334715 0.12625569987119 0.0705297689293759 0.0503179056673814 0.112200523181506 0.0900899256887754 0.0816409897403571
0.0355427129166964 0.0577053485168977 0.0530669793679733 0.0743077164972063 0.2229460460488 0.000123049153249021 0.134696125037306 0.229617406902546 0.162223663136043 0.0297709524232819
0.160072771419271 0.0339670157491836 0.0977637369681196 0.0479901348599268 0.0729956677941819 0.0930459122819877 0.12861695651575 0.214562846969884 0.090054391100177 0.0609305663415188
0.166111282342398 0.124295611771095 0.118218483705791 0.171459565078633 0.0471194035444838 0.0475751467722217 0.0528509191976324 0.148845492627922 0.108777301614717 0.0147467933451062
0.0523919422779797 0.136267937714088 0.104968923864739 0.10442396681911 0.200981020023974 0.0452228368874904 0.0331431830429203 0.0943211351504164 0.121820219015055 0.106458835204228
0.167041530586482 0.0277285304423276 0.0703840661610188 0.124237345271921 0.071128683857986 0.164982540991312 0.111357980997152 0.0693354066993732 0.169161851417428 0.0246420635749992
0.00258163005661473 0.106610251925844 0.155881236386612 0.147292051250457 0.0659391827371236 0.102511401594955 0.147611474324958 0.14852309986425 0.0267474578870435 0.0963022139721419
0.0885083487088428 0.156497575011535 0.0166104124043238 0.137106001093489 0.0441953901020371 0.152950251233453 0.110755154539554 0.159912950780088 0.0338127549779972 0.0996511611486793
0.151632363983371 0.0841394209541167 0.158162955347514 0.158417624550154 0.0419539049717336 0.0774122594947236 0.119668967186923 0.0165353064319599 0.161688803971525 0.0303883931079794
0.153375869986172 0.123746624010264 0.0222792969853193 0.175334876041281 0.0258592287657973 0.059231359873894 0.157692301194017 0.128035247878068 0.134009697420524 0.0204354978446638
0.137881495847783 0.137886420968086 0.0394181916559011 0.149966909174783 0.102300221343462 0.13338863225046 0.0687301467571694 0.0408642387610114 0.140407344933345 0.0491563983079989
0.121763170596134 0.114582678741973 0.0927918059814234 0.0758101564973702 0.0122661406447141 0.0743127447764635 0.0343215357363302 0.19990169654921 0.223717363186486 0.0505327072898951
0.04949244909422 0.173091424282695 0.127667440068788 0.18570309706202 0.0763274656743589 0.0948240379955681 0.0502259538160274 0.0504909516143579 0.110871473586181 0.0813057068057839
0.0313552411865193 0.0878772987422074 0.0398754336857046 0.0855711687967983 0.0496648038601678 0.162957864582931 0.165890250926841 0.0581383732994684 0.145284441732196 0.173385123187167
0.0704919272043845 0.15531693839049 0.00376300641211913 0.107813052205341 0.124871593211164 0.150297078833193 0.164814133507724 0.064974315939122 0.101299635839454 0.0563583184570086
0.12944460473826 0.0906531801446259 0.0729884931773555 0.122872286925511 0.0135995536723684 0.140115085321663 0.150182929025626 0.0973735184497255 0.0210878006174533 0.161682547927411
0.135119954962243 0.158070737522896 0.0959557657690712 0.101301208291708 0.018923762928263 0.149980670701076 0.143624224750452 0.0334718799589461 0.104655448394504 0.0588963467208409
0.124057200813917 0.0618209804812431 0.164147871528618 0.143110911747342 0.11795213663615 0.131915712866508 0.0440638328411291 0.103179945774198 0.101286705741438 0.00846470156945681
0.066521835880017 0.0350513007617805 0.079000586923203 0.0829369986494732 0.171172320976112 0.137642365930328 0.0315730866014615 0.144675699743378 0.0919456280251937 0.159480176509053
0.155591567310919 0.0803242516212287 0.146426096927054 0.0919577314724764 0.152750139574377 0.00321743596589982 0.076480946866338 0.100949135519154 0.127416997426698 0.064885697315855
0.000657005723039565 0.14078362997087 0.0339870798471422 0.212370435768067 0.189511701077468 0.224694244559237 0.032612964072902 0.0296007429863435 0.0520485886629738 0.0837336073319572
0.144949154781703 0.188773333402397 0.158343704661197 0.0394030037496691 0.0391373391413928 0.17784178686361 0.0120381578965382 0.152120930508213 0.0778607283619291 0.00953186063335082
0.119697239658196 0.0871883637509694 0.0864670755520708 0.157724769998035 0.135147273534046 0.0714125398775678 0.0528086398549226 0.139012946039334 0.0244187861992705 0.126122365535588
0.14070138815001 0.0808846260822777 0.078463695792549 0.0938793418810229 0.147348458105394 0.14242271187002 0.0905139984416783 0.0577363628736739 0.0759855575690506 0.0920638592343236
0.0770377511253039 0.223677164477445 0.00834815149589268 0.0297235719736772 0.0236588914168984 0.0754712853288726 0.15676158526631 0.168800848639743 0.128662253724276 0.107858496551582
0.0195156032066717 0.212344224247241 0.00612225257540553 0.00621971500508919 0.0841912269308973 0.0916320682081635 0.0300682091922937 0.176780822900248 0.175571227873777 0.197554649860213
0.0667127936864454 0.124182659355436 0.0444798753778417 0.124019680154373 0.056656803848288 0.122225331689312 0.12182646333315 0.104547825509394 0.153095706923054 0.082252860122706
0.106731712310665 0.121037495067095 0.133440175936312 0.141355572464918 0.0960960354063415 0.0921050199538292 0.0411937467980394 0.140632632076883 0.0169783419077649 0.110429268078152
0.10531617770394 0.040698420773842 0.0338581572977309 0.140544738438576 0.0164295412009638 0.130088940839354 0.160041207352264 0.104711160464757 0.111568543744553 0.156743112184019
0.117968543738398 0.155365814553013 0.113640344065522 0.0426387040929809 0.0133256192728437 0.178845788259546 0.190992114287775 0.0847865464567898 0.0494209877395425 0.0530155375335902
0.163532948115045 0.0947219935959301 0.158199644345096 0.116641806080766 0.0600850917455233 0.187165793917593 0.0115759877998442 0.055431912974349 0.0971400126418086 0.0555048087840451
0.0308086570509939 0.0505287616816731 0.0232229746183634 0.117006457008806 0.141156507049181 0.1357353970777 0.0363543136309188 0.157995904491337 0.141489533676997 0.16570149371403
0.124917159031813 0.0426084316544107 0.122097278231466 0.111981866434865 0.129103609589775 0.0436980073634438 0.14912023153743 0.103319669278125 0.153144248280067 0.0200094985986041
0.116177609176451 0.0460700839678602 0.14637350721863 0.135511444409209 0.052105322229682 0.113473480646837 0.142348230625813 0.00949865574826446 0.132602035936867 0.105839630040386
0.0251498543465722 0.140129855756933 0.0981352305469328 0.136154984270986 0.1412121682981 0.107228831412236 0.107001733785401 0.156518648869817 0.0439902895631429 0.0444784031498781
