0.176164355132188 0.159240110874571 0.230200202521133 0.106009987407759 0.328385344064349
0.0315812043903045 0.136719879361681 0.10384469348085 0.375883798144735 0.35197042462243
0.103217459946377 0.201791456825877 0.108025136373089 0.276441431650551 0.310524515204106
0.0214295176881518 0.284207728481061 0.199310866722917 0.214546153285741 0.280505733822128
0.31814278262516 0.0503011301927964 0.062497393345996 0.448578457646541 0.120480236189507
0.322142985768903 0.139363925925129 0.00764357406672803 0.22362679968273 0.307222714556511
0.0185783583846583 0.261536806569525 0.273214169105963 0.215022862630116 0.231647803309738
0.0289382256564091 0.0362493836888421 0.20871759551818 0.313485297502602 0.412609497633966
0.258221284790608 0.444462009042923 0.0485148852552051 0.0844861788234724 0.164315642087792
0.252147159147826 0.103292761949182 0.200057601615681 0.276646569918057 0.167855907369254
0.0677130641310957 0.0721132690789936 0.213121062187167 0.335415492745189 0.311637111857555
0.188595610118262 0.331550323853094 0.156288005210447 0.00790636144011545 0.315659699378082
0.159021127616889 0.245891059280579 0.262260543670244 0.076610062974044 0.256217206458244
0.258812115813347 0.143309400128145 0.0573029171200354 0.22603449010403 0.314541076834442
0.19430333519933 0.206508630406201 0.115057319722619 0.0573307760877768 0.426799938584073
0.118807100001229 0.0851151759355744 0.267478268713338 0.449374795090635 0.0792246602592245
0.0808097276828761 0.219680555032351 0.252094261325267 0.227883194953709 0.219532261005798
0.0903567807571488 0.230965522159854 0.331517427523814 0.105425233797923 0.24173503576126
0.143431325919388 0.10582918617076 0.169043601098468 0.334788603553691 0.246907283257694
0.0644978514601522 0.0393924705969431 0.241887943550838 0.182624742741803 0.471596991650264
0.00826670703172532 0.3206131670944 0.146139647316776 0.23733083482989 0.287649643727209
0.19155568259167 0.102917922037654 0.262866866722506 0.16558010860309 0.27707942004508
0.246833799738231 0.109818122696975 0.0772655947082373 0.316663728485808 0.249418754370749
0.132358607293755 0.282135639081008 0.135752435363367 0.291414934906243 0.158338383355627
0.142674473650712 0.364760188948418 0.310616077545952 0.0746797751890102 0.107269484665908
0.145406144520052 0.219938987730362 0.0723278117434268 0.539070126230958 0.0232569297752009
0.0179658311206626 0.345431859853449 0.214698131400407 0.0613186632066127 0.360585514418868
0.367354428957269 0.229466034476114 0.0757911113112195 0.214137490103165 0.113250935152233
0.207711072646462 0.0658700643576243 0.176498805773003 0.259389548528284 0.290530508694627
0.380813386263332 0.0889997976175623 0.398453431796263 0.0438739150508152 0.0878594692720269
0.0910634775967986 0.277646156900192 0.0344465216655946 0.332002066037545 0.264841777799869
0.117913970434868 0.176023166693511 0.189990414940642 0.257612695923396 0.258459752007582
0.338794852889498 0.212416631249359 0.0788454860947064 0.00473525214743678 0.365207777619
0.365975806086801 0.0833263744596403 0.337497831602313 0.179877944455506 0.0333220433957392
0.00365042783828398 0.0692564293090674 0.201208389394894 0.207099377846249 0.518785375611506
0.130470294721881 0.337597257345028 0.061520801933448 0.273511814064101 0.196899831935542
0.325272231032814 0.153360496048205 0.318278057698364 0.162967106195477 0.04012210902514
0.158064044628175 0.0802711672797923 0.265559029427094 0.36328487430544 0.1328208843595
0.117176184656922 0.0108293156639029 0.201049387086731 0.277308043670885 0.393637068921559
0.085419635343656 0.00639336571987447 0.265303334332747 0.432333054572043 0.210550610031679
0.211901937425321 0.218725631893213 0.0945728329022535 0.397352287815748 0.0774473099634647
0.189546666087496 0.299361992631008 0.114451580786421 0.223755194726905 0.17288456576817
0.100074591664579 0.221962037400946 0.279955404591447 0.322073884640095 0.075934081702933
0.0062562663618902 0.206845302924882 0.260695026855728 0.416533619259433 0.109669784598067
0.300614227451632 0.231136135117185 0.201951283993497 0.0839545355337157 0.18234381790397
0.171127376275066 0.213001317177022 0.0329412937563236 0.255098658225665 0.327831354565924
0.0247703612978139 0.293791993520809 0.224022256696418 0.298665776600286 0.158749611884673
0.117769917901702 0.153067586082149 0.360422732060569 0.0312740010682455 0.337465762887335
0.0719944508501148 0.274771649425725 0.161880268314642 0.275358112036192 0.215995519373326
0.255809227856346 0.19586675359379 0.188814700203964 0.133041795892734 0.226467522453166
0.0507406411592522 0.193680411387041 0.20127039607516 0.288928503714837 0.26538004766371
0.245777723476932 0.167725661533224 8.40235721257413e-05 0.569182719571175 0.0172298718465437
0.190724768465122 0.286990657663899 0.30293446229278 0.0414695226805322 0.177880588897668
0.263919197229585 0.0137915972179831 0.187841665484195 0.342350421703156 0.192097118365081
0.229220652795994 0.161599090938744 0.319971568336789 0.0594929085960762 0.229715779332396
0.307749481617151 0.0465112990387522 0.313929995327605 0.247643876297986 0.0841653477185056
0.149940692545528 0.132913297885114 0.0346296336218143 0.465897729715077 0.216618646232467
0.286936520623205 0.305032031124896 0.0835936551609085 0.164451124587748 0.159986668503242
0.174218186771761 0.033390443392444 0.265056850941767 0.138502083477982 0.388832435416046
0.0596639498306883 0.376766472962641 0.0978541260339819 0.0102180238706996 0.45549742730199
0.121041054073709 0.261497692635154 0.238174588159364 0.238439609285093 0.140847055846679
0.251020746204391 0.0275253517898134 0.321273914063334 0.385310960741673 0.0148690272007881
0.306143818156712 0.00580369879979741 0.215118531378171 0.256396417982526 0.216537533682794
0.238236147478233 0.0703949391079019 0.255478676822932 0.086746335755935 0.349143900834998
0.332950329458224 0.264063840047117 0.0443341305060489 0.11951285466648 0.23913884532213
0.234701430676023 0.13199220082675 0.166710792013861 0.240072222349721 0.226523354133644
0.142992635411341 0.256101553563032 0.266748481068713 0.0793899893935066 0.254767340563407
0.277102567301817 0.00619760357791762 0.0425690113103937 0.297155713767821 0.376975104042051
0.154482245831871 0.382422675476501 0.125740163516749 0.332224894943267 0.00513002023161245
0.130594629060464 0.261261372041774 0.0194808279500779 0.235145448300265 0.353517722647419
0.0842724621751468 0.223481188211078 0.495021142453956 0.17231194882965 0.0249132583301696
0.266817025915864 0.0600242378252037 0.230255904015894 0.140265767503996 0.302637064739043
0.292576303113842 0.384571428113322 0.119884655740414 0.100430689218063 0.102536923814358
0.102735852379507 0.207802673298015 0.215038238236971 0.298993329300167 0.17542990678534
0.0790484294647254 0.312419610470655 0.197473207160145 0.133348606252904 0.277710146651572
0.0096812196204128 0.206648854544153 0.176950389153556 0.553729419389722 0.0529901172921563
0.0551939228297618 0.0299793572545048 0.317301138163859 0.431855174476791 0.165670407275083
0.327028052988815 0.15269328557138 0.362343532883972 0.000590697566754478 0.157344430989079
0.255208695813417 0.220822792159041 0.186803249597987 0.246770859683573 0.0903944027459812
0.106744506795301 0.246002342156719 0.126315784041403 0.267029900317375 0.253907466689203
0.195594964808686 0.0341935532730862 0.256582071294944 0.246556467398132 0.267072943225152
0.222552357234802 0.275835933162381 0.0580688890210569 0.28128122619807 0.16226159438369
0.278688307164027 0.360344809655789 0.0685175681856813 0.111817315038129 0.180631999956373
0.269041884892288 0.281528440352334 0.00911713568961624 0.160003530094733 0.280309008971029
0.179821387650212 0.270540767424811 0.273104362308878 0.16870796109986 0.107825521516238
0.150410644949994 0.345805200085167 0.162876791072285 0.213683287475436 0.127224076417119
0.318988871173399 0.138758654883734 0.171957695611717 0.12001308908877 0.25028168924238
0.14390777845418 0.243741892245606 0.0845804951765341 0.254165892764964 0.273603941358716
0.191532864046949 0.209331540635222 0.179200440201482 0.319190566682179 0.100744588434167
0.223460149500283 0.0764098556899089 0.208473442619603 0.234663713187919 0.256992839002285
0.0222981317608654 0.298852739331229 0.187771594373898 0.131711561970174 0.359365972563834
0.0595031824825105 0.297536964393704 0.305617084281674 0.24165927603976 0.0956834928023515
0.132257558071458 0.375290035341488 0.0345786544523675 0.188910141826324 0.268963610308363
0.0851319004885885 0.0941940820328972 0.120348748733705 0.265635868657018 0.434689400087791
0.0863540211353042 0.0861236499896195 0.230310388476243 0.263555828269742 0.33365611212909
0.0579787283309339 0.283642463979315 0.0701922285744211 0.287819986497649 0.300366592617681
0.224981009874144 0.257085289277578 0.231653099482713 0.165417579709739 0.120863021655824
0.239020819774656 0.0944942441005373 0.150813586680523 0.0350492330532375 0.480622116391045
0.272399847063745 0.183650222624107 0.173393432008601 0.112671896916314 0.257884601387232
0.203350217587428 0.197810682466211 0.188153194737967 0.00615338125603713 0.404532523952357
0.0649921875817716 0.243149067556508 0.171884741300246 0.0892575891879668 0.430716414373507
0.29991981395982 0.157641712952364 0.269787751071861 0.0505612346097182 0.222089487406237
0.132802282283022 0.0159554165618884 0.0206718602702781 0.235121551208932 0.595448889675879
0.273940916357855 0.266121557725237 0.0399548388019774 0.263072948983479 0.156909738131451
0.313228099900248 0.300493345554277 0.249140900499611 0.0640914831351689 0.0730461709106947
0.328235278899365 0.107815983692079 0.332902686050148 0.0209545917683455 0.210091459590062
0.109059585351252 0.0117110462601489 0.08857424161654 0.276425464729014 0.514229662043045
0.113246989798067 0.146538751876771 0.37714151372065 0.296321008079013 0.0667517365254988
0.267830450081551 0.317661427016153 0.198036419884973 0.150273419079166 0.0661982839381572
0.117142810529985 0.113566387835805 0.126593821062663 0.263462327847339 0.379234652724208
0.00618379320007532 0.378851013373029 0.361649765801765 0.192478774368066 0.0608366532570643
0.0284685149486998 0.0979139752450712 0.348420413624754 0.102239145292729 0.422957950888747
0.245499456489355 0.207451012275698 0.0803362047234905 0.266006926595596 0.200706399915861
0.185084964390162 0.279051182570278 0.195981507011242 0.0968045633834331 0.243077782644885
0.219525969512194 0.258595524163008 0.0351790603872312 0.279611361601355 0.207088084336212
0.0946337465394645 0.21967530090407 0.298524908974276 0.184539063501469 0.20262698008072
0.118995786825198 0.199781677537736 0.480968497503774 0.165502566168252 0.0347514719650408
0.00492658022629144 0.0805184482103408 0.519329185774452 0.0354029093026682 0.359822876486248
0.24396550813999 0.189390234216506 0.246584867802926 0.179710607827318 0.140348782013259
0.184213955967201 0.268701193819035 0.105487558608354 0.327636280055828 0.113961011549582
0.521099217267748 0.340464342182643 0.0666093028283866 0.0310192393275328 0.0408078983936894
0.0365184140601446 0.164579695330855 0.136744311390008 0.155752439132105 0.506405140086888
0.252691880263474 0.107158366644769 0.17402989841698 0.219708963810007 0.24641089086477
0.237885086917274 0.142515265002406 0.220191187321298 0.275670983486215 0.123737477272808
0.131656857022992 0.19471287878274 0.200547673035362 0.130210991820736 0.34287159933817
0.251316651828661 0.185145093994775 0.193587979158736 0.0605893200812789 0.309360954936549
0.287214195200678 0.0489350509983122 0.0889485663927845 0.271389478699095 0.303512708709131
0.250538028671786 0.22920266097504 0.243704799624118 0.176017655185632 0.100536855543425
0.187371529139091 0.0574866403205819 0.408249013134311 0.159268116811566 0.18762470059445
0.00860457901618462 0.218741307808048 0.292796464998019 0.293770059100792 0.186087589076957
0.248228988338249 0.14984821492034 0.172113092632056 0.183262881640811 0.246546822468544
0.0591273150597265 0.375441235641313 0.109877020155873 0.294366600626463 0.161187828516625
0.221358755800403 0.475638518875704 0.0460379589227509 0.00716335148492705 0.249801414916215
0.200933253044426 0.3634065151908 0.328891787890593 0.0533866248754962 0.0533818189986841
0.196132654721818 0.394290235689087 0.0435097035949183 0.310030174987598 0.0560372310065785
0.264488594064232 0.0807053947816652 0.320317649034195 0.033173655118407 0.301314707001501
0.353982053468145 0.144642524968926 0.0185949107712935 0.351651867137745 0.131128643653889
0.259564177254821 0.169096967151295 0.235752077598306 0.111920194347676 0.223666583647901
0.527531385284555 0.0296088613699046 0.218634906445873 0.186816291858124 0.0374085550415441
0.263293217309053 0.35821084029748 0.191335589317843 0.111629458750178 0.0755308943254461
0.263111542551001 0.221103518968603 0.24588049356606 0.0302653994778489 0.239639045436488
0.299618400928394 0.125239393759952 0.237055789118343 0.106214090524468 0.231872325668843
0.137996161387914 0.248051082194019 0.264794918179623 0.13090672578496 0.218251112453484
0.367911304863836 0.122894461844704 0.225944632024285 0.233436796887065 0.0498128043801093
0.417745041659821 0.316715380482394 0.210029247223753 0.0267723491678052 0.0287379814662274
0.224284774131765 0.27597881942492 0.10604999046127 0.223830600971527 0.169855815010518
0.247883553540729 0.112366122742916 0.119816336021105 0.396016938760631 0.123917048934618
0.079819147353788 0.133307308561438 0.423694072066951 0.2031121579342 0.160067314083624
0.0985788513649056 0.213877579090773 0.318463040718138 0.114675368930549 0.254405159895634
0.154319682590002 0.147799264113414 0.294951554484409 0.331444261129575 0.0714852376825998
0.0150415946686992 0.0375493722513233 0.365561452222737 0.245313539871916 0.336534040985325
0.0997322649181796 0.176529260834293 0.474465048795724 0.168614008770513 0.0806594166812907
0.152925591458339 0.1270734356476 0.286924276493878 0.227586572937346 0.205490123462837
0.346388024746262 0.227160852662354 0.0594586419755589 0.00184997949094308 0.365142501124882
0.353544599623799 0.0123681806853369 0.12360693599569 0.304167537598524 0.206312746096651
0.38238381771258 0.196061980884633 0.119554129765751 0.0530953415895122 0.248904730047524
0.285992324417118 0.129510117186633 0.098168969518433 0.230802752935193 0.255525835942622
0.0030259586661794 0.395290473130488 0.100591942341989 0.320917850120987 0.180173775740356
0.0379505036083148 0.253087969459781 0.142920149823209 0.285106706148841 0.280934670959854
0.186673074243572 0.155320826678485 0.173721255793975 0.127122812032219 0.357162031251749
0.118688927734817 0.129441917247301 0.25403243361002 0.36936768176435 0.128469039643513
0.189506235484314 0.0509253886918251 0.116626900438259 0.432901338936354 0.210040136449247
0.230704026074419 0.0013631858907275 0.262985542880187 0.446718229226415 0.0582290159282522
0.205974562451811 0.282517958877402 0.0455804421285723 0.061590915641678 0.404336120900536
0.186820898524289 0.124685076249744 0.180700163490361 0.210143845672381 0.297650016063224
0.000251031624296293 0.258085269463489 0.201886066230069 0.344260562734011 0.195517069948136
0.278549124644917 0.323329850054391 0.21024974393911 0.155724738508971 0.032146542852611
0.0382081247372897 0.209375545628397 0.200653464511487 0.296181089528425 0.255581775594401
0.25022955122119 0.0748808675593487 0.237744755842683 0.220080924326688 0.21706390105009
0.13463361930743 0.280832932224261 0.249353152942618 0.306246754524489 0.0289335410012019
0.416487593519219 0.204987448487283 0.188006153900585 0.108665652581186 0.0818531515117273
0.522150133247885 0.0270312019427634 0.249968673253461 0.143961978970225 0.0568880125856663
0.20478843329422 0.121170265461064 0.107991538664518 0.327558764844797 0.238490997735401
0.013884029871485 0.263861697934495 0.140471494055277 0.283625355317012 0.298157422821732
0.20001370224058 0.116065516939101 0.171459463879638 0.118540981865131 0.393920335075549
0.285519877112988 0.201588304011867 0.0706947927935518 0.337756069825009 0.104440956256584
0.399391767937773 0.213922050782056 0.0903536360158946 0.173901380876281 0.122431164387995
0.0257501085162606 0.373682303878157 0.407150158302567 0.0416532744866153 0.1517641548164
0.0619826023041987 0.270177883591949 0.167432420116892 0.414115860646822 0.086291233340138
0.00818233397782174 0.0651204694185687 0.243103551627355 0.340845753609105 0.342747891367149
0.0659940046947612 0.176127056558161 0.350756952178167 0.284600335289395 0.122521651279515
0.408756972267677 0.115908111537864 0.196412242598243 0.129160065090317 0.1497626085059
0.346696984417123 0.192736824055939 0.12153245762039 0.330850012541627 0.00818372136492115
0.283000500722932 0.233993195644956 0.232230800440731 0.178351168142097 0.0724243350492837
0.375341342967575 0.271680280811761 0.0518546288502168 0.222164393814196 0.0789593535562512
0.18418234130782 0.408210340726164 0.0526482810076013 0.0896791895793062 0.265279847379108
0.288162669245948 0.281295521112547 0.123189572425666 0.296678542897596 0.010673694318243
0.200634517021892 0.108728955804976 0.0679710513304934 0.360524640265671 0.262140835576968
0.321058150180806 0.211107615927755 0.182851105056109 0.260920072812402 0.0240630560229282
0.0262291775646009 0.286822671376541 0.167636202565234 0.24483778519712 0.274474163296505
0.405707198706117 0.0614801780831689 0.47933779867255 0.0206154945602642 0.0328593299778996
0.264032114738121 0.146304550727848 0.232070131237121 0.234541915078299 0.123051288218611
0.140593400108093 0.488602909369301 0.0945906807360102 0.226940195188602 0.0492728145979944
0.113059436857748 0.0751615142379733 0.283462993476641 0.230274034627738 0.2980420207999
0.127886679836201 0.285584119352124 0.165021415486961 0.238290894202437 0.183216891122277
0.234615833208854 0.18963496302785 0.140902212751923 0.0867421213294391 0.348104869681934
0.196297470207605 0.231789307160736 0.116195919038967 0.224091377337472 0.23162592625522
0.06510344046032 0.0848144009947535 0.145611741287104 0.441410465336258 0.263059951921565
0.275516732147945 0.227957802846516 0.224007822306309 0.232001630494795 0.0405160122044357
0.259462551508566 0.0466464959390124 0.320676117814015 0.297174693291078 0.0760401414473287
0.243684668915709 0.263825859630273 0.252274323548557 0.180459377661184 0.0597557702442766
0.0264718896742533 0.254956191080536 0.340042145165159 0.0357916810437479 0.342738093036303
0.240553335224869 0.0125874457785643 0.306441756370284 0.219936995699634 0.220480466926649
0.240020265940423 0.202633888842802 0.261841680193929 0.0263853180171216 0.269118847005725
0.295121645418611 0.0357419817935335 0.312303020657674 0.184477312350229 0.172356039779952
0.144026471926824 0.152281555108508 0.129579148343504 0.283139339338724 0.29097348528244
0.0287812333880656 0.199871508409605 0.305276983438842 0.156645111958747 0.309425162804741
0.395310678605089 0.213021359404946 0.282453245258904 0.0182621538378043 0.0909525628932565
0.142575128645785 0.126041691864114 0.380050310980513 0.349732309059129 0.00160055945045893
0.305879328057335 0.114448188523644 0.145673707355031 0.0675992593167449 0.366399516747245
0.215080665694645 0.138373232269835 0.171642650954656 0.256612766078375 0.218290685002489
0.204665738158301 0.30763333393161 0.0863947711238628 0.273476974478464 0.127829182307761
0.295375599593425 0.121218964003727 0.290513965116989 0.139893746536981 0.152997724748877
0.0544836985851687 0.246523447552269 0.271248844132839 0.136560612434318 0.291183397295406
0.165572080477966 0.137318692262059 0.211888530340633 0.17162134462529 0.313599352294052
0.135069898002618 0.270913126697784 0.186785218972558 0.139751031510131 0.267480724816909
0.287383321045927 0.118914406957639 0.270031885548211 0.323527833476336 0.000142552971887827
0.268043990508858 0.217270924685189 0.22972011117314 0.0998607215607345 0.185104252072079
0.14750873295278 0.21476499933336 0.234594970414275 0.187703159389183 0.215428137910401
0.308824614637084 0.239765161514877 0.151622460503411 0.0515666238014929 0.248221139543135
0.202350751432419 0.354445715506992 0.0961484047876882 0.26094815925109 0.0861069690218104
0.177532958651981 0.117679818242118 0.074189104525868 0.454239603340281 0.176358515239753
0.175099243765014 0.166059748256173 0.162007318600599 0.211162157283517 0.285671532094698
0.171054132535174 0.269327996997296 0.212554719025994 0.252310716389417 0.0947524350521181
0.182435860149936 0.168581056295157 0.281024136428399 0.0575072157550458 0.310451731371463
0.0867927662805406 0.11291344258023 0.313848204318127 0.162683570760229 0.323762016060873
0.141755542864135 0.305542315717441 0.0281542027933428 0.232226067535346 0.292321871089736
0.362424159676455 0.0914963155517188 0.231205651058211 0.20649410635186 0.108379767361755
0.00782035015920209 0.477625416599662 0.175718408813091 0.303033060159735 0.0358027642683094
0.274756837764643 0.154513920609407 0.259388700742239 0.232679926800622 0.0786606140830894
0.308774815315006 0.181511781392126 0.129270347342409 0.228166468756057 0.152276587194402
0.0969532315477401 0.142992303344817 0.423368621595595 0.101660177702534 0.235025665809313
0.331760123192739 0.0833280768528076 0.141570933190933 0.0162862608200579 0.427054605943462
0.318952712736469 0.307404836302897 0.0266891738412355 0.292819754261217 0.0541335228581802
0.278300383708262 0.288445256609706 0.127875063485579 0.131644518972781 0.173734777223673
0.24741525008546 0.176899276972955 0.0224294302005284 0.219543397549089 0.333712645191967
0.109988303092514 0.258404405900488 0.273970451969535 0.204038442032914 0.153598397004549
0.275263601923566 0.346204026765136 0.172877436475191 0.162852642653953 0.0428022921821547
0.261465200499718 0.133560937773007 0.192859265046688 0.159592128893482 0.252522467787105
0.253308677633185 0.192197096224584 0.262168685240773 0.106866449909559 0.1854590909919
0.213712800913759 0.268386126107931 0.242335963680139 0.236131343716634 0.0394337655815367
0.122047942152573 0.358591994546891 0.0507326906345247 0.311250556300423 0.157376816365588
0.278113853873944 0.237443578212288 0.13980919818624 0.294384965710194 0.0502484040173333
0.0144703335251014 0.223929852850476 0.268616071428904 0.0851479765342755 0.407835765661244
0.218468941500851 0.0398967857989116 0.326735745251978 0.28524872283563 0.12964980461263
0.152338267633503 0.135450746230524 0.25736002154673 0.275259998438226 0.179590966151017
0.270737945136328 0.0397491523062541 0.117962841851417 0.287754960298772 0.283795100407229
0.270376665190348 0.124989250728444 0.300670729497083 0.0576024306625568 0.246360923921568
0.111759507839276 0.0828053279579341 0.240820948896284 0.271593441940895 0.293020773365611
0.318318021361731 0.19904572436225 0.0456425559960207 0.120468148268041 0.316525550011958
0.184147390220371 0.377073087530207 0.17887274420546 0.243552286851569 0.0163544911923919
0.245825391653354 0.132001106990953 0.0855214229760805 0.237125413174162 0.299526665205451
0.274974728888799 0.139110915123197 0.0740187085302903 0.23959429697745 0.272301350480264
0.269111065505131 0.286971372258251 0.33851890673891 0.0299658449505277 0.0754328105471799
0.3549540795943 0.0620771977688697 0.336623752962115 0.0719227089634675 0.174422260711248
0.0660159204487773 0.231864812953538 0.353851430387191 0.214822622793621 0.133445213416874
0.226417947460309 0.258662279839909 0.25223535963705 0.07388045533031 0.188803957732422
0.250064359115464 0.35735774611833 0.0710331516664539 0.0340460029568171 0.287498740142935
0.0860888672034985 0.155509769150777 0.296482190962009 0.289617389315623 0.172301783368093
0.319194958964266 0.046968769043191 0.182777340225584 0.177002747907599 0.27405618385936
0.353226026058222 0.207244156042174 0.0273698481218865 0.126316190960513 0.285843778817205
0.0289344328356533 0.597269397945261 0.159260134071998 0.125674577686441 0.088861457460647
0.335302684543863 0.111402468147431 0.166853557110962 0.173160063899342 0.213281226298402
0.0706010685200281 0.202385185085687 0.346509588748923 0.360348820913242 0.0201553367321197
0.185063163771774 0.0656048665163955 0.285600479224787 0.208934473679182 0.254797016807863
0.282647180843483 0.0868936544908991 0.186220721527945 0.0179136269313272 0.426324816206346
0.324650235388266 0.223988347094748 0.0418146537761844 0.372814117661197 0.0367326460796043
0.303381578685311 0.266806874912936 0.0121558611758887 0.00570494168131097 0.411950743544554
0.439735889698426 0.0559637923400322 0.158718184034347 0.160220257881856 0.185361876045338
0.0789920965066049 0.171135340410734 0.265404921686227 0.225165198683991 0.259302442712443
0.161402023921984 0.0237937591447746 0.3565268814764 0.271643919341568 0.186633416115273
0.46245083314932 0.171235531093526 0.0614278032893492 0.0501869306587247 0.254698901809079
0.194190705028027 0.038416706459485 0.324440050121283 0.229905771115474 0.21304676727573
0.0994762434918698 0.0250658861386864 0.406390097349443 0.276331256844437 0.192736516175564
0.146085566051442 0.274042549340298 0.200689731103299 0.152068822438328 0.227113331066633
0.263420340086209 0.233139367425795 0.14640337436144 0.0588723854036945 0.298164532722862
0.0502427672141404 0.340540886097209 0.0357146822066723 0.339588714518163 0.233912949963815
0.0892096110810041 0.142176581206353 0.341119209186798 0.182262301129031 0.245232297396815
0.304003246822404 0.102503076765134 0.287860124491593 0.0841707385808994 0.22146281333997
0.19811111336317 0.203436060021423 0.300551271782987 0.0322389039408559 0.265662650891564
0.00931119016664942 0.0432600209499609 0.428402545521467 0.238300290605728 0.280725952756195
0.172428299236543 0.229462012442527 0.228096492458439 0.243656248331122 0.126356947531369
0.156318875633657 0.308692277659308 0.205958747646124 0.309461275032365 0.0195688240285459
0.109495134686221 0.101566924848207 0.16611482428447 0.296175616782526 0.326647499398576
0.362421056758662 0.189109103797558 0.0476667325478401 0.0555944088432157 0.345208698052724
0.378669941996639 0.14015599116474 0.0674761773058233 0.310205880056976 0.103492009475822
0.269435541130053 0.318846337867855 0.079218732764403 0.286315845539546 0.0461835426981429
0.360370961029597 0.138040622191942 0.227323336319284 0.0538977032577789 0.220367377201399
0.0267399601672231 0.0364807839534213 0.46328953785482 0.313260919636468 0.160228798388067
0.328212676226835 0.177179573460806 0.100271336532115 0.339741646580679 0.054594767199566
0.155467942305447 0.198868221169592 0.195526972002489 0.329657767704333 0.120479096818139
0.274144305614195 0.323889671699653 0.0433649027818906 0.131037711536842 0.227563408367419
0.236430311779431 0.120229639788047 0.217304622561293 0.410349761821272 0.0156856640499567
0.06392786572426 0.110324671043798 0.303708743931039 0.138048567202014 0.38399015209889
0.485017982259026 0.259284862368143 0.104697612086041 0.102132526327475 0.0488670169593146
0.0738464582897998 0.330878107218107 0.329171858936176 0.0415907373446728 0.224512838211244
0.304207827699476 0.0893147399187336 0.390279601830987 0.0444020139829912 0.171795816567812
0.18244377955232 0.336571133625971 0.0603956677815349 0.134980256156804 0.285609162883371
0.334868482999372 0.154070439417242 0.153444484575165 0.265214079573124 0.0924025134350969
0.0377714014580099 0.187137604646212 0.0452345734981517 0.390949103380449 0.338907317017177
0.312461487978176 0.095988908656631 0.0784800298482424 0.329378632468329 0.183690941048622
0.160739578229528 0.203615372772958 0.233299000689677 0.0152233465641043 0.387122701743733
0.0337079390600608 0.366719235444054 0.222241914914483 0.148340298532854 0.228990612048548
0.124396692125234 0.301014232917043 0.240633237755617 0.00868014362295723 0.32527569357915
0.0339028901984097 0.183436148113945 0.351948254687428 0.0394529918285077 0.39125971517171
0.019259907626481 0.200845625903339 0.318341991922835 0.16938277588711 0.292169698660235
0.229805698658429 0.172775785500701 0.212559647948129 0.17838124553126 0.206477622361482
0.254704545262272 0.273061559447087 0.181507088806561 0.151818152602492 0.138908653881589
0.123883385722086 0.0955294744253758 0.200989609828108 0.348769436890261 0.230828093134169
0.150376776772694 0.380132124009105 0.143052270644875 0.307489977597744 0.0189488509755829
0.17901560986836 0.252066096621493 0.0356194272966026 0.364612116788273 0.168686749425271
0.111449042326305 0.194846509908061 0.133580810752687 0.557036005098114 0.00308763191483253
0.299371729879129 0.01622258534997 0.290073440355891 0.197933114856633 0.196399129558377
0.256207541518195 0.103311935131526 0.32001249645884 0.261147913541232 0.0593201133502072
0.0910875348700785 0.189811403611186 0.248046884235184 0.233914835836723 0.237139341446828
0.102186896148846 0.37997361308469 0.125376497791534 0.366583400047021 0.0258795929279101
0.251429685912463 0.259631793413623 0.165658827585686 0.230933876843657 0.0923458162445704
0.225367803905319 0.218167795618973 0.293255445868359 0.0371635115894877 0.226045443017861
0.0817454466266286 0.22330823694914 0.380120916936421 0.0313005658064492 0.283524833681361
0.274670927302956 0.259129812229907 0.199262135769929 0.0286052022746363 0.238331922422571
0.285841838426886 0.286721196088114 0.194432430228459 0.1194003215503 0.113604213706241
0.136049858747159 0.391623065569346 0.235311222263816 0.182049978976668 0.0549658744430104
0.168135660330223 0.256503248032753 0.0917377524509126 0.279150858402023 0.204472480784089
0.10852350639379 0.107864751467712 0.203726298797346 0.493576229387405 0.0863092139537467
0.201999974903639 0.209039046011372 0.187086115177397 0.131579143066363 0.270295720841228
0.279268591883962 0.0898526993780023 0.226444284962504 0.337716141985762 0.06671828178977
0.0559986115333917 0.280779036444451 0.236443853392929 0.0535094016032657 0.373269097025963
0.115719028796601 0.235360720702865 0.18415954830304 0.270587067988234 0.194173634209259
0.392286374704588 0.175820808903804 0.195946294201035 0.10254427826757 0.133402243923003
0.324976982524944 0.262644981186194 0.265580214049836 0.108239161358633 0.0385586608803926
0.289077961941166 0.158503958319388 0.237303652411597 0.205640955489051 0.109473471838798
0.0549004587804469 0.244181399831896 0.246827029580591 0.290433877315323 0.163657234491743
0.0970294162219466 0.383869303521947 0.142062837847104 0.00759824364291968 0.369440198766083
0.116248209736137 0.20433987474025 0.226087446635113 0.262609691729394 0.190714777159106
0.262811951389959 0.220365195449026 0.0816148959334203 0.326472507860134 0.108735449367461
0.451699998764559 0.207447143717201 0.276566747992924 0.0276263577152916 0.0366597518100252
0.0487260822631308 0.3058541231235 0.285270080923786 0.358298297558708 0.0018514161308756
0.0912339979598055 0.341090064871423 0.021282922461849 0.149097364611061 0.397295650095862
0.0299287766876197 0.346796047802291 0.13844581796945 0.242826920368381 0.242002437172259
0.277659145478794 0.504036051445273 0.0889964289992963 3.65299327601491e-05 0.129271844143876
0.196138356259786 0.374337653311086 0.197173880317193 0.231619368612611 0.000730741499323835
0.351393737150332 0.133769951909647 0.294448341855641 0.176902264283487 0.0434857048008931
0.174110642447318 0.161052810590769 0.348497992103517 0.17777739638223 0.138561158476167
0.174195858617118 0.260494105798943 0.157741468075969 0.177837835538998 0.229730731968973
0.12211145351343 0.0461034747276032 0.228270654069531 0.564550988314996 0.0389634293744413
0.276677808760765 0.18808344012458 0.155393087125991 0.108621558714656 0.271224105274008
0.235841040393224 0.243143916765181 0.107578375203146 0.215543079504667 0.197893588133782
0.364955304883514 0.083495715223026 0.128099401282757 0.319537296776417 0.103912281834286
0.297543477601366 0.226748418933495 0.196024056730216 0.052320961414454 0.227363085320469
0.290443266117175 0.14558607639312 0.333960639687576 0.142835418037383 0.0871745997647469
0.24440540266192 0.247484251810431 0.321272448399943 0.110010428729222 0.0768274683984837
0.283199959379823 0.314742925583039 0.0243925197287912 0.153333379985737 0.22433121532261
0.12831378200014 0.521223281139077 0.168671701666638 0.0646618968438912 0.117129338350254
0.267767114641895 0.0654171651679494 0.184009963264945 0.160106227354391 0.32269952957082
0.060968916901522 0.457447297551184 0.0480705798572354 0.318002781180026 0.115510424510033
0.280880039196421 0.431570481272729 0.0678265331542501 0.0192224368780253 0.200500509498575
0.030148337828366 0.0740974552402918 0.430995409664545 0.274006018845937 0.190752778420861
0.282808732081903 0.210122463814986 0.11577886548673 0.232168818479387 0.159121120136993
0.322744481323589 0.375510767686508 0.0816090934901515 0.00540873748425963 0.214726920015491
0.24630693161061 0.0504173113030112 0.272693882718593 0.264033085998169 0.166548788369616
0.268136352366466 0.345573610033208 0.0973223594126649 0.0487692705501175 0.240198407637543
0.129327909688496 0.258364555229001 0.153352615704371 0.212313647927534 0.246641271450599
0.204710648895333 0.279185043366448 0.193488076644273 0.0150466967565464 0.3075695343374
0.0719826976051707 0.0532297769585613 0.0417579654424299 0.346480451822259 0.486549108171579
0.216163616681357 0.386496000631469 0.081195537373593 0.0571157547217786 0.259029090591803
0.114869252177805 0.308166968363004 0.163713209352116 0.249474274511898 0.163776295595177
0.192573517144862 0.0980949403281783 0.321752540023141 0.321230240760758 0.0663487617430608
0.205859375063158 0.239571950470365 0.17660466905501 0.238530019835651 0.139433985575817
0.175046733060959 0.21240256880398 0.229873506498492 0.0894741046800777 0.293203086956491
0.0236235977088055 0.388185929509113 0.418569181278836 0.16021047159582 0.00941081990742564
0.245117917585277 0.125448358086971 0.248005991820733 0.0516182058613418 0.329809526645678
0.227211848311543 0.31994656013321 0.216713837127824 0.180709977343371 0.055417777084052
0.160645937656432 0.164267333650038 0.397429224445672 0.112478202596997 0.165179301650861
0.29379171095827 0.142794412894468 0.197912713238527 0.144210937405438 0.221290225503297
0.183070279898063 0.0680428596441156 0.368184944179377 0.0881657639560337 0.292536152322411
0.0374278694517531 0.228085612576638 0.253433676695376 0.223855131494476 0.257197709781756
0.226516221116416 0.239179021060255 0.311728994488296 0.125564581480578 0.0970111818544555
0.186619139596105 0.213038119646253 0.145890179138603 0.272852095728318 0.181600465890721
0.224111323507079 0.0174162282305107 0.123880447045835 0.293766051674125 0.34082594954245
0.118708455191685 0.180171603795827 0.274530172252833 0.269369298448233 0.157220470311422
0.256677145861428 0.26858661442974 0.202058315150466 0.241505121260344 0.0311728032980219
0.365558317678354 0.427844115717669 0.00405527947113592 0.0110587619185004 0.191483525214341
0.100110870705308 0.0303004599922138 0.3255306651494 0.353141822967098 0.190916181185979
0.147256029673902 0.346453917262887 0.0863332457184953 0.281048720482429 0.138908086862287
0.144516714371261 0.114773307312235 0.227518985848001 0.236057827133371 0.277133165335132
0.143023833246362 0.259603245080041 0.187190848029053 0.154771484739377 0.255410588905168
0.117692563494095 0.187721474383044 0.310533787712888 0.187534181712792 0.196517992697181
0.256175721582803 0.103600655571954 0.439912154513632 0.135789040360641 0.0645224279709697
0.274031727324184 0.161796555774257 0.0722166698000038 0.202442691125699 0.289512355975857
0.182546591162588 0.0187642152729008 0.28229082340688 0.0908119749436777 0.425586395213954
0.154766124911565 0.186055484916146 0.275304713161124 0.130391352162686 0.253482324848479
0.0783772274047209 0.279293016007633 0.341629812915264 0.203291776814909 0.0974081668574731
0.0657742787824313 0.444634549811619 0.12070644381 0.176482552102678 0.192402175493271
0.253895229151897 0.288949834901458 0.0888684107806579 0.143742379227977 0.22454414593801
0.292879673109619 0.202177917324697 0.191929912804724 0.244597419081746 0.0684150776792141
0.151384849407907 0.266047996509109 0.257603323339072 0.071062147042102 0.253901683701809
0.066837202765523 0.317504889348131 0.254529823384506 0.0788047619958626 0.282323322505977
0.034417123732795 0.0520070518054136 0.281089796585337 0.119166236221999 0.513319791654455
0.00370072004632584 0.165781836583925 0.367927364159462 0.15488328445005 0.307706794760237
0.291522374850031 0.268590421172976 0.286925692000267 0.0428779220078113 0.110083589968914
0.0447326174196902 0.184340985853943 0.344218161788365 0.0525762220827506 0.374132012855251
0.0992932710526636 0.267591157706401 0.459629692904465 0.0312215637959543 0.142264314540516
0.247482053633561 0.0344923857315357 0.433389733669944 0.236795535218787 0.0478402917461725
0.135347480303806 0.302817662065549 0.121512423638808 0.232354999760489 0.207967434231348
0.236617011877379 0.216344996442911 0.244827047458789 0.0107199611631191 0.291490983057802
0.194723622134784 0.243214453196517 0.236665147292998 0.240350350144795 0.0850464272309065
0.394470705313557 0.267091565967468 0.0690840122542376 0.211075211857465 0.0582785046072726
0.199218169163936 0.268746875119342 0.165635459518651 0.191311806697654 0.175087689500416
0.400595972458566 0.0396465256398004 0.0885011623138048 0.338690938031402 0.132565401556427
0.327794443816712 0.158632519969632 0.120799513329037 0.0362126089996946 0.356560913884925
0.286623626203436 0.0959907444969159 0.00455453928065774 0.131481633656869 0.481349456362121
0.0163488880063662 0.0843506237463148 0.472437182422941 0.233383779485172 0.193479526339206
0.119205942048924 0.228484017922648 0.243997257818652 0.306681571481494 0.101631210728282
0.256605311541479 0.266904288101376 0.0918301124312399 0.12658865328317 0.258071634642736
0.0994257854790336 0.244348045217349 0.186107860092903 0.346488373344368 0.123629935866346
0.212481264505668 0.26528121278722 0.228187633682419 0.239008823468291 0.0550410655564015
0.118774116642119 0.237251308058248 0.204757775521899 0.244895373570598 0.194321426207136
0.239765261822783 0.192555088621915 0.24579243332386 0.0729785123006838 0.248908703930759
0.171210995241169 0.272405203650615 0.311852766499205 0.225419072995864 0.0191119616131463
0.241990218072746 0.211538759380126 0.266358755136441 0.229787354718524 0.0503249126921623
0.171612470158803 0.209202450628871 0.172378496560108 0.198955710488274 0.247850872163944
0.171324108974885 0.0782863530674191 0.336207103239392 0.055153240168079 0.359029194550225
0.387874986925503 0.215576184077739 0.226768961507258 0.0747319699600872 0.095047897529412
0.211483455576553 0.166544295142266 0.0428120245778979 0.540319550158092 0.038840674545191
0.308837929969942 0.250617410201305 0.0778589427912079 0.170518112702448 0.192167604335097
0.250472606275636 0.223711774592054 0.234642969637907 0.173178063032304 0.117994586462099
0.0692986076779575 0.265780723098581 0.241603451996311 0.143272338901654 0.280044878325496
0.316465598342811 0.0357634667696575 0.272361882861755 0.0848958184839907 0.290513233541786
0.0610655447958069 0.30241697388596 0.0592464817457508 0.306907030869672 0.27036396870281
0.365265085131538 0.025751541332585 0.152550467318666 0.377120244482592 0.0793126617346188
0.338182343527256 0.0915636504305214 0.11033984338969 0.000173566979132399 0.459740595673399
0.139093287291001 0.291759720832949 0.320659198688513 0.136045465121832 0.112442328065705
0.0686689822836368 0.0818141874446131 0.119428062779875 0.368159372354885 0.361929395136991
0.0694389747035705 0.246564392353865 0.276806563588552 0.263797233385077 0.143392835968934
0.00391701300351601 0.396450367893405 0.255649354753049 0.196840694199031 0.147142570151
0.184955337023853 0.18829339946359 0.307919755108089 0.149038806638536 0.169792701765932
0.236143420158262 0.102091207753204 0.236125167147895 0.213708853983023 0.211931350957617
0.18694561538915 0.132208642716629 0.307244145119845 0.0779232164777422 0.295678380296633
0.193599774296654 0.185849283167858 0.17360457916257 0.198626766978787 0.248319596394131
0.292430141504071 0.0480968256135298 0.309803018010585 0.137494615019803 0.212175399852011
0.242973236820908 0.0159807125360194 0.257086421162197 0.31614602205773 0.167813607423145
