0.127810444511944 0.34529780308121 0.18748329750987 0.00678348617372467 0.332624968723251
0.28230562549942 0.0939291369531284 0.158323285238383 0.17946726417385 0.285974688135218
0.0173254459971404 0.285614611591641 0.346827011515582 0.0265905678913743 0.323642363004262
0.0738038651350073 0.130982239667388 0.201250386713572 0.291663676173327 0.302299832310705
0.319250074299781 0.222824891607376 0.273684274711932 0.122827090235734 0.0614136691451767
0.00331591273503434 0.299446099309564 0.31874864711401 0.167494104774902 0.210995236066489
0.23143745925628 0.209176882434503 0.323811575089908 0.106040331227173 0.129533751992137
0.199037047498898 0.220034549544125 0.183416547808365 0.164458906323959 0.233052948824652
0.109851205225312 0.0816559179051788 0.192954339988389 0.290606679500551 0.32493185738057
0.119421886739884 0.0833659707095309 0.424388656097617 0.188465491096731 0.184357995356236
0.221665111701484 0.306831743331922 0.338757466165488 0.105378037366119 0.0273676414349872
0.2562393385738 0.248978028108297 0.162683235896268 0.224950885098259 0.107148512323376
0.2845232197887 0.106893643870042 0.253864044678133 0.071051901576609 0.283667190086515
0.162685000991305 0.0995097619566576 0.246449574688262 0.148711236939109 0.342644425424665
0.257485193968475 0.238697576663004 0.0680840362396174 0.133141999998289 0.302591193130614
0.412953010750122 0.0754317895120657 0.274841320780058 0.149364741903072 0.0874091370546817
0.249166698456898 0.191644442416664 0.246633094796817 0.0886208114089191 0.223934952920701
0.125272485831353 0.245411630270855 0.135071222138919 0.126998390192788 0.367246271566085
0.0747381042609461 0.225961694413197 0.299213545555631 0.0392383277396101 0.360848328030616
0.38435771718415 0.186309633295896 0.0157316174166959 0.3938285307999 0.0197725013033587
0.152490910455695 0.408490974687831 0.00893911289412252 0.231497600000208 0.198581401962144
0.273472443794976 0.276252802143257 0.10022256027835 0.0468421191914932 0.303210074591924
0.0957704180149817 0.248528536169494 0.13791483899085 0.265185300834708 0.252600905989966
0.252388768480702 0.0288835419062098 0.530478750701638 0.0753565349635189 0.112892403947931
0.190722194037906 0.18548530903887 0.203947496764468 0.220117726488709 0.199727273670046
0.21641726551479 0.298558023201362 0.15905177727056 0.264029134226033 0.0619437997872553
0.116353248992648 0.280954346753325 0.00521946784403536 0.398103682459626 0.199369253950366
0.138525467939215 0.200995258296154 0.128715576335992 0.318829899308934 0.212933798119705
0.315978418646157 0.454785489106389 0.071899907088229 0.104723933688138 0.0526122514710884
0.341007339331432 0.0502638333571657 0.157556323141687 0.176764834738082 0.274407669431634
0.276000138274565 0.254072815480912 0.192928335099333 0.120928850900947 0.156069860244243
0.139420240624955 0.263856102775423 0.250592515751474 0.15625229657759 0.189878844270558
0.165927656155672 0.380151481106744 0.0153339708293651 0.25288944575135 0.185697446156868
0.272985460451842 0.190553479903246 0.305680319092481 0.208480461777267 0.0223002787751637
0.433700751809474 0.318736987206438 0.213902183518581 0.0169004724136942 0.0167596050518122
0.209429496595376 0.146916274312872 0.296713077148689 0.186120714576725 0.160820437366339
0.120202096266007 0.178288215540425 0.0963468767366601 0.314998270858089 0.290164540598819
0.280345507458985 0.233812686185625 0.197479257885821 0.269965855824588 0.0183966926449819
0.00394132881096597 0.438156285129023 0.0587519132167593 0.442931816224595 0.0562186566186575
0.0206645936484823 0.136598813416616 0.315858947047526 0.278196009361124 0.248681636526251
0.274248791109888 0.236248016835954 0.191793438383051 0.0885926179606718 0.209117135710435
0.0331890489036918 0.321492206762488 0.268646707555174 0.00510749469532208 0.371564542083323
0.303516989233478 0.028571022049187 0.386099844813657 0.203671512156586 0.0781406317470926
0.331916777541603 0.047924749039219 0.0591376085283389 0.289852514691315 0.271168350199524
0.119755375415584 0.112738976555759 0.213405973416541 0.308906606963549 0.245193067648566
0.0993980000005557 0.27006959652026 0.165780800078645 0.300420041801874 0.164331561598665
0.00351373584749415 0.0864608891943247 0.339747511247362 0.364516259260087 0.205761604450733
0.235103789609541 0.184995787663095 0.264612182377479 0.0695313268550841 0.245756913494801
0.345869926429083 0.0198330268164426 0.481125809471928 0.133585345147906 0.0195858921346407
0.0930466947673332 0.328622936075432 0.260448575813114 0.10314542963882 0.214736363705301
0.0277943167594871 0.474120380881684 0.184183676463526 0.086210291900068 0.227691333995235
0.386040412171152 0.0836771885731796 0.11824630495952 0.321898927681752 0.0901371666143968
0.238405545561343 0.258759133128785 0.0814449226117435 0.198688200531975 0.222702198166154
0.0835461263146075 0.0758908501800953 0.200189878254656 0.397048447633944 0.243324697616697
0.408563003967816 0.0148628418755028 0.0323786363124421 0.313552486946164 0.230643030898075
0.216184764266153 0.230955251289743 0.299149445450154 0.209438617032824 0.044271921961126
0.423198172476602 0.119910410772282 0.304828781165027 0.00664945007603057 0.145413185510059
0.142821792437741 0.227655784923536 0.228208138535733 0.201291944968095 0.200022339134895
0.0306522304735931 0.219207152457844 0.276410078740148 0.270531115214303 0.203199423114111
0.291156443230601 0.0379499288054854 0.316667190060921 0.215290724483988 0.138935713419005
0.304707636094619 0.35827731965637 0.0486524988849685 0.145750957351292 0.142611588012751
0.06175268493433 0.275937698086458 0.273729743607263 0.126609305481392 0.261970567890557
0.0313490282158047 0.444937544951927 0.282311522462651 0.145624829825187 0.09577707454443
0.211825584398579 0.270496316550857 0.130994573223694 0.193719601643018 0.192963924183852
0.307734194660363 0.0817960995310398 0.0955656127801174 0.228565759317271 0.286338333711209
0.391752758572469 0.183731073204726 0.194891758897678 0.0238251042126521 0.205799305112475
0.0681374954863873 0.305373262673928 0.546555509127962 0.0318169782748594 0.0481167544368638
0.215393821982016 0.0234310432554557 0.227802165858062 0.27194768928561 0.261425279618855
0.157103631835862 0.108822408740669 0.442426418858292 0.257485206648303 0.0341623339168735
0.0866238841861739 0.137331927534786 0.276669946831654 0.164777993859435 0.334596247587951
0.489475309233644 0.0985284192831977 0.256326122396711 0.0628409942958713 0.0928291547905759
0.138825677062557 0.344800011368351 0.254587793721729 0.218091233782138 0.0436952840652249
0.146099877864443 0.0976866490711403 0.399049369512664 0.0259075574126458 0.331256546139107
0.223454051553182 0.189424156649197 0.147543937892438 0.310781233105533 0.128796620799651
0.243865724441658 0.106277128008139 0.10862144527384 0.357525230530707 0.183710471745655
0.39253684404846 0.344390668507872 0.0792482295642368 0.112201239881589 0.0716230179978421
0.0886217554750064 0.24951354655728 0.371891024233099 0.0644023242177686 0.225571349516846
0.211136709816455 0.0686759722021312 0.0227259931510483 0.518290845459735 0.17917047937063
0.191836100386511 0.00109482769385125 0.393689628299815 0.0422178733061474 0.371161570313675
0.0910879398462318 0.275532877123601 0.178334298096394 0.269350776045645 0.185694108888127
0.0893631102556406 0.27722163987087 0.116915516156308 0.334568529954618 0.181931203762564
0.176691806962011 0.292693324809785 0.289462198732331 0.180934676819782 0.0602179926760916
0.276113834183715 0.0282243425563372 0.265757389255014 0.127661010335085 0.302243423669849
0.137964263205129 0.192106528798917 0.466102905093229 0.174717241524821 0.0291090613779036
0.220813632354455 0.242512983637096 0.158101812089323 0.173637972881206 0.20493359903792
0.0407527242230827 0.407198535707511 0.04027758050164 0.394533164764651 0.117237994803116
0.698435581060626 0.0151928829710206 0.0500380927854431 0.0621701685912639 0.174163274591647
0.360080265864117 0.0809009867222376 0.213359286139743 0.262243323395304 0.0834161378785981
0.0233219478239861 0.14487815775031 0.519107002467528 0.0655335138512592 0.247159378106918
0.192207742374837 0.256876524192737 0.20511257189112 0.189783153862236 0.15602000767907
0.293940781824316 0.0248771895834559 0.262267865235345 0.272789668551021 0.146124494805863
0.214880974370286 0.00428284174790889 0.255800557137224 0.254173185699575 0.270862441045006
0.367335969089645 0.262532455192639 0.166603726349075 0.171249021849719 0.0322788275189217
0.256099663469326 0.237656469747953 0.321924043062734 0.172856009519829 0.0114638142001591
0.0763550025286598 0.276093780346464 0.281098912560839 0.28383426872228 0.0826180358417582
0.276715358127813 0.0954862447099813 0.362347832466483 0.0668113304205259 0.198639234275197
0.268400868612037 0.200644298253052 0.156213364208948 0.138154382374868 0.236587086551095
0.237900938528824 0.0780346417667841 0.192443806676015 0.205778445889684 0.285842167138693
0.041439273952649 0.278610990624048 0.179969983209913 0.258021641390452 0.241958110822938
0.0250921077116163 0.255685499661556 0.291582612125665 0.0213409753881196 0.406298805113043
0.0497448034009392 0.0978672881710922 0.215385843523429 0.219960467182464 0.417041597722076
0.143652553468213 0.159816803030126 0.125176148207949 0.274432146431959 0.296922348861753
0.1481152498693 0.211442011748711 0.277051352753462 0.184451770206281 0.178939615422246
0.278650895590091 0.0808163492636834 0.21141834214825 0.409283008604695 0.019831404393281
0.378928529669448 0.0889503637336003 0.219446310554843 0.0710903192695176 0.241584476772591
0.229008942610576 0.365205688595351 0.168471319362461 0.0876979311087002 0.149616118322913
0.236884572680511 0.0366273454657957 0.25615648382608 0.310642136950647 0.159689461076966
0.258104589262497 0.229881315806998 0.263440917527433 0.168518529444637 0.0800546479584352
0.07696340866552 0.111913269217007 0.325708325897772 0.0275461447081342 0.457868851511566
0.280399805206771 0.0799909901849059 0.124685814031426 0.451112503871688 0.0638108867052098
0.356860990097497 0.358345860115226 0.136517930391289 0.00685838708284834 0.14141683231314
0.157390603922907 0.085865724130145 0.187768987674481 0.452137262756838 0.116837421515629
0.208879353562146 0.32093773471301 0.0417158942909925 0.078691170074516 0.349775847359336
0.248910911569882 0.216723027306232 0.136993126715357 0.181649164320862 0.215723770087667
0.268446418892726 0.146024902173114 0.102834623006677 0.418606222738052 0.0640878331894313
0.296063628488898 0.0835753616056363 0.214986165773279 0.118366686415089 0.287008157717098
0.0791276246854071 0.471200077860296 0.0591348533368252 0.167954253372228 0.222583190745244
0.0806290909772504 0.191063181122297 0.0417349078888327 0.283203301374265 0.403369518637355
0.238373856047924 0.0932005801135617 0.241688121068565 0.267977033578283 0.158760409191667
0.101686674547629 0.271526924322108 0.0965995302526279 0.354850482486322 0.175336388391313
0.0454660390764228 0.200443260432784 0.142446534658485 0.173834818672407 0.437809347159901
0.0570977129172993 0.0420839322599789 0.162229146754419 0.347334867518135 0.391254340550168
0.231912205665019 0.160488542753966 0.108086598038803 0.140923377191705 0.358589276350507
0.214467295648163 0.0591253390745657 0.321532131577126 0.075161282155198 0.329713951544948
0.29475457728912 0.143414578839375 0.0888494524254611 0.182263602479825 0.290717788966218
0.516354920069535 0.00929780853263686 0.00607029123284274 0.233658305221074 0.234618674943911
0.197768664118173 0.30792555370518 0.298960528234164 0.0235260971711761 0.171819156771307
0.292282959277426 0.128323595592908 0.221670220474278 0.145745141494687 0.211978083160701
0.0265595797881641 0.190361149684015 0.171126669628065 0.176022228928708 0.435930371971048
0.00424247540115304 0.35041492721264 0.36450657692718 0.0077154333598101 0.273120587099216
0.141358270014979 0.106138990800499 0.452180556611622 0.188714045655303 0.111608136917598
0.120492973670639 0.125289307577916 0.167715522857861 0.15324179557484 0.433260400318744
0.0342665779329967 0.0229562016774264 0.50716262891339 0.0251462601243063 0.410468331351881
0.103406989313205 0.265380711845387 0.225816284540448 0.125034404751044 0.280361609549916
0.409142820947787 0.214088847190318 0.0961718424978458 0.141243788791731 0.139352700572319
0.231464472387465 0.336053140668308 0.132407136401072 0.0516946041698989 0.248380646373256
0.198960269246087 0.165587387579122 0.0920932572651484 0.154348400689274 0.389010685220368
0.14995663785218 0.471928784867637 0.038576262355414 0.207959472605616 0.131578842319153
0.179983528467355 0.120496261388473 0.0944168363190747 0.197753435169541 0.407349938655556
0.333935792210664 0.0590339390893762 0.37534318178684 0.149245087427581 0.0824419994855388
0.267432216090655 0.327189071678198 0.263022553224584 0.0677343291327083 0.0746218298738541
0.0958023767850636 0.365125255106977 0.0983532867704208 0.342436205658489 0.0982828756790498
0.35073789531367 0.156604192724456 0.20117269769936 0.12423246984815 0.167252744414365
0.0342958068040981 0.134516036151037 0.541585484733221 0.204140618279356 0.085462054032288
0.194228273520724 0.192530244852986 0.233687926016865 0.0835526064364787 0.296000949172946
0.221687741994469 0.30602573223811 0.32418125973878 0.0965811431366819 0.0515241228919589
0.325652535517734 0.224210212221332 0.266538926867256 0.0472451042027543 0.136353221190924
0.0235622538902054 0.0453921930474033 0.00861348889568154 0.675153702702698 0.247278361464011
0.0491841136387802 0.230983491611103 0.308034145507035 0.175958728572975 0.235839520670106
0.256704581593726 0.304831719070387 0.197054626601271 0.09231124221094 0.149097830523676
0.331693793160494 0.147352441759878 0.0187016447394526 0.368774148871985 0.13347797146819
0.236738030088644 0.188813421492972 0.178049520687447 0.211775196083074 0.184623831647863
0.301105596295385 0.271019089745164 0.282392561308071 0.122221572151617 0.0232611804997627
0.317160422903299 0.244076722555645 0.168243758510137 0.158459539575807 0.112059556455112
0.176845696543296 0.318719780097921 0.0398526702659297 0.123771864768347 0.340809988324507
0.208028008304916 0.0912784196601304 0.194677256868464 0.084330531307716 0.421685783858773
0.157973843201808 0.231242878050355 0.227058360617481 0.237807327924403 0.145917590205953
0.0133542196410374 0.379006925272654 0.0848931162831308 0.427124873505499 0.0956208652976784
0.202879575156697 0.12227935684539 0.219758080183991 0.258050023658835 0.197032964155086
0.153558293175733 0.188900491017713 0.143935144561455 0.302984954541088 0.210621116704011
0.281658603794525 0.0155032293556718 0.189020511090875 0.276461507366563 0.237356148392365
0.0668155122650367 0.33517668103191 0.130434601204263 0.0864724361609627 0.381100769337828
0.024176577430361 0.163445496600432 0.255091830413063 0.105265231187092 0.452020864369052
0.292210789139489 0.266681682798758 0.238566845794426 0.0230097454987533 0.179530936768573
0.203183667497571 0.184595977898868 0.226708431208387 0.179376236161292 0.206135687233881
0.141218298585858 0.114807573359206 0.193551192519994 0.127292818038958 0.423130117495984
0.360992501432584 0.117293597026198 0.424038693816663 0.00627615455780286 0.0913990531667521
0.363229861136947 0.142092727605679 0.168738583150372 0.0657530697329157 0.260185758374087
0.0719251076585824 0.204420747012797 0.267335350395064 0.264438357762829 0.191880437170728
0.426115013139718 0.258257880317388 0.218248659103628 0.0153686365756993 0.0820098108635666
0.0284633104129027 0.319244796266712 0.128779360702419 0.337747627333248 0.185764905284717
0.148513192493818 0.184684901781852 0.286610073314231 0.106229638488617 0.273962193921482
0.255839008620393 0.275237103793487 0.306867175364985 0.0190165557925676 0.143040156428568
0.218233344106118 0.206977092626596 0.209230714129164 0.194004574698097 0.171554274440024
0.272928665379888 0.0555707064056559 0.0873931217694713 0.229816294771166 0.354291211673819
0.115811063774153 0.0565097147529071 0.264383069071417 0.320731997913681 0.242564154487841
0.194429867311395 0.0385049845776087 0.1142076951124 0.274769517588456 0.37808793541014
0.234658505630772 0.0400091560434303 0.219065962615127 0.23378901685109 0.272477358859581
0.1567977116101 0.28356529705309 0.1827025939169 0.172106648036836 0.204827749383073
0.284398013064277 0.26487973932074 0.219556602321357 0.197325381522291 0.0338402637713344
0.0492318727922751 0.232912769173474 0.29148784719133 0.196012889560387 0.230354621282534
0.109524758807445 0.344589301025273 0.228575320065163 0.139012718240643 0.178297901861476
0.236615981353651 0.139687170023564 0.283129331844428 0.185451255845396 0.155116260932961
0.211716927261148 0.231476299630617 0.293928494772587 0.0950996673083098 0.167778611027338
0.0616053126320749 0.0870651870754129 0.324451559349024 0.330934798770927 0.195943142172561
0.219657210306088 0.0444443484551055 0.136643734770453 0.362749138297316 0.236505568171037
0.0498429226980268 0.231796006487671 0.388610816657497 0.0615419425003747 0.268208311656431
0.256130050282524 0.182430003228595 0.19454730835317 0.198671991982611 0.1682206461531
0.250675499383582 0.184849462228294 0.305639956419554 0.171571253386382 0.0872638285821875
0.00968846771154573 0.279202996598613 0.150649178093122 0.282503720650823 0.277955636945896
0.266739944251701 0.0520786253568951 0.260212519021006 0.190466751871915 0.230502159498483
0.0988750640844451 0.171270306785407 0.325420739735612 0.065536689188356 0.33889720020618
0.293514781559635 0.294188068606017 0.141943676982281 0.117907437752331 0.152446035099737
0.172373667317592 0.274633918887426 0.168382106599567 0.126209753894527 0.258400553300888
0.0284960299195439 0.268131626295354 0.346225275684099 0.18622346203427 0.170923606066732
0.304794896079327 0.152546163815345 0.0713316562198061 0.322570112404827 0.148757171480694
0.1870585285622 0.164736991954338 0.229165442882313 0.195038274062404 0.224000762538745
0.292966209750018 0.320462711619754 0.125505351673777 0.231341139302132 0.029724587654319
0.281655278212189 0.220026480837485 0.0351957689394977 0.273908717895953 0.189213754114875
0.0504629102031125 0.149740242668163 0.322750447356375 0.234968338517476 0.242078061254874
