0.106089453615419 0.104808867019406 0.168215076566674 0.263683171758612 0.357203431039889
0.378286825276801 0.142452952442507 0.315794535442621 0.0332885574196539 0.130177129418418
0.348580942670402 0.0664210852324084 0.33066424664552 0.102273419494462 0.152060305957208
0.272020561244707 0.136804042581152 0.0330045340123743 0.273927585265254 0.284243276896514
0.204418911245871 0.356337577256389 0.071963950160286 0.216219451424436 0.151060109913017
0.0418653965301299 0.372385050171822 0.282071909590648 0.0761693115986895 0.22750833210871
0.172468362280576 0.313972140106014 0.107923078589069 0.22312198095685 0.182514438067491
0.204765361207038 0.35753468833003 0.0809181307184816 0.197983985617044 0.158797834127406
0.201479554950404 0.265306174337385 0.319545574983936 0.0733158583169563 0.140352837411318
0.169971306143063 0.318391771828039 0.159906961429084 0.120801432542243 0.230928528057571
0.413694479380887 0.150224596846782 0.297311298340823 0.00159631598488363 0.137173309446624
0.241349953215573 0.0893304468984593 0.117019992491672 0.245018943335444 0.307280664058852
0.44540430547215 0.0476623799280701 0.065455623024252 0.185511183069424 0.255966508506103
0.277250521845027 0.273783898994343 0.177925731817899 0.217456285526937 0.0535835618157944
0.0647022518055812 0.658906691444597 0.00390197502658119 0.0380084563244614 0.234480625398779
0.254951041225287 0.178553749028054 0.0716326252675318 0.308504099093001 0.186358485386126
0.176040024841368 0.272368397412525 0.181901221298413 0.143856522145492 0.225833834302201
0.20906411761138 0.0264530964511006 0.132930970435116 0.158513059220783 0.47303875628162
0.104743541106873 0.0838972043399028 0.237245858298495 0.141735247867143 0.432378148387586
0.116278012368063 0.337950909369486 0.305031611978435 0.0431179796769639 0.197621486607052
0.243833284694879 0.227371719965289 0.182769955566947 0.14972102798207 0.196304011790815
0.2655286163044 0.0193547633325545 0.213882049943754 0.212973910381759 0.288260660037533
0.330128679298527 0.227540384789879 0.158989003234265 0.129161922042326 0.154180010635003
0.288408106762941 0.0253683625462075 0.103012430602556 0.371640076333535 0.21157102375476
0.318327246897349 0.117404093029278 0.166716955294307 0.255566098338732 0.141985606440335
0.150558196418083 0.288497637955449 0.219597956981991 0.12121207755331 0.220134131091166
0.11518148490131 0.049013402137318 0.109765296527169 0.322695134782131 0.403344681652072
0.206375738763353 0.237167760379951 0.264919612851135 0.165336844225499 0.126200043780062
0.0370319317387253 0.28439624319971 0.256312306120997 0.136974319416919 0.285285199523648
0.0360622758744433 0.569541466906607 0.0988026547322689 0.251496459550851 0.0440971429358301
0.101926338379256 0.107062283586642 0.149923680718433 0.235626046125161 0.405461651190508
0.211774578958302 0.265020537801475 0.24494997075286 0.122885810468487 0.155369102018875
0.290709326204921 0.0731802427548405 0.27871305014457 0.208325028192698 0.149072352702971
0.129298052268486 0.176547841715342 0.366956295202679 0.219728248607349 0.107469562206143
0.310367708878526 0.111744043163823 0.0438888370444636 0.199314591815327 0.334684819097861
0.179229979155888 0.100278122394435 0.168192078655355 0.366693834050973 0.185605985743349
0.217604417635229 0.000705594604869085 0.635765758780688 0.025311030780597 0.120613198198617
0.159412242674117 0.232550199334285 0.239385920682296 0.173703538414243 0.194948098895059
0.21149239137818 0.107972884377176 0.0806003793319223 0.301066679565596 0.298867665347126
0.176969283792403 0.181385366002569 0.27580987122323 0.0899582489745619 0.275877230007237
0.112491582442266 0.0886958870355278 0.0949164426493938 0.377854355896547 0.326041731976265
0.0198909894342986 0.112257444624762 0.567111542825409 0.28946008668218 0.01127993643335
0.331771770315068 0.294194168193148 0.123062225651759 0.241868571040128 0.00910326479989698
0.0154563846509406 0.518289879839307 0.166844001960893 0.0990928644782988 0.20031686907056
0.329503086492694 0.0235796125534398 0.134429378964681 0.248925606963542 0.263562315025642
0.0735994718470234 0.164449638737704 0.0219834237204301 0.39814679906935 0.341820666625492
0.292379205046545 0.0760061570659624 0.0672786725362589 0.309426787757694 0.25490917759354
0.300918927575406 0.101860574444745 0.0485503099825575 0.309332619420078 0.239337568577215
0.199025047358786 0.0361431424749723 0.300685581017272 0.398024771902282 0.0661214572466863
0.180598284345461 0.230255231606006 0.292894693508663 0.195104808089602 0.101146982450268
0.11997991561112 0.283727440241238 0.0769829462304845 0.313406472417156 0.205903225500002
0.16717458062693 0.415013499149577 0.00243166959680591 0.168992408052797 0.24638784257389
0.169488733015 0.262132312615381 0.0746313532296331 0.11635118627967 0.377396414860315
0.102430551508369 0.254515768860659 0.165768512774151 0.412997874587723 0.0642872922690988
0.0591032661202973 0.400116882135061 0.288379104408792 0.0700215367006803 0.18237921063517
0.329184741683418 0.376194444167598 0.127060350885247 0.0398581710087651 0.127702292254972
0.120376904719903 0.277615983787381 0.0367210303997693 0.377106933177397 0.188179147915549
0.278776472334941 0.00244271425098743 0.197750861699362 0.19184628257797 0.32918366913674
0.175371616076154 0.191946369900862 0.2371157288922 0.165316643369577 0.230249641761206
0.141106928431372 0.332943404531451 0.0348405605508332 0.310764806874908 0.180344299611436
0.300819428463509 0.0022200562235761 0.375518461044536 0.22740910309111 0.094032951177269
0.382819284811242 0.110653123111616 0.161578140229422 0.0934766945287893 0.25147275731893
0.251925386760045 0.101681417148103 0.22826438704001 0.199359652639607 0.218769156412235
0.303062898766809 0.34526803039544 0.0824512327370061 0.204486211197233 0.0647316269035122
0.0653715584741476 0.440757190724256 0.181102531713773 0.0646249409262031 0.24814377816162
0.120342428343773 0.348684936234808 0.345969277366727 0.117456838650113 0.0675465194045792
0.192493149498129 0.05184190759149 0.246737364668044 0.242360535710386 0.266567042531951
0.237792685074844 0.30278495976277 0.156789635121064 0.0600585283156117 0.24257419172571
0.301731748971722 0.113862608847054 0.310497229599406 0.0632547297171883 0.21065368286463
0.220853745482442 0.206900619414972 0.254937885858408 0.195739597200343 0.121568152043835
0.0103369911388804 0.238638435980062 0.347546156150828 0.0436849845505117 0.359793432179718
0.0768139018704196 0.145132185291826 0.0935723726029409 0.32916553888227 0.355316001352544
0.150723325641769 0.09295947040497 0.258151677360234 0.202533596111347 0.29563193048168
0.475951243644354 0.0732346731956844 0.0882477803611563 0.0680602784210169 0.294506024377789
0.0473533798635864 0.00676029090831219 0.390571937664663 0.0260497323809946 0.529264659182443
0.239169082114149 0.171383202751755 0.305472010779125 0.171892698939123 0.112083005415848
0.2458842841363 0.23952785410849 0.0736156028361655 0.274718330975801 0.166253927943244
0.132586235932777 0.164629781774651 0.162514097225162 0.227728313962703 0.312541571104706
0.167701778514067 0.24176823289343 0.148242884217213 0.403578186459368 0.0387089179159222
0.0721454030545632 0.178803057096437 0.160496252921288 0.343305601858455 0.245249685069257
0.212215401546166 0.24350196237216 0.225578686751217 0.311083903153294 0.00762004617716262
0.348899541872359 0.188647640132781 0.139071152546726 0.000430093681831289 0.322951571766303
0.295372571616466 0.210370463525641 0.250830109736895 0.122238612175906 0.121188242945092
0.143034685476808 0.262953825057504 0.157354063833482 0.412658407696081 0.0239990179361248
0.0930526390399785 0.32695960097509 0.148159004426516 0.2972657689932 0.134562986565215
0.10523544613542 0.239574187575419 0.247905787699039 0.18039898724974 0.226885591340382
0.242670592009913 0.103677387576433 0.222975628696508 0.178188781649432 0.252487610067715
0.216861556626946 0.362874949446641 0.159755886384266 0.128415235744226 0.132092371797921
0.161657516929056 0.141666934852962 0.251720809301869 0.241247610110686 0.203707128805427
0.253840427433978 0.125000487390145 0.280316926947195 0.196713501927867 0.144128656300815
0.0978341900206621 0.117205602261421 0.182339207386764 0.282866314896472 0.31975468543468
0.27245139955887 0.0808908780676958 0.319641049526634 0.0194678961289041 0.307548776717896
0.260869199345786 0.102715479857878 0.300927573899483 0.334628674532623 0.000859072364229725
0.344261254210788 0.245303354620294 0.174600067256009 0.218872979015363 0.0169623448975463
0.366670345815564 0.349830107373529 0.0604509299530385 0.131252815468838 0.0917958013890303
0.209150398419743 0.188616189992271 0.229035826202258 0.15359963764229 0.219597947743438
0.294112318250945 0.281053338734634 0.173221271024905 0.086450564095931 0.165162507893585
0.255344990373884 0.46624143483421 0.0442076228152011 0.150501254201863 0.0837046977748419
0.212234766651896 0.0251474547544773 0.376265030904957 0.111326814017752 0.275025933670917
0.27529116825112 0.00263273546959708 0.238248806485185 0.249794910654391 0.234032379139707
0.0387190452683282 0.144112746403414 0.314171085530114 0.328208308291707 0.174788814506437
0.0185001662361116 0.325448944303173 0.411982875797735 0.185580070751704 0.0584879429112769
0.281932917524422 0.234986121089375 0.0711441054088446 0.202620255226721 0.209316600750638
0.226750171911601 0.0390189443334918 0.4163765515753 0.294821119080552 0.0230332130990547
0.147463571397959 0.367860529687747 0.0410728789639796 0.0967663924167652 0.34683662753355
0.166127257720357 0.300555330646064 0.189707952294378 0.219197748604291 0.12441171073491
0.0651932707691926 0.202182539647313 0.265534984610559 0.326390772442972 0.140698432529963
0.256941508472361 0.201620681448337 0.26436565085878 0.261853593502441 0.0152185657180801
0.0574342986171268 0.0716925225306909 0.312764789727104 0.31225458584063 0.245853803284448
0.204057274834588 0.133531746798065 0.346015565737826 0.0574174070107229 0.258978005618798
0.042002635842696 0.177763820635058 0.275461611233461 0.316784678004257 0.187987254284529
0.186001653475155 0.273310710302028 0.0827159789282075 0.238493110939038 0.21947854635557
0.185296082745285 0.234907204705533 0.288130348835562 0.172198467630484 0.119467896083136
0.25252941184314 0.186571775320619 0.0257555216574265 0.203735884076727 0.331407407102087
0.178249734904927 0.0250005274458191 0.329412235673654 0.221636052046238 0.245701449929362
0.238434887237061 0.229564664697177 0.198662634904335 0.0855347556079794 0.247803057553448
0.177058291729648 0.147190414702864 0.123131910816639 0.51153531264651 0.0410840701043388
0.279009552133595 0.206736512817691 0.1329587111812 0.210849404638907 0.170445819228607
0.307419018670056 0.152730833142602 0.122818659165669 0.312017120954044 0.105014368067629
0.321117591026174 0.197635818072196 0.157904508648569 0.0742931548133152 0.249048927439746
0.527979823373869 0.183127246945042 0.0166776136471989 0.0830130959059813 0.189202220127909
0.211838016661045 0.0509042767979521 0.187121869328573 0.273092993556389 0.27704284365604
0.109096305219821 0.251840531349115 0.267094694013644 0.168277380516687 0.203691088900734
0.274946225609794 0.292979032642525 0.179271031306771 0.247782630572096 0.00502107986881387
0.201740779224042 0.0605315952669049 0.265377977727612 0.234217484525042 0.238132163256398
0.0954228449663516 0.154507483182929 0.283400992087142 0.24581743713223 0.220851242631347
0.0940390475057454 0.0662319479563836 0.346392228491004 0.114165286031591 0.379171490015276
0.239518414590059 0.202208593953228 0.135294662547013 0.190740556690693 0.232237772219007
0.020238280586999 0.337710676979088 0.0599945096217792 0.130181058150801 0.451875474661332
0.0545749996253013 0.303630075276561 0.278437458390288 0.237896777266987 0.125460689440863
0.194798250877132 0.10098525137272 0.182539794352996 0.199549588806426 0.322127114590725
0.0176618701293814 0.0828883723172907 0.416115756332507 0.374281151919192 0.10905284930163
0.0852515225999528 0.28043834148959 0.176600821844143 0.143895116693716 0.313814197372598
0.0884416111963435 0.293590226850563 0.324978092846108 0.0174563028127741 0.275533766294211
0.241225285295645 0.219655778247197 0.0207618566165511 0.301445585364784 0.216911494475823
0.236900916151465 0.298888743228656 0.0876911758220136 0.33871272071271 0.0378064440851544
0.0130521457312773 0.15973080747422 0.0899307660262716 0.36736718899954 0.369919091768692
0.16681699697066 0.206324048999274 0.206022265926652 0.127774994407733 0.293061693695681
0.132029319330071 0.0923327785927619 0.133072636859567 0.463851056372697 0.178714208844903
0.201055881539103 0.0951993634649698 0.352644223178591 0.325450737524937 0.0256497942923986
0.159782812059778 0.0164052860568602 0.290706363584544 0.267231083080381 0.265874455218437
0.154746816086616 0.326260362395474 0.129786622629632 0.189116743315325 0.200089455572954
0.114406812617927 0.0794850136226531 0.346468618765211 0.104314171647261 0.355325383346947
0.338680084767784 0.0072375927047207 0.246912976148789 0.177773255467114 0.229396090911592
0.0806861234956798 0.303711646645444 0.371185487757227 0.205854598143992 0.0385621439576569
0.171795379898197 0.160922950425229 0.30103730335965 0.335680190456722 0.0305641758602014
0.234639341066328 0.310567250226818 0.209502435976779 0.197372214887197 0.047918757842878
0.0405705312824227 0.301465607873243 0.317682360617537 0.11756231837191 0.222719181854887
0.204053729764456 0.26441009128552 0.236255173153226 0.233333705694345 0.0619473001024536
0.172472149100939 0.061520756874355 0.430907777090102 0.247246199129943 0.08785311780466
0.37392315955879 0.278364889397625 0.0728199000100461 0.154432318436391 0.120459732597148
0.197704340811997 0.269720520174896 0.241930615790308 0.117531807328662 0.173112715894136
0.262436920536334 0.150435770957183 0.241000036864674 0.266817165269303 0.0793101063725063
0.464378877027075 0.0352537112448848 0.101819013374442 0.367187296969749 0.0313611013838492
0.190191744387532 0.141374067980195 0.254144624365232 0.19136285349682 0.22292670977022
0.00387114203502874 0.373867235552773 0.051509351166069 0.300374395952749 0.27037787529338
0.269289004911553 0.0227378141480402 0.32493043222752 0.257582240070071 0.125460508642815
0.348243796204533 0.416913971601404 0.0105782585884093 0.103547278093523 0.120716695512131
0.294941748194548 0.298865222850783 0.0142196775941689 0.124439140663409 0.267534210697091
0.111144139250249 0.358796373831538 0.302768553451201 0.0908930644459082 0.136397869021105
0.0765395863064312 0.191711688050564 0.286052229723846 0.312061724760422 0.133634771158736
0.146472911527188 0.371405335558749 0.0427245492602096 0.333473523093423 0.10592368056043
0.171685120000582 0.0683330711650797 0.308880802893302 0.300516042127741 0.150584963813295
0.0176648036659086 0.259451574826463 0.260487253365282 0.223921756543514 0.238474611598833
0.244696851104781 0.295140751457815 0.135603587826415 0.0788185976017666 0.245740212009223
0.303785520533601 0.0366978896157722 0.343448351935918 0.0747619572253743 0.241306280689335
0.263016809683231 0.150386851080367 0.218231180541385 0.285308408799538 0.0830567498954795
0.372392258684658 0.0991814816181302 0.166292347939272 0.0535505384057984 0.308583373352142
0.209083969231471 0.258044489383449 0.273518823365274 0.158745142251589 0.100607575768217
0.342158815605799 0.125621716814374 0.320614655073803 0.186953341542223 0.0246514709638
0.112552165817185 0.248713301301779 0.144677255631061 0.24646301909638 0.247594258153595
0.0861879583493274 0.470255123788571 0.18230898015193 0.165575135287217 0.0956728024229549
0.023352476570425 0.0572666842741572 0.0236951983282772 0.394186773993414 0.501498866833726
0.103929957395772 0.0595861482281051 0.356891486920963 0.0397473680065059 0.439845039448654
0.166823677636835 0.0860507654433096 0.389399037640309 0.116779597362084 0.240946921917463
0.50084603775226 0.0664627380076669 0.048143678874107 0.327196305689556 0.0573512396764101
0.310051601877166 0.116560163461697 0.245452018740166 0.252069087120765 0.0758671288002057
0.161991409938271 0.0100381395625505 0.511346296878172 0.201060102653224 0.115564050967782
0.16157039331831 0.186539781500661 0.101701613193104 0.132387574758045 0.417800637229879
0.108881068941414 0.243175849627298 0.0651306209731225 0.244299557293874 0.338512903164292
0.293559276142917 0.0272133507461777 0.349869182441146 0.180972873839216 0.148385316830543
0.0448053752992961 0.0174342560354242 0.458919809516601 0.447253747990455 0.0315868111582244
0.0321291216020028 0.1859094741119 0.359766756027109 0.0234191348940041 0.398775513364985
0.299122872852236 0.107865001134536 0.303429287480006 0.112549880602042 0.17703295793118
0.169780975116958 0.308490502707447 0.112861293982801 0.346221364249362 0.0626458639434311
0.065037469013395 0.246741970938389 0.345489728464533 0.153574728038307 0.189156103545376
0.152007520097214 0.264125240250309 0.271603252614534 0.270916954154379 0.0413470328835646
0.197159279329826 0.240799898930191 0.212469204602867 0.112631139858817 0.236940477278299
0.134440114575265 0.208105907386636 0.201888812006282 0.178453047882011 0.277112118149807
0.150472356234342 0.117035402931037 0.382453406974894 0.298605046799713 0.0514337870600146
0.380346152957372 0.357951076761869 0.16113137757075 0.0144641646857649 0.0861072280242445
0.21571129468869 0.150804864029207 0.352173146441889 0.186024003786747 0.0952866910534665
0.301254398493686 0.332379043974505 0.0247663818222294 0.300683532760872 0.0409166429487079
0.146309860189477 0.128221556913996 0.322176506596934 0.304387560178884 0.098904516120709
0.266131122296381 0.403674168796716 0.0566567288322655 0.231068766921611 0.0424692131530266
0.0690281529981302 0.298279765312656 0.26737812178412 0.320294413359079 0.0450195465460148
0.29768629259674 0.091920715135406 0.0791907454941021 0.322071205060397 0.209131041713354
0.167376112637465 0.216967880072621 0.273344199548357 0.150071135935915 0.192240671805643
0.214027937515409 0.267502506331419 0.164755757315733 0.178326481729327 0.175387317108112
0.0994606259104223 0.105573029044843 0.303403484774653 0.282867675987959 0.208695184282123
0.153301685677704 0.234607587939382 0.266093433558235 0.220930927302707 0.125066365521973
0.382057923113312 0.108951087796454 0.383859832945715 0.108183807029505 0.0169473491150142
0.247931316389401 0.247167336227999 0.15289048632695 0.13423632803962 0.21777453301603
0.276287164316373 0.0530173248333465 0.220768022791313 0.184491820410625 0.265435667648342
0.232990100331103 0.0833350757616299 0.250004902825974 0.28973434352518 0.143935577556113
0.216780964745167 0.226836739685863 0.232404854614956 0.142966125346877 0.181011315607138
0.0413197195018382 0.000717258437800076 0.54634227253215 0.240195368924835 0.171425380603377
0.217511417044345 0.148014717631745 0.187378933335691 0.199885998442954 0.247208933545265
0.31619368415121 0.230763911298023 0.109003500088021 0.0479902779375392 0.296048626525207
0.149121704378669 0.464561160172919 0.00609429126539374 0.169740423864 0.210482420319019
0.0282210817296361 0.0917487926550805 0.262011070378144 0.210082728843741 0.407936326393398
0.245060550817646 0.299393452037384 0.16551905774878 0.0859081088159099 0.204118830580279
0.162024701072381 0.334532514755676 0.166123490839218 0.261423155291832 0.0758961380408928
0.167503395542331 0.112707937370602 0.00730176798630307 0.419797613532374 0.292689285568391
0.0976336754450253 0.102457182062506 0.233288053100701 0.278972963295309 0.287648126096459
0.0780608283153294 0.059349951331389 0.0277456848065053 0.345655433236238 0.489188102310538
0.0963767218306608 0.0420960858631083 0.0688410088182985 0.331566310724377 0.461119872763555
0.0307642999056087 0.0475484215461822 0.293426558121192 0.60262337732579 0.0256373431012268
0.343358941141387 0.0262674741675005 0.0627015516618598 0.254554436664106 0.313117596365147
0.301718884437188 0.345880672655833 0.202055730843779 0.0940536606847444 0.0562910513784555
0.085423127245931 0.221617109945377 0.161807239047906 0.357017632912999 0.174134890847787
0.193782560326842 0.342941662216978 0.000744979246890657 0.237753263126215 0.224777535083074
0.227364044728955 0.244574937770193 0.143001293155623 0.313256525240304 0.071803199104926
0.239495380030629 0.330186104649506 0.0579935237533542 0.147041566421197 0.225283425145313
0.0672303077256594 0.166798789851592 0.22920176224014 0.314143936995459 0.222625203187149
0.229868759902596 0.0462560939081958 0.281333413272361 0.152376156906927 0.29016557600992
0.191661677765569 0.190974287684876 0.240395404833108 0.153222571913347 0.2237460578031
0.176191806126601 0.0851368444581224 0.190330603890116 0.255365818676298 0.292974926848862
0.265907746538171 0.222351471890083 0.164432949924773 0.0805586328180745 0.266749198828899
0.290825469148809 0.119000441784607 0.128007618588502 0.325492061337611 0.136674409140471
0.0165542076944805 0.0602089702092633 0.6225513775318 0.272748663459606 0.0279367811048504
0.150603653343386 0.173380818841596 0.169329674627749 0.267274954546108 0.23941089864116
0.0608733976873393 0.23752652672016 0.331551995763137 0.20428536434066 0.165762715488704
0.242369664400718 0.103350715490552 0.212070492374431 0.254617247984954 0.187591879749345
0.0496949863145049 0.678904591195668 0.0501013462256465 0.209342382711579 0.0119566935526015
0.332757891318185 0.148140567752597 0.0363955534975901 0.156491274735762 0.326214712695866
0.366673143998401 0.041134845746189 0.38048792570069 0.207979901885252 0.00372418266946841
0.301714593272597 0.191780089268053 0.203894604124822 0.157863374960699 0.144747338373829
0.127879700053955 0.292949019066028 0.0133084355172648 0.279107539644718 0.286755305718035
0.067859362272078 0.267092467664567 0.254922530776539 0.0831589085502174 0.326966730736598
0.202356509741147 0.236386833371954 0.231478053508795 0.159781045644029 0.169997557734075
0.00924667331071293 0.291974444288962 0.244883717457283 0.258624183002387 0.195270981940656
0.30662162717553 0.145746636909406 0.0607645749059507 0.148226916763351 0.338640244245762
0.363044981369879 0.237901476821784 0.0210520794628915 0.338258269471408 0.0397431928740372
0.294940556197755 0.0723558086719787 0.16133562215659 0.262434121043961 0.208933891929715
0.361984818010811 0.232846482970142 0.332418189394736 0.0240996190827329 0.0486508905415781
0.237322278151281 0.0563187178525838 0.210600692668629 0.223656451248007 0.272101860079499
0.459651556313689 0.0484527285365961 0.451673395055673 0.0376593610335729 0.00256295906046857
0.228277764741914 0.135977162694059 0.20264612855157 0.203877893738677 0.22922105027378
0.339274079910179 0.348482386003053 0.0307977419166212 0.0561788486360962 0.225266943534051
0.272166819655831 0.171916319770958 0.242442410044052 0.257392258957336 0.0560821915718224
0.322441041921998 0.274465765214517 0.218124391077077 0.0175834752878765 0.16738532649853
0.258434633361329 0.27318133926183 0.122787026851286 0.0308952653212431 0.314701735204311
0.230978414451923 0.161624789972363 0.270430719505213 0.0988293362724059 0.238136739798095
0.14854035456931 0.169410283943679 0.0383543710645825 0.305073390308243 0.338621600114186
0.148771493565335 0.11437834529299 0.0664378313180218 0.290873060794744 0.379539269028909
0.0193835653307277 0.203013864207795 0.180772601659153 0.246384773669913 0.350445195132411
0.264272977875461 0.307601277569623 0.0107169947921486 0.119134344420405 0.298274405342362
0.260855542767209 0.0886919287450928 0.180246907380725 0.214922325340654 0.25528329576632
0.334001111564459 0.263783785858671 0.0539318137202415 0.341168684656715 0.00711460419991382
0.238744275685074 0.239484679135197 0.242021242181135 0.101613671373285 0.17813613162531
0.169568205820598 0.295979744142676 0.0421270267667586 0.313351714258637 0.178973309011331
0.106803114974706 0.0377689430533036 0.369328413532922 0.168413646367997 0.317685882071072
0.247671930618443 0.131775303595963 0.25375242757218 0.212775674780257 0.154024663433157
0.109596215567719 0.357188348928744 0.125375964591786 0.360562809871109 0.0472766610406412
0.238766058654191 0.201310917200919 0.22255956109352 0.197304030393804 0.140059432657566
0.384493736559249 0.0969364715309484 0.0925176334436519 0.211578325296783 0.214473833169368
0.422132254022614 0.0737348418391114 0.250041432130237 0.207435988255302 0.0466554837527349
0.131195345263148 0.0513248784109473 0.115139458624419 0.526198352899972 0.176141964801513
0.241220197081325 0.154371452886993 0.0361518651976711 0.285101529552472 0.283154955281539
0.193959915942501 0.0603057369874088 0.318444830261832 0.0528560883926342 0.374433428415625
0.168921169275201 0.386779290780748 0.101937103563774 0.319429163035967 0.0229332733443095
0.0710299790771122 0.194659090472324 0.0151555881214824 0.526651863644074 0.192503478685008
0.200142355081354 0.164667628128943 0.0639258165627127 0.510139026450402 0.0611251737765885
0.244763154259203 0.194464134614289 0.0639400529445358 0.224841006442902 0.27199165173907
0.268022028159128 0.0800638795747101 0.280802988698409 0.255954502441845 0.115156601125907
0.0420071071217729 0.321731382326072 0.360373900983786 0.196850758995029 0.0790368505733405
0.0489046044507572 0.198589533990046 0.110934317055158 0.0198536505699475 0.621717893934091
0.267989891725431 0.242175656029641 0.211042202658104 0.0205525974588436 0.25823965212798
0.140872614982477 0.299207402717372 0.157848100156165 0.336806344432481 0.065265537711505
0.116479761880937 0.285739602921546 0.0838152364789085 0.23025892723322 0.283706471485388
0.0108256475757025 0.215801248592381 0.192740076951773 0.317515521743252 0.263117505136891
0.177989084217437 0.25930872995727 0.131446825751744 0.262822636873074 0.168432723200475
0.0707314460375281 0.0894301899676771 0.395252371933752 0.271275608547169 0.173310383513874
0.109320265318354 0.415297260338161 0.0107100569606235 0.388545533744273 0.0761268836385877
0.340170862236892 0.250240550503354 0.351473307919345 0.0214753887673706 0.0366398905730382
0.259519520621653 0.0665390894388558 0.24347189884896 0.15756725190747 0.272902239183061
0.162520619463392 0.198120396326975 0.154794105017881 0.287101026554231 0.197463852637522
0.310435239601807 0.308969402873092 0.0511684138966594 0.0542653150696593 0.275161628558783
0.394847314359968 0.00702490121427741 0.0421203807030402 0.112184587986718 0.443822815735997
0.163719955034663 0.0698727603335224 0.395897676604868 0.231900670425199 0.138608937601747
0.261079424580284 0.23174516155961 0.0862045993773052 0.110685851104844 0.310284963377956
0.0820196563699966 0.378909954615627 0.11301292415169 0.124924009409134 0.301133455453552
0.0521601373899443 0.0441689141705301 0.0176545461087333 0.11062049925598 0.775395903074812
0.226343693253151 0.278250520338246 0.183325733588881 0.222216043366987 0.0898640094527356
0.308989691896604 0.158758816000845 0.0706863342057329 0.362355577081722 0.0992095808150965
0.130992776661419 0.255081956747258 0.268007352816131 0.246432594613493 0.0994853191616982
0.232573197838176 0.137478462219686 0.246374448497138 0.178827855594422 0.204746035850577
0.0394061840371497 0.286990684987178 0.367584272909147 0.137800790615184 0.168218067451341
0.0457205578757827 0.33596750384856 0.24747506813581 0.317935965471961 0.0529009046678863
0.339303606870716 0.125502429643036 0.16412627980739 0.0331862189320829 0.337881464746775
0.415336187217915 0.114474542101645 0.343112810209964 0.0288299857523085 0.0982464747181676
0.194441562616873 0.131200364052429 0.393533864924922 0.106105331217217 0.174718877188559
0.117963997511478 0.161967528832401 0.114354570571051 0.53158552686463 0.0741283762204399
0.0104055665082856 0.158663811624561 0.287894619227092 0.283009101553789 0.260026901086272
0.125818615481772 0.331803509395493 0.0750648907515226 0.209853251498636 0.257459732872577
0.308590408365319 0.0345079511569705 0.18640465779286 0.208035439275914 0.262461543408935
0.178721280548417 0.020673154283126 0.210925184561185 0.333440029688998 0.256240350918274
0.32164748002513 0.246510079526106 0.231640060099141 0.0723507380087092 0.127851642340913
0.172420761545823 0.256155109677029 0.123181917744726 0.347789878379187 0.100452332653235
0.306603660385289 0.0489580200225177 0.329144320589907 0.229492602935601 0.085801396066686
0.0640102631290329 0.147790402272617 0.258126920562245 0.0416802232292481 0.488392190806858
0.222000787272143 0.110801004672853 0.224265388737731 0.212846134079889 0.230086685237384
0.196298649280229 0.253624355306106 0.272545833200264 0.0745446373045713 0.202986524908829
0.238536003309304 0.293579766215061 0.300240843404015 0.157607402147658 0.0100359849239618
0.329343797641058 0.243758705932058 0.126395960469807 0.0883093179075185 0.212192218049559
0.0361919469409632 0.248057864980742 0.248073981437129 0.251273425627101 0.216402781014065
0.112887005499806 0.181264639941436 0.190930715379762 0.353419834742359 0.161497804436638
0.251158549498062 0.309504803074057 0.00991012802064887 0.286223179057697 0.143203340349537
0.26523745001956 0.00641184126664233 0.339412461792055 0.151449677372516 0.237488569549227
0.0278669245443275 0.29531243389035 0.216800917605646 0.187441374256426 0.27257834970325
0.171991400083211 0.220308184269196 0.18529539522509 0.179493882053912 0.242911138368591
0.311033483577972 0.118294306132621 0.271578242496249 0.0413261862700507 0.257767781523107
0.207984064380633 0.0706473083538065 0.235871818021863 0.29123042647864 0.194266382765058
0.158135716744549 0.224529672375339 0.167058186389313 0.136126783137625 0.314149641353173
0.137767086599883 0.314919435528768 0.172611254944488 0.233499050182494 0.141203172744366
0.270262114557899 0.193094380983939 0.143302907464267 0.308824554420621 0.0845160425732738
0.183557295874245 0.224888173044836 0.238041641444404 0.136542865963049 0.216970023673466
0.196986495819211 0.0800958732315258 0.196510372965627 0.216547249520529 0.309860008463107
0.126263897628697 0.0044346745162829 0.206862515070919 0.359056869496806 0.303382043287295
0.175576301802032 0.249577837224419 0.307749337042707 0.263631755824264 0.00346476810657792
0.214554187815284 0.303248721407403 0.146950204970466 0.162083712179441 0.173163173627406
0.16593278661358 0.378670971008625 0.259168907471471 0.108143708594582 0.0880836263117418
0.236611726445303 0.149044978791388 0.305996902725601 0.234442088009016 0.0739043040286929
0.244913203616722 0.0356869319880833 0.147180529803081 0.238586313254835 0.333633021337279
0.206147548261867 0.248643349860116 0.32413742055855 0.200328305429947 0.0207433758895204
0.441516512181484 0.103387186003402 0.0230855789384125 0.189165723266675 0.242844999610027
0.156896036709527 0.243456217825032 0.209864367665382 0.0967378629700851 0.293045514829973
0.251891932583714 0.240135839510697 0.233457800071523 0.1711494369969 0.103364990837166
0.245876877947357 0.223973912066468 0.277514546859105 0.236839763892553 0.0157948992345164
0.468474871974387 0.101386005855407 0.0711308631135782 0.348443191683816 0.0105650673728113
0.0200214065477217 0.337296069057319 0.349395118902724 0.197744082318521 0.0955433231737151
0.0935708866866345 0.354174735926629 0.408180680815579 0.140259029089702 0.00381466748145611
0.273504360345742 0.21274384093691 0.167860957633935 0.049577936009342 0.296312905074072
0.467641973601294 0.132071114374861 0.239445545253334 0.0165688974313363 0.144272469339175
0.239026956271633 0.215986263943947 0.214374206952724 0.0880746225247467 0.242537950306949
0.148369266641289 0.193256095981793 0.310478733278037 0.304557668043408 0.0433382360554725
0.247333353350824 0.0166982539020554 0.142111391505993 0.520956380986522 0.0729006202546059
0.103987686032887 0.31644745787387 0.0718422212612875 0.164285981473533 0.343436653358422
0.138481539116415 0.264961997530981 0.00297898804477167 0.284283039119545 0.309294436188286
0.450180062193016 0.24647928314055 0.14454202715046 0.0865202988449903 0.0722783286709839
0.318554052730243 0.182804643714711 0.137663096649485 0.0437338933412826 0.317244313564279
0.222939033856485 0.073546837509833 0.399958224124386 0.129631544952113 0.173924359557182
0.263674475986652 0.258508875156399 0.24567067362909 0.0618135736669361 0.170332401560924
0.333789145424915 0.190831119852955 0.0970946504262499 0.180253935805537 0.198031148490343
0.387136252101878 0.314440936419266 0.00492263397544562 0.108605331103212 0.184894846400198
0.223461162633598 0.0183721842685276 0.293576910859296 0.147720361576774 0.316869380661804
0.200297726233102 0.113084511892999 0.397557454027006 0.16269720622352 0.126363101623374
0.0551594208576136 0.51094321079467 0.192347869860085 0.014557218685221 0.22699227980241
0.045656439283772 0.110708674276911 0.189874986749875 0.434290709510402 0.219469190179039
0.0734654124597167 0.416712327335021 0.142734222108184 0.251116885719483 0.115971152377596
0.0831590579692536 0.202029426144815 0.124291290536494 0.299526338446821 0.290993886902616
0.367134896580038 0.324090593116676 0.132437231023185 0.10643574011564 0.0699015391644608
0.198990334484527 0.321515578708468 0.221151705985392 0.00434028590226071 0.254002094919353
0.213586137536507 0.19908837703729 0.271670899636038 0.143972024603075 0.171682561187089
0.0433167856755533 0.609725909859836 0.258066941914073 0.0640839232441287 0.0248064393064097
0.131112013806572 0.0811557482420782 0.102956287654135 0.325972163770627 0.358803786526589
0.0128875506666743 0.265730352420544 0.430981103442122 0.018842117675023 0.271558875795637
0.123204199715506 0.0538820780969074 0.357823317807482 0.0951052875329004 0.369985116847204
0.41078166375624 0.143292050802783 0.0292512849115417 0.214135712777638 0.202539287751797
0.179861545605512 0.12012169622293 0.365032584087427 0.0932060991327736 0.241778074951358
0.307016368353155 0.0806755610139653 0.423945783785542 0.156953053209749 0.0314092336375891
0.181934386426258 0.169689826851241 0.348973107066716 0.0775682378397914 0.221834441815994
0.109870916531668 0.150290075363432 0.147323088492642 0.176828532848534 0.415687386763725
0.251064598048251 0.171292027811632 0.275068023870487 0.291045842318791 0.0115295079508396
0.00179841856256315 0.292385571111975 0.048378479064234 0.311928605763979 0.345508925497249
0.272531924129043 0.0318947417411649 0.388388657039156 0.253065950553469 0.0541187265371665
0.264022030112857 0.198548415887907 0.141943457963364 0.151175296985698 0.244310799050174
0.24167424894884 0.300139393171112 0.0466412966333613 0.154169619936335 0.257375441310352
0.234087581560267 0.0116823080066013 0.0395541063320593 0.34174769772222 0.372928306378853
0.244156852844529 0.0367179361193516 0.263307560742145 0.240021412483509 0.215796237810465
0.300515812432919 0.325802789232018 0.0805898590776209 0.279049400704157 0.0140421385532844
0.269458509192372 0.190534772766586 0.138916348473251 0.249705024764425 0.151385344803366
0.266718456700725 0.196685132919125 0.167117642841535 0.0779680484375108 0.291510719101104
0.218429995538554 0.389533346657709 0.0445992386406765 0.235255396736709 0.112182022426352
0.293448025749499 0.298052961345115 0.00620774705620733 0.199201433459233 0.203089832389945
0.132309449245558 0.368589413231592 0.179557954296981 0.00140497914434576 0.318138204081523
0.362637034405362 0.281862518524643 0.156999983749898 0.150167850167432 0.048332613152665
0.0807367302566673 0.33299331750079 0.111828256317299 0.325880038485886 0.148561657439358
0.225896998432654 0.287760105067962 0.130599247356261 0.0343089645406089 0.321434684602514
0.105318648770227 0.311462918612434 0.240773905991586 0.111400131378048 0.231044395247704
0.043884632469336 0.507555123072527 0.128944890951756 0.221961446499549 0.0976539070068318
0.22145176792165 0.587020431242881 0.0927904971109439 0.0235970784148813 0.0751402253096438
0.119378736443633 0.416817939532135 0.11850063403464 0.205009987428074 0.140292702561518
0.0309326755193549 0.395209988283922 0.483829582352418 0.0526403916922815 0.0373873621520242
0.237919958691746 0.230915717021707 0.148652160501236 0.110856395684425 0.271655768100885
0.262923172660832 0.168956647988448 0.198264127282083 0.0251379902417906 0.344718061826847
0.374888096499882 0.358192785956097 0.074374767350345 0.157381987755113 0.035162362438563
0.192581679794306 0.202188824372598 0.132292439734479 0.097476555585636 0.37546050051298
0.174948471269206 0.0736721445071971 0.11137928999028 0.549202797975951 0.0907972962573651
0.205451829746334 0.266133834400293 0.0789266027106205 0.156970573454248 0.292517159688504
0.172372725929514 0.0320493941412362 0.0853243615711391 0.359985647099684 0.350267871258427
0.310369593329705 0.1663348597664 0.0991926821636426 0.161547277160789 0.262555587579463
0.152945827757652 0.291474205556959 0.269668563070292 0.284761011586385 0.00115039202871232
0.145173976762899 0.256204662370557 0.26974773782812 0.218948481575136 0.109925141463288
0.273921373492196 0.317012899437373 0.235008043761231 0.115327694374184 0.0587299889350154
0.120122761693937 0.24782102442106 0.311305138966061 0.0947586787631592 0.225992396155783
0.203398094456435 0.199424820566982 0.206211801844726 0.195640255533436 0.195325027598421
0.167653797191351 0.0853656393227024 0.273381745507563 0.42565832491406 0.0479404930643229
0.39717293159551 0.363859022170662 0.139807980933326 0.0243880889284939 0.074771976372008
0.381438605042036 0.0747223431623895 0.200648940000327 0.0786469791802383 0.26454313261501
0.254208070597564 0.15764801349131 0.217383018859012 0.247376030616242 0.123384866435872
0.192900328723267 0.185531292064133 0.274481806043046 0.208963093849671 0.138123479319883
0.327846474989669 0.30986692000984 0.13507169673432 0.152065645582312 0.0751492626838588
0.331143922576641 0.0355452371639187 0.0334880587692859 0.348521468687114 0.25130131280304
0.231894823444897 0.048364204795928 0.356414833732193 0.200048323311551 0.163277814715431
0.255270578150685 0.424659445535175 0.0514396037276915 0.178525759854783 0.0901046127316654
0.00930398266576388 0.139371168834883 0.444433391664005 0.0522720313449125 0.354619425490436
0.196581061775885 0.274707573843266 0.22961032268778 0.055916454013107 0.243184587679962
0.242279031755405 0.148054432347279 0.194835655096303 0.238019083834552 0.176811796966461
0.270385802256418 0.223898790086144 0.269516202995995 0.161087654512284 0.0751115501491582
0.407860033255577 0.157601106127528 0.141437470927769 0.169017504583908 0.124083885105218
0.181196577524258 0.281662694792774 0.214297644236154 0.0307626135695302 0.292080469877285
0.220138432595167 0.185249969688227 0.148606637057926 0.0104838853248105 0.43552107533387
0.314204189911839 0.0940147151154131 0.11233286694187 0.450768884115577 0.0286793439153005
0.302765826308319 0.211199923893348 0.31394969282321 0.110892771582584 0.0611917853925391
0.110633615904617 0.293385709912892 0.0922926565110604 0.147344655548197 0.356343362123233
0.27161808049376 0.0457399223663044 0.0657861617874627 0.12479546110568 0.492060374246792
0.352312962832428 0.102401934470769 0.158458837627538 0.242976780123091 0.143849484946174
0.226823090327579 0.117746855470504 0.247113184926488 0.304105066948576 0.104211802326853
0.106650565773616 0.129683975644832 0.425998381218934 0.00511957429980105 0.332547503062816
0.00942237375460399 0.361424262480195 0.0462909833653334 0.25692101505702 0.325941365342848
0.208786376094182 0.17394781572232 0.285814422964587 0.024901111231361 0.30655027398755
0.208778003633588 0.26156366558878 0.127343282281536 0.17584504616859 0.226470002327507
0.299898653777098 0.00706150285950422 0.12823556496926 0.302161333803283 0.262642944590855
0.278493713026975 0.193065033024821 0.149205233325683 0.236412258355817 0.142823762266703
0.222223815117638 0.0527759435369403 0.176798515102287 0.0107613959408118 0.537440330302323
0.130821865244912 0.308673528134191 0.336654609553143 0.0182410801157121 0.205608916952043
0.228894092846072 0.151115608130011 0.0842724698328395 0.28526422971314 0.250453599477937
0.066192432287422 0.138029039693958 0.331227227311611 0.201944034769405 0.262607265937605
0.235892298402697 0.286688501646827 0.109513114483133 0.315548289854665 0.0523577956126786
