0.18178929257333 0.0649592233851609 0.28804513010698 0.112464759428648 0.0958362616849811 0.249462572225445 0.00744276059545602
0.156230696862603 0.00639489034887071 0.172102063309647 0.125259069225256 0.0697968121939383 0.223415356565486 0.246801111494198
0.0181642762398916 0.143970839617757 0.183297769811501 0.104665803204136 0.16938937950917 0.196537229163162 0.183974702454383
0.00267962313726672 0.131538539103463 0.24164059198771 0.234320235733579 0.106160904420803 0.226813127646065 0.0568469779711132
0.209425353461516 0.15174476975854 0.15745867436148 0.199846570379631 0.17742611854349 0.061091284985755 0.0430072285095869
0.178690228224309 0.0026284612736219 0.288906421740825 0.161659766931717 0.0754910653716201 0.290760114022782 0.0018639424351246
0.148351925790148 0.147784092405337 0.169895487639599 0.175175899576293 0.163722455466966 0.113152957485726 0.0819171816359311
0.176182629628231 0.135605246612686 0.194257125141654 0.135103850046491 0.0977601625331665 0.00151133881225492 0.259579647225517
0.100445139457155 0.0663904112029221 0.0160933435365551 0.216772052587778 0.225369189310667 0.227721908706757 0.147207955198166
0.0768198002570861 0.0755430435985776 0.050396799488742 0.0913675137661342 0.246561071599182 0.265285364726268 0.19402640656401
0.10545333204903 0.092027936627981 0.186799555765775 0.13364960759047 0.124432681191446 0.109152171316269 0.248484715459029
0.226585258066191 0.0797741973988907 0.0926837465654348 0.0107889499314468 0.227494576950175 0.183697517784057 0.178975753303804
0.150614009563943 0.000314465047366328 0.0184851956278797 0.146934140613527 0.395488302790585 0.221145760188958 0.0670181261677406
0.0907288475048571 0.168100249406076 0.239819532917801 0.0913300793398591 0.0590491367320426 0.262388335445146 0.088583818654218
0.282237093041447 0.0699414320453405 0.0128981506863551 0.257570317009668 0.279074169202242 0.0532385090398611 0.0450403289750857
0.433154613596695 0.0913495524228994 0.0504290770976111 0.0371126086440414 0.325927531871024 0.0144531597302118 0.0475734566375174
0.067272828674063 0.246558555129534 0.190795028228595 0.0107780868370945 0.0599940392881592 0.252489848336378 0.172111613506177
0.0637885762273059 0.130247856363167 0.130875669233692 0.0535186566167042 0.0929214462807454 0.321021698998269 0.207626096280117
0.279885786228165 0.0831184900698742 0.257110097395699 0.0500961481256936 0.102032137229248 0.0644097646644072 0.163347576286912
0.245409997874928 0.147260833106712 0.0405571424603388 0.123098546283718 0.236183111900218 0.158761947303203 0.0487284210708821
0.189140976801727 0.107129742772945 0.176699806265189 0.0382771923752125 0.135769015864707 0.185291601788401 0.167691664131819
0.0884337500787619 0.177793599376887 0.142613544293677 0.0186972153947054 0.22439707072466 0.260233150716682 0.0878316694146271
0.159710195096496 0.21836033642098 0.15645538391008 0.134248670173755 0.105290427832329 0.204198254181119 0.0217367323852412
0.267775042321544 0.164009783846072 0.113714602384409 0.10787796501866 0.094345295502701 0.0657805737076628 0.186496737218951
0.0998109365355147 0.251721744821681 0.204251202294 0.0333035320624753 0.205591127991131 0.13839209095181 0.0669293653433878
0.179672565308687 0.0214420766019872 0.397260415944495 0.0237033644644649 0.150892156206942 0.0215341100594989 0.205495311413924
0.117309173780244 0.218430393734279 0.113165847447595 0.0149779129954624 0.21046786514838 0.114417744492638 0.211231062401401
0.218872904056726 0.182997958137087 0.0320603027568876 0.0702050972038715 0.122111959458933 0.170135900228414 0.203615878158081
0.293819574657149 0.132947923017542 0.332727003472302 0.0858844552882241 0.0024337702667935 0.0225186123949133 0.129668660903076
0.28345301877781 0.0911575730287726 0.0777446745928912 0.198303129977092 0.0829021890176481 0.00931269478051545 0.257126719825271
0.0868465334214482 0.0661329189899158 0.255266019734881 0.276588251377164 0.00892701362569456 0.0966291531174003 0.209610109733496
0.0666927166060296 0.141472745584333 0.131093476636501 0.15473385363314 0.263236344021563 0.117243207778071 0.125527655740363
0.0835791762992361 0.105844463384379 0.124342238757933 0.25504116492773 0.133039724801417 0.148015279255799 0.150137952573505
0.148005140784925 0.175101076392199 0.123743665901834 0.195053538836108 0.20372055100541 0.118480068591473 0.03589595848805
0.000650126444774203 0.262570328343109 0.390675608963735 0.115730999501651 0.0080002506351453 0.179544265923703 0.0428284201878823
0.232622053099621 0.145352613908847 0.0545182219768104 0.196156048374116 0.291961433749869 0.0129905432749032 0.0663990856158333
0.154486831940023 0.00769575433968526 0.15694980663953 0.270365931953978 0.0351898351327956 0.233703590006462 0.141608249987527
0.161882131165002 0.232320975496825 0.159347626229821 0.123590448566278 0.174785716926865 0.0468534413020083 0.101219660313201
0.165000237963549 0.00692201575856059 0.0369871024362579 0.107393320328855 0.20478372236012 0.261279399513651 0.217634201639007
0.13641116730152 0.18153148500886 0.211615141413167 0.148062902924175 0.0182310859691323 0.215454458941371 0.088693758441775
0.209739597699933 0.231577353064059 0.118055598378458 0.120874450839653 0.10038166900601 0.12526613186969 0.094105199142197
0.00627999647749884 0.147507548427491 0.457422780455764 0.00532290058674252 0.0379124629061809 0.176944734929967 0.168609576216356
0.0907816593662464 0.164444460481881 0.264599716267135 0.125223646957741 0.0310159986582782 0.151277035728413 0.172657482540307
0.162086678887837 0.151318413393883 0.276273585553388 0.157556204655131 0.0544170687888457 0.102052850522022 0.0962951981988935
0.0791196780421727 0.212419101584857 0.176683236344576 0.0685013113482971 0.165296241922469 0.189868220752873 0.108112210004756
0.117045134365323 0.0527828101686665 0.0791284128559787 0.0919743945529673 0.15289932995389 0.251133687001926 0.255036231101249
0.195241765221038 0.189198178604992 0.180546763213365 0.037775175791107 0.167496330845453 0.206873923538708 0.0228678627853366
0.250564999651123 0.168712948829326 0.110666541470919 0.11599210836426 0.036317468427561 0.196732409301625 0.121013523955186
0.155472232062211 0.148796343503962 0.0134804667216176 0.0804047540894465 0.17585279734564 0.214655924093037 0.211337482184086
0.0250538920805459 0.19524499218748 0.188794260446673 0.0870319672349191 0.0972669874452784 0.202386162034083 0.20422173857102
0.107338925281354 0.156951392773428 0.16258596161033 0.0654247147959342 0.171044785374267 0.164045173538101 0.172609046626585
0.0788282106627913 0.395671372631082 0.0153073235286555 0.263412614595758 0.0437207704893992 0.0584551148009022 0.144604593291412
0.247925069408997 0.0263235997806541 0.0309507210406754 0.195742858626504 0.087800151435234 0.118458279265776 0.292799320442159
0.0952286572570092 0.0430140168806814 0.253912054195969 0.252292229823159 0.203924593707361 0.0469536959702705 0.10467475216555
0.069754627261606 0.133837099890299 0.179844228255209 0.140439616911229 0.195353445787199 0.0479244366404247 0.232846545254033
0.178002618854207 0.210907486676697 0.0278903168331399 0.0420519832370737 0.134425973083301 0.137293938652263 0.269427682663318
0.157571491521154 0.136308781019785 0.0588531239377875 0.210300600246677 0.152645638154504 0.0776138211504584 0.206706543969634
0.209126573043973 0.139891712727352 0.141190965743469 0.0852337612541836 0.202587237626224 0.0259722050425438 0.195997544562255
0.129226786893516 0.220887769188983 0.162110269108368 0.217654388689973 0.0791295838489368 0.0211417874667998 0.169849414803424
0.0420929317215742 0.265139827868508 0.198931155692476 0.0264805985509317 0.181348933268164 0.183202303164185 0.102804249734161
0.158343495836654 0.252043125672269 0.313430619699091 0.0322643933281201 0.0239209062652713 0.112212816778236 0.107784642420358
0.129488957528672 0.122331790251668 0.213832087373801 0.0961095805908037 0.11334949668081 0.217183340147109 0.107704747427136
0.0567960866900512 0.166684517973785 0.236129825479199 0.195815442078278 0.0533942911977606 0.0811870054540348 0.209992831126892
0.0111282457051661 0.103270175077772 0.215088547220305 0.16526464216238 0.155556930504187 0.180616810367107 0.169074648963083
0.141011483745482 0.179717356572631 0.0897227404533974 0.0406370079948869 0.144197598542833 0.19836092045434 0.20635289223643
0.0630014994061832 0.121925320578977 0.244121999839231 0.212111183581401 0.0975983255661841 0.130283741700383 0.13095792932764
0.199815479293496 0.207493613353032 0.063943526024982 0.159609229366542 0.0852977912877829 0.0234267405468614 0.260413620127303
0.170196217254942 0.198932753853768 0.205815330535126 0.129638630315473 0.039534877526846 0.0550852785319356 0.200796911981909
0.224039740967863 0.121653809135792 0.119607359823247 0.202844929931785 0.0939260528669524 0.0306226638789572 0.207305443395404
0.225196763514039 0.00934318319958953 0.239280291325809 0.0839713956603371 0.0523339142577151 0.0833292288087612 0.30654522323375
0.133901605228468 0.0869565534519109 0.0876310763887558 0.183269704190553 0.154263148452932 0.167420990338622 0.186556921948758
0.268801497388079 0.0876041972440424 0.0546151745285189 0.118092003482168 0.363330480773976 0.0802174923703949 0.0273391542128203
0.374212333478102 0.0993028587503128 0.0603160813880976 0.0417837332996483 0.18537260718743 0.0668758332219198 0.17213655267449
0.265809218872172 0.135345663419297 0.187635530390805 0.0678119617860146 0.0788161775791022 0.205580165396413 0.0590012825561954
0.323107198579987 0.124239961959794 0.0724979240717089 0.0351403474159661 0.164532908671501 0.13982109774595 0.140660561555093
0.085879465125139 0.132732043738621 0.203634613358341 0.00526341728818365 0.256251694261254 0.296330362662329 0.0199084035661318
0.226528501974566 0.0524050933680003 0.0334345713571736 0.225357158765118 0.155381662375964 0.277867061254358 0.0290259509048203
0.146466313152537 0.131889803483849 0.191165244578319 0.131834050294903 0.00471411412667066 0.140500969636508 0.253429504727214
0.152978967823126 0.140366338516324 0.0893287430850697 0.132714317326715 0.0683523485760028 0.216770623918278 0.199488660754484
0.208793623330325 0.191230677649686 0.196306196215017 0.0152798576388284 0.176903771067383 0.204047340185245 0.00743853391351705
0.214254110698767 0.167083939553027 0.127766295255274 0.170664186216902 0.114616373873276 0.0959880561264084 0.109627038276344
0.059136949882504 0.254192039991439 0.15778920148421 0.270496796655354 0.0703612102694949 0.121354042678209 0.0666697590387907
0.0209336210350756 0.192354453496586 0.321438647335713 0.0118515164779539 0.00811333706104997 0.287803197077834 0.157505227515788
0.0820731462457235 0.0908785635650471 0.0400109642405806 0.241571715017179 0.136914567913829 0.310601714850608 0.0979493281670317
0.243113581988462 0.179364188854411 0.151736833704451 0.116796199598661 0.0366037024435823 0.137902334980018 0.134483158430415
0.0120522154554737 0.158386442054679 0.0966785362744654 0.267321965122396 0.28221490920258 0.0141520575519612 0.169193874338445
0.209019115581516 0.129092297252888 0.10370097974938 0.24877329161312 0.143400575384609 0.013066166078172 0.152947574340315
0.130967101438882 0.235317492099018 0.125907122060834 0.0202296112807751 0.0954509364670445 0.101251894762726 0.290875841890721
0.119149821207391 0.13857588980129 0.185985636250725 0.136599110257953 0.147150304206103 0.123379441724517 0.14915979655202
0.0413047321238143 0.0732809448964183 0.147418041789796 0.174706419549147 0.254382528624544 0.178179122930655 0.130728210085626
0.162087397562716 0.215203824016558 0.260839187275473 0.0816689296598163 0.096514521738432 0.11407554554895 0.069610594198055
0.20279433455829 0.0679425666120866 0.178539801001454 0.212355225230147 0.00912579054815544 0.146688206115725 0.182554075934141
0.235646050508277 0.0848938232628398 0.155873995357126 0.0843801210730793 0.113654380636129 0.0985803774997858 0.226971251662763
0.0092137341647938 0.171615526466589 0.0927519422847241 0.239987598468651 0.153822124990052 0.274207259754907 0.058401813870284
0.24401675416566 0.050197036772581 0.188150385074262 0.216785940142479 0.189586006273971 0.0940950695576238 0.0171688080134229
0.0759095644749593 0.253494193324041 0.00809795103444299 0.0128813595970499 0.304281781814956 0.021702597930358 0.323632551824193
0.196958973700497 0.112493886400143 0.194625857682499 0.0320381367838641 0.136175152001848 0.171938505744023 0.155769487687127
0.127043472408734 0.246301284729883 0.0949741374812542 0.176123295599507 0.0824640918230316 0.199096441081176 0.0739972768764147
0.238092473756404 0.0210446835565978 0.153814371355964 0.206234815313965 0.191739620214126 0.150493534086185 0.0385805017167595
0.0944633985183185 0.229389196387033 0.0747064832381452 0.107639987966392 0.0908037877292611 0.258929772923572 0.144067373237277
0.169007507548927 0.138729064096676 0.173701255332868 0.13792453645111 0.069872629850092 0.139690693491865 0.171074313228462
0.0538381550870641 0.143936074381955 0.0202810086817102 0.245295997063751 0.228252653363428 0.0915231387620004 0.216872972660091
0.21527483388844 0.182706422097811 0.0715347966578145 0.100500649454755 0.166651783899335 0.0937791569587347 0.16955235704311
0.232515847413772 0.00754165571590915 0.12786174054476 0.15538959828823 0.239383794453687 0.223371537305948 0.0139358262776928
0.231648031526111 0.128753296692144 0.210739808168316 0.201011436244989 0.0391590898802146 0.022709171828167 0.165979165660059
0.0105848391307384 0.118564218229705 0.0881140241603243 0.304077277521826 0.204266557788713 0.157907442732987 0.116485640435706
0.0609121934189771 0.0393616965859538 0.292969833271993 0.0747216530104396 0.124175198348467 0.273698535950313 0.134160889413856
0.183405961169255 0.254426695863799 0.042758381344577 0.176348800496616 0.166404953561012 0.0542415742586639 0.122413633306077
0.117861873608103 0.0753598907974641 0.185363683697758 0.184191492766566 0.177411529703339 0.10797422488398 0.151837304542789
0.109758976567086 0.0107765037463381 0.246648455978437 0.259297777924862 0.153638649841623 0.0486563095303225 0.171223326411332
0.243882470069973 0.111267744115899 0.272010171549373 0.0558335116147858 0.0368358324135781 0.0106807212754601 0.269489548960931
0.0548842335578821 0.182618136444086 0.0668634175466998 0.0949538662683104 0.188021386552096 0.20879532500617 0.203863634624756
0.204897423441382 0.234580915722176 0.0255148688402866 0.257380680979423 0.244343486178135 0.0165819024265839 0.0167007224120139
0.0709015745154377 0.0490411503090889 0.182955261934075 0.201392647336435 0.182223212577627 0.16450539874975 0.148980754577586
0.0127975350950311 0.0608577947974929 0.436926090788475 0.251372727422462 0.044405589735202 0.169708340579365 0.0239319215819721
0.106494859556671 0.000926654280054672 0.192332303910676 0.15893930799126 0.106130954906435 0.238754758136158 0.196421161218745
0.0968333299431505 0.0176943062364609 0.263883540202349 0.138195215769877 0.0940957760695166 0.233343870730646 0.155953961048001
0.176046795065237 0.166649092098932 0.134360265296573 0.167653115819902 0.151637129399742 0.174189924110363 0.0294636782092517
0.187737599975686 0.101217494601207 0.142937309070312 0.159580641648618 0.218147974415034 0.0667775193561323 0.123601460933011
0.155618174662103 0.0674117099033369 0.0957979123753991 0.183759301038929 0.191194785048728 0.122403228900314 0.18381488807119
0.185538960350023 0.247128470856253 0.190875913091107 0.0508486357927004 0.168910476468414 0.0885821165152348 0.0681154269262682
0.202246319304301 0.162434904507582 0.109860236509303 0.0423532198642188 0.142271981237838 0.133272938532804 0.207560400043954
0.0730941019203637 0.0375492509239127 0.186498756813982 0.176626247373173 0.199223044401509 0.212508564065264 0.114500034501795
0.115241797823369 0.0873570451651064 0.0472220828094333 0.112869322659049 0.250218701456125 0.166162200380278 0.22092884970664
0.280959533218401 0.265104716325655 0.0138155750764919 0.123370351750866 0.0643683600466379 0.225934714214571 0.0264467493673768
0.184523490968306 0.195249494323983 0.118530826489344 0.139722986081589 0.130420329591471 0.166078558563253 0.0654743139820531
0.210053949357712 0.0119640944582176 0.0942718280186851 0.160454548867286 0.101492696578432 0.209243244051313 0.212519638668353
0.000122980673059088 0.213671584296904 0.172855335798406 0.155945764965688 0.110350607294879 0.185636061986493 0.161417664984571
0.149407477191156 0.0554332509109425 0.0962265873008122 0.188685653491946 0.217339185345363 0.117780408449782 0.175127437309999
0.0606523225376233 0.0582214447117764 0.00726798476715124 0.165166652754252 0.239275968413873 0.187768515728285 0.281647111087039
0.176150041581624 0.140576264717075 0.0590829914244138 0.307610048212231 0.0990230243831409 0.197502202188928 0.0200554274925875
0.0667561659139306 0.211529136220809 0.253118123484875 0.244526964824314 0.0626528782521365 0.154321834889794 0.0070948964141411
0.192736377535975 0.243941241990187 0.184867604409845 0.00458609247492799 0.0374757900105209 0.252492499696843 0.0839003938817003
0.223317144823993 0.263402681105588 0.109423634649317 0.0472554327056726 0.17417754617233 0.0791265173393383 0.103297043203761
0.045437830609892 0.303903194458323 0.190815461966777 0.197164466070042 0.0160255533188341 0.00722282110324653 0.239430672472885
0.272353767025421 0.107636537764173 0.171107788528857 0.115399306102056 0.0173638235123228 0.0585610107469865 0.257577766320185
0.0658558481464307 0.114336022926713 0.286618906419136 0.186789335321398 0.119945334740568 0.13842421254606 0.0880303398996948
0.173284827412423 0.238273421832325 0.124906595094659 0.123489382647769 0.228656103002825 0.0466372438997846 0.0647524261102143
0.213061427437699 0.0190413439482565 0.0970058187961512 0.253084294946167 0.298785051081817 0.0926340096423464 0.0263880541475628
0.156692090207413 0.0108338130936764 0.191528218992022 0.174209752680417 0.126006465652339 0.173031662148892 0.167697997225239
0.0336643771537049 0.048132408416898 0.236227001884669 0.0855429088046704 0.202039285398219 0.14972406812462 0.244669950217219
0.132204084156129 0.0541296926231148 0.201879283222955 0.136269414186574 0.0901486447102469 0.210126433713399 0.175242447387582
0.118255451460002 0.0485016673448488 0.00167632686987716 0.032946460621387 0.384686780001407 0.242773696229939 0.17115961747254
0.147448096043953 0.216332805604541 0.15679440433117 0.224647547653489 0.0648507342221145 0.138969477565978 0.0509569345787534
0.144836586977438 0.116717871949747 0.168300803892674 0.173940840966862 0.0221857185819711 0.172059642421617 0.201958535209691
0.19924068771476 0.202323845187864 0.0462473884476848 0.180031567796625 0.0933069834073053 0.0969031857198147 0.181946341725946
0.0563096982365276 0.172661541212727 0.166343595789417 0.099195570655227 0.146938937722992 0.165598971261102 0.192951685122009
0.0811376878855484 0.229142994093622 0.0339532314468183 0.131816074270205 0.161099549278918 0.159705279238369 0.203145183786519
0.038774390421643 0.203956933180691 0.0956680511653561 0.134890166490774 0.123577105180738 0.178633776864493 0.224499576696304
0.197670194025355 0.0585376720418413 0.150912291312626 0.214301439621418 0.0554452278271584 0.235004257903505 0.0881289172680966
0.0968548385306952 0.314554752843689 0.00825907749455781 0.313685282656204 0.0683710750917597 0.185356995115025 0.0129179782680689
0.219186469888443 0.22998848457171 0.0493901348305904 0.0940528975663398 0.118697706359171 0.054033245946158 0.234651060837588
0.0655499600971872 0.143258376117578 0.150179794682876 0.113494554585939 0.163801658755074 0.211811985730512 0.151903670030832
0.151432930429068 0.252284608095019 0.186513722861662 0.0737856548864051 0.132799912762966 0.180735002027632 0.0224481689372486
0.185713615917462 0.15697194856726 0.0364438803446293 0.145298165995636 0.199186736905205 0.189149905206311 0.0872357470634967
0.164451869719719 0.119070079782604 0.153867654221454 0.225451375874831 0.227562608050789 0.0867851700746565 0.0228112422759476
0.225951274231833 0.0295798783104986 0.237634757544146 0.186665709379703 0.142828416765072 0.149261841354423 0.0280781224143251
0.0114560888420117 0.276472649636112 0.0936476686162333 0.296789690698363 0.0386295428649506 0.190256170922558 0.0927481884197706
0.239697825663222 0.0497140682850597 0.15339709530427 0.136030990215989 0.228414168065248 0.0537716202907755 0.138974232175436
0.229291317805259 0.143803616241301 0.215031943339799 0.0322843831042025 0.110551754972638 0.237210487908706 0.0318264966280951
0.0670912510767497 0.055539728468758 0.178502494569963 0.272245587384677 0.20728036789991 0.137583955863946 0.0817566147359964
0.162025215060168 0.183228504729988 0.11575733110574 0.173992695404588 0.173846329101934 0.167726356244126 0.0234235683534559
0.0461488624336592 0.252646636049671 0.238665331067365 0.25728980450033 0.0153295279170612 0.175269168973856 0.0146506690580584
0.285672095092787 0.174151165047803 0.00393824984586704 0.0628833531695608 0.141589627572354 0.19497924985513 0.136786259416499
0.196404477270506 0.0502980752885953 0.059329074410051 0.221228928385985 0.177299891871579 0.210702193501998 0.0847373592712862
0.0290430785475445 0.0396294784944792 0.231378000905746 0.0802473989292836 0.315465692076224 0.00547063537026635 0.298765715676456
0.191129720168628 0.200123034328559 0.0198459639864346 0.0785577668987432 0.276817072376527 0.0978694128020238 0.135657029439084
0.041563775532517 0.297184705915485 0.288162812537019 0.022683861031406 0.258204682339651 0.0673438188671757 0.0248563437767466
0.0430185277917793 0.13850895464013 0.138817586167855 0.297370707668951 0.223785450036614 0.102651511929642 0.0558472617650284
0.0208510067165236 0.121731496166731 0.0724233348310245 0.170481185821817 0.135136641121665 0.274227709577549 0.205148625764689
0.210051121025035 0.0601331653237982 0.181406395032651 0.0584198886106236 0.202385389136864 0.165083651172706 0.122520389698323
0.213045125452929 0.236739139049556 0.0222689420380831 0.0847282540357199 0.124280606238491 0.176686406300607 0.142251526884613
0.354210361282461 0.273562436626734 0.0734348857688502 0.014427303633939 0.255269927828619 0.0260375822275802 0.00305750263181727
0.107358998434045 0.11380486879864 0.074077351229434 0.137916040764444 0.161264986175207 0.257745767114857 0.147831987483371
0.185036800256517 0.0555727985316024 0.152362597355768 0.238891600165754 0.125314046973615 0.00332839888532859 0.239493757831415
0.194027830884053 0.196253237943755 0.263626253515035 0.0302624637028557 0.107260058101913 0.0869257635070678 0.121644392345321
0.160672323314223 0.206866291787714 0.0716067725021009 0.22741752446471 0.0673587427391105 0.140722158219275 0.125356186972867
0.00765362578778571 0.289310573031712 0.0462532253107375 0.0449037740581203 0.227370526537333 0.222609226357324 0.161899048916987
0.17621402476985 0.192963112261729 0.18633898649187 0.0528410904355378 0.204909281286607 0.0396782460448787 0.147055258709528
0.236134595442705 0.0259593194381611 0.261250159048612 0.167049278245233 0.00431628314310601 0.094701430281835 0.210588934400348
0.134681157377627 0.238771419600473 0.0448328570922721 0.1805510298484 0.132665089013559 0.148869044112901 0.119629402954769
0.112237829392095 0.184697011470376 0.182504434310671 0.0402530416838578 0.155365393971007 0.258511855126119 0.0664304340458744
0.161042919891953 0.163326028802915 0.104632191550823 0.167326794247831 0.195686790014021 0.133507274404419 0.0744780010880369
0.260051204669813 0.154916401742171 0.0365502509994725 0.263166376236672 0.213902570290272 0.0332944967235196 0.0381186993380798
0.00597264509052936 0.183522494811511 0.305083769228036 0.0497760497107965 0.077072015256101 0.0469291077175424 0.331643918185483
0.112104695318108 0.0864879764046507 0.168829234843926 0.0435897702721115 0.231456969024583 0.130669227142949 0.226862126993672
0.16069441534919 0.180734419183821 0.165490234096021 0.197206461101705 0.0631380341429534 0.015780161502469 0.216956274623841
0.0689352777971131 0.0651230466805057 0.211205795009928 0.0584530611183503 0.227672488405865 0.206129143118872 0.162481187869366
0.13090310398312 0.162378006463802 0.245956048248395 0.161021334299938 0.0380484944448162 0.116383776421899 0.145309236138029
0.208898459924762 0.14766548398561 0.266737453243002 0.137919440568744 0.0614232661275355 0.0520801897847406 0.125275706365607
0.0767541850679635 0.227510363755138 0.222790331120304 0.0504226468626866 0.0986894846651761 0.125436387976927 0.198396600551805
0.00381817011174367 0.000605809630145992 0.198521265007469 0.0362899014168415 0.244538743285909 0.236763766536575 0.279462344011317
0.0968479413538191 0.0388832422564803 0.282799857786646 0.220578946988016 0.0208794928958049 0.181796535704516 0.158213983014717
0.168027412933639 0.288655007489987 0.0097179882219917 0.216813196489979 0.174429096375685 0.0223245941924612 0.120032704296257
0.144972842822916 0.146203645582231 0.204893363592186 0.163971490601695 0.168748246050598 0.025351441342329 0.145858970008045
0.21587990733571 0.053895654447378 0.0523386180195505 0.1662450787241 0.205701139186404 0.151694355950167 0.15424524633669
0.107684121966508 0.13280933620203 0.100592522025148 0.255378872665074 0.165297813427006 0.155841946090677 0.082395387623556
0.240250800736223 0.0871945135988378 0.176313895279214 0.237888232098462 0.104068476753579 0.0221577653851909 0.132126316148493
0.303803027983219 0.287895868285095 0.0196793586246725 0.0267386753264471 0.292358840942244 0.0510811093534786 0.0184431194848439
0.205877901231385 0.214332795346191 0.278195908546912 0.072499987702699 0.0173980190009963 0.056892532126596 0.154802856045222
0.262466651219996 0.22979860962347 0.178857870987003 0.00380718319664668 0.0740062689415348 0.0224364454167181 0.228626970614632
0.265572123121481 0.0609513591628135 0.124943836636733 0.0133528792048049 0.143714759482038 0.091548711643108 0.299916330749021
0.115520159024171 0.219205076772635 0.0286805597296949 0.062582249148609 0.268767196784128 0.162739722285808 0.142505036254955
0.162002764428798 0.0677799819572985 0.213549499873653 0.144438303564583 0.130499259574625 0.081665794831559 0.200064395769483
0.130182260758635 0.1907700179785 0.170988657227128 0.021165531753308 0.195777189437137 0.180765255927662 0.11035108691763
0.163367889966274 0.276535936204042 0.198977991168764 0.0546218256350286 0.277756913988357 0.00681291221057269 0.0219265308269619
0.230873189787082 0.0397437947531501 0.215024310490028 0.0524560420163253 0.202144095596594 0.0934288309623663 0.166329736394455
0.187286220986796 0.0144184872808484 0.103466767371566 0.0610885741689767 0.200421688610099 0.24438057240548 0.188937689176235
0.251578760745975 0.00575776452326266 0.257742895191006 0.233337180794657 0.0205408524215781 0.108941843272177 0.122100703051343
0.117511633653912 0.0343744250328431 0.243989859188209 0.0807684695677198 0.199807457183004 0.213375277467391 0.110172877906921
0.228884335744462 0.222284376694045 0.194649797085711 0.0119636339964334 0.132743765183916 0.021221890338392 0.18825220095704
0.253293629181352 0.188382970748953 0.00445124579861641 0.0858513122730629 0.112831161177024 0.0820075963173025 0.273182084503689
0.0218030455961448 0.26662716013326 0.116615927642467 0.303647375111349 0.0183112861903556 0.125323130337687 0.147672074988736
0.15677732025235 0.0952079900842182 0.255352858996887 0.106613527439949 0.0556301322362488 0.23314777068785 0.097270400302497
0.0106816751838621 0.0598032883782795 0.230224141858689 0.378187003538347 0.0192463266709719 0.227740106409166 0.0741174579606834
0.266183106101203 0.0426155488576972 0.179987669882816 0.0582520457573706 0.0794548684967221 0.0886418014687021 0.284864959435489
0.05558217779435 0.227053738072342 0.2259396059939 0.155826825371958 0.25981361500374 0.0418483222588806 0.0339357155048291
0.0239088081450385 0.109448807144624 0.283638031765222 0.0311195817885961 0.15990967676682 0.0962772690324418 0.295697825357258
0.141171896970943 0.281582025178956 0.125090401343901 0.0250240788671682 0.0286196964342045 0.134615707186002 0.263896194018826
0.122234134684885 0.164422883451488 0.13466767654471 0.200779276675325 0.175851416524072 0.0788320227423698 0.12321258937715
0.227708207003841 0.0643878894295794 0.0311097048274054 0.0113167457423209 0.0866973815311101 0.248079121351423 0.330700950114321
0.186519940890859 0.235610226228987 0.0899027591326729 0.0200714235549353 0.150671029030343 0.260083991900673 0.0571406292615298
0.0386548814448331 0.0185822724690443 0.179937244839147 0.0504522967051537 0.34654639818044 0.297510120737799 0.068316785623582
0.0379472556240094 0.241096213080984 0.154306484067374 0.0178277067784217 0.292988168944063 0.00450810390909484 0.251326067596053
0.242199463085678 0.119879746721039 0.28796301300159 0.121398671665841 0.0604536014366937 0.153079659576851 0.0150258445123074
0.213239635165938 0.162656411227597 0.138530280679656 0.179107009662847 0.0187996550974331 0.260157598429544 0.0275094097369848
0.185697766778258 0.0770273143727816 0.144198220561499 0.135818628547589 0.151957246851076 0.178358297195694 0.126942525693103
0.0589366844916378 0.107714088641575 0.216076456731313 0.199491620629953 0.236389032907928 0.0412624860669677 0.140129630530626
0.191393574783449 0.341893973664009 0.123018148640241 0.232865349385877 0.0652266382902172 0.011061318209056 0.0345409970271505
0.161046087253603 0.0250059970466913 0.188904436246058 0.198317523832979 0.0739132892439681 0.179696960548558 0.173115705828143
0.170285214482559 0.17715809750693 0.0644710936199288 0.218778813811898 0.0892265297783676 0.0687867643243737 0.211293486475943
0.100462039278593 0.116644576144395 0.14474262140722 0.130969960375961 0.133895018191751 0.140813306885065 0.232472477717016
0.0433923740895573 0.151207717998834 0.149183253715808 0.239433021035142 0.0177908286133245 0.10319937308552 0.295793431461814
0.0369238012323157 0.12756118457729 0.296975938784805 0.251736834867098 0.0899146108378672 0.137717997305128 0.0591696323954962
0.0468892253669858 0.226657250065639 0.100768392605062 0.157024675876499 0.12304052778397 0.238694852921168 0.106925075380677
0.204419390110933 0.0299195310648973 0.0789399913115171 0.122235883440843 0.234223217529088 0.137117519116837 0.193144467425885
0.16262588881373 0.17634160280611 0.0472045847925021 0.18973927097733 0.0977958829915101 0.169770341483546 0.156522428135273
0.06929529845013 0.318434881602885 0.220217752167055 0.0558896327165276 0.0282447605486816 0.0579842533874005 0.24993342112732
0.194822131229481 0.124627150286386 0.175601201158243 0.0870111675074593 0.0408327865153276 0.225006435591291 0.152099127711812
0.0550177978797336 0.0526137991527766 0.00845294584536582 0.181163529051144 0.298024273837656 0.234979686926371 0.169747967306953
0.108748132128702 0.163802599729416 0.182369098545193 0.0816278692626116 0.00339181893511978 0.230946254981354 0.229114226417603
0.233293057299557 0.236539941078162 0.0710439756038118 0.0697906644342704 0.0897877561571164 0.145029497276069 0.154515108151013
0.204643259265867 0.205302599868573 0.0499845853629463 0.135895400996199 0.181981779306817 0.125644297553619 0.0965480776459789
0.145893244696696 0.230770624184877 0.0299844424487342 0.00165623538105911 0.0156883865689392 0.240071070308573 0.335935996411122
0.132184319000275 0.200087385978309 0.0522155695349951 0.085356088866627 0.213118342210809 0.126625979922928 0.190412314486056
0.209242489582843 0.217597823249468 0.127448111087849 0.0816016355192744 0.147138254185855 0.0660778028023274 0.150893883572384
0.00419041858634995 0.162063779126634 0.192999047881145 0.305630668748766 0.0598469767970445 0.259827704504799 0.0154414043552612
0.234374823911486 0.0638172679736766 0.110585380698981 0.188793186689738 0.0085212337011888 0.142154536334284 0.251753570690645
0.0399182454478224 0.183760411505866 0.220008223765145 0.171709269521321 0.307792198764032 0.0710725823648615 0.00573906863095312
0.220330570450905 0.0219299489499246 0.0835447718930145 0.226427401650164 0.184646511797067 0.232223280154729 0.0308975151041961
0.16453695325022 0.145467959537973 0.016971787807052 0.223379721813463 0.150421418871955 0.207419926657649 0.0918022320616878
0.226830017692714 0.0586142816730476 0.0904163298307379 0.113143508530192 0.15599666163495 0.209789597428592 0.145209603209767
0.12848139885757 0.18348059477349 0.200974953552569 0.0877713892503867 0.0991340927246772 0.217248664831415 0.0829089060098922
0.019781198843088 0.142171331224124 0.0951561099710299 0.102018584792108 0.122135347515539 0.169164091754862 0.349573335899248
0.154893966942481 0.277342075470041 0.148636740943223 0.129594526387433 0.0896058608875061 0.0861645825577489 0.113762246811567
0.274722615050974 0.255621266858108 0.0411755517060574 0.103185452383219 0.110912433433427 0.0109199713202981 0.203462709247916
0.0560306500245553 0.0412892926627227 0.189269740649993 0.19275737964609 0.230830597477943 0.136274507550995 0.153547831987701
0.119739018738158 0.153212275204076 0.149199617918919 0.0343621072177958 0.27276898064537 0.0365703607309317 0.234147639544751
0.18171101603254 0.0248034168136552 0.213895399140751 0.10240124995616 0.176576465721244 0.244295645654664 0.0563168066809866
0.208441541112785 0.0966974918912211 0.133812559495212 0.00540013615647625 0.282418034840954 0.188924313645872 0.0843059228574802
0.0465922621196388 0.24660178209072 0.239461545661377 0.133788114618007 0.0345357036154911 0.0223226740861483 0.276697917808617
0.183770222651284 0.0297911816669819 0.24893532751202 0.237425800964302 0.10755233720097 0.0995322769045023 0.0929928530999395
0.17733218019263 0.139468673123311 0.0955868005623673 0.11205819389129 0.173405722787297 0.220821506708489 0.0813269227346166
0.377613208130545 0.0350720462579707 0.207334932327433 0.115191572923684 0.127026338643638 0.00864796089069008 0.12911394082604
0.001707290976659 0.0110386163394887 0.338471731390864 0.129818109622197 0.108120639182386 0.0921699717104062 0.318673640778
0.0464803319414816 0.146778877101959 0.104337418974127 0.214270973282267 0.04864795572896 0.227941138792162 0.211543304179042
0.104067416784702 0.00866883476282035 0.248223618116062 0.184404396253748 0.127328525015035 0.093862568076902 0.23344464099073
0.210593277310055 0.192312213036821 0.0590268428167967 0.110470474995587 0.0553610796125726 0.316462554227166 0.055773558001001
0.120902572382338 0.291156773523239 0.0190996163078971 0.0188335154801463 0.24780369240006 0.0496636835347598 0.252540146371561
0.184345546599455 0.154399084887801 0.0731654929119479 0.0340788791172333 0.119709290110869 0.217704311502517 0.216597394870177
0.176141280485904 0.171836601177208 0.261164886381614 0.0190421455177258 0.0542475794408639 0.0806757576915546 0.23689174930513
0.118368776716906 0.2194217082668 0.0825431456152893 0.139551762479347 0.332623767529897 0.0198589996370204 0.0876318397547399
0.0190277789325047 0.256882226906651 0.00878731304385391 0.132870832256562 0.0928562191575274 0.196069356680857 0.293506273022045
0.168834852123382 0.146024377132943 0.159792706903153 0.0809006800101999 0.0992548296949993 0.175860039349472 0.169332514785851
0.219504125934522 0.0608817780113787 0.0715792902440716 0.0961594210637951 0.291091014144193 0.252506962215977 0.00827740838606232
0.0330192920920794 0.123642847066802 0.191604010105877 0.259126712055238 0.0918570584898894 0.0160309215404491 0.284719158649665
0.128404703327076 0.0517780354258041 0.230717538067219 0.150226876779372 0.0513134157938622 0.159372847276193 0.228186583330474
0.138498864690246 0.125198703977398 0.249686201890524 0.10686779016651 0.0953336066652168 0.14201875476808 0.142396077842026
0.131646976862773 0.142368114864296 0.215403999111553 0.212675287316769 0.0208231199456566 0.20034015334159 0.0767423485573629
0.157702634993138 0.171348288059855 0.196033298543763 0.063938309769289 0.175782609121201 0.0456821847280358 0.189512674784718
0.220712323471356 0.156921194314013 0.242420008735647 0.130796716438595 0.0165220288369245 0.0776489006170018 0.154978827586464
0.0167954181851979 0.195152297170109 0.261906336423463 0.231799819575983 0.0407000106365351 0.205588188165982 0.0480579298427295
0.196531298952361 0.1778434028172 0.0777181659756514 0.0274377772431161 0.136433646219863 0.187268072012029 0.196767636779779
0.155097113999258 0.132329329961086 0.146295995690827 0.100188396183758 0.266920808289431 0.173332335452143 0.0258360204234976
0.107696805227907 0.0465480892731222 0.137193319830805 0.148587331460627 0.247859794938617 0.208227332964297 0.103887326304625
0.2255212409364 0.107614479552034 0.24258365355264 0.00729352221885364 0.124959628277058 0.21486417853517 0.0771632969278449
0.116951565795553 0.238173092222861 0.133502365966304 0.0462526023031412 0.0919025201363157 0.142377898242802 0.230839955333024
0.00561778406106406 0.0886105723192516 0.21151512107842 0.207572072755884 0.125176291325832 0.239532570641501 0.121975587818048
0.0423268923768883 0.0475491340597314 0.202841488194748 0.212550425763007 0.22484322931945 0.217305143444091 0.0525836868420851
0.13823582450186 0.178365940228698 0.199414032164491 0.0146102613333793 0.190606666757647 0.130491013037083 0.148276261976842
0.143104491887315 0.0316202907878813 0.177147371926889 0.158675235008241 0.184701673553681 0.146014004542229 0.158736932293763
0.0744307668529135 0.181752953660458 0.106233545544027 0.188076475138565 0.199520964295915 0.106904274660104 0.143081019848017
0.152634522092537 0.0825440394318756 0.175969259857332 0.159462306064055 0.196174522204669 0.190483386497331 0.0427319638522006
0.0543939907973766 0.275637403259281 0.0301377990658381 0.147491577809523 0.140075869539604 0.231302050985437 0.12096130854294
0.26298144229705 0.088149855952999 0.232972907749772 0.0308550305615327 0.250951638401037 0.0652947307629278 0.0687943942746815
0.0948095930354897 0.120876554666137 0.243000453078739 0.129924243477177 0.117968917705349 0.224116445877299 0.0693037921598088
0.141347450353473 0.139099958100676 0.149482661607717 0.258385110671475 0.191290536794641 0.0886001093794385 0.0317941730925791
0.295251913740179 0.0310427871134433 0.130245571821819 0.171132291274913 0.0295828984896841 0.148217480490404 0.194527057069557
0.357504300436371 0.046494395311776 0.0341444507909883 0.266533192741785 0.0331018494437562 0.13662983740659 0.125591973868734
0.0121998405544985 0.221626796159537 0.194383282116255 0.0570616866286215 0.269734019035688 0.127200316983398 0.117794058522002
0.0580230951754074 0.0952933523758583 0.207551200171147 0.197165618788331 0.195424007856849 0.0560273068438793 0.190515418788529
0.198409944020562 0.00375829533203873 0.142786708779573 0.171462768412743 0.054137467670524 0.221952929266508 0.207491886518051
0.165737080957726 0.108822699241928 0.106598302845126 0.154786080574023 0.181532012058738 0.153909704393113 0.128614119929346
0.106993529618012 0.241734857041819 0.0545360494539491 0.0451479772715556 0.244122488843467 0.140631780029335 0.166833317741861
0.100999849114282 0.364678131488947 0.146123764892631 0.280299359187547 0.094819084104612 0.00786155079589018 0.00521826041609029
0.252990039469123 0.0896046527562781 0.107219993948069 0.132509470476701 0.0965275777896544 0.103413803537461 0.217734462022713
0.0841353763303085 0.073220641943702 0.220286044015619 0.247595683090256 0.114681859804817 0.178454752448026 0.0816256423672728
0.0563641379032502 0.184414996297781 0.231224579789175 0.0223017913361115 0.0848406028840555 0.186572841832307 0.234281049957319
0.0244023422989488 0.227592783703041 0.082205346858596 0.208349392177624 0.198116555932314 0.133461729451054 0.125871849578421
0.0159878553054739 0.179527529017523 0.125595161964725 0.152306620408847 0.183796811841632 0.145043360886864 0.197742660574935
0.29621808883626 0.0632437577149261 0.047224931923362 0.148398494775311 0.168366280935474 0.0944677029958015 0.182080742818865
0.0391106324154664 0.220897407131191 0.230487001265369 0.0546246721457472 0.129288437287016 0.0663598878777992 0.259231961877411
0.114550431182671 0.13380955315913 0.140564240614577 0.080864636935925 0.275843236073083 0.132528016316212 0.121839885718401
