0.0528865144578031 0.104374477129457 0.207285577571598 0.122844528865598 0.170347238473053 0.210593497089604 0.131668166412887
0.0836262669531831 0.189551383434882 0.0236937362209602 0.228062396525339 0.0065084951527286 0.269802157776974 0.198755563935933
0.0436979932583198 0.281684213339864 0.230688771649048 0.0169822153107793 0.216930018547935 0.145961620122303 0.0640551677717509
0.276202430845195 0.0243784990248025 0.270990755636567 0.0636690851534641 0.176828389950365 0.180218401381427 0.00771243800817929
0.18060218891758 0.114059541300093 0.126284628518156 0.15469294697358 0.0814150157449793 0.197645290433778 0.145300388111834
0.136704235570703 0.152234985956655 0.0988908968394861 0.220327911709059 0.077474069167618 0.204018770893119 0.11034912986336
0.125780188569239 0.158994605437788 0.232067370929557 0.16469375328427 0.0274638830274584 0.215444338717171 0.0755558600345148
0.178649264937241 0.135168026676332 0.139745463436156 0.135467467198431 0.0539636817487939 0.190094089428313 0.166912006574732
0.199066424701116 0.12576633309261 0.199407075284153 0.134074436374465 0.172486354543531 0.125464478766163 0.0437348972379617
0.139377081432577 0.333848122538312 0.0868323108434663 0.15048255117762 0.264847547895885 0.0176926600853013 0.00691972602683865
0.00952066744155735 0.034830832154312 0.295012492227288 0.10291811936999 0.103780141692927 0.174290136350723 0.279647610763203
0.18526969991107 0.110769406504358 0.177870870807028 0.174821047322843 0.144430932160685 0.13217616149088 0.0746618818031362
0.18482386735573 0.177765230703409 0.13778936712216 0.13108915372044 0.0249800134287601 0.207604794547029 0.135947573122471
0.00228788491493173 0.283899448720756 0.0662741981207333 0.22483263193083 0.108092099900649 0.0470253470950177 0.267588389317083
0.180084269507526 0.00145957418914118 0.277168181678897 0.0567721775462107 0.0408337397087689 0.150212977860784 0.293469079508672
0.28446521225813 0.00747914354219267 0.221939673100839 0.00518517775440791 0.130879295669482 0.0839295932614024 0.266121904413546
0.140895251884631 0.205357508753244 0.0995302537246132 0.141574956193968 0.147798812669329 0.0884750238572463 0.176368192916968
0.0270239393715895 0.306391039032107 0.0109471630240698 0.134918457115779 0.36347108150709 0.125063713578542 0.0321846063708224
0.235150001291144 0.176601294317907 0.0787805227469135 0.0136077402683589 0.23545206016878 0.0832955963195237 0.177112784887373
0.0860597491658885 0.262707939524075 0.164485942695358 0.0966770070376494 0.0489873684044346 0.0910015852426222 0.250080407929972
0.172512017230121 0.200045868469334 0.208327375662708 0.153306151750091 0.0485551310126072 0.0431252233596497 0.17412823251549
0.114541521800171 0.146297673050412 0.104267947728206 0.0704693148462677 0.300251490966258 0.197440900231672 0.0667311513770134
0.124126291551667 0.08370874149384 0.208382540203141 0.0793995912851511 0.19100907953082 0.142198657382043 0.171175098553338
0.104400741901148 0.0746522877897924 0.233356705481339 0.19016980637716 0.191900979380764 0.125293848314715 0.080225630755081
0.150539534490794 0.0642705629087751 0.053829552234896 0.336276845255865 0.136222384365496 0.196368478055763 0.0624926426884107
0.180793358053155 0.0760929043374225 0.180697595557828 0.0884590302079877 0.0513179169286306 0.21292365428452 0.209715540630456
0.220335184145428 0.0731135881280952 0.149882337353793 0.055002257054846 0.236888959914024 0.186783241062049 0.0779944323417651
0.0564700140188303 0.241658800592629 0.0267101965480183 0.205910176050721 0.189142067835985 0.200190085834767 0.0799186591190495
0.174673272813793 0.136725138780499 0.0787545981023875 0.184813482344906 0.177831395501454 0.152663823102865 0.0945382893540966
0.00917579968029407 0.158708162411972 0.252047558679719 0.189235210323677 0.126573235733981 0.0609691146261173 0.20329091854424
0.166592587016064 0.102683434620655 0.161940091625317 0.216285722897451 0.0409063891132445 0.144387327388274 0.167204447338994
0.00602343363959545 0.119195095605171 0.130304814060033 0.140387785088988 0.19926605340348 0.193670685829503 0.21115213237323
0.266666061553679 0.106757819330453 0.0590135435906042 0.28145544993075 0.142848986548689 0.0425975411906485 0.100660597855177
0.194841243837811 0.0182746533272977 0.183188072645421 0.104116114127002 0.197744059210859 0.111330199016706 0.190505657834903
0.0736207330173147 0.185300637505287 0.180609017586091 0.172393293645068 0.0489022905487397 0.199734665928147 0.139439361769351
0.0773463847140123 0.328534835974945 0.0968481165896969 0.021199526494962 0.0126901984742421 0.238945857153456 0.224435080598686
0.202091350703273 0.0531293532370275 0.0589603672072619 0.0489394224973673 0.288456513621342 0.260034133261795 0.0883888594719335
0.0851781995489281 0.259302796208271 0.112756153938988 0.14301617107345 0.180000216007187 0.0277195510362151 0.19202691218696
0.25192648118284 0.188966577261215 0.167229504947209 0.15293251531982 0.147970854301442 0.0905968364186703 0.00037723056880305
0.175439816397364 0.149128175100485 0.00756214260276545 0.101254663708685 0.479737153206354 0.0147499598989703 0.0721280890853759
0.168610909784766 0.193947885099746 0.0606257924015836 0.101458522444155 0.211818732505525 0.0215317530061833 0.242006404758041
0.202588205204402 0.062001656713413 0.217755618191625 0.0450147144295326 0.0258173768450616 0.170438066523115 0.276384362092852
0.32570625407902 0.00217643105841432 0.291207903415704 0.0805981335233331 0.00580076372707604 0.211322580768124 0.0831879334283283
0.116506894393126 0.00878850436409099 0.229918061640832 0.0728854663452956 0.048558723219663 0.291541815900641 0.231800534136352
0.0293332030701546 0.213596771907694 0.186380877622195 0.143248235698464 0.0595965822649744 0.0745936575372548 0.293250671899263
0.0459478587191553 0.220003279400308 0.271939079560263 0.102798157257071 0.0981122508297744 0.244002424877814 0.0171969493556147
0.101814020481104 0.105245532735048 0.050860262010012 0.293268328782233 0.0958605389987873 0.211245303125237 0.141706013867579
0.0406866604091181 0.11190846747581 0.218059907208933 0.026402562771553 0.140054150091089 0.170753671837665 0.29213458020583
0.147515455212687 0.233093146032984 0.0351829179886031 0.18852167763305 0.0805557948517815 0.249440454197012 0.0656905540838822
0.00555767980026988 0.0662259753125119 0.268110523459965 0.0876897925974385 0.174347677721044 0.24603724450489 0.152031106603881
0.157765296358881 0.145972931149011 0.0416791288773437 0.210513447151055 0.0763215602856499 0.139209095159734 0.228538541018326
0.0909560706997472 0.0198746090766214 0.33801091390673 0.0869317712445596 0.0173568823355929 0.0236471676543073 0.423222585082441
0.155476744869275 0.126762456186343 0.138091958630514 0.263587387446829 0.0887543718331446 0.195593493446267 0.0317335875876279
0.247568700485098 0.122675143689328 0.101318112556091 0.346623103920399 0.13753891452876 0.0233645709190671 0.0209114539012573
0.125273485057194 0.0403515635383815 0.231832763289798 0.179281362993521 0.128736924077113 0.191585965849339 0.102937935194654
0.130660403169101 0.108088496630137 0.204169656111871 0.167876223969475 0.155163022964406 0.0294237513155735 0.204618445839438
0.349206873646698 0.00550937632581059 0.221376253379573 0.140235683014102 0.149937638956278 0.113075373719514 0.0206588009580244
0.251491968723289 0.28435529319881 0.140301006031027 0.24651392521229 0.00131959241560531 0.0581222971769729 0.0178959172420061
0.208884203713927 0.040021924938219 0.0595404882260532 0.224663380234589 0.213193636186984 0.172455119856892 0.0812412468433357
0.0693998274489596 0.249259785641963 0.148791384733377 0.00890726119914982 0.101497867464781 0.201136939941087 0.221006933570684
0.229019024418853 0.174240791375704 0.259096555536225 0.0695484080935092 0.0865447967063226 0.0198569785583516 0.161693445311034
0.176291623197388 0.317031928486568 0.0788015623267011 0.103480756236786 0.100347022720218 0.136386499723625 0.0876606073087133
0.12773408377025 0.162798357378718 0.159117137092059 0.124995482874846 0.138014933218851 0.166068260058803 0.121271745606472
0.0767930094238409 0.183514311634469 0.067223233999749 0.166015893758155 0.183491112662966 0.188293537652619 0.134668900868201
0.0293283736472 0.1282267447976 0.0761427045878802 0.198923804188092 0.165718422104769 0.194710629388665 0.206949321285793
0.0572301070628179 0.274862428811774 0.259184441953361 0.0400333673629407 0.101608218858587 0.0796937035809126 0.187387732369606
0.150361233190197 0.0589247358404995 0.0135456843769773 0.262060347152726 0.279649137139617 0.159599190896818 0.0758596714031657
0.0149851255029916 0.229833146218411 0.0165804578160564 0.292060729794746 0.115842228905958 0.0410919287296832 0.289606383032154
0.143335455372357 0.07993838367124 0.531677358371082 0.00738625989183916 0.0709765454720342 0.155413608369887 0.0112723888515602
0.285708846449338 0.0618092608837094 0.0888132389466949 0.0491015689860963 0.109952575663326 0.184591797754419 0.220022711316416
0.268613371814063 0.0535291594801483 0.23253353907023 0.00454526557341851 0.223867858600792 0.0150869076928057 0.201823897768542
0.132357312968106 0.23004638369168 0.0876076508272954 0.112033220231439 0.174402629658859 0.0925740731136535 0.170978729508967
0.197874763478852 0.26241607138055 0.236520170088131 0.142144399829357 0.0486589435577717 0.058564249539095 0.0538214021262445
0.166789354684985 0.184086392704301 0.127137358218714 0.119349866652084 0.114481626771113 0.217826350543961 0.0703290504248419
0.192489925662204 0.193787519982652 0.142827532662309 0.0965940086499315 0.129695083871768 0.10419186457859 0.140414064592546
0.218327182558687 0.197966109553322 0.111734752186747 0.0264595735641412 0.132378566586937 0.145706462556187 0.167427352993978
0.253767630355762 0.131533715497628 0.114542848458712 0.028043521846693 0.0529848215387311 0.204999741247957 0.214127721054517
0.238342130663557 0.00142877033722769 0.0618934083724445 0.198407045394276 0.148420962813878 0.226504045072692 0.125003637345925
0.183012797130827 0.0425868038780203 0.295661285106106 0.0168956026418037 0.00366446760135856 0.174527297498672 0.283651746143212
0.0954961781980206 0.228769245202355 0.126743388944707 0.100027598454454 0.0892554862629139 0.166791213048666 0.192916889888883
0.241527592092373 0.294424971812156 0.0297975014015684 0.0233758303938818 0.149659566358996 0.23673226819093 0.0244822697500958
0.0818482957994995 0.321990076913571 0.0482548906943187 0.178338876817202 0.0655658951375914 0.122278758682966 0.181723205954852
0.118278708182501 0.225869140022312 0.079456273564933 0.144911297348927 0.124559939740961 0.172115381120921 0.134809260019444
0.143613591472739 0.288571718855224 0.0431596004234741 0.278275233084798 0.207009703538512 0.0350856710363292 0.00428448158892428
0.171629627518546 0.0159664754375842 0.0333676788971256 0.235130096190995 0.192953515887701 0.23289085902394 0.118061747044108
0.255283384793575 0.0633814867012621 0.0523202272033588 0.128946056123168 0.130194696555301 0.118771125672043 0.251103022951292
0.0747359694221934 0.15930223397966 0.1502895188499 0.122275830073185 0.0515898468485864 0.380281301336429 0.0615252994900471
0.166717093448034 0.000217203636548669 0.160324467672177 0.34806394129463 0.0378410158915211 0.250170118831967 0.0366661592251222
0.148460623206774 0.207108444459895 0.0108868543385956 0.205040108339169 0.201584481074115 0.0503169948085384 0.176602493772914
0.163050139396341 0.164689606802285 0.15147748079785 0.186787959940749 0.13326177277282 0.0721782872832197 0.128554753006737
0.089260328995563 0.236534777694076 0.201913705149253 0.0500548778738441 0.136131339734814 0.166532358104179 0.119572612448271
0.246459784839003 0.0356242262422132 0.146252731047795 0.0626347132723225 0.190675355866712 0.123208446360175 0.195144742371779
0.0732246681739971 0.237863715720746 0.230759076306558 0.259667271122033 0.0440212222970343 0.0874536277081784 0.067010418671453
0.0891937200359936 0.109986251560242 0.193318225874587 0.0658950318249928 0.123295137666796 0.191811853508803 0.226499779528586
0.276314825953876 0.0501504948898848 0.106701529084552 0.164744014259616 0.115989742582212 0.0775808396096072 0.208518553620251
0.229936338195373 0.169315397670945 0.10601362954151 0.176758819773563 0.144230963757008 0.0816100329136867 0.0921348181479137
0.0578813414934657 0.210074955856076 0.218301964442081 0.198709187810555 0.0962615054311725 0.0408917450840166 0.177879299882634
0.169193485909874 0.146896742382494 0.168052417711096 0.100623601922083 0.0664039520077855 0.180494128138273 0.168335671928394
0.285770134790295 0.0677212260008656 0.279072095714161 0.154317144598078 0.164626656659326 0.00481334939574142 0.0436793928415329
0.0598837105660258 0.0111288705289051 0.0763983499139353 0.117467448710702 0.421751265377389 0.0910227119054427 0.2223476429976
