0.0606609402884238 0.0237688737199191 0.0841608580927113 0.13326128582286 0.112746917161108 0.0874912654235614 0.184402348332206 0.203564939129195 0.0777014165266232 0.0322411555033915
0.0748619614127552 0.146665421741136 0.107122554824982 0.132974923579718 0.0603980443018691 0.149954780989917 0.146123289851411 0.0655221553224533 0.100791297715063 0.0155855702606959
0.120663757690775 0.199310557918166 0.0772659150041656 0.104132249673898 0.193704455600116 0.0402629135952482 0.00509048466754228 0.0920381674244762 0.0820047099565995 0.0855267884690125
0.050099404779242 0.0773969263967136 0.191123336326319 0.216629652020768 0.042882769854651 0.0475331686125117 0.106083407313877 0.0754582357807368 0.110199879023329 0.0825932198918533
0.125941700396017 0.15264700632413 0.186705797589186 0.217749516256198 0.0467274398936101 0.166805947254578 0.013560794542559 0.0292288528083484 0.00705556457426517 0.0535773803611095
0.0600986378489017 0.120914025979751 0.136882514415097 0.0406745782298009 0.0605268333561695 0.0151577499976918 0.201216964834254 0.0476545220710455 0.18746070474516 0.129413468522129
0.195915981545649 0.0139910369115445 0.0572672063243022 0.0214582277093751 0.145290428821104 0.100458376133996 0.0920709236666169 0.030996655580287 0.172529317925665 0.170021845381459
0.0573813364433594 0.206365687291327 0.176929951020814 0.108860824041785 0.0272885586028958 0.0895583812617485 0.0814042725080424 0.0322431128090865 0.16235775414363 0.0576101218773102
0.0190888963732723 0.109004636570348 0.165123080805539 0.189129698314036 0.0249544350157683 0.164578913337613 0.0795021683939074 0.121527318865456 0.0727813906271672 0.0543094616968932
0.0484734502531122 0.0565520583495614 0.161812589214898 0.173422118650365 0.0866389301763067 0.0263477406615419 0.109690001219023 0.157607871334319 0.154352818186147 0.0251024219547262
0.143319106010163 0.156214973418792 0.108003286546182 0.106868302983842 0.134320472128075 0.0862983140719421 0.0079115857440924 0.0985756428127781 0.0441819580249725 0.11430635825916
0.0600803117628311 0.0572881539858073 0.0242790075859731 0.152512815129686 0.111249456917168 0.157565169755586 0.157906883080635 0.050321297240394 0.188019412628997 0.0407774919129226
0.117680696719709 0.172837550970905 0.143389470789623 0.205049698793389 0.0341573627184131 0.0240523758364512 0.163053253235498 0.078673928205841 0.0233380836460199 0.0377675790841503
0.0454958258689354 0.0400053722202826 0.0644445795384921 0.164500966570719 0.218042443486389 0.176510227138156 0.167127920979374 0.0022610542108493 0.0106944847102053 0.110917125276597
0.0847554049278397 0.103292380738321 0.149916735412033 0.0548491216027418 0.117083515069832 0.0410473311405749 0.16034023193996 0.138716356181815 0.0853083281650843 0.0646905948217978
0.0555747035784867 0.152262783148834 0.0779664978933726 0.0115823059407747 0.0831555555582039 0.197946843771001 0.188909479522587 0.192407287953765 0.00672190536166358 0.0334726372713104
0.045255947768097 0.0447724277278457 0.0180996373446992 0.155218819364906 0.209058775975871 0.0306685221357708 0.0828860452258626 0.0399419575593546 0.171767179026249 0.202330687871344
0.0214592406841134 0.131005149149073 0.148763305540516 0.0175980892296642 0.0763392443226792 0.147869554016427 0.0805854532416206 0.136742235500016 0.105192638811694 0.134445089504196
0.151772910727811 0.139779767662377 0.0769568876747871 0.0497693773235915 0.0313366509446558 0.0791384730592811 0.117716383275757 0.182794519761907 0.116432074117526 0.0543029554523083
0.156639619783536 0.104028050777396 0.0957059444875886 0.0546367145029738 0.0206705813331064 0.0318947199641559 0.0126668652993012 0.207331136208404 0.175318372020597 0.141107995622942
0.157365830996707 0.0469825250851188 0.1570832983885 0.183534264595935 0.0449351691996526 0.081538778974786 0.121453414225729 0.138607683764297 0.0353710859647277 0.0331279488045463
0.0230695667805146 0.0982527754824982 0.1652748349332 0.121541166490269 0.0997544223968603 0.0636828631254015 0.0115010538558783 0.116692981791627 0.165906124442702 0.134324210701048
0.148785398277903 0.089012295228977 0.156869416630125 0.00786714567014987 0.0363526817127103 0.167070225183539 0.113942302530613 0.00357926654197677 0.16029471354478 0.116226554679225
0.0395387183458845 0.0665731737662783 0.0749115664589891 0.129694939339901 0.0620685296224467 0.0549701551261792 0.23433870304095 0.132480269659837 0.0941092811742505 0.111314663465284
0.0957801077979929 0.156159033950268 0.111481733680345 0.143986504273867 0.0792802433215968 0.030522828073055 0.0643876813275289 0.127195478863093 0.114059417401101 0.077146971311153
0.0599009497991856 0.121034433970697 0.151305629558124 0.104360569024434 0.178924274246612 0.119896610363831 0.172482587425777 0.0153362740285765 0.00818782482957894 0.068570846753184
0.210808325956393 0.0743115317061997 0.0612783561576488 0.0455349995582526 0.160491913410168 0.205274369729834 0.0330490950896431 0.0493488996042213 0.138341249733473 0.0215612590541661
0.0301606794062292 0.0498695365387802 0.0964864135793181 0.198947095452541 0.0118427641486477 0.169614773066933 0.115776174081766 0.0796179720631225 0.140809447104705 0.106875144557957
0.0512001145002531 0.060340784697188 0.120371265134305 0.098061331888352 0.294238204882467 0.131375240916576 0.0676313203075925 0.0559813895044459 0.1182734426944 0.00252690547441961
0.019723108692409 0.0516898848783173 0.103852342091545 0.138760545009796 0.119398169577596 0.150272731087686 0.0325639454299873 0.162631411555343 0.0629528663067491 0.158154995370571
0.138549584579325 0.144856387539555 0.150150790903833 0.0438507150383144 0.0971079291424486 0.0785775354564508 0.0715650868456599 0.0955132225919713 0.111196421021041 0.0686323268814003
0.012784638907816 0.100025513480799 0.0990483168327899 0.157466638128306 0.0114956971368926 0.141909697253265 0.0564284815291128 0.187848280992735 0.126547831221362 0.106444904516922
0.187665826378868 0.0345352596339339 0.104996158432618 0.0264628318359669 0.0380651652353348 0.137619966127915 0.202117807356165 0.0584428024972395 0.0648564383013374 0.145237744200622
0.0533842169056825 0.164954973771194 0.172181738451342 0.0115782920760562 0.131020450728805 0.0344474794601452 0.0265251028403387 0.151587932925078 0.179782199846606 0.0745376129947528
0.165711049732956 0.095962224188746 0.0949320659607676 0.0451900273394152 0.149036100856797 0.146455672743265 0.121188756993326 0.139531236078408 0.0123521862278615 0.0296406798784574
0.122695931481308 0.0861536818865878 0.196500309649679 0.042258514206361 0.149074436617027 0.0834200571318762 0.0857491529507126 0.0546685799217613 0.0674541472625824 0.112025188892105
0.154768317280081 0.154496717671072 0.077582546195046 0.106798675919887 0.0723362933482984 0.00290121664256888 0.0459024912888234 0.135090362834079 0.0603743945446776 0.189748984275466
0.0617718434735336 0.161281160978741 0.0203662278187582 0.174881865737443 0.116067900763343 0.117295366203335 0.00383759893707998 0.00687507867043736 0.169298420958695 0.168324536458633
0.173639524037365 0.00784594720282858 0.164895395643394 0.0961099467409495 0.207927016398949 0.0503968893766621 0.0623444771650099 0.118143294670002 0.0132916474582825 0.105405861306558
0.0266497571677249 0.0910837217845897 0.178317371762612 0.0775743695500299 0.13965400089616 0.183534559822537 0.0735085519904823 0.01854619473045 0.192893280451219 0.0182381918441945
0.0138783233193124 0.17528290197854 0.127360900757931 0.0260027856061702 0.100413190800807 0.110886225296136 0.103243375719693 0.109502668168795 0.153777445463216 0.0796521828893993
0.0476308807408003 0.116432623096488 0.0315584457330139 0.0437712403202668 0.139572727002906 0.0916503615321723 0.187562495537748 0.142374144635415 0.0380452124278984 0.16140186897329
0.182549878447691 0.131921262643524 0.018051979937233 0.0162982798433772 0.0431503175317062 0.12042154112282 0.168611572468884 0.160556621600781 0.0435736060563321 0.114864940347651
0.156054751376806 0.091737846198766 0.102628226631261 0.00154065829184397 0.0491502524775232 0.125818250610504 0.142249638657897 0.124469917628853 0.0830256870555839 0.123324771070961
0.050316495897922 0.0126773614760528 0.0383022314464202 0.0998274940206856 0.154890810116805 0.240767236431481 0.0142247945033673 0.280268048455067 0.0510926443110442 0.0576328833411547
0.0538909751844591 0.0815398846071906 0.131588130674718 0.0495344833076846 0.174765629406167 0.249848978004296 0.0312041543258923 0.113541964242601 0.110172524764086 0.00391327548290491
0.0768572497466047 0.143890236836213 0.14998313961261 0.12789507799779 0.179907706466677 0.166498814213022 0.0154098849196021 0.0824286320744146 0.00591550362465709 0.05121375450841
0.164966279351007 0.0236025323569874 0.176620091712344 0.105912980230536 0.039885143747775 0.172353696721972 0.0471320916856731 0.122209393163665 0.113499495377545 0.0338182956524958
0.0322766689222861 0.146054336182238 0.145172206681061 0.0806799907683831 0.142763205584223 0.102019461645876 0.0699860399892905 0.158459728430861 0.0590737938770231 0.063514567918758
0.00290553084529837 0.128683016401208 0.121190407119244 0.142815627534818 0.113379597825296 0.154355739716504 0.0806267148108286 0.0151752187850138 0.0952862165882732 0.145581930373516
0.00351157542370242 0.116835966867238 0.0327834423889158 0.139205951418593 0.118545142575684 0.0921695630823491 0.142586002649484 0.139349002118128 0.0866132833911735 0.128400070084733
0.0933393417289326 0.0264248948274695 0.197647271858509 0.0674963917904502 0.0141610387845344 0.139355116855367 0.188630491909081 0.107597178188158 0.116515688250688 0.0488325858068099
0.0010755635980887 0.137932987359266 0.0788351806877466 0.151776976886379 0.0288285964292689 0.192155467855869 0.0784704586407348 0.0896461326323102 0.164917724124024 0.076360911786312
0.102747746619227 0.0681175186612003 0.139087134525313 0.111889181735513 0.0924498327930883 0.102036603960717 0.138373355033463 0.0551197322363401 0.103658686159897 0.0865202082752418
0.0759822482610535 0.180367294898487 0.184034302378111 0.0569095736409349 0.0624952336863333 0.0209212406954677 0.0322310456193775 0.117491468130759 0.143374904026349 0.126192688663128
0.117627596220653 0.125195411368215 0.157107901937365 0.170355572408052 0.0198682475626696 0.134690956373997 0.0494360750478061 0.00975146794374656 0.147429518386212 0.0685372527512827
0.0955127627340636 0.15029036220145 0.0196641954011051 0.175079292160161 0.108177608973052 0.0912618800330749 0.114891238550318 0.0828379934994688 0.0887322963226063 0.0735523701246996
0.0368139437072342 0.120057530698765 0.0714635794643403 0.103711558629978 0.235941413447255 0.222565591780544 0.0287934464288216 0.150211512562222 0.0117769281485668 0.0186644951322732
0.0612732379673635 0.0111570272491722 0.18200446678641 0.206111138465475 0.0582223766942407 0.248142992681285 0.0106767019189709 0.0997688188782873 0.0139208381062644 0.108722401252531
0.00914144633216584 0.0439648629739618 0.114350785789913 0.0802250079023721 0.130595792669577 0.0460668587907344 0.082043147033883 0.16700828667333 0.131439051726399 0.195164760107665
0.157827864920873 0.130069702716383 0.0509923754769137 0.0423891935547045 0.165934287905447 0.101068768222594 0.162250805500401 0.0425658166086551 0.0176163537880959 0.129284831305933
0.0328640772326054 0.0705594102224517 0.24865965667728 0.186162342725584 0.0486930256402092 0.00956010664838525 0.0101706991257631 0.267457792882196 0.105801302814998 0.0200715860305274
0.144710143616943 0.122684014307516 0.145928999948401 0.0987515965784164 0.116105166225157 0.0814078783676724 0.123111919942701 0.0888625931666157 0.00105165775861473 0.0773860300879635
0.000854105623445275 0.199112531272477 0.0914132400216055 0.0658224857002531 0.155194031809704 0.0377662201027549 0.205633133027861 0.0825013717327774 0.0731198044289676 0.088583076280154
0.0593910316427049 0.0550801939831373 0.0274104066030952 0.115708384833812 0.0547431664128367 0.131985775829815 0.102108805239345 0.198473201663735 0.202641443454427 0.0524575903370919
0.0922133835791828 0.0433800163300893 0.166061263364706 0.0973416530230989 0.100893761881762 0.0901976299353124 0.047469785212742 0.124682924677006 0.0783493977254476 0.159410184270653
0.0535780488083713 0.119395044922784 0.109915731549906 0.12535073546706 0.158801202933323 0.138345331111952 0.0191385220757983 0.129708988451469 0.0557252930034401 0.0900411016758974
0.0319224417136351 0.0644462466683507 0.13869860585924 0.142119112513078 0.0612379939636069 0.180650156582971 0.09705265710231 0.0684689792744428 0.143754946064554 0.071648860257812
0.0735962373507951 0.183819626391964 0.0725290725249949 0.160523453198474 0.0789482182780069 0.0980835814864773 0.0931862119452197 0.107977326993691 0.0548873214167583 0.0764489504136189
0.101721158375492 0.0255715231591942 0.0154694295116624 0.117603590986931 0.173899827139634 0.134453761446216 0.020433399143561 0.124410101917687 0.0617975325119036 0.22463967580772
0.0811997199997759 0.17203749591849 0.149899214679771 0.0251531296552956 0.0703311771122381 0.0306390422101719 0.174908381762512 0.213593285716533 0.032586007394822 0.0496525455503905
0.104421523168776 0.0743767684036212 0.0521746382404733 0.140757864660684 0.115419851845128 0.140960324808322 0.186467389383121 0.0937168563184305 0.0434338471249087 0.0482709360465358
0.0240992120085248 0.147523151688106 0.172309631196297 0.0599704112501818 0.0966945929789177 0.140352112862334 0.134782663191445 0.0367802583115505 0.131759670564307 0.0557282959483355
0.0421180527566149 0.0436637349644445 0.109156998923705 0.201023817294276 0.134550800871891 0.136213542083408 0.0685024461146936 0.123556922260157 0.0736982403339683 0.067515444396843
0.0538172189289873 0.0803887691996842 0.0101777686835535 0.178624557835158 0.0958811045933662 0.0556021772780888 0.176506648218715 0.14063413571035 0.0701525963567582 0.138215023195338
0.114594390182337 0.0139188085043461 0.000115872005992764 0.221388981852488 0.0231492624345763 0.196287586415325 0.0356995312731354 0.23832402363966 0.10848215173888 0.0480393919532607
0.103619592646254 0.0955530445079317 0.0802690922164808 0.0658907115807107 0.0244799040136795 0.177722614093605 0.0766572111197957 0.0238880040707704 0.138500799035948 0.213419026714824
0.0425025985885569 0.128767015165792 0.0529209567026481 0.144666774584115 0.153909544624425 0.048150298844081 0.063788548332366 0.0932049792183313 0.160850379704818 0.111238904234866
0.149982994327978 0.0398985236806455 0.0248619953267817 0.0873654683959811 0.0972591788987261 0.103772925973359 0.15725253930776 0.0615463115191971 0.16227236266171 0.115787699907863
0.0193766663424034 0.0828407896455592 0.143095009250987 0.0674790596092709 0.108289376502098 0.056549535196747 0.0186872515997927 0.269625477975024 0.0215175249930289 0.21253930888509
0.22351072523952 0.0387169618169169 0.167765042097018 0.0330461086798713 0.222946111109859 0.00439242277789139 0.0776700241594967 0.0385433356836487 0.161557975944957 0.0318512924908217
0.0339481485752458 0.125797804865297 0.0107390030048116 0.0956254584460039 0.168235164160837 0.165830725475053 0.11533784196925 0.0874182466982146 0.0668208966317115 0.130246710173575
0.0320378701295925 0.0839909291040875 0.176008401360282 0.0836810672411108 0.120197850079411 0.0778463709937436 0.184276197830942 0.156974447942306 0.0653045193549836 0.0196823459635412
0.131675077056204 0.20178808254555 0.0914379126528357 0.028290861520716 0.0312256812194139 0.15044566735414 0.0547033504520584 0.0638476489768086 0.175721071460415 0.0708646467618589
0.143103338894058 0.00629302264352206 0.15788936979528 0.131577906733951 0.0926500122040997 0.0420296446768056 0.112286053908116 0.068629385993043 0.16798185664259 0.0775594085085335
0.0771183402318973 0.0575084070153409 0.107069809993666 0.130756671037084 0.0670417870758055 0.113138851305581 0.0542260503535388 0.0787752233908347 0.265580738769703 0.048784120826548
0.159990868480913 0.0872849727667098 0.183055016357942 0.144861773273451 0.0383363574012152 0.0447596967666288 0.151200355294307 0.117963710367155 0.0407260323278579 0.0318212169638199
0.080534510172123 0.162975641168791 0.0973064209564025 0.051789473060409 0.0576137312709979 0.0552336975342503 0.167853101596657 0.160553397308973 0.0411953088512646 0.124944718080132
0.00676769082469993 0.0961085447935743 0.155924531958146 0.179808243726361 0.0826549095669103 0.0423148697513653 0.166253963530674 0.0877406082081527 0.0511551438423795 0.131271493797737
0.165179452306345 0.0509620990755126 0.131451887168188 0.180119119529964 0.0255681663905107 0.176058554897458 0.0094617233200213 0.117942658602286 0.136357940655539 0.00689839805417491
0.122715599169609 0.0023730229402808 0.143968787181815 0.142666781410609 0.0383294669291468 0.110901008986861 0.0960302675861135 0.101341498654132 0.114910755778623 0.12676281136281
0.174405661569144 0.133171012204947 0.0417096804465531 0.131064573351003 0.100795683198027 0.0360625379814995 0.0512111093746822 0.144994137351465 0.0607357496242 0.125849854898479
0.0268286362046741 0.155773100637378 0.147146349738172 0.0688796994138928 0.0569113293613166 0.0563985916223843 0.158602218966605 0.179006013307901 0.0035040139715962 0.14695004677608
0.0987010880386969 0.109765097992919 0.0445387802776503 0.0123176826057117 0.0729162036637083 0.105492614436314 0.164960281316115 0.142590231413702 0.0877654208907018 0.16095259936448
0.127594132673935 0.116503813228274 0.134804967711728 0.100527704697242 0.0593316292892447 0.0795850729283694 0.0920775904075113 0.132845850464736 0.0870640910374098 0.0696651475615499
0.116217803269502 0.0339085367222668 0.139691266735009 0.144328996021322 0.110311916682761 0.000657625041943341 0.100944700869765 0.0873670862574896 0.142599966629987 0.123972101769954
0.11941323007528 0.0715257278668755 0.0496041111815703 0.122507177961448 0.135844222305699 0.0750678353257459 0.133011169004061 0.0846660719888163 0.102349076761037 0.106011377529467
0.083196367964765 0.181100893041827 0.0843042110860153 0.0644608067528711 0.185808018411175 0.152570076364006 0.0728898432430799 0.0365738199149305 0.0941849678535019 0.0449109953678288
0.0603973860689822 0.0445261467542385 0.231754702724567 0.244664666634299 0.00362191442642425 0.174697857994065 0.174501412952005 0.016205641717124 0.0150105618508285 0.0346197088774665
0.0654744663479036 0.169072470301738 0.135796053599229 0.149786996851132 0.0708953070987811 0.0998021620279145 0.011957932678438 0.0826544305058605 0.0276077322196922 0.186952448369312
0.110340878080934 0.122793192459407 0.148760489843406 0.0660650784432468 0.0662465385568488 0.0325643351384064 0.126367988212658 0.157981210368771 0.10421967818553 0.0646606107107919
0.185034847843118 0.0737916127220062 0.160831473744065 0.101897969031443 0.183107176963286 0.0134478814127363 0.000743261321875236 0.00731423044618955 0.0966662004583015 0.177165346056979
0.135529598372323 0.0829160364565615 0.0905050617765085 0.159783040442989 0.13221410901411 0.0479722356223688 0.0194144736799016 0.0428928217450011 0.117727497215522 0.171045125674715
0.135107839355725 0.0735230708362988 0.0433538135569785 0.0204132714273626 0.161259866226235 0.155064879499009 0.0328670611265154 0.156317647813542 0.0935436072660406 0.128548942892293
0.143124009540117 0.03472425850144 0.0318296247268635 0.136048341784563 0.1803121200876 0.227110686780791 0.0229860693109022 0.119277424221368 0.00762704225299446 0.0969604227933616
0.0840068964448106 0.171083532030979 0.025464950210136 0.168795117403116 0.0939201270078362 0.016941846433082 0.139851274672902 0.00588086501038071 0.157961803480488 0.136093587306269
0.0147586016881912 0.0284554714005718 0.142926315375967 0.0683006181411486 0.0974556942348 0.146225165610602 0.0324383615042405 0.158731694939618 0.154193103936415 0.156514973168447
0.0497220167070944 0.0297482064527492 0.116025114799192 0.189122418705591 0.187653073007975 0.0333502336527376 0.1247607247262 0.0228764308386743 0.132108803618976 0.11463297749081
0.126314719454222 0.104991078635637 0.0947044661599125 0.126731038748889 0.0369240815777354 0.117266533410587 0.0949281270820343 0.128379291597596 0.0830619375171866 0.0866987258161998
0.00524272894377072 0.00424244900005201 0.126020974367482 0.142342532019262 0.127864324637168 0.135608806489441 0.11893151957002 0.131441534153788 0.138162917290005 0.0701422135290103
0.0803280640431688 0.122211019219201 0.156709676651101 0.0199822135861187 0.017268441491739 0.205536201472165 0.0129459475465459 0.102131867496066 0.271178680565354 0.0117078879285412
0.134429866520703 0.0431141598128885 0.0816735727583066 0.165098516376874 0.0471803655521085 0.0464307806689841 0.118817948080395 0.1595416013251 0.0831487520235328 0.120564436881108
0.0138175285299354 0.162670675966567 0.0330471428532885 0.129792991817079 0.181876457276364 0.130578599908645 0.00606209774934463 0.0868907369277691 0.10567030769896 0.149593461272048
0.136007249968244 0.0514468946743349 0.148463761421365 0.0707397008942717 0.0552805836686409 0.1108818239244 0.136937267398274 0.0523856860468053 0.146266497591696 0.0915905344119691
0.17988546077473 0.0680505555875556 0.00876423261085139 0.131925919003482 0.0290815847876909 0.175464130300195 0.109394445356963 0.0891528082915951 0.139286983189705 0.0689938800972309
0.179707616331806 0.069345655801271 0.0700270605648074 0.126017299820517 0.14385169693916 0.0693544414354729 0.168692806838022 0.0942218095404972 0.0767293309592701 0.00205228176917569
0.136800048407597 0.149022236900777 0.0102073423239371 0.0840584499072462 0.147874308717026 0.117897001120337 0.0095672249321145 0.0844835429506751 0.104322450696562 0.155767394043728
0.0995355705335699 0.0806793560165383 0.0817499323787646 0.147903432319468 0.0507053800382951 0.135525202824708 0.140935267567677 0.131390435827001 0.0706657381061334 0.0609096843878446
0.0526489917857857 0.0263765855911562 0.16227912686461 0.112714574146647 0.0319953598289601 0.166367996153682 0.174608769461768 0.0420430426354817 0.160911268390834 0.0700542851410744
0.00945621542523843 0.0985790450063277 0.187996712108707 0.0953890428267407 0.159069220352199 0.0871651319108458 0.0816083143844956 0.0902474377739278 0.0336801136746471 0.15680876653687
0.156662507249119 0.151279797218526 0.125257811840246 0.132576889092141 0.0733998326014133 0.0091386203913338 0.0812021771022036 0.122034103043559 0.0538609026883545 0.0945873587731047
0.0248347805415339 0.143372963312181 0.0800915806412648 0.0333199626092913 0.160536793737935 0.175798036137342 0.172654160741 0.115519272847577 0.0252502716494642 0.0686221777824113
0.102256794160339 0.0896582401031366 0.171702040997545 0.161827376159806 0.0198511069617274 0.13985012388358 0.0115236807987743 0.0772264559820622 0.156122328426328 0.0699818525267022
0.165249997757672 0.207992602154221 0.117007169305775 0.0745190518226981 0.0652587816409268 0.000258899693625395 0.0818186896257216 0.086372064454387 0.0210887815173253 0.180433962027649
0.0674435506690591 0.122333107934969 0.0136187581370293 0.252439177528467 0.0494635827669139 0.200348075802863 0.069272472022748 0.0690783500664205 0.0601163286786966 0.0958865963928336
0.119034549287701 0.140359749345956 0.0118164398076561 0.0402061292802844 0.111793018474575 0.141181541878078 0.0776626710001347 0.119394712014597 0.115350229777507 0.123200959133511
0.0626654429417778 0.0364794624290859 0.0658453189331918 0.0187860264022762 0.155899633140323 0.106318478895932 0.1257629585745 0.191496073499916 0.0407299261231731 0.196016679059824
0.0248667460489628 0.126018401909747 0.153279737139663 0.147447661795052 0.0741953557683971 0.154953942924969 0.0909744573293811 0.0948625138684108 0.0858240247321088 0.0475771584833085
0.0547395560024552 0.146503163147679 0.109871152036955 0.142064304780851 0.0100906142243849 0.125396906817029 0.107749779688062 0.0849619973526289 0.0608747748725114 0.157747751077444
0.0271218659430848 0.128041190983268 0.0042094484905317 0.200552072501811 0.147737025838878 0.131772104169867 0.0676798406332267 0.0683885722250381 0.0295822639785463 0.194915615235748
0.101517555935779 0.0828600274744062 0.0487663872764156 0.187238072898412 0.154799748207263 0.0422441050291848 0.106999544828294 0.0882586615694705 0.146245638102211 0.0410702586785645
0.0427615428834808 0.148305906944173 0.0257323936079782 0.131492674084637 0.206755389786369 0.0717524278660733 0.0468291321962126 0.0292986349324603 0.200884350616805 0.0961875470818115
0.0532721175858849 0.0492409062931324 0.185481811077796 0.142102555554192 0.060300533746098 0.0649957855737912 0.0642180884891042 0.121249606354444 0.213090359113538 0.0460482362120192
0.00914122138175455 0.0775472363759361 0.242157979425457 0.0253786622503433 0.139076205300014 0.176935241440075 0.125013273415253 0.131061238733786 0.0639603383670799 0.00972860331030127
0.240295150845589 0.0564582588396107 0.122398372989614 0.152088430062529 0.0446763287833549 0.0844744997384774 0.0877327840918765 0.105630138390704 0.0408577601301389 0.0653882761281047
0.108235711388802 0.0724011994102843 0.108972884897265 0.130203940991549 0.112798284330258 0.151172705272131 0.0734778133821168 0.147809026019029 0.0427967362387252 0.0521316980698401
0.12281399247514 0.153128413556485 0.176069028387837 0.00395792901945335 0.132612304290647 0.0210136107519943 0.149445907312754 0.0529095763709813 0.0481776104797571 0.139871627354951
0.106047322531263 0.1239778516407 0.00884720405532505 0.215181932149743 0.00261438005723327 0.0157370732815504 0.167898674149885 0.189859818441916 0.00196941860383283 0.167866325088552
0.0783983306878522 0.167340289434643 0.0697628459886666 0.172366087376516 0.136461414557989 0.00490479968386139 0.0412515130860735 0.0541959784710619 0.115742949909 0.159575790804336
0.190929181393876 0.0226517052337411 0.139488314498177 0.177898806867409 0.0827859682632489 0.0768130671041356 0.038256764432814 0.0414513829756015 0.203990772757635 0.0257340364733622
0.105133970387593 0.0844419563783407 0.135565054816777 0.0657270123973226 0.128341113280474 0.0987247516686246 0.0700523510825379 0.125623564375111 0.129570485673756 0.0568197399394629
0.132301394013362 0.0940432480888697 0.0343572832893605 0.086880833924391 0.11641228653448 0.12778067418783 0.0342662670148205 0.106891810629565 0.116775743414886 0.150290458902436
0.167132938003395 0.0349020388647515 0.109673288653518 0.189179775962754 0.0556539606489576 0.0655562287304879 0.0312460101565332 0.179339408242781 0.00576648784904419 0.161549862887777
0.0416816267790027 0.0448731482637625 0.0215733877027353 0.0816165953830208 0.104804170009877 0.0447557629378746 0.239482327385596 0.178612744952049 0.0239906007561103 0.218609635829972
0.0764606949916379 0.148633968386379 0.0141705842555644 0.0253068703000642 0.152049240721598 0.121701894376673 0.0795324007775992 0.117074783546986 0.142310449753402 0.122759112890097
0.151155221147882 0.0779355654971006 0.0881719343325066 0.0288044493072562 0.0321696714735881 0.109570360199606 0.174084463825964 0.0482432883518069 0.119818982060996 0.170046063803295
0.139129502592523 0.0245029696888011 0.0697185999983844 0.0782712607051997 0.174793404569429 0.0688084379605982 0.101325413851384 0.158276009979375 0.162845616984357 0.0223287836699487
0.0510057753240761 0.0342435659776735 0.141601159789132 0.148810318529967 0.157919344780196 0.121170187459272 0.148098788257773 0.0127908608944474 0.04710633985761 0.137253659129853
0.0833185211802554 0.0985999414564103 0.06087045989039 0.153071128359328 0.0516993136428951 0.162748419081644 0.0920317344972791 0.104045027085404 0.094721843611569 0.0988936111948253
0.0434303639320554 0.136461287166652 0.139641561103012 0.00722263946268947 0.0543719602584583 0.00711617853853595 0.204530790878821 0.0680264998466156 0.185921883555383 0.153276835257776
0.0481921021894508 0.0788952109932576 0.170438936767218 0.112391649689714 0.130197459746924 0.0495275911550603 0.0538961496649554 0.149466914488846 0.109328976136729 0.0976650091678444
0.0561015903622294 0.103893590354778 0.113515480130468 0.0803896914448208 0.152952347719647 0.226640850322468 0.085582809104113 0.0035524536021949 0.144416384407838 0.032954802551442
0.0326347560266262 0.106786617174097 0.0905148726072979 0.123526759608845 0.0446396149555038 0.00838728156648584 0.0623891085767534 0.189374796095719 0.199968350453379 0.141777842935294
0.0767622760036645 0.192755810708035 0.0303446311174343 0.101893573719622 0.205862250344512 0.0556900873124132 0.142099342382373 0.16928376605559 0.00825588032358252 0.0170523820327741
0.059494127345034 0.111032209877406 0.199840659546847 0.154026714885449 0.138612035032913 0.0180425650638731 0.00988227359816365 0.045568104006077 0.0602947078099354 0.203206602834302
0.183880663778731 0.144825245939027 0.0650284856779509 0.0453384718686643 0.0391298159834826 0.0186873052842347 0.189282419130083 0.000337621442762986 0.118572219561957 0.194917751333107
0.191936231009842 0.0449216527745869 0.152769880850719 0.0631918287968202 0.122638095069652 0.1110324369574 0.102033874474242 0.0849580233213971 0.0276985231596793 0.0988194535856615
0.145962458044126 0.152900871543957 0.203003500080842 0.0486292592251517 0.150726866854115 0.0859384559572218 0.0352148511969334 0.0261913340704043 0.0882111803097743 0.0632212227174738
0.150739760366948 0.173450305532642 0.176601872168808 0.129789884176172 0.102859944603612 0.0188537172406729 0.0913156056583165 0.112758132619971 0.022741958519229 0.020888819113629
0.104177807705318 0.113439231811531 0.057717105885721 0.0342929950872915 0.0826235194509862 0.134518594586029 0.0621475324368884 0.134738084024679 0.102917061927538 0.173428067084017
0.0627906530240328 0.163221952576269 0.0728205778034538 0.0293490147475991 0.0726490244728787 0.137353779754202 0.0639832433873946 0.142124345105999 0.131364385772951 0.12434302335522
0.123745391414444 0.0567653483325088 0.0912766942483604 0.0765386342073742 0.140177054655901 0.0593254912377504 0.0805179256115754 0.0729147462474482 0.1322150555343 0.166523658510337
0.0938630661257694 0.038995952327149 0.0959479980977623 0.0776439450116127 0.0979124140811343 0.161326150740083 0.149061045752149 0.0451587337662013 0.134622022584399 0.10546867151374
0.12208988038506 0.0801109709633988 0.00326471199375656 0.145442425197292 0.131091400989217 0.1441491618434 0.0708560143735917 0.105093928753998 0.105550893057781 0.0923506124425047
0.079690507713098 0.218621635045045 0.0982237144374172 0.106480698427368 0.0830727412764916 0.0116607482926266 0.0651876130565265 0.194020124763091 0.00516239178105529 0.137879825207281
0.0471299266921719 0.192217216634456 0.00827531590475513 0.105081947912499 0.0553260419351759 0.102167666556709 0.260166988826983 0.0692613999657811 0.135767181346005 0.0246063142254631
0.15058477789392 0.0994224219783744 0.0355813401634346 0.0789738326686699 0.0951058734230446 0.0664878086287492 0.144846941688373 0.113340294894 0.0615514218423882 0.154105286819047
0.0763302621402566 0.187875314865593 0.0290292102147398 0.0557773723140767 0.0345012127023086 0.0664380381263292 0.131649426240795 0.17063432329414 0.194828257800308 0.0529365823014532
0.0766226492901633 0.0501937300186728 0.149049927093779 0.0619299820690496 0.104653897239522 0.151428901528575 0.135498190490324 0.172343465326693 0.0268391133635818 0.0714401435796396
0.0651942354694981 0.149899933656307 0.267929641115027 0.0331452796255137 0.113818527261016 0.110799796533434 0.131488285659853 0.0902429894107496 0.00815082943714698 0.0293304818314549
0.14672445376749 0.0611280695452504 0.0445258940832097 0.124129555883592 0.0827368530537217 0.0479305244756455 0.140523312786123 0.130228253040764 0.11894768162923 0.103125401734974
0.120744825696558 0.0711224458797323 0.0243719380276706 0.0294891106879298 0.238420069693372 0.00423053727872986 0.138762066603363 0.305878333086701 0.0425108150246454 0.0244698580212976
0.124897221343221 0.112415411826767 0.151593579155572 0.079986859360295 0.046781891560429 0.0945417589590363 0.15677863256023 0.0650764266988339 0.10714342942877 0.0607847891068456
0.166407791732076 0.0612349236657145 0.130585175159282 0.0185398815750217 0.104608249775726 0.0264504386555971 0.176456825671115 0.129066428880616 0.117630747130647 0.0690195377542051
0.107405811627747 0.12062164538479 0.0818399288915958 0.14638810653765 0.197376950165058 0.116214259811306 0.094579982246987 0.0111049107492575 0.102591918451532 0.0218764861340772
0.1021050540482 0.0100698103053549 0.196776037458448 0.186128707818657 0.119368734203564 0.134041813831223 0.0698733481098247 0.0343191962874363 0.10622794091244 0.0410893570248532
0.00157313901216617 0.20434422876182 0.163566336072147 0.103455716771782 0.0824540370719269 0.18205194820334 0.0120839505154978 0.0569950575862122 0.0303502350896961 0.163125350915413
0.0750498608930188 0.0791657349969661 0.0453345714095353 0.131228645823318 0.139114097974436 0.0972696953072151 0.141933480507608 0.0806741071893223 0.0948612833158469 0.115368522582733
0.0309404087323648 0.147678487287446 0.135315302768706 0.0564051719470884 0.139646381597299 0.0238026064337289 0.156825492559504 0.129582960081499 0.112927901911614 0.0668752866807505
0.120546521554162 0.118989289650217 0.138962676150305 0.177271527663147 0.192755257421926 0.0463825331458744 0.0975706219662931 0.0294922926020818 0.030850689235929 0.0471785906100645
0.161946936529618 0.168482946831037 0.0196908462365349 0.161281506506598 0.0948380538530623 0.137596155399336 0.0449209839111663 0.0395039600145655 0.163258912943208 0.00847969777487322
0.172224356038258 0.193466237118024 0.00333973314678588 0.07063481266144 0.0136662732647471 0.185623323264441 0.0384553930518807 0.122750668857815 0.0912225477039657 0.108616654892642
0.149552741325463 0.0818149246774688 0.0374385524098476 0.075247927517598 0.0482957879533649 0.104807767295108 0.0765691118223727 0.11467436900606 0.164917667395077 0.14668115059764
0.0236900641390712 0.156634703318856 0.138913675362639 0.173806565814341 0.179242515345135 0.104506691888628 0.0568445354426493 0.10131259421685 0.00548332789690606 0.0595653265749241
0.136182979137276 0.0123285684198203 0.0770636730394864 0.126368804501197 0.125250975551557 0.164510786718206 0.0733672927563292 0.112859598316253 0.0203655966513916 0.151701724908484
0.0550911008087388 0.225611305145977 0.066966278748822 0.0650613175535142 0.0284933640671499 0.136535798179464 0.0953763732455865 0.243545643293609 0.027535233069396 0.0557835858877425
0.0767156458814582 0.165353826938635 0.0804924308591409 0.111110512621633 0.0314687712132849 0.0209891414469207 0.162643747567557 0.123955999638161 0.067494436173251 0.159775487659958
0.145689474079465 0.00516003118994725 0.115058492387523 0.111585858193841 0.0774054175654665 0.0276664267255467 0.168322665321846 0.0508828081548572 0.111633896530801 0.186594929850706
0.147208193566176 0.111442448936422 0.0572571797810906 0.0679719083322666 0.00334551665034353 0.116475805408654 0.11681939180107 0.0697058766787494 0.160710707697256 0.149062971147972
0.201080819334819 0.136595468170538 0.0346172761622962 0.0780039558282442 0.121158955711312 0.176007388175775 0.0107767352317499 0.180879551877264 0.00687901093078496 0.0540008385772169
0.0591753556511503 0.157662791899035 0.0835611988215302 0.0491748884428425 0.130403885386564 0.061647829147158 0.118790312312064 0.123648315869475 0.0527524386533006 0.16318298381688
0.0762910378863184 0.121117613474442 0.0837048976570375 0.125643610776312 0.0585523071390489 0.00087205645563377 0.149411757267919 0.113734534014825 0.145695139005336 0.124977046323128
0.10135062025752 0.0021440689248544 0.126833989876862 0.142388754380343 0.141498479382991 0.0164807500992431 0.116545486185569 0.126267939850995 0.194668705953517 0.0318212050881054
0.0536291565508748 0.063773956206941 0.158936798343576 0.000154036728421678 0.0614789479966489 0.196001955060908 0.0586153050056599 0.177201818011301 0.0958241061790262 0.134383919916643
0.0988137637999747 0.0409225427486752 0.0513311360634529 0.11193444708027 0.122238026809696 0.132849501781826 0.133793588700305 0.136953691194623 0.131136868810607 0.0400264330105704
0.0532491634756202 0.117682062114615 0.143640785997529 0.0882661671998718 0.0213657186788231 0.140020662724537 0.148884150373605 0.119689978145769 0.122879882157394 0.0443214291322359
0.0974196265882155 0.0252665265736707 0.136708876149746 0.122279963844961 0.133956108834226 0.118691362458266 0.130429825372699 0.0690564267059385 0.126155304927791 0.0400359785444868
0.138943254135443 0.136146991659844 0.117599738698414 0.128428710000237 0.00998339865276419 0.114717430816215 0.11231070404077 0.105375285659095 0.0669263023081427 0.0695681840290755
0.182863512628873 0.149683775499085 0.080517958709234 0.110620987069839 0.0127068669790698 0.193711018740544 0.00616457308618426 0.203541780896435 0.0437280874603196 0.016461438930417
0.0684596686878861 0.105321016480237 0.159802637856628 0.0103723872495922 0.183585846659197 0.115510878168063 0.126744674511099 0.127528323567679 0.0454736203436572 0.0572009464759618
