0.04271860561821 0.319522299537129 0.177060539046957 0.161797408348159 0.157080479484925 0.141820667964621
0.1731269289443 0.223090878176096 0.109129599574509 0.204859229494336 0.0743977527067001 0.21539561110406
0.126086659244497 0.315278827695918 0.0388123024536589 0.279721502255916 0.199641147832069 0.0404595605179413
0.0623659138029692 0.187283360079591 0.213308568614946 0.144821928119604 0.206644216248426 0.185576013134464
0.289753858325868 0.194426874369046 0.0886216436029633 0.167641185778934 0.11870294526814 0.140853492655049
0.191970836392546 0.184756312131131 0.137409951369175 0.175150207864923 0.254575098813915 0.0561375934283103
0.300232102759411 0.011686444654326 0.0438076769901475 0.335658824810046 0.121663109923504 0.186951840862565
0.272845118710036 0.0624855403505592 0.165310978003572 0.0801342696518239 0.177108982090486 0.242115111193523
0.188917163997982 0.184507805290367 0.202480888447223 0.268543150063578 0.0280397107356888 0.127511281465161
0.166203552599399 0.180394077609993 0.0623747164890605 0.115859048049074 0.197566193965918 0.277602411286554
0.234794905415823 0.216671853322375 0.174276124560363 0.126011474333609 0.0660667528950837 0.182178889472746
0.0727485069426513 0.148224620362428 0.299283816918269 0.19416170711957 0.0980585393619429 0.187522809295139
0.239076396084825 0.153218763421513 0.190655013884997 0.168775112942096 0.239646263296325 0.00862845037024376
0.164244798940602 0.0418513143457767 0.0625443525539702 0.13482925938055 0.224392800830269 0.372137473948832
0.0882512487771209 0.0970346542162017 0.150541267928707 0.277412908315151 0.101001028483019 0.2857588922798
0.276079739172987 0.170086010815525 0.14344633948061 0.0098411622603199 0.316363121836196 0.0841836264343621
0.266935238278079 0.040549223311544 0.229375549659569 0.0559098034922932 0.178899289837135 0.228330895421381
0.0398950289575208 0.236346328590555 0.193962346200527 0.283958818883892 0.222295934211323 0.0235415431561832
0.203711182059197 0.0795030775354977 0.214226420363279 0.117250861582913 0.21404639152169 0.171262066937423
0.0214214320119704 0.202269269102165 0.208200670606191 0.199954898424317 0.170259022311862 0.197894707543495
0.14107425004754 0.23680396235522 0.224236653194473 0.165096261869263 0.0762884556241599 0.156500416909344
0.0359448406093797 0.207444478700972 0.172173225613356 0.209431094599858 0.261643254828577 0.113363105647856
0.0711414620634555 0.162482594281318 0.238487218407257 0.0921403241018539 0.165218200669796 0.27053020047632
0.0563654180491952 0.230946017295063 0.00927142760303105 0.30224325539734 0.209791475747745 0.191382405907627
0.00126894934234934 0.292255277368096 0.284509012561706 0.203664847197701 0.0414684442272536 0.176833469302895
0.216241066066342 0.0729005417692053 0.20624404950312 0.156070158705859 0.0644886454474009 0.284055538508073
0.254414283693168 0.058799794168822 0.175966348961278 0.15170356365053 0.119393111265069 0.239722898261133
0.208394719587054 0.215533397048398 0.15992571218725 0.114895790859634 0.163840368182437 0.137410012135227
0.0705078272599717 0.120947898892992 0.164810172579449 0.240972808292793 0.219598546920615 0.18316274605418
0.292697813676565 0.283379525426941 0.204736980430464 0.124351848632246 0.0775525915304648 0.017281240303319
0.276947550171951 0.154807151391891 0.128348120701653 0.292776689171943 0.107069322526431 0.0400511660361308
0.348848664894239 0.026538960876537 0.249985936201987 0.0951441087637347 0.0279756527858303 0.251506676477671
0.0500121888786478 0.222483752791689 0.027621361628725 0.439331241919461 0.208940202496915 0.0516112522845624
0.039767622665352 0.297068491957094 0.0148977778083954 0.184230241294779 0.294318618654602 0.169717247619779
0.26116962022821 0.0820110085656972 0.161626110735045 0.168947058496004 0.279375427282678 0.0468707746923658
0.0572114955779113 0.255746806929195 0.211688040379299 0.257356665123268 0.0165715555851171 0.20142543640521
0.091560788282759 0.280002842781733 0.211375282669275 0.138325491835486 0.189973551889901 0.0887620425408452
0.219293811484696 0.200226536888219 0.0451148573991506 0.369031128465992 0.0836539153757089 0.082679750386233
0.214477136842801 0.157136369589835 0.077199617390247 0.141773742496488 0.179558713833534 0.229854419847095
0.27265639845543 0.145788974300945 0.233076161844242 0.0103458515311618 0.0112511761404857 0.326881437727735
0.200605397987969 0.0850232183529509 0.205914148501822 0.083653707805238 0.239949248006097 0.184854279345922
0.12008570267359 0.312943174237118 0.420646628683743 0.0413266748692064 0.052505376946463 0.0524924425898803
0.0660640365884221 0.487677940695312 0.0134462656289016 0.318364477614065 0.103797916103975 0.0106493633693234
0.261982826390756 0.0889405069645842 0.403599885913813 0.0370984678905589 0.0908585809255694 0.117519731914718
0.0495623685091065 0.188069525074788 0.0950530362697623 0.0813879922194774 0.319334428605724 0.266592649321142
0.0723131256526966 0.236965354150534 0.143616065813041 0.237881777420673 0.238333380936529 0.0708902960265264
0.190055918651476 0.048759457121333 0.23309871471469 0.201099767461026 0.185324859861351 0.141661282190124
0.22322779085922 0.15508431050201 0.103981197514757 0.155671213553175 0.037370318085051 0.324665169485787
0.0233567510730905 0.152375974190021 0.312141724967339 0.102153766137463 0.00729544534019356 0.402676338291894
0.114335238545178 0.156035489870428 0.22301422553248 0.234760606739021 0.0367009788933952 0.235153460419497
0.278323480484359 0.0268885813713381 0.189065129254145 0.199974918141611 0.203525563383057 0.102222327365491
0.112281205884706 0.097455270817113 0.201575595377519 0.36057280852679 0.219247726956463 0.00886739243740956
0.255518537953754 0.119821348907233 0.00250421523592257 0.323019199168519 0.280266417244864 0.0188702814897077
0.119340944238803 0.00747994170236559 0.106583078258417 0.270261026032984 0.187665595243715 0.308669414523715
0.101038129527018 0.143143038126551 0.227104947465253 0.0540875586391955 0.305049789794559 0.169576536447423
0.224468414568957 0.252541007116146 0.301073333336076 0.177003494141885 0.04212773116056 0.00278601967637484
0.0786283576796352 0.207023916470491 0.152893930838251 0.0709105034898691 0.224625903845247 0.265917387676507
0.28880311401071 0.0273692988869925 0.152977115037638 0.339167145600527 0.0401819193447463 0.151501407119386
0.34632349946252 0.0263047378858992 0.161707896571395 0.202412426023064 0.0927137641004186 0.170537675956703
0.337050798121857 0.0916003158195871 0.230657980645307 0.195074521136831 0.066087091929863 0.0795292923465544
0.136398939116377 0.314559497421874 0.152483157323648 0.184797659511269 0.0714467929758699 0.140313953650961
0.0752999627772116 0.158165762002411 0.140506021866893 0.292175821571803 0.228548625089144 0.105303806692537
0.158931142372489 0.072676212284579 0.0401096901866573 0.37407338976517 0.0432469280516074 0.310962637339498
0.213259989789543 0.0122976212916319 0.230426236159655 0.196176099102901 0.192050049548095 0.155790004108174
0.224577912251752 0.211839054272338 0.282800337341402 0.0238072063223982 0.218320968980958 0.0386545208311515
0.420362647431883 0.0870505207882143 0.076491112635083 0.108828876178838 0.292429249175087 0.0148375937908945
0.218418984942303 0.060339747771218 0.00629720999279103 0.545981672336306 0.132465048567598 0.036497336389784
0.166195871880619 0.162772951428189 0.0895529673439527 0.254486862053906 0.160870405323508 0.166120941969825
0.199391610107727 0.0403178489614483 0.346121663388504 0.119898835106943 0.236187130624121 0.0580829118112569
0.160653622174594 0.0144666613176648 0.429416232142586 0.059679504237007 0.0945467319901822 0.241237248137966
0.108572474586726 0.256811694758803 0.292607798118278 0.0845237922841529 0.195773381193128 0.0617108590589128
0.184271669723666 0.180343091238094 0.220762863044303 0.0302739916173959 0.191927016176337 0.192421368200204
0.0363782782629958 0.229881811041142 0.128132955901249 0.355236113767689 0.209368276586006 0.0410025644409188
0.239237343952474 0.0283467331925641 0.112895435408321 0.146334611964251 0.272988661049929 0.200197214432461
0.0853945528395809 0.0305570727214195 0.0415902833470065 0.287626897293261 0.317935752999861 0.23689544079887
0.0889110666563099 0.159543407024121 0.283897195169701 0.220243900197606 0.00363211394226107 0.243772317010001
0.0738874113648989 0.392295194326056 0.0581172180801272 0.188349486525954 0.233358562096721 0.0539921276062436
0.0418626243337848 0.189353258814737 0.251279211053348 0.0574945284972657 0.301821590725159 0.158188786575705
0.13660368794131 0.14682190555117 0.140488740175173 0.250604454168877 0.297862914113831 0.0276182980496388
0.223785929139926 0.121727380911111 0.0769343903213582 0.165857092995971 0.232248347527781 0.179446859103852
0.123106110812241 0.424208799868585 0.00715861257701184 0.417221149973244 0.0123059987609032 0.0159993280080155
0.0149260016199383 0.112836489425329 0.325640972402935 0.0427552184088234 0.295036230170457 0.208805087972516
0.278974432754143 0.0751482784633451 0.157694010528454 0.194565861929973 0.273532168145069 0.0200852481790155
0.275522209695258 0.116997199790359 0.24646304422581 0.262149654738814 0.0673292091373746 0.0315386824123845
0.183348964657726 0.222742912013999 0.0883553357273226 0.0754025657177296 0.155256148672508 0.274894073210715
0.190603838760711 0.293212809180282 0.180694196330481 0.0353231643037651 0.280189151262196 0.0199768401625638
0.0989758634376295 0.225511202555709 0.16610260559469 0.248538634475242 0.134855525249831 0.126016168686899
0.0410907614461511 0.389033747855853 0.149334846570368 0.06295003484668 0.0823905360739818 0.275200073206966
0.187777283125614 0.130215246117917 0.292457668235655 0.21610264635453 0.122655994390767 0.0507911617755164
0.179409584052912 0.220140370863974 0.149707525055879 0.0479683793029674 0.349037752062479 0.053736388661788
0.261362351669021 0.101359006808491 0.232902114795253 0.279514059756107 0.024301239116582 0.100561227854545
0.0451370557592439 0.140172063338932 0.131416149984938 0.170997238378753 0.159928711649302 0.352348780888831
0.229761704447248 0.193326728417123 0.156300791482863 0.0649033181729724 0.202795568176052 0.152911889303741
0.165415543363463 0.152565356337645 0.218122888334888 0.0942233437446863 0.146232575100218 0.2234402931191
0.0172481928789065 0.223151267632408 0.156272696674154 0.069088791984722 0.335008165591646 0.199230885238163
0.285874094210519 0.417271248153198 0.159261601525636 0.000972390535167085 0.0522009159272552 0.084419749648224
0.262234157679959 0.211771754410358 0.124979243655501 0.0571529714498593 0.130273731612502 0.213588141191821
0.184361349819582 0.243528943524885 0.128498583079149 0.205286492433461 0.165525173276963 0.0727994578659597
0.122420037539046 0.167939718588199 0.192823022526586 0.141693073927296 0.159271623549168 0.215852523869705
0.028273051648717 0.16525852611751 0.272494800057841 0.24831897539076 0.214786335514226 0.070868311270946
0.0555953994221388 0.125811425123027 0.104351976075933 0.357067247367056 0.0966972838214732 0.260476668190372
0.237614494877558 0.127638202411766 0.0843752898406512 0.227256090361901 0.102976862170317 0.220139060337808
0.0712410752550275 0.147052108115044 0.0412567059775103 0.353797523838629 0.0360411843881676 0.350611402425621
0.0820761808792502 0.178817934647546 0.00663039602274754 0.0248848110364036 0.126939781799036 0.580650895615017
0.230289820085767 0.25971927361428 0.230280161054799 0.0696961112926996 0.0438057086638165 0.166208925288639
0.245469643388663 0.221306665142348 0.0609314227782393 0.3204599378678 0.0635998965662279 0.0882324342567208
0.17604743091824 0.119611147264813 0.180631955516833 0.173385747030479 0.148913575248155 0.201410144021481
0.118319242645135 0.162680243349117 0.266507515633645 0.218215028664216 0.0351351609434758 0.199142808764412
0.190471929597577 0.272268898419178 0.008986318434396 0.185307268622191 0.239905834818349 0.103059750108309
0.0553110690747822 0.253249739041947 0.112041789188871 0.162215967520012 0.2245105018151 0.192670933359287
0.0157015797957908 0.188244965295879 0.265235909783257 0.125567123478654 0.310867225104563 0.0943831965418561
0.161105071509285 0.0958420359106975 0.211631774895556 0.328793104078626 0.00919641258599123 0.193431601019844
0.00418031293263842 0.21659396653638 0.370518681893985 0.0307632359123567 0.278349758270705 0.0995940444539349
0.175787518373863 0.161736255713693 0.0808097300333259 0.253744201566585 0.241332774349363 0.08658951996317
0.209646696123317 0.138971943066157 0.150020065222203 0.122154597261351 0.17223889454069 0.206967803786281
0.169083974148905 0.332877545116687 0.0455013662535086 0.0286071077457509 0.331008665966938 0.0929213407682104
0.00652323548542513 0.158379756474444 0.178553175004456 0.455838562389504 0.184992891502932 0.0157123791432387
0.0690516243473558 0.244149207533615 0.0188641496415267 0.385737425235045 0.212842047837055 0.0693555454054023
0.122032561239082 0.313936002172862 0.172671622870767 0.0779312296046858 0.150849901686126 0.162578682426478
0.000669961225368906 0.161200454131591 0.272546329129245 0.0977542854440289 0.2609866353823 0.206842334687467
0.450919774214716 0.114679793376602 0.0102496218249626 0.338837122112067 0.028538028533551 0.0567756599381018
0.169988670775609 0.266278612041644 0.0976862921887909 0.0872868387071449 0.216792456210022 0.161967130076789
0.241409827665338 0.178490728964086 0.0998183983776557 0.204224040084269 0.103321681302994 0.172735323605657
0.213085402434642 0.129584215318797 0.225667191352863 0.0209315326137502 0.196113522626268 0.21461813565368
0.137482103619709 0.167939617550257 0.206135770204497 0.0603339863652727 0.337631520410911 0.090477001849353
0.14041093453816 0.243258908707096 0.0188544499673475 0.234032339273337 0.313453712595073 0.0499896549189873
0.136615100861469 0.323568085467154 0.0267584934106257 0.231932348405795 0.00685095675637652 0.274275015098579
0.0509419863869996 0.277533202232429 0.196545749061375 0.168160650180569 0.223793950262264 0.0830244618763639
0.0476362267641877 0.16179290891163 0.12275276536893 0.204196216409372 0.44533933070639 0.0182825518394897
0.170816273403572 0.0631992969545689 0.135629593905641 0.23178127820358 0.200803955909697 0.19776960162294
0.256162255830234 0.0553276948683767 0.250692723216521 0.180591426074047 0.0771951257206985 0.180030774290122
0.198515431135233 0.238428953590791 0.214782576893957 0.0698359397380788 0.123646114234946 0.154790984406994
0.184911268789646 0.118732236340825 0.209149277856864 0.134451180422389 0.164619573667676 0.1881364629226
0.340167356649701 0.129217049277661 0.0522302030925991 0.0906191748992411 0.207348924691133 0.180417291389665
0.0644315259382227 0.204380484476099 0.1481789711786 0.0946346288317547 0.226522876805937 0.261851512769386
0.0211491469968083 0.240320426473221 0.275905765203042 0.307746315396602 0.121097113870035 0.0337812320602918
0.031807373456807 0.391441872239932 0.215913758112532 0.18455444014942 0.142094286342597 0.0341882696987116
0.118388012038017 0.24055115638761 0.298585890112589 0.0256949618499003 0.284294677674491 0.0324853019373925
0.186704038083821 0.292285752538418 0.0313053679359935 0.0190224387216107 0.109054375799731 0.361628026920427
0.168714815077915 0.178807168662618 0.0447462163382601 0.306840071262486 0.0441904696970016 0.256701258961719
0.0174711205214577 0.265593791905474 0.102035171823453 0.21854086210043 0.18357361956777 0.212785434081415
0.250835374330066 0.0030089491461586 0.259731748574684 0.169895660870087 0.188343162220004 0.128185104859002
0.00419316375823185 0.248402464511635 0.0454330420132374 0.147376250407338 0.286307051160313 0.268288028149245
0.0321259631528361 0.147970972575038 0.190151252157561 0.122763010256222 0.250891831974221 0.256096969884123
0.161359598554734 0.14401442924742 0.0647591445991697 0.283512170412991 0.154611943425748 0.191742713759938
0.211315915789028 0.0327060330021356 0.321751077806977 0.166232649309113 0.0302652440901095 0.237729080002638
0.262999743332129 0.295448884403856 0.096820204555389 0.0111158184611839 0.0387720434128421 0.2948433058346
0.20346393293533 0.0561305968830179 0.217083846361719 0.17131626946765 0.217451352128971 0.134554002223312
0.0865160805812246 0.0705040141926933 0.137244957731019 0.538661347426872 0.12632664354883 0.0407469565193617
0.0114320262779675 0.104466281825669 0.229048703463753 0.0755754979394315 0.29313090347535 0.286346587017829
0.00207679300303988 0.00799658160814037 0.303572245350402 0.279714725570241 0.161877537453218 0.244762117014959
0.244564225374329 0.151248431178536 0.21974243065804 0.104456620962404 0.15954919672773 0.120439095098961
0.0838837589181418 0.0548945985355455 0.0668889951546373 0.0168705048986948 0.490141143851686 0.287320998641294
0.218968989011656 0.0965251736915478 0.0414722278982818 0.0978541008345213 0.257749383014624 0.287430125549369
0.235312556402267 0.158104654136246 0.109008660690636 0.226652441877821 0.229661565508127 0.041260121384903
0.123820692485479 0.33317210634179 0.270522337419134 0.0408345504058617 0.171981483110358 0.0596688302373772
0.124648015461885 0.0873361023988459 0.223486736428191 0.327664074518755 0.202032515538281 0.0348325556540425
0.0910828250660355 0.231640087764041 0.108289311667171 0.243773786266283 0.06945597823688 0.255758010999589
0.26370605182534 0.112762770294314 0.14203735889636 0.21113463377101 0.105224579905494 0.165134605307482
0.183922533177123 0.0263891075432179 0.0808239857663083 0.206639641864429 0.163010726544078 0.339214005104843
0.181947354710374 0.0398666979118823 0.226978016824369 0.0751740628913094 0.223347776858441 0.252686090803624
0.0982969752522655 0.0108369946082176 0.257418254990206 0.349186919729423 0.24820359120595 0.0360572642139383
0.143576719804981 0.237639622712303 0.192870703902932 0.103126822950508 0.0691665681191814 0.253619562510094
0.208241419260299 0.164275543932572 0.146041004608789 0.250660892787338 0.130470545454462 0.10031059395654
0.289777506784483 0.224293633434111 0.0635683721424659 0.0758928608179686 0.142326417310667 0.204141209510305
0.13495017715418 0.20426933362171 0.247448627053616 0.104138782283948 0.116136282507047 0.193056797379498
0.261967646924517 0.0415176534889971 0.267443392946522 0.0573690225493974 0.0809373875806768 0.29076489650989
0.279610329725916 0.133563772525248 0.100872138952157 0.168227672776196 0.0440729848879997 0.273653101132483
0.235794116800757 0.046681137883356 0.194806784619865 0.176202822481857 0.0499403361586687 0.296574802055496
0.240006290164812 0.0238601723901573 0.17416056672518 0.0518243522398938 0.281511973419225 0.228636645060732
0.0699659190846187 0.191393657901189 0.233372159331749 0.235570611768531 0.2213885094533 0.0483091424606126
0.216326833620926 0.209651348439592 0.111452075200093 0.142249874865653 0.123794932667666 0.19652493520607
0.209328311969513 0.123523769028505 0.306842328917688 0.0762798710453814 0.0775548033850362 0.206470915653876
0.132618084485469 0.201095703446416 0.180131369925409 0.055641064010023 0.16357600467974 0.266937773452943
0.0841937876755154 0.265288280521292 0.153105416995874 0.254560988645971 0.234155499955108 0.00869602620624068
0.360630811202528 0.0539010303972719 0.162375228190037 0.105024926802919 0.232252322463853 0.0858156809433905
0.104407626755189 0.259052766295052 0.19073129672347 0.20209203533682 0.0359595804399982 0.207756694449471
0.0287037295630845 0.172564782676384 0.185027573801638 0.183937727796713 0.16548963201947 0.264276554142709
0.472534215402319 0.0822149865843968 0.176328815770004 0.00155293790849163 0.0867124719238904 0.180656572410898
0.0732573301650474 0.13249292136211 0.0446723297892089 0.273839217811789 0.223663620018372 0.252074580853473
0.164312811393287 0.190042667969908 0.172135052961551 0.138467239963739 0.156365345705066 0.178676882006449
0.000365216394482409 0.330735288929183 0.119384926139487 0.312509233213189 0.00816414536689446 0.228841189956763
0.092328465309009 0.309856650021299 0.0936400871092973 0.328717024872641 0.135807125722076 0.0396506469656776
0.26045067953906 0.0286534044038188 0.122552837458362 0.13907997344203 0.270413587794939 0.178849517361791
0.223006772919648 0.10465620476344 0.209275409195473 0.206213729502059 0.114120935125077 0.142726948494303
0.206594027516957 0.396760621703646 0.0239801533552659 0.253666588448709 0.0800621124859906 0.038936496489432
0.211621532185863 0.259774102927317 0.114732583427397 0.0312321199487174 0.214210209381182 0.168429452129524
0.206777833905027 0.12513845757353 0.256175724662643 0.147869250286145 0.244450332514344 0.0195884010583118
0.023104212512066 0.326757172600843 0.0732217781428237 0.0137794594553679 0.073426467442176 0.489710909846724
0.259709702486207 0.110560222752867 0.104199582004657 0.0254800733542204 0.219598388748073 0.280452030653976
0.14426440327935 0.119921030634183 0.136192009166682 0.234893967365075 0.132738994689475 0.231989594865234
0.0329949788029706 0.281425484084425 0.155203605617507 0.119439938664827 0.144600042023763 0.266335950806507
0.0301859379341004 0.0817847445470789 0.352842634330913 0.307482561197082 0.117986038448692 0.109718083542133
0.19083012782586 0.231868178935158 0.145536060583866 0.185845372079449 0.163135790369256 0.0827844702064102
0.176977096315934 0.287189037277132 0.117087730654376 0.287228884374671 0.116898873686361 0.0146183776915263
0.200277932321449 0.289562517306585 0.0124940874969999 0.277655473627345 0.00715979859505093 0.212850190652569
0.189247568750453 0.0748661858316253 0.185588512458559 0.0338854574598888 0.0929546380370256 0.423457637462448
0.301029421651994 0.143647344990957 0.0382257343592224 0.253253281464456 0.097155933621401 0.16668828391197
0.0705429505050108 0.203036056867348 0.187035022565562 0.0920512664733872 0.119872605654646 0.327462097934046
0.0801155949502705 0.299117157208276 0.161996364244993 0.103198033127912 0.11894616081825 0.236626689650298
0.0130175138953757 0.287779213799316 0.14223188034 0.408204468335408 0.13754512535354 0.0112217982763599
0.318153630746238 0.302252159382088 0.0255498105631242 0.055418132098962 0.122534120032009 0.176092147177578
0.248386217626703 0.0118366246382069 0.0908359083684171 0.0916001828452514 0.271305677497272 0.28603538902415
0.247219548636192 0.0256192703347795 0.180026141873302 0.127364465290165 0.257468624271503 0.162301949594058
0.248700770509929 0.218131041892447 0.182124336311886 0.00854826306720683 0.202514507071769 0.139981081146761
0.153810312800815 0.177271142457549 0.168914986542505 0.18222192975711 0.135220322257742 0.182561306184279
0.0851008364231576 0.0313449342075411 0.36333369602893 0.255849851626429 0.0123343347588487 0.252036346955093
0.0368271024818843 0.0370149201330644 0.196743790949336 0.174946925559256 0.276888259663779 0.277579001212681
0.26278888927736 0.285461307754419 0.221243502615737 0.185763216595256 0.00596799129851378 0.0387750924587143
0.175374253165314 0.0280923758982782 0.212931637132325 0.176930819409104 0.272263356896399 0.13440755749858
0.249106383166749 0.09370103751643 0.25219035113736 0.0634415538771641 0.19576399241057 0.145796681891727
0.267043949305474 0.161236873210624 0.108849524533903 0.0774640693246438 0.254863063854957 0.130542519770398
0.250064050135374 0.157588264931843 0.0398956338393009 0.0603114007184552 0.253812798354897 0.23832785202013
0.18929388236788 0.096682059722439 0.160907468566127 0.115374548033308 0.236673746823434 0.201068294486812
0.117021684918112 0.124500626230372 0.171463714856397 0.283590930695395 0.06824832486993 0.235174718429794
0.248798185628388 0.0266001956212678 0.319774961267432 0.185501657038172 0.133718289948514 0.0856067104962277
0.0038568467190006 0.224296641875335 0.354561736831844 0.110153539123354 0.247925004597962 0.0592062308525037
0.263227998169748 0.110675682010642 0.257498752451527 0.351972633717082 0.0113548407773461 0.00527009287365489
0.219039514877125 0.268908378218455 0.00480275608914358 0.139540513859437 0.14344503648656 0.22426380046928
0.0626909158790762 0.0580086615913079 0.200598395042519 0.23610346107507 0.243802144112582 0.198796422299445
0.0397930136866163 0.117597499687866 0.193217001413203 0.280086333076879 0.148810393359517 0.220495758775919
0.196240933208916 0.139853964894069 0.357280556551849 0.0261602186462975 0.272072785005627 0.00839154169324261
0.184392619936064 0.210082615071456 0.0632592749228034 0.216783082706269 0.0857631615140295 0.239719245849378
0.0177355421970116 0.235822546153578 0.1329050093328 0.144402211458631 0.240435844667754 0.228698846190225
0.153725772660673 0.163339722533227 0.108370901710737 0.229619387599771 0.236680942553762 0.10826327294183
0.219105162066205 0.218794728704302 0.23533130587705 0.102257215094016 0.115947504761981 0.108564083496447
0.0544536836948966 0.198149537734845 0.227835774384062 0.189723386046166 0.0910149120326552 0.238822706107376
0.171406032466638 0.206046210669388 0.359971939147479 0.017392923531226 0.0263760872255766 0.218806806959692
0.131243202873136 0.153155626032223 0.134367015457503 0.131259720379503 0.149509505883745 0.300464929373889
0.0680008633679788 0.23680428211669 0.186563811128409 0.186518438055979 0.231476181448248 0.0906364238826944
0.101977253595941 0.206559105435802 0.362512096811382 0.185848871905664 0.0595339428600288 0.0835687293911816
0.22640991258563 0.110283857719053 0.0281002375689814 0.308407120719961 0.302128526040959 0.0246703453654163
0.337194392124168 0.075689895512064 0.215658425939813 0.00211972368509009 0.132782095651114 0.236555467087751
0.0833556804429208 0.130084419373774 0.211910947539972 0.241136785747502 0.135931771786318 0.197580395109512
0.219063409661372 0.239252044157659 0.0573523983667919 0.226971252293352 0.0597723433304767 0.197588552190349
0.0665398648013668 0.258386626437784 0.18415034264924 0.128790041389619 0.273798162123231 0.0883349625987585
0.0160812422714331 0.19921889816082 0.334665171129073 0.167117897406409 0.0284801921985951 0.25443659883367
0.107299542120349 0.170469640414092 0.165273798863156 0.212388590913417 0.153079005596131 0.191489422092856
0.230784787343629 0.370946872600706 0.0190157455627064 0.0907323988689573 0.113306658764583 0.175213536859419
0.118187114146836 0.195474515664497 0.12184323303817 0.251701509904444 0.255262964630116 0.0575306626159368
0.264333588101983 0.160499877156904 0.251147007786391 0.0789744382289614 0.1348722229545 0.110172865771261
0.0797921758496626 0.225668980770398 0.203054831200554 0.2281732312317 0.171824213767651 0.0914865671800346
0.0315940603479492 0.241926852286314 0.200901997094828 0.305310231148382 0.0206144375198396 0.199652421602687
0.149459581096575 0.186148988893007 0.0982988672464155 0.125405758740391 0.228494789674811 0.212192014348801
0.443669868714013 0.0781504821752508 0.0904084963527564 0.12612125314893 0.224867839924003 0.0367820596850463
0.0297613770123863 0.3749463633529 0.156351510424846 0.0245190695029633 0.186112847804093 0.228308831902812
0.0617868796367315 0.0219751309787339 0.140886354354902 0.353582165851994 0.318026366300618 0.10374310287702
0.0937510150045221 0.047119739805959 0.34092280074886 0.263438821495532 0.0510754643032034 0.203692158641923
0.0782063238571407 0.227235010065495 0.252943859440401 0.00368140304854346 0.210661984943698 0.227271418644723
0.230524128953505 0.380470268290964 0.0086721957938435 0.0169468910705352 0.342505445241405 0.0208810706497477
0.250670836494775 0.240950973549832 0.183662188562929 0.0469734360815351 0.257720898465111 0.0200216668458181
0.248204132093839 0.106557842000333 0.22424532546792 0.257626859827855 0.00273873675034731 0.160627103859706
0.205144322469521 0.0598111146360189 0.110128403884114 0.0962209640721391 0.332561563396514 0.196133631541693
0.133576616273604 0.0585637911430952 0.164419907287416 0.0257465090573748 0.284377634720283 0.333315541518227
0.250025038950185 0.140953928445149 0.100678961669058 0.0974876072399571 0.24288308093574 0.167971382759911
0.0794747463436606 0.269415268759765 0.285439212063045 0.175451391557491 0.180302009801812 0.00991737147422601
0.123339762141403 0.234049557295492 0.122765230083598 0.19192811260746 0.300349610650594 0.0275677272214527
0.278208772665866 0.1519927951708 0.275188477754986 0.0513074214934519 0.101901624476616 0.141400908438281
0.347502650189867 0.0574651219042329 0.107674392777938 0.0882403875397058 0.26731377631488 0.131803671273377
0.135974476617774 0.129220365640477 0.182375018762642 0.120425946048192 0.260687321792126 0.171316871138789
0.0906391153469882 0.12062459801958 0.312256149335074 0.246522016488428 0.224249278065453 0.00570884274447717
0.257578256869226 0.173604605469292 0.283275850510292 0.0218816037745472 0.195605805883905 0.0680538774927386
0.05974892555724 0.206201309132407 0.308499391462974 0.256990190562278 0.0911587782797018 0.0774014050053993
0.0889719533337625 0.220310930863553 0.249673608082535 0.238135229968925 0.17899799942857 0.0239102783226551
0.137885804748802 0.195204893970809 0.221504276807661 0.23620041305339 0.203931956944992 0.00527265447434572
0.466255346102435 0.426585523325245 0.0717202601295449 0.0158397672790948 0.000629067675841141 0.0189700354878391
0.209454821188748 0.0488765523347917 0.126786349515616 0.211511404269725 0.130440045751283 0.272930826939836
0.120879364014952 0.0195492259212936 0.155874827200119 0.326040048412188 0.183879901681504 0.193776632769944
0.0825560771782468 0.0653203469754756 0.00583353963381932 0.348452918520437 0.341173722745573 0.156663394946449
0.176859715382438 0.21289244923825 0.0873111664706304 0.0721710610961801 0.0975650975705186 0.353200510241983
0.344013459874133 0.0292607282206233 0.0938024959024824 0.250867534656034 0.0151426104617084 0.266913170885019
0.0681278633402235 0.277194295248382 0.152309263348304 0.194515482464395 0.271894358336164 0.0359587372625309
0.0785034105880365 0.0939749652905781 0.053294975247969 0.251754417091243 0.270908911342602 0.251563320439572
0.149260053645475 0.228882785637934 0.131264345836413 0.0644669490040113 0.231289071531855 0.194836794344312
0.000225268424203161 0.259579894948 0.0877221367458606 0.221030488190442 0.222371214481741 0.209070997209753
0.0705135331879536 0.217275506084264 0.192368880759264 0.234764409055095 0.182367470549416 0.102710200364007
0.209944393584388 0.170374565399064 0.195525321883089 0.0375326026687737 0.200480421267844 0.186142695196841
0.393491399628417 0.107564076735362 0.228282192422695 0.044645619317871 0.0680496934941309 0.157967018401524
0.191743602927948 0.0470973710383493 0.229095541267904 0.267998923992838 0.127370311914925 0.136694248858037
0.00412561188679894 0.56490272950039 0.161722491684855 0.0393102023441667 0.0221467205463996 0.207792244037389
0.244208403598847 0.222869613342616 0.0156385985907172 0.216750811911208 0.0564233975456414 0.24410917501097
0.244366257155477 0.166066011799891 0.13912414864155 0.234841674023777 0.144024008345852 0.0715779000334523
0.0147523629557379 0.251523059753438 0.338320609637855 0.250777697241569 0.117888653390209 0.0267376170211908
0.250349421922087 0.059242256805365 0.205230219658231 0.12293675460511 0.242903580316677 0.11933776669253
0.213490730142695 0.0629489236331417 0.189032490733963 0.173243274770887 0.10231105391864 0.258973526800673
0.231027675892711 0.0812548832910123 0.259004491372066 0.0286939837252104 0.235625652707339 0.164393313011662
0.138519032681719 0.144838151483919 0.219146702005406 0.10156334541726 0.184103013218308 0.211829755193389
0.192182379752858 0.12221399774588 0.12274791847192 0.152478094641934 0.23070638708499 0.179671222302419
0.0137856845393305 0.150753417671522 0.309354835316884 0.0669912647566372 0.189995891412458 0.269118906303169
0.0181025718982527 0.0700766923116135 0.0727635848145656 0.038776547775648 0.404750224438945 0.395530378760975
0.0295201717601535 0.299834177738435 0.0874885251541178 0.245360934697253 0.174044480828485 0.163751709821556
0.0910909330046797 0.163205945345239 0.255139248152845 0.17565254190045 0.130348204804027 0.18456312679276
0.329461351208689 0.0993405734848484 0.179365677983746 0.262237518961806 0.0678549308546691 0.0617399475062426
0.0532235032921787 0.116719120075183 0.238173813057917 0.186917059052984 0.324519213126387 0.08044729139535
0.372101787090293 0.00972686161274261 0.376661850099688 0.117301337567473 0.0311651044692385 0.0930430591605653
0.00723869400860673 0.283552993885922 0.109727603498337 0.102743276328873 0.348392276289633 0.148345155988628
0.0908417329419839 0.0625324012161207 0.240749959704024 0.285133908235261 0.0878976206272467 0.232844377275363
0.167054630546424 0.0155357748337548 0.191476781068048 0.2914656647907 0.25595180592127 0.0785153428398025
0.110600752809953 0.243760022426476 0.0198599165793577 0.142556790695644 0.25501514786068 0.228207369627889
0.133879199744001 0.194648081578073 0.133668983945281 0.225914582710927 0.169191948889465 0.142697203132254
0.263721664568682 0.140009368678116 0.0686893403034242 0.260880837138413 0.253535495731867 0.0131632935794971
0.0436372038120356 0.30470773139654 0.169636566629627 0.213794315844614 0.132716913135231 0.135507269181953
0.237557504408526 0.265213203306859 0.113447638718826 0.140154140043806 0.24326834992754 0.000359163594442955
0.131987810570761 0.0399164020195433 0.300016717078192 0.174904892093957 0.0914687076776585 0.261705470559888
0.25205085410789 0.15231975088103 0.0297919651733083 0.231300656893591 0.326709856092627 0.00782691685155338
0.00534560660302164 0.384567379925896 0.00125553602232179 0.28988303128612 0.174207517030277 0.144740929132364
0.160881941585282 0.224006732418918 0.099938883344489 0.243250008814999 0.258028305279919 0.0138941285563921
0.0555100014290631 0.0786916871420748 0.0838928879945432 0.156474475272661 0.380262830352526 0.245168117809132
0.232847171825698 0.101256398176876 0.213982547365368 0.106594179329797 0.145350397985219 0.199969305317041
0.0367541284171998 0.00266191449977584 0.287325964424435 0.30709919408768 0.276497347882479 0.0896614506884303
0.236841580634127 0.203699693107924 0.192955186902907 0.223490255203875 0.137389597799533 0.00562368635163357
0.208121304120219 0.0466238850516538 0.145561964244797 0.240777420273951 0.142807612152475 0.216107814156904
0.135927691822881 0.302987732709301 0.193654237905141 0.0299076513008329 0.136140734254086 0.201381952007759
0.149156486693095 0.232691885665933 0.108105521987379 0.370011760235059 0.124388062052909 0.015646283365625
0.189772628874246 0.143050465448733 0.207037065261124 0.127700370108086 0.215145014813739 0.117294455494073
0.222730642305694 0.201161055542542 0.11502793686442 0.149756044156869 0.135090546037835 0.17623377509264
0.101088211040685 0.15803050566377 0.517270052777412 0.0739304840215979 0.127348000482315 0.0223327460142203
0.121568872372292 0.309460094713223 0.208869008313547 0.0318599280509262 0.124339624492503 0.203902472057509
0.032783032666757 0.139742383982784 0.0666048921734182 0.260610811837317 0.235692496694166 0.264566382645559
0.155946694361517 0.206199668904624 0.186219088784125 0.0844114656084669 0.117726934895572 0.249496147445695
0.249117607502012 0.102191014657684 0.223461637435271 0.276201539135671 0.0585151770768233 0.0905130241925372
0.28021228801414 0.140087245423714 0.11680912567419 0.201823158906895 0.158434965891101 0.102633216089961
0.175689270491225 0.077755012509177 0.280126072554791 0.0619141001158005 0.214227533493945 0.190288010835061
0.155921849014174 0.251293569539165 0.151116910313036 0.273764828171875 0.153339370996985 0.0145634719647642
0.27501935525806 0.0670510825966877 0.0971781377115435 0.236848882830425 0.0653455631411999 0.258556978462083
0.234313361716814 0.165164157301818 0.233161579137518 0.213738378351471 0.047848665831505 0.105773857660874
0.236427735784643 0.221515020195732 0.181027428702291 0.217885392235912 0.00389667498899605 0.139247748092426
0.217789215101145 0.0821720750898192 0.229338884532739 0.0583706714590115 0.24413610075572 0.168193053061565
0.148257137953761 0.0385404906812312 0.200532586356506 0.213226372842297 0.208032798867607 0.191410613298597
0.2970588849039 0.33278394585223 0.0289735626789437 0.10424860888879 0.208815142882851 0.0281198547932853
0.45549640679632 0.0204702745708294 0.040780985032692 0.27244111082698 0.146018072682907 0.0647931500902716
0.229393573176438 0.128821838012809 0.0557839505863224 0.117323572786295 0.131863189648425 0.336813875789711
0.153549102062761 0.368483542994881 0.0210123203964626 0.0680194580704785 0.00850272282520633 0.380432853650211
0.128551932968607 0.0325834290719299 0.162153331972066 0.250149612569145 0.241175116224457 0.185386577193794
0.180062788324474 0.277039565306875 0.150755587438686 0.0294440648094429 0.269919927517119 0.0927780666034038
0.284232539661638 0.176685649096964 0.280426474583211 0.0824288345840366 0.0894736225165267 0.086752879557624
0.335751751326115 0.0396731804264194 0.155292716082319 0.178732742449677 0.13237498222665 0.158174627488819
0.228199259940296 0.0255224814462996 0.0827463190292944 0.174316322853333 0.304794637137579 0.184420979593198
0.111392165009531 0.133524643856207 0.232148601478863 0.237109133875936 0.136340281701187 0.149485174078277
0.129580635933752 0.245285335462579 0.152787965587231 0.139678563013059 0.165217578630183 0.167449921373195
0.235323331979895 0.0455840349160927 0.151886150813939 0.17390852334422 0.270159159541669 0.123138799404185
0.0146945996556198 0.222973708274104 0.240686103364229 0.24635199648442 0.224199257024081 0.0510943351975464
0.117799267588924 0.0219275081726889 0.283686918112866 0.204940018550564 0.16842524632259 0.203221041252367
0.310649554258183 0.0400745629774669 0.180104932472688 0.00852129662334316 0.246859421912849 0.21379023175547
0.224395915969359 0.256717827645032 0.196158589938086 0.0383946757671685 0.214238538563689 0.0700944521166656
0.450830129206087 0.271801268788031 0.164347744655538 0.00885419383426327 0.100033594017139 0.00413306949894194
0.205318052373402 0.218552735916085 0.226547340518623 0.0508814109285266 0.119470183069676 0.179230277193687
0.146248502465235 0.330806096902473 0.101562725401869 0.0168674952383408 0.0877751285834562 0.316740051408626
0.240424843155692 0.0225706891589039 0.291827960892461 0.0754233575490281 0.109424312040736 0.26032883720318
0.0772229231267435 0.204202567647218 0.218824293394555 0.102422345490101 0.239810794145303 0.15751707619608
0.0936611864699444 0.151226815658223 0.302196073297223 0.089206105728311 0.174418880589048 0.189290938257251
0.209412977687577 0.0402784736445817 0.406625628412249 0.172025963190382 0.103749009522056 0.0679079475431548
0.271541017094174 0.249613664299754 0.239535828598078 0.0346846752057598 0.145278658400713 0.0593461564015207
0.216212228218944 0.286906664911485 0.175378139633682 0.0872579747680426 0.20443551439367 0.0298094780741766
0.0510976391244568 0.217128763372862 0.181823139166598 0.225134259362881 0.187697983546809 0.137118215426393
0.101423011319894 0.28942385664012 0.288787329100919 0.0527248160495013 0.0583774821007127 0.209263504788854
0.105379048597568 0.0369737076981087 0.157817533789995 0.15972744707919 0.208831339238781 0.331270923596357
0.273534853264723 0.244942048089367 0.215819122108034 0.0644200281176684 0.0929516541662697 0.108332294253938
0.241177267553462 0.210992992162013 0.0882593036071466 0.130418645963777 0.00827766674378208 0.32087412396982
0.31557301328188 0.113688435149853 0.252413414389054 0.215475593899914 0.0353227202602504 0.067526823019049
0.256510097225877 0.329576246966521 0.00519657152349961 0.00893679043864313 0.164963196807399 0.23481709703806
0.266378033718184 0.272747110460439 0.2020684657078 0.0236448607416701 0.0758389441197321 0.159322585252174
0.202595299838358 0.179480377859434 0.104444060351249 0.135884573751386 0.253993427633814 0.12360226056576
0.170894629768061 0.188326049359832 0.174684735243231 0.164688850472158 0.113052316789832 0.188353418366886
0.13231950335489 0.194571704066157 0.273257712464225 0.131231786692258 0.24043965351729 0.0281796399051796
0.230014094457059 0.337082021218707 0.0113246091581582 0.225785777418822 0.104565667540574 0.0912278302066795
