0.0598017063970697 0.235310264811151 0.175121593506615 0.00793663963989385 0.334821154636863 0.187008641008408
0.26335133927043 0.190179758053761 0.0537372579429056 0.150867825547537 0.23824947627428 0.103614342911086
0.0695047831917665 0.211369507392595 0.246306732777194 0.0990190170504217 0.000322217635602811 0.37347774195242
0.141396273230313 0.321666795375079 0.208441053121524 0.272664727305472 0.0225661476766687 0.0332650032909429
0.217710369687022 0.104802622012235 0.280146787867434 0.190560023579017 0.184493535142305 0.0222866617119877
0.0981284655927901 0.268957986804213 0.233353773196749 0.0577964011795151 0.0709589002364181 0.270804472990315
0.0177186237542015 0.315644987790756 0.11986304927537 0.255893039485602 0.211998278535624 0.0788820211584481
0.14292448617563 0.285216021484704 0.137141105928602 0.113401588891044 0.0909687660133733 0.230348031506646
0.0202019441441929 0.0271718505774536 0.0737829181161012 0.161047758382264 0.403754367936485 0.314041160843504
0.0402399602114492 0.0457177551665866 0.23894750499371 0.311575798297011 0.065335598646667 0.298183382684576
0.0245704230577557 0.274469470629283 0.0663799726026548 0.154108578031641 0.18905747454293 0.291414081135735
0.266525930310475 0.322823152899516 0.00510380621160811 0.0744086291031469 0.325658413625643 0.00548006784961129
0.100478638489314 0.129501511646505 0.125625700825805 0.112855029556376 0.182641123316905 0.348897996165095
0.204760326426518 0.0319561007617394 0.209620784476957 0.236535540955915 0.232212844453828 0.0849144029250422
0.194873362681465 0.126701528636229 0.165300140971635 0.142755553365595 0.0579857342166524 0.312383680128424
0.13479287433611 0.0180643586240834 0.236607274667818 0.149881095974722 0.27212101439213 0.188533382005136
0.165895232649091 0.055518818961262 0.208447507545958 0.27031889530395 0.171121327873203 0.128698217666536
0.0848024218570671 0.219495902530524 0.36772337655622 0.133698982486342 0.131801052048066 0.0624782645217811
0.191143047256134 0.15374339121813 0.172995064849391 0.180645440552048 0.102947400773458 0.198525655350839
0.115248896076486 0.194191278868657 0.218583019675722 0.137269511659363 0.225909689594986 0.108797604124785
0.013338990262903 0.129944632387528 0.328661032780167 0.0884517934754878 0.0136736454463295 0.425929905647584
0.110590098540905 0.193157600331325 0.222056707492439 0.17334299493 0.137851907678418 0.163000691026912
0.0082690873246937 0.298954153593285 0.118790187426774 0.261588483820155 0.224413921831605 0.0879841660034887
0.179897562720679 0.305077866561776 0.118899447175369 0.161819498493396 0.103876610105923 0.130429014942857
0.180010530121299 0.143836565270525 0.0880435254897365 0.221510580193304 0.196503234970776 0.170095563954359
0.0491564919942905 0.234612601990626 0.000509755742238081 0.246832040998471 0.214909230374802 0.253979878899572
0.237238530483844 0.178228315361533 0.112010488459168 0.194236603834969 0.172215158370033 0.106070903490453
0.20623951477693 0.174027598698618 0.0738711197769356 0.112636613807245 0.192854070006592 0.240371082933679
0.00354905412917579 0.168451555764962 0.234092710572726 0.237225586982606 0.270482813737167 0.0861982788133633
0.0399309196392426 0.0155195652618671 0.124121397684548 0.306817268537137 0.271447172947677 0.242163675929528
0.104291628585403 0.0689060008435799 0.324597928864516 0.0774217753261178 0.313961628652699 0.110821037727684
0.336372984186452 0.0650310250795867 0.309716182444829 0.0477609253590176 0.133815687869429 0.107303195060685
0.232208591695809 0.194951061547752 0.191043837354764 0.173474643347886 0.0353110667968868 0.173010799256903
0.0453945578700432 0.202888566355085 0.204797124528999 0.192127700771179 0.172893617388037 0.181898433086657
0.215789894050409 0.183186150850623 0.21256041056782 0.116234707333016 0.100494131856725 0.171734705341405
0.141786452219933 0.197459741006705 0.0975712597700526 0.20517655641423 0.185886913317846 0.172119077271233
0.178988873547263 0.0935769091572675 0.0968993806476435 0.233308169868589 0.0583623687922407 0.338864297986997
0.239613335456582 0.0816631231123184 0.278006229761431 0.216241883826376 0.110350502942319 0.0741249249009734
0.24402716982996 0.11759114833249 0.191834227236641 0.184982199074549 0.040689830553405 0.220875424972956
0.260057320226577 0.108087169182467 0.0686964807241618 0.133362206979518 0.204860713621231 0.224936109266045
0.224849012209794 0.142041753046181 0.0167106124290963 0.238940425258672 0.168775122188213 0.208683074868043
0.198209931395295 0.097258413972521 0.137286960985143 0.201880824713988 0.193451862876411 0.171912006056642
0.329475487795907 0.0805266347506502 0.0979460461103362 0.10945756724724 0.300019910427029 0.0825743536688369
0.33320159174702 0.129021458918458 0.36776211466683 0.0428714043640513 0.057157882248868 0.0699855480547735
0.195476458759868 0.0472216036260973 0.18659634434803 0.102057397159527 0.167048053060989 0.301600143045489
0.184179272316788 0.226387585701942 0.224708344451507 0.0198600494683862 0.169180158056273 0.175684590005103
0.228394237161548 0.0791022008357197 0.268615291017547 0.0617396567029835 0.201979392441525 0.160169221840676
0.373445217308455 0.314076032700042 0.153079819025551 0.0880500242672715 0.0421135152536448 0.0292353914450359
0.21073847018176 0.0928894532781399 0.0681261949521656 0.388428854166498 0.0613746893138674 0.178442338107569
0.0512328653268296 0.363891680879191 0.194994957958526 0.0759757357648191 0.111881278517004 0.20202348155363
0.0984595067469176 0.278163484452264 0.158887038650146 0.211174657990239 0.211364401886209 0.041950910274224
0.128709786553012 0.596668346522852 0.148054276545648 0.0288874697310397 0.0684759160364226 0.029204204611026
0.16673375200573 0.0988888990258523 0.183504607303775 0.140064500768463 0.19719594832076 0.21361229257542
0.275759015155731 0.116463142418767 0.128899123475717 0.0700173837383946 0.2712161823689 0.137645152842491
0.100176194560777 0.40720629592179 0.000702097264185265 0.066098843170857 0.397681340913624 0.0281352281687669
0.183487807479942 0.293907835488264 0.189881137864687 0.171720675701969 0.0519619665903333 0.109040576874804
0.202093689485921 0.212037213022037 0.139825130534401 0.0868641117275932 0.172804660989999 0.186375194240048
0.0389438231286617 0.0168862007340814 0.335842710701353 0.273368890712541 0.308499023649496 0.0264593510738668
0.157805135652255 0.217309556774819 0.172553861246196 0.189581327227156 0.224055115506653 0.0386950035929205
0.0076988761188095 0.0990776814812228 0.346527113051896 0.15034621563578 0.327249369705485 0.0691007440068075
0.209687845402761 0.132709325600593 0.169170013954473 0.270188444715499 0.131421246942064 0.0868231233846105
0.15327225735849 0.0828732486723454 0.108047825299469 0.0975607343527595 0.179619870429811 0.378626063887125
0.260704312858716 0.270137272926138 0.27783074462725 0.0477031993705184 0.114394971959237 0.0292294982581409
0.155234961031267 0.191720089605094 0.215783488941687 0.269940325717363 0.0922364281400274 0.0750847065645617
0.114757075027722 0.16205021368292 0.090932858929177 0.0479897677797706 0.30109880155095 0.28317128302946
0.166821544959333 0.160167234316315 0.105052667141246 0.184302601147299 0.16394192650074 0.219714025935066
0.0168047919118099 0.313693141186888 0.37762721099063 0.0251957488249408 0.0888515356266177 0.177827571459113
0.223342416259013 0.124238573766915 0.00641425201023987 0.0598333211585836 0.236354321201578 0.349817115603672
0.232361148346371 0.0422521479994388 0.181379220517857 0.139651569909916 0.337168094086441 0.0671878191399763
0.189030221800959 0.277190107236856 0.222812409896451 0.154637946122147 0.0357998018608865 0.1205295130827
0.192088598653562 0.162687989708742 0.166808772144439 0.0194416700632552 0.293775601777995 0.165197367652007
0.2496912216878 0.0631647781177278 0.0713787655993832 0.127579710974093 0.22089510101384 0.267290422607156
0.185010506452421 0.159177700962414 0.209365320276151 0.298051061590976 0.053032883628721 0.0953625270893168
0.362753551707624 0.037259399941677 0.126272678496969 0.11681355528649 0.221206803909672 0.135694010657568
0.194223743742027 0.231073040227268 0.231042367877396 0.0315436683879183 0.138194535585757 0.173922644179633
0.0511094043380185 0.266063891093972 0.0748064350130454 0.130054909644031 0.214419225210228 0.263546134700705
0.297943300398069 0.254729010370663 0.0495378124685502 0.194570924911885 0.186031001849137 0.0171879500016956
0.311913406884459 0.0829384632211101 0.279322035150897 0.0760569910744143 0.225283091954679 0.0244860117144403
0.209166972563725 0.0525788385458612 0.281182746302671 0.0786536466725411 0.0759877609184664 0.302430034996735
0.0409106318931207 0.292414145751485 0.317565075688765 0.0158385363753693 0.0989706223560874 0.234300987935173
0.20260344156943 0.0774152264447567 0.228794467605491 0.19096675741549 0.162607496495788 0.137612610469044
0.271317124325332 0.319071051220518 0.0812674182988632 0.0557757024022958 0.0939349924035109 0.178633711349481
0.303808846629221 0.0703008851683398 0.0750541429388418 0.344716705553416 0.0799842289546332 0.126135190755548
0.17649347651839 0.212105355179964 0.14081246089092 0.080716705825968 0.187592100333506 0.202279901251252
0.0757422892726893 0.143733595941362 0.507520870446299 0.0830336566425105 0.151529546041058 0.0384400416560818
0.168606689030078 0.0555180489726 0.289243614726806 0.0121959844713721 0.224718548817683 0.249717113981461
0.0297557248126874 0.188344230071284 0.327934550998355 0.25574928619045 0.194818103242186 0.00339810468503739
0.0800382155808962 0.256322941575282 0.190299237738019 0.153037169807992 0.0520312871797512 0.268271148118059
0.208787402333433 0.0640543235719869 0.0307846859368891 0.210386074642743 0.256633734801104 0.229353778713844
0.0556105600664903 0.0165289715145063 0.19492289913861 0.367223164954251 0.309820833696835 0.0558935706293086
0.27964384535103 0.00361748978470548 0.18825200196395 0.247769526035095 0.0102714917670741 0.270445645098146
0.529643320490637 0.123388673820243 0.109771359118849 0.17265300340114 0.0162643322761758 0.0482793108929551
0.321217003538285 0.0834407837180624 0.119715236978014 0.0817421118365912 0.139453419864433 0.254431444064615
0.0845929180030108 0.135531565038192 0.170632766741061 0.0578607012316731 0.172419249205988 0.378962799780075
0.234521008543434 0.247426897735938 0.149259032260994 0.192160415013433 0.105983101024771 0.0706495454214302
0.127482230848847 0.174689097141199 0.142041482170366 0.168247326620984 0.164166906210296 0.223372957008308
0.168856796622163 0.278086082982744 0.0664718771922106 0.244680475139395 0.0381785223203258 0.203726245743162
0.285461381395152 0.108814164346505 0.290583333171399 0.0440531289081991 0.0444825346555416 0.226605457523204
0.0101609970639481 0.416478669336439 0.12157014778064 0.06887604430396 0.234720044622335 0.148194096892677
0.239751463831101 0.194080724154771 0.149493140059957 0.0306040638507872 0.256802780838318 0.129267827265065
0.263936786807644 0.146683532993663 0.00854301548041453 0.434099247150525 0.0121973662211816 0.134540051346572
0.0707001414753071 0.224127463054751 0.252719113181226 0.179910869969464 0.0288640880791863 0.243678324240065
0.306638011102253 0.256252759869413 0.0707134662214224 0.0977282059314594 0.045794489992449 0.222873066883003
0.344999414337609 0.29582315702728 0.0721450523860341 0.157488388878074 0.0104069626213863 0.119137024749617
0.099302685586912 0.213260505336278 0.106660343362421 0.253370889487888 0.245615331403791 0.0817902448227105
0.23002525695731 0.349204080312141 0.265454806488213 0.00423589150642944 0.090553009144066 0.0605269555918402
0.0663643290780199 0.227330741080462 0.0227201451826839 0.254622160405241 0.0868161677672842 0.342146456486309
0.213065375948705 0.231033690696404 0.21195865789341 0.15293232079163 0.171438157247966 0.0195717974218862
0.161139609079031 0.220446400026798 0.253259525501848 0.122846052582721 0.09693163955767 0.145376773251933
0.182729598986783 0.259464379700773 0.165521394151705 0.175898098669397 0.060609366664677 0.155777161826666
0.229673299970638 0.0599634104274538 0.161938348873873 0.333172160748934 0.0903320403678256 0.124920739611275
0.148183439894548 0.16242134069219 0.120456564890253 0.176104843611148 0.212270053116623 0.180563757795238
0.168032120008133 0.225867344806407 0.118123773040006 0.0693495979978504 0.157177829511939 0.261449334635664
0.0202757996551744 0.132775751149371 0.17986907109435 0.232708972918186 0.278886577013634 0.155483828169285
0.249939745019285 0.219919121582387 0.0656696483931143 0.277517017535333 0.0830977866880879 0.103856680781792
0.0897583852855716 0.217869327153309 0.438315247356331 0.064685232972917 0.00755369606604506 0.181818111165827
0.253329321410936 0.196099196479305 0.178587115230351 0.214978565518638 0.0974832953340908 0.0595225060266791
0.129476553622857 0.164140387768741 0.155217369367187 0.211670293460918 0.151697793908546 0.18779760187175
0.179577155775902 0.163009998939946 0.130455055533244 0.130128933143387 0.331824901694549 0.065003954912972
0.0304510095227584 0.118663154311534 0.261841128987983 0.231594344414126 0.331612918209927 0.025837444553672
0.221847266658467 0.241246680338475 0.107068651838785 0.183963428516477 0.0976562504769723 0.148217722170823
0.179572067866971 0.139360112468488 0.0138198271076989 0.0692440005836754 0.402687373417583 0.195316618555583
0.227873595637231 0.00664952656453335 0.20944151181727 0.123899857073814 0.251592355233091 0.18054315367406
0.0248921121922888 0.115362736055061 0.0280791240956558 0.322117656479138 0.3629983308922 0.146550040285656
0.0603402549128022 0.163456790851433 0.235275993901366 0.214435290698202 0.117562504661904 0.208929164974292
0.0206484118132771 0.256900588346829 0.226452574418296 0.146597645194549 0.154025252516812 0.195375527710237
0.0537511879626059 0.0197689952374471 0.234597453011388 0.243547535769707 0.324294070148956 0.124040757869895
0.158712887499022 0.255400601737649 0.138758185862903 0.133565026157296 0.211157947328925 0.102405351414205
0.251616342132372 0.157624507334817 0.014766974938184 0.0711290743274873 0.252244525330704 0.252618575936435
0.267442394084559 0.0126456677679811 0.277268274555107 0.321683593477827 0.0190200594549881 0.101940010659538
0.0519604954222465 0.00766204690765756 0.225576543750158 0.314883609548296 0.189524582930262 0.210392721441379
0.19653434782821 0.248214150832542 0.274697833038128 0.0861321056438506 0.1548207417479 0.0396008209093692
0.231827378947239 0.175222794448925 0.0488361797084653 0.0454099090222596 0.177026642852983 0.321677095020128
0.174970531372601 0.385982572602583 0.117211434700899 0.226616561795612 0.0125701142444585 0.0826487852838463
0.458822111863265 0.081105037617081 0.00027807836940956 0.00678329056929726 0.0227645101057918 0.430246971475155
0.180361467089337 0.155751776262918 0.129800729490087 0.0159742964401106 0.273828625285522 0.244283105432026
0.154851577087962 0.206504718560307 0.0091865767049449 0.200411342541899 0.190767056580179 0.238278728524709
0.30906686959513 0.247717005732438 0.108300937434092 0.147069675830194 0.139522945671585 0.048322565736561
0.370561070095713 0.25759282195568 0.0813238059263488 0.0505202383460052 0.185163535259868 0.0548385284163854
0.198778305114237 0.153003832055824 0.0160748461458675 0.135369911844611 0.132624742579103 0.364148362260357
0.157893247080409 0.236494268775468 0.229703921216298 0.108254594954445 0.215953094238627 0.0517008737347524
0.171827812457869 0.0438036458715093 0.0303678874874763 0.325062043772437 0.326095024674663 0.102843585736046
0.29919242741649 0.240812369172947 0.0506144029897696 0.0608019215629111 0.347734645128315 0.00084423372956792
0.115475611724251 0.102461576203786 0.128338941192503 0.277739749926127 0.243312586849404 0.13267153410393
0.026734980545025 0.190309469054598 0.236085121068176 0.160373929818144 0.260146648845846 0.126349850668211
0.360305446883336 0.144898608422783 0.134445042292382 0.20783791878948 0.0201208053721185 0.1323921782399
0.140471372516793 0.155587365978388 0.129120517169837 0.270091213891048 0.248445905520907 0.0562836249230264
0.0356293690420618 0.230024718590377 0.259997731728608 0.260283262214261 0.0898937149896642 0.124171203435028
0.0913743633936671 0.27901056715805 0.0260813762981948 0.119604679903702 0.198141677511286 0.2857873357351
0.00855709121319574 0.286391115792486 0.277917457913573 0.0417228035246722 0.278100512775532 0.107311018780541
0.135993742741417 0.192235167522534 0.280763945923916 0.0687555129958109 0.283908929314407 0.0383427015019144
0.0860534126823624 0.030743872598839 0.212755557189223 0.305178053863194 0.161835603756219 0.203433499910162
0.200419979076063 0.0587392798078197 0.207012134783093 0.193497103097668 0.0518427302033321 0.288488773032025
0.226373912490192 0.245905335747431 0.0897026673921782 0.138355314793347 0.0051022694956954 0.294560500081157
0.0980852769756774 0.0041722174608051 0.119776898217736 0.277220667091176 0.260628157960548 0.240116782294057
0.083297116328507 0.0754727668615574 0.242244641641825 0.310945377565849 0.150807773778926 0.137232323823336
0.0404496928125751 0.0514881011663458 0.13820454489099 0.222479358681122 0.135198707358244 0.412179595090722
0.263249690372871 0.0109928585202634 0.11338767490851 0.0639181380717349 0.20380684877729 0.34464478934933
0.358158910465547 0.106256530452561 0.340227867562251 0.0585795723157928 0.108250054543843 0.0285270646600048
0.0787128159783745 0.160532822355046 0.238953074408561 0.207479733349509 0.187918352661753 0.126403201246756
0.402754746816855 0.0100844051671666 0.174331871875351 0.298784099892788 0.0651869956117462 0.0488578806360931
0.583679735095548 0.189029033586232 0.0419712486078532 0.104433504537467 0.0548563294948906 0.0260301486780094
0.219719794991458 0.037775324303529 0.141759245682691 0.0310424142354837 0.290073147212777 0.279630073574061
0.140046417746509 0.13301647459611 0.205775571530148 0.250394379108531 0.0173075932961622 0.25345956372254
0.299248221037154 0.147521254193933 0.22289651194851 0.147897997944026 0.177147195334062 0.00528881954231492
0.0707420684175971 0.214533729335356 0.146498448203533 0.186602859202826 0.22622685557455 0.155396039266137
0.196699783697732 0.127665795134671 0.316184910387742 0.153653679729256 0.200342219318453 0.0054536117321457
0.0695253658516078 0.188267068114714 0.0708127506792741 0.143964035943405 0.264058033523288 0.263372745887711
0.110710893521111 0.156991960518272 0.24019694652473 0.223716366268877 0.0444904756544612 0.22389335751255
0.171763891143621 0.179590907305121 0.257862923254947 0.276935743538051 0.0553456088677058 0.0585009258905539
0.0873450923130606 0.355018064647693 0.019232627066441 0.333722026148151 0.122792229990282 0.0818899598343735
0.0101550658201034 0.221075168314804 0.264009054903306 0.0708315962764589 0.240531144560237 0.19339797012509
0.116093643454299 0.132479159113022 0.133517844887387 0.204576534472148 0.0833271149059405 0.330005703167204
0.0155281793061727 0.0705398901317329 0.118821212344304 0.30601393995559 0.252029263089837 0.237067515172362
0.0627214294740157 0.304516749058285 0.0996927200853881 0.299459404003231 0.0376835651968267 0.195926132182254
0.214599211508856 0.209912695911269 0.182446547477105 0.0314642425484999 0.182074288027954 0.179503014526316
0.151732585227807 0.0416731378364912 0.0773457924479204 0.61844778634627 0.0619386502613669 0.048862047880144
0.0899969765946123 0.0865605935510686 0.292220982557768 0.0555574147075498 0.317074839917157 0.158589192671844
0.0174527637663562 0.0148315620423987 0.261352866054669 0.0205159593067549 0.279693745562962 0.406153103266859
0.0613677601559534 0.15138541420242 0.149438936127339 0.233522289741003 0.0472592926908952 0.357026307082389
0.202529529814617 0.09778848152173 0.0858189193823046 0.20373101792193 0.160316744500038 0.249815306859381
0.000631903950490418 0.314685841070556 0.0800887480157395 0.371695713589048 0.00718516448933482 0.225712628884831
0.183467574855554 0.124270259699382 0.168479701752502 0.101278148642725 0.421900835486726 0.000603479563112012
0.136371040170838 0.0474015033152355 0.0185423510925172 0.0869876887622881 0.401661717193423 0.309035699465699
0.0151969029577515 0.259129890532787 0.187636280934988 0.187337246789959 0.272657273643683 0.0780424051408307
0.257628545761423 0.24953356335328 0.190195114575802 0.0313447570961969 0.104613064408948 0.16668495480435
0.285710682585739 0.193239476130443 0.229428462319444 0.0825044530874373 0.0305370916861036 0.178579834190833
0.312433195264581 0.289800930446775 0.0257191010205875 0.0217115434857278 0.16941543601183 0.180919793770499
0.0522134102696723 0.19884990047357 0.147273987187485 0.0288578806299016 0.255005581026999 0.317799240412372
0.01080309538992 0.171994860827883 0.0420077410168166 0.259748703707428 0.257800604127717 0.257644994930236
0.0985874832321445 0.0282524882997867 0.240820018412021 0.192261986010397 0.223749696559233 0.216328327486418
0.159433577506713 0.170832761768809 0.183546500328378 0.138358601924461 0.18430729651535 0.163521261956289
0.24204388710466 0.217759851740252 0.100486453323862 0.135025847504319 0.171041985628595 0.133641974698312
0.161330760362234 0.107426671232539 0.153464276824482 0.154818489217433 0.144859770627012 0.2781000317363
0.144301854347799 0.32354628188209 0.113723156264217 0.279476259531533 0.0657256136366877 0.0732268343376729
0.342918914306552 0.127808094778841 0.187845849698422 0.0284697421081831 0.101584822285277 0.211372576822725
0.23494452520511 0.168713485827914 0.126991099921666 0.129331340732804 0.101315242285513 0.238704306026993
0.102749884733259 0.356427420528519 0.281318090923033 0.199506375349238 0.00395661918027311 0.0560416092856768
0.0369900558794116 0.141079055216252 0.218166997708502 0.188691760540597 0.0947191137941175 0.320353016861121
0.199803140364996 0.135104597651123 0.19871763349048 0.207180015205725 0.127713612713942 0.131481000573733
0.181555671930224 0.0767895769073515 0.272698984577195 0.188905958383406 0.101568300422965 0.178481507778859
0.140906669123821 0.264249563926234 0.138238511457018 0.280032234302587 0.0715691101853592 0.105003911004981
0.268884049678297 0.0165517434613918 0.260427160305029 0.0203693013592169 0.262410066039985 0.17135767915608
0.156968085657371 0.0494089244315539 0.224854622304044 0.156444990339019 0.206833170655832 0.20549020661218
0.212944207227036 0.0139983862612104 0.264506688702316 0.182593846575538 0.21107056887899 0.114886302354909
0.35782887657793 0.137806231877591 0.0756695099239948 0.111444463864616 0.285646846583206 0.0316040711726622
0.150349175278051 0.0236675529376974 0.18885121033725 0.380563924512482 0.065333761723732 0.191234375210787
0.103696303499361 0.134861889705246 0.383441951633229 0.143727319676288 0.22006035342208 0.0142121820637961
0.238404389440322 0.28814268909521 0.112049786674665 0.0217252966531279 0.196650814788208 0.143027023348466
0.113440366020142 0.198745595488864 0.195640718942648 0.0549313528792863 0.214056894424626 0.223185072244434
0.00822150328308618 0.268770063872538 0.0115709264315074 0.299108172188266 0.120912184738315 0.291417149486288
0.24375337270698 0.102899794223116 0.207575614732804 0.193491901485123 0.249004776069693 0.00327454078228349
0.236301892981466 0.261956806815069 0.112548664832552 0.00480284446424444 0.220486866710111 0.163902924196558
0.332516609614028 0.159449333500168 0.190896849173168 0.0328856107361753 0.0883518840523968 0.195899712924064
0.148978792973134 0.300358785789358 0.0630491848179458 0.158744131030119 0.0409925530798966 0.287876552309546
0.190812259589651 0.221922806171734 0.161325845694826 0.0110456409279168 0.228313124809555 0.186580322806318
0.284345205085473 0.128936764719068 0.112543320827613 0.220179635945958 0.189349985879077 0.0646450875428102
0.224133183120276 0.078300690185372 0.301622294758086 0.0697457104330471 0.00867521273228839 0.317522908770931
0.303211263443336 0.0110831659827241 0.108763995363926 0.261336233843112 0.10958721352671 0.206018127840192
0.20536249880397 0.042119923626873 0.288720320800591 0.208464080021025 0.104228039176388 0.151105137571153
0.0175481934544687 0.0631382764191486 0.187628176124392 0.206680875955459 0.416539886728833 0.108464591317699
0.15781525156662 0.285107166824656 0.15864769942537 0.312385738925805 0.0594993018333759 0.0265448414241731
0.174449558506642 0.0616061961580159 0.132908160289211 0.301284743190514 0.0762704025558515 0.253480939299765
0.218799457999524 0.278087872709031 0.0463281126678202 0.00456546568340605 0.289885906590735 0.162333184349483
0.195721997599372 0.290645417661076 0.0429071606571511 0.133621454781243 0.290911510822238 0.0461924584789214
0.00241512295932657 0.13677428333297 0.269830287947057 0.282078768272025 0.102505931956007 0.206395605532614
0.0378196871813086 0.341764982850591 0.113056432025585 0.188644832818818 0.248581952386414 0.0701321127372835
0.121412710016682 0.237294525474209 0.0807491551815652 0.231125904602501 0.148031705632627 0.181385999092417
0.0622386289143749 0.223606207431445 0.122206132347682 0.311825714322107 0.264173032703654 0.0159502842807369
0.0939988139597249 0.177745290520051 0.0534321009601152 0.221642413783163 0.229052552111223 0.224128828665723
0.0250462269366701 0.285224828488231 0.272159787833837 0.0623857411852063 0.290907678456963 0.0642757370990932
0.15788692818474 0.242736476799208 0.246346256063212 0.0794747038997549 0.0259888831812231 0.247566751871862
0.189295629568813 0.182104630976497 0.196355806861189 0.123433132549728 0.13919484258029 0.169615957463482
0.204502702129011 0.173396070937643 0.173847672419024 0.225346173172555 0.17094989260723 0.0519574887345375
0.050605646028095 0.160821713166383 0.216363479585839 0.153863781347959 0.276130968075452 0.142214411796273
0.0896201740225185 0.293855260985289 0.29726027043921 0.112552490070609 0.0700619925167432 0.13664981196563
0.0806180771778429 0.228721485343441 0.226475840798691 0.163538368298719 0.0909828962675239 0.209663332113782
0.0826782423723096 0.0604621877926546 0.175361706127532 0.0737844168171877 0.25279298736444 0.354920459525876
0.220954889934859 0.131293609443721 0.139189550829434 0.163165120963449 0.221915480289484 0.123481348539052
0.234867100460486 0.199599578052247 0.0137215958627293 0.334942756908838 0.209997855678216 0.006871113037484
0.26597454471952 0.03782860086348 0.14434850675069 0.0308477685189538 0.257306403184646 0.26369417596271
0.225561549190686 0.215839343631927 0.276081701685683 0.0154691309680146 0.0652104671997569 0.201837807323932
0.229729641163575 0.107009715293895 0.228138632204234 0.1278242994822 0.0915317577565919 0.215765954099504
0.060135868339097 0.220294686337725 0.132656242664627 0.0418727933761888 0.384448944048093 0.16059146523427
0.215165607241315 0.198700434286934 0.00302633929141533 0.116178354863905 0.0517263497691481 0.415202914547282
0.182502712441382 0.169783241673698 0.193685003174608 0.142874446827054 0.17113580038266 0.140018795500597
0.238516448299926 0.179649171921394 0.111462606283147 0.22998106910781 0.0472318594491358 0.193158844938587
0.168740892250286 0.186588301657978 0.151504513741608 0.147238666153396 0.1532262566078 0.192701369588932
0.0601530918996606 0.137372350421775 0.0268330014631325 0.482210978418638 0.229420908142326 0.064009669654468
0.148413013701395 0.0280009013536585 0.320029838173366 0.0166436029953918 0.214396823539203 0.272515820236986
0.078157047119101 0.346177603959684 0.0997561209009551 0.344342974005235 0.0475280230295816 0.0840382309854436
0.00537847859228818 0.065052936608736 0.454555655800204 0.00849730629548436 0.0586311623973926 0.407884460305895
0.252494611120776 0.254219465859518 0.126388621824517 0.0314227314215893 0.0408219431296566 0.294652626643944
0.205715546041197 0.13208479457684 0.184162426387057 0.185644221092408 0.00784456141819065 0.284548450484308
0.288459984936528 0.0176197605292975 0.393943047191487 0.17708300509934 0.00844603884429932 0.114448163399048
0.0345014002506415 0.040740404371122 0.1229929238171 0.242167779440534 0.2655647102386 0.294032781882002
0.0683821091308095 0.273428420943807 0.277568408597229 0.0975839644855421 0.196112484183048 0.0869246126595648
0.174816586285467 0.202197804129221 0.0359851620119227 0.248142524402548 0.0407634987874472 0.298094424383394
0.127207540665127 0.180008409020066 0.286745834390029 0.0569248075111885 0.10219230362788 0.246921104785709
0.100586819482437 0.189666342261346 0.187109318505011 0.158654913735646 0.280691584898411 0.0832910211171482
0.179938550794872 0.26496075017579 0.160593884895268 0.11646788075209 0.0914864313393434 0.186552502042637
0.151138303586465 0.0353564810032462 0.254422048976675 0.224242563162795 0.11060430686834 0.224236296402479
0.178270576129677 0.128864286231872 0.214598202625741 0.103210845846749 0.226082508939819 0.148973580226142
0.212432509907065 0.0793533228615415 0.197980126695626 0.164896090199718 0.185165182605347 0.160172767730703
0.205464558854355 0.0805840086463967 0.144036884839079 0.164085396028762 0.309058642587293 0.0967705090441135
0.249297022689623 0.0909098527648222 0.0360032396918937 0.14992859722921 0.196995520428342 0.276865767196109
0.0519899987611691 0.0293592379923553 0.188511009877464 0.362344459034265 0.0589233531757399 0.308871941159006
0.0273107333791533 0.257651598382314 0.228197520733801 0.258842753995072 0.0246552789760121 0.203342114533648
0.257474407816225 0.224208816665286 0.236543935754841 0.0832585591011348 0.048624796201404 0.14988948446111
0.141357169797146 0.149858126973994 0.195428500259352 0.0443603855495585 0.231820433053357 0.237175384366592
0.207187199792798 0.168677498034401 0.102940029871553 0.152398637509759 0.175165781436011 0.193630853355478
0.159680682311795 0.271058169815101 0.092520906542772 0.115218600482072 0.247714333738099 0.113807307110161
0.067108253741145 0.265934369872888 0.267170099725967 0.0368723575377475 0.101770704961361 0.261144214160892
0.00901826528662525 0.226831762412758 0.220592384912872 0.0664159952016536 0.16775934836163 0.309382243824462
0.160355953396389 0.130825290751879 0.246976990561558 0.189477291518068 0.113407357508606 0.158957116263501
0.170873155689308 0.107115453509138 0.010680990373554 0.218754851904418 0.205392685884947 0.287182862638635
0.179504939977853 0.270309374022583 0.104064078538731 0.31012892486944 0.0808256426737515 0.0551670399176412
0.19042069635032 0.135784660059784 0.201226998830818 0.183829566730552 0.141680190611078 0.147057887417448
0.239913869276318 0.224316719458814 0.0146969652845891 0.180781936356552 0.140873583616406 0.199416926007321
0.270701696010079 0.273264021759767 0.0144559186221695 0.13165636056117 0.220644266842665 0.0892777362041498
0.163727695079637 0.236621670659652 0.270813014761951 0.15012269704691 0.127999275105797 0.0507156473460526
0.225001111717895 0.0346606728321864 0.273440760346023 0.111022891492545 0.0794486901301942 0.276425873481157
0.260812816371354 0.166777676770814 0.213943687687734 0.224942410308958 0.0518995203594126 0.0816238885017263
0.000217902268868966 0.110721476729512 0.252109327983903 0.174626048369954 0.283605506691536 0.178719737956226
0.139069009728873 0.0306230754706679 0.254451939067515 0.237995884680503 0.0540602222588363 0.283799868793604
0.0215927806593665 0.0831854203426672 0.284998365316494 0.222109154798042 0.142768691590305 0.245345587293126
0.0365742198612218 0.0018911599967433 0.282607281672428 0.192435823439696 0.477932908157153 0.00855860687275799
0.170481988790677 0.134348570741435 0.169175763361038 0.177254875345037 0.157619660409056 0.191119141352757
0.193119987695064 0.316748764931426 0.0950568691161572 0.189070486307266 0.0118132834395711 0.194190608510516
0.196641544946447 0.196980751428965 0.227090535402009 0.0976395124642199 0.101034521508875 0.180613134249484
0.0687189750518463 0.236012515871641 0.131651131068984 0.232986714694135 0.211966755373405 0.118663907939989
0.0711327566561658 0.238642664027112 0.160064997541405 0.189511023727775 0.108380650667359 0.232267907380183
0.0895595638915794 0.019930811707621 0.0508314690164069 0.284902146958682 0.369179561940734 0.185596446484977
0.309508228464393 0.039573368647474 0.255498376091529 0.192541481622672 0.134187140322206 0.068691404851727
0.0773692920004474 0.386086311159706 0.0548249024329165 0.120159525844475 0.0984536025036119 0.263106366058844
0.0595430984068034 0.312669372460813 0.0963478181438089 0.231365025912371 0.252610223904337 0.0474644611718659
0.111571498540356 0.0188934201326872 0.312451032486006 0.0453000749855487 0.247424566512497 0.264359407342906
0.0826950749119524 0.38835638244134 0.0126956740276034 0.220265754261179 0.0588642438950055 0.237122870462919
0.208279554545059 0.182210761044779 0.0555633582385186 0.189104765967938 0.160930662144796 0.203910898058909
0.268761264339591 0.172518211517353 0.0369535491705269 0.171757190056821 0.0463625136670434 0.303647271248665
0.183528184565637 0.0367094905404004 0.248730799927297 0.213047927024199 0.0405919274391959 0.277391670503271
0.180611979947439 0.139781477569792 0.00439160106114798 0.20992845635461 0.203151990791869 0.262134494275141
0.206232820304165 0.160285276079868 0.220405964499313 0.174715421435407 0.0378911407808612 0.200469376900386
0.181894199091696 0.301886842908396 0.110768763715468 0.110790466662745 0.0534163973679354 0.24124333025376
0.00540109081724532 0.364252117180823 0.354249092456353 0.153833490146012 0.0127235999656114 0.109540609433956
0.226132845864624 0.115003063666297 0.0596215236696024 0.387426297767211 0.183110924259809 0.0287053447724558
0.327733906199503 0.00868966376037362 0.0533966525616465 0.248633242661221 0.250211754539719 0.111334780277536
0.169359634711964 0.223971599514059 0.278174882087138 0.189902154732979 0.114396261242767 0.0241954677110928
0.258467900234245 0.0193889418778225 0.086257930980724 0.178940563412663 0.0503423966065881 0.406602266887957
0.177176186078041 0.25024490013562 0.0839924157869164 0.269518379941106 0.125194980014717 0.093873138043599
0.0152314135981816 0.000560371094552229 0.308113408577889 0.267424139518127 0.0614352936702326 0.347235373541017
0.117852168785602 0.147570808651225 0.0407547297410027 0.246768531311507 0.208808722217566 0.238245039293096
0.0337871540486918 0.228657108110266 0.0728252308356157 0.29745471955784 0.0988503594029109 0.268425428044676
0.236291112730598 0.125488997863862 0.257025825260436 0.138663267886317 0.116761603936114 0.125769192322675
0.0410071799334977 0.231422810031862 0.090962565157769 0.240081896553144 0.179356191561036 0.217169356762691
0.144177078948274 0.0293244795384026 0.226269690597176 0.224771619710746 0.200650620651337 0.174806510554064
0.154310460018652 0.407230230920063 0.290596592432946 0.00883341433000044 0.00398153118759012 0.135047771110748
0.153135581733061 0.0699368580326699 0.224400133438509 0.400832040445621 0.0641967514063358 0.0874986349438029
0.123711729369113 0.0695631334553842 0.125813979218511 0.249796342763728 0.167471418425443 0.26364339676782
0.235646372345029 0.231861599727714 0.0271811645007614 0.254233880462051 0.0813326633069492 0.169744319657496
0.140366886640496 0.0545497209953681 0.227498090178309 0.291220363614545 0.0345744830770432 0.25179045549424
0.0241014969944679 0.328119172805226 0.368157458734791 0.163198303722855 0.0440289175149692 0.0723946502276908
0.305341173969219 0.148910475325574 0.230115126722255 0.163933429613535 0.139796628524695 0.0119031658447209
0.253424376540307 0.174019830997923 0.0880427524470431 0.00293550259875763 0.295639756979207 0.185937780436762
0.252729532440785 0.107826406703094 0.14547752224248 0.114540132728942 0.141221264264756 0.238205141619943
0.155281481902629 0.226239476635119 0.187805919172505 0.0606967098508487 0.225536969878138 0.14443944256076
0.0318514430013095 0.252836218774204 0.0427668252521766 0.0998906918490752 0.274483252409368 0.298171568713867
0.25432965015361 0.178900447674592 0.0622026241751961 0.14775256972829 0.240550155947366 0.116264552320945
0.172870546872472 0.158322551273053 0.219806065810025 0.0623519721352626 0.108730482947774 0.277918380961414
0.216722479702061 0.0997680649896282 0.130114975384723 0.276490135354859 0.0099203859118389 0.26698395865689
0.248636732580102 0.229087927044871 0.14476485470962 0.00902072061780259 0.0880290884409511 0.280460676606653
0.0252385322496177 0.302588677095549 0.246550098102762 0.0536091351752113 0.287829682206587 0.0841838751702721
0.266807538828834 0.110865167700919 0.203145247601806 0.227548050781095 0.0862786050114882 0.105355390075858
0.135614318238048 0.247303008446642 0.223813590232654 0.0739481900587316 0.280409353944042 0.0389115390798824
0.140339479060667 0.112361720858098 0.0944156406311877 0.274304397443743 0.179944205348178 0.198634556658127
0.352638914625184 0.0936767207114577 0.274789784081703 0.0396609989132863 0.0905498491118314 0.148683732556538
0.114041678948734 0.122518357789286 0.202880635229436 0.19320373713803 0.181883480765022 0.185472110129492
0.049774508713382 0.252195666222475 0.185236010657598 0.165833542519622 0.0675659534957175 0.279394318391206
0.102338994391496 0.240828408236135 0.136983180239476 0.201053564737112 0.178828560087997 0.139967292307784
0.288046392685927 0.0205396750059298 0.18225360555812 0.0551483006314547 0.133136985182644 0.320875040935925
0.0679800108677717 0.31502595780769 0.0194860146855668 0.0575499860826735 0.102608664443616 0.437349366112682
0.20969417136028 0.0964828098498706 0.264409715511327 0.250967392995874 0.177573618934138 0.000872291348511339
0.322758738427944 0.161363600780702 0.154648021906663 0.0191850470480329 0.315491116330435 0.0265534755062225
0.279970169091979 0.0103476281908444 0.263046975844807 0.134116940332825 0.0869871586731134 0.225531127866431
0.175132261114689 0.076684185422442 0.204480142700438 0.19506624203045 0.0972216249321913 0.25141554379979
0.162784135209755 0.25848120117169 0.178157381218291 0.0916242824011863 0.0783829474823536 0.230570052516723
0.209438315456555 0.245147709513879 0.208279833730957 0.0285300978952363 0.0960662419529488 0.212537801450423
0.101524502988471 0.0218902701247943 0.326006100992757 0.192030251096477 0.0938996085628836 0.264649266234617
0.185485326414183 0.225536315961993 0.156019106475433 0.0604674448337329 0.181148775075708 0.19134303123895
0.137411082051628 0.202867898018635 0.0876669168092711 0.197124514696415 0.190717454088224 0.184212134335827
0.166057581468471 0.186958688035031 0.179761606257215 0.0635831482083467 0.139296468083413 0.264342507947524
0.22332308135069 0.0828493759857494 0.0837471084936578 0.227292306998399 0.157436189641058 0.225351937530446
0.231512023897982 0.0533709673417552 0.228440807164296 0.0772092549980937 0.168942775385791 0.240524171212083
0.25466337909116 0.094889023767684 0.175222781959224 0.0196406575750712 0.23686226643459 0.218721891172271
0.236138923258499 0.215121122824857 0.207399431759254 0.212062369938283 0.0348482612429062 0.0944298909762005
0.164620521387647 0.12139752357278 0.262560076041229 0.128442489244887 0.228044559863555 0.0949348298899026
0.139311812285789 0.214673306614791 0.139574174475446 0.199113090585473 0.117063491291323 0.190264124747179
0.182653571559702 0.297420686384268 0.0427464753730997 0.0182005033071981 0.156284576869005 0.302694186506728
0.240454334693914 0.116923994374529 0.0828447741763853 0.182320614535165 0.21700593648555 0.160450345734455
0.351558597962736 0.061282664575615 0.0775428318503508 0.126847329870155 0.266290551773869 0.116478023967274
0.13173530173976 0.202366308966126 0.108168225090709 0.23706095658934 0.169147838678999 0.151521368935065
0.231249599739409 0.128117713636011 0.210466641369489 0.169450716390902 0.220044683708118 0.0406706451560704
0.245886868262873 0.114718076956231 0.0316254986349926 0.30674745276162 0.115014118361935 0.186007985022348
0.0424259935422731 0.227065313149023 0.149086776850939 0.249593132792291 0.2286627227004 0.103166060965073
0.177293812845578 0.247619744731476 0.0896735990781044 0.130895132024453 0.121901211778775 0.232616499541615
0.0810193520501569 0.21781932617006 0.20110662204727 0.0614078219941181 0.213918077199443 0.224728800538952
