0.167969639236256 0.0410240229898719 0.0605867658411763 0.10258548102951 0.130845857381992 0.149431326566981 0.146836600904669 0.0820146322455893 0.0916398819156806 0.0270657918882746
0.0519475367316131 0.122170835917686 0.0905501841077497 0.0940837905312598 0.0215608332893349 0.0892844091356545 0.125038830781921 0.165595089844883 0.0816779654041685 0.158090524255729
0.0977602606781026 0.140852100488773 0.131974493465148 0.128545752562147 0.0152990659723105 0.0467031172887609 0.0394827312298372 0.267208760783677 0.0461276341830952 0.0860460833481493
0.115845049712358 0.0970436101935442 0.0784832524195319 0.173066297621717 0.0330710099356706 0.0988395405639307 0.123300408465003 0.0270953323811262 0.0750575558842829 0.178197942822836
0.10619293730733 0.106674728394463 0.0678749433432443 0.112147094831576 0.11973940536785 0.0600715656207272 0.0432834085400886 0.184585911125517 0.124594265926873 0.0748357395423308
0.155169338037369 0.155607187740359 0.0964174796013368 0.12082625283121 0.0837364284853705 0.0323219273362503 0.0325236917975907 0.0912464269089719 0.15833048282039 0.0738207844411531
0.0539057736271177 0.09957378033959 0.189997988030475 0.00202511647094349 0.159122580861128 0.258690197223577 0.17023522946623 0.00444730298347884 0.0406957718238395 0.0213062591736209
0.113633388724642 0.0275162714621253 0.0555629005249232 0.158970727750785 0.136466749021321 0.0602250966516966 0.0686184955691974 0.0640411094738735 0.161954780845782 0.153010479975653
0.201955743808464 0.0618917430032957 0.0124955697480215 0.0601095398528668 0.0746985765369331 0.0460641673523122 0.163521805777108 0.0899882365503188 0.111545934000993 0.177728683369687
0.105402041720016 0.080824384278611 0.104650689433053 0.113707024140792 0.0657115288027044 0.0718577681394884 0.116755920826276 0.106200789195993 0.141913720443135 0.0929761330199319
0.0816585309742166 0.0581288207393348 0.0815963655233068 0.163762250194958 0.0500566685924266 0.0613015519069732 0.163491688256977 0.176379333731758 0.0505382992560305 0.113086490824019
0.102745821901342 0.137928958232103 0.101720231689845 0.149724295548266 0.13932389816258 0.0992844261044951 0.10913110805733 0.0301261665630104 0.0246269653448071 0.105388128396221
0.13333218758448 0.0832604653739097 0.0496002538440291 0.0859100195524988 0.0189321028329998 0.0294951705769288 0.198110827654026 0.175137739274207 0.200330617586244 0.0258906157206769
0.093849040274793 0.0130799137143468 0.114013612535811 0.187284935691773 0.157240316526482 0.162856630612682 0.120230040679888 0.0515429876418924 0.0986825973541746 0.00121992496815722
0.142094326468796 0.194717641050929 0.110055772074656 0.111360187970883 0.162268769319473 0.000953649016793983 0.062028585437628 0.0693082040947148 0.103784945801698 0.0434279187644295
0.0715144694549176 0.144542270282791 0.225219451483723 0.188558503321012 0.0762729011686501 0.0183732849681428 0.0288843086798462 0.0593280499519692 0.0698337498672471 0.117473010821701
0.148210610162703 0.0471610661957148 0.0935525248099068 0.155616377655325 0.037902981122779 0.047940282811607 0.019483693959773 0.254493668816513 0.0167060998354852 0.178932694630194
0.00145262770676718 0.00750479331700248 0.186701050393013 0.021628569238429 0.170798282339366 0.196272512663428 0.0215685306855886 0.040081019296453 0.155802668106549 0.198189946253404
0.144947968300597 0.201297755473909 0.0238800741874737 0.14682974389398 0.0425316440137208 0.024013109831014 0.0651677577072282 0.17864410496707 0.161809677278719 0.0108781643462883
0.123827229453911 0.095305832974644 0.116108301680613 0.0204153332913881 0.0927741233042055 0.192034243103337 0.0642314579884689 0.168900900481307 0.056753407468601 0.0696491702535244
0.0254213053503651 0.198927082568731 0.0519438737046769 0.0841412130317401 0.0266624744680474 0.121677179769622 0.0589257018956784 0.035786338527867 0.205119062349313 0.191395768333959
0.105189073663349 0.0057864677471111 0.152452636261212 0.000115698995447994 0.0799203242911191 0.154657736769701 0.186391641624546 0.0919130836723012 0.152278514434454 0.0712948225407584
0.113650360222022 0.0889337559421647 0.0035454836886633 0.0153649121726076 0.153041585281494 0.169411186419902 0.0758866942631642 0.219563566945825 0.045163302274672 0.115439152789484
0.0885911368709636 0.00502927998652216 0.16311588154022 0.0207655479892051 0.0935886188660678 0.167584136709894 0.00694205889646597 0.243798572095461 0.02706292593253 0.18352184111267
0.10739187156169 0.0950666039769371 0.12647443381149 0.135744881875787 0.143013271046513 0.124698254995801 0.0743465646589774 0.0844529447908867 0.0276180044239227 0.0811931688579944
0.180091702142855 0.0867547762441248 0.198775431111275 0.0640172984474084 0.0524814084001554 0.00436596983582401 0.140661599265772 0.117644368757005 0.101963929505049 0.0532435162905317
0.172681328761302 0.14787583335147 0.028358984966137 0.00754855316027961 0.109286254797459 0.117549795313564 0.070516935248573 0.10846954977181 0.164013085370475 0.0736996792589304
0.035402589801204 0.17067876067961 0.00238459545952133 0.104257365297259 0.197391758224223 0.0638081724435569 0.0101715352500953 0.114291084254793 0.092692680185739 0.208921458403999
0.0560636188353799 0.145777017640496 0.051292934025948 0.064821342874861 0.203120589171156 0.0250443836808198 0.00668844187118984 0.00617699920728123 0.229102668799816 0.211912003893053
0.153645073706174 0.111550583144958 0.0591652767423317 0.0584258478535491 0.118597999107663 0.132777800766969 0.0401815628483774 0.12434125242709 0.188873299037722 0.012441304365165
0.194232514061449 0.00553188876714031 0.122951467969126 0.144987696687817 0.164318878984532 0.0380595212554331 0.0952853374420598 0.019608338752278 0.112243908468231 0.102780447611934
0.0944853201477245 0.140599181240076 0.132988127409686 0.0921762792762734 0.170396768243941 0.0338502188221945 0.119925231356434 0.11158596300723 0.0898916729511175 0.0141012375453245
0.105671626216814 0.0283113989830812 0.0977453976246658 0.103869951382991 0.177480978017642 0.0756362316847619 0.0684899548655874 0.165413757721524 0.155711174008721 0.021669529494212
0.0965402950174476 0.1564181598589 0.0946750997189871 0.113867981961765 0.0469508049873131 0.107361850014452 0.0899644000029325 0.095354917234642 0.0526084433356869 0.146258047867874
0.000126271891377933 0.123950951166971 0.108069078924521 0.164209649902929 0.113796854748671 0.15321921095314 0.0568555979636431 0.0477331032309389 0.159284798756178 0.0727544824616313
0.0601029238534329 0.0655483846606164 0.159633133560263 0.0163402669303949 0.102648780735822 0.136720397045903 0.0336316244384478 0.211537386879435 0.00893816039906797 0.204898941496617
0.0629276306558467 0.0144746027503322 0.136762006383236 0.143473536498742 0.13075988545769 0.0530972056806792 0.184932658472298 0.115896307933455 0.0652207079383976 0.0924554582293234
0.142225492277902 0.0996727802863685 0.042944069562609 0.126410752894441 0.0127216468480871 0.105182763018041 0.0514973241165766 0.0401598962676211 0.17740666853857 0.201778606189784
0.150775913398291 0.0517042746882373 0.0871968777993886 0.160173062260133 0.190033521144196 0.00113039094854502 0.00269421401468666 0.123248526074815 0.0670879766522513 0.165955243019456
0.168680888175105 0.0827417113876875 0.170844436810882 0.00760085349375277 0.112825880612228 0.00190553431802006 0.085367966335946 0.0820048652225723 0.164276435970912 0.123751427672895
0.122857678471345 0.134163325026408 0.122067475998607 0.198226392793784 0.0376631500775865 0.0761862217228151 0.156300012921846 0.0117506991090851 0.0242122894421039 0.116572754436419
0.0861387023413276 0.0931711360376062 0.0444354978443803 0.166001550720077 0.0164903887099786 0.0750769570639108 0.0925634807036572 0.210214928876782 0.160924489102777 0.0549828685995038
0.0937097961290467 0.0375876458902757 0.120869286429758 0.263209000110124 0.0550247819619586 0.208461610974133 0.00689475460778221 0.0928942156429034 0.0444250926670235 0.0769238155869949
0.0516877365119782 0.223130126529039 0.0630194905986636 0.0882119584069854 0.171948152136884 0.133764833316354 0.0361364544464276 0.148818508628114 0.0775548387234174 0.00572790070213643
0.0932518605111369 0.0995756507138003 0.00443389509803455 0.115948072484466 0.112632448169384 0.043014145867193 0.0991041622935112 0.128139515084455 0.134860789706731 0.169039460071289
0.134039657731138 0.161964748062154 0.0709638149378766 0.0785498662617271 0.0213509702239851 0.104962047063375 0.0178610570817747 0.11279265923369 0.150927995209358 0.146587184194922
0.0189679667682474 0.0662794919908357 0.12229472366896 0.077624054114994 0.151597797530355 0.0371169493437081 0.107485714291845 0.145511407098137 0.138340403857377 0.13478149133554
0.164671437876562 0.0665502300877978 0.129778012083603 0.149509235488353 0.111491266829951 0.125066547676196 0.00658416031194334 0.0576844917437864 0.0542390754299113 0.134425542471896
0.159189626252132 0.00447617827601537 0.0749620001185119 0.140275110288946 0.0879482583127016 0.0423710619350932 0.0577331726186903 0.189570474699621 0.181105840128424 0.0623682773698652
0.00666740884460758 0.135204273581763 0.130365796264817 0.0403925728730644 0.121025656644754 0.146886732682639 0.0824691670513902 0.0620653562609933 0.125118598290353 0.149804437505618
0.100209358911347 0.0418129877256533 0.158158280541428 0.0956783237140646 0.0670505671753104 0.1028972523171 0.0608763712821614 0.0748908053800376 0.119498825138175 0.178927227814722
0.094638352649112 0.107744471133467 0.00215156612462908 0.0340788953432409 0.136154443781547 0.109129498629057 0.140654362311866 0.147657465310637 0.159070316172111 0.068720628544333
0.183823839447153 0.123407771091255 0.0943968893287451 0.181569635425133 0.0383462299836978 0.0952099893071384 0.111828952587615 0.0610925520931217 0.0478024293930165 0.0625217113431253
0.0455473448328856 0.108544828676616 0.0645655912510482 0.0243385880365082 0.173806260945876 0.149382362089595 0.0948312180849134 0.0143317832209247 0.146255560552045 0.178396462309588
0.0175847000150582 0.00649972512109504 0.152615852395923 0.179898628710905 0.108250424107457 0.109158297036006 0.0411205579475205 0.0788633544412424 0.119800459189742 0.186208001035051
0.0755124636608798 0.121809983688428 0.0309172706979151 0.212109493081438 0.219406876677511 0.00800145020834691 0.0555319696393521 0.109211956048582 0.141089529675121 0.0264090066224259
0.0760830105395648 0.0341241531674782 0.0282131054683612 0.0440080532479334 0.206315496100354 0.242887861658077 0.218015339339412 9.39671290169913e-05 0.0337792696677164 0.116479743682085
0.159915443751678 0.0683425805640035 0.078523035666126 0.0700091676280155 0.0356452399937826 0.042764050179574 0.171850905443039 0.115086465005577 0.161927785871222 0.0959353258969827
0.11136083751189 0.0936646792620767 0.121919490831636 0.0391293967077668 0.0460799231095969 0.171276683363929 0.122299273043038 0.0639516201394493 0.205187217696807 0.0251308783338095
0.0628194419692712 0.0803531558781575 0.0547652351336348 0.0954569454320418 0.0977462124443779 0.0433151399330688 0.196487225302466 0.132280854277585 0.148530806773147 0.0882449828562496
0.132429263161344 0.0417954229053825 0.134500548455084 0.111592160497672 0.0295077849014163 0.128010978754465 0.0979434575261392 0.0901264084861818 0.0966678801417204 0.137426095170595
0.0589771134077567 0.0275773018895338 0.0538333292683855 0.119569881263943 0.142808373551005 0.0123284151505317 0.108083143209823 0.194793263858729 0.14746798359269 0.134561194807602
0.00466567836135154 0.0442944503133794 0.206302542739014 0.109429286617686 0.144918027042303 0.120421785065132 0.0353089665922015 0.109670754778959 0.0488553625449468 0.176133145945026
0.0211879683540146 0.118961154512029 0.0992378222852127 0.124146287213075 0.133204686754681 0.141887555630922 0.125060057904939 0.122348989555597 0.0418125139124759 0.0721529638770548
0.137149536334368 0.191035534200969 0.070343928923352 0.195599982117355 0.0098199230686916 0.0811775253713267 0.0588892351194179 0.179689973364654 0.0300825694745346 0.0462117920253304
0.0514745856381856 0.240138197222766 0.156470479182603 0.0464457388731237 0.020270084910185 0.0863518177388124 0.0363531084714033 0.154562490172898 0.0246403319867738 0.183293165803249
0.1755206013993 0.0958793717057941 0.0705351213510518 0.174739297683912 0.0481620180134813 0.177101612476627 0.00708552268419381 0.177085547252105 0.00295911981868056 0.070931787614855
0.141456152970787 0.148871224845229 0.145349821535626 0.083913413164606 0.0728672436228647 0.209862881285861 0.0757550451611997 0.0679779060744484 0.0499617470612852 0.00398456427809351
0.110889652058321 0.163321360933639 0.012325992066823 0.150612584072648 0.0812350927212859 0.0641633778625049 0.159762243706649 0.0435437019451507 0.108322775073881 0.105823219559098
0.0794953298139426 0.15491171554926 0.063147473562925 0.167285840230304 0.0757018645203942 0.0723196755378354 0.101435228689245 0.124529031760181 0.0569346800352002 0.104239160300713
0.0328280500734484 0.0758111413260468 0.16053862086942 0.15915275058915 0.118968151879806 0.0499332291848949 0.116912865176387 0.116490455529268 0.1382089931942 0.0311557421773792
0.0920460609363788 0.203533473232945 0.107529532941788 0.0391427085859481 0.119852652004534 0.115292973842512 0.132504664543406 0.0208801043387941 0.113631679714346 0.055586149859349
0.182074884761731 0.122360873169273 0.0440720627050614 0.0863653207621999 0.0671999932969651 0.0563997933065926 0.154966671629223 0.0188543574613582 0.165217383829235 0.10248865907836
0.13312983625265 0.0679962805882725 0.123121511583765 0.0724892292548613 0.00786872418975852 0.217682924992396 0.110128974864377 0.0729943945853102 0.189465298784913 0.0051228249036969
0.0474945796025315 0.0433351830540105 0.0496256837380876 0.0709743222361818 0.203912789655515 0.06347545204209 0.117213755290224 0.147348006414261 0.108993187123785 0.147627040843314
0.125356080621025 0.173517812193177 0.140767857339447 0.123723301338422 0.11729005347231 0.0278290700532255 0.028734654308088 0.00588480927692474 0.0825981463280889 0.174298215069291
0.191301967919416 0.0942812508602946 0.228960772758906 0.0397220603291615 0.0445741094310816 0.127984043002769 0.133959533805283 0.0309199689022406 0.00904339334726522 0.0992528996435826
0.109755569598375 0.117429421375283 0.0549584570284113 0.038291232696255 0.149343977107795 0.0128095726036873 0.0761701933729276 0.19162891197546 0.168378526574676 0.0812341376671293
0.00439744135443185 0.184122476173019 0.0479473778257208 0.161741188706701 0.106392823186832 0.0193984735740407 0.0329726569307396 0.0876335731668876 0.0698533158538297 0.285540673227798
0.0318152329794801 0.0758941451741383 0.0598498309619822 0.010748205827105 0.154846720961751 0.162635755631503 0.248734016296896 0.100064431080075 0.066337040510831 0.0890746205762391
0.134887241247261 0.16314373677365 0.089995156672469 0.156869746645767 0.0626493818827677 0.00351554290718557 0.119859725610942 0.0652491037335449 0.0354061067439547 0.168424257782458
0.104661746939137 0.0932897147129473 0.0930894840958363 0.115006150415966 0.193835337603491 0.0911793795000756 0.014120405583563 0.150927999060116 0.126959882756112 0.0169298993327556
0.0793638841831307 0.105934944949733 0.109602404977165 0.146350933219936 0.169047322839956 0.144574041840613 0.14197844413637 0.0170659687946112 0.0756000567033882 0.0104819983550965
0.0250575606420904 0.0778697889958695 0.0675199210538971 0.0374685883823586 0.196760156846379 0.191346608373879 0.120624373383372 0.172489229612659 0.0171164226067028 0.0937473501027926
0.0803646172333307 0.0735447544524312 0.0939754378709298 0.145468022033301 0.0552536992597874 0.0829308634506027 0.0331669029079836 0.178429975567899 0.154555007326482 0.102310719897252
0.105960631787233 0.181280684796886 0.102159808797869 0.0678243534679577 0.0890844677506261 0.130307704239386 0.0395055585873202 0.0940682559560759 0.105764003524868 0.0840445310917783
0.0618097940978545 0.149791731520592 0.163097996426908 0.158331039068198 0.0706097338546952 0.00873198772016758 0.0144065127012963 0.147136582554778 0.162975239610619 0.0631093824448912
0.0949910005702566 0.0832337330112869 0.0437128168198673 0.196130069239986 0.110916399583191 0.184728845322148 0.0535426467462748 0.108115356062463 0.0768176127636301 0.0478115198808962
0.0742604056069974 0.190171441297852 0.0582514422841898 0.0680025673009254 0.11231590635846 0.144161709152366 0.163482526589837 0.029736144365367 0.116702269532074 0.0429155875119308
0.150792869201381 0.0990360319856923 0.0478233729252643 0.112158195689936 0.0309966680417702 0.15872241993156 0.151781529314632 0.107279536190716 0.112799963671433 0.0286094130476157
0.0828106624183528 0.0735501530804938 0.0227447707272618 0.11989929150809 0.0871294995594719 0.145478629906471 0.111194495476424 0.12843033124415 0.105990531364296 0.122771634714989
0.021724968970159 0.236767830240693 0.119486754222826 0.226007127331481 0.103813968768073 0.0330681469284742 0.0139306982641662 0.0399507777691713 0.0679685795338944 0.137281147971063
0.123656146236129 0.119446946183773 0.102218834099 0.0809109368891578 0.122878133791389 0.156017736256254 0.0645120470446986 0.120510259281522 0.0991981824677209 0.0106507777503556
0.0506227778645001 0.175060948874006 0.182657577873691 0.0513191609703292 0.0236836951318347 0.0331908014924715 0.0242339723965156 0.155381013177268 0.160506233017276 0.143343819202107
0.0428849233955007 0.127177095650073 0.114077464942259 0.0711067802195699 0.099191435852761 0.183557716508842 0.113770445666283 0.13519938348543 0.00458351111693792 0.108451243162345
0.149408857895916 0.015491833317868 0.132551123856796 0.0411938758903034 0.092666255413233 0.157544002952909 0.0768859094961354 0.146363542536836 0.146918876368859 0.0409757222711446
0.155042165623299 0.202644712578442 0.00295722250362619 0.130263680322892 0.128792764595679 0.01731020092631 0.00460565047929923 0.0365316105049013 0.119650931699344 0.202201060766208
0.0571865907572657 0.156369073282868 0.112529235114226 0.101488983745083 0.0878701701841611 0.0258886030429779 0.0475104585054715 0.143336203665514 0.0952038606732218 0.172616821029212
0.122211973648085 0.0393631039427985 0.139690043465013 0.0449219989956815 0.144485380552518 0.0183017917587647 0.120796824296846 0.12306857428064 0.094642545157962 0.152517763901691
0.11033267606014 0.00144540377334308 0.154958071587207 0.0323707290274705 0.12615679151714 0.11677326493904 0.0901463161841044 0.111015433416295 0.151039851761896 0.105761461733365
0.059368940580222 0.115940714268745 0.0556589240303667 0.121374457388622 0.0617812404700145 0.104577860067433 0.115585518951317 0.120044983800429 0.151718707620061 0.0939486528227886
0.0742305424332483 0.0938419327561038 0.0755931907431054 0.222663286308422 0.0516072910784802 0.135440529622865 0.0727004958708712 0.000824656743393485 0.0871882396880767 0.185909834755434
0.153745763297634 0.0880660477597373 0.00382465311093159 0.149329768027135 0.0141573302892542 0.0345141693269874 0.145153276216779 0.146222921883734 0.1241453020825 0.140840768005308
0.182968706934289 0.051381434236836 0.025295921885195 0.100703440126632 0.126808170485645 0.0521976953167931 0.136758193698177 0.160552715585207 0.0850572934894139 0.0782764282418125
0.181958956407614 0.102107374445917 0.0848418279836625 0.12340498818335 0.108779460746815 0.107240981599022 0.0645981333612304 0.0519658519368197 0.0912470610232354 0.0838553643123338
0.204700426196961 0.136860189938706 0.0103497038820244 0.152029367467365 0.202246580925234 0.00909600733949595 0.0295480447264864 0.126202906534622 0.0309538057062021 0.0980129672829039
0.0716211036167931 0.0463735932731546 0.100249079121373 0.110767599297833 0.0720141750074178 0.160004051713407 0.197317163706128 0.127510779650136 0.0643895867703679 0.0497528678433887
0.0375714696013137 0.138547918006209 0.0910373321570195 0.193747206739191 0.0758517230681175 0.0949887965366634 0.214022399440398 0.0168069061068974 0.0946398385448382 0.0427864097993531
0.0562226155495264 0.111765995718121 0.143698358753008 0.192407669840821 0.121585197632695 0.0274740353553641 0.023447774450194 0.0482287359721206 0.072539273249214 0.202630343478935
0.0531682812596806 0.113532122305564 0.013174126212214 0.179290705842765 0.0643983682707476 0.0365148770857134 0.0180076287051189 0.178770608164989 0.100055374856882 0.243087907296326
0.0130324269194995 0.104802733838869 0.0683912498537294 0.0329170790428202 0.0512400003745107 0.0900555000063733 0.163754179526358 0.0675381432514656 0.178741396360582 0.229527290825792
0.162799288914324 0.160249532110418 0.107765188331983 0.133949324831359 0.0706946764229356 0.0934515076456115 0.128434899481882 0.0542055718335282 0.084644496553181 0.00380551387477749
0.097766516560646 0.125375107519724 0.105058068692384 0.066002871595798 0.100012688285284 0.142242779087241 0.0962771475546184 0.107770859526102 0.0908123121660663 0.0686816490121367
0.0351633997581985 0.158390880219727 0.0819589818679791 0.0956864920168944 0.0655632725772538 0.126487972553495 0.0231586465773618 0.0340038631670698 0.238039634799641 0.141546856462379
0.0994995859210593 0.0974043761937793 0.091811718506018 0.0859294907768485 0.185483655717725 0.0560774498470213 0.0399714148438066 0.133759892054205 0.152355122050273 0.0577072940892642
0.0916838587099812 0.179961515438035 0.202035402004346 0.00311247171403136 0.0351819900915314 0.00340433856897168 0.088065565292943 0.171212191067077 0.0741400362539642 0.151202630859119
0.0439413274773034 0.0591470697615663 0.158992426272241 0.145445739637909 0.168909679472934 0.0975834225419044 0.105674309628108 0.159962367553698 0.013580151609911 0.0467635060444241
0.101287737529316 0.162122729261099 0.165565895619489 0.13669087335344 0.100587828206498 0.0880636623202486 0.0808650136623765 0.000919334848902464 0.00943398308679346 0.154462942111836
0.0771419840277272 0.0662124591435034 0.0727375489764699 0.0708212672752914 0.185155465363141 0.0432446304496765 0.131659952773195 0.175490355373189 0.0798927783159869 0.0976435583018201
0.0873637931991405 0.0258775063124395 0.00464782698176133 0.112463156203336 0.187271443836547 0.171600543259469 0.178862495451824 0.111719151425957 0.0287827200304016 0.0914113632991233
0.110809116675031 0.0356441845616804 0.16001594459037 0.0908773464832438 0.151209289975585 0.132148933011702 0.0860176224426662 0.00962301945252245 0.153113811608311 0.0705407311988892
0.02611260858519 0.144704088905289 0.190486923058675 0.0538365218781229 0.0761331042469008 0.117374306740636 0.133471662275001 0.168055714417315 0.0138561054062192 0.0759689644866506
0.146526561809083 0.189305410187384 0.134647585665055 0.0960611589946834 0.0578993789946495 0.0277710127873952 0.214899874270095 0.0103340237758583 0.0857818022011246 0.0367731913146729
0.0716104758808797 0.111381376768767 0.158140901624908 0.0443842949326856 0.0124246092230053 0.158379352406611 0.0904732407090084 0.151400353422961 0.0907234551921015 0.111081939839072
0.1477964156715 0.143826362294999 0.0533155158101801 0.0795794975123426 0.150963643803681 0.0275295992983027 0.11822655863165 0.043236120450399 0.0844747236374714 0.151051562889475
0.165363001330821 0.0263025827402199 0.0151973079674652 0.0579810041610599 0.0730542748542821 0.0883099461938921 0.153619626104693 0.170776848723826 0.0864871478909557 0.162908260032785
0.0139237795074721 0.0542415802985128 0.171942270908154 0.0257822997715168 0.0971858024062196 0.0882598205791731 0.202507970228923 0.0800622962219301 0.0635311507516545 0.202563029326444
0.181416703218097 0.0731941547317703 0.0980769278384068 0.178246198882464 0.0593587947687189 0.180182456163662 0.12893115775535 0.0876132065891343 0.0126390001044579 0.000341399947938469
0.0616180314147121 0.00319109221418031 0.193084085503652 0.084870924756003 0.158582751046053 0.145319669307033 0.00828555527218295 0.134096646647347 0.00584415596428034 0.205107087874557
0.0214057591027193 0.0697227108791405 0.123073078041816 0.0858383246620737 0.078067885768784 0.198899439423448 0.172201518430335 0.109590191627242 0.00551372921968839 0.135687362844754
0.0380300739176824 0.170223431225438 0.188776397889583 0.0554347931659765 0.169185398934432 0.00483755030612905 0.015065484680583 0.115226055994896 0.192798067791235 0.0504227460940444
0.137297057503879 0.151035800306316 0.0263480848911484 0.0998215121464221 0.0402932214194025 0.0590520003459625 0.119105793878272 0.121941288111328 0.140281186286509 0.104824055110761
0.180073597362342 0.116268176717927 0.110837498277305 0.0726593700608415 0.00703641591316795 0.0368444036937987 0.0352292045721019 0.1167931967807 0.15861472827646 0.165643408345355
0.134414562275855 0.115353967485125 0.0243557731217641 0.0840807927849046 0.120040227266896 0.124983783880291 0.048508855182209 0.0997239068983771 0.113697599213293 0.134840531891285
0.128630302966467 0.124348441911115 0.0813579631050597 0.136731843884369 0.0338433204164473 0.104500227455178 0.10193094853131 0.11097920563059 0.0584211176613202 0.119256628438144
0.00563671528449711 0.1629758363374 0.0714132708255343 0.121676468239775 0.154850054695049 0.0169780228056883 0.169479988173026 0.00322525884479828 0.183462812629116 0.110301572165116
0.135334778445514 0.134107215076751 0.129616939800419 0.0189606713398987 0.135734909222376 0.149751823113907 0.00508873316532081 0.047632096854612 0.12365111775027 0.120121715230932
0.0742915788234377 0.0550749246296768 0.150378169006051 0.102546838045999 0.116824019342356 0.0993508492711373 0.123940631142607 0.0980782577611911 0.0309619781621284 0.148552753815415
0.103079705765686 0.116899689914199 0.0546178496034839 0.126661255745275 0.143450288502232 0.0281604756655639 0.10320477217813 0.0689298081561241 0.111932091814568 0.143064062654737
0.073862586707735 0.165209833069761 0.10764054772968 0.0248894230012223 0.0792598502866045 0.0985979343545122 0.037925998431036 0.114446623043206 0.144610343284536 0.153556860091707
0.0804696257471674 0.030783987051419 0.0989492010242707 0.102254097928258 0.0115921463026881 0.145747658338975 0.0806292767808091 0.150995603246213 0.130998590818939 0.16757981276126
0.116516976937544 0.0551264160243725 0.143698250978966 0.178598914513073 0.119775188558893 0.126634512876422 0.157450912852495 0.0146547848649956 0.0611266700256084 0.0264173723676307
0.00898282292549569 0.123629642213024 0.0697926933007353 0.168860728869999 0.11367924237591 0.174618458930431 0.118503464110877 0.0589692322729694 0.150549636252041 0.0124140787485177
0.0359399300559554 0.0589280014939995 0.160963775633632 0.165134301568753 0.13815840165787 0.105670920172833 0.166506677515039 0.0125005103165251 0.129837759079836 0.0263597225055576
0.0496175559420907 0.0484079504438198 0.16464200889953 0.0200433960069316 0.0958379607068934 0.0714228489400205 0.194386587020139 0.0395739275137295 0.168856972591429 0.147210791935417
0.0745460934891449 0.0665857146803618 0.127319102044131 0.126202265374467 0.102567507121539 0.0715133600526132 0.0987759846511944 0.116518624398912 0.10708947163668 0.108881876550957
0.123950462757749 0.0577863657934393 0.145238207853894 0.130203553235646 0.0915729747505789 0.0190053255384616 0.0712831521773936 0.146207186404049 0.0590370997544172 0.155715671734372
0.172519569710535 0.125731959467422 0.0348954012427698 0.0870086216803249 0.140533472762837 0.0930285670218086 0.0591619746506331 0.213016661960704 0.0152975611203045 0.058806210382662
0.129276513642707 0.0290588048086812 0.157909053648122 0.0665448700681237 0.153736464175912 0.0244451686443 0.114590390562196 0.0539185730212502 0.161807813303413 0.108712348125295
0.123168276489309 0.100126282090406 0.0733497187707135 0.102690956721779 0.00747300100960321 0.125476369489028 0.0536325809464749 0.0948258243286703 0.156686764669397 0.162570225484618
0.215150572019829 0.192244801598798 0.0149438545903516 0.134153582035266 0.149144552330985 0.0796042428165712 0.0313757793953926 0.0991432448608684 0.0452671313151093 0.0389722390368291
0.190772773514412 0.266352585019504 0.0512622801579199 0.162869771072371 0.12870809508947 0.05057440262357 0.0300030693609073 0.0524029948044754 0.0320130545917957 0.0350409737655751
0.0177846241105305 0.167816745646156 0.17315959457624 0.0239499782803348 0.00291520671928477 0.171786149161399 0.0830782129263809 0.154065774918594 0.0583163938075019 0.147127319853578
0.116166329252826 0.115465320328252 0.148015783774912 0.10115341518878 0.0252555931583601 0.130402905491586 0.132828156209327 0.0588180701917628 0.0505703425266713 0.121324083877522
0.075410327817435 0.0533012421824514 0.0990308469244624 0.122902210989778 0.15192475513209 0.156721085672415 0.0226538234388268 0.182453754227856 0.104654712869693 0.0309472407449921
0.0583885295219311 0.00686549291966467 0.146101727194414 0.136631077228599 0.0689357765240068 0.124171928831665 0.180099883834715 0.0612419034887128 0.0859939751103396 0.131569705345952
0.137246169188695 0.0905430959056823 0.139027361908138 0.0448931277738959 0.108130789011594 0.135692364031328 0.00967700281169165 0.0994092663307615 0.149389316599174 0.0859915064390406
0.116299035306876 0.109948131789162 0.0429492795061418 0.0769906675025048 0.122979920864501 0.103317072814628 0.231302645877057 0.0474945670215727 0.138926757821912 0.0097919214956449
0.152028877161405 0.118305460786957 0.0834834841506107 0.000372827341282063 0.134191475238224 0.0959823573382721 0.0255343340540467 0.140629243522336 0.0398326263481655 0.209639314058701
0.215790231941862 0.016040124578608 0.129434688085817 0.0897432441311463 0.0863725887244645 0.149605720728029 0.0135541962843214 0.0225693728823313 0.0189438646450667 0.257945967998354
0.125695622136871 0.0712806395042226 0.145322585820256 0.199083764920945 0.0404621041346294 0.108967445958776 0.123910720352257 0.00209015009746514 0.135744752746124 0.0474422143284535
0.122117738438909 0.0282672928241997 0.115360212301078 0.13151960280896 0.0979400215323631 0.166960839656255 0.120306003349914 0.0857980504815209 0.109891413544587 0.0218388250622137
0.073870644742097 0.104669881972428 0.0408975044742604 0.00107652648638273 0.194546088946971 0.0372812939135212 0.213411669252264 0.142945212938497 0.179069383741079 0.0122317935325004
0.0451208477310814 0.0827438671253014 0.0163436531029266 0.0841198182634976 0.224290072596401 0.103160926711907 0.153927713113702 0.177750686217777 0.0889236164354062 0.0236187987019999
0.0813393960751279 0.15500104311541 0.0217408595869055 0.0270363942954684 0.0842864672111284 0.202055903507309 0.10354162564072 0.0491038036968038 0.234459464504945 0.0414350423661826
0.129399295365233 0.0987148835126218 0.0773735720618106 0.121139179642144 0.11141085943645 0.140987377213862 0.125582368094496 0.0942258956061006 0.0638648004477628 0.0373017686195192
0.0550068970058932 0.161368441210747 0.0794834420972877 0.0154486131951773 0.154182785974548 0.150130825139902 0.0798181060764579 0.0048734645331513 0.151537952633699 0.148149472133136
0.160614590793148 0.0162691458268839 0.051414577532799 0.111806848473027 0.0439646708523237 0.12724868597641 0.0038561188284108 0.188303180213901 0.135676844592619 0.160845336910477
0.142549670994783 0.185859239306212 0.0435826494406851 0.130171996428487 0.0330229056710802 0.0965794759397579 0.0852668504253233 0.182118708227815 0.0434143048926986 0.0574341986731579
0.182017277048384 0.0290503692350101 0.0971593077265759 0.0794022182647353 0.113425567039171 0.0482609400446313 0.146677893823081 0.166626882961649 0.104798067929233 0.032581475927528
0.0862231613750965 0.0832118240306854 0.130612715872687 0.115281087759456 0.154793931407093 0.0655133102117532 0.123835327447214 0.115354298444091 0.0944653316489651 0.0307090118029588
0.126195035038196 0.0526694289574193 0.0983069802712639 0.167150505798265 0.0604955273282113 0.174271120464076 0.0195301171901808 0.136974313382501 0.142076703134903 0.0223302684349837
0.169255783736754 0.132583779994819 0.133669328552481 0.0251601916294962 0.0780472957060424 0.200560780968505 0.0353632878549437 0.0168473677804434 0.122646750436629 0.0858654333398867
0.10299070049208 0.0809237748146301 0.170850588149647 0.084071597305903 0.109541417639436 0.141077821940431 0.110769943651506 0.0414603237170688 0.0753872843850976 0.0829265479042003
0.149482475332144 0.0275440984701266 0.146418899056525 0.0673768964891056 0.0355511508762781 0.168350148663745 0.14186282807938 0.116279682172932 0.0357600425019369 0.111373778357826
0.100244845157118 0.0579402796505865 0.0719514925326332 0.191362724793462 0.207767903720965 0.110135604211859 0.142253404810615 0.0130690493592942 0.0207255803540848 0.0845491154093826
0.131344457793584 0.172753861795205 0.153161529502569 0.109995281218316 0.0527453192146964 0.10125068245596 0.0289069526927915 0.0806505970243469 0.118664149627139 0.050527168675392
0.191105410301354 0.0127460872787687 0.0387945259177813 0.144715299557065 0.18445836418177 0.0718601662346437 0.0018455251448787 0.207775716643554 0.000114549289807967 0.146584355450375
0.182663816526548 0.110328864870393 0.0584756816859658 0.0691401816490297 0.109980382996495 0.0288773204763622 0.116105782220211 0.127963785516209 0.00739072752290235 0.189073456535883
0.0446333578919179 0.156950266552437 0.0945604029276705 0.139486304134203 0.0816230179755134 0.0416666515865054 0.12619849734363 0.0548727455065893 0.142669773248046 0.117338982833487
0.110135930025259 0.117393114661273 0.118101656706466 0.106173078003168 0.105224339812152 0.066943750962028 0.127605304284712 0.103898224270361 0.107366142230869 0.0371584590437126
0.0190620366186923 0.165894895801786 0.150714234564703 0.137702243995975 0.0308544789095776 0.062586616133258 0.155563526117237 0.167747248061867 0.0228753551855886 0.0869993646113154
0.14955688556218 0.136006813253592 0.080095936156305 0.0401040503212022 0.112958377553824 0.0565100717908048 0.119883961086494 0.085335958227366 0.0406371309526265 0.178910815095605
0.143498535907786 0.0921114140085375 0.0846328320502205 0.139375185191896 0.0533838193088635 0.118952240908136 0.152021226111017 0.0657277901287278 0.0739033162982213 0.0763936400865944
0.0259762080031175 0.00651791415420508 0.133138595738734 0.0179165759401914 0.03549072273932 0.222815348033204 0.146238704535252 0.161845301986291 0.0853922838875572 0.164668344982127
0.0479730244743035 0.168257364849139 0.129259578974597 0.156497258863804 0.0144495555853138 0.0481410609116041 0.120842127006641 0.153752756413214 0.050190449659219 0.110636823262164
0.103176925598234 0.177645876597131 0.249133165625279 0.165995300239932 0.0343268441047289 0.0587854837091883 0.00759719493361151 0.0585648012491737 0.118184880478892 0.0265895274638303
0.156142253379053 0.0161289105177965 0.109886801703339 0.181744231811623 0.071534253739434 0.0376647554227513 0.0778252730127693 0.0500380442744115 0.174375901539157 0.124659574599665
0.154998026288638 0.0108384500686809 0.0385999500084308 0.138574728572948 0.138034368025498 0.0481437438709783 0.121125191145034 0.0756331452758309 0.129741480450372 0.14431091629359
0.124740137297616 0.190606665935848 0.037366270282635 0.0300517950487142 0.18435722604513 0.0494042921336844 0.136396195518188 0.166510221145512 0.00445819891784317 0.0761089976748298
0.125495412371122 0.139839894611766 0.0754188697941496 0.121094520239284 0.0876518654965801 0.0170041173369829 0.13946452679332 0.126595165715858 0.0445384533658103 0.122897174275127
0.215377840745348 0.121943653315748 0.0650439515470956 0.0914445589661025 0.164473084741869 0.0555441458340038 0.0172912124297978 0.115658125377774 0.118494471857704 0.0347289551845574
0.0416613845953368 0.125424825364271 0.095465418488496 0.0920542523937421 0.0153603523466842 0.109351619498965 0.149878723798335 0.121452633698085 0.131478074683178 0.117872715132907
0.0823358565997488 0.0109556608039523 0.155023435719834 0.0842332039368302 0.157361211024509 0.152798445805415 0.0330465374749003 0.190020871495206 0.0950162799102317 0.0392084972293734
0.160412124377373 0.15112503803248 0.0688325080135439 0.0529478314973476 0.1105477899341 0.0936231315427541 0.0587572361559205 0.0600779592769164 0.0826844382948536 0.160991942874711
0.0362409483685077 0.108432910240203 0.0922077485939188 0.117063114582193 0.0941533019587414 0.1081251392634 0.154233098988196 0.106280260312794 0.158699875500655 0.0245636021913918
0.0317235428476969 0.185652567720778 0.0392999019915387 0.196462561602285 0.0518536889694163 0.193351360483626 0.171449628812763 0.0294143507895325 0.0688953353420992 0.0318970614402648
0.0457865719795545 0.150950333547994 0.144760310818725 0.13851930657438 0.175696475060597 0.050519556670474 0.108092813739571 0.0766524260881052 0.104161523010946 0.00486068250965347
0.0539191135167722 0.1626468953373 0.170773195312005 0.165828822082183 0.0658926606278072 0.168824614822149 0.0541209061286325 0.035444784956873 0.0468838500336391 0.0756651571826391
0.240904455541919 0.234444230321396 0.02033691326517 0.0750097597984321 0.160071715655719 0.057298047201186 0.00295790094476189 0.000706063002482335 0.0297735168700305 0.178497397398903
0.138751976371367 0.0944159623302255 0.108207056615091 0.0483562373036739 0.117557416457189 0.0796085785045588 0.135731898818059 0.105272379003949 0.103841680145062 0.0682568144508247
0.165509514860164 0.100577781920739 0.0173053158882409 0.112829296290229 0.0299258215013917 0.140761922307052 0.0997147936787028 0.153241467680011 0.0467005458812166 0.133433539992253
0.190875448251143 0.170480037607217 0.13253510502742 0.0226138302319992 0.0848341418842267 0.0359798123447531 0.193307103317522 0.0249230179075579 0.0897432441090204 0.0547082593191416
0.161851782307157 0.158138826990697 0.034237762630308 0.0867605074845878 0.0577300974980047 0.0490701574930942 0.164072875844039 0.0737567275196947 0.160601899551646 0.0537793626807718
0.145823680586705 0.0371830071450216 0.131834506287139 0.110716989606318 0.0931673527406044 0.0997900029293497 0.0469507238618218 0.116115002589813 0.108637842356896 0.109780891896332
0.0796870109851954 0.144595000305466 0.131837271511694 0.151792694688099 0.113598572866703 0.0437056395599866 0.0439339230117112 0.0438785770584445 0.15290474201235 0.0940665680003504
0.14900526145583 0.00253039465759903 0.139455660008 0.0505523861946274 0.140916871362087 0.118033215367253 0.023223180745372 0.0505059789118912 0.159285335728571 0.16649171556877
0.122746399876954 0.0536451891532797 0.148797109745916 0.0621260039240726 0.119422079202613 0.115016641814143 0.133126872320425 0.0399150939898983 0.108429987002959 0.0967746229697402
0.0603602705977925 0.0967777657697459 0.080164645803785 0.0902561912196276 0.0862093337429212 0.210682035547391 0.0525260421684481 0.171827740392933 0.0872291833377876 0.0639667914195686
0.147483084716924 0.0703051728997239 0.12628746308224 0.0942346886703018 0.125925783972636 0.124332475852858 0.0328854658670785 0.129491446834504 0.0799074862665445 0.0691469318371895
0.0449135432337154 0.129757819187764 0.146924396719709 0.141905402074348 0.0696711083143972 0.0560079576227091 0.153702888566811 0.0981679450056964 0.0809686984770175 0.0779802407978328
0.0851483198759334 0.0176214922285303 0.218764706654926 0.0436251603313234 0.129284079602632 0.102958623790169 0.0577785436035546 0.128842305263252 0.0140426542597765 0.201934114389903
0.126052884811219 0.057251086016207 0.163769558700944 0.146240211557568 0.15442508274416 0.155502495558037 0.0872317347177659 0.0193591604717539 0.0292319057602654 0.06093587966208
0.150432859687974 0.162325844726391 0.183771130353369 0.039080792686445 0.0802360162394378 0.136914443124657 0.0546731152156068 0.0960041744329491 0.0383230320414628 0.0582385914917082
0.149823032493248 0.12538146969785 0.176062668352511 0.0547163282123202 0.0707241599835547 0.0965671608748881 0.0456349625298546 0.0390906701724914 0.114954094817171 0.127045452866112
0.0472582975594716 0.0368152771083506 0.129008438095165 0.141091432328901 0.123943182956742 0.0595503124968353 0.0395350167197239 0.130079712471612 0.142253724755583 0.150464605507617
