0.0539278531720242 0.0102237863600878 0.0619027648776812 0.0894681878519444 0.314612575408654 0.138282077062669 0.00489956639898975 0.0215635804872408 0.305119608380709
0.166613031638897 0.146768377840808 0.0055070058171278 0.0250627195758905 0.177746127197066 0.065137440469162 0.0683930588362363 0.207937636184298 0.136834602440514
0.116056508359399 0.170595155195153 0.05827151559695 0.153902369412273 0.0560870100544588 0.0812014252598844 0.0916258706404513 0.108652021238858 0.163608124242573
0.165820301020143 0.108046375951608 0.0283149687896732 0.0936840597547468 0.0590467125334872 0.127295357100806 0.167027007970264 0.136136054250533 0.114629162628738
0.155980077913948 0.00781561407739055 0.142304251962221 0.200582172549821 0.0909946111350253 0.178581761034561 0.0565827172532401 0.14526420631743 0.021894587756363
0.144648599464179 0.0843735195341455 0.189737757414945 0.0653526864756767 0.0511115186985097 0.0958359792428344 0.194137871621493 0.120125342809571 0.0546767247386463
0.259661551102321 0.0731355770475919 0.241923665872292 0.168772436968027 0.191340294089741 0.0290095100529511 0.00353509634913669 0.0206325446532314 0.0119893238647079
0.165480117995779 0.0707139172583869 0.150471342410263 0.09850771947662 0.149120437963322 0.117960561002155 0.107558966446508 0.0798300693838337 0.0603568680631331
0.146889884026575 0.0554311976908244 0.158634984000271 0.0550878893674418 0.177911893454659 0.0554876880839038 0.146184109292656 0.172116574486494 0.0322557795971748
0.080306063900437 0.0254885836169862 0.174099669346536 0.038981859978188 0.113536125697957 0.140966854982879 0.16006054036588 0.139776437579369 0.126783864531768
0.0569736701155339 0.223030585564823 0.258352487879292 0.163766194709946 0.018974384877487 0.108222825699126 0.0466082978767086 0.0218964189233655 0.102175134353718
0.187276701641523 0.0989330894551616 0.0409102437876668 0.159484933925522 0.17287197988924 0.11646878830707 0.0500218604846799 0.106252271010587 0.0677801314985485
0.113078661561821 0.0490248808982365 0.105398686719406 0.116895198128113 0.144653884233951 0.091667173961453 0.122046116144169 0.128881365290053 0.128354033062798
0.145682973501028 0.119881407423542 0.0551983741583579 0.126933020129908 0.0676190906956196 0.0335217515794989 0.137466101017964 0.15315302937022 0.160544252123862
0.042794243347477 0.170797033978794 0.107001880595508 0.163073665927317 0.0378745274385958 0.165163154341665 0.0854986033952395 0.198545993411926 0.0292508975634771
0.108398399578073 0.0733459550978663 0.0683730534768432 0.0887469027202229 0.032057190652221 0.187006498739721 0.210897688406127 0.131278574851762 0.0998957364771645
0.0785934385471213 0.109584667729625 0.151264581834789 0.15577014502387 0.182588541440445 0.0756297899864791 0.034493400585542 0.118980852709418 0.0930945821427115
0.237630539095753 0.0872849826916493 0.14757267870739 0.100718881228499 0.0477376031716544 0.0901705918619364 0.0151575626815746 0.087590864794 0.186136295767543
0.114581913109389 0.0831873554307028 0.174154428677158 0.101627538437346 0.0113752531759196 0.221829348554211 0.090149260963497 0.157992455107232 0.0451024465445444
0.165333536929371 0.167222792488939 0.0739082219775732 0.145681217162418 0.0666143798204669 0.121122453437787 0.0702112101743179 0.0785289688367528 0.111377219172374
0.143271514679116 0.150097685201057 0.130969534873218 0.138732855223211 0.0983286101801695 0.0319508066620852 0.130496573775527 0.0852818883798007 0.090870531025816
0.18381394614324 0.165945686833355 0.034025438413639 0.127921192506167 0.134292615140652 0.102992740630047 0.0390820030246048 0.0344393684824893 0.177487008825806
0.0954617090237533 0.175551826251607 0.204040017411665 0.149616062617356 0.0315253052118173 0.0590333355173605 0.200617940018463 0.0269359371394572 0.0572178668085199
0.1804919196898 0.0240535808749162 0.0589528876014143 0.128192990486726 0.000819739472454946 0.0241959733106931 0.200904861781581 0.198925175077186 0.183462871705229
0.226941338856205 0.119692707523916 0.119748839373187 0.0303449937668152 0.264787307258086 0.00331661067631631 0.00384008185153232 0.0201594148575386 0.211168705836404
0.0442355589734247 0.141385598252839 0.117587860736062 0.115419723948931 0.0276117891581814 0.101004982249189 0.050661094486817 0.191617652184645 0.21047574000991
0.118170669259329 0.147754409699131 0.172999209696917 0.0382048129875723 0.101180963075687 0.176845225228201 0.125020811065704 0.0162633699412168 0.103560529046241
0.106430349455737 0.0898627945751025 0.155075292790033 0.0465663690904951 0.0826721131413042 0.0838386894915882 0.172731499334376 0.156070703392139 0.106752188729226
0.0777581854495553 0.177545455092832 0.110304703250892 0.03442931472636 0.119507806715963 0.124608540971347 0.175618687625981 0.0797960281664111 0.10043127800066
0.141343764060489 0.0751468732059027 0.123962323663718 0.133463841294952 0.151454967929567 0.121884742184239 0.0504668564523903 0.185538157580774 0.016738473627968
0.130360530757256 0.141824588834004 0.140458077928486 0.062863914335773 0.125041531057308 0.05013176245426 0.163380761625287 0.0952422253891835 0.0906966076184428
0.181226783995069 0.184226583214478 0.186582233527487 0.0755201681903798 0.0160723576868555 0.0386676658378305 0.0576143073861998 0.136126124590183 0.123963775571518
0.0933552407384493 0.159932273749465 0.183593440739741 0.179783177391198 0.0554882419908654 0.0346462391375702 0.111903562586925 0.0475347596207834 0.133763064045003
0.234436388224264 0.186294461475687 0.0262594362960294 0.047547337674201 0.15006517490538 0.0786951595461701 0.155850561775335 0.0663808589736705 0.0544706211292637
0.0201185933980799 0.00346070761072603 0.0492351983156299 0.0885245339706536 0.105127180089129 0.317173395071343 0.167093108917078 0.217962279485475 0.0313050031418856
0.148397873873813 0.164731610279847 0.0450938410912049 0.143925586070874 0.0527244087476052 0.0442421836268133 0.115208411562317 0.170391820794157 0.115284263953369
0.145492488196365 0.145591223513488 0.0536545886148218 0.144443775679468 0.157488781983854 0.00927528468672678 0.102687527554148 0.065359745768691 0.176006584002437
0.0897768381126608 0.0128801146531153 0.126666152597822 0.204404762405738 0.141904216981595 0.136091355596289 0.0521651254286307 0.162718338389293 0.0733930958348555
0.157717327168789 0.160140087617141 0.110333786390545 0.0251088485609093 0.128092937999163 0.0836573133525036 0.144949963850418 0.0335958245055083 0.156403910555023
0.0948845979315601 0.0978577101124781 0.0016045756048632 0.119670365696624 0.117548815903885 0.140163878735201 0.139319549285326 0.151973505388766 0.136977001341296
0.108948815195682 0.0250807311174048 0.212006411702183 0.184387109477339 0.100507564359485 0.178386455542399 0.0109789290998779 0.173228261330352 0.00647572217527758
0.170799158285488 0.0442550196770605 0.175681568938694 0.113766040648327 0.162369055017617 0.00242844970122954 0.116411835404905 0.110022259660125 0.104266612666554
0.0767293831574292 0.072681670397618 0.175919083644003 0.133355656017092 0.0596872598496916 0.208555397126072 0.00800816567602285 0.235962488114785 0.0291008960172864
0.181763325833258 0.177091637477908 0.165018100324933 0.0430188871746287 0.0297741920829711 0.0584793647282387 0.0838331048846788 0.101485923167793 0.15953546432559
0.0796597072926997 0.10218981541765 0.178717113540183 0.102744569641854 0.0496059885086761 0.21805680957496 0.0084422279940661 0.18361648195253 0.0769672860773815
0.0639687532494703 0.14270270206038 0.0498161358460021 0.126046070602316 0.24201839923865 0.217675056073795 0.00122341612224162 0.104506985105437 0.0520424817017067
0.0994442431456965 0.0917939308832875 0.097708720392304 0.0820344703356374 0.053151731036434 0.120595922263847 0.139916726642663 0.160761360826063 0.154592894474067
0.0967473957693075 0.011644919355266 0.21982568960616 0.0913904242326242 0.0624776218650411 0.0178308384994755 0.248898897880241 0.175580353159654 0.0756038596322321
0.0195202559764495 0.0827057730493358 0.173012771205989 0.0516271631586209 0.193661822407096 0.12427004388717 0.160812535170023 0.0613000058550936 0.133089629290222
0.147610133003055 0.122325713691523 0.10065673923234 0.138319291045767 0.164053033260135 0.0655641625800935 0.118511116109677 0.0362332597578294 0.10672655131958
0.226669565792215 0.0558513266207146 0.233412583912409 0.00154992069637104 0.149835157177191 0.0908314938777426 0.0515079269298903 0.13825881958142 0.0520832054120474
0.134866312798341 0.129851396074785 0.0183769319796137 0.106451203623555 0.0330780615929622 0.110581031811333 0.14326753807226 0.146788094650818 0.176739429396333
0.0590392177039673 0.148184037780221 0.153502888938884 0.0702366934832256 0.108951926101277 0.156022599198552 0.143957750079259 0.0124019532766289 0.147702933437985
0.0631569629516093 0.202702818403348 0.16146082988619 0.0886512152447991 0.181497387984866 0.15101977144412 0.0552041491845547 0.0687635961646115 0.0275432687359017
0.165993645562306 0.0390579497386452 0.0348191776753052 0.112914370342238 0.083025231969753 0.150504383486658 0.114683394820569 0.123382058862572 0.175619787541953
0.177391744040404 0.039711176131147 0.126325350183817 0.0939527019691662 0.0704135973858778 0.0736855768738315 0.144510273087177 0.0980092614043782 0.176000318924202
0.157076280437359 0.273042296747775 0.0148007103496601 0.0115691860752273 0.235835059166608 0.0532947410478742 0.0889441356443901 0.147238566205383 0.018199024325722
0.0977943269009208 0.0988992912139819 0.0377000000320945 0.179268747511804 0.017934300194506 0.141935122172168 0.186766813214064 0.215290711202757 0.0244106875577041
0.106845041909063 0.0223661594955782 0.0347643671426731 0.0310185529863276 0.191725985149885 0.271650332892319 0.109792532194522 0.202839620988918 0.0289974072407153
0.111659328682731 0.199186749308432 0.0106825348453824 0.182436250845509 0.155113546011319 0.169230585910521 0.00842639522343067 0.11011374482367 0.0531508643490051
0.0352525421048351 0.0588555169453912 0.126750181545844 0.065959351844357 0.158097809570425 0.147530709544038 0.191923495696883 0.200096643527096 0.0155337492211312
0.0164737297080111 0.0849409841562204 0.166933035552132 0.146226275387777 0.16785192848643 0.174968010331794 0.159946469474392 0.0054690702809747 0.077190496622269
0.0333436048036635 0.204024799708409 0.115850901451168 0.173191263840816 0.071029546499215 0.138120318768497 0.144523180533081 0.0689118754523537 0.0510045089427971
0.16441866029718 0.175854869110548 0.00547336055550508 0.0923681840887668 0.109385816605326 0.133080571888137 0.0278472245271829 0.133020936484083 0.158550376443271
0.0400170467330557 0.123875867980993 0.136912807432913 0.212546122936874 0.148795668655677 0.0470171046527705 0.0308768368598927 0.0366610723831612 0.223297472364662
0.0961276520024669 0.232387837177453 0.0492132565055964 0.150906937840176 0.0220107298114452 0.140113488110127 0.199152910303462 0.103585783085501 0.00650140516377298
0.17725605558584 0.0197084563220004 0.00180310613667764 0.135324956245309 0.0862195453146197 0.0491144486149047 0.0723763070997822 0.237344966266571 0.220852158414295
0.128112201925471 0.0626469160544731 0.134318870142065 0.176063718408126 0.0289256939221626 0.0913819759049778 0.0655879542454491 0.147841394223922 0.165121275173352
0.184068957560787 0.163446556291466 0.0131106578852079 0.172223143684177 0.136248863223161 0.106242843353224 0.0568112857356034 0.0415412541785289 0.126306438087846
0.213939483383344 0.0439144351685842 0.0773338810155783 0.0796733805400858 0.0911548429053564 0.186545558006981 0.0971569566406039 0.172283909495656 0.0379975528438098
0.0361469925681652 0.159236462657954 0.017887528120876 0.17186049369186 0.139539524214762 0.122446874668891 0.0209190524908805 0.1711918509624 0.160771220624212
0.147021398379758 0.0727413098529516 0.109627479469922 0.0795816805940162 0.137191276938783 0.17012979217195 0.0814067296895919 0.0627980068628716 0.139502326040157
0.198672664480167 0.0491985071227781 0.189577487502646 0.0659235616302448 0.19609514094395 0.119549671880741 0.0425909067833798 0.0500124579911787 0.0883796016649142
0.0626601779034369 0.154233378892207 0.170968183728821 0.0393553827962997 0.117301264086424 0.0426767991816716 0.0331979904289143 0.183955049050775 0.19565177393145
0.205265795125209 0.0757181013632974 0.169594497607215 0.127625947420444 0.053480279700217 0.217974324909052 0.0601559985772079 0.0443656782097204 0.045819377087637
0.144844818432081 0.202237836720002 0.189927719096683 0.191438709586883 0.128625379795902 0.0505046449944326 0.00662553446642521 0.0459219498795264 0.0398734070280638
0.147273541972505 0.146270509876755 0.0375207746877101 0.221518759087984 0.0943575973214604 0.145755077175769 0.0133181269351695 0.0718475459180342 0.122138067024613
0.162213273720371 0.10043900312101 0.18299759608799 0.150084306140194 0.0977366607379844 0.0283132636307512 0.199189419397067 0.00741101081035262 0.0716154663542796
0.0264017203052568 0.018460903354618 0.25722494627439 0.144617112518401 0.0134421453710566 0.0640315406877017 0.0466310796321509 0.286098825326615 0.14309172652981
0.016412585910866 0.215312448817879 0.017144916404178 0.0908689930617747 0.14924654241833 0.16993383372753 0.00755064005641948 0.169982459836795 0.163547579766229
0.22794247666307 0.0801013664316387 0.0247082990105387 0.0801586169129315 0.0257360721291152 0.290633184344625 0.0445915869363581 0.142786328082329 0.0833420694893939
0.168260298013946 0.0307159329313921 0.140975045325373 0.0389426096577508 0.235902963164881 0.0064490416407797 0.0368906680230631 0.158821369197576 0.183042072045239
0.0418613733972825 0.209388536184106 0.0699133531277382 0.229468517033642 0.0627167324785205 0.18732752777443 0.121416742174249 0.0325355357733104 0.0453716820567213
0.0330987033573671 0.234845538932452 0.117501783742319 0.087176635491646 0.0649712902857004 0.152107219892739 0.0847637227161493 0.212574226422143 0.0129608791594837
0.152835596063437 0.000315380157672744 0.0877853536066173 0.0478974389266007 0.0270762469860241 0.148980554943915 0.0798671584793188 0.316051886614844 0.13919038422157
0.311095333718723 0.106883227266558 0.0845606631238382 0.0330394589671808 0.188535997798485 0.0601710563406684 0.0637856489913427 0.111183026076366 0.0407455877168377
0.165592422544481 0.149523239889671 0.112283528359767 0.117398505307918 0.0302948937226055 0.133072909778846 0.0585951524542717 0.138952728604405 0.0942866193380337
0.104389352624195 0.0613069109069109 0.146020234781262 0.13372026650989 0.188837736035786 0.11367118956921 0.16006742077826 0.0570478540587399 0.0349390347357458
0.0701951525520293 0.136401694341915 0.0678734138800456 0.115069723187108 0.145849132826567 0.0913040382144903 0.131094791444 0.137305171521482 0.104906882032364
0.0904785418157629 0.0812710208164127 0.1296458990351 0.0562140906706389 0.163259941409454 0.119160703179465 0.160860511106562 0.192715158275513 0.00639413369109039
0.16833660725985 0.106244709357655 0.0157548315123829 0.147990714632518 0.0629260072854034 0.109140225067533 0.13918407921099 0.209401100254062 0.0410217254196066
0.0496944316394586 0.125648024485501 0.125480880342644 0.0778186553533445 0.0038311664802487 0.157798568332894 0.142124995408867 0.153603124262807 0.164000153694235
0.04187655397035 0.111860998919253 0.158312543179942 0.108254105749805 0.0670233300350336 0.106967836521218 0.120174790317447 0.174609007910801 0.110920833396151
0.144126544144852 0.143534179229724 0.113936597144067 0.142827880545164 0.156008696688936 0.0700210205057405 0.0299404930134251 0.0522912788369276 0.147313309891163
0.290442756538803 0.118860268393224 0.1370836813983 0.0857091965902264 0.0812604400170038 0.0663050289739589 0.00944905830987921 0.0274877466874503 0.183401823091155
0.0701627541950914 0.0986773182497709 0.142310323200545 0.0255560617056973 0.0780412420356801 0.170459145478681 0.218446230201587 0.0501792356943537 0.146167689238594
0.0406915056965102 0.0773124952217384 0.0776191208602712 0.0210555251962397 0.0116750743303185 0.0518286931450216 0.110444427301278 0.279736579185355 0.329636579063268
0.0334073990477463 0.0611515202739671 0.00621290197354215 0.197497358760837 0.0635093258725315 0.153369941974839 0.214827810496981 0.0739259402050855 0.196097801394471
0.207139070928626 0.103816774842476 0.114942425594203 0.196214734513959 0.0403356895123731 0.214668544046225 5.74419033371356e-05 0.0309185407179016 0.0919067779408987
0.164370522814144 0.0140229296652259 0.12469803090848 0.115949378139999 0.198355586418628 0.0877449556879845 0.0684947421467428 0.0317254055485319 0.194638448670265
0.171626355866863 0.0798852060701381 0.148314328750471 0.102021126877318 0.117150706770924 0.0237178178942612 0.0722058068793875 0.16011354128943 0.124965109601207
0.0676988630802983 0.0590399283196063 0.145210083229161 0.181904306096579 0.00383025305091699 0.0955419365286111 0.0873229834932276 0.0999029396868948 0.259548706514704
0.116126732890903 0.0903471192457385 0.0241863398333696 0.177407395759124 0.0111212892817352 0.0397580974943933 0.253562374113413 0.264558093110393 0.0229325582709296
0.117233080442762 0.122398811141608 0.0179357810116102 0.148655765380273 0.0996567098358307 0.085406206237921 0.14527146107443 0.122516833994495 0.14092535088107
0.00417562349571144 0.206356014049415 0.0823295249885086 0.199628629938906 0.127351801879896 0.0208515931241503 0.171249108551843 0.0632283834318366 0.124829320539734
0.207506281681139 0.145298265705777 0.0162268931459184 0.109206273659518 0.0274282336670214 0.00781857187149636 0.211096755118 0.147943499121713 0.127475226029416
0.0779355500692201 0.0529998119583106 0.106445519163014 0.0836718790790538 0.0123931767735492 0.199991911406037 0.151374959704255 0.113569389514882 0.201617802331678
0.138819850525204 0.14104071891859 0.107714007950551 0.122369845995803 0.0407071996370407 0.0728790169699583 0.0166849138910065 0.162380304529399 0.197404141582448
0.153823332310336 0.152122435419798 0.0977747093630394 0.121985088266598 0.103522804901482 0.116389796059026 0.0685526748298155 0.0570313393117107 0.128797819538194
0.105883161261285 0.0665229392763474 0.175123943442414 0.173520871261484 0.149622633509163 0.162826026194796 0.0626391651730892 0.071278093418096 0.0325831664633242
0.141719680799155 0.172485633100966 0.0492448547238111 0.0913591758108806 0.192439306882349 0.017940277312092 0.115892658921236 0.167116852371171 0.0518015600783384
0.158014478808992 0.112831812160471 0.198465908536803 0.0498950685318755 0.0478727101311025 0.138787976848805 0.175867783027127 0.0567066508238103 0.0615576111310134
0.105243749135475 0.215571866088482 0.126422193759639 0.035037665131947 0.221852430813737 0.0334292411107558 0.0314009090231672 0.138228834020561 0.0928131109162358
0.0019649955007677 0.126726710555764 0.0184635477873404 0.26091826080776 0.107517337578703 0.0617644265930436 0.172325209389933 0.214596796654556 0.0357227151321323
0.0604591382180557 0.00170506495154784 0.0847128484595997 0.161454203891413 0.226463279537451 0.156355841005734 0.0248983834091878 0.0650772938510335 0.218873946675977
0.0965181517812173 0.0053543843704975 0.0436749447208868 0.127046125556427 0.0309821749910151 0.213564598810459 0.204323381762395 0.0970513700763257 0.181484867930776
0.0617301539447475 0.0903392353538463 0.181055701363526 0.0417710885754875 0.183193126785928 0.104708268954433 0.0783990699452337 0.154719579237301 0.104083775839496
0.0964132569676055 0.0676750992138739 0.0764678513267135 0.10506842701291 0.169504186711769 0.0862586355648657 0.175166511709233 0.0890520756097215 0.134393955883307
0.132547666729171 0.111976738068391 0.0400182178924742 0.0559141694667328 0.154958735051279 0.176829805502904 0.00268268133165067 0.190747638268293 0.134324347689104
0.201047023576038 0.219949833207947 0.0592771531664717 0.103752751865362 0.0668931725637006 0.0786670998189462 0.0259340906625388 0.179422268061703 0.0650566070772929
0.134920862511107 0.177968242811933 0.154481766223343 0.112710901204566 0.0842286982498871 0.133184384315005 0.106106361256618 0.0435281411153053 0.0528706423122351
0.127308170880204 0.0939393385969687 0.102076839191858 0.11460707184654 0.0821230803397103 0.164179907024457 0.13456103112815 0.0314389509984956 0.149765609993618
0.153396068142217 0.149341954581424 0.144584390240094 0.0798981409876673 0.0685939769856485 0.152834662138113 0.0859546797421543 0.0730162153916023 0.0923799117910805
0.163011885090336 0.196545763896114 0.0384862456885067 0.172416506679563 0.0817593335874922 0.105158714839169 0.10996453648635 0.0801848722938691 0.0524721414386005
0.0088839374938605 0.116723471041126 0.149386496893148 0.156925899442524 0.135140020227156 0.0683539883574166 0.188765801895946 0.17263278288846 0.00318760176036217
0.345880302272002 0.245183052047282 0.0601879741078459 0.0437280022066482 0.103449588158347 0.0559082341130758 0.0166989724771891 0.126053758079085 0.00291011653852528
0.103256885992149 0.0382447658450907 0.100846706321087 0.105526435093028 0.192500142885997 0.190132293232197 0.0741076583307741 0.0636685726216334 0.131716539678044
0.146208923867333 0.194530774765961 0.105896011533041 0.114584800105231 0.0728260464023871 0.0709424577593001 0.153944332140745 0.0491480110945142 0.0919186423314885
0.00656939548080488 0.211955291979982 0.161598713628056 0.0916613686248806 0.10001001637898 0.169457011664285 0.153135478449106 0.0825560640296472 0.0230566597642587
0.171235932912611 0.0734064342139884 0.165233698738417 0.182007497158319 0.0509495987883357 0.0281256879633851 0.243735308730463 0.0158469920659187 0.0694588494285622
0.0911851574749526 0.19359263528483 0.0718589465721706 0.193876878955582 0.021111200764568 0.177558245216798 0.0906825103837303 0.0306466090610568 0.129487816286312
0.0245783942536569 0.118000974662228 0.0361994076453831 0.220374843827961 0.0376809518804144 0.224792389174737 0.0394093095912591 0.125935433690699 0.173028295273662
0.0794450800647357 0.134213121985197 0.169977185772257 0.0847282175444405 0.177022861525086 0.0929468121521718 0.0358982526228191 0.15419433544559 0.0715741328877026
0.161388470975015 0.0877852249457142 0.0952265516611838 0.042818724779023 0.194465138385149 0.0201667787208337 0.206360332151863 0.00776189570574308 0.184026882675475
0.0934009850024399 0.175309654848787 0.169437247336127 0.0714885102379638 0.165268895288579 0.0624928233785027 0.0980047834848711 0.146962470159153 0.0176346302635763
0.100677584436488 0.0202277302918162 0.107818150459113 0.188323836727746 0.0207833930618041 0.13329305727719 0.0614158173814876 0.158407096894988 0.209053333469367
0.104439524240636 0.0972323789705561 0.0397270657472281 0.158640417705377 0.158829725703027 0.161539363732501 0.168115640061402 0.0591473159528592 0.0523285678864127
0.0515428500251046 0.110286514843672 0.167575610168536 0.106956011579913 0.135114046496936 0.0305492857966043 0.161757612996162 0.162927861363276 0.0732902067297956
0.203973522201406 0.0993575376440009 0.136759790510749 0.0970175393361153 0.0216744737765321 0.158611588504299 0.184618585757191 0.0731143211095929 0.0248726411601132
0.0401149095809817 0.134835305649134 0.125316851545157 0.0166449466449461 0.0197449128794101 0.240978737934739 0.275003543442787 0.0298875946904892 0.117473197632357
0.111088545190255 0.0235496193310366 0.121238389383577 0.118877907161331 0.214908473473214 0.0173656590429495 0.0670002584309385 0.14579960574085 0.180171542245848
0.100371350788201 0.185414362347248 0.168714604407416 0.170356688947614 0.0889831486110378 0.0089333807641275 0.129358998214377 0.0680080627774265 0.0798594031425532
0.0264666033100244 0.115968758738833 0.156666251645487 0.158845192127322 0.134084212160215 0.0364931472102314 0.034919753299593 0.158215250541778 0.178340830966516
0.0538283026315823 0.0316998031371838 0.190311420134507 0.0474789412041663 0.115807625965908 0.160317508972933 0.162543956633263 0.133482059060623 0.104530382259834
0.138514190269288 0.0143603584923914 0.0730744851576621 0.187203691576848 0.0880216214310337 0.042542821152873 0.136371778666518 0.179700351960971 0.140210701292415
0.0395905766869045 0.205904189625316 0.0332399681113948 0.0995265007889239 0.0794484529655579 0.167502594335272 0.16704652365562 0.00235778023682404 0.205383413594186
0.0535182657607531 0.124047294217919 0.185616302533121 0.135721237330241 0.130023674651625 0.136962122929974 0.095446775474888 0.0175235343736412 0.121140792727837
0.0853381584767585 0.152411881327538 0.00673019688032631 0.122537563994445 0.180063616191169 0.0472878410680262 0.189030885098898 0.053244354582767 0.163355502380072
0.200125840427855 0.111389578079934 0.148549651486905 0.212846630958423 0.0225986947957447 0.155379359133933 0.0368490225299755 0.0801251466858949 0.0321360759013348
0.119049513878706 0.0566014211189252 0.196121102298498 0.151390058370745 0.0232684044400577 0.0820782635641188 0.0799152155145831 0.202228128720667 0.0893478920936996
0.189600779679674 0.135133909816823 0.138453140181053 0.0173847111996992 0.172983521280913 0.153869271050574 0.0190130309670695 0.0588023728938047 0.11475926293039
0.065666442062251 0.0953086878385058 0.113453040702228 0.0835210514022133 0.177482637914492 0.100540249279888 0.127881548771397 0.0719190504303584 0.164227291598667
0.0244133449563992 0.0407261458106655 0.22339164922324 0.0583062062423036 0.108394807222193 0.0810044579140276 0.00907988220712013 0.208437074859499 0.246246431564552
0.047278169081246 0.151513436114114 0.0389185087241746 0.043219429529468 0.0967170152219714 0.220371681899569 0.140797556090895 0.0853502684336463 0.175833934904916
0.122667433050301 0.179818040308233 0.135218125924195 0.108357264473792 0.124933335385105 0.000255614750052993 0.0354346958863268 0.146033478088461 0.147282012133533
0.210334377732217 0.0857241800907301 0.0792279440031277 0.0301618128788606 0.22205749081922 0.079469670061189 0.156508151222199 0.03344363728324 0.103072735909217
0.130348935896695 0.108426440056569 0.0209365179682918 0.133172145676447 0.0280829276890349 0.151501702851465 0.146299527419916 0.165998925682846 0.115232876758735
0.129551831626592 0.128186106025057 0.145252154807885 0.139986431772678 0.138592229751474 0.0340722313394993 0.101599012798492 0.0895243377834701 0.0932356640948521
0.102071464520334 0.0190296623016395 0.00408732061260043 0.151627482943195 0.149527468657923 0.159897717185214 0.165690621972329 0.120252409122816 0.127815852683949
0.0741529428561097 0.15822906912647 0.0942276077543802 0.129364379627936 0.136415207278058 0.136439707999954 0.0722367407900614 0.111672932459105 0.0872614121079257
0.105439833091942 0.0966263622896127 0.0749191512712348 0.207836330800231 0.0095501567525722 0.239898906504632 0.141466716706135 0.115501739365273 0.00876080321836686
0.0498460768194358 0.190193647708003 0.164849265425281 0.0195700185827909 0.100328070324463 0.0473432517492799 0.144835201683686 0.0769427275917905 0.20609174011527
0.155882549036987 0.171806959723018 0.209086780149445 0.0321871952893073 0.024024813864619 0.0414299223880086 0.149561275575627 0.0949023616558695 0.121118142317118
0.0915296095882414 0.156697106504824 0.141951254193728 0.0438002758393491 0.109013587519265 0.144640688755943 0.0149135156166544 0.160898356952609 0.136555605029386
0.034911967928234 0.0672761963027171 0.0230911943572507 0.0699763620006081 0.0197027248536336 0.0839649645607377 0.183154829837818 0.171769591232954 0.346152168926048
0.138406281694072 0.0485057478692152 0.131435288791359 0.15168430467715 0.0411146863711569 0.152376858614802 0.132870599622534 0.177554935768206 0.0260512965915039
0.008818896442068 0.0408944307444542 0.026433804218337 0.287896458141912 0.0192206360449952 0.208554559759278 0.239097149675944 0.0262876970620578 0.142796367910954
0.00926026005603423 0.0573491898653256 0.209358091889046 0.17458866687512 0.0200164181196169 0.0323149317544976 0.248159856836087 0.238529635152427 0.010422949451845
0.0908565283658366 0.0446281623869343 0.181464700450949 0.196287329948784 0.0788844626636506 0.157740313171355 0.0807746286787208 0.154105776178985 0.0152580981547857
0.0719310009115821 0.11008860508198 0.0117628194749808 0.151359489583777 0.100798065359531 0.163883174348598 0.136168476230509 0.180157473397436 0.0738508956116075
0.057042638644444 0.0120786128501061 0.17394741348413 0.059822255752895 0.107360285792753 0.131202193683757 0.128087420869375 0.168449544141808 0.162009634780733
0.114193138055079 0.105665853777664 0.0656434836565775 0.158759246063717 0.140865970227594 0.117895368173738 0.117840041046528 0.0279007033955538 0.151236195603549
0.0421149839601613 0.305918172847144 0.0302502231802434 0.0840970198663015 0.0317595431212978 0.287607344219419 0.196225965348231 0.00145355584073295 0.020573191616469
0.153459064251421 0.0376090798597243 0.100318650322879 0.126316847119147 0.136769825765508 0.133635093939846 0.130270126209866 0.0379395905690218 0.143681721962588
0.134282878653517 0.0313577923184441 0.182439397410162 0.119326179013473 0.0578843971435057 0.0480926248785633 0.195298898924398 0.210552689531858 0.0207651421260797
0.177758551400138 0.166769960221893 0.00326754686006143 0.178826194100639 0.00623544836458534 0.18154083739977 0.049065437816683 0.0517246977465299 0.184811326089699
0.207520769277006 0.0363076012464073 0.124580100183117 0.0612961606517282 0.0104944764118046 0.260071926548411 0.0335993860693384 0.124530328147582 0.141599251464606
0.0343280201689059 0.046203397871515 0.120004205582625 0.245207112846956 0.0338023540562397 0.211320408277406 0.0435218587385618 0.186144615066682 0.0794680273911083
0.197589464525764 0.158142567950234 0.163446821754489 0.0723248450211991 0.106039241370858 0.0113771262731322 0.14644717029675 0.00182157906447992 0.142811183743094
0.106597697882591 0.121207787914806 0.096942544041452 0.144620433233423 0.0544189391671424 0.0708559846226379 0.218457942289472 0.0254691070804481 0.161429563768028
0.129150937525903 0.0657348235926819 0.172341553441907 0.00107713408795216 0.120334301579517 0.18118580168772 0.13110864674609 0.108169730359844 0.0908970709783847
0.244996463596479 0.0534547495477035 0.133779362192593 0.0146781296650761 0.0885296014913228 0.107281098080722 0.00829034817992834 0.23824515832525 0.110745088920925
0.101509712074973 0.0682735038519967 0.132770012687786 0.0160324625641055 0.187648778318096 0.170768059156678 0.230285984926855 0.089531131553042 0.00318035486646827
0.0368939992454031 0.195840467611994 0.0738049249028325 0.0768332794540864 0.136656177365337 0.0233606878682124 0.161343623025291 0.0994260342516979 0.195840806275145
0.0165010159358361 0.031862748121671 0.159303954408681 0.236453648255403 0.155172981121357 0.118011682388697 0.139677684561334 0.0467576596690995 0.0962586255379214
0.130531515085673 0.0541377233962201 0.179473952666222 0.0674965790024151 0.233106729593429 0.124398755797951 0.0503952877747167 0.0795386318747868 0.0809208248085859
0.0371273092444571 0.175689861450193 0.000955377013418881 0.115262067940757 0.119817867713085 0.0839013209691773 0.026176295674439 0.217945348311486 0.223124551682987
0.0910294519998228 0.113496783350734 0.0771304893469529 0.0943794840406015 0.15935198169659 0.128105440559244 0.128930226983966 0.110071154701504 0.0975049873205853
0.0862359546406341 0.117196183105307 0.182957177827179 0.0281528306619996 0.172032991606323 0.152980261633362 0.0533200301817691 0.148613124103709 0.0585114462397177
0.0993902603041221 0.203687698197575 0.200494062810062 0.022634139676189 0.140100785231514 0.0598966533058509 0.0368073074624656 0.146913829422704 0.0900752635895177
0.109171172254219 0.192324771800859 0.110860876337232 0.186192773523261 0.084075945346046 0.00793541989382875 0.0490589534668022 0.0169941540177569 0.243385933359995
0.043577251680895 0.047155694540308 0.0625666813457528 0.109042192837417 0.0230915175978217 0.258321599133794 0.198490239847391 0.0237092008562836 0.234045622160337
0.0282263805100366 0.0757255541711797 0.207308535409365 0.088508961733995 0.205547063995998 0.149489962809373 0.155931048430226 0.0485799098060896 0.0406825831337371
0.246372485773413 0.00558121863154752 0.113784451363979 0.149761098887993 0.0336146073927378 0.142785299517468 0.0678665903567247 0.0692894227656004 0.170944825310537
0.100326167284335 0.218198995244935 0.0115789432159201 0.0656900827461555 0.13964948227298 0.132788099388869 0.101573586961673 0.161844247372112 0.0683503955130196
0.0510285149332453 0.22416189772456 0.0848496604672305 0.133853188994107 0.0947466126436845 0.0162625652084562 0.190505153808311 0.0228745692397914 0.181717836980614
0.0616624456817257 0.214813068792223 0.149423917431273 0.15174331415209 0.0458837468353976 0.186004236453706 0.055571832136999 0.0139240838756387 0.120973354640947
0.0745092644751198 0.0272418576929161 0.0342944920605071 0.125670802133896 0.173691622620361 0.0833563430576114 0.15715980090053 0.147288699107413 0.176787117951644
0.016255564193294 0.0456070930016256 0.112297440647824 0.215339715453444 0.0986695073831374 0.216078257732257 0.163474828078256 0.101401680403375 0.030875913106786
0.0782368671372743 0.1235524394305 0.0958525577045893 0.139427610772988 0.122288510145779 0.13071761124049 0.0868508379666086 0.109338898416993 0.113734667184778
0.0436776603678557 0.0999601603949965 0.164805805350586 0.176837703051222 0.16093551188341 0.0691785332477442 0.14304404588229 0.0398690743250763 0.101691505496819
0.0716337925199625 0.180492900494445 0.0170310401622959 0.242586399413126 0.0733075285813532 0.105658457592375 0.150182659079795 0.0199147016030685 0.139192520553579
0.143943386114107 0.162285386166261 0.130004125093041 0.114763118331009 0.0048525327367837 0.0426725713279758 0.0819689087346938 0.199534642159191 0.119975329336937
0.0917046829976105 0.0857916457640964 0.0927985106990803 0.0828688147500321 0.172429251106825 0.118743570384137 0.148969192173475 0.0756318514655898 0.131062480659154
0.170250589309046 0.0975265313460709 0.12291023878758 0.106311419590908 0.15298218799571 0.115335951503085 0.0319934139450897 0.0847002933315509 0.117989374190959
0.0457072552080171 0.1172766835808 0.169119058436588 0.139527030626649 0.0768664284993955 0.142602305877171 0.0199984451380879 0.104817334451202 0.18408545818209
0.173218547811557 0.0535662200483936 0.143662011318401 0.177971135962381 0.0344631342080888 0.170102550633402 0.145932579006886 0.0120875960810827 0.0889962249298073
0.160894995497673 0.0214827316136276 0.133558157575532 0.0786610258913648 0.0169478138283925 0.179952848158031 0.0614636064614711 0.197752407865619 0.149286413108289
0.17697737838725 0.146091000640634 0.0385907806388559 0.0984040453802266 0.0420737239991826 0.0944558791353652 0.211734237858447 0.109992893242997 0.0816800607170418
0.00793117584167819 0.107475989552192 0.144822457116282 0.195896502467326 0.0928315384503517 0.0736951409632128 0.18831104750058 0.181528172837517 0.00750797527085968
0.0440841129942307 0.115592851309647 0.125041194781711 0.0580486775961703 0.0617234318176951 0.00531179692558169 0.105199481643125 0.25760194769814 0.2273965052337
0.0494516901423526 0.0413727982348029 0.117891736430795 0.00349939997855296 0.0853434140633917 0.255457355539136 0.0235686047396495 0.310072591353951 0.113342409517368
0.0915225454487729 0.0637235637989393 0.245365690510493 0.0432308619109948 0.164842709643014 0.0861126294027337 0.108836555405466 0.067822328498053 0.128543115381533
0.0245962760701329 0.0429797783803898 0.0919883869054258 0.199725419789136 0.129214319156767 0.146006101430808 0.197277059309605 0.111000526297536 0.0572121326602001
0.100322490622616 0.155517778390028 0.108024430142134 0.137058210106289 0.155216555692389 0.141842715432853 0.163263514911062 0.00179584578602471 0.0369584589166033
0.0999002105443623 0.11698706744273 0.0642030512927236 0.0514804732956464 0.207436464895591 0.135045903965878 0.0323891881816268 0.187933300434671 0.104624339946771
0.0222111748613102 0.168345618268272 0.151041856289499 0.104308388720581 0.000616987575830285 0.0647224723737524 0.241527037942994 0.204689150377137 0.0425373135906242
0.161441347761406 0.0794502799876103 0.0562710490447894 0.0946498877917734 0.135754743462348 0.117509970128288 0.150508978223975 0.113301596795251 0.0911121468045587
0.168748411343892 0.155357372312339 0.0785673311674159 0.0215409812169111 0.0923222046857973 0.0407138162730469 0.121437635908504 0.166655950364972 0.154656296727121
0.0340210759896546 0.0210681930961348 0.130353427863208 0.159069416841858 0.140999455639572 0.120841951987839 0.108038975373625 0.126478888822371 0.159128614385738
0.0435537768517851 0.00780353689163544 0.27829477572459 0.0312799849506808 0.00696670967869266 0.1794233273551 0.269856501793445 0.142790197436083 0.0400311893179875
0.074972476109485 0.128778549296042 0.0614542495232157 0.0777644794926822 0.219814931027464 0.211073426026238 0.0371256101090056 0.160764176373637 0.0282521020422299
0.0645937030783963 0.1338929347314 0.116388540234835 0.0296667076399687 0.171230765223049 0.189575157893133 0.180209907238096 0.0718583254256908 0.042583958535432
0.127350972393342 0.102618971948076 0.163409666185051 0.155594961394435 0.125670276416847 0.0830360464599895 0.116419666302609 0.0315995634389792 0.0942998754606719
0.272054512308527 0.0806783704142321 0.0373413937379491 0.236266296189436 0.157034566154759 0.0253757785234894 0.120157390467665 0.0158871722491446 0.0552045199547989
0.153999923848807 0.10666117624804 0.0991587406036784 0.146452464087343 0.0436718286999046 0.111687206764843 0.124527239512715 0.136960326574732 0.0768810936599363
0.165500209633181 0.155055003111337 0.0486051317128894 0.0227641384455258 0.200205448018963 0.0781646285339694 0.00513567076889799 0.157555297348052 0.167014472427183
0.0945620112619375 0.0698930579928445 0.0231221676814153 0.0306756288303062 0.211540757004949 0.204882940632248 0.21472258531903 0.101376959254978 0.049223892022291
0.00839953387606087 0.208821389235038 0.157351293252468 0.135736335276917 0.203547103312643 0.160181763958673 0.114809908318178 0.00712828242767971 0.00402439034234137
0.0712690783056815 0.145891306591765 0.137906739467505 0.151244552555023 0.0388148195171134 0.117044535204985 0.135863134989726 0.00960767625176953 0.192358157116432
0.046984935171347 0.171064728027122 0.161037533767416 0.0676261846023869 0.15319217679026 0.0375072715092495 0.118983106643637 0.16096856409759 0.0826354993909912
0.165790278022149 0.0952043657419633 0.12071511300139 0.170000268839084 0.0449676123649044 0.0334183021142149 0.188717565368736 0.0892713382644062 0.0919151562831523
0.107126200930016 0.0222817715604629 0.215842918270728 0.000342509829136331 0.224068843696042 0.17004159321561 0.157869058024777 0.0154130422552793 0.0870140622179482
0.086245594834951 0.130856452249828 0.0625856576478701 0.151773996844052 0.218346613107121 0.116421304293071 0.0381813966533271 0.0298074730719979 0.165781511297782
0.0517078829496336 0.259425987702439 0.0790588070224079 0.0379282887203381 0.199972575130192 0.0225601415720636 0.279589610285235 0.0138174925976511 0.0559392140200399
0.115684296842065 0.0645971078854575 0.162715932885288 0.202802414143877 0.0244276499605702 0.069535530076654 0.160696115671922 0.125525401440995 0.0740155510931715
0.166014649626691 0.234215405700682 0.130357531306849 0.104260183233021 0.0757153590964759 0.0303620591899021 0.0606386144882171 0.156601787130488 0.0418344102276737
0.193314096160964 0.235364543625175 0.173055520207496 0.115606894243664 0.0225936793926756 0.0101348136489806 0.181810740069243 0.0446544453625984 0.0234652672892028
0.0119891162586468 0.0206567661802741 0.182393665381684 0.271951485318179 0.149658624072787 0.086579169690644 0.176960075053362 0.0181743115221978 0.0816367865222263
0.187367149456497 0.0664891212577284 0.0640614110941095 0.172865111897027 0.000271182110559777 0.219206367418868 0.0693679348676362 0.0414194380360706 0.178952283861504
0.0607469509382859 0.00470410866899669 0.079324778917016 0.108987145710889 0.22070269521705 0.115845100918804 0.14255923127492 0.196717940731043 0.0704120476229956
