0.0743179783562957 0.251476319879869 0.241656780152233 0.0521846027640219 0.0835920824782697 0.29677223636931
0.223823304023148 0.110113295046838 0.293426946514061 0.213777414050805 0.0687886999664683 0.0900703403986801
0.11544023294956 0.288505829123732 0.0784498832531936 0.0721106373981845 0.259388980806937 0.186104436468393
0.166503402506802 0.0527756885883212 0.108052242586786 0.125461197128923 0.300158751248264 0.247048717940903
0.196403704293112 0.193039928734645 0.0594600682713622 0.0333276841860248 0.264087067545999 0.253681546968858
0.151448629007215 0.0881786970396494 0.296796215939624 0.411847948048329 0.0103508596285005 0.0413776503366831
0.0250212204976621 0.127357197629439 0.275334540783793 0.0048117899404775 0.334129275370737 0.233345975777891
0.130292461427327 0.129353518541773 0.220010591357643 0.246642969059961 0.132785508574381 0.140914951038914
0.188516955452308 0.0505139145255134 0.32871480495331 0.162151478702985 0.105891763638064 0.16421108272782
0.0197217195604989 0.113458575576677 0.353750928061895 0.0012973507449878 0.371548262164027 0.140223163891915
0.22123595252288 0.257994040491143 0.0928989650624796 0.0542161891867428 0.058594207038241 0.315060645698514
0.321788186008677 0.180004874894172 0.21584274745732 0.0606981263690345 0.0231472809451673 0.198518784325629
0.164718147686109 0.123152656198945 0.163386201937898 0.241359111001187 0.241604690417922 0.065779192757939
0.310866158648569 0.119430252781123 0.163254976440456 0.174801560920949 0.215075003361382 0.0165720478475201
0.0474334311831162 0.333704775168041 0.137869431338773 0.155478460123512 0.0501592748410024 0.275354627345556
0.0798955239586844 0.278588898292697 0.0829787988450233 0.18409679192426 0.279594101110607 0.094845885868729
0.0566200922566777 0.366161191173531 0.244672256490761 0.173793077226225 0.0467686428616849 0.11198473999112
0.317891651422508 0.0746485174507712 0.244024494075896 0.142546750681849 0.132378483911455 0.0885101024575202
0.31780331906685 0.00269994939617691 0.224808280526455 0.021260649269841 0.352396552826102 0.081031248914575
0.18961520669352 0.107925540319593 0.327533912291187 0.0189576585440576 0.0746460135062357 0.281321668645407
0.173872152393696 0.270035992207889 0.161331190851321 0.280434221173227 0.0700052245253149 0.0443212188485526
0.302878423941639 0.150662775549029 0.0403741798537171 0.255070675372725 0.0204413068931464 0.230572638389744
0.220112303870082 0.144355393348952 0.0722171927361558 0.271601455217905 0.087809050807504 0.203904604019401
0.0648217077877071 0.16604568208678 0.282490742840562 0.0451190713587496 0.191206028179102 0.250316767747099
0.180480498600827 0.122147948287405 0.288196467275493 0.136026637404156 0.146161748199428 0.12698670023269
0.153821560746746 0.156182249404498 0.252240585410944 0.207879848637082 0.206694079004231 0.0231816767964991
0.275053262633452 0.0420443770157045 0.292848034268602 0.222991889936892 0.139929198876155 0.0271332372691941
0.196526099531609 0.467690037411694 0.0246886205419704 0.109617336782538 0.0742010518465924 0.127276853885597
0.150881510010113 0.242673291015235 0.00175588625266121 0.237732893006584 0.0476000268202457 0.319356392895162
0.0764879673935892 0.358202651183443 0.187913351425754 0.172143989735565 0.123151528119197 0.0821005121424505
0.0911990056529531 0.284867739857164 0.1587014901396 0.0999696160140223 0.292106541810534 0.0731556065257261
0.00241162994562059 0.34948790851101 0.204615010477537 0.0542926501405736 0.167293869815552 0.221898931109708
0.0303770549759764 0.192232294781864 0.0394673112946739 0.203135856114401 0.257493203571331 0.277294279261753
0.151407397516665 0.234889806098309 0.279648471468725 0.138391975338222 0.0622879568631126 0.133374392714967
0.196907524726685 0.213376867713653 0.139330833403332 0.103939335394192 0.209501602034853 0.136943836727286
0.111700597019808 0.0182791254933859 0.217052260872986 0.205852852865513 0.345835901445874 0.101279262302432
0.22067100412422 0.189435586115899 0.123109932361828 0.154392246931264 0.20089082161013 0.11150040885666
0.209454480389661 0.194487156878755 0.172319046486987 0.0798225558228337 0.174346488677883 0.169570271743881
0.235453937302989 0.239535683772426 0.218476070293761 0.175012518940116 0.0465715811122918 0.0849502085784168
0.22706188060122 0.177451545902322 0.015137305760253 0.102518851139986 0.267348181431148 0.21048223516507
0.122194664592105 0.205236095393421 0.0582479208193499 0.130177557993023 0.340907390969548 0.143236370232554
0.0351653024388741 0.319715421344744 0.283337603565123 0.0100120110942127 0.243216858442014 0.108552803115033
0.143130074849524 0.0372835386315513 0.222229554598382 0.0293575311708096 0.248352787372291 0.319646513377442
0.242203008492689 0.345573720516934 0.264727630880304 0.000808268110650862 0.138362614150702 0.00832475784871958
0.043018880377017 0.30267559310962 0.281652681746055 0.283591792843603 0.0209325254073666 0.0681285265163381
0.256084259834181 0.00850554031400636 0.276047930964026 0.178564795279079 0.0888848851141371 0.191912588494571
0.181061844485486 0.0642621070577563 0.191843230584044 0.269785984643461 0.246960441239863 0.0460863919893892
0.144275563051301 0.129130308321055 0.141530300636316 0.205774688794471 0.200129413290169 0.179159725906688
0.21420791888713 0.243195555915581 0.0843839567124083 0.21342856788722 0.176520182318045 0.0682638182796163
0.0270681551715401 0.30302944824752 0.278747976943345 0.0303891130843547 0.342079240313902 0.0186860662393381
0.184809737013813 0.146996689882121 0.255243256638512 0.101447504792082 0.252288426712605 0.0592143849608669
0.214400284482223 0.237023725665256 0.0225953231725591 0.225485796275993 0.158537680377392 0.141957190026577
0.208149807583436 0.193447839859025 0.12926509001691 0.199423729086413 0.149571733402036 0.120141800052179
0.198379229759262 0.272499214014481 0.019782681023818 0.246046245568175 0.240934124768789 0.0223585048654751
0.161096378052171 0.0940317609281869 0.117055940783974 0.137583592431164 0.326094356487708 0.164137971316796
0.0221395498071893 0.132576163624679 0.0397818396482243 0.425872479316188 0.308137519226047 0.0714924483776732
0.152666936991616 0.127534066980099 0.230982954654889 0.11324265474229 0.156480412156797 0.219092974474308
0.0542667829268507 0.19314873352984 0.106746397069258 0.205202572098243 0.334672002698809 0.105963511676999
0.107242890331572 0.0736063153499577 0.117315424635855 0.214647361391295 0.268809575810877 0.218378432480443
0.0357862325643459 0.150950950411476 0.0443516463076976 0.142925036087486 0.334082840337335 0.291903294291659
0.178601231555115 0.161340806169247 0.0312330574878229 0.24470555461827 0.207226751876614 0.176892598292931
0.151494025056342 0.0814126797366356 0.0665012970537784 0.335891066028419 0.158652159434792 0.206048772690032
0.250531517891699 0.188546495146009 0.200499565903119 0.000790813350177346 0.10677066389109 0.252860943817905
0.2311376486023 0.0937845158375692 0.274193716968557 0.216611387434707 0.144397961898769 0.0398747692580981
0.00602035937867272 0.289510341062237 0.226292204561963 0.0641100862141848 0.0689522318864876 0.345114776896455
0.139289062677376 0.229767910388508 0.255389930959351 0.15718075722775 0.11874309568615 0.0996292430608646
0.164297279512106 0.218490750390803 0.199975640022832 0.0596004763063509 0.101189875383934 0.256445978383973
0.252861072121987 0.165149900577503 0.00508984769212364 0.164328514692777 0.185226895276109 0.2273437696395
0.224261826760841 0.167026663407217 0.154509495463904 0.201287929502306 0.0180640887366039 0.234849996129129
0.151321693952449 0.105026760712953 0.198690506897428 0.193969953076247 0.144557433464764 0.206433651896158
0.0497312302765142 0.0288511361708726 0.224650793995229 0.138161049086221 0.144161287356598 0.414444503114565
0.218790556851276 0.0399130634238598 0.229036648539786 0.173613085327013 0.233304426804063 0.105342219054002
0.0188525485262482 0.215047189704269 0.106974683417094 0.175536755982309 0.23926528923599 0.24432353313409
0.035788400867627 0.00847029644383953 0.0177156914442651 0.323444336877473 0.295894324591124 0.318686949775671
0.0359897773581691 0.165896383946853 0.24753404845803 0.215571303823377 0.242241499989787 0.0927669864237839
0.165138723632438 0.115213394895085 0.284632695922914 0.00177010844904082 0.190462406004871 0.242782671095651
0.0783361728031967 0.249839719209872 0.247169853969861 0.209437853240051 0.153015815458671 0.062200585318348
0.112228557088448 0.17468187817412 0.0497822879874478 0.202242954813383 0.203189922974373 0.257874398962229
0.124327835838333 0.296732470635272 0.0800036368323134 0.354677875282878 0.125442232741389 0.018815948669814
0.124514429390726 0.275497959065412 0.0883078027909676 0.182352003828768 0.139322704785243 0.190005100138885
0.0293128472551597 0.149314223724628 0.124906360468651 0.284544207656961 0.158060168664683 0.253862192229917
0.282376183288578 0.0529091945906642 0.175363963533641 0.227217515968313 0.0471092032147144 0.215023939404089
0.213783545662002 0.0612459722625014 0.289757281001041 0.125494612362601 0.226014962101608 0.0837036266102458
0.253313812993612 0.175810310286962 0.0244889431854611 0.214499929959493 0.163832295662883 0.168054707911589
0.0729687060650039 0.26797938585805 0.151519141858592 0.19197576458128 0.225412439273313 0.0901445623637621
0.464661341425449 0.220453922375615 0.103489428014747 0.0263297623671768 0.178160312155271 0.00690523366174093
0.0673882057986417 0.253389622012112 0.0523455447826193 0.214292886797488 0.235950470201795 0.176633270407345
0.0414407396547299 0.0984190389109861 0.0138073631125509 0.0105754432993669 0.423668985411066 0.4120884296113
0.299622842315498 0.0171758892253982 0.112041695566158 0.0588517986330267 0.207783536213274 0.304524238046645
0.223426070191177 0.128707504706154 0.131672319539489 0.149728265503272 0.110882809968176 0.255583030091733
0.0668115188048222 0.23207781379592 0.0260411945475861 0.37578432545992 0.119503801837101 0.17978134555465
0.0244870713261381 0.10415632315436 0.170417571002999 0.0724014476166892 0.325115170340091 0.303422416559723
0.169972000626761 0.195112495597516 0.00773800791393522 0.125817708221705 0.279010988795827 0.222348798844256
0.170386568112098 0.290352765736644 0.132743435928633 0.0547857217169413 0.229042800015347 0.122688708490337
0.0807038009892023 0.23095344301816 0.279548419142563 0.0190805297102332 0.249459862909487 0.140253944230354
0.308432749458959 0.252987426579762 0.168011478672005 0.176001390617449 0.00977973833188025 0.0847872163399451
0.167857627749522 0.00721819208484856 0.185127266653625 0.190792059182183 0.335394887234801 0.11360996709502
0.251554632663932 0.279918559726933 0.196957042436769 0.115745153724258 0.145929213899164 0.0098953975489442
0.332817457446854 0.0147853311354065 0.14099572650918 0.338490477111614 0.16830668234989 0.00460432544705683
0.219638454245767 0.212315885868612 0.164441902289842 0.128343224732855 0.243996939932432 0.031263592930492
0.183060837717952 0.2468997783331 0.203703683569378 0.00103966967843881 0.179763242773372 0.185532787927759
0.0652859567484047 0.0398374326315512 0.120302243632223 0.214070743416079 0.301480404392377 0.259023219179365
0.207936100263532 0.210572286323516 0.179528994509312 0.0592477237436763 0.136300589898742 0.206414305261222
0.20105739814626 0.168183082632917 0.0756410403663726 0.177744034112955 0.197899375582601 0.179475069158894
0.175694842846935 0.150346022006867 0.191912995459722 0.0828967274113255 0.202196939086761 0.196952473188389
0.0727467612675548 0.155976844735157 0.21380680078498 0.165173780012613 0.249185139101344 0.143110674098351
0.170759030577005 0.112792238011874 0.19923518174751 0.161230309359032 0.15105412193533 0.204929118369249
0.0368543027108236 0.115636783965754 0.165408329431127 0.219708665216924 0.273304687062308 0.189087231613063
0.176642299150645 0.175336976360292 0.149654908204997 0.120950791607545 0.0550568130501186 0.322358211626403
0.104308843564891 0.220053757493871 0.0657820935643757 0.00536140290333705 0.366196558080447 0.238297344393078
0.0548955000672795 0.281571666960312 0.258813302228586 0.205727903900462 0.017350548678816 0.181641078164544
0.178056660558573 0.211304634353164 0.163921626772902 0.0485927454673318 0.222908600071323 0.175215732776705
0.153415524676925 0.0569171704937541 0.325004963920269 0.201895406552124 0.0318037276021889 0.23096320675474
0.0407001091355345 0.0563727993052364 0.265791743332693 0.252299527905425 0.261922196748676 0.122913623572435
0.366413038935357 0.307699290949613 0.0650455495584235 0.101668614119058 0.0536838919096839 0.105489614527864
0.147846667493987 0.137941551867171 0.2533197987681 0.190574544538296 0.249483353029973 0.0208340843024735
0.0927155282088942 0.0725793958119727 0.278588346655812 0.00420852194006751 0.270663062675887 0.281245144707367
0.111271172499717 0.176259741356812 0.361160106395429 0.128115854841296 0.170316333994532 0.0528767909122139
0.239740210241153 0.359447145182431 0.106292731312908 0.0314940569661196 0.259731252946492 0.00329460335089677
0.207094512288042 0.175713736818332 0.0699625603063206 0.126365034283716 0.21452780771551 0.206336348588079
0.080366258507483 0.295552580013432 0.124496978224068 0.204258745949624 0.20036699134331 0.0949584459620832
0.24063165832681 0.184755782867138 0.114801418528737 0.0670130410289103 0.114449672268581 0.278348426979824
0.171693570736128 0.0373583120726458 0.28083420786426 0.18168198322482 0.261077051212148 0.0673548748899981
0.153152859976366 0.150641483806694 0.0707832033923308 0.0210964107164419 0.0861252060859135 0.518200836022254
0.175943190495319 0.193048972720372 0.0230873069405554 0.226088714674818 0.354266830150462 0.0275649850184735
0.265387232855113 0.233544366526476 0.0557933775585197 0.12340249813843 0.18777019566324 0.134102329258221
0.210771911145338 0.269656239939454 2.14986417636113e-06 0.40030503332656 0.112883082600489 0.0063815831239831
0.060693711173193 0.217076387088398 0.205981876631729 0.170401469621823 0.27492539697955 0.0709211585053066
0.259393552606912 0.273171169545188 0.050714294706409 0.107875393864371 0.203794550878517 0.105051038398602
0.209660605285518 0.107995607949258 0.286471330846135 0.264396520229284 0.0897156283289251 0.0417603073608804
0.258230609150698 0.282849813731971 0.0102681771237796 0.109961368211387 0.192788710230226 0.145901321551939
0.140875178005448 0.329459701568899 0.172557355572263 0.244874717432032 0.0510173257010423 0.0612157217203164
0.113290907014085 0.209774779631819 0.112657380612633 0.163188312537598 0.174047822192225 0.227040798011639
0.146080896850892 0.200292072426416 0.0701908457275605 0.222214451991775 0.223545226629731 0.137676506373625
0.184354428217106 0.176688024522178 0.170138129966742 0.179135380741051 0.0810143110671172 0.208669725485806
0.116852819674143 0.16649376952586 0.0711857533314424 0.222466654628385 0.203927555969062 0.219073446871107
0.0856161961302592 0.269153600271564 0.164009656127823 0.0988794908615442 0.168533152377803 0.213807904231007
0.239594175215831 0.167215333360422 0.062639360588676 0.220879661215605 0.0938363884980339 0.215835081121431
0.144431177773716 0.0150286267724103 0.23304048043837 0.258668059556742 0.162360278332237 0.186471377126525
0.0277923609206856 0.28254783613237 0.137886202373304 0.39234057014014 0.128534738346427 0.0308982920870732
0.00662704367420902 0.27429579237788 0.0536387753708923 0.269881018538381 0.229735844110337 0.1658215259283
0.0672641234041231 0.219121847333481 0.0421251337198396 0.228653150487135 0.214213573490814 0.228622171564606
0.34330949379541 0.0629283486678203 0.0693367464092999 0.099950997178801 0.262814807285871 0.161659606662798
0.226742735833928 0.271817370810093 0.0777605821551067 0.127848407180176 0.0757039893026926 0.220126914718004
0.273825637037897 0.065187536020995 0.0582038637704774 0.273312758516552 0.260222092976557 0.0692481116775216
0.0464863952578288 0.20649000874386 0.173538280222105 0.184217930367889 0.153547709099369 0.235719676308948
0.0181169338616736 0.287554879781721 0.0969866267275196 0.310275730865775 0.14400817374359 0.143057655019721
0.144931485623027 0.195123037393228 0.31134408210058 0.0200760390394709 0.0529713030052379 0.275554052838456
0.124445584315052 0.263898841643853 0.199938550815452 0.290415316896957 0.0530389864325547 0.068262719896132
0.141579250297911 0.185089314881883 0.0570416763668093 0.31521010430934 0.195590692367426 0.105488961776631
0.146988983124048 0.149360733196613 0.218337805818048 0.111346410356977 0.295268889830012 0.0786971776743012
0.136872853091111 0.279607363182716 0.0782962399497997 0.135239201042269 0.161606818301558 0.208377524432547
0.145949376375122 0.323778690481016 0.142202718311575 0.100793054327028 0.282452633308522 0.00482352719673677
0.13383874458559 0.28701463531887 0.251367716635106 0.0313733655784417 0.00436176457981961 0.292043773302173
0.0731746616179779 0.168312444568112 0.150498543691568 0.227016039309508 0.239707089221424 0.141291221591409
0.0210429598438144 0.130666304491473 0.337854821648163 0.335563379149928 0.119999829023746 0.0548727058428746
0.254959667081618 0.138769638876592 0.195865373204718 0.0881197518325785 0.203812596605564 0.118472972398929
0.097527585042673 0.157554398349252 0.165423335765874 0.132964907096035 0.161378675987534 0.285151097758632
0.219206139759227 0.218094397841262 0.0486929020134989 0.205873248900571 0.199910952493346 0.108222358992096
0.137906008788818 0.225033024686402 0.0703179955140116 0.180676221937953 0.192390321628841 0.193676427443974
0.0374838200983148 0.14477102384596 0.198898270377169 0.124497354732382 0.201848203925689 0.292501327020484
0.0133438733599327 0.108966893468758 0.159242361765168 0.201466235927904 0.23649975945355 0.280480876024688
0.161134117978849 0.137008675073044 0.174020331338123 0.18876999015616 0.173563407426555 0.16550347802727
0.305752302053935 0.281725658814301 0.00402618969638375 0.0829675281213723 0.171002997321201 0.154525323992806
0.229131741305887 0.357641599989549 0.0822538184912803 0.136863509336146 0.0920987665439803 0.102010564333158
0.0183580589753124 0.130662429164041 0.233300113279168 0.0731533967607817 0.270006183271084 0.274519818549612
0.0165487186711971 0.239107058241872 0.214772897768895 0.024547931532443 0.297718413987988 0.207304979797605
0.0176806002030625 0.253261024821523 0.0578426042033822 0.0963140295946782 0.428132346050902 0.146769395126452
0.339098772874179 0.28186724337459 0.0639429352920117 0.0641475114425627 0.233834812480437 0.0171087245362201
0.0355712187664824 0.181641626181395 0.22704100757473 0.18980770571065 0.105795582911889 0.260142858854854
0.194922567245027 0.283275435566455 0.205350660570729 0.0673022026964846 0.091730488724417 0.157418645196887
0.0175936644154136 0.253646241849117 0.26423233608162 0.136564335223912 0.17412942286208 0.153833999567858
0.0490801975702223 0.229038222301599 0.0519106562764748 0.162390159258609 0.274375922069552 0.233204842523543
0.229084565045395 0.19529538816582 0.131404075746157 0.121729592750038 0.226083586697678 0.0964027915949114
0.100529921351842 0.278875130774635 0.24563079059411 0.0651866995839994 0.250014401452864 0.0597630562425487
0.122757747540259 0.272992688012201 0.00476452113056177 0.288313142303499 0.107720535573534 0.203451365439945
0.179125700739432 0.111897849388071 0.19292314624713 0.0873987903505082 0.201779401200197 0.226875112074661
0.270937200318696 0.0531604951639667 0.300033939515598 0.0592015567539487 0.164125476094966 0.152541332152825
0.0957692093930907 0.181353847365549 0.0635586864810437 0.251872538321868 0.21046578160356 0.196979936834888
0.00913857563807553 0.235575450682765 0.274959095413837 0.0163574831508314 0.222287993914309 0.241681401200182
0.023938825146358 0.129900803639448 0.0729619380445783 0.304865616115525 0.286755866115867 0.181576950938224
0.116027819595716 0.241137462381003 0.225207651792504 0.25521201855028 0.115633118337403 0.046781929343094
0.0599206278411706 0.140925723900247 0.234655022656999 0.26877411727592 0.0891703820680785 0.206554126257585
0.359087068934149 0.0493988161948974 0.240324136324877 0.0135368779555292 0.00234879153125303 0.335304309059294
0.32391638138625 0.111440593382844 0.276678425007441 0.117599846388413 0.0427779156584957 0.127586838176556
0.176849232455167 0.32485524753445 0.168754412268999 0.131495643088647 0.0803567613844972 0.11768870326824
0.293392659634369 0.165927224058652 0.0357376676857629 0.12238959514865 0.259491729345013 0.123061124127554
0.0842243693924871 0.0063432643139793 0.24198885240872 0.237221852356661 0.182002937616991 0.248218723911161
0.236822627494942 0.345589436340982 0.189050981357114 0.0908473960811477 0.0157091108500001 0.121980447875814
0.161383526059571 0.0248914945930303 0.0648911640307906 0.154678023915527 0.3452165829419 0.24893920845918
0.215862809405306 0.0575589656314262 0.151389322233895 0.103740115604567 0.322530781173612 0.148918005951195
0.196775600894333 0.00250689862861104 0.198075317074811 0.154042710458083 0.215869304645426 0.232730168298737
0.288146469868315 0.343522659407494 0.0958100622866145 0.0234007482417871 0.182283059315054 0.0668370008807348
0.0778663055656689 0.350677607969516 0.210524383540024 0.221438450625486 0.116845680736088 0.0226475715632166
0.0252651357953085 0.0633134653255552 0.213672836816121 0.397160242352976 0.18752795595596 0.113060363754079
0.0691168007059066 0.230986316921662 0.153980146110143 0.273279862099789 0.0546215575621656 0.218015316600334
0.0976640524497471 0.250939877730375 0.209342791451313 0.169950122379964 0.240721005145576 0.0313821508430254
0.0796521443706725 0.310826595841198 0.247399633034872 0.0234867981592474 0.120658437831366 0.217976390762644
0.200006261404428 0.281821421314666 0.195113717742628 0.0387140297799045 0.125460760054022 0.158883809704352
0.0692811477912141 0.154156671403915 0.118243761028051 0.217303985902832 0.300553187730017 0.14046124614397
0.272713658882806 0.101272685504682 0.119808330849459 0.122272162998638 0.128016795590405 0.25591636617401
0.103666975187196 0.123851263755281 0.264883890062787 0.207716905632947 0.0861919407250726 0.213689024636715
0.0941702736699841 0.214587175072791 0.18825120073225 0.203776192270257 0.0512552639691119 0.247959894285606
0.0164865342194203 0.247142542923459 0.0340935327884501 0.252782828556357 0.205908870487027 0.243585691025287
0.0253105435581265 0.229287471411516 0.159429982650069 0.198479995954755 0.211620012903163 0.175871993522372
0.130825642443853 0.264562188468746 0.00973004131967306 0.326310612882902 0.0777710021640814 0.190800512720744
0.138066872567017 0.0569391124311257 0.184287423904591 0.269008479233649 0.163266676326577 0.188431435537039
0.156741896045913 0.161936754769582 0.145202422836987 0.229766238422157 0.23573512490104 0.0706175630243222
0.202745984725655 0.283879448060119 0.0788015607993008 0.142618436109525 0.263519548646373 0.0284350216590278
0.0293336830883728 0.342007027505626 0.202992445561429 0.0913510988256058 0.0254336905357736 0.308882054483193
0.0495542537921936 0.0239104739124666 0.147612055337729 0.375273227779124 0.0547523227827028 0.348897666395785
0.245289649025002 0.0579128176474943 0.0615661368588965 0.271672299286255 0.0821699544388167 0.281389142743536
0.0590787493603553 0.269674224275235 0.168204221992264 0.175069648505033 0.257377920005856 0.070595235861257
0.147202664017655 0.120693289001102 0.231487019297402 0.203381587221054 0.176754668003504 0.120480772459283
0.202090427219474 0.1909761940334 0.185961495164815 0.00920650887419995 0.275477238985834 0.136288135722277
0.0901152751711262 0.311953003980264 0.0291149664510348 0.483941430443088 0.0789940647654306 0.00588125918905694
0.154595866193908 0.145707176833856 0.150026758968033 0.0945374187574117 0.321169575941092 0.133963203305699
0.0793385504037314 0.282294934076675 0.157602696457188 0.0625605342491408 0.25946627591262 0.158737008900646
0.309614350987905 0.0568061649604917 0.0528815202470295 0.24518930984497 0.0672322152181742 0.268276438741429
0.165539211684807 0.211445934004727 0.0794569995277325 0.0928322873931372 0.193984764369404 0.256740803020193
0.269772634441914 0.284542293472821 0.183742963927192 0.18265368775944 0.0390520876046775 0.0402363327939557
0.26305754480226 0.330759659348109 0.0713147662997308 0.237132622780662 0.0272755903486053 0.0704598164206334
0.288439775931515 0.280424147397505 0.229526450999443 0.101824328928976 0.0353566097742159 0.0644286869683447
0.153847057964875 0.00208465866592625 0.347603721549921 0.0193176183246352 0.104329515478503 0.37281742801614
0.0679480236996296 0.186483127878392 0.129758916790974 0.223721011339362 0.205138876330737 0.186950043960906
0.239394781975471 0.0327944546823639 0.182159990445846 0.154953722987385 0.291295693865994 0.0994013560429402
0.343271817233733 0.229149249466468 0.0175662499055658 0.245596683448916 0.0616083471769843 0.102807652768333
0.0286268171437128 0.318454915984446 0.0633568443350184 0.192372471077743 0.177319183525574 0.219869767933505
0.240960074235765 0.181966070751618 0.0813248779166271 0.0893737907739291 0.164409178714028 0.241966007608034
0.208449991368684 0.268450736946676 0.178614209382128 0.0494190606887051 0.0423311066459523 0.252734894967854
0.0163411181605475 0.209351398573707 0.261708283942501 0.0943733785022965 0.141707557105377 0.276518263715571
0.265734449502881 0.0355350900422738 0.194655704005385 0.133864148598245 0.26358540473113 0.106625203120084
0.29879927015323 0.0554950325415335 0.0158483017676052 0.303248166363341 0.248873075815245 0.0777361533590459
0.313820777525726 0.00525152043707727 0.386820837061173 0.176104407329767 0.0301315595904858 0.0878708980557708
0.028263958202825 0.064978251828806 0.218469632731897 0.269097665012452 0.0134586602924169 0.405731831931604
0.211974410649286 0.107633618279945 0.247481718964338 0.127429837808044 0.102465039664708 0.20301537463368
0.0610488155232105 0.147570819552796 0.18983189747866 0.203828905916624 0.204532385620033 0.193187175908676
0.212268582568778 0.101870799253842 0.0172209111493713 0.273141276385636 0.23147481786047 0.164023612781903
0.26096969563299 0.180326420045206 0.105587986359415 0.228441144970621 0.0334612146236782 0.19121353836809
0.309260853512838 0.212575379429298 0.202127982903261 0.000741680435719519 0.14633719490332 0.128956908815564
0.0148588087743318 0.263763650338477 0.245373303404995 0.151203481427714 0.259070690621998 0.0657300654324832
0.151120355160369 0.10166177501208 0.223513307331653 0.116181088347919 0.266571721430455 0.140951752717525
0.259492941288394 0.250275010250937 0.091059215085313 0.0717563039659374 0.158674119395357 0.168742410014062
0.360182461447277 0.0527016665713836 0.0223624520097434 0.253015587840154 0.0461948368923659 0.265542995239076
0.169464760946685 0.153534136825801 0.0281778610421353 0.111117080740131 0.230958946166824 0.306747214278424
0.0807718805323671 0.235035476511938 0.0312833876313603 0.325689827279739 0.299543947114258 0.0276754809303381
0.0259434358235431 0.0542921600711963 0.262459380120543 0.119209475981104 0.273768979486614 0.264326568517
0.265916316682311 0.160280954138027 0.0883156150898809 0.0585120587411927 0.224277551874757 0.202697503473832
0.165881429596454 0.0645572020843057 0.314580102119951 0.0443385845195084 0.25519796700924 0.155444714670541
0.0785083240987198 0.274858420778053 0.237192798105197 0.203266462663384 0.107657754845825 0.098516239508821
0.135428341920872 0.260988358829739 0.123455344566817 0.0458686285663924 0.267267276795391 0.166992049320787
0.302788392513394 0.0654559448332079 0.239755674309902 0.135968401321558 0.230979080809783 0.0250525062121549
0.0301960452675522 0.0157340022278407 0.283935832583174 0.259123331106063 0.280134991053238 0.130875797762132
0.0480169236660648 0.180839859926644 0.123647368459937 0.188207431911968 0.185067927077472 0.274220488957914
0.205456345454573 0.0391364350038697 0.18935339000222 0.188853277291499 0.183634004080895 0.193566548166944
0.258866140866522 0.302206052365611 0.186076161141552 0.14597017377057 0.00788554206765051 0.0989959297880947
0.18510339547933 0.0201689469742923 0.250419408084395 0.256755324803272 0.263810646866947 0.0237422777917634
0.181422351370257 0.208077649353087 0.209222896726142 0.119322453311062 0.178124091194226 0.103830558045226
0.102911247370978 0.0281445642013425 0.233401447810514 0.0240502233065211 0.290423901329711 0.321068615980934
0.0835223758631894 0.0881084984377136 0.260738171704535 0.0445643940044966 0.416648798329145 0.10641776166092
0.18273539113882 0.143081448371708 0.0411051855658507 0.265318692740969 0.189156897345257 0.178602384837395
0.183726744977985 0.254553740442708 0.0931996566276963 0.0818279246827947 0.187469493851536 0.199222439417281
0.267958137287754 0.0360765048818114 0.402473516442653 0.149832526101517 0.0767282050706803 0.0669311102155835
0.0754980835994108 0.157937102751492 0.276770461348003 0.249509981274324 0.0691281458267839 0.171156225199986
0.223327372427755 0.193660297219602 0.0202214251363314 0.188762200574803 0.137047527617985 0.236981177023525
0.0768588956147305 0.207312329471188 0.278838832744522 0.0771627011797337 0.256916755845874 0.102910485143952
0.0643380855553082 0.100008688211561 0.234155153358679 0.372219061090747 0.170677156838149 0.058601854945557
0.168526897226487 0.0961681203242659 0.261454033149742 0.253935191617689 0.0792184729733776 0.140697284708439
0.0420965679174665 0.217026009847419 0.293107473426483 0.217392473085444 0.174200822791745 0.0561766529314433
0.173855016079319 0.0268865495263351 0.232060428730274 0.049946953935575 0.267924044561319 0.249327007167178
0.0677035666440706 0.294686243817225 0.249047571667706 0.10388369006415 0.149142093686216 0.135536834120632
0.282314572483388 0.0919916671500794 0.0131691615475577 0.166055442305145 0.155582231129081 0.290886925384748
0.196799062580169 0.247763804028719 0.108235021680069 0.0813133675789799 0.179124339175039 0.186764404957023
0.105712878285863 0.0186210404238058 0.13344432729602 0.287039057962814 0.170312385503473 0.284870310528025
0.284714249188596 0.203682740723805 0.0550152712402639 0.26844500866422 0.159757717688605 0.0283850124945095
0.0908281800322437 0.129024313965269 0.240645197875691 0.361135964262751 0.0217436534282369 0.156622690435809
0.174366160086492 0.135219644915384 0.0976493781431377 0.239265611942995 0.100599407697686 0.252899797214306
0.154422414925874 0.0519488064170262 0.212537240314718 0.214396303427941 0.160629698252836 0.206065536661605
0.0848582146481673 0.164340985849909 0.219754766009426 0.225361922044034 0.05974952824741 0.245934583201054
0.138052870856804 0.0187518272224217 0.135157705458412 0.337635239416658 0.322638903266173 0.0477634537795315
0.0906684674222847 0.102345700209161 0.0119387775259885 0.191050530356664 0.311834045936805 0.292162478549096
0.189967402124143 0.29135142081669 0.200054001586026 0.0705835786396507 0.19635304312337 0.0516905537101203
0.0467327906714298 0.18151950805327 0.106693791915748 0.228439826327379 0.313797787330001 0.122816295702173
0.222504448317501 0.0717678391548914 0.147367103048442 0.150946524531463 0.262114916919076 0.145299168028628
0.101019551607007 0.200156758957115 0.0658109214801196 0.343895015670947 0.0843394994481535 0.204778252836658
0.0144068550565748 0.00658650305247321 0.109547808100044 0.0786224864817355 0.444083183084378 0.346753164224794
0.121792785051672 0.0289218070122326 0.160397354855545 0.223564853569503 0.257825144732535 0.207498054778512
0.203399719369317 0.146781133234202 0.167678212419448 0.11659685034013 0.20606158668577 0.159482497951132
0.145632296416395 0.153868027317619 0.118974157590856 0.198755838767792 0.205741549753242 0.177028130154096
0.215310126972158 0.393426526928379 0.193198607550988 0.0816318677287426 0.0676515744825974 0.0487812963371344
0.150188870152566 0.280905398663339 0.189450581012899 0.190674067462059 0.0875054325003136 0.101275650208823
0.0686092159273563 0.299739825177605 0.102471421995361 0.262078731348275 0.0972846009003483 0.169816204651054
0.360228679408549 0.121929314866365 0.146385486492826 0.327648704971009 0.0386082019494836 0.00519961231176749
0.183015773962323 0.248864185618109 0.082881637381471 0.0687537279461143 0.224192285789346 0.192292389302637
0.20472059200878 0.230885474993096 0.00394266684994477 0.175894908500159 0.170894336876609 0.213662020771412
0.000579528724935051 0.264597340853051 0.229381829962523 0.221966396713859 0.0307619819513536 0.252712921794279
0.10221239327908 0.0251785153579572 0.181216354790733 0.261338466699013 0.368553860965771 0.0615004089074458
0.227058672903509 0.16021781041865 0.20313986628092 0.083555268066396 0.177924356003163 0.148104026327362
0.0748461752641767 0.311017163404133 0.229115457415234 0.0532025053821748 0.265850456887418 0.065968241646864
0.021816285249383 0.386767308323555 0.0978862925470719 0.226366174785905 0.00197316294216471 0.265190776151921
0.41878862795541 0.148552969204092 0.199639515673133 0.00473189770999601 0.053308606531446 0.174978382925923
0.07798100167464 0.268989130149013 0.108573194669132 0.0133900596157016 0.359200874366021 0.171865739525492
0.288193965880337 0.0167538785994194 0.145740476119983 0.303627561124428 0.133964457198969 0.111719661076863
0.269386768398653 0.054448915257672 0.105884659034617 0.0985684684592137 0.241495989048707 0.230215199801137
0.190240239763412 0.0356219119120438 0.17931198800273 0.162754786012048 0.165191588683765 0.266879485626
0.163381354927508 0.098390562377088 0.161327657820093 0.0942286938256994 0.244694931927309 0.237976799122302
0.304917485895516 0.0186694317642643 0.0602932741803374 0.112865782478668 0.141380751846344 0.361873273834871
0.00623936149183781 0.140781203756279 0.249992945117316 0.23066542726812 0.158320465571878 0.214000596794568
0.0316559086006524 0.302357971062915 0.124491997871761 0.230956110293313 0.162855972653062 0.147682039518296
0.021286995442151 0.229427646009991 0.120469517222122 0.259284590237358 0.188457606108209 0.181073644980169
0.143340034162587 0.0697713584795542 0.0735340289689544 0.287772141889871 0.162998949619043 0.26258348687999
0.130108424806149 0.0428821216434953 0.237228382070381 0.208115756780659 0.244745905780115 0.1369194089192
0.0853133080444121 0.215732470667011 0.111080584226768 0.218807457910007 0.206405390780138 0.162660788371663
0.142330355975916 0.214763682600852 0.185997001070212 0.224182573968801 0.0812140289762641 0.151512357407954
0.26968890178938 0.282325299871331 0.00273113292562827 0.40690966942045 0.0377411773739004 0.000603818619310261
0.154273997093419 0.280608532727003 0.213800262417664 0.0256719478390194 0.210063689527059 0.115581570395835
0.265801722187052 0.123556754785654 0.0999102528756227 0.127941111860045 0.130750240355146 0.25203991793648
0.357245668348888 0.0975677111377299 0.142111424382495 0.104216665487218 0.0750008972607491 0.22385763338292
0.0384798541046467 0.180508650115278 0.264128899629533 0.307235989476035 0.168921936679315 0.0407246699951922
0.068451189801836 0.0457184976983441 0.012425418658411 0.243083972379684 0.272899784960723 0.357421136501002
0.474611765561226 0.13405701962657 0.234952898254617 0.0023826693839892 0.078348205270734 0.0756474419028635
0.196909512431217 0.0795041654114979 0.112089817698045 0.200636252124338 0.164811008263032 0.246049244071871
0.198944931015105 0.0245559951177054 0.189846771380652 0.161924588892 0.200900881916387 0.223826831678151
0.164181442815015 0.0774639718587248 0.303934540250083 0.0723760734092087 0.225746230579657 0.156297741087312
0.0183828552838764 0.0780569907519719 0.376237142927941 0.292860177207099 0.0635689298838816 0.17089390394523
0.0502103891339684 0.202409392887306 0.201271127230792 0.16302486992337 0.200500066424322 0.182584154400241
0.00813706507758663 0.213527442531687 0.0794585504967538 0.307346902307546 0.217028795091003 0.174501244495423
0.297999377662233 0.143994157817275 0.0301578700488253 0.288296296145042 0.154471810292422 0.0850804880342032
0.243096769486467 0.167817648901364 0.330841942269591 0.127048894692882 0.0360934797467371 0.0951012649029593
0.150947444750467 0.179721900851169 0.124119056787757 0.036484604411677 0.220738476213921 0.287988516985009
0.298734561691022 0.310634534282717 0.0706335155350704 0.0243018862396134 0.143933470236738 0.15176203201484
0.199183726011126 0.0500738744747145 0.248823587859498 0.136696302989892 0.185856613383275 0.179365895281493
0.100547713285015 0.37115426150611 0.0309033227437952 0.293123741066851 0.137906638400979 0.0663643229972493
0.219646876763837 0.00787136595486039 0.224390622384236 0.0506854854550827 0.254567379275967 0.242838270166017
0.182527809291391 0.11463878641407 0.258011343547925 0.179056061082362 0.221872200578093 0.0438937990861582
0.235183227576984 0.0401043628323547 0.210972824330094 0.0664306592585846 0.109414053677061 0.337894872324922
0.320355614637967 0.0999767603909425 0.202244394307909 0.169953142392298 0.152545901941551 0.0549241863293329
0.16655643495699 0.178204759310098 0.0454772436268549 0.212749013402475 0.122275708083606 0.274736840619976
0.154661001420642 0.173868222119371 0.057773944093065 0.251972089564598 0.201876442032888 0.159848300769436
0.281161048192557 0.0187075379136833 0.110173098353499 0.272220386256795 0.0377715613369198 0.279966367946546
0.224288097670646 0.241982261141962 0.0296043670450728 0.272525160838696 0.0820661614037195 0.149533951899903
0.261112257157367 0.0619921945850159 0.18348768344769 0.0146368603380568 0.260746296971258 0.218024707500613
0.220273639716367 0.27660360189172 0.314677719782537 0.00744128189051444 0.0738569785416683 0.107146778177194
0.292840728075489 0.325728416474975 0.245050117302916 0.0277701653601678 0.0298284644870528 0.0787821082993997
0.244909667865654 0.340469188275484 0.11811640510067 0.0786536704014213 0.0691220281960038 0.148729040160767
0.146420279850969 0.287321447003447 0.105271593250542 0.227200466265398 0.177381400625439 0.0564048130042052
0.260246913320394 0.25742485230829 0.157607513120349 0.264708782758284 0.0275429091507134 0.0324690293419706
0.193439857168348 0.12882412344676 0.326324489241571 0.0475964682523799 0.0108679995844394 0.292947062306502
0.17497091739453 0.132665445380943 0.0441209311187773 0.225161282144284 0.1964608663217 0.226620557639766
0.264112836535459 0.00381016434935989 0.0715057671881453 0.267361508609004 0.230321358057035 0.162888365260997
0.162236926989746 0.133666314575836 0.185933308433741 0.215888511839646 0.170775173933257 0.131499764227774
0.251187562958567 0.205750747725212 0.195709004683895 0.0881474589052871 0.236458722468561 0.0227465032584782
0.25819387909791 0.0150466223912023 0.0479556629783943 0.327050667778194 0.17511060225413 0.176642565500169
0.100914187302627 0.0793196288080135 0.378604207706845 0.143275979036075 0.171241136218911 0.126644860927528
0.186029225946012 0.128837424507124 0.157918904671139 0.150417236259859 0.174698348307907 0.20209886030796
0.110816885533469 0.344023601428133 0.169222224948076 0.0870110398759043 0.222150962951389 0.0667752852630289
0.0724442468538254 0.234988522046126 0.0920194432845352 0.0624226897137657 0.251031706011609 0.287093392090138
0.294985334939556 0.19372707486297 0.204572889792633 0.121728528963979 0.111584884056551 0.0734012873843116
0.193032014856903 0.193600514516658 0.124108981091948 0.174580822243016 0.21935555749121 0.0953221098002651
0.128508330640366 0.213327395854112 0.280952809112574 0.0718178541829611 0.200257544331254 0.105136065878733
0.22945176258673 0.207204851861921 0.194048939661823 0.15802996564136 0.0420360638094282 0.169228416438738
0.197420168656812 0.00427051928562248 0.298728382449741 0.0373306589212227 0.172040174791955 0.290210095894647
0.0412316241687145 0.396950306494602 0.0380498651531477 0.278763100114891 0.155042685580861 0.089962418487785
0.134996604666035 0.166881847232716 0.200211469343731 0.209181959498131 0.228218405535525 0.0605097137238622
0.0299572283087272 0.0649340987069006 0.182975097785775 0.337547589465858 0.339846083886982 0.0447399018457578
0.00904492088617006 0.417188989659287 0.357015727579511 0.0245227231352945 0.0368130268487078 0.155414611891029
