0.114772731545331 0.1892200575275 0.12216535152976 0.139331844033031 0.434510015364378
0.113032467567203 0.248036481697606 0.243278501642328 0.19223992972635 0.203412619366514
0.0132840955138958 0.269946792614577 0.306757931267999 0.268628934499468 0.14138224610406
0.145702669716587 0.439015871777475 0.217551686950104 0.0550581825967488 0.142671588959085
0.252703901692716 0.190394261263573 0.249578690649132 0.252050427882144 0.0552727185124354
0.361796173106408 0.104659382591965 0.0952152577524524 0.412727006687597 0.0256021798615769
0.0258489206317336 0.242788931871398 0.231150481658221 0.279026874710037 0.22118479112861
0.180216831717508 0.201190125361028 0.210809483994259 0.0262019339006966 0.381581625026507
0.223059232783752 0.272377898501746 0.0787313599840382 0.143017281752909 0.282814226977556
0.197234469955349 0.0866034833308754 0.21082033013837 0.11423732283916 0.391104393736245
0.269438186971795 0.0161394665934957 0.508367945675262 0.032971104956012 0.173083295803436
0.278301114259958 0.0757835433523478 0.00922900449683915 0.354557767541463 0.282128570349392
0.198110113450608 0.234189471826781 0.276061379081785 0.237311794008037 0.0543272416327889
0.00252128334869605 0.20524937343233 0.259682952257628 0.213033559733957 0.319512831227389
0.310367821362629 0.173183564668932 0.23841117255144 0.0625849124968943 0.215452528920105
0.387751577770951 0.0437996759104686 0.122488450260224 0.355056061196756 0.0909042348615999
0.141369955296411 0.18558193695243 0.260723212344147 0.253904452434484 0.158420442972529
0.200030243383704 0.0689865730471684 0.00339474787775831 0.458195592037103 0.269392843654266
0.216798026766955 0.270064086570293 0.141766416272285 0.210672562821869 0.160698907568597
0.155763618721645 0.0724737532304585 0.351054715230154 0.118106367352241 0.302601545465502
0.0263594969799949 0.0378923011536867 0.301286779492164 0.359750212376323 0.274711209997831
0.0994696132779407 0.22553232213935 0.146331689942428 0.35999813058326 0.16866824405702
0.184076016627432 0.270644400532558 0.0820868270320124 0.28558296059115 0.177609795216848
0.294162318906847 0.117784819278028 0.178964447349475 0.24566250874509 0.163425905720559
0.185177085913412 0.329561279656939 0.200427061183792 0.206358653987045 0.0784759192588116
0.275880009344548 0.0948939658688753 0.227227649019542 0.086719539365102 0.315278836401933
0.181938269290979 0.175205917487194 0.137393905112125 0.195920581918765 0.309541326190937
0.222901242365197 0.186710747394125 0.0943090718938841 0.179838793286965 0.316240145059829
0.145760658603215 0.229950056218551 0.151483439187088 0.206143855816781 0.266661990174365
0.11091054214042 0.000173648546128622 0.194691043268739 0.158041235015089 0.536183531029624
0.168495195619498 0.0526124432123662 0.227407254689206 0.271269039477671 0.280216067001259
0.284576821613877 0.220944270922398 0.248884081789861 0.0285721164120255 0.217022709261839
0.28829419598034 0.242053891407968 0.307756591562664 0.0576304340659462 0.104264886983082
0.0201155491825632 0.372359868966735 0.0337179220114877 0.413210022219774 0.160596637619441
0.134432471797657 0.234861682145982 0.182441306144742 0.221959796651459 0.226304743260159
0.228273882745038 0.255592207625346 0.228587435360363 0.160840576939322 0.12670589732993
0.363667355706854 0.0698322081721887 0.0889053117238384 0.27153259264072 0.2060625317564
0.156885050408779 0.232586647427061 0.0750836729166074 0.218340659312453 0.3171039699351
0.0693433159721575 0.161668945303567 0.129733744644124 0.200110582591905 0.439143411488246
0.207607367660255 0.133356438330635 0.238267545879383 0.395765818931241 0.0250028291984864
0.332766768717636 0.0855086496787812 0.0777218542404752 0.272355314011453 0.231647413351654
0.335979057321005 0.253896668287317 0.287997606310487 0.00457717814774696 0.117549489933444
0.165391996360524 0.259981757449121 0.27838901533703 0.270392438300739 0.025844792552587
0.0595191642846198 0.0273582555896907 0.371700675998705 0.096743584253964 0.44467831987302
0.105051258480741 0.316853934455106 0.257822761790574 0.114545727165825 0.205726318107753
0.192169456521029 0.0270336116881964 0.302260564572882 0.253677794284863 0.22485857293303
0.281576483202014 0.24826566309958 0.178003927061165 0.227772984555837 0.0643809420814037
0.314686885487581 0.185321310581304 0.0596787602752619 0.163310816970801 0.277002226685052
0.291824190351605 0.421593708751761 0.0579902264678905 0.0679528332519348 0.160639041176809
0.0816476731161133 0.118638877323288 0.284336340982643 0.442064393721104 0.073312714856852
0.148707326805365 0.0937729226456027 0.432456058176874 0.0390679226715299 0.285995769700628
0.0264562498989501 0.465330056598851 0.257867107734022 0.186394301648263 0.0639522841199134
0.0564876192517764 0.104079275302265 0.35311302070872 0.155367595559657 0.330952489177582
0.0136635417407933 0.143119854575248 0.301276121472859 0.22316927979843 0.318771202412669
0.00260318423973064 0.191605515648244 0.0485875577457173 0.413573011648382 0.343630730717926
0.303837698992617 0.218684908702981 0.25859265313286 0.12762633605657 0.091258403114973
0.106423267614739 0.296732260842671 0.345381417962051 0.107308403348221 0.144154650232317
0.000329422421956898 0.27658295471837 0.308375670382519 0.0950423235169874 0.319669628960167
0.183222737457069 0.246443091749787 0.291537562493354 0.12975280675254 0.149043801547251
0.0966244774988055 0.362225899091098 0.0331243515725634 0.250110160327482 0.257915111510051
0.3297447183551 0.120531451067467 0.00440258077648116 0.308818826775673 0.236502423025279
0.251344894133592 0.0450729681494995 0.467420434224004 0.0985571405700898 0.137604562922815
0.232588454134294 0.316009934398357 0.187872172013595 0.0731874325334065 0.190342006920348
0.237455653610533 0.351066389406654 0.143653468202967 0.085737391522991 0.182087097256855
0.0704134200426051 0.124464782608982 0.359583339236027 0.214143465412345 0.231394992700041
0.199837576646289 0.321376736861898 0.367143271720869 0.108569152019206 0.00307326275173738
0.455587651242563 0.129893969087482 0.131175053704737 0.0879699709168745 0.195373355048344
0.127899361922412 0.121417078559422 0.273958153812133 0.287928627967419 0.188796777738613
0.0124400116708886 0.0783067760740195 0.590199924568354 0.267514278791712 0.0515390088950262
0.0074498123093936 0.247918852693504 0.20333017240916 0.358816597489241 0.182484565098701
0.0866271858903359 0.244832225353272 0.181597591614725 0.196851324061612 0.290091673080055
0.270998064486621 0.0683583584798297 0.253709161316707 0.198976189350337 0.207958226366505
0.235915547198079 0.191088724654839 0.0877348987851874 0.270272275873637 0.214988553488258
0.278881603863389 0.253894249932911 0.369459010089628 0.0952949283117016 0.00247020780237101
0.3602978384849 0.133611039656677 0.0921246896494629 0.272321132673704 0.141645299535256
0.0866436568989435 0.340503532717086 0.326520318166282 0.219305115616732 0.0270273766009567
0.0479917633219689 0.584384242694578 0.097854044628982 0.178020920375759 0.0917490289787119
0.28954989316882 0.113125851296386 0.330476023483366 0.124879668393619 0.141968563657809
0.0280663068952959 0.188559492516853 0.0957569832696392 0.23754138229478 0.450075835023432
0.200857283106305 0.216044180148502 0.162873951656206 0.212759186355858 0.207465398733129
0.279615510713375 0.0700714035104138 0.254630851933914 0.310040349161825 0.0856418846804716
0.353523332928466 0.00950759886148871 0.368291868977169 0.129919352358374 0.138757846874503
0.0350059955025781 0.350041356549642 0.0340044404478707 0.294410822390319 0.286537385109591
0.284615205733749 0.0361824547872333 0.179715580886912 0.287299842623013 0.212186915969094
0.050322402999449 0.365642161086036 0.253471246012123 0.180192715486826 0.150371474415566
0.250150603263796 0.171207001860275 0.151688368217463 0.155172825875713 0.271781200782753
0.475789735914927 0.321106572505359 0.0306928806898577 0.033540449865844 0.138870361024012
0.0414748575471795 0.287317737523532 0.116527297397762 0.20381048300311 0.350869624528416
0.000576656668652531 0.299373987349642 0.318067058728116 0.113680698246911 0.268301599006679
0.203588290764702 0.182343937186282 0.0539091744556506 0.25186562892226 0.308292968671105
0.298979707855922 0.0520583952295011 0.273665267324763 0.247434576942112 0.127862052647701
0.032840109896006 0.338307531352844 0.311098267185408 0.0880474279076178 0.229706663658123
0.227770401610613 0.156136396920348 0.20212643394979 0.210932287039481 0.203034480479769
0.181768230732244 0.316838553209356 0.221034182664496 0.121624383975981 0.158734649417923
0.308704168223989 0.169974747003599 0.0270302579789141 0.384079247639019 0.110211579154478
0.210380835040811 0.165752936527226 0.432815691036017 0.153794532072784 0.037256005323162
0.237293085734834 0.106047681769162 0.0862583276486708 0.369167138019669 0.201233766827664
0.241610321036323 0.217865450227333 0.19923938430525 0.00994667456174931 0.331338169869344
0.0825560921954889 0.404973709343816 0.102723027754353 0.0108497489573545 0.398897421748988
0.0279299679258169 0.329184486752143 0.183274686070709 0.164324160466866 0.295286698784465
0.453898409597491 0.0223195266735191 0.0518256272127277 0.156145874900821 0.315810561615441
0.344663737742804 0.122754659057133 0.250783242711825 0.00700034402930215 0.274798016458936
0.0926078549067561 0.240923127727407 0.12796747235649 0.204551650996679 0.333949894012668
0.227938047555263 0.343185878999967 0.257424049205262 0.0545987228289411 0.116853301410567
0.0736488840780118 0.42299193037323 0.294766141797471 0.181971808262281 0.0266212354890051
0.214636854783386 0.00966962546348857 0.198684440253577 0.281674279965042 0.295334799534507
0.280400649365542 0.244931001453245 0.0631531024956237 0.198550206258058 0.212965040427532
0.261706963727788 0.3054598779322 0.196501017621432 0.136120802245354 0.100211338473226
0.28783702456545 0.239865209293358 0.304147420059429 0.0926783567435463 0.0754719893382166
0.425163231071176 0.0259289359501356 0.0303298660046713 0.509092143123511 0.00948582385050647
0.394248622523771 0.232427595259439 0.0331740564001746 0.149011434815167 0.191138291001448
0.0485924842844521 0.297023917833834 0.250264165756306 0.402279443744257 0.00183998838115019
0.302932924002349 0.271446915901125 0.201876047664841 0.216174041834882 0.00757007059680239
0.013606097404922 0.0428153535248126 0.465298765718735 0.15565698290129 0.322622800450241
0.293786413589716 0.142338486629775 0.0965216072923692 0.310009414594945 0.157344077893195
0.0414048818260849 0.230333026872772 0.418157384319084 0.204860683071712 0.105244023910347
0.164074979272083 0.215960041676022 0.271801034706926 0.228756391060671 0.119407553284297
0.154549159177946 0.219035916784635 0.21421324561704 0.0975198574547587 0.31468182096562
0.334702842572516 0.0643902238449508 0.148644259680705 0.218095651096166 0.234167022805662
0.200101015764834 0.252248209252261 0.0202992274268336 0.263913514840627 0.263438032715445
0.0799602739929761 0.129153602928676 0.142817334054188 0.313990938931285 0.334077850092875
0.147475793508378 0.306418968898862 0.189145776919494 0.116926762815388 0.240032697857877
0.421412990502724 0.196444094481397 0.208675993379906 0.0770468528260641 0.0964200688099086
0.374618588985477 0.171716333116772 0.116015598823318 0.112157679774584 0.225491799299848
0.346938229148205 0.397664372872951 0.0716712451384413 0.177233734611522 0.0064924182288795
0.238869636301036 0.259114518933108 0.129811597153914 0.0760718282983339 0.296132419313607
0.236902940545772 0.222910104226526 0.192247230917876 0.194218464226737 0.153721260083089
0.260990344949898 0.156217536482611 0.344661756068797 0.194712906306092 0.0434174561926027
0.174500625446616 0.222782017558953 0.229662694934302 0.0900680952940085 0.28298656676612
0.318224310079469 0.214981841778842 0.263744632496619 0.0773785362772806 0.12567067936779
0.31936784579837 0.210111311549151 0.178167332900939 0.0808675220798048 0.211485987671735
0.185209354981833 0.00595325938862688 0.172474686935498 0.0908214090535327 0.545541289640509
0.0837583467518257 0.317356203919371 0.165616923195579 0.232685630867594 0.200582895265631
0.0976445688697709 0.139903851810502 0.263802132181258 0.131480349010379 0.36716909812809
0.184275419892464 0.0953925807164951 0.312452140021258 0.192600645441764 0.215279213928019
0.174117078450611 0.0609967732453753 0.379126053259186 0.274487693571429 0.111272401473399
0.234357768114957 0.202458201024202 0.321294206244479 0.18632299481008 0.0555668298062827
0.301845770041485 0.308275210603361 0.0257324512557635 0.143398430207483 0.220748137891907
0.197840828504773 0.2155208875445 0.199733606738248 0.299483698016784 0.0874209791956946
0.293503266086097 0.27465854522195 0.326272293364002 0.0116105764371535 0.0939553188907978
0.14888344944312 0.134070822053567 0.240315527422339 0.251398451310832 0.225331749770142
0.304218138550842 0.155748040936702 0.0918991956644857 0.211379245518907 0.236755379329064
0.508742465289315 0.237078315757686 0.0234973704613369 0.196498312772381 0.0341835357192819
0.0255001804933584 0.26614992991351 0.199517537728827 0.246302318689724 0.262530033174581
0.0905025177193671 0.170405225392835 0.312161406444947 0.248057720296331 0.178873130146519
0.370447096699838 0.139329720018422 0.240521295819756 0.00673658728194782 0.242965300180037
0.254802382767691 0.0551415718159212 0.314599858168661 0.000903309364046063 0.374552877883681
0.339825071697036 0.0319685799257011 0.0752935456151081 0.424105291014879 0.128807511747276
0.0789762471363065 0.389693447652929 0.00840799400358717 0.235797951671626 0.287124359535551
0.0653733583721871 0.288249256551026 0.426016787521576 0.137223645057709 0.0831369524975017
0.230605145335581 0.194575645258291 0.111985422571481 0.290953569798775 0.171880217035872
0.235079354648371 0.265346005816104 0.218758869471998 0.125698207625104 0.155117562438424
0.242161801873654 0.253167787768687 0.0283963940173502 0.247932507818572 0.228341508521737
0.342758531101605 0.0932069517554495 0.343007588063964 0.0966118842787327 0.124415044800249
0.179831164681618 0.0867922490209075 0.449065311702623 0.0961692007541185 0.188142073840734
0.183366682403103 0.0682150598336008 0.293205201918358 0.134302082709593 0.320910973135345
0.0902482413897834 0.20386889256607 0.165837898522764 0.335110252906302 0.20493471461508
0.310702601718844 0.2029222486295 0.264832782008956 0.149014143051286 0.0725282245914148
0.105856872796002 0.346469512621534 0.0312912214750082 0.203792673258811 0.312589719848645
0.204679338313445 0.285223655481217 0.225839622812437 0.00834360650882878 0.275913776884072
0.345236079183234 0.0848180776352901 0.31821134193289 0.193369919700428 0.058364581548158
0.0497639540436575 0.388944388653268 0.102401906565999 0.375591244337576 0.083298506399499
0.255669016453171 0.107593112611309 0.160507992959212 0.147293891668017 0.32893598630829
0.113914915076111 0.226444020458452 0.278277769519015 0.254061449162833 0.127301845783588
0.198204396343074 0.131261441191167 0.168603113054003 0.242186767913515 0.259744281498241
0.165040164498017 0.230673094220203 0.289926267176166 0.139273910627813 0.175086563477801
0.352923395439312 0.152043422617188 0.343486731649187 0.0211401490592527 0.13040630123506
0.139400107325879 0.329633784394946 0.240446837890223 0.232828728831184 0.0576905415577681
0.244087476448605 0.325799946682745 0.27787607108589 0.041191161954178 0.111045343828582
0.119021472074507 0.347426980448823 0.120424903233527 0.260063389638231 0.153063254604913
0.0627716160031905 0.13379886192186 0.259220572817214 0.249604703490283 0.294604245767451
0.174066675065944 0.207387547302639 0.270842525771982 0.095486674191929 0.252216577667506
0.212681248812193 0.370381099212626 0.125263498444907 0.259857309217951 0.031816844312322
0.178009634841509 0.167351161038836 0.0257337386818803 0.35434762077712 0.274557844660654
0.304267778867849 0.265022605727015 0.134801130214683 0.253294175841263 0.0426143093491906
0.247259413242236 0.227350024283354 0.23502144864608 0.0711991767417255 0.219169937086604
0.349327297095233 0.205899207777678 0.0250422220658906 0.102706755905134 0.317024517156064
0.0644170137721641 0.00486698794387045 0.544510317861796 0.11497335500557 0.2712323254166
0.222155293038907 0.172505979655917 0.0760251131986256 0.257332214635376 0.271981399471174
0.251656321389009 0.297676325191334 0.0301467214897007 0.089462053093341 0.331058578836616
0.284971528720735 0.0465920168562482 0.218062937335575 0.0725231717176268 0.377850345369815
0.0137591973032969 0.306538029043161 0.141781238470068 0.168646434202001 0.369275100981474
0.120238202766858 0.234757751921431 0.279266710518544 0.148289798486968 0.217447536306199
0.140944644038322 0.25662656544021 0.259477512236688 0.206639609785175 0.136311668499606
0.193560711683998 0.27430478585996 0.128786422315982 0.329558249493819 0.0737898306462406
0.0398141157474974 0.0240517289058369 0.0631408930779321 0.561847499045215 0.311145763223519
0.157276232107918 0.138366033140687 0.450514347331287 0.154367326907896 0.0994760605122129
0.249228337809516 0.101014094142305 0.363309510345833 0.166951900390862 0.119496157311484
0.154433757183594 0.243865017569125 0.180148234447308 0.152033718654707 0.269519272145267
0.439992211354729 0.0589471244846707 0.0333147079984785 0.0089969926841395 0.458748963477982
0.189904790569652 0.108052552681364 0.243653588980261 0.272954491601511 0.185434576167213
0.171165592876987 0.298222421779782 0.0493119852815209 0.334539218043898 0.146760782017812
0.205114852666325 0.135753356209547 0.322738455944114 0.0437332674741691 0.292660067705845
0.0333988128506249 0.301950943169106 0.261488192312856 0.165459371343175 0.237702680324238
0.305306733732806 0.171125695654622 0.104139186851423 0.0892618115656701 0.330166572195479
0.0828913365416659 0.134680013325949 0.314682356735015 0.320897793571861 0.146848499825509
0.0476587239961113 0.106665098008671 0.481008287488059 0.356516766919809 0.00815112358735003
0.319739691862156 0.136962249242326 0.171333220795565 0.279393688884038 0.092571149215914
0.19122305783359 0.00012887412287078 0.503283596656822 0.0149054468063473 0.29045902458037
0.164686300162463 0.213470557591796 0.201565480923856 0.199830156836334 0.22044750448555
0.0746952626540404 0.274714241294656 0.23534742161866 0.20067206083942 0.214571013593223
0.302711172605716 0.383625291509349 0.0896307575887591 0.182792633477994 0.0412401448181822
0.159814338258418 0.20023014524802 0.132818782104752 0.34615385847303 0.16098287591578
0.289039607201736 0.047787735343447 0.105048213069746 0.137738060634535 0.420386383750536
0.100113794717465 0.267735360816239 0.325756696002167 0.234122172630671 0.0722719758334579
0.178020308384274 0.207130189914329 0.0182473317408744 0.349052867735393 0.247549302225129
0.0708609193446395 0.423093345101167 0.352865177637366 0.063516327669659 0.0896642302471689
0.0987518696877021 0.147902988583027 0.201768946022523 0.233991482421105 0.317584713285643
0.0302470221389418 0.282064722406678 0.303156290515324 0.152519998801311 0.232011966137745
0.123459266829755 0.15511251543828 0.0842851345481253 0.295841572629881 0.341301510553959
0.271545513488826 0.0253726927786777 0.277759107480292 0.144092791564705 0.2812298946875
0.112688375948907 0.031201930554473 0.371254446998499 0.262114355074481 0.222740891423641
0.425660744225133 0.112800285449115 0.195648460860766 0.13479555838707 0.131094951077915
0.323614894865363 0.261618083108289 0.249529702739206 0.00614226688932062 0.159095052397821
0.247814414180016 0.17111386332516 0.0569234419411643 0.268158512609308 0.255989767944352
0.115065411663408 0.143079268574889 0.285596931513823 0.318829896595454 0.137428491652426
0.0180205974205698 0.411500883074081 0.422053168750944 0.0376993455371841 0.110726005217222
0.263125733424678 0.100034570548172 0.132905213745388 0.232980569838836 0.270953912442926
0.0224484921869743 0.285266118144557 0.358219312947949 0.090732824284494 0.243333252436026
0.241418846571406 0.13110091745122 0.198957667131499 0.157567948043643 0.270954620802232
0.147714296282054 0.21962007087346 0.0153471008030685 0.384148190607887 0.23317034143353
0.0556106718313925 0.416886822603927 0.0171571698325568 0.275592380002313 0.234752955729811
0.266243187943357 0.194127336945475 0.0678362812291224 0.246324453992413 0.225468739889633
0.221235654483449 0.264865069149939 0.04759212895078 0.0638923216842276 0.402414825731604
0.265712520096941 0.244287349584878 0.135915298031512 0.226251361072203 0.127833471214465
0.367626268720503 0.00587211638625498 0.165938724619014 0.408826650201521 0.0517362400727067
0.252796401623674 0.144702271013916 0.118305812855853 0.205279341444321 0.278916173062236
0.318465534878361 0.0985871753131884 0.202476375803203 0.00444861564724988 0.376022298357997
0.280662621304529 0.274120862592258 0.293173881351005 0.12803045811223 0.0240121766399774
0.0820064580437531 0.148398609001021 0.315188638047512 0.124196861275105 0.33020943363261
0.24133126513734 0.233119493927458 0.207330295013014 0.0985935574869198 0.219625388435268
0.0935307527832576 0.0845486937250821 0.277153280221215 0.419713476329786 0.125053796940659
0.442194112063682 0.183669892271637 0.268344079153748 0.0462992375939801 0.0594926789169523
0.294602260532828 0.673918234554697 0.0132484404285939 0.0162710790411662 0.00195998544271452
0.128056967365118 0.263274145362889 0.264270922075813 0.0669216308411583 0.277476334355022
0.262835218157614 0.244300582404172 0.0382310389391558 0.331026904812356 0.123606255686703
0.00157319259370616 0.0707037126785598 0.383274073264891 0.0332242780001394 0.511224743462704
0.219228907780664 0.162285732744423 0.217814726335501 0.305233139050567 0.0954374940888448
0.0607616702347726 0.230106328339441 0.110287696308574 0.301295764231137 0.297548540886076
0.139987553992537 0.202492282729372 0.0901055054500862 0.225655556337562 0.341759101490442
0.132995394150947 0.0397698667972381 0.247360503217594 0.339735917592121 0.2401383182421
0.0269548642942758 0.283730045277647 0.313795398308946 0.173727560848557 0.201792131270575
0.134994042427643 0.290989662922684 0.124091239255543 0.14046530135515 0.30945975403898
0.298079639055084 0.146058526386422 0.126281144734585 0.281934981665386 0.147645708158522
0.273851748546236 0.00597332495225763 0.235168548079226 0.252028176461214 0.232978201961066
0.300151190863118 0.090850440382649 0.235349226964435 0.192197753165947 0.181451388623851
0.188534280428563 0.231973628073879 0.0553613813542236 0.356934623871505 0.167196086271829
0.548289086574505 0.187265952165935 0.0949962898765022 0.0640815342692926 0.105367137113765
0.129051196411936 0.254094586584684 0.218695133709844 0.270399125807948 0.127759957485589
0.0877327985408524 0.108490851791403 0.452206157418778 0.321367625448129 0.0302025668008383
0.251645419412596 0.0786007647458637 0.253767302852638 0.206029184875736 0.209957328113166
0.146494911451401 0.0601668111016181 0.200062992419829 0.287023451435419 0.306251833591733
0.378262216219698 0.00235537605479775 0.103273505061986 0.318285245295862 0.197823657367657
0.229796647028624 0.0742030868055102 0.299591541076025 0.262772826825595 0.133635898264246
0.198782322811547 0.162506627525398 0.123415798461014 0.263669580854439 0.251625670347601
0.0496539992027963 0.21143625848608 0.224997176501634 0.177781287180375 0.336131278629115
0.290830938413047 0.0298162711355969 0.336056361219047 0.0894152067159529 0.253881222516356
0.14501533791111 0.113032261418799 0.221019749146941 0.169940801283071 0.350991850240078
0.0805869001597003 0.0621536396603535 0.378100887379089 0.399208868905844 0.0799497038950132
0.317864349257293 0.00577413290884643 0.426385356952364 0.102379336644308 0.147596824237189
0.0205175770142196 0.132706040302266 0.314595183561281 0.309712554343265 0.222468644778969
0.045419693985274 0.202650403633792 0.428537173461171 0.0130670240448706 0.310325704874893
0.292555692969758 0.182976594850131 0.277298229309987 0.181847436410513 0.0653220464596116
0.318906598911186 0.306271694592198 0.179668601451711 0.0666705914537727 0.128482513591133
0.225092537615043 0.336110928822952 0.220317734423468 0.217818129192915 0.000660669945621476
0.0419359659801126 0.295644392891117 0.169575058996587 0.334533958208543 0.15831062392364
0.0201562399848865 0.42555176201969 0.238656077119725 0.160378053310655 0.155257867565044
0.315792486622134 0.234843545892436 0.114283938871521 0.055432442461897 0.279647586152012
0.0911705728752969 0.252390312236649 0.207493119269685 0.183862988346344 0.265083007272025
0.252313959298247 0.104491033361702 0.121508091004368 0.281002632720082 0.240684283615602
0.201217305461447 0.206087459247333 0.177928366685378 0.178173674620915 0.236593193984926
0.0651445179947229 0.453508646337028 0.000386686409800143 0.329515174889226 0.151444974369223
0.214171103893202 0.0877744360682347 0.0362468167721826 0.278510404365042 0.383297238901339
0.288968519026244 0.109129649216769 0.236482932207393 0.0900311015811284 0.275387797968465
0.0671920377787612 0.239312740249745 0.228137088850642 0.230235779758475 0.235122353362377
0.300151213563394 0.302365977637328 0.028892053693649 0.0596299184730508 0.308960836632579
0.413054613241307 0.428121559271289 0.0873026877413446 0.0113214575697226 0.0601996821763363
0.340450890035758 0.0927265777751366 0.297119733227795 0.202716866485397 0.0669859324759135
0.148125036358983 0.151969956263011 0.172391048025529 0.275028525362392 0.252485433990086
0.342461953435162 0.257190415301383 0.222336965666229 0.151372149556015 0.0266385160412111
0.22538845265688 0.00933818887468816 0.236429193501095 0.0732228978024516 0.455621267164885
0.345899817986296 0.159452851901603 0.218444494207074 0.199065679040057 0.0771371568649687
0.266482240821618 0.101189933807158 0.276495996230074 0.277500454877524 0.0783313742636262
0.142946879409906 0.292053505160573 0.169416125476214 0.134085917045613 0.261497572907695
0.22680070914763 0.174965945635321 0.151353348492251 0.273698911905523 0.173181084819275
0.359749320292884 0.177242763404979 0.0565504155252995 0.0800513072917658 0.326406193485072
0.286867153702123 0.171292531804351 0.0443959627929192 0.0437422834324716 0.453702068268134
0.41279507493291 0.153888968545748 0.218190801831485 0.160568365003275 0.0545567896865815
0.115470061800966 0.139142368930228 0.187677838190085 0.298324968487742 0.259384762590979
0.023222620810191 0.223499405466143 0.169868896023024 0.340510723481187 0.242898354219455
0.292631236313321 0.343899415614733 0.0715794083094824 0.169354635872498 0.122535303889965
0.194632105849337 0.0467428220019543 0.157170028078432 0.336486302369045 0.264968741701232
0.163611985697383 0.327519769585752 0.151411413542618 0.156902650315244 0.200554180859003
0.25425324922363 0.0328285854685597 0.0676880912385755 0.310891822471272 0.334338251597963
0.305924089230845 0.22055293066131 0.135753446102688 0.251758611503312 0.086010922501845
0.0985378896416522 0.334582336479542 0.244336968430241 0.199228747488406 0.123314057960158
0.3585207608133 0.141905149817877 0.242225260716261 0.165354349346967 0.0919944793055941
0.0223574101869705 0.198489313306818 0.287260759646556 0.349502198902232 0.142390317957423
0.0679104966589114 0.135285604249019 0.281243261129663 0.455033852862384 0.0605267851000233
0.394706061549626 0.0197596410590705 0.0475032407493304 0.291336468146905 0.246694588495068
