0.0424917997249566 0.0559798613633079 0.181153393841622 0.0828223490025181 0.232584451147401 0.225656764982037 0.179311379938158
0.20602595861204 0.0464565907498139 0.39179587512369 0.0156222340425816 0.163275007113761 0.0101147996292496 0.166709534728864
0.201575593255122 0.211188114042278 0.1875719231758 0.11929967917671 0.107218544646526 0.121646807832791 0.0514993378707734
0.14401149471732 0.157615163660525 0.210694356451828 0.0550986464283553 0.239698197497883 0.176640050526358 0.0162420907177307
0.010575345121574 0.14181395726499 0.250440802933899 0.00732070946643248 0.229801306093302 0.192611053090674 0.167436826029128
0.177203301536209 0.217372371052301 0.257782565432247 0.0804945485431233 0.00413285621774738 0.0228342231425246 0.240180134075848
0.0850880263822876 0.154005842655467 0.128282720418384 0.00102656538089703 0.222255920613974 0.242512112549446 0.166828811999544
0.0711341897015741 0.254577044571338 0.159300463008668 0.0463137907885529 0.320286588927389 0.0641393516922253 0.0842485713102529
0.308109017921153 0.174374501653804 0.00553423161920416 0.196633516203134 0.0499571703245852 0.235334672502263 0.0300568897758572
0.198952492731698 0.141327951513882 0.0384684663021313 0.175121504872925 0.189035280662675 0.126424155300974 0.130670148615715
0.0922597328504082 0.102334175252478 0.1879846806772 0.0306699053794302 0.153812623735934 0.237004129205826 0.195934752898724
0.201437116543648 0.0504533435999435 0.145980067387721 0.169797125244275 0.0554488834984032 0.338592526751367 0.0382909369746433
0.495191113306443 0.0300835083241543 0.139354026888812 0.163551196065057 0.112591088484637 0.0248189139183926 0.0344101530125049
0.198721447461571 0.0631452601004321 0.0345019914033008 0.301066846546622 0.214190625096254 0.14681674252057 0.0415570868712503
0.190893835939421 0.17668810174089 0.132961748498035 0.172535253784129 0.0721814117207144 0.20608917215548 0.0486504761613294
0.0323908856517047 0.299277669893814 0.173432241491098 0.152488201654459 0.0427531137125604 0.272596387811787 0.0270614997845766
0.189699707441559 0.21978160585149 0.0474573351801332 0.132389277496088 0.266555857287554 0.0231428999995795 0.120973316743596
0.0808710544819367 0.14728033876997 0.183277870001216 0.181819995169489 0.22278342283668 0.165468449820885 0.0184988689198224
0.120870888539088 0.205529343691286 0.106069193321308 0.235086294037702 0.105918661013379 0.0588602749370051 0.167665344460232
0.0893542059932717 0.0587644303595354 0.0516740077144678 0.230702495304625 0.246085033500389 0.0895052371306768 0.233914589997034
0.0205940653373091 0.255142763770886 0.216094509569677 0.0190635011183604 0.247736133285636 0.140994089496555 0.100374937421577
0.210878673334161 0.0496605213309177 0.0524162059095971 0.198896670416055 0.22401129727957 0.235285763591912 0.0288508681377877
0.0914901410995017 0.148623762812279 0.145782936700428 0.244506155348575 0.275402774698857 0.0199843732628525 0.0742098560775059
0.0994040228167227 0.145064135656278 0.181571077556753 0.144752512502183 0.132385042654124 0.0528162277464047 0.244006981067534
0.142822174721023 0.125548848657839 0.180614176556116 0.173567979942189 0.093239303976435 0.200550466571984 0.0836570495744136
0.207876832164559 0.00208448037665806 0.145069230738641 0.113364352322161 0.26096750847271 0.0753529330727167 0.195284662852555
0.00945634024399131 0.129894861457278 0.234534267018167 0.0292419102179934 0.215019831429947 0.265181170370895 0.116671619261729
0.230748372719463 0.0315954180597321 0.19761891766019 0.217046383476646 0.00538227774529304 0.222501549545488 0.0951070807931889
0.0339519932948196 0.17153163540889 0.211360171618882 0.0483119104971147 0.293000290676172 0.193843215835202 0.0480007826689195
0.178942094309947 0.116317867298117 0.191140669980783 0.0910111509607957 0.189693883478272 0.054676044446306 0.17821828952578
0.130548519012294 0.289497482721199 0.0999449141542239 0.224405349666774 0.0260884692617169 0.201062816824214 0.0284524483595785
0.0867648022013169 0.219775723642682 0.152022081552057 0.257379846044895 0.0312163381506424 0.230415678658482 0.022425529749925
0.197585289153979 0.0870721626565576 0.105675312508861 0.174477567336854 0.177913364640547 0.197819134141392 0.0594571695618087
0.153882693843261 0.1802722187408 0.0881980813717007 0.178614425628479 0.158557189303717 0.0113196837021043 0.229155707409937
0.233355949767538 0.0661582701720512 0.111731028539451 0.219090081441836 0.20936316148105 0.0329121406665732 0.1273893679315
0.0198263493150221 0.178930473652341 0.057464300509329 0.221159981947371 0.234972339073326 0.165107944388312 0.122538611114299
0.105936049800278 0.0259802349823258 0.138744223580919 0.200145232157705 0.258156017530202 0.143093046357023 0.127945195591547
0.154991151786932 0.0226241370802483 0.172478874703857 0.224574220193721 0.0222827117076259 0.239388798396591 0.163660106131025
0.30067483997825 0.188039510596904 0.0503791654141382 0.282578718323602 0.0844739602815843 0.0699342633925026 0.0239195420130182
0.180736717559082 0.107795481146083 0.00418712498587888 0.218346568836996 0.218369693519797 0.213487898524945 0.0570765154272191
0.0927719883915989 0.141575921193222 0.162468266268033 0.25317805362732 0.237731255238104 0.0573818738447985 0.0548926414369232
0.0844992069253757 0.0367778943285895 0.194217142220915 0.182419052026112 0.142368065322912 0.16845366636754 0.191264972808556
0.136015097310672 0.203525642637598 0.175962470402464 0.0774859662673687 0.127558313520205 0.131781129009517 0.147671380852176
0.0116763127978868 0.101774468083853 0.318124942513124 0.0464843224242824 0.147865203294961 0.232589445716616 0.141485305169277
0.0515396363935344 0.317157207025501 0.0534520666519622 0.00132417406143466 0.297588169008213 0.128339804827888 0.150598942031467
0.0851095300061748 0.235522682779418 0.0233998407759017 0.236558592691843 0.233686296640681 0.0569894956172358 0.128733561488745
0.123417516732181 0.0113318480706977 0.167570535015478 0.135038150334595 0.317260611043814 0.0325260343769689 0.212855304426265
0.164110794073065 0.0187798898537179 0.0101996085548431 0.201949196417753 0.244494245097988 0.328879683077393 0.0315865829252395
0.194926917371234 0.0893216045531077 0.224518810120423 0.0848884790664659 0.17543595863141 0.0140160629826099 0.21689216727475
0.0963566889769248 0.297770188766688 0.119323082937892 0.165261541755357 0.241691247423242 0.0526373422307503 0.0269599079091457
0.209915366761769 0.0352801944708266 0.230017265813024 0.109724442236901 0.198556328207088 0.014706657025348 0.201799745485043
0.200643854149671 0.0885573741319582 0.266833588626584 0.0620453606885648 0.084974218314821 0.0105399649996635 0.286405639088738
0.0350075613048011 0.193334137301723 0.130016570287081 0.188977184176426 0.156075991079341 0.191707579894777 0.10488097595585
0.0634909267143385 0.125363973828613 0.186860454241367 0.0162183493659193 0.145688225685543 0.238282727236978 0.224095342927241
0.149871867692077 0.0266071308262956 0.224825471080978 0.2231601782442 0.123243007728657 0.150371989339787 0.101920355088006
0.0350390525554409 0.169188593982827 0.239790452308847 0.0765710614530142 0.16862440545147 0.190802828068046 0.119983606180355
0.0706630206170722 0.206976442556119 0.0365925526637956 0.070858765812334 0.18824635196042 0.194104310760253 0.232558555630007
0.115484567621699 0.228947772334031 0.2082037055365 0.0540355026152473 0.0733627321144144 0.140006674911844 0.179959044866264
0.0464900449249598 0.0317509183721195 0.132311438658643 0.197846043977354 0.211130541732854 0.137602889379652 0.242868122954418
0.20026055404173 0.076175311839173 0.172870091718759 0.165290206137993 0.0992007680458392 0.15628141898643 0.129921649230076
0.0799102261356623 0.213438004449774 0.142775818915836 0.16566095996454 0.0812643079044493 0.172293737527967 0.144656945101772
0.0312742302774105 0.132305955075108 0.211505360809216 0.161454636770882 0.178028852340738 0.172526182182489 0.112904782544157
0.0819906488045733 0.0659554602344991 0.138700084059592 0.11872259234722 0.248124034057991 0.180236623565578 0.166270556930547
0.230455492031568 0.133826012546956 0.162190098520751 0.139749230002478 0.0434072716035962 0.0740378765241791 0.216334018770472
0.130104563533876 0.0889664237912809 0.172074362269744 0.120672844298722 0.149182118493817 0.164531523233797 0.174468164378763
0.214287963794956 0.205677177305183 0.0749341064182959 0.207628011163045 0.0958992071955121 0.0698886253706937 0.131684908752315
0.0734247480391607 0.194466878174553 0.216958447134344 0.0705661069161201 0.189653342464655 0.19516312208812 0.0597673551830477
0.20379123564827 0.224780701359615 0.0686651088499929 0.147919275305196 0.10519244191814 0.114701933715218 0.134949303203567
0.0949621961228887 0.203560085338397 0.156042544178112 0.282574191765745 0.133970719793348 0.0776669940897218 0.0512232687117873
0.0155398269540224 0.161796498697832 0.101061788166199 0.26579341947394 0.162115021874995 0.101353129125399 0.192340315707612
0.16884239688293 0.0997254904609275 0.143895895967914 0.0812242019002073 0.11149937347735 0.207917588910109 0.186895052400563
0.00165492696847331 0.23566016372703 0.395414215179978 0.210166546228984 0.0476754665136276 0.00607743734486698 0.103351244037039
0.171699757977118 0.281476818849731 0.148797299631079 0.140022893204651 0.0739089630143604 0.0561953414447183 0.127898925878342
0.141140219144418 0.144171001033726 0.186709525040622 0.207645626509533 0.0174681441887432 0.179663255003869 0.123202229079089
0.118398006256303 0.0153550264694478 0.187990680360031 0.0399782715794744 0.282628891929189 0.280103569660666 0.0755455537448882
0.200161219227533 0.234313020702986 0.149430308799076 0.13975659932077 0.0996121709209978 0.0172634461969477 0.159463234831689
0.0997457779721574 0.192997914630953 0.233579306500662 0.0188827100009088 0.274306251754893 0.122988498288121 0.0574995408523045
0.109436734220034 0.0868101012915351 0.194938108157034 0.0924589362953786 0.254575579833015 0.16198858863997 0.0997919515630342
0.133197007766451 0.232636667592532 0.276570447458581 0.191236751076434 0.0335805869277212 0.030969290278346 0.101809248899934
0.0646678720811847 0.19538718653293 0.0514038220047683 0.19896924593943 0.0402224025104375 0.177565167441815 0.271784303489434
0.0424654921779983 0.0889426823294046 0.170598223127718 0.0409584092733064 0.19305158626997 0.297798181433967 0.166185425387636
0.0741232340373375 0.255909273594067 0.0373868790518022 0.331910736274893 0.0347271164710343 0.0909959881054071 0.174946772465458
0.125748887109109 0.0999489618879403 0.133181438173035 0.180878291240395 0.109519822096405 0.238461148658226 0.11226145083489
0.0952434141827219 0.0719062952580427 0.1297893447279 0.250934512320196 0.243836889415866 0.0610191459524731 0.1472703981428
0.0885179852515788 0.121591009371034 0.140119069784077 0.17277867214916 0.161842918743585 0.148943525403407 0.166206819297158
0.0524620093573296 0.250895214266061 0.0367897284302245 0.121395992928794 0.150189107564696 0.203370543136584 0.184897404316311
0.141986680436506 0.268060996069138 0.0348812522106101 0.154816919271217 0.198761379137942 0.0403329233338039 0.161159849540783
0.261886256593114 0.162887889464583 0.115347733748186 0.165183311603602 0.00863923978706568 0.257706684638017 0.0283488841654324
0.137634605189427 0.164519179253987 0.139592293574781 0.160252587328536 0.164812017649657 0.16850472730063 0.0646845897029807
0.22723929346164 0.141567992987669 0.250254657529158 0.0720793360929306 0.0124058091978122 0.0852156948967882 0.211237215834002
0.22104381843165 0.144544111569345 0.140691692115496 0.117599043751528 0.079314246390361 0.0154868005466951 0.281320287194924
0.219411093851163 0.136922940238376 0.0408806326415744 0.101538290404093 0.226236591425039 0.117629688330456 0.157380763109299
0.209547762896249 0.0184855458050823 0.0928154531040251 0.115036473933429 0.225807586314904 0.156168515798512 0.182138662147798
0.0320291862018232 0.27620014493081 0.031315740982257 0.122139450744457 0.226160426360859 0.0135511732466511 0.298603877533143
0.101165290786479 0.0977410770828305 0.218205808395975 0.117070289250512 0.0546875512178613 0.216151791173029 0.194978192093314
0.173969586831014 0.0821655242358461 0.0233731618050693 0.272088320977546 0.308558484092143 0.0344760120521198 0.105368910006261
0.0596656754669304 0.215036602545195 0.155894557328758 0.178383130686262 0.230009012041683 0.0136998221231745 0.147311199807998
0.122692795976473 0.262129629317729 0.0648757400278942 0.0197474491598725 0.0496021374591942 0.236263586975891 0.244688661082946
0.200651556012302 0.202526114621132 0.17634634115535 0.0853516308022278 0.116133162323379 0.0789740233289597 0.140017171756649
0.129061473863493 0.197019584541414 0.153716594278782 0.00741162209551648 0.0730947984437809 0.247894461245539 0.191801465531475
0.104384101696185 0.0392509130726401 0.203012557456342 0.00575274799438792 0.370053545656366 0.176450018758042 0.101096115366038
0.264741519154923 0.0621760648772287 0.0228810553017735 0.371473219527846 0.015485733186928 0.134090242492429 0.129152165458871
0.123073583210246 0.221081783966366 0.187038200554503 0.198909588201574 0.00991331565365377 0.216740919042181 0.0432426093714764
0.123905447262214 0.161459741930976 0.1580803624525 0.054561904773857 0.129620631279337 0.193745611502443 0.178626300798673
0.217923159574164 0.23154099728488 0.0845826576336681 0.100280274631465 0.220175165598883 0.127815733848896 0.0176820114280435
0.0774096143850623 0.207014539479774 0.165951022016505 0.107167560981883 0.130992332772063 0.156572734714403 0.154892195650309
0.204834852470452 0.163546938309909 0.106954379618589 0.199431396956468 0.0903133822934767 0.15257697105537 0.0823420792957357
0.134295283593474 0.228110636627093 0.135043251383026 0.206743016187131 0.0613774977245353 0.0767096343559837 0.157720680128757
0.183591779360004 0.00546614020329545 0.0131741775434078 0.105136358266431 0.0784432312080962 0.179001009469316 0.43518730394945
0.27334925987983 0.168766742871461 0.0248576614642307 0.0341267452151806 0.106574000453058 0.29834416920366 0.0939814209125799
0.269506495661117 0.0604214090719245 0.271688440943153 0.19311856461257 0.0549518822534502 0.0443383822245134 0.105974825233271
0.130420414774231 0.107480768620253 0.288593656714162 0.0675939213495017 0.0251708234983299 0.3052902644056 0.0754501506379234
0.016800033682632 0.0633920667534447 0.000738408347254352 0.416284884498583 0.0542530612838199 0.0937129843193849 0.354818561114881
0.105170327684995 0.188515273497765 0.0635766318565091 0.218134457906788 0.114759935472966 0.162006050819054 0.147837322761923
0.114497995132767 0.0147260405077989 0.334896221246959 0.000606987318695234 0.0945806126937226 0.230661006801027 0.21003113629903
0.189646912753767 0.159272443527985 0.0747092697557945 0.0740818464916036 0.172066771299401 0.13791790397436 0.192304852197089
0.0954569051546862 0.211841169237047 0.0938911451100027 0.00999126089144901 0.112988250677961 0.239640169748681 0.236191099180173
0.171235988533472 0.205340572808579 0.198646389172138 0.0945154170527826 0.00943625223716631 0.146373470417474 0.174451909778389
0.16789195018625 0.164321968302579 0.124947967287782 0.0272259853612821 0.0661038530127799 0.239015028948692 0.210493246900636
0.0246213880218277 0.194776605948199 0.0760648930662816 0.0679970982096752 0.26313704802914 0.260173659115448 0.113229307609429
0.223632331458961 0.086886833844672 0.168103177701894 0.113829125996287 0.166872255801911 0.0875610845937506 0.153115190602525
0.028688729578431 0.167317499229359 0.144812861684354 0.187654219603076 0.176377803445206 0.230462448947649 0.0646864375119255
0.207966487404494 0.173059180438773 0.052465207776646 0.215450232711644 0.014885315707058 0.150226951462143 0.185946624499242
0.0159946254603512 0.17796394181318 0.0919825556216296 0.194926268758349 0.0452136084106223 0.233731162722643 0.240187837213225
0.301194220686174 0.172105486769104 0.179657561453494 0.0957481318195573 0.106771240350963 0.00760608544061584 0.136917273480093
0.149590782971388 0.164277518273561 0.193612417090099 0.0757297389177779 0.0800820026940832 0.217899755812798 0.118807784240294
0.218030376650637 0.176887602676657 0.0545213399321184 0.17122968363765 0.0703872333111979 0.0766366940504354 0.232307069741304
0.0595140851089495 0.424018718019287 0.155280349136174 0.129300373177691 0.188729217767166 0.00289145347683965 0.0402658033138928
0.257220374873561 0.220752306685325 0.0239292925771286 0.0685564449750298 0.168317436099587 0.198380227483244 0.0628439173061246
0.0975026906530383 0.0853313189933658 0.0583522149883358 0.297467432126655 0.329589594750396 0.0874843064166966 0.0442724420715124
0.203264986390016 0.243405305677269 0.172054595448252 0.225426070743474 0.0454830748840336 0.000708558111745513 0.10965740874521
0.146096336454695 0.0431414957306891 0.188794511764219 0.251103448858328 0.169842704018543 0.0472829706327316 0.153738532540794
0.190139034147012 0.198085226104635 0.0347281064761162 0.199262574997528 0.0921428825219863 0.16792841639096 0.117713759361762
0.0684133490933242 0.183141747558703 0.162410333554722 0.109902128763121 0.182075045825382 0.138415421341938 0.155641973862811
0.135925316721105 0.0515723073262552 0.180213137417788 0.076906181721062 0.183549148486096 0.212914735066787 0.158919173260907
0.0149806675306598 0.276687460321809 0.303727521407693 0.0374466100723895 0.0797804330276236 0.0662942435850396 0.221083064054786
0.232630732971696 0.363271177048788 0.009257861035752 0.167619436619047 0.0541250452775037 0.0424484393125622 0.130647307734651
0.0819751806139013 0.0253036472591506 0.254114721915901 0.0201454525857858 0.241533076458443 0.14098940577156 0.235938515395258
0.00285613506642465 0.0341315804432202 0.134939289591585 0.202901669538542 0.289263012391162 0.133994509767272 0.201913803201795
0.19336372702216 0.0177179269391227 0.0211712703755613 0.0852880871011404 0.238462170226727 0.280718992349718 0.163277825985571
0.0951880034865121 0.125151161960197 0.187603033461059 0.200867580438378 0.132140053847874 0.110652401040886 0.148397765765094
0.104357957475882 0.272323269998619 0.0445266831634259 0.287567487466469 0.182907641482461 0.0763880735035719 0.031928886909572
0.0104656259090471 0.0904422308913459 0.0315366663906801 0.172631567422958 0.287005960051324 0.191664283951538 0.216253665383106
0.169527438155607 0.0899477112243203 0.138402260685027 0.273177531997443 0.0701090949737277 0.132101763658601 0.126734199305273
0.0798242476697195 0.186607461153907 0.208494831361191 0.195118900466703 0.155172790984164 0.0896445459500834 0.0851372224142316
0.202302223203573 0.287888996692318 0.127666211254694 0.127714258412388 0.234289381176431 0.0193733147823644 0.000765614478230538
0.1702281914623 0.201530235079765 0.169815681552713 0.0770322374653326 0.131079031497407 0.0930925887948631 0.157222034147619
0.189232259357782 0.157733226688674 0.141804828083594 0.14928552710643 0.15875092231127 0.128994431677309 0.0741988047749406
0.207342082745656 0.115138729835402 0.0517967921072005 0.260810861419018 0.210414369785585 0.037358353550395 0.117138810556743
0.22477850791746 0.0864001523782614 0.131054277809537 0.0867293339750323 0.107011768950045 0.226265711150871 0.137760247818793
0.0531425776224983 0.116818379645325 0.156692778574638 0.189220259385954 0.185196971273348 0.185338273108338 0.113590760389899
0.0895471516806327 0.0759992250124234 0.0881945278645302 0.196352255849801 0.186399483660914 0.285938510828495 0.0775688451032038
0.0696327556867808 0.074717976736886 0.0677287794445443 0.103727358885335 0.255759039031388 0.249231499325358 0.179202590889708
0.172600886038935 0.0578331178107125 0.15532994165712 0.168563074596033 0.271376850539255 0.0926927441635047 0.0816033851944398
0.392530637111859 0.024807994235083 0.20992888341774 0.0958278587796994 0.152000111264109 0.069210143821049 0.0556943713704607
0.246647716361627 0.0373668765323645 0.105250537391639 0.0350955957072053 0.0799295248793441 0.217791692383285 0.277918056744535
0.173420761976334 0.105651411284386 0.209147090497242 0.181671068944567 0.0607396163532372 0.110103989234723 0.159266061709512
0.101702297527931 0.0311987314570218 0.0958105880702923 0.137891451079317 0.218784390893141 0.222812373987258 0.19180016698504
0.209487805724012 0.19364991165161 0.0119613741718034 0.103267887301319 0.202749533160914 0.0183568043199232 0.260526683670419
0.158304184974449 0.240907993728032 0.135323434260759 0.078276528416613 0.0845827123339763 0.152251020306456 0.150354125979715
0.0183527089696049 0.0228783565011553 0.281072814309153 0.337646654590192 0.254409023164639 0.0708304057553001 0.0148100367099559
0.350962714680006 0.0063000963982572 0.0399052495635285 0.126741836650368 0.0290513537648988 0.131432014613303 0.315606734329639
0.163862419607902 0.1773803770232 0.155113764527999 0.118744400362958 0.173218009045346 0.0642748562141822 0.147406173218413
0.123657829924492 0.224508189104706 0.128288476529164 0.161727169959797 0.0709630346297398 0.169513318785712 0.12134198106639
0.179689584540348 0.212129839831626 0.194670090599661 0.0469973029587213 0.00403350349000369 0.251373042309931 0.111106636269709
0.223157081575159 0.0992314651983957 0.186986441180599 0.243229918266103 0.0521001010027787 0.0505757873535171 0.144719205423448
0.16304944788764 0.23561313082414 0.172615062096897 0.0914314764379763 0.050340523104901 0.140663966826392 0.146286392822054
0.0787581631131686 0.200367382847384 0.202182348028762 0.151353386608157 0.0577258162125974 0.115707504560942 0.193905398628989
0.193509296717802 0.140536891926591 0.216685853018772 0.0490223803332893 0.0610429972261232 0.212989323694038 0.126213257083383
0.180066781584533 0.147038931537057 0.176416730809339 0.201871265806911 0.127672657046969 0.152454813939842 0.0144788192753495
0.23581414772272 0.110408555774062 0.222089487839988 0.133509470468724 0.0413315408650543 0.137217261542606 0.119629535786846
0.00577625628352192 0.0124333256540356 0.340614489687343 0.214322186434518 0.142914402264116 0.149723846711913 0.134215492964552
0.238577322703017 0.131380282973318 0.154443180477658 0.16955577943312 0.174046061643566 0.0191546101036511 0.11284276266567
0.124704850691625 0.00395014652516799 0.179827093646907 0.0197330940110977 0.150144122263276 0.299410885175362 0.222229807686563
0.277435725725184 0.252606290766236 0.153942419743995 0.0244433695934026 0.0823561075473007 0.192817645558073 0.0163984410658098
0.129865472192145 0.183805229606627 0.208762988381623 0.054458733035179 0.0985873130182442 0.187054496288353 0.137465767477829
0.0570997673038995 0.171598788829265 0.0628511680696325 0.221652750921487 0.20291217292196 0.0632935571052666 0.22059179484849
0.242475442762468 0.0629507800153054 0.235454517827335 0.187965841860009 0.0550894647547666 0.0623738228295006 0.153690129950614
0.36063714173668 0.336243700904344 0.0584755146304868 0.0873192605679211 0.0342573560277115 0.0328978236486518 0.090169202484205
0.196992826850835 0.11981297081147 0.110494036950612 0.184611870567657 0.0494138130548059 0.15748817079034 0.18118631097428
0.0932576369791054 0.0743284556945744 0.0920872919862723 0.149680231361646 0.100487753719039 0.235887095829965 0.254271534429397
0.143637221052922 0.0307428391353416 0.114021902425896 0.204248493675038 0.194878777230112 0.0315077631394516 0.280963003341238
0.073237783981117 0.112470961616095 0.0586713590493208 0.0535693890655513 0.249192323493678 0.165549867792445 0.287308315001793
0.08506425969682 0.347905477669616 0.155721069815295 0.071417190478809 0.221461151774596 0.0358585015306498 0.082572349034215
0.126848480663208 0.200586776010633 0.111537599807919 0.00528073328811099 0.218056533604589 0.112727613655972 0.224962262969568
0.199743029889671 0.218891622954144 0.121497552787474 0.159464416494779 0.00913537285131116 0.205285177862788 0.0859828271598319
0.330798481874478 0.138594132217384 0.023310181681205 0.217175151563948 0.161066489037695 0.095151563914319 0.0339039997109703
0.171489772005703 0.214057991928532 0.046060847524789 0.100948290914239 0.160632946332758 0.152245369307874 0.154564781986106
0.117380071431692 0.168704676761094 0.317798772011682 0.141496510011548 0.163541900202415 0.0262790591274694 0.0647990104541
0.103965877994973 0.248474208479365 0.204814764190217 0.00525282840227635 0.262761491003051 0.0879120076505268 0.0868188222795915
0.166123124439608 0.0717619088581223 0.13934661491742 0.0135237550197426 0.0565463973961858 0.35952958739013 0.193168611978792
0.134390937585666 0.103122323934016 0.0328245680611872 0.190681354743624 0.185751038997963 0.285788942743327 0.0674408339342164
0.212712396469619 0.212861942676597 0.14546594680845 0.161669518531301 0.0327329283088239 0.0338813204594786 0.20067594674573
0.00855007212149768 0.295365458402055 0.186954292175889 0.0855237769153475 0.151444105047132 0.00346983331875457 0.268692462019325
0.121895133420392 0.184404931833389 0.080921183854109 0.141365045539308 0.118772654534028 0.177593913819185 0.175047136999588
0.185578345646138 0.110669225294831 0.0802398806157377 0.0748807262730729 0.219373388837828 0.065486914590168 0.263771518742225
0.11405136634686 0.138678254485728 0.20735250692119 0.0676626816150403 0.142498100926968 0.194602682409096 0.135154407295117
0.0384428175465009 0.173493025863564 0.274729482986722 0.162507982534337 0.288599001618856 0.0395777774310775 0.0226499120189433
0.157140217684036 0.0224526786167818 0.2097419274142 0.181408718495935 0.0777906268760046 0.112221636671791 0.239244194241251
0.278597943309326 0.230951172876202 0.0850779506456921 0.119855364425076 0.0323015803484354 0.215725230134364 0.0374907582609037
0.0989662226038221 0.0718641787204201 0.0720764017886441 0.407450345858024 0.0823427753698757 0.107790507650313 0.159509568008901
0.152955158199022 0.181687468205548 0.177123623932777 0.0922603723099233 0.12420730585496 0.122879488392555 0.148886583105215
0.184665211996847 0.175492126436043 0.0474738738619719 0.1353141927681 0.191200101000229 0.165012261154706 0.100842232782105
0.0203547941059665 0.290868275700539 0.111681057829505 0.280559388037934 0.112159292997098 0.147421798230235 0.0369553930987227
0.15508523968868 0.0237686215449751 0.0712549430623106 0.145330858982366 0.246288661048586 0.0910463711449319 0.267225304528151
0.0860081979759793 0.244902883968128 0.0917403968123896 0.131598899117269 0.293398665083725 0.106315203668089 0.046035753374419
0.162627974590318 0.0963666294743152 0.178301566380718 0.172365076878079 0.175098402259165 0.168583099477697 0.046657250939708
0.0507839312343251 0.0250717321763698 0.224324566448405 0.0832910870489759 0.111331093474166 0.28759085339764 0.217606736220118
0.0585435451431372 0.15852560671219 0.0865675535966977 0.199021903811331 0.184954348466878 0.242971187320159 0.0694158549496075
0.0885115774246643 0.175638418954486 0.180758532563205 0.114871485673337 0.200676991137745 0.0567296208509932 0.182813373395571
0.245198072951804 0.059904124753988 0.180222974017944 0.235460008563367 0.048229141357747 0.0135216949004522 0.217463983454699
0.0987821033287688 0.0985057059146674 0.274224160451369 0.17916143820326 0.0660062380996597 0.171778375708117 0.111541978294158
0.189112333289979 0.0933336137881288 0.198675496986792 0.0757228288057163 0.195028887239259 0.178911691651744 0.0692151482383808
0.032117000744724 0.273063064789018 0.150948989945394 0.152770534028635 0.16095942054826 0.0507369313363154 0.179404058607653
0.258661651851631 0.141646414463035 0.0994876965886751 0.0692750785467236 0.0797509397055704 0.291283556380908 0.0598946624634576
0.137561687397773 0.153421261406602 0.114272122832444 0.160002712639625 0.0987201994467768 0.202421305229694 0.133600711047085
0.215813774189053 0.173826091605275 0.0893993040026694 0.0375356570786022 0.276169184079757 0.122985802875736 0.0842701861689075
0.152164826332703 0.107518909297477 0.269529781028209 0.101335625303105 0.168446981651493 0.00891920188414278 0.192084674502871
0.253861289475733 0.216681958088985 0.17596173817186 0.167805992744466 0.0123815672978747 0.140625528480707 0.0326819257403739
0.104793216398895 0.0269639053444028 0.172154633119572 0.252825657910177 0.0943519897240511 0.260505177684147 0.0884054198187543
0.236987668629836 0.276227884428949 0.082442714143468 0.252156997997984 0.0269847159885795 0.113283759873714 0.0119162589374695
0.161142030358076 0.21191070920124 0.0705241195604849 0.152167230599631 0.0448772928372331 0.142544412603525 0.21683420483981
0.328076217591179 0.161842628744747 0.146017350667497 0.292150655341779 0.00781991808859448 0.00479642001050978 0.0592968095556934
0.144997493645207 0.19482087182708 0.206691369305064 0.231519253609396 0.0436901143775518 0.0463127826786114 0.13196811455709
0.118877798213874 0.140696688353599 0.211637576682628 0.214675719406186 0.0230933365807164 0.175086515627442 0.115932365135555
0.00895792421974521 0.123621210611768 0.0505903245363119 0.188123746197317 0.0749159605100212 0.318304826019744 0.235486007905093
0.185032454662066 0.170606862222404 0.0339191758256591 0.12819195803351 0.1840140458514 0.174700101258575 0.123535402146385
0.138270154524205 0.220543598161871 0.143181786299926 0.131676603592838 0.0435292983758833 0.180193815408131 0.142604743637145
0.0766225074313477 0.200098437447243 0.218342835550487 0.0811788265149056 0.207279449171313 0.109608765081491 0.106869178803214
0.133282174150354 0.0514270752573876 0.204526314909745 0.169736740389918 0.0997906640364928 0.17726588820146 0.163971143054643
0.00527723760214954 0.0143449836001406 0.0701777742162184 0.283793955101736 0.264910136412953 0.117413332079017 0.244082580987785
0.0508604446111982 0.133185050663159 0.0072958026112591 0.156969098911875 0.349509680170468 0.0963536050027113 0.205826318029329
0.00114271622423239 0.240750037147561 0.210292226097826 0.0849883088009181 0.249054155937354 0.086402357737592 0.127370198054516
0.192650124263176 0.0152973184435207 0.0707101636851705 0.148846401411934 0.170314489375443 0.192943472218374 0.209238030602381
0.0789201355868793 0.00313138609941257 0.305725034140859 0.0597518851489137 0.293018783432128 0.169761461125386 0.0896913144664207
0.0345157656836906 0.000253800905251836 0.203541798080801 0.126962213325916 0.223686811134014 0.196226036842283 0.214813574028043
0.000200186097797495 0.0242521376344011 0.159852684506065 0.28243900708471 0.159570933469907 0.15628274731116 0.21740230389596
0.180444497192185 0.212999818637756 0.188373082302801 0.0294469627570719 0.0369551989620203 0.0596441928351602 0.292136247313006
0.243019582575878 0.185667851000271 0.206472094695518 0.133333914652109 0.143154875694396 0.0694279491467782 0.0189237322350502
0.0402203580315851 0.19936064386629 0.0361918807517329 0.277123149741116 0.146667494242404 0.076406548615477 0.224029924751395
0.222266337208662 0.088843763910317 0.0386923282941575 0.207751724203256 0.00292610571005615 0.303188109373961 0.136331631299591
0.30822078934669 0.193594272996241 0.205503227701965 0.00755773054304954 0.0105364273592464 0.241692697221608 0.0328948548312009
0.161543947759601 0.144631742052282 0.174800370379409 0.137035398693746 0.0508112966531266 0.187759311008552 0.143417933453283
0.150456490264275 0.153359073182243 0.0695752413002744 0.304102408410668 0.0589613008973084 0.00392679305520376 0.259618692890027
0.141346108995484 0.0925924701541173 0.213062989005976 0.00972677132647006 0.225505605591058 0.200719463975364 0.117046590951531
0.0919142898141266 0.173588576843034 0.177821603044875 0.175392335614539 0.189962680571032 0.0958820840225857 0.0954384300898079
0.209144467402917 0.065312179867597 0.258208852606975 0.154890874278742 0.0680560823286039 0.21919527209993 0.0251922714152358
0.146061099882686 0.22329749008799 0.0463088162454011 0.221702616085076 0.131946172975562 0.180065070281869 0.0506187344414148
0.20061927861442 0.103278177083089 0.0112561151279633 0.145474373414515 0.146609412878767 0.197638707809128 0.195123935072118
0.137901877218195 0.230328660773757 0.113377641227576 0.0924017580549122 0.0613912464795877 0.222634807667571 0.141964008578401
0.21642034620338 0.17718512969458 0.206165637730229 0.045471463242035 0.120140426862163 0.200617999380241 0.0339989968873714
0.0978300001601914 0.160720716691087 0.20464337573444 0.071872907838211 0.030775867409086 0.215660333116191 0.218496799050793
0.124620877097762 0.148267308563594 0.213002524436904 0.00173680204598847 0.161363002745789 0.213766018653972 0.13724346645599
0.035499411214334 0.161884820400097 0.0350979698521746 0.114966144084303 0.209356010047503 0.219074248126272 0.224121396275316
0.0150846596705417 0.148583759145686 0.219754427210598 0.236055513182099 0.185112744240363 0.137142750622102 0.0582661459286101
0.134453562867687 0.0643612738487091 0.120429075692615 0.00650342103753465 0.242869074100555 0.219939577447607 0.211444015005292
0.115723525501791 0.086194267210931 0.212830298952914 0.0216443082597112 0.0436467891524338 0.257607408897223 0.262353402024996
0.0768994606060708 0.118383112587214 0.222689366619072 0.150561257922798 0.0464875116824601 0.239369198025695 0.14561009255669
0.241099144232096 0.0979898036673165 0.104348060044802 0.279657150834551 0.191500653889444 0.0682714828723737 0.0171337044594162
0.0870986753893368 0.0533678326607617 0.191685857324289 0.206021556477419 0.227711727398084 0.229102641038913 0.00501170971119597
0.161551887883648 0.0591306973118366 0.209170008922787 0.168088657247796 0.154024867178938 0.142941440802858 0.105092440652137
0.152488925143963 0.0599121996582361 0.15091131646242 0.067550203015134 0.201211800392365 0.194579200956728 0.173346354371155
0.191577071484979 0.177496782337562 0.0303243372183577 0.0932988088227052 0.164540966874882 0.197882980925451 0.144879052336063
0.0919078288831897 0.0693396130998348 0.256652402543082 0.150999735272917 0.0534119711191088 0.317688173473618 0.0600002756082491
0.142105545892832 0.104575067079547 0.0800125888655339 0.144742454329605 0.214393624370556 0.105730240427223 0.208440479034704
0.106481343032428 0.160859396427908 0.232578511141851 0.194978232197613 0.169386151287286 0.115125343678072 0.0205910222348428
0.224704337910853 0.224429434074604 0.135469204288873 0.0535253298302824 0.12178194146191 0.0459390591347119 0.194150693298766
0.215114165668327 0.0886469709591771 0.150562454845255 0.130526050060205 0.190824177447843 0.0312986495471839 0.193027531472009
0.0697278359108236 0.115336481073971 0.168013691495349 0.105177794370379 0.205201263164094 0.0870638926553015 0.249479041330082
0.208893981410484 0.266306095914602 0.177717869882393 0.16858527713844 0.0253998665764282 0.0451399723089552 0.107956936768698
0.0701480761976206 0.155472245823312 0.195912425584556 0.222665789745222 0.138010414289562 0.0633099759118291 0.154481072447898
0.0435297624117142 0.065383044243996 0.168223463628871 0.101603429176991 0.230027437990788 0.112687413565897 0.278545448981744
0.236048007841283 0.185739347559112 0.0705229090806686 0.0514979063385931 0.0340038438726468 0.200738287592759 0.221449697714937
0.253898680411486 0.235782247766379 0.128612794116654 0.196255685943099 0.102953200210582 0.0339409440098219 0.0485564475419784
0.0663924432838044 0.0987621806128151 0.308279830816917 0.144555035896733 0.145608108767601 0.206200986731425 0.0302014138907045
0.194056792703307 0.194057465903727 0.149714849748149 0.180935607615627 0.151076780096417 0.0230904413030134 0.107068062629759
0.0604143058487483 0.221257667943778 0.242890807191157 0.0624326123056445 0.226939011231267 0.0532436227160059 0.132821972763399
0.10201716039253 0.0348195850411631 0.296098614838491 0.238595953645477 0.160452022389926 0.0144808877121197 0.153535775980293
0.124633108006532 0.116820007543849 0.298600074128598 0.0217602961743369 0.10550415791394 0.119202848275655 0.213479507957089
0.105409913277489 0.106949623118015 0.0116441957133758 0.341601137557117 0.14143425387649 0.101923503651043 0.191037372806469
0.176909455842863 0.0992199585360294 0.228669573928682 0.0979297957619652 0.213270405741422 0.179886403464641 0.00411440672439761
0.165701421951101 0.216858013547017 0.186263494897894 0.140472935349351 0.0381342600247255 0.0425493117829402 0.210020562446972
0.202255182873531 0.0907072658411791 0.200133498956399 0.11144879416146 0.233779141022754 0.0722497284368909 0.0894263887077853
0.182783272686636 0.0885854936819326 0.0933485711645883 0.155480208852681 0.0694183304735252 0.149478355558939 0.260905767581698
0.251483185783393 0.266696111011479 0.218041770197406 0.0981704926834017 0.0592207913796482 0.0215488271061377 0.0848388218385344
0.0824926212109312 0.12387280937603 0.18578776137241 0.304072845778698 0.179615976389552 0.081147456378419 0.0430105294939593
0.0536882268128294 0.180241108667278 0.260555331936295 0.029613776582286 0.17701417199974 0.242415679966739 0.0564717040348326
0.05702849917874 0.147414042812721 0.250442873185995 0.172428660733759 0.0918095620881526 0.127809980559108 0.153066381441524
0.196983330132337 0.254946930937415 0.0360244679252801 0.0860265232527821 0.147897610117653 0.0493377434336542 0.228783394200879
0.197405540378843 0.190112290719597 0.068574572443433 0.173393540334587 0.197153828473528 0.127595791948552 0.0457644357014597
0.220908188818513 0.19304559870425 0.0994292087149455 0.0474925432885031 0.0757766536387773 0.154953784640689 0.208394022194322
0.00221526007564976 0.0986720303518393 0.00781641617588599 0.248773365646376 0.236701089329103 0.30850756708055 0.0973142713405954
0.242298183509227 0.0146726991677472 0.201045549110577 0.263854569481951 0.0804099592167148 0.113607593670638 0.0841114458431451
0.183626286205135 0.070869766831541 0.127170136328136 0.159979572052456 0.143024937209236 0.210098059948731 0.105231241424765
0.229554899023434 0.0613878907069333 0.130588001329024 0.0840334415864124 0.127440732427965 0.211230077718968 0.155764957207262
0.155425190789853 0.130922508230667 0.200247747805243 0.045681591581437 0.110367709478745 0.120545569400046 0.236809682714009
0.0608878974795185 0.191755476715558 0.028645260184804 0.0392910860581105 0.0838527522652494 0.291702452885882 0.303865074410877
0.168879209698309 0.214329704119912 0.0760262864451212 0.0273155693341329 0.223872140029271 0.131851474910956 0.157725615462299
0.186711830711238 0.0354221332673983 0.160198421547188 0.0521537208414817 0.161429957179262 0.263788340831828 0.140295595621605
0.102742960935348 0.261832829308512 0.176350359695059 0.0618212020955771 0.140030008616325 0.0639638023992654 0.193258836949914
0.0990493846007045 0.125944398135892 0.13566428873081 0.214381860358638 0.082581247082771 0.140418192570818 0.201960628520367
0.230230669559969 0.245908606425166 0.0127174975065473 0.12532942935915 0.247407850827664 0.109451854715395 0.0289540916061084
0.26575656867837 0.217306653940973 0.0086072054039795 0.164838341753224 0.109760658838866 0.0127068101369976 0.22102376124759
0.12330797712903 0.160152364536887 0.0581639660413081 0.22447318957719 0.0844873317511665 0.163980800880033 0.185434370084385
0.0603893319647878 0.128086436827153 0.216624156746522 0.11860116549424 0.239049339614746 0.121379296296864 0.115870273055688
0.0165077221308113 0.0424284108560918 0.249259860753327 0.256010176486567 0.297459521037562 0.117417693952318 0.0209166147833224
0.184188729338697 0.229439629636632 0.0267871041858506 0.24121982829307 0.065595460231415 0.0163594580662547 0.236409790248081
0.284390639802686 0.0117486002377758 0.156061650788144 0.146121344792078 0.268356936441227 0.0442949560518558 0.0890258718862338
0.164401811042246 0.15553709506846 0.0207501867597408 0.0866724960909958 0.0142024106587088 0.325144501454965 0.233291498924884
0.127681476737908 0.216894953069104 0.174398710468913 0.164161101462071 0.0463177621461846 0.142413168914408 0.128132827201412
0.132388788763337 0.266262377448912 0.274479176046484 0.121175767542176 0.0451916271965127 0.0616519266396262 0.0988503363629521
0.177406168229285 0.0285142260740698 0.12143639237808 0.282545141827845 0.150941936525654 0.236664099314247 0.00249203565081855
0.115930154226519 0.172551350242002 0.219811542972132 0.0851959811143529 0.0331565902619886 0.198840495487647 0.174513885695358
