0.185283075041441 0.300531519682183 0.0241879664103281 0.358887652871656 0.131109785994392
0.225736963236486 0.216134517096835 0.241927628005937 0.0848112294882328 0.231389662172509
0.00779628875979179 0.419413168064385 0.0453529767958739 0.29548736820936 0.23195019817059
0.00300436186690431 0.472925784623326 0.196505346842458 0.0947872435218106 0.232777263145501
0.0672204265814464 0.105788452311135 0.289830857167183 0.290526703704855 0.246633560235381
0.231337581050245 0.136498955779241 0.220854102974707 0.161932452535245 0.249376907660562
0.315573158798412 0.354117337752509 0.0932229510081942 0.16612909623502 0.0709574562058645
0.358395511780376 0.158042087036485 0.143621046164282 0.309921038249941 0.030020316768916
0.153345966818399 0.166541255378295 0.244963146612627 0.197479232544979 0.237670398645701
0.311579794441836 0.0072738149423057 0.234005952583459 0.36868351713785 0.0784569208945497
0.149225055548852 0.105815408065114 0.140714617133184 0.29211110582702 0.31213381342583
0.15600182452568 0.272994797990322 0.201674413588112 0.047461871333139 0.321867092562748
0.0151123201520747 0.228166020592236 0.36635977632986 0.313337924996458 0.0770239579293709
0.232080189161031 0.197051622868194 0.0238300896693221 0.358733852206127 0.188304246095327
0.290661675146167 0.0288167248506415 0.179536478839813 0.316012732308441 0.184972388854938
0.291683476327847 0.342581617311872 0.115039131847414 0.203322844596619 0.0473729299162484
0.195459609967683 0.14397190068356 0.311369590741898 0.174858874309939 0.17434002429692
0.399557216273738 0.0337441922942382 0.0156388357721642 0.170068028251754 0.380991727408106
0.106284099975782 0.233244230485254 0.242225363425814 0.249349568554346 0.168896737558804
0.0178701791472301 0.330271049737607 0.345176779896169 0.272078606561298 0.0346033846576961
0.120864751231128 0.269277868060812 0.0957568493369307 0.235853750085869 0.27824678128526
0.290607582638915 0.0341542371318898 0.300816484597466 0.0758625085360762 0.298559187095653
0.160883255576462 0.363273155703427 0.0678369001552225 0.350864911061274 0.0571417775036137
0.285643886195577 0.0455938085948082 0.12321415242432 0.210231210053597 0.335316942731697
0.0159991948079966 0.0104153335716901 0.283453566860795 0.177416678486272 0.512715226273246
0.130742589239992 0.252217609903462 0.096278001837648 0.336470391052412 0.184291407966486
0.0648895792914364 0.210819471668512 0.25980195641921 0.312511510072534 0.151977482548308
0.31657062906078 0.238665699052489 0.2575146132468 0.0668760660338086 0.120372992606123
0.0261465165801746 0.185988494590804 0.408648497905609 0.287944697753912 0.0912717931695005
0.169074936100081 0.308986360256476 0.227031062853225 0.210852028795411 0.0840556119948083
0.078213509718146 0.305691451375905 0.324527166461362 0.0654088639373588 0.226159008507228
0.247412398798088 0.124752186313497 0.368354609419829 0.229769885883676 0.0297109195849106
0.031456919493312 0.178563947783649 0.344015108127219 0.105608204845639 0.340355819750181
0.344664080373 0.0740292586722755 0.163287684230137 0.0533927986184451 0.364626178106142
0.218999267873395 0.338904161403135 0.14747990635484 0.187084696287567 0.107531968081064
0.149442130792442 0.119366379582041 0.215642507031826 0.23947622120062 0.276072761393069
0.261884118974525 0.206965906251786 0.0154979128814672 0.269766999735566 0.245885062156655
0.149710746629218 0.417318902671222 0.21401242833623 0.00444030026730549 0.214517622096025
0.0488793899256211 0.395848027643254 0.102055439305776 0.267523264198205 0.185693878927143
0.179605889097756 0.247008012767979 0.231676669124217 0.14221953903093 0.199489889979119
0.128706920194215 0.217797211283665 0.131676880167363 0.365844853569955 0.155974134784801
0.115008101651741 0.311102006790656 0.100289308484832 0.276158233251672 0.197442349821099
0.294865666185043 0.095651535072852 0.115154174146489 0.0913721274002712 0.402956497195345
0.0783035130960556 0.287914653715887 0.282103050065111 0.247299260300845 0.104379522822101
0.291851935136955 0.052995685100681 0.13669988159728 0.156778676016131 0.361673822148953
0.305379216759884 0.110297490799363 0.150902844156432 0.107928224888087 0.325492223396234
0.0565776997767496 0.147314543544573 0.0453202756115847 0.331328964251261 0.419458516815831
0.290775227524693 0.150053008699658 0.172055303989827 0.0243974705350647 0.362718989250756
0.349082783668258 0.0948900084185553 0.312555760825267 0.071190952078823 0.172280495009097
0.293614223518769 0.190528020414381 0.0719620977675906 0.141813600304427 0.302082057994832
0.342843137546278 0.19035958989469 0.0584711904713711 0.0798940007445287 0.328432081343132
0.17724230646911 0.156482638966692 0.294233177572946 0.218959827385347 0.153082049605905
0.37274476960424 0.257468588060797 0.0301452795561915 0.176648284442632 0.162993078336139
0.272268351255931 0.139224916160946 0.134962149617455 0.219388431484186 0.234156151481483
0.225743222951844 0.01719151258911 0.0609015113211332 0.610851829987769 0.0853119231501438
0.215392549964941 0.245152555930431 0.118460421093438 0.160277777342187 0.260716695669003
0.377114321483804 0.0119272467640851 0.269181388514973 0.0947310944534796 0.247045948783658
0.13649626026515 0.229037794599028 0.281513187463091 0.0847614091780216 0.268191348494708
0.19581436520021 0.201731038045939 0.162060608521948 0.246157543757792 0.194236444474111
0.0604324888193744 0.375069453234082 0.319528989983888 0.16922633243925 0.075742735523405
0.263933127875209 0.175949309542272 0.214539290243609 0.217474445819665 0.128103826519245
0.263873545176865 0.0323713173613413 0.31886914889176 0.175247398215388 0.209638590354645
0.0191358020228436 0.210663423570359 0.246928112837357 0.302742006684986 0.220530654884455
0.00359345745770164 0.250905019680945 0.0471016441384063 0.266668996453234 0.431730882269713
0.114811853858485 0.209897085385779 0.126423202594321 0.232806652918541 0.316061205242874
0.228727934873324 0.165906073170129 0.0772668149709083 0.435832868544752 0.0922663084408866
0.0632724702186441 0.0444301475049283 0.473787262363821 0.294041327829106 0.124468792083501
0.0231969799779875 0.366969443051522 0.224140683130046 0.191019835278738 0.194673058561707
0.322003436099278 0.0105408771912933 0.156115443642078 0.326202015754497 0.185138227312854
0.318884851493899 0.104544637750187 0.292148007797748 0.24825667733688 0.0361658256212847
0.299886347775635 0.228434787682287 0.157377353536203 0.189755228999087 0.124546282006788
0.160399449579183 0.291489725080771 0.188552210702508 0.0476009149957427 0.311957699641795
0.464964128775856 0.25111724771346 0.0329719111680064 0.1039663238961 0.146980388446578
0.170732857283386 0.382070863065391 0.0212412416069021 0.351866125220455 0.0740889128238655
0.362284635339241 0.367823658831916 0.074344028789293 0.0866498270004337 0.108897850039116
0.144213286796275 0.263898463591417 0.208921712202783 0.10120274138042 0.281763796029105
0.471480012619755 0.0590965217594135 0.318423195777735 0.100729225295961 0.0502710445471358
0.280690677606477 0.179780499667741 0.0737057034810848 0.318249060494387 0.14757405875031
0.231539036854051 0.11550993497978 0.322996094356547 0.175991361392183 0.153963572417439
0.20698971177463 0.23988479559294 0.161139964993059 0.252646221791512 0.139339305847859
0.245707842951416 0.190763680761858 0.0919180342070286 0.170491581579179 0.301118860500519
0.134632795066554 0.13359815805576 0.250942497553583 0.271376394353736 0.209450154970368
0.172497110656979 0.275272405960522 0.0132402799494542 0.38946404180602 0.149526161627024
0.102928310337508 0.134740558062286 0.220345542014207 0.276934350039107 0.265051239546892
0.219181452001165 0.116862885117313 0.267346927301609 0.236859312820024 0.159749422759889
0.286329247093104 0.0285613025069812 0.0910084750127366 0.381948635723784 0.212152339663394
0.0685979872316519 0.271651763432466 0.229140599853507 0.157281437604485 0.27332821187789
0.0653965374879698 0.462654770876852 0.11994074697459 0.139017540249542 0.212990404411047
0.154669464048621 0.140569330967818 0.209970631548599 0.172872038158012 0.32191853527695
0.19481046367499 0.341479089434628 0.154498557613354 0.163266514421894 0.145945374855135
0.310904470168789 0.0452922755548754 0.253812271315627 0.137862935359535 0.252128047601174
0.0464491868025026 0.0724763201233495 0.264935685123182 0.298401582429215 0.317737225521751
0.14381135810953 0.149412289083431 0.167631948907829 0.365895464368971 0.173248939530239
0.218580175453228 0.199480415061814 0.331237540968682 0.238477776629356 0.0122240918869201
0.0867521516028016 0.230447981058898 0.300057955073122 0.126159927923599 0.256581984341579
0.254871957939218 0.112625218202446 0.274800197415981 0.212136895176333 0.145565731266021
0.260276583779633 0.21496941240265 0.285611695263321 0.0896763219808627 0.149465986573533
0.228616356861507 0.0732026148387247 0.220400530198628 0.172372575583446 0.305407922517695
0.242590982978964 0.0186465278217735 0.198317699714269 0.191062876276624 0.34938191320837
0.115168835694438 0.386699809006457 0.431118766927209 0.0408124174545077 0.0262001709173885
0.291881638787019 0.135032905730009 0.0755607500033133 0.287451971029851 0.210072734449808
0.308865946391449 0.314812421469036 0.0250969755745242 0.0728486320141015 0.27837602455089
0.310232448851864 0.0971394092087097 0.317834574426981 0.24583708544423 0.0289564820682154
0.154545344328928 0.186267944349225 0.17841979544387 0.24753879154259 0.233228124335388
0.0516742030877547 0.00777580803261275 0.160317137191804 0.195061403730034 0.585171447957794
0.142422807519583 0.277175409537174 0.118983285497438 0.0466351722814961 0.414783325164309
0.233118017367808 0.0866948678672773 0.309305559420822 0.0787463340705079 0.292135221273585
0.0492602348347478 0.334561612690844 0.248027165076843 0.141003458631848 0.227147528765717
0.132243947189458 0.190842339108003 0.155856102299419 0.297609165945947 0.223448445457173
0.0086947110669723 0.267710373896176 0.293180608982181 0.159994374322871 0.2704199317318
0.0589117721357371 0.217311234419572 0.190118699872121 0.304602383988394 0.229055909584176
0.195071787457902 0.197586465536102 0.112941997590578 0.304151280222089 0.190248469193329
0.220624525068966 0.233477491240063 0.126533356691286 0.208243330517255 0.211121296482429
0.223157192401034 0.108290196142467 0.596597531170994 0.00267935271878412 0.0692757275667203
0.0147152063304648 0.236555679757713 0.363659321863438 0.054685166291244 0.33038462575714
0.0894441293691712 0.238955989532038 0.246712767014891 0.166663967488051 0.258223146595848
0.119774718475178 0.281291314579973 0.161830964068635 0.158789406950991 0.278313595925224
0.010839917500733 0.314792319913661 0.038299657788539 0.386426864377201 0.249641240419866
0.0459441561804429 0.207738932951709 0.261067570457701 0.168840075702021 0.316409264708126
0.284758834294845 0.152330988668313 0.183470218042481 0.246334666200483 0.133105292793877
0.225402263997332 0.216238452268271 0.215650834416552 0.193185296742795 0.149523152575051
0.362532751614931 0.19329187398002 0.283979574061529 0.122564731021845 0.0376310693216759
0.290985682748727 0.205349565726692 0.164259590918552 0.230978075988287 0.108427084617742
0.173906520594182 0.0945443240103219 0.252313532954044 0.298029963058065 0.181205659383388
0.349383333165013 0.346156753408997 0.0623303543952471 0.0941200528894764 0.148009506141267
0.258907033742056 0.206513779452257 0.214128947912724 0.0872541407944083 0.233196098098555
0.221559862428189 0.170509094803129 0.254164871970324 0.281323868428313 0.072442302370045
0.0536937273808773 0.106153521610321 0.231489306318484 0.513743888873899 0.0949195558164192
0.102142743201406 0.191176952226269 0.346849047096653 0.295530846137532 0.0643004113381405
0.0864757285019239 0.115122721769218 0.391644602855106 0.075002699243473 0.331754247630279
0.298986128480472 0.276685023075585 0.149421599052737 0.0672420305933154 0.207665218797891
0.122942546074247 0.197233952532201 0.170561346690009 0.293218881156896 0.216043273546647
0.233198240847397 0.225000719795338 0.167086427324327 0.0930698916510483 0.28164472038189
0.0370663437349979 0.222994178230665 0.165317712031738 0.190404647935697 0.384217118066902
0.122325351206976 0.234242152192556 0.152440584767593 0.359293432599552 0.131698479233323
0.234320528053138 0.18567371262976 0.418037483455334 0.156712001683127 0.00525627417864197
0.194658635972717 0.233833804801252 0.182677861376096 0.183386176384197 0.205443521465738
0.306833963482164 0.0939084636477064 0.283688377880091 0.308384301578668 0.00718489341137043
0.181437708754069 0.339261066830629 0.0552954626675485 0.367181516556467 0.0568242451912857
0.0857381297890697 0.0267663815870188 0.432124167947847 0.412964496883616 0.0424068237924484
0.0887056949791227 0.257801103691219 0.16832059459612 0.222957217924572 0.262215388808966
0.212489660598226 0.170543623327813 0.0145847048679902 0.35385781300928 0.24852419819669
0.165285814719227 0.015338996915704 0.241724015417911 0.387563883610318 0.19008728933684
0.381533449712451 0.301472428500949 0.000452992496255934 0.198194541887015 0.118346587403329
0.122361453778762 0.258674047860467 0.190014916333514 0.221777105088908 0.207172476938348
0.393029762613356 0.257957410857661 0.0791392438802098 0.141568174056558 0.128305408592215
0.120407023600416 0.282215198541139 0.192716918565665 0.0352132365542627 0.369447622738518
0.192191930136699 0.128253339773982 0.263907609130218 0.234555860243535 0.181091260715566
0.230630170271929 0.274655217004214 0.256529540520594 0.222753018171259 0.015432054032005
0.304728590365399 0.286140912978244 0.0569334889401266 0.234835159323674 0.117361848392556
0.0993021453915628 0.119544582995793 0.183588956982781 0.338669089837145 0.258895224792717
0.213199839481951 0.0695792730346169 0.246211992552146 0.122370492767132 0.348638402164154
0.182160977336038 0.556802817654237 0.0635299139271168 0.139493671044128 0.0580126200384803
0.116380744037513 0.1434464601615 0.451057342583425 0.00756615588821172 0.281549297329351
0.0640951889254608 0.115148266002082 0.308434514602135 0.259302896798148 0.253019133672174
0.193959027499685 0.279367657078416 0.12045582771428 0.0399827245182134 0.366234763189406
0.205492802074779 0.30322548026324 0.00861312073792639 0.151992452155688 0.330676144768367
0.481424625261069 0.228186463106567 0.0995573943669915 0.172175682751749 0.0186558345136232
0.284755779030308 0.0245938340722728 0.329231256766118 0.0994267402478596 0.261992389883442
0.287043084459991 0.299093512989254 0.0732881473271041 0.236724180202848 0.103851075020803
0.260487616824951 0.0168296580124032 0.0317349729048077 0.418030958846645 0.272916793411193
0.0202828755430438 0.265747232650222 0.29139492090544 0.27903488533354 0.143540085567754
0.156581863545321 0.246352622662652 0.137611275141127 0.118639195097986 0.340815043552914
0.11002284583869 0.189118838441069 0.115668649381439 0.142714931789889 0.442474734548913
0.202527045220689 0.205222911394827 0.142128913935268 0.171568685486379 0.278552443962836
0.0675173099750538 0.0208539196269307 0.287883531722672 0.304108765422039 0.319636473253304
0.0640780973571225 0.16216932576128 0.478868543213829 0.122882145835142 0.172001887832627
0.312337574582659 0.11034037256243 0.269569926839076 0.051409316672287 0.256342809343548
0.295528540191873 0.116842250153406 0.17765958885925 0.123840143399379 0.286129477396092
0.0533008330619856 0.199116754513918 0.504324570949707 0.182844265521475 0.0604135759529151
0.290193843634569 0.104752688331873 0.143751174846338 0.145260385552466 0.316041907634753
0.300375878374479 0.198371482808286 0.000679975059662674 0.311182950762281 0.189389712995291
0.119251699160094 0.0258140700937585 0.170095557735492 0.389038602092121 0.295800070918534
0.232920189195182 0.189937085531011 0.0541149360680432 0.175390115244246 0.347637673961518
0.243986335001381 0.252074099537673 0.14913960796064 0.250598070735799 0.104201886764506
0.332548757574594 0.326516304849044 0.0571347759831481 0.0712006621451157 0.212599499448098
0.192937721412283 0.118211436668484 0.47122885533327 0.0134196233436791 0.204202363242285
0.0268675837380945 0.198044188924795 0.173494476268157 0.312664357423687 0.288929393645267
0.208622571981011 0.242744073942013 0.268322112068014 0.138372353413201 0.141938888595761
0.0994215008734737 0.163700820229278 0.278838289643204 0.21751918438776 0.240520204866284
0.181626104457351 0.139766104675911 0.16907914930577 0.280781938921336 0.228746702639631
0.178007984611838 0.198040062645635 0.264546105655251 0.13186104740766 0.227544799679616
0.538244355540927 0.310358093890581 0.0221492907129693 0.0714970833070991 0.0577511765484232
0.208566375308958 0.19302039553857 0.35302171308658 0.180693374889706 0.0646981411761856
0.295358156352322 0.0735986000050507 0.175842628962312 0.237896492659749 0.217304122020566
0.343399134751193 0.207557021836404 0.0972074664939684 0.102538554162399 0.249297822756036
0.209287994249639 0.219722399011895 0.0682915538373829 0.219151552088338 0.283546500812745
0.251071770349957 0.17433945980757 0.0324311895642601 0.361757721472607 0.180399858805605
0.110323450206324 0.0612744272135983 0.255973919771087 0.300565480577307 0.271862722231684
0.138076359112252 0.346974547390879 0.124605145022967 0.311719750594117 0.0786241978797845
0.0411033069708363 0.251458433065684 0.263834365648914 0.156562349598845 0.28704154471572
0.394698247921105 0.26256913990663 0.0751028153575839 0.0316568890634616 0.23597290775122
0.0811995159683253 0.149976036541243 0.198148571319484 0.304702398712167 0.265973477458781
0.225029938353407 0.258781800876196 0.296890658266877 0.177990197442274 0.0413074050612454
0.0121125246373048 0.0829166748641751 0.54866977985176 0.291502017563237 0.0647990030835231
0.0263064121482096 0.244043787483566 0.411138718490098 0.229297200112724 0.0892138817654024
0.382754528659239 0.187613731743154 0.02632270804259 0.229036381010053 0.174272650544963
0.202941906747167 0.321729937528355 0.0634171751343875 0.258422937842855 0.153488042747236
0.18246806031435 0.259293065435431 0.280508374654226 0.0366555835925733 0.241074916003419
0.213548586371461 0.223805965786194 0.153102531920574 0.0286580037938371 0.380884912127934
0.255504455401063 0.297188232502948 0.0679766265014652 0.318666285633909 0.060664399960615
0.245369055192542 0.0904530747655729 0.375598283744669 0.0109006373826049 0.277678948914611
0.361148505890548 0.11360985475931 0.0735356098404178 0.252080974880709 0.199625054629015
0.330726786212179 0.400876392850665 0.0929818736686336 0.155962856292974 0.0194520909755474
0.2748592149514 0.25981138286194 0.352434981335469 0.0359666148434721 0.0769278060077191
0.0581380167061958 0.415281765257703 0.263374684678015 0.0495932574158749 0.213612275942211
0.169781896322272 0.278008192490864 0.27343981513163 0.0239288519702864 0.254841244084948
0.041069425141105 0.164072630143133 0.35532987635243 0.138884769083574 0.300643299279758
0.255494000831789 0.18744592249436 0.272635499274344 0.150446582824597 0.13397799457491
0.228975991018067 0.241971924422432 0.197295572519272 0.271945650862548 0.0598108611776807
0.158518739545309 0.273803781109849 0.0295792914548991 0.153629791415673 0.38446839647427
0.145885736600091 0.0509402994967778 0.420261696466431 0.22622735551225 0.15668491192445
0.202489292026139 0.314517634174003 0.0151306474398037 0.0775823183653783 0.390280107994676
0.165971119180718 0.391761641097342 0.0770202301301365 0.36295633589812 0.00229067369368434
0.146849451929773 0.0950332799652885 0.232516322378995 0.437830895743666 0.0877700499822774
0.30914603780323 0.175742104886304 0.137881835803134 0.0195617307515446 0.357668290755787
0.270316678493456 0.127052709913994 0.268920737876116 0.211010711069934 0.122699162646501
0.362190918803207 0.217615189374864 0.156082141079549 0.145886763329358 0.118224987413023
0.291300128888892 0.238672936326599 0.0856053801536118 0.26287599682465 0.121545557806247
0.147031449076931 0.306971625906281 0.0741387935647706 0.173547328101211 0.298310803350806
0.077965343118921 0.100040163827862 0.410791165665351 0.215375568398251 0.195827758989614
0.21792970582063 0.386601916642469 0.0238319621854043 0.221842801909436 0.149793613442061
0.108030928136371 0.354893195349768 0.193544739514952 0.209972310311546 0.133558826687363
0.235531390404885 0.0800225551468947 0.303257124367444 0.11481431353637 0.266374616544407
0.0106327760171854 0.319273366398011 0.0574937750758177 0.211926243607045 0.400673838901941
0.533973523527991 0.267405314570441 0.0331138149051567 0.131003004647168 0.0345043423492428
0.262322792318613 0.317328242201304 0.031288914531405 0.214047536796958 0.17501251415172
0.118366550704804 0.180294636891533 0.157225629159107 0.297563208966382 0.246549974278175
0.246124630217027 0.114051906630186 0.251409942437204 0.0818984140579794 0.306515106657604
0.361295534532617 0.0114571821991141 0.067311628968276 0.245303821044012 0.314631833255981
0.19138678197953 0.214507247302845 0.131553750548645 0.0602572360997616 0.402294984069218
0.0438711197029844 0.0695564040321601 0.379549547584249 0.119742908851921 0.387280019828686
0.294657801350444 0.190952903786854 0.149394118447762 0.286097067955329 0.0788981084596097
0.00686632819731988 0.213013192416239 0.271587151560555 0.333322794396339 0.175210533429548
0.251951962816311 0.154511386209186 0.266778949796596 0.296388802526565 0.0303688986513422
0.344039990599377 0.198003727270469 0.0967503746933693 0.341847924080734 0.019357983356051
0.0734225238815354 0.340799398951069 0.253102086378962 0.211864846281271 0.120811144507162
0.372909833499024 0.0982280341951059 0.259257668928689 0.0417415478933184 0.227862915483863
0.0755876163105578 0.282264735790583 0.102581001247826 0.289091867285904 0.250474779365129
0.131358553155271 0.0666088006018493 0.34343306792447 0.168288612537194 0.290310965781215
0.0672381559001473 0.275532260174991 0.218091747143608 0.158284477931389 0.280853358849865
0.255258675405573 0.0568103142083774 0.256293059505358 0.148720631831992 0.2829173190487
0.316188901652027 0.148442825441799 0.0667702229654463 0.144061509358676 0.324536540582051
0.0133210068957086 0.317517481869511 0.200522871900814 0.0624282845050283 0.406210354828938
0.0542774716880274 0.494734664048346 0.0217795510500158 0.0367100301425519 0.392498283071059
0.253436341240024 0.242880875354271 0.170469422711899 0.154706482293295 0.178506878400512
0.185449507695741 0.388925520477604 0.263600137226309 0.13691889281644 0.025105941783907
0.193851005602704 0.182791557017984 0.280769347569201 0.224570778707397 0.118017311102714
0.526592371818936 0.16238939824958 0.227201698966267 0.0541979585402454 0.0296185724249709
0.165439691608959 0.143189306444814 0.549805566331709 0.0461199601677996 0.0954454754467186
0.0815017477402338 0.295893776101087 0.0285226670006202 0.281370140705275 0.312711668452784
0.279679947068485 0.123089672227074 0.0813743779370899 0.278829434149406 0.237026568617945
0.0854884910728272 0.280724269909258 0.256227752525678 0.335169311559907 0.0423901749323302
0.186526171032347 0.270849828282033 0.121238416471976 0.202719347892635 0.218666236321009
0.276191254216817 0.107949983696863 0.294647570869276 0.135497688080131 0.185713503136913
0.00550135231651103 0.489291742124198 0.0292555652094743 0.197722040911337 0.27822929943848
0.289941609060225 0.252463611899895 0.0463385746873025 0.23821523013334 0.173040974219238
0.206758351119368 0.261728292515462 0.321647574962213 0.0116809708738813 0.198184810529076
0.126767115170979 0.227204315808377 0.278893646377349 0.284414486142021 0.0827204365012742
0.201095011706138 0.277003500322331 0.222162609891994 0.088215909493782 0.211522968585756
0.514545714163602 0.121957489235145 0.207298731874174 0.101817559413776 0.0543805053133039
0.290083004928746 0.0907813128067065 0.225245798999348 0.213601033995529 0.18028884926967
0.35962497848104 0.117636047830818 0.0673319906445212 0.152370443623206 0.303036539420415
0.021105829564295 0.0836486167515944 0.392513393905743 0.488862187319919 0.0138699724584478
0.347162478308294 0.235442000275829 0.0483499107169131 0.278235931893915 0.0908096788050481
0.140151965135425 0.0693499010196559 0.351590703270207 0.0352858769845317 0.40362155359018
0.288963817009542 0.216254949363886 0.17095174293171 0.279340681961668 0.0444888087331946
0.385356809561119 0.277628056934628 0.0149525285486176 0.00360068544013169 0.318461919515505
0.30328869560381 0.303598495410212 0.210364245143925 0.0974617170312728 0.0852868468107805
0.193288110051946 0.0661497608573983 0.240340876555072 0.164709483726011 0.335511768809572
0.167576012740422 0.108509504711862 0.23464967287255 0.192388002415077 0.296876807260089
0.138526059799107 0.0482331385865245 0.280782204366265 0.119484572155067 0.412974025093036
0.098188789334643 0.00926338515812679 0.288139064475201 0.21994760666576 0.384461154366269
0.346814570976778 0.0573807201707609 0.0303577003316341 0.241865263450635 0.323581745070191
0.213626725491966 0.322310770494753 0.180247682061356 0.118211747110388 0.165603074841537
0.247848345579454 0.101956464837153 0.313828099443596 0.0193881115759751 0.316978978563822
0.303261937697782 0.168081860468575 0.119365165888472 0.200906151882005 0.208384884063166
0.269094926885167 0.126027837035976 0.127465966787657 0.0923920511398811 0.385019218151319
0.147953724326479 0.264389077861798 0.311415785943881 0.232217770505119 0.0440236413627231
0.208027661090332 0.145408194077318 0.248737833177282 0.331017831199293 0.0668084804557742
0.229798130595068 0.256369048682024 0.232464304590095 0.0573639138065883 0.224004602326224
0.236391551336893 0.212024480242024 0.255202589784215 0.18828124529556 0.108100133341308
0.266851556106695 0.0987779123926251 0.285207356541257 0.0969371708965784 0.252226004062845
0.275673682286028 0.0633044345997492 0.341360976575655 0.162268395640619 0.157392510897949
0.247376995368125 0.227185971188346 0.165234395818465 0.237094228991533 0.12310840863353
0.091720378820005 0.23252036925837 0.00370494671606793 0.302643995172042 0.369410310033515
0.180771510797545 0.237506189702268 0.138508663927498 0.136348363665147 0.306865271907542
0.399417149404183 0.112210849409279 0.302337136298778 0.173668367575739 0.0123664973120212
0.155757970359573 0.200913440861513 0.263812766468647 0.0301282436890121 0.349387578621255
0.166520559572074 0.323943074644929 0.0862177455494867 0.356650545511904 0.0666680747216061
0.231937881589679 0.11213139213696 0.124795829915103 0.453405493123266 0.0777294032349926
0.20824577997724 0.0888673437127064 0.184806820013541 0.0329445215495648 0.485135534746948
0.259781998275368 0.185759902776416 0.0138299209073309 0.517107650970875 0.0235205270700094
0.260223689032004 0.310955376154925 0.133643948936522 0.145159592968409 0.15001739290814
0.30916127383645 0.370422328388498 0.075788205568758 0.209717391007479 0.0349108011988158
0.302807395693457 0.359025877415082 0.0316927069280265 0.00150214703609666 0.304971872927338
0.26684982203924 0.0701004586159227 0.306951789851218 0.224279891252764 0.131818038240855
0.074411227203353 0.16523616037463 0.152958927151822 0.226009187440281 0.381384497829914
0.31208013917321 0.0482109399284064 0.305011917999254 0.0637241469290096 0.27097285597012
0.113492484326161 0.249380455393747 0.102414735692471 0.331891577936927 0.202820746650694
0.0662178798735371 0.23346680176236 0.254914027186676 0.29200456594806 0.153396725229367
0.132769103045784 0.294926081900939 0.307299477864036 0.0223887292199184 0.242616607969322
0.55063768880413 0.118884765793841 0.0195032187784519 0.254411531218484 0.0565627954050929
0.105121864135818 0.202065461448239 0.249490093739597 0.177080804408389 0.266241776267957
0.261551483991745 0.347834491227161 0.00159726372553714 0.0962534723058068 0.29276328874975
0.268386770691907 0.197054339518618 0.307796148630955 0.193844492234905 0.0329182489236151
0.138794472026069 0.206266926172159 0.160927266639236 0.244619324702152 0.249392010460385
0.0910243248600071 0.1185263245246 0.246859261983044 0.358367663972166 0.185222424660183
0.153269245068622 0.26123473131122 0.0856816624243035 0.44812958336752 0.0516847778283337
0.19108201957393 0.0536529979777612 0.504421260030688 0.221339557360543 0.0295041650570772
0.263086506950399 0.155210579907473 0.215783872835262 0.263869079828842 0.102049960478024
0.339456177979406 0.258279367383889 0.0305035787272726 0.12442960387244 0.247331272036993
0.105468608094115 0.2671722501499 0.265200624292951 0.129395140079895 0.23276337738314
0.0889492220921622 0.306894105307143 0.24064830180459 0.209539219251395 0.15396915154471
0.360008461230125 0.237131201284185 0.137097472566056 0.265747627741084 1.52371785509635e-05
0.22291675992917 0.225753722734289 0.254521805838709 0.247305031968827 0.0495026795290055
0.266809538483032 0.0369192719482379 0.00829342373447923 0.282026243346927 0.405951522487324
0.260483005466282 0.0849532908716891 0.231522928039533 0.188017273072755 0.235023502549741
0.126520736025789 0.163592425889568 0.390051372359715 0.194092501905305 0.125742963819623
0.456312558608443 0.351176472350582 0.0409526700227236 0.0825228016930685 0.0690354973251831
0.240366574656653 0.0359294177723896 0.0978368932628078 0.328181147795775 0.297685966512374
0.197631572027648 0.252652491843057 0.0805623879153445 0.182810758202396 0.286342790011556
0.224478174878266 0.21706618186063 0.0885732903765411 0.27916942987569 0.190712923008872
0.158322371275889 0.296269178755286 0.0782991424021993 0.272592621161063 0.194516686405563
0.277627094172658 0.0561006598867429 0.0785960807768779 0.223963510164321 0.3637126549994
0.21725231439504 0.10570057718527 0.250059136435309 0.21922484791621 0.207763124068171
0.30485046510297 0.293452689196345 0.0238256965744533 0.267172752109266 0.110698397016966
0.447637631955061 0.0896915707493249 0.31997381380315 0.120659909170868 0.0220370743215963
0.209426510739871 0.11764076261626 0.201135368328987 0.306982202533711 0.164815155781171
0.256017157206262 0.19579164167348 0.208167381404898 0.244281654205111 0.0957421655102497
0.220862291466323 0.230430285425886 0.00548500441439963 0.343390368289108 0.199832050404283
0.206931875184862 0.209088040429244 0.320426850661666 0.054427421447394 0.209125812276833
0.179704188520545 0.254554972342688 0.166648546643976 0.18739575219362 0.211696540299172
0.314233154231941 0.165006902016426 0.0954119746368311 0.188835358054488 0.236512611060315
0.25816531496419 0.454556015421026 0.128805567355783 0.145751172362522 0.012721929896479
0.0993423525804668 0.230870763689471 0.167270765262215 0.271383799985493 0.231132318482354
0.163078491750574 0.0896083823203061 0.145841726438364 0.120029643761785 0.481441755728971
0.0285166097852297 0.151797587667014 0.255271290242901 0.522022566574047 0.0423919457308084
0.213630842056206 0.223782025780889 0.213417262390125 0.218223289864768 0.130946579908012
0.301112367657404 0.098117321524531 0.000241753882540186 0.242935114059941 0.357593442875584
0.163615657558593 0.421132076268344 0.208691808841269 0.105999417807344 0.100561039524451
0.232481869586084 0.183371941099573 0.277003080701141 0.162725166974577 0.144417941638625
0.259049393852459 0.118526671237548 0.147340185846426 0.303038478734229 0.172045270329338
0.236863771001601 0.0636088753119631 0.254040189328108 0.286093471708914 0.159393692649413
0.252893906069603 0.212421897737059 0.231425714431358 0.0498743856960928 0.253384096065887
0.211616721665145 0.346179317302034 0.227065344946231 0.00519818847124632 0.209940427615343
0.286611682867243 0.102009521939474 0.144675494378904 0.309608323332682 0.157094977481697
0.251642457008621 0.347136162920411 0.101924468179883 0.136030264502122 0.163266647388963
0.297548808947397 0.401294939490643 0.0863983760680967 0.133213895585874 0.0815439799079893
0.0794351599862508 0.353613051274342 0.256522803714294 0.260373053180704 0.0500559318444094
0.0606500730718679 0.254952108236719 0.282075069106202 0.205532366998136 0.196790382587075
0.263035729720279 0.247170177288387 0.206807378989753 0.129607992047453 0.153378721954128
0.259194618467536 0.000207252230811734 0.274052540522828 0.161215533479595 0.30533005529923
0.488779280094818 0.384996113576863 0.0130250211326061 0.0101405877583466 0.103058997437367
0.36658092681597 0.00735475153989795 0.192031024830824 0.117524700191175 0.316508596622132
0.0181541658259495 0.240182967351167 0.0935014860974754 0.253109703088369 0.395051677637039
0.277918527631246 0.138505497213632 0.271792122681013 0.0501720020668916 0.261611850407217
0.299664364834374 0.139062584994509 0.277303712549652 0.193537022878771 0.0904323147426937
0.444559771216944 0.0209672998256688 0.00999025363257809 0.156970960081056 0.367511715243753
0.265742970531377 0.193227202927528 0.27580617137138 0.137259480902571 0.127964174267143
0.345711866289082 0.189395535109675 0.354950168811699 0.0922439202684304 0.0176985095211132
0.043945190205445 0.226679091292422 0.128158236517198 0.146110914109616 0.455106567875318
0.216153548588168 0.239513770436664 0.227641718598972 0.106793279911384 0.209897682464811
0.335142256211449 0.333406057308456 0.300064749024686 0.0210737922093438 0.0103131452460655
0.25432476360204 0.170543311511333 0.162005650896451 0.185048981628388 0.228077292361788
0.278039636908233 0.116785744846276 0.181704144357997 0.404818170866918 0.0186523030205749
0.189993170444946 0.269891772726577 0.303132824039811 0.178223513288721 0.0587587194999455
0.192966382746149 0.0287227290427577 0.0279531991954435 0.307302979054531 0.443054709961119
0.27139233979066 0.059143959490043 0.292012065273691 0.0281195346894679 0.349332100756138
0.414855848765605 0.214088526846107 0.260662665916595 0.0757868855335493 0.034606072938143
0.21659521439296 0.0757580253419946 0.238164543783205 0.224665185470979 0.244817031010862
0.250154816662135 0.213727957158759 0.155193899418796 0.113526424012474 0.267396902747836
0.160043318309312 0.286478993893719 0.22218330410601 0.129395319558466 0.201899064132494
0.313769272114709 0.102068228692129 0.180382709673417 0.234481157619912 0.169298631899833
0.309752425219268 0.0958365671025336 0.405128940649024 0.161712162194549 0.0275699048346247
0.0731538543079536 0.0855386086514998 0.222569751750895 0.470739553614401 0.147998231675251
0.039615089985261 0.226663581575669 0.336960015540405 0.271317768087236 0.125443544811428
0.26849529324887 0.102011465038808 0.131367589707283 0.251754036293063 0.246371615711977
0.281144638443751 0.0194622593344121 0.353853713678665 0.17853109480876 0.167008293734411
0.026278804472903 0.214411914191473 0.272509658862031 0.238836325000374 0.247963297473219
0.146510907665665 0.240989625738768 0.302949457546989 0.123264377116147 0.186285631932431
0.200661845677248 0.274911603715322 0.00894984366259651 0.326347888122019 0.189128818822815
0.268943703538326 0.124271853671194 0.380259476169623 0.190545303867235 0.0359796627536211
0.0673621387838025 0.108398835094005 0.238594072052148 0.18397577473863 0.401669179331414
0.257399868142099 0.10514538127123 0.251679111951363 0.115704826048906 0.270070812586402
0.0766230389594681 0.124912249877807 0.2416919810762 0.210934282548039 0.345838447538486
0.180840998883656 0.0311404229958554 0.321028856328403 0.1449585218031 0.322031199988985
0.210637045904762 0.241376550132072 0.230398367153064 0.138442569338855 0.179145467471248
0.171355952920402 0.200425109090337 0.211152732944558 0.214501579971697 0.202564625073007
0.323724795376852 0.300785045384652 0.289429292656817 0.0716934139768972 0.0143674526047821
0.295106618573835 0.165416968325912 0.258332031741662 0.114111352993976 0.167033028364614
0.363435887135234 0.0127666380955453 0.22240238951096 0.345847716537891 0.0555473687203697
0.329537874989056 0.30799125980408 0.177543443065203 0.00691156377383846 0.178015858367822
0.112599759481273 0.048646008946388 0.317341204856239 0.375253141587442 0.146159885128658
0.352276493028924 0.147022843816228 0.119660249316808 0.252406243443458 0.128634170394583
0.270983289245176 0.128335178927026 0.279065240591041 0.261612951546594 0.0600033396901646
0.136783311925565 0.403064149423599 0.365710322006163 0.0108188170812692 0.0836233995634027
0.0475507415254418 0.277476027125657 0.253092465754146 0.0669313946530917 0.354949370941664
0.142242979124272 0.117737499390766 0.443010874878106 0.291546145536255 0.0054625010706013
0.0235082905312142 0.22498588437841 0.200051062236649 0.352446275159412 0.199008487694315
0.0210644049214835 0.225515874343457 0.264088245967095 0.128247441915622 0.361084032852342
0.357405976426183 0.176360469332124 0.161448359295606 0.0614663449576009 0.243318849988486
0.173974176320712 0.139845531481975 0.26516422355639 0.143847562947743 0.27716850569318
0.0705124124165464 0.0407698548943768 0.573421107937994 0.00346611164069378 0.311830513110389
0.122238877998895 0.324676853875267 0.308863011843119 0.15304015974969 0.0911810965330293
0.396286053590662 0.0291237761866987 0.203558046912143 0.368287665358835 0.00274445795166095
0.299184731124127 0.111790601016466 0.171413113742842 0.103008532632871 0.314603021483694
0.0703251088534049 0.27183779818393 0.257578272838161 0.274274313549536 0.125984506574968
0.0538963854756495 0.302030060867235 0.0421381498253664 0.203249200103925 0.398686203727824
0.152762455861247 0.242404706064568 0.0146942969352762 0.241610667297928 0.348527873840981
0.340291020536516 0.157930015719033 0.191495652480335 0.0193048791090239 0.290978432155092
0.0442146984001688 0.340666103632229 0.330274519796261 0.137859992287408 0.146984685883933
0.204508391689322 0.241788624693913 0.200537031020509 0.148437205328676 0.204728747267581
0.197392350660217 0.142602411888256 0.0131991440602177 0.259405409493609 0.3874006838977
0.350021791907289 0.101372996510593 0.221272173345635 0.144525793185104 0.182807245051378
0.0774376401097602 0.160674419438791 0.186978228520373 0.183528859162886 0.391380852768189
0.136425117945616 0.0521847468967737 0.330310020046521 0.182033459635366 0.299046655475723
0.0121119820435734 0.292255829826056 0.196713536604027 0.203283256180766 0.295635395345578
0.149890135668383 0.137100173566426 0.201103217594707 0.257134831689679 0.254771641480805
0.0542446840691392 0.392325261109928 0.0691916318228164 0.196150582171286 0.288087840826831
0.0858666422686203 0.424309513964885 0.33693905988792 0.135318790756243 0.0175659931223317
0.201912436044426 0.0390633818944333 0.283314482842783 0.249723183717813 0.225986515500545
0.066231458513609 0.249304655795532 0.0830683330621541 0.222879375979127 0.378516176649578
0.0993823042925908 0.0994376649094649 0.297859483884888 0.188817525509021 0.314503021404035
0.253413417584618 0.13219291075544 0.156488976432782 0.239009439694264 0.218895255532896
0.174249609287504 0.120814429694625 0.197865608505043 0.21334493894242 0.293725413570408
0.121459296193198 0.228945888765512 0.260963094403496 0.258294518505599 0.130337202132195
0.380586074880208 0.25866017225972 0.238941587894485 0.0364617554122425 0.0853504095533453
0.348169588177331 0.0274200484295292 0.224023096632428 0.382722448631379 0.0176648181293336
0.296690707800398 0.0153295917035813 0.14857074810983 0.224828054153888 0.314580898232303
0.295779478553629 0.297256867385295 0.289322170984164 0.116788743898699 0.000852739178213548
0.258742982816982 0.231704261337026 0.281224097435772 0.0384788111009773 0.189849847309242
0.227124164763328 0.255203188980392 0.206335009692985 0.0119133157807984 0.299424320782496
0.191970932426148 0.0280016236599083 0.262303221171322 0.308539906608747 0.209184316133874
0.226073183900788 0.045236590175758 0.236010094773431 0.2462155115782 0.246464619571822
0.146683647858837 0.16695943964883 0.19713501713208 0.242392747325972 0.24682914803428
0.0724820648396266 0.275251829377524 0.264507038561034 0.286048297757898 0.101710769463918
0.255664421652696 0.0095730839152721 0.334147173276197 0.280619003589252 0.119996317566583
0.35743925075734 0.000223544917461557 0.155093845558602 0.253228354069421 0.234015004697175
0.228844305607657 0.363398480540189 0.257139602357942 0.130806807935643 0.0198108035585686
0.202776057263781 0.212781702731524 0.190958671376271 0.207465178272585 0.186018390355839
