0.0203307502405774 0.0332923526835663 0.159689650546475 0.0889676188486258 0.0815837462321501 0.149394557443483 0.0984047653486523 0.115245769676358 0.153139129712652 0.0999516592674591
0.0888877249956006 0.18213679356897 0.00645881230879908 0.0012309695864945 0.13752906277037 0.141657797934778 0.176576038938147 0.0694589519787775 0.149641221160913 0.0464226267571505
0.0397609086017517 0.0905740462812141 0.204978884372243 0.218381557845515 0.0737640765574649 0.0293823323905499 0.130254270246032 0.0370941451960945 0.0300626391166622 0.145747139392473
0.151365696169493 0.269973118274615 0.0396735041958999 0.0920071483678659 0.0901013305433509 0.0758429577948859 0.0323995929932391 0.0556263649464201 0.178474209910956 0.0145360768032735
0.17110628220619 0.0826285779524938 0.108254842425765 0.0758409365149412 0.176246154111785 0.081681340497289 0.0729442347719432 0.0930219350235351 0.0655906578282409 0.0726850386678168
0.00855732921902975 0.0526391455568506 0.02215165662511 0.140962805093364 0.136852440651527 0.0401572462519757 0.12933098326016 0.141659656275953 0.163318492780266 0.164370244285764
0.0823006220334912 0.0275868233666484 0.125004075514429 0.200589040989358 0.0616421779785946 0.00740134922253097 0.102985038979906 0.152583748359703 0.0665894864265857 0.173317637128754
0.133459726196012 0.019074418382315 0.151631345282811 0.00495795824290276 0.0956621127185502 0.176284274843139 0.088470466627049 0.0957100824193793 0.150809937481217 0.0839396778066244
0.15479333153423 0.104998033249767 0.0670037582878608 0.0253597798476804 0.135280366349118 0.156400863209473 0.15723179227968 0.0465064091034998 0.0448906838201222 0.107534982318568
0.0376054171238666 0.0921513070359455 0.0920484978877005 0.00614710022215807 0.226390160311621 0.248997025666269 0.0814870763512226 0.0311132071259995 0.147862548771688 0.0361976595035301
0.00733001376998693 0.0123705157942156 0.10279473461435 0.0887227457678817 0.160120071716596 0.092125445088845 0.183160748444919 0.18412527510899 0.166727382229534 0.00252306746468134
0.0105672494325698 0.0595994708841662 0.108599775133706 0.166364975152385 0.208443568938591 0.132262547460164 0.211209818051576 0.0356466893358054 0.0291610014323404 0.0381449041786958
0.0231494371579343 0.193717769705721 0.111679020365382 0.157721623758251 0.0844340576632952 0.0955429227242957 0.02181294264548 0.0309565774831433 0.11670535369985 0.164280294796647
0.188411328932162 0.0622046903686204 0.0271789252915623 0.0965638296039377 0.0541374577017357 0.19114751483415 0.17490758572366 0.0551731176321536 0.10207162215956 0.0482039277524581
0.109810079927319 0.0642201178827975 0.135500071710274 0.0254833465687301 0.113722189918128 0.125451203881061 0.159121020351856 0.147452485542118 0.0534871305747295 0.0657523536429866
0.110291002547797 0.0417055628827536 0.0626026933194396 0.0317066395397518 0.0100363749796951 0.165066330474111 0.180251073527091 0.17238206451458 0.193720406448635 0.0322378517661446
0.00401960005652846 0.197425074639709 0.0317190943165368 0.141931353768166 0.0916949769631152 0.152557131066363 0.0147020675575362 0.0604310668154569 0.126083383481419 0.179436251335169
0.0600357041469052 0.111912997736528 0.00388590468942788 0.0388524673986358 0.0289559569717448 0.0441329977612396 0.176497719878117 0.146803921737757 0.203939125061867 0.184983204617778
0.142014739429805 0.0229066244932795 0.14375538303455 0.137649453725872 0.13727051993865 0.139682981858362 0.085017607388954 0.127197670430161 0.0364708847562425 0.0280341349441238
0.105427539223566 0.128422926280452 0.0339915254895283 0.0762903491678821 0.121872389708922 0.0877347428122311 0.0955616675919376 0.0760267565449758 0.155716172608145 0.11895593057236
0.0584725821464377 0.0591392631396571 0.156217472754035 0.129237679034262 0.0173656169486861 0.155566636420724 0.126390984090754 0.080461556845965 0.162920613711432 0.0542275949080469
0.0802725555375885 0.0321627825954722 0.105150697826697 0.0486576342900192 0.154466900697073 0.163455678396439 0.17215098151831 0.0812487511968464 0.0912377583701341 0.0711962595714211
0.155660715120219 0.138628860092179 0.049480006743733 0.10359408436845 0.101516969012057 0.0995426559526156 0.0124334210312643 0.126229463210809 0.136005555254052 0.076908269214621
0.0109579867743386 0.151426287238934 0.162843083545519 0.133996665594022 0.0479618657569206 0.0767345645108918 0.209799715315019 0.0706756222833031 0.000661820507208632 0.134942388473843
0.0149319056567307 0.029418818364722 0.0233542310678436 0.149257544936386 0.17286435464444 0.15673869669212 0.0919251324883386 0.200108000197122 0.0630436331527886 0.0983576827995085
0.209300391678499 0.135654899668891 0.0385157334453012 0.076283914708996 0.00647419395063747 0.0598076504251699 0.0206730383672397 0.229098497179738 5.78268696807343e-05 0.224133853705847
0.10451336292419 0.179920681484948 0.0598851181533591 0.0948966394178651 0.0264168440368396 0.0804248683623417 0.138404085282073 0.138215052222595 0.163553336524994 0.0137700115907949
0.119854630623921 0.107896132602621 0.111726288231096 0.108049792290379 0.12869018747596 0.113761650789013 0.0917436870720206 0.0840517856444547 0.121902842594895 0.012323002675641
0.0843799873121998 0.198960339062972 0.0609749009727548 0.0257963882701979 0.152666483895227 0.00272610665889994 0.0354108309930211 0.110245340888489 0.145554035319872 0.183285586626366
0.0789968472981013 0.12523412933535 0.0253863426213566 0.15034852626967 0.0236512519104264 0.183897522788089 0.185510638141492 0.172305189252357 0.0496730593611266 0.00499649302203029
0.104608188113803 0.0374540025102887 0.200583020667456 0.0813579702854273 0.0160710758162348 0.202540966486375 0.102967013272016 0.0573938515870706 0.0178880695644881 0.17913584169684
0.0974742322822528 0.00448104309080091 0.10561246534157 0.0570820975963579 0.00792342394427772 0.155175650147853 0.0109577234838648 0.121440142122608 0.285656218899542 0.154197003090874
0.056145875582464 0.0191285286724737 0.0912751920681337 0.0263046837272846 0.0316498856559022 0.170973927103371 0.119952434666819 0.219331251195503 0.140122269380218 0.125115951947831
0.134665886705641 0.133133977791333 0.0232200778856839 0.111392958176533 0.0827647663709615 0.0451760070039893 0.123777740567039 0.0199581068173854 0.180489100534766 0.145421378146667
0.178243473860047 0.0971167967035854 0.0670557703487087 0.139302230271212 0.0142678451385406 0.133732190078122 0.165007590064329 0.0397509627549024 0.137044843091873 0.0284782976886794
0.0304037070037477 0.067876720715102 0.0739124334862585 0.00313773356873335 0.127479447271003 0.0966594899955288 0.179102620499115 0.107551894720836 0.115583760139898 0.198292192599777
0.132006456780124 0.0549235509698514 0.0515768290738623 0.0249803420919694 0.203017400714012 0.0929526167445317 0.00845337301792532 0.139666335762568 0.156561822140126 0.13586127270503
0.0313386395889957 0.100161579990042 0.152429462068559 0.148074568939182 0.0456311276094759 0.15358186209863 0.0130783324103984 0.130743632620419 0.176889196999779 0.0480715976745173
0.0838580454092986 0.074539538382964 0.0569470056510487 0.173498615182995 0.200543618808232 0.00139587401373033 0.0697666185128534 0.153115168054349 0.0508839150312313 0.135451600953298
0.138538343202748 0.017449767602414 0.0698741982862422 0.0417372488004248 0.122893342068882 0.0976596417041229 0.0896506444641802 0.138682257579915 0.15267717670572 0.130837379585351
0.0399999838711536 0.0901770811963078 0.0516156170406005 0.0775129586747493 0.0967941718493841 0.143352186768538 0.134807897616247 0.0920393124472341 0.179238356151704 0.0944624343840816
0.110377275942683 0.0124185860579453 0.141123527789732 0.157592191924096 0.11593710933173 0.0982729409210281 0.150527197979234 0.0576157309754088 0.142777998928471 0.0133574401496731
0.256869838991428 0.0326697658070153 0.00730155975079812 0.195466875098854 0.265337572379616 0.071243704309679 0.0235199675205258 0.0858274211379953 0.0429807684603189 0.0187825265437693
0.0480751447755037 0.173365141331575 0.03048692601845 0.0862449598602434 0.143284149708743 0.00160647230999611 0.128931063269532 0.153287659813861 0.0752988094451403 0.159419673466956
0.193691592029807 0.0132007791725762 0.135603248545388 0.0595716758421094 0.145634868062414 0.0137075894283615 0.122721443550642 0.0729453358276095 0.184418478945093 0.0585049885959997
0.112617770880546 0.191764322898691 0.127028526533144 0.0251017707474367 0.148903971824951 0.0414602139141146 0.178295429978606 0.0382280157137759 0.114210100734656 0.0223898767740806
0.0520274764133805 0.153166819309887 0.141973665428471 0.0327225047879929 0.0342910935216089 0.163644767719388 0.0196423464371969 0.089579911606222 0.136922184641768 0.176029230134085
0.0980555650725346 0.032274213698803 0.0781412397914652 0.0925044182090454 0.14556277705731 0.147476766677009 0.154256598232275 0.0629109242023912 0.0573066982964008 0.131510798762766
0.131443980236481 0.0582761293763887 0.0211392819904683 0.0874042159966905 0.0936720063586603 0.113043579327489 0.0394722009012723 0.163052592348911 0.146553642207124 0.145942371256516
0.168841490736499 0.213580276630345 0.0460050556522562 0.053696982153224 0.153178675300012 0.055131856986473 0.208010389800161 0.0192201570176313 0.012876200900934 0.0694589148224649
0.0926899909228372 0.129953404778888 0.00448442896388869 0.153275316815909 0.104593669030792 0.0880639991511835 0.0582580882310073 0.18388108004725 0.139465951595337 0.0453340704629084
0.114022921489398 0.102064643977407 0.0292498583982669 0.20774377211693 0.0511652816958169 0.0500956804429944 0.212297857688664 0.0459074882631142 0.112263053670278 0.0751894422571308
0.148666949685395 0.0464578814231865 0.13729429811043 0.140382576402668 0.0659817267984549 0.0998149333582376 0.0920643571892255 0.103874800231033 0.0359319220301967 0.129530554771174
0.14425363539676 0.195291951672214 0.0952095180249548 0.10674916872381 0.0228948854574805 0.125151798120855 0.0103797860408958 0.117026516941695 0.137708175214358 0.0453345644069764
0.0622131666139753 0.0737381769340491 0.0637694320217817 0.177922866052212 0.0124418279680654 0.156142597136994 0.081840253421364 0.158058517977799 0.12754011778381 0.0863330440899495
0.068718618054948 0.0199654883536087 0.0722684097314367 0.0851972363051021 0.149674257873547 0.207272912172493 0.135473566120557 0.0239211283705923 0.229735428341539 0.00777295467617526
0.193732276021192 0.0503993952937856 0.177503961679596 0.0103551945908838 0.177999799809569 0.0431641772974571 0.0744220083783561 0.177083113393731 0.0919129766366856 0.00342709689874389
0.0492254686463247 0.0948398012402996 0.0421039435592129 0.221216543931453 0.129055084630008 0.0340820164858579 0.240843875362045 0.0646896047901328 0.0545933506388054 0.0693503107158611
0.131639799544072 0.144184632033856 0.0145655427512505 0.0204215714257285 0.0860847844518521 0.159687297718081 0.0553584167008089 0.156873112767735 0.0786630124774939 0.152521830129122
0.0505670093778768 0.165908852139087 0.12946155397931 0.0519876633047422 0.101137638377159 0.102150500339335 0.102102395291489 0.00959604306155025 0.166215399679104 0.120872944450345
0.107237154354881 0.0357798058115628 0.0096590969310832 0.115579203876688 0.0196735544725443 0.1605156346786 0.131428591694234 0.135633404587211 0.124862607708997 0.159630945884198
0.151190665865553 0.143875399752775 0.0410363045986641 0.0839660051075406 0.031764202412845 0.153968962578942 0.07374009106967 0.0609745817319563 0.0961879126289704 0.163295874253084
0.204278504196267 0.0988278754888153 0.0881154318104755 0.0135472394491456 0.0629098364864768 0.130945188979204 0.0594698566802375 0.0770139070106717 0.0871694149860042 0.177722744912702
0.0734739063769088 0.102522093146349 0.0568395694387061 0.185178459063416 0.0228865646790844 0.162064190469515 0.0932982094996814 0.134529701293139 0.0409906491390591 0.128216656894142
0.0244879081102543 0.0144562352435021 0.165545180671501 0.183599098341515 0.0668842026424588 0.0746412756982181 0.0873618936468325 0.183654565718344 0.179320976564792 0.0200486633625821
0.196142713655192 0.0757911808168124 0.191514752613881 0.0724513525130556 0.0847046035174092 0.174232863213254 0.0113090755854364 0.0746245715709149 0.0615852831308164 0.0576436033832284
0.153793733386463 0.135270628984958 0.0817223420713291 0.142941678819907 0.0580397768882454 0.120275184450578 0.0508323861406526 0.12595954832092 0.0723148927928209 0.0588498281441267
0.170203138661545 0.144248755672191 0.100842481970775 0.10626052683098 0.0599109736992564 0.0322718259125202 0.121788204545565 0.0014478972695056 0.114006290595531 0.149019904842131
0.0876632856714427 0.116947117800225 0.0840466336772002 0.12501732904148 0.11805706812322 0.0496636966922525 0.1306264754625 0.103962988476422 0.0675280727440031 0.116487332311255
0.176285287623374 0.0499583600684816 0.0897338134381462 0.0546727745323519 0.159039727838825 0.197307426648478 0.194073334670012 0.0224244177701974 0.00976776003587984 0.0467370973742539
0.1453649446984 0.149730861383075 0.0213300230260163 0.152741589079974 0.0852796697709176 0.0262542406495332 0.139083566086049 0.0792054991315948 0.0575916236609203 0.14341798251352
0.0874488030337517 0.120623241771663 0.14409804082714 0.0955143134032594 0.0807397257622641 0.0259330680984399 0.0517296996823167 0.149916367895588 0.101419825003819 0.142576914521758
0.194371434480324 0.194759531129156 0.072031207125049 0.0269739465998838 0.0948285517473321 0.0463892745457891 0.177028610585047 0.0745260338189222 0.0589004043803041 0.0601910055881935
0.0538178562540735 0.0861390409133873 0.174064103047554 0.0824533266607398 0.0992470469136516 0.00101379006725976 0.114306286692274 0.174826587274995 0.173493192385727 0.0406387697903383
0.103688778929267 0.100058767352393 0.00304338017246357 0.16421508916412 0.0959796861145418 0.149263316878811 0.0259298369687348 0.0628853554750474 0.227137178462328 0.0677986104822929
0.0257106595360513 0.0275789425038498 0.162067651043353 0.188058837755082 0.147366184703946 0.1804602049927 0.117516567132298 0.129994087347957 0.00726530609220076 0.0139815588925624
0.177632861437621 0.103621508661869 0.181718028830133 0.184085771538444 0.125170105844528 0.0655087715299704 0.0364821335322469 0.0126372902465578 0.0518508778050453 0.061292650573586
0.104723550264378 0.0686771412640712 0.0724275846740548 0.0103651659889326 0.0763584717961378 0.156744933106596 0.0376169847291244 0.153611564564371 0.158331899460545 0.161142704151788
0.0329054153171189 0.132054102024042 0.138568619246268 0.0853300167414108 0.070714053347505 0.109179479541461 0.117645641611596 0.101814716622317 0.138557606928115 0.0732303486201647
0.120751229867684 0.174376630460713 0.04159777920905 0.143636227694332 0.141827802026969 0.0696277074042851 0.02481079971516 0.111103482958597 0.0928462477819057 0.0794220928813043
0.0574046427647351 0.131285167579859 0.200471091076051 0.00590503431981469 0.0943049267068608 0.152408543109524 0.0245238988086012 0.0933457743462498 0.0522266809599993 0.188124240328305
0.10828392114685 0.280588700657338 0.0124110506029274 0.0937686101337828 0.000548975735139314 0.0350024610688578 0.0749201648266154 0.141580718014101 0.0149398087384813 0.237955589075907
0.186087156076086 0.0987275554010595 0.111527969398675 0.21291808859155 0.0636563562743048 0.0720153182757203 0.0630982426387064 0.0119323573031409 0.0689292883015423 0.111107667739214
0.111596154843459 0.0309764788047756 0.0301027137909503 0.177364969021164 0.127305922391155 0.0928835771706093 0.163064540887952 0.0960836496338324 0.0640803884878779 0.106541604968225
0.0248771123823614 0.0896173109299692 0.104128160579999 0.1436522998539 0.135739500238733 0.193848565945871 0.091159628482774 0.0228689280703369 0.174233990726172 0.0198745027898837
0.0594302672768404 0.198005605961483 0.0428655188834724 0.106144976752968 0.0611046150324129 0.0569293210849833 0.0078603219869788 0.188313246747727 0.214348580717357 0.0649975455557778
0.193118373635318 0.228694342160948 0.0359898882126219 0.000630623782024456 0.0785467162399663 0.107555916829186 0.195400029496134 0.0494936960468663 0.0126495907183073 0.0979208228786271
0.0258778112198453 0.0559419382503639 0.127646139705816 0.196646828087418 0.239636650702624 0.102863803800988 0.0410293691115518 0.0770523903039622 0.091683553517651 0.0416215152997808
0.0322578878519909 0.0134419790164586 0.14526514805793 0.130949153876261 0.0577626976811936 0.0555286695743387 0.163987210186527 0.105522205781151 0.15578531700958 0.13949973096457
0.0711639564480114 0.0152253763963763 0.134461421374453 0.17881996668949 0.0934973289448157 0.0818289404082013 0.183453961555965 0.0937729308914929 0.106188947278671 0.0415871700125233
0.123593182986761 0.120716497598475 0.201329183406509 0.0521028401353024 0.0939268299669191 0.147469328645453 0.0704654602453207 0.0666883796657419 0.00648164531450504 0.117226652035013
0.00292684108842382 0.118598710420872 0.219611484163708 0.0706094339023156 0.0160660254397152 0.00965449406342644 0.151807403898566 0.25582611568789 0.069279213009069 0.0856202783260133
0.167739605331597 0.0782132111818598 0.00127415955793047 0.185469410709285 0.178190038844803 0.000999196240623766 0.113004239088522 0.100060264131652 0.103576114072266 0.071473760841461
0.162332831668723 0.156642786865357 0.134146452816788 0.0409605520040221 0.0960852494289359 0.0731395730555396 0.16487055719491 0.0495719912019261 0.108816036640023 0.0134339691237744
0.146684644911918 0.056270761498428 0.0863156242625577 0.0471031117267456 0.0855063123658034 0.101357107433107 0.0399164455583314 0.16314440170506 0.14621474476515 0.127486845772899
0.037673963533571 0.203978544011617 0.176651546868687 0.0700088355015926 0.0747465133653154 0.0509434995158483 0.130880896211569 0.136770768240348 0.0797121684595444 0.038633264291908
0.0931760015238172 0.0391419631585724 0.0453132981851965 0.169767677707005 0.183549029761521 0.0606486388831323 0.0164762784741233 0.148244377108068 0.0725553464642882 0.171127388734276
0.212988385212823 0.0133716740793913 0.083172359705781 0.0880386377834635 0.0847386280261346 0.20999415870504 0.0664866368055251 0.0723418214591817 0.0917574678629296 0.0771102303597308
0.150147716716472 0.0607153809322884 0.0734321419105383 0.108274180676778 0.0322230026604255 0.151859156554157 0.109271381634726 0.0399414830582211 0.18165051234619 0.0924850435102036
0.133305094002521 0.111358841185376 0.0796436308855727 0.0376236818658134 0.124390966136636 0.0584967602471787 0.17626178131828 0.119095459108953 0.124795043850248 0.0350287413994209
0.0143058410934938 0.130262273151624 0.0321262763685659 0.136882161481174 0.0942670754638822 0.130075063837526 0.169736931752627 0.0960651427398133 0.108602120467554 0.0876771136437408
0.000318089698764442 0.0795040185183309 0.119269471056133 0.104653685298384 0.155488720655025 0.134740936594896 0.0975507154558997 0.143138260512581 0.0786039492925679 0.0867321529174176
0.0173917776888926 0.0902412358893947 0.13613171609672 0.100066891389153 0.113261128597228 0.0277756340882883 0.152041740151776 0.0694511602326045 0.121440538166942 0.172198177699001
0.118385143726839 0.0440141230609516 0.0503229218823084 0.070825732655151 0.158767261687753 0.115051007404115 0.0671128726666877 0.109631765320216 0.108324091165459 0.15756508043052
0.0876023727867458 0.14335168845947 0.0733692337208311 0.0617571729184365 0.0891341403830228 0.126483415020686 0.0728494617170042 0.13286935322832 0.0825187198639382 0.130064441901546
0.115806282430669 0.123454392167244 0.167710377401698 0.0257716388191835 0.127957231930402 0.0358092040460737 0.0352554867933841 0.214098866610903 0.0186785652722943 0.135457954528148
0.275872680746557 0.08907400682609 0.0894881341351494 0.0712418074095012 0.0954847540298736 0.238915524592987 0.0783744762114293 0.0177261685097905 0.00367773035623641 0.0401447171823854
0.0510033158556669 0.00754183602554703 0.0454459457106016 0.161768713253767 0.124980751389452 0.170759561478108 0.115687999893181 0.0707248372510736 0.15293090520226 0.0991561339403434
0.0239460743035921 0.143307797205475 0.0101723571819824 0.246450332198744 0.245617143352885 0.054730109627001 0.0256482373614598 0.125239759598125 0.106978521935745 0.01790966723499
0.149112791616118 0.0793372429302594 0.220218499653415 0.00954015185840378 0.218776382817038 0.0841755292695355 0.0864915290290088 0.045401999507376 0.004109227337352 0.102836645981493
0.0883882518053231 0.0223269294048658 0.0595486985516086 0.160656535527072 0.0476164227839082 0.127604166265503 0.148074350757588 0.0923823284576844 0.142657668013128 0.11074464843332
0.0302221950456416 0.114247412410619 0.154170387387081 0.110259399949608 0.17872656636911 0.0116845307855669 0.0834832637071926 0.0915162459642452 0.0896496971763373 0.136040301204599
0.0370401237279441 0.172027902788289 0.159504616922126 0.0706747689943746 0.141834141914716 0.0426651087869346 0.0932954187876488 0.0767947507346357 0.118891004655053 0.0872721626882779
0.0239813505181809 0.149044169657263 0.148206447014346 0.187394030690305 0.1410293840954 0.201980937197105 0.116704912238083 0.00351032933847154 0.0184925274576135 0.00965591179323155
0.170115461357833 0.0291567738555176 0.151579329181302 0.0681386412954572 0.0478422568350038 0.112778966320727 0.0921105691318531 0.0746980401438417 0.0627123192552757 0.190867642623189
0.124636135454483 0.0716385448619255 0.15684509953991 0.06467965782692 0.075398775448279 0.0154331457251466 0.145563403223776 0.228820159812372 0.0990497220584579 0.0179353560487294
0.171484091981934 0.115259168133837 0.0197788948978727 0.108972893790943 0.15338582310485 0.0789293919598995 0.0262580157603474 0.149247961014429 0.124415004897456 0.052268754458431
0.148866816668027 0.124516245429451 0.088606836396732 0.00549800328500127 0.0836943558497292 0.132057257019629 0.139624399001195 0.0677726765556445 0.0678202173200639 0.141543192474527
0.176874732726417 0.203928863920257 0.0234072557388223 0.053796683200657 0.146746485119378 0.103989405090837 0.00742850871225385 0.163112481033445 0.110619894072479 0.0100956903854544
0.0842067508700159 0.0264849498376758 0.140544362557371 0.134381797670381 0.113732102506565 0.0482459930583509 0.176506630427875 0.0943652712436466 0.119107247027253 0.0624248948008663
0.0956711375904968 0.0062535486657414 0.0596813290281575 0.282150998425994 0.26982172440232 0.125160012825207 0.0255099142397316 0.0211927309617861 0.0876175820541971 0.0269410218063682
0.104979560660716 0.172912803171731 0.124858399773474 0.0947879310983632 0.156528416868078 0.0481283203941959 0.0457131656352319 0.113302259196476 0.128525008391981 0.0102641348097534
0.0250474609389251 0.112082641116211 0.0556914109847268 0.162441647751555 0.0978776647477733 0.121306321742466 0.161437402098222 0.0317121904002469 0.17178075999018 0.0606225002296943
0.0626859951565328 0.167772185372751 0.239945600006757 0.188707718481186 0.085110165678687 0.000368376115086301 0.109280937468607 0.0185757079329468 0.116437460000748 0.0111158537866984
0.08332254920406 0.177923233899223 0.197740779669359 0.0458738641852295 0.142539156845087 0.0198533291191285 0.0808956855196359 0.0934774334572515 0.108771796615633 0.0496021714853928
0.023700243140639 0.0313127546348004 0.125545987459789 0.193833809606597 0.0737987072153679 0.180261526577477 0.10481491556068 0.04969135273361 0.138997437784072 0.0780432652869685
0.14195492771591 0.0854144882315189 0.104433824216414 0.071197978975435 0.134195310805046 0.0240478251329253 0.171317330977658 0.120254050456336 0.136834321385726 0.0103499421030303
0.132845551210324 0.129375171585154 0.0201907722927842 0.0893893902157169 0.0355852525296116 0.139034164785584 0.135094201837492 0.183134179849181 0.00214337346188034 0.133207942232273
0.104831165114968 0.0999688131970096 0.0298026560091315 0.150347328282412 0.0373389563178817 0.132005744867595 0.11382229562606 0.0545420354954634 0.163685493031003 0.113655512058475
0.17991834017205 0.0969045802614227 0.00593763955065621 0.0414093013616647 0.122221652747717 0.101056815983523 0.172691450314102 0.0337148610427652 0.160660951542024 0.0854844070240752
0.129173794152382 0.0841958778081231 0.106963023183145 0.155566040886769 0.0704101739476363 0.0969075187772757 0.0051460714503141 0.109317386134921 0.179574854326659 0.0627452593327752
0.184526611960576 0.0254192543620916 0.123478134438801 0.0327395327276331 0.00797085165102926 0.102979535177751 0.0997097509236232 0.0688989985542956 0.18611267313302 0.168164657071179
0.00454353553992753 0.0868681485664159 0.0384888610141708 0.077157210136179 0.144001966439965 0.167772139973887 0.0517750703006328 0.152305710548864 0.141245112408496 0.135842245071461
0.0196339225479299 0.137615987922729 0.112675876364473 0.15035532782835 0.220349993323788 0.160956292864392 0.098069770937156 0.0859411480032825 0.0084059086834966 0.00599577152440398
0.144007142832427 0.118749576859936 0.139213804194029 0.124378061129666 0.00861625810785863 0.0919146831765428 0.059789447900578 0.0939739476239628 0.0854640114988925 0.133893066676107
0.070566550799102 0.172273177072368 0.0933900665224488 0.0556109388667584 0.121060096333453 0.139152870682303 0.0366142012343936 0.106001666153354 0.0828399544592458 0.122490477876575
0.133377688888208 0.160990952283542 0.146514567914261 0.097167255294145 0.0917390835997146 0.0325684996281553 0.0533510697892245 0.155403981842126 0.0434407007084051 0.0854462000522186
0.119462568391282 0.10427346886794 0.142545309842163 0.183675069697045 0.125610191622138 0.0217869627631317 0.0674568509945252 0.182252549958755 0.00541434828025712 0.0475226795827631
0.00471796774560783 0.0729347097199316 0.26477057658637 0.0377737053111008 0.215035499400901 0.0224024293945477 0.0160388984285546 0.0877583067612642 0.215281955951166 0.0632859507005562
0.0290918342291361 0.171880258060913 0.172177383539673 0.120040376650437 0.0713690111460395 0.0590630097723207 0.0890151123212471 0.0781120715541695 0.165522909186413 0.0437280335396515
0.105220741137185 0.186633666221949 0.162731522028191 0.105243355430366 0.0519459521282211 0.016221224833954 0.0809458453948136 0.00477027291046793 0.0884282507678347 0.197859169147019
0.124286852131196 0.089348637919077 0.063198698383467 0.0923565411133671 0.138150016541709 0.00049047807336317 0.189411471260697 0.183540184607675 0.104187318569726 0.015029801399724
0.149486394113575 0.00571042284787587 0.140613097778265 0.0210246758808167 0.0691186701722838 0.0736430388347346 0.123557920813686 0.120262521190852 0.116198255134534 0.180385003233378
0.170131286257857 0.0539253185990402 0.019487342458135 0.0652716709299159 0.119787790347733 0.0666176660198488 0.174632874201653 0.104640007996107 0.0504434882910488 0.175062554898662
0.140934382443792 0.0999710653312157 0.157668446521138 0.0824211770403964 0.00264570643292727 0.0091844571290216 0.047207019790429 0.151706458549225 0.125338057643933 0.182923229117922
0.134131317935268 0.129514868425998 0.136842885090445 0.0482494570343521 0.0117116596168857 0.000389190376614371 0.0642042017145584 0.231831253796489 0.128627428214854 0.114497737794535
0.180720767880903 0.178895474406312 0.173350865321501 0.00722891463929603 0.0754167076713559 0.0599242627167132 0.000619529719527347 0.145437053887839 0.144282034329253 0.0341243894272992
0.0632293592385796 0.0701586015069955 0.00260522824975211 0.206488772818094 0.0521253134568573 0.102632997965877 0.0434817745936525 0.0859702732148493 0.17424540939208 0.199062269563262
0.114589779066994 0.0699380066844053 0.0694022763772733 0.0412182587338788 0.129887583450124 0.0915165103544291 0.142629868098583 0.221815078006937 0.0406995737544955 0.0783030654728799
0.0514191476178322 0.150386319654219 0.126103244403015 0.11923670452501 0.0258311716470384 0.0644272999311718 0.113262197115548 0.161197778811939 0.144347442938708 0.0437886933555198
0.0981466138503391 0.155211741846814 0.0894450983196022 0.0104238685595718 0.137001587362476 0.137865193248446 0.0269715553003329 0.039952480750042 0.14252240578018 0.162459454982196
0.154492440046179 0.0323861967178471 0.107736503778565 0.0985058838572744 0.0890767180599611 0.0953040930567791 0.146530172373132 0.0747182628436598 0.0706833657561966 0.130566363510406
0.0911310586897737 0.134960537982641 0.0505064592830197 0.0893776546910765 0.0222075940016236 0.234484409443375 0.00844400112058459 0.141531029521991 0.0897973445130431 0.137559910752872
0.11010248444692 0.11549186926345 0.083163255720585 0.0687560029266381 0.00829802974006588 0.036995434462785 0.233486962719123 0.175316428010965 0.11718897201647 0.0512005606929982
0.0773211666797102 0.16307588175221 0.114303813647161 0.0604179281835498 0.184143478010771 0.0235543247665675 0.013639745899324 0.0424840230726959 0.181300616815398 0.139759021172613
0.0890315123234428 0.0477684274787307 0.181296677661116 0.153148071909806 0.160915547308088 0.0885250490485105 0.0230497480793322 0.0240604037442399 0.186175669152565 0.0460288932941687
0.147925378598078 0.0472122669879931 0.0896027891027689 0.0484151562783115 0.0890018700277176 0.142832665489818 0.0502660440893412 0.110203948297912 0.110976507377309 0.16356337375075
0.033880775423469 0.129593602701287 0.101174919206201 0.182517245786268 0.0356334814617888 0.139865867548783 0.126321731567479 0.117716541293645 0.0461179581818894 0.0871778768291895
0.162210956374487 0.159281231972583 0.0519598582904572 0.0469782966425735 0.0551262888104014 0.0280882323642941 0.0858520746316413 0.173547127169598 0.155175713055029 0.081780220688936
0.0874579154444757 0.022624790166947 0.0503234497663639 0.0063070425149993 0.2060638036765 0.0782942647899635 0.175503767977895 0.134508457622113 0.0649488492464037 0.173967658794338
0.092137648754795 0.0144386433271906 0.118532141674088 0.0788578255004955 0.0845611093328828 0.040479391689353 0.190572304348209 0.171872490345899 0.117346946982744 0.0912014980443429
0.067739820290518 0.0794656340949977 0.195656253613637 0.146832776945531 0.146360970304209 0.0172317313464138 0.0834048229848297 0.105380321750455 0.0630821670176209 0.0948455016517873
0.134976757053413 0.0498521646539275 0.165642558216492 0.169196249250571 0.0953895866811425 0.0598138471080665 0.100407320769557 0.107819826407532 0.0401833334651033 0.0767183563941947
0.14272297705946 0.114354116305743 0.119662744081276 0.0710958302050097 0.00463856714148277 0.163162270991177 0.0887847076097402 0.069266279558168 0.09752553707977 0.128786969968172
0.000405974887676688 0.168549168205641 0.179544542929988 0.032929150876714 0.167500961279841 0.131695598489608 0.00982724398117649 0.0199815775243451 0.0821430068894117 0.207422774935598
0.0919094440311766 0.023698054523629 0.148152431102608 0.142617157743317 0.142344807455647 0.148473194150933 0.0669223649960868 0.0910425027995034 0.00247228476795827 0.142367758429141
0.128848530511795 0.0107616947160119 0.138369012672547 0.0172270027822038 0.153427517535631 0.180912084356996 0.0395676308010762 0.215400823983566 0.0944917166428916 0.0209939859972817
0.163953614023724 0.147765583225409 0.103590246911496 0.142266718843238 0.0600139653366457 0.121076481304734 0.0278468767418013 0.122631932470853 0.0539390825028316 0.0569154986392655
0.141867897496929 0.0394972274039466 0.121995183480731 0.134623002336273 0.144175421647026 0.0866693231750987 0.0037118615019534 0.129779908429461 0.0505291801463486 0.147150994382232
0.175001281189342 0.0149040119032252 0.0711360011208953 0.103081710340221 0.162975585498954 0.156453892625495 0.052543920555684 0.14113812443491 0.103526787535567 0.0192386847957065
0.00206945878510696 0.164720808736233 0.128743883726673 0.160263551623829 0.0710617534533328 0.15363515148887 0.0343073032971881 0.137194732486939 0.106955992606455 0.0410473637953728
0.0368323697959432 0.157477831630968 0.00849662423926694 0.120103177512425 0.228576959197044 0.245474160731777 0.0458311619578172 0.0179441335546574 0.0559633208842565 0.0833002604958449
0.121695449827396 0.0496795237407148 0.0929553190980145 0.129178315960125 0.125364070949899 0.126364520303125 0.0196851082012079 0.122553089745836 0.116070447904443 0.0964541542692385
0.0456067402030167 0.0760266752952824 0.154780355594168 0.119727979108855 0.116760625319472 0.163137101095193 0.0541715848077967 0.100087385628218 0.145333055710835 0.0243684972371638
0.159050723921466 0.047135609281625 0.0668427551322666 0.175965024448998 0.200407391918655 0.00928008093344856 0.0373577066121047 0.0419459249675533 0.105370447073813 0.156644335710069
0.0213592650491886 0.0346897618496674 0.206836720849363 0.233625515167137 0.0269343210229401 0.0305847123328693 0.0398021591848824 0.0349193354797513 0.0296233362431189 0.341624872821082
0.159167401677123 0.0434738186209304 0.131141817743358 0.224697730325602 0.119344843778388 0.012402468160719 0.100931154599258 0.0875075055380958 0.100619507030469 0.0207137525260575
0.0657848660023655 0.134728899326533 0.0691667348761475 0.0318691462011674 0.0196618144456932 0.110106192339238 0.127030430311565 0.157159761912249 0.15188704121048 0.132605113374562
0.0620187092672926 0.0379025609351123 0.0398425332474193 0.12670384318031 0.0674117170798907 0.128503642304933 0.170037693548637 0.12692783701259 0.0951264881947326 0.145524975229083
0.121971979541706 0.0959137169418123 0.0890644543078523 0.0488524241792634 0.124129985574449 0.0917350882653454 0.135337944280609 0.0699310384756039 0.11303981250644 0.110023555926919
0.0329788074296113 0.0736099212144738 0.160711983119322 0.04378165772109 0.0187906318317239 0.0803170440383978 0.137072832206633 0.116966001923832 0.164246478693854 0.171524641821063
0.106357396291087 0.22375362175784 0.0344693800637661 0.0540198848109135 0.102655017532235 0.163217118893253 0.15283633367305 0.0569781430438607 0.0517736496019403 0.0539394543320541
0.0766536288715263 0.0542293410613736 0.213902107119514 0.128511724706075 0.0442442613892107 0.0290735187631564 0.200023929059715 0.138220443965376 0.111629115223139 0.00351192984091346
0.0546405223837231 0.0817874299763231 0.0495753202994562 0.142866006480026 0.0984943428043926 0.115143358381788 0.101189598927632 0.0566501375533104 0.141211855517835 0.158441427675512
0.109136677936223 0.174382535167755 0.00632763796088143 0.0903065806645375 0.0145626136790673 0.13185610032098 0.045636486474021 0.179005151603511 0.163070102881017 0.0857161133120066
0.117903396803558 0.0886274291305201 0.107935336798418 0.0798266001647129 0.0260894843235432 0.13705778107004 0.13587286338043 0.0989316847390243 0.114994807637173 0.0927606159525797
0.0673151301237913 0.0566962700473641 0.0731399667732434 0.0451145618453256 0.143213768673153 0.0410258329098134 0.182607016456719 0.0502288285168247 0.167400501839592 0.173258122814174
0.037802768351495 0.040523139293391 0.129296706460332 0.0452948015158882 0.00479801425577034 0.112051352974356 0.194227244060528 0.140958941694883 0.124656057334687 0.170390974058668
0.066384633218221 0.16539472723949 0.0394910552685458 0.0988093202206156 0.116250191377871 0.20633256466782 0.0279926989134711 0.113656748284585 0.0620968562945641 0.103591204514815
0.0679153395158276 0.0403787566288479 0.184853870061302 0.108661119824545 0.109722816437695 0.107172971199025 0.0343326331872421 0.232909303061364 0.103050868238721 0.0110023218454307
0.0597570598198764 0.0190849157986795 0.16004895472096 0.0490994442457347 0.118230081439097 0.15372061750951 0.132110774649353 0.0713168066864569 0.0634355641723164 0.173195780958016
0.131613570328515 0.0231940606083925 0.140520166594301 0.101508689964524 0.022923409835281 0.0443359382105375 0.0898248672440903 0.21687116500157 0.106521219002454 0.122686913210335
0.095798286076423 0.0562611959898967 0.159262945973273 0.0755711401901239 0.100768574735312 0.177693176101958 0.0240353967964252 0.176599371122916 0.0467883241395406 0.0872215888741319
0.142859294334708 0.168480816972964 0.0114280200931229 0.0989448218060708 0.131417048608632 0.146012469548709 0.0907311019825859 0.0689034792027078 0.0758109629254823 0.0654119845250166
0.145103376057591 0.166900685884352 0.170235901821752 0.0296501453560155 0.0773213585977522 0.0241095752863001 0.155644431754274 0.000757413368272488 0.080431478588205 0.149845633285486
0.187793651484697 0.183698548714485 0.106619830757924 0.00533684999750463 0.114611003616365 0.0226507020613359 0.00272667012511976 0.111273448679866 0.132124094186991 0.133165200375711
0.13761360372144 0.0566783112296538 0.193155371039398 0.087836399126384 0.0510179901083142 0.185432066568359 0.0655053528480548 0.012267990883174 0.107708809944263 0.102784104530959
0.111108577213869 0.0722228848149754 0.0306790928319754 0.107510431855452 0.135933037263392 0.145145396579016 0.074193522077089 0.154021854117455 0.124637896209136 0.0445473070376409
0.027969802976993 0.14081773876578 0.0253787009971731 0.0499316711440927 0.0776791114611096 0.0372963572495536 0.155889320230504 0.172093180872715 0.178297778028997 0.134646338273082
0.106731248719878 0.0796322763843154 0.0840748816288695 0.143278355990011 0.146182067096464 0.0862516682795911 0.146625752925368 0.0989114610338704 0.0348383412653256 0.0734739466763061
0.0779681342578651 0.122145134329813 0.11486991563173 0.098588539343142 0.133017274640825 0.00460044494028588 0.110313267172358 0.126182916069718 0.0666035944758728 0.14571077913839
0.153890714174143 0.133681517800361 0.0439721682336171 0.0896892550253555 0.133096086165043 0.0856791197998554 0.177973563025516 0.00604892449033957 0.104700964137155 0.0712676871486143
0.0952842199354331 0.0739903492178073 0.143729788372347 0.114102175128003 0.0907736637708384 0.0708652260680111 0.05237428028106 0.139422169295075 0.108155877076057 0.111302250855369
0.134299146957024 0.105173831430784 0.0529373658683894 0.181556393444697 0.133078834965499 0.153008492777087 0.060172607029637 0.0352487160538604 0.132716000685015 0.0118086107880076
0.187939142306116 0.0285445781851288 0.111783342417393 0.154138178287109 0.133382771097133 0.0425055969496625 0.176448499045757 0.0289748170009463 0.0213312943239863 0.114951780386767
0.137530158119766 0.0453208337606506 0.100105059480722 0.119484382443491 0.153015205216586 0.0631910400893761 0.120654305796915 0.0229595488211948 0.126873753674312 0.110865712596988
0.130877248882512 0.109668868851096 0.197084760854799 0.0468349516583132 0.0664580448339386 0.124094450124395 0.0737706930614803 0.0655223747361216 0.00867964340320565 0.177008963594138
0.210886796980095 0.153387682623491 0.146651743995135 0.0850771613601886 0.0622427327778411 0.0120422622816485 0.0367298308191986 0.169975830132373 0.0106190259042317 0.112386933125798
0.17572648672496 0.135892044926963 0.116493652857531 0.147673924713389 0.0807015813599209 0.106025748868945 0.0459318819041729 0.113758360549808 0.00160407027841629 0.0761922478158923
0.134585735563139 0.11417999603764 0.0840047824026305 0.0838807837670779 0.0164841867638045 0.092755798215854 0.103388491700224 0.101979059439482 0.133265094883853 0.135476071226295
0.104176032929939 0.0526230635019022 0.092773953046219 0.0939277500197894 0.165589685364326 0.106731914332242 0.0838495197124958 0.148564750144363 0.0319292579496794 0.119834072999044
0.163571664830794 0.0253950749919799 0.0677785423926616 0.0911315169062685 0.0697549310478039 0.054927100523423 7.99892420181534e-05 0.156415221031504 0.121341148376768 0.249604810656779
0.156501179944615 0.0654487879788491 0.0530916220118188 0.169707047732537 0.0235208741376396 0.0242904242759614 0.161921354829524 0.117579170313186 0.0701079717874653 0.157831566988404
0.0226483814515323 0.154755980919765 0.0774106836578593 0.175082242531102 0.137797845107432 0.0556671531582885 0.108251153371626 0.0134915755645334 0.181944577451973 0.0729504067858877
0.169266383483507 0.0438780114309758 0.104979041309821 0.151871339990458 0.100978457828369 0.059921889508352 0.0796920713440438 0.100247694060929 0.0681155421050756 0.121049568938469
0.0770346650655898 0.144875320559421 0.180731095304259 0.0635570536715652 0.0979655462257157 0.126524386606332 0.114083120417758 0.042845972933885 0.0923212225980106 0.0600616166174643
