0.155538882935969 0.29585349089194 0.11122351420414 0.00123468901062427 0.154576193639473 0.0660568678941397 0.133816989807353 0.0729494152954618 0.00874995632089987
0.17342607857516 0.126794252040091 2.26633934802929e-05 0.164783076071147 0.031156243662565 0.110751229083147 0.259004060761368 0.0163030458223086 0.117759350590732
0.188635874300253 0.0155602976611578 0.123948591689999 0.135226409555529 0.210454975727233 0.0581716049351368 0.0408854502396922 0.0342533538427844 0.192863442048215
0.00796664854189202 0.061880901701766 0.161955300863982 0.104163062425492 0.0548239335998162 0.0918436846136917 0.180666307699238 0.167048551239451 0.16965160931467
0.127989581696436 0.104258817361979 0.0989740597187087 0.0901016944572065 0.161507454345097 0.162279625231761 0.102364700518033 0.121142686927108 0.0313813797436708
0.177903981191812 0.17000612938874 0.185505250941224 0.170787826833263 0.180737246389694 0.00304016873736185 0.101182630342087 0.00588157776460122 0.0049551884112167
0.0179968150499784 0.0931754793912794 0.130023206813467 0.192174787149459 0.201927197403434 0.0404123025196672 0.0790129804408734 0.0363703796238631 0.208906851607978
0.150161362022357 0.158279293502152 0.0852060780010815 0.102851808049075 0.115548392925621 0.12736386286776 0.0789858190457224 0.0213488318192837 0.160254551766948
0.136362833784013 0.114610465968722 0.137028959352277 0.154513170139783 0.0281940287784718 0.136710734590115 0.0149549625618014 0.172853215942743 0.104771628882074
0.0303200981875254 0.145220172366058 0.0789309707627842 0.103895795474831 0.11749949270774 0.157338067640039 0.0463511491296537 0.164646062703579 0.155798191027789
0.135428583774332 0.119947677384099 0.0434851370512261 0.0269638970357069 0.163145850712479 0.144513520439858 0.164087246629671 0.0515233611754621 0.150904725797166
0.209772575433349 0.09030982367816 0.0839231813579809 0.161980761691927 0.122465795866793 0.0261464249251351 0.0671339371081521 0.183414378154765 0.054853121783739
0.0853236171281324 0.223947214983381 0.0328181430885612 0.160802432177615 0.0326239348022695 0.00728406939702509 0.223763613007976 0.217943804970045 0.0154931704449947
0.10437050175896 0.0468095571957235 0.0730351183954996 0.0316920858394947 0.151707428739032 0.036603898307704 0.210044825598559 0.148694702312695 0.197041881852332
0.0404429379238097 0.225460382362086 0.0961373948223199 0.0224806183898199 0.190359078942893 0.0416184448907061 0.0785780013798768 0.161182290645541 0.143740850642948
0.128001984107944 0.200020813095416 0.123288166061364 0.13459825884918 0.0524690051349603 0.0296082132570988 0.178883019910553 0.14294412773581 0.0101864118476739
0.155817033110232 0.0422392582960923 0.209121068738864 0.106242307404006 0.00977183440220036 0.188470361866178 0.0143814287391583 0.159465078471077 0.114491628972192
0.131267454933966 0.0259196409044256 0.0475599706804231 0.117980461247752 0.192084201691234 0.0962092079627943 0.0732245951718109 0.174916693283405 0.14083777412419
0.154815150393863 0.118277465792544 0.143831069199783 0.0961624922775721 0.0196348816367292 0.156718020110132 0.12792140723317 0.0647341842963019 0.117905329059905
0.0768217796690069 0.0598899813654726 0.111185591685423 0.159123003982566 0.171178875960137 0.139499615184437 0.10459657515216 0.0358205630701484 0.141884013930649
0.0675009477709417 0.00736818047004846 0.117938284652407 0.216080757777841 0.128518318227083 0.0923855292775644 0.0283430839369269 0.0481744092956799 0.293690488591507
0.0868121567910493 0.111444805209115 0.172681899083129 0.02942952347257 0.170349022447687 0.118522399034315 0.166378695814525 0.0459040430318932 0.0984774551157159
0.182537804894081 0.0497236291622137 0.159566116289267 0.10848900098468 0.0783379753921734 0.12902123211763 0.0368009778869614 0.0783784428262674 0.177144820446727
0.0310111410058883 0.221362730384257 0.177719268977505 0.0505696209974462 0.0619509395033185 0.0145581462922654 0.215247989449499 0.119672922044594 0.107907241345226
0.100818564861669 0.184881116699302 0.0762823587883838 0.18319737845987 0.0603060369971452 0.0717755065067595 0.107825924576367 0.0383110689777916 0.176602044132712
0.0835190530303316 0.159851233626695 0.161892645352906 0.0423835444260984 0.093448379755771 0.198553650198451 0.192221138322536 0.0519281018255146 0.0162022534616966
0.154877269158114 0.116560963928156 0.0508395208377056 0.168387701265867 0.153004291020713 0.0158859523269058 0.0615705644870781 0.126005729789104 0.152868007186357
0.00791004211804042 0.220217883894529 0.041494346855038 0.0458172006681633 0.220146981378056 0.00992709623271335 0.215592829533821 0.0790171350561945 0.159876484263445
0.0590689620029954 0.159869276028566 0.17259377649474 0.19179996671982 0.0613759686507659 0.049275746292102 0.0150943483650916 0.209634214148436 0.0812877412974835
0.215259647017156 0.000373912255200822 0.21744502964286 0.127822246441363 0.129742254268502 0.0116633699758322 0.137449778567579 0.157439424977825 0.00280433685368327
0.114411952081937 0.0294443937526958 0.0103728170426466 0.159884287595026 0.164658788969658 0.158902211497691 0.0796456398510161 0.167673364626953 0.115006544582376
0.0720604821429218 0.0620042749946653 0.113946026713629 0.163754545816823 0.0618551821899597 0.16742861287745 0.163381533002274 0.105924222888653 0.0896451193736242
0.0166689432112086 0.21826976938442 0.0793676283987739 0.018133234684123 0.184841798487666 0.201394140792443 0.00876336168380709 0.109506729185712 0.163054394171846
0.0736712130093871 0.156375392484136 0.216922147000891 0.0463864374869253 0.0348764458251084 0.122934792795979 0.212932345501973 0.0667594025630979 0.0691418233325032
0.143099932677028 0.181432993166872 0.110071097166924 0.164396045139705 0.00694937417534881 0.0522166746919261 0.176642843373703 0.0618895878042098 0.103301451804284
0.155891436638404 0.19312716849673 0.0082588379947644 0.206188657696442 0.128873598604971 0.167276704091166 0.0877777797073781 0.0388876886583701 0.0137181281117746
0.186221313661103 0.00804715098562464 0.11645704020049 0.0945919468886197 0.00333736380812434 0.0921045694719125 0.240440339706157 0.0697823089450662 0.189017966332903
0.0670942316249281 0.0450788100547784 0.0654955890794094 0.201417940007626 0.186532234861886 0.193395682081985 0.0420323871308269 0.0792753871656889 0.119677737992871
0.12185422488087 0.116559357562275 0.152643021712557 0.0231115367164147 0.0565806791243837 0.11935703846944 0.132796670719885 0.116319193627576 0.160778277186599
0.156477318082476 0.133836879601945 0.054819065142828 0.172221349166793 0.0527370527897686 0.134226665872144 0.0813177916482218 0.0360381437012023 0.178325733994621
0.0502001804326297 0.0371540095417982 0.124177790548716 0.129079582912218 0.182926177699217 0.077737525259299 0.105881270261744 0.0997826619122278 0.193060801432151
0.139830427462704 0.0629291298593307 0.0555617124163532 0.163604025531973 0.132829079409327 0.10313054325012 0.0310804869562813 0.151347087829944 0.159687507283968
0.166126233002175 0.171999082376115 0.0280666954271843 0.0837961948736446 0.0887142031752331 0.00195429712026689 0.16227415492198 0.0161895354696394 0.280879603633761
0.0804560052933717 0.229333884049117 0.0578877671329733 0.0325683320344031 0.164566111839351 0.159346900597825 0.120912940635884 0.0208915440273859 0.134036514389689
0.172458709948726 0.156433299395081 0.173485205051947 0.0631805609189468 0.0239580692819888 0.125187236920847 0.0297130452225701 0.107072002363935 0.148511870895959
0.0647141115544583 0.209888426398813 0.12199722454983 0.0675772943677234 0.127905694361712 0.211642080866427 0.0815744547829654 0.108707430982747 0.005993282135324
0.213039541627133 0.0683389461294646 0.048560412068585 0.254737247622892 0.0773680333037252 0.0427186180551114 0.0846529238173123 0.0901827290087478 0.120401548367029
0.0289386321494746 0.119364800807347 0.149973924878291 0.0517575257552013 0.0253920184690017 0.176804647119831 0.169937878969754 0.160694157157099 0.117136414694
0.153476558165506 0.130353317659002 0.0911543314632106 0.11923741600936 0.157423825027908 0.0745632124086773 0.153352806519316 0.00166162117159283 0.118776911575428
0.0544107483954641 0.0472655673663759 0.139874679688296 0.0614003844838083 0.145781408115752 0.167981116023463 0.130153938387379 0.128497088213233 0.124635069326229
0.0320498211706549 0.165151104462459 0.11667992094314 0.124583659315025 0.172985613676825 0.0520636588456376 0.12931357118626 0.0132737853441561 0.193898865055842
0.127678502092447 0.168542410956695 0.0687027562768352 0.0719079335767175 0.166973048189189 0.0869101273772402 0.169400656637352 0.0546339253355661 0.0852506395579579
0.0618230832967469 0.0898997937220844 0.175235032134175 0.132720047165252 0.151716108136399 0.0359158038990462 0.154355893668957 0.117880134371296 0.0804541036060435
0.125964643995664 0.0729860761128547 0.0362535684375215 0.214282867033657 0.131576072000742 0.0163491957602272 0.0956191943589335 0.221464461727408 0.0855039205729912
0.168158513251124 0.0323672957316756 0.168295716288818 0.0276899334661478 0.038922854231804 0.12473545176874 0.129462662997824 0.15497793570351 0.155389636560357
0.13730746819172 0.115910259530704 0.106296811168475 0.148302869230875 0.124961715530324 0.103008752991587 0.107655012796415 0.119340743623863 0.037216366936036
0.197771071745859 0.208832766290513 0.0553163954905526 0.0127279732497923 0.0691380966541611 0.0292911043882818 0.116207806375051 0.220848369324034 0.0898664164817555
0.0883666529389575 0.0305977177128462 0.166695476913414 0.20824135263013 0.0309031569335027 0.19563449398227 0.153956338667007 0.0921912513843524 0.0334135588375203
0.170147320082422 0.0506777677256581 0.125636456514265 0.0130875722478754 0.083059123914513 0.00614459065536402 0.194246683260308 0.108171819709385 0.248828665890209
0.034265361990379 0.119076139107637 0.0558514222307171 0.0819470021182866 0.216489800589613 0.0138456642548078 0.195605872934029 0.133529763968732 0.1493889728058
0.142437349732332 0.156045801663367 0.139022832361098 0.0140180883743083 0.158484812772763 0.107375125682005 0.131465783011013 0.149331588182503 0.00181861822060897
0.108481638915207 0.0170035852843476 0.118517514086969 0.0264761173555584 0.165910171445524 0.0795759516293867 0.0655998473725061 0.16427104180579 0.254164132104711
0.16400350455769 0.180813781465304 0.0354731574664903 0.129067318157478 0.0715268280281407 0.179492486971373 0.014383439315459 0.19995653904106 0.0252829449970054
0.0911199549943701 0.0705254633927194 0.139346841864098 0.160881717335226 0.0987498340338924 0.0949633662775392 0.119216325542565 0.1600717963707 0.0651247001888891
0.170305657702643 0.210780042233807 0.0658741148071363 0.0267764383591853 0.128449925652107 0.157211685029328 0.0586645180396924 0.170859673585727 0.0110779445903748
0.120232105032016 0.106927305641933 0.158106565778372 0.0610498391895837 0.0944256699039665 0.0849312017287121 0.164757516522231 0.0724832265836327 0.137086569619553
0.217768684565832 0.06092583540366 0.0176276905933552 0.0443783442152674 0.00432843586089287 0.221369564832344 0.138302325359805 0.0894147654564945 0.20588435371235
0.135787647086276 0.123043814160454 0.0226993578741483 0.0918983078340234 0.122981072796737 0.154947872246085 0.112771264591788 0.0779723102899947 0.157898353120493
0.00714347769769496 0.123671717489754 0.00241071851064969 0.26116976237546 0.114122114119974 0.178424169853789 0.184681991158221 0.0226521529380001 0.105723895856457
0.0327000087447468 0.186866759538617 0.0146491571148518 0.0723069899668179 0.17598068864636 0.0730904238504486 0.21451310123118 0.0170204003702815 0.212872470536696
0.070309205033092 0.0654751026357522 0.263419090261756 0.294818043698946 0.0209418160092243 0.0937178459844312 0.127326778891567 0.0585217566776343 0.00547036080759692
0.137265439236065 0.128452004104649 0.0862130917348901 0.139573048473233 0.1428758630886 0.0757657748639191 0.0622306111297856 0.155108579098369 0.0725155882704906
0.0266753795046529 0.0113123236683088 0.204416616248777 0.18384249571976 0.175429247386586 0.0517179906087595 0.0863692101138955 0.185818238115857 0.0744184986334037
0.0910649112629701 0.0864076440408136 0.187373021959771 0.104183552045561 0.134511018152533 0.117774629516314 0.065634118726639 0.0678971315686905 0.145153972726708
0.176869221408165 0.001599891143123 0.201440227973003 0.0362672866184309 0.0500379164912597 0.229971560131472 0.181863206455622 0.105882314906601 0.0160683748723238
0.172082930239579 0.0919583233426351 0.0411791664356779 0.0672030882886234 0.0831663711664473 0.0300223762231715 0.243607231109655 0.126679560144457 0.144100953049753
0.0666405206330417 0.0795621274630089 0.192162118964467 0.200575339306799 0.135040792630145 0.0965597835248758 0.093187509295729 0.0186406457028757 0.117631162479058
0.0572098726071704 0.126560995656583 0.182057007615767 0.140508558586818 0.160658658468778 0.131337842750353 0.146856964387468 0.0219324665527405 0.0328776333743216
0.0958780078333278 0.116672530611347 0.061783157222338 0.126083946707709 0.0804246247666061 0.137311353219996 0.123246678642817 0.15315505700056 0.1054446439953
0.0215066700288196 0.0999447579701207 0.12174832136627 0.160209226996301 0.0195475014956889 0.114296729383362 0.210183824886818 0.20750367812946 0.0450592897431591
0.152354968482748 0.0620269322950321 0.137512412505623 0.15510179646091 0.0450135196810166 0.171370286522959 0.0900208169901537 0.0388701452718441 0.147729121789713
0.073802310082599 0.0661940786021245 0.137922911116865 0.0527468325530035 0.17488588478987 0.141759400760702 0.12980590435786 0.210988926422809 0.011893751314167
0.0436413825733015 0.0924969696764805 0.110817919365343 0.0906878038310124 0.0376903098467231 0.197144998511496 0.137627895888652 0.0839062609391866 0.205986459367805
0.00516997849029166 0.166975340026804 0.120042618921159 0.113228353153941 0.0954610917055213 0.171659925788048 0.0513907677636572 0.178948313822368 0.0971236103282103
0.108367650672635 0.148134544467807 0.114517485898759 0.13681622954879 0.0657316193955243 0.073179688524567 0.143170392708449 0.0608010003810055 0.149281388402463
0.0117336374305997 0.153626099039252 0.175635027555998 0.0570101053702467 0.129104373468228 0.0668005390060246 0.127391741863682 0.119133229050427 0.159565247215542
0.0539758613996883 0.0267565806497773 0.123289408336162 0.125875689247803 0.169484494821881 0.202794724629113 0.0107782020576641 0.0975759694130639 0.189469069444848
0.158859183528565 0.167973955953343 0.0517460564533317 0.00569128812394283 0.15487914194594 0.0817908996882045 0.0671218239754896 0.185385592124052 0.126552058207131
0.141663496118158 0.108593109478796 0.174795495849138 0.129530857057012 0.0209267891368458 0.0182217714484884 0.199777781669057 0.170120894203501 0.0363698050390052
0.148109396159855 0.033072780853709 0.0117648873173522 0.0715871707341702 0.122692419970665 0.152339404479356 0.128440091233211 0.155877063126498 0.176116786125185
0.140149513696496 0.228931636930032 0.0150774848851432 0.182917309457084 0.0518081056081322 0.0648227463508282 0.232729688239038 0.0816668732610386 0.00189664157220906
0.0334892464910269 0.0446156423207781 0.106821047016554 0.119418407322695 0.125232521351185 0.19527555753717 0.087970704290314 0.0688802479391114 0.218296625731166
0.0788437829729451 0.0257141916719742 0.0114666654789625 0.175962472898287 0.11946938816124 0.0453969367793525 0.152013615113599 0.184522832379697 0.206610114543943
0.190876353410222 0.256389176063783 0.14656343688041 0.055029138813788 0.0998360554400512 0.056122463005674 0.0906802361074016 0.102954968227887 0.00154817205078344
0.167042719834605 0.0963977139919854 0.0713423500555114 0.0141031748142987 0.117944051105921 0.173696284147654 0.0846631067205966 0.150092214321346 0.124718385008082
0.168516563333911 0.156182788767927 0.0258479940347322 0.149697555412536 0.146319963104824 0.162940786204743 0.0990116204774149 0.0167299888784457 0.0747527397854669
0.0840208872473369 0.00916160832085611 0.120288514659086 0.122385878897147 0.185636258721576 0.170687235906377 0.0385566238564808 0.152182705052659 0.117080287338481
0.0807618866674411 0.052627122214184 0.0850352388864885 0.172831833389099 0.138174712140981 0.0533287465107855 0.133698611040653 0.167319323273873 0.116222525876496
0.126975033759471 0.0756258563152598 0.0962717994916673 0.109806131093241 0.13866187802325 0.104861998047973 0.0480202569628528 0.157337107018495 0.142439939287791
0.169063074115591 0.0946069895571729 0.0999824075020073 0.00341786168893726 0.181574167211502 0.174212059427939 0.0513080202841933 0.0822933281449089 0.143542092067748
0.0333314138945968 0.149270287163553 0.20037117890128 0.239633572779614 0.0728025875577888 0.0239347057282376 0.0231448613370345 0.241741270892461 0.0157701217454344
0.117227247835238 0.110990427963572 0.0358193876200609 0.190398503670883 0.119972179818785 0.173836843933203 0.0568420181506426 0.0356947770825995 0.159218613925015
0.122664921253893 0.126489819042511 0.105313309161934 0.0368854338396813 0.0801468083641883 0.0946386118726045 0.188789042293464 0.156542806204239 0.0885292479674865
0.177262433811068 0.0361170613327141 0.0829023307100295 0.07383506325722 0.0142966655534933 0.0915569206027806 0.188276203351123 0.185364146455949 0.150389174925623
0.173729517044786 0.0467108843398978 0.186798281867722 0.17327574448664 0.13332652747117 0.155129768638867 0.0220594114546995 0.106182742457329 0.00278712223888967
0.151578221385184 0.135443904781521 0.072492336778701 0.0250308718104692 0.0998932757181301 0.170532111479472 0.164951423740423 0.137010396577545 0.0430674577285551
0.13858143069756 0.135309044788262 0.0878264172149629 0.133929283290335 0.15516465950998 0.0786053196852707 0.0931151404093203 0.0746884506317086 0.1027802537726
0.15718325879718 0.100544679844381 0.124952367700829 0.141350602271265 0.141662045261529 0.0563271446360195 0.120826795541916 0.0642864778765375 0.0928666280703429
0.166624947936119 0.0161223230411574 0.111724278387378 0.223458123046694 0.0219586901391323 0.058040461143773 0.215672267500183 0.0650413574806442 0.12135755132492
0.169147401160261 0.0451977761274909 0.0928163228342052 0.0758390955422605 0.115358628542064 0.129888455274072 0.1096819311676 0.168622713638188 0.0934476757138589
0.00237545735296793 0.176864974791202 0.0868802011633673 0.215061222712257 0.112552303561879 0.179947370510702 0.0682514328925356 0.0692390498566749 0.0888279871584135
0.0805327730656431 0.0740212830923518 0.0752903815514747 0.177548925951659 0.12244951287229 0.0293044909260292 0.113197783706572 0.147273121597282 0.180381727236698
0.0969984581627794 0.157878795895736 0.155658691913848 0.0144609364343628 0.150610219024261 0.0942292707335961 0.108297237456026 0.0988273450113935 0.123039045367997
0.0421021053618397 0.174952036279462 0.121362060196508 0.101752577025571 0.0773638925685022 0.15442308950895 0.0504655852000072 0.145916105140405 0.131662548718755
0.0876890525271968 0.1431702997058 0.095464201884999 0.0256477542240198 0.131102970229617 0.0078866363820513 0.148941727890399 0.194017453542652 0.166079903613266
0.113644057022116 0.0657145546407181 0.19810148611943 0.194799469217298 0.0530974759776079 0.077697511214845 0.161277750298342 0.0277959884811129 0.10787170702853
0.134977718298868 0.15516134909681 0.00748787305203003 0.161286775764059 0.0683659659935007 0.123948596792792 0.193424014207332 0.0299222555137505 0.125425451280857
0.206967099952172 0.0157639927695033 0.109798815260713 0.0676900579627545 0.225590917735785 0.0680740941502008 0.0867658402480458 0.0982761474419326 0.121073034478893
0.13189273110053 0.0341443855777004 0.139061223818374 0.148938870641039 0.0113851638675149 0.108622357065466 0.169309140237138 0.156716109833232 0.0999300178590064
0.208939764174293 0.128042325389639 0.024459156997678 0.0401940392789344 0.161881337461821 0.156519021055746 0.0898775485089548 0.18635104447435 0.00373576265858413
0.228269086430594 0.201207819814169 0.172112249573795 0.112946198402491 0.0171048536835288 0.0413324100271214 0.152752938675353 0.0547035402482151 0.0195709031447336
0.155219806170081 0.133800586260978 0.167631403295805 0.117003895166012 0.0997368981102762 0.0790686983380136 0.153994587848327 0.0442473206196002 0.0492968041909071
0.15948318015142 0.131502100581457 0.11214619826592 0.0846435876762692 0.207746877862278 0.0175373490081263 0.090881498582909 0.0267692800851225 0.169289927786498
0.0395256099092022 0.162876814993137 0.31433373043876 0.159939070162121 0.227212301765841 0.0119047578990684 0.0420017247670118 0.0395631220658584 0.00264286799900007
0.153540331228324 0.133137690045247 0.0745975347727779 0.180078461945323 0.0625075621770453 0.120460485114356 0.150644732342767 0.0160811754431038 0.108952026931056
0.011602982746305 0.154898338788886 0.0551191093750851 0.168756528430902 0.122479903189022 0.0873013146300217 0.0541096748673747 0.0779631403711534 0.267769007601249
0.0785182046570427 0.00485768079098629 0.218088577397102 0.180283424004539 0.142785814368079 0.179245416383454 0.00769830123798815 0.145827497648866 0.0426950835119425
0.105091870056245 0.0804967901954558 0.236859438247207 0.217560166860941 0.0383176968460059 0.0415871540864721 0.0938298461106037 0.0786254832821022 0.107631554314967
0.168778236910247 0.153662861758133 0.131618136859839 0.0828367356260845 0.0317687803735613 0.0758009850869603 0.100271652108973 0.220701933271687 0.0345606780045151
0.118118245290769 0.176751235746127 0.059415101338343 0.00803331399317592 0.090898428832437 0.171573936226326 0.0391908422479478 0.121821848634853 0.214197047690021
0.160657341588577 0.162117989732414 0.165181916527952 0.0444676521164681 0.153496468764151 0.121548378521692 0.0689351474636432 0.103405570267634 0.0201895350174701
0.143984847622997 0.160176397890039 0.0787723925390929 0.128335412321358 0.143678911486166 0.0638580115234382 0.0160818189475446 0.0688045699159664 0.196307637753398
0.141842617445042 0.190782060220701 0.0386484418181062 0.0716920991042706 0.0339259601324369 0.0591185722785274 0.172154904036976 0.13024124541792 0.161594099546019
0.153119566401012 0.148706973912473 0.0236380262914186 0.144925604196602 0.155482544959406 0.133947756657193 0.082092238527675 0.144676668938376 0.0134106201158439
0.100869616038145 0.060355824872249 0.0713280668578154 0.193072542334206 0.143708481652626 0.102304045104327 0.0716998406514132 0.0686019597182887 0.188059622770929
0.0672328334395071 0.0961776612629814 0.125791124859361 0.180314963565531 0.12712669350745 0.12903606601487 0.0738510803932256 0.0629418867338571 0.137527690223217
0.119721982543509 0.140158444379686 0.0373076855056672 0.0575866886067038 0.145337160532621 0.0986245396683126 0.11565367915695 0.121682953394849 0.163926866211701
0.192435478498309 0.203120191733077 0.16208003209754 0.0805157224502758 0.0765574578216372 0.157241443968038 0.0759905383100326 0.00874141906780545 0.0433177160532843
0.212425605671134 0.148377193133362 0.0571467023320183 0.145599049554312 0.0504630972492417 0.0927176812033011 0.0386942853105552 0.0516431984993459 0.202933187046729
0.117623169810886 0.260070080845448 0.000768207164851281 0.125133505686192 0.0102609300765349 0.115739999886034 0.145322989571647 0.141855636972888 0.0832254799855193
0.106082794946359 0.114658331163523 0.0414080856479614 0.0829590400741006 0.13456413635608 0.0718291174551565 0.191290520192838 0.0731938773206672 0.184014096843314
0.124861066633921 0.1128079987935 0.137515641853791 0.1220754657376 0.0839824617283092 0.0590354836621808 0.139428571151277 0.0927394379128388 0.127553872526582
0.0829614279796529 0.1928587798115 0.0691804643781231 0.0741730170661929 0.116453558790808 0.191551459480682 0.225419271123423 0.0412458461289008 0.00615617524071617
0.111199855160514 0.0455721027561084 0.0532643766744367 0.0595906073030584 0.21235187235547 0.051732575221452 0.142969289905751 0.172914382693947 0.150404937929263
0.247283135892028 0.0745547233929855 0.25523553098721 0.0369852852912717 0.227087221933018 0.0153104683702175 0.0476379079657408 0.0328487516905075 0.0630569744770209
0.0906809125149203 0.135883022533888 0.205853479632437 0.121265562737893 0.0370472731985675 0.00492770471633544 0.0661813432515031 0.178996793296189 0.159163908118267
0.155329579723568 0.17717875301598 0.115725120537261 0.0260581702950865 0.023930061641602 0.139172122331628 0.146508923409772 0.120980255391302 0.0951170136538014
0.0400309037509788 0.146342754191441 0.156775805121069 0.0578621797092943 0.137210596509118 0.176593695639798 0.188788928039607 0.0194128552782007 0.0769822817604931
0.044847765767681 0.136756729977001 0.0281482576461087 0.223834889469122 0.0171021172486332 0.119640172516111 0.186550570439157 0.157316804936803 0.0858026919993832
0.164485320852553 0.162037883992963 0.114656825204223 0.114500908398611 0.186877897149976 0.131620780902383 0.10060784815126 0.0168285072963345 0.0083840280516969
0.102142887828293 0.200028916678834 0.2207744786897 0.0629531961182245 0.140824638554583 0.0922113899042187 0.0469824665241693 0.0304982189064433 0.103583806795534
0.0143075552230631 0.1389680702634 0.0303512322216619 0.0369777525475031 0.180435347662389 0.109824669686116 0.202693658287328 0.10501414056826 0.18142757354028
0.0108285944759911 0.126124329487648 0.0841317873958208 0.273266838408291 0.0165258904688944 0.160007284795644 0.035955957933662 0.0716136799870862 0.221545637046962
0.0604657474691497 0.138789610827619 0.0273850496487712 0.137086575834782 0.171100275204585 0.0969075459404047 0.0288265010143897 0.167341706811075 0.172096987249224
0.151021101750324 0.0978311621713905 0.0201224405464323 0.00534528749699351 0.105666692695322 0.174073452517955 0.188351608598537 0.0618306729695191 0.195757581253527
0.00389887153106721 0.11505436366765 0.152150071323735 0.120523278562726 0.176374598435523 0.166565383627762 0.0595671811485163 0.17541347046179 0.0304527812412301
0.23353269673186 0.0417491888647076 0.227650146101091 0.0502241249109963 0.0400340105248272 0.0947803744143726 0.0812915502345591 0.0598844715144592 0.170853436703127
0.184263503050055 0.160402269508803 0.180064275493146 0.0455388847004958 0.0817227663860305 0.0909992498292213 0.00566970177796199 0.238841886848521 0.012497462405765
0.177496397656805 0.0561647162844953 0.0100097426698105 0.0520021590477919 0.180426856493523 0.177151806093409 0.214304297145414 0.0962231008181205 0.0362209237906309
7.47349009752019e-05 0.0450586141813887 0.174898458248661 0.129479535841851 0.173286627668264 0.11889980982083 0.136327065707363 0.0378540788044685 0.184121074826199
0.143972520795038 0.0390563070316128 0.0166472454583617 0.189699166227394 0.184759526048286 0.0750218133529596 0.240140605254018 0.0911039016477076 0.0195989141846221
0.0793693001012866 0.145086331028926 0.0578429391258406 0.169581369252949 0.132957684113318 0.0637445630240561 0.13919613983169 0.139425124568556 0.072796548953378
0.0455443528998419 0.15900525169463 0.14673866580959 0.105693044297761 0.113986244784358 0.103657630663067 0.133041717950236 0.151040238251691 0.0412928536488254
0.047665626350442 0.182041801104044 0.193144030476328 0.132355241868047 0.0346294567743899 0.0523808857468786 0.139915166703948 0.0381290934659383 0.179738697509985
0.0543686300326908 0.196776839060073 0.129499032420461 0.0520024328251271 0.0621197203108024 0.290225729763068 0.0203448591450558 0.0423261113284249 0.152336645114297
0.00281357935602047 0.143974557593133 0.0135592327355964 0.142021543325688 0.031798411409152 0.178283903145577 0.118755935476769 0.194657598251462 0.174135238706602
0.190969081176243 0.111272434550826 0.10321922265928 0.129471546025916 0.170945853113845 0.0143641957622491 0.0543540536086298 0.140724495518219 0.0846791175847927
0.171867829245088 0.158111425178928 0.0848446007803385 0.071858584414657 0.131290883640946 0.0230180698757688 0.176131601535392 0.0519134457864207 0.130963559542461
0.174493865675153 0.0875018382606117 0.130987474830642 0.0414507049816399 0.0461469222841506 0.119658140838211 0.134398477015721 0.136413324838731 0.12894925127514
0.204177186057351 0.0214898632186124 0.0685921942358005 0.13763241722155 0.0684446228327648 0.152809708926507 0.0983694858308823 0.169873943101071 0.0786105785754607
0.153114307590205 0.0661900797494149 0.166335182315436 0.163220645154613 0.106687138240193 0.169505098488468 0.137300874936197 0.0124428824649991 0.0252037910604746
0.0479288659560084 0.0236553250572609 0.0620332244514783 0.202119869075992 0.133406041747297 0.278876570866674 0.0406920369140776 0.0794276594034994 0.131860406527712
0.151660908604119 0.0403853439932702 0.170467997159155 0.0997212962240824 0.0803213626157434 0.179349712377003 0.0854228211152362 0.127474425270445 0.0651961326409457
0.165487533806875 0.0673932072550559 0.0340443049636393 0.151759984422769 0.076296529834677 0.0687935436583587 0.16619994955167 0.150294744444821 0.119730202062134
0.0126602767014163 0.130695746179984 0.0171030933469298 0.250340865617408 0.0327200489556896 0.155160064805308 0.0404671406774506 0.192698129325969 0.168154634389844
0.015952727893744 0.123781610296283 0.0986977328823974 0.186518903579159 0.126553044028196 0.151212748501166 0.0917200547820354 0.119092725070179 0.0864704529668398
0.148701492116471 0.0968929702132195 0.145869344331848 0.155230991956921 0.0255185228815363 0.0857151508534469 0.228725390264987 0.0862102897952688 0.0271358475863007
0.00651680238430035 0.074155758957072 0.131718874334047 0.197536051612965 0.255941500922737 0.0632754309954905 0.054027501778728 0.149492343567509 0.0673357354471504
0.0711451650807376 0.129792173031144 0.0399571844909981 0.17518578190377 0.178721924409293 0.116760363187476 0.143752264418785 0.108828551723054 0.0358565917547416
0.137847767179204 0.193656327692954 0.141481369060926 0.159329532505358 0.0332686228773736 0.0835461997151956 0.0171370486954041 0.20555593244902 0.028177199824564
0.0450434000920012 0.137918125919184 0.0847262642146419 0.120695179856015 0.10741772297205 0.172181415452616 0.0683633237141551 0.188321221221586 0.0753333465577514
0.179972698351201 0.148020297628565 0.109047805275 0.0868928546367346 0.00385914768380624 0.179781263402192 0.139268395948484 0.0301434894133798 0.123014047660638
0.0276273061864487 0.0390452364693756 0.205848322742569 0.03926352913028 0.113016303257293 0.114983541903021 0.195835126551097 0.180567405593465 0.0838132281664505
0.155293431459562 0.129482218059965 0.103001870639054 0.0361030289193097 0.198015340457744 0.0128263009219275 0.166649571436934 0.146139456104409 0.0524887820010952
0.190197370989444 0.0203011915318355 0.129838603368414 0.0393643026882463 0.0842095910953444 0.196527774952379 0.157585311965249 0.126417704827771 0.0555581485813172
0.131883078788178 0.00930739664255383 0.122350433515068 0.119192127088147 0.199776945809974 0.00162353563138907 0.176167386212513 0.0951401805108952 0.144558915801282
0.103900606494374 0.0556939290711081 0.154479971768567 0.0975367187456907 0.0992819488795488 0.0648698379134616 0.211950135907719 0.202721102247585 0.00956574897194592
0.194431493912165 0.00938130833632745 0.0972707645232624 0.146244018432635 0.189903461073249 0.00690945420590087 0.083939376961237 0.167511051488859 0.104409071066364
0.0115889933025588 0.0219205224739792 0.170480422895061 0.0716742549603963 0.0655668399910019 0.21452806119688 0.169973062372959 0.210400322852413 0.063867519954751
0.039468843374129 0.16057447309609 0.156850630711384 0.0319176026726039 0.110570794789162 0.125262788804005 0.0953582701447074 0.143391336880047 0.136605259527872
0.103425614957838 0.00848566122436925 0.211372337505004 0.135074102980975 0.0257692546366646 0.0730113426946157 0.0785481856936905 0.267324363331443 0.096989136975399
0.221943197245409 0.0950783308916498 0.059593416458246 0.10870309496399 0.231938499789077 0.0215155939756915 0.193333430395379 0.0321141562874449 0.0357802799931124
0.154976192678371 0.0823272290443809 0.0753715607381383 0.093942758722137 0.111998712817569 0.144555547758511 0.144224775671922 0.0976211638357946 0.0949820587331774
0.100040327563392 0.106245990391136 0.163696401893875 0.0391686668484622 0.187109944145509 0.105034544410411 0.189119666397438 0.108261894282387 0.00132256406739106
0.076691413955848 0.214183959100498 0.0510436000514871 0.0960553374281045 0.0979300801160527 0.146842919457509 0.0950568983108914 0.175607941361415 0.0465878502181942
0.00984831745573944 0.181604405726621 0.0103252280409366 0.110276229013971 0.163979789350756 0.0833470738052278 0.142814927419596 0.104137995473247 0.193666033713906
0.124975320536621 0.101447243947755 0.194252360469658 0.0919337500596135 0.0363713742904617 0.169231702082937 0.113542658128662 0.0715562104019647 0.0966893800823264
0.0929098986634047 0.115317625711573 0.111542338136539 0.160850081383307 0.0874895808626749 0.0798596370883382 0.171034234585361 0.0725844854248301 0.108412118143972
0.0290851750932568 0.110255535871162 0.0667801111414373 0.07341217447798 0.135167237016264 0.171644973037283 0.135214727812667 0.107780585993155 0.170659479556794
0.100911244363251 0.0907521481240718 0.114131060753482 0.0783673836573266 0.115030826371605 0.182357264709877 0.199232284073687 0.0281790318394279 0.0910387561072709
