0.157711231828462 0.068685769775634 0.187978552750113 0.0315866018383091 0.170061759441101 0.103865374348598 0.0905995480240824 0.189511161993701
0.221462166439664 0.00516310859486296 0.119641879497788 0.0539940212766556 0.0349958480734091 0.212707222002459 0.215817011445461 0.1362187426697
0.0677313799692983 0.148208905867382 0.160726664834077 0.086540246106671 0.163597889592251 0.148759778847104 0.114285417098438 0.110149717684779
0.228068142531181 0.183007399543465 0.119203180416111 0.0507893536444195 0.142926000998354 0.104994930397645 0.0940266299800593 0.0769843624887651
0.254940234322676 0.088683603346828 0.136059075391974 0.112691010921077 0.293294256519732 0.0300943194206929 0.00487639990615581 0.0793611001708639
0.120212737864348 0.112160558346472 0.137215131543462 0.215409872992364 0.136182476044102 0.0644350776273148 0.0751114758798199 0.139272669702117
0.0518959707633301 0.245051907847282 0.252800939857769 0.0140022127774866 0.161779777271385 0.125135105191542 0.0988811902218933 0.0504528960693114
0.108540142603115 0.215208751954038 0.178681571012775 0.231512417763242 0.0564190465050693 0.0883203761549865 0.099625058340892 0.0216926356658828
0.112290519712612 0.112674039244211 0.0747556593783163 0.143618455567482 0.133134295565245 0.0834190982643646 0.164961045375975 0.175146886891794
0.00480396172402912 0.0917313217132441 0.0912747434236432 0.169517357181666 0.193512514894081 0.0849951781506602 0.133383373401351 0.230781549511326
0.204180931674747 0.0861681208482109 0.0445527060999317 0.123143060678213 0.202960885575349 0.206685385861779 0.016243508619346 0.116065400642423
0.0703227307016842 0.0266921056548847 0.224769304475116 0.0653373848260646 0.037162496330996 0.126731301493597 0.200923285495163 0.248061391022495
0.0731407009560947 0.0358032247208981 0.00542579638433244 0.173021552418192 0.196651098845536 0.225636904943105 0.194092519097997 0.0962282026338442
0.184125090856278 0.171815591654647 0.102444754293154 0.166450799838721 0.0332201033264301 0.138164406253373 0.124337801640131 0.0794414521372669
0.092572642247133 0.196023290288159 0.131476202361331 0.000628993995093726 0.0271712802882418 0.220320087684144 0.215334496973409 0.116473006162489
0.0340046126873693 0.0313779339995907 0.0308258293784228 0.129901363340954 0.080838750532267 0.290315287528037 0.0460528174720378 0.356683405061321
0.0522563594179058 0.0600685611238447 0.150455823069301 0.0506727801408503 0.141995199374174 0.159482975318347 0.11851110054458 0.266557201010997
0.0385699790570924 0.183387733396888 0.101369585204427 0.188306399943104 0.0589363307116711 0.179651407189617 0.187712284092106 0.0620662804050954
0.182101756185855 0.306136557324659 0.0424092127809035 0.22652549608944 0.0486527170026548 0.0731259258654195 0.11287462217577 0.00817371257529801
0.0904466067142925 0.126557996472334 0.124562800742112 0.0803292840476503 0.0769175878814998 0.206972700751037 0.11650782905429 0.177705194336784
0.0190178889603383 0.0398830523299972 0.206432390266017 0.0821330063760671 0.15883145842266 0.145899034316676 0.194713544967173 0.153089624361071
0.0976993909924418 0.15580001247263 0.324536657385646 0.0223669195698663 0.284872058715946 0.0151041376526763 0.0528966124701342 0.0467242107406594
0.0206978319052092 0.111288541434259 0.235149465426951 0.0940455766734374 0.090571492925682 0.130945932206973 0.111047088424967 0.206254071002522
0.0247514185039044 0.0728797451488735 0.0943891096159556 0.232416862677983 0.0394279580160466 0.127358661752951 0.217778379719992 0.190997864564294
0.0323929709204399 0.197821480078599 0.0660893322003003 0.115928065477912 0.192063630673347 0.226907310985096 0.0749880296617274 0.093809180002578
0.186239686246177 0.0483130089915556 0.165876532393184 0.0692017460330606 0.108774657918226 0.171818546364664 0.0481463730781169 0.201629448975016
0.0659761556139104 0.137788879063153 0.210415602956176 0.198569379793639 0.197916347707949 0.0114328974585146 0.151330857422815 0.0265698799838425
0.147258978599521 0.0623776358901333 0.15449207881434 0.18524633573227 0.0916442416589998 0.159687923489685 0.118343250310696 0.0809495555043547
0.206094464251139 0.0155449937250481 0.0606611328264959 0.217396849195991 0.040104988294469 0.176236546370407 0.025950401788133 0.258010623548317
0.0148885750154771 0.124211575304785 0.135525372184396 0.113296372773762 0.166519573342706 0.11472900175961 0.169812611949066 0.161016917670197
0.182437530268876 0.109594740951803 0.0791704374625657 0.185925334866796 0.223097523177943 0.0625897197076175 0.0876136906869563 0.0695710228774426
0.200844966151764 0.25104544454705 0.21142245665677 0.044521573303197 0.101860053694488 0.11111139203478 0.0266958554225027 0.0524982581894484
0.0846886287907805 0.189016995241455 0.217477067850773 0.14142085420298 0.0452301653079132 0.0581901248574748 0.178649111857409 0.0853270518912142
0.0866434417222662 0.192659021822599 0.191552937015611 0.00193658677533331 0.159579372014469 0.169683664087118 0.0913706756575123 0.10657430090509
0.00656787343209622 0.190849589442107 0.113504747119451 0.140794807451921 0.185592300084984 0.1134787434866 0.0608289372245233 0.188383001758317
0.0286985261030284 0.202537703138529 0.185669312135402 0.0605909509662769 0.0146620272000887 0.221191035282096 0.134527252061579 0.152123193113
0.258468396999707 0.214377470539167 0.126997072991121 0.0189003581360656 0.150024888945795 0.129266441308866 0.00176927096547104 0.100196100113808
0.155319890057913 0.197148429782576 0.0618002305648307 0.0732552504927428 0.0934803522954057 0.101940049018289 0.130985077486101 0.186070720302142
0.097039044990483 0.10333185006462 0.238301315173776 0.0762970686749094 0.111198424245363 0.0184389435132211 0.218209502944172 0.137183850393455
0.233478701596256 0.255191885675869 0.0191154601678965 0.115442176951517 0.0884219090665357 0.0652971243831434 0.206595466125883 0.0164572760329002
0.128335358984582 0.093854149650802 0.143502551536221 0.156459819630988 0.0704224307797704 0.0961129755573439 0.150053982856537 0.161258731003756
0.178393245328017 0.0964774703062092 0.0870431721107164 0.0852665263553764 0.170130326541448 0.0610856847231601 0.148344159876744 0.173259414758328
0.219567548496394 0.0538291335752517 0.22593201701259 0.0822564745106885 0.00621427137196274 0.226649968656527 0.127389785874026 0.0581608005025602
0.019096252504845 0.303368595668156 0.0124633291724414 0.161795652714777 0.0845844168719446 0.292545435514139 0.0966575926917971 0.0294887248618998
0.093820093140394 0.221256096893486 0.125290346321168 0.143727172563382 0.0792876515269153 0.176589359805934 0.087796533224352 0.0722327465243698
0.0261272708715566 0.180975786187442 0.137220844201136 0.0194184497191857 0.165665462682308 0.103304637821229 0.180890770231856 0.186396778285287
0.00420654416669535 0.012240665786899 0.205727303567726 0.06643013539142 0.178512847115133 0.107507326398426 0.165817000333172 0.259558177240529
0.112194777027351 0.152290931180536 0.0223745789557697 0.138058684385956 0.163313591377146 0.106244170002585 0.185510164535612 0.120013102535043
0.127304095342311 0.00256980003875814 0.0817570444625113 0.185685467141936 0.133466609782492 0.157464178063322 0.233082875970128 0.0786699291985411
0.160521448463545 0.116987296443544 0.149361360779735 0.181562968151314 0.0384668029770007 0.0504900859249509 0.110650188397888 0.191959848862023
0.19662162399489 0.0577995300582155 0.149763997775484 0.116690986312833 0.14790125460967 0.228631386413703 0.0969804924889055 0.00561072834629855
0.260065826802045 0.14816467409537 0.043616460419651 0.2348008985199 0.00495470163731268 0.0370725115254196 0.0837550754537494 0.187569851546553
0.140608662675235 0.0851483288715915 0.097519107466411 0.142518213602965 0.152392590860901 0.0735846569482464 0.152868308078014 0.155360131496636
0.155478507462092 0.0553336785905093 0.0442142984413815 0.167316712526266 0.10403128256126 0.151963665526308 0.151417204660383 0.1702446502318
0.113172590114527 0.160877426352344 0.0988717839445713 0.137759531789199 0.157930173085971 0.162081257958455 0.147393296597217 0.0219139401577155
0.0656246066619929 0.118322477830205 0.0527223020270645 0.173845983462195 0.191153831160487 0.0199746556883822 0.186252313431866 0.192103829737808
0.167049784151071 0.137918803063405 0.12890873344467 0.229282964526717 0.0826403334415157 0.0320296975725062 0.0803661334404607 0.141803550359654
0.180537122145368 0.190652996156338 0.162377318440937 0.0308170416856189 0.172033500558062 0.0351321085486402 0.189681682225354 0.0387682302396825
0.17401184848035 0.169047438743075 0.191544888300007 0.0124572043572024 0.144005936369548 0.102368340407051 0.105666072189874 0.100898271152892
0.104416426573816 0.267072472269991 0.107671767022933 0.0790919879348656 0.00484769958715755 0.269957964888821 0.113307711010454 0.0536339707119627
0.0127682275611667 0.135706056420896 0.172513502500065 0.0383394162709282 0.258728596914168 0.00560536185255988 0.241236960927006 0.13510187755321
0.0529304997400563 0.215478160214752 0.17532879766072 0.0883849843740352 0.0919133591332562 0.326076218467789 0.0113004314997162 0.0385875489096753
0.182063723045577 0.0333493361735582 0.0521914070720519 0.00439204737719474 0.0136848960256859 0.287165485980041 0.24603849206886 0.181114612257031
0.073390236774488 0.134762914587467 0.0841936176628266 0.161015362044339 0.143095983544591 0.158698097329736 0.122140968203172 0.12270281985338
0.144393104074911 0.0922084236321982 0.136685621740114 0.16399504487553 0.115228538077641 0.0616842865043617 0.227263791966853 0.058541189128391
0.150187255308684 0.147178791914021 0.00677801811439879 0.187221659354282 0.115746482175246 0.11013914033342 0.172405116416809 0.110343536383139
0.0246423110302065 0.144924715121976 0.0597863711736785 0.0470871506778524 0.120026050022021 0.37000739721236 0.0420817464512776 0.191444258310628
0.00054143807163414 0.206674444606805 0.141397764628882 0.166221680407812 0.14220021462918 0.0268100991057841 0.14787928193949 0.168275076610412
0.173664081260493 0.209434653655122 0.202332985674163 0.0317879079916664 0.138243312708689 0.0949554376307945 0.0562000675098088 0.0933815535692637
0.0692643784319527 0.175402377072931 0.169323146567624 0.127980054686464 0.0789079538877224 0.0987413226376822 0.122448477597779 0.157932289117845
0.0536011305512528 0.293571242267933 0.0910392443092203 0.131839319269105 0.0262471393823462 0.00732121882761396 0.126527297784625 0.269853407607905
0.0192719583717392 0.214344924269003 0.071345344861913 0.226898837438086 0.09922774662378 0.154053804691277 0.0640944961914862 0.150762887552716
0.10694228834494 0.245630507609684 0.129221233476418 0.0287086703776671 0.0344530601456324 0.1123717150676 0.26521879927907 0.0774537256989891
0.124363997012883 0.193368801327392 0.0174215032577226 0.230955341128508 0.228874297984623 0.0403628095138934 0.0674552822155806 0.0971979675593969
0.173346243563653 0.0445309018536752 0.0318555645380292 0.146980453607319 0.014135384241878 0.207232590459891 0.203647386273062 0.178271475462493
0.159744740027 0.031436280449317 0.100072163644962 0.0334157409072029 0.185602107533934 0.144012705791022 0.185439793640261 0.160276468006301
0.209051335440798 0.0323857168064387 0.0711725768679308 0.131077572533064 0.197272189876968 0.121063149052096 0.131155043270443 0.106822416152261
0.0678683868016331 0.0967896992819568 0.125073907770654 0.0311800601065085 0.118719361196233 0.126806478317954 0.215483252717928 0.218078853807133
0.1494847706647 0.18438065405254 0.158337452166561 0.0141553029000276 0.212967055629068 0.0999741719510885 0.154880388893246 0.0258202037427699
0.00407263830252279 0.192034323787195 0.0688187299282433 0.0035853970739567 0.248128318313606 0.168087029772686 0.228008627494774 0.0872649353270154
0.173618875883538 0.111525524267257 0.237734015014125 0.174164205981966 0.0154537888295961 0.216719000629154 0.0160103334455952 0.0547742559487676
0.113011474629258 0.118465486942026 0.0428099469838677 0.0630330630252301 0.243004392890335 0.0564407663560814 0.220480532148936 0.142754337024266
0.165838213173644 0.220076371547196 0.147449895186019 0.0483158179866084 0.12713969290211 0.0766219246723352 0.0426779111406162 0.171880173391472
0.0999805342003746 0.0781932861108147 0.19884919840485 0.145903697780841 0.102682526865299 0.149343011403338 0.132178408967093 0.0928693362673895
0.00627593298873687 0.00201630438639342 0.116080650469765 0.0860080338149014 0.0206538873249266 0.0977726194038672 0.352567874333865 0.318624697277544
0.0294480057393752 0.184113173910252 0.0217887330762386 0.0837760385498808 0.202376856578382 0.157449891213118 0.111422964094673 0.209624336838081
0.228908577437043 0.0335220447905661 0.19555828451408 0.0097110917149938 0.0751362131102987 0.134263133696838 0.0673608690762967 0.255539785659884
0.126975017065839 0.0588142480372581 0.19330144787467 0.0845612620869311 0.167747154048271 0.0499525445670979 0.16347796905479 0.155170357265143
0.138322106745873 0.0874057099543069 0.18962367174363 0.0557933026960619 0.10500010875562 0.172818372772378 0.0892062912864232 0.161830436045707
0.0727788045251608 0.233115704355341 0.0960493152133255 0.145418756683893 0.212877143335904 0.0130617157223865 0.195699301241227 0.0309992589227629
0.0432495105331432 0.11897993574484 0.204070789006928 0.261711380071759 0.0520776412679464 0.108603594853951 0.0665034678264561 0.144803680694976
0.146917341686327 0.0750017622578735 0.0647551363814458 0.155349438129037 0.0597172519619307 0.18114077714228 0.137739909600249 0.179378382840857
0.126668975007806 0.122915400474406 0.0805683955560523 0.182085934802909 0.101717119854656 0.22055686207962 0.0429721633159868 0.122515148908563
0.191077549690504 0.0666019627853953 0.181610817679728 0.14290798021575 0.124219313561506 0.138539759756358 0.0220410093375668 0.133001606973193
0.0962317839506313 0.0213135798625421 0.123130371591973 0.0583471922370698 0.230594945455917 0.0470288958110627 0.220357942307879 0.202995288782925
0.0589289179243888 0.0956324893870568 0.150351757007201 0.141667170878166 0.110256270302962 0.144738664334255 0.162260756562611 0.136163973603359
0.193670776316021 0.149810697106651 0.156414029290714 0.0421936181423475 0.0216923693152588 0.190615410955708 0.0944231605357981 0.151179938337501
0.145987359998854 0.0317704639739226 0.196567232809787 0.171723032433224 0.00112456395382985 0.150551336297156 0.129545947278876 0.172730063254352
0.0664182626562362 0.210912556139065 0.152449467527301 0.167722293099927 0.135737757761416 0.136197286099027 0.036782228506054 0.093780148210973
0.159430534146589 0.0689331271685607 0.246135298684713 0.113569806885984 0.174913976919929 0.0751214328868726 0.0596711825881909 0.102224640719161
0.135567136309493 0.131263730864106 0.0364729749119143 0.00555808067082834 0.0736153229751309 0.20592276406423 0.177210787750606 0.234389202453692
0.123303315487039 0.0636919700772571 0.180300446554415 0.0635587046184903 0.00196453216239631 0.1868815416531 0.220146582133206 0.160152907314096
0.211952948945767 0.183954795497935 0.0608080736632597 0.144261757170012 0.127605371750771 0.0456980373789701 0.127656118319504 0.0980628972737824
0.111711714143962 0.00111096058642301 0.16005442624532 0.154996769436826 0.211702018623666 0.203856371566096 0.00240910366284924 0.154158635734857
0.115493296724209 0.149258665749284 0.0848775991770152 0.177568437563516 0.142927298944852 0.181750711590226 0.12696791823313 0.0211560720177678
0.106991542605325 0.0197430535577648 0.0744417043750217 0.0908559091979145 0.150754681244417 0.26291895561683 0.119373346153946 0.174920807248782
0.0235151977826577 0.202526478132145 0.132585650069111 0.203339000353894 0.210417241454161 0.0854275267117822 0.0990672917831977 0.0431216137130515
0.0119484001378573 0.191939843773118 0.165236700180397 0.122453107920874 0.155351777240142 0.17062915977557 0.0241774379435815 0.158263573028461
0.0439257961337877 0.0971855431942491 0.18754247046057 0.209371576999348 0.0324026674893552 0.0858073994585197 0.2307406218879 0.11302392437627
0.185408107503613 0.175195069914533 0.0667162371272858 0.011372391014198 0.0466812770758301 0.18441323826587 0.201335405623467 0.128878273475203
0.174787478370991 0.184979870228974 0.193865098587623 0.102159552612956 0.060558068338904 0.120995851936148 0.150342993695388 0.0123110862290155
0.199424432076576 0.000542050642064703 0.0895439433683641 0.0735409028660053 0.240462958977937 0.258197355973351 0.135019390933317 0.00326896516238564
0.0586307773223664 0.0619508295088956 0.153419853302499 0.11352907636693 0.199169676892021 0.135666030924641 0.186408688436689 0.0912250672459579
0.0466156761096466 0.123518395050074 0.263655649773903 0.0575794946661088 0.0711865184457302 0.0382766273805084 0.280115728531092 0.119051910042936
0.0776001958951032 0.109715707095189 0.0646663840420491 0.166023749297388 0.125230347389734 0.0944075445799963 0.176463104194887 0.185892967505654
0.0678448521016901 0.238435054445221 0.0315365903627123 0.147736412460771 0.204800570502391 0.00721860960574328 0.171925699108328 0.130502211413143
0.041898815033374 0.00925131567976559 0.228467463684265 0.251895974559647 0.12507802946738 0.040983612940546 0.23420825977157 0.0682165288634532
0.158977952633271 0.120551902036865 0.17418491292757 0.187153264811291 0.0871942224392216 0.216476422184098 0.0120294434627736 0.0434318795049091
0.202302248443883 0.0853985899411862 0.0364345045410449 0.124208176809586 0.0605256331790302 0.132344566456728 0.211436886539889 0.147349394088654
0.0844756464529653 0.0237458726172301 0.0528403977250163 0.119911890167145 0.204587511326562 0.107025773572173 0.212228696305111 0.195184211833798
0.180057864153925 0.198429572961826 0.0723841800462907 0.0718075220898975 0.0613446654662913 0.233107514173611 0.0938562600983377 0.0890124210098206
0.0468984443373208 0.0870661018612004 0.0500971373304581 0.212893426922544 0.095040398625332 0.175882623762655 0.232251256918028 0.0998706102424619
0.218289948670091 0.10558958577388 0.0540813464400835 0.00923132020161687 0.122673301824858 0.148256455408633 0.18206203459189 0.159816007088948
0.244655002667098 0.108241487713835 0.0730913037376407 0.102803138825226 0.130557529739141 0.122052480899875 0.0924404198158734 0.12615863660131
0.167921656614095 0.0341918831982324 0.0478682582161815 0.173692661019249 0.15571671901797 0.177081098152111 0.0759515183736227 0.167576205408538
0.129254829923758 0.147772039428054 0.068172538865358 0.223743834286864 0.0355984967165531 0.21178945242391 0.0585225203613988 0.125146287994105
0.231774266926506 0.0567302314957997 0.215149137222194 0.225854355025157 0.0915245935898348 0.00835875200496989 0.162638288089178 0.00797037564636164
0.215808025808256 0.213970200966212 0.0139653075295419 0.0483912052980281 0.123886389535713 0.113035471706371 0.0681199111949848 0.202823487960892
0.095383513205377 0.114028024081735 0.223735697806486 0.0129330916144169 0.125880639755105 0.213517356143111 0.0523686182922997 0.162153059101469
0.170707822688852 0.0518579618167028 0.167787285992667 0.0886799279328783 0.0691966503348893 0.0901034795015837 0.157329248448654 0.204337623283772
0.0472187579854122 0.221904961753227 0.212543112030908 0.198664604105188 0.0664362043945387 0.153134987516755 0.023088852154348 0.0770085200596226
0.0697505141537727 0.0453956632750054 0.0569408673153712 0.247645798733416 0.160639112852174 0.252569699870183 0.10549903231953 0.0615593114805482
0.17958273421009 0.197639276844561 0.197332183493399 0.141377842009892 0.0850901846329321 0.0712422698420141 0.0252745489699798 0.102460959997132
0.197995091457406 0.228425549640399 0.077499311383723 0.309592315567157 0.045991307599248 0.00824880730903628 0.0120569604950773 0.120190656547953
0.174372380860298 0.0268776490758617 0.00531253412904096 0.080094204895142 0.115719997072471 0.236659772974856 0.275441509763379 0.085521951228951
0.0722566502014849 0.202979815117092 0.00713359650547975 0.203478871606031 0.161386943560796 0.0257492853931506 0.120561584594578 0.206453253021387
0.232259317066196 0.0637444644783623 0.0983238078962877 0.137240317283205 0.0143007607012467 0.0586073831784889 0.388740857119116 0.00678309227709722
0.0427338918961756 0.0891859042180301 0.233748500048543 0.19016482720738 0.130351664243234 0.0149030273301837 0.124629498793805 0.174282686262648
0.10938344141535 0.20610942175937 0.0943934910381306 0.0820539874715051 0.172802463352817 0.0160035102524603 0.147083113996959 0.172170570713408
0.159496305470864 0.24537501864507 0.227221651047864 0.139690706321389 0.0463939209482634 0.114531413203159 0.00078801744677778 0.0665029669166124
0.169457346943615 0.185967422742049 0.123668192705823 0.194355007750765 0.0142902474135722 0.00604985680037789 0.160932746154499 0.1452791794893
0.106889715343212 0.153836200505072 0.231296089784405 0.0906060308657406 0.00438449262286887 0.233541457847203 0.122543226641241 0.0569027863902565
0.138120833142485 0.167711867184139 0.120239424746084 0.145849749380925 0.103364360144133 0.145650932846603 0.165025488112041 0.0140373444435887
0.0671377679190685 0.239622315796711 0.108918530320039 0.0645760753747596 0.0135949593229618 0.200662367847627 0.20499357565148 0.100494407767353
0.191221122814866 0.11263601627609 0.113011844941814 0.161100492794595 0.143518831701125 0.0101954634682297 0.0541124600188908 0.214203767984389
0.183559051858716 0.11370921048465 0.14193501795315 0.143754029613822 0.137739075860432 0.0426793923431229 0.14789269144867 0.0887315304374373
0.0104676037671849 0.192259746431471 0.0838086499567334 0.164013389366645 0.162774386453524 0.0375431893064938 0.182978037601923 0.166154997116025
0.0110024074665627 0.180992760658349 0.109701912243996 0.167051707428077 0.136093117486202 0.193860345676404 0.0711365756784855 0.130161173361923
0.0329693741527569 0.0324879730427109 0.217931160900374 0.205893136024412 0.0379336636088291 0.0520816804852522 0.14448175576996 0.276221256015705
0.173296603147162 0.169426213783392 0.187824497947441 0.0931917514788718 0.0794278472441053 0.096941756842774 0.185332746293612 0.0145585832626412
0.180411410144831 0.156433771425392 0.13109132099983 0.0635967751800459 0.112895407863179 0.0874365029983197 0.0989619077789093 0.169172903609493
0.155744133882098 0.100253455058915 0.165592781772663 0.130015978788823 0.102579115301574 0.12559326985732 0.0439873612146883 0.176233904123919
0.0230680831173639 0.145575491256483 0.13217257629889 0.121461863678567 0.0157575949848368 0.250976043026717 0.255775018652434 0.0552133289847079
0.117903905454775 0.159463788711426 0.0725395535092685 0.114228610790616 0.132411533243334 0.189756746148549 0.0346706853373304 0.1790251768047
0.25455332991084 0.193221916401305 0.00390372388525118 0.115770152648705 0.0874254181519531 0.115486164183376 0.183296852632806 0.0463424421857633
0.0514639915462996 0.0876327295182169 0.0908904431766461 0.12257546904988 0.194136840614954 0.114389772961641 0.219432603775778 0.119478149356584
0.162889898231912 0.161467098219331 0.041086827872774 0.142788011894988 0.190847164904823 0.0850963093433223 0.0407045418967679 0.175120147636081
0.1463487194757 0.080441466457144 0.298392314921968 0.305198686375837 0.0727808683565313 0.0244550717157055 0.0135465646679933 0.0588363080291215
0.157642099477517 0.0228917632600583 0.0707433423408594 0.183802096188988 0.094475990481667 0.139672232591704 0.187169901690739 0.143602573968467
0.179647542266924 0.104967146322978 0.0728270190557501 0.135865825576469 0.0243164421176099 0.26290581430068 0.168032165844316 0.0514380445152731
0.217104317732188 0.227036099340969 0.208610304912792 0.129001097991755 0.0295925027949292 0.0482984654323938 0.120495642567322 0.0198615692276516
0.172401014088962 0.15481015842923 0.156283018274139 0.0632116635793179 0.198033906219935 0.0224325148730141 0.0206083526297315 0.212219371905671
0.131032489955563 0.138916108428193 0.0581333390384151 0.119689621202822 0.144867498453369 0.217274093417235 0.0777487772070105 0.112338072297392
0.0281872020396663 0.207045805198677 0.0991243713681658 0.0727412505017778 0.203146570028874 0.204335258239095 0.181389331450249 0.00403021117349565
0.149426400936009 0.188001904088727 0.222700115887299 0.145762734700218 0.0110311298436347 0.00933968718883544 0.0893153385625975 0.184422688792678
0.0751386688811269 0.0691967350371172 0.21385295795246 0.239954069472492 0.189113710626132 0.0433197928269153 0.0488430361829501 0.120581029020807
0.147000590232445 0.159293873769343 0.108677611876348 0.080309609179687 0.154063035608678 0.160943913800162 0.0158315266740055 0.173879838859332
0.132502696804854 0.115455536271925 0.0703440117537521 0.0878819120488259 0.253134296074285 0.10497599059385 0.203979171035585 0.0317263854169231
0.202198041086039 0.0335489000261732 0.234890433351165 0.125432038512872 0.0243616291814567 0.184411789759412 0.082303211276223 0.112853956806658
0.128045134974892 0.149408772576667 0.0255992526864747 0.0330302542504054 0.0994206997810137 0.156778343419975 0.180109929816019 0.227607612494553
0.17081492102014 0.164677503156432 0.14209262117922 0.0717190786027784 0.244024497103855 0.11391306725938 0.00412059089661699 0.0886377207815769
0.0627823067700941 0.047794020463144 0.319535851235177 0.0541246004646493 0.179529125430558 0.127803405967104 0.206175761893205 0.00225492777606884
0.113864317849811 0.0523060958230428 0.140203395020917 0.0410472930653368 0.213511033605385 0.125878168533412 0.10494739153031 0.208242304571784
0.076705726978504 0.159380607065209 0.0700291078697196 0.0524971170514597 0.156101712483836 0.156518169757726 0.182444975453739 0.146322583339807
0.109039554902099 0.101378424251942 0.13980562601871 0.00543741837943554 0.245919657064114 0.105286767696524 0.207634717691102 0.0854978339960732
0.0331523648277325 0.0920280586244381 0.188100768745392 0.18833442475892 0.1284861621647 0.0972711360847829 0.0666098590973541 0.20601722569668
0.159083866377523 0.193158172609365 0.0788626397827978 0.196597926657852 0.0545390589350498 0.0839089844493388 0.115765779138384 0.118083572049689
0.0542403907276318 0.13342608787211 0.0944559867974984 0.0411955213706525 0.184270808916634 0.0821436359526609 0.208938178220482 0.20132939014233
0.0952807929979925 0.166480945042708 0.0779365220286346 0.104745691989835 0.187901725667509 0.186755355423313 0.167037816993225 0.0138611498567828
0.137139867924341 0.393252471159692 0.00910034538806464 0.0850627668882796 0.181555883942983 0.0779755671387958 0.0148999494210547 0.10101314813679
0.366227774453757 0.235100810733267 0.034114918455082 0.0347764589604018 0.09176732570745 0.00991324311761943 0.0759824970556248 0.152116971516799
0.0787984715986732 0.0853363717402772 0.174491698204974 0.214402304472047 0.224444615407254 0.00321541953339949 0.0150351262649201 0.204275992778455
0.158493286646702 0.00704145831328314 0.162582570721496 0.20182860949702 0.00594535343285182 0.162078175641316 0.121753650138509 0.180276895608823
0.0259335211363631 0.186759749755406 0.172787989323163 0.0438711113456541 0.126453434400001 0.149441330151485 0.12238913501833 0.172363728869597
0.103885516154117 0.136666382144013 0.184487179214121 0.203111953433694 0.188926456087649 0.0705720166228175 0.0741669241556084 0.0381835721879807
0.0805261782215642 0.145513770530719 0.02498290529924 0.133087779951027 0.141282251994308 0.164155644559496 0.161777934284455 0.148673535159191
0.219207035904204 0.163609814205468 0.132111503098902 0.14186606946882 0.0961760597733951 0.00291846862435858 0.19938038356751 0.0447306653573418
0.00751852163997323 0.0851531283228537 0.190042652869353 0.179883921724783 0.200991593069634 0.14800208625549 0.0992689564527931 0.0891391396651187
0.194105749364276 0.131639968181018 0.197640732905239 0.208374621013548 0.00685226285750794 0.00448028805987646 0.0381670057447219 0.218739371873813
0.130477016247556 0.0807551264258859 0.165446602266102 0.122720697597562 0.0942648756152251 0.149814038495738 0.153742613574695 0.102779029777236
0.160516496116621 0.0850997730428315 0.170385314377118 0.156279820153413 0.0228431103501656 0.113904471425177 0.161542962275097 0.129428052259577
0.208485639886646 0.0440099768791656 0.199330554249597 0.116996570493313 0.0411368694104475 0.125373686481079 0.074304573133179 0.190362129466573
0.0718180010382336 0.160288340557663 0.0570264587964103 0.112275165560659 0.0424498426381471 0.0923671250406549 0.234093517526249 0.229681548841983
0.192035059000952 0.222467248417187 0.15628090791213 0.00416417835483785 0.107566716598607 0.0753739902055389 0.0301636130727506 0.211948286437995
0.116535426420955 0.0560751966428629 0.207478871096523 0.200523179105282 0.0238286804991185 0.227746235471391 0.101847244804267 0.0659651659596008
0.00979402543543851 0.0134404171649971 0.083164022204985 0.254010677199364 0.191980377139269 0.249362948675638 0.12177253556847 0.0764749966118387
0.271371289297059 0.214663427164561 0.0441537331351348 0.214252434132039 0.122584290889171 0.104968719852641 0.0156657515491672 0.0123403539802268
0.0438495937410134 0.0516528856476044 0.173257248583911 0.169268933478173 0.154784727698151 0.160850896360624 0.107726157506784 0.138609556983739
0.15444493653234 0.17041840042744 0.177943700909301 0.0125155810046784 0.123461638995253 0.182615967849412 0.136211668663005 0.0423881056185701
0.150469876992588 0.191594972509541 0.174561993888867 0.127336362857026 0.0499691637984436 0.0680249685849282 0.107763509885847 0.130279151482759
0.110256335035615 0.148905494522167 0.0465944298237395 0.203812350488402 0.00414109205431179 0.142996779110724 0.162054206196006 0.181239312769035
0.207915795014129 0.0620317961861896 0.221409500934362 0.025489175870113 0.134189734975425 0.144436709034179 0.0540114855383766 0.150515802447226
0.0054370872666502 0.13212030452195 0.10106335705343 0.225566955980089 0.174255005419602 0.109238634847381 0.147219661223327 0.10509899368757
0.100972206062305 0.0194741620212318 0.100300779955439 0.0969973070071167 0.0377892142917821 0.177788333057369 0.0649977025181458 0.401680295086611
0.124525234282292 0.0610151315175901 0.149996577962777 0.0689089821636993 0.149226849861079 0.138095810069372 0.164434000017892 0.143797414125298
0.126032177783823 0.0955308757542146 0.198061040016355 0.0791423179581279 0.130778752024205 0.184512377726977 0.171967712191365 0.0139747465449324
0.156255246235534 0.0530956956977168 0.0835087894947374 0.0676640997139834 0.179331056300325 0.131433760513757 0.170989778524295 0.157721573519651
0.403583725075525 0.054532782528128 0.0202529931435728 0.0439324103290243 0.018048690044057 0.322788878201256 0.0426888420305524 0.094171678647884
0.132777949618139 0.00961239446416636 0.125165734986589 0.137346054152672 0.211023826755883 0.204295334309867 0.149670499734425 0.0301082059782585
0.0227289734507598 0.214799296512646 0.156433807180389 0.124586919323503 0.0910416494593297 0.149417131156494 0.234892948119962 0.00609927479691621
0.179763159816344 0.122023038708142 0.129947547748595 0.0268337874931005 0.158221515511884 0.187306332707671 0.00870133931934012 0.187203278694924
0.112379253250068 0.166011186072245 0.103129567930371 0.153237514418648 0.216156165731706 0.0237291656726728 0.1089061623134 0.116450984610889
0.187794732061921 0.176215161073079 0.0551215782114947 0.18306093149384 0.0326579482866064 0.188792367585312 0.0971009402452455 0.0792563410425011
0.195942875574627 0.122069139806625 0.135013274426201 0.0529031287397001 0.123984651272019 0.0650911814782112 0.239561506386775 0.0654342423158419
0.137571329043198 0.0563499721990652 0.229533663245955 0.203098360483619 0.0982677845533462 0.144758857235622 0.0835349519450275 0.0468850812941664
0.195065422458476 0.248352001718574 0.0282763941044823 0.207087452015585 0.134261406149549 0.0718801440638664 0.0226330568711825 0.0924441226182848
0.0879691602226522 0.13489307968529 0.10338992049132 0.125342414224306 0.167206228547161 0.153143226968973 0.0576718411738889 0.170384128686409
0.174704600878656 0.17819364142522 0.0789387799844041 0.148096022887298 0.12977865055875 0.17283693702126 0.0842756484459252 0.0331757187984859
0.261287508788445 0.102076680768902 0.131841707617696 0.239177971318001 0.170289538045749 0.027472947067648 0.00572847945542825 0.0621251669381301
0.195046191263515 0.134100648533403 0.0183027393612177 0.249349816590351 0.269115133246163 0.00233570401932805 0.065967467243405 0.0657822997426177
0.155875532371685 0.0831942831578269 0.0540346832460957 0.167799027116786 0.154146255942984 0.147508742218882 0.174635204532327 0.0628062714134136
0.216799238643974 0.202323113536444 0.000737892505905949 0.212484593699359 0.00494857851541005 0.111372228028093 0.147425426874414 0.1039089281964
0.0938285792305514 0.130923259855229 0.0685533092870579 0.168069908784754 0.162338438155262 0.160542823323891 0.141882175508279 0.0738615058549748
0.187925764871512 0.163629452697121 0.00257206372120912 0.0467644462509062 0.182525582947718 0.132561369399697 0.133337268082122 0.150684052029715
0.0637666554160177 0.164270399190117 0.0941072547769979 0.143408070815093 0.0217836470983034 0.159919809604425 0.154077210663252 0.198666952435794
0.188717961477297 0.340750860865492 0.149167547610475 0.0145634561194882 0.0379767690738813 0.046993858305057 0.018934490405056 0.202895056143254
0.228463100027127 0.0497766701049377 0.0884884976962554 0.170003596076498 0.0869539178333245 0.0430867856878839 0.117502857212107 0.215724575361867
0.169200712938078 0.101777454340966 0.262280634006996 0.0156726788683512 0.0921804388570499 0.0571528014970217 0.146092466078371 0.155642813413165
0.160121627029576 0.117868812495904 0.0115831389012639 0.134376307238637 0.201902607696578 0.00551038857867842 0.210560808293351 0.158076309766012
0.156432742342139 0.14921770361524 0.138580781073894 0.0371753077680652 0.129995526055038 0.0909006658058141 0.124903024337186 0.172794249002625
0.0326256051453476 0.0180476927298663 0.117339495617847 0.0453538601515862 0.236133286240645 0.217161440939054 0.0917981499084985 0.241540469267155
0.169689523176603 0.065659585624935 0.038510433664189 0.0878376185685745 0.0388164644288735 0.355014765827116 0.136652562745224 0.107819045964485
0.197530742667309 0.153779531780398 0.164147337804073 0.174778993451173 0.206117523330215 0.0637708364405835 0.0322400670864892 0.00763496743975898
0.269882198605493 0.198337582073727 0.0687217113282645 0.0517790043971949 0.107897558381853 0.132172713077674 0.159204377945917 0.0120048541898765
0.0376114647783863 0.0865085905466902 0.210392487020357 0.173476518381452 0.114146783419858 0.0831816988023025 0.135546521384012 0.159135935666942
0.078886673781599 0.103946832261104 0.0111860702547686 0.112531205427952 0.1684840772093 0.204670113316557 0.157014696860313 0.163280330888407
0.023690126996283 0.0729609858357031 0.173150080521409 0.1276812045283 0.221375263970956 0.105537831482131 0.0803106533046413 0.195293853360576
0.173507004934284 0.0820232931755506 0.146827738316643 0.152488146149033 0.0799409041789909 0.169816222867418 0.189372641924434 0.00602404845364647
0.146254921601284 0.0827667257212771 0.109000987688266 0.141379257472155 0.0753860912657459 0.191571612968476 0.0534825279690198 0.200157875313776
0.0676668278531735 0.0980642304395997 0.115957649104669 0.065554206076437 0.151505902326439 0.198037477824792 0.156540213640338 0.146673492734552
0.12522566656284 0.194290095664987 0.00471322094182172 0.0303187847486029 0.034874094020719 0.222609935465033 0.219567671251175 0.168400531344821
0.145447973606392 0.0200594413443644 0.113240971819263 0.212036385885239 0.164269904329743 0.105926874344377 0.114170160686855 0.124848287983767
0.12815711656825 0.192663042954589 0.0716422727581086 0.126227046925667 0.106186357452137 0.0876993118659562 0.1340453147317 0.153379536743593
0.304565749215152 0.116487882360109 0.198509848597076 0.0570979211534254 0.023772079710896 0.104426645787167 0.178852024010771 0.0162878491654052
0.0317402478539911 0.0453837872515691 0.16702425453083 0.15713597493643 0.103391662421237 0.11657749274057 0.186578847633346 0.192167732632027
0.108047715694015 0.18344969563231 0.17466903355926 0.156046369754034 0.159103427953231 0.0460226701063369 0.118842279801177 0.0538188074996367
0.0293008055934263 0.15025751231129 0.100360125431932 0.229224514598777 0.10131877646689 0.0907348570411243 0.183890065220235 0.114913343336325
0.0709307846012735 0.142920237232796 0.0611577768864869 0.160977181922769 0.180317794788516 0.146550038830856 0.171473062952268 0.065673122785034
0.190226535913803 0.0295252488006059 0.267152001475733 0.132016983549672 0.00173233746070825 0.144809590469077 0.118304099066405 0.116233203263996
0.132764593747778 0.15463797223882 0.209236810483662 0.168198050898286 0.00130431868444106 0.0282388930515634 0.164375709238732 0.141243651656717
0.170456883389027 0.16924439065003 0.174620501311405 0.160470794142872 0.199183653712089 0.0398907397312426 0.0138373429742672 0.0722956940890677
0.124941252209865 0.0584540956951438 0.175114802156195 0.0775290931983212 0.121664470350593 0.0587904661851114 0.129890074950531 0.253615745254239
0.0717085152757861 0.155731872347189 0.214926265926745 0.127740780801045 0.0492202418065773 0.106014283069726 0.269252070974738 0.00540596979819326
0.183347092220037 0.120742798913951 0.0183401719040414 0.180340669248103 0.048577721033822 0.178100870018776 0.151712417991348 0.118838258669921
0.118347848375057 0.153636632532538 0.0675399337233084 0.203824491434936 0.0922905798622345 0.0873327559076344 0.123896123950568 0.153131634213723
0.247626692471434 0.172557617721125 0.0535558348762094 0.128861827314992 0.270832432962561 0.072996867940551 0.0465373389075619 0.00703138780556657
0.0832186876614232 0.0161395956181453 0.132734851923128 0.117517958927338 0.193243451734887 0.152823336975058 0.175614718451947 0.128707398708074
0.131043816377772 0.149394075035731 0.186601189707284 0.0870353994795175 0.126527586535263 0.0867700100765609 0.0540193641259225 0.178608558661949
0.190748683093212 0.151975852325082 0.0669245830561302 0.120003590238888 0.00987460878010719 0.140752966332303 0.095713846595498 0.224005869578779
0.208781858144102 0.0925862702562564 0.0837408295148137 0.181479175951106 0.117413195631349 0.0707124162134408 0.113755944116602 0.131530310172329
0.0243864169020165 0.221315322955057 0.206130384005232 0.107675574499765 0.0865686203697045 0.179062310483324 0.096769635522928 0.0780917352619724
0.0575513468432319 0.0911188207162474 0.180715073601384 0.177419443442577 0.167290405808054 0.0797413436746562 0.146744402106691 0.0994191638071582
0.0900208316617949 0.133889489476228 0.116698283282425 0.00960644524772625 0.123044816109217 0.13721843887474 0.205701151613673 0.183820543734196
0.138276546164884 0.188085585117303 0.0505654451897543 0.0504411502574013 0.158919216340767 0.145224120147013 0.116819273824401 0.151668662958477
0.0524819346501189 0.118092752285841 0.161001858661467 0.0748606605182179 0.0927583125917654 0.196867933430931 0.167088976100823 0.136847571760836
0.00439361688286893 0.202823162380722 0.204601124055676 0.0804658974402478 0.0612467036338766 0.229121454731713 0.0331608360574763 0.18418720481742
0.043270918821657 0.0977500313078501 0.171653129824036 0.0945694046674763 0.133485060267248 0.200012100530372 0.150169073320115 0.109090281261245
0.1906690118331 0.018415455744951 0.172144178158722 0.048751526296967 0.33603693211042 0.190572310904151 0.0114333485877097 0.03197723636398
0.113303572103038 0.160109327053095 0.15929442367603 0.118233327513939 0.125732214160542 0.112325399012057 0.0826354194850828 0.128366316996217
0.0999222060075411 0.112826675803448 0.0339943381432099 0.102737898436734 0.152632909263703 0.190181155502673 0.129468811325621 0.17823600551707
0.091973117116576 0.0170239689264226 0.161851488266422 0.114523012973034 0.165636835346837 0.164808691565449 0.13813983142655 0.14604305437871
0.0931512362565896 0.28818071197004 0.046934287372109 0.131032018045419 0.00698036806478957 0.0506553638912385 0.300797464122801 0.0822685502770136
0.127051483012247 0.205970060857964 0.109152753144545 0.125351905944569 0.208174010068027 0.207064604513996 0.0121725155014822 0.00506266695717033
