0.212007622260609 0.254540343326244 0.297163964485575 0.236288069927572
0.454026010433968 0.10054272913198 0.0394827484925457 0.405948511941507
0.193137827373657 0.347378015097701 0.246376624884705 0.213107532643937
0.20516291115941 0.106181998619993 0.461260912912787 0.22739417730781
0.129242766096488 0.355275525038398 0.284828195790493 0.230653513074621
0.598686799142336 0.00824394686194221 0.0353235276422941 0.357745726353428
0.352547352328716 0.22257520409616 0.308212741920322 0.116664701654802
0.234277573762153 0.40260332836164 0.218759161084967 0.14435993679124
0.149381035124416 0.0420523418078805 0.402706168467752 0.405860454599952
0.0743545401459823 0.281477128247063 0.35344655961449 0.290721771992465
0.230186532349028 0.258854563915213 0.248067196590576 0.262891707145182
0.362645144287291 0.118351612122642 0.394100404563411 0.124902839026656
0.174819280066207 0.0378950962084699 0.249900935151405 0.537384688573918
0.430008516195728 0.278899550957606 0.0794283888271222 0.211663544019544
0.020672204491221 0.209477463571039 0.285401925831601 0.48444840610614
0.42116723242624 0.0448621862195632 0.181283672529539 0.352686908824658
0.397016908332784 0.176090904896922 0.208760778232025 0.218131408538269
0.161272616539881 0.187301350260576 0.304271631168452 0.347154402031091
0.123835613722017 0.371370879723319 0.327896420917669 0.176897085636995
0.35589531929735 0.00496202392367402 0.388883923207102 0.250258733571875
0.122011330907001 0.0468563789122003 0.385960878233009 0.44517141194779
0.212497025817446 0.0875517092171438 0.326269348312371 0.373681916653039
0.411299725229512 0.300550076256427 0.286496049018466 0.00165414949559555
0.606999665346297 0.0701487559706124 0.295773280732086 0.0270782979510044
0.251676941848485 0.262589252752045 0.195306668582875 0.290427136816595
0.171865953369044 0.272260768399267 0.213283693241775 0.342589584989914
0.519069351425992 0.0429934081164884 0.107596414114246 0.330340826343274
0.217904287599371 0.530277881391126 0.203295883744725 0.0485219472647783
0.052927791819057 0.330067888126884 0.562221860143455 0.0547824599106034
0.215965165408766 0.243291890671472 0.280321736368527 0.260421207551235
0.299754088977859 0.254238643675788 0.106041874414971 0.339965392931381
0.254741301288053 0.267293063328747 0.190254360874792 0.287711274508408
0.465563631015214 0.0178756625388883 0.0540500466803083 0.462510659765589
0.111653069413654 0.202871190561034 0.328914792802909 0.356560947222403
0.300420833684353 0.310769597529286 0.265817294368772 0.122992274417589
0.266695272077644 0.00223870804894832 0.267390591618136 0.463675428255271
0.257982181270676 0.0663268953607173 0.244387919929139 0.431303003439468
0.0117864531401987 0.452877815462816 0.511380238517853 0.0239554928791323
0.174618428848029 0.0260052669192143 0.153598158821067 0.64577814541169
0.369345919224001 0.182135218832208 0.333038108313573 0.115480753630217
0.0702981752600711 0.322922954530627 0.26222486367361 0.344554006535692
0.310146241405141 0.336185552545748 0.150787811320757 0.202880394728354
0.408765991728689 0.372585980579163 0.0494755057255374 0.169172521966611
0.0945114984686939 0.263394487254667 0.222539356733239 0.4195546575434
0.227705326526561 0.465417984817588 0.277623102082069 0.0292535865737814
0.363372661297709 0.244321763440352 0.155901781223099 0.23640379403884
0.335938484781062 0.30820401260199 0.121946617230177 0.23391088538677
0.0711357357580696 0.0233444767533242 0.594814601303422 0.310705186185184
0.155603730492969 0.324177375033988 0.316703758035145 0.203515136437898
0.281879029381886 0.455370815423988 0.253821337166219 0.00892881802790664
0.314325262539502 0.377848359750367 0.0300101683288463 0.277816209381284
0.0783658944833847 0.1375999757182 0.270365549504025 0.51366858029439
0.271303982565845 0.318228732911202 0.118655766976379 0.291811517546573
0.276053210611741 0.295700528191335 0.296359457126335 0.131886804070589
0.0342253236966941 0.182281439598555 0.382477932139929 0.401015304564822
0.474415456424075 0.0686570959680697 0.430634804316101 0.0262926432917547
0.0272111595359821 0.3123379875407 0.6209550766427 0.039495776280617
0.28422775428955 0.387051706153035 0.18274489504188 0.145975644515534
0.335025338371498 0.393785792956148 0.077834603423392 0.193354265248963
0.308234680680892 0.381302086845964 0.0853391761168817 0.225124056356263
0.362400511825348 0.255209097317198 0.120634894553414 0.26175549630404
0.229891065045533 0.228900987804984 0.0804206809920057 0.460787266157476
0.257121500524561 0.439683245613186 0.286442525698246 0.0167527281640073
0.191960338704292 0.390133590552337 0.383793378284412 0.0341126924589588
0.29310482393044 0.275814465620633 0.224035721824094 0.207044988624833
0.369575960069563 0.188789912688028 0.415159557899095 0.0264745693433139
0.0262370813778908 0.295814922449579 0.66636752974767 0.0115804664248604
0.311922902756237 0.363972018507029 0.265540990292891 0.0585640884438434
0.124406608934947 0.0161769118299647 0.192205942971256 0.667210536263833
0.27950670429459 0.26662546682304 0.365597258461607 0.0882705704207629
0.252657278254878 0.266664468330904 0.265850110222729 0.214828143191489
0.304970848215932 0.0604893716831204 0.24282949626382 0.391710283837128
0.152446491950845 0.324575373450779 0.0734491716750942 0.449528962923282
0.175556080080158 0.248059214831761 0.26145693023969 0.314927774848391
0.0318959351700671 0.744753334638439 0.124612559776244 0.0987381704152505
0.107369768458091 0.681442193600538 0.0570177353313471 0.154170302610024
0.382816151131241 0.0380448027456186 0.096597799996467 0.482541246126674
0.222846097476954 0.00433708794654215 0.243657773616117 0.529159040960386
0.638845897981875 0.0168135359304774 0.106098227728369 0.238242338359278
0.610450018613962 0.0584237916820238 0.0449848629827957 0.286141326721219
0.494724850938409 0.0495853325531761 0.134647293656583 0.321042522851832
0.306748402582733 0.541066901228493 0.0758620472549214 0.076322648933853
0.223400320566482 0.296906474544534 0.445787238228617 0.0339059666603671
0.254530969971135 0.252026612070371 0.35190566002244 0.141536757936054
0.319255575538322 0.355475587619538 0.247874101214141 0.0773947356279991
0.210390459801963 0.0213909666383938 0.537289320208667 0.230929253350977
0.461235762592129 0.169716300379333 0.0396049106322448 0.329443026396293
0.0795952442302818 0.0950027577498862 0.316438655987767 0.508963342032065
0.223633334211329 0.255081961022339 0.0700413967170241 0.451243308049307
0.371635214148615 0.221155240000151 0.0222986690782928 0.384910876772941
0.426612642127767 0.425628229160797 0.116702474194821 0.0310566545166151
0.352532250672494 0.151070079385439 0.0922686306550709 0.404129039286996
0.0876966412925994 0.287142535387376 0.22342696545646 0.401733857863564
0.155091552680555 0.466917177741111 0.0407273043569181 0.337263965221416
0.293494653870113 0.387874819458086 0.175375137331087 0.143255389340714
0.298502845105641 0.293852882119761 0.157649126699993 0.249995146074604
0.00379423962454404 0.453394349673336 0.322102317628738 0.220709093073382
0.264365846968843 0.278479798006461 0.37440401910666 0.0827503359180353
0.0704260071625147 0.284480762039488 0.356620122432992 0.288473108365006
0.174776456864918 0.338070767966265 0.1755109080034 0.311641867165416
0.136971249903847 0.395043562875822 0.185556803836291 0.28242838338404
0.280534317360963 0.2010329879903 0.118450444479732 0.399982250169006
0.0444802340839928 0.497029253820694 0.0682464485585763 0.390244063536737
0.261534314414427 0.0836486755152942 0.333650947836575 0.321166062233704
0.378986510469884 0.199596480343371 0.356754050863588 0.0646629583231567
0.3236710832965 0.227187496892478 0.217965599438694 0.231175820372328
0.214630885845303 0.398792640469435 0.38484747099536 0.00172900268990176
0.202163417101364 0.330258039572864 0.371438066864737 0.0961404764610355
0.0337144878876213 0.273297807109041 0.291898695906257 0.401089009097081
0.199370387892885 0.0811148497662806 0.287799568482964 0.43171519385787
0.0582106493401116 0.428452828972521 0.330618662636031 0.182717859051337
0.153792330581907 0.165426200562212 0.132654265030465 0.548127203825417
0.139775682352649 0.546778031052535 0.217099740521 0.0963465460738159
0.260001887047157 0.291361147030915 0.190717916571459 0.25791904935047
0.0844877566361686 0.321872859820253 0.412871708211333 0.180767675332245
0.117541857377291 0.426096320638366 0.117849598167774 0.338512223816569
0.175479463763003 0.320561958388014 0.00830326589799682 0.495655311950986
0.271156445716593 0.378421660658151 0.0209100405704763 0.329511853054779
0.331479084491432 0.238216894456311 0.25043580792603 0.179868213126226
0.255234571819921 0.234421583864651 0.251505943051828 0.258837901263599
0.16443182008135 0.342683281998142 0.0595947786583621 0.433290119262146
0.141271827889112 0.420119369224569 0.289624194876351 0.148984608009968
0.317868707467703 0.260673100785556 0.0951552715777715 0.326302920168969
0.27437628723922 0.117886474939522 0.245271514832787 0.362465722988472
0.0390659041888811 0.0198942810099835 0.597795113349484 0.343244701451652
0.304909765554469 0.322760600460721 0.208349888553684 0.163979745431126
0.055344910373703 0.46695229263609 0.459790263369189 0.0179125336210172
0.138052271953494 0.551329692452319 0.0900119935323 0.220606042061886
0.0347090348964397 0.227337544257359 0.275435565615432 0.46251785523077
0.722909994493492 0.0451171732744691 0.199767065454722 0.0322057667773163
0.325254324994561 0.130756805472954 0.186567567988241 0.357421301544245
0.0811583739607401 0.151414270671306 0.400903882141015 0.366523473226939
0.114890603156092 0.322586906027134 0.00968926990708823 0.552833220909686
0.0239698729671652 0.426814332024676 0.50581931737601 0.0433964776321486
0.285916404943798 0.289137888334572 0.349533954770449 0.0754117519511805
0.0217948437913509 0.0207103509208701 0.565006235335583 0.392488569952196
0.138079625651827 0.0634116099151143 0.419989873518555 0.378518890914504
0.328090715904949 0.359764462316141 0.274028490678547 0.0381163311003635
0.14150298047353 0.280143453974794 0.323098266011331 0.255255299540344
0.133458900438126 0.275271622434219 0.365089198389858 0.226180278737797
0.485714660735146 0.330744279128118 0.092090902493426 0.0914501576433102
0.352164818839568 0.0728721961831025 0.447052563081342 0.127910421895987
0.469763589557479 0.293790451975517 0.0538689449437407 0.182577013523263
0.126655807203777 0.416872385256183 0.106472248624775 0.349999558915265
0.183927881484852 0.190938023566141 0.488000343303308 0.137133751645699
0.317564296177047 0.0322363297998916 0.029559313189332 0.620640060833729
0.462707454488341 0.0650006317305682 0.136804318477534 0.335487595303557
0.464709615871244 0.257940359092049 0.150843046750946 0.126506978285761
0.2858889086275 0.151517629976612 0.36775081653174 0.194842644864148
0.132165259855476 0.243275983064251 0.28818673112963 0.336372025950643
0.280056560711392 0.0617893760698566 0.311589774344706 0.346564288874046
0.395058648713745 0.0249038482408244 0.481280313294076 0.0987571897513545
0.0636954387904371 0.337402638186108 0.319719128649018 0.279182794374437
0.127930454956706 0.163817694959871 0.321002909527728 0.387248940555695
0.317526765532063 0.0773852494390889 0.316473698173132 0.288614286855716
0.289080210149941 0.038834844262816 0.254406849647819 0.417678095939424
0.249264614672224 0.278873660426764 0.333388754005383 0.138472970895629
0.214653820907725 0.193701306805897 0.167264281446497 0.424380590839881
0.358450897318241 0.28911504153289 0.120152069445176 0.232281991703693
0.202167722043197 0.29848738288293 0.274379895777164 0.224964999296709
0.267920592553008 0.265028619990892 0.294634881256569 0.172415906199531
0.0910744209803281 0.597083036614217 0.270315254909192 0.0415272874962636
0.208281226089793 0.270603493160929 0.0799351586278188 0.44118012212146
0.11136192879813 0.225300302196706 0.255287041718932 0.408050727286232
0.145224204278907 0.0868045178612487 0.442185391224735 0.32578588663511
0.248340100031044 0.0951332328439602 0.2547879815711 0.401738685553896
0.0187592925940851 0.254601680680588 0.559206826102114 0.167432200623213
0.062855994791116 0.170211629970491 0.177165849516732 0.589766525721661
0.148985168784458 0.370439225886479 0.222205218523414 0.258370386805649
0.367699143495561 0.201591627194267 0.0155962712691633 0.415112958041009
0.209574189252558 0.368353148291656 0.142038552740443 0.280034109715343
0.145197533870248 0.304945771139954 0.323196856010637 0.22665983897916
0.286409477136175 0.318687684846282 0.178161001365702 0.216741836651842
0.314853291790709 0.321235433016828 0.289719830431717 0.0741914447607462
0.00423827252041514 0.15546132357195 0.430179625941704 0.41012077796593
0.165546072480056 0.291548609544327 0.340568552356942 0.202336765618675
0.140948599767084 0.607391673719698 0.248163056478678 0.00349667003454046
0.375441743077572 0.393363599371056 0.0592663212285816 0.17192833632279
0.334772735736463 0.244523698224391 0.155455689671392 0.265247876367754
0.283614648299262 0.335921279456388 0.0818621134029667 0.298601958841383
0.360793702414709 0.298065444157328 0.0840241277747631 0.2571167256532
0.246596035230153 0.231010957977656 0.265324494866226 0.257068511925965
0.349006953549294 0.128826207767898 0.224938168848705 0.297228669834103
0.183557482604846 0.39836699671481 0.0653252831245542 0.352750237555791
0.0200465992495246 0.140278746390285 0.270246243553005 0.569428410807186
0.187596937189668 0.0993170844731058 0.0248213003206035 0.688264678016623
0.254344678663135 0.457140516104004 0.0977431761234379 0.190771629109423
0.589191073009898 0.103521679867108 0.08367370643471 0.223613540688284
0.231472736131899 0.3115937690643 0.247050374366319 0.209883120437483
0.210301415834151 0.0819275037455791 0.109672579983118 0.598098500437152
0.262237393590953 0.213120070980585 0.255727674314112 0.268914861114349
0.113315637946757 0.294000930673116 0.0102358026327995 0.582447628747327
0.183159168747574 0.587704955270834 0.22000516246991 0.00913071351168178
0.441019032832434 0.0396106688841564 0.193244168245853 0.326126130037556
0.238323501582209 0.181513259129348 0.305994797147433 0.27416844214101
0.236157758926708 0.244169949572108 0.329257757935034 0.19041453356615
0.326389427258897 0.108279630592793 0.481215306121957 0.0841156360263526
0.0690051633782123 0.35740541322428 0.314393930092235 0.259195493305273
0.294675557012874 0.0484725243176346 0.299427779230324 0.357424139439167
0.158400760466345 0.362443324930184 0.261492639512732 0.217663275090739
0.114131554489286 0.606508811326191 0.194433463207592 0.0849261709769314
0.285273761707187 0.222087120894967 0.42884939744693 0.063789719950916
0.188296294199018 0.240926198489236 0.221908398266468 0.348869109045278
0.370760364246334 0.421931377098103 0.0605383956196675 0.146769863035896
0.00497955319083198 0.111705335610112 0.490599182525581 0.392715928673475
0.226804940708547 0.163347762522656 0.213974917054791 0.395872379714006
0.0708016322787422 0.308686461545763 0.269705152307447 0.350806753868048
0.48678845735373 0.289718832514138 0.0809338147992435 0.142558895332889
0.4578575812031 0.0336153300380796 0.321203870418226 0.187323218340594
0.344364661910981 0.265771669396765 0.278112364344644 0.111751304347611
0.0404449612615074 0.147102666466006 0.365391843014023 0.447060529258464
0.181798219177579 0.371510838393444 0.266236162686083 0.180454779742894
0.339557161185644 0.243012488897293 0.230330823639524 0.187099526277539
0.220679980703019 0.100943485778363 0.0713716370530396 0.607004896465579
0.412574136248835 0.260603557704289 0.310857508043168 0.015964798003708
0.423596996905649 0.224322936576628 0.300305295301374 0.0517747712163491
0.0232394630168816 0.748876369804084 0.172664302375676 0.0552198648033585
0.17159205380159 0.340494272999188 0.152692910915076 0.335220762284146
0.00349509498347474 0.302161076280097 0.356542995273978 0.33780083346245
0.366764626547681 0.0136593755797803 0.190028857174568 0.42954714069797
0.337221447370375 0.293033286201366 0.140619573441672 0.229125692986587
0.068957205103306 0.283388522790433 0.104599748685334 0.543054523420926
0.330976445255419 0.439649736079449 0.0356461990416352 0.193727619623498
0.268987527316336 0.435585603282573 0.131144137809364 0.164282731591727
0.476010071356078 0.417262284998782 0.0238582842884406 0.0828693593566998
0.0464826389186783 0.085666379464223 0.589021154829784 0.278829826787315
0.0772374646128848 0.262908126296423 0.33434365400754 0.325510755083152
0.358207779451335 0.150915692911504 0.289621322586749 0.201255205050412
0.266946534216003 0.0658210401979649 0.315085020459886 0.352147405126146
0.128665966820783 0.331224860226852 0.478131905759279 0.0619772671930861
0.377551819335818 0.00664364721921571 0.221753586091526 0.39405094735344
0.458706553366294 0.100866088322026 0.298851077859221 0.141576280452459
0.411758647087553 0.0119913313510708 0.438970797332932 0.137279224228444
0.238777450494348 0.292754825489251 0.374150984068751 0.0943167399476505
0.593221481773505 0.0928300634068918 0.0364333615575856 0.277515093262018
0.311474296399669 0.383682749042334 0.256869240894603 0.0479737136633942
0.222727240264072 0.142587715447909 0.621154196725398 0.0135308475626208
0.0214283775495267 0.40387628611499 0.562669397860381 0.0120259384751022
0.0418379479538871 0.665322250180097 0.131413527739601 0.161426274126416
0.0859602926646053 0.168899323592319 0.346829200929093 0.398311182813982
0.242477026459005 0.0308216871149346 0.38336659031328 0.343334696112781
0.285627353588838 0.239453318641888 0.187064584879714 0.28785474288956
0.234740551961233 0.335159528033083 0.401573916579605 0.0285260034260786
0.242290261672267 0.264463445415786 0.319592029151814 0.173654263760133
0.22214831909806 0.185847239407302 0.192655245736367 0.399349195758272
0.321668857934802 0.104994171010584 0.57232481289774 0.00101215815687351
0.126126695679616 0.134366057299859 0.588247288556222 0.151259958464302
0.0117147820318039 0.440909874076206 0.4605817490938 0.0867935947981906
0.210140530840795 0.392065373217588 0.151693219543995 0.246100876397622
0.136845538792723 0.30469848105911 0.309649258094265 0.248806722053902
0.0198652183680544 0.195987402087259 0.460777342740587 0.323370036804099
0.101596600684091 0.272658045876222 0.257237841238236 0.36850751220145
0.294563608208176 0.356046827243299 0.0279442951205423 0.321445269427984
0.052328105498782 0.368403800625691 0.421736754364036 0.157531339511491
0.405586143956278 0.272685357091595 0.182906242795331 0.138822256156796
0.235651046654807 0.0464188702834476 0.474020544457551 0.243909538604194
0.456902773362303 0.382840679971646 0.0827518818695784 0.0775046647964718
0.149522020117828 0.226900130363033 0.234090101426561 0.389487748092577
0.0996898487867593 0.418342005864792 0.0454323839026774 0.436535761445771
0.394243238534631 0.082318338697872 0.439154468743998 0.0842839540234985
0.182490080911597 0.286236719251221 0.259222440903655 0.272050758933527
0.261792314810348 0.015081066728338 0.394166632290075 0.328959986171239
0.347683891329607 0.278503735530283 0.316334607811879 0.0574777653282309
0.356233750838394 0.338266531662057 0.129355475882199 0.17614424161735
0.293254068811518 0.247803452521909 0.26136995085475 0.197572527811823
0.0204607192574771 0.711298316273103 0.267887267938438 0.000353696530981338
0.240270691823375 0.372201439287831 0.146709216952517 0.240818651936277
0.206000292258235 0.253947161309042 0.309604154059256 0.230448392373467
0.0758921123214799 0.386157091657862 0.387201684220525 0.150749111800133
0.320554514183415 0.466315160940492 0.191703490342955 0.0214268345331379
0.42025056158415 0.371940578242444 0.0983015323443296 0.109507327829076
0.377570586089936 0.0639012958450748 0.305449179907057 0.253078938157932
0.0282760862112087 0.0830201900275206 0.52515625047014 0.363547473291131
0.0897571204390068 0.274665471633586 0.185223809732195 0.450353598195212
0.372223767482748 0.337464819169451 0.017881842668448 0.272429570679353
0.211466836793527 0.258961579235465 0.475276599189462 0.0542949847815456
0.169348924774596 0.238208994955843 0.268623991679924 0.323818088589637
0.291191704927483 0.252136558896697 0.137488611289616 0.319183124886204
0.350191193328252 0.273577545810358 0.193343673912597 0.182887586948793
0.0476639471691061 0.0795387782552306 0.493516009375305 0.379281265200358
0.364559884256435 0.25808702255307 0.194092840474295 0.1832602527162
0.285346569849454 0.284804292375138 0.171067635455286 0.258781502320122
0.263593276008776 0.130650023674786 0.416315990240283 0.189440710076155
0.387231030768268 0.32377490173796 0.0978562008389009 0.191137866654871
0.239449533570621 0.188607300639527 0.388541367200415 0.183401798589437
0.847503032157969 0.0413690926878564 0.0623981362491222 0.0487297389050523
0.303714036345595 0.0192270030580814 0.396758521916491 0.280300438679832
0.200601662511304 0.640839473630516 0.00285742261498285 0.155701441243197
0.124958533003829 0.367259889145786 0.210053413411606 0.297728164438779
0.39974288913666 0.0147412399292124 0.154683115127782 0.430832755806345
0.371142782917015 0.00308640928137818 0.424302606562044 0.201468201239562
0.266007644518243 0.307856052640819 0.179824444663482 0.246311858177456
0.285303819051255 0.112204686723876 0.328694992222264 0.273796502002605
0.318936594912393 0.130094715735923 0.126993556308956 0.423975133042728
0.389984141643949 0.0122215168791643 0.23403888201283 0.363755459464057
0.337948341124348 0.302331899032637 0.14135467726562 0.218365082577396
0.180248323109559 0.180116857974398 0.105442979968782 0.534191838947261
0.352009672623755 0.186053081524588 0.240763671501816 0.221173574349841
0.21580360488396 0.22682657850521 0.215912706343247 0.341457110267583
0.234352537605778 0.340849052672855 0.0961527736826462 0.328645636038721
0.375132469472801 0.436873502757936 0.0171753230147764 0.170818704754487
0.231615423329884 0.016629042481655 0.348967690623298 0.402787843565162
0.33609769791814 0.11916377467229 0.296788704108553 0.247949823301017
0.397705064698762 0.411915368219513 0.0240208134518405 0.166358753629885
0.119813964358211 0.488885886635077 0.244103830934002 0.147196318072711
0.183741086680174 0.436247667524712 0.0811477419518722 0.298863503843242
0.105645833975937 0.0481117596649322 0.543959710513877 0.302282695845254
0.102834571281015 0.0333255034294166 0.472803655185906 0.391036270103662
0.250733071287706 0.28691189239861 0.240313300506998 0.222041735806686
0.0779444184268967 0.59111018986588 0.1574645391218 0.173480852585424
0.310060212170505 0.509756330362037 0.130368097422131 0.0498153600453274
0.269612390175199 0.146217871105021 0.313421533526367 0.270748205193413
0.375990074181795 0.0710532908032704 0.252533381870674 0.30042325314426
0.152647883623274 0.165708325298299 0.324205757544984 0.357438033533443
0.123154154370857 0.256590244449051 0.18036972318562 0.439885877994471
0.345257414768824 0.0198523961166654 0.472762364261988 0.162127824852522
0.0734033165022902 0.484296828873341 0.372549888093445 0.0697499665309241
0.281564255068247 0.15781122315035 0.450347626101492 0.110276895679912
0.135269579136315 0.263457552540791 0.362952275323489 0.238320592999405
0.17539734903353 0.244383692106235 0.342945822098477 0.237273136761758
0.0577851639789935 0.819302947921113 0.114735512755834 0.00817637534405936
0.0993373426533823 0.220625766356841 0.319525486284167 0.360511404705609
0.327467139943614 0.235996856840711 0.302097684659997 0.134438318555678
0.044298405586659 0.0867987389589638 0.398350148555657 0.47055270689872
0.278477102626465 0.168967737590541 0.305884110447151 0.246671049335843
0.247874042967402 0.306585065302445 0.0778293228536307 0.367711568876523
0.259304203324458 0.0970430047978622 0.311053928252962 0.332598863624718
0.369395604332212 0.246768333843241 0.0786988524166379 0.30513720940791
0.0208713588914691 0.123429164972831 0.35743340741242 0.49826606872328
0.413118275818721 0.170168977132949 0.135158185315557 0.281554561732773
0.0876657641161445 0.476991363599181 0.401687331615232 0.0336555406694427
0.0984196155205059 0.445936374521938 0.038764986798806 0.41687902315875
0.13538394752382 0.257498201456834 0.256288452452441 0.350829398566906
0.195165665332677 0.170793108403065 0.273885245260712 0.360155981003546
0.213443276873087 0.166619652770537 0.254870963412771 0.365066106943605
0.187598087811683 0.258562097375704 0.224948493665197 0.328891321147416
0.319224492729503 0.313184254216358 0.0857936027698536 0.281797650284286
0.281199273636573 0.0416241642935599 0.346577245643693 0.330599316426174
0.129571939797625 0.264613648531508 0.414006084986513 0.191808326684354
0.410654094504267 0.304328991423573 0.228756931093638 0.0562599829785223
0.138155884656273 0.166651669840739 0.319796847379792 0.375395598123195
0.543726280965485 0.0193322192549604 0.305813094922074 0.131128404857481
0.19579837562745 0.0514799925110466 0.336922573071609 0.415799058789894
0.433482923191184 0.0673396188397823 0.409046266272956 0.090131191696078
0.422658418487059 0.346769022548394 0.14132857331662 0.0892439856479271
0.317474426124472 0.299767938198152 0.33907452496346 0.0436831107139155
0.370934882928732 0.303701714212184 0.237101169209866 0.0882622336492178
0.259618477570999 0.0265822970262215 0.110390069975973 0.603409155426806
0.371429899712735 0.377782805128612 0.239462584065616 0.0113247110930368
0.229447314828363 0.471696048001869 0.0751869072240759 0.223669729945692
0.340913863639101 0.222060780659847 0.273580678241776 0.163444677459276
0.38090609230061 0.280560246617567 0.0792495805627589 0.259284080519064
0.288215196863262 0.3599362394066 0.274420785167474 0.0774277785626631
0.23266810557899 0.324395756966868 0.125894816677749 0.317041320776393
0.135994324896872 0.396867345684827 0.0212592743929395 0.445879055025362
0.174267172108712 0.163007240646845 0.660060422492521 0.00266516475192181
0.26632487057392 0.193009495934173 0.309244872919856 0.23142076057205
0.272181697147363 0.106441385255986 0.395757891515436 0.225619026081215
0.498664828165505 0.105844533836147 0.0845532929148143 0.310937345083534
0.198544576252967 0.134054627600508 0.336488779056858 0.330912017089667
0.238334340254814 0.140394206630043 0.323286176976473 0.297985276138671
0.287148458971333 0.242304412996885 0.348447952407462 0.12209917562432
0.24834525851758 0.022010518296335 0.456121770619293 0.273522452566792
0.284865686092559 0.198116236392658 0.112316804197729 0.404701273317054
0.17453222561918 0.366279811200322 0.232159550649501 0.227028412530997
0.423059065647963 0.0532137547351799 0.16020042972333 0.363526749893527
0.201024767065654 0.447009704704888 0.293542854910752 0.0584226733187064
0.247173231972852 0.0102161374533113 0.37999003024179 0.362620600332046
0.152982334615254 0.336972108611896 0.318097300990527 0.191948255782323
0.166057292653666 0.247550865993768 0.242684874602149 0.343706966750418
0.334669302669531 0.307497742855903 0.228569397610669 0.129263556863897
0.313294387062915 0.110200577377692 0.393622858514013 0.18288217704538
0.237182047673145 0.0840450353857462 0.352142162342252 0.326630754598857
0.25105437040973 0.280414824759128 0.213840387977478 0.254690416853664
0.122265268940768 0.114388639016929 0.391999247983048 0.371346844059255
0.328447821818459 0.0916535487308651 0.297191455871712 0.282707173578964
0.235647190134644 0.313728345863644 0.0665827576881127 0.384041706313599
0.489603700558521 0.00374984472660521 0.0652339968645323 0.441412457850341
0.0299361938920306 0.476959346703183 0.366705495404381 0.126398964000405
0.149392220057027 0.433196664223043 0.108590137470466 0.308820978249465
0.196256898156677 0.153010467798926 0.311509849473097 0.3392227845713
0.440900147870797 0.153059413429172 0.118192067871251 0.28784837082878
0.0435755847829928 0.2492583937933 0.570878931426994 0.136287089996713
0.191624920948331 0.182055774162654 0.379281892617672 0.247037412271342
0.358455701805738 0.199630523251988 0.284927517837071 0.156986257105203
0.0808318789272435 0.416087610498655 0.256691790294507 0.246388720279595
0.333562824537506 0.0878096386305063 0.484554813931593 0.0940727229003943
0.31637267276969 0.44537049222355 0.119158645931145 0.119098189075615
0.324537733563202 0.287438208719972 0.24169853769958 0.146325520017246
0.0604077068782162 0.756637482368325 0.101762313561934 0.081192497191525
0.0443407553991964 0.906527148951439 0.0126057570627825 0.0365263385865819
0.124270297861883 0.35538624326185 0.433349165106411 0.0869942937698553
0.231884632007273 0.219963628369788 0.270712924984 0.277438814638939
0.0390269505691505 0.387342389228397 0.459586493848064 0.114044166354388
0.393500549649516 0.204337536625274 0.187511445464521 0.214650468260689
0.0896009223092744 0.330596750057597 0.360913586659184 0.218888740973945
0.253098966870346 0.0335450987069504 0.0808754799680593 0.632480454454645
0.238609600191262 0.232144645585057 0.202634025397444 0.326611728826236
0.139376230303953 0.307169148240595 0.418849209544597 0.134605411910855
0.112984945420943 0.540821184306246 0.150193931611417 0.195999938661394
