0.191508175268598 0.091545456930846 0.125135475979506 0.208958852721482 0.124297019818486 0.152623385251122 0.105931634029959
0.169670645303121 0.237308667344262 0.288533512081583 0.0492364616084381 0.0847959975802661 0.0723473378898902 0.0981073781924389
0.174998565397592 0.0306726116511747 0.19284936367349 0.159300084743595 0.208075919437987 0.0667591408546644 0.167344314241496
0.295829004080006 0.163971610365215 0.167132145586119 0.0466401855075363 0.0687405292322801 0.116738382380568 0.140948142848276
0.130571023257111 0.329276333090362 0.0772688459256985 0.0321561429531127 0.0024225694610303 0.345443391519595 0.0828616937930905
0.182580467328899 0.215453549189626 0.149373249335923 0.133827815392029 0.023559024347896 0.176663380183523 0.118542514222103
0.165168141066753 0.124242095582741 0.10468692801275 0.148151133282884 0.177018626207943 0.131982946616587 0.148750129230341
0.277093407270518 0.267240758899797 0.0648090014858506 0.00488259014478204 0.196125790984651 0.0492435258244039 0.140604925389997
0.0874450438083278 0.153599263358246 0.0906081334507015 0.149296153294063 0.153559903682068 0.18445066320321 0.181040839203383
0.208228844405399 0.109739177003563 0.236926186153627 0.0145371888677963 0.140780240460169 0.256089779267235 0.0336985838422112
0.0594492832213915 0.161034885344668 0.223799555763439 0.145441187344774 0.0474226166613824 0.166305694209411 0.196546777454935
0.120393663080524 0.188435631395689 0.163152170304244 0.254380187502034 0.0722583367647537 0.0550881005540957 0.146291910398659
0.147020387851487 0.17044331423001 0.123322537873179 0.167215821415656 0.021929948430265 0.226177481347178 0.143890508852225
0.22600370525893 0.150015012775011 0.17325133408957 0.154179567052452 0.0590065513977046 0.011235542943539 0.226308286482793
0.00128397675940826 0.0429022270800346 0.0648622464890938 0.229156672383662 0.268126208549891 0.151250318407718 0.242418350330192
0.213361437260461 0.149249186660087 0.1684740468609 0.0824744853790806 0.186507205756982 0.136324330200528 0.0636093078819611
0.00637752761042584 0.301273622386074 0.282252693124697 0.125275869599748 0.0618293292174237 0.117854508664401 0.10513644939723
0.0773516528523649 0.197932685309654 0.15957194151174 0.159273497665704 0.0972993656274827 0.123896473516114 0.184674383516941
0.366623090648144 0.155617480233341 0.076735217655544 0.0463953291760444 0.0131986999111178 0.271014883741918 0.0704152986338912
0.141175136796693 0.0862520963795086 0.154327316935158 0.276188462321094 0.0637950082193064 0.264269320591778 0.0139926587564624
0.2226981447438 0.0954534909677284 0.1159369525232 0.23529854461451 0.125382240865417 0.0158427663646887 0.189387859920656
0.200903383784829 0.137766168300576 0.0906841484507072 0.089580466916213 0.138200886430867 0.144704153225424 0.198160792891383
0.0521111789653344 0.114989079078971 0.157508396930308 0.0876830989994105 0.136168359359087 0.312743444085753 0.138796442581136
0.122270793957745 0.26232750878851 0.143502244256435 0.19935509102882 0.0364420704534119 0.179846845913409 0.0562554456016696
0.0119926283187828 0.251992478265712 0.0176403555358041 0.179185948619171 0.256260936191211 0.195812314158655 0.0871153389106633
0.0634976370051102 0.0158059563078853 0.2042960386703 0.222584347849149 0.143821210000237 0.221904526257161 0.128090283910157
0.0163029577666626 0.0601620224573588 0.140660134671451 0.122059968737195 0.201570084930501 0.248759099296754 0.210485732140078
0.180348264469107 0.0913876769224127 0.0504906414032714 0.399957615225429 0.0421951433680982 0.0866578296883281 0.148962828923354
0.0305530441723348 0.283666040870889 0.0780796226185415 0.213333939121033 0.244005884878341 0.0667585116264637 0.0836029567123971
0.034587013685396 0.194097118853382 0.0661975810175208 0.214923788395859 0.222914636910334 0.0263285550930321 0.240951306044476
0.00750610796650151 0.122732489841617 0.251376062272573 0.305094535468759 0.0561137391330059 0.177536519111354 0.0796405462061892
0.203839656419909 0.0552675136017078 0.18163886515473 0.106413389979835 0.0565886598377283 0.192261493868987 0.203990421137103
0.00415606276088294 0.0516704366617948 0.160379726058906 0.169082883200948 0.206125449116897 0.222585854057831 0.185999588142741
0.206108487719326 0.216060907972001 0.018927692026681 0.0665513574044275 0.0913853871984693 0.165741395651876 0.235224772027219
0.106692970822335 0.210327618034507 0.0217507398479811 0.125134603807526 0.215660241268513 0.190885117982177 0.129548708236962
0.231106038500298 0.216521075596769 0.146823476585301 0.210874870506361 0.0434625582881912 0.0651552563030637 0.0860567242200174
0.0820197048383323 0.0993335032072389 0.0695909443152728 0.219213754074355 0.136459274612037 0.232554517244826 0.160828301707938
0.322096399031949 0.0679764222702754 0.000172540215326135 0.0740748732304746 0.35072545536451 0.115909093440594 0.0690452164468709
0.197504399791947 0.127083756622897 0.125412067232631 0.283607654004782 0.124285288074201 0.0175298302817991 0.124577003991743
0.204177003230552 0.010788788289184 0.231480178330264 0.0918789375961355 0.139325682100422 0.199116070865279 0.123233339588164
0.0186746754228401 0.256140843137928 0.0944403618818313 0.0156147847741416 0.211026234228449 0.0854667541573095 0.3186363463975
0.16044911772627 0.0972261971505567 0.136575033539251 0.176069913819361 0.176269691544597 0.132016335473823 0.121393710746142
0.160066019447316 0.0403308471720291 0.169239369111785 0.0538752188877008 0.164477580081123 0.32127984951505 0.0907311157849962
0.232452460806305 0.245438730331244 0.063606630706066 0.050570082990968 0.169700297920318 0.186368402230156 0.0518633950149432
0.0116161675352367 0.101982002389267 0.196453563098053 0.235596062393168 0.114848256203662 0.094925878180988 0.244578070199626
0.151609073155605 0.0956544258218094 0.1521357493902 0.254869630719175 0.0835022781382666 0.119303347612829 0.142925495162114
0.143396685472832 0.056349829426705 0.19707922880385 0.160986741444681 0.0871360149458036 0.0543374348015468 0.300714065104581
0.292982115955723 0.191402732067199 0.246207294409083 0.114619373712315 0.098265227931918 0.0237190057203602 0.0328042502034008
0.0782765067526381 0.190007178488278 0.164358910972034 0.172829554427768 0.150897530145482 0.0652429434969683 0.178387375716831
0.0796878661306941 0.197403752450447 0.234996371186542 0.179295745186104 0.142503423963308 0.107200154626473 0.0589126864564306
0.0750554985456515 0.166640972579887 0.168531358183069 0.160073446276522 0.113058809102583 0.0903041050445325 0.226335810267754
0.215189643836689 0.225216282062097 0.0771866281437009 0.152735609031975 0.206969491308676 0.046411288737555 0.0762910568793067
0.152217480161785 0.194258973538047 0.0123847847906844 0.176769331362743 0.132907889627605 0.122061205123125 0.20940033539601
0.110614496954668 0.187273845355003 0.12238435985845 0.214929025634601 0.179136222838351 0.000725778314900673 0.184936271044026
0.182545633194737 0.201834636034656 0.0312979494202273 0.0260399920312947 0.232120362643844 0.258694060653143 0.0674673660220967
0.231341616629757 0.123093579074901 0.0221438938654226 0.172637525763674 0.154349636522068 0.122046405870928 0.17438734227325
0.0963913828969446 0.177136765628508 0.25031151274103 0.0978120222522474 0.0638167410849568 0.269740424013614 0.044791151382699
0.211102464485374 0.122800138137845 0.0332617123949547 0.274932312036523 0.129919040420162 0.0433196145834096 0.184664717941732
0.0702235115210395 0.209571994359332 0.149289078548127 0.050223617855868 0.352878162930002 0.0719499307723119 0.0958637040133199
0.0845221929905037 0.222693212247577 0.0707706970114002 0.0192131526187493 0.210067119207158 0.175036368828271 0.21769725709634
0.0595820969839802 0.175986719161102 0.0340063847296691 0.234919774969964 0.0940312759122315 0.20727793781622 0.194195810426834
0.000909056931550245 0.104968677165392 0.158504400237285 0.176677575466517 0.162148898813891 0.260423180738885 0.136368210646479
0.131048401271659 0.0755293387295759 0.218620322142516 0.0886658991393565 0.206096003368998 0.131314577018129 0.148725458329766
0.268943730229118 0.0668993653551471 0.0374228822849212 0.232036370915378 0.0681325791834479 0.210241422671422 0.116323649360566
0.141152887893362 0.0669999617966104 0.26041809492737 0.11191462362847 0.0445198079150748 0.232746179956739 0.142248443882374
0.191687183814063 0.153014308609445 0.122798656414275 0.10473749378687 0.179201186503678 0.0201695159443204 0.228391654927348
0.188575307555264 0.129500739990297 0.0678010176095953 0.210230180772636 0.213201213688405 0.0095447991709403 0.181146741212863
0.22591141186192 0.230581568643909 0.10621534797801 0.00952478907281674 0.0659902694081024 0.205693358965297 0.156083254069944
0.164971360265129 0.144982117695579 0.0174080590764425 0.195997028716804 0.182363675604984 0.14032603068478 0.153951727956282
0.177451745073916 0.0975218045487461 0.112363446322481 0.164017439382759 0.209236350365519 0.118594020023033 0.120815194283547
0.0495112501334987 0.0130841230369667 0.176296204857303 0.187908874452107 0.165967699096011 0.178699324295324 0.228532524128791
0.120297813794169 0.00446016530828493 0.202119961956857 0.35557541134251 0.156327715404525 0.0267360638626288 0.134482868331026
0.107016843781484 0.234305339097722 0.109476473305137 0.171583778429574 0.185235140880865 0.0932874122009279 0.0990950123042912
0.144806096427207 0.233542232146757 0.0440183203194521 0.120025726529782 0.228334410230248 0.0994200023833345 0.12985321196322
0.280816637919272 0.294418657659478 0.1472967199055 0.0672535853424335 0.0587891968781354 0.0341165834191094 0.117308618876072
0.263278276763311 0.164258761531892 0.244637308358269 0.181403466764316 0.0562408250652887 0.0607929499094808 0.029388411607443
0.179982164036044 0.180842049457806 0.187846126028147 0.200720972198435 0.127119862434467 0.0668263055301763 0.0566625203149258
0.206018513441202 0.24600663761397 0.114065587141649 0.0930737380515097 0.153354661654613 0.00481363461039278 0.182667227486662
0.165130554990125 0.109978113934662 0.214141487393016 0.0373577233860944 0.240310528188642 0.0483434790003104 0.184738113107151
0.149342172411447 0.133013243046135 0.266656989098706 0.208057348494439 0.149529416519683 0.0440760421670744 0.0493247882625153
0.109827362322303 0.275020239261719 0.214134999987391 0.0494846969270581 0.325640088606508 0.00876161645847575 0.0171309964365451
0.0293597508275968 0.149969544045739 0.194829893466096 0.197881332741552 0.203827275381276 0.205192063040851 0.01894014049689
0.0958201396248323 0.0620396538653218 0.174700852789224 0.167804047508873 0.0638306157311217 0.20186627778053 0.233938412700097
0.241162878824223 0.017783618484008 0.216518890536623 0.236402734886961 0.071547964927264 0.177415757938507 0.0391681544024138
0.23886315495695 0.206545876782137 0.0327895758649212 0.146677148104108 0.0673898341540143 0.155145023333631 0.152589386804239
0.169954317814867 0.086262798342199 0.0861463550525208 0.065383841720566 0.0323520247695294 0.38356452737812 0.176336134922197
0.258786921363071 0.463922172029019 0.0597182823339264 0.0275536013159703 0.0806856738049125 0.0266742110389557 0.0826591381141454
0.170191003569765 0.0491455890275015 0.142241340587875 0.0608859847416101 0.210576717369107 0.0688081373376409 0.298151227366501
0.187549037626083 0.161871957783709 0.153205847225492 0.135086656805126 0.168395508024371 0.122127612924366 0.0717633796108534
0.270978504492242 0.21271748824898 0.0155249766819619 0.137375686864546 0.0193545597584779 0.0320866045628793 0.311962179390913
0.00387263060960183 0.243152752071448 0.101748400956046 0.083705061975046 0.305671146760351 0.23496980138744 0.0268802062400676
0.134865686850727 0.0108402502793181 0.112501691984753 0.188809008759925 0.198410824458063 0.152938603282852 0.201633934384362
0.191075891328165 0.0850568695456342 0.15157156508727 0.161900046632769 0.181080172040292 0.191434619828371 0.0378808355374991
0.0123836743273824 0.076834020051231 0.221145143137766 0.172925079170182 0.206168526237386 0.249104506155771 0.0614390509202812
0.283393072001791 0.197570614872359 0.150610021066149 0.220211077027817 0.0414474654949744 0.0245093082942003 0.0822584412427094
0.00669648611379355 0.149564912432262 0.241895730651492 0.163654659016175 0.148107953030699 0.257585352805414 0.032494905950165
0.0624310726078242 0.116438997651559 0.072601316974071 0.0534902832344685 0.108095159109465 0.251663131855764 0.335280038566848
0.174412131823994 0.11882260388284 0.11974262002945 0.0884582394882107 0.221761546525268 0.199763446557507 0.0770394116927302
0.210100076041724 0.0306208223537241 0.222603927858575 0.0915842977029218 0.107354340349487 0.00804643412671477 0.329690101566853
0.104017821157236 0.217578533918202 0.168912466196778 0.0291184202635228 0.269587656970435 0.203108536010591 0.00767656548323451
0.213172955002599 0.160312917460408 0.0089227226503296 0.178286480784838 0.123814020553786 0.130204552236609 0.18528635131143
0.0451283465881532 0.268560023877393 0.110526818377544 0.197825591076208 0.00280090948775622 0.199562141768274 0.175596168824671
0.0957309249148398 0.131251382828115 0.149558894923583 0.220650148210878 0.228758555445356 0.117278375239048 0.0567717184381812
0.0161600213509395 0.236965687379311 0.0334502950329018 0.256951923217863 0.0464518031787946 0.219448286983478 0.190571982856712
0.21980450298462 0.0356176431435501 0.0127322327815516 0.230978781955315 0.221662549485485 0.120066858207635 0.159137431441844
0.0390121660013261 0.108776267358912 0.36558406220359 0.192070610091127 0.0189789102863205 0.25566432576277 0.0199136582959534
0.0781925426037682 0.207517930974816 0.201245315126591 0.0911599090085226 0.17125987019473 0.0504435860664057 0.200180846025166
0.104378406119177 0.159615959413236 0.095898995565103 0.0230889191575878 0.187927225780115 0.221898478479254 0.207192015485527
0.0448578701508984 0.0333834134168187 0.0979541098784037 0.114579277108916 0.216605581946535 0.199482529852698 0.293137217645731
0.0445717833670955 0.17902957596988 0.0529742656729456 0.112191526858405 0.146190680838166 0.225393310491771 0.239648856801737
0.019361046267289 0.215408635764161 0.177627835394067 0.156966832586711 0.0265146501437752 0.206317005533887 0.197803994310109
0.172168616118125 0.0927083670422064 0.114538009644096 0.142846481393012 0.140800449213943 0.151701290244009 0.185236786344608
0.225080915443345 0.0967368252298911 0.17307718530378 0.00481919177897771 0.0733356655604331 0.18642147972567 0.240528736957902
0.117082034943718 0.139236161519043 0.125414809623469 0.151995697485183 0.155782435127296 0.195092228411873 0.115396632889416
0.00971542706502669 0.0914735422105576 0.281756942184959 0.00317698647273978 0.00290711087542747 0.28682267113525 0.32414732005604
0.15605148759015 0.210851195224293 0.0428490349851437 0.0864068798899402 0.196759865190319 0.0994522073004513 0.207629329819704
0.0371287075431816 0.17794639293291 0.153760042015278 0.222984644812551 0.168698819666465 0.0546360479865066 0.184845345043107
0.144139557735812 0.159924693908716 0.145432659149106 0.258154322230966 0.146391859074481 0.137719834154968 0.00823707374595028
0.0149138085545423 0.297035484885597 0.0762704346889165 0.218896971848353 0.153271460538297 0.0875949494020796 0.152016890082214
0.0315531335060321 0.109559743487132 0.108062686171608 0.435101424146327 0.170364960508986 0.0880343136970991 0.0573237384828158
0.107176433377983 0.140617275255021 0.171231807570822 0.0568246971401494 0.216235779430017 0.153731351007665 0.154182656218342
0.07699414392474 0.0518887416904746 0.22731529566664 0.216401147716043 0.110913827765377 0.16999428072127 0.146492562515455
0.0550457852255595 0.216437526162829 0.210145601335917 0.132906962771723 0.152622725985074 0.101930394087804 0.130911004431094
0.0231494217452858 0.18114010218369 0.235187411222109 0.195386792732029 0.0938101238473087 0.0171148012701519 0.254211346999426
0.0985525901770879 0.069156036568726 0.156240022600042 0.184912265668156 0.180705232682496 0.153740808042705 0.156693044260787
0.0896654145795147 0.234633610661629 0.204827665833234 0.129475142123861 0.26431814070486 0.0143437847892994 0.0627362413076019
0.1967171229133 0.219823878667397 0.141003466742354 0.195666896958035 0.0391368819442727 0.0263160781489063 0.181335674625734
0.11614959639698 0.160532666001269 0.223186386825631 0.0868075778824084 0.207405217226201 0.0403923831419186 0.165526172525592
0.293673254265136 0.0836075644854196 0.10110095262715 0.11165963736115 0.0975206314781013 0.103904818680338 0.208533141102704
0.157706798643916 0.164341434967442 0.100400692593843 0.115404650126882 0.143625599461078 0.165056605019953 0.153464219186886
0.194281619656934 0.233957546187203 0.0805791739126539 0.0852493338873508 0.0619491761898224 0.0895600512306651 0.254423098935371
0.159532421753069 0.235668748453633 0.116434736349963 0.0533162554928984 0.0323354544554654 0.158515808636632 0.24419657485834
0.150912718733039 0.16424324965009 0.184565938409067 0.0845551649015443 0.187372313211142 0.0289158268011754 0.199434788293942
0.273115389467176 0.00271977472908804 0.236819442994116 0.0253651490897028 0.210161735276236 0.190573131311527 0.0612453771321538
0.0154107213736051 0.182884499936184 0.235677584264357 0.171462413716132 0.212061304018006 0.0800726532460366 0.10243082344568
0.119501826828582 0.113610897494122 0.0990781662242927 0.0230123348535703 0.45075607466233 0.125594934171204 0.0684457657658984
0.253523089788515 0.147427471980712 0.0539658764659733 0.0734083461419466 0.114444708364519 0.178781011057339 0.178449496200996
0.123243755793902 0.0935780698153054 0.0907513385853872 0.146749696827572 0.316296681198557 0.202642927151635 0.0267375306276402
0.0172751300049297 0.247727173046382 0.210451621289592 0.0150766829915311 0.122505500740098 0.190882605678595 0.196081286248873
0.0997553027343807 0.0894938756795152 0.296038065819147 0.050172487737969 0.134973747499094 0.19520074739687 0.134365773133025
0.188527226312677 0.00164004353196966 0.209936044260456 0.206676150041484 0.0883723014373388 0.179061706868545 0.125786527547531
0.22141322769348 0.0761267617466773 0.171507690463041 0.185175488394753 0.0168513355176344 0.15755576269841 0.171369733486005
0.00114183344689572 0.252493732549057 0.105368309514534 0.222071450339227 0.0511713072262293 0.242347325600115 0.125406041323942
0.0886329220067391 0.230742660933656 0.0731640757839661 0.0400547794623878 0.296099259910308 0.129391761371781 0.141914540531162
0.159528973209794 0.064277568759114 0.109462779441313 0.0963873428102763 0.151937049582414 0.190988164832802 0.227418121364287
0.0124134096943274 0.0531949203924403 0.0382122689567016 0.474957478001337 0.384557335270286 0.0340127179852308 0.00265186969967774
0.0316256123550899 0.244620327346715 0.0953802234880946 0.0470910603959542 0.153669177654623 0.19387902653479 0.233734572224733
0.12147916588566 0.0899089195987826 0.23370140517077 0.169461917272512 0.0119518014981115 0.102242324459282 0.271254466114881
0.0826298732107661 0.154028746802251 0.0559847720819615 0.153013412221132 0.121340257156802 0.167315025180099 0.265687913346988
0.210116622438582 0.0576767150895859 0.0965360838423974 0.239352560107104 0.0823965124774017 0.18400351914535 0.129917986899579
0.260679146368925 0.0275398606652209 0.164876020518854 0.206533648226999 0.00578896614433475 0.0707245904666151 0.263857767609051
0.0305081133338116 0.13763462012409 0.0375927471616564 0.214051722003512 0.238108633881746 0.335730905542957 0.0063732579522257
0.25501869455098 0.00463759549367771 0.0138180806354966 0.100588515985332 0.174474109786868 0.204146923457202 0.247316080090444
0.0121369901163067 0.0551463936357402 0.209386071283222 0.126214672507443 0.142627075592811 0.257013136068238 0.197475660796239
0.129239701693713 0.0314617496894094 0.173816110426566 0.220965092116561 0.21552908389873 0.0815443280634364 0.147443934111584
0.242672222676896 0.0673044648415505 0.196895549354841 0.0293623330106172 0.162919880862151 0.217149202440272 0.0836963468136724
0.0713128614439079 0.0267404778910675 0.00828925387211626 0.284362526098583 0.143246384265883 0.159437091303036 0.306611405125406
0.117233062889957 0.18837980985066 0.187217775593881 0.137066024134895 0.114536273270401 0.0959297061137682 0.159637348146438
0.0844267405585918 0.121714349257839 0.00204979695366434 0.305293606169961 0.0269934323465602 0.32691349627959 0.132608578433794
0.0679769736733511 0.158253782919371 0.222120406431747 0.271475339057238 0.0628113598931204 0.0947192435382315 0.12264289448694
0.0844849317871831 0.126154347775414 0.241819381641671 0.161062368488137 0.126733292880843 0.206605224129481 0.0531404532972708
0.118583816862602 0.201976188034202 0.201878749771867 0.075215864707532 0.199160044480109 0.143642564212679 0.0595427719310076
0.0574810814236478 0.148594575213718 0.186332007993172 0.158219989651072 0.0815443159008102 0.173670005151626 0.194158024665954
0.00263305791190269 0.0309864236480466 0.145134884448351 0.229319631505861 0.222932924328082 0.15161916634456 0.217373911813198
0.0525014152147554 0.0276845351603342 0.224518545746414 0.151824771624568 0.181113602413983 0.165264690051687 0.197092439788259
0.171969526264616 0.131853064422526 0.0725104042472882 0.169918336117552 0.155617226605587 0.112633669850831 0.185497772491599
0.061109150525151 0.2356368299082 0.22668104136713 0.110693164895085 0.120733846500542 0.107911636273965 0.137234330529926
0.227267006227361 0.219409479431414 0.233194583613981 0.067233287281146 0.0711508541931698 0.088268941517911 0.0934758477350169
0.141027628295145 0.214088955987106 0.168709322942868 0.24619653013654 0.163987191878785 0.0431741338730725 0.0228162368864831
0.232438504000312 0.142929340489913 0.313612817272956 0.180129041264032 1.39298298572883e-06 0.0565466234672265 0.074342280522574
0.172693920041155 0.274939292149437 0.142496529246887 0.0144738443420353 0.0767719536763918 0.169431970829537 0.149192489714557
0.0815507625699617 0.263913707592362 0.0402009715793011 0.20316978089167 0.187817335941787 0.204569644430521 0.0187777969943976
0.178682779140177 0.168284766056744 0.141162114379121 0.0892097746000833 0.158137402620621 0.119187506596562 0.145335656606692
0.155545805681887 0.124429647901337 0.198032938683508 0.00202858001559603 0.186481230048047 0.188924118730097 0.144557678939527
0.114940218729194 0.19659033228495 0.144531982410944 0.122562721962007 0.225629227849017 0.127026312322051 0.068719204441837
0.0487904914222211 0.0158149147869826 0.256414581221263 0.17475497566578 0.247797144702856 0.244792409251504 0.0116354829493932
0.151870332266761 0.0152571933744347 0.0907113245516259 0.247423799510853 0.109882033860798 0.156882636751786 0.227972679683741
0.0220806445141825 0.0932141689838805 0.0548145418048404 0.152807548338332 0.205531418156839 0.385240903007147 0.0863107751947794
0.0156427035976178 0.0331329114278831 0.148240750177876 0.13481467113729 0.240393685532024 0.25049068402001 0.177284594107299
0.00921493995416881 0.250127065016575 0.0435776289398284 0.0680827859358543 0.273365684761642 0.0668757062063869 0.288756189185545
0.127963856496576 0.00646707902507371 0.259455989038856 0.240147458888956 0.103720464937346 0.116063912399473 0.146181239213719
0.182038928756378 0.159840730727397 0.192418462359781 0.011984248332294 0.159961350003881 0.138421817305663 0.155334462514606
0.192458125313782 0.122908822515565 0.196280364647035 0.170519754336407 0.11188709616965 0.141791822755013 0.0641540142625482
0.185247762778577 0.103755241669945 0.0443665523605435 0.161522622090699 0.202708617484778 0.172496104430756 0.129903099184701
0.0441116518783163 0.016648658272989 0.0979962969100554 0.178167536982607 0.204742365276408 0.239252090931268 0.219081399748356
0.263890725848122 0.0328300277340138 0.279754188429839 0.0614431260777413 0.0198363038089674 0.192909066952762 0.149336561148555
0.110683772231361 0.105548005094076 0.0869955022148934 0.145433581910168 0.232179873608189 0.131815221555083 0.18734404338623
0.154747744166539 0.170397481179832 0.00910917371754498 0.0408973538341851 0.118671487281572 0.262285367873971 0.243891391946356
0.115335106696385 0.166775805948342 0.170777905675166 0.199775801031275 0.121384664058005 0.108618034269888 0.117332682320939
0.0219148370127038 0.127506432252605 0.252915308779364 0.0453243359330134 0.226676883012732 0.156947159544642 0.16871504346494
0.172662883093281 0.0980145192596106 0.0362012404445477 0.212416671598298 0.116892388253493 0.148896705264747 0.214915592086023
0.168536967423769 0.0518370481717738 0.201370553289981 0.165646131217985 0.118325199598745 0.0939408149019584 0.200343285395788
0.148054313835537 0.26191533229484 0.187554694005344 0.0257364044763825 0.0946428383780702 0.021556012224417 0.26054040478541
0.225309088252431 0.1769220660394 0.168781848125219 0.156636626592856 0.0297910898094888 0.0177655546921719 0.224793726488434
0.198039399851869 0.126230668418303 0.0817346353093573 0.145781064637873 0.187831998359389 0.00518454885518388 0.255197684568024
0.155950006708295 0.139021933927869 0.0645540698391283 0.214929720655093 0.221358841732109 0.0642386970104025 0.139946730127103
0.000186561395348316 0.261233198506223 0.0944660668864439 0.415667938247854 0.0390127307297528 0.024030989792591 0.165402514441787
0.181610184631231 0.216524332590188 0.227109008667573 0.0302322614909561 0.0805491734775396 0.189100484773894 0.0748745543686186
0.0413221154818296 0.238005221333874 0.0498245549789824 0.00927570411169583 0.287117131201492 0.294535971361331 0.0799193015307946
0.171173120573216 0.175481011211538 0.0181967706831499 0.150254245065415 0.241148406609276 0.0743083822923991 0.169438063565006
0.107918595792487 0.155435336487588 0.0572655694783136 0.251298866100412 0.117359732706228 0.164847954983084 0.145873944451888
0.0312585131615293 0.110684795134077 0.162472741666533 0.0926992080731134 0.216723320864019 0.0798870772704048 0.306274343830323
0.237176595363602 0.0238839769647275 0.158317603664187 0.147117107230545 0.280220223110724 0.0795735479079469 0.0737109457582682
0.123553355758098 0.195779131980299 0.0751050926945313 0.0543936498136737 0.0656457137124972 0.185289936598355 0.300233119442545
0.0726271210293608 0.13490493229423 0.0447353743833624 0.238601899954989 0.215082051456601 0.119156855093224 0.174891765788233
0.0433779809673853 0.0961964337820447 0.115689711922654 0.146899097293446 0.218858638474524 0.224162694072759 0.154815443487187
0.182186896883527 0.0849619687157267 0.140441773960412 0.130750942717957 0.179925344924662 0.154876311503787 0.126856761293929
0.0641849031786515 0.209032601955643 0.163741018680851 0.200475013321495 0.148178539990187 0.119484485195111 0.094903437678062
0.186327608452732 0.088837290984263 0.311414490997892 0.0504851047196351 0.163188599896277 0.112560371433295 0.0871865335159057
0.0869504142880388 0.29859225670124 0.0559935146704652 0.249308808598521 0.0212929114878833 0.0366787162124887 0.251183378041363
0.0264945539912777 0.246746473343762 0.133074131323981 0.143115621061522 0.243957705085089 0.0700806366094645 0.136530878584903
0.0157944766970697 0.241498522250617 0.246141680553147 0.0725435905247259 0.0831186192445453 0.11430887628788 0.226594234442016
0.106098939007252 0.150869293608703 0.204280857436101 0.202188911958136 0.0507396677232928 0.0949848609712988 0.190837469295216
0.233079273994687 0.106161944738782 0.120286450930555 0.0473260895868433 0.254402660868578 0.132084038812832 0.106659541067723
0.131164146374088 0.210149311064589 0.210303812942785 0.12655093784811 0.160216254786665 0.147514972606975 0.0141005643767872
0.111068771026658 0.171966763695584 0.152819821109453 0.250906376643541 0.0193388825524755 0.0964894955552835 0.197409889417005
0.151414178738435 0.241214492854107 0.257210062170284 0.0658427863047308 0.00304981084152722 0.139716794516728 0.141551874574187
0.19894411028734 0.203198133258816 0.050569708643565 0.128891472169846 0.17557595646819 0.0712063502913496 0.171614268880893
0.122560532006564 0.096540541468535 0.242962929846141 0.152175678482329 0.112313583824957 0.178541100398001 0.0949056339734721
0.00429478293565635 0.184903517725821 0.00145822603019892 0.0598382856997456 0.324665999698949 0.241230204797112 0.183608983112516
0.168301450340632 0.157753403995858 0.140801492375925 0.173302924592182 0.178127947018998 0.0262349521340104 0.155477829542395
0.0967289258000994 0.203655951649831 0.16289485027854 0.221834328043382 0.159078652925563 0.0081140875828368 0.147693203719749
0.225233506401713 0.169220663431561 0.208720789619307 0.0791272729239616 0.0972318723249606 0.0133572377509795 0.207108657547518
0.102939357669576 0.153107213206506 0.175944963867208 0.147299842629186 0.205426064022298 0.136508283012588 0.0787742755926377
0.13416169749567 0.206335901055606 0.120890031631465 0.125188222063204 0.145460716932477 0.071575027989715 0.196388402831863
0.206473967862977 0.179760909047654 0.0525902992993817 0.129775096035779 0.0446039803928367 0.203149319804248 0.183646427557124
0.161025743153049 0.114510606934147 0.151890568388579 0.159111120892871 0.129313637309765 0.229056490194226 0.0550918331273644
0.198108122679773 0.177429134210189 0.0131512679968614 0.210244012086881 0.210944640585719 0.114926420976176 0.0751964014644004
0.0495908456712333 0.0997099941690314 0.0777218891765314 0.185374808087605 0.192288843264982 0.156695502881423 0.238618116749194
0.0705521315929649 0.203318120016293 0.262551127061494 0.131627717678621 0.0631116213788191 0.0970244703685097 0.171814811903298
0.269310628605249 0.0822565102096963 0.184822862191658 0.0815544678901691 0.0936298624017862 0.154570039416673 0.133855629284767
0.18949509585076 0.185082702518427 0.0931532430476516 0.205611745564418 0.165101183391982 0.153468578548567 0.00808745107819372
0.00300781450971769 0.131155738084192 0.182827922450233 0.265090695174872 0.232745971385648 0.0966378857120689 0.0885339726832673
0.15799119433909 0.207600830826671 0.123508504807207 0.0491097328204735 0.225713662694195 0.180261216316632 0.0558148581957317
0.17448160475544 0.0566577446610678 0.185923491854846 0.0848597507385951 0.179762036673138 0.18982557068782 0.128489800629094
0.183771075736928 0.128109665142423 0.139167679485304 0.0433441142028088 0.249780279226303 0.162626951622166 0.0932002345840673
0.0292424624576547 0.255538955334562 0.231353681153222 0.00758012568791668 0.144787183664958 0.118619379423061 0.212878212278625
0.0969282617955465 0.135261370062491 0.18918173335731 0.235788575035067 0.0765836598894333 0.00878816880788125 0.257468231052271
0.156602645338797 0.0140756436144213 0.328427736737074 0.123102595709249 0.0178913012817142 0.0362669127553346 0.323633164563411
0.124380174937283 0.129588510789442 0.233195854215651 0.0742266720035259 0.192136416506049 0.221967361322521 0.0245050102255284
0.030931897081912 0.298660972043295 0.0903833609754957 0.0888588839637139 0.234500385315168 0.148944111121987 0.107720389498429
0.16608294001683 0.193768787910961 0.0329387614766139 0.160475801817428 0.0558356684449063 0.193518827274306 0.197379213058956
0.249784684803546 0.0189120143667769 0.0658494562032327 0.151697128651253 0.205845424614397 0.045535410058996 0.262375881301799
0.229312340624798 0.0188936536475592 0.208926280167394 0.0205393891910952 0.21273201291932 0.216002697099929 0.0935936263499042
0.112474735043486 0.0817131589918707 0.25347069493933 0.232374761416153 0.114345718400304 0.19102383302123 0.0145970981876269
0.102673159930457 0.247395045283308 0.233821241660522 0.072472824487532 0.188885871974836 0.114618488322813 0.0401333683405318
0.245019262393677 0.253270647711865 0.03680120179186 0.280201201193452 0.00779999458846139 0.174100466890823 0.00280722542986219
0.255077476874062 0.14370818321013 0.0750022051889838 0.142948381314164 0.208372539552772 0.103230736660459 0.0716604771994305
0.148961438149361 0.166106590254881 0.190591465596143 0.0186300257825039 0.114523221715229 0.245928979557142 0.115258278944741
0.0203057155736767 0.232558113037203 0.117421320636857 0.190808747110669 0.157780951038422 0.11206556815678 0.169059584446392
0.205743947263584 0.178564720340302 0.129716099050343 0.163892645557314 0.136696792261902 0.120446508767972 0.0649392867585816
0.0490749323484026 0.0882451568425953 0.128042447826236 0.247778246332152 0.103080773357301 0.047494286716499 0.336284156576814
0.139498767488016 0.102248098418415 0.0832250552203434 0.187929493717074 0.0512371762184379 0.358027358085484 0.0778340508522294
0.180452961788698 0.112581779471567 0.164016269664976 0.155356897575644 0.0960780865696447 0.135958862137701 0.155555142791768
0.089819582678403 0.306095483010108 0.209120137080543 0.0840363735801164 0.212162792682338 0.020338424181888 0.0784272067866029
0.0350986140759513 0.236033336241945 0.161519740901103 0.0822571835392465 0.265461007161426 0.146046557893709 0.0735835601866181
0.244421306956564 0.192714764366854 0.165551069949615 0.0508824327962758 0.0316755108780669 0.0082429045783292 0.306512010474295
0.189198414300544 0.0509829792746394 0.16081235356039 0.0691539020139494 0.0582514553878373 0.198894207425271 0.272706688037369
0.257635868438314 0.177308328784863 0.074786419206233 0.139118669986842 0.103940496435454 0.0789829144421187 0.168227302706175
0.00219112096608759 0.00425771651316415 0.140415073586244 0.222146216366338 0.303429404937292 0.156049561568425 0.171510906062449
0.171553824058343 0.152920395585376 0.0353658094017681 0.207230958539619 0.0615327525948501 0.234386924475675 0.13700933534437
0.284874286655197 0.0708197362518896 0.0345218428209847 0.0533921736251139 0.245646412476394 0.23344180615216 0.0773037420182608
0.138288322921706 0.238194330302562 0.0120959747134027 0.0767223639624622 0.243821978544763 0.14043793951696 0.150439090038143
0.204166039959021 0.0657072631946709 0.0343918257713469 0.213955444707341 0.0701464385036236 0.162426094327337 0.249206893536659
0.154100630890784 0.208050090429309 0.0498577523129646 0.127234399096212 0.253350880937098 0.0362005109813917 0.171205735352241
0.0600388338803049 0.1335022664628 0.00799050771873254 0.171007551404023 0.192624605891082 0.353198545619429 0.0816376890236294
0.0896329813931627 0.0718325972254003 0.164013960510917 0.208753582889372 0.150237760656151 0.248307211612063 0.0672219057129347
0.144637690270512 0.196735568412406 0.189060730960127 0.0516962339110339 0.146215900731443 0.0226681013002959 0.248985774414183
0.196625099220349 0.205263970628306 0.150445453952227 0.158522669975797 0.0129289079530643 0.154885714575215 0.12132818369504
0.215447456985249 0.170120596432205 0.0910690707231008 0.0391867254406466 0.128527711618769 0.0956324231291865 0.260016015670843
0.086516946306089 0.334894530369242 0.0566076604822445 0.178607541859696 0.266368936131564 0.0425097907733421 0.034494594077823
0.345963353320509 0.0215469591831509 0.221994914077368 0.0627843613225608 0.0210736970302727 0.240779077442615 0.0858576376235241
0.0328032200533446 0.261987612839052 0.0319683716075529 0.269476941460988 0.127965696720242 0.0290017522216377 0.246796405097183
0.133591582693527 0.155921474883967 0.180126917457734 0.112225560478953 0.128156380447835 0.160835202247604 0.12914288179038
0.156178422820375 0.151664325389586 0.0659718355238745 0.187689789794924 0.0703564748502549 0.196379442482768 0.171759709138217
0.0737286300962773 0.0928331246114126 0.0968306406258108 0.188436134785063 0.0935908506622543 0.261891986313188 0.192688632905995
0.209272447079876 0.133015202960541 0.258241006798872 0.135690316153111 0.0906544035370846 0.0679707105083819 0.105155912962133
0.147894939551448 0.133034371060589 0.143953591861389 0.126102422778952 0.182764240476916 0.198122584138147 0.0681278501325574
0.00690465888242902 0.220420247853727 0.253290520612135 0.0247650026931567 0.127921805758266 0.320340014290004 0.0463577499102824
0.01329219563961 0.155044133814947 0.199564310496044 0.259676819395782 0.148122013027077 0.0964851658645402 0.127815361761999
0.124653572058095 0.019771093409087 0.20061885786998 0.207035085006124 0.167372685354536 0.254935373870246 0.0256133324319312
0.109762866280182 0.052767170625494 0.0268980622095346 0.118766511582622 0.221624538534746 0.210932405948781 0.259248444818641
0.254786062119876 0.259453987883648 0.179622882176073 0.0118731931432143 0.156057798085507 0.0682375706626605 0.0699685059290217
0.188179602810643 0.176555201905076 0.180582119140545 0.0328016559264653 0.151759195695521 0.217255555430541 0.0528666690912095
0.167353301611373 0.0181599585511315 0.0282447947037647 0.198581571088931 0.293753018172 0.142342701588411 0.151564654284388
0.0646421867752323 0.183423858699892 0.00331989772336869 0.167549118944068 0.248061279480151 0.147310763325242 0.185692895052046
0.152327800819366 0.0929585376726776 0.188377744413433 0.191544160676662 0.194898686887807 0.0681595166066083 0.111733552923446
0.131549662307801 0.172398734435154 0.075430823684747 0.240675256390879 0.232130554135844 0.136261072259346 0.0115538967862295
0.252470463814018 0.0587542214986589 0.0796059722727816 0.114293162449012 0.106670031977712 0.335112238659236 0.053093909328582
0.203600245840541 0.0830419531116326 0.140537120398398 0.208343336883767 0.197051010692223 0.0198856634416691 0.147540669631769
0.199635814541011 0.197129436201224 0.178060888148372 0.0381425932414031 0.0981759566117558 0.13681050220657 0.152044809049663
0.0486081164566335 0.160935063875938 0.22161819056261 0.0218123634656957 0.331945749779525 0.0249731368951089 0.190107378964489
0.20024621911554 0.00952721390593707 0.161439107321371 0.114681505678449 0.270463847542484 0.176025564749153 0.0676165416870664
0.155685618697471 0.165836240466317 0.113299130498264 0.339314864837894 0.13284408311525 0.0454216026887408 0.0475984596960625
0.168338595636314 0.258970131907069 0.06137565925952 0.0139869086513595 0.18615386931987 0.128140323270284 0.183034511955583
0.132787236986128 0.215852113645877 0.165609526390647 0.179873562547753 0.0644797492549342 0.0645907887782041 0.176807022396457
0.0543858868951474 0.16299346598121 0.213541205512485 0.0151252264430558 0.190614069556653 0.230479379556467 0.132860766054981
0.194700099438247 0.172336000355505 0.18727204209028 0.0314150539893231 0.0706913578601602 0.162705621912689 0.180879824353796
0.206322264480032 0.277431088877397 0.0921975935209017 0.20045619803537 0.0491401617302699 0.0113709614249452 0.163081731931084
0.060577689023974 0.24522755601229 0.254161352192147 0.046279973675424 0.0536933183550279 0.162560068063514 0.177500042677622
0.230976550180952 0.196049366741454 0.160557110411595 0.295136358110556 0.101106808633912 0.0105692913594147 0.00560451456211754
0.218038952002141 0.0134942349414746 0.149472493120031 0.10273453773914 0.327932406276533 0.0296905059644639 0.158636869956217
0.191259741701349 0.0973841334718625 0.0791019012114496 0.145657563108666 0.236047762107472 0.194220390965803 0.0563285074333971
0.187433137250463 0.000699957326408737 0.133187340178636 0.229713598360461 0.158385997227601 0.163725471886636 0.126854497769795
0.0396188150843839 0.162785911934154 0.0352728643713288 0.422016024066243 0.0066274034661291 0.288603297316064 0.0450756837616972
0.105570935270708 0.102726684018601 0.103133914493478 0.287235433662406 0.0514583721790721 0.15370620519353 0.196168455182204
0.19823597523672 0.180996475963039 0.0717989556592032 0.193412302692996 0.131254059545843 0.148655668986757 0.0756465619154399
0.159337016531726 0.159998726994438 0.230486284922288 0.00123355235662073 0.198436580831263 0.0831263707052864 0.167381467658377
0.174130047796655 0.0523941995763407 0.185224136819466 0.236459105708503 0.0729516972408338 0.137494136183497 0.141346676674704
0.0520978658283504 0.146183429135845 0.0747469186551688 0.235120161781928 0.28576152275809 0.0579258786673076 0.148164223173309
0.0934870319834354 0.00435036262236688 0.147593382223537 0.199706581101579 0.046958077037536 0.254646550705489 0.253258014326057
0.157357902482161 0.213248516780378 0.161508439596326 0.000299530890459479 0.201252488020688 0.115023914960089 0.151309207269897
0.107595876960923 0.189699640384662 0.0844919316042317 0.0724927858093511 0.244155991787538 0.147033627425581 0.154530146027713
