0.149322609568036 0.174809348266469 0.224133364171936 0.145093320288832 0.0574993239203975 0.24914203378433
0.114515470100955 0.30361108806687 0.249270871812068 0.0396832756594296 0.287113939933852 0.00580535442682538
0.152785008838058 0.0175102790011522 0.210108953935078 0.204267187595974 0.250105389678566 0.165223180951171
0.113419920872615 0.231923614520931 0.226377566165542 0.132727795068613 0.205555423588129 0.0899956797841697
0.104460411050116 0.179298861489781 0.170840569902165 0.156822420071307 0.221557057777169 0.167020679709462
0.20250334740122 0.0242024645648112 0.0791331271026618 0.364259850148618 0.283656616464514 0.0462445943181751
0.244468833950562 0.297676586215154 0.256194510249656 0.023637831451409 0.0616535530598931 0.116368685073326
0.161292555959984 0.254324054328713 0.218397145508455 0.0653918053484207 0.0861602831274826 0.214434155726944
0.305497464983843 0.092486285077533 0.0374385224385665 0.0802548033095866 0.186084370983443 0.298238553207028
0.32198199118749 0.210738716115455 0.174205397452017 0.0767335241580538 0.109288835909224 0.10705153517776
0.0109758854169025 0.240456636945269 0.184517027151985 0.173672643471323 0.134751157481033 0.255626649533488
0.115541478154995 0.171287988437095 0.0510311837959065 0.30428496329255 0.101709186691012 0.256145199628441
0.116920917707229 0.158223234987627 0.18007621993518 0.280722570662806 0.183996634243673 0.080060422463484
0.106513592427408 0.0382867551830639 0.330067652937781 0.117852322762633 0.173779778622817 0.233499898066297
0.297465673041618 0.186165273614227 0.00873749110591254 0.150605962999624 0.280335415511454 0.0766901837271649
0.113471540974868 0.322305058919825 0.193413228660607 0.0555787347274312 0.203251005467044 0.111980431250225
0.00482882015700413 0.245628568958437 0.229384419396157 0.0679415232461874 0.223419177423242 0.228797490818972
0.022709625686678 0.174099200338035 0.178941984035952 0.226253644074657 0.167712784887965 0.230282760976712
0.335784778021792 0.311158547834098 0.185819916996799 0.0221147891457008 0.0707604711180896 0.0743614968835204
0.0842597185246634 0.145178178803028 0.0509339132948773 0.285870635906725 0.321481405293412 0.112276148177293
0.346043320286491 0.0177965747607391 0.186433671462328 0.0935274659031247 0.216658342622077 0.13954062496524
0.389418564527841 0.113092223280716 0.158554235318997 0.124707647689393 0.0663266081570686 0.147900721025986
0.0235941273881045 0.423309994908657 0.15885533091668 0.0542064634543413 0.150608146535212 0.189425936797005
0.193981350536357 0.277645938053254 0.373838682600544 0.0607590382061802 0.0124046368265464 0.081370353777118
0.24681192391851 0.249618620641654 0.168276027032932 0.149653451771505 0.109708435923574 0.0759315407118249
0.211256321440132 0.138287563797361 0.0991871365474651 0.282584005807983 0.0749733977772308 0.193711574629828
0.19538548533923 0.125348249935453 0.17673807645689 0.0798991536854978 0.0484274116943667 0.374201622888563
0.228083270290542 0.020494323674721 0.00285967310558351 0.268151103553678 0.265562759950236 0.214848869425239
0.126928712043583 0.128760303465215 0.285008459802016 0.00625260692461875 0.27843806659441 0.174611851170158
0.0907625711896471 0.0388703473218985 0.179234619098954 0.305826771979648 0.321178373251416 0.0641273171584369
0.105908925938461 0.194385193286702 0.189380484122668 0.159392488935406 0.158024759449531 0.192908148267233
0.233782522646681 0.132260739577599 0.181672631485566 0.166851212970952 0.0409387988246613 0.24449409449454
0.185075989958633 0.215943487169332 0.0926902346118399 0.203707834497566 0.187977568503993 0.114604885258636
0.127929049800344 0.264082077526114 0.233657932089277 0.107919500631922 0.0213804840666802 0.245030955885661
0.153216487465043 0.301292994392199 0.270740508791331 0.149816802116709 0.0508363638401376 0.0740968433945806
0.198341613250385 0.231461183448571 0.258885982952186 0.130560387000842 0.162665476084323 0.0180853572636933
0.0976584451575779 0.115579346787961 0.0156737163272065 0.323768762253189 0.134073402084671 0.313246327389395
0.234897924290327 0.00258872605739161 0.253373010384736 0.17939602089686 0.136346637138397 0.193397681232288
0.289837575271446 0.100518814929721 0.0822128421427204 0.280064863536688 0.1575688895553 0.0897970145641245
0.0124313167163353 0.0135171554096373 0.321526601296184 0.0947251087340663 0.308445184616602 0.249354633227176
0.209088109400194 0.174794137006479 0.15491325620666 0.055725843090025 0.196718223910231 0.208760430386412
0.174494505206242 0.200233489016362 0.234338552465449 0.151422204034055 0.0187728319315252 0.220738417346367
0.0588975736296928 0.155349984953754 0.278050579029871 0.0496413249088422 0.106399565397803 0.351660972080037
0.0737455971567953 0.571994614096 0.224687101584155 0.0203205267285627 0.0787441683903926 0.0305079920440946
0.19922489995181 0.296010758208143 0.0637785019154699 0.240024474295921 0.0872670470481273 0.113694318580529
0.160863048524518 0.166398992839465 0.107519033745357 0.220938439385091 0.251646274755053 0.0926342107505163
0.194087680522414 0.0742308274870104 0.13780704073229 0.158792627634083 0.186011081814611 0.249070741809591
0.383575695855407 0.157743309239432 0.102749168728296 0.0611886837415607 0.201931255146192 0.092811887289112
0.22238391228196 0.0237219124536573 0.190623037998783 0.122638724536529 0.296624741493866 0.144007671235205
0.258925514750766 0.26470645134384 0.117733690647151 0.078060470707169 0.144084437429604 0.13648943512147
0.246506676353918 0.269641782666432 0.24082555284008 0.0988636296285598 0.0457166878072101 0.0984456707038004
0.147809956524404 0.144707472013982 0.190867868864967 0.227702011896944 0.124736467928576 0.164176222771129
0.387868557357956 0.121612009874861 0.0691345062113661 0.22903768688596 0.134826142983235 0.057521096686621
0.0872237230184806 0.145309345637253 0.285052810485537 0.24928955440071 0.0576729800691848 0.175451586388834
0.0590966689322626 0.238610448245546 0.0676743942205179 0.165030440366127 0.137418471789788 0.332169576445759
0.0958214284728551 0.248580410602711 0.193965782279048 0.0744862477570364 0.214875444081626 0.172270686806724
0.312532881004286 0.116538897946929 0.0816776874955486 0.2119250105938 0.231427302517376 0.0458982204420602
0.245073542470627 0.354963304816731 0.102384352540451 0.0515620396613044 0.149730967937482 0.0962857925734043
0.0283411126169844 0.3039894223664 0.0103980211497191 0.309203087716934 0.319773311544407 0.0282950446055556
0.187578434806618 0.0156122790638241 0.162110136531126 0.167024728119428 0.254723770208303 0.212950651270701
0.340357771919476 0.00161841015828729 0.433582225645578 0.0269444340251159 0.156060555729489 0.0414366025220544
0.211425682698859 0.0569874693273957 0.000888564589409097 0.250512920067329 0.403266157469686 0.0769192058473203
0.142856563316452 0.140846813449357 0.193582290673514 0.201038024909903 0.205076034973577 0.116600272677197
0.195983298571045 0.26329156282623 0.206547245334589 0.0135172603868204 0.0185767034951227 0.302083929386193
0.167442021507564 0.158581170371346 0.332764608763971 0.0911318283441466 0.0601019837523662 0.189978387260606
0.294454751456099 0.0973379120174043 0.229052321885647 0.0665446645057161 0.100995046085392 0.211615304049741
0.0702973837193663 0.259347913103694 0.250570053954983 0.330199274683272 0.0199029880462529 0.0696823864924315
0.0501668714524567 0.297170116214235 0.0458113362168935 0.164315199774281 0.228006057707055 0.214530418635079
0.347981223675709 0.0614151370009363 0.0788037840385143 0.0439579498906918 0.159179907345267 0.308661998048881
0.188949178027683 0.184132350329062 0.0797522260468226 0.271005301519146 0.183935025286712 0.0922259187905743
0.219018254094803 0.170688732143897 0.08909381654153 0.0953739353576128 0.16531089330545 0.260514368556707
0.265952817255879 0.0745295198072972 0.0152598489560582 0.179405270609006 0.186449799055368 0.278402744316391
0.240604324990052 0.260168223167726 0.216298894602351 0.0157144256626688 0.130698777371956 0.136515354205245
0.27076374406582 0.187126611006429 0.0607000109060453 0.187988801883407 0.135785791459797 0.157635040678502
0.128217009900602 0.170109785286289 0.293155515109708 0.0981665205631209 0.0885644497734605 0.22178671936682
0.23397920847793 0.0646087430162008 0.145051182720705 0.185554835878068 0.182567084886808 0.188238945020287
0.225701840127133 0.00947440321920967 0.10710006859049 0.185490971409354 0.236918879091791 0.235313837562022
0.230064466774195 0.283024177942264 0.131336758619987 0.109969334858441 0.0723185115837855 0.173286750221327
0.247593686010607 0.0802768999874431 0.0618560631940949 0.186237951210037 0.19166522994318 0.232370169654638
0.217641066195387 0.005673068817596 0.204855216790208 0.323098107284221 0.177456475636767 0.0712760652758207
0.24977377340776 0.206483628027953 0.244082235929876 0.0458865160631685 0.115879960981965 0.137893885589278
0.0816396517892619 0.178924544549511 0.158930307766605 0.180023270834665 0.0647664490411628 0.335715776018794
0.0217398431689125 0.392598532928506 0.0506691605092112 0.0449683112509829 0.205286280428362 0.284737871714026
0.100034379074018 0.241904422895994 0.145885444548217 0.0974584905762658 0.219206029621933 0.195511233283572
0.206163231058525 0.165376192960839 0.0346909836475697 0.156825920248365 0.201820053956204 0.235123618128497
0.189026932144409 0.177698913264905 0.14017478147933 0.187147461615631 0.235115559239972 0.0708363522557531
0.263734537567802 0.00836306738831778 0.082059411262386 0.302597046962698 0.249601968702691 0.0936439681161054
0.298521777245146 0.0334776830038246 0.210235437191785 0.286452806115788 0.0407583516974712 0.130553944745986
0.0649944572299607 0.0805560482643862 0.138372719732058 0.269598968524115 0.109060449394049 0.337417356855431
0.0526265683520642 0.174910020034423 0.324156281509081 0.096728455470725 0.00305527677330366 0.348523397860402
0.256763917903202 0.14487164806063 0.11664456252119 0.00119213659259752 0.129725382860138 0.350802352062243
0.282479495618644 0.0177709318248295 0.377009483272445 0.104604107070559 0.197561442946658 0.0205745392668641
0.0219887352320384 0.243354756464592 0.115389645642885 0.175059469756465 0.261779059047162 0.182428333856858
0.0191093333487181 0.330839010512672 0.0464985017079233 0.321911165734427 0.0933204521858364 0.188321536510423
0.20790773502726 0.212507231159583 0.24240378014284 0.0584965143562407 0.0966046555490168 0.182080083765059
0.100436427032639 0.282390244316279 0.373385940330253 0.00385172479451844 0.150921587722939 0.089014075803372
0.0355255936460163 0.273294116039937 0.274835797348099 0.188318911860402 0.00515613159811089 0.222869449507435
0.268030766202385 0.131420310158535 0.276938841975394 0.0366596064953413 0.0898510317493839 0.197099443418961
0.0526954254458113 0.262911434272526 0.279817369123754 0.0337509994442551 0.231400412357006 0.139424359356647
0.0381295359033915 0.230522188246287 0.157106824197432 0.161803033400073 0.234698611517958 0.177739806734859
0.0591079015417855 0.228955991252528 0.173250513595013 0.244808197092729 0.136913532114629 0.156963864403316
0.131249169319891 0.227386609550669 0.31262641432479 0.0748665842981317 0.221907891223472 0.0319633312830467
0.234698995161143 0.228753840827232 0.129809025657114 0.214587936927088 0.0370357101016973 0.155114491325725
0.237981993590264 0.00510992731179692 0.107418155587767 0.1147848031573 0.246744249015164 0.287960871337708
0.18948127556022 0.194841488189731 0.159636857166903 0.172774283933281 0.148241525305142 0.135024569844723
0.284290449098728 0.367581429766417 0.112429719424632 0.163064950185247 0.03573460603193 0.0368988454930457
0.327556979397238 0.25303456612648 0.0192847912810331 0.00497535186854008 0.215694290540962 0.179454020785748
0.0201493278207184 0.151714391995495 0.109738578558722 0.157889230011741 0.255045989974002 0.305462481639322
0.0823954529427638 0.0683963374712678 0.274556254296216 0.125896339962165 0.303798144820088 0.144957470507499
0.366633849859491 0.119095626102034 0.119998948688195 0.0493514442302303 0.0646609921249766 0.280259138995073
0.219355886773225 0.242808058032171 0.254718140477639 0.199242302733142 0.0194901787046707 0.0643854332791522
0.294084541101125 0.221903763426201 0.0559132691459547 0.126688509564988 0.0133174165703545 0.288092500191377
0.15828051919998 0.174817055882279 0.0264009040040013 0.075305983507828 0.423151228867148 0.142044308538764
0.209081614241409 0.308206202440169 0.0335254152643829 0.108330458178832 0.256726649082704 0.0841296607925028
0.142966827333287 0.2059123706412 0.0453908534411846 0.285140767250479 0.268148734067044 0.0524404472668053
0.0223526587021601 0.281422679120097 0.276881699903607 0.061572603643801 0.28216628706827 0.0756040715620651
0.0231483502645756 0.305225680988748 0.0967645942506799 0.280497221132803 0.18044629243305 0.113917860930143
0.108292115946459 0.111312482353544 0.184812280804305 0.284809773939936 0.125395523552331 0.185377823403426
0.0912045088494955 0.0868048248357725 0.187183672351868 0.166561070279089 0.183540509167607 0.284705414516167
0.0858897864022849 0.202841046631887 0.232956423780057 0.258714281728712 0.20716347261556 0.0124349888414993
0.106700463613781 0.172144890296437 0.0450668936345005 0.227653658803669 0.173667647719069 0.274766445932543
0.465444823669902 0.176566353905151 0.0229661136046389 0.0944647764273602 0.10236608141642 0.138191850976527
0.335564707986939 0.317372984811393 0.0817205912762696 0.0301788138734498 0.143533523799639 0.0916293782523096
0.211373815707692 0.124737458309378 0.0151813524932871 0.154115546795236 0.127711362669127 0.36688046402528
0.0826090183020464 0.341597784565545 0.195554031523818 0.126616372694563 0.160712132075674 0.0929106608383538
0.159990584483266 0.0740618659263583 0.0672135500301647 0.133495662709237 0.328567589483393 0.236670747367581
0.247994223786247 0.0947871724353629 0.152926880700031 0.259955970274077 0.199392834009506 0.0449429187947757
0.0980707441405833 0.202701893795407 0.0393580334218772 0.176777292841615 0.221377082291431 0.261714953509086
0.176247789752113 0.227013045093491 0.274910531654104 0.0364439165843851 0.229535849363013 0.0558488675528939
0.297357781737305 0.145620885719746 0.0937024558368405 0.0447391802850348 0.357519126653572 0.0610605697675016
0.113064185227978 0.174092555667054 0.0677535801345819 0.194875315571088 0.140554200270126 0.309660163129173
0.101906188991306 0.296424304519332 0.0628228480068131 0.167902097550046 0.0668521979515197 0.304092362980982
0.346721868170916 0.202540003853236 0.157428924488342 0.0358475998104251 0.10965930709374 0.147802296583341
0.227917722047978 0.0275242044349208 0.221305304963519 0.257125486796149 0.154906723511544 0.111220558245889
0.0557534377377167 0.230193735075311 0.228818077589012 0.0946526803966198 0.105216753106098 0.285365316095242
0.0599294160391678 0.192412095419005 0.1277822865069 0.217607259307158 0.225552080927431 0.176716861800338
0.193519805697808 0.192870435469801 0.217132337313987 0.127741626859719 0.0656699129177931 0.203065881740891
0.0365061798780247 0.38062410749379 0.174305725914879 0.231466613831027 0.0793248666245283 0.0977725062577508
0.295050737891668 0.10446968364129 0.0242104099781637 0.277803952720394 0.036446233760533 0.262018982007951
0.109751314544954 0.247854149892481 0.198824458526667 0.0980838130021662 0.238159702666722 0.107326561367011
0.107150920836101 0.0924205028281323 0.0664676570072623 0.283243490859985 0.271644841712707 0.179072586755811
0.222772256835037 0.324401797490733 0.000534868400337036 0.126535559784559 0.298455667539193 0.0272998499501406
0.28824613268221 0.0108331168952017 0.0601226276758759 0.322308568197612 0.225719578326652 0.0927699762224475
0.221279645591208 0.0721756324291338 0.0302676013044742 0.174258067015749 0.248539419872673 0.253479633786762
0.101745118022355 0.0598182753407668 0.0331961086996271 0.213318483884555 0.339552126477712 0.252369887574984
0.222499827836406 0.15649319500966 0.104274312206456 0.0542841541607952 0.239743353634412 0.222705157152271
0.0712063726623135 0.312108441935883 0.0214839995338454 0.164677939631051 0.116523060738228 0.314000185498679
0.25152906100186 0.0652399411976795 0.482095716428999 0.0290493214960818 0.0114349325988323 0.160651027276548
0.363280359567112 0.000327383192457687 0.160121949276053 0.271171759601193 0.0889792618179851 0.1161192865452
0.176320141669331 0.222730258604133 0.135042401121405 0.108139109376661 0.118203870541559 0.239564218686911
0.228523557364582 0.0450126783945505 0.246385272492805 0.184708225286599 0.0560422155853666 0.239328050876096
0.00121000229401781 0.242975664637495 0.239308492616938 0.246973518005528 0.16823076889089 0.101301553555131
0.0325344974001446 0.440532705968176 0.157733190405465 0.111279850075432 0.195636396174248 0.0622833599765343
0.306189766153387 0.0909984248510188 0.16660563076585 0.0686151914449715 0.0993969901060976 0.268193996678676
0.285597822815322 0.305547904154837 0.243235667039081 0.0585762603959128 0.00044434372192546 0.106598001872921
0.202664648049241 0.225618795434071 0.2856053582877 0.124335633039744 0.0253941808701019 0.136381384319142
0.0705938257484002 0.267496270118335 0.233005263391464 0.0687830661854909 0.0350122094957396 0.325109365060571
0.275378889630361 0.142941254706501 0.13066547452995 0.0146651397160447 0.146052198788041 0.290297042629101
0.0709238163148476 0.237307099244715 0.267411559610193 0.0706690671880333 0.115553723488612 0.238134734153599
0.0444045953747868 0.221846713337832 0.262633079465005 0.201389323243723 0.203670172042831 0.0660561165358224
0.273401817084215 0.337618579079484 0.262907028515834 0.0585779127064487 0.0435182140433502 0.023976448570667
0.0943665666845697 0.101001645174723 0.369735104517899 0.0412626424198723 0.00903234317919491 0.384601698023741
0.188357658604673 0.327496612107764 0.0169740376159892 0.190275315797338 0.172015725291066 0.104880650583171
0.250896081963605 0.102975783183544 0.263060520120417 0.241951183216229 0.0999335470923548 0.0411828844238502
0.186306883838658 0.0267265420324794 0.212192132561525 0.191752111828311 0.29515544376905 0.0878668859699764
0.325912261515369 0.0806636800552189 0.0406203605870668 0.30661186927539 0.220678533232199 0.0255132953347573
0.0980483215005349 0.216604693357524 0.334575027467354 0.0125470399191066 0.0692081235191435 0.269016794236337
0.0904289764760472 0.0379888948502372 0.325891875290323 0.206368751954816 0.247673979312452 0.0916475221161245
0.137107689029986 0.188547080112849 0.199198430856626 0.224883474401036 0.184908625546543 0.0653547000529591
0.183666188506667 0.159158002817806 0.0535625929829322 0.203065402086947 0.217518945587473 0.183028868018174
0.171046442082988 0.411229633551263 0.141014834052064 0.0880445995543226 0.0428015571181209 0.145862933641241
0.110188535731833 0.02331722644344 0.354612986564341 0.139346620676107 0.0101739282807422 0.362360702303537
0.0510333961974901 0.0715316017503922 0.226465900675707 0.238589611333415 0.216241079726871 0.196138410316125
0.382126996125276 0.143670558241558 0.106862055377336 0.0533494579091828 0.0798895123028715 0.234101420043775
0.284333562084854 0.0856674658763843 0.31591413862356 0.037880473560526 0.235882881485061 0.0403214783696145
0.344317465157216 0.280671114068507 0.0307539024358152 0.216734082494449 0.078459876592638 0.0490635592513748
0.213463363773971 0.0681119658594621 0.106988103378174 0.240406209187253 0.245152618527847 0.125877739273292
0.0881360587488289 0.0648967107281825 0.214675747791369 0.243933050184525 0.268426358072954 0.119932074474141
0.213816084124266 0.178204317328159 0.118569647470737 0.412077068291362 0.0694397870132624 0.00789309577221376
0.23238034190063 0.00146340511217518 0.265122583415948 0.055342670825911 0.300826871185078 0.144864127560258
0.255025732861952 0.271669880874391 0.00427083688470608 0.175807056937905 0.24730663810679 0.045919854334256
0.145132295506702 0.115316686451008 0.241284719311567 0.0294883364262508 0.271859742336416 0.196918219968056
0.0206102372865304 0.160640591249704 0.107984576983007 0.143381712419722 0.386274097498361 0.181108784562676
0.0202150658693293 0.0261814766196305 0.160268176446931 0.228731310286287 0.29403269383235 0.270571276945473
0.235359312489786 0.165541496600203 0.0763123390870147 0.0787963903881486 0.202314565730962 0.241675895703886
0.112378086873888 0.126541991206433 0.22903285523898 0.0206974640450619 0.369185557238582 0.142164045397055
0.100612401230458 0.275012009843806 0.0355379482188171 0.252269203061647 0.170307738430104 0.166260699215169
0.153168159224574 0.267963310970443 0.107038936143457 0.232875430472418 0.044468588971877 0.19448557421723
0.0650908874095834 0.191405274132834 0.18022070064519 0.199729245388661 0.0999881637678724 0.263565728655859
0.223518775083937 0.028136825406917 0.285184423615544 0.191536947514057 0.0367002477839394 0.234922780595605
0.273376762455857 0.278200061735244 0.00709658826427001 0.190281429672196 0.241603598415727 0.00944155945670626
0.124822054965617 0.170737803738453 0.152352418903339 0.197973565406293 0.205122754164405 0.148991402821893
0.202152779017949 0.21031149125193 0.075193704963181 0.141170900049373 0.0889887149439431 0.282182409773623
0.108216745422051 0.344132223391801 0.059618931269763 0.10041843289977 0.221257009917215 0.166356657099401
0.0224552701593836 0.125258786329905 0.0624170414335122 0.267130220273537 0.262569617736795 0.260169064066867
0.0616764487378932 0.00232303686030368 0.132506249598027 0.3532903640826 0.368419099442398 0.0817848012787784
0.124869286105684 0.289686994883179 0.193765059781336 0.0892066507207769 0.189051879496142 0.113420129012883
0.208593684768716 0.0732741461540462 0.0538623460516897 0.201632577410384 0.145259963295524 0.317377282319641
0.100842671424329 0.19017398210028 0.0230935627272829 0.185497773493502 0.276280195774572 0.224111814480033
0.336746480021705 0.115481544938807 0.0177973549189992 0.114828524727509 0.113208326284961 0.301937769108019
0.160306525079433 0.26486546319563 0.121863820650513 0.237116719663847 0.127819955641184 0.0880275157693926
0.0926964077235688 0.218091082138346 0.0639859342213521 0.173671077749024 0.291405506934165 0.160149991233544
0.0602563615570048 0.0901915563038118 0.214750115962169 0.215563777478046 0.369138553428722 0.0500996352702474
0.217905337925318 0.176026089754679 0.138101649658236 0.21520394474435 0.160575783719364 0.092187194198053
0.207014386309342 0.214995067029616 0.202007150002178 0.13420331392672 0.199695525169632 0.0420845575625121
0.285898551171247 0.205744379534995 0.101870151401251 0.038875909464365 0.200270701096614 0.167340307331528
0.222053575712093 0.0532933281964551 0.0753654163644602 0.0340640092475206 0.385178703699563 0.230044966779908
0.26333401762392 0.281490123422341 0.00705033870287538 0.14828186739858 0.159175714748152 0.140667938104132
0.165654175673476 0.15335978874328 0.266432770924011 0.0598634891099224 0.27628785151532 0.0784019240339907
0.252930391851234 0.132667532694042 0.019678262183901 0.148774688985447 0.201408020845733 0.244541103439643
0.0862551354645643 0.264796370036162 0.0966541646049598 0.385354324372081 0.102202714929101 0.0647372905931319
0.231272167935332 0.117365756418455 0.191714629401852 0.129253112173093 0.235532791432791 0.0948615426384768
0.162720781519529 0.109900855102523 0.209886964252937 0.180541446006152 0.0230811134353571 0.313868839683502
0.0566842946416874 0.222914834960967 0.189677296207212 0.197484403945787 0.237618358687439 0.0956208115569087
0.279686612230075 0.126059610312662 0.0920907458681376 0.0566873954444379 0.246035198574464 0.199440437570223
0.262892636508506 0.121354639396839 0.0561519297939028 0.0687284655152127 0.283163501582056 0.207708827203483
0.112686010530907 0.0217212846537863 0.0162508124552701 0.545925772588758 0.0679777216886268 0.235438398082651
0.126917893989967 0.232086796829698 0.114167998137321 0.329854621733567 0.171509745705323 0.0254629436041234
0.00795505183846072 0.173438221020787 0.282923803668846 0.0226939369160297 0.317278870110916 0.195710116444961
0.204607656824939 0.0818872569763597 0.237699164836667 0.214219407852151 0.151799634871935 0.109786878637949
0.0331886281026073 0.212678194002995 0.2979742700002 0.340921437703391 0.0447727488229147 0.070464721367893
0.236114123245078 0.0883892042132888 0.0115074882289645 0.280123660595341 0.208783104614987 0.175082419102341
0.25186579668682 0.129750753100612 0.249696369728954 0.07660224776462 0.0394937270997129 0.25259110561928
0.137658852543773 0.0940929401015816 0.0173436108157083 0.311407054045769 0.35436046701896 0.0851370754742076
0.193840401277212 0.165940967434295 0.046816010853422 0.231709629592583 0.137861632825514 0.223831358016974
0.231210502924928 0.0185507806267121 0.1668704054672 0.170544535430281 0.256454012152726 0.156369763398153
0.11883543639848 0.248986242215581 0.348555927682957 0.155971038407819 0.100969552828483 0.026681802466681
0.0557942353605346 0.0489761227054404 0.256829015011013 0.0418997763738748 0.240976310829038 0.355524539720099
0.159853695634395 0.190497559199325 0.142420847443391 0.261435852610239 0.0767484603592388 0.16904358475341
0.371612845303388 0.0251091276395206 0.129082043965907 0.0314164357175489 0.0575758931952053 0.38520365417843
0.164235394054009 0.355068804434027 0.0354702252365622 0.156015938276108 0.0293593178351322 0.259850320164161
0.280248135819075 0.0896684728665124 0.130408979343941 0.277750925975913 0.155958476806589 0.0659650091879697
0.0450380394782054 0.247943843984521 0.290440500384993 0.0470662766571774 0.254444494451583 0.115066845043521
0.112547310588438 0.211692051150389 0.102592920175772 0.223916049523509 0.130968207238937 0.218283461322956
0.122279739862803 0.110710192502221 0.243736533646458 0.268306844062368 0.0696380288742161 0.185328661051934
0.0989405799027596 0.180832343759564 0.169860926679544 0.058025067621486 0.177151033584209 0.315190048452438
0.419680471574272 0.0349626259783457 0.405202170513576 0.130204166857978 0.000755164403214345 0.00919540067261401
0.170275303940254 0.153299951434325 0.211974511438568 0.122075199350944 0.195322600661701 0.147052433174208
0.177707331995609 0.080234734960002 0.204415440476895 0.300834567237918 0.199874255887482 0.0369336694420947
0.294158883137533 0.0409656744064834 0.204751759766159 0.0754806176193826 0.142589404792029 0.242053660278413
0.205055597086425 0.133057537934398 0.0726921444600147 0.170668608291609 0.23157026166426 0.186955850563295
0.0763440518731149 0.02461306910683 0.290916072910081 0.202137926901163 0.208241606270604 0.197747272938207
0.0544859786529321 0.26019636603387 0.168357278431624 0.251690733260506 0.18757192697697 0.0776977166440978
0.218016591040021 0.12838068491647 0.0877881870651177 0.1876340284311 0.154480370448072 0.223700138099219
0.0844080665336189 0.314910031928026 0.121023390851087 0.0590858408756409 0.324454831771364 0.0961178380402634
0.314949714988884 0.134798035256863 0.136387323430786 0.15278751997206 0.231548199739227 0.029529206612179
0.232960310789618 0.0143182115011175 0.314082238316221 0.0838739942297804 0.0710805006507602 0.283684744512503
0.210374354667597 0.164777115027593 0.251476921556686 0.13820679985023 0.00055370479901377 0.23461110409888
0.000568362541705174 0.0540450234551349 0.303510107715376 0.110554673859297 0.493489736802755 0.0378320956257317
0.158404333194846 0.0989813065726763 0.30343700528935 0.0491391014138892 0.181159685322492 0.208878568206746
0.0895736343663939 0.0179767020572607 0.110927573865803 0.292704324595018 0.316986733305887 0.171831031809637
0.138588682691459 0.100355993126704 0.0331936747544997 0.264736356507687 0.21927792275924 0.24384737016041
0.0388335817687646 0.201689656639984 0.208897613804029 0.207298404165314 0.253583928818989 0.0896968148029188
0.137533928146763 0.0385219095320373 0.237132744985549 0.0900230771332722 0.360204087426559 0.13658425277582
0.280347007254647 0.11280594458702 0.129069540682392 0.108127383796731 0.122542501890839 0.24710762178837
0.244534406835299 0.0601553669305585 0.079061148717693 0.146895763671202 0.240147788757845 0.229205525087402
0.2462592192959 0.144622380603979 0.226002574877003 0.0159962574910147 0.0515483255655166 0.315571242166587
0.287390068905365 0.181954700287855 0.0766708480880818 0.0647225436089438 0.224438735288895 0.164823103820859
0.449500148454634 0.129496688754529 0.024507332734352 0.0648676319575106 0.0333448468325823 0.298283351266392
0.112349852295282 0.159467824179101 0.113705477441609 0.292545355358638 0.310971506570445 0.0109599841549258
0.259827850341223 0.160657752587654 0.160795586243634 0.103542960267911 0.19249791429249 0.122677936267088
0.123575918984494 0.18952008809303 0.17814565215801 0.0864787236319142 0.216448841645877 0.205830775486675
0.380217254215371 0.036375139268863 0.201026623147801 0.203122527572539 0.113903929308077 0.0653545264873482
0.042248176977311 0.0280170628580705 0.334730935264917 0.0758190656605359 0.137311577818256 0.381873181420909
0.132200727597164 0.0427400215103729 0.046853955407142 0.310373856014049 0.0471612391367335 0.420670200334539
0.143141970443885 0.307277342354724 0.175461972469908 0.168985334158553 0.160069252376629 0.0450641281963009
0.0245900653665932 0.251984982211101 0.295764712482431 0.0723698105982265 0.0931092913016248 0.262181138040024
0.19826226312119 0.248298629600112 0.0692572202307679 0.0803449814035807 0.24616478311545 0.157672122528899
0.0540159454635041 0.193557902950333 0.199381008478558 0.145809673466749 0.136644634126498 0.270590835514357
0.0993485567218811 0.227615161132216 0.124864355039974 0.227603373108198 0.00802368927081402 0.312544864726917
0.06573074222124 0.185570198025091 0.184070676804063 0.130202713529769 0.297468184561304 0.136957484858533
0.148650677246217 0.0584453195568525 0.342815576557313 0.168704215416113 0.0397643094726504 0.241619901750854
0.0816241122131332 0.252530041573485 0.10541768821198 0.169482481446879 0.17224138300629 0.218704293548232
0.11866560992077 0.213708842351043 0.0636617573992523 0.212409865595683 0.201926497415751 0.189627427317501
0.160481508534612 0.0801712049139269 0.13590753076807 0.121030177597421 0.262577186147179 0.239832392038791
0.234608915856616 0.176565535282126 0.0388728331965515 0.298959713376251 0.177323560415855 0.0736694418725995
0.201940913452035 0.00963593828882488 0.189026233818027 0.0919506430625448 0.332929947420291 0.174516323958277
0.0353657391398337 0.295887508991563 0.179540310735934 0.0351761268137738 0.244319599749545 0.20971071456935
0.286757399906368 0.0662420779181297 0.206392114883743 0.295476185977704 0.0822973163405973 0.0628349049734574
0.199236944804878 0.101801996409833 0.0282795947701076 0.252143452040624 0.22405792369177 0.194480088282788
0.0274332123853723 0.261139980169237 0.269492574335237 0.164442190353019 0.0828033180133117 0.194688724743823
0.365200477277783 0.0276246076483945 0.128206683584457 0.206944994854136 0.181328179941006 0.090695056694225
0.199459470152868 0.0972216211583977 0.0516330738672917 0.234614258684504 0.161402883610992 0.255668692525946
0.137124628586971 0.23292372068491 0.0604667741129293 0.27516644855488 0.229807783549218 0.0645106445110916
0.236153073607217 0.0914387390215336 0.238970003705311 0.210256979644503 0.0865520879625145 0.136629116058921
0.114758279471444 0.240074284740907 0.00415431336427224 0.186592855869667 0.211821859712991 0.242598406840718
0.0394931444734487 0.250243835201073 0.180441119330211 0.0234256206010316 0.273697245102229 0.232699035292006
0.0530016852168955 0.376011443186207 0.148274369500241 0.104554445610327 0.140238840848524 0.177919215637806
0.104667083904169 0.245495919453282 0.312912058497135 0.0575913437779504 0.268419414138116 0.0109141802293476
0.0134219899224652 0.356059802981389 0.0767126253941519 0.125784132232022 0.00942384270096676 0.418597606769006
0.0551474031170809 0.203123605197247 0.166696653171977 0.401311318723936 0.0417670462909213 0.131953973498838
0.0911122461424507 0.226457082019714 0.20512769634921 0.241269440089826 0.0716968126491877 0.164336722749611
0.26264397793705 0.281517831957387 0.123674243292497 0.292199627610539 0.0237544603879081 0.0162098588146196
0.0773921875502513 0.0430098058105755 0.0795388334042027 0.371539183778495 0.25683174631733 0.171688243139146
0.127084742327479 0.229048003660278 0.0698698157232156 0.129029235955306 0.23880520652271 0.206162995811011
0.196858891037553 0.0323398009806227 0.295267210820187 0.216163138122913 0.100033507833164 0.15933745120556
0.117451345039365 0.304218387022087 0.0954921218694661 0.172072198695733 0.303936685337887 0.00682926203546211
0.0144607902833636 0.284241880427402 0.209147002825379 0.119896434362319 0.074111508935035 0.298142383166503
0.228650665156989 0.322722609498397 0.0985622605660559 0.00599609196867199 0.112553190017694 0.231515182792192
0.0929197722690544 0.147854146768643 0.156823814437706 0.400430232436766 0.0980493541755171 0.103922679912313
0.206405871875114 0.207042339838943 0.259430775193962 0.215081315746783 0.0463945102248851 0.0656451871203134
0.147083522375143 0.154952617669365 0.28681462115136 0.159641749017823 0.160662505045424 0.0908449847408836
0.198025158971759 0.103522656934611 0.132256081986293 0.362278808498147 0.0357409483102376 0.168176345298953
0.0467352178937706 0.270294999029393 0.227720202737516 0.117525133188578 0.102208745031345 0.235515702119397
0.0211551799897872 0.309050408796258 0.277328324655088 0.0917356253275392 0.0720988764412955 0.228631584790032
0.141172871453077 0.258740969483041 0.243343692549867 0.0503666796402995 0.0659102162679651 0.24046557060575
0.00143445093562411 0.319003801383495 0.297850255004787 0.010999008229765 0.310455950147763 0.0602565342985673
0.236796048840706 0.289850163045543 0.0778691393815654 0.190155718131135 0.188955562516727 0.0163733680843238
0.0323179470322669 0.0973631459286715 0.133742269834549 0.264888209456554 0.151123301232881 0.320565126515077
0.18385666154553 0.160694322363822 0.216192591916178 0.0747589665571396 0.144194800007307 0.220302657610023
0.20401816712751 0.0328788038630896 0.394874346490643 0.0431661107018848 0.103216410172388 0.221846161644485
0.327415579772787 0.215141922316334 0.0145591482865055 0.168773372350127 0.0185186931643882 0.255591284109858
0.0550620766283029 0.45293068980397 0.29145701467547 0.0380115224656165 0.020489976347367 0.142048720079273
0.168063932171623 0.00973552579433594 0.143789476908921 0.250927968661814 0.14769949285287 0.279783603610437
0.026288011769433 0.00525488778980232 0.0670432669737597 0.229718708372771 0.365905979841546 0.305789145252688
0.247679436070254 0.259171871962204 0.124284747907473 0.0548850413521796 0.232975773493434 0.0810031292144551
0.280656333886557 0.138479207228964 0.0729426183635405 0.181088473995887 0.234424926735755 0.0924084397892964
0.252374742109396 0.0992962985594649 0.282523788863886 0.141813451753698 0.158887611715262 0.0651041069982923
0.0982002365922639 0.210968921375018 0.234064036077569 0.252464154173135 0.107761928116154 0.0965407236658599
0.058683426278706 0.0978365196175189 0.210278067751187 0.0377059791265105 0.269258327023072 0.326237680203006
0.136431827770947 0.133185462302697 0.153843108620742 0.220388519369398 0.122281949896367 0.233869132039849
0.223779810264377 0.236822019292076 0.143789995893853 0.107397409979849 0.262615521662023 0.0255952429078224
0.123445391457482 0.146314276596743 0.115004802928017 0.0923824031666608 0.0922320426477012 0.430621083203395
0.132623356609582 0.277233839746319 0.223494753793944 0.160649764999312 0.199550086761162 0.00644819808968032
0.312210050958 0.176751813799531 0.398750800640819 0.0135062533581608 0.0304033878898284 0.0683776933536613
0.235706195828818 0.0363936588835172 0.00166347211937178 0.333211607283552 0.101145484477678 0.291879581407063
0.0859074277691557 0.147321447364875 0.188981162924679 0.202695453477885 0.152031480496695 0.223063027966711
0.21568095829366 0.16058588169158 0.23712685496274 0.172744177817869 0.074113382186696 0.139748745047455
0.185047188613719 0.00160443083612916 0.168590665492791 0.0598650812916969 0.492928156626171 0.0919644771394931
0.203081514892812 0.148374579361184 0.186733678688751 0.235019474738907 0.0570402411545186 0.169750511163828
0.347149607730703 0.216485394410782 0.0970529208031447 0.11637893561006 0.179987970091936 0.042945171353375
0.356754776193656 0.027727055431685 0.0558695566936142 0.109536562505086 0.129831908458427 0.320280140717532
0.170822971822363 0.168593989546523 0.19357586065934 0.159722015311048 0.156878869593344 0.150406293067383
0.0889051791143129 0.290639915322254 0.118678539956957 0.172240879600484 0.0468716736408548 0.282663812365137
0.0918672234249556 0.235703763682386 0.180688554719 0.145020851380437 0.116589462856991 0.230130143936231
0.112639920254583 0.225725090172859 0.214317156387263 0.221896427718444 0.084744623461273 0.140676782005578
0.301360493103828 0.206806909787797 0.0301296844379298 0.165636197724373 0.0119921572267232 0.284074557719349
0.0153520601994415 0.458843864211804 0.0640821865514863 0.0709046389001223 0.141931677953163 0.248885572183983
0.106112224826312 0.216936337131984 0.218070394914285 0.0483279698693942 0.206105669799093 0.204447403458932
0.247091975307229 0.0122180949644183 0.24378553090961 0.23344968642415 0.190737644087842 0.0727170683067499
0.311793787161937 0.143795814467883 0.116116504415426 0.0625503846415101 0.166199158797207 0.199544350516038
0.0254507116312546 0.103885945577654 0.170135207575417 0.244591770889598 0.24854491449932 0.207391449826756
0.0395025194094554 0.277554247006028 0.287501381534552 0.0206238252286861 0.0501672179980668 0.324650808823212
0.0982360939019098 0.105321702746572 0.337107102224623 0.121281129725219 0.235333682279985 0.102720289121693
0.18992047647774 0.0764886981814386 0.212369735644658 0.184132902519211 0.214790910378916 0.122297276798037
0.116273796395327 0.294811356875537 0.13385472528349 0.0331376175061726 0.265335581773034 0.15658692216644
0.0677844065099042 0.0451320737755888 0.21143444833084 0.333415363079187 0.316230761223491 0.0260029470809887
0.0976669584652836 0.276589117581628 0.203987261410071 0.102898338125058 0.0377610775919071 0.281097246826053
0.363087184575008 0.00593647305336269 0.233480726502906 0.0128995081759782 0.218835051265041 0.165761056427703
0.0798722541830586 0.238010212907909 0.220695551099022 0.0743670151488439 0.0989426440297517 0.288112322631415
0.27075513959004 0.199661545139772 0.24916141560564 0.11545514498135 0.143457437754567 0.0215093169286302
0.0789592165645865 0.131983538005347 0.333436722993341 0.217681353392315 0.105498932449035 0.132440236595376
0.233937873339752 0.0836974034896637 0.153741639740241 0.234447588122729 0.151103120222524 0.143072375085091
0.21760297352634 0.161913839960566 0.144837766911496 0.106507602473499 0.340610229686581 0.0285275874415166
0.164661827746584 0.274210355008039 0.0609055949633205 0.0713374102196891 0.290750734779581 0.138134077282787
0.0786204540744546 0.0529625992573168 0.237010919458004 0.115452916444646 0.26056141215237 0.255391698613208
0.199670010748274 0.217524113355231 0.1851506455841 0.0716723676959255 0.106702610805964 0.219280251810506
0.0473255026973089 0.194765235436464 0.304291866753896 0.0559550777724427 0.104627278312717 0.293035039027172
0.254368632655486 0.0986957616583756 0.202593604838242 0.113541490378814 0.253404162997003 0.0773963474720795
0.270707683836716 0.0720173459321697 0.0197456159632355 0.191115792071681 0.311475209303125 0.134938352893074
0.209937590939759 0.0974604214538825 0.0218999908086489 0.250993204657807 0.209542372613723 0.21016641952618
0.151220012817442 0.263593839564096 0.0386875995091658 0.294857172747102 0.00392392330977436 0.247717452052419
0.138548998300287 0.125936499476651 0.535781137795047 0.00766353722097447 0.160988283899336 0.0310815433077035
0.156473177010078 0.208851545105498 0.0785107304539606 0.297045468442451 0.243865082985751 0.0152539960022613
0.236001603817446 0.19404035952321 0.22722898818748 0.089081824061743 0.173911169789994 0.0797360546201275
0.171297670751276 0.101860889593586 0.344361602220572 0.0518638140681014 0.278358922365452 0.0522571010010125
