0.0330681487975964 0.0443563675665321 0.148849353898215 0.132850794860496 0.146252467883371 0.132030719336715 0.0183356632726047 0.138138868013314 0.122159605740207 0.0839580106309495
0.0988568934613859 0.185434150414308 0.0472549308373443 0.00804836998411757 0.164001046161133 0.117403751492539 0.11440702801769 0.0823691468235081 0.147010731346884 0.0352139514610907
0.0213497391478728 0.0242904787770922 0.00455079930983473 0.152570671496495 0.0905057515093239 0.000246282917223787 0.203139778322174 0.191970388222074 0.1677685864486 0.143607523849309
0.261430440441325 0.0144679566347001 0.299081396811193 0.0806117969481791 5.27186944362207e-05 0.0394362182318812 0.0596054324924896 0.0308036021325775 0.0507122484571702 0.163798189156048
0.0291698840541856 0.0966263727974012 0.0914167324360204 0.134179024119552 0.0349498574787242 0.0972349789740846 0.17664057981964 0.0815394077460725 0.105470287049737 0.152772875524584
0.107191005148075 0.124121982598649 0.069420659026225 0.0879513827851119 0.103181117578517 0.105616859765562 0.0948829832063329 0.161682047993995 0.0250995510825734 0.120852410814959
0.184795877166906 0.07489543545403 0.0707552516329789 0.0643842090870565 0.129021418304163 0.106471406925842 0.0680816935412233 0.179191898752705 0.0391342279929885 0.0832685811421077
0.0914169475637684 0.145516220554134 0.043889561615362 0.109979626352981 0.138454962293035 0.135187879696856 0.124207853228763 0.009851024122988 0.143004576777833 0.0584913477942796
0.0463502290883301 0.176551563917812 0.0684148132594492 0.0294411097882657 0.153565929573341 0.160143229242679 0.067254012010605 0.151906540114225 0.0871136857741847 0.0592588872311079
0.197689130622824 0.184852062103206 0.00508515366450548 0.0480703398198336 0.19506548763641 0.196672730242522 0.00657107319921203 0.0446737308468656 0.0368073305844228 0.0845129612801981
0.0783765630723936 0.0990904199573818 0.291327444855195 0.023964996695912 0.0570129221989651 0.0209256844825762 0.301880289435135 0.0284365202860003 0.0222720597288875 0.0767130992875536
0.163802452930377 0.00104722081789417 0.0951037663210381 0.181834835177437 0.0408985658297477 0.0825894385691189 0.147814617944342 0.145999362385371 0.0410985579781304 0.0998111820465442
0.0758339797910141 0.123475520045695 0.0113054856821302 0.0931673371111723 0.101985529841217 0.148745559200987 0.0138392481778158 0.16322248240702 0.108928250941157 0.159496606801792
0.163379418498002 0.146149901520906 0.0191366261070177 0.137558609066038 0.13379626314543 0.126898802812133 0.0147873062640943 0.112386774919981 0.115349623955593 0.030556673710805
0.0607359834753955 0.186755911374104 0.0167097354402001 0.241921776377636 0.0649673978027359 0.0114220807091415 0.20644792517466 0.0976530344788307 0.0248032214284254 0.0885829337388712
0.0312015208100733 0.121010176569586 0.0796809990373276 0.178236709822227 0.074337847621727 0.157143143621779 0.194673842005243 0.116771118833343 0.00148127197362015 0.0454633697050745
0.0108263768118114 0.216975425501343 0.0193268419795461 0.0536593784557131 0.171533182936501 0.0067914664738233 0.0299932801142232 0.245047422620804 0.108308015177695 0.137538609928541
0.0240333299928571 0.128540293615022 0.141242492596601 0.0637097083595017 0.0850843978925639 0.0847807418758051 0.118103831219337 0.135347987815461 0.0891389945345041 0.130018222098347
0.12553918309817 0.00369527376477314 0.155730701573075 0.139122457323875 0.113321968115253 0.0957493117358802 0.121427231653109 0.00958408469488169 0.162980350705691 0.0728494373352909
0.0795168498380408 0.0889857126173878 0.127512059054529 0.111544921154444 0.185183185729078 0.104218378901435 0.0610962400119618 0.181908320190648 0.0395105170793752 0.0205238154231004
0.00530087999077092 0.1644155736499 0.191527855826321 0.0220446858044817 0.06396070001523 0.167697722624669 0.0328984817430829 0.131596429111571 0.182500727731482 0.0380569435024911
0.0075364807663563 0.181184790254324 0.0265327187490607 0.121696219997489 0.0040625406520611 0.0644586254751124 0.0584425850843647 0.131445061782921 0.245233395223628 0.159407582014683
0.162713291248489 0.0116898936392058 0.149846658255702 0.136705775312654 0.0993060607697045 0.019265640837429 0.064671972843755 0.117362338895345 0.102518541232587 0.135919826965128
0.00465715799694776 0.103416764611246 0.155353049922198 0.177161092037841 0.101557366494977 0.198869005024119 0.022744458063041 0.0255215791184054 0.127088426178079 0.0836311005531462
0.0245653916262597 0.164845417431204 0.0930603711243226 0.168328769619238 0.0158700413742816 0.137345708509786 0.0975227670643696 0.0699536377144829 0.0745047343555863 0.154003161180469
0.0975537633746372 0.0866529580893401 0.108336947868725 0.0971546704694366 0.163737872800547 0.0598556652122031 0.108119919386457 0.0743164082696228 0.119993461789106 0.0842783327399255
0.182015684437329 0.131648300484966 0.14254041221558 0.0430497439296008 0.155785180602432 0.0183632263670914 0.0878795297877579 0.00124340611753925 0.100697742843452 0.136776773214252
0.0750682118700582 0.179073997967238 0.013647174309189 0.188133013552896 0.0423406581078993 0.0678390350978261 0.162711226543909 0.15192741367501 0.0288093386281667 0.0904499302478088
0.00655965792501313 0.126136744587289 0.0926691031704758 0.130543405759182 0.189012273980345 0.058918848811895 0.0983176676060868 0.0696095703497736 0.0905980263862267 0.137634701423712
0.0173869003342813 0.14773474560324 0.0409851467645072 0.211617846515545 0.086005920204392 0.0233620591238254 0.0148063956856571 0.152471630122264 0.0743176105196017 0.231311745126686
0.036411342777967 0.142103605915613 0.109644570006705 0.18737985697302 0.0534998628909924 0.0193647512821514 0.146764730964175 0.0933896329888199 0.141503718051424 0.0699379281491324
0.0102410286460112 0.13106052017056 0.148178762738513 0.14524890452737 0.141958168361839 0.124082879132934 0.0337200250258891 0.0269765854733374 0.103541762203623 0.134991363719923
0.0688477548822957 0.0677955846988743 0.0591352208445702 0.109229961395849 0.135218764142503 0.107400464664315 0.139651699070703 0.104732281276599 0.0843258047252631 0.123662464299028
0.0545612484316594 0.0784717330493153 0.153578817979799 0.0749149324058666 0.132602158909102 0.201412227601718 0.0571701415902393 0.0154300213996954 0.0430388632719444 0.188819855360661
0.0341187588297182 0.086117634492595 0.151271934877464 0.130197638233082 0.104873471454288 0.13957599222465 0.11935494083074 0.0805774693822481 0.0767322499005709 0.0771799097746445
0.171839739189713 0.183321769497708 0.0349833393178132 0.099930736492024 0.0461571191114989 0.181679020608636 0.0277175900753929 0.181436120113104 0.0709523321534321 0.00198223344067788
0.103445494994985 0.022668159085106 0.0688946877848361 0.0572164069673552 0.0960834107210561 0.0495056213344585 0.0413448654172828 0.203757481956195 0.223266668368145 0.133817203370581
0.194754236029457 0.164773275102203 0.0107361898598194 0.0838210036088802 0.0218547157637463 0.095740884748291 0.0366870044979882 0.0727037270890245 0.156363738675293 0.162565224625298
0.0507015058196396 0.147767136408111 0.143647753199423 0.0813485020140515 0.194614397600446 0.00116488273294725 0.0347486910242933 0.0285457278653755 0.189369962553312 0.128091440782401
0.00464490915985707 0.0467210775955803 0.118442484874189 0.0957223608277112 0.16527560535758 0.118802998001324 0.113777400929913 0.0512189538879903 0.146541950948972 0.138852258416882
0.11007658157236 0.122209752682292 0.0893511375692364 0.113064307637236 0.0325064760280543 0.0549956775559237 0.124030472298903 0.123966028739319 0.101373189438018 0.128426376478658
0.0205815789441368 0.0181661558877783 0.0502273579667259 0.110338997224763 0.131328701770644 0.0050793726510312 0.201750785840061 0.274769078061239 0.0160690628883778 0.171688908765244
0.122895145256267 0.149181903022376 0.143599488509542 0.0371642876045829 0.11188116450811 0.0740009426805265 0.124614360191831 0.00275460503914367 0.117054638583855 0.116853464603766
0.00382004360914318 0.0161627709072432 0.0803092429283197 0.266654751473441 0.0385358429527345 0.173308473883423 0.246682799635502 0.0896233855038943 0.0319081250711766 0.0529945640351226
0.124098302955156 0.132660138274155 0.0833386425635734 0.140076949862889 0.00616868400634055 0.139982783658067 0.0479103358827916 0.112676124657742 0.107197380827909 0.105890657311377
0.128779700510418 0.175131956528626 0.0753292936576173 0.0486393885642306 0.0515273702631036 0.151219382932237 0.179068373111402 0.0353843429301795 0.0515796861508804 0.103340505351304
0.149882343674157 0.127503540909234 0.150053157845408 0.0756875520549688 0.155056795415861 0.0357950717433666 0.0767896846966571 0.143502942452863 0.0728920109129504 0.0128369002945339
0.0597818348095295 0.0554597678055191 0.223753313659494 0.0404715308562043 0.128609085400315 0.153304274027888 0.122315657925236 0.0263197235355248 0.00237533025533376 0.187609481724955
0.0417990678615269 0.142689913808805 0.121996485935006 0.0729063732030219 0.0836899952563366 0.073355264380829 0.201630274357557 0.124992587912559 0.13403842380214 0.00290161348221897
0.0988593910838878 0.0715815486216545 0.1530149437005 0.0932396735502424 0.024492702464838 0.0113035153429522 0.139524388153937 0.0556940663995701 0.183944463654052 0.168345307028366
0.143256400482191 0.212725147442283 0.0853325117318634 0.181209147699751 0.0175746269890501 0.0220835048929304 0.00300814236282853 0.0626001554989843 0.00566109425360155 0.266549268646516
0.143355388625178 0.0541864265083246 0.106798123487349 0.072834102239394 0.018520419886159 0.170742621899232 0.159934199477114 0.00804371829314983 0.207561018171902 0.0580239814121977
0.123095746542944 0.102704832766157 0.0600652341432285 0.130607511096286 0.0871457821596526 0.101983739843773 0.0882151673505831 0.0599399313786575 0.16695906462001 0.0792829900987084
0.118811539905889 0.00674223864049577 0.0402970046517285 0.144886340387956 0.164205931591314 0.0254443539664377 0.0675836849915231 0.119962615071102 0.145618479883947 0.166447810909607
0.0750944653671357 0.0715435558888867 0.02414926906743 0.155278217177638 0.123950602539264 0.116169538571469 0.0384959923115831 0.138303787046273 0.0949146575835923 0.162099914446728
0.109536413107677 0.117775463888841 0.096825434086166 0.159214612313674 0.111623923461531 0.143751769844966 0.0855082547032249 0.00205656160350659 0.153504917497494 0.0202026494929195
0.0622875657911097 0.0694865475177528 0.000416055971752587 0.0567178030037639 0.055537132537177 0.200708005781006 0.178720800241724 0.0736415201567819 0.12259062164571 0.179893947353222
0.0807391007996679 0.025881038212016 0.0390309734111693 0.101944689000121 0.186771642184204 0.13254792571644 0.148566141290471 0.162424409528829 0.0269834559068408 0.0951106239502413
0.156105065563272 0.0983468529471207 0.161551198974451 0.0373839412514809 0.0658592716578645 0.0296073311351544 0.0697590006526158 0.0962170146772593 0.158812648553988 0.126357674586794
0.0589562148787546 0.0993380245317681 0.145625358336387 0.0958808518862336 0.0920716324680167 0.0907055765531914 0.15698203991176 0.0932414719637945 0.0881254163001759 0.079073413169918
0.085638387435638 0.157821339552807 0.0342492195553475 0.112081931254661 0.154307688052261 0.0697530343458363 0.050975199188236 0.131468777738724 0.159787528801946 0.0439168940745431
0.116814419774685 0.096655493565249 0.144895182566524 0.0179807837725639 0.0665176749046258 0.171758394278757 0.144181901045661 0.0763153411362924 0.0129853373550916 0.15189547160055
0.153720068145413 0.132013645568007 0.0666315336691858 0.0583634608538479 0.0124840900774678 0.135884028132074 0.0927390167697608 0.0746766832461174 0.126761729128024 0.146725744410103
0.114203348109268 0.0160194130531858 0.129137007208195 0.138978142353497 0.15971803756877 0.117152098109438 0.0261905232812887 0.133424062665635 0.0213587698375861 0.143818597813136
0.205698678447481 0.0877289611287918 0.146135145691685 0.0560920902627664 0.0267883005740212 0.0219705538980899 0.109146321905365 0.0302444735498386 0.20153077313923 0.114664701402731
0.115466704505892 0.155607170630295 0.135194421271196 0.0631216068264223 0.112218030412905 0.124120357182797 0.0689295792158054 0.114561635685215 0.102068774627739 0.00871171964173312
0.153699708599575 0.169180919536988 0.00551028446838198 0.1178200524749 0.00425223954026178 0.0702655917752406 0.161369409918227 0.137065786393309 0.0467065532636576 0.134129454029459
0.0917492550676841 0.156256721810079 0.100525572890738 0.0978222637517567 0.122515805680047 0.0394509213750174 0.046005997677359 0.155393009960461 0.110275523967994 0.0800049278188633
0.0815367246243036 0.140361418820478 0.0935831878630207 0.135960637891342 0.0852693401196242 0.0989696581505903 0.0461992367934632 0.0763492104144377 0.128277798808156 0.113492786514584
0.0154770699245843 0.153766028621188 0.100594949255785 0.105247322258256 0.091309954985013 0.188026391723834 0.00787601589296833 0.101632079613431 0.0715664606800362 0.164503727044904
0.045582034340193 0.200542041511092 0.00440105617013336 0.0845338768524415 0.107232053032251 0.140875350636112 0.0789883758799053 0.0626926714392421 0.0980905070724899 0.17706203306614
0.124486632950926 0.0132220291257949 0.174174257576534 0.0167589810014219 0.0824357237507774 0.145896228866667 0.170062126004256 0.0392950830109386 0.083391551151487 0.150277386561197
0.113672099452798 0.150733853389106 0.101179217583945 0.0856687419315745 0.0133498563026478 0.122729303549212 0.0730313991219865 0.103415593861943 0.16072496212809 0.075494972678696
0.0329743093132002 0.00933119866207744 0.0628993309522599 0.183519937435478 0.139439809626703 0.00648257032857874 0.143011826942588 0.110375792095004 0.148635408979585 0.163329815664526
0.105235400126403 0.0958653126077438 0.160234493071465 0.0158783512746197 0.109019030201499 0.103172016680361 0.121960888647328 0.123117875161071 0.08987744940066 0.0756391828288486
0.169311817279552 0.0762945266854488 0.00944151764809086 0.0938220931086709 0.0907042491739325 0.0763103850254851 0.114214202192704 0.0925469358170312 0.133211783866109 0.144142489202976
0.0848341636516448 0.0410114379613426 0.106194952633703 0.187823710569514 0.158200519088478 0.167598145228073 0.12779126554153 0.0274579714267486 0.0615385396044003 0.0375492942945653
0.128883762798747 0.0951414714755362 0.0956273499475952 0.0144708653970227 0.101089840788384 0.0948757830504666 0.116259275237419 0.159789611725501 0.100527037603907 0.0933350019754221
0.100966032594299 0.119207309798005 0.0721812487107103 0.0522462728620307 0.0417133928517316 0.0869753434636705 0.16386037124353 0.0627413882859787 0.138449946414868 0.161658693775176
0.166379958731845 0.00126159891476486 0.165774173364046 0.133481416688939 0.0794231286613613 0.007139465475609 0.0417154532705932 0.111090112262583 0.147765184968863 0.145969507661396
0.145892654712332 0.0185153447141412 0.1519378464294 0.0403159731426658 0.109121235603919 0.0611580233140202 0.0512720188451582 0.081403452143925 0.174684505557053 0.165698945537386
0.194382254569354 0.173124287932681 0.0744975401471241 0.0119013349521459 0.0310990053301051 0.0122175862554356 0.0887507681139427 0.140465160570239 0.0770032302415178 0.196558831887456
0.110222965490631 0.0832175623529113 0.0762248537557693 0.202430555485036 0.0845955351773007 0.0049954954144896 0.0672140673129239 0.128595639251156 0.193888756614387 0.0486145691453945
0.0145960500240193 0.0456885714487085 0.0672639434919219 0.14875175385265 0.0201481378422595 0.164858676155491 0.178769375831924 0.128564028527039 0.125274134246935 0.106085328579052
0.0110781458355266 0.000258589712463875 0.111330446912346 0.211090848031597 0.0216296764813177 0.102415901972075 0.146375524576455 0.182977214465353 0.196842536669076 0.0160011153437905
0.0949537907306122 0.0566297794714902 0.158742845447372 0.00140328961189072 0.127720237139443 0.00276333421496855 0.0472359781059736 0.126093760048064 0.143605053575752 0.240851931654434
0.0153043115787017 0.209708799284692 0.10821727023044 0.194476487039105 0.110150660961989 0.0816133478322473 0.0569504598225313 0.010433826413308 0.164524191879199 0.0486206449577855
0.161959933544466 0.0485829851170263 0.0747729216586879 0.148770792286391 0.143023987286375 0.0485384421701477 0.017498464460128 0.123283941079245 0.165657927971999 0.0679106044255337
0.127197062524872 0.080186100547218 0.122189137258328 0.152127832502398 0.0260774399776593 0.130265884171234 0.0328963730168172 0.151884690645555 0.0673200777305617 0.109855401625356
0.0224991453111957 0.145141107915635 0.125091628851485 0.116014336573127 0.174542878185051 0.108511607869412 0.0604112982966252 0.183994474722717 0.0407969325356131 0.0229965897391383
0.175654076472205 0.0793418720537421 0.0187013274524795 0.1980507290687 0.0579651114558149 0.0958085859104895 0.0442406964565102 0.198767007891205 0.0114991011681702 0.119971492070683
0.0545871709479044 0.127321635173773 0.164378786605644 0.074273584684847 0.0638472547893634 0.0477557886965622 0.180355388213187 0.017242418175647 0.106874307867847 0.163363664845225
0.159079162185003 0.129121302307386 0.0659599901082991 0.148337402121635 0.00553764557722163 0.095471114835875 0.0824321223084576 0.106738767238691 0.130026950019007 0.0772955432984249
0.00394083616236994 0.0483566090135101 0.0413453657682458 0.0800145767801693 0.0875596567558704 0.00884917556966387 0.283383037729255 0.0146752857996678 0.251320323404209 0.180555133017039
0.173470225393986 0.123941709889737 0.00303178136334106 0.152786175065342 0.180121660768782 0.141124104315439 0.0350217709205827 0.0225737879101641 0.16225050963408 0.00567827473854668
0.0823067186892886 0.071455744112091 0.010993018342875 0.0274404290889003 0.154324963396682 0.145424188644451 0.124778653163946 0.127065302541615 0.117423083316868 0.138787898703284
0.0425577804136482 0.0519680511495416 0.143125290429629 0.191525598717561 0.138008507812434 0.0473764142494024 0.121420622564365 0.0815581215031868 0.177470410469589 0.00498920269064224
0.070071666123374 0.0371322388497591 0.12015919481934 0.0725978742376496 0.172495627046142 0.193995386851432 0.107317752584482 0.155707025102502 0.0385604565857732 0.0319627777995456
0.148473380638062 0.0905560682548341 0.130193748263142 0.00625470555967299 0.0632286775721802 0.054388365443135 0.0280304526512335 0.154600280350203 0.228541916701672 0.0957324045658656
0.0751631308200919 0.298756313754124 0.0393093574136757 0.00562408757573173 0.0701554856017153 0.0965750172584922 0.226726805595633 0.0221520571334032 0.0616550031414238 0.103882741705709
0.0366449465921117 0.0420312300731088 0.114062459840029 0.0108760324971624 0.0820499567292937 0.0673718089833537 0.152589760347733 0.154676684659065 0.170398470254479 0.169298650023664
0.0248682778145088 0.0425521940082291 0.177780968572512 0.183297495992234 0.0467845842711 0.0579587346446026 0.0936521886608747 0.0268150097601751 0.16014783849788 0.186142707777884
0.128988051410786 0.107725481880684 0.124643022205982 0.0782345154159214 0.109586325885995 0.0321836582523996 0.113954123796643 0.143424872317881 0.147331912092414 0.0139280367412943
0.206608741502889 0.147574026495741 0.149919094104495 0.14017880238371 0.0766210155417261 0.145949029257447 0.0501941899130063 0.0114792422416202 0.0512357274511984 0.0202401311081673
0.076461683338691 0.084102843723811 0.20731274160814 0.0018740077871366 0.0475244989498585 0.152051950284443 0.213304249951992 0.100892726827138 0.000176189215028582 0.116299108313762
0.000604565295740603 0.0307945048533342 0.206011657070418 0.159586254726598 0.132995392758762 0.11565580252231 0.151921537937313 0.0748019258570901 0.0200372221354478 0.107591136842986
0.00655871876433173 0.0419739541057936 0.180859083631661 0.120853414616429 0.221089456801841 0.0835800342273069 0.2052620801308 0.0164973910650416 0.00139493298952261 0.121930933667274
0.17289424202241 0.0215848777618464 0.17994618655005 0.121217493698088 0.190736073363396 0.0884585253831043 0.0403272205856083 0.0241572804286533 0.0799322765793404 0.0807458236275025
0.147973787771043 0.0683591574497314 0.0931998948926471 0.127531158540557 0.152959715460622 0.0967294214701614 0.0403477425792937 0.111197178187695 0.135028063623129 0.0266738800251216
0.106443882988662 0.152920066426551 0.0172785065827225 0.119301635703068 0.165047084017604 0.168119281422067 0.121277860319173 0.119236560311913 0.0170598579983309 0.0133152642299087
0.0618888966924492 0.171949474001503 0.00590261284848936 0.0939882987915942 0.0792875933233814 0.164094182867036 0.0195807014990117 0.131237841324525 0.170132631097252 0.101937767554758
0.0113831293486115 0.181159334590215 0.0811841323403378 0.202256123591029 0.0387616087519802 0.0787523896462889 0.114946452486842 0.0616722700528931 0.0986447580064337 0.131239801185369
0.134596873607445 0.0929856672859914 0.147344730571356 0.074213319108786 0.146362530630306 0.152203362715577 0.00467462271244274 0.13916370196134 0.0131106810869396 0.0953445103198171
0.116815083657205 0.0922176624911145 0.103529245806954 0.0463005334542754 0.106056872416534 0.0854177254624984 0.109686267343408 0.113878954342783 0.103898102314101 0.122199552711127
0.0209173499512316 0.188253679975982 0.0192686818167587 0.190228467792108 0.0313274208821043 0.126328320759121 0.183174663800998 0.211461000505188 0.0149879856105296 0.0140524289059776
0.10033921367497 0.033009756725356 0.142595853636438 0.145797101685191 0.130746120757807 0.0288594019122166 0.14505057841085 0.0738061957132107 0.162351433400277 0.0374443440836836
0.0330415592674335 0.0671854290696601 0.17352735915349 0.146833020425126 0.0814005429806437 0.0897844374273327 0.0422506484228968 0.157961970375386 0.173195638254015 0.034819394624016
0.139220343313459 0.13059978240449 0.100703404679414 0.109203139403415 0.0966847853282035 0.138006038095164 0.132335192747776 0.020475062755603 0.0457411956929984 0.0870310555794767
0.111194993099522 0.021167207701682 0.0932035569680977 0.189857176158823 0.106109370349527 0.16141768963194 0.0601137623151922 0.148949075782703 0.0524195442067042 0.0555676237858084
0.0947578081880741 0.203512472059452 0.0289286837396608 0.178158272537411 0.0313231581067093 0.0658116623426635 0.108639160291708 0.211833933865251 0.0110691368686912 0.0659657120003791
0.00601171535219574 0.0405115069776789 0.00855929805485033 0.273534790407126 0.055169044294485 0.0871521004798999 0.0185067786627969 0.143349638531402 0.140703353154324 0.226501774085241
0.12770595558436 0.0220137675799234 0.148903684746815 0.124407816967899 0.171992268987596 0.11470846230882 0.0115274466176518 0.00592551916273374 0.0954541268055911 0.177360951238611
0.0878882522192789 0.166277973624174 0.122669414832641 0.0934983988639894 0.119784066984247 0.127394491910433 0.058658572714304 0.0343825437700166 0.122526669404318 0.0669196156765977
0.215322154685815 0.0779654332192193 0.226911246356904 0.000420226346509705 0.0347982166415362 0.0625097460925495 0.00495004406131246 0.210912809050836 0.0993343058671626 0.0668758176781543
0.162272802880968 0.108459887197657 0.0117525457521539 0.00191992350078462 0.143138051641908 0.0380701907762546 0.185488226165357 0.0294593111515141 0.0927650212599384 0.226674039673463
0.00402479599109215 0.135332301930755 0.118723696967317 0.171347281366528 0.170120963507039 0.0316484278974234 0.0565228700795294 0.141678729765785 0.140619291223232 0.0299816412713004
0.125973422455033 0.0621704490458137 0.156314240384896 0.0605781768100897 0.129251164781935 0.14397659740976 0.135557424594503 0.0393376051663721 0.111685543279573 0.0351553760720267
0.0882707540587175 0.105560597715767 0.0777832465298314 0.055475998069471 0.0772414341338767 0.147931297111196 0.0829067451260768 0.133551764199849 0.0648349669895408 0.166443196065674
0.231578945068437 0.0812078203346576 0.101266361315592 0.115840101878437 0.0212615628417378 0.00841386229974569 0.105691211410673 0.0761123105298002 0.25106575748253 0.00756206683839067
0.103481080102483 0.0830921827565825 0.052754031106325 0.146420103166198 0.1469355490044 0.0375167188051704 0.0612531139807987 0.123915279778943 0.148144083165037 0.0964878581340619
0.0999421716220702 0.0839207979641633 0.0758413296485943 0.186936690346183 0.100295609034479 0.0686872722365127 0.078156744669443 0.0490984197125129 0.0664995859618261 0.190621378804215
0.00834272456066501 0.0324399546881626 0.183637900340073 0.206586300996245 0.0431646854757806 0.110253629282642 0.0731983423955714 0.150785000969654 0.166455141384946 0.0251363199062603
0.0566188357409965 0.158259344944735 0.0915566478124067 0.110844925433588 0.0949677123712556 0.16924877205993 0.00614735313049746 0.233410747701188 0.0496578500362946 0.0292878107691083
0.118640573374352 0.0349617191771108 0.174359212926873 0.0309509244578551 0.192816313099001 0.191087886389756 0.0719045922665055 0.11083802716469 0.04286479108038 0.0315759600634761
0.0981562040383693 0.22292973364443 0.163922732237554 0.175883469378544 0.0584909064446929 0.116675220981494 0.0502629990609098 0.0666543053113092 0.0101494394941453 0.0368749894085522
0.163163743097132 0.00395406507378118 0.123768240244076 0.109732709590112 0.135025608983258 0.170791521893259 0.0657760118154441 0.0815362598863777 0.0190761079399762 0.127175731476584
0.149633039363849 0.00435022075331489 0.133379097977564 0.107872132856901 0.0157970927995287 0.160295774229798 0.161453064171626 0.109931147315295 0.0826899973708415 0.0745984331612815
0.0331855337116932 0.185122628654171 0.0452958635126359 0.167321400615548 0.149243118720019 0.178809009826415 0.110683857369157 0.0329872300877914 0.0862525784344808 0.0110987790680894
0.206266145531389 0.17714503207408 0.0150957902356669 0.0582705772731962 0.198307528036371 0.0660250309790393 0.134850773735173 0.0536911847418721 0.00897240553272838 0.081375531860483
0.000953851371783482 0.00305691395312175 0.227095957767414 0.128615189932985 0.12571687475595 0.0132858291802806 0.0414421138731744 0.155045965643601 0.165689087940527 0.139098215581163
0.138565785015702 0.0525235979773802 0.116956262334522 0.112706691665946 0.226325512272991 0.0360908748456704 0.0473030145466279 0.120316438399667 0.0850631016274054 0.0641487213140884
0.0588200724756046 0.0436229596623849 0.197052714096463 0.187106734698664 0.0675292199606848 0.152237316410377 0.0698350764486516 0.011846108986569 0.050266172126517 0.161683625134083
0.146895567315957 0.167036242019105 0.0960093945476288 0.0452773628036464 0.0252278079476757 0.0332702968316271 0.173673203984458 0.0846852501383949 0.105430916480033 0.122493957931474
0.116915298471848 0.0818519174769901 0.163322912297137 0.00208487250262445 0.213613839930173 0.0957535927690755 0.0783062102553344 0.0324890115349025 0.129497960869157 0.0861643838927573
0.114054918537589 0.0659670895349902 0.169890248650139 0.0458687675817263 0.167391111737322 0.0887541996591712 0.111368931032965 0.1391823698261 0.0146710424257712 0.0828513210142262
0.134846593664252 0.107664635239432 0.0511949026034278 0.14169212421371 0.0842873052766291 0.0802507779684778 0.117950987122063 0.0568498311558233 0.148413681286294 0.0768491614698902
0.0974959660025056 0.171443874601975 0.0196887794422267 0.152482976977436 0.060172498437467 0.074949718874528 0.157627828488115 0.0455598154158818 0.0978314504473174 0.122747091312547
0.239279556732495 0.212496353836061 0.0295902201068542 0.0926396038436583 0.0234087267650457 0.00673008789430132 0.0602510867789957 0.112384717321804 0.18320668300085 0.0400129637199355
0.191655997925348 0.151822053878514 0.0356403455417378 0.0050527948127425 0.0494894151904089 0.144128435458736 0.194214712956384 0.0398166729954882 0.121289152037891 0.06689041920275
0.116543039625039 0.108776332192578 0.123497598115344 0.0549316868790553 0.161735707958435 0.101066333816269 0.140336778285302 0.0831708105439398 0.0386252577133728 0.0713164548706656
0.0683321253621461 0.138425056834574 0.231205324968224 0.0696277292221201 0.0561422593101104 0.151061732901961 0.081586366521593 0.115572794098298 0.0706033778348621 0.0174432329461121
0.131110633934313 0.0735136924981201 0.0445611455237292 0.0271473192535597 0.143033204741144 0.0183856372865031 0.135493795318229 0.1135146008766 0.122446301488934 0.190793669078868
0.152829575172067 0.123385497859473 0.0329203579664932 0.0517075638421651 0.134017478878867 0.0027921745787416 0.0601642875687773 0.164907739081176 0.193380357825733 0.0838949672265055
0.0543900489294638 0.167244649257627 0.0419869566927407 0.140323028608093 0.0418103990476251 0.126420711041004 0.138625082071445 0.049924265685517 0.173949873825227 0.0653249848412573
0.193127497287203 0.0305180221822391 0.0665334244961983 0.113834611061041 0.131336717867719 0.0345431355693174 0.130439368244479 0.0505001333722773 0.177374458643486 0.07179263127604
0.116231317399816 0.0289192839817761 0.140469773983023 0.109796280585259 0.0651054375009625 0.114533079515429 0.0580767163549359 0.141504409219597 0.127023736183774 0.0983399652754274
0.0900174174645403 0.0229997178431155 0.0910798573067373 0.00150373578308206 0.139027958331733 0.131286363886589 0.130571828265089 0.1599728955864 0.167025201967772 0.0665150235649422
0.221674298934404 0.101318003085233 0.0839557849438571 0.025725490423063 0.0143971845602373 0.0915913455505348 0.16903904622363 0.0394584449999745 0.198670657237004 0.0541697440420631
0.139719866257032 0.0612819848279502 0.168392966104098 0.00063146995518006 0.159976970807166 0.109182761215852 0.0231545742370223 0.162094434825874 0.0146146490257581 0.160950322744068
0.0403572656906264 0.157696032597557 0.0285894560304972 0.134733136747957 0.0139985629943711 0.0981728802993724 0.154112888308075 0.122485689668394 0.0857463415844029 0.164107746078747
0.130484227858753 0.0944573790225105 0.118850568645184 0.158471156992034 0.117073915109076 0.107717712274868 0.0395007966065818 0.0933789625070228 0.124918604197551 0.0151466767864191
0.0722314206246848 0.124740487843605 0.103869908027996 0.0992532143551054 0.140193114319232 0.00902587113790293 0.162298554336107 0.0941245762485868 0.161904537556029 0.0323583155507511
0.0656385312642704 0.143587641346925 0.038375940251086 0.0527512638949521 0.164791465031889 0.130263768181487 0.0948579277107024 0.0908406973774459 0.161562148423292 0.0573306165179501
0.245213862434405 0.164869857721673 0.099364895380489 0.0944497152817104 0.120065086522012 0.0443637614162946 0.081494367743176 0.0336684493260119 0.0333202135104765 0.0831897906637518
0.0801951107016268 0.0476894700605819 0.164110832621034 0.0821321418137935 0.127811641762201 0.133714171771782 0.0989382850187979 0.0468254860347431 0.158071231824511 0.0605116283909286
0.115947777180595 0.1609381556206 0.0449041287540956 0.0714781479675893 0.192690500803703 0.0025566806269724 0.105060934051915 0.0126471422749278 0.192501115766463 0.101275416953139
0.288708959669051 0.00477434820177147 0.10662543397589 0.0743915838619777 0.0685065545832993 0.0398758188741897 0.0711958615084884 0.256882830815108 0.0513492748578829 0.0376893336523417
0.0236496763971075 0.0141550084478595 0.168601269641969 0.133021238418544 0.111044309802843 0.0655572629718206 0.0366698384057135 0.183860376474675 0.170234437594258 0.0932065818452094
0.0684374607928858 0.0153400125013805 0.099992650090639 0.00360683270809121 0.126006575741272 0.149728509568044 0.166864492766197 0.159605104349833 0.146335705598148 0.064082655883509
0.205582111269335 0.180621228989053 0.169934252892766 0.166230614445023 0.0187810649420952 0.0442366240329783 0.0281903527612292 0.00307246589615951 0.104446187688721 0.0789050970826401
0.11166265816633 0.151118365846636 0.14825383332577 0.0629531339887998 0.093964107147333 0.044245242010226 0.105746580212055 0.0814550605972943 0.0685173554692303 0.132083663236325
0.141165412260032 0.0893128465218915 0.122449892060366 0.209663661249844 0.153535901259987 0.0244208443459257 0.145662335868727 0.0128752735278373 0.0294955614480105 0.0714182714573798
0.0310235380657311 0.183491500708572 0.150063793755261 0.0428360072506023 0.0319422808778443 0.142775445209611 0.0405939389653905 0.154118898736568 0.195395910196635 0.0277586862337857
0.0929058471810904 0.103675996991191 0.143005577771898 0.191843953022799 0.112971182653856 0.0187482481562769 0.0261432050659996 0.0875732793548177 0.127953023145141 0.0951796866569303
0.179201767766552 0.0488971471510007 0.128006097752603 0.0661848922079009 0.0981445005043532 0.151680182542374 0.0837501538345524 0.0156731311052065 0.121862920223569 0.106599206911889
0.153384531284777 0.0381985734202107 0.0484207080611159 0.188866708289315 0.00257322410069478 0.11015150930846 0.152848394549535 0.0765342194043433 0.149959714512442 0.0790624170691059
0.0766810392978098 0.112082705464651 0.0576429729434295 0.0819885373925361 0.0356118930862264 0.109594023318945 0.171261965063246 0.169296308717239 0.0343390052690182 0.1515015494469
0.0228674645644797 0.240576037223416 0.0960612455209338 0.155426845467603 0.0366763721136066 0.152761008351019 0.0563708408439511 0.0780586262550701 0.148133689699529 0.0130678699603924
0.151652517110266 0.0683057271861494 0.170322191032818 0.125582020059343 0.0150831317760182 0.206416714158067 0.00194497541144399 0.13780713735456 0.0782308944039363 0.0446546915073983
0.143411589972949 0.092639952001295 0.0596024781915537 0.14146873984145 0.0476367303886206 0.130429679687971 0.1373066313003 0.065426722861409 0.0306616390724081 0.151415836682043
0.0853124111568028 0.0915554904139536 0.104248993454547 0.127901015881856 0.0236442963889658 0.0331074717975846 0.156680524210188 0.110733667464872 0.165109496661373 0.101706632569857
0.125148885521838 0.117749799321902 0.164929610875381 0.102417345404707 0.10549698940299 0.0607327900141776 0.106442967779685 0.0966823406216346 0.0936419193808078 0.0267573516768777
0.0469405028343738 0.0976287252724886 0.20668086467371 0.191205058152615 0.0653879259062602 0.155893382120704 0.00630762823020207 0.0849661199430507 0.130792017347217 0.0141977755193793
0.140260083173884 0.108850544548251 0.159014961231552 0.031339207301825 0.106320536708025 0.0836861139774087 0.10787694482499 0.0357116674029196 0.157059437634697 0.0698805031964471
0.116517471843754 0.147862198220349 0.0681485045711073 0.105428525612399 0.0701311365919753 0.144476814422376 0.0343152186728909 0.101944957571725 0.0798051552088697 0.131370017284554
0.0736035971566587 0.107305878903693 0.15896662291528 0.108214047111079 0.173100186492513 0.157584911787886 0.00410897922824856 0.0195360866676332 0.107423207476675 0.090156482260332
0.149816177493767 0.0917593633110328 0.20894365276298 0.0243170739335634 0.26144948927772 0.00370929282651049 0.0529921486080622 0.133397107783648 0.0356201766975348 0.0379955173051808
0.130330325411116 0.191199609185567 0.0221306308093143 0.0790923553544622 0.00756288006544122 0.00364575792547583 0.0975799006863274 0.140431744497257 0.188238628108646 0.139788167956393
0.034152551846225 0.0217379642280458 0.0522760137532177 0.100782092541492 0.0739069439531806 0.197753454003219 0.0348300506650756 0.180318081460879 0.11158514066473 0.192657706883936
0.0203278637859432 0.132164471432763 0.102126082628824 0.143159073819893 0.112887107081817 0.154942595561128 0.0156641930524068 0.107621809794572 0.046992579275429 0.164114223567224
0.0466304846349069 0.12477444728284 0.0876396768001372 0.083956391962557 0.0823541189506851 0.137814903313728 0.104664426352005 0.11831603574122 0.0799173124585664 0.133932202503354
0.129045585545633 0.0686554421622058 0.0640110514606786 0.0169187276087954 0.154769531351612 0.148069104123427 0.0236361616583103 0.078689796249003 0.147964842153393 0.168239757686942
0.0986331720760183 0.0298227989118452 0.111073828855541 0.139636600337035 0.141473180500031 0.0869355032508616 0.101704641056875 0.147248334564649 0.0465077449346631 0.0969641955124809
0.149347556118771 0.125156443961615 0.0907613668442715 0.0894597738316622 0.117463431348442 0.0751535725442764 0.0470755884710588 0.117672636626428 0.0971996097942331 0.0907100204592422
0.176106020502984 0.00871852624594115 0.0212143045507433 0.119755177415956 0.151356162704812 0.135935409231561 0.143592132671868 0.128011033728858 0.0181306747765058 0.0971805581707705
0.00337845440980136 0.165282982769344 0.108103113042764 0.0482090249174436 0.11857812322903 0.0662782862800136 0.0792031070122904 0.0893193679330424 0.167201762461393 0.154445777944877
0.119154114301603 0.0385507534962278 0.192859994436831 0.0426435723641133 0.194022856142199 0.170716547843305 0.0970977222394766 0.0308764878246387 0.0551258370860629 0.0589521142655413
0.116786706536107 0.0625398557340232 0.0819324991710606 0.112462687479798 0.166253346685523 0.108301950101259 0.105496481270061 0.12009233267575 0.0148125811619706 0.111321559184448
0.0128365409132739 0.127718879274766 0.119815413056059 0.166840696868928 0.145010750700349 0.108093893171122 0.149620717441386 0.0835764541656874 0.0515049966627718 0.0349816577456568
0.0497997129343513 0.068262768948067 0.0421923137271972 0.121078507665247 0.135153759062431 0.245565312552093 0.043455596588353 0.187942193027114 0.0548554443749747 0.0516943911201726
0.159113176671045 0.000591663250169318 0.14480992880477 0.170200907041454 0.149825355948668 0.0816094836740007 0.157651981755891 0.0755769467635694 0.0208826481133043 0.0397379079771284
0.125077567849105 0.0499039299087178 0.0920189188992267 0.181335758871255 0.113622413909061 0.17407802876172 0.0483588547449443 0.0235003464465709 0.050128121570872 0.141976059038527
0.0452443596128641 0.148014482486577 0.176439921602899 0.100080179674533 0.162212644541691 0.0873451039830797 0.11331904884246 0.089277821156889 0.01407276551133 0.0639936725876785
0.107370757476001 0.122130324232175 0.0101677798761757 0.00941115053742412 0.0292662765695233 0.131085604091473 0.0596895288445493 0.155053391769946 0.188472902615803 0.187352283986929
0.145353671458253 0.14153053420684 0.168014111681207 0.0395719840300108 0.178210174464496 0.0697086762845083 0.0803725680091638 0.0694462151331011 0.0211008811012429 0.0866911836311775
0.106169763041023 0.059818415641927 0.0459701054252784 0.0534359178217627 0.11668001223302 0.0393365888800451 0.227983853190157 0.0388080483356734 0.215659561937412 0.0961377334937016
0.104821479556623 0.00645879247386626 0.0239967753317938 0.128887086185586 0.159129813410651 0.0101405348824801 0.133452387691032 0.144892457053574 0.150405355146763 0.137815318267631
0.176359732361258 0.198736145266861 0.0432218885289437 0.0286023755308062 0.0167691340089158 0.164910255414112 0.034318546823122 0.12728578808599 0.110488422087068 0.0993077118929236
0.0922593283144908 0.0361760416684199 0.0997125502955791 0.0541640069003832 0.150490441726261 0.18827363713228 0.0236509152861194 0.0818387158078629 0.165232308004514 0.10820205486409
0.0236581358000634 0.00774860934670187 0.16096300365999 0.0544977022067095 0.202156738726694 0.206713485190708 0.0983607935134737 0.0943700951061529 0.0999298929014582 0.0516015435480486
0.109529882875337 0.183323752866082 0.173008428804016 0.0572567195588167 0.00369955706783663 0.0869292972089347 0.0754505931272801 0.0746658224951889 0.19172215056461 0.0444137954318984
0.0999543214819767 0.121921602236387 0.0713298419869891 0.178122399566937 0.023359552916875 0.103214401424903 0.0734189092524395 0.132450315421487 0.190741869690314 0.00548678602169147
0.149850948208294 0.124219360258934 0.0711555119396724 0.0342152534708959 0.120216537810352 0.135706533772285 0.128994340287565 0.00468657566314503 0.0972891478305965 0.133665790758261
0.0827277091338557 0.0853889084405487 0.109196220055242 0.142800405880511 0.114516428326898 0.149778384483542 0.0557436534595971 0.103725062828834 0.0797764282834473 0.0763467991075248
0.04830706207885 0.00314230860601391 0.217877022863461 0.0464711923842209 0.123791557609622 0.194353646440692 0.0109264351832413 0.024377316282704 0.133952051886479 0.196801406664717
0.011346362127247 0.18527449114719 0.0472387594235086 0.0627251802715691 0.0499897436979439 0.153294662747825 0.1839481702669 0.140168750103862 0.0560856449860319 0.109928235227923
