0.317410150087671 0.162608536502994 0.0632898866031948 0.456691426806141
0.200421039361498 0.0497239716420115 0.395804068667316 0.354050920329174
0.447543399603109 0.0792498403440779 0.267194166092756 0.206012593960056
0.387313047453486 0.191274961446274 0.38404883801047 0.0373631530897691
0.300144045315543 0.325950748723183 0.270659282090363 0.103245923870911
0.173428379423224 0.348571453876076 0.204024738609038 0.273975428091662
0.14962867731337 0.184269411055759 0.336938811005343 0.329163100625528
0.136273732391163 0.331209243527462 0.151573259941304 0.380943764140071
0.392625627212701 0.299137520365415 0.209475836666261 0.0987610157556233
0.287312913990886 0.239486826786749 0.254002912280458 0.219197346941907
0.0259105674388827 0.00822504595080358 0.472271396013384 0.49359299059693
0.214315539080715 0.437173588466005 0.0681140356431232 0.280396836810157
0.045659011687299 0.0561940025730759 0.55508136634547 0.343065619394155
0.20551643123554 0.0362255600451232 0.40006700234104 0.358191006378296
0.102386290977621 0.181178238754853 0.426134789209514 0.290300681058012
0.369246636497838 0.171726772298211 0.361694572400574 0.0973320188033766
0.0828767054458417 0.312660020019508 0.361238524905653 0.243224749628998
0.140456665472127 0.47925226700088 0.26233696455772 0.117954102969272
0.361860616639795 0.185061699508227 0.269155221720487 0.183922462131491
0.130336887580453 0.20416247015972 0.315473356542083 0.350027285717745
0.240929094212068 0.106400470931694 0.488227210761788 0.16444322409445
0.175536131895395 0.118764369972521 0.299170662496928 0.406528835635156
0.33021226988479 0.00412807713781745 0.355064858744564 0.310594794232829
0.512659186885698 0.0988058613920777 0.306821820363671 0.081713131358553
0.197403689129888 0.398517789198694 0.165645191749731 0.238433329921688
0.464500786595053 0.139754389099498 0.194193215628458 0.201551608676991
0.239719803856961 0.365095124753673 0.198789021559214 0.196396049830153
0.652982667163171 0.0940731533297879 0.11712078545155 0.135823394055491
0.31568646051865 0.00854373348674353 0.122497447705002 0.553272358289605
0.0610394720830573 0.438067971453906 0.174337090801371 0.326555465661666
0.304758348934965 0.230121642501032 0.177876792393055 0.287243216170949
0.341862451673274 0.124242235005773 0.499226356820046 0.0346689565009068
0.267671928696455 0.306237178177191 0.12949943483877 0.296591458287585
0.240185574859715 0.28224738015684 0.32648022841269 0.151086816570754
0.380931421903002 0.175541252347072 0.27169785262336 0.171829473126565
0.197656422577597 0.437647721570546 0.361984641545765 0.00271121430609221
0.217509889892084 0.236711230328528 0.170715884646966 0.375062995132423
0.148517272809405 0.194967351776164 0.349187248602226 0.307328126812205
0.422691266348106 0.494347161718613 0.0447225237133081 0.0382390482199729
0.449787333746344 0.371387785958407 0.131333527218546 0.0474913530767029
0.217121811517586 0.371267913696245 0.216134773982116 0.195475500804052
0.040667682405929 0.446831036331612 0.19454346699606 0.317957814266398
0.0726309293675387 0.248933720990478 0.235573820635835 0.442861529006149
0.168893109510063 0.250185741511176 0.261657079245291 0.31926406973347
0.373570601232657 0.125875524339181 0.157532418474816 0.343021455953347
0.133921342506645 0.108181348846042 0.320946709811284 0.436950598836029
0.523268641005227 0.0489543322740286 0.356039061866855 0.0717379648538901
0.075228388211055 0.219564757840936 0.538365716319519 0.16684113762849
0.284686760284723 0.0555015302337767 0.45281438679503 0.20699732268647
0.520270530339139 0.311452206775507 0.0888476204125032 0.0794296424728504
0.143469124788131 0.366343715038404 0.233190388448079 0.256996771725387
0.244832477905241 0.109847380801353 0.291914724331959 0.353405416961447
0.191887888494218 0.340354108489056 0.0444169091284091 0.423341093888317
0.314407966020976 0.0444916376801708 0.205725990806853 0.435374405492
0.259007703152296 0.274985798523122 0.207079978445151 0.258926519879432
0.312912933170416 0.567778829753473 0.0819973347883474 0.0373109022877635
0.0785504816596939 0.200824582884706 0.495189447588866 0.225435487866735
0.104723590557642 0.119449137902466 0.759051305597889 0.0167759659420019
0.158801602467496 0.429605151383211 0.0582595932698922 0.3533336528794
0.308040497511581 0.362610357106227 0.173765516187973 0.155583629194219
0.663936056905666 0.0943227798147939 0.22544871372362 0.0162924495559202
0.169425653255895 0.175929683548586 0.0741937317472866 0.580450931448232
0.282946630532781 0.289000888772556 0.246692671998679 0.181359808695983
0.148772849885259 0.528194299383312 0.091272918858186 0.231759931873243
0.135172211096424 0.276248214714139 0.231879275508368 0.356700298681069
0.213292498764455 0.50553179848706 0.276648681591586 0.00452702115689879
0.515066850336995 0.248501413405109 0.0108433598814757 0.225588376376421
0.338535887916288 0.22122037372453 0.238757744994152 0.20148599336503
0.359519317520043 0.226623034716657 0.226180880669301 0.187676767093999
0.230344100219965 0.389120697639361 0.323005828246284 0.05752937389439
0.200040146315698 0.306993559241576 0.152488807351427 0.340477487091298
0.308754789752297 0.294071664766973 0.158277700291652 0.238895845189078
0.000509988096997031 0.223684872153226 0.499322561329378 0.276482578420399
0.289318383019962 0.250143265388621 0.191997704754538 0.268540646836879
0.102613140144187 0.188772137931561 0.309985227778492 0.398629494145759
0.0541971243394722 0.501123398628508 0.363358918965836 0.0813205580661836
0.190371539416033 0.391664060444235 0.312978691167632 0.104985708972099
0.236282735114783 0.150105349577393 0.190439623118646 0.423172292189177
0.00826566255569688 0.374142465667465 0.323418615494279 0.294173256282559
0.14115105677655 0.114341800446731 0.386259907324091 0.358247235452628
0.139145750775646 0.693310739495731 0.0954827617061337 0.0720607480224895
0.290528895885299 0.0192620607583524 0.308853159771233 0.381355883585116
0.2700047153328 0.285383760774941 0.230957630973392 0.213653892918868
0.342888995980255 0.2690428583429 0.233762246504189 0.154305899172655
0.127358635205481 0.303284406700121 0.195869785498786 0.373487172595612
0.280613228072761 0.218880300233055 0.24461326850881 0.255893203185373
0.294531105527281 0.367177301384923 0.331471175930874 0.00682041715692147
0.383632286432137 0.136611267849709 0.376896301753261 0.102860143964894
0.467019855092539 0.273394304096749 0.0801159232277143 0.179469917582997
0.262244219663202 0.271888811539201 0.251029406066205 0.214837562731391
0.226281115982261 0.249992620716587 0.313636155108393 0.210090108192759
0.154952945284982 0.154000136718493 0.34167613460827 0.349370783388256
0.14882057519346 0.0690617793586362 0.460171648702985 0.321945996744919
0.0349741887633627 0.319629795024286 0.445779194000808 0.199616822211543
0.568409191289229 0.0590822383589487 0.167481314812814 0.205027255539008
0.0256176380811179 0.299688452553123 0.581981313055071 0.092712596310688
0.455623181235449 0.152413425489566 0.362341736631903 0.0296216566430816
0.341698426957859 0.273151773413363 0.330043895043942 0.055105904584835
0.266151626722246 0.0721493487038748 0.322968715905897 0.338730308667982
0.166955363459938 0.264237677771341 0.290830683839811 0.27797627492891
0.223690719643286 0.538543580370493 0.126251521816345 0.111514178169876
0.429086528773159 0.224704503489198 0.0860780602402002 0.260130907497442
0.540065505937054 0.0710429437241659 0.308219843153313 0.0806717071854662
0.116824966409055 0.0750837210639622 0.441565735148114 0.366525577378869
0.490372793614512 0.239283496386175 0.254530829423198 0.0158128805761142
0.0931584876495319 0.104334299650296 0.533346464619446 0.269160748080726
0.033018560029113 0.389237903473585 0.339081619943182 0.23866191655412
0.454123252737462 0.161340907427892 0.0633075289484471 0.321228310886199
0.114821507816297 0.383169750924377 0.279680230795602 0.222328510463724
0.180953241165622 0.271140823490008 0.349222817967399 0.198683117376972
0.380412623592777 0.246156731074673 0.226806691770299 0.146623953562251
0.402401195308421 0.317564520757747 0.142395966784753 0.137638317149079
0.24766390814933 0.0295825264461553 0.252028540388921 0.470725025015593
0.328101095269637 0.0698421202503316 0.237277234956846 0.364779549523185
0.318467286223388 0.0830194159693957 0.297044872968259 0.301468424838958
0.331262123883805 0.16267896563627 0.357122412155092 0.148936498324832
0.203411846967198 0.63741568682462 0.127676112034658 0.0314963541735241
0.150972543072432 0.377771928582059 0.433534184454694 0.0377213438908147
0.0267695842018984 0.453540289310268 0.403357370921862 0.116332755565972
0.421454825971264 0.272688592731774 0.241372014924416 0.0644845663725459
0.34122946084321 0.229119157724052 0.16457833882542 0.265073042607319
0.0694259349449225 0.86768137117952 0.0190352579668415 0.0438574359087158
0.27261586056694 0.224824914551941 0.424388714543248 0.0781705103378715
0.155703825177774 0.303481665157542 0.277804490425026 0.263010019239659
0.418324929868942 0.15742399803856 0.0270882103596527 0.397162861732845
0.283793020365858 0.232289992102572 0.155192112824277 0.328724874707293
0.163062167755092 0.54963537944291 0.0426542719750427 0.244648180826955
0.229575998692613 0.220012290701197 0.137344534791667 0.413067175814523
0.0973182066503792 0.0814830900823966 0.531838333106895 0.289360370160329
0.548951297479113 0.0458576010858612 0.315396531958716 0.08979456947631
0.241016750473693 0.316397453655998 0.295726472316337 0.146859323553971
0.203275551578859 0.219906858601926 0.310272986192166 0.266544603627049
0.15372185988368 0.700822428298272 0.013270743554592 0.132184968263456
0.308309247428813 0.0906819073837056 0.339516084375762 0.261492760811719
0.169083918080056 0.186487300997172 0.333572754085677 0.310856026837096
0.407409687172086 0.246346236116418 0.169040418727845 0.177203657983651
0.368063528133959 0.010218904580804 0.484360361756133 0.137357205529104
0.0246643618191414 0.398791506943461 0.364564412758466 0.211979718478932
0.186122650375783 0.38695203171032 0.23429750445677 0.192627813457127
0.128192436752114 0.327720065049237 0.0362493631347716 0.507838135063878
0.17307915845927 0.353812077650238 0.159898212091148 0.313210551799344
0.281567680959967 0.159833103950595 0.344737695987811 0.213861519101627
0.473950556782567 0.173435163600719 0.334872441759114 0.0177418378575996
0.115906494401895 0.490371806511346 0.0709512475001876 0.322770451586572
0.290357016156881 0.0565138971102393 0.308745140465639 0.344383946267241
0.290838315075064 0.0881491563230705 0.362149092916892 0.258863435684973
0.248501381733975 0.226827404101155 0.267995041525351 0.256676172639519
0.168333821653198 0.23580384205109 0.391919715698067 0.203942620597645
0.123982923608125 0.238266854612966 0.288179965051287 0.349570256727622
0.289324326158937 0.125083105017488 0.405196122826 0.180396445997576
0.242698304022641 0.265044756189491 0.43417612302446 0.0580808167634081
0.000988829588883143 0.0590911579824218 0.390672546402443 0.549247466026253
0.390455246035195 0.304691666579534 0.134687226270725 0.170165861114545
0.425911019965256 0.0353081382843502 0.31738762156321 0.221393220187184
0.291417891934227 0.295554484277846 0.252255952689132 0.160771671098795
0.219015934441673 0.375249614274185 0.39996416260367 0.00577028868047142
0.281330369295857 0.134986445357439 0.298179526335372 0.285503659011332
0.192283262078561 0.456584628538272 0.0697350188031386 0.281397090580028
0.226967405218214 0.159192944723398 0.457053610241002 0.156786039817385
0.0990065377458018 0.241658114574903 0.284940023966303 0.374395323712992
0.338158051481138 0.333120396770243 0.113954486721572 0.214767065027048
0.333774739760401 0.353700253420427 0.24638682097339 0.0661381858457815
0.0104822238604744 0.661321342452206 0.100662188052474 0.227534245634846
0.294851158468663 0.0333768653996125 0.302484441931677 0.369287534200048
0.462500444461316 0.0657345803012083 0.371561107180192 0.100203868057284
0.300988674025597 0.255292577374716 0.153074060843169 0.290644687756518
0.0548135707347101 0.346246062693734 0.527982790958443 0.0709575756131124
0.0306948987232657 0.381632127785453 0.40841971420515 0.179253259286131
0.185839692221209 0.300564318716025 0.310591231769277 0.20300475729349
0.403011472986863 0.183670343552003 0.370193113278896 0.0431250701822377
0.404374528014125 0.0479674859379324 0.19624898945073 0.351408996597212
0.377374670530754 0.314706220777992 0.300599994981842 0.0073191137094121
0.264209126981415 0.240307390501116 0.278567057132929 0.21691642538454
0.17315645049689 0.267523320424579 0.259828507764247 0.299491721314283
0.168417575896874 0.367424132547205 0.21315660664776 0.251001684908161
0.252925602199008 0.12417584249056 0.287128084388554 0.335770470921878
0.0126098094532435 0.448547274579723 0.196888188354243 0.341954727612791
0.189677598939032 0.267109311940895 0.278062371205386 0.265150717914687
0.185882090737633 0.412861183317611 0.0730930103232876 0.328163715621468
0.112753539111419 0.296913041793537 0.274022843763988 0.316310575331055
0.447052630582918 0.335185432466142 0.172857439902039 0.0449044970489007
0.246070088848963 0.0482720166919131 0.370191578734162 0.335466315724962
0.307203595114672 0.0895350064469767 0.242184606787488 0.361076791650863
0.0849028864931937 0.406636756757346 0.39249079036876 0.1159695663807
0.100236275030265 0.275093322444422 0.291353164596166 0.333317237929147
0.184111324183135 0.280370056820885 0.332230246570917 0.203288372425063
0.348764832641225 0.336648820576498 0.29558248522756 0.0190038615547168
0.431806783237962 0.107429872866558 0.14121906841883 0.319544275476649
0.562437773354362 0.163142240354285 0.186345265661475 0.0880747206298778
0.298015719576974 0.0433046452078035 0.332730605796486 0.325949029418736
0.179543900105184 0.243915295804573 0.340175541507254 0.236365262582989
0.384392651692308 0.222664684418752 0.269425503045335 0.123517160843606
0.3044132264817 0.0255865059108506 0.314029894071859 0.355970373535591
0.284040980740687 0.31893549705098 0.38263480695079 0.0143887152575431
0.421118020472809 0.106377205398542 0.241954695306427 0.230550078822222
0.261040379736739 0.135969862189382 0.283131088115698 0.319858669958181
0.255846364268932 0.25469928263992 0.228057300519675 0.261397052571473
0.106419815520513 0.314058868534651 0.281303610484907 0.298217705459929
0.427677551301191 0.00277211786182056 0.287657688324774 0.281892642512215
0.0645207936087236 0.376106604431633 0.448890117733361 0.110482484226283
0.0155605201646959 0.626363075023391 0.328469843135839 0.0296065616760739
0.201174381074898 0.283544300598824 0.0885818936922311 0.426699424634046
0.275685114211723 0.33009991537113 0.318174229833388 0.0760407405837589
0.457789786463856 0.10656983523258 0.314322456973755 0.12131792132981
0.244136226128049 0.271825037870649 0.296754701305033 0.18728403469627
0.290337773358226 0.247489057679687 0.368403748135567 0.0937694208265195
0.276557724567362 0.270856668189504 0.208912927961194 0.24367267928194
0.284897391477453 0.282162674411941 0.105937536833801 0.327002397276805
0.229787902530563 0.0762107956475157 0.340722781037872 0.353278520784049
0.203452987936861 0.330808390783282 0.368271467760541 0.0974671535193156
0.267716677623909 0.302840234189293 0.305525986772024 0.123917101414773
0.0330583534940178 0.0258029968172952 0.595453087763232 0.345685561925455
0.156599184110116 0.340749900390027 0.197325025981294 0.305325889518563
0.0315403251244191 0.276272831697597 0.364202567945625 0.327984275232358
0.225068658181333 0.180478146073698 0.314938995308056 0.279514200436914
0.371858223242498 0.347644094240191 0.177363005469971 0.103134677047341
0.492438001196008 0.049927573507009 0.168866504867313 0.288767920429669
0.0442028338727005 0.216618782511337 0.364272738586137 0.374905645029826
0.224080110664045 0.0726076413094736 0.495389417831763 0.207922830194719
0.167360565492545 0.465456036762163 0.000744857266006112 0.366438540479286
0.261874431880852 0.290532002509439 0.23484779943199 0.21274576617772
0.429016871577206 0.0736085439562181 0.0423204887909459 0.45505409567563
0.0136287292018103 0.359779440991462 0.381572673044407 0.245019156762321
0.288334373845124 0.465236928075448 0.125237024939119 0.121191673140309
0.0467586285856341 0.383583973037116 0.422445791796681 0.147211606580569
0.250035544021263 0.142038926202369 0.0472932682520641 0.560632261524304
0.454059582167176 0.0412182922521341 0.35133691402136 0.15338521155933
0.340900818743463 0.14766101586344 0.218063116422724 0.293375048970373
0.354056630699099 0.0701200099143434 0.277233749045963 0.298589610340594
0.412958909439275 0.0480931931728722 0.391612000674253 0.1473358967136
0.42310116499413 0.292008942138421 0.0747235525846334 0.210166340282816
0.071120156930374 0.655375103728143 0.0926455146014876 0.180859224739995
0.319679438900472 0.095347191766901 0.381384296393981 0.203589072938647
0.117239803756531 0.246005358490825 0.249785309930988 0.386969527821655
0.111300365582153 0.154492179575273 0.159811828881046 0.574395625961529
0.0827639864043333 0.18624352680842 0.433298405176312 0.297694081610935
0.322792749344763 0.190346539756619 0.307758906156451 0.179101804742166
0.360898255810773 0.331657838412525 0.106133562299172 0.201310343477529
0.191258099674835 0.261259762785183 0.290740550878916 0.256741586661066
0.168601541768375 0.292778297138705 0.100044755612419 0.438575405480501
0.311021442175513 0.0984153639993331 0.391180925509817 0.199382268315337
0.331151309060178 0.325006411155217 0.146408913588385 0.197433366196219
0.0651605754821446 0.214360879276709 0.35303455721491 0.367443988026236
0.271883547470249 0.259488150377601 0.239905458421681 0.228722843730469
0.360468866042138 0.176814874663477 0.299360734370617 0.163355524923768
0.378847768116062 0.186888664634747 0.306938050095527 0.127325517153664
0.162928120808013 0.213084581302531 0.124967728531299 0.499019569358157
0.296285512916935 0.211359704694019 0.345600295099542 0.146754487289505
0.0317608641996715 0.499451671269621 0.442491107840594 0.0262963566901144
0.391432987743974 0.157118998694279 0.439846908087559 0.0116011054741887
0.0550830214275441 0.318489365520254 0.31294729808247 0.313480314969731
0.121790047605149 0.0820572219636056 0.341855781033708 0.454296949397537
0.448022973268633 0.369822679858304 0.122118856463904 0.0600354904091589
0.382616489766689 0.0508908801213631 0.311350649088597 0.255141981023351
0.313804890814336 0.291813973458386 0.0535341476849267 0.340846988042351
0.191531649638949 0.217152808126545 0.240375708706693 0.350939833527813
0.406247419697986 0.0146032582531551 0.175972740417447 0.403176581631411
0.189721873882122 0.080604196644696 0.450931054336358 0.278742875136824
0.355849172355661 0.135614788259476 0.294271951770926 0.214264087613936
0.294047100988641 0.0348483621085685 0.106950504299594 0.564154032603196
0.10285388289444 0.410158675018595 0.355683508443522 0.131303933643443
0.411058472730193 0.261167823636673 0.29124475599784 0.0365289476352933
0.00663225871304826 0.0608741554008666 0.247816561240188 0.684677024645897
0.0116876719394395 0.719648649191112 0.136882092213706 0.131781586655742
0.181018104381101 0.240933541455537 0.313390923689393 0.264657430473968
0.36553375374911 0.323453752926092 0.0114011865886065 0.299611306736191
0.323402069515423 0.07740782628124 0.39219448143033 0.206995622773007
0.0247944840445033 0.565961785059617 0.223072096216396 0.186171634679483
0.282262421641664 0.135122971391095 0.331982528444485 0.250632078522756
0.259773838373304 0.223009790477613 0.333594900229753 0.183621470919331
0.166454448427964 0.392917462278026 0.15500907132724 0.28561901796677
0.407857958765985 0.298603986980425 0.159077650540593 0.134460403712997
0.296695065682708 0.24983797122922 0.390094900685375 0.0633720624026971
0.215596022953347 0.029066304788322 0.121206481337261 0.63413119092107
0.0749227364829171 0.264620850824 0.617829287855056 0.042627124838027
0.344999061335086 0.100004288035573 0.365507340419196 0.189489310210145
0.201197165203378 0.364879724330426 0.184266395729648 0.249656714736548
0.250364086393742 0.25167268746441 0.293562124515379 0.20440110162647
0.0714670941574037 0.159194784626314 0.0453182108466937 0.724019910369589
0.148315574107301 0.175235180867037 0.286899728446887 0.389549516578775
0.463971676295754 0.358859088709804 0.0939582433406519 0.08321099165379
0.0874910294355124 0.18503546148276 0.0967034331211047 0.630770075960623
0.0494485076369369 0.327234879636236 0.253100979077462 0.370215633649365
0.169387240820215 0.173757485268225 0.449788959503888 0.207066314407672
0.313469523951961 0.190708480092061 0.375524469305517 0.120297526650461
0.458326156515525 0.00640682658868632 0.465711098388155 0.0695559185076334
0.180127653869179 0.215788011211834 0.300308248978828 0.303776085940159
0.206207604636264 0.137082834286398 0.277795190304576 0.378914370772761
0.040942523232424 0.336988267944106 0.306627898702926 0.315441310120543
0.420823708561882 0.131751672600378 0.181085823539368 0.266338795298372
0.3146415916593 0.275669323769969 0.319527940610026 0.0901611439607051
0.377262477723005 0.0167953781749771 0.280356467472639 0.325585676629378
0.0123919453012438 0.336317219625318 0.35791505356495 0.293375781508487
0.0673878341918211 0.228321172651885 0.364908827543182 0.339382165613112
0.0247827430855567 0.334559153410611 0.38108919341195 0.259568910091881
0.271467453546883 0.384731125086521 0.121131576199675 0.222669845166921
0.28056652740706 0.303140221402872 0.165405390689201 0.250887860500867
0.419177885488145 0.411746791497346 0.0103782695130256 0.158697053501483
0.0826641133502175 0.298826888951759 0.287811255709562 0.330697741988462
0.337577924425731 0.105500061780462 0.346421321302791 0.210500692491016
0.759856327476529 0.205284686170721 0.0190365175501011 0.0158224688026485
0.163364579249841 0.295239270624075 0.221102403490377 0.320293746635708
0.298258071287338 0.0996702644220518 0.169183294896851 0.43288836939376
0.482769537985041 0.0579709384114917 0.255233252393557 0.20402627120991
0.0920237981279427 0.294867225020679 0.282666033562129 0.330442943289249
0.146268209846619 0.370931186082345 0.155653220149212 0.327147383921824
0.128787878588046 0.199675349631274 0.295412975789397 0.376123795991283
0.266503650256506 0.184773317503616 0.272131795207871 0.276591237032007
0.402554947883132 0.09092125204234 0.301825452012384 0.204698348062143
0.203573143907261 0.212579584182842 0.406651197625043 0.177196074284854
0.287577391944046 0.416074385253525 0.263695696744173 0.0326525260582559
0.0476178341014609 0.200252178420007 0.623214314590723 0.12891567288781
0.456691529055034 0.311406804923318 0.0947832360520261 0.137118429969622
0.158537563429675 0.299648948517183 0.0647885449662399 0.477024943086903
0.396711977238466 0.147222331797144 0.284683051190138 0.171382639774252
0.533899078991256 0.028196021609704 0.308394319599949 0.129510579799091
0.256832606462951 0.149359752550295 0.302148629861096 0.291659011125659
0.0283853957232172 0.110854955681955 0.352841475374204 0.507918173220624
0.105160951590099 0.322947728440165 0.302722079394232 0.269169240575505
0.129872684889724 0.140402866908699 0.583274358859184 0.146450089342393
0.196050604002819 0.219112858787246 0.230099515660992 0.354737021548943
0.124485367174665 0.308949641571604 0.241613846806604 0.324951144447128
0.104064252350841 0.27506332166548 0.132542709380688 0.488329716602991
0.292330165220515 0.323728304510809 0.241495917964735 0.142445612303941
0.261629568417351 0.140772856994763 0.419562047154121 0.178035527433764
0.338285967521368 0.469973409444366 0.166528275516984 0.0252123475172825
0.357152029063033 0.128370261133997 0.394634576531018 0.119843133271952
0.363872274230205 0.135409222973083 0.00259866422224921 0.498119838574462
0.146851213616248 0.09728099509317 0.0924792735167838 0.663388517773798
0.362835559886412 0.33615218927293 0.261183718374556 0.039828532466103
0.197814539067934 0.270190664402005 0.226537910422525 0.305456886107536
0.452179990115187 0.24350153935071 0.058086511906874 0.24623195862723
0.316810729618632 0.271945874455009 0.028982472698118 0.382260923228241
0.284952933332049 0.539474900271539 0.0293912982726062 0.146180868123807
0.355319748304577 0.238752000804406 0.369566118201792 0.036362132689225
0.370016017848278 0.168849948286292 0.26412956466207 0.19700446920336
0.171054784881623 0.423090857477717 0.286075365665334 0.119778991975326
0.052641313159912 0.105875848794943 0.52318709632163 0.318295741723515
0.228552978672575 0.553684135454904 0.126920463848748 0.0908424220237722
0.457384685998242 0.0946492768949815 0.295596255172765 0.152369781934011
0.210792631764548 0.0592367738625267 0.474606988336467 0.255363606036459
0.253252370986703 0.182688440932303 0.364676100796559 0.199383087284435
0.394809608893975 0.132978042277382 0.400413758225435 0.0717985906032079
0.146539607559207 0.0405023237956139 0.527011634756199 0.28594643388898
0.313430904742794 0.387166192168141 0.284399099678393 0.0150038034106715
0.0837698422716953 0.116012660672463 0.437109034712108 0.363108462343734
0.287028499697675 0.205408254965119 0.322803059277025 0.184760186060182
0.261055610747577 0.149234879724817 0.403713401982438 0.185996107545168
0.226111448109992 0.302464636469136 0.35229695798212 0.119126957438752
0.397717952592038 0.0302680324070674 0.436206204693156 0.135807810307739
0.323684444388992 0.180108255963728 0.259331652565597 0.236875647081683
0.400139235740722 0.132379155574459 0.402606532669692 0.0648750760151275
0.241678408072117 0.0806573889286822 0.414301850510703 0.263362352488497
0.34254461529791 0.073190914835322 0.402477188591677 0.181787281275091
0.0170990443228829 0.143757643951209 0.412335175480076 0.426808136245832
0.178071875500112 0.336740085751159 0.242973832458334 0.242214206290396
0.595935377232614 0.338538387142694 0.0301262299738451 0.035400005650847
0.0258558095934118 0.582260150849856 0.365966329556845 0.0259177099998872
0.211311106567887 0.115838908028596 0.138263194939906 0.534586790463611
0.264826176561497 0.368773395990166 0.00668900556514426 0.359711421883194
0.257354554660701 0.280207822990038 0.180977342511654 0.281460279837608
0.322691986215686 0.0659280089815325 0.170914279875667 0.440465724927115
0.225554003824154 0.175045951712206 0.191028557050641 0.408371487413
0.194442673923078 0.280022965740818 0.291032259368338 0.234502100967766
0.184857804940225 0.22969551675075 0.354013101089923 0.231433577219102
0.389797970783774 0.0497294144165555 0.142606672018128 0.417865942781543
0.260820084228138 0.426147364724957 0.0811102536281243 0.231922297418781
0.121539791004021 0.425344048778645 0.165391330254343 0.287724829962991
0.452068288738824 0.133461968307295 0.0188821122137111 0.39558763074017
0.0364933316308789 0.604357458467369 0.230840675697887 0.128308534203865
0.361397774553843 0.379865498421877 0.176292947109234 0.0824437799150462
0.146331262404856 0.305268725394245 0.489479841513885 0.0589201706870135
0.26308322306112 0.443751680649443 0.0280950007906562 0.265070095498781
0.317350008200612 0.441277218954575 0.062350894471354 0.179021878373459
0.319565838570607 0.0858771699570326 0.316276736240747 0.278280255231614
0.160914464151162 0.380743548514319 0.0679027312690921 0.390439256065427
0.325498799336801 0.264346148757549 0.390640958630399 0.0195140932752503
0.414831345262928 0.0808831762823422 0.158920144167271 0.345365334287458
0.10748547209828 0.11940356144858 0.066444867414415 0.706666099038725
0.192190567506442 0.35875138982875 0.353272297142607 0.095785745522201
0.628037345790024 0.100304647589886 0.189815316630212 0.0818426899898783
0.511523890095016 0.191211998107073 0.23867692252331 0.0585871892746007
0.268311751400671 0.340647437010778 0.342322708750923 0.0487181028376276
0.152959596773324 0.288922998553244 0.383510692603183 0.174606712070248
0.133784881575341 0.286561466090173 0.473018382708182 0.106635269626304
0.213316104351936 0.356863426816921 0.0736896240204759 0.356130844810667
0.133805323681638 0.284313187191666 0.183826048881707 0.39805544024499
0.577915580251151 0.0310585030397491 0.0329205009100417 0.358105415799058
0.281773657520587 0.320270917118323 0.0656149538784064 0.332340471482683
0.379416392407471 0.372340986381903 0.0949628237117233 0.153279797498903
0.401663747966235 0.0791176646128842 0.471528341730412 0.0476902456904694
0.366172731843329 0.140116740178102 0.174523669972998 0.319186858005571
0.305558429046845 0.172182019025109 0.303835322519455 0.218424229408591
0.16536045648614 0.336395643891738 0.227941101501208 0.270302798120915
0.031211483171084 0.303689381692415 0.303552201867966 0.361546933268534
0.173293632974041 0.454522224100562 0.0523106817890749 0.319873461136322
0.418597798884661 0.243786663359603 0.0171643916558365 0.320451146099899
0.0238480493554597 0.439199540012278 0.380686346824024 0.156266063808238
0.304121720900192 0.187452944486621 0.429415921823531 0.0790094127896564
0.240723685420064 0.39642474230345 0.0302830851744666 0.332568487102019
0.338658797313361 0.255619025154582 0.248031772654647 0.157690404877411
0.124664726299782 0.249309797469473 0.272196470725942 0.353829005504803
0.145646904247696 0.202873790219069 0.355898043073245 0.29558126245999
0.435031576294718 0.378440150059252 0.0682151295561198 0.118313144089911
0.0581020746041653 0.344642188219168 0.0974088989449043 0.499846838231762
0.00932377749986408 0.371835418797578 0.234414541417231 0.384426262285328
0.127723009873689 0.37002501585951 0.493477218907429 0.00877475535937334
0.29984709249065 0.1124366895141 0.237717028128004 0.349999189867246
0.197393896544999 0.178407280258426 0.28313735150943 0.341061471687145
0.244735156595296 0.135242395812909 0.250823817887686 0.369198629704108
0.262070492351488 0.207535811960966 0.136464334204339 0.393929361483206
0.162296824357035 0.110340801709668 0.0367249908111473 0.69063738312215
0.158769465521171 0.276290226353697 0.130144430120899 0.434795878004233
0.365847437303409 0.389820181053768 0.142568461807228 0.101763919835594
0.450198058044629 0.303796501402898 0.17716802718012 0.0688374133723528
0.141414087504986 0.381243441333048 0.289641304758465 0.187701166403501
0.0645282845348226 0.136265497379049 0.578944762003893 0.220261456082236
0.405122229732297 0.145338535849463 0.380324224829916 0.0692150095883249
0.361266749254407 0.0348588336767257 0.414651282094089 0.189223134974779
0.307519277137278 0.316941036879349 0.183987059998995 0.191552625984378
0.172144970850058 0.14104825152224 0.317966137876205 0.368840639751497
0.0920927834677927 0.289097416780286 0.290011317473766 0.328798482278155
0.0804850664689137 0.642422470241425 0.195127264797911 0.0819651984917498
0.325988058388181 0.279172822420499 0.317588406031051 0.0772507131602686
0.712017444869337 0.00650951873305102 0.147436230143907 0.134036806253705
0.309142475146239 0.128782918499403 0.336674765316393 0.225399841037966
0.140149008322407 0.324193673391634 0.292981913754896 0.242675404531063
0.340054287253311 0.448181748701404 0.00414630009752924 0.207617663947756
0.230234878958845 0.494922413674832 0.217683334605135 0.0571593727611889
0.227598878440693 0.39273342973681 0.153962478592069 0.225705213230428
0.147288638314247 0.0534961410974727 0.347542876104651 0.45167234448363
0.14363395381078 0.333870015946768 0.325044132644399 0.197451897598053
0.242073828241442 0.447427868746674 0.113666895499844 0.196831407512039
0.256699475949173 0.115890574779038 0.0741560328488127 0.553253916422976
0.233658600971903 0.458427334347631 0.30727956641101 0.000634498269454726
0.255421404828278 0.220004472014846 0.0975852845322985 0.426988838624578
0.224735776987695 0.292004265579443 0.093456175002931 0.38980378242993
0.614619653681611 0.240110986694085 0.0107219489850575 0.134547410639247
0.278988475951037 0.355716203977179 0.305313133273086 0.0599821867986987
0.402641540538567 0.297281125181882 0.0119363320230944 0.288141002256456
0.243750646516178 0.118810866171374 0.366600293848145 0.270838193464304
0.287746817174345 0.139343432066139 0.357682333475517 0.215227417284
0.0254998646579259 0.387805221018647 0.369329649807906 0.217365264515521
0.503340475992521 0.0798115481441988 0.123299303743783 0.293548672119497
0.0771476766041344 0.318967866195379 0.511000511656382 0.0928839455441041
0.0222977646894634 0.366810696133703 0.249721573830756 0.361169965346077
0.279567500704257 0.178005652479143 0.159381586767749 0.38304526004885
0.179501831270905 0.39058109136634 0.0781255341644375 0.351791543198318
0.387012620276959 0.368490838893335 0.0840344466536953 0.16046209417601
0.30861337473583 0.178342975924474 0.270457851233485 0.242585798106211
0.30467009653888 0.177219544990945 0.140658824818521 0.377451533651654
0.0326918005274818 0.583889840506965 0.279225191530939 0.104193167434615
0.31728119606615 0.380283304368644 0.285108905382969 0.017326594182237
0.105607192392047 0.173867666598449 0.323804255863634 0.39672088514587
0.222073518398109 0.346795958734705 0.0858613839475516 0.345269138919635
0.437193875043997 0.34793094726356 0.0255053914328977 0.189369786259546
0.355868738010185 0.312365189008575 0.080646809046451 0.251119263934789
0.0959306049227654 0.0765431961337492 0.543334010413087 0.284192188530398
0.297218637989932 0.156320424069906 0.264905909790806 0.281555028149356
0.200266477126178 0.301220056795062 0.0701223114106772 0.428391154668083
0.0247942010629139 0.338783366468869 0.616713415004067 0.0197090174641503
0.303958119635352 0.243527799609407 0.094769139978348 0.357744940776893
0.22134154649273 0.369162802194587 0.147618542445238 0.261877108867445
0.372417217622 0.00848160282817717 0.00900581279627952 0.610095366753543
0.364605049031319 0.164788903992896 0.0249144416630117 0.445691605312773
0.147161332808837 0.131399337417926 0.407604829365776 0.313834500407461
0.0624407411176918 0.222805495413716 0.525297854784206 0.189455908684387
0.166105311783646 0.0303280850092496 0.524505728549882 0.279060874657222
0.290945047834687 0.312025415431862 0.0926386851654099 0.304390851568041
0.689647088608673 0.120671181826637 0.037220460256697 0.152461269307993
0.356641430836509 0.018881105160278 0.319758513841194 0.304718950162019
0.495617172884815 0.103261002136364 0.00479493426872913 0.396326890710092
0.295746563624005 0.0449326353565019 0.387559514393825 0.271761286625669
0.208857803759068 0.352313670492372 0.29338899528722 0.145439530461339
0.0941889570291987 0.122883823684762 0.44468822963414 0.338238989651899
0.347369923443331 0.363910014672322 0.281466335497645 0.00725372638670211
0.0766851247192559 0.188024180976946 0.270950138804482 0.464340555499317
0.156585344828417 0.170403319828465 0.417707887202937 0.255303448140182
0.115942493934386 0.379537329553477 0.240842977414961 0.263677199097175
0.140068189918432 0.155405147100253 0.327815997032315 0.376710665949001
0.342230293546068 0.345431377516127 0.136193466627496 0.176144862310309
0.0788995370908346 0.306793361630432 0.234546932864036 0.379760168414697
0.288283086002641 0.308613721254835 0.267015473737837 0.136087719004687
0.125052574836337 0.26954917308922 0.338048812385484 0.267349439688958
0.24811753161822 0.0521292907002043 0.249916760814662 0.449836416866913
0.488775419548318 0.0958652745498272 0.201362489957347 0.213996815944508
0.290525060237861 0.0376141974168606 0.513239113388176 0.158621628957103
0.248459053607226 0.359152484612811 0.29365636524028 0.098732096539683
0.33946293242075 0.521952943715243 0.0792401718934831 0.0593439519705242
0.35635711644452 0.28123838100781 0.272440775380176 0.0899637271674943
0.107280218608042 0.439309403014267 0.096358582466667 0.357051795911024
0.28388057458457 0.182699445517557 0.178978476499952 0.354441503397921
0.0224437459577583 0.415668933539488 0.390727277727512 0.171160042775242
0.0982889939539724 0.303105964985048 0.312258233048487 0.286346808012493
0.180916321662469 0.237130616418976 0.289864499274682 0.292088562643872
0.421230877319903 0.178334916253902 0.1655250851966 0.234909121229595
0.569781501892776 0.17720807610024 0.197771611929996 0.0552388100769884
0.124478083905893 0.310275962537928 0.224123236497386 0.341122717058793
0.222790304329735 0.0262440517705902 0.37461359152186 0.376352052377815
0.186294308039231 0.278474853120286 0.227842988615298 0.307387850225185
0.12086659816864 0.212463186527776 0.391230400917203 0.275439814386381
0.460790924735927 0.328456214172581 0.123167551866659 0.0875853092248328
0.0164601195730153 0.00123237462764349 0.14016912467555 0.842138381123791
0.247289377582765 0.204215520839029 0.273887213305356 0.274607888272851
0.205401010571826 0.298291692148009 0.15781580121972 0.338491496060444
0.063299152211721 0.260367154747288 0.137709373333108 0.538624319707883
0.158179092755667 0.221047432223859 0.0980564750371302 0.522716999983344
0.270196421650647 0.379159804072652 0.194042258313192 0.156601515963509
0.196483111526595 0.32768296557685 0.256279618883497 0.219554304013059
0.280375389332185 0.0523120239740002 0.351135695843673 0.316176890850142
3.14453918884505e-05 0.394673466227887 0.324517799410081 0.280777288970143
0.295202805585381 0.10396598305906 0.253643421149588 0.347187790205971
0.416222388993985 0.286047740356819 0.0381148966521928 0.259614973997003
0.0940347832467808 0.153283025044761 0.268985292824429 0.483696898884029
0.306524432932052 0.305419197254654 0.222652290525601 0.165404079287693
0.254962326736323 0.0146379876152742 0.354066935989956 0.376332749658447
0.141551704336669 0.316601013636814 0.197326347031683 0.344520934994834
0.453403582096975 0.115026531769843 0.0643529956715903 0.367216890461591
0.24355043673276 0.361051834418676 0.364934378315786 0.0304633505327776
0.197425867583117 0.315680827564491 0.221883092883518 0.265010211968874
0.240916292430012 0.195980018898451 0.432221959202258 0.130881729469279
0.282548881500496 0.0545801855720515 0.347811494108706 0.315059438818747
0.190334180054577 0.175982090699013 0.262375794877698 0.371307934368712
0.486531049153681 0.0316875982581221 0.134726149875036 0.347055202713161
0.13889483032492 0.250811625335962 0.263170639632348 0.34712290470677
0.265321250975229 0.0518726805980049 0.665480276269923 0.0173257921568434
0.355155666561554 0.344011182390287 0.00267648869374155 0.298156662354417
0.483669855102055 0.175280170068759 0.0842580843275764 0.256791890501609
0.364726537688747 0.309385011368973 0.11616376712295 0.209724683819331
0.121593130122123 0.34604362651521 0.224244492035724 0.308118751326943
0.338728502617474 0.262733512398951 0.18156224360997 0.216975741373605
0.213175893022208 0.0461270957813112 0.395915645397567 0.344781365798914
0.321939030655463 0.412775910541152 0.172236155038018 0.0930489037653666
0.29081624282181 0.245520120211925 0.272319970352869 0.191343666613395
0.254701813608201 0.123247796312991 0.275887315549758 0.346163074529051
0.29702220710403 0.355174568598959 0.332820832681389 0.0149823916156222
0.10208092439994 0.380523823667288 0.190835564287026 0.326559687645746
0.3397689800167 0.288595539715921 0.0386702775025662 0.332965202764813
0.568980067863451 0.331471661589819 0.00549786322922008 0.0940504073175097
0.0403728071885666 0.130769030178045 0.335639571309734 0.493218591323654
0.359377899609957 0.153098943143034 0.0882765009941025 0.399246656252907
0.106205505370767 0.313138358311342 0.32533517739354 0.255320958924351
0.146407383124581 0.381727272796454 0.383815242320186 0.0880501017587784
0.3894713949594 0.091777538207276 0.254456001851278 0.264295064982047
0.459847330254692 0.0158608193009172 0.178286281567636 0.346005568876755
0.158866662951668 0.352995835817341 0.330038842908199 0.158098658322792
0.352105574582519 0.207346378314402 0.320296176062898 0.120251871040181
0.439316003634477 0.244646998363651 0.0254349884991052 0.290602009502767
0.192525241211788 0.379631218281877 0.107954999286117 0.319888541220218
0.401269858715413 0.169619833234052 0.374139200756517 0.0549711072940183
0.331089076714094 0.387532334540848 0.263920209634287 0.017458379110772
0.413991335362672 0.301130117624386 0.275928039241934 0.00895050777100793
0.368192476267259 0.231559944640044 0.101304598861664 0.298942980231033
