0.152377858105913 0.120285886543372 0.0469524737526014 0.0887305249778491 0.144198781757021 0.0958207889119234 0.130581258308259 0.10965578757258 0.111396640070482
0.150869840611589 0.139248104177889 0.139123419442574 0.046640050552527 0.0887670823864935 0.169971045963207 0.0511354222064501 0.0457048143982197 0.168540220261052
0.0879551672768505 0.0271202674110779 0.140007161642723 0.124657295371619 0.126812630915595 0.0180956590007942 0.159446726259845 0.206104716019395 0.1098003761021
0.194278938861522 0.20441257189263 0.00467912841164207 0.109923837003184 0.116410682683064 0.00110223256438173 0.121599883080572 0.12971681927079 0.117875906232213
0.247710340531046 0.091751026193222 0.140330267581241 0.0114540132677097 0.0253216848958509 0.255341492046107 0.0940736438098508 0.0206757224257222 0.113341809249251
0.15135148432029 0.13022259549343 0.12856984409526 0.0711348185467494 0.12649133091286 0.0785497729802719 0.145371329498446 0.0153755759485158 0.152933248204177
0.0970383568374062 0.138081011009733 0.194485732092796 0.100738115677217 0.0406845879075382 0.131616450716129 0.0979200211154459 0.116130536780492 0.0833051878632436
0.136232725233584 0.0446162351922932 0.092922341207864 0.150310984412559 0.0577830806494619 0.0338870969349864 0.132228774860218 0.203287085540146 0.148731675968888
0.0408608734877172 0.130270151789721 0.135810607090422 0.133706833515708 0.0640511546343461 0.0768366204568776 0.154811318470348 0.101600748922346 0.162051691632515
0.095234899022882 0.00498358433273831 0.267934441592783 0.206635059676767 0.0610820387482933 0.143912576918863 0.0838236771165269 0.131206464152227 0.00518725843892055
0.0341739596148217 0.175225674665348 0.0694107440406667 0.0656531641193459 0.0973369702568284 0.0380051056404507 0.145387603111799 0.169921018528728 0.204885760022011
0.0382347965318485 0.170916482423055 0.172493915930776 0.139031106916501 0.0727398815358624 0.000500085485058957 0.131720776796401 0.154455159071294 0.119907795309204
0.208489958168526 0.0479041111843358 0.0369439701900202 0.045120358796211 0.0408066299974483 0.00951883583091946 0.201121112847032 0.20762117184499 0.202473851140517
0.0749164321903745 0.0163517764150037 0.133492327454913 0.0717889291407987 0.186935458991959 0.14034878063518 0.0290993052227888 0.184851332785048 0.162215657163933
0.0544192000614843 0.168966229222219 0.232492135160581 0.0638194036262902 0.00719459707346818 0.158923330487999 0.15273074484901 0.0872594743637661 0.0741948851551823
0.169357040664309 0.0308913916107803 0.0335710304567225 0.0679847129871562 0.203845191131516 0.214612596371607 0.0513502498189206 0.159622585007709 0.0687652019512793
0.160331117658229 0.010694548912345 0.0455589345940669 0.00768630480324289 0.153055771067489 0.0036590594163054 0.232616055303154 0.139340948435061 0.247057259810107
0.0316463848783141 0.172909506368647 0.129086364305967 0.152392354084248 0.0025799024617383 0.103719983671018 0.0296717649690033 0.196898962617494 0.181094776643571
0.177068250552954 0.224749428329567 0.0800168431937826 0.0912449661441617 0.0385023437561062 0.158487345797719 0.169687190535657 0.0404271565098171 0.0198164751802352
0.232043590859494 0.0301532777138988 0.0461651944419139 0.110437038780127 0.132385353038039 0.102918848870305 0.180139133195477 0.0281934074840929 0.137564155616653
0.138856601971635 0.108871275094913 0.0423206542318722 0.11279041922798 0.0756458206968212 0.174182840697551 0.161350845031651 0.0424816640352765 0.143499879012302
0.0683530462079775 0.175621907421205 0.0539546415309982 0.13093238217442 0.182069460315798 0.130541775054987 0.146110843546567 0.0451682895001486 0.0672476542478992
0.138393853234236 0.0106860457560081 0.00580600451725137 0.0324692481084294 0.0711165241434144 0.1954023126114 0.187150452936419 0.180823103380456 0.178152455312386
0.108904232732328 0.193949861516859 0.0640514687112624 0.00915310881906905 0.226166352866807 0.034552892320192 0.107143364067453 0.16100802881498 0.0950706901510506
0.139407600701036 0.0990592701402623 0.153322452475423 0.187816742117638 0.0481762230099097 0.0208764686668179 0.195904247884859 0.0446802291907494 0.110756765813305
0.164986148457556 0.20846542138367 0.00869322413503841 0.0491606029881162 0.128593808686334 0.17999085700157 0.0674750252286638 0.0736489552471006 0.118985956871951
0.126398950673206 0.227359537587245 0.0938134619212356 0.0444234039724624 0.21079313283933 0.00524861228430842 0.0143803476324285 0.119581213590764 0.15800133949902
0.0474077837294175 0.106783069494059 0.225428747820226 0.130755949420798 0.215756377033911 0.0658923684073544 0.104390686584506 0.0649225817723794 0.0386624357373479
0.173422371902386 0.0350069196154598 0.0537520868550871 0.0462318657486812 0.0491729965464045 0.219674386975113 0.116074344143506 0.211380639013516 0.095284389199848
0.150671685996054 0.0863556360991889 0.14979743338884 0.0542138429906868 0.13957422022464 0.0646942606886537 0.135070294063508 0.133559230064481 0.0860633964839462
0.223393237254542 0.253837596279795 0.141983341473225 0.11985419794478 0.00920069482188172 0.0294915604595156 0.0360607394884811 0.0325699729076482 0.153608659370131
0.0678956708818738 0.153781233072794 0.155370744830218 0.0789474894549707 0.0787612998478298 0.145665183758204 0.0328393231710673 0.144858712877976 0.141880342105066
0.0247135874911394 0.143268665460525 0.200396682713569 0.191111528466439 0.061827602362246 0.153917496533155 0.16216331750374 0.00302973274925755 0.0595713867199292
0.0200669337375279 0.177787059288653 0.179583671995358 0.133878920942825 0.153057054770442 0.0538109801189383 0.0801914198709486 0.114338851196375 0.0872851080789322
0.127414702205674 0.0354817695041692 0.0587106294073965 0.0733114129811125 0.136313666904784 0.118169740596961 0.139394786163903 0.20609511510514 0.105108177130859
0.100459585439477 0.14219057802722 0.139153918929964 0.198286633902876 0.0499680100192009 0.0343208872502026 0.131995390473867 0.16846541515671 0.0351595808004815
0.239419770637628 0.0305660883533262 0.232335489838087 0.0396577668666768 0.000542626144994135 0.181456973137207 0.0508084348337233 0.187081153513026 0.0381316966753321
0.135027729650396 0.10446040564918 0.156844187355096 0.130963972706877 0.0100215379770735 0.0756779963981268 0.146107642281605 0.120275589922749 0.120620938058895
0.0408157403995098 0.113871683652743 0.150978649530608 0.00110926150607918 0.207345108178295 0.0251853336944316 0.221115443847045 0.0122058954019469 0.227372883789342
0.114112394930875 0.140032290768979 0.120928226958432 0.130424445426621 0.136152422482175 0.0973338992741857 0.0453806508170566 0.148503664053094 0.0671320052885828
0.134328662919987 0.0721323482030141 0.112483791698227 0.0749743845677539 0.120630654157323 0.113509213793482 0.177465973509487 0.0993955594058257 0.0950794117449007
7.52998748578826e-05 0.229319511825928 0.223763187900361 0.0145943265243039 0.132170852645787 0.0484186900574501 0.0139733253719723 0.213230872153018 0.124453933646322
0.112036078508128 0.0543361467097918 0.138207853410632 0.158867762017923 0.0776521048675374 0.163148118166456 0.118992660914006 0.127241908695753 0.0495173667097724
0.137031235355877 0.0752824406594554 0.220612274183914 0.0906165906592974 0.180882619349681 0.0576863966975962 0.0611674029070277 0.137336826820332 0.0393842133668203
0.00170907035573297 0.121117236252417 0.239697306528105 0.137033382501611 0.110539795229315 0.253782737519621 0.0017863535326059 0.0337557906837025 0.100578327396888
0.0535663769796683 0.147869433521705 0.110186560720837 0.129175776123462 0.143808947198625 0.141086251583141 0.0180302662125045 0.129162841507495 0.127113546152562
0.101236369002307 0.0219716663293855 0.103153532436436 0.259300512132046 0.139804317408225 0.0295840163923533 0.24773699491824 0.0704272723818901 0.0267853189991191
0.00191550793494189 0.0771352318763134 0.101649959700371 0.221339737952831 0.0323854913145724 0.213095024487602 0.0835291706373245 0.176752118501376 0.0921977575946678
0.117981875820755 0.143286250000161 0.160340441055391 0.007085634134799 0.143555262524226 0.21450149917963 0.0100654515829109 0.0397823660979445 0.163401219604182
0.0353895254791612 0.0466914564491502 0.20544281985691 0.163841181363745 0.14830452307867 0.138874878149355 0.181316307956254 0.0570122247854703 0.0231270828812839
0.0372061552517138 0.0216208965713487 0.0361076865544992 0.201702714679072 0.0941418169591811 0.0202311796334693 0.0581925624707424 0.354930516983267 0.175866470896706
0.180876977522627 0.159593173392882 0.0615259420695533 0.0869896964592058 0.0655907922807154 0.171626854620665 0.00458391813417688 0.172084055360048 0.0971285901601264
0.192140902172417 0.0988288507596061 0.108900211084642 0.0929110073096621 0.0465563939106634 0.147861297800787 0.116349748709525 0.0571075150750439 0.139344073177653
0.0528073995675882 0.210722464539335 0.115852113809594 0.181423091331107 0.0594777380269424 0.116998753002875 0.00566614537637228 0.170852063387799 0.086200230958387
0.114442907330493 0.159447460101047 0.181609863740868 0.171419570488145 0.170774210470403 0.00610221403325147 0.0342322714503682 0.108392266443039 0.0535792359423844
0.163681516780717 0.0625217666988527 0.161373122575385 0.00460047501231125 0.184591869786453 0.0524200621831749 0.0185960146024491 0.218363639927002 0.133851532433655
0.20315947770681 0.13080159862562 0.122095603794703 0.0193680638402919 0.160133844536913 0.0199913142686049 0.204727593497501 0.00203693573258719 0.13768556799697
0.0662442160172843 0.165473991585385 0.0966364762378616 0.208284670818139 0.194815732368873 0.00277814383978528 0.14473638994783 0.0614506937147587 0.0595796854700836
0.0707724407766686 0.0201307099774382 0.0333434517497041 0.121126416980113 0.201851365958195 0.153835049368171 0.124240296791294 0.0977398969459446 0.176960371452472
0.0422876769070232 0.190150321961846 0.12113039123923 0.175631785587734 0.0764684482155446 0.199785279819342 0.0202573004033284 0.0713549060668458 0.102933889799107
0.185910990042368 0.106059840358485 0.00376701392631389 0.0647849983368343 0.225974172510662 0.0840839670561759 0.0584005678550915 0.118276364442697 0.152742085471373
0.123564976657088 0.146718750746802 0.134526016989733 0.0794862360841624 0.0951565394331544 0.113519119304353 0.0405707728197806 0.142321776279096 0.12413581168583
0.159089719875458 0.0785424355048265 0.0878499319070809 0.0091191453303771 0.0946573304035549 0.193193820619997 0.169137626744751 0.199159008240059 0.00925098137389605
0.181337556634152 0.0437241180353614 0.016801954491872 0.233080461912248 0.0375985069464564 0.0327708610806251 0.222319395000554 0.0835544491613393 0.148812696737391
0.14358768051481 0.0957941270029098 0.0675722961313467 0.0179347288613527 0.15558664654236 0.154607125430235 0.104186212425708 0.165774387029998 0.0949567960612805
0.250705601719128 5.99488403396087e-05 0.0284723321998467 0.244684205148893 0.085949164297989 0.100585023678317 0.00307669358723902 0.0729053973891347 0.213561633139113
0.22515201015634 0.0664225380691572 0.0480109154523817 0.309925973966867 0.0350364913437131 0.20921428883494 0.0260065016699939 0.0372093409448591 0.0430219395617488
0.185958895031846 0.0992375730126451 0.102087848389157 0.169343550241442 0.123818733501823 0.115273357733877 0.0644028414790146 0.0872454722427777 0.0526317283674173
0.0672531490151118 0.135337322202344 0.0462123292302906 0.229530228178691 0.0592335804492021 0.0100036414122981 0.0303785706463345 0.236897955220124 0.185153223645603
0.0156940635627764 0.0455887359371204 0.126955233101548 0.0728978895456152 0.126660033009146 0.087028922340105 0.162138664613369 0.202427675283171 0.160608782607149
0.0630612686417819 0.134068187433469 0.167667757662878 0.189330512934839 0.0357120190999773 0.0499101948592128 0.160295318563855 0.0995238592755004 0.100430881528486
0.212887557206748 0.163302401411115 0.104713613059919 0.0255046628929126 0.112724122727506 0.103990738777295 0.202191636475989 0.0548212711629313 0.0198639962855845
0.138349872032541 0.0380138394061507 0.171710262984049 0.0489532954904473 0.0884026152654885 0.0510127471759573 0.183068560695554 0.162020119479415 0.118468687470398
0.00112273933987537 0.1926454862866 0.201003762459012 0.2139832986029 0.0758740274923601 0.138357894281074 0.104907786934375 0.009727980502726 0.0623770241010767
0.059374128332676 0.221464703829448 0.0210650625270351 0.0309262124898218 0.0324296544940802 0.215143553504678 0.208259186061898 0.184011627742082 0.0273258710182801
0.118675064065823 0.195085127466912 0.0147017999481156 0.0591970638499531 0.184498803187521 0.188103836929146 0.0420586182198146 0.141410406725535 0.0562692796071792
0.169112379420099 0.0743993570938242 0.125005681972883 0.0520156212252678 0.130144795961822 0.101621862400672 0.184498413567441 0.109976404084965 0.053225484273027
0.0851934766958616 0.192511057346552 0.223265607892825 0.189629481203149 0.0868763227917187 0.141104667971845 0.0319691910272193 0.0224753446334938 0.026974850437335
0.173804310141373 0.132096728230836 0.0206010771584885 0.150046911621249 0.159952603763133 0.103832582651285 0.062215018888042 0.100461386053534 0.0969893814920605
0.0398866215610614 0.0492525716247083 0.119612499496479 0.122654974687944 0.0139790624144065 0.150602796312634 0.164610700147376 0.16155339708646 0.177847376668932
0.157399865000263 0.0641728817638756 0.0186865304662327 0.271210646766719 0.184832432140742 0.000674875722901123 0.0309997474488317 0.0958010624911249 0.17622195819931
0.157372595111361 0.0974622447721217 0.0272973923262937 0.187296871676435 0.188484827417498 0.0227519884245732 0.155492986388614 0.0182017456270234 0.14563934825608
0.0655631504000423 0.096678974809397 0.164866018525571 0.107364757930038 0.112734802881907 0.0667298807842009 0.172791404104974 0.148835983667859 0.0644350268960106
0.150770377837707 0.126058801322516 0.123638107654529 0.0351994897325771 0.17653692727465 0.0452033232074866 0.262961769041872 0.0724626993350674 0.00716850459359431
0.0281029064407711 0.18302546864793 0.0963881050857212 0.0473712238992178 0.114185558761686 0.142139031807616 0.19192324686865 0.0330734758943556 0.163790982594051
0.115808272416514 0.250643826228944 0.0373272718328004 0.141011898623641 0.0979511758062732 0.188311816645454 0.0255696457394409 0.143210754272716 0.000165338434215709
0.177180844800817 0.00919911003712231 0.188145048931363 0.0864680364056285 0.154308725526277 0.0440069303228082 0.193802534838857 0.0614105833135599 0.0854781858235674
0.184881246668183 0.0459676152017729 0.0990242637110696 0.021833842662409 0.184207424498432 0.0850659236918113 0.117384557338741 0.242327630107537 0.0193074961200439
0.152415003012262 0.15875521614127 0.113833836496673 0.0247915494881322 0.0603795219509383 0.166607796454668 0.0967600672214158 0.138358741452083 0.0880982677825573
0.211281523535989 0.00787794406394974 0.0585398846491089 0.00161710689260102 0.120378706262421 0.0843824986158632 0.196340947726127 0.135991861133134 0.183589527120806
0.168448728079458 0.0911393566916169 0.0355851441114176 0.0894936033450678 0.148593345542531 0.121004242220474 0.176745283501885 0.0220567283042403 0.146933568203309
0.0301442059662528 0.138801667440317 0.160845016671007 0.0850817166128352 0.0987071124665783 0.112757775564164 0.0970418112300304 0.113735014740694 0.162885679308121
0.0321117129322866 0.0948150826416118 0.118014646270538 0.180914650882153 0.199152204630084 0.177406460945456 0.0988196352715438 0.0386408054155519 0.0601248010107751
0.195194518414593 0.0950693731540538 0.149695722578737 0.0678205672147683 0.187697092814459 0.0604691769394391 0.0416897997780448 0.148685090980773 0.0536786581251309
0.207783780549049 0.0673227607008017 0.144349018521614 0.168908988855915 0.0334748316865227 0.11977827547202 0.192045015421959 0.0533011811333193 0.0130361476587999
0.0843897397502196 0.0411229698339758 0.0420874241549512 0.0537464718177587 0.248210193830948 0.255115635790456 0.0891797771613729 0.0630538533821424 0.123093934278176
0.215043868846936 0.0183601551418764 0.182595450897104 0.148703185119503 0.0455222557139085 0.104122318698741 0.026340341315853 0.064704118706165 0.194608305559914
0.0821819663820828 0.0702200116277198 0.0834510410490134 0.0162558362239669 0.0984442206941905 0.115001816343579 0.13740098680395 0.177967021220264 0.219077099655234
0.132681211031191 0.0868967916615913 0.134538159471863 0.127592756860458 0.0893006423606439 0.139943100980211 0.013227033438378 0.142172878114694 0.133647426080969
0.0172319640090088 0.119276120789494 0.135418040799385 0.0738920975592212 0.20460923580537 0.0194903177864521 0.220580299299221 0.192236839575006 0.0172650843768425
0.062082542735827 0.0900224668001196 0.0689483770322293 0.0200166259336644 0.228119789188615 0.195420671071167 0.218488343008057 0.0697582191128107 0.0471429651175103
0.269698062514202 0.0230329600793977 0.183491380160551 0.0204434028592523 0.0428451816290255 0.259553104298024 0.00591163285777003 0.0724936796656902 0.122530595936087
0.106701371660901 0.241844757148317 0.0448400205694603 0.0483613902422863 0.0358047935265353 0.252396124086758 0.26064474834654 0.00937623917452976 3.05552446720202e-05
0.136828970382724 0.192273404455312 0.0530384634130851 0.163579245225898 0.0556302905307856 0.22118701905542 0.0648249379435627 0.049072919195139 0.0635647497980742
0.048321872710509 0.126261415518158 0.101860447647871 0.0170791926684914 0.12362756225987 0.0860474792567867 0.138718574586958 0.196043403178906 0.162040052172449
0.114195932210636 0.0277548769509559 0.169489515007979 0.167775277579571 0.0251225413034684 0.101281564203648 0.213599779196191 0.137884302035334 0.0428962115122172
0.177483157197068 0.158991738678916 0.0596865638667258 0.0972540928892935 0.160150726419523 0.114845019095726 0.0656295864509603 0.0594052522921638 0.106553863109624
0.0849321674494865 0.0930731610922952 0.0523366603975077 0.0953044661101944 0.0745349641945908 0.070778423255563 0.18120597283116 0.156580394850084 0.191253789819118
0.152871826145986 0.191978968814368 0.191357351342648 0.148936794814854 0.120190084687841 0.0821498557480153 0.0604903031127061 0.0238585690197142 0.0281662463138678
0.310693727801144 0.0210590673137557 0.0799852043519836 0.296020383299052 0.0430382335494861 0.108143178754497 0.0728402422138504 0.0559674900308735 0.0122524726853573
0.0567378764445895 0.0538402414860618 0.22402248528423 0.0388851714101106 0.0429553536672598 0.153476758526529 0.115917571622066 0.242181383735413 0.0719831578237401
0.0828231674620171 0.163700190748115 0.131705591625433 0.065960093104392 0.169052219843807 0.078052337317808 0.126428870325307 0.0262982258588978 0.155979303714223
0.0646620091775477 0.0696800451739293 0.0438023811275454 0.105771293816061 0.156443321347835 0.14261999995481 0.137083123479161 0.162929922991036 0.117007902932075
0.111507773235537 0.0813218987364345 0.158282443715974 0.0434628734020427 0.00581870338635438 0.181025378577395 0.0667276378349105 0.153595948815831 0.198257342295521
0.240294456348401 0.0200879253485973 0.0544845799148888 0.130282520752502 0.0407828743181032 0.0197434064787265 0.20931618960191 0.0905731825655519 0.19443486467132
0.0937557749646752 0.238310644341844 0.153474723096976 0.0589511086464447 0.068631914866338 0.00817000830859744 0.0580371631278325 0.101140169214311 0.21952849343298
0.040627704915053 0.191153378055698 0.112359032850238 0.0987628223629854 0.0908852631507663 0.0861437780784571 0.247714160173097 0.0332071713637518 0.0991466890499531
0.175133685111948 0.0116856875130397 0.0887152149413766 0.106158075596618 0.0713934444242531 0.126463995087702 0.128218017147667 0.220817608493557 0.0714142716838374
0.0447146859401006 0.144621074068234 0.0805674641369729 0.165120794647122 0.00700046901287296 0.109560479836402 0.233170772538841 0.0706674960028698 0.144576763816585
0.129566421736534 0.152224286913048 0.168467023815825 0.0298212030576618 0.136025465397833 0.00714127759777847 0.10125615791387 0.138649057068859 0.13684910649859
0.182020570435062 0.193393175750113 0.0862859605028054 0.0215739362059388 0.197280562091851 0.123380776574637 0.136711135526294 0.0283350558778233 0.0310188270354753
0.181417481568206 0.08348787382539 0.0397639063645404 0.0533830086884275 0.142879021343216 0.127569839941291 0.0620924220573923 0.1336754470443 0.175730999167238
0.0929490158745462 0.0935350496695645 0.0783120762881313 0.109028936017006 0.00467432314060226 0.14691659217905 0.0247381521639445 0.211601960185592 0.238243894481564
0.107062886383295 0.0400464374563261 0.155298611280643 0.177839256211267 0.157693270809995 0.189520442943739 0.0527822235253181 0.0189959634245383 0.100760907964878
0.17599946579735 0.00304793577962237 0.171355672896535 0.0348537541128567 0.176112485340087 0.124498028101608 0.198670194882142 0.108503063313569 0.00695939977623072
0.164832129429698 0.104584256168269 0.111528837264088 0.183189870322607 0.111941300913524 0.0659323522041512 0.143749554309415 0.0108819763079023 0.103359723080346
0.0105398467770733 0.00837271645766771 0.0978077205755399 0.150312882857467 0.196996920811862 0.022152905292002 0.144073328368394 0.194464433693555 0.175279245166439
0.0717815308584549 0.209262875063623 0.178281004405337 0.027832411527888 0.220993009011369 0.068509085895247 0.123464761623581 0.0501135191774804 0.0497618024370192
0.0827645944453101 0.131366646211945 0.200417516902745 0.148644693427387 0.191876613390964 0.147399350154755 0.0756659946103452 0.0148760181920669 0.00698857266448189
0.133321055867594 0.12850464738788 0.0345135014722422 0.115262570967493 0.127364548237992 0.19157047804439 0.0536140545158385 0.119837905445195 0.0960112380613757
0.106890708391975 0.115208424000677 0.242148375973298 0.199400025396573 0.0284349901139757 0.00300083221042214 0.0385787500147016 0.221669800258312 0.0446680936400655
0.0192345430398062 0.149971238105464 0.187689734580505 0.108851217995343 0.182020911506205 0.0106491027484228 0.194919153951422 0.0199986776217495 0.126665420451082
0.0448360452244022 0.00180764968126748 0.145790779164388 0.0750631025300166 0.032228144247293 0.137940799062893 0.161253784956856 0.207259916854553 0.193819778278331
0.170630030628907 0.0362617387946344 0.128892579701918 0.19592554288497 0.101943451029474 0.117283955540825 0.0856218063073741 0.0269916807712403 0.136449214340658
0.156804688423878 0.131032553961242 0.132030319155614 0.0971552342532422 0.0675700660854822 0.0967306860865365 0.061995832377611 0.146050466542288 0.110630153114106
0.0426817058899319 0.162851690511665 0.0156307708287702 0.0958730267767784 0.0537786370889016 0.203491493449358 0.217642924913673 0.128576345806315 0.0794734047346063
0.202548833698165 0.0274103950323479 0.142805421696656 0.126245045549847 0.1758157746296 0.0208997019077339 0.0275832268170586 0.153108385807377 0.123583214861214
0.192597653047349 0.0257624903166171 0.12734296086816 0.114331920086547 0.135334350474534 0.145311176091796 0.0393078391091796 0.148914623730169 0.0710969862756494
0.00169147705666868 0.00814614157780268 0.06212410917865 0.0497830442023325 0.280303370036 0.146858891745499 0.176797692616785 0.20895657353789 0.0653387000483732
0.0243098137579498 0.092895497865121 0.100125139191486 0.060419282600242 0.200244564557298 0.122218190887643 0.0063255831023422 0.180477830438002 0.212984097599916
0.0754378229654032 0.139878493550824 0.0325374319034597 0.156776570761934 0.117882431283012 0.00828078992625833 0.14802427619366 0.151033350996313 0.170148832419136
0.141460859639495 0.166740372492047 0.124575931777768 0.0794154611545875 0.144500994634527 0.0580212154560558 0.0633170835071584 0.144896269203317 0.0770718121350443
0.0827920650580165 0.102078391035714 0.10248813112913 0.130149622208708 0.0566213681476271 0.174155834240222 0.153343258228155 0.0492323279441962 0.14913900200823
0.094408948949758 0.0502138303359027 0.199831041289479 0.161957217398148 0.105041151921278 0.0300096475515062 0.193463216023146 0.00705666508969724 0.158018281441086
0.0737575003523599 0.0540137015220464 0.0633447183167046 0.0188954626389013 0.187985282852958 0.200610568326391 0.0914576670383999 0.168164964573892 0.141770134378347
0.0452709464091261 0.124170264031311 0.195230262799806 0.0388254010478843 0.186049209837203 0.130147665338228 0.0131773009866104 0.0455209172068215 0.22160803234301
0.0727083717570892 0.0912838171728484 0.169833568946141 0.0549622032113311 0.154624858551189 0.129551373272451 0.179957628807633 0.1460129258098 0.00106525247151686
0.122718970237259 0.127003903216721 0.134363120577978 0.179430009515154 0.0591444761038978 0.0172347740502198 0.178430024779293 0.0337994557329122 0.147875265786566
0.18719770935203 0.104917512519534 0.0227975460516682 0.145936003463025 0.0985745990428433 0.148634323366023 0.0386362964740126 0.155784076587142 0.0975219331437218
0.0478163006926081 0.0410900176847605 0.0536233505459801 0.130190842999984 0.0444945021313669 0.156818160598168 0.153482248557856 0.288042783469466 0.0844417933198103
0.176993895526284 0.0910991922111363 0.182189080435314 0.0251990852841234 0.120873027864177 0.153645214432469 0.112750284763649 0.0429937005923433 0.0942565188905039
0.200038740997377 0.0764533496309771 0.161970835820106 0.073712380703351 0.0485215048490165 0.00318152907009108 0.227271064282472 0.0508659483869633 0.157984646259646
0.0968773509049865 0.120892557529787 0.117027696208878 0.114088462842181 0.0678960499889697 0.117627803412323 0.12300909633558 0.114858665280487 0.127722317496808
0.0762294454128135 0.140420126458454 0.0105894827432311 0.181723713415704 0.0971240447423233 0.129097431684015 0.193439135710167 0.0424202428852617 0.128956376948029
0.172241220424895 0.095079361869488 0.0110918882850084 0.0223618389770203 0.0656042636879514 0.150220598285029 0.165443697160661 0.12186784545547 0.196089285854476
0.0432310297473553 0.160047589591657 0.00353460381588427 0.185248889397704 0.0906224007406358 0.120765253512607 0.168498871985823 0.128219247894716 0.0998321133136181
0.0260262460346355 0.162985385912404 0.184651523706036 0.0620591239219336 0.0823349553551999 0.166566275435673 0.138275730348758 0.121403653570539 0.0556971057148205
0.182078826012747 0.127658892896937 0.136509458820018 0.164409785692619 0.0867518237657161 0.0544176879302471 0.0445563221253693 0.175807197615206 0.0278100051411405
0.217333633118247 0.265012180343353 0.184439312583822 0.0195243531888381 0.17778064181106 0.0269326057599739 0.0308391914015048 0.0225359363708551 0.055602145422345
0.136283468138456 0.167504530980059 0.0988170317202268 0.0839045754568781 0.0899103437337962 0.151319605505392 0.0351169804689363 0.160703255631355 0.0764402083649011
0.0113137095629739 0.183575615592279 0.0982407669651629 0.172261689644216 0.086831290448075 0.0465955870645799 0.110098366658478 0.142976330354116 0.14810664371012
0.147692182094276 0.00298810038996447 0.0535208671932767 0.139978174790756 0.283255453381469 0.0323274107386503 0.126702223451507 0.162207484368657 0.0513281035914443
0.135902139392793 0.164230494254682 0.218843156475619 0.134891767821734 0.0458389017538489 0.182926637420143 0.0458356430628945 0.0632016398982107 0.00832961992007449
0.206496546246271 0.0511950674563647 0.0276107770165051 0.0191728056565687 0.141497761104819 0.00325633485306882 0.169371832521949 0.212722341424747 0.168676533719707
0.0113908044385586 0.170947035965033 0.0958953270014135 0.0329854022961434 0.021216244620136 0.264521748438286 0.142875994066696 0.225160277197672 0.0350071659760617
0.00499543237634098 0.148830322439329 0.150827621024627 0.120562559477335 0.150643263984594 0.166597398983262 0.117312585336396 0.103384867817022 0.0368459485610937
0.0795651236681735 0.015366189601975 0.029422772030665 0.0662469882999879 0.228377838903222 0.14442198577288 0.236365740497813 0.138640547664268 0.0615928135610156
0.190713678496297 0.138737229225733 0.143041834425211 0.0080690223878421 0.0168070613589411 0.183886854967632 0.0230721404657841 0.177651459154813 0.118020719517748
0.162625780973958 0.20153318918356 0.0962019759717205 0.0367548013762573 0.0198827897986151 0.118876789728201 0.138428834968912 0.0548900706374768 0.1708057673613
0.314724311936833 0.0498249540580038 0.121308140737988 0.0106972705336033 0.125262896435824 0.0890827795258324 0.0638105447366956 0.149483087204656 0.0758060148305631
0.0158478976284503 0.0606875041119527 0.041785422888196 0.189785948520707 0.0687332369142128 0.187245685976438 0.180522624809674 0.194272160766577 0.0611195183837925
0.15184548280185 0.0216427967679796 0.155826714716876 0.0887275704775444 0.161658439611951 0.176920633482062 0.0502991580278902 0.144848314829093 0.0482308892847534
0.0715187911689547 0.0649935611604475 0.184770149437438 0.0248796010789592 0.0855965117231802 0.155264355453237 0.17490860620225 0.0305483667613934 0.207520057014141
0.137749244061358 0.0453462631587357 0.0846040245459728 0.114466535604967 0.134370777633209 0.163307171127016 0.153167711692254 0.0728633836761016 0.0941248885003858
0.112087728399406 0.0842638589250718 0.0326845006359413 0.156174018969094 0.0147899283983008 0.0343611148322975 0.134203240780937 0.226383975390139 0.205051633668812
0.154093469154003 0.107803885466262 0.169580221099781 0.111696145925767 0.0957184514393631 0.176142832689254 0.0649991912835134 0.0523786502936043 0.0675871526484524
0.354640637533545 0.167602486739575 0.054321439340317 0.10476388659386 0.0609361281188011 0.0712192609554474 0.0520765069899702 0.118725299234496 0.0157143544939884
0.149426207676993 0.124273667534491 0.0963966360465783 0.112864645315169 0.072863028186697 0.18307762320531 0.105921766601856 0.0428443866399149 0.11233203879299
0.116859174662319 0.123218263227095 0.142042142213815 0.0334545747575607 0.0785128212376741 0.132996359872209 0.106002284579674 0.135114780634813 0.131799598814839
0.158319560942528 0.201253788214397 0.0105195957861829 0.106912348869995 0.148754614128243 0.0643784959435476 0.297802456569847 0.000274365165372163 0.0117847743798872
0.0921979339919948 0.143020294396331 0.142873179952118 0.00271915743202442 0.171335303554449 0.174610325967824 0.121863444432081 0.0209128614084332 0.130467498864745
0.18161664691797 0.139965911202909 0.0645828676425107 0.100319681568008 0.0329758515619312 0.0376144181914301 0.185068131469371 0.114557333425489 0.143299158020381
0.0985801844505101 0.119077320039646 0.122869137316187 0.142410979825947 0.116160182274729 0.0581652456225207 0.135502777706275 0.158289140786438 0.0489450319777467
0.147467939267713 0.0803226742877318 0.0615260953558634 0.0493225294895732 0.118039141151888 0.206340466057508 0.101831941768616 0.153077399815038 0.0820718128060682
0.156173971149895 0.159581425463229 0.0353058475475591 0.0194805114404549 0.0635283849835637 0.187089511412398 0.142256975254755 0.187535258041755 0.0490481147063915
0.0775929060936306 0.120123271124655 0.240746235838565 0.0102450829353994 0.202608336969063 0.0684760468215624 0.00612863710032451 0.0923260523912746 0.181753430725526
0.188764063862197 0.00676017386514314 0.189126235493025 0.0918931640399261 0.0338161623843375 0.154800414060333 0.0477598496890176 0.170583834047876 0.116496102558144
0.0577714864917873 0.116466927754546 0.073086777056579 0.149119027959265 0.101859378540445 0.0147718394935707 0.236069346799038 0.21618485339862 0.0346703625061493
0.0855897064526984 0.00218604053706673 0.182421103429321 0.153308521788278 0.227108046788278 0.030423780181523 0.157797670009331 0.0918746982293184 0.0692904325841855
0.0605603146350395 0.128544954745125 0.168212031592099 0.192877182493969 0.158041998808677 0.00712180427940435 0.000929364120353037 0.196563520170177 0.0871488291551562
0.127264400251519 0.0436207794727881 0.144700125047279 0.133873526668406 0.120601404884698 0.0174931270390825 0.121590496868116 0.111348469737186 0.179507670030924
0.105758814407181 0.154932172592423 0.211755999754641 0.0536243802446672 0.121404007187882 0.086499628359083 0.0177396280680638 0.169871942010037 0.078413427376022
0.0977864214549582 0.129618934965809 0.0748595540584823 0.107299123982256 0.079456583887573 0.160591048739644 0.0202015935045878 0.103613650396542 0.226573089010148
0.0684933185596315 0.1112428877833 0.153974231738734 0.00186847291774873 0.120172611129961 0.186180894548785 0.0933264853751372 0.113172932235955 0.151568165710747
0.139993819645067 0.163627053430833 0.0580728097458633 0.0805227604185555 0.0570752793924485 0.166232133252282 0.0901593201968699 0.136545992382306 0.107770831535774
0.0919566280606008 0.0205293245030766 0.152505909888739 0.101050230106096 0.0677741823590769 0.014709392138477 0.201524887793007 0.186503888081199 0.163445557069728
0.161101948311996 0.135997089503741 0.214747606740706 0.188778662771838 0.00623908339033708 0.0502296077448379 0.0617879205609289 0.129880437961747 0.0512376430138675
0.0569842030792028 0.112442703849308 0.131051211484743 0.117298607493926 0.131654978077972 0.137175597481396 0.0463702140931631 0.147554296225885 0.119468188214405
0.11408261912319 0.0241193946889866 0.131170876745719 0.0987837279610521 0.21140459076955 0.0827704437451444 0.0177246014396464 0.215985121930228 0.103958623596483
0.210212864673289 0.0675421008254493 0.153985652626613 0.0905845510558069 0.194612625540667 0.113833064248265 0.0419014247261436 0.0392174763756597 0.0881102399281073
0.120519439059765 0.199054784335066 0.0328240872937918 0.00342085711971296 0.0115694610496397 0.0283264417529851 0.251324580491126 0.123853493724957 0.229106855172956
0.161814014058964 0.0474649698139837 0.0951925545237077 0.157909496798839 0.0181128924531694 0.164733427162211 0.0299776633352181 0.0295897859440703 0.295205195909837
0.123890494877178 0.13969105232876 0.0962895441679504 0.0355827075786103 0.0422727826767503 0.0926448964506932 0.111618277593305 0.156404454472536 0.201605789854217
0.0554055883067819 0.153092901802634 0.122316272106871 0.114630033060052 0.189978931717583 0.0654262937099284 0.149008714953563 0.108481927360797 0.0416593369817895
0.113851122409248 0.31690834950113 0.0293633877409885 0.0686616212124478 0.0806737391036043 0.10315237513766 0.101310989369067 0.0999586822907074 0.086119733235147
0.162589134328908 0.0540431198257009 0.070606472909237 0.0970112017438599 0.0249848905259646 0.0880448402449489 0.131642085170735 0.188794937102332 0.182283318148313
0.0543694963887766 0.173574777433934 0.184369976886911 0.127421984655163 0.00993621103065361 0.0674922743500538 0.113027260061333 0.159082727349149 0.110725291844027
0.208792063895595 0.201133886404406 0.120534211536403 0.0168549679464463 0.0334482908706338 0.128279299343629 0.00641818855117217 0.15508951317478 0.129449578276936
0.118830535466056 0.073807072181811 0.000493259410695645 0.0338518502913918 0.0901474126112301 0.135841902267865 0.0383445044727118 0.302451945006911 0.206231518291327
0.170447884712191 0.161014484615145 0.0132209486661211 0.100963022680463 0.18203005050134 0.139131112886152 0.0503617756391697 0.0188017352465388 0.164028985052879
0.103952321891318 0.0344052623470736 0.0568365889011418 0.0397987515793099 0.246876454822149 0.155221112642325 0.157518200266804 0.194266085066212 0.011125222483666
0.119243283085393 0.0599612417695833 0.170623337482997 0.121272532051309 0.0507720521927722 0.115389951313048 0.0635128014892897 0.121107154970872 0.178117645644737
0.0879569004452617 0.0232289607641772 0.0709980067974345 0.130405688388402 0.0940816433142993 0.130674966870232 0.192647443967337 0.220274051377818 0.0497323380750373
0.167541776771533 0.140480721015243 0.0993105557015127 0.205472160783579 0.0942490533307173 0.100239550378257 0.0499614739545463 0.125412449296357 0.0173322587682547
0.0294895440456773 0.0512724431055199 0.000499574880623662 0.187574626093691 0.198696675894782 0.08354604482053 0.110276492034492 0.180041793077397 0.158602806047287
0.12757689721935 0.122458656345674 0.0689293827574991 0.0611733710337337 0.0840186198842724 0.200877295037542 0.132003681375307 0.112775339863487 0.090186756483135
0.155933506872104 0.0851833058568015 0.126561464862364 0.120381089339544 0.0663538855456338 0.171104778321093 0.0981474816121008 0.0056284941593119 0.170705993431047
0.107556126199881 0.139593171718203 0.0138316359512638 0.0529938949595657 0.12751048330183 0.0740196001874183 0.139421816381681 0.152042688383208 0.193030582916949
0.0385404468510451 0.110169851107093 0.150832562347118 0.173978266203928 0.0664700930740143 0.145314739451936 0.0563836209855716 0.212730436635415 0.0455799833438785
0.225629909675073 0.235101013969526 0.0795481377816247 0.0247180380951713 0.048674751340992 0.0104290004838514 0.060498575147019 0.137037281744145 0.178363291762598
0.0387926528145378 0.0569787798613259 0.281268855990482 0.0241333080331737 0.0579432036676425 0.0885443351740931 0.207937228977197 0.185659505723128 0.0587421297584187
0.141340733744816 0.123714316306194 0.139080460301681 0.201614883477177 0.0899930761824358 0.0603732451072202 0.104663711271937 0.131544624570127 0.00767494903841345
0.175771889327823 0.10541144142129 0.189456911501325 0.112042069944486 0.138466830747889 0.0817484488125619 0.0877938322325412 0.0453575877875559 0.0639509882245286
0.132077669307566 0.00700408086681371 0.214286776371568 0.0778752026369279 0.0258243623323896 0.0787898983918978 0.223387964239976 0.0143510681754332 0.226402977677428
0.146468898686526 0.0855037937835904 0.145163019689478 0.119309181252405 0.124642882478602 0.113271671563903 0.108822132289412 0.0709919152599214 0.0858265049961617
0.156390159159881 0.0229160626888106 0.156426296549102 0.10578938232737 0.032593971334064 0.167151777021556 0.207859808714959 0.0302828399456532 0.120589702258605
0.114866717023477 0.10799116728135 0.0158114705880681 0.13408321984626 0.136181085662132 0.0519205746915563 0.116675304688669 0.15782018271802 0.164650277500467
0.0307573981115344 0.0433381132555004 0.0634459047005062 0.169486101434608 0.183078924658328 0.134760361742092 0.131319300025607 0.0947520670651556 0.149061829006667
0.0553089544383194 0.240120517010265 0.0169644282291176 0.0217668807061627 0.0832594876137622 0.0314786312528369 0.253703606859565 0.2324562679401 0.0649412259498717
0.198606516051975 0.190790811463446 0.107840757852325 0.0801135274968436 0.0383764769240644 0.130350474202898 0.121356418696208 0.0573803082590164 0.0751847090532225
0.0945347160508359 0.200940433209702 0.0510496993554034 0.0451277482815328 0.0442017421486117 0.186415599213002 0.191114215721208 0.101913871294812 0.0847019747248915
0.0815947595130529 0.0265161264363925 0.214948007525166 0.00423552606289433 0.00198295093270356 0.253130825964271 0.185967855805998 0.207699672545977 0.0239242752135462
0.0905010108180852 0.101949284167577 0.0803914491251639 0.068643766675668 0.0111809033944307 0.189521041622501 0.200064770617829 0.0905064441589861 0.16724132941976
0.0521356464780973 0.0911541295637889 0.00838042208261902 0.0540258685947877 0.0997764656543435 0.168148186383629 0.149752465137687 0.200841655670965 0.175785160434083
0.112289698108697 0.105799450458894 0.137668707465391 0.134920765875638 0.0783952895091701 0.11921348617031 0.127634214815365 0.0828830113238931 0.101195376272641
0.0372303364005697 0.172711832206594 0.173981576096592 0.116868821082521 0.178631046158987 0.0766625604593046 0.183447942160094 0.00631945445049947 0.0541464309848381
0.182392826319388 0.107377000328698 0.0503239742021092 0.15027555494034 0.0762954401065816 0.180560163817172 0.116357326138505 0.0954281074197508 0.040989606727455
0.107753425079849 0.0950984563656243 0.147129235465383 0.0340480321663519 0.176153352350467 0.0468232309020316 0.181967673562216 0.0697427221966088 0.141283871911469
0.0973328987224051 0.161099084240387 0.122809943128648 0.0991038641360626 0.131235435747971 0.114634635904924 0.130147475684938 0.0726834588029299 0.0709532036317349
0.0226107058274045 0.137150575450351 0.141129298441139 0.125236041366969 0.164788747619582 0.00373278638632105 0.155219909412174 0.181437910780938 0.0686940247151201
0.173901385193711 0.0951139306988733 0.105120442807977 0.0769027671660854 0.24374020059898 0.132814869771381 0.117122054276628 0.0282215702557057 0.027062779230659
