0.110862528178218 0.155502785955069 0.00801724676650943 0.152563168977891 0.132286319522491 0.158144187187149 0.0345016952893942 0.048722331022379 0.0410831284107248 0.158316608690176
0.103809940544985 0.224625002203252 0.0260018058237947 0.11766037811599 0.0625137404489733 0.137398490984491 0.0222719737251617 0.0690292151598818 0.166094414409907 0.0705950385835642
0.00170870105442617 0.168754424906208 0.157167629242466 0.0476748954376822 0.216741739190694 0.0474522313428292 0.134633381151599 0.0601967240112735 0.0639076162914411 0.101762657371382
0.171122600196344 0.127256895392334 0.0758846184187485 0.166142258774763 0.0369263460161222 0.0763319055527139 0.00249048444432535 0.181493670180635 0.0582806985699538 0.104070522454061
0.132889500570323 0.075069874811724 0.0399414848010762 0.243152088718206 0.0231512879479449 0.000305078738439368 0.106713808100109 0.0947721570982888 0.182967811372217 0.101036907841671
0.126258913624563 0.0419918415112129 0.0364290582428339 0.121319588151266 0.10284434754727 0.203720945621697 0.0976482868018124 0.230120784335752 0.0104165586014517 0.0292496755621416
0.079932558908099 0.17370137490608 0.00344931061394039 0.00425193967693036 0.0445872268341668 0.228539303109876 0.145238591648532 0.1317885552857 0.0796519937481388 0.108859145268537
0.122727220527059 0.108172922386907 9.03439674847972e-06 0.0186852143774074 0.034178133953389 0.109498283811941 0.197617455942339 0.205900570044769 0.0578512665838642 0.145359897975576
0.160876411767452 0.059741212115258 0.0800970932974922 0.209006672336714 0.0755894120871398 0.112857352118382 0.0874596475857831 0.00938403847577357 0.00219624354482264 0.202791916671182
0.100625564485907 0.0605195773556092 0.146396559413224 0.0489118525965753 0.163588109325144 0.13015408646306 0.151925564256623 0.0117181578485898 0.0323561061463731 0.153804422108895
0.0389550964973596 0.168229240643208 0.112213938537921 0.159958408352952 0.0508097331755035 0.151583723295881 0.166113480370939 0.0272868467350288 0.114388758521751 0.0104607738694552
0.0992552225959658 0.133369065618793 0.0632206707960882 0.0543295483032867 0.172030544334501 0.10994179720214 0.0669192462946538 0.113551240719747 0.0951744497271708 0.0922082144076542
0.117490309199108 0.187716244688328 0.050104921531107 0.0977073492074976 0.00915031696169147 0.0413101676302817 0.132805434886016 0.192301164272828 0.144264193411179 0.0271498982119632
0.140508514569423 0.0134983990633715 0.18134446824451 0.0925507239928206 0.0269000190385582 0.0289432888432768 0.176409257044712 0.151198406703616 0.0758994528215108 0.112747469678202
0.151373216816077 0.0485610356676114 0.2100829216874 0.102516453884292 0.0158274356432751 0.184908608899106 0.0320109677887277 0.0477850699922792 0.0819397440925421 0.124994545528689
0.171590902461224 0.141362713731533 0.1743446053882 0.0242677943430808 0.00598968148541618 0.186155229742249 0.0483282742701287 0.0570053059170996 0.123323507408251 0.0676319852528177
0.0664469558296097 0.0653834051116633 0.101037378138322 0.0543117056443724 0.121723507160059 0.13912465557095 0.150992617915677 0.146024343488743 0.110658210360008 0.0442972207805953
0.261875992060886 0.027130134900664 0.0327305231791859 0.230040899232868 0.122416517704019 0.0659668973353168 0.0517112382394526 0.00324787635970253 0.165808216616712 0.0390717043711931
0.0485164403324128 0.164778993582861 0.040888771215372 0.0854649760716487 0.0333709696963597 0.0123964422774046 0.189040674734699 0.0679377781186544 0.204299204397795 0.153305749572793
0.0893375638243208 0.0167951977050534 0.0592832669654812 0.172160877751962 0.110517900388485 0.0129462596722083 0.137743565292979 0.105716415268247 0.135771170624977 0.159727782506285
0.0329160076409627 0.1598005567642 0.0364198611078175 0.138157914905135 0.0802014404674857 0.098257433538433 0.0677440241721087 0.145141322909581 0.135445327780344 0.105916110713933
0.0835289952219713 0.125548778947796 0.124308545262672 0.0835309454320522 0.158180859686905 0.0719535377733665 0.0655415106116259 0.137164433251831 0.123866319246747 0.0263760745650313
0.0879763757320372 0.146237876163923 0.00918163261154087 0.0800457281404767 0.197596850809613 0.116677623336062 0.108001051525086 0.0268402105969468 0.0619846830686945 0.16545796801562
0.0625449277524439 0.050628429321917 0.0159068666700156 0.133820550102683 0.137852739775168 0.140287351360249 0.138781530199632 0.151240233707929 0.100349340606988 0.0685880305029745
0.129927478391858 0.0450207167413025 0.104078170284806 0.0811704120718486 0.123818372487029 0.117443624605005 0.131535309155262 0.13107944339337 0.0339068714146647 0.102019601454854
0.114257889292372 0.148881052142206 0.14058081366779 0.0573117133875563 0.0450336745530087 0.114842754351738 0.116942491970009 0.114112931070893 0.112629841731417 0.0354068378330091
0.0749036168887641 0.166160035228198 0.11074508375493 0.0771353290541834 0.094554596983164 0.128786764856479 0.114639317613574 0.080381729848404 0.0244781461047466 0.128215379667558
0.156045784508965 0.0297431321909586 0.044825951325482 0.0418470488189978 0.112791208201622 0.0712394182820234 0.147237888000112 0.238566205303906 0.131608212902178 0.0260951504657556
0.00532775833565876 0.0993749234948636 0.0223951185785983 0.214133778163937 0.0949662225267175 0.230912135328192 0.055323699242987 0.0712659007315437 0.0323304122682528 0.173970051329249
0.173588593220335 0.128272806724429 0.094812670051547 0.0221169123100514 0.00743057584084859 0.0624653907564604 0.186407729591834 0.179205236723735 0.0970146104371987 0.0486854743435603
0.168339365160259 0.099998186641434 0.129247334203748 0.106703638098165 0.0682793773361483 0.00553942466068903 0.154479376028931 0.0167866501369595 0.195412630195268 0.0552140175383988
0.204296264639687 0.0573308693246189 0.193921580369002 0.0960144895462804 0.0483721986791929 0.0796265915438204 0.119643886171865 0.043094945979749 0.107054876557788 0.0506442971879968
0.117242152365205 0.128808939376827 0.153585218673038 0.0496492059080842 0.039367651104671 0.120854973352135 0.10453210863355 0.0123438092679001 0.154116998667159 0.119498942651431
0.123054960815264 0.111988074558424 0.111932095185661 0.0858417778557154 0.129550343829562 0.0478941988109766 0.0860129314465991 0.0485660222018581 0.159163381032153 0.095996214263787
0.0138728320586398 0.0415368622511527 0.169708245040676 0.101649771972424 0.0451637260775699 0.153755287607541 0.0690421689883271 0.224004701844949 0.0167092640028199 0.1645571401559
0.127110761566942 0.0558965778317407 0.153581478090774 0.0187766502181778 0.200694929140084 0.105002706318618 0.0471693504065205 0.129008987093695 0.114548366966666 0.0482101923667819
0.102150338029556 0.0214685874533574 0.00860532906038185 0.0256265149597372 0.200834993766453 0.0694258874884054 0.161903277219925 0.11683068463355 0.247693864876585 0.0454605225120478
0.0026497485147777 0.190983942929642 0.234036718243851 0.0905577360732973 0.00387678331706138 0.0331660958962475 0.0342642371922595 0.0658264470657836 0.137289293129262 0.207348997637818
0.151841033124751 0.146545451371774 0.137983128297227 0.0294394597174706 0.0465167095632666 0.0825388724670158 0.20083560578222 0.125991257365078 0.0761552995726362 0.00215318273856094
0.0659870273877578 0.0852554691199097 0.167792095640895 0.13399741586676 0.143715399746177 0.166290990424018 0.0266119126992695 0.175107639734018 0.0108113698395154 0.0244306795416793
0.0258560166897194 0.135165126458118 0.104603414260289 0.0760357404157265 0.116428865268709 0.0984275383058804 0.0457775619644712 0.197598356391187 0.0102503346306679 0.189857045615232
0.113876960060959 0.00700512195046933 0.104852481665849 0.111725358088282 0.16368776593808 0.104796818054671 0.10796705856628 0.113496719957552 0.136982921002509 0.0356087947153494
0.0995149908923133 0.249330518807687 0.0415149492926758 0.0233326592851107 0.0993292396029834 0.048873530462303 0.0912839873448275 0.143493681261979 0.165297060832837 0.0380293822172828
0.068952469397798 0.144076164119706 0.108144305803595 0.0123116918788886 0.130994790452534 0.120894625296288 0.186181522085265 0.00789953803141717 0.107947144874384 0.112597748060125
0.104997238962371 0.096321494604568 0.0854069148247043 0.0899999435808888 0.0839639190942921 0.140810630524511 0.141202087155219 0.0671607040317174 0.114502419981206 0.0756346472405223
0.139369784539901 0.071379199198374 0.095018266846649 0.102308219788384 0.150589643409976 0.0972014227430128 0.0871334184536015 0.0350631376047702 0.133711293032914 0.0882256143824188
0.0563973325540195 0.0620656365227253 0.18660798839298 0.0190586032448764 0.180521582362336 0.168832816095798 0.0286007806419562 0.164628832421909 0.0258696353350481 0.107416792428351
0.144752741335556 0.124877483698599 0.0158810146670208 0.142443563635195 0.0861544297414783 0.146288786502539 0.135674243601792 0.0275625765427044 0.050591827338793 0.125773332936322
0.0266848659394416 0.174443991842942 0.11707925671528 0.0533013102468034 0.182660848178992 0.0185890463802589 0.0896792441468847 0.115222629998147 0.185403048762178 0.0369357577890721
0.113146528941844 0.0267759684793286 0.0217849123009278 0.168746574599638 0.0515471971180244 0.134025539321349 0.206177415874991 0.161830923169635 0.0819685585591605 0.0339963816351028
0.144266304760025 0.0579291539899713 0.0436047824639186 0.125720244316955 0.0940827412440286 0.197254742750137 0.21566614743 0.0490546105289964 0.0207303020057427 0.0516909705102264
0.174885861466764 0.0383921476223855 0.161065385919436 0.0729104326984309 0.0720535610639518 0.146665619482733 0.195514569882588 0.0224857286121324 0.0820943917157125 0.0339323015358655
0.128768731467589 0.0876266268187499 0.17866805245587 0.0271542142029544 0.131042690436856 0.0943535787490736 0.171307497502926 0.0653106216405194 0.0272112654862321 0.0885567212392289
0.146804272122095 0.0692747431450991 0.0146472942136647 0.137482511028944 0.131536132722378 0.100397652650716 0.117189537836516 0.154934925292902 0.122110370298882 0.00562256068880294
0.151723532770806 0.00230455332807762 0.132179259784531 0.0187705990710066 0.101011284252473 0.142716289438397 0.18863199997545 0.14626315544843 0.0124543676992218 0.103944958231606
0.0990927121048217 0.103770230060706 0.147011159159439 0.143368313515758 0.0556529954874478 0.0585125025299181 0.0486062409209093 0.158435317112823 0.117207570251174 0.068342958857003
0.171466556686698 0.0764974325607426 0.117173886548234 0.0532730994835491 0.197890958579554 0.0546668853466097 0.0668327441132009 0.0568883023237941 0.148702690337135 0.0566074440204828
0.129449270372331 0.141122105202159 0.144494188090838 0.103487600057214 0.192291994809542 0.0699784713931259 0.0221412003455521 0.008685631617695 0.166848494270856 0.0215010438406852
0.121044631507453 0.0415396970151298 0.111487693232163 0.0839664311916413 0.17781843848434 0.047807774676488 0.0409389462936281 0.0149426029548928 0.230297232073561 0.130156552570702
0.0513890677395192 0.0970810919084161 0.122501163845124 0.121303142286867 0.0150923607968107 0.198722859695263 0.184695261351816 0.161893675564221 0.0126915883219614 0.0346297884900012
0.228532044657337 0.00830334987240199 0.0080401158180759 0.200997633852326 0.0317751860436481 0.145000722455178 0.18179967135099 0.0011487658503564 0.0918666088932282 0.102535901206458
0.129969646681421 0.0945036449774143 0.0378291992981278 0.157196965334788 0.117931328836445 0.0833441030645321 0.0942231172126184 0.156060677616173 0.100901125581905 0.0280401913965752
0.0122101433339491 0.269845301503935 0.0576565627802718 0.136649859841384 0.0206568062559824 0.127401967039619 0.0442770787607684 0.252414679557616 0.0609798644920595 0.0179077364344147
0.0515193252418038 0.173693167824879 0.0700015843858502 0.205144328355595 0.0621969215632646 0.023512157886328 0.0348558984972874 0.132596917578921 0.0577531102021484 0.188726588463924
0.197921068107128 0.0998925452057979 0.0987044129181887 0.122477929377559 0.0169894082755532 0.111984282794185 0.13479000557581 0.0838359328894817 0.114530561843829 0.0188738530124671
0.00508901106307506 0.217452181626478 0.00200113750308131 0.0695925268917778 0.154716787077716 0.0457516334775325 0.00774868414470135 0.240052687412393 0.203119429102256 0.054475921700989
0.117729215280219 0.136305468807531 0.0824523990240382 0.11041299262896 0.106712670273961 0.113996710970402 0.0366801019622404 0.106300362465892 0.0431657958155159 0.146244282771242
0.0684373537523552 0.128716101607839 0.155749211090243 0.058094352539598 0.0372903627767968 0.0276013822723753 0.15946771777789 0.155672463605864 0.118094186104804 0.0908768684722345
0.0245950131385011 0.18605827607341 0.130161027268454 0.0616079680561786 0.0690626648632697 0.0952258510884548 0.0498126808067846 0.185464082162369 0.159128245908018 0.0388841906345609
0.145559098336819 0.0872445166011861 0.065190239730107 0.114024739377659 0.121501268047892 0.138536406546463 0.0666425142368407 0.0639159216115667 0.098596248713965 0.0987890467975006
0.14069437829441 0.0927529101824309 0.0923103962953632 0.0909986247378526 0.0220737824334309 0.0953685944427272 0.0424137896204429 0.126616700016072 0.145718187832155 0.151052636145115
0.00588288703855664 0.0179201858181275 0.0693776308900116 0.147484440750528 0.156650330401437 0.163422254479241 0.186102914385686 0.0588075948169465 0.0341541504217497 0.160197610997716
0.0331739623728087 0.0488763055183122 0.227896900852394 0.121055704684629 0.0472406545301684 0.217843088446946 0.010839154064977 0.0790552176792194 0.018092148754673 0.195926863095873
0.147531795669036 0.039101327096918 0.0214371882929544 0.109242626575497 0.0328093269689467 0.104487831420374 0.144323578704064 0.153248367111327 0.0895948762787396 0.158223081882143
0.107903535848989 0.0937818252489547 0.00585608373324038 0.0161250809329239 0.112384028467402 0.151009344135168 0.142330682627249 0.147648821674312 0.101438010626249 0.121522586705512
0.159811585197873 0.0272141932721613 0.153819345516639 0.074358259286107 0.127188023391025 0.0188334282373406 0.124461806328956 0.141641744371778 0.000640888777813094 0.172030725620307
0.117231306112146 0.137952329018465 0.175309607666732 0.0481360150721526 0.142720443498546 0.137110213179584 0.13006806837825 0.0143863810304858 0.044511651900168 0.0525739841434708
0.00846636038362395 0.121499831053351 0.102511753648233 0.152372472003612 0.0313522588306479 0.161765376946801 0.136592902467323 0.116953544090649 0.0914507777531484 0.0770347228226111
0.00427854966872687 0.0916506740873925 0.0736229502199813 0.151260398588965 0.182663633422404 0.189267324355687 0.118416009365382 0.0216428140249219 0.104401603556545 0.062796042709994
0.034812205980925 0.166423581880181 0.0888953937814245 0.107517424957944 0.0438284144494163 0.131034013506746 0.0395362115457986 0.177167225074895 0.210099676177105 0.000685852645564013
0.0366159876760569 0.0400352482530611 0.195044630454474 0.13881266614412 0.00218121693625698 0.153038233380529 0.152407024198994 0.0503651473497511 0.0798006952021244 0.151699150404633
0.176448226057257 0.12441318037988 0.00403341431702294 0.110279646497999 0.0874758581364554 0.0296309291116194 0.10581183876085 0.0952083328226071 0.0939591921744122 0.172739381741897
0.119035953538179 0.0634626143861037 0.107566567353751 0.158779983883662 0.101679265593659 0.146502459596469 0.050397123539956 0.100963744520496 0.00367771360880332 0.14793457397892
0.146424756556407 0.0125400605449008 0.179550107936799 0.159234298189404 0.108828682263778 0.191475769095726 0.0384514982732759 0.0159387549528099 0.0705152279607444 0.0770408442261547
0.0740769640624879 0.0157736520901115 0.0283179371770129 0.172328042560623 0.0886470030008182 0.0779568605816083 0.095302583316499 0.111823415002288 0.161444000744802 0.174329541463749
0.17793089450093 0.143334705930461 0.147839748985559 0.00122278025168649 0.113062748726445 0.0379996125029006 0.152051110040206 0.129084941902155 0.0391375399956347 0.0583359171640224
0.0686047440072826 0.138879205606213 0.112907404719622 0.0771023124315116 0.134856105219176 0.0868239803109262 0.0884583276404658 0.113319541378541 0.126662475070935 0.0523859036153266
0.109452426870087 0.0534569533396781 0.245231405213912 0.06817715522244 0.154577073425129 0.218871419981314 0.0263326365453113 0.0292851662581593 0.0501089691701146 0.0445067939738548
0.136348217563816 0.205767819234902 0.135240810585805 0.120256247458071 0.0884280648192724 0.0769105715661025 0.00344537244277262 0.00838816920101799 0.0304011686532012 0.19481355847504
0.104258691171993 0.192969226941926 0.0986002616476769 0.168450487780871 0.0492565775933849 0.000678430677306443 0.0938250178966207 0.0693228459678673 0.077069925934493 0.145568534387861
0.124359211360078 0.146417747256393 0.0645371421389223 0.17436511394562 0.0960685056302993 0.0897471643968467 0.102725178596716 0.0845518893060321 0.0755501439818291 0.0416779033872638
0.115432880873005 0.0310816141915233 0.153105242477102 0.129995150426722 0.130156420520596 0.160094462533677 0.0113149668121329 0.15030040623207 0.0956669103395144 0.0228519455936569
0.0646483739148835 0.140080589622589 0.0389240475579265 0.15270095257438 0.13926506820479 0.150882224253278 0.103946612348032 0.000552796922841957 0.187968999614587 0.021030334986692
0.126624364672513 0.165387749721236 0.11984186307574 0.125324643961685 0.0997285421546129 0.0433286071391528 0.0675457742015282 0.147453092575799 0.0738923637686475 0.0308729987290845
0.142501111298318 0.10361570962787 0.10929275632346 0.151708875467959 0.0706700162706164 0.16683640280701 0.0478240114359628 0.112310560455079 0.0541219466298543 0.0411186096838695
0.140149837024976 0.122370928531964 0.118163438289663 0.132757536103139 0.151424730741433 0.0219385836095997 0.153315219300056 0.0490086171203669 0.00512089829689939 0.105750210981902
0.158168444207359 0.151199805177052 0.0175609766650338 0.0179975574426772 0.160891172074444 0.0834498858935936 0.0540628148920808 0.152247251908872 0.114385762155149 0.0900363295837392
0.0843618258859586 0.0508992846221143 0.0338259430375769 0.305971246840977 0.00174831050950427 0.143830827191019 0.0522439031849018 0.19255799333154 0.0239767878726544 0.110583877523754
0.166733601464281 0.00815553831536531 0.185221522168505 0.0120034992254963 0.0522489469431301 0.0337384610552616 0.159638684731779 0.152622799315285 0.198241850720675 0.0313950960602215
0.030993429027082 0.164031186113682 0.017591066316678 0.137788614289791 0.0510371752562889 0.133007385388696 0.192837983812836 0.0533317906879282 0.0556725935674922 0.163708775539526
0.157166607815585 0.0772641954303113 0.201490534684174 0.156561169732069 0.0317776306770597 0.0254955769783854 0.162487844735755 0.00673672386274491 0.115480912932341 0.0655388031515755
0.176904676519848 0.106260566236325 0.160594587028596 0.101075059341959 0.105545670547705 0.0939388748564659 0.0230541887197827 0.0710515612344184 0.132236114295204 0.0293387012196957
0.0142463718468117 0.142533992810911 0.226433073664049 0.103556186244052 0.173679002712594 0.0380808384321661 0.000600774986929724 0.092280391391935 0.123049220004875 0.0855401479056763
0.141608365431171 0.0616939742049259 0.0952314215919251 0.0792659813044693 0.0898124615482711 0.0722093202205526 0.0742332969283056 0.140701666389095 0.12178925650637 0.123454255874914
0.104052890772877 0.0680682126325908 0.181943698220925 0.178685699777179 0.0355626408929095 0.0377205216849189 0.0791087108647571 0.0586749997289546 0.171969680252629 0.0842129451722586
0.216415716621209 0.011550517951882 0.0927135971542671 0.0804026324798264 0.0951498647912578 0.0752869274386428 0.112111351307199 0.152475128685767 0.0338305322264585 0.13006373134349
0.0833740472951053 0.114460083317817 0.17692522349108 0.126080588208715 0.100679601606892 0.0117248004750884 0.0654120200200649 0.101033074319145 0.0405676792300296 0.179742882036064
0.0406673082552649 0.116796149237711 0.0220393863006527 0.0735480969957528 0.192197557433189 0.181540061470602 0.117124733897113 0.0176837043123452 0.179178001698854 0.0592250003985152
0.08799056911382 0.177480321315001 0.0682803725236149 0.10346837195588 0.116560756285724 0.0261403442424998 0.139092793297287 0.178222682755019 0.0381624860613364 0.0646013024498177
0.0564654873945044 0.116596893526604 0.108885573996708 0.138037899200203 0.119726227567898 0.0558360929768481 0.0733921048862834 0.0826559449103156 0.111932434227594 0.136471341313041
0.0296135061156321 0.134763970284645 0.179343999208547 0.128224324742828 0.16736982243946 0.156214389121556 0.00445721980123845 0.0554317214350643 0.0307178135088676 0.113863233342161
0.0953197710122199 0.0417347754668113 0.119778944163702 0.14913048297631 0.102788919403619 0.0551865693922392 0.112561224054185 0.0790315397750285 0.226931975700923 0.0175357980549625
0.0780142107073225 0.0996868942511309 0.0601443737035816 0.156540805781494 0.138115239912519 0.175032380249618 0.0396693637371424 0.165000935501231 0.00350525571485163 0.0842905404411084
0.294923248241924 0.00294028986914204 0.064600580106501 0.0964136557665535 0.108185233349695 0.0131582098079458 0.145456491370837 0.244951573231708 0.00497462041983616 0.0243960978358582
0.10104064815095 0.0407890762068187 0.0885333994565879 0.0580889750985976 0.0122507833733569 0.240867228001123 0.0249021644154552 0.209953021500669 0.182341406900459 0.0412332968959831
0.079268589502458 0.104300725624799 0.110924764925233 0.193165384420142 0.0979334564273394 0.0407177305025669 0.0521153565764102 0.119814212035758 0.179606259291624 0.0221535206936684
0.0645128582871766 0.133381410542644 0.0748017466786801 0.126053754500923 0.144330829010694 0.0318485402346194 0.115257498614189 0.0559988333820796 0.143662929392177 0.110151599356817
0.0151320189467516 0.170290487295403 0.0611714434127257 0.052644411596062 0.14390983876818 0.134197797573306 0.0899001977495561 0.0215582212896091 0.136021267279445 0.175174316088962
0.0693784206197896 0.185974816938846 0.162213403448256 0.22671163750374 0.0287543972739554 0.0302746224674685 0.0191793094022128 0.226465067003216 0.0463673793154285 0.0046809460270868
0.125687229203291 0.194368984914261 0.115753425402756 0.123521914819954 0.169766008051196 0.0574265944884657 0.0646682340283647 0.000581382310682915 0.0756660377213523 0.0725601890596765
0.032213941025555 0.205187853270618 0.0272252454446013 0.0892657547568137 0.0941590753222816 0.0675847002486401 0.115052306433651 0.100348001631325 0.0884909542020076 0.180472167664507
0.1149843626694 0.0229673264164972 0.0943122093882446 0.15389867270987 0.0725978427784941 0.135032975743017 0.112213265645842 0.0356085520309382 0.146755495145765 0.111629297471934
0.0618912620129745 0.0888876261517817 0.0469948298231733 0.0624883351283994 0.0303952700993136 0.170628045991146 0.103648789379658 0.139483992353245 0.196709542202221 0.0988723068580878
0.121289088006896 0.00152978564597863 0.0139583833612044 0.0121927234362006 0.164033554241959 0.151081364764113 0.0981866397915387 0.203065459725438 0.0329696336179963 0.201693367408676
0.0425477919273306 0.00486269863856581 0.0919773170370215 0.155331060551244 0.169544214445045 0.261307920262621 0.191087777036877 0.0493329048068788 0.0125576073789843 0.0214507079154319
0.119404675246486 0.0763644341154269 0.165892914541355 0.0803789741640229 0.00301523201081907 0.0593702635679881 0.17795725035425 0.00895394586030278 0.124112665398466 0.184549644740883
0.1059536595944 0.0362703786324426 0.0641441114233571 0.116143551579278 0.130885151753979 0.0883685338719594 0.0995204646491521 0.0965947583282563 0.124596437942351 0.137522952224824
0.012605151152053 0.0199758806477469 0.278633170685821 0.15792157340977 0.111912456138263 0.116024975179925 0.0356635233284059 0.0345472631107287 0.0796646192741463 0.153051387073141
0.181799154355365 0.0188822967979138 0.144697413205787 0.140525972906551 0.107431179357581 0.0567396171160254 0.0616569270035245 0.0715158374083182 0.0418944208475458 0.174857181001388
0.171682800261158 0.130018358279545 0.123745167891323 0.122683199024168 0.102580909497052 0.162530967137623 0.0125787356520141 0.0321094370084497 0.122121722050463 0.0199487031982039
0.0803632537802354 0.035900029203659 0.0626135089532446 0.0442125321942743 0.177966810747563 0.165310981550027 0.0968574040252057 0.100067375224657 0.0472180604194598 0.189490043901674
0.0315790330352067 0.0534953280794501 0.129154136732763 0.150611536524587 0.00386773989618161 0.119161838859856 0.15305643936231 0.0354926229990166 0.169008018421065 0.154573306089564
0.0864709186733396 0.11155229705008 0.0705192211016026 0.0743030212486075 0.186536692590963 0.0304789241129629 0.112114277177369 0.160957814906866 0.158646424474796 0.00842040866341265
0.13520387748469 0.126348876385876 0.131658919999749 0.042133550310639 0.103547561720461 0.131802059316646 0.0998465434166748 0.0597701541373949 0.0771311519674604 0.0925573052604092
0.11791751474705 0.0298942551644827 0.128446235953905 0.0827499469418563 0.0575773419251363 0.117582949297974 0.124329084138889 0.101850907716578 0.113576311677168 0.12607545243696
0.225467311922268 0.111027188231224 0.0851840907131533 0.116500748750701 0.107182254473636 0.091715464071295 0.0905718055276698 0.0227426355458257 0.119415663144697 0.0301928376195296
0.158437610930644 0.0248175024842966 0.155208755152856 0.128190232636329 0.123431287215126 0.0799687720808664 0.141213027979911 0.0817670245305635 0.0418317711393849 0.0651340158500223
0.117185301672245 0.12289568384161 2.1657095405255e-05 0.0514347659039342 0.0970994334785301 0.0936650922101616 0.118878799965289 0.0777827834316744 0.162940312258258 0.158096170142892
0.179316427609169 0.0424093415237061 0.114837688331646 0.122610687091349 0.0478459066398199 0.00191994857346979 0.0595912038007179 0.144483879916323 0.107360772312356 0.179624144201444
0.0466163816591391 0.0852082238688732 0.162148792888347 0.211248262975104 0.0441389618982759 0.0106858638540505 0.211934901498828 0.027186436551388 0.184523481966781 0.0163086928392136
0.191205380326252 0.0295907820123821 0.0149790518918467 0.18212619030692 0.116851475515113 0.0633415983908756 0.115329903740009 0.183273726610913 0.029172326385533 0.0741295648201556
0.0850825917729006 0.102471649166715 0.0477621312811241 0.0621279630529922 0.132272515113247 0.146147700200215 0.123101342674439 0.15635350638326 0.0283934968834221 0.116287103471684
0.103097884197129 0.076412324673591 0.0678047253586272 0.0498222805232013 0.109031265971988 0.0583631117026302 0.159628271319988 0.161805825832898 0.152024360494803 0.0620099499251429
0.0289803093626605 0.11635142171916 0.112696240756868 0.0277472885513435 0.155784813471761 0.117181683747598 0.180004750138734 0.188420645311126 0.0355146439686281 0.0373182029721213
0.139862905392519 0.086557829715886 0.0953759744833669 0.136260212472428 0.0585319261713525 0.155181051819724 0.0550203809150546 0.0907785837369326 0.158664768908584 0.0237663663841526
0.10717265149089 0.130636873486632 0.128927105590812 0.0150981187117075 0.161461668597923 0.131898776210209 0.0313910005316355 0.150625372152975 0.0752710754665831 0.0675173577606327
0.13494606933815 0.172455537270336 0.0779965497773233 0.0970625681072741 0.138629867642862 0.117204521706138 0.0679520421553724 0.100550599173815 0.00603376646728409 0.087168478361446
0.210303179400952 0.143674276766871 0.114995504262936 0.0183738837861277 0.130927723409645 0.0144077821131405 0.00958952225540102 0.219822454815471 0.0755350583827135 0.0623706148067414
0.0142319305920325 0.198803259412958 0.0194210537279883 0.11303220084996 0.0952336879239007 0.192224873039924 0.0171214481500087 0.0108446850939645 0.131709255898769 0.207377605310495
0.0839404733003363 0.198630351707992 0.0301938212500417 0.0977857561746371 0.0728050061280876 0.193590537606921 0.0973683499172449 0.0454667976910845 0.0218444065120835 0.158374499711571
0.0540255292551314 0.208082220567165 0.0970879184023838 0.152857214728112 0.189495886581383 0.131849418216083 0.0393528325208265 0.113656099435552 0.0034273305541759 0.0101655497391891
0.07614827897642 0.162345636766213 0.0938530388214897 0.0352489784184068 0.162289402321204 0.115094741544904 0.121042737758551 0.0693792505477067 0.0713674985943149 0.0932304362507894
0.00755709047022183 0.0722125165035107 0.0205869643138999 0.165974946842768 0.187423349046894 0.11668563597831 0.0783296316571702 0.131244335066222 0.182321445830637 0.0376640842903665
0.113351876327356 0.0558946408521855 0.154112281872298 0.00465508976788069 0.112532468110038 0.0156494701661116 0.120326764600222 0.180824181989829 0.0886009773849003 0.154052248929178
0.159522787754425 0.00540523036380985 0.0226551275202088 0.0948511501222972 0.181704970805556 0.0733500996046724 0.0733788421893375 0.192632840071004 0.0367459616753564 0.159752989893334
0.107084711005335 0.00682942446467475 0.165544771000605 0.136465637748223 0.129745020643856 0.116724971150312 0.0891116857612844 0.135656444248711 0.0827304893752704 0.0301068446017274
0.1981687949624 0.0729841110436187 0.0875777340453753 0.101924936817646 0.0140444703467465 0.063756561514727 0.07160375604021 0.0938721634060482 0.201410994894219 0.0946564769290086
0.0792119495194841 0.0247190415798305 0.181837093826232 0.109318963069491 0.124375322747187 0.0284153070429588 0.0441134858486255 0.121343863277913 0.121171729660193 0.165493243428085
0.0431281612726285 0.0987538675153726 0.065420471273051 0.0517097265890876 0.026396644931056 0.202628987562251 0.218799393699974 0.0523913428030541 0.0281663272768764 0.212605077076649
0.1874603429316 0.0720644022987187 0.0443928648480357 0.176004007936826 0.000160109377454329 0.17793612412032 0.0921729048770491 0.0488890236822849 0.0603289222693504 0.140591297658361
0.0357999243892665 0.205917829331856 0.110065982167584 0.0234302356687619 0.0972424745347826 0.0316801118209198 0.0773766731982447 0.024857084219958 0.148064640524373 0.245565044144254
0.0675841471586239 0.101604020367067 0.0958630416564741 0.068908215937554 0.104331383494622 0.0950922517134934 0.108267690755429 0.0950054520339931 0.136072803912071 0.127270992970673
0.080753322821057 0.0877632230971206 0.00370134972076047 0.100726156246474 0.157614442397817 0.212744557918442 0.0803882629591355 0.00578608674329114 0.212150499132077 0.0583720989638254
0.151668524840384 0.0172153993955994 0.102131255518421 0.0731261322473274 0.120759564235168 0.109377993330767 0.209438498168003 0.081961877332994 0.00905011624124481 0.125270638690091
0.0561694267806865 0.183004642000376 0.0665384944000363 0.221884097926963 0.0361309684822943 0.0516093831940881 0.100157417373669 0.0025750938990585 0.214956188689341 0.0669742872534869
0.00107513456915364 0.171547994484486 0.165075425357906 0.0586976737639706 0.105932917578248 0.0661689412215959 0.179336160696265 0.0764278781201034 0.0282665542178815 0.14747131999039
0.042874022263344 0.122677338945102 0.114706027418275 0.142072144535411 0.173197273858694 0.0286033892237127 0.0254995339546884 0.168276542761628 0.163787057761018 0.0183066692781273
0.161820935407386 0.0557152041093667 0.015105819688739 0.102625445791027 0.161408131820635 0.12804057449879 0.0799648975053403 0.175837374217736 0.0870557437964702 0.0324258731645092
0.116990673887697 0.073303860436674 0.0104220897635297 0.110075482436316 0.0505971470885816 0.00421443354258563 0.200111584470777 0.240420758949319 0.110530024022366 0.0833339454021544
0.112740234899442 0.062860536136404 0.105359591077585 0.152446762072853 0.127451438835511 0.0976505778553572 0.137463402158512 0.0490911110237613 0.0536266897972128 0.101309656143362
0.0959250777923619 0.162417134344126 0.0995641335577407 0.0468089565986157 0.117869634567517 0.0491476704549393 0.161489000770096 0.0905906196374822 0.106756648302086 0.0694311239750357
0.00847275830816935 0.128374630699933 0.126245630536769 0.00115000130576054 0.0279747855577499 0.140171821644003 0.12117315892017 0.118380652965248 0.147064938257859 0.180991621804338
0.0644047371369129 0.0523044344230178 0.213822140681341 0.0806265035458296 0.018634197015745 0.0562155149747759 0.0200762162029239 0.202265110639054 0.135245795622746 0.156405349757655
0.137292681649601 0.142966686708576 0.0613903675681594 0.157979523514631 0.130225923072379 0.0394257286410344 0.0336377095090556 0.130047914484384 0.0919988265738377 0.0750346382783415
0.154187036387073 0.0860977454314973 0.00256482937728098 0.177498263400096 0.0469518612198133 0.0495431473804856 0.0727416502383329 0.13300699982522 0.175516856044523 0.101891610695677
0.00255232851848691 0.0731421581844936 0.0972742710835914 0.0440974730223 0.0622105298483593 0.0690131519469931 0.243359314435439 0.238866844207513 0.102552901938163 0.0669310268146606
0.0942924715394086 0.108617379516077 0.129583641793186 0.0879673912622875 0.0685257958284618 0.0942266758294135 0.0409874149353114 0.179191416064084 0.0967425907329767 0.0998652224987934
0.108800996296563 0.0935379284117878 0.074931791081199 0.123464668622481 0.0896135428784807 0.129419060466033 0.0529126483157114 0.125069341453755 0.121598967426809 0.0806510550471801
0.113363844457451 0.0661022762598654 0.0314777435410215 0.0192152862550938 0.188468079935004 0.126732143591111 0.162296789559764 0.0945791884672737 0.129318954281258 0.0684456936521581
0.0460050965643538 0.0245196544286355 0.154494490922637 0.22021167587394 0.161395845140231 0.0306895708228121 0.0518805021707687 0.2258049328338 0.0569216046034055 0.0280766266394162
0.167585631780765 0.00709468468337466 0.123811322163481 0.145682679210071 0.150735585218868 0.24026761672745 0.0150049646592915 0.0286987368200506 0.0651139597716273 0.0560048189650204
0.0791152624932121 0.0733322004155747 0.219923700849199 0.00631714319222601 0.0537644625126088 0.144519784225075 0.0604612476353311 0.0236913327578721 0.206837600891103 0.132037265027798
0.109638488786815 0.120608744835687 0.0577070773050733 0.054970616934125 0.158255488936604 0.155403395360393 0.0582898443373121 0.0721259121434626 0.109229381247101 0.103771050113428
0.176656799421083 0.0457333187291232 0.169336245299245 0.0249067752848998 0.202872606905718 0.0134856986267939 0.03664142562387 0.0803631089060805 0.229165125268033 0.0208388959351535
0.0137826002546439 0.0318302273778395 0.0556767067865578 0.199854777162775 0.0163184956490086 0.198165320625009 0.123724930470842 0.164958704992026 0.093070475272151 0.102617761409148
0.133633516910428 0.0939690756573045 0.0931296300061818 0.0775079108339188 0.0481157123064838 0.148931875104056 0.155362458347627 0.0181390886513697 0.0600307976522335 0.171179934530397
0.053469188483299 0.0490002486182087 0.120561933598249 0.163320297840755 0.0271473732955716 0.112643435336097 0.185983075965614 0.055836291189345 0.179618295593143 0.052419860079718
0.108931206286683 0.135539794948825 0.0819811014951734 0.104881899165458 0.105951060977597 0.0641017712413142 0.0894912687478179 0.13146083237316 0.0658470652246126 0.111813999539357
0.0509006974889325 0.0189209098921827 0.102114043207375 0.150476251915452 0.0160833114736153 0.159696875182495 0.0433396576593429 0.150140799191145 0.157726998509629 0.150600455479831
0.149422222124483 0.110731899250204 0.00142715174086602 0.148868481242643 0.148843366690542 0.0700654025240028 0.0814264857177052 0.0563399219729522 0.104876728513504 0.127998340223098
0.155198778166788 0.114086440388763 1.91429528911793e-05 0.0894809844236696 0.180071505384695 0.123550434871097 0.004748771800384 0.0977596129013464 0.0892700667286956 0.145814262381671
0.0976216932316928 0.145386050402524 0.0397995415213241 0.191715766479916 0.0300404064865952 0.0276547782900947 0.0712894494885352 0.141058283880418 0.138211745331188 0.117222284887713
0.0730893254371995 0.149456963710142 0.00299136094957159 0.152403617459355 0.108378317372008 0.1006562100186 0.170738022318384 0.0354469340536901 0.118696027151645 0.0881432215294037
0.0793055454586264 0.151186936268139 0.0980571352152034 0.0364128797368043 0.145563208020712 0.00881186473531124 0.0793128048468677 0.123458492093754 0.141434743035532 0.136456390589049
0.0938986254884481 0.106794434564241 0.108373323397872 0.108042472288168 0.138943154774497 0.136203274002932 0.0764650447379726 0.0609287649450726 0.0910955159100082 0.0792553898907876
0.0856441402717124 0.201847835300349 0.00558386695173529 0.0860823938312592 0.0182346627277979 0.0724201008339696 0.0436548915545215 0.231526328596654 0.148687939297394 0.106317840634607
0.0811991464672247 0.138882130764817 0.135625083388799 0.130626538641309 0.133646880476446 0.0842055759783886 0.0654908964633628 0.123205138698073 0.00475643669674572 0.102362172424834
0.056112757584744 0.12729282337735 0.0324562983930559 0.0740928632029311 0.0979516640250331 0.115364917712907 0.0773805029141683 0.108029537746321 0.19791495911114 0.11340367593235
0.0995679663222427 0.063835103431944 0.116103683057822 0.0054440944562642 0.0644968171216555 0.179892264053068 0.185377097989326 0.130381663841358 0.0958059238901521 0.0590953858361675
0.180631626104065 0.0876392457395542 0.135736825478788 0.0457689163834768 0.190396301188445 0.0257871499437352 0.0609059137790128 0.0438028556484764 0.0595725312118781 0.169758634522568
0.152543041440044 0.0535795334371046 0.0967807768549628 0.0133957360088468 0.0832444406163783 0.120507621533158 0.12345031336421 0.0519310945194317 0.20987041035972 0.094697031866144
0.0787110058106789 0.0135684631718319 0.182847556687417 0.0904525003435872 0.0590152409982111 0.129495196964357 0.0353890041144116 0.103779519158625 0.207211058423838 0.0995304543270411
0.143545719756054 0.0751969801924699 0.168437884575373 0.142057657932505 0.0253848301927177 0.0977266736069642 0.0836311407692284 0.0102277297034454 0.126524011754969 0.127267371516274
0.109098207738609 0.00551591276435495 0.0599009200260912 0.178748771895244 0.218705663744549 0.103877186428566 0.00340152324519092 0.0103824826257478 0.097858503453629 0.212510828078018
0.0547021654437105 0.0637771536456215 0.208880412877758 0.0377701091430073 0.0729638254044179 0.0233457586336604 0.0938541938800328 0.17048166521336 0.0648379344140484 0.209386781344383
0.120227731149708 0.0789237594170339 0.0833922081714978 0.157876740002016 0.156088229827678 0.0312868418511465 0.00718663848583143 0.177054077688774 0.127704202622245 0.0602595707840703
0.036120855433425 0.130044617575298 0.0331123712549008 0.0529994259798667 0.08537575391282 0.0188994212967781 0.112887918571088 0.197162159736258 0.140004144092067 0.193393332147497
0.0389074704673803 0.13407248318723 0.0123504321777078 0.159733570772608 0.0799288216898808 0.117375797408531 0.17604395110468 0.0688519094088524 0.0849715342180992 0.12776402956503
0.138300754170575 0.0811680177153638 0.168383743435794 0.031146587243974 0.144523033724382 0.103208750154843 0.176211557093591 0.0638060997547807 0.0186093356826526 0.0746421210240443
0.0924958228393051 0.191895294884686 0.186613715766264 0.0238951062851683 0.199934542643654 0.068486466208406 0.0260619264037894 8.25481969051043e-05 0.0781509843363467 0.132383592435475
0.0670228480949264 0.02647673944545 0.0608809264753825 0.14240643792551 0.0886285220462626 0.148337637562039 0.135187698915307 0.130525381586228 0.13864810140177 0.061885706547124
0.119011303978416 0.159324628455083 0.157755217970154 0.15439115379671 0.162538917374672 0.138571841136872 0.0631655354354597 0.00209672973631184 0.0264867608930997 0.0166579112232208
0.0586151575661527 0.0635702045976046 0.121121062005435 0.150437721236938 0.0603867185880659 0.152178874980461 0.0747735243150663 0.0558264732441583 0.123824910170998 0.13926535329512
0.0933350819859737 0.039858375698976 0.0616856822448275 0.0856661846033614 0.0174024046682911 0.0669276132381898 0.0720031213237804 0.197894509681826 0.12372431357516 0.241502712979613
0.153487704513942 0.146848555349646 0.147957964481972 0.123909979393206 0.144108349563843 0.0794587963035412 0.00018098037289355 0.0242421989243715 0.0411641962788007 0.138641274817784
0.00680402584034367 0.187842002822815 0.126674705763082 0.0193286617401779 0.13537304056526 0.0979482956359651 0.14722612732978 0.173341782527417 0.0374487682054557 0.0680125895697022
