0.423855451500299 0.321521795820571 0.00143915430654289 0.0451412492334246 0.190232127671729 0.0178102214674336
0.111085430753732 0.124541483631586 0.201000133918743 0.225226770683743 0.237358921471693 0.100787259540502
0.194360567299836 0.353838127501149 0.0654923868416414 0.156683424689058 0.146244004658243 0.0833814890100717
0.215239659845148 0.205731182092854 0.194433285472422 0.229465119474008 0.0615525121446866 0.0935782409708814
0.248270137107814 0.188946113473111 0.0377967306042101 0.206285932254928 0.13135971804714 0.187341368512797
0.252095492160991 0.0413227045683462 0.274063332714681 0.0813034518147206 0.267614540234211 0.0836004785070507
0.00710279112878139 0.184646113219027 0.315430356101828 0.260543866788754 0.192538297625752 0.0397385751358576
0.215321994591015 0.327253886900378 0.167537844231645 0.0872240048699762 0.0924642827305806 0.110197986676405
0.00192775638870329 0.0585980694247073 0.505949649904566 0.156490495849892 0.0577846369596393 0.219249391472492
0.0436000541886968 0.0658594654410047 0.107267258509458 0.289130207064822 0.18326674312521 0.310876271670808
0.446047511697783 0.000133265942594292 0.00251259912229727 0.0224916537813174 0.435694465485482 0.0931205039705263
0.0467512047344 0.235464742981152 0.180441443883318 0.171924914991317 0.298827236810282 0.0665904565995304
0.334463795737644 0.0422198359712205 0.0942149592656164 0.330899840542424 0.161821963704395 0.0363796047787004
0.211793715175296 0.223965452017138 0.0232708852295748 0.178126537818982 0.279852564982173 0.0829908447768359
0.000211704147428974 0.291126584446197 0.029697449402746 0.0963537688825711 0.321466900306587 0.26114359281447
0.0666318004079424 0.363529230146592 0.0740947692262439 0.472811724862248 0.00237195308826663 0.0205605222687071
0.101229398434541 0.0034455578608029 0.06472199993896 0.322584531608463 0.114889280308478 0.393129231848754
0.243547950377441 0.178932034852025 0.111139183970939 0.223571244726863 0.216395859910377 0.0264137261623559
0.276828862171099 0.306183943072845 0.0896914613965625 0.128483882534332 0.0815958225175935 0.117216028307568
0.208329663981246 0.195841828907447 0.0801191130124961 0.151127768740033 0.169692306209537 0.194889319149241
0.198820828168903 0.19480092445396 0.351259646926913 0.204747451518266 0.00769023678833973 0.0426809121436174
0.206353340653462 0.115855821609743 0.0512989671647543 0.251036814858824 0.229853893897163 0.145601161816054
0.140285810543751 0.179806019583164 0.191611591863546 0.175265977717471 0.142863519174285 0.170167081117782
0.0494108805220245 0.0584792726364555 0.349460140926091 0.280400751870833 0.00388952955455261 0.258359424490043
0.0827415105899125 0.364583776600046 0.107754547233901 0.254096858355401 0.0897491482712336 0.101074158949506
0.224704367279751 0.298347103897417 0.196341579965099 0.035352863821126 0.237870245145545 0.00738383989106282
0.198066977628281 0.109542905757422 0.129561038020755 0.194156786582522 0.246715565946721 0.121956726064298
0.00749277991619437 0.29749860436134 0.578197233271461 0.0415339748928857 0.0613864596802314 0.013890947877887
0.222828256244061 0.209431297542296 0.0546073504706536 0.221222053088039 0.0754970858520523 0.216413956802898
0.253903069260807 0.0933409373867525 0.246645066686136 0.193859658330516 0.0348360867397115 0.177415181596078
0.0998309127975417 0.311336367335049 0.223337588519347 0.271480120970756 0.0937928855834882 0.000222124793818369
0.247840700716375 0.0892924666236251 0.104906209509899 0.0162278742729237 0.281448986960517 0.260283761916662
0.195447904261085 0.121052508741399 0.0806373661567948 0.369749392372768 0.0729874906809707 0.160125337786982
0.088966167523579 0.21406569834499 0.188761650534893 0.12928282848908 0.159223354067266 0.219700301040192
0.129708045815901 0.0111937756050077 0.278223913688897 0.199398753752026 0.2004086112938 0.181066899844368
0.188285832385578 0.274211725749353 0.130952305216355 0.132565883789428 0.215018917090575 0.0589653357687101
0.299479619796595 0.0585840842291648 0.052651745281024 0.34645960584592 0.230356275629292 0.0124686692180048
0.125656774771889 0.116792106336805 0.0953544422484602 0.226654925075701 0.228039458039714 0.207502293527431
0.171660482932606 0.0490357451356317 0.146922651105161 0.35494549695663 0.048536612015306 0.228899011854666
0.0386939825646293 0.291278399046128 0.0252868416216248 0.16179401576642 0.294282822871273 0.188663938129925
0.0969924356360787 0.14393792656349 0.225675027643254 0.168640161442164 0.220616967488838 0.144137481226175
0.139292240828324 0.254649576104536 0.225018048557905 0.28584124916124 0.0588736330875937 0.0363252522604014
0.081000710915475 0.0453454550709306 0.0717032544513798 0.361111231529454 0.371669300755468 0.0691700472772925
0.154979746956019 0.130766372665082 0.200849640014853 0.0754175416062818 0.220615663375409 0.217371035382356
0.0336441306906201 0.16052281907723 0.245448492523018 0.143974037727105 0.25033218317437 0.166078336807656
0.222620723288934 0.105666732815577 0.197045779008916 0.112048787350432 0.196678257758523 0.165939719777618
0.242425484089169 0.0192940372409562 0.222201936989145 0.244770970542031 0.0463127524698151 0.224994818668884
0.284174067683377 0.254166629721361 0.00795893673483962 0.104078788687334 0.289014323594578 0.0606072535785107
0.262569801369749 0.222359201026314 0.0197254077973913 0.111523036111175 0.212335545328777 0.171487008366594
0.164791225853546 0.310159591011419 0.325062516612069 0.0243036366421173 0.143872524244925 0.0318105056359233
0.258306376644966 0.103132816079098 0.118749290685643 0.279052963079707 0.0294768250434707 0.211281728467115
0.234999473360047 0.159030554654968 0.119827477935936 0.258104880390736 0.0461546762905129 0.1818829373678
0.0687276192163779 0.387693822788934 0.0281107094335436 0.272618247205996 0.240681719972347 0.00216788138280217
0.133057110692702 0.185050032950174 0.283331138883057 0.229281817983102 0.157756635508989 0.0115232639819762
0.212695719633233 0.0543707388932011 0.129647822221346 0.213823980225419 0.160363652422289 0.229098086604512
0.158211642774501 0.261898397392409 0.275158892533724 0.111955746784205 0.0688068221323387 0.123968498382823
0.0775106226687796 0.100624574977646 0.290700676443396 0.283588130781084 0.106361332176736 0.141214662952359
0.117915542027129 0.151667586442248 0.218431675673271 0.130513873564464 0.358160706015214 0.0233106162776741
0.247363058657421 0.274734026559994 0.0556266236241231 0.0326896436580482 0.19803185437028 0.191554793130134
0.00170659960824068 0.192693632056587 0.0721599941420132 0.247007742473798 0.23351995478476 0.252912076934602
0.221134189082201 0.107795935404325 0.0749221651049095 0.106144660376428 0.273567381079097 0.21643566895304
0.226882095355107 0.288899095060472 0.0528619241261549 0.31144964438497 0.0674110971268545 0.0524961439464409
0.0708693952039609 0.253188184661497 0.261135500532828 0.146965823034255 0.0955733728926992 0.17226772367476
0.247440682889103 0.15738542309303 0.275379295853716 0.0276867835007876 0.0360144194523271 0.256093395211037
0.133903890365896 0.22891527554319 0.141488991711462 0.13431082393724 0.213704754456489 0.147676263985722
0.0440555221323243 0.297724250385862 0.437765872965106 0.0284993721416125 0.161525137283066 0.0304298450920279
0.191609969611719 0.230333589622385 0.136370678741361 0.0213574425277537 0.386480767939598 0.0338475515571836
0.24382151987713 0.0219404093566125 0.266849862702622 0.17976702660919 0.287232023287111 0.000389158167334291
0.176400180432836 0.233857029476494 0.217600289908566 0.0805571829302932 0.0903811876982664 0.201204129553545
0.124806372533796 0.126160203250617 0.155650628054299 0.206255153215617 0.212994351512196 0.174133291433476
0.107270299865978 0.103985623556591 0.123324073342984 0.163530793294519 0.267917417237976 0.233971792701951
0.198332456839423 0.287450066460663 0.153570950647869 0.194281641593411 0.0703588329969133 0.0960060514617198
0.353303775251717 0.0754975392611288 0.123262635226769 0.0128556436921991 0.328627449576694 0.106452956991493
0.21651764384444 0.152419595897268 0.203049463244995 0.188347676250161 0.174918621827155 0.0647469989359813
0.189673185581778 0.108966424546425 0.3087962149058 0.240605391966477 0.0887606065112515 0.0631981764882691
0.0069417616889706 0.216120230028232 0.182080463329464 0.223676728304195 0.349324856950448 0.0218559596986903
0.301502290209818 0.0119884805650266 0.302216903447215 0.158247667441499 0.112219913800961 0.11382474453548
0.121616603768959 0.0258181657820935 0.02410513500464 0.375552832284789 0.350802072141028 0.10210519101849
0.0877662630287891 0.0929081257548855 0.194378978542649 0.521412524929267 0.102445059080451 0.00108904866395832
0.199215329049741 0.0621928328349482 0.203239551592129 0.316346576050221 0.0756202393056547 0.143385471167307
0.0943008034924882 0.252811535403662 0.0489455621785149 0.21321280497358 0.136119943703271 0.254609350248485
0.077032819550575 0.00627038439502334 0.275631677380068 0.126130217451107 0.209071249610641 0.305863651612586
0.140600021287787 0.0200205019607787 0.28525979796533 0.258451651079074 0.172322209535256 0.123345818171774
0.0554343114690451 0.163434495946806 0.375725599804635 0.223124340589366 0.0452741759809881 0.13700707620916
0.193011289278665 0.17123439276763 0.101487225930584 0.207166572278685 0.0987803670625348 0.228320152681901
0.170890652355943 0.117714115313117 0.0735304478938438 0.166207963272628 0.308884285680968 0.1627725354835
0.348385496140664 0.173770162342582 0.187842730259773 0.175492065799887 0.0618286414133159 0.0526809040437786
0.196908666391726 0.188566522981524 0.229338780251604 0.0935778239951959 0.00342952269469576 0.288178683685254
0.0878498022403238 0.229485589963947 0.26467144919757 0.124244550418876 0.151849270696294 0.141899337482989
0.35356551602348 0.0305926889640792 0.0706926977935511 0.221990128417609 0.047262691297724 0.275896277503556
0.005918379262256 0.143012546167468 0.0975526175381858 0.331070308308361 0.175715264057671 0.246730884666059
0.113155365797004 0.295107517177799 0.0815235794777955 0.321984969721585 0.0436401654839602 0.144588402341857
0.47866185654963 0.0771371348457648 0.0409404187762619 0.00892878460819585 0.0437665685383382 0.350565236681809
0.120419483282269 0.0207244677709296 0.194116701674807 0.170417052489163 0.395318483285 0.0990038114978317
0.149733587022096 0.28230658217927 0.0464696599358001 0.0876304718289316 0.144564859105625 0.289294839928278
0.0123261549532199 0.266484688901595 0.108204169747272 0.184860204142629 0.263068469061664 0.16505631319362
0.112308464334785 0.218707062394066 0.0412585577420865 0.0909610039199289 0.301476814496077 0.235288097113056
0.2007801771853 0.17236755963153 0.0525211740419259 0.180733106159218 0.201440605575959 0.192157377406068
0.0198108100410659 0.172213152458329 0.27494657868105 0.110768886136185 0.270076090308375 0.152184482374995
0.269708861441977 0.0670573801101736 0.242544903283983 0.0323986527044985 0.254727183330715 0.133563019128652
0.0741919255130769 0.285238971174935 0.0271372876004419 0.268061534241065 0.171036065131737 0.174334216338743
0.1638862533185 0.155754685332567 0.0565151957735191 0.166927682437275 0.22854202839869 0.228374154739449
0.148864153617615 0.211253789265289 0.0906160010979233 0.0646894928728449 0.215295714621849 0.269280848524478
0.178868720385596 0.185452661334218 0.130363150666273 0.181628381220879 0.237832111787929 0.085854974605105
0.164517845551571 0.101369516763674 0.204256753593145 0.186413219514637 0.00269120932368015 0.340751455253293
0.0221257732742648 0.387347858102908 0.0130380161871433 0.252467256931359 0.2745602298196 0.0504608656847253
0.074663267024743 0.110329384293068 0.29140564919126 0.0644646195137212 0.151583630811387 0.307553449165821
0.190789677787155 0.179204432637673 0.25444429074169 0.117251672205877 0.0663136054129842 0.191996321214621
0.240555325042673 0.0971404874237495 0.315162850092246 0.0608974239309501 0.146823192114564 0.139420721395817
0.147420487031187 0.183154898876449 0.195485994306723 0.0781142668369756 0.183643632856544 0.212180720092122
0.321990992937691 0.121746606651207 0.225815538297907 0.203825524864907 0.0743795414503709 0.0522417957979171
0.0676257577356544 0.0347678092503872 0.440492449992419 0.0642183171463951 0.366208466922962 0.0266871989521819
0.151640300189988 0.289625588329695 0.181833605604941 0.00532661754041731 0.222936246575946 0.148637641759013
0.267989590074182 0.0874674213890114 0.210483494138198 0.254994921881806 0.0663971185024424 0.11266745401436
0.208574989445736 0.250241209824775 0.03718968742258 0.0329084850834115 0.227795429701944 0.243290198521553
0.296122158153577 0.0037038798867219 0.268805659327299 0.156924124515599 0.0395037283360541 0.23494044978075
0.182854637734095 0.0948608287072965 0.30176334649612 0.338303046180796 0.0797078888011078 0.00251025208058506
0.210504521640388 0.220722199310568 0.275052722075258 0.0145938890067587 0.170647441510126 0.108479226456903
0.371148392658845 0.120723834160795 0.0361074033241675 0.0709737127799955 0.262269771462296 0.138776885613901
0.235834946814761 0.120164227172105 0.222897542489135 0.118044964686151 0.221632309537773 0.0814260093000743
0.217060388489759 0.023559130594016 0.140452528229773 0.199686774179545 0.2430770932175 0.176164085289407
0.109082860270156 0.256683307334775 0.100381757732285 0.322520699247482 0.0279350610088024 0.1833963144065
0.121808924273482 0.116937804131086 0.185415200731793 0.301096110256892 0.0826664099559314 0.192075550650815
0.268585008289114 0.20729619110494 0.284433770320186 0.00438839705837004 0.137874036897667 0.0974225963297233
0.209188001072923 0.291675273392886 0.0650096835853803 0.139821360988253 0.107723195350333 0.186582485610224
0.00605790803145428 0.133533342609407 0.00471675708841148 0.271886672075362 0.332192786933859 0.251612533261507
0.1282976470574 0.0855693311994189 0.240222422532319 0.0401755185241877 0.215709085536018 0.290025995150657
0.30717785817348 0.26368165585623 0.12934246274901 0.166546438801094 0.0474712237119078 0.085780360708278
0.00931646104430643 0.517339820362686 0.0700271527351999 0.360299992872345 0.0108536145376024 0.0321629584478601
0.15710766260532 0.00842143543533005 0.243973909513758 0.190140338682144 0.303198402985798 0.0971582507776509
0.161313715605932 0.262517445198019 0.0662342358167533 0.239704790882127 0.238007344768111 0.032222467729058
0.178888319734982 0.213548002329087 0.172222851305518 0.253617422607489 0.168705289955004 0.0130181140679208
0.15011904636721 0.167490478145131 0.338193864477241 0.0593497088997426 0.213406254564851 0.0714406475458245
0.218267514953311 0.282264827251975 0.19174585765188 0.131316126889255 0.140520477189138 0.0358851960644409
0.0541467691866819 0.107925528245477 0.0269368467782793 0.158472629226389 0.446068758409776 0.206449468153397
0.154266943249127 0.191632945174133 0.191991320170846 0.155458274919778 0.276511095866526 0.030139420619589
0.229480547071743 0.0996276795484824 0.211168750054145 0.166606020425885 0.167789113728828 0.125327889170918
0.342631277324104 0.020862413728075 0.345673488676215 0.164782443631661 0.125467516543762 0.000582860096183549
0.0414742053593139 0.132352761145522 0.321477092905133 0.259343322809655 0.0721288954039041 0.173223722376471
0.158916260741799 0.310827501908403 0.00375385078069826 0.0349402711805994 0.150313830360825 0.341248285027676
0.0708911247661199 0.0430359885500059 0.259453790804215 0.111381926585875 0.278945284024468 0.236291885269316
0.292571943550421 0.213009177169162 0.056664165437945 0.0242057632726654 0.179764885176487 0.233784065393319
0.179847419243307 0.0454040683126653 0.198527791572492 0.191844632882971 0.218730768471038 0.165645319517526
0.124582132978323 0.270076275150572 0.219168930462049 0.189893253043482 0.187885090572015 0.00839431779355895
0.249732624825283 0.200933953394645 0.232436030501914 0.1072950598151 0.134561684039474 0.075040647423583
0.256991059690952 0.115632447702371 0.147667861768304 0.00892112093459636 0.157316770263365 0.313470739640412
0.271002666644678 0.235409829830508 0.129330409181505 0.114901688148972 0.224651164532439 0.0247042416618968
0.0690700700746014 0.257888495316874 0.153458264767249 0.0897203246937535 0.168036193540877 0.261826651606645
0.0159329837878402 0.126382355110388 0.0130182810166968 0.140213138531357 0.28327719479394 0.421176046759777
0.29399579371297 0.13349071694682 0.0884447897250572 0.259739339435855 0.154066567567784 0.0702627926115134
0.0676351370730791 0.266018335714284 0.210103383390459 0.120179934239239 0.0159934944685937 0.320069715114345
0.166263143477524 0.187226178542259 0.0942696698038644 0.342195613223599 0.110620170539838 0.0994252244129149
0.223650989060299 0.146976670612561 0.0988289750557885 0.23941971043816 0.223481158709853 0.0676424961233398
0.0177967871238022 0.12832129666684 0.236477428785646 0.18576298928398 0.203423721626313 0.22821777651342
0.283540325820387 0.186139420716806 0.217973442964921 0.162579830450922 0.00601510612602885 0.143751873920935
0.192973314173865 0.175471785506421 0.179198504534506 0.0184818063490999 0.200088990296333 0.233785599139774
0.167189544326984 0.0474706677452923 0.127830559707144 0.335774477271709 0.241632908431001 0.0801018425178693
0.213919414048687 0.0120204254336797 0.275469518997956 0.230223949218368 0.0733834871777253 0.194983205123584
0.102942926900117 0.206134615893652 0.180216925560256 0.159501275097367 0.173085392989547 0.178118863559061
0.196171608514083 0.0374563469124014 0.113018557028125 0.229174427051136 0.247781579406495 0.176397481087759
0.0103345408886528 0.104311592529969 0.168902938013146 0.218862266579676 0.323150916587942 0.174437745400614
0.265991559766436 0.0287230198102562 0.249408863897382 0.17418401500615 0.00618003908209807 0.275512502437677
0.278745565581114 0.110418699611875 0.151956344904467 0.13028637006288 0.174121769569462 0.154471250270202
0.00611713796779088 0.165367134853466 0.0642665307313346 0.195790284016888 0.209388474514818 0.359070437915702
0.129021430126636 0.120513401487057 0.10826297729586 0.197127174065094 0.166578081328892 0.278496935696461
0.335363747762617 0.264746349436706 0.0806496098915601 0.212090212709696 0.0808818801514768 0.0262682000479435
0.0536916447019693 0.267579047140845 0.18469322465181 0.178365271825102 0.0871224206848236 0.22854839099545
0.302101793223958 0.056615553791456 0.0805486280978586 0.263000655225193 0.215615067391301 0.0821183022702323
0.251008669347521 0.226207636607782 0.187640298597646 0.242640646693318 0.0292538824835472 0.0632488662701859
0.157208909626329 0.221485471548761 0.038069115165118 0.0243783763629481 0.167337583315051 0.391520543981792
0.129228099457298 0.0474080023679906 0.250574814237253 0.223879299589446 0.22124715781377 0.127662626534242
0.141685007140542 0.322822888987444 0.342106201500981 0.00652066010507217 0.0926929594889927 0.0941722827769684
0.0934645588795314 0.226294728890737 0.190982499581233 0.081823749204554 0.113364353875038 0.294070109568907
0.226997089184241 0.0638967721164726 0.174182772886267 0.052359339736084 0.249458189785403 0.233105836291532
0.225387523011257 0.0741237286664501 0.14477919188714 0.0771524325459314 0.230007403598624 0.248549720290597
0.203961080687507 0.0930646430221263 0.219660210289467 0.290068484645893 0.00226103017403395 0.190984551180973
0.101677178868465 0.233167428146088 0.0731589922707573 0.176333969834409 0.203616675389515 0.212045755490766
0.132702911689 0.0888382678098062 0.038196595350001 0.202642146955101 0.238395744703726 0.299224333492365
0.000217045974939862 0.0903811591332361 0.335556336818131 0.444685640239657 0.0480144230091096 0.081145394824926
0.118828562158918 0.0371199878647138 0.24234647617827 0.191134191134718 0.181039088397903 0.229531694265477
0.069315153601816 0.290445707874777 0.148036596664286 0.183473892254702 0.0934910181368534 0.215237631467565
0.141101505539235 0.322384664054751 0.228514676263569 0.0600813981814939 0.0172079915053115 0.230709764455639
0.238245250286065 0.147582425232421 0.250396481717577 0.231257349573948 0.0498467551966895 0.0826717379933004
0.0969034033176687 0.132987581141981 0.351778845803193 0.12485811002364 0.25281056496121 0.0406614947523069
0.0512557518614328 0.261283719050344 0.269724439451774 0.056190348560614 0.246844603224644 0.114701137851192
0.0470754250212523 0.231328019252853 0.212641299406757 0.21564062601557 0.0141132033552592 0.279201426948308
0.162963282598679 0.00568451153772611 0.24007210540352 0.26701029972318 0.176065259280626 0.148204541456269
0.162877112420409 0.41142479562168 0.0197253479958687 0.0379708318807493 0.357250821918269 0.0107510901630238
0.206324012593799 0.124236278045106 0.329625049110801 0.127169696719855 0.0937947395097368 0.118850224020702
0.100355637221739 0.297649892315071 0.149568085461962 0.00575866779266066 0.380173872353213 0.0664938448553545
0.18456812746935 0.180862535987289 0.187106929443747 0.0981666528771982 0.18843788822935 0.160857865993065
0.213797150425131 0.256637910459489 0.222821048967694 0.117309691560065 0.0344634553574733 0.154970743230148
0.0230542436390734 0.156391806787319 0.22949072449214 0.286726690820571 0.150642896704121 0.153693637556775
0.346633432849053 0.0173382273306999 0.0731209217877454 0.236561120770417 0.0667875343428591 0.259558762919226
0.173655355937728 0.180762220506343 0.264390052069557 0.0520147790297492 0.147326853347214 0.181850739109409
0.287244464450055 0.297113183338943 0.188210279821398 0.0328894312224477 0.145069332700027 0.0494733084671296
0.195941390859229 0.0898932506472623 0.168638625347078 0.182062995767948 0.161410332518398 0.202053404860085
0.245563720035803 0.135452164638124 0.0421692602147346 0.155443777047788 0.25189342261743 0.169477655446119
0.0546767686240856 0.265469694378314 0.282629199570919 0.0921883621948375 0.170755772289883 0.134280202941961
0.346473188781522 0.00633029741290383 0.2619946916176 0.254641846489098 0.118268714599051 0.0122912610998246
0.166623698764261 0.309015118810932 0.00391218633040607 0.0942468166563376 0.234238250417985 0.191963929020078
0.0970735667289631 0.139788050618722 0.25202388723105 0.314417832924851 0.141137249195397 0.0555594133010178
0.393118824449741 0.00162720799840606 0.245853953059381 0.201713320640132 0.154810204640055 0.00287648921228479
0.22446561158219 0.211939595132925 0.226189077723152 0.0793836877689822 0.225075718921801 0.0329463088709506
0.305700521800738 0.343151757902566 0.0282379958263658 0.0889195827731474 0.127166176418779 0.106823965278405
0.122183906132035 0.0582375164832333 0.241845499538337 0.0796402823435231 0.258571364608567 0.239521430894306
0.0338848047487722 0.008606411795491 0.334204248966709 0.148803519480989 0.28056616574722 0.193934849260819
0.310600892539144 0.252819754849477 0.138669074124736 0.151584150445143 0.131528639034786 0.0147974890067147
0.0916990466800008 0.323587031917043 0.176809750510568 0.1001010093241 0.184773993275923 0.123029168292366
0.384456525378104 0.259761196001989 0.293483579409544 0.0559701060856507 0.000403993513474038 0.00592459961123884
0.157544148179688 0.268432305901421 0.207520321706225 0.0705237768256177 0.210108788417037 0.0858706589700112
0.0465190103408613 0.116425591891557 0.167950220343341 0.264845820258942 0.137548713459095 0.266710643706204
0.0215140777200502 0.0919039625345369 0.270661473440769 0.288835848064326 0.032561749660882 0.294522888579436
0.0258146690930037 0.0329768519930877 0.256743663017031 0.508964172070374 0.141177330577014 0.0343233132494896
0.230485703049507 0.243431221591266 0.148860166109929 0.149494311571016 0.219356314353878 0.00837228332440449
0.0803659089709881 0.139764163355595 0.206931062957154 0.126634310925879 0.21776684871484 0.228537705075543
0.0694723077561187 0.0737354616648939 0.117776173226205 0.251716717084709 0.188887981964973 0.298411358303101
0.425761495655781 0.330354614060364 0.110300274452644 0.0100812723539366 0.0919261048648274 0.0315762386124472
0.338727445125289 0.343929184642592 0.134443661449014 0.071335140497489 0.0606351351629046 0.0509294331227117
0.158610315903394 0.0411700145301048 0.0890142914145694 0.202112544434278 0.0888112212066941 0.42028161251096
0.165076882674994 0.138756324779896 0.196572690255735 0.130836930706269 0.143405256110132 0.225351915472974
0.20233070285039 0.0903403143943526 0.153556377178209 0.238632312361927 0.169430257706197 0.145710035508924
0.217270213417748 0.0266751581983936 0.266000568408959 0.115947651623386 0.344296437197229 0.0298099711542847
0.0222574498045596 0.178449597166994 0.301918164276517 0.0438473230979632 0.296043422139939 0.157484043514028
0.00457721792105342 0.120044796514179 0.128406120966418 0.181059591098099 0.282817225099868 0.283095048400382
0.0199358934583256 0.284422021307426 0.205371935061246 0.183129825972628 0.0431737267490632 0.263966597451312
0.0254580421503148 0.171461636959396 0.106228878993248 0.172567064430129 0.328178485765861 0.196105891701052
0.368970463575866 0.381889549417654 0.0589298753481791 0.166560743256732 0.0199726881617402 0.00367668023982919
0.324237852288937 0.319293410672819 0.000530355121262169 0.000612697359864466 0.35391538583825 0.00141029871886744
0.25381457002353 0.115888186863112 0.246102222566537 0.0976144306755348 0.263402757463968 0.0231778324073185
0.238105185806796 0.0753461421607716 0.264650134750321 0.0883116832751283 0.26117875476357 0.0724080992434134
0.104944819491035 0.141423269461905 0.214950419773926 0.229106782562457 0.0539064599158078 0.255668248794869
0.251548404866445 0.0622495062281216 0.0265886773288289 0.118172919608097 0.215525410984211 0.325915080984296
0.223261774370909 0.0555421745654257 0.270475624827932 0.225583403868206 0.15158567189934 0.0735513504681886
0.232410034763505 0.208787738050402 0.199148495497992 0.273799662982792 0.0854419537325531 0.000412114972756233
0.236345286548999 0.0291396737474917 0.276611327649324 0.197599034767027 0.0466413924117111 0.213663284875447
0.282589460781015 0.218457504644797 0.0339047409837058 0.210674463129849 0.179801066766971 0.0745727636936622
0.172266699528387 0.0589572012079037 0.0721792338103061 0.278269532649097 0.190576982283402 0.227750350520904
0.046675922737806 0.23231157030075 0.39110543669333 0.0225729731635359 0.104387227992689 0.202946869111888
0.243439795064142 0.140318960408264 0.303038986564075 0.05140065526971 0.246877211251615 0.0149243914421941
0.13321822344622 0.137573282798266 0.0866611235928212 0.144233239147576 0.246538253750476 0.25177587726464
0.273751462757095 0.0225309158342206 0.173210714625901 0.191489612133786 0.128291121156758 0.210726173492239
0.0193551797937741 0.123139603697696 0.542714932477766 0.0935913164483978 0.165227013916748 0.0559719536656188
0.363543868597935 0.0475727016549118 0.216253219805878 0.0639870156775092 0.161784313002127 0.146858881261639
0.175712049432635 0.123366998951546 0.125673120783336 0.178128700170455 0.206623761366114 0.190495369295914
0.120067960344145 0.128447006880502 0.292575209961311 0.193878844212435 0.0647811222342854 0.200249856367321
0.0845511627344532 0.25581197280045 0.229696469506276 0.214174373046338 0.100778720947857 0.114987300964626
0.00226970317080883 0.247844011649837 0.0977504090148843 0.379930831746174 0.191330710607644 0.0808743338106518
0.0583885318181093 0.0716045829092809 0.427466477259499 0.0420711029270995 0.138908229822559 0.261561075263453
0.205355890019957 0.262190135911539 0.292993557658159 0.0585437383135592 0.100290430924452 0.0806262471723334
0.296282105717184 0.0989648591952893 0.157544902794296 0.235786128988791 0.206870952960457 0.00455105034398267
0.233367848311647 0.0706682428031101 0.270062949937616 0.172113972243664 0.178043195630996 0.075743791072967
0.284795510098169 0.311852695518344 0.0504091824210905 0.100155766478362 0.14576219504729 0.107024650436744
0.0914547054534855 0.220546558042655 0.316608891901273 0.179942078000859 0.122802263646989 0.0686455029547394
0.0808598723729427 0.0757311249406803 0.288775838682819 0.15150940270342 0.214098117115332 0.189025644184805
0.0492675451973442 0.35379053025168 0.251656050704372 0.0543189107292828 0.0967989956983766 0.194167967418944
0.0580743398275367 0.141083453133344 0.357705303041542 0.268636215122448 0.172912881115924 0.00158780775920509
0.190009846666856 0.0575199068093906 0.189864363321424 0.212932091409897 0.160867000458411 0.188806791334021
0.0334795612422013 0.080089789095011 0.0314571614853075 0.367156473345398 0.225603339096137 0.262213675735946
0.0452069055129146 0.273113003210446 0.216750099404552 0.0996322834214561 0.18158914842082 0.183708560029811
0.128612770180812 0.473702162365404 0.0640468265257871 0.176602868111355 0.100176617736925 0.0568587550797171
0.14527025707726 0.0218182202199472 0.408959651549446 0.172495060204565 0.250865244534305 0.000591566414477391
0.205617672235482 0.0214058797673914 0.183137015431449 0.161887658441718 0.180684412166501 0.247267361957458
0.447049559947526 0.0848756243595907 0.140157495977201 0.146246583126845 0.0959817036195877 0.0856890329692502
0.16760282098032 0.254343819114515 0.224222409086529 0.193306676395464 0.124897094738412 0.0356271796847599
0.0911317850061139 0.313345826887822 0.0458374491675251 0.301645433888385 0.0134438317249168 0.234595673325237
0.115281229292448 0.150280276546709 0.0536593752209219 0.157082778706282 0.368261853965411 0.155434486268228
0.0420856070787112 0.292535658988072 0.0953684231932649 0.130790281081448 0.149921675802082 0.289298353856422
0.126381849927672 0.000894806894252539 0.195909352029987 0.268758151318922 0.162207069540443 0.245848770288724
0.17905107020684 0.128663256711252 0.222190636118708 0.226246400557479 0.163493020139491 0.0803556162662303
0.00622591531746219 0.199916213993751 0.180755504646026 0.147269386946873 0.251860269756123 0.213972709339765
0.246347668668982 0.165371322755568 0.263366416532584 0.188512095493929 0.0317339642341752 0.104668532314761
0.296838568371577 0.0931013182151408 0.282625135854867 0.0810820500616739 0.193456886479536 0.0528960410172064
0.259221831292782 0.317137738634882 0.0986338780302587 0.109461378736458 0.0777434573015728 0.137801716004047
0.360876486353031 0.269213241797558 0.163619255300879 0.030045865352184 0.168099351896213 0.00814579930013455
0.302765935812009 0.106550963851829 0.01329629039583 0.0822767266960321 0.393845352456575 0.101264730787724
0.214746504657004 0.132660296419568 0.225544001660456 0.0913039062377554 0.161402057086251 0.174343233938966
0.127858218463326 0.0320433089113198 0.273523132219856 0.217407308432893 0.00753892389126113 0.341629108081344
0.302799575023402 0.0573635241953869 0.211980662684188 0.219665258851533 0.0601613237847535 0.148029655460737
0.0342170882216704 0.434879583929943 0.0180085459896369 0.0167619157162779 0.172374270796286 0.323758595346186
0.416861422246777 0.0237814800647538 0.24188844385717 0.0170693874992423 0.231134200620335 0.0692650657117222
0.508938576553259 0.0259873113957717 0.0341235702557067 0.0350637008735306 0.364258531846873 0.0316283090748593
0.223699979839034 0.0975719137894611 0.180732920399106 0.130974237529344 0.15003267133587 0.216988277107185
0.243970065977485 0.161361344855469 0.191116522391627 0.0713577185629757 0.0942039562266317 0.237990391985812
0.146511728260135 0.235391374613421 0.182809825464247 0.0759604357311063 0.176414986948038 0.182911648983052
0.0880061416369144 0.486519299616741 0.103217716221973 0.116123438952886 0.0378217177271103 0.168311685844376
0.277357322060126 0.123844168240577 0.277566506366597 0.192170069312629 0.0591424907271598 0.0699194432929117
0.0336225805831591 0.327837443653916 0.0790583156933914 0.162675821489338 0.352428553292695 0.0443772852874997
0.0447630348463506 0.149629763155238 0.351945070877564 0.141591400135464 0.0110938577416668 0.300976873243716
0.0522394833677316 0.224059567833193 0.141513451910961 0.030060320286874 0.357716863596628 0.194410313004612
0.424631792495943 0.031495256670643 0.0650857099508228 0.301136438247055 0.175261132301214 0.00238967033432167
0.171626053732984 0.0570889169728457 0.212543537085045 0.0618638156618288 0.271739771801012 0.225137904746285
0.0376074776290068 0.292452917386233 0.391362934046995 0.159612595902493 0.00944534869754984 0.109518726337723
0.184330518501578 0.239817237894691 0.0609132900516186 0.184376967709697 0.109318177242308 0.221243808600106
0.0935859314275777 0.257224957535274 0.272539248345903 0.0771805635592486 0.195757143683723 0.103712155448274
0.118751192628946 0.258355202882291 0.142106401383157 0.0519830962427482 0.123469173652603 0.305334933210254
0.205088800891241 0.0380774229662854 0.156919995093677 0.152324940749716 0.246839852060617 0.200748988238463
0.084538742386246 0.00884154359418797 0.217998560497532 0.130395458247316 0.278684794881413 0.279540900393305
0.227035337928927 0.0883778558763615 0.105733851989165 0.145389452282118 0.223727157340234 0.209736344583194
0.168342868470639 0.0629987084783453 0.085401207224037 0.476255271907683 0.109258931425681 0.0977430124936147
0.282651216176717 0.157726716103367 0.0857161944764629 0.205016002440613 0.206799488251825 0.0620903825510149
0.00739655015908636 0.103024672652472 0.284225204838715 0.225050592286203 0.171072627466681 0.209230352596842
0.275062338345024 0.231174575963263 0.0154517146484711 0.12651120383114 0.16923382749112 0.182566339720981
0.167671513199806 0.0969265078848132 0.051245596852508 0.278882116283115 0.16693703852718 0.238337227252578
0.214271057609012 0.273503690433319 0.2626918313149 0.0932606705067481 0.0134197751316545 0.142852975004366
0.108165870081686 0.059932153579738 0.192456244002088 0.232832773348769 0.240050965604638 0.16656199338308
0.167834284694198 0.240048224925109 0.272095668393087 0.171128607561755 0.0305473189395189 0.118345895486332
0.189633304069554 0.238225986821465 0.0403090470056589 0.183463587279391 0.275831188133066 0.0725368866908657
0.117812703868388 0.179193979482579 0.204908054703481 0.161561213584857 0.0282728933955845 0.308251154965111
0.127051520785225 0.14656166087202 0.12655750609538 0.260704511604177 0.270924909642119 0.0681998910010796
0.116251006986931 0.198548521507401 0.292415933079928 0.301462762675919 0.00651556349494937 0.0848062122548711
0.205548936798999 0.121836292916231 0.0537619751919158 0.221177940176718 0.238810766385055 0.158864088531082
0.0131803002860345 0.180064255340212 0.261942086856562 0.32647016138201 0.0197051880971044 0.198638008038077
0.031133894940855 0.384896047833667 0.0802243672731777 0.157363046435344 0.133488024295509 0.212894619221447
0.258614926382734 0.27015840735958 0.254116035097929 0.116630603564267 0.0923867496430878 0.00809327795240164
0.190559350436811 0.174499618211883 0.0800362319623261 0.220454051414789 0.140281966596 0.194168781378192
0.215919145409667 0.0368438645436285 0.22790051577455 0.0228194893521528 0.210706409981468 0.285810574938534
0.178629337088793 0.222327790710718 0.226928475245149 0.0412571729029501 0.0644355594619254 0.266421664590464
0.312883235058572 0.163790358850916 0.340110294705719 0.108765555996168 0.0533337762551415 0.0211167791334823
0.0921286314515627 0.0351656394627291 0.247102544684403 0.298725673574413 0.202728923781731 0.124148587045161
0.258507619713888 0.0772710821659285 0.109677059180487 0.15076012541435 0.241368459097536 0.16241565442781
0.0668284290243018 0.105161329645824 0.126953449979973 0.223212907916286 0.239762340917995 0.23808154251562
0.129578049344456 0.180376018254255 0.244843843895315 0.203520464095727 0.151777603138406 0.0899040212718426
0.163620672858409 0.00174226709752786 0.175481818596343 0.355930264389073 0.256443913163354 0.0467810638952924
0.188188083728007 0.129622365924537 0.0824690267697253 0.22518433176297 0.200938672452411 0.173597519362349
0.231106752147783 0.227352354502659 0.0327059944245657 0.231651879951116 0.14307911437271 0.134103904601165
0.252701028262275 0.159529898769046 0.30354999700912 0.0116943243043065 0.222731623738663 0.0497931279165895
0.0231109378285063 0.25964151082141 0.12859087596786 0.158081526217929 0.216139970359395 0.2144351788049
0.254103374087862 0.0407501468435367 0.199173294006396 0.181046701868629 0.255429730097252 0.0694967530963252
0.224389677674674 0.112819996502336 0.164016072751873 0.105200853936787 0.245808284928511 0.14776511420582
0.285576338415417 0.112990111997754 0.157666584871772 0.204463462226409 0.202210029783128 0.0370934727055195
0.184322032367828 0.0938685147630706 0.417112983012947 0.217226838129803 0.0686266256681729 0.0188430060581788
0.135596494678173 0.28963454475939 0.117100832857978 0.277280459467763 0.0631425555661979 0.117245112670497
0.0234242205246065 0.176638397283589 0.31616987795917 0.0615866087495747 0.205287586297419 0.21689330918564
0.257409187053774 0.0502563272931689 0.238219531659877 0.145999077847943 0.0866581762311198 0.221457699914118
0.00111756304752896 0.312459258014664 0.0846487101710844 0.232045881908426 0.178942015471913 0.190786571386383
0.124862317899986 0.0759799971122724 0.115932064887718 0.274743728993368 0.108395816459604 0.300086074647052
0.0441054115620678 0.0469611449072949 0.31846079924404 0.127408581837099 0.128254105142912 0.334809957306587
0.110408920144586 0.300781204154155 0.158663027913894 0.286462747707848 0.12489112283278 0.0187929772467368
0.145005449715091 0.167224259731976 0.165187703166119 0.0895959742725403 0.20823554153848 0.224751071575793
0.0749117582081583 0.1040764352451 0.441228988192146 0.0260481649431116 0.260703415993276 0.0930312374182074
0.219751541495246 0.263784800315241 0.0940531669619756 0.189608257291125 0.0559707333764079 0.176831500560004
0.249402847844809 0.0132064903427729 0.251135459788285 0.269875927897507 0.0715300033690458 0.14484927075758
0.244542279010008 0.145212832498473 0.16349452628075 0.0958698144721643 0.123781271041955 0.22709927669665
0.259759663818412 0.265683674641208 0.187274413113016 0.110482723557311 0.101927333861992 0.0748721910080613
0.182035414162723 0.167068688838259 0.16713834909597 0.204178207110537 0.103296591488922 0.176282749303588
0.115703808564943 0.184142345186023 0.369021827999207 0.0244305325616885 0.229110859487098 0.077590626201041
0.0387252955098796 0.232426207448526 0.292115176615471 0.286263221969999 0.0743157885958854 0.0761543098602387
0.19578223166766 0.185045877993132 0.215861621858802 0.105634116788514 0.0961387129961576 0.201537438695734
0.0239935089629801 0.250717234852768 0.356599523812835 0.0860933894656684 0.118747366200229 0.163848976705519
0.224233562951488 0.226013150512321 0.00348867269495264 0.0647056807225609 0.230048434014723 0.251510499103955
0.0935465399759444 0.470665110137383 0.132775507076499 0.0952809906729598 0.101635548422742 0.106096303714471
0.107125226973187 0.224434655579004 0.33825839727482 0.264714754552897 0.0186054750297842 0.046861490590308
0.211589559701835 0.204426651270108 0.133672794743786 0.116966308726375 0.190742084222821 0.142602601335074
0.20745513765769 0.199698754172135 0.107921290857554 0.132558545952437 0.233980732153164 0.11838553920702
0.160630404968397 0.168972417656556 0.00925735722337552 0.226293386386269 0.213487077269263 0.22135935649614
0.112174524565126 0.143731237861549 0.165158244329605 0.157444659872056 0.230131631426661 0.191359701945002
0.354150218062491 0.0500716348145272 0.0707230481747554 0.0134131297530858 0.356623378236074 0.155018590959067
0.217454948490139 0.19122329241515 0.0651691941886355 0.0816872748761979 0.359269390373224 0.0851958996566536
0.357840075350199 0.114131183549333 0.119551235709934 0.0371099170036234 0.0473690080455076 0.323998580341403
0.191652487794952 0.00386391905052878 0.242969168012424 0.272459740411495 0.00663034817753688 0.282424336553063
0.124463309936003 0.134216068506033 0.273693794598375 0.184315154617008 0.14023798587286 0.14307368646972
0.19613817419133 0.244979172076813 0.13849658563912 0.00363527236560379 0.130996109212826 0.285754686514308
0.0659877848490056 0.139010057494503 0.197050371121908 0.167903007398138 0.16625343183058 0.263795347305866
0.121168569466797 0.226246142509754 0.163895891205152 0.0893227613710688 0.172713629004991 0.226653006442238
