0.160675854056539 0.201222020966604 0.13072122497477 0.207422635833603 0.10985832664344 0.0951259165566109 0.0178593421939754 0.0182467685268699 0.0147623275390639 0.044105582708524
0.0763439397436303 0.0628128845727506 0.138503958235936 0.0949509546167291 0.122800770693266 0.140678582385536 0.0492738094401063 0.123302267877008 0.115145165157692 0.0761876672773458
0.0865075545450138 0.077351774315892 0.0637885540973181 0.0402125544998759 0.143122937874077 0.175611782202676 0.159486497973367 0.0241933226116198 0.101918347947075 0.127806673933086
0.131631695215202 0.222465480120387 0.0179076998071484 0.0696886180466142 0.0119447568773361 0.106670364950423 0.0827952206953345 0.0217703710693541 0.207617763487577 0.127508029730624
0.0551829482231528 0.157433869545353 0.222780889250273 0.0167596437866294 0.0850150291635136 0.0913066931570284 0.114687438831965 0.174709728836631 0.026215889864085 0.0559078693413686
0.108051310678969 0.0346251900020802 0.0350745620705758 0.0737915280577452 0.0952892961802571 0.119548959186089 0.106963976717112 0.122359429563706 0.168006895153734 0.136288852389732
0.171442479056476 0.0651387464896275 0.0194187184345937 0.00567508577974833 0.168708385742386 0.145083520589693 0.0621140405153496 0.0543465140007389 0.197493978113966 0.110578531277422
0.231235521755879 0.192190343491386 0.0727641487663189 0.0211092975819426 0.03427501775983 0.0184599222206903 0.149371287121556 0.0301946056382607 0.0585252183955492 0.191874637268588
0.0556116792075268 0.182029378538253 0.0470658515038986 0.0781247421176963 0.029058031821227 0.152712532736389 0.105312572682008 0.0942147501330763 0.132682257970137 0.123188203289789
0.137641133185863 0.129667433037483 0.166639599969789 0.0574161720525895 0.0531601672182745 0.100029230230577 0.0909983061918192 0.00502371262556077 0.141038881174271 0.118385364313773
0.00764572549722665 0.0274136807048701 0.180647629174792 0.154206157568889 0.137333819988915 0.156086985185647 0.00523554051923945 0.109538368516432 0.0437587738690757 0.178133318974914
0.0327202516697248 0.144105539352867 0.154566589856298 0.155611971908653 0.0179799236114487 0.0507976848983245 0.0864616043664759 0.0929316426551576 0.158434770419541 0.106390021261509
0.0412784291513895 0.0866834025929222 0.0381259802574467 0.159245957913891 0.112643773813698 0.1186834951837 0.113215294049514 0.0843648880652397 0.063893490493131 0.181865288479067
0.101291091728742 0.0433117305651993 0.0756529365491241 0.143248618160345 0.129241705753922 0.121968543007567 0.0235775704572236 0.0678527274998106 0.142635006177207 0.15122007010086
0.149420892374636 0.136277855874098 0.0770438457417176 0.151194660115431 0.124832937389656 0.0625166445878236 0.106986369465222 0.111210359021767 0.00872020643446972 0.071796228995179
0.125023094452737 0.0282080272668661 0.0160115809521388 0.130811184996113 0.185327894484471 0.0294047395740734 0.0811503595564455 0.109068899331651 0.115576852049994 0.17941736733551
0.0929137142131752 0.129762885100698 0.0604604283232099 0.0103661401343813 0.118954735680967 0.233232769856939 0.00316577701675562 0.096155051055145 0.128223358111343 0.126765140507386
0.0142800888015329 0.0597764167028237 0.0454360357952902 0.133471555837454 0.152582597006934 0.14032590227222 0.115894141693429 0.143621573126825 0.157032427515008 0.0375792612484833
0.137325022185051 0.155662301348593 0.143333459101807 0.0179293811854872 0.144511344000085 0.0207675777863412 0.108336699596139 0.00277983384805721 0.143601492420855 0.125752888527584
0.0525603537253433 0.147951343594784 0.0954572345515042 0.0196732172822062 0.144943784462663 0.108085733199992 0.128339826895595 0.114586672075869 0.153316595832035 0.0350852383800082
0.10822677364243 0.0447404707540236 0.0765234513907091 0.183454275566656 0.193282515223507 0.0213938977986125 0.0885947013425974 0.165982896394044 0.107321965103622 0.0104790527837979
0.150133140824413 0.0371703798295602 0.0443784291567286 0.143216791550468 0.163384838788378 0.0111745283354247 0.0931917659546843 0.173736272457608 0.0968290738741388 0.0867847792285965
0.0636386649304759 0.224115757571712 0.0121454577919086 0.140665114871531 0.081996133259376 0.125423908224462 0.116702880068065 0.0138772217353956 0.090729060536 0.130705801011074
0.0434754581882116 0.160332156653445 0.0582473112929239 0.157239506311471 0.176195936241466 0.0127752187748086 0.0299198317357263 0.0469263666678177 0.179477167248785 0.135411046885344
0.115635058274778 0.120530732031661 0.11943451976603 0.195670153165676 0.108844747105723 0.0482097469895414 0.0713400251999167 0.0350421366497816 0.0150011246505015 0.170291756166392
0.0945093761070601 0.0708539079416822 0.096528036157417 0.0923837158416898 0.0537665877794859 0.0413829317120665 0.116097639180899 0.0324574493743136 0.17012154090842 0.231898814996966
0.174624081549243 0.013693331663325 0.0259747777453847 0.0325344746346731 0.185823111808735 0.11808949695699 0.00870644114871636 0.171968906527373 0.103904972413906 0.164680405551653
0.0885853775390454 0.144308297850423 0.150326218120385 0.0541918402167103 0.0603152291469545 0.150273974045119 0.00297452136060864 0.134038508539208 0.117613199322942 0.0973728338586037
0.140551686048282 0.157368777842469 0.0352282237520847 0.119296071586506 0.122978181578141 0.0630957312309889 0.0517188887720678 0.0274052691275943 0.074677334930528 0.207679835131338
0.102168407642556 0.023712328687543 0.13301684019309 0.082929779694148 0.146393055935408 0.120175638410358 0.137079137366078 0.00866446618004833 0.131051534402829 0.114808811487942
0.025822419435091 0.0898924030772164 0.15692194526476 0.118654713439016 0.0264278274032196 0.0907828442106109 0.137391444110851 0.158017787708701 0.127137702800727 0.0689509125498065
0.15795488980677 0.0940251323333876 0.0432330985943943 0.103517283779387 0.122773654397977 0.0565936729036116 0.000192036257255586 0.150445681003957 0.266915975583569 0.00434857533969076
0.161528573906542 0.0985527809178136 0.089604560449292 0.0435965130140944 0.108801380951897 0.0447825712762923 0.123942328622166 0.010003675469857 0.174714285830565 0.144473329561481
0.0300799417618853 0.0423005414481072 0.0554569182783631 0.0672263491813576 0.201334805457252 0.12486759044173 0.177925370022922 0.156326972244532 0.114187252863422 0.0302942583004289
0.104248866130069 0.172442846510706 0.108849765656986 0.0940260146916335 0.011321890364916 0.108352791941739 0.191500005994947 0.0844470541842583 0.0398069518753326 0.0850038126494137
0.0344053724247448 0.0243264423429866 0.0988413623396659 0.038046845495341 0.106781308993182 0.1140546161099 0.164874699539467 0.152297282216118 0.177623786578192 0.088748283960403
0.146202824960842 0.156870857176957 0.0227695928966803 0.0769294000671374 0.00622252349027323 0.109407613430959 0.0249969204459357 0.196509500845849 0.127070051558818 0.133020715126549
0.070795858480751 0.0920583598330009 0.078404193052234 0.101067756228255 0.0524706399447425 0.18029458198548 0.0795767925556754 0.0614703941548773 0.156961334874835 0.12690008889015
0.191406290804437 0.0331901956318567 0.0868844318927027 0.0423854717711068 0.121256777568048 0.112558694237899 0.118964128175899 0.10149581731533 0.013273396274725 0.178584796327996
0.124638622617456 0.0224962851963649 0.209164757009719 0.0159421108192467 0.0539575537472301 0.14470413556318 0.133138279866836 0.0581876089881844 0.117146530844246 0.120624115347537
0.0490659263977065 0.0120621684961531 0.131595339981211 0.0449491582250038 0.112889344076325 0.114662025155353 0.029469092355414 0.210248540557386 0.218845875152696 0.0762125296027528
0.0111337904349711 0.184185346975333 0.0299213985469626 0.120173094341343 0.0896514705153462 0.0147305536973642 0.162695635707216 0.0707762847566286 0.125556622945518 0.191175802079317
0.112251717704555 0.0687734381987238 0.126360152096073 0.0641711476845561 0.0230185003538453 0.165470656652439 0.0545675487776879 0.145632481317451 0.0955619881639519 0.144192369050718
0.0244320295690317 0.120505427032907 0.0169879299733107 0.120686235679592 0.175465006618582 0.0854059111037476 0.0551474283563992 0.135060559938761 0.16106795681505 0.105241514912618
0.0153572779859788 0.0446562187262297 0.266223374094849 0.0197331427984725 0.0353634795043731 0.00457592049622787 0.0614719431192057 0.24111688005868 0.288958873117793 0.0225428900981903
0.189911235693682 0.0185860666449384 0.205439391312667 0.034323336223664 0.100644456882731 0.097355663368234 0.0535705279313461 0.0229593462526095 0.0895804947479741 0.187629480942154
0.0889200072439821 0.0731486681112559 0.00813051659425794 0.164720441449812 0.0812970780658772 0.0772185426173839 0.159220014439782 0.1114437155776 0.119347802816851 0.116553213083198
0.0923930640861764 0.0574836163982929 0.130962303589463 0.0130254526431835 0.0173134159920855 0.204188270047154 0.144046293715333 0.12839778919661 0.01562409295731 0.196565701374391
0.139884579177076 0.0757331993875584 0.116633862999289 0.0298212253879651 0.137165665448003 0.142629832060845 0.132917491612555 0.108213629731924 0.0751574478785597 0.0418430663162246
0.0707488917999611 0.100814402035157 0.197464284399976 0.0102324850283345 0.196777130904509 0.160444358060496 0.0507579567476132 0.0435790960792778 0.112838605160777 0.0563427897838974
0.285869296128154 0.0735066985838607 0.156191265632282 0.054165413036966 0.0604147652628837 0.0464681166324297 0.150824500857151 0.136623880450791 0.010689849441591 0.0252462139738898
0.11024359720015 0.1381592852817 0.0817134390425732 0.133227805980639 0.123402913994679 0.0593385936890293 0.0592953555470799 0.118702295743099 0.0635953837651203 0.112321329755931
0.116116240083727 0.0943860030337745 0.0954553726721025 0.0470291574543342 0.09272880334377 0.112095844316512 0.0927282853721789 0.153908516143998 0.137747437631407 0.0578043399481954
0.0401573040557271 0.0269755602868965 0.228624494492533 0.20563919897742 0.0851347053669171 0.146645132892802 0.0184589449284349 0.0647089676227126 0.0446675435313745 0.138988147845183
0.145652707753542 0.118954310265082 0.0299487882616836 0.197483635324744 0.0767111214936104 0.0848262571431148 0.12127590692615 0.0567395405940231 0.135660259159831 0.0327474730782201
0.00109584963238744 0.145020702044608 0.117405776172428 0.161570506235975 0.0668433715384067 0.14245985740541 0.139465743829656 0.100130005443705 0.0521496737962435 0.0738585139011796
0.0331322057220543 0.0899098238905191 0.141280496051285 0.13985865844172 0.16739741644529 0.050061345742809 0.197708361201823 0.0798242976846166 0.0491265896419903 0.0517008051778922
0.021127766665357 0.146332317588107 0.088761277761189 0.0575058541563823 0.128199549923222 0.110348660866618 0.063173048703617 0.124514258359993 0.151661628230383 0.108375637745132
0.053722408907941 0.0193853437838322 0.184408106855684 0.022336991306784 0.129307260726809 0.112560656299121 0.0103297511822976 0.135560796840936 0.156858441326502 0.175530242770092
0.134285586199815 0.179014550886772 0.0324447030137452 0.0883544539463724 0.013976349735727 0.0253941789179246 0.15885780770035 0.0149772613461933 0.192573189494961 0.160121918758139
0.0147495077648869 0.0953852343278588 0.141921947322418 0.0855517042675814 0.0131474280746153 0.0325496422683757 0.187639948521597 0.217066787191131 0.201725706209182 0.010262094052354
0.0921727404679119 0.111414181984299 0.200184889616061 0.0781237286148165 0.0937862962034021 0.0185390025143907 0.0753892487052036 0.141459525823564 0.161243178368412 0.0276872077019385
0.13187872135012 0.185719068739498 0.128912828434557 0.173836654298769 0.0149531521703207 0.0503792759353952 0.00586738357784466 0.0690748004787603 0.199293836105852 0.040084278908883
0.0829969989932158 0.237515552178813 0.135787504149471 0.126328438660684 0.139674274043906 0.0859727202669712 0.00030340487545606 0.0217902122995282 0.144510317760646 0.0251205767713075
0.185841147679938 0.178030363118622 0.0665726880061592 0.142594613081677 0.0417467914968858 0.0393604768452238 0.0696609666554119 0.191709099672043 0.0664722924745877 0.0180115609694518
0.120122936414695 0.0445776828420558 0.206139600141057 0.0518891087538192 0.143697984515178 0.0556763886554904 0.0099637923944047 0.144992832471532 0.19941908418488 0.0235205896268882
0.0985791527206984 0.179268022724375 0.140031419053052 0.100517556312719 0.0420168678642769 0.130034824361409 0.0600291757353268 0.13911023795997 0.0092053951594134 0.101207348108759
0.0420035942066267 0.189595095244922 0.1787829496238 0.0905256168046737 0.110940491940303 0.0826586148892595 0.00873283697352979 0.0952664114131539 0.180163132581748 0.0213312563219828
0.12500384235646 0.15050474767953 0.181396915408736 0.000375518469508934 0.15120116328113 0.0563421432649976 0.0641227398956271 0.0688658589372597 0.0928680773760283 0.109318993330723
0.0575986142080557 0.181354099857643 0.0608490659333181 0.0320216278277928 0.136695576291209 0.0768724804363309 0.0773811879335848 0.146063817815086 0.142712458060927 0.0884510716360526
0.0920590642212061 0.0990820628259222 0.145239431780083 0.0748752402248438 0.0876113919096811 0.022695181322489 0.186241103489822 0.04748497912087 0.0586719129558164 0.186039632149267
0.0281060834465449 0.12581406158487 0.0656896264077449 0.0882606893120678 0.142420877985364 0.133248352935602 0.116047142981717 0.0890788796078945 0.0688816274969382 0.142452658241257
0.123280579580053 0.0339610867380266 0.0653649799255546 0.0588811455623977 0.116195281469566 0.180721443842666 0.00603549672121375 0.186466716122179 0.176643636209843 0.0524496338285002
0.136555745547514 0.127549816650976 0.0346371782156178 0.0793616070749652 0.0893474240151164 0.141978876193485 0.140259427062914 0.0986187405203144 0.0844895406960164 0.0672016440230798
0.112054907510357 0.122255426300256 0.0937158245329177 0.132734532299698 0.132228928596562 0.132280695050713 0.130368859273058 0.0423982977996945 0.0286753498185529 0.0732871788181919
0.00819917976268915 0.333763085679726 0.02948128256437 0.286811933082921 0.00156961035094973 0.00457151255341129 0.00146074768842015 0.000508057316598417 0.324995919464747 0.00863867153616713
0.144609299399259 0.0470618987386813 0.0968622196541086 0.0921112938064171 0.135996587619062 0.0583467979482985 0.0930526466746905 0.00977415926834383 0.148115857605006 0.174069239286133
0.123940212174652 0.0602612299606486 0.108857674621456 0.0712111146922249 0.170758478305727 0.0611941458074639 0.00309844553765937 0.130814203664533 0.0722975393693888 0.197566955866246
0.00319678406977453 0.0922058069809564 0.0152782345983723 0.00226258500694731 0.149732103338951 0.248780749087658 0.104697075306259 0.257274094254641 0.0286280434872415 0.0979445238691979
0.0214679339464113 0.107016918642424 0.0637763634844557 0.0891331488760994 0.14827853430183 0.151276147591263 0.136685593744393 0.0806476804366337 0.122367660449998 0.0793500185264915
0.0136531043209126 0.0545799233012008 0.0102033616860281 0.0389967453002629 0.233912656143776 0.222535662477379 0.144339483607215 0.00923888456558653 0.161924373919952 0.110615804677688
0.151927163138301 0.0940186052096426 0.132842153264611 0.105877138385881 0.0909029022720649 0.0412595895042494 0.13957002461015 0.0963382203498185 0.0049422266948151 0.142321976570467
0.117521085526389 0.048471646892582 0.0936227519675178 0.103305282463614 0.0501852023585085 0.165182454602057 0.109321538172542 0.0790325582422645 0.148122614370656 0.0852348654038696
0.126751236870398 0.105412312452348 0.0863046618300048 0.131807340067014 0.0677432926871582 0.121632807406319 0.0349835561287635 0.0463891191030709 0.171453447869655 0.107522225585269
0.140181400626126 0.012654375960867 0.00644509247976342 0.173526558027003 0.102199623973065 0.190204040514789 0.0975225787987207 0.180531028295424 0.0272649061464036 0.0694703951778377
0.158776677483298 0.0117144290634665 0.134136494916516 0.12484078242706 0.175525260256925 0.163961180668151 0.0238759265396135 0.0244554483892596 0.116024453926415 0.0666893463292961
0.0716808844225378 0.254548280752934 0.253111338963398 0.0507737107661152 0.0770533293487933 0.0638087382520065 0.00257152340375002 0.119359658435383 0.0793657484790737 0.027726787176009
0.0502025686532765 0.152589991863739 0.0578681605846247 0.0676505893143239 0.131714190629229 0.152672075074644 0.138703695008851 0.170671652151375 0.0349759684797853 0.0429511082401512
0.111099160773101 0.0730756910605721 0.0663127142506864 0.0942317495065252 0.112319756429203 0.130725670988044 0.0159626992207375 0.00903357966161943 0.192616536457198 0.194622441652315
0.0841801602272998 0.133846231775695 0.14408215746452 0.0548563524726255 0.11505348888136 0.0922233500187461 0.0155400350473316 0.110993464366923 0.111456567597036 0.137768192148463
0.215742719445201 0.0324678689386242 0.101067557087345 0.0388716051781482 0.031537635118585 0.0399429314042647 0.0805425362487843 0.19882410716428 0.076035662695421 0.184967376719347
0.0492663827501375 0.0198944132992044 0.0958707261464458 0.149212693981263 0.149700231215568 0.0923682463443337 0.103980005822416 0.0253414573322195 0.198297874867249 0.116067968241162
0.207589841409655 0.0505358498233647 0.189409737627202 0.0422582865410218 0.110369496472123 0.00960929987398101 0.0233011818766128 0.0969197987561458 0.0946554224107293 0.175351085209164
0.0270981182230296 0.109508057402307 0.0066458743500954 0.143813223373075 0.032011299952316 0.0410307354856109 0.128318641820082 0.192007723573316 0.0894178328412217 0.230148492978947
0.052637171008356 0.141484438270947 0.0752451601521951 0.00556273677369281 0.137189966128667 0.146654478278784 0.114845312418887 0.137883286825915 0.13774060552843 0.0507568446141265
0.0540033844570892 0.0918782094182462 0.106317087359505 0.158530307353746 0.0220565985119026 0.17424768460714 0.155110392847746 0.0964993049276857 0.00825532339654444 0.133101707120394
0.0788987574455709 0.0555922956099632 0.202600015597212 0.150389058063194 0.0678559865655662 0.0503592923152765 0.196532280630978 0.0206031936466885 0.132410538673522 0.0447585814520282
0.000875735693121543 0.0296525943280463 0.0410888516130171 0.00745706932819183 0.272958186771972 0.229567799302047 0.0529840873483222 0.317637468387075 0.00840620513905544 0.0393720020891519
0.0651015264614492 0.0492487093165021 0.136519439258622 0.0689717220922094 0.166318587119348 0.0216900805188631 0.0909656525798964 0.163055267504066 0.125012198602024 0.11311681654702
0.0900692776135344 0.103135942987339 0.0701833428515196 0.140222664931341 0.0588767049063777 0.168388795083635 0.106133011077054 0.18484705289591 0.0496920794953761 0.0284511281579136
0.00308677035915336 0.137959435821974 0.104765449353537 0.126005131028956 0.0125276363636836 0.0734914027730882 0.149765666475267 0.147041589036069 0.111467451560452 0.133889467227821
0.0218955463316548 0.116172366165467 0.155735245041677 0.0430289258726378 0.115520610495205 0.142700202525392 0.12007088610838 0.0665254518896738 0.155486756106352 0.0628640094635604
0.142997114788343 0.104806356461143 0.0548741756934528 0.136576198699054 0.0373408344049742 0.101873262703984 0.101446705196646 0.0802350232676104 0.0744314538429216 0.165418874941871
0.132824569402245 0.0477786053381309 0.137150108108172 0.0271416838114844 0.157948762388461 0.0465544209763181 0.0994113024499616 0.0574975664987077 0.127904113154213 0.165788867872306
0.124511877533111 0.0897477020934853 0.108544976116094 0.0464796076035278 0.110758950237246 0.116867202787522 0.0349249466668205 0.0854709703434467 0.135732951664199 0.146960814954547
0.0864145926734616 0.127320442606748 0.0925479214367375 0.0795842590652551 0.110716255980156 0.0498977640928565 0.164018110456157 0.0833779991748582 0.131311779632643 0.0748108748811276
0.213176955886316 0.028244579126066 0.1530463518601 0.0580430525679668 0.0825533090507902 0.211342719292136 0.129833489303917 0.0134239841085672 0.00590454895718805 0.104431009846953
0.0270271917390316 0.0184349293544375 0.120887225482888 0.00485311019750593 0.104009975992172 0.120533582174465 0.170270680878865 0.0832622818009504 0.178546871767465 0.172174150612219
0.0874855102919963 0.113495797450988 0.112700109074058 0.0376170766276267 0.130870498517206 0.117217505679948 0.138373675929939 0.0070480903091767 0.142221637782574 0.112970098336487
0.162895116331931 0.0529742533967269 0.105827774751993 0.0831143854356517 0.185371321613004 0.0111196761529696 0.0776443691416836 0.0684262245961525 0.156339380791295 0.0962874977885925
0.0623684251213503 0.0295060485658664 0.133039421195158 0.103885461914064 0.164425075151233 0.030023933488194 0.154005559659179 0.0145298796345117 0.141925631399974 0.166290563870471
0.0474109835119005 0.0616684024242609 0.0921980872682295 0.134878443555818 0.049054780740162 0.0875490076813722 0.144842023215761 0.147937419796549 0.0976083156024853 0.136852536203461
0.0107978791415962 0.164139651502121 0.00952209411251526 0.114056174201055 0.136403996275888 0.150122222601032 0.0286821004717156 0.157623359490515 0.113549469464959 0.115103052738604
0.0517096942694167 0.052767539758566 0.120554071133673 0.0585411216078195 0.000977869748427756 0.103363382824625 0.172959402574471 0.167337643753416 0.0919402906502794 0.179848983679306
0.0898017832011223 0.175853267462794 0.0604759938072426 0.123396390411371 0.00245030898409854 0.154901498843712 0.125265712779334 0.0805989449612353 0.110879298882687 0.0763768006664034
0.182542238659855 0.0222034523656994 0.0394167686344595 0.0917340818001889 0.0239830459283778 0.188811516549284 0.0198639677759211 0.0893290757632208 0.177656668377828 0.164459184145166
0.115995952932421 0.0076188551793607 0.0526437751491573 0.116613024428407 0.115451489305783 0.12113282920971 0.102649516411473 0.136280752964348 0.0957049576297354 0.135908846789606
0.0374292583836104 0.0645222589263908 0.0354207412810476 0.114267526175795 0.008109240046068 0.167602560177713 0.173176725594721 0.161759326035194 0.198321337289975 0.0393910260894845
0.153407336004135 0.0503875052968468 0.00625788202106568 0.0951137013583486 0.0755652833317854 0.112281256428682 0.0839028487847146 0.0859390834166067 0.175106828308041 0.162038275049773
0.192999135371871 0.0148311978430422 0.0954042062159714 0.0173040226832278 0.204541098271769 0.0963566956815575 0.0985404525048359 0.0175095481920756 0.180602566502367 0.081911076733283
0.117656774988725 0.0462768484846501 0.069532972268997 0.104034037809875 0.0940947154878183 0.14684474556518 0.1315437327864 0.123472156835564 0.120545224189976 0.0459987915828142
0.11777961149395 0.0140168171464881 0.0940728829809483 0.169840846809278 0.0654327981421256 0.167859623851338 0.0865031803417187 0.105547057803379 0.113336193725057 0.0656109877057183
0.110886612718399 0.146911078728428 0.165137703656849 0.0983326260931484 0.142713204001672 0.0710800690407201 0.106098657285143 0.0931402452505103 0.00363262044023926 0.0620671827848906
0.156023295863769 0.068472652712415 0.09534486983017 0.0640450197552498 0.177170885667742 0.0164393199622137 0.0735430401592195 0.2384453553203 0.0652629595823493 0.045252601146572
0.0345011903302719 0.127108103688997 0.111267201784517 0.137984712082218 0.0778706065973926 0.103731720445153 0.126746487001856 0.125967269564116 0.126111584008413 0.028711124497065
0.0253511867930527 0.161299115370919 0.0489074484936672 0.161972981267805 0.13114486946603 0.154369573813754 0.126620491002363 0.0449010067895883 0.0849586433812748 0.0604746836215451
0.0479855176776021 0.150163120793978 0.195801002777477 0.0129653473306038 0.200315351858635 0.042777757475562 0.197050771656282 0.074639484763269 0.0764675135775843 0.00183413208900593
0.177566841891581 0.163366288706161 0.0592427607914301 0.140154109921822 0.0362586991287763 0.165179931408217 0.0343113597519907 0.00226738403829033 0.097692811834605 0.123959812527127
0.104922610382486 0.132906079972133 0.0910021943372252 0.194104040576467 0.070714223854215 0.0673693304161793 0.0627175254501035 0.142150499837127 0.0912032176897223 0.0429102774843419
0.0173535139420319 0.0119637962367509 0.11236890331583 0.13414833641795 0.231421616555878 0.100160916561324 0.242291832863479 0.121769712913234 0.026634235388474 0.00188713580504984
0.139855084649864 0.0353692131100039 0.065833609470278 0.1231646584697 0.102505472670856 0.12898963957339 0.155762523257039 0.0335793358670885 0.0713366519768363 0.143603810954945
0.137761333037907 0.0648250324135353 0.0178316230015866 0.107987768499902 0.128486259855865 0.0857094774733465 0.123204192514345 0.155083509150362 0.119058317575054 0.060052486478097
0.0469203424494223 0.198397167458029 0.0346628657263097 0.0832092588717227 0.0220694238059037 0.184609775987037 0.0668043697743544 0.107679979832857 0.0805142924448928 0.175132523649471
0.10315086754892 0.0843575546964473 0.0671264493233767 0.0208567680993498 0.119722105700784 0.212259181322454 0.000737174798337658 0.00344265716771325 0.296811321613859 0.091535919728759
0.148752494129491 0.0810261787144204 0.110533429254308 0.123733120512522 0.0415043171880116 0.00941129352222205 0.134955170887431 0.0580771206542679 0.119859379391278 0.172147495746049
0.149271977718578 0.0530149255568427 0.0892879898405286 0.142834561116182 0.111021276506912 0.0131067999653397 0.0325278327830049 0.114600820119004 0.139927551744731 0.154406264648876
0.033485997508716 0.0438692404011909 0.13812973321761 0.156844705611773 0.145369435380376 0.150360422092687 0.0327431757849358 0.143174984671142 0.0440047364509138 0.112017568880656
0.171113234121569 0.163726345454919 0.00218573563920281 0.0044040780400274 0.121475436113858 0.00624052392784561 0.0759733616250425 0.150123946446359 0.1019384075389 0.202818931092277
0.0266707868361639 0.0505745747942349 0.195356130181183 0.0914209320958663 0.108196071991293 0.0224926325650995 0.176110816703221 0.142379396382511 0.134804196619323 0.0519944618311041
0.134625546951336 0.0220242886264735 0.0419913535218344 0.120711876233178 0.121484903254309 0.0940706417581323 0.0571635957886269 0.0876188967037185 0.156279403030961 0.164029494131431
0.00364029156028792 0.06591809504228 0.0804079468822985 0.0410503042854627 0.0954537997093167 0.0976118687504871 0.17307346892128 0.182806529821098 0.0885748149830748 0.171462880044414
0.001926425515244 0.0019475964791058 0.0473051476565209 0.128223233875951 0.15047232506725 0.108920175120232 0.0532304658875473 0.130832065666141 0.111645621648803 0.265496943083205
0.131287966574735 0.0541096377712312 0.123939356369082 0.0168671228065227 0.105036285711608 0.118386650805753 0.121148066094478 0.13878118450033 0.109091352111925 0.0813523772543358
0.146460646763657 0.0164496163256915 0.152707361406256 0.0644633057731685 0.144932030068126 0.0819314554182575 0.0952449648359348 0.0701845438020547 0.108349666488764 0.119276409118089
0.197940872522348 0.0888946823634672 0.197167051898397 0.121634098235277 0.00690142520185598 0.0508511932355009 0.0216458138799365 0.115319541658408 0.17632359603959 0.023321724965218
0.190097028401074 0.0293675565833131 0.106177390199365 0.198798608646244 0.136369053238676 0.0391132296346015 0.124221607904312 0.0516318901997297 0.0662119225542551 0.0580117126384285
0.165019334834942 0.09268983779321 0.169203827519951 0.0941296916286585 0.0304503068914822 0.0698829163124002 0.0977546247565135 0.0279621532119454 0.0868810071814488 0.166026299869448
0.138730389495171 0.0933673937516291 0.00479257806999113 0.0596695183217912 0.0795500074773312 0.147124370473005 0.0950151028018645 0.145660362843543 0.115418336476121 0.120671940289554
0.00739510586960744 0.0344107602872143 0.0647687927021128 0.0500400824134285 0.11154492007085 0.191469995885381 0.107454178788734 0.151751323723572 0.14141727763513 0.139747562623971
0.0155801352689403 0.161861446817744 0.0742955878866212 0.100239312837491 0.147421151167713 0.147997752317012 0.0493996759100913 0.0245870863312638 0.149727174412413 0.128890677050711
0.186228550856471 0.0308819028782257 0.0534576457089499 0.010105377981112 0.176121133435984 0.142874914935279 0.214122912234726 0.0341859924961899 0.0645007990570458 0.0875207704160162
0.138298839543969 0.129375092606441 0.129324434882852 0.0560753778615996 0.0741206685176262 0.112458484610172 0.140008907958299 0.0746827067696806 0.0585655159105155 0.0870899713388452
0.0959627708108231 0.117069131834643 0.0978698360497622 0.152028055220102 0.118232743189898 0.0897292359206238 0.14822604196524 0.0632910277524974 0.110632365394197 0.00695879186221323
0.163776918678668 0.134301635899023 0.129103210048451 0.0346067546306765 0.0851156302323344 0.0166426063793574 0.0886237213222517 0.115891889739021 0.149266553627763 0.0826710794424526
0.0661642012081472 0.085448683644199 0.197046820697164 0.0997104263550588 0.00803364153114274 0.139229731342287 0.0711168430529743 0.212928260049702 0.114012982914051 0.00630840920527386
0.143435421257165 0.157503851534336 0.12121989094287 0.0464800703844295 0.0274133687999962 0.0769957709647326 0.0649458861033876 0.191890485262213 0.139453762469191 0.0306614922816796
0.196924305867834 0.171262773045093 0.0866109809190972 0.0995381325778282 0.1458700544191 0.00160238827128737 0.164190969098629 0.102022955017196 0.025804182029117 0.00617325875481849
0.0507324773374028 0.13693071387601 0.0454480860525826 0.196664387093753 0.00185670589720638 0.0350057460570992 0.0598690862343688 0.202963846699251 0.206078878058452 0.0644500726938744
0.0689705646914609 0.138159337637107 0.128384883706239 0.111055361002316 0.125835558642053 0.0333443373850806 0.0824493599865155 0.120097345968181 0.133766395297704 0.0579368556833422
0.118575460629429 0.139113000122963 0.0466840594720654 0.132414185269907 0.0262080737144734 0.130960775536509 0.162179951569566 0.142665770957307 0.0722274554479279 0.0289712672798526
0.167316140404648 0.0531012493573589 0.041294200824029 0.04594884978574 0.199851865428705 0.0955778227294881 0.00959797922650638 0.214434366357415 0.0282908031552317 0.144586722730877
0.0944692478556724 0.164332341869516 0.18472158330555 0.00614605519249139 0.0627037193927238 0.106009494282347 0.170110863090864 0.0333098045352132 0.0271750102493727 0.151021880226249
0.155131094069158 0.0239294777999371 0.0774493970091008 0.100698742252357 0.118287810379375 0.0268454474570059 0.153421637918166 0.109852584545416 0.126495575122164 0.107888233447321
0.0187878806459706 0.0996112526986491 0.111582628377544 0.0823599971712733 0.122517896374807 0.0909553885624899 0.0507327663501914 0.145749107084087 0.186932833405816 0.0907702493291717
0.0220367804557278 0.0593844441304063 0.0215877815392711 0.176294885040509 0.172801078718765 0.0551195098317142 0.142385787954341 0.147064635743232 0.0359365778505415 0.167388518735492
0.127937610524278 0.0995278665403556 0.13677235556243 0.0942683491397166 0.0814522329106125 0.145360272279171 0.0645466930842714 0.0674743882439284 0.135095262625089 0.0475649690901465
0.163447557150038 0.144210430405365 0.158203023480985 0.085616251528297 0.112655009620384 0.0485425160778632 0.0943390499477956 0.00235786509578195 0.0413647499703641 0.149263546723125
0.0153512900188555 0.0374883565171473 0.0237846353231953 0.0854959103884486 0.0977723158698853 0.215276939025538 0.0028198477782663 0.16445977980831 0.154944733381702 0.202606191888652
0.0855682619062462 0.100481753112195 0.0822683406141751 0.132877929530154 0.073875728868403 0.115896137948457 0.106179625796679 0.144198617975588 0.145781463959343 0.012872140288759
0.103027787186837 0.0336532532723418 0.0895080817394566 0.218022771173184 0.133415661439133 0.0665065629184953 0.0467000323501096 0.154380435294905 0.022708642750269 0.132076771875269
0.0235813977493557 0.10333057447724 0.0485849932915634 0.147068132952992 0.226274593717223 0.173609933362034 0.0158440975371479 0.0112096334338458 0.211988082998255 0.0385085604803431
0.0815741664773696 0.095488285562235 0.146784069138039 0.0702907960542529 0.189654660038936 0.0641065140521673 0.0480518515747269 0.107689776232427 0.0368360116351698 0.159523869234677
0.185538205421153 0.0223472572529652 0.153300040549535 0.186225556069918 0.0320025819198055 0.081674414836499 0.0549081614048737 0.193678302011809 0.0453583734503041 0.0449671070831374
0.0269869758486154 0.00982569154088941 0.108658854924871 0.142119290238334 0.19043095107545 0.110769368398943 0.00315658270576031 0.171460076733011 0.192153963263523 0.0444382452706041
0.0362609410016425 0.08109639387233 0.19024819051949 0.15158653012846 0.00890287323562131 0.133580336688858 0.155904148420006 0.126732615830782 0.0664005612454531 0.0492874090573582
0.163679052446208 0.123763916974218 0.141173291737691 0.10249795712959 0.0438982912789055 0.189559124069395 0.0674293132058781 0.00803937221593847 0.0910206374672765 0.0689390434748995
0.154695216558907 0.0401374367058286 0.0816416948443147 0.0743128856227089 0.16034871302579 0.0565985049062082 0.154314517992451 0.132570640394487 0.0224343457294467 0.122946044219859
0.0467685811813164 0.138428822481579 0.137547890053549 0.0253560976928656 0.129520324585327 0.106276328694279 0.000263641637224089 0.150541195757359 0.132745180026162 0.13255193789034
0.0764352082557804 0.108012056000975 0.131714421578002 0.0801322117268287 0.111135056882866 0.185513712301688 0.0272903520163264 0.0786010144403076 0.0390063948057947 0.162159571991431
0.0563979608891916 0.0710160625802165 0.117479883184283 0.0270887615374501 0.158060742638164 0.196706926191983 0.108508359699248 0.0493459305614123 0.0249369326872075 0.190458440030844
0.147941562709785 0.134195338870981 0.094517566993889 0.0587871228915466 0.187692051459658 0.0316752800301965 0.0838775964175916 0.101623409296817 0.0863126282045947 0.0733774431249409
0.0935594933501988 0.0484549097312751 0.192349516932188 0.153792333100799 0.14899161293405 0.0735060009417369 0.155945277060869 0.0285559940798498 0.0299345358650971 0.0749103260039357
0.0829349893375524 0.104521570423218 0.0304649879774977 0.134594331707163 0.178660551392357 0.0766029109858788 0.112906787946739 0.126564685421032 0.0730208680762543 0.0797283167323082
0.0846258224251238 0.069564306246864 0.0917171522098241 0.156849431181998 0.108826845694014 0.101475034523022 0.0708838511831429 0.000752565586345086 0.155983797482555 0.15932119346711
0.20528795800387 0.198427748602337 0.114055438181606 0.21547157291188 0.0475297065461228 0.0554196361151497 0.0312686465769763 0.0545335056552942 0.0211002152431321 0.0569055721636321
0.139560037343343 0.0510406662939091 0.183031735904471 0.145416757825509 0.0146956604930616 0.0791647786666993 0.0108915635073081 0.123651572193728 0.190156613134178 0.0623906146377933
0.0642077404840548 0.123426780583762 0.0660417502152133 0.105028240169829 0.156115313008559 0.16555590282808 0.00863382806123047 0.11923477717131 0.00374467527942818 0.188010992198533
0.126798290341948 0.0440852380571323 0.115069498465081 0.107017264809522 0.0518150636092951 0.0788262115495356 0.0444717882015364 0.135704792203817 0.133275044997917 0.162936807764216
0.097108059060358 0.0515518760114878 0.0559305734432957 0.161158996502415 0.0725070448524585 0.151203655409516 0.0469959988067811 0.0613437609540901 0.189987717432687 0.112212317526911
0.0055443207596078 0.17295417354338 0.193172897256089 0.025920699538188 0.030467540777855 0.149913255138534 0.175416715648008 0.100867734679923 0.0302000572961063 0.115542605362309
0.016313141069133 0.142019862465434 0.200561178752686 0.121179064038916 0.0606545576402879 0.0673459179588697 0.107400721306716 0.0512157630128351 0.113276321444285 0.120033472310837
0.162289540287612 0.101919865980435 0.0577060656208752 0.0283430799467091 0.0548148702687424 0.180512064862344 0.000642020059070714 0.10537718549107 0.23003657692448 0.0783587305586613
0.154372135435389 0.065484677648774 0.19243902707194 0.0552668101886119 0.0296482396372241 0.0724843127382254 0.0585890351338609 0.145526711142165 0.124359784442705 0.101829266561104
0.0150838112400569 0.107246227311236 0.0990730631747473 0.127220293078707 0.0543445524188163 0.137075951295341 0.0916109942364953 0.121938757179237 0.105055878889363 0.141350471175999
0.120890163452938 0.140201335941764 0.00261799782208629 0.144631815105536 0.0537225595990559 0.180758172628316 0.00988922047366971 0.0263243900939705 0.152098105847787 0.168866239034876
0.0263909537714885 0.0480754700828872 0.0927355924288012 0.0879351917220807 0.125339246194577 0.166337429894513 0.142084038477661 0.0979611676247282 0.0477062828949029 0.165434626908361
0.112251385877175 0.0885252245722882 0.0358104842159842 0.0587172925258852 0.143447831140309 0.078047742422662 0.108434959383859 0.116424301133652 0.121853373819399 0.136487404908787
0.195464922202802 0.0935129495486981 0.030105408947038 0.241619213043249 0.114410844926361 0.0541843963655083 0.0122765008886409 0.0984044811302533 0.115856663618952 0.0441646193284974
0.0594993425240902 0.0192864511204687 0.157035330232049 0.0395926473921562 0.139336877473841 0.172679785847165 0.194232469275581 0.00407916537736416 0.0290797926741623 0.185178138083123
0.109720284187515 0.0083750045484711 0.140225654354933 0.101486954408999 0.0342884417559528 0.134026405738801 0.118838621534651 0.122631238736025 0.0614906015709894 0.168916793163663
0.0458165977285731 0.116032846037171 0.111590723516243 0.00325815230563794 0.136605866850866 0.134770588975304 0.16850761169557 0.0924494210270024 0.114539106067243 0.0764290857963914
0.098630583047214 0.1479638977668 0.188701223014838 0.0785769720300378 0.0169391532129227 0.211746425049508 0.0684593440402833 0.0603530385826091 0.115698817758107 0.0129305454976796
0.108817899510759 0.135529159367466 0.127227110326843 0.0341222000399749 0.0879634086701341 0.0494348883792935 0.0441721672431481 0.150282287247023 0.101432900768997 0.161017978446361
0.0609970379565653 0.0422062136538752 0.12687130853009 0.172415584644141 0.038524633895422 0.136866714829194 0.204959569048152 0.0923482003735929 0.111017188208432 0.0137935488605358
0.0946570923565943 0.156125064733884 0.0755676915801453 0.0787556345667075 0.165477042908387 0.111961096812595 0.00470985203398517 0.182675197869104 0.0918612706361145 0.0382100565024835
0.0971821898260447 0.158403788015434 0.0120205165108581 0.121668939172911 0.107184134952701 0.0253702130706364 0.122079794224457 0.15962516098898 0.108717830679292 0.087747432558685
0.1344992979909 0.117910835322939 0.0106545189293957 0.134970552058717 0.135293318108963 0.0615040480719647 0.00379224898121334 0.131781059510186 0.115173771143105 0.154420349882617
0.195362274024272 0.178590716856588 0.185255761903627 0.121430732112769 0.0292149653824828 0.00820222135966247 0.0201225041698624 0.222717565758815 0.0316685231768822 0.00743473525503908
0.0103125101871174 0.0723223906572563 0.217023573579127 0.0211745994858644 0.254921029233574 0.017332980027957 0.00552912970557094 0.126915315961608 0.0639180708944597 0.210550400267466
0.0139923628687516 0.132838626713383 0.213875823838022 0.182281727017194 0.213347666194703 0.0399198010707239 0.10107019618743 0.0238833977575002 0.030759713464502 0.0480306848877906
0.0223251318510865 0.0917538750124448 0.189778700072391 0.0218256401917481 0.12235675552181 0.0720213824965373 0.27935584911818 0.0861833389074047 0.0924937660616166 0.0219055607667803
0.154507934454276 0.152280263691657 0.0305287783331392 0.00531266065876127 0.0204378701785117 0.0981401680713561 0.0925854323317973 0.181330800828426 0.18215638223146 0.0827197092206147
0.104198500736726 0.18562879140388 0.142296468238168 0.0518859299449766 0.0199918702627658 0.0203197469983189 0.12313690640261 0.132300490107955 0.176508167639551 0.0437331282650493
0.0539481431206836 0.0635173770042921 0.118497811704103 0.153023507464678 0.131792117846699 0.103324777523287 0.0428315900813685 0.167423177179164 0.14927459642063 0.0163669016550955
0.237908189733721 0.171444676490929 0.0109848564141668 0.0177895677310417 0.139875866427494 0.0589689364441797 0.0646544232614412 0.107646839068571 0.0952506561423962 0.0954759882860602
0.0418650482284459 0.169004444765025 0.11764087880329 0.0910854894760713 0.17199291849592 0.168038945868396 0.0758247357675185 0.0794790147937458 0.0146231668210508 0.0704453569805367
0.0416684110900812 0.147877163047273 0.0818623657850986 0.0753513763017813 0.157075932157339 0.100405065877113 0.166367506862335 0.0505966993132457 0.123846951748541 0.054948527817192
