0.247480200344792 0.0409409616254225 0.367613371120542 0.343965466909244
0.158885121601354 0.506603085242309 0.153129243465329 0.181382549691008
0.114333650667262 0.21309658623836 0.487520957140302 0.185048805954076
0.111479615252023 0.448408408158506 0.246948578260026 0.193163398329445
0.345936099435707 0.357701303522061 0.0118780814427104 0.284484515599522
0.198944017009438 0.375322662336253 0.419498170590348 0.00623515006396229
0.356342726441762 0.378613610085779 0.213911073980149 0.0511325894923099
0.205161544508112 0.210788182384582 0.514081865014635 0.0699684080926707
0.501679734619595 0.145921167690695 0.267614661238569 0.0847844364511416
0.464933793747385 0.11650345482353 0.187849385718393 0.230713365710692
0.287944017542109 0.160393524747648 0.419948387377606 0.131714070332637
0.216638070337724 0.552910840782682 0.16928323840083 0.0611678504787644
0.257037178637327 0.320870533894342 0.276870181618316 0.145222105850015
0.338952963312817 0.13014677462124 0.351367446830242 0.179532815235701
0.31923173835406 0.1503426251964 0.251951603291317 0.278474033158223
0.303065013643368 0.157844403278547 0.222458952548957 0.316631630529128
0.211771245510787 0.282555209935482 0.350534348913687 0.155139195640044
0.0866863000828768 0.146166881385911 0.361662276448318 0.405484542082894
0.325838444688011 0.587039787249434 0.0558345732184405 0.0312871948441147
0.300092013123954 0.409614083687716 0.181283456017692 0.109010447170639
0.284013682996494 0.253630357389171 0.265035213165303 0.197320746449032
0.455773479523131 0.0613468267355361 0.347070954567234 0.135808739174099
0.151451228774161 0.262841136532274 0.224645187088375 0.361062447605189
0.213518793036856 0.0818775772953182 0.306571134663141 0.398032495004685
0.209432263504461 0.304797555566518 0.327888139405696 0.157882041523325
0.388507118643338 0.314146394740643 0.102401656635474 0.194944829980545
0.453764958172946 0.262672349693959 0.121623673391179 0.161939018741916
0.446536411058608 0.177929866163122 0.350936625386076 0.0245970973921936
0.167595545939201 0.341438436249035 0.382208109908676 0.108757907903089
0.360653822127138 0.0270651132976933 0.295217148959424 0.317063915615745
0.127249836501499 0.197022202371773 0.355144263285621 0.320583697841106
0.215627004053603 0.314856640723922 0.179069204449278 0.290447150773197
0.379634260340828 0.262399444476626 0.204338930778571 0.153627364403975
0.138137402861585 0.256402305642471 0.561014304663036 0.0444459868329085
0.363787101815819 0.145019677752441 0.446033876449158 0.0451593439825827
0.190278406717374 0.467918161466326 0.315716194301438 0.0260872375148622
0.0802985063197599 0.245940425443855 0.256870421974616 0.416890646261769
0.0905423895338097 0.386895254213878 0.355348877176797 0.167213479075516
0.24003808852323 0.16879768544493 0.456462925035874 0.134701300995966
0.0596182395686531 0.083102727322761 0.369992542677561 0.487286490431025
0.0361623633058077 0.219792525812488 0.313402019959282 0.430643090922423
0.234587596392822 0.351912354530978 0.218833914170186 0.194666134906013
0.252246596743148 0.34579801565576 0.063347091099102 0.338608296501989
0.268864674114757 0.176592663365084 0.301939843272927 0.252602819247232
0.576827635239124 0.15199563055739 0.209948006939546 0.0612287272639404
0.436067974165365 0.00687713524800947 0.107316107864689 0.449738782721936
0.0768369392762367 0.160144522459758 0.450938678840486 0.312079859423519
0.000808447933939884 0.01489077129481 0.510950479130502 0.473350301640749
0.0270841831875782 0.0955986919393661 0.413171254345185 0.464145870527871
0.546905547916985 0.31979046694237 0.0902794235413709 0.0430245615992735
0.368261779785165 0.334944941535781 0.288702009665402 0.00809126901365185
0.421673640196076 0.0886448434610052 0.271663796687249 0.21801771965567
0.136731007216125 0.40552911982784 0.288002995754251 0.169736877201785
0.250170889260316 0.625543440808636 0.0946024924279635 0.0296831775030844
0.398299470183497 0.0658677558365687 0.394597446484037 0.141235327495897
0.356734746145618 0.143109478062643 0.383475808791227 0.116679967000512
0.455345681350466 0.223999208917676 0.0448026319537971 0.27585247777806
0.0115297584625122 0.304240057921609 0.662005925931137 0.0222242576847419
0.276631448596398 0.00298799593807631 0.304615419274947 0.415765136190579
0.212030469384099 0.330991594295819 0.373239882697896 0.0837380536221866
0.339671126599768 0.281119168734372 0.155577335367842 0.223632369298018
0.233424050579134 0.287232969401106 0.172961584701127 0.306381395318633
0.137283275721764 0.214226188938858 0.162213626708705 0.486276908630673
0.319786225290771 0.471200431366089 0.123630105116866 0.0853832382262746
0.309631625923969 0.251883370699772 0.0710653534539584 0.367419649922301
0.307223937941149 0.178179829319143 0.415655470737026 0.0989407620026815
0.254813839463158 0.150905083008507 0.182612962062314 0.41166811546602
0.111037096032583 0.14148762269442 0.37198060475317 0.375494676519827
0.277787253341078 0.430627320892681 0.188639775118038 0.102945650648204
0.066082198341466 0.12187825857554 0.378441941037607 0.433597602045387
0.243251523451823 0.248464156847549 0.243179461614963 0.265104858085664
0.396134273459108 0.150999529579593 0.0321643427192166 0.420701854242083
0.0999793773264438 0.180970236131118 0.40514688330651 0.313903503235929
0.519169531645105 0.0727195242381544 0.224373950006026 0.183736994110715
0.240634486715182 0.217959581959361 0.455032632209526 0.0863732991159305
0.256378583388215 0.454506160245857 0.22058626384568 0.0685289925202484
0.169846904626433 0.0995848794060561 0.530304450740943 0.200263765226568
0.286311602607318 0.114457217795316 0.275777862808795 0.323453316788572
0.29119958386794 0.24849452492732 0.258120724926198 0.202185166278542
0.445323612778205 0.123004007720589 0.148740372115534 0.282932007385672
0.0679901309528807 0.287315833626489 0.0099090830640743 0.634784952356556
0.00179017376846524 0.379676104081012 0.184658501945451 0.433875220205071
0.0786846969192142 0.422964404973215 0.303111525264631 0.195239372842939
0.227719231219062 0.264267724513365 0.172762004722318 0.335251039545255
0.00952043870989364 0.0826989473174094 0.196425967711355 0.711354646261342
0.351941223385504 0.115600005178331 0.296946327427861 0.235512444008304
0.0974311141316686 0.378449173480691 0.265720622564853 0.258399089822788
0.440815296868703 0.0465859463219457 0.00944727155472893 0.503151485254622
0.327625011010231 0.16308278319272 0.400427693658382 0.108864512138667
0.450288813736444 0.201498803791059 0.0678653568848566 0.280347025587641
0.36300349256258 0.0248342046450322 0.273455527630426 0.338706775161962
0.0274589121228874 0.513778517354372 0.308128571480061 0.150633999042679
0.28298720625746 0.117639310855589 0.140207504952378 0.459165977934573
0.390602524971488 0.190481477825808 0.322645470073523 0.0962705271291817
0.0862862088182756 0.384181578283451 0.0913617813900809 0.438170431508193
0.387757722430317 0.457534074904095 0.126326961062208 0.0283812416033803
0.433386742431274 0.253907727302891 0.299262719661102 0.0134428106047329
0.475903995343478 0.240332662031235 0.148129389991011 0.135633952634276
0.420028164753409 0.231196174540439 0.128313708616525 0.220461952089627
0.263163982528094 0.0961058498898456 0.247523856500437 0.393206311081623
0.197328906863771 0.196598836921443 0.578388491218863 0.0276837649959232
0.251886007072267 0.261097173928832 0.280637775926827 0.206379043072074
0.191083514427487 0.42191816948911 0.0679326231354662 0.319065692947936
0.172436082286263 0.117003048422959 0.400630164790392 0.309930704500386
0.249275227642727 0.265721479679561 0.208208674414826 0.276794618262886
0.332499025871991 0.25835189361598 0.0513490089107245 0.357800071601305
0.313775206997974 0.443048153656032 0.13339559123061 0.109781048115384
0.0300954518587463 0.0872178893384235 0.394680173524287 0.488006485278543
0.144177826353422 0.185464097120517 0.010303800458771 0.660054276067291
0.509705383359982 0.0460226542086376 0.333243805497203 0.111028156934178
0.0154131923153338 0.416079320146175 0.13125262539413 0.437254862144361
0.333597045131004 0.0781051898382043 0.0414538062423608 0.546843958788431
0.121283399969654 0.229640502816565 0.251254826865726 0.397821270348055
0.589719762554635 0.206253152584084 0.137716390620099 0.0663106942411821
0.52898735416416 0.0348722449118766 0.14533339587225 0.290807005051713
0.265328754958939 0.300328809077763 0.323768812820319 0.110573623142978
0.501044314279155 0.315004407375645 0.0741943181581116 0.109756960187089
0.216864007055675 0.153656584200428 0.347488684971232 0.281990723772666
0.109847470322443 0.242682789477149 0.208835572576673 0.438634167623735
0.299587213583638 0.391600587802647 0.149707831461334 0.159104367152382
0.255156999237492 0.196135203707968 0.255772712252126 0.292935084802414
0.443484717356907 0.156522166281645 0.00189546643440451 0.398097649927043
0.264494581135915 0.00502400134601421 0.457227867579648 0.273253549938423
0.277075920863772 0.145837310814873 0.250249417706432 0.326837350614923
0.182817003084716 0.34508834535398 0.369956444385705 0.102138207175599
0.140408976495912 0.158324911415252 0.396027615100489 0.305238496988347
0.106465374475222 0.0832987375156817 0.283430749593911 0.526805138415185
0.176914287227294 0.360035890700683 0.235076569385414 0.227973252686609
0.072782729532149 0.311191287077898 0.0209103115241894 0.595115671865764
0.510562999838839 0.22806517759138 0.247978619198858 0.0133932033709235
0.342657280813515 0.235326943466503 0.161147274686585 0.260868501033398
0.123992631192978 0.283258740866241 0.237617004710696 0.355131623230085
0.202037007448611 0.322274563670831 0.145419219965846 0.330269208914712
0.218029688143964 0.335277465358969 0.0739021728401174 0.372790673656949
0.423702852047841 0.488978672848624 0.00857651695011081 0.0787419581534241
0.197309861354647 0.379486561155559 0.4123906500702 0.0108129274195945
0.332355484265883 0.39580505484781 0.0735746485662409 0.198264812320067
0.238551261607021 0.306097994381181 0.167092539621298 0.2882582043905
0.428304247798097 0.226488193319913 0.044193826132943 0.301013732749047
0.169240281026549 0.223695989008736 0.228658203078991 0.378405526885723
0.174604388823254 0.0828977188078823 0.512304402982074 0.23019348938679
0.26404083336039 0.181235004238316 0.328932198701107 0.225791963700188
0.4216423662754 0.0711306782748761 0.380741822068011 0.126485133381713
0.165501728438184 0.22908772448011 0.518020893444524 0.0873896536371819
0.0686283751332145 0.225725024225218 0.346360213478456 0.359286387163112
0.100283965957499 0.454573465198683 0.21738491221469 0.227757656629128
0.292399721512121 0.232889318428001 0.444641173352645 0.0300697867072328
0.28816016336642 0.188920220585278 0.340699857570353 0.18221975847795
0.359266564650063 0.223224770392914 0.161201660259596 0.256307004697427
0.50671192808663 0.0255380129767717 0.286072458599046 0.181677600337552
0.166632547489853 0.205670212236247 0.215457535155779 0.412239705118121
0.378503176339263 0.330787602948354 0.0434349510182205 0.247274269694163
0.154500386490085 0.182329163202898 0.305262066762455 0.357908383544562
0.0188232860002683 0.522658564979757 0.413002786622411 0.0455153623975641
0.169841734408823 0.22549954262467 0.355412635988339 0.249246086978168
0.13871914999771 0.452713532592086 0.165632897838812 0.242934419571391
0.262724367905042 0.27090201097797 0.376162936592012 0.0902106845249765
0.0392828287766931 0.282695746966488 0.40872658478901 0.26929483946781
0.0560181969279607 0.276917475804166 0.0673112069354859 0.599753120332388
0.531898396669607 0.099026449407922 0.2006875980018 0.168387555920671
0.350059691767607 0.0577299068631057 0.289670716687596 0.302539684681692
0.145854332389634 0.341699805426017 0.0879609446639876 0.424484917520361
0.29130045614715 0.433014134688012 0.149834823432498 0.12585058573234
0.177009543174132 0.19065108564793 0.280115072937393 0.352224298240545
0.387531896070497 0.176365290673853 0.233867900825964 0.202234912429686
0.363705892262466 0.108566853299267 0.0935246423020869 0.43420261213618
0.283017239627913 0.321644036605935 0.140284400453042 0.25505432331311
0.230237878165318 0.0483061024029666 0.32111692278408 0.400339096647636
0.306932070090057 0.359272690997645 0.251753587406919 0.0820416515053788
0.0334061332520903 0.304747665490199 0.191157094005781 0.47068910725193
0.299083904089716 0.310236849843529 0.2311076426706 0.159571603396156
0.268253181965054 0.110630150692541 0.344246155315566 0.276870512026839
0.266427927922987 0.124004558084215 0.261067484814426 0.348500029178372
0.35948659727093 0.0844189226926333 0.436691406655091 0.119403073381346
0.131355982603393 0.437267857059341 0.388515142176386 0.0428610181608806
0.278930599349649 0.138092813239857 0.0642789916139906 0.518697595796503
0.323724390082208 0.442350926504086 0.194885177806397 0.0390395056073088
0.19308183114761 0.30533219512024 0.141471991784354 0.360113981947795
0.114367963311508 0.228427434793599 0.366419818731669 0.290784783163224
0.00843692821674471 0.614944280945763 0.346258752963493 0.0303600378739992
0.0194488609877063 0.423801809526445 0.31082151224114 0.245927817244709
0.300910491285424 0.304333630757823 0.213801876182688 0.180954001774064
0.0727848997620124 0.484429520779659 0.313383389925845 0.129402189532484
0.0230929846599328 0.665255841142237 0.132718466517279 0.178932707680552
0.239974804041929 0.208862091122192 0.493058773055519 0.05810433178036
0.00608036902295109 0.25803855601563 0.281642885695136 0.454238189266283
0.296751203577074 0.375328262053798 0.0746462750743987 0.253274259294729
0.0397779549527536 0.503663857943057 0.100502023030117 0.356056164074073
0.225280104178153 0.430785560744115 0.308725778662572 0.0352085564151597
0.238312156102478 0.351273968336376 0.258353250897289 0.152060624663857
0.437429522603285 0.0605603021385119 0.268545417336398 0.233464757921805
0.294359311740818 0.119471681809234 0.287975534167106 0.298193472282842
0.0385335405813693 0.302904738824207 0.234370476531739 0.424191244062685
0.227330451966859 0.345888559920107 0.0897591599195908 0.337021828193443
0.25918222981105 0.177932380698697 0.389547278053957 0.173338111436296
0.0493029303608372 0.234413128200869 0.511931533721238 0.204352407717056
0.155029482868966 0.233353418479091 0.12682290279497 0.484794195856972
0.29183796786379 0.339234127263098 0.247959461820433 0.120968443052679
0.114247950513749 0.627638451363168 0.231169339055411 0.0269442590676712
0.299094557680178 0.356048828724558 0.319591187336872 0.0252654262583934
0.191040047174685 0.0680226184221054 0.466606783680945 0.274330550722264
0.330206987475239 0.303567009386027 0.260586158995617 0.105639844143117
0.216898666802152 0.0769133525029873 0.364677189193237 0.341510791501624
0.196698870112946 0.00289002992165174 0.366425805362196 0.433985294603207
0.335046052199172 0.416488758799325 0.182383985492528 0.0660812035089753
0.429432560488613 0.163612863966474 0.261189063021492 0.145765512523421
0.143618020903227 0.14925424315424 0.509956601924948 0.197171134017585
0.437659595101379 0.0998210355966047 0.0890904141690168 0.373428955132999
0.149300116874487 0.104621352290465 0.320024798549405 0.426053732285643
0.412192305379439 0.245298992600118 0.114421916483617 0.228086785536826
0.231573245685838 0.2663560928263 0.337086359161632 0.16498430232623
0.290410275542266 0.182580939519468 0.469274208281035 0.0577345766572315
0.0188966545955525 0.0974065754309383 0.197215469372525 0.686481300600984
0.293626364909854 0.335800287262704 0.0877593520713633 0.282813995756079
0.0695476926872884 0.268551851367871 0.411099341038907 0.250801114905934
0.265914740221396 0.0211065337736299 0.613530111341968 0.0994486146630069
0.196405907253403 0.246044302089641 0.314908530955834 0.242641259701122
0.139831403450902 0.116952403115585 0.412871924126388 0.330344269307125
0.160002647597435 0.233809288865173 0.288829193489053 0.317358870048339
0.296263833143675 0.130147860349893 0.194931833301701 0.378656473204731
0.361382527329435 0.248880630794889 0.0394261509337038 0.350310690941972
0.265147232958203 0.413061049319889 0.279496202734728 0.0422955149871806
0.157472998413324 0.368544470683511 0.28839674816908 0.185585782734085
0.193044275188153 0.114138951128519 0.344787926824143 0.348028846859185
0.116949066318406 0.276824234905158 0.375795903419903 0.230430795356533
0.349785219954956 0.542787226600538 0.0180954031804064 0.0893321502641005
0.160283053781879 0.270802772832826 0.479561630844906 0.0893525425403885
0.33429595153235 0.143894461912254 0.194627739072763 0.327181847482633
0.317476627873782 0.0699278463527606 0.40087298127033 0.211722544503128
0.0679359970294274 0.3788082303581 0.479038968704142 0.0742168039083303
0.252727508569243 0.319326365908044 0.157935320041071 0.270010805481642
0.0517845179084047 0.301090386795264 0.0418165898602135 0.605308505436117
0.209028939386929 0.232535618601675 0.146346493376329 0.412088948635068
0.216265680927276 0.212703869753205 0.237217557403139 0.33381289191638
0.112231615891441 0.468661938769762 0.138367765142794 0.280738680196003
0.341808227786955 0.0270260302084272 0.333873510784725 0.297292231219892
0.291129284613003 0.258472866998414 0.305692343078046 0.144705505310536
0.326758166348137 0.196050034887561 0.164326508128246 0.312865290636056
0.288216539227543 0.147455291620821 0.330231194874301 0.234096974277335
0.365057115217114 0.0358572900429099 0.326327695672088 0.272757899067888
0.376927944614678 0.380937116307859 0.161708187809379 0.0804267512680835
0.342991686706109 0.129741599951865 0.227606940558633 0.299659772783392
0.0477226267977769 0.491117767092119 0.214705239584561 0.246454366525544
0.252749981089934 0.326321855532635 0.286201038275461 0.13472712510197
0.231747573333149 0.259478031554325 0.306309917524531 0.202464477587994
0.311254651002423 0.0824853348611292 0.201206872025355 0.405053142111093
0.14308861159342 0.392016505286137 0.161161844672218 0.303733038448224
0.110326113869484 0.120667406276109 0.375015983479805 0.393990496374602
0.222105154368996 0.22229118901179 0.363636313698966 0.191967342920247
0.565866899393262 0.128592475541766 0.136601547069655 0.168939077995317
0.399118474740598 0.0114511124863506 0.447330497663226 0.142099915109825
0.184622277921177 0.3239568134088 0.336638509024114 0.154782399645909
0.244592278721047 0.0447552474295435 0.193604178360114 0.517048295489296
0.342406864284478 0.247925286841208 0.187049789999483 0.22261805887483
0.270541981800454 0.0799322529285167 0.464814010513943 0.184711754757086
0.155342773577785 0.146070149610161 0.314407612292057 0.384179464519996
0.153276378130752 0.423684747239223 0.131445227585589 0.291593647044437
0.305568995595403 0.318390331421442 0.0268108389474909 0.349229834035664
0.0584736400957448 0.331248814570783 0.378078144651251 0.232199400682221
0.419867776140537 0.13990525861384 0.0661444057113015 0.374082559534322
0.156850811809461 0.333366678169418 0.261431640698275 0.248350869322846
0.382028157599099 0.213245831312862 0.213840849462045 0.190885161625994
0.363870182863232 0.269701467011422 0.201828666827337 0.16459968329801
0.116854591241522 0.335729362294185 0.274665521000038 0.272750525464256
0.113249937915356 0.474472868046642 0.149544877245374 0.262732316792628
0.0568938690307043 0.475300478408607 0.435045486725045 0.0327601658356437
0.217061799680165 0.473711011248455 0.228504620804071 0.0807225682673083
0.0176796207422023 0.344216893021958 0.595740790268126 0.0423626959677144
0.198582788894566 0.372845599659212 0.372197884193262 0.0563737272529589
0.145374871262625 0.214375056790557 0.402676265258115 0.237573806688704
0.383659613629659 0.260520400543668 0.0256340294551157 0.330185956371557
0.386050108873642 0.195301202863495 0.371274572793179 0.047374115469685
0.25692743523706 0.486828084454189 0.101319653192321 0.154924827116431
0.388071271338738 0.584179505259584 0.00225713311589253 0.0254920902857858
0.356469973645856 0.00991691828579774 0.266109480820399 0.367503627247948
0.0634429736094116 0.289967494898024 0.375337746171573 0.271251785320991
0.325819631740039 0.311140263538455 0.143215934721541 0.219824169999965
0.00551531735579346 0.0417751751613887 0.434444469664708 0.51826503781811
0.177716249877341 0.12589224213349 0.400162701372667 0.296228806616502
0.249744173196217 0.342426122606846 0.0950820442038475 0.31274765999309
0.205086694511507 0.403901655399194 0.323545579156804 0.0674660709324951
0.0788158592522979 0.47567863911496 0.23960719725705 0.205898304375691
0.365496643648033 0.199953166450176 0.265610920570253 0.168939269331538
0.313190296251851 0.0441630169518972 0.210220060419575 0.432426626376677
0.0409320561495725 0.104757737600396 0.35365806301333 0.500652143236701
0.330058187530865 0.265656069797345 0.285463848225019 0.118821894446771
0.416386412135441 0.295254989804367 0.224728710551611 0.0636298875085814
0.299994281202355 0.288083232645447 0.212649777754471 0.199272708397727
0.488228457722938 0.367910678265128 0.12587016100919 0.017990703002744
0.0267510604463095 0.254803520358936 0.390508718971057 0.327936700223698
0.162555602461204 0.296870326762327 0.213693695055603 0.326880375720866
0.306783460073305 0.391980685255653 0.134611023745402 0.16662483092564
0.150552261560499 0.28610804121483 0.245583179591996 0.317756517632675
0.135660258618419 0.130393392708419 0.30386381764375 0.430082531029412
0.25891723557849 0.0843712672352677 0.376397877764485 0.280313619421758
0.0479671750839028 0.332207453475451 0.361545984361488 0.258279387079158
0.410047436877357 0.149935942860976 0.168060791713252 0.271955828548415
0.241036654866525 0.281438329349365 0.100295504930175 0.377229510853935
0.280260187879738 0.34916404295148 0.0888066315509846 0.281769137617798
0.0790098480933024 0.532334920734222 0.227851021186663 0.160804209985813
0.0710952781622306 0.0134363338776539 0.450977127769536 0.464491260190579
0.216078099852265 0.370473050100205 0.37146675267897 0.0419820973685602
0.26184379771938 0.0914840560007144 0.264447508690545 0.382224637589361
0.0858054014200411 0.198781516759547 0.380532169915926 0.334880911904486
0.135638496753804 0.301565870418696 0.351416107208034 0.211379525619466
0.408056605295497 0.552939426990634 0.0368980263482172 0.00210594136565254
0.583125824276562 0.176846758653573 0.186069953146515 0.0539574639233496
0.151747288888344 0.256720248046789 0.0654999453359687 0.526032517728897
0.0134696908642774 0.307114830349172 0.311510639787916 0.367904838998635
0.155314012964027 0.29993376996445 0.284344738225199 0.260407478846325
0.0682953918364431 0.180724752411989 0.716829930831967 0.0341499249196009
0.11055277090868 0.330099687026782 0.189345974544294 0.370001567520244
0.14371327397943 0.588469776324596 0.2166989986165 0.0511179510794736
0.282532164533542 0.341780923215889 0.11297350758525 0.262713404665319
0.0474904112359449 0.0182795042808799 0.349459455611643 0.584770628871532
0.0374069028458638 0.27924839587663 0.359380694618633 0.323964006658873
0.0255186759796711 0.30393765162337 0.223093083294747 0.447450589102211
0.00601993412485709 0.394694290434971 0.366019363963043 0.233266411477129
0.111069542671358 0.0755497888344511 0.56065840312429 0.252722265369901
0.0268486754507715 0.295702770768922 0.312878971535429 0.364569582244877
0.47369683417976 0.219679642840305 0.21547510439182 0.0911484185881153
0.387635043762198 0.0820111742407866 0.126643020784248 0.403710761212768
0.0928676521297259 0.304360731842986 0.442146739268606 0.160624876758683
0.397003094791622 0.280771036318224 0.251669502369164 0.0705563665209901
0.125252166478885 0.0426926243318187 0.534781128954352 0.297274080234944
0.271656090325906 0.130131966865374 0.292588113810327 0.305623828998393
0.110894034255642 0.0369826038313977 0.213533878918245 0.638589482994715
0.331699120347583 0.104125087282935 0.196126451646301 0.368049340723181
0.456916310683276 0.0376126069580369 0.335271471894104 0.170199610464583
0.331620571307555 0.101681136321629 0.32620203477888 0.240496257591936
0.457367740235868 0.394595717309763 0.118759128937428 0.0292774135169412
0.416561510609041 0.00749680885310837 0.448142822047103 0.127798858490748
0.33466372966178 0.363253444474636 0.283472535677481 0.0186102901861037
0.391996663511928 0.0893465691675731 0.207162097108358 0.311494670212141
0.088832781705536 0.395553945428364 0.428652780315019 0.0869604925510819
0.00132287865912855 0.379134276161765 0.146692388899281 0.472850456279826
0.353214397789343 0.300147071263939 0.0683453803352952 0.278293150611423
0.325354175851671 0.328835932089933 0.319463592819239 0.0263462992391579
0.131119765571032 0.309430836396341 0.253092711218244 0.306356686814383
0.27314581879013 0.159107552978875 0.221319238651576 0.346427389579419
0.262281491277265 0.0373602108780584 0.28788062349989 0.412477674344787
0.219282745479751 0.191705173000982 0.403652506175698 0.18535957534357
0.164492074405978 0.14359502665267 0.315468468879988 0.376444430061364
0.285642169142264 0.0487443216487866 0.350860154415401 0.314753354793548
0.163959798167126 0.48118172988274 0.0968108644957737 0.25804760745436
0.263802550061552 0.268932605659559 0.0554159239990341 0.411848920279855
0.234752160200678 0.388373835518023 0.0457503041900479 0.331123700091251
0.299680691489568 0.278093334485275 0.301937560704775 0.120288413320382
0.266757908262387 0.338306078430276 0.248005233569596 0.146930779737741
0.0660236641189825 0.122902188481486 0.369378296125302 0.441695851274229
0.398404352378903 0.159504828458577 0.208193167568601 0.233897651593919
0.182535377070008 0.343764533029691 0.129594060196196 0.344106029704105
0.0480761639403336 0.318074923761122 0.289964682801876 0.343884229496669
0.512631304896062 0.0491907085569484 0.160443898777442 0.277734087769548
0.195524928579295 0.079121581868844 0.0116296301677562 0.713723859384105
0.210195310198552 0.201635632945836 0.222806890115813 0.3653621667398
0.209260447212627 0.000138342590936784 0.602426574008163 0.188174636188273
0.365346712507998 0.317974029201293 0.232409692182605 0.0842695661081033
0.210522148267695 0.363609027317001 0.299079709933973 0.126789114481331
0.293522849703359 0.255416116353409 0.175997805981916 0.275063227961315
0.302136617830836 0.398236847415517 0.18424440505982 0.115382129693827
0.0053934881557384 0.343738084296863 0.351648193695611 0.299220233851787
0.0679813516065781 0.399774643630746 0.329479278370569 0.202764726392107
0.586769476442926 0.0644757637328 0.305312051626378 0.0434427081978958
0.324846989631069 0.048194581678523 0.559384712295398 0.0675737163950109
0.391623583620721 0.306668565957307 0.0191658625676376 0.282541987854334
0.188419243337964 0.252619115758535 0.305378689252625 0.253582951650876
0.141843581452772 0.330992590324682 0.321910591139509 0.205253237083038
0.385129272416017 0.141669423548742 0.275340847325701 0.19786045670954
0.0993766681841203 0.217674743629489 0.169722816398536 0.513225771787855
0.212010562929164 0.366272878432268 0.284687088620457 0.137029470018111
0.169243169388179 0.0870925634209494 0.671960908954021 0.0717033582368509
0.268872964897933 0.0844800690387828 0.277483178965999 0.369163787097285
0.355994376749448 0.106561513625481 0.330259493963758 0.207184615661312
0.25902702647346 0.527079135064982 0.161235990359745 0.0526578481018127
0.444117104577949 0.196720821414455 0.25658201068559 0.102580063322006
0.175478021358615 0.391737943704188 0.152986680436723 0.279797354500474
0.119650435603784 0.148815776148629 0.0897010849510538 0.641832703296534
0.187312828545474 0.131920095680106 0.425646209814298 0.255120865960121
0.433102606412598 0.322636156401839 0.155379738530459 0.0888814986551039
0.082218129112369 0.403133663237743 0.254433483387598 0.260214724262289
0.194765964377148 0.319828771015058 0.309051128683797 0.176354135923997
0.0900493410309278 0.376220273462561 0.357418511790137 0.176311873716374
0.642460253099862 0.118561552858714 0.0779736557144272 0.161004538326997
0.0425568428265363 0.135188289125356 0.430187645310004 0.392067222738103
0.424397649797758 0.225786493621553 0.174114089503585 0.175701767077103
0.171567686924005 0.283413421641173 0.141309209896341 0.403709681538481
0.455870183031789 0.299340592371609 0.178602786474524 0.0661864381220773
0.367439858144797 0.045745704075687 0.406606125053761 0.180208312725755
0.16595260177992 0.284296602687839 0.1656023757579 0.384148419774342
0.0512814036621771 0.42212065268246 0.433920501891232 0.0926774417641308
0.320111694277451 0.348614272745174 0.08771636258964 0.243557670387735
0.429039438519868 0.203642476219773 0.178712523636794 0.188605561623565
0.410570604134671 0.0238543540507567 0.282518961370147 0.283056080444425
0.331818631823052 0.173330123834406 0.165390006473117 0.329461237869426
0.16115788272909 0.0956952230511901 0.380952374937085 0.362194519282634
0.231513916302541 0.25138106695798 0.258553912503801 0.258551104235678
0.204116973372802 0.334078100768981 0.140663117089054 0.321141808769163
0.3393052434539 0.183231178191336 0.295306626120025 0.182156952234739
0.461103986813293 0.27887671875032 0.259800832822876 0.000218461613511646
0.404085919761238 0.276573142294342 0.281752000115196 0.037588937829225
0.181068414137426 0.485504535748184 0.200516537647193 0.132910512467197
0.13903284606429 0.118248903302013 0.457987774378487 0.284730476255211
0.216925273654348 0.312847236615397 0.241459609591376 0.228767880138878
0.220583751680294 0.219881899197579 0.243135106224597 0.31639924289753
0.163167344964994 0.428643857928279 0.285682741258083 0.122506055848643
0.524831906582132 0.403640398130907 0.0370026985520528 0.0345249967349085
0.465842264381562 0.106272073431409 0.0318598655943577 0.396025796592672
0.0652386043934912 0.626657631386092 0.243714354269463 0.0643894099509541
0.378457738206127 0.135687181165329 0.188153247349891 0.297701833278654
0.317364125096028 0.364153758315927 0.267546140252981 0.0509359763350644
0.175470057265835 0.0270716488549874 0.384724441533992 0.412733852345185
0.329735993408913 0.29724683670924 0.121296673791695 0.251720496090152
0.154271568535166 0.166502728622197 0.311504482899862 0.367721219942775
0.264214977176554 0.0762690696950361 0.298906390813266 0.360609562315144
0.313510243437625 0.237033136201178 0.210044981945354 0.239411638415842
0.108283043710138 0.332630264496906 0.267410153671969 0.291676538120987
0.223700161879783 0.270943297899925 0.469290755775364 0.0360657844449274
0.210171352649006 0.104486212304513 0.565233269399318 0.120109165647162
0.121060184154963 0.316743964028862 0.14118026194868 0.421015589867495
0.239445424397115 0.214130038088163 0.2408893656214 0.305535171893321
0.297388617163738 0.128952556813144 0.285518181216177 0.288140644806941
0.0319486245722623 0.570580409767355 0.0164761270285299 0.380994838631852
0.272726250058845 0.209630953057646 0.4247900702955 0.0928527265880088
0.38820989062728 0.243678014870137 0.023561204492437 0.344550890010146
0.562185405842131 0.14346122366155 0.171703153995238 0.122650216501081
0.387518214476431 0.062061660033933 0.357084186594185 0.19333593889545
0.287620655763473 0.206867559731808 0.236502981236694 0.269008803268025
0.369413350722961 0.173830653721923 0.152513210213685 0.304242785341431
0.262696928040256 0.201185511544252 0.423011373801882 0.11310618661361
0.46553742919046 0.131344008557613 0.193782811884136 0.209335750367791
0.0714456390107856 0.408004642871974 0.353291369822181 0.167258348295059
0.375806138739127 0.0366060928126916 0.0961877602732958 0.491400008174885
0.23317707418766 0.188586270381236 0.299017541376623 0.279219114054481
0.20962138384507 0.0214844684520939 0.216794543886727 0.552099603816109
0.375595266763647 0.00958599797478727 0.341848202185793 0.272970533075773
0.139629105005838 0.342961500312416 0.258604405080449 0.258804989601297
0.0376407061215251 0.366455183989546 0.391800920891015 0.204103188997914
0.0456842263017026 0.205531155589191 0.323688296802169 0.425096321306938
0.173191563136905 0.45144833201156 0.219635758947302 0.155724345904233
0.180407769865718 0.353799575518181 0.239233132523524 0.226559522092578
0.0365407208147186 0.390273890327851 0.0987173052211399 0.47446808363629
0.152499339197176 0.24856049873257 0.528493037550101 0.0704471245201526
0.384651373290515 0.194168881461533 0.0501768898755234 0.371002855372429
0.194165987156627 0.380850172597437 0.275404256852366 0.14957958339357
0.394246943042481 0.299876342134731 0.149902766557557 0.155973948265231
0.209015757827195 0.410702675848246 0.19522204678202 0.18505951954254
0.413143932447412 0.0805165156774167 0.271532684203123 0.234806867672048
0.209098859474551 0.344486318994484 0.205788163191341 0.240626658339625
0.401224859007107 0.456518821826644 0.0037797738205683 0.13847654534568
0.232375102191113 0.265056763899031 0.323821398249769 0.178746735660086
0.294568260506351 0.150022403599173 0.26256556491441 0.292843770980065
0.0162411282627465 0.304412181579577 0.293903063421794 0.385443626735883
0.103826913089138 0.108772021547646 0.369995155772066 0.417405909591149
0.262937397907415 0.239866672647417 0.163257212771455 0.333938716673712
0.268850495394542 0.195850361788282 0.394024397779114 0.141274745038062
0.0106740348947603 0.335441618391567 0.457800352815341 0.196083993898331
0.174603315710079 0.315975877176816 0.163407363751254 0.346013443361851
0.478658072831213 0.164526925804431 0.00304362800050872 0.353771373363848
0.380304109459784 0.195235089475056 0.146230496552475 0.278230304512685
0.203465517266149 0.0872433820728502 0.027957851700163 0.681333248960838
0.311522775598415 0.312533078364744 0.329169243193484 0.0467749028433566
0.225540979211156 0.215100696714109 0.284669016155391 0.274689307919343
0.255198241632089 0.483187024499351 0.202287895723903 0.0593268381446572
0.572171796147856 0.195140464404996 0.185539202495781 0.0471485369513661
0.388369939543234 0.16867456490326 0.0540554036590078 0.388900091894498
0.405758054840338 0.322166717597721 0.261905894437758 0.0101693331241829
0.510951024706239 0.302218919712454 0.103895158495133 0.0829348970861738
0.111284047562791 0.31035463491494 0.407433364531449 0.17092795299082
0.025330026435969 0.447787980023978 0.192687542479277 0.334194451060776
0.248605889086902 0.236155843806719 0.168782753554578 0.346455513551801
0.357809702980555 0.191352592329343 0.423599351864676 0.0272383528254259
0.271908780685651 0.214544282387638 0.370285883664856 0.143261053261855
0.0975327855835341 0.161645598534796 0.462275550151694 0.278546065729976
0.139283382904641 0.27490501298511 0.373048691973537 0.212762912136712
0.333289719315028 0.457425113795648 0.157791900600056 0.0514932662892679
0.330444622758931 0.386717389564422 0.0348579830100009 0.247980004666646
0.13238517349783 0.500427629951128 0.300592278456841 0.0665949180942011
0.519079786792549 0.102744025511507 0.0963119088871055 0.281864278808839
0.137207963460949 0.407135077645574 0.257507138583321 0.198149820310157
0.552854683766337 0.107455178404913 0.0463075302027735 0.293382607625977
0.242579171781618 0.304001851241598 0.357883898407772 0.0955350785690124
0.085666289913709 0.20671067632176 0.295111180753431 0.4125118530111
0.0120827637557029 0.272075489742135 0.391113470935833 0.324728275566328
0.190795089652884 0.215866837685854 0.533508570284672 0.0598295023765907
0.436159358958896 0.0914110656229348 0.27998556518214 0.19244401023603
0.184422241892744 0.349037019894014 0.390190611974952 0.0763501262382889
0.245758145554127 0.231792209706239 0.456759540806666 0.0656901039329673
0.0321708140280903 0.27585451640938 0.320947866535655 0.371026803026875
0.260109694683301 0.150571624173465 0.58909723326189 0.00022144788134446
0.102353963959853 0.337931074246804 0.277961161586976 0.281753800206367
0.291344666414534 0.122926087539089 0.370771121184988 0.21495812486139
0.326332645910553 0.0894709463622614 0.0437612733446436 0.540435134382541
0.365322133613016 0.246201095866269 0.38199945097014 0.00647731955057467
0.287059635525772 0.216533674530243 0.120663713604182 0.375742976339803
0.278786244796402 0.261685628858527 0.271989818555622 0.187538307789449
0.185598374504167 0.194447803656419 0.289454024789228 0.330499797050187
0.343762687219608 0.569185880552904 0.0793974293865439 0.00765400284094392
0.246428075045582 0.11068838884383 0.419324545991619 0.223558990118969
0.34347597589095 0.153640636223779 0.194628232205891 0.30825515567938
