0.258092425154944 0.152261320416649 0.0149451816668912 0.0272358440148666 0.15093262048706 0.0212569945125829 0.174860816268121 0.200414797478885
0.00453011286993746 0.22571983172576 0.129854245003444 0.109943705801984 0.0621968963158039 0.0402259959973877 0.20198778626046 0.225541426025223
0.0675326818604174 0.0421029664519978 0.216630237965872 0.0414268503637126 0.243141886008671 0.234585274120883 0.0952707276438044 0.0593093755846424
0.0781056507513962 0.130603510091392 0.0179475577466985 0.192755970459866 0.00216272274815198 0.206891173651439 0.19932711368022 0.172206300870836
0.103096068785092 0.0386705884876592 0.168029244263736 0.157234940510998 0.0570358911175989 0.205660241745356 0.160627723393559 0.109645301696001
0.338962748785291 0.058440504679351 0.0215585334277058 0.0951538477511644 0.00274495057345849 0.204849110037593 0.272235718328634 0.00605458641680326
0.147735266498266 0.211866105852423 0.0419764803480241 0.143453069082275 0.0557278606996584 0.101905566118468 0.119065538689712 0.178270112711173
0.169733079635371 0.0459745561748188 0.162360138987154 0.147182944043286 0.149865208394815 0.0419201135482657 0.144398994589129 0.138564964627161
0.236086534933993 0.0514378788059574 0.0997925929671733 0.0897347843588299 0.214838178613745 0.15401722376213 0.0519393084226186 0.102153498135553
0.0851377860654053 0.0519365394990614 0.145577361983203 0.251613516777063 0.0915534373785739 0.131997389799755 0.156851248309222 0.0853327201877157
0.146981326607268 0.149928303500635 0.0642131035902302 0.0822960652369404 0.138915617261791 0.0522402921004847 0.186919924638517 0.178505367064133
0.120754047564006 0.0776785362005772 0.00416349116276691 0.173274148734793 0.0188951786703335 0.228146905224724 0.124541747770581 0.252545944672218
0.152131178037698 0.162510581173121 0.0237317490945043 0.163838464118032 0.0389957620401524 0.18000093742465 0.150428867685441 0.128362460426402
0.180974694879974 0.137634732975285 0.0928053191749952 0.0304868923224643 0.171613132272091 0.164970470754388 0.0364194500048836 0.185095307615919
0.130483869239815 0.153894890365018 0.0259842018950463 0.0557048481155136 0.0960679914653263 0.158590632754532 0.210923354098328 0.168350212066421
0.0680408069157677 0.107282374633689 0.121107163610245 0.0851448001915482 0.110712095566089 0.172554255768109 0.180916495920501 0.154242007394051
0.191274109197662 0.0754331434000221 0.0860156607552502 0.171217276990387 0.222389073505288 0.207222633915319 0.00142163424519043 0.0450264679908818
0.128922353893594 0.0835293363027635 0.230734722950623 0.188858702166361 0.0738256845530412 0.199385664856508 0.0942648015197594 0.000478733757350539
0.0837303457923629 0.199234840564225 0.125314613797755 0.098430566728444 0.237968689689433 0.0127027201871249 0.14338828304746 0.0992299401931956
0.412527931444565 0.115327368547766 0.0393766770045063 0.0565032640428438 0.030350966863687 0.0371682615668522 0.0321552062737071 0.276590324256072
0.0310220437121134 0.177524634450321 0.0113512790779143 0.165735493926024 0.15680814097195 0.103290699370774 0.152052129569456 0.202215578921447
0.098109420307981 0.0265292033177924 0.146948193476892 0.0166415470292457 0.157035808427564 0.202266885722801 0.141621812669054 0.21084712904867
0.0813106244906711 0.0120708759845007 0.118098521099038 0.191367262188282 0.196293423378992 0.152380400599132 0.156468589641789 0.0920103026175947
0.142659241509539 0.0712817092766731 0.128212283039185 0.106291786688906 0.169838201410511 0.0698445618562596 0.187940616411156 0.12393159980777
0.154698625547145 0.166108045263388 0.00832743840107415 0.210765169263261 0.0442532022441844 0.0261724137682597 0.31304589935882 0.0766292061538684
0.0970809501381943 0.0722571096878218 0.0913254893071897 0.166763937167944 0.184590153001562 0.151212942283351 0.150228771077995 0.0865406473359424
0.0623363517715953 0.123910599315812 0.0520910182938901 0.183721187524454 0.11822269459617 0.0194176344549251 0.226000977064842 0.214299536978312
0.0939296172206903 0.0855890737664784 0.201231025961524 0.205871386272687 0.0861670080642609 0.226166675704838 0.0342924580477419 0.0667527549617796
0.156201860942812 0.101616604056175 0.163608310447357 0.183252742512635 0.0417177585723822 0.0814111543452981 0.0904520569582049 0.181739512165135
0.230255888894345 0.0852982859342466 0.0188490510227892 0.0940613306540583 0.0886728098066701 0.207587490122446 0.171953351859969 0.103321791705476
0.112857219357579 0.233898329304139 0.0497026224123358 0.162260974122128 0.200495118766944 0.212509466033148 0.00605515060931744 0.0222211193944095
0.218926013358212 0.207674203436847 0.19270435296644 0.0217743353177635 0.194070328645066 0.0118897396653681 0.0265829073103699 0.126378119299933
0.18872170300134 0.113009951940466 0.0420273695809259 0.195520322977915 0.1216875866831 0.111096324733188 0.155611970497113 0.0723247705859534
0.0250517874070174 0.108330786519103 0.196011331631234 0.265334844591117 0.106244342139406 0.123344704952027 0.161719494176263 0.0139627085838322
0.0125762119895071 0.0562509777250972 0.0848371631713633 0.229093020202737 0.00135498563337024 0.182465981023604 0.334815233784665 0.0986064264696562
0.226420755426566 0.0921950931790571 0.1561820094002 0.215215344212366 0.107472672010114 0.109431404937439 0.0841060251150908 0.00897669571916711
0.121779338998924 0.115404307594572 0.222221140166503 0.231597438346176 0.0205980001143687 0.0396577457705987 0.217312578331215 0.0314294506776429
0.0694003181071154 0.196786205126686 0.168524245101755 0.03996990746446 0.0715411425212995 0.137965302359797 0.188637044057273 0.127175835261615
0.0847836893455978 0.197691317473036 0.0752248336690638 0.147887843000912 0.0974239370367093 0.0122016019469849 0.24103079857384 0.143755978953857
0.0624314135850878 0.122175253382086 0.0918130221018888 0.169054068725574 0.0692359634125803 0.146471530387573 0.171890715256384 0.166928033148826
0.16209017546564 0.156899496904738 0.123008784920206 0.0182312341251301 0.0395183096967819 0.195083948616661 0.123161460852621 0.182006589418221
0.206118397297641 0.250493387970233 0.118970764108592 0.0957546708759606 0.0227738572427211 0.24356294713348 0.0572511996921033 0.00507477567926809
0.241280078563768 0.124998429383654 0.222898074312323 0.0842504317453212 0.0127158181297154 0.0635466681153352 0.0777203464371062 0.172590153312778
0.0520024837439901 0.0948610720451797 0.16857068629077 0.0661607944718222 0.118725322994053 0.101308135916728 0.186829689187382 0.211541815350075
0.134331255460863 0.034155083750853 0.135305266243735 0.122669497271356 0.206367725364491 0.088666856149862 0.20747321715485 0.0710310986039893
0.0537880224270053 0.205076790342051 0.271256292668208 0.00687487682524571 0.20207380074055 0.0139137526751886 0.176059842615842 0.0709566217059094
0.0470638124076979 0.119867845915526 0.179821694690963 0.04634329215886 0.155950394219541 0.150770955965019 0.101773438677681 0.198408565964711
0.0464570575198375 0.259211725339165 0.214913948975291 0.161024928871028 0.072251908816223 0.0837172651260312 0.0362093542546441 0.126213811097781
0.185196698954942 0.177065175041363 0.0250747313280223 0.0113797498750634 0.185887161813318 0.175385124197888 0.13589007628437 0.104121282505034
0.0753553197890989 0.149323011522141 0.1719512707255 0.131146138950469 0.174298630060195 0.137347796615498 0.00476068993229827 0.155817142404799
0.0145461419269086 0.204071828392994 0.152110083792619 0.00379867622233021 0.0627106996093559 0.23151321963001 0.282157609032262 0.0490917413935198
0.191701889571919 0.105568298236005 0.196918838132842 0.0664050324031669 0.079401498722494 0.0772228554744058 0.148455716201876 0.134325871257291
0.129182543389671 0.134648894148748 0.103137341904446 0.145486249840697 0.0550358907960598 0.166642967074297 0.0474444623054035 0.218421650540678
0.180249151843565 0.159366576687788 0.0817933421153056 0.161271458918402 0.000257718059463371 0.161190397793846 0.0653394765734786 0.190531878008153
0.174829392532101 0.0782167948669483 0.168336403344782 0.102070674021785 0.112092201625126 0.0978541061339731 0.151942921305848 0.114657506169437
0.181005341909778 0.0913244480211122 0.168170040374787 0.0911989577988057 0.158164593845904 0.113178115940282 0.140658888659121 0.056299613450211
0.165323101045764 0.122505048431687 0.140514826212072 0.0313527695689857 0.134873435279756 0.152196023111314 0.12431423638452 0.1289205599659
0.0593392014996389 0.218089710694126 0.112837065770914 0.187370208815254 0.0248708712008137 0.14091748517634 0.227301382971449 0.0292740738714649
0.097243082233404 0.140874685296108 0.136407255451761 0.119739477649141 0.0584565350929405 0.236544499351998 0.00827550573686739 0.20245895918778
0.141581571276084 0.0179655985282442 0.0487717910242109 0.0620993902456775 0.107210336621189 0.191779804986547 0.234502203047301 0.196089304270747
0.029994801143111 0.054041521294001 0.114770206318057 0.0445088476819663 0.239331366211426 0.187519963294421 0.206248364956278 0.123584929100741
0.210672612045196 0.128095344639915 0.0830638382428527 0.162497788288867 0.0290191869580079 0.193511489300713 0.152624991229052 0.0405147492953974
0.0714750457136392 0.189798263505415 0.095151762759057 0.14340282487256 0.18695665310078 0.0157505115919132 0.159781661725332 0.137683276731303
0.163855602958714 0.199555919619755 0.201249710189619 0.107054160083056 0.0917715918189324 0.160164522163334 0.0641937373683286 0.0121547557982608
0.176533824613603 0.265825658814721 0.0413569898685014 0.184050389342895 0.0981656987330704 0.0602846224657936 0.0307563301274856 0.143026486033929
0.0786794527019447 0.226870903698697 0.0661527055790594 0.0621077934591181 0.136134350483324 0.189184148241096 0.0852280410470503 0.155642604789711
0.168122587789119 0.150269606070756 0.150094700392992 0.0139662308077912 0.193875121304078 0.195372288029787 0.0455033443261303 0.0827961212793468
0.0648177920775459 0.228856968252812 0.122010878545635 0.0351710007755515 0.0933337299236699 0.225193338432278 0.181971524991264 0.0486447670012432
0.116457604675893 0.0533194353038662 0.226411270332502 0.198220575307451 0.0925235189911595 0.0706052171895181 0.0857501090903562 0.156712269109254
0.111942417795258 0.0147519077045679 0.222195085132657 0.0783538655986511 0.160208313198514 0.0911505572998334 0.126663477101758 0.194734376168761
0.016067860679598 0.243100937721189 0.180109057484527 0.300256113743132 0.0605268692536753 0.00348774124536975 0.0899989107210432 0.106452509151465
0.113935971072411 0.196080911556253 0.153414399322903 0.137177028261469 0.0949428906828114 0.195064392127416 0.0742440114159365 0.0351403955608005
0.0294612845099528 0.130541543105509 0.203328866468803 0.0591997935336048 0.116021338602491 0.19720520515672 0.124126445792435 0.140115522830484
0.168357844592975 0.0493185097599964 0.0883987394843062 0.0211479816288445 0.0460429520374828 0.350234827678583 0.17290354786762 0.103595596950192
0.0970511310792331 0.0367032851290319 0.177457503006604 0.207909470279878 0.00639407976679743 0.0112525977280145 0.189452346890678 0.273779586119763
0.0071136500777646 0.168368842254903 0.147396662296787 0.159409593588308 0.171135963734349 0.158896745415101 0.0483696339411795 0.139308908691608
0.183515222958282 0.168088826953106 0.0854026767125392 0.233227085080913 0.197999755665543 0.0443035528134408 0.0574805633122851 0.0299823165038922
0.0764033856894469 0.25069321174981 0.0251377221897161 0.1168733790733 0.223438982194832 0.0740722389533027 0.0573092525079662 0.176071827641627
0.227990967711118 0.0880773156072497 0.145162822515022 0.221987239957551 0.0179234861705367 0.139492680971333 0.0372316340324186 0.122133853034771
0.186577778166421 0.100861645035886 0.248920609854223 0.0909633722464814 0.0965573745883536 0.0500298878019403 0.183976200432715 0.0421131318739797
0.0873566735213309 0.0907528923827128 0.159609735420396 0.101914377413109 0.151652170683389 0.153797031452627 0.126072758246147 0.128844360880289
0.0831881599921477 0.183647623420108 0.224085513484378 0.0727530815287158 0.129639940017619 0.00279958671547037 0.0942746825405503 0.209611412301011
0.107736284900999 0.20419957220934 0.0607165484626941 0.226186556019488 0.0681700118275545 0.0270336257911129 0.165030419696024 0.140926981092788
0.149327727153471 0.0270892124314697 0.0143800255555541 0.16353737369745 0.185179939691733 0.21608139564385 0.0431564043606608 0.201247921465811
0.0994565009801284 0.218271263170919 0.12427906709297 0.158148909446405 0.0019189115332776 0.218554379378668 0.0865363172590679 0.0928346511385642
0.0724867710581694 0.235516559031708 0.0610062913498783 0.042886123010364 0.300113440063839 0.0493540689890996 0.102564693829051 0.13607205266789
0.235973700677833 0.137804840561759 0.00704262180143057 0.107451538652564 0.0411257850076802 0.11588727276088 0.171343479619122 0.183370760918733
0.0563174106723544 0.0409269755303022 0.00324273124729771 0.228892566917049 0.133473360826636 0.188837083583282 0.0783976214558195 0.26991224976726
0.207847077440242 0.00914289638015458 0.194809890244456 0.137494033277736 0.076025023750723 0.0734785513229482 0.193010582678479 0.108191944905261
0.121914509959382 0.194610871473712 0.168422309783494 0.244690965913364 0.0603103308257029 0.0232150072439615 0.161145771895974 0.0256902329044097
0.170042992666487 0.0938974206704397 0.200008124841782 0.0440571930669501 0.152038931744858 0.109493281291604 0.135361480081221 0.0951005756366589
0.109425103317428 0.17540784204679 0.177291932916865 0.131647032779101 0.0409350432224367 0.235523715605925 0.0368282947625432 0.0929410353489101
0.139942496917584 0.110301070991622 0.209007315908882 0.116105979222608 0.114323363744603 0.167401723612453 0.0224601246698096 0.120457924932438
0.181327856852288 0.151512385128121 0.068517776866599 0.134246034613043 0.103844673360427 0.115476311040439 0.159021155168308 0.086053806970776
0.166547945456149 0.152786290962282 0.151189596228464 0.164741685743789 0.0716330740947805 0.0224436535613704 0.146480833940499 0.124176920012666
0.127684510420059 0.15848456859274 0.0259829836237475 0.0594294860873903 0.166576509178625 0.144887958190164 0.130026967796331 0.186927016110943
0.0522821182673433 0.146642445716689 0.0194031966921599 0.155727109986747 0.150727030982403 0.12745963112838 0.229063858232804 0.118694608993473
0.0406843313896336 0.088517521943471 0.135543239283375 0.202898689562734 0.135678261773769 0.128416045069936 0.19671183428731 0.071550076689771
0.0260477713389205 0.163616107331216 0.280395308391182 0.109727085769691 0.0666818218772421 0.206726309805149 0.0709026806827506 0.0759029148038475
0.060982887512012 0.058737148794168 0.081595015729317 0.208095196703681 0.107822373017867 0.125167815380939 0.155190451756446 0.20240911110557
0.173602634000564 0.177494382707082 0.146152130391632 0.0995619350682528 0.179773249114581 0.0267524639282171 0.154755983439646 0.0419072213500254
0.237882467097113 0.0626740087007691 0.208169758123786 0.123685176897434 0.213289496912779 0.113884014955399 0.0285165325478197 0.0118985447649012
0.077075064534355 0.241231965219052 0.0215266323821948 0.19727179199373 0.00688466173852614 0.114320358352668 0.248914011538407 0.092775514241067
0.0325321168694866 0.234766022891363 0.0112844680691885 0.249437730366895 0.118180913243321 0.187207827768636 0.081012044123105 0.0855788766680055
0.0393981508928955 0.0901802983121593 0.222899899495961 0.14222140366392 0.188201645430373 0.0126607071221046 0.204151090291045 0.100286804791542
0.0181435758405184 0.257452587431462 0.161706677349133 0.194342456715099 0.00887886141754548 0.283633684652467 0.0406097058016902 0.0352324507920847
0.0604532843726981 0.0669997456255304 0.205575037600225 0.179164388425114 0.10381556003085 0.0747619296977181 0.241884214632054 0.0673458396158105
0.119471127143143 0.109503094539559 0.0209253020424342 0.0842965551967594 0.18940513958061 0.124598004973451 0.185507308305607 0.166293468218437
0.115656781663814 0.0191588724498999 0.0492796035814852 0.239873507108128 0.00743267070136702 0.102256532899333 0.243827746832672 0.2225142847633
0.0518099350671141 0.122352474541506 0.157256502330436 0.0265740888903288 0.238101841483345 0.0927813439207252 0.079314901365284 0.231808912401262
0.209996379772593 0.15039615713323 0.0511783180412229 0.0925863881306307 0.0649944238546008 0.0322877083927949 0.19359217513963 0.204968449535297
0.124229471385015 0.069401831023 0.231184397106546 0.14029443452526 0.138077641469362 0.0546359631268841 0.110750441196889 0.131425820167043
0.00481685463873316 0.182279981465162 0.0362206553189785 0.223569187307766 0.122759535645904 0.116968462168114 0.201747509500884 0.111637813954459
0.0495158282869933 0.132458074962607 0.126097264329 0.0578624570528272 0.112413836312476 0.229625572220147 0.176850531664934 0.115176435171016
0.00790708168133487 0.115586901067209 0.0363055412171412 0.140094848435958 0.174241712893677 0.10575711267259 0.193852099543091 0.226254702488999
0.0104493718165768 0.181711469087673 0.136678334476286 0.169700027214517 0.123184939609194 0.150006872287264 0.0478858189386934 0.180383166569796
0.229538927470976 0.0331588373191101 0.230532357954368 0.0405199522056175 0.168836975485838 0.182837219496294 0.094754115171794 0.0198216148960035
0.151843200552169 0.172338411837563 0.036448555283786 0.120075783520329 0.11238103386469 0.177266401559402 0.0797469589424637 0.149899654439597
0.235309089647629 0.0926016917065219 0.0881012027899546 0.281196519508218 4.20158145178579e-05 0.0955166248910658 0.046994798128775 0.160238057513319
0.168511829154769 0.188294032261666 0.0719280392638608 0.0725537050694377 0.205067991604584 0.0824371922283806 0.167936848332009 0.0432703620852933
0.0814572090705372 0.0908274401500902 0.0812924744625642 0.000557901036029158 0.346443722358877 0.16482430807761 0.0618785615941667 0.172718383250125
0.258461262682085 0.0405743531462503 0.136037598394491 0.0776136961908618 0.183725675074163 0.02133495998324 0.189842172822542 0.0924102817063672
0.164026475988413 0.202828093836106 0.0366785687328154 0.0173750373365856 0.0467916274859491 0.146435308978371 0.196415983326687 0.189448904315072
0.114542475793536 0.124273563003365 0.152424262346665 0.180547095993275 0.206537210508248 0.0223256836515762 0.148429623760073 0.0509200849432634
0.151326958707803 0.123644803502375 0.12096858541974 0.333405902535257 0.0830027029794488 0.101619455524639 0.0604651760486171 0.0255664152821195
0.0929590907438223 0.124284372700656 0.257877771444455 0.0170244950002602 0.0883155766661926 0.00142973446072271 0.248769048903518 0.169339910080374
0.0917052734108871 0.247076971199228 0.161604481753047 0.0907590280503915 0.162588182122601 0.18921238983417 0.0470584470616449 0.00999522656803042
0.223176537744795 0.113332693948253 0.0949005623768843 0.0555140063089224 0.0217646386327457 0.128687137272616 0.122775907202502 0.239848516513282
0.143864677038604 0.168522132829798 0.181917187413756 0.0475892342114664 0.176242058521635 0.0231793375343836 0.0608250687408745 0.197860303709482
0.228774203446179 0.141935850407552 0.0954722840478408 0.0627292055562428 0.234841837274085 0.00554468238872601 0.161125328667663 0.0695766082117112
0.0193412377522074 0.0276568632570803 0.0727274450061681 0.00618296840075507 0.266829632198893 0.243453504388122 0.304089237031893 0.0597191119648824
0.178302614512096 0.112114989070813 0.220883647746047 0.0242415818884632 0.173688930397049 0.0326152617335324 0.12833679251948 0.129816182132519
0.219672770470211 0.244319257145551 0.0337600644773851 0.0442099631989643 0.103259733374841 0.0281222105752538 0.111430357860732 0.215225642897061
0.0530683794026255 0.0298996994245682 0.146599708811012 0.28304627978886 0.0629179901152811 0.204072762769395 0.114246110728222 0.106149068960036
0.177925970104599 0.158918850874521 0.198912279818142 0.0829338543119926 0.0811848009627396 0.0838317743108457 0.0426752736079263 0.173617196009234
0.0162845621697142 0.19357879244035 0.0922604713394346 0.170489088607347 0.156484687228172 0.00482670572280001 0.170723651392027 0.195352041100155
0.205254019810942 0.202810781989071 0.0646418097180416 0.0258148792007156 0.186306449048563 0.180835667227506 0.0692250979734335 0.0651112950317269
0.105482751592589 0.0637207856984831 0.0891176312993899 0.360324556822913 0.0795270763602132 0.0555824123482137 0.0727943499409931 0.173450435937205
0.0191467407167324 0.194015602826458 0.165983124998288 0.147490939384643 0.168784064840329 0.0539742470422682 0.0577542122602304 0.192851067931051
0.101280632066874 0.0998073584968429 0.0116187744316547 0.344532279860394 0.149120691366956 0.258431541495999 0.0183279097475208 0.0168808125337585
0.141242099348955 0.0370345764597101 0.0200782077083517 0.124914587210722 0.176696698208255 0.0555748735212021 0.220692995319122 0.223765962223683
0.143278211206633 0.155596079343359 0.140622736975422 0.127517650798759 0.0234710427342759 0.168137183947296 0.0586673443177543 0.182709750676501
0.0129065389840399 0.12649125491058 0.025021350822844 0.0679405424681785 0.204656778523014 0.190511578043077 0.180494679534327 0.19197727671394
0.163474589713181 0.222719871372529 0.104022725294036 0.0509068039074387 0.201885060119741 0.220399045845498 0.00129444023983451 0.0352974635077416
0.107698688274477 0.00281055974694799 0.232040699515737 0.16070349972463 0.162093742413046 0.196031136545585 0.0102478017501645 0.128373872029413
0.119715314673905 0.148709807537626 0.0512471390935364 0.211366016141984 0.0112978994416548 0.166546207760017 0.100693532971517 0.19042408237976
0.121728213709351 0.108933067123233 0.139636924520496 0.034166069674313 0.240190339621007 0.0754493730866646 0.0998176396851712 0.180078372579764
0.0279050715861599 0.122245907582396 0.178644877251631 0.202699575267023 0.200931097044556 0.039897342492896 0.190900773783098 0.0367753549922401
0.109796812672086 0.176098715161025 0.109138825553289 0.0252437986672618 0.168021619892311 0.12023217173857 0.118718969254964 0.172749087060494
0.223987456122654 0.0642958935516012 0.12103841031938 0.0705814934058312 0.299502123347279 0.129702966788896 0.0657754633608446 0.025116193103513
0.0583283448491399 0.0901791642901824 0.258864765966043 0.19953122455171 0.0740584502085852 0.192442953924978 0.118958196809984 0.00763689939937764
0.262840128070509 0.0939747234139033 0.161366498547287 0.0274134091092591 0.189316535080859 0.0896113277380243 0.148881776508163 0.0265956015319954
0.162540861033851 0.18090567620786 0.074774376418342 0.190773363679916 0.0334674994311845 0.184306380410125 0.0667250233664074 0.106506819452314
0.157564148720862 0.0931267378460008 0.124648572228888 0.175261408310045 0.200082200739359 0.0257475300420476 0.0569757663730519 0.166593635739746
0.133182591132404 0.0272444019593479 0.234949972053265 0.241016758044861 0.120093568976101 0.090793625205275 0.0388409395802491 0.113878143048497
0.0127333466232206 0.212056399185108 0.158798103102119 0.107528854843191 0.221032766509791 0.130700569186653 0.106617295950466 0.0505326645994503
0.108194716878136 0.201632924817672 0.0153003689759256 0.100139323597548 0.156116322649299 0.198528382881781 0.152283455170403 0.0678045050292347
0.127744984610402 0.193741930763409 0.181640173381943 0.00505473271186302 0.192062099077083 0.0790940390970904 0.0493001804378956 0.171361859920314
0.157931915866345 0.0345931970743854 0.171578661574115 0.132952966182938 0.185064279324934 0.112935385288963 0.0481821715069098 0.15676142318141
0.199716118125021 0.16801766880131 0.0532815601924551 0.0837224666461318 0.258935550654719 0.061142911515828 0.0635213674696857 0.111662356594849
0.0656241115448403 0.0666083317324508 0.167436713457442 0.189726189032791 0.129135609868273 0.121718245040654 0.207002811771129 0.0527479875524189
0.0693777034826985 0.273087835474059 0.203469373343398 0.0747445321366798 0.00804778366878868 0.0136537315366989 0.103662562803546 0.253956477554132
0.387725993434002 0.0443579458610655 0.0469801427426625 0.315742736537391 0.0116327238057093 0.161405170960496 0.0306937893253573 0.00146149733331587
0.200308123213383 0.00881297891291127 0.105783746904943 0.205852344862865 0.177533873491512 0.0618836833269815 0.0882542623147883 0.151570986972617
0.169610290176006 0.245933414514943 0.0868888470179857 0.049203422186326 0.271563994519821 0.158385885128806 0.0117677660413646 0.00664638041474741
0.0193233961528883 0.243198909192468 0.242541242277491 0.229768771662617 0.0161588311855267 0.0677318755540375 0.101072885102161 0.0802040888728103
0.0995853277053121 0.0656112591418147 0.164434048601904 0.0499399690995198 0.184575651100112 0.142940129053841 0.168385296148943 0.124528319148552
0.00336483139568612 0.210130848754276 0.217163690082026 0.119364700168222 0.111168777559767 0.16277025823234 0.1382042198077 0.0378326739999841
0.190882476616148 0.0990083799142496 0.175645842093115 0.129938044857954 0.0208428579267196 0.155706339195665 0.121488196862583 0.106487862533567
0.182071788993693 0.120435225925995 0.0423752621234171 0.0850192611546028 0.261353709033188 0.187744077354345 0.0563296474808707 0.0646710279338873
0.0643311788629095 0.222905846314005 0.0218783733958123 0.0966761625641936 0.0376647387614009 0.109839677258789 0.443280820339488 0.00342320250340124
0.17865779038978 0.152925586411538 0.109326810443967 0.180293568263357 0.00168615069079319 0.232362891270067 0.132384810054259 0.0123623924762385
0.014145839331549 0.155865600606302 0.0281900238126596 0.163934581144403 0.25694662573658 0.0362235646484109 0.261139891489934 0.0835538732301612
0.208900310395808 0.00370754953918339 0.0933707381876441 0.0613646985815073 0.245792993542123 0.0183954499094612 0.0863654805732785 0.282102779270995
0.031251091575739 0.133341798387262 0.152370001277185 0.140601425246336 0.142342110355722 0.156011902136776 0.097671855963427 0.146409815057554
0.214149042406752 0.202350051226839 0.0941757267433865 0.00685162829432231 0.103856410945635 0.0318022998741053 0.266579322396435 0.0802355181125242
0.00812883048882836 0.165750440202043 0.180766107475787 0.176777659085011 0.17179987686028 0.12631507086603 0.114017237025326 0.0564447779966941
0.153607215581621 0.130049101530534 0.047280001013297 0.170518078643094 0.127023357363485 0.0667343934321606 0.241238542633599 0.0635493098022093
0.148785995734744 0.179757915051299 0.0428159751544547 0.184723304910318 0.0784883455134208 0.11592438987919 0.192088034354673 0.0574160394019012
0.0582261037662415 0.31216522883603 0.167055411354419 0.0926653421775881 0.0390326896535166 0.136626832232076 0.164178661838344 0.0300497301417854
0.030528460596862 0.096171063767628 0.252049549243853 0.156573590998476 0.0689486745916526 0.104005830366495 0.163682089250776 0.128040741184256
0.140474211785472 0.0595204038548672 0.198545039351593 0.138076863715842 0.101794782416206 0.180072158430959 0.171280820752999 0.0102357196920609
0.298092903794068 0.0171621617020837 0.155543361356572 0.108828183907249 0.0502190470532464 0.0501068586244238 0.185201347017918 0.134846136544439
0.0805956100187453 0.17203866704218 0.151805296836549 0.23364360681298 0.0507937740374041 0.0131016116385492 0.099027969600886 0.198993464012707
0.106567245768279 0.244894126145975 0.26891141459495 0.0449662428897462 0.175427138655242 0.0378927656444672 0.0232514346698134 0.0980896316315268
0.00953810101618661 0.15116975027504 0.275849285729032 0.209765379490998 0.0324208206696678 0.0368781734353129 0.13531553717624 0.149062952207522
0.0844130239209471 0.16273479282402 0.153343688160914 0.318474467515859 0.154783294101222 0.0207203085638417 0.0170764093998554 0.0884540155133408
0.057379032272008 0.0599886761176751 0.0216537735380468 0.289051390468044 0.224149941698396 0.12067648479918 0.150332337305002 0.0767683638016484
0.0019702501885763 0.0411397861057865 0.147292992329892 0.256923903224335 0.143926048028933 0.128281157964731 0.16120936283654 0.119256499321207
0.0346603684513396 0.172097355681701 0.110705177049868 0.0430661122508323 0.194866595583877 0.0843420145063005 0.20952110698918 0.150741269486902
0.128207903511671 0.133568354062903 0.000577373606795143 0.115286334801207 0.128859180494153 0.169457712302936 0.0801488967909782 0.243894244429357
0.267976759033014 0.131755867993617 0.0171865592901171 0.0647320269819478 0.118065856606793 0.251852196527038 0.00793810956401226 0.14049262400346
0.00208635309188733 0.160721940866187 0.204625835582581 0.137589897290747 0.0951892632034268 0.257591974480416 0.0557134411541276 0.0864812943306274
0.0901733475452148 0.157585795048901 0.038261174143111 0.106055007655129 0.0854647639444268 0.139772054299205 0.179543221530708 0.203144635833304
0.121465187674098 0.188779315237841 0.181483153961836 0.0359769639496621 0.152130025672559 0.106728377582281 0.0956167738857003 0.117820202036023
0.0819279403035894 0.182072105991857 0.0659779378926417 0.124889243736575 0.224677964018157 0.11587114023431 0.178609607715935 0.0259740601069346
0.10603153154917 0.0311874751068425 0.0361022629293996 0.129994992455424 0.100068056655796 0.271482613788773 0.188507003759894 0.136626063754701
0.0675237305927311 0.219562684401223 0.140418171838553 0.121028924601841 0.13830090987111 0.103004802026353 0.0763670433585129 0.133793733309676
0.200014011030064 0.0648009787849197 0.144132605850457 0.0554027646267383 0.102741244065651 0.182474156256863 0.0806005112531265 0.169833728132181
0.142699161451691 0.102501602674661 0.135951437320686 0.201007381084194 0.0499828209414131 0.124434349843444 0.0818539922843078 0.161569254399603
0.26774461516636 0.266380389947838 0.0338881539134969 0.205881171822028 0.0107856711397627 0.0458515195834853 0.0406477116392026 0.128820766787826
0.175454843577954 0.323509028653782 0.184406712993274 0.0439650089442847 0.0814317084648646 0.011465834968523 0.0784611527322834 0.101305709665034
0.0269098806841565 0.0865304472451846 0.0786851793161368 0.127516184914898 0.183619152210995 0.125989684475653 0.18747057665296 0.183278894500016
0.149224736032309 0.00146482678836963 0.118107440571644 0.178753993990743 0.170242455641102 0.028499570076758 0.171694810498232 0.182012166400844
0.113292497391873 0.0914381604380851 0.240850660873067 0.135822705631576 0.0426478974336326 0.106228158543352 0.0968522721852354 0.172867647503178
0.164290826312861 0.0749268290674811 0.168520565200664 0.085148661768697 0.111025044950103 0.112373290542266 0.128679751803474 0.155035030354453
0.140335684012649 0.138384599664501 0.189662712118528 0.00754938088924445 0.188231025983683 0.157385944904519 0.0841235051008918 0.094327147325983
0.157506185346518 0.0888057790044443 0.169848118373694 0.135866920231058 0.139523537702923 0.130868367221774 0.0221798600056558 0.155401232113934
0.120010386236703 0.161232018130378 0.159930508190501 0.114875069400386 0.196569385154369 0.0233752521118001 0.111689439445918 0.112317941329945
0.192164958763489 0.134216588588367 0.262157771590053 0.199654856265243 0.0137213882240646 0.100647303226004 0.0540006994952171 0.0434364338475623
0.174277719611213 0.140609067076659 0.14405691790269 0.178841910962127 0.0734992818892846 0.0512752684504037 0.158901018107486 0.0785388160001363
0.0997307559117003 0.256590183790952 0.206251790621273 0.15896917645509 0.133260987295437 0.00756082677207512 0.0330470097472393 0.104589269406233
0.215941759839046 0.191458147266802 0.112904057920859 0.0752579467038013 0.000787790333377763 0.16653988050385 0.123797762305385 0.113312655126878
0.13205432953034 0.227548432067113 0.0449557692464293 0.134996889826759 0.0475422475976275 0.219733147061026 0.0236426785403603 0.169526506130344
0.102934611373311 0.0690359658531986 0.153675067600038 0.171596480204847 0.144107295003768 0.188093205926065 0.077295633386164 0.0932617406526082
0.206039118090238 0.231113111323968 0.00679100110605507 0.016342874283756 0.0260372896820023 0.16747246934229 0.228140755124546 0.118063381047144
0.284327883745703 0.118087369321404 0.0485587737838519 0.150208039356183 0.101104214801294 0.0406637858719185 0.135002634940099 0.122047298179546
0.0348737439478719 0.0331739674182183 0.114941681485855 0.00923843672769929 0.246108530843463 0.205043856104784 0.137402847331461 0.219216936140646
0.0363088470856888 0.13068408837801 0.00985824041356888 0.1825654213354 0.295974142027172 0.133751122252864 0.0629252685565815 0.147932869950716
0.0156059985033518 0.0642161993275176 0.230049387723981 0.090828866515802 0.0828854591227254 0.222377347684356 0.120016207309551 0.174020533812714
0.0305326023073405 0.286054541712907 0.217947327240126 0.0432248606715735 0.0829284629616918 0.0891380576189883 0.116045812365216 0.134128335122157
0.101512325146115 0.162896623502919 0.0877919672615576 0.270525139067704 0.200064890767994 0.0670272224392379 0.0201275310122633 0.0900543008022087
0.168480576205131 0.125144771864458 0.029075947788845 0.230922220088571 0.0266772224608535 0.1074512641598 0.0783289642838428 0.233919033148498
0.0129310810253064 0.10373943316288 0.169411569677799 0.0878185972463891 0.252249457639094 0.208714616367337 0.157232812075996 0.00790243280519834
0.013610759819339 0.208411575941835 0.136520898688478 0.119790799822998 0.126947583644497 0.185905550023444 0.167422561332353 0.0413902707270566
0.170127391212889 0.130052038232332 0.0855492860110791 0.186085432431783 0.0664652246668175 0.113021278534788 0.124840628508889 0.123858720401422
0.107868297415077 0.116541681250358 0.153045692749151 0.133250812447532 0.0206471636445447 0.00813758952463244 0.261886686790883 0.198622076177821
0.0762907722788096 0.264286162606479 0.0320673367900906 0.0989391411181024 0.113842841724053 0.0937124276841312 0.0572244989895185 0.263636818808815
0.17266733414108 0.173511575380836 0.0717570754011265 0.163303283729867 0.179754054696499 0.0026546932608519 0.0743049526031831 0.162047030786556
0.0109270041540428 0.18112790113292 0.101735851096397 0.198124519923604 0.0941621114463139 0.215116781140777 0.117770305410445 0.0810355256955005
0.17800161661627 0.104782727965686 0.0199657622751392 0.185578072825161 0.135632706151132 0.142070454338168 0.135019343194554 0.0989493166338896
0.117223436703459 0.1354614780893 0.197158750347599 0.167753820358957 0.119634428254379 0.0218888030877456 0.167401461091499 0.073477822067061
0.271257827759626 0.0256571188428431 0.0279508795712163 0.306368117748907 0.0958991827590491 0.0704645469281225 0.183161425150425 0.0192409012398108
0.0895405562198727 0.148742440400363 0.0951082678385671 0.174294844787895 0.16731621434068 0.0289480714292 0.143428132590479 0.152621472392944
0.229650475168564 0.176850644003374 0.116876156233228 0.0359874421432842 0.0792781864912149 0.144083941921909 0.137199159578909 0.0800739944595167
0.123552656927629 0.11725954790661 0.130209461497505 0.155930381204909 0.0945913844341047 0.19112053420212 0.0460106999699365 0.141325333857185
0.238086912535017 0.05591348354441 0.165252906342306 0.0980302529516233 0.0469429052667062 0.269029069933824 0.0360075620617836 0.0907369073643294
0.132642189503552 0.150871398814427 0.151695026642535 0.144661457986734 0.0907028455115585 0.156609787188415 0.01446827882403 0.158349015528749
0.14432907091007 0.101928902904995 0.0113959465821167 0.145203448674559 0.103744460242575 0.17985481681682 0.189248027237974 0.124295326630891
0.301484728184648 0.272448124499245 0.0866391131762971 0.00554487689546313 0.124246439142615 0.0659277404934323 0.00715015699971451 0.136558820608585
0.168412151109165 0.0775288225296223 0.181739528061908 0.111148440745327 0.141723120797222 0.110233737264394 0.0861585547794835 0.123055644712879
0.0998087320518648 0.106352881195825 0.0463792545492543 0.0430301349322699 0.16825962655338 0.0183275285500927 0.27607549901623 0.241766343151084
0.123982386514645 0.0436799033056117 0.0317215882041998 0.180290924456488 0.208481837322279 0.19253090489402 0.191767239449985 0.0275452158527721
0.0277130388684388 0.216332943118528 0.037900508316624 0.0186927700524496 0.179666797972516 0.0582423363621358 0.304568859497019 0.156882745812288
0.228958122653122 0.0498059780650349 0.171007347054219 0.0747848367001385 0.200886676953336 0.0933996495457976 0.0742097631888501 0.106947625839503
0.00644100749290713 0.391601157658361 0.173732195804512 0.0722618045516316 0.00844937845112009 0.014205679642809 0.0356978605975505 0.297610915801109
0.206994799770601 0.207589714726932 0.0687714588207412 0.196072826198431 0.0814042611793202 0.0758522271534914 0.0717311120758637 0.0915836000746192
0.153063154848134 0.0599295724860652 0.120517576581571 0.188501037869844 0.0689234993863825 0.24153340462134 0.150577098759894 0.0169546554467695
0.104452008925722 0.127005362788611 0.221785777902587 0.0237663189556872 0.232043792080649 0.174663764755184 0.089619681059804 0.0266632935317557
0.0504359228560969 0.0314968196475488 0.288427286498469 0.0912942742452387 0.131862746471933 0.019965280901073 0.124941907802208 0.261575761577433
0.00108442424603726 0.219383983234646 0.199820929742939 0.220913237800662 0.210800276809065 0.115375429912465 0.0114312744641217 0.0211904437900633
0.160876580917947 0.116571509231979 0.171254191269924 0.158422782053527 0.123304534742867 0.0380523778018988 0.164587860654779 0.0669301633270783
0.105509429986218 0.0213852567795329 0.0801453124113287 0.167242950581621 0.16268285472072 0.111506604656664 0.175849525394444 0.175678065469473
0.115109626313795 0.0698599811330669 0.088548691254109 0.0575488751890852 0.215554965030845 0.272833021383064 0.16288020102015 0.0176646386758841
0.181679835506078 0.209032786361186 0.0123670349556989 0.171769454527246 0.134292276036304 0.201214732418628 0.0160943082387263 0.0735495719561334
0.242433919369629 0.132421132655396 0.186628795579082 0.0712146728337879 0.0277999489386928 0.0119340119477777 0.167536012698823 0.160031505976811
0.283283279928487 0.0246041946678764 0.0449441927701719 0.073333624489315 0.111763451026271 0.0597414950191135 0.162056869389946 0.240272892708819
0.159035737479331 0.0925390962218 0.208882088926256 0.163134173341052 0.0224719420335194 0.0727636436435489 0.221983159976856 0.0591901583776375
0.0434640364783335 0.0824807397839983 0.159725224292092 0.251275253321194 0.127967561347234 0.181424659091145 0.130253361863061 0.023409163822943
0.289971483724966 0.293531447862326 0.0361126719914794 0.0920212697006419 0.207118711275713 0.0173934306751277 0.0111231370017568 0.0527278477679895
0.00797472290750403 0.145395806337183 0.120020970083805 0.0681718023417179 0.232949959998966 0.0370581657117817 0.241152216607194 0.147276356011848
0.0316624563896948 0.0845612122529195 0.256790673878902 0.135933397649973 0.146405970985725 0.0801009892578559 0.19710439295075 0.0674409066341801
0.205160533309597 0.0504800854274793 0.00497831728028343 0.0315942888101048 0.200014937925958 0.170974929523408 0.0802068582973845 0.256590049425785
0.0515958822324422 0.192724470124813 0.146385706235057 0.247048554315656 0.232075355744236 0.0180282957099313 0.0650651506518898 0.0470765849859746
0.0986189036035496 0.215092559735593 0.217059409686143 0.0854252666110514 0.101301804154062 0.204350319025794 0.0577260535904012 0.0204256835934051
0.0420792487879338 0.20946958613833 0.106550899610056 0.263103250421351 0.215071501913294 0.110457149935875 0.0129088120538868 0.0403595511392739
0.0672193116868384 0.194788964086371 0.169993072916515 0.166666138005007 0.0493569399748701 0.102803920499032 0.15975501208756 0.0894166407438068
0.185224597934069 0.170319274271367 0.134618689731793 0.239331182181862 0.0189594788894598 0.00446569941889271 0.0882909460819919 0.158790131490565
0.0424145849034706 0.0894235535672421 0.163428307691246 0.101273788092068 0.251416481262836 0.147618007393098 0.0958671373998759 0.108558139690164
0.183055223582776 0.100737744885457 0.194566438855693 0.182942585400679 0.0381462009361988 0.121257044446289 0.176430926867388 0.00286383502552007
0.0401285667293379 0.099400610631724 0.151218407651864 0.0795080050447604 0.187412962498467 0.183151504676949 0.0686450583303964 0.190534884436501
0.0202744575590328 0.199910145558408 0.0201533448934472 0.198245069344552 0.241016004894857 0.0539929746637627 0.216030299646398 0.0503777034395419
