0.194761274040029 0.174005704680676 0.207577809317175 0.213658164803523 0.209997047158597
0.218378376994514 0.0891486043640524 0.257469923064261 0.153775615039437 0.281227480537736
0.124727400156777 0.177310763462791 0.228034541813898 0.19720697597645 0.272720318590084
0.104099299669065 0.31836848103662 0.0947379723205457 0.240632524211101 0.242161722762668
0.0417565521424381 0.224405101010848 0.366474895306487 0.202239906990593 0.165123544549634
0.198914956054521 0.0878186537436515 0.183912238141535 0.303451215969367 0.225902936090926
0.166300322822795 0.229755369328994 0.30202478013364 0.24061366786295 0.0613058598516205
0.294694092887567 0.230639063820508 0.210602551810607 0.134711494025196 0.129352797456122
0.110842853749717 0.301396066175514 0.0902645950116983 0.302907943368998 0.194588541694073
0.0820489670581267 0.343861111498717 0.346153000635657 0.210027344905121 0.0179095759023783
0.206557006291091 0.0794746849135967 0.245791708322917 0.151821029491098 0.316355570981298
0.10526011078299 0.151207846894635 0.223524983613368 0.114387400246622 0.405619658462385
0.0761046086575418 0.319585005022153 0.340994463186108 0.261917405329831 0.00139851780436559
0.249927943377276 0.0270072895818116 0.19598076946543 0.220176454074335 0.306907543501148
0.149199262611974 0.230489782239507 0.21101626124105 0.185901541969325 0.223393151938145
0.0548979826716848 0.302635283313279 0.377352379376034 0.0769610135169087 0.188153341122094
0.41736119456018 0.224600201343461 0.0378027666537424 0.246067790366202 0.074168047076415
0.0799002869395197 0.0837111130980628 0.117612762358175 0.480666140603517 0.238109697000725
0.0376109272552625 0.240300470192489 0.303967498048071 0.198532923178637 0.219588181325541
0.294532338398829 0.006845846361038 0.28653377080705 0.375675253117248 0.0364127913158356
0.372978264369752 0.279918232144519 0.131233369921329 0.0697680395142372 0.146102094050163
0.17373805763591 0.286741506506097 0.314972850652548 0.163529916342366 0.0610176688630786
0.335930666354934 0.187997887390013 0.208854400905017 0.0100432705523177 0.257173774797719
0.194390388539954 0.223708046754052 0.172061298614833 0.204507467225238 0.205332798865923
0.194687358439546 0.239306872713855 0.210066703820421 0.203575330105291 0.152363734920887
0.237731877099714 0.0550306372997381 0.111259166266461 0.339979816642198 0.25599850269189
0.319982890881601 0.0323322900072904 0.092352902298138 0.183021789928096 0.372310126884875
0.0773685875651493 0.239421931525261 0.333121869947863 0.0939160704391284 0.256171540522598
0.0876517513109632 0.249392295809205 0.228424811905776 0.248270428307185 0.186260712666871
0.119682646172589 0.336603539282837 0.373255721657334 0.13814724285142 0.0323108500358198
0.0899832077621433 0.181555879349803 0.187170685223126 0.187578374629328 0.3537118530356
0.211326265292424 0.228170416535251 0.00855482878518717 0.293412888472401 0.258535600914736
0.0630898922645699 0.2549211856508 0.105521475088654 0.25918528444769 0.317282162548286
0.204966991575136 0.0467308203363079 0.287482942936938 0.265805211588044 0.195014033563575
0.0797892457742273 0.425985974255443 0.266713225468788 0.188442015293892 0.0390695392076502
0.346190751625272 0.0048179816939262 0.207295751475097 0.158176977075804 0.283518538129901
0.000626276917508022 0.2307463921447 0.196084743963095 0.17753505169736 0.395007535277337
0.106665525662386 0.122810835068118 0.379453314720386 0.0879149043900364 0.303155420159073
0.0675836755049782 0.169622509626552 0.183300624185571 0.0978379228567248 0.481655267826173
0.316688274355938 0.233119343808297 0.118092951389342 0.198291120229127 0.133808310217296
0.138766944115134 0.290990027972358 0.0973948571606982 0.265907002541171 0.206941168210639
0.193158617609218 0.143613110876079 0.266473886816681 0.184882531218126 0.211871853479897
0.0925909669802752 0.464662577355937 0.00466325517107852 0.32335539671 0.114727803782709
0.162803942527924 0.0852305706960116 0.125970707219994 0.31331712585599 0.31267765370008
0.130576285164199 0.151955377090869 0.143557674629143 0.206920925441446 0.366989737674343
0.261383010842156 0.0822520032161701 0.106549014555789 0.270715100533593 0.279100870852293
0.484957949500045 0.120963884961387 0.0306988183829239 0.0877817572425492 0.275597589913095
0.222086882867649 0.229782942941658 0.208230890892832 0.193402317006736 0.146496966291125
0.213327959992745 0.169887654560418 0.150205651371117 0.0565985246540007 0.409980209421719
0.0220561329506401 0.28115848041862 0.193727929066054 0.371753033715707 0.131304423848979
0.286958008388913 0.0836176182601749 0.197787088018461 0.213729872920045 0.217907412412405
0.0868589474245308 0.296272206263193 0.309555785612955 0.219508811983522 0.0878042487157988
0.120551449305759 0.378168369507102 0.0732533582946928 0.278768731584965 0.149258091307482
0.547868638159101 0.246741980995888 0.00484439266534099 0.142550424480156 0.0579945636995143
0.217081234287026 0.277795244588741 0.139529241114119 0.239091775969565 0.126502504040549
0.209243740360928 0.0577586515612461 0.0685855589369585 0.342372776816469 0.322039272324398
0.249879177974408 0.0776698251839229 0.289724768335423 0.158340842906669 0.224385385599577
0.19554845657069 0.172370241792716 0.157515927930196 0.272900499491303 0.201664874215095
0.270091425063443 0.109144892002215 0.218987084398459 0.232968605880452 0.168807992655431
0.0398080388338177 0.185490994267212 0.297089060777356 0.301660044038174 0.175951862083439
0.0304378557318102 0.275874035272724 0.27348670062551 0.362201028573704 0.058000379796252
0.196958130560049 0.256458203263007 0.010629300483239 0.246958960898997 0.288995404794709
0.43251250744965 0.0754413991165341 0.0264127227153606 0.394097083276189 0.0715362874422656
0.0269132273325131 0.335257909686021 0.00845258660292146 0.310383075186538 0.318993201192006
0.336571573417712 0.112663818695257 0.290702674934951 0.13718752772404 0.12287440522804
0.28465524576291 0.140744710475482 0.101094402618408 0.39855540090322 0.0749502402399807
0.179771998487712 0.207939800135779 0.299630238667692 0.137028741331742 0.175629221377075
0.151881491636995 0.0614680697403313 0.305404169120999 0.312984301815474 0.1682619676862
0.238479623399404 0.206136925651124 0.200735943903646 0.0812852074541539 0.273362299591672
0.418955708957019 0.0132672216883993 0.245143374818881 0.209614198825386 0.113019495710315
0.386314772857083 0.246491201707195 0.185944251573525 0.155326159115499 0.0259236147466975
0.32319919542032 0.0271321951739944 0.260130015177855 0.153918174103603 0.235620420124228
0.162483841262979 0.189725108830652 0.0720240846661118 0.200991049249194 0.374775915991063
0.535318304646809 0.0713432659488154 0.201610280107196 0.0164146628558896 0.17531348644129
0.0568827939395521 0.235696901811934 0.235275868345623 0.18857167633515 0.283572759567741
0.386790212885108 0.0143783288721166 0.319334463301668 0.0117435962034364 0.267753398737671
0.0800292061805663 0.505794963141515 0.285952559860582 0.0825386984963687 0.0456845723209676
0.114932967978422 0.158340680750284 0.260802411931434 0.124128132929385 0.341795806410474
0.197006367569146 0.206248512013307 0.148860779450915 0.232632286010618 0.215252054956015
0.226354177039612 0.2453133533644 0.260222146729401 0.157040088924803 0.111070233941783
0.313128075488188 0.252233328446473 0.329931304504348 0.0910067119011101 0.0137005796598813
0.175481910570591 0.289573782754377 0.156135813225532 0.0566177363860413 0.322190757063459
0.00111609161154668 0.168536389778906 0.322750449245649 0.268079133956586 0.239517935407311
0.182870879615427 0.0711684656462681 0.216020225531242 0.502248941158835 0.0276914880482281
0.279243165738192 0.127702471224403 0.285797333230165 0.206008525806105 0.101248504001135
0.317089354030236 0.172489901221764 0.216390493771725 0.0106067510133017 0.283423499962972
0.0982250042511584 0.239195671183294 0.298926001837157 0.160961125324885 0.202692197403505
0.0801786590297211 0.217646806821628 0.308740409131842 0.334841315126083 0.0585928098907252
0.341993260513777 0.0654621828892606 0.00386710070842192 0.265499401515544 0.323178054372997
0.118261862235241 0.0554548628551658 0.540313921162938 0.0786665895167024 0.207302764229953
0.0588898077010884 0.249499435576084 0.149635895423404 0.490875136319547 0.051099724979877
0.281697958192112 0.0237554549552858 0.171954949659248 0.104364362716034 0.41822727447732
0.34573533354561 0.0851984530615966 0.269192879874685 0.254900444477428 0.044972889040681
0.244398898533442 0.335502135209302 0.315272756165753 0.0503083268444508 0.0545178832470525
0.0186063321431465 0.312044840614292 0.222224191734297 0.239337429395631 0.207787206112633
0.107277315540634 0.211558836238969 0.314315107519273 0.120730232683894 0.246118508017231
0.27196969999986 0.208283940168282 0.254522872670562 0.13756068082689 0.127662806334405
0.283251598705987 0.0730016630605444 0.298277456101845 0.099858661606024 0.2456106205256
0.00104558264603549 0.41366710939547 0.308791973486936 0.222639705492746 0.0538556289788132
0.179343090772798 0.269087567310108 0.247402665096636 0.16852629488627 0.135640381934189
0.105803145485692 0.155154106857753 0.0996945228165665 0.31503590904034 0.324312315799648
0.17755722915505 0.245640703474586 0.120937121188054 0.192394900186188 0.263470045996123
0.309806625038088 0.0991501758566059 0.204405299774948 0.134041836264759 0.252596063065599
0.0194462904184503 0.332757591433018 0.327229859869212 0.00278012297192547 0.317786135307394
0.284977757792664 0.388050385011405 0.00796265630052737 0.258738408083415 0.0602707928119875
0.239172620694756 0.0648681717605938 0.102164633847987 0.236533681400778 0.357260892295886
0.207209602161027 0.31858827729464 0.0709418253723028 0.26597759866424 0.13728269650779
0.0459684687837072 0.233641800577842 0.215936942463473 0.202145802637178 0.302306985537801
0.437902087910329 0.0977378268715023 0.0870178352345598 0.268639302366259 0.10870294761735
0.251380364248567 0.425736648613772 0.0490563479989983 0.250560542058777 0.0232660970798858
0.277521384040637 0.184292435697672 0.0326389414540213 0.0963393477228825 0.409207891084787
0.0689711716466548 0.366525941372349 0.110157745739897 0.252500117249265 0.201845023991835
0.156317215030822 0.203513076393416 0.227142802327699 0.206840306563034 0.206186599685029
0.180949973325915 0.207715474272184 0.257872077761006 0.15986512379645 0.193597350844445
0.177265414462538 0.292578143529084 0.0999853533547434 0.293868647550089 0.136302441103546
0.278451484299865 0.104020218991859 0.167043337436459 0.307270895270888 0.143214064000929
0.239906341832121 0.266908761265047 0.257340832805292 0.0906274731863075 0.145216590911233
0.407869467427427 0.425221429833038 0.0485456951887851 0.0416930550789747 0.0766703524717751
0.25061135676048 0.537698255283154 0.133893405996247 0.0501836438478116 0.0276133381123067
0.279784244010545 0.0279071635835757 0.230942756776473 0.224680385786367 0.23668544984304
0.166399659528095 0.172119891689388 0.119298402929247 0.279451188185349 0.262730857667921
0.325860652526608 0.0641139722390131 0.036184835917418 0.0616251316322552 0.512215407684706
0.059455588745127 0.13961034198504 0.471320717103765 0.0325570270365602 0.297056325129508
0.252181152565608 0.126433278620439 0.166760652244235 0.352359335266987 0.102265581302731
0.32500170902721 0.117819510385094 0.293849206723841 0.214323366200184 0.049006207663672
0.125936155813734 0.153766385832904 0.357138528776076 0.148688628076365 0.21447030150092
0.219489658584198 0.517907985303509 0.148324018640738 0.105199328617408 0.00907900885414734
0.04116994919014 0.216276300972687 0.00461936676395554 0.319314849931668 0.41861953314155
0.0484947308668975 0.310518719528869 0.011587381900741 0.333523560466299 0.295875607237194
0.361731796256853 0.0292519447299735 0.209773311046403 0.340017017222766 0.0592259307440045
0.143120506775665 0.261338533350096 0.24889307694268 0.256217534108765 0.0904303488227947
0.208509130278333 0.250184904693911 0.325101788885773 0.0434389559841958 0.172765220157787
0.121803422112699 0.247331363102844 0.473695039785688 0.0653584762065158 0.0918116987922523
0.428755752004348 0.172659363030671 0.111614932319632 0.165130813010136 0.121839139635213
0.307106000965023 0.270266884470975 0.012796782618396 0.0881030100445092 0.321727321901097
0.140184170207525 0.209629447238941 0.234506696927186 0.176407481108689 0.239272204517659
0.280004873719401 0.13372451164042 0.299225571693235 0.242867122155145 0.0441779207917988
0.16431957118389 0.163213049876651 0.234079471331745 0.0720148792444166 0.366373028363298
0.198040117685707 0.192225440276123 0.218277347591129 0.144173637201666 0.247283457245377
0.156573863814625 0.310618981278959 0.048993862309838 0.212856685712866 0.270956606883713
0.196847118742588 0.234496835400341 0.194820614993278 0.187995009978887 0.185840420884906
0.149602219668867 0.143550186294598 0.389110875494615 0.00124883683423663 0.316487881707684
0.0520011057007403 0.0210229955696162 0.217966628432996 0.410051343590516 0.298957926706132
0.297373244398247 0.357916070653429 0.0730180584044469 0.182984358313761 0.0887082682301165
0.0901328303265587 0.369030937928452 0.381464251659556 0.158581559868676 0.000790420216757418
0.105772901603084 0.262055044849244 0.256682728679445 0.094605717334399 0.280883607533828
0.0263722775854992 0.128380351954391 0.370306410588758 0.401053673579928 0.0738872862914235
0.357364167162697 0.0809690541214401 0.150415638430745 0.110435464179369 0.300815676105749
0.33852499872271 0.174114989905015 0.24584595803403 0.1855616636059 0.0559523897323444
0.349334196132862 0.0130348500238042 0.213000071846384 0.0793301194911385 0.345300762505812
0.541118704369534 0.0477134499964045 0.0504359541086739 0.286549063444214 0.0741828280811734
0.21367032296275 0.290043696610323 0.155799186809993 0.238860082952757 0.101626710664177
0.18772846423206 0.308711310218777 0.150877213610033 0.00193545814199615 0.350747553797134
0.250911565101098 0.0992728824133384 0.095532012117608 0.235839186840144 0.318444353527812
0.0732790900517803 0.0273012719956038 0.390912866595864 0.089423204145701 0.419083567211051
0.312392440832282 0.0398999757035494 0.20419365657357 0.193280109118218 0.25023381777238
0.202532242779521 0.0758060652926541 0.372382169570528 0.0358715119206311 0.313408010436665
0.2256052306419 0.221929200421841 0.19731766387153 0.156982540842668 0.198165364222061
0.261631667291747 0.177625594396082 0.291918375252968 0.042024130562873 0.22680023249633
0.0308754781518618 0.276880617832604 0.119002648783762 0.387809120122143 0.185432135109629
0.351307893380653 0.0871902467857182 0.0771881398617604 0.132768098298735 0.351545621673133
0.151997440402593 0.177092241415627 0.227798219313635 0.195591039102631 0.247521059765513
0.288354165432783 0.174419385977537 0.136557269471587 0.324551569661537 0.0761176094565563
0.211981559735348 0.134126438877804 0.298004640025107 0.0435886029285547 0.312298758433186
0.0596667347766128 0.290383815552815 0.384949894444521 0.233102752324681 0.0318968029013703
0.329723763905275 0.147566194401093 0.0618164969774692 0.34545188742584 0.115441657290323
0.0807059028564761 0.199001005167319 0.669216617620659 0.0456029038650758 0.00547357049047048
0.029175754564144 0.149097282631644 0.361426107180722 0.240796260141584 0.219504595481905
0.285876636450273 0.213955258953848 0.126650652439338 0.21929407192052 0.154223380236021
0.157293909019117 0.0992537975268625 0.43796628718324 0.050020674966692 0.255465331304088
0.169504039204658 0.375114330370907 0.137470499512759 0.0462980763934653 0.271613054518211
0.195991893370184 0.193757274839911 0.158739501227293 0.0792371639222071 0.372274166640405
0.108989582337217 0.27048993726342 0.246190277488279 0.099820410315594 0.274509792595491
0.233745446193441 0.187215672373791 0.270975775844262 0.296771163136252 0.0112919424522534
0.261364055650237 0.334219701372174 0.0528757746086766 0.27407516580028 0.0774653025686331
0.0389126050835811 0.257922028737383 0.0387237280661468 0.287699965116592 0.376741672996297
0.0437068227084035 0.297223006882011 0.266876592382537 0.0893474939420148 0.302846084085033
0.425315548320622 0.114618605518887 0.0456331824355863 0.110043484082959 0.304389179641945
0.0716495296289366 0.360020671250913 0.285919094836614 0.170219727675019 0.112190976608518
0.269147186726187 0.0996032784672326 0.27059755267527 0.12644619641823 0.23420578571308
0.0899222431007209 0.365182083046217 0.233964734154256 0.239760953039574 0.0711699866592322
0.0321624536746358 0.370952446986766 0.0755324162177759 0.174037946779968 0.347314736340854
0.256148005289531 0.111979780303232 0.284431295818153 0.306723291690016 0.0407176268990682
0.234073823725726 0.293887985745121 0.156682784340004 0.00318617880473157 0.312169227384417
0.249072463990239 0.228395422375158 0.0946997125784887 0.206833000493201 0.220999400562913
0.218657474949823 0.195158413028021 0.360104826175053 0.137013689313863 0.0890655965332396
0.0239139721567838 0.249023988168734 0.27500516612375 0.261126938852682 0.19092993469805
0.132948232958538 0.107444109165702 0.0710773284308543 0.414560445278557 0.273969884166349
0.221984176764984 0.0627702016674085 0.253026347654045 0.316246655475123 0.145972618438439
0.0282737103113285 0.271944221061383 0.324914969765011 0.291978086468283 0.0828890123939957
0.144213837794071 0.0360901972163166 0.40239033130075 0.224617081556532 0.192688552132329
0.10845495831017 0.109749770883256 0.125588310924533 0.301440717526395 0.354766242355646
0.0517881753214911 0.255039402459474 0.220699220579658 0.247242197664063 0.225231003975314
0.0864836892947943 0.289910968084241 0.182577731792454 0.187195229640378 0.253832381188132
0.242866762330735 0.371359172896125 0.122053051807979 0.135428614182037 0.128292398783124
0.302336686995641 0.265589100630132 0.132767605785718 0.0196174342899008 0.279689172298609
0.33467583547654 0.174144007008971 0.279377874901027 0.159872165070444 0.0519301175430167
0.150099996248945 0.208250193749896 0.188307904934312 0.218071117112559 0.235270787954287
0.411079674730975 0.0969704719851018 0.0431700053381293 0.210919437565079 0.237860410380715
0.255908427247416 0.268032192366897 0.103520493251781 0.124833035127182 0.247705852006724
0.190163258715546 0.206860125530715 0.0883230461172606 0.319251616594901 0.195401953041578
0.0808049161230308 0.134003507372063 0.121783518098819 0.311311160475411 0.352096897930676
0.266502870525781 0.131227564136037 0.187615756953965 0.281011946099011 0.133641862285206
0.0390761873829715 0.373938266585961 0.364547011824198 0.12725607124447 0.0951824629624001
0.00947779288157846 0.198472253426856 0.0462060954439095 0.378341774647688 0.367502083599967
0.249317547204698 0.292198638627215 0.135448018989438 0.232789423517887 0.0902463716607627
0.329656071233563 0.290109057302516 0.0974990038256615 0.0818229413267418 0.200912926311518
0.0553427474739899 0.137944684202117 0.166521355695 0.390417802347792 0.249773410281101
0.0183900477016181 0.125182141245927 0.0682105887316601 0.507161764158498 0.281055458162296
0.262994886361499 0.0795276047112469 0.441214284116808 0.00216714451866652 0.21409608029178
0.406796887500196 0.0916509941274551 0.335495918915895 0.15093734307231 0.0151188563841438
0.199839668087652 0.315383545851081 0.222052830817791 0.236858530797093 0.025865424446383
0.349832014609631 0.211855031945269 0.0416005613660184 0.294826904873897 0.101885487205185
0.0547847371241695 0.284773778572948 0.360237272325549 0.00223580097079639 0.297968411006538
0.342242206938536 0.106130002064352 0.150278311341214 0.249932229141923 0.151417250513976
0.269278998089196 0.0173584729785748 0.214185689908294 0.234053569464168 0.265123269559766
0.434112830287445 2.55359973244484e-05 0.0490227995926908 0.227238017148699 0.28960081697384
0.185780310774729 0.224852193289407 0.33304987873166 0.109166265110118 0.147151352094087
0.188043285765237 0.180958595531462 0.28594854407833 0.223404891645862 0.121644682979109
0.25836937751024 0.244357743847287 0.117709903944579 0.349940341203463 0.0296226334944311
0.0760600894004697 0.156464735385501 0.267847925623628 0.265553975380524 0.234073274209877
0.0553934054299278 0.318001360949313 0.332888121718086 0.274656628328044 0.0190604835746299
0.206480036053258 0.205599242766292 0.28373713156789 0.301497298466691 0.00268629114586911
0.245396866554988 0.106542519130024 0.353485158023557 0.0087389255920755 0.285836530699355
0.0484836651278622 0.0589807699136246 0.413421789904099 0.0819197024440141 0.3971940726104
0.241201596892783 0.0635977237148361 0.0818267523256752 0.222959000380268 0.390414926686438
0.22581645750103 0.195578140756249 0.0194799546844978 0.253166174244082 0.305959272814141
0.184698909767841 0.265674667389188 0.189385132903061 0.235363945668069 0.124877344271843
0.287204114916697 0.140718411659636 0.183338005138457 0.263144803748655 0.125594664536556
0.211620743866412 0.316345598096501 0.324123784320621 0.0425406337784941 0.105369239937972
0.217579092304571 0.256487889362848 0.266067788253193 0.235790268574243 0.0240749615051455
0.0405740731180736 0.198323045434076 0.195835711780986 0.198085991736272 0.367181177930593
0.103179936197628 0.210488164317364 0.00672483536580114 0.340758590072109 0.338848474047099
0.136359625597671 0.041610761182893 0.422877362572683 0.0507452863914698 0.348406964255283
0.167135616439246 0.128626849281155 0.348782705394921 0.0235422344885813 0.331912594396097
0.233182669468331 0.0975696104336142 0.176730242777129 0.361140806747814 0.131376670573111
0.304451909653132 0.143919838679134 0.331824248146229 0.0795539850856198 0.140250018435885
0.159078991270485 0.0822164588330447 0.26598696779566 0.252382221146656 0.240335360954153
0.111484562575839 0.0365776817822057 0.347975232765952 0.0147339751673929 0.48922854770861
0.242543452425509 0.0466145611459196 0.30681986941769 0.210755645107817 0.193266471903064
0.225147589529471 0.167753999712125 0.20740897613262 0.175425108394135 0.224264326231649
0.283374382650104 0.347441752400817 0.273273568153578 0.0516952200463825 0.0442150767491186
0.285635435832298 0.124037709630141 0.404116628965535 0.182324686027583 0.00388553954444286
0.0912624618219262 0.163587724972603 0.337266722112707 0.352977861022459 0.0549052300703037
0.161787597071161 0.281038758418367 0.178503909468238 0.199505416056433 0.179164318985802
0.204434401329168 0.0783272387413119 0.195179973472727 0.259712643684073 0.26234574277272
0.267113574390314 0.188127298270031 0.257868079632296 0.269541836367935 0.0173492113394241
0.215021013370584 0.183122590071254 0.314358198863109 0.120121666500335 0.167376531194719
0.0722095451220441 0.246432565700748 0.267576492134099 0.262210875735551 0.151570521307558
0.0606414796778804 0.303848327423633 0.377510234604929 0.110618127280321 0.147381831013236
0.189509470811198 0.244733454420874 0.305036784007661 0.243095634847656 0.0176246559126112
0.219919770402244 0.162576378504652 0.198892549029685 0.214631022301629 0.203980279761791
0.321287374476377 0.052888051197901 0.295666528891676 0.097898529720308 0.232259515713738
0.27248986865609 0.191586525339642 0.0406982511276111 0.216696989558359 0.278528365318299
0.0797984458061054 0.151487235239248 0.39314483453176 0.118776502507297 0.256792981915591
0.415074257456538 0.333353278643102 0.223433830502893 0.0199072398990786 0.00823139349838885
0.175365822207981 0.288810245676406 0.210723728469947 0.25570879300505 0.0693914106406166
0.258699523312693 0.165786979356195 0.0998975888422577 0.198819653675882 0.276796254812973
0.206364631507598 0.0324818453390973 0.245946101520499 0.288553754964729 0.226653666668077
0.225031784093609 0.602411644928636 0.117277940219872 0.0245436344945305 0.0307349962633528
0.331722940003246 0.160281024559611 0.0914727950458125 0.306004840961406 0.110518399429924
0.193597658821534 0.254993984552201 0.231816295351962 0.256741807603723 0.0628502536705802
0.15851936129263 0.133397551459479 0.239213795013791 0.357079381363406 0.111789910870694
0.300311920455329 0.12947849408014 0.0119519464854623 0.271424092139871 0.286833546839198
0.341785596784551 0.157965807021252 0.0681176680963241 0.121948084906291 0.310182843191582
0.119633650007489 0.151864207663661 0.180554348677454 0.0219168328748287 0.526030960776567
0.296652602674674 0.135410584344711 0.185390237042427 0.190360213614658 0.192186362323529
0.303724740467371 0.0667970867134581 0.292262185989213 0.12867384786114 0.208542138968818
0.273380512396096 0.0631789711755058 0.275184178955339 0.206707940225571 0.181548397247488
0.124601618196608 0.147680150896661 0.277135621557021 0.237558587561786 0.213024021787924
0.100466930773564 0.168789406625092 0.313032816927762 0.224713883982695 0.192996961690888
0.0809607496481761 0.172249906175052 0.240999281819882 0.0349531463643756 0.470836915992515
0.083911593855454 0.282164525944719 0.253328173908094 0.254664618817905 0.125931087473829
0.135287530113876 0.0974597317073258 0.436458281641433 0.297904193745786 0.0328902627915789
0.110226626548343 0.290139094565273 0.0105769157142323 0.279789886105928 0.309267477066224
0.255892288457875 0.215583614424673 0.299546922461209 0.19233521924358 0.0366419554126625
0.197975986581585 0.173696706931944 0.217095931256757 0.165602132185412 0.245629243044302
0.132857322578608 0.296416842409432 0.167781045240765 0.0772592988648145 0.32568549090638
0.37128350589055 0.0903746032844404 0.0716613555812508 0.437830952672405 0.0288495825713535
0.0246309945930371 0.171239896755372 0.38823598364823 0.415816878426085 7.62465772751562e-05
0.100130212489105 0.275953644445089 0.2516627534546 0.232091153128707 0.140162236482499
0.277216453207873 0.197806083116718 0.293160521575835 0.0173045919570451 0.21451235014253
0.0158014548182248 0.23169229627184 0.477976254776135 0.252615182221632 0.0219148119121689
0.0361441359996794 0.0519830472942968 0.299303602955991 0.325066753219713 0.28750246053032
0.0410613329329027 0.40921706323719 0.0733002133949071 0.0389581194260783 0.437463271008922
0.282313552126317 0.234736753019596 0.114294900280423 0.228498516055005 0.140156278518659
0.160242568166072 0.283519391105094 0.241102877825787 0.293935573352083 0.0211995895509643
0.174113528169155 0.0380588407186892 0.35022331535784 0.262650916995813 0.174953398758503
0.274184769887637 0.132029366532264 0.292548330325018 0.272085001967349 0.0291525312877318
0.131522652669898 0.278654449074355 0.100446417246061 0.208818646298532 0.280557834711155
0.290456213985448 0.300775156041127 0.172816470416523 0.139821330822173 0.0961308287347292
0.18323128001846 0.270570916999841 0.0906488181525504 0.182961595682126 0.272587389147022
0.203345766430924 0.24324249531989 0.17159534041869 0.182954046311592 0.198862351518904
0.297842789420691 0.125885691397213 0.237414112202134 0.0505253813637633 0.288332025616199
0.427466698245525 0.00915924637994683 0.161791942577611 0.212551022088297 0.18903109070862
0.0299819765184589 0.276434091857285 0.252715726578953 0.181784407092986 0.259083797952317
0.130366928063821 0.188459133078949 0.200625249446469 0.304456362434291 0.176092326976471
0.253045629762336 0.115999118214132 0.279528203992882 0.0512878719452687 0.300139176085382
0.11018086970493 0.192308367222348 0.167845307262112 0.220376386581257 0.309289069229353
0.0400904094668656 0.40759666482925 0.0579217657334001 0.288741185266951 0.205649974703534
0.510610017968657 0.0278919942757983 0.0301407297108137 0.201440264103038 0.229916993941692
0.174204036830508 0.450764146134941 0.0246398664356349 0.333426974940782 0.0169649756581337
0.130268744570992 0.297141280398483 0.347698029047615 0.182835385879013 0.0420565601038974
0.154040653462907 0.288374127820735 0.226799992914144 0.0420081378846654 0.288777087917548
0.184490626481555 0.323224519722705 0.0348131315073991 0.216500929410325 0.240970792878016
0.191431688586398 0.294560473639226 0.159314925494778 0.307990745141521 0.0467021671380762
0.097862406730451 0.180554312072567 0.229154922754946 0.197150265079929 0.295278093362107
0.166249889456181 0.249351731473888 0.202753710312186 0.165240247788551 0.216404420969195
0.252883023455481 0.0868007392235003 0.310745128662594 0.277550346638301 0.0720207620201237
0.0702647199280595 0.481266723343136 0.0424442036571227 0.303269590462811 0.102754762608871
0.0162080549493144 0.255690750017569 0.28603858863636 0.154726855005085 0.287335751391672
0.265896863235686 0.253019124436124 0.0803608280384077 0.292107382681581 0.108615801608202
0.16867720734397 0.175025737040236 0.337346517977182 0.273177823353147 0.045772714285465
0.0468951466305473 0.0806733928565476 0.364105761252355 0.209285381195433 0.299040318065117
0.263077485129076 0.365414446857374 0.147326424236341 0.130242042268424 0.093939601508786
0.304899040221979 0.0585941449071785 0.0921157525416006 0.315811049112266 0.228580013216977
0.303243475259963 0.113954271707764 0.292140777628576 0.1555555684755 0.135105906928197
0.239469510565637 0.115294488429485 0.210841768064239 0.214557866999686 0.219836365940953
0.203047068299798 0.182188617940604 0.0234212328370513 0.246301541662402 0.345041539260145
0.34593546778874 0.225061801645626 0.224933122134859 0.100290366089291 0.103779242341485
0.240065200752959 0.150332807536363 0.277726053975429 0.26581786837697 0.0660580693582792
0.0640383818229633 0.302259537864021 0.177927094916405 0.0978827040283648 0.357892281368246
0.0592297335999862 0.136641361498393 0.445766090112555 0.288663387200791 0.069699427588275
0.305545998877215 0.0330314431161608 0.183748683115635 0.26592913208712 0.211744742803869
0.285567849961456 0.224450420950102 0.172187217651259 0.0252286035299287 0.292565907907254
0.440241977923963 0.0971576643806666 0.0640185913798812 0.387390673881275 0.0111910924342144
0.233337019660971 0.225086633445007 0.295533511737357 0.237666002916941 0.00837683223972392
0.26997398273259 0.0501913453405665 0.206662455346711 0.231284044599119 0.241888171981013
0.215528165553765 0.0101979480719052 0.289652343027403 0.242872665546433 0.241748877800494
0.0534836170084205 0.204830026884049 0.445546816521913 0.156750184207324 0.139389355378293
0.176448168346476 0.07011792212414 0.415201535514103 0.286660942169492 0.0515714318457894
0.189426069397897 0.0410910420733821 0.0876180190129054 0.424297723659805 0.25756714585601
0.184070953696479 0.556170147367432 0.224434854766077 0.0112707292160829 0.0240533149539293
0.272194526424362 0.358242463024355 0.169220475645851 0.102841614614598 0.0975009202908328
0.174457975178354 0.362006595637418 0.10860621041978 0.0590309152480334 0.295898303516414
0.325429268621259 0.296109653325831 0.0549218885238012 0.168613994377854 0.154925195151255
0.16310599719302 0.0213754092890749 0.238206439052406 0.228905218628739 0.34840693583676
0.289554988413453 0.273572576366367 0.174236108115411 0.13027046050514 0.132365866599628
0.267854606970533 0.212285368308469 0.000131628386284098 0.289446544134126 0.230281852200587
0.321702057813033 0.124321303955904 0.49339129533645 0.0356516653271239 0.0249336775674891
0.411801176824035 0.100456227900738 0.375257938615735 0.0349230985468232 0.0775615581126696
0.170565655884923 0.214701603306465 0.159381619049776 0.093222248767637 0.362128872991199
0.300053379374883 0.310431628709487 0.246141117710062 0.141851141598312 0.00152273260725545
0.232854380282947 0.275207390981003 0.170100292347137 0.174749165055457 0.147088771333456
0.357755670507497 0.057323946673626 0.378683005773756 0.0662387224703289 0.139998654574793
0.24017089721321 0.196239447457323 0.167665642958227 0.177513732650222 0.218410279721017
0.0286719801282988 0.336494545614861 0.382904943849095 0.0126211192163129 0.239307411191432
0.140304619210112 0.359554336085059 0.202473651263214 0.27105394647743 0.0266134469641846
0.177527283541602 0.109149801567944 0.0490083227606478 0.612230213790366 0.0520843783394396
0.428705843682792 0.11436404192054 0.308917446103481 0.0855950077268346 0.0624176605663517
0.163546124385424 0.250114971772509 0.269943151086551 0.0614469445459814 0.254948808209535
0.295601572562682 0.145905252278858 0.0328389919158973 0.104205648283119 0.421448534959443
0.277125834327007 0.223965632817738 0.30513550324783 0.0954453720537411 0.0983276575536838
0.245550611085242 0.14360093004907 0.0951332756013149 0.38977970713071 0.125935476133662
0.145141282204445 0.409243689237885 0.325704977249779 0.0385188343334515 0.0813912169744393
0.519595723150753 0.203354639491687 0.0734972254693702 0.191830052618468 0.0117223592697215
0.152520291505967 0.336559885326026 0.201831380916619 0.0667649932022837 0.242323449049104
0.219261302216598 0.237804422190048 0.281806322734494 0.161579838135535 0.0995481147233246
0.0196810991344471 0.25111655075055 0.0579723402848508 0.293558043279229 0.377671966550923
0.221177136609074 0.313625397616007 0.0120435539728655 0.38661468245258 0.0665392293494735
0.0711229177991757 0.133888275428069 0.488393039567842 0.0858278451469291 0.220767922057984
0.296168777640577 0.316033963287376 0.0496941091595735 0.219265579806354 0.11883757010612
0.265969269453709 0.260719583137063 0.10744501140295 0.128731900605806 0.237134235400472
0.254105791401076 0.217176189493659 0.162103755688094 0.333211398272198 0.0334028651449737
0.245046572396629 0.028507269918961 0.068131131660583 0.192510170014852 0.465804856008975
0.377881722689324 0.123110357850844 0.280684475020153 0.150511486332484 0.0678119581071961
0.232358555697994 0.0821106553200312 0.236368633527174 0.233477924038179 0.215684231416623
0.179533521677298 0.202932149211409 0.176761941128296 0.266442130208315 0.174330257774682
0.183145184009992 0.267650275553219 0.122826330861678 0.234696109175523 0.191682100399589
0.0351599007907174 0.421052902501342 0.362247665336211 0.0475948966278937 0.133944634743836
0.38660779168366 0.0322568317698622 0.00983978704371492 0.564338614952873 0.00695697454988968
0.290376296339889 0.147233411191271 0.282277071505985 0.0785310023912286 0.201582218571626
0.205588305541161 0.365718201187121 0.35190827432174 0.0562807267333058 0.0205044922166725
0.168856641524974 0.155200170882617 0.120864816522833 0.244392909265189 0.310685461804387
0.261136479537753 0.0996665977748809 0.107779817831372 0.126205190477637 0.405211914378358
0.153690883985496 0.324101041181077 0.333761165128781 0.0462717828300306 0.142175126874616
0.233524947782271 0.0585946167349714 0.0374869335207471 0.250030066637809 0.420363435324201
0.209864231959842 0.191867000651438 0.220248229424215 0.0894497406953141 0.288570797269192
0.303117505760017 0.0505464142946368 0.185250974763462 0.204703702712251 0.256381402469634
0.153295916173016 0.00207349940302215 0.432387575430289 0.184867001858293 0.227376007135379
0.142089212272724 0.313939472219839 0.0554382806091391 0.278109497074875 0.210423537823422
0.0589661734741206 0.418446934154328 0.150674879776636 0.105481989223631 0.266430023371285
0.232732115562865 0.249373831277022 0.121229639918861 0.175468411239741 0.221196002001511
0.059940139902793 0.237630757903354 0.167048884115575 0.280550559301932 0.254829658776346
0.331980047253559 0.0502399783419637 0.29588235642159 0.0543695424923834 0.267528075490504
0.235157298250118 0.244306417952284 0.302413431396126 0.142226677553129 0.0758961748483432
0.211207717438809 0.215997203034229 0.261144693918815 0.250287345283879 0.0613630403242674
0.410230073298238 0.190434876884137 0.273437825943768 0.0647161978622409 0.0611810260116155
0.379162475745736 0.255542453475936 0.110859458858012 0.056579525021286 0.19785608689903
0.352795505160574 0.0436509128600417 0.292108281145935 0.244228937144599 0.0672163636888511
0.159826450470788 0.17141244353247 0.227697235753856 0.226498607439221 0.214565262803665
0.216884713756186 0.25303669213556 0.0869260314079374 0.222816629819313 0.220335932881004
0.184153251289849 0.302644511435472 0.182102860815068 0.192210318059473 0.138889058400139
0.312106801654117 0.259929131789227 0.0543487865431884 0.345606839371437 0.0280084406420301
0.272488685476422 0.208322114945604 0.211205275787473 0.214797612348965 0.0931863114415362
0.168353008220098 0.110474487757251 0.174246453567432 0.392875895932403 0.154050154522816
0.25085030140144 0.0155912415417147 0.259144984798603 0.219727756312155 0.254685715946087
0.275115130538162 2.25315486389614e-05 0.208710952976022 0.329402265214451 0.186749119722726
0.106408707023238 0.249007801258587 0.140583875192057 0.244990881464898 0.25900873506122
0.177594198352026 0.331540308472274 0.272716073594007 0.0208462666030658 0.197303152978627
0.160962460017908 0.00368057171683036 0.0892169351104544 0.33562628275686 0.410513750397948
0.29553246943692 0.0649863071201695 0.368731135122122 0.142990603708836 0.127759484611953
0.089921715303891 0.521835251070142 0.206328837351941 0.104447327347139 0.0774668689268868
0.0155286840811653 0.365387008508907 0.134431707957975 0.142192482907105 0.342460116544848
0.274903968768941 0.0953501490056444 0.0623850760751218 0.42448844291621 0.142872363234083
0.301886795629749 0.259535442149157 0.0191824800128149 0.285057773589415 0.134337508618864
0.142866888106184 0.241107026528138 0.442015316882111 0.125568831293397 0.0484419371901705
0.0343217390613833 0.184489903603694 0.272109353813763 0.297656299840196 0.211422703680964
0.147968784743689 0.113561217947581 0.317305525998583 0.21626175490817 0.204902716401976
0.290642501737219 0.0374360163645166 0.454337604027559 0.0596604685674361 0.157923409303269
0.275058317964557 0.100548437265569 0.19554308211871 0.231306651838148 0.197543510813017
0.0417841923687578 0.401865664103649 0.415705006932398 0.0389081070525158 0.10173702954268
0.154248642857576 0.248756924484167 0.346261428527665 0.179619435323551 0.0711135688070406
0.0853724863307127 0.409758900464534 0.348836489081368 0.00656559713294138 0.149466526990444
0.321744630548422 0.0352853165767674 0.301781450203674 0.0724994602863508 0.268689142384785
0.147228374516095 0.111294175456341 0.214879283434661 0.266681945753543 0.25991622083936
0.143405121215837 0.276062103856534 0.321387715734491 0.191853325238885 0.0672917339542529
0.332021278894614 0.121826511397278 0.328382948342907 0.0724364119305009 0.145332849434701
0.317458369947297 0.0780197065894523 0.121024928282405 0.177249534222388 0.306247460958457
0.153734511109915 0.145351276765877 0.156399553049322 0.325949069088781 0.218565589986105
0.351572999536741 0.0143668076610769 0.240639383587944 0.320277248072116 0.0731435611421228
0.130741912514864 0.337472467638962 0.343518084482558 0.152726030500021 0.0355415048635941
0.0492215304995027 0.130879172046928 0.235728496262402 0.338297724092099 0.245873077099067
0.045098844666823 0.225638000562064 0.157426560982709 0.295209855254095 0.276626738534309
0.0831812454625327 0.36534048945403 0.190314695531644 0.258562071731409 0.102601497820383
0.488751525839282 0.286410640561871 0.109514889673559 0.113104537151527 0.00221840677375956
0.322156362322382 0.281600258331657 0.253682595435776 0.0465146664542947 0.0960461174558903
0.184718618348421 0.0977714177135423 0.170985069252367 0.33692223891717 0.2096026557685
0.237369315885991 0.181738117012525 0.182214710742155 0.199685856298812 0.198992000060516
0.282336158386863 0.0324509140192586 0.441951859421422 0.156812259855409 0.0864488083170473
0.322474276272021 0.0183022124209791 0.140888576874111 0.240559038609508 0.277775895823381
0.375890713029428 0.369959070558815 0.0513570374365686 0.0400556033391983 0.162737575635991
0.172243236804971 0.288189546851092 0.172837776434215 0.280588163746336 0.0861412761633861
0.237211458363956 0.195746729678048 0.33295587921377 0.187199265637478 0.0468866671067474
0.135495315695113 0.0416875081969947 0.216374825212736 0.145385822060128 0.461056528835028
0.203773092636011 0.053337062308414 0.420590764392642 0.0394000509652979 0.282899029697635
0.275805256690339 0.00799576910517788 0.35425342052857 0.218885551612517 0.143060002063397
0.223982314897224 0.146030534754599 0.288764288556453 0.222231094906367 0.118991766885357
0.0977868752375028 0.178165351159865 0.333901009687072 0.263601106721914 0.126545657193646
0.300856328349371 0.04380927753204 0.276764131456857 0.159141666031519 0.219428596630213
