0.123276158635508 0.105314895053183 0.2707190153725 0.153171700433183 0.234312582493572 0.0328334103130659 0.0803722376989878
0.0473678838848907 0.26188252816591 0.0914927242563854 0.0385739302761407 0.237220458699959 0.248828268595998 0.074634206120716
0.020037845448425 0.131931757501184 0.159515323673574 0.0934859504519679 0.180755341729603 0.2125439109134 0.201729870281845
0.0607800632071112 0.243042223457412 0.180058804949668 0.0285268872421665 0.215063449073888 0.124733332054876 0.147795240014879
0.0183761305782327 0.339365799324579 0.0811471407909291 0.0779843140585076 0.0623537809438054 0.189453007771674 0.231319826532272
0.261568775271938 0.0132845742347317 0.276830353146604 0.248778427441639 0.0939963380454007 0.0105008305422102 0.0950407013174767
0.00184871792389346 0.265754510602109 0.00409704679240265 0.22376095585944 0.103404148387578 0.307112891108323 0.0940217293262544
0.0589319466444646 0.337214759277438 0.249238822617037 0.135926215467163 0.0646442624553469 0.130420001793274 0.0236239917452756
0.107680057775736 0.0236187734829672 0.178924885146851 0.108453515193092 0.27806422146231 0.000559910945598307 0.302698635993446
0.245674604951887 0.0563643898329246 0.172720665352597 0.1158775385864 0.185002561563254 0.131977309794712 0.0923829299182253
0.0621923635128306 0.0422818358513945 0.151616521779471 0.188677540983778 0.244805217272838 0.188458912115589 0.121967608484098
0.162712295412054 0.247057210864819 0.133594450602933 0.118038652141943 0.000684142970133293 0.31237321122411 0.0255400367840078
0.00676139251729482 0.279835685441557 0.0405897388620074 0.238198127622534 0.0760047572607481 0.286114625096575 0.0724956731992839
0.170677999220329 0.209427060888643 0.216993180386864 0.195976369465993 0.073489851377909 0.0535741523926576 0.0798613862676034
0.0822314263978288 0.0918805839038741 0.208141498634069 0.178200107502688 0.13701970399542 0.181748350088333 0.120778329477787
0.192969930013755 0.145632714371549 0.112638636929206 0.126509534200176 0.124784850020893 0.247275180171281 0.0501891542931397
0.121197002939272 0.133318980110811 0.239352150073304 0.0800772828208479 0.0448467732173239 0.242168278741253 0.139039532097188
0.0286556849813055 0.00215055765197925 0.18529235571065 0.143868020618663 0.249491729770788 0.254292467729596 0.136249183537018
0.0728888952978596 0.300385205238738 0.129459981438396 0.269555421408056 0.114976213975004 0.106572119343042 0.00616216329890367
0.235285063152555 0.0446903053180375 0.14612530286043 0.117385306369811 0.233714709930802 0.146541469449797 0.076257842918567
0.209246315922185 0.0225294192769445 0.102024908020476 0.124124299628724 0.152241390091242 0.194467707448789 0.195365959611641
0.151639726043362 0.0852749142452914 0.120669298468959 0.137954702433466 0.180741253881449 0.150070800810061 0.173649304117411
0.191141959965433 0.239359861188978 0.135796948537395 0.0372913958950218 0.103241857748542 0.224572204748577 0.0685957719160527
0.160175919750259 0.106042956459943 0.0685219697201572 0.0811137283511675 0.188383637625992 0.204939357889696 0.190822430202785
0.0720094740148942 0.0829913699327065 0.202521566900336 0.0100476405917801 0.169008107935527 0.213426990865756 0.249994849759
0.0998599488184118 0.105693024048335 0.230527290960835 0.102128188638985 0.183966720615325 0.0487728123874995 0.22905201453061
0.0771867605092799 0.202776634042545 0.146775723520972 0.0242699755091052 0.176692498008534 0.189490543094913 0.182807865314651
0.0421716264415346 0.00885740118626255 0.16506483114826 0.315637813899562 0.197463346972011 0.0760842515240433 0.194720728828327
0.137266871804146 0.173566821648513 0.118310892094832 0.0849315800125241 0.203072063369439 0.0659595687094373 0.21689220236111
0.0115322380085112 0.243562488767241 0.0501927091320178 0.224662174175717 0.0743532540275374 0.144406393989104 0.251290741899871
0.186808040445323 0.2464434993712 0.0623032289167678 0.203085715057379 0.109120585425555 0.0415144575630176 0.150724473220757
0.250612424736675 0.0526779702413637 0.295463476512084 0.114466127016879 0.111870680306726 0.0144414775451331 0.16046784364114
0.152988656495784 0.0172906983450428 0.0430759400044443 0.128666630706758 0.125794681922881 0.268419824761356 0.263763567763734
0.0535220688960839 0.0739371309529028 0.134087279210869 0.296028389840125 0.219863814008886 0.103825886577035 0.118735430514098
0.0540901464716369 0.289788960866855 0.0259772026510275 0.178929685569652 0.211324708882829 0.161884840666833 0.0780044548911672
0.247862251327966 0.145989372963246 0.12537778196109 0.138811242365637 0.229091762739846 0.0833895913665364 0.0294779972756788
0.108366052864915 0.153460715289035 0.0103286656932502 0.169265655548249 0.228724172402438 0.144772829057667 0.185081909144445
0.127905754034341 0.0847256029872831 0.159089944915569 0.24780695473915 7.6289630398638e-06 0.197493144691841 0.182970969668776
0.0359272484989094 0.0400032781904667 0.00961638888591925 0.223811966358743 0.156521954344722 0.263766737131734 0.270352426589505
0.240955544999147 0.035648861030075 0.0757277784651126 0.210096272032555 0.101970413392933 0.0625342897805308 0.273066840299647
0.127440137089667 0.043101916780145 0.173499852426526 0.0478386561839416 0.198026425437132 0.210554006866772 0.199539005215816
0.0935342978364717 0.276617745603259 0.318623453454657 0.0670703256460325 0.100249630507713 0.0286843317971732 0.115220215154694
0.16088302850726 0.179109609860496 0.166518594271411 0.070913166096891 0.287779681628825 0.0160757696526387 0.118720149982478
0.112995572582141 0.0295973943059154 0.229177484587043 0.140200361579577 0.206181736074755 0.223500366413522 0.0583470844570472
0.178719868132512 0.136200028899279 0.204912360046408 0.0867872499031902 0.0757560370544012 0.110040427802992 0.207584028161218
0.160911758538269 0.183718553938417 0.200218453670425 0.181099647471005 0.0054433207237871 0.0246620242295465 0.243946241428551
0.249847951661795 0.194441570339781 0.101179260801305 0.000678503969203387 0.0254930346045474 0.176469346959403 0.251890331663965
0.145418546997345 0.169728753014023 0.242039095656919 0.146825235996366 0.0703381133439258 0.168813259004027 0.0568369959873945
0.209568253820649 0.154956585719821 0.105574003972522 0.139089408976291 0.188660947225779 0.188350922951357 0.0137998773335826
0.0655630238483521 0.320630299371714 0.13113520972229 0.246303571962806 0.20352164036425 0.0223122163391995 0.0105340383913893
0.167426695352252 0.198629336199043 0.176835582486565 0.0924469428587538 0.0890468795910894 0.15692468653379 0.118689876978507
0.0835799060906935 0.118317241520114 0.198580601346809 0.191683547859771 0.259007956514021 0.116821936142389 0.0320088105262016
0.252440945439093 0.129927928273477 0.210866794281876 0.0401120310681632 0.0318411736423327 0.188450158647773 0.146360968647285
0.213875836520201 0.119463300183548 0.180570754874032 0.224986959879694 0.0243021668097132 0.0827702526259094 0.154030729106902
0.171086487164292 0.119489711690069 0.0379224193511347 0.141482378020791 0.197988857109944 0.128056781552139 0.20397336511163
0.0474324516471925 0.215104872952979 0.201959006298259 0.20487859167584 0.0547760902701679 0.0442360577789657 0.231612929376596
0.23283250953341 0.073479609533184 0.220500421065519 0.0697889438639184 0.227630422835113 0.163768450655174 0.0119996425136826
0.24413405003344 0.10917668075299 0.194425182497896 0.0830877156242635 0.0559884045412518 0.211796804338223 0.101391162211935
0.189510291035963 0.205400589189586 0.172317711331398 0.0654273981912992 0.0466402920661847 0.155170308788246 0.165533409397324
0.097987459789067 0.0625804165954528 0.135977833712788 0.0882734384474155 0.225391304720473 0.272813565163552 0.116975981571251
0.0688836524520063 0.220883929538896 0.195995129313303 0.206554336947591 0.0791773413593613 0.0224337536733691 0.206071856715474
0.0579633243344596 0.191735749789663 0.208989025591004 0.105859784947485 0.172268317360066 0.107280428707204 0.155903369270119
0.236962396016144 0.247413832520049 0.0107256669912899 0.24969692056073 0.0484338557730759 0.0469639347115379 0.159803393427174
0.124160888856325 0.108865194930527 0.229423191460207 0.165249580784606 0.0996173464320857 0.195034884272471 0.0776489132637781
0.0551531482515837 0.0765762091575733 0.218883425927393 0.24286932376661 0.301357208492165 0.0777593680651847 0.0274013163394911
0.0315948330605819 0.189503562119885 0.174374751174365 0.34863270834197 0.123735774336286 0.0752648348740758 0.0568935360928361
0.0264185081254024 0.212316678042404 0.0912548286533966 0.0593033579201692 0.178456786655432 0.203874130766176 0.22837570983702
0.0756945266732002 0.20621886737308 0.002621956411395 0.296156089641844 0.0151458228720124 0.243461891885924 0.160700845142544
0.344132834029833 0.118732392997943 0.0344691160655001 0.146746418134895 0.246354921414104 0.107435200809567 0.00212911654815743
0.124601776976959 0.109154363159253 0.00151496737044387 0.243667624756574 0.22221737040977 0.127695134406071 0.17114876292093
0.0487850471227407 0.232561370693109 0.109491236168474 0.0962568470604724 0.138897163741912 0.144718858998615 0.229289476214677
0.102917868811446 0.182769082506749 0.0982574418751387 0.167437664306139 0.200172168619551 0.195933933475291 0.0525118404056858
0.0223788654556773 0.13042997588296 0.172415490175029 0.175968717865085 0.068734167707745 0.1844808765339 0.245591906379603
0.169994057286631 0.16473063993548 0.230524575919495 0.0870268581100497 0.0310493603951581 0.0589325788117805 0.257741929541405
0.113503281453402 0.0159437464161182 0.30238217436623 0.133192351328814 0.0981685935264248 0.120647281098057 0.216162571810954
0.0471132182878508 0.0954226708572195 0.232067288420247 0.246814432207373 0.00590076317480691 0.11349846165002 0.259183165402484
0.165517498935329 0.188213776900194 0.19314535413128 0.0833766064580481 0.0490472204568233 0.117575837704068 0.203123705414257
0.156777688173337 0.0460297729653766 0.191773835057901 0.213673014309853 0.0289712910567207 0.185685436091812 0.177088962344999
0.0460462538307883 0.190776978302418 0.260192171940765 0.224070307918328 0.0846214096945442 0.148167320752122 0.0461255575610333
0.17584266655879 0.217034638316143 0.0113808050222516 0.0677985152071356 0.19485451095253 0.301821171371059 0.0312676925720914
0.0223252075833317 0.260902831937313 0.157229440243329 0.0119965461048245 0.245550646825339 0.193201163247321 0.10879416405854
0.098108935796025 0.00102923571311051 0.180934168470571 0.230500268533165 0.2047380695854 0.129689979426737 0.154999342474993
0.0329587031077346 0.00592094924236732 0.00739156329269779 0.262185502021597 0.26913344471703 0.121039390117973 0.3013704475006
0.097509332337929 0.0302234819578681 0.0966521519517918 0.134459182640872 0.243136134131814 0.293021329706108 0.104998387273618
0.248668397522855 0.0334681444545203 0.299485908540176 0.0332754849348255 0.0480624890671375 0.260956505543079 0.076083069937407
0.16961791143252 0.191081126875247 0.0911119464504596 0.21828903891504 0.0901091205834661 0.0325867254290384 0.207204130314229
0.207365804713516 0.0399048072635618 0.165498478303464 0.222293311254515 0.219542205060848 0.0385676012835682 0.106827792120526
0.131880281217748 0.0159242391356667 0.139537925003436 0.115737321564656 0.257959120236377 0.309532193551161 0.0294289192909557
0.0681534299921471 0.180244589558281 0.114663714007924 0.253719706560797 0.0509188163033696 0.19654072397703 0.135759019600452
0.111266478373125 0.0669318873327035 0.290565885351066 0.187242339355764 0.287643438560959 0.0458250248272835 0.0105249461990989
0.267966176475195 0.0402984487959022 0.0585037843753175 0.282599826003321 0.0440311157982426 0.0288131550441305 0.277787493507892
0.20755695855558 0.164889969510233 0.138700344704359 0.345926719299308 0.0556583984362337 0.0684791997732607 0.0187884097210264
0.170606093805742 0.119398044846663 0.121825755715611 0.111893672199893 0.179129555215855 0.0664354982554651 0.230711379960771
0.123093839415294 0.00165925577597457 0.121157373171195 0.269118039853523 0.159918190998881 0.198458351213275 0.126594949571858
0.0246692000024906 0.177746955407756 0.0512313422163785 0.0966464792922393 0.0903147297021082 0.374782268355961 0.184609025023067
0.0509047318838547 0.283082757020537 0.182467737497566 0.01151297481634 0.0391460610197431 0.181856451609866 0.251029286152093
0.203556487048037 0.0491817520329624 0.251306930419564 0.15871351962007 0.304271523401205 0.0315861257448994 0.00138366173326275
0.216013960062623 0.0418178731845139 0.208130231015008 0.0996274494819515 0.139445808698319 0.144794443300205 0.150170234257379
0.0759441813969896 0.134366473747511 0.129765758008672 0.162421007486266 0.278564549009265 0.00320718456718006 0.215730845784117
0.227104279365841 0.121361135899758 0.0992449101423618 0.131759174705096 0.104197897910518 0.238250405735504 0.0780821962409208
0.118841359284208 0.289210732821507 0.0540898347160169 0.00989262627454545 0.241191868546322 0.232616266570977 0.0541573117864243
0.266301217545269 0.0764787553377699 0.18358152249342 0.17954026007204 0.0685758778849279 0.167748627240154 0.0577737394264186
0.121938942365476 0.0201210273494301 0.177423748074353 0.242884131605587 0.0264715371570237 0.212712717741301 0.198447895706828
0.0662218979256093 0.017137500952458 0.157306674018033 0.199435935128436 0.295270160432145 0.230699728207946 0.0339281033353731
0.163445123791031 0.110031807649787 0.15252733136491 0.0851738924075876 0.171252960607052 0.17694191219215 0.140626971987483
0.257995660977347 0.0718891732860707 0.259113029137856 0.0495697788238004 0.0170658802140293 0.11399645574789 0.230370021813008
0.024967705724591 0.08309867441541 0.242006731172442 0.188560310058308 0.208224470080575 0.102410032755177 0.150732075793497
0.107359589354072 0.0366644566899067 0.255245956436139 0.2042156268417 0.139870680494258 0.232148529688269 0.0244951604956553
0.148898043126272 0.0588672178215291 0.260803998138349 0.276678104001596 0.086260004125861 0.123028742379265 0.045463890407128
0.214973754517851 0.0800730073463509 0.166162188801133 0.211109691343824 0.196897050394464 0.0814266120785476 0.0493576955178289
0.124247624753752 0.163905601378504 0.194470477954566 0.196086375908554 0.201747895755303 0.0133688630643345 0.106173161184986
0.172127679405185 0.233036503139579 0.0853947795299115 0.194693414048752 0.0133098897933567 0.118639551433957 0.18279818264926
0.104690886825286 0.28060429107191 0.307747615035906 0.130141530547252 0.0957900339287786 0.0776985543310404 0.00332708825982596
0.181898482290243 0.12740019414345 0.189269252201454 0.280107926004145 0.110524762912135 0.0989443508163756 0.0118550316321973
0.158073590552554 0.0383435877810834 0.190812032076439 0.293647454641237 0.101587328154037 0.212170408191599 0.00536559860305078
0.10481247414165 0.113937864726869 0.10477781485265 0.191765176230161 0.140561264899476 0.184809712093639 0.159335693055555
0.0849793034720659 0.220360520282695 0.134482303605603 0.096481696880204 0.146824590002746 0.265823370479137 0.0510482152775501
0.0394538986704289 0.192195260318396 0.209594241082378 0.227806615346714 0.127283779704343 0.193381418728793 0.0102847861489476
0.290954810423193 0.181661388954866 0.0642334547138688 0.228440455844354 0.0600350031410276 0.036610489043918 0.138064397878772
0.0508391529978961 0.14317596670674 0.241837689690394 0.2282279124404 0.27577697406819 0.00745423548549116 0.05268806861089
0.154347437716028 0.1872909820876 0.0498543318786412 0.12270141255662 0.176175647204647 0.259618558177896 0.0500116303785678
0.0316896850662234 0.217535627677104 0.0543093407841274 0.162159480707877 0.102976478494572 0.0942707615987496 0.337058625671347
0.0848459813726726 0.170852115659233 0.235012456946934 0.00147370884685574 0.167525514932714 0.158422065526531 0.181868156715058
0.224750720463216 0.121493654848883 0.165472841746522 0.185290491573017 0.0103416062887595 0.0336659560593556 0.258984729020248
0.148252906126842 0.0587652813565212 0.20948806538369 0.236964090914359 0.230646830563025 0.0339070913387747 0.0819757343167884
0.143438319164345 0.122978871862382 0.140100873901954 0.268772550835782 0.0592767521708189 0.0291432760290998 0.236289356035619
0.167396092632752 0.210748033854076 0.209029854056779 0.129085392666766 0.00307516981495651 0.0962591076321005 0.18440634934257
0.0582936713980857 0.103419880181387 0.353216104213634 0.121440330700485 0.0206300623636151 0.274223029191137 0.0687769219516565
0.1128077915811 0.225240536509391 0.0435489912682509 0.132941013041865 0.0592972405703101 0.146847024598336 0.279317402430747
0.310590878215705 0.107031112995014 0.0549858823691032 0.234217510994713 0.0272398315638877 0.0200299361889524 0.245904847672625
0.079597423649753 0.123738911559066 0.26654828549232 0.231527423715965 0.0277333031435289 0.105082300761649 0.165772351677718
0.207425789648606 0.0248408098141109 0.183450096982827 0.0993678115390362 0.185923102614957 0.190086814879595 0.108905574520868
0.217113997980207 0.145422433884155 0.092259448042808 0.211827571915005 0.105831113793314 0.0230009913347646 0.204544443049746
0.105106659293769 0.0375292365665719 0.0204329231708967 0.296466715060109 0.280854026181104 0.185742517101954 0.0738679226255947
0.151092113643042 0.0785198121336373 0.184460971797422 0.168488391244947 0.191747215673098 0.0244243307017565 0.201267164806098
0.178310690077715 0.0216298096615221 0.105334485326686 0.189503362610845 0.13612226272751 0.175281848062322 0.1938175415334
0.0202785925589407 0.233880885637521 0.251809055224888 0.197930473761941 0.107787037573383 0.169829823081401 0.0184841321619258
0.142742877382828 0.180057386342226 0.0875898946933112 0.150466836253868 0.100279830987212 0.23101468654154 0.107848487799015
0.223121631232286 0.0766756417678098 0.197241991054807 0.130433270069266 0.198066127895032 0.0654387223349767 0.109022615645822
0.0768519996910824 0.221997611347145 0.247701226984965 0.202754884360376 0.0579188919941837 0.17284606418832 0.0199293214339285
0.0223814688700355 0.233385831442628 0.23224802856662 0.0236388329475542 0.140249904398437 0.0613069543502499 0.286788979424476
0.130980485481543 0.14684985153657 0.183202625735731 0.0338808503080476 0.120798811708726 0.26109169354298 0.123195681686403
0.137545789759165 0.10521306198596 0.139646112811064 0.161296365933215 0.107625409975122 0.171965876765659 0.176707382769814
0.0678396931016688 0.0868995111778479 0.169471364956518 0.242545759190052 0.047187409495931 0.200791149917352 0.185265112160631
0.227629523884867 0.201189966017831 0.208890011225316 0.0603567589521753 0.0286243473740913 0.148695584268831 0.124613808276889
0.231735395143513 0.153839196706017 0.0498081510259952 0.290957525139484 0.113746889448117 0.156740670327315 0.00317217220955946
0.074587087752673 0.192102360067623 0.0687100078875175 0.126490190930747 0.159816381993195 0.189970552097778 0.188323419270467
0.166097261459136 0.231485470439946 0.269990517027876 0.0572004119853055 0.0418073720799494 0.0593409013308988 0.174078065676889
0.244411685367534 0.100584698604884 0.145063628265735 0.210296433463716 0.127885949457332 0.0302191602496846 0.141538444591114
0.163522287900805 0.183875211415975 0.142127912160249 0.152790217508891 0.155603819227162 0.0578516487825752 0.144228903004342
0.274683594256162 0.149139283720525 0.205639486140176 0.0498030062805769 0.0393535077485799 0.159395591786343 0.121985530067637
0.252136855990381 0.0433799269825105 0.217537396920084 0.0468358725914327 0.105750015714036 0.111420352211584 0.222939579589973
0.044260863750413 0.175073662043278 0.0522388278676801 0.146595238039761 0.136070098668325 0.297221868637786 0.148539440992757
0.105468505760692 0.0446045696595266 0.235661950043652 0.304157371251982 0.230511039396183 0.0203970817322042 0.0591994821557601
0.0268686440921636 0.0195825723288374 0.279230119920023 0.170765475666626 0.217700422424414 0.000261401694221595 0.285591363873714
0.0660148278738933 0.242069218910143 0.0597802082733254 0.258306189297149 0.104217330746778 0.182372600221524 0.0872396246771862
0.0262940817106357 0.230218252324147 0.215649544005546 0.178480579157875 0.0543797633718411 0.0135056036586024 0.281472175771352
0.186281932692153 0.24049739966949 0.24501157422619 0.122348819240804 0.0317987270928042 0.0292979118654294 0.14476363521313
0.191449347993465 0.211801924087972 0.130615681997669 0.179419738367738 0.194920844607094 0.0622806977723506 0.0295117651737117
0.2408041371438 0.197027466112916 0.103640522149545 0.111683793231261 0.0723352146103588 0.163334692530091 0.111174174222027
0.10712805640066 0.0598871384768818 0.294379692964501 0.206608391224743 0.0437862250955661 0.0427640062913628 0.245446489546285
0.289256855874633 0.229993790200202 0.277558432208825 0.0324400151672173 0.0512013348556077 0.0484705442603304 0.0710790274331849
0.130640240364808 0.0579100617880283 0.0775657346651053 0.239975528188828 0.125187278464066 0.124184774651538 0.244536381877626
0.0611211419738444 0.0264170666801996 0.148333174203402 0.192854508283599 0.191602718324494 0.209446840087972 0.170224550446488
0.0305262769713692 0.270577949352633 0.0526865908554916 0.0657047744791812 0.33609779303813 0.101056525371941 0.143350089931253
0.0564205186607144 0.043116797787259 0.0324922513477307 0.252179226773928 0.130176450557964 0.241578916137404 0.244035838735
0.298460559252126 0.174011461083612 0.0735081074104613 0.246483541562631 0.0084067744383357 0.0989098878558321 0.100219668397002
0.0825300178532634 0.197173437285718 0.146700833229643 0.120660773177899 0.180353797924569 0.0988375134982085 0.173743627030699
0.223555471669558 0.10109116977255 0.033758656617978 0.131503861355183 0.183583329630506 0.218275887135249 0.108231623818977
0.00439010100004089 0.0162269157744626 0.151644377692064 0.199711970884406 0.240480163351689 0.137549948765349 0.249996522531989
0.14935440150386 0.0861914354635778 0.133714205820828 0.195052286232474 0.177305010702976 0.103437162796916 0.154945497479368
0.0836272517767151 0.178928225466981 0.216807797438749 0.0268018502530633 0.0906400513095581 0.202922121477337 0.200272702277596
0.103968805425138 0.0283228478186433 0.0579603651144598 0.289133757310433 0.175654758117412 0.150120171943285 0.194839294270629
0.429042821123805 0.129274107583756 0.164415921496267 0.217064335240758 0.0143131917715101 0.00696302895169491 0.0389265938322089
0.139818530045801 0.132209584876751 0.0517799721771591 0.214468152971006 0.197490708235327 0.184490001042879 0.079743050651077
0.103485230528421 0.227757982990758 0.0340352558711591 0.18641879610226 0.185549968457586 0.0996162672209803 0.163136498828836
0.092440298276398 0.0329519014090916 0.264677896455517 0.258094531285598 0.155412161345622 0.169753275604432 0.0266699356233414
0.178600840235521 0.121652948329555 0.189461369803967 0.0306226431124699 0.0326813159245972 0.271391880243148 0.175589002350742
0.0305035960112819 0.26533170168429 0.241535479668642 0.205597145048083 0.0795610351579341 0.0189604091501386 0.15851063327963
0.0508143476497676 0.0633115771439617 0.191025985098557 0.212052981207332 0.174731995615906 0.158362713609567 0.149700399674909
0.309800983839566 0.27133992801851 0.0773189738885218 0.00522389687322393 0.163894359061172 0.169668489393233 0.0027533689257735
0.0276324948615156 0.132049219616522 0.178452508860344 0.231768189814133 0.164175949618885 0.251082954393068 0.0148386828355318
0.0112725930261371 0.128612362527296 0.129326966725758 0.0499710809369743 0.277139025450784 0.125550088957013 0.278127882376038
0.199756622617018 0.0751804166904082 0.151110545146549 0.16498751214766 0.0926893278335735 0.0795800205673396 0.236695554997452
0.228563044150208 0.036370851647917 0.0787857109882954 0.281418750711082 0.0169601543821273 0.223890556037841 0.134010932082529
0.0864012487791418 0.0371650335520288 0.16282992130943 0.183673309790873 0.228845198486215 0.21876627340668 0.0823190146756313
0.158786278578271 0.187001252002619 0.188987077927244 0.132394901345289 0.135996006127543 0.0919389235495425 0.104895560469493
0.212658243144465 0.127723615866189 0.0360332312077408 0.288203565248989 0.25839096477046 0.00277002210712264 0.074220357655033
0.175044230462562 0.0581132117585294 0.210236111758386 0.104533165000585 0.169779526814684 0.09043017262022 0.191863581585034
0.115979383654457 0.251706599679849 0.160810045213748 0.246385208654264 0.0130141070590594 0.2029432018737 0.0091614538649222
0.078192768665813 0.0306277958695034 0.159760237366235 0.239297101227475 0.250535307221194 0.077999357447543 0.163587432202236
0.233330959120458 0.0583503356054283 0.121708492919414 0.156152311864577 0.220600368629389 0.0691568307833191 0.140700701077415
0.172669444286474 0.225159051247869 0.20001852202569 0.121801063959058 0.00542261993903779 0.0224726355222502 0.252456663019621
0.181143635849643 0.106490809821255 0.268659282249455 0.0138551380667623 0.230423826686864 0.157069797520808 0.0423575098052131
0.144711898044486 0.0840872688480315 0.165521441298406 0.176844470379249 0.0500874472454829 0.162092225219192 0.216655248965154
0.177466120127083 0.147997633684893 0.0599500735177879 0.0111007502941253 0.226364831066688 0.125080762134356 0.252039829175067
0.160249034745456 0.0838080026948976 0.176464034936122 0.0386589875181499 0.0411843202059291 0.236784775548388 0.262850844351057
0.0797997637136685 0.0201747989850963 0.0518538280777941 0.367581471749251 0.283951004113242 0.0697942622249168 0.126844871136031
0.190780198285521 0.0464132959162406 0.0714934789837958 0.0576664211039591 0.22544262458736 0.221524422634998 0.186679558488126
0.153833891242723 0.0413765322799927 0.177781884531345 0.237041297882527 0.0281336706418434 0.134274136645323 0.227558586776246
0.173598017871133 0.192836402273194 0.0816828686831573 0.188091946991797 0.233925499959537 0.0400638384651793 0.0898014257560018
0.341249372973992 0.199392509168267 0.0955304966676521 0.0198509107257791 0.0504751539247741 0.093236343879446 0.20026521266009
0.0227124091811673 0.34462548384128 0.0140040935741571 0.168168416743517 0.358305913097517 0.0790412685627237 0.0131424149996381
0.140403039219029 0.0615470871647654 0.255991118280394 0.0220199026324421 0.25533946498431 0.0311398272898687 0.233559560429191
0.22436670042125 0.125005882681543 0.147669461409289 0.08093220117755 0.233899525362833 0.179100204675824 0.00902602427171182
0.0849374203609074 0.0738956464838798 0.163351516406569 0.375958167638792 0.107548958697812 0.0413620882421444 0.152946202169896
0.0109157573690699 0.142139435086566 0.329737205537677 0.202622407123519 0.0243540810103339 0.143973427646677 0.146257686226158
0.164242316333322 0.178834325059314 0.201414476910513 0.14499842719038 0.00678787858426232 0.194013916547701 0.109708659374507
0.241639484261712 0.220308400096597 0.115095483581578 0.141475216787785 0.0249824809472406 0.0604099098960382 0.19608902442905
0.145828236755775 0.0353790292003171 0.18596470130312 0.177212239080796 0.278834126864194 0.149113356887106 0.0276683099086926
0.22535891352737 0.0383982735812573 0.25540048424594 0.0168433143217698 0.233947666151483 0.128657019376637 0.101394328795542
0.0500296777696794 0.246322274723401 0.0978713765229258 0.0877887340291913 0.119800881511508 0.263403091264546 0.134783964178748
0.275617694947246 0.211438225570956 0.00101270247673599 0.0610947435554335 0.219844831122951 0.0689034418331704 0.162088360493507
0.079885948355249 0.112780613684078 0.259120635207104 0.0176790608259296 0.154951953041792 0.22892614945238 0.146655639433467
0.178457063997804 0.208108389907401 0.175703388927301 0.0782112230876861 0.152013281485205 0.0430364882467441 0.16447016434786
0.0347959473547319 0.077366909074819 0.0163200950762266 0.276475333559096 0.235182299725472 0.192726670296497 0.167132744913157
0.0168300779454893 0.227254670695125 0.186655136751081 0.200973685004148 0.275521319882599 0.0390059483675902 0.0537591613539682
0.302271837030116 0.0984316176860739 0.170493524225215 0.174518871432393 0.131484339007095 0.0750685586853212 0.0477312519337867
0.204773652071062 0.0729014660988776 0.0362198963770861 0.136631036705699 0.198225966916295 0.0884204865890114 0.262827495241968
0.217926422812575 0.0642661876349432 0.235631659947929 0.165395116787199 0.01649381948593 0.0876360178091878 0.212650775522236
0.0982488279049499 0.0529822390089519 0.2091233348177 0.0597117523712304 0.212573132717947 0.22234134799233 0.14501936518689
0.0476273308741974 0.221886379066449 0.0491094928729585 0.0165414120286209 0.267900910413063 0.183031049349539 0.213903425395173
0.133505991520978 0.0865501438736051 0.133276677754662 0.187615887332176 0.0871216373402826 0.297442533150218 0.0744871290280787
0.0825562480287484 0.276525270008209 0.235696111450079 0.120644727750281 0.0520517628769134 0.179386741807556 0.0531391380782133
0.0385911080734216 0.133121955257273 0.329436747880921 0.157611315978792 0.00607484294716542 0.0569967711961048 0.278167258666322
0.0594328466889031 0.315424483035268 0.337950484222757 0.200657509070218 0.0584785992569821 0.00825165956965245 0.019804418156219
0.0888072931513762 0.0374386080965508 0.177174222025794 0.130469563500707 0.205305268859517 0.187030497320788 0.173774547045268
0.174989039990869 0.166068436669394 0.0366585081870203 0.187371081399369 0.156129156045224 0.114161165397872 0.164622612310252
0.0176635564251408 0.246333365727975 0.257224233764562 0.0682393854155025 0.144613383995916 0.0679544488720869 0.197971625798817
0.171249727995935 0.154936351289399 0.0551042538542301 0.195279180688914 0.171316581497506 0.0494124914202815 0.202701413253735
0.160191768514385 0.224591731680915 0.0476685019917413 0.190127808153613 0.193313414723508 0.182576614181903 0.00153016075393487
0.0814211188961794 0.148868689697036 0.048631683526056 0.111293738241665 0.243679018959638 0.0473471776459513 0.318758573033475
0.196558957802625 0.062711498991594 0.116679423635782 0.122162786450149 0.278092866680462 0.186197150535251 0.0375973159041371
0.219146758405891 0.101549876064595 0.176049855836927 0.184908356093509 0.197383908232456 0.0470575998627346 0.0739036455038873
0.0654527749200879 0.0475472586319056 0.327516961319032 0.323359843233791 0.181486571203019 0.0161258097499757 0.0385107809421885
0.20756434011861 0.173690862229452 0.163083664717209 0.192506521347513 0.175571794413382 0.0380782642226877 0.0495045529511465
0.0700259116218935 0.295122316924941 0.267847737256735 0.0667841215432701 0.0717823092664552 0.0324136691965416 0.196023934190163
0.0637150830012479 0.155300800499108 0.177371401625426 0.161552240290423 0.0730114918003553 0.186946815405803 0.182102167377638
0.269647575758634 0.0459589650040262 0.269127378973093 0.0262508097772979 0.0490472352727851 0.223509699722664 0.116458335491501
0.198971800598499 0.116582027399504 0.173460082577488 0.248108878717356 0.0155674849987354 0.04905119135891 0.198258534349506
0.0683863646102313 0.25082332001928 0.208860454542874 0.165010348714869 0.223711988266736 0.0415839265836394 0.0416235972623702
0.138411128065885 0.213485518720793 0.0307552541816047 0.037756394054201 0.216446605682995 0.204006594480015 0.159138504814507
0.257565561878608 0.170244984202839 0.174108301564291 0.0713345566211246 0.182612795783893 0.136445967749983 0.00768783219926104
0.0853127591386117 0.0928298682230179 0.163569143726182 0.202051595051222 0.134082358697429 0.129572311163431 0.192581964000106
0.172817381394832 0.0931814279104982 0.112425190021444 0.156914789436958 0.0964761169688814 0.18208010376408 0.186104990503306
0.209222640601432 0.111350858419956 0.153559959094452 0.209098412577417 0.150920230062598 0.110879841291622 0.0549680579525214
0.100444828225563 0.143975589082327 0.157205869366611 0.149898436789446 0.165399290007212 0.1396880011123 0.143387985416541
0.275703337232899 0.077319954854439 0.186606768731419 0.00361198692901193 0.127355691329966 0.129568229306115 0.19983403161615
0.129193361280612 0.00891669542215397 0.170106968023612 0.151045621341235 0.198780645943485 0.149242797576559 0.192713910412344
0.125800316372705 0.187924400237035 0.22401706419963 0.162135494060492 0.0103775076099992 0.0419037129153895 0.247841504604749
0.0558586314666921 0.0182351799881478 0.116309376570292 0.134862802462397 0.298034658787188 0.2015272542887 0.175172096436582
0.124047257576206 0.158275566650294 0.108238086477399 0.240460325942859 0.175038388982862 0.0409858681877247 0.152954506182656
0.123707226814134 0.0819524424893551 0.00649950311307731 0.302786483076379 0.0762438752033038 0.330464457804758 0.0783460114989932
0.0442300048803378 0.130487714584412 0.310043298211151 0.00489891923118607 0.00864949277343666 0.216280114327337 0.285410455992139
0.185669593180752 0.0650848515574034 0.232924107902153 0.219065865258313 0.200536337796656 0.0951859910248817 0.00153325327984118
0.163864361756456 0.0182645030653868 0.169428469634395 0.230954327448695 0.108144369908618 0.0611260025974101 0.248217965589039
0.149549247690975 0.0929938112889062 0.098038358131422 0.165792059440758 0.177855814010187 0.157945298847948 0.157825410589804
0.0999647442386447 0.0627056989035292 0.223128902702476 0.18745611957979 0.236627765809308 0.100977068341188 0.0891397004250633
0.145321017827233 0.160107602101179 0.203247518394735 0.0973485405063306 0.177883454875153 0.0124750529592016 0.203616813336168
0.150813182535478 0.034947597637504 0.240898612466418 0.176280249805628 0.0267895139701196 0.23193164769567 0.138339195889182
0.0437664459423974 0.149897999492916 0.130640634454618 0.12025502289217 0.0256029253436695 0.371328441615036 0.158508530259193
0.176033582814801 0.0913231442531556 0.0445865263000318 0.154803404071447 0.106799187204448 0.126884011495234 0.299570143860883
0.143467288815982 0.156138840398632 0.14417756549304 0.367574719436972 0.0151149665231236 0.167921000562519 0.0056056187697301
0.0565682045890934 0.202352697398345 0.210749200916514 0.102075626777991 0.188769579111551 0.193757178162761 0.0457275130437457
0.0357540520261984 0.222055042701005 0.151372816101905 0.0112275271548823 0.277688055676483 0.134644405216658 0.167258101122869
0.0342093199343334 0.253565537513278 0.302766306088106 0.103763577639698 0.0118957155544189 0.133125516508799 0.160674026761367
0.16936455421452 0.0208372566450639 0.276170069645943 0.163645224134344 0.0609292895371729 0.18605216516652 0.123001440656437
0.239360756663706 0.281226295654878 0.0667830622036999 0.17175275079838 0.0310048555039495 0.0727259491944603 0.137146329980927
0.0347894584236931 0.239179711222705 0.171269108293389 0.290580204968945 0.153804044229046 0.0904932607251647 0.0198842121370559
0.320373809587976 0.0842772625254511 0.00572526153812791 0.166083834265655 0.0434120738393965 0.199759431001513 0.18036832724188
0.19019445240166 0.056120629786265 0.116422465380878 0.220951035036085 0.0997225795517189 0.189996489739985 0.126592348103408
0.269509306060372 0.101526428956628 0.097370096367805 0.13875030803973 0.145176605972752 0.0328764726930735 0.214790781909639
0.292348849534018 0.0388381984109813 0.329203317786908 0.03500054986789 0.0427014506689144 0.231369445227914 0.0305381885033741
0.103083629764739 0.0679984863021891 0.198228111276001 0.174687240918464 0.293042006831804 0.12271830684282 0.0402422180639841
0.37664167365672 0.0167161142431946 0.0243145839736886 0.0540863813871964 0.340480035677679 0.0754688276395804 0.112292383421941
0.227152879733443 0.222047679009209 0.153983867243429 0.197907660931388 0.015728199020427 0.00853481031095906 0.174644903751145
0.30191487415584 0.163685401806474 0.124689518779159 0.0202823055365957 0.0399090842848704 0.0497386978576065 0.299780117579455
0.129421516900019 0.100326542851147 0.00785207084491362 0.201944461600393 0.208670305698243 0.15280733765772 0.198977764447564
0.0847652867634049 0.124439431047725 0.304572021779165 0.0451185510924874 0.102866133730319 0.214016197179848 0.124222378407051
0.177952864643896 0.0172765763773756 0.197381883665208 0.222564001928325 0.0442249884123896 0.317278855747382 0.0233208292254239
0.209842660955696 0.0438465043059889 0.250066244328576 0.0879074374672741 0.205928376442437 0.108393740388534 0.0940150361114936
0.184680201106364 0.17686464480764 0.138199989265585 0.238606648037011 0.0759328468091209 0.154408560666915 0.0313071093073644
0.262075371424958 0.268779024013923 0.169724698654722 0.144027213910912 0.0137989479858076 0.122537567053146 0.0190571769565316
0.193325726479684 0.0871563231052885 0.0996365380168791 0.268566593836882 0.167271716567177 0.181593086462696 0.00245001553139301
0.23626419976303 0.112354382864709 0.170776791374172 0.0342260620745199 0.164957938179937 0.189338966081759 0.0920816596618724
0.0969016795403749 0.0677079447462764 0.231762114138554 0.137619354109535 0.246052824589635 0.10995344561407 0.110002637261556
0.250009309543031 0.0427434401761777 0.0616627356147447 0.0895056448122059 0.191342032211275 0.254068961838742 0.110667875803823
0.0792086859292866 0.201504193221714 0.207323813910884 0.0986187604274125 0.185196727455548 0.177965174384712 0.0501826446704426
0.0730763133987842 0.237108317831435 0.241509503419888 0.170073010373859 0.138849521698495 0.0500879580666808 0.0892953752108582
0.0295317091621155 0.183305110142094 0.255685513447818 0.00643403899185975 0.244662965927127 0.265225680551848 0.0151549817771377
0.0219292849233381 0.100875652718628 0.268380414851612 0.111153826861402 0.170590066975889 0.284421494319092 0.0426492593500387
0.0405274662897303 0.0480860050346615 0.0920621403968859 0.255894103116048 0.0996490522310657 0.312623592063134 0.151157640868475
0.0180143942771176 0.265311237835966 0.318721166177176 0.0238426629930836 0.269260943157793 0.0315130016110089 0.0733365939478538
0.0201662747932927 0.23483238614822 0.0851367277084906 0.24403153986553 0.0874495071312652 0.282696110698987 0.0456874536542141
0.275550880315162 0.136344275805915 0.0399869669344597 0.0740575873353647 0.189358248724781 0.134644693421971 0.150057347462347
0.0974524057126668 0.0609755783429305 0.279046898335844 0.289944890178709 0.0672661481459829 0.198150702990323 0.00716337629354319
0.215338510376761 0.120643827366859 0.145325862028325 0.0948827009099677 0.0221644335213907 0.252405590836734 0.149239074959963
0.119904850071367 0.086509487877148 0.142588291811984 0.183418731729375 0.196337907918869 0.145210590612617 0.12603013997864
0.0918758419514404 0.104063158891612 0.157479498486258 0.183732215318059 0.211280123148253 0.177601949013274 0.0739672131911031
0.153829673976374 0.156049949919659 0.0822887076777429 0.147621194359309 0.13950421429157 0.156688905879982 0.164017353895364
