0.117780679882661 0.123337681158902 0.160946162781644 0.298409874219158 0.135126381409208 0.164399220548427
0.0322142814039332 0.23788041180365 0.164250458672632 0.214259437231613 0.218975636485525 0.132419774402646
0.181267295608741 0.204893286259928 0.159771183475972 0.0324857720450991 0.164229350962439 0.257353111647822
0.256614291198026 0.0175941952591963 0.156325099637117 0.256015871024031 0.055631456317804 0.257819086563826
0.165534608284275 0.191355087181399 0.214399322339116 0.0589682947242994 0.0935743546980739 0.276168332772836
0.0516187607189706 0.273355167517957 0.156195502723852 0.270847289372551 0.0501634194156485 0.197819860251021
0.0158258361460826 0.239479295548443 0.231099307324957 0.247805385551641 0.208311932189811 0.0574782432390658
0.0500889327253202 0.365863660180152 0.0442456497949809 0.205841639517071 0.140840957719114 0.193119160063362
0.0472075299631581 0.0844581167228679 0.136751683093142 0.0793865440946992 0.356123336805499 0.296072789320634
0.22797221030062 0.200119431206249 0.268315850185486 0.200414741836906 0.0662559961999166 0.0369217702708228
0.119303621585128 0.172301076514843 0.159898263391806 0.180265647662098 0.191006103972081 0.177225286874045
0.0938232555466532 0.227766219495696 0.262656634225016 0.00122384653822269 0.0721885806015229 0.342341463592889
0.340878790501871 0.120031892049391 0.17214685834262 0.0726942940734428 0.260704022403941 0.0335441426287348
0.185715635075796 0.089250552397703 0.212799560514792 0.114374167850514 0.139291931130342 0.258568153030852
0.0175619143556229 0.143754594554763 0.321286412259565 0.0357803313035253 0.164895879982645 0.316720867543878
0.074418605392264 0.124559025291661 0.204869680865609 0.0486299805579182 0.379245441605338 0.16827726628721
0.338579049600341 0.0781139969971567 0.288269755349695 0.0391526140938941 0.0690652433744183 0.186819340584495
0.122493015656251 0.139278600902065 0.231045984824021 0.289303153937199 0.029835874462216 0.188043370218248
0.0986364648568633 0.305736741555101 0.00243187802464442 0.134302527256376 0.097676138810512 0.361216249496503
0.292574747141234 0.091344011176275 0.0500493336345178 0.27486601777997 0.168187223186806 0.122978667081197
0.243258282887498 0.183066758002457 0.288872478584245 0.253260158485152 0.0265030349033992 0.00503928713724852
0.301942993471447 0.0395900326941701 0.0853315146008344 0.320111706095479 0.0483351098379513 0.204688643300119
0.160929522411832 0.24217534213244 0.241526958102567 0.00418810975084994 0.286389055106818 0.0647910124954936
0.204142627355764 0.0653980218734335 0.230571371845672 0.155406486117545 0.172567794698613 0.171913698108972
0.260786153571249 0.0579527981251916 0.323761951426501 0.153790187214466 0.102108885978827 0.101600023683765
0.195326356495866 0.175774252866085 0.179035251800867 0.200627207553987 0.112330645688323 0.136906285594873
0.283247776880975 0.244445168667203 0.200453668382204 0.106293326204008 0.148132514259437 0.017427545606172
0.106421842597088 0.262991117107078 0.16489480754974 0.150189614471081 0.204930599320873 0.110572018954141
0.0469854753356203 0.145882053573696 0.171644465456073 0.150352510253918 0.212665336068165 0.272470159312528
0.171685629626498 0.0577089677475869 0.0625878522964087 0.109113219074575 0.327001415371731 0.271902915883201
0.0240471563390917 0.269081993606623 0.0757303210657847 0.275053813762353 0.147799276586577 0.208287438639571
0.143363601615423 0.113716664999869 0.09357897991068 0.182662906219465 0.248542607564966 0.218135239689598
0.140414031912764 0.243764090211389 0.278370132058324 0.0314803471863134 0.17985560151463 0.126115797116581
0.0866729261190225 0.142961056795118 0.209116857556036 0.227090777193739 0.181259343851357 0.152899038484727
0.166261322215383 0.109240411904385 0.155718150008348 0.149442387212379 0.179991411616614 0.239346317042891
0.123469265858126 0.10285267363029 0.273086138534595 0.0074533423096383 0.103533783981984 0.389604795685366
0.141986078606811 0.146369211177334 0.231828244429781 0.186692374716782 0.197333911390494 0.0957901796787986
0.192756173840972 0.209755684978214 0.145888013941429 0.16910203974618 0.193015693664601 0.0894823938286034
0.149257402812057 0.0630596837127484 0.154176353212652 0.190517495477881 0.275464933960834 0.167524130823827
0.118728294903908 0.162139065169409 0.0337925953721164 0.16932503801498 0.20016205630009 0.315852950239496
0.160061556383223 0.0225907346236306 0.112071768358952 0.122867074176447 0.311490339720459 0.270918526737288
0.233945949638781 0.106496952950876 0.0343671850987455 0.30580496324003 0.0509827098667385 0.268402239204828
0.254128077044982 0.210849943621833 0.288981949584173 0.0513367951485211 0.00636170154982572 0.188341533050666
0.0380626243003301 0.055822392372184 0.317171942090926 0.0227541168425589 0.20236203842286 0.363826885971141
0.212208043856817 0.0453226571282464 0.125474198313258 0.213829932197964 0.212979368943066 0.190185799560649
0.164097411388036 0.142500919124397 0.071697468682036 0.149771908775403 0.175648004806508 0.296284287223619
0.00521486426199727 0.0373353788156351 0.239338232154026 0.1643750606612 0.14655715844319 0.407179305663952
0.11229685708479 0.260056979193301 0.0624046817157805 0.173083385005464 0.155705672207778 0.236452424792886
0.229852007347667 0.116416592927316 0.283761476249967 0.000178760004387874 0.225182363594495 0.144608799876168
0.30953200336115 0.0617508081840122 0.0795632309287557 0.290145975020277 0.0444057923240045 0.2146021901818
0.169568060776148 0.169744779974794 0.00856193041849763 0.231495562529104 0.354095627045153 0.0665340392563032
0.160497414757164 0.187047636907158 0.247351084268734 0.156201766564729 0.0700663339726404 0.178835763529575
0.00873886334870666 0.254290586688161 0.136710820567814 0.291288508904325 0.0799435023508775 0.229027718140117
0.198653158369336 0.182203013953864 0.270524456008012 0.184650149927552 0.00508616118456826 0.158883060556668
0.261198612750621 0.12283529385361 0.059351006309847 0.271889185316996 0.133753876026507 0.15097202574242
0.0624827950327937 0.291895383804273 0.0378673146163127 0.209379757930687 0.188301881988547 0.210072866627387
0.120397886439546 0.250791900044469 0.181583981475536 0.245911695079867 0.182964227058264 0.0183503099023175
0.179755181598203 0.0610004276312554 0.106426745585688 0.214038238120063 0.311387765899415 0.127391641165375
0.414110324580093 0.166573673347252 0.262099309544069 0.0021285146571498 0.0259950933135719 0.129093084557864
0.230101966809817 0.0384532372256874 0.124401791110177 0.288278528167152 0.265485360161447 0.0532791165257202
0.17392068927929 0.13455344935102 0.118843891562779 0.275797231728597 0.293867077166873 0.00301766091144149
0.00267732813502098 0.358240447389552 0.334894274816323 0.0421655708831558 0.187801645431834 0.074220733344115
0.221236656484209 0.362211615005033 0.0644706604652748 0.209110580957499 0.00506799882965573 0.137902488258329
0.318121582719028 0.00311282474183181 0.231276752762658 0.259222926498296 0.0544147662711916 0.133851147006994
0.0503738501203962 0.240727258375666 0.130427310903615 0.266659062140749 0.129252589541709 0.182559928917865
0.143482538822416 0.180319426836359 0.195565629075058 0.146198159308751 0.211965820184257 0.122468425773159
0.00454271733260504 0.0582375783008417 0.574419772239114 0.0216303382163443 0.169872490890071 0.171297103021025
0.253646965484292 0.0210679560328862 0.243689654945398 0.230519343887895 0.172206278061552 0.0788698015879756
0.102377557266716 0.147003515430112 0.0685918587035418 0.321836702299995 0.184165969558203 0.176024396741431
0.268210104824301 0.161332134110348 0.0447981310828959 0.0122998707528537 0.212980751309471 0.30037900792013
0.257166862084879 0.107048936788261 0.0704889327480611 0.202362632781308 0.21809289002343 0.144839745574061
0.13454421710329 0.271645914489197 0.234121914682752 0.056540905666784 0.137347263897875 0.165799784160101
0.24583043500645 0.249804161611043 0.021231861279243 0.124264537263961 0.311281132078728 0.047587872760575
0.0623842870887115 0.193483909627083 0.327462783685075 0.187610094468567 0.191398393282616 0.0376605318479477
0.379582064600373 0.0619740010547725 0.389971084603494 0.144782584694634 0.0211355084343831 0.00255475661234349
0.241852014841851 0.0416350939572682 0.395373498739103 0.0899017629039455 0.0744328854197167 0.156804744138115
0.0964410107657836 0.160812972388375 0.142252281960447 0.0830622542095033 0.297057828376271 0.22037365229962
0.00148827795841578 0.301007136409043 0.175575551418053 0.112810047081577 0.231413431122232 0.17770555601068
0.211681331601652 0.291178735243786 0.0540155760690433 0.0267141618376324 0.20401775562644 0.212392439621446
0.166479281575171 0.322518922617816 0.14876986245541 0.0468077403099429 0.312175072510568 0.00324912053109099
0.28522636246602 0.128876547929441 0.147547140716987 0.0291545595540833 0.295227347050062 0.113968042283407
0.276103269752711 0.119474941190716 0.0855220858390683 0.293203650909172 0.21713375425782 0.00856229805051257
0.0855040192320743 0.192299859217987 0.179549408910956 0.190421346824674 0.132985081660346 0.219240284153964
0.123851123733672 0.266670125143364 0.150497218007859 0.250282799453385 0.206615486227229 0.00208324743449122
0.00979677824876882 0.249649605954361 0.0267392816831526 0.139115626498099 0.314734998911034 0.259963708704584
0.10650882751786 0.166699493396167 0.160948379090277 0.184092334748678 0.220528099517115 0.161222865729902
0.165468075453128 0.041021959013575 0.0724959279331946 0.143227369538139 0.259061093912026 0.318725574149937
0.0615010469085107 0.129270135531949 0.217490935779515 0.229186844554483 0.310241989705937 0.0523090475196049
0.108019970590281 0.288164966017151 0.0521252104022153 0.0610112555638247 0.338605976174842 0.152072621251685
0.178908883221379 0.216655443008958 0.164946835441348 0.158006522064636 0.0655747046934343 0.215907611570244
0.284270872516304 0.19562910566238 0.211144148803089 0.105494684276217 0.133575143440565 0.0698860453014452
0.0248681076481573 0.169345582902347 0.10882711245251 0.300756094510079 0.0835009867586812 0.312702115728225
0.13297360016495 0.0934823333143476 0.192137901525059 0.189605334253191 0.245722680379872 0.14607815036258
0.0356964446537988 0.0203731749864838 0.0965578246036308 0.12349342550278 0.291544963558146 0.43233416669516
0.270716896411 0.22415057069263 0.251579672352536 0.190679413198907 0.0264103566211781 0.0364630907237488
0.135648875087393 0.361713509334645 0.109347794707292 0.106467283468303 0.27816694016147 0.00865559724089746
0.100287716622357 0.251739741962105 0.263084880579698 0.103379909523398 0.213878205513331 0.0676295457991112
0.141214969536254 0.18454150343867 0.17742040258697 0.394912474917581 0.00644501849019473 0.0954656310303304
0.171254524240613 0.218770861971674 0.172740301947002 0.153207266157422 0.173523107317027 0.110503938366263
0.0768945082286398 0.213306154262251 0.203529098078639 0.193918717356544 0.216759494072872 0.0955920280010556
0.252934685184177 0.164267484100741 0.108255190358569 0.134740903733415 0.115656605273631 0.224145131349467
0.0835791873129327 0.0764582079439119 0.320414307789964 0.0693978086122516 0.141180406349621 0.308970081991319
0.366999524657258 0.236545553989438 0.0655772617181613 0.0377638429958138 0.0565202217464133 0.236593594892916
0.212241072412519 0.218033511487109 0.197376097061849 0.0958836249383454 0.0892977233437249 0.187167970756453
0.338022874466349 0.182020348737064 0.025744877215488 0.172165069891649 0.111232103156832 0.170814726532618
0.0925709527708882 0.335954310042827 0.0564550860143832 0.178908493770922 0.0549056854943917 0.281205471906588
0.288784625810043 0.0992052760202095 0.121041238010893 0.127109617466469 0.067449087455803 0.296410155236583
0.2999715390296 0.0650294296063339 0.0883274344563288 0.110255121779028 0.110863153435218 0.325553321693492
0.0890007821183932 0.289174809243314 0.105673648343882 0.301945548759554 0.195053603680932 0.0191516078539247
0.196882549230348 0.278580017164965 0.0508893095520564 0.279798187574699 0.0104353485265081 0.183414587951424
0.0271919902485165 0.122579898720705 0.0422844441401933 0.406582235733159 0.0997929490081668 0.30156848214926
0.297867959928964 0.327890901875378 0.178468785815952 0.167906061754383 0.0167903367931683 0.0110759538321555
0.133043788430585 0.106315846264335 0.184466344706472 0.180561082919116 0.234164917652557 0.161448020026934
0.245257262731169 0.0321533052031437 0.188676925191048 0.158288596834975 0.182869170588683 0.192754739450981
0.0997859416099023 0.222999131837416 0.191566510586056 0.212833328534554 0.144357477341878 0.128457610090193
0.245249731134469 0.252880368882465 0.14758432984587 0.0275205815076451 0.283281118623848 0.0434838700057026
0.23400746653801 0.233302236019762 0.240754402885142 0.0622869767489538 0.00754353553441268 0.22210538227372
0.175052547143603 0.0951182614759636 0.0825176543592406 0.293920645429937 0.0240442623006552 0.329346629290601
0.124125423114843 0.0180825595199196 0.358525432223467 0.152552690071936 0.19975088354418 0.146963011525654
0.253849194000733 0.161233842011816 0.176238500290768 0.0662418217337007 0.259069550427687 0.083367091535295
0.217300617391716 0.0612405607466118 0.216645678465494 0.111130177488057 0.213491323076815 0.180191642831306
0.139171099336875 0.05286852599979 0.0678354341392613 0.256795289300857 0.158356140398827 0.32497351082439
0.0509386421548118 0.247380110495881 0.262267882198333 0.133803408266223 0.0610347937624187 0.244575163122333
0.276970368875734 0.228638049425845 0.0754011735827169 0.322654049932659 0.0189724133178782 0.0773639448651674
0.00538474480556143 0.223447118607597 0.0934326965414076 0.155046372921548 0.298121747831988 0.224567319291898
0.0299086921278374 0.251725863410528 0.21201110190007 0.0372429925141042 0.310509543225515 0.158601806821946
0.10669751665091 0.210251870098188 0.121601405660894 0.214702983292748 0.179852194557574 0.166894029739687
0.269398166154456 0.111761678788512 0.215694671381035 0.130299770990376 0.176308002949798 0.0965377097358234
0.164689924094647 0.161853523671227 0.213794964788904 0.195183528713429 0.0413211456699168 0.223156913061876
0.00742750990758692 0.63931567302611 0.035071135101816 0.0561672068917435 0.224991499696592 0.0370269753761514
0.0543479081767021 0.18177500430384 0.22687570468592 0.332747216873059 0.0300258519478742 0.174228314012604
0.355939876505494 0.00356044958928733 0.162823275589586 0.360713355889589 0.0359848856154808 0.0809781568105633
0.0329035453755346 0.0941026467757771 0.219769107584494 0.231449403539781 0.348796505060377 0.0729787916640361
0.270747662292395 0.100678224068007 0.21168537666273 0.0952475197242758 0.0772663879579244 0.244374829294667
0.100326314158603 0.121434613498947 0.193835171163027 0.128960483049989 0.324423474826802 0.131019943302632
0.165116073275626 0.271248964811296 0.171176653685563 0.166745552770409 0.092318766087392 0.133393989369714
0.0793832044674911 0.215137386934583 0.144148245453782 0.0663107162817813 0.111004930214475 0.384015516647888
0.284882256699697 0.132194711992337 0.211043982661427 0.0610805578415082 0.0734671761503859 0.237331314654645
0.312459606708417 0.00780011474153599 0.246582286280427 0.18667952044958 0.110367241876305 0.136111229943736
0.256890919560875 0.0480120613407595 0.197147054404474 0.282780488023251 0.104343937488468 0.110825539182173
0.328608438972249 0.130891014547186 0.0695541683315019 0.122693384909242 0.33044273582488 0.0178102574149412
0.00370137365561065 0.33969969514078 0.0695482638018696 0.18599776556154 0.285741398238013 0.115311503602187
0.100829201363218 0.294190342507243 0.0923615928163136 0.252076035977827 0.184769078734197 0.0757737486012018
0.0194335189665724 0.387595190695431 0.00919479717996174 0.100744198638135 0.208062001986508 0.274970292533393
0.108672881127853 0.245028378067051 0.119732591369237 0.224831310468523 0.190938843641832 0.110795995325504
0.00152083136766997 0.406781667330499 0.16912678657852 0.0109437244853367 0.149883471923231 0.261743518314744
0.281928469180654 0.0378826833961062 0.0682850637779421 0.0833991517215795 0.311027901383376 0.217476730540342
0.18853914795759 0.248947976980544 0.107857353338105 0.106678230446981 0.123168451015883 0.224808840260899
0.0932066844521664 0.245488028696198 0.172115150318227 0.198013777933414 0.0354326483694547 0.255743710230541
0.184007034435596 0.202859190810283 0.227170970247723 0.254141501755816 0.0828939151110951 0.0489273876394874
0.00796273912807702 0.301620386783406 0.0491995680955223 0.270848707145447 0.0448357467618351 0.325532852085713
0.125953753374173 0.148152389418392 0.227634524999646 0.135303491170494 0.182187263058246 0.180768577979049
0.122776915102176 0.18753418608257 0.165043631740127 0.139427565193207 0.210927802306186 0.174289899575734
0.177669930481432 0.0956383771763777 0.26792408801056 0.120208763600284 0.0932626417173482 0.245296199013999
0.214152026654026 0.0459364689683265 0.389100895488435 0.0307859643920986 0.164257379893969 0.155767264603145
0.239384704147784 0.0983772588444588 0.270147670939997 0.0796021702474888 0.204975470030221 0.10751272579005
0.326066358039611 0.104934159535694 0.0433101925316536 0.0122970223473136 0.231731313867192 0.281660953678536
0.231073577801987 0.191610825846093 0.229616474557567 0.0435241219473076 0.0839598218445429 0.220215178002503
0.26827135826353 0.0431477283010262 0.267128327961429 0.173566787672336 0.144494751215671 0.103391046586007
0.035366345797088 0.223388522771851 0.0825027883029689 0.18821029084029 0.259162218761166 0.211369833526636
0.183091807511045 0.0615639901730684 0.0533093032400605 0.195064381396268 0.228408242300714 0.278562275378845
0.272139322997568 0.0915422488173777 0.138095620881324 0.182126209891971 0.220290918970747 0.0958056784410123
0.181504492375349 0.139404092143806 0.21699724281965 0.177973133637749 0.162512966577584 0.121608072445863
0.224141490956239 0.174550171197648 0.200550211603725 0.151873425333849 0.172919593570958 0.0759651073375807
0.265974503989381 0.267984745578421 0.0642139381117732 0.0582680467204615 0.0154807587066049 0.328078006893358
0.152395752113627 0.212178323265982 0.0837891054020151 0.215057414504573 0.058215452930969 0.278363951782834
0.38472583776105 0.0943317699782131 0.0205228236877781 0.111659076064022 0.208505568632851 0.180254923876086
0.189056213090432 0.208486277040827 0.183165954367389 0.109569638279499 0.248540111463503 0.0611818057583503
0.304710658329528 0.102788738457634 0.231842871009363 0.100489822836521 0.014221213017738 0.245946696349216
0.308469351088403 0.13711947378063 0.263816027187962 0.0896882756629793 0.175153449960954 0.0257534223190716
0.196092062161652 0.11447200899281 0.0320957225417048 0.186270888722749 0.19954685816273 0.271522459418355
0.0978066828396515 0.22438064598218 0.207683381046497 0.285578551611494 0.0628506737300044 0.121700064790174
0.13859498487966 0.133033566128209 0.221735608448083 0.128427416006493 0.145336701798872 0.232871722738685
0.30113142548396 0.209609898356511 0.121782020240945 0.0671971018055862 0.0711878326758054 0.229091721437192
0.0856193046462643 0.0484926574053611 0.136904652700249 0.263792178651126 0.215008077606825 0.250183128990175
0.146031190295154 0.209578946275012 0.132625628853162 0.0907289615150586 0.27319670343858 0.147838569623033
0.259338249635317 0.184082807627181 0.197936253108314 0.159037301012134 0.107733462074329 0.0918719265427256
0.319059896556549 0.321741844754903 0.229433026176667 0.0662366889994134 0.011287850389575 0.0522406931228929
0.250348531276471 0.110864126039312 0.23159865622264 0.165736438870473 0.0474343425060787 0.194017905085026
0.225658285185 0.0807383634893523 0.191335688158214 0.166630525537353 0.156796142280043 0.178840995350038
0.0770551451075415 0.194941821214421 0.206718289679614 0.20576860808391 0.201533732131807 0.113982403782706
0.0552176219989445 0.149788490731952 0.377283468494205 0.0550622682358043 0.0121467987651813 0.350501351773914
0.111817634910127 0.340904418362325 0.250962170936742 0.229214079529009 0.0269021444472456 0.0401995518145521
0.292544506530309 0.327839693795255 0.126434554372141 0.0722089380710919 0.00633961415901014 0.174632693072193
0.0375257321433735 0.373793402078803 0.180918578903333 0.0241984159864068 0.334997842292159 0.0485660285959249
0.161130532013921 0.29068437799204 0.177973816028994 0.126202513525279 0.0708344587881091 0.173174301651658
0.0817838828696194 0.185826095380316 0.260392996101122 0.185951357502489 0.185581819811557 0.100463848334898
0.219729471051383 0.121873064266182 0.150767742226934 0.0422308306948637 0.205509361247313 0.259889530513325
0.283910210407761 0.0777764294564633 0.109272417866913 0.273120904609811 0.250401594560104 0.00551844309894814
0.00708313813137373 0.314612428498857 0.0188606977346899 0.284655317664296 0.130810046579002 0.243978371391782
0.150902143708196 0.0624029793943828 0.0903943718014886 0.249043561792011 0.139284421871568 0.307972521432354
0.200695175083994 0.461902029853605 0.141146012024082 0.174212558987784 0.00318097082274411 0.0188632532277917
0.227555419058986 0.0111602822063841 0.136173466068837 0.309566283234265 0.107026442133452 0.208518107298076
0.194322782855936 0.0572616629444259 0.0871336158000692 0.245063931937482 0.225820602148815 0.190397404313272
0.240800732324743 0.0886657139399373 0.00720564205323158 0.260745620926708 0.269436655465098 0.133145635290283
0.0331133228225375 0.226150247092837 0.176493870143092 0.130083949731615 0.182559431778309 0.25159917843161
0.195852751027741 0.211287538550774 0.0218740355057173 0.153689712663159 0.225914902869853 0.191381059382756
0.342041765069899 0.0474069415059253 0.134708163952661 0.288374016385083 0.0278695796591094 0.159599533427323
0.210261889830167 0.122378759571972 0.0741893067742786 0.203637377477299 0.172236673495807 0.217295992850476
0.0752981505468459 0.302652190451256 0.153792323045068 0.212906906406909 0.104714535015371 0.15063589453455
0.188942723806091 0.0653496769961783 0.280942616691203 0.0114348811623264 0.284824239340316 0.168505862003886
0.208751942939337 0.100931786990577 0.0347123320178776 0.24167267951106 0.212953287908186 0.200977970632962
0.224459641975025 0.0441758486401906 0.271358983635555 0.201133581024159 0.11896508127256 0.139906863452509
0.203295840587972 0.192851064502685 0.125591438070193 0.0176516315681938 0.353407099191937 0.10720292607902
0.0766313948307748 0.00981563208580247 0.215260458570156 0.0592332064659596 0.331400523195205 0.307658784852102
0.0816685211045451 0.179054888773137 0.137371960723375 0.145248005395224 0.337591853817453 0.119064770186267
0.210089654736559 0.238781382257086 0.163331971786544 0.172492539674187 0.203104271700883 0.0122001798447414
0.167726322632664 0.0889295344285626 0.241127861267599 0.275748770910931 0.137755742953259 0.0887117678069829
0.186894739946949 0.0587887884318801 0.285171879712444 0.0718962951691132 0.20066938424857 0.196578912491043
0.165829009608316 0.241378446752796 0.133600521452464 0.176565513672932 0.0461351421101854 0.236491366403307
0.124169219661565 0.254744049929781 0.222230098768538 0.121472836510234 0.208463122736399 0.068920672393484
0.207778223601089 0.302361989051781 0.256728745748169 0.0372024699642779 0.155882006431911 0.0400465652027717
0.436653618398281 0.289915849136869 0.00145812000558409 0.0215096276214051 0.0228285218786695 0.227634262959192
0.145608627359366 0.0534795829400519 0.245851836829308 0.228391383053977 0.24484552174047 0.0818230480768284
0.187760048905172 0.231937845404757 0.232189529107758 0.219534217401293 0.049577888570963 0.0790004706100565
0.223563809365104 0.211157155891021 0.22378973530744 0.170643974231157 0.0705831939077409 0.100262131297536
0.095460034724821 0.252692819847709 0.249365765558345 0.171792589797552 0.169894158687571 0.0607946313840015
0.0111088151982767 0.22672287894873 0.101877198567657 0.225862110917517 0.339308758753491 0.0951202376143278
0.231675267381152 0.24807962959742 0.0440072609376805 0.198507378222955 0.0417331434014528 0.235997320459339
0.00447248421642232 0.215785731192855 0.177598482350804 0.201077853384196 0.217012022489513 0.184053426366209
0.027668098744251 0.18341891200264 0.322777953375229 0.232132510822546 0.0161504753097052 0.217852049745629
0.0607670121394896 0.253119685610828 0.240140772973178 0.172461580060271 0.136561618765238 0.136949330450996
0.03315608149965 0.178556532372365 0.0014247980584407 0.415694046169591 0.252970484310762 0.118198057589192
0.394646115102113 0.0920839427144025 0.223446787775069 0.164940071857604 0.0407578972058398 0.0841251853449713
0.2678738703059 0.286259678121086 0.0489492525567313 0.108597193820474 0.276364855613403 0.0119551495824064
0.172904867940548 0.350734023608983 0.180092363480039 0.172705502900515 0.0702291715762787 0.0533340704936366
0.203011186367189 0.108092021645359 0.337457087502183 0.0666032264131666 0.23470568455503 0.0501307935170728
0.228174649917673 0.267792658198878 0.0180601156479368 0.105012417712676 0.247984619225404 0.132975539297433
0.328048092323565 0.142440086221912 0.330873230225373 0.170000563875292 0.00974083852116708 0.0188971888326917
0.417154385772878 0.0034588716988008 0.328764764142614 0.0448048857259135 0.0602093118326048 0.145607780827188
0.285603126166159 0.047110735052168 0.250646496413652 0.000710144349686596 0.213545814020385 0.202383683997949
0.0201190937728763 0.164350410787386 0.0251639740931526 0.303241983690516 0.274579800263127 0.212544737392942
0.145369945635398 0.120639267705736 0.113380950654174 0.142246881231472 0.252490868287661 0.225872086485559
0.106289006194586 0.247000322513574 0.0251528861665419 0.395103869519775 0.117270217492898 0.109183698112626
0.185877644571238 0.274709831649537 0.272072046422821 0.00209017498307948 0.141214682815077 0.124035619558247
0.0437151639364308 0.0887311757109874 0.211827833676388 0.240279344830545 0.281651044996687 0.133795436848962
0.0286908451454869 0.0985635076574349 0.329746000445553 0.0920482683187267 0.278556856478286 0.172394521954513
0.2808111069168 0.0965784132233184 0.112809032828901 0.149671028824381 0.166911692861008 0.193218725345591
0.212126210098539 0.0873755190267137 0.172830862490873 0.161172953150625 0.212335484988905 0.154158970244344
0.280497173185902 0.000968942335446995 0.260790963187157 0.0633944244350186 0.148853230883715 0.245495265972761
0.0362304275091768 0.0622077297949767 0.158434259560151 0.115200286007934 0.255382691222811 0.37254460590495
0.36643407261553 0.0535845135705834 0.197119367422672 0.0417532045238834 0.027397453526679 0.313711388340651
0.207376906532683 0.299396658486367 0.263707694487699 0.0054366316903178 0.15569841206512 0.0683836967378115
0.237065618848484 0.23921097741026 0.0651318030654921 0.240025289136975 0.00710766551395477 0.211458646024835
0.00528938894448003 0.247734730599843 0.162153899331542 0.121395082949948 0.20149093548577 0.261935962688418
0.161112356148751 0.0746503251252762 0.139681589524547 0.0937157077985364 0.153542521551632 0.377297499851258
0.123475755759158 0.361650580591788 0.12158707063483 0.0261143192671051 0.143040336459571 0.224131937287548
0.184441368073885 0.14518931275556 0.0313328872193889 0.260461325221968 0.204572340364315 0.174002766364884
0.0160653741868602 0.187688425773379 0.0049972500634793 0.475839465743151 0.00683690790626482 0.308572576326866
0.218699418470525 0.000136157718130541 0.0511521732737586 0.301439712652394 0.233697635924792 0.1948749019604
0.0129912015383475 0.0196565741301373 0.223209419504121 0.307752057139695 0.320346387707891 0.116044359979808
0.296738869538428 0.250206739306034 0.144746407545017 0.0339703916713065 0.122090268209015 0.152247323730199
0.181388069777108 0.0607066310214824 0.130648616231117 0.300479311295636 0.321328444867712 0.00544892680694487
0.152806235279697 0.164581507615828 0.288869709350866 0.103532636811893 0.167488459003479 0.122721451938237
0.230829511856897 0.245320992792729 0.262693967985887 0.0105179524133741 0.184678213056788 0.0659593618943254
0.243047755339868 0.433990589327031 0.0421528081887242 0.163754856350018 0.0951732610055626 0.0218807297887964
0.0283225810937177 0.0924238977023741 0.19669486628581 0.256385519679127 0.172533522724252 0.253639612514719
0.249704308249307 0.0514541822398969 0.0870838177553401 0.229440907570102 0.213927829571793 0.168388954613561
0.0315532246203548 0.128447202507261 0.27294786681937 0.0567544134785432 0.367222071606525 0.143075220967945
0.0398902592882074 0.142019971238201 0.190039426528376 0.206687365976384 0.183863312529094 0.237499664439738
0.378447549341149 0.00784861884324531 0.166908280752952 0.162692611914801 0.216872577365475 0.0672303617823772
0.23493586530211 0.0650606051474151 0.0161788504293914 0.196427972481433 0.153579489688428 0.333817216951223
0.250937984249357 0.0860249184964268 0.0773346751194932 0.203543923299132 0.264260509423225 0.117897989412367
0.0121348945564726 0.154382980244587 0.128990373703634 0.249179706162259 0.342313585053413 0.112998460279635
0.225350088265637 0.261257406087523 0.0294481799321481 0.106485915367008 0.0962040331623679 0.281254377185317
0.202230525943598 0.0962180945553164 0.207412936808548 0.219099579466716 0.0781318146536935 0.196907048572128
0.218084464914767 0.115048482837517 0.123644666189355 0.205446678309418 0.149084187782336 0.188691519966606
0.0130632915826338 0.00511479583380458 0.196780011123178 0.179228805142078 0.184913417441699 0.420899678876607
0.233384642462314 0.0732424515241519 0.0291329905220673 0.17033833769421 0.190689528135591 0.303212049661666
0.2314947253031 0.168579729277226 0.10107004663289 0.152139889741542 0.214281910182093 0.132433698863151
0.245444632184613 0.127064163819114 0.143606691441019 0.267455788960776 0.165793745860576 0.0506349777339021
0.174655666700868 0.0844452778493242 0.138558556676955 0.231812128984385 0.306673792746802 0.0638545770416647
0.3364625912187 0.359589598284813 0.0466620629134673 0.122314951685993 0.0379729732337527 0.0969978226632731
0.111175285522744 0.162176349520429 0.211555643057758 0.216168184357354 0.171344123908288 0.127580413633427
0.195219561965118 0.0601967872094981 0.228603286903019 0.151474267532577 0.197499495128345 0.167006601261443
0.02364841201309 0.269959201575491 0.0796752451593599 0.0143735351852578 0.240544466507117 0.371799139559685
0.110546367256693 0.116928093951075 0.213748518884828 0.197337760669242 0.168871959337815 0.192567299900346
0.177635593177194 0.116012474360384 0.217446252172704 0.188717184785504 0.174543423157278 0.125645072346937
0.0906164069281694 0.26607892933851 0.0803730054839542 0.19287720681761 0.127759831277605 0.242294620154151
0.16435396403901 0.266955665237213 0.12614306537474 0.313719951982239 0.0876357151147632 0.0411916382520351
0.0524652149854542 0.109692474706664 0.058228141344055 0.303869835775679 0.251070080962697 0.224674252225451
0.249436963170571 0.00379460560517803 0.146496681675374 0.0458931464040948 0.219422299952176 0.334956303192606
0.0746762395385976 0.26091808570142 0.147768282737551 0.136895332781362 0.210852573971801 0.168889485269268
0.0315490152549359 0.2899191029847 0.129458720104287 0.292825049946181 0.0339415338379717 0.222306577871924
0.257279967918562 0.217411895982892 0.199055633568826 0.16628622499007 0.057499403729822 0.102466873809828
0.226584775321171 0.217923031648714 0.0954477799606601 0.165364175447421 0.224309530369902 0.0703707072521321
0.227746913644021 0.397398428346869 0.189843483435141 0.0446945604988198 0.0237157031117816 0.116600910963368
0.395030283021251 0.0654644998903458 0.216739021372485 0.0838752793040138 0.101448240715333 0.137442675696571
0.0640695944600415 0.31535244478342 0.133333917425906 0.243876753726527 0.0796127290927898 0.163754560511316
0.00654130905843872 0.237780578067832 0.0643941603562911 0.145035317627927 0.323384713953412 0.222863920936098
0.123538460382051 0.221073095918396 0.140146962764821 0.00554784880709597 0.285074813830259 0.224618818297376
0.115596801373799 0.247871227800587 0.0294619173646986 0.275774129919611 0.177717730981502 0.153578192559803
0.13712182903426 0.137773317229167 0.118014973372796 0.117027826541442 0.167890199735768 0.322171854086567
0.257736361572253 0.202910353378616 0.146778850922574 0.0480035458238448 0.123920767406325 0.220650120896386
0.28496836023579 0.233247081601988 0.0300574576979801 0.127123960861019 0.17884001574696 0.145763123856262
0.276982280605204 0.192458716132464 0.068277889098752 0.0280595272046377 0.288141905856611 0.146079681102333
0.215178589824143 0.0118789804251447 0.241316780992473 0.0341674884550375 0.247079321760419 0.250378838542782
0.249124981672454 0.0490557210591435 0.0279827648898334 0.115307267457504 0.0208039007402712 0.537725364180794
0.285922097104992 5.77033007984791e-06 0.228382290622281 0.0462306862159814 0.144215179750189 0.295243975976476
0.197191757397806 0.136144600821128 0.168370648521418 0.309730158035749 0.089545849665328 0.0990169855585723
