0.178685226746029 0.131328512677546 0.0251195911608966 0.134037790774308 0.162401112027585 0.0103351862904812 0.179509092849769 0.165178194979351 0.0134052924940338
0.111632510194811 0.0500288648503797 0.0852899499861 0.066536798711348 0.169913658992892 0.10982227893923 0.113113752857857 0.12970874029023 0.163953445177153
0.0519937435641189 0.000225068513044451 0.0954269380096586 0.104831552305761 0.205018388946727 0.0980945384906107 0.120503500845314 0.183923052588403 0.139983216736364
0.0430624141189238 0.0362851700037457 0.181473212591841 0.0300578339162626 0.103423835871506 0.178366409298067 0.203974679817329 0.127706628747933 0.0956498156343925
0.106381837081004 0.0520746708060519 0.263033643313076 0.0325460197143848 0.0831350177985433 0.10186732940392 0.137656622582798 0.0386013935989036 0.184703465701318
0.161655884411676 0.0817934294995091 0.100084601222159 0.0393780057471104 0.131713462798677 0.170043078646825 0.0287539235765707 0.109954420684182 0.17662319341329
0.318232141964139 0.00971159426011693 0.246407165822396 0.048857699544536 0.127046261211002 0.124177672511341 0.0433208440045623 0.0322541222665537 0.049992498415353
0.172773101342297 0.127221538245824 0.0852231379594315 0.147191467533882 0.0902348151037566 0.00463434418078296 0.157777571661361 0.150884572444286 0.0640594515283795
0.144787954416996 0.0858403528440519 0.201979743050002 0.113700244534408 0.20138067050797 0.0685692661241532 0.0206120008932433 0.00254148999749694 0.160588277631679
0.155188823153533 0.0290763982340817 0.0422636642986119 0.059137783249824 0.0488539317894011 0.141401710671358 0.0850943091559142 0.237453636297248 0.201529743150028
0.0665861677191027 0.060394369636489 0.121257926481252 0.125633331470443 0.104026733295896 0.152230289768661 0.163312071848823 0.133568992495708 0.0729901172836262
0.154662966094281 0.162296169594568 0.0965593668394313 0.0590618490148821 0.128196441833157 0.163424101184507 0.0282591083968552 0.0378253782611966 0.169714618781123
0.0810207543074356 0.0653355497581935 0.131659822029752 0.0548291581807073 0.110739704696193 0.174352860681204 0.0953152442459874 0.174427580413331 0.112319325687196
0.0670998637758541 0.20314790448783 0.0584499602607062 0.254757812128307 0.000270707938604989 0.177953311223058 0.061448010322215 0.100465708287273 0.0764067215761516
0.00977217973807762 0.195552347726345 0.143956857080948 0.0697797436083612 0.253699208151884 0.0308368801935667 0.0602420295983965 0.214621561698491 0.0215391922039291
0.103410923961661 0.0715474316578571 0.162098619521642 0.0264694702443812 0.141106731682076 0.158124881550771 0.178218274611216 0.00760668144258172 0.151416985327815
0.17839333320836 0.113617696680411 0.0896840055076355 0.00715973309609677 0.0904479267972928 0.158432928961854 0.102502710451108 0.0818680120593106 0.177893653237932
0.0111876934933423 0.130118390040736 0.0525150269812614 0.00174858345709136 0.216822594945124 0.140225898983633 0.170285961880458 0.147827039712109 0.129268810506244
0.212348073464558 0.028876397952192 0.0166029771941702 0.213439413163623 0.0294133410708029 0.204384327500566 0.0647888765948571 0.0699668763085012 0.16017971675073
0.0479233876756345 0.0112198794503161 0.107616018641134 0.0697797570268607 0.238245338926432 0.00774547197020537 0.177977557488864 0.171009384429541 0.168483204391012
0.21494006994992 0.0738417739094225 0.196310141822886 0.0291193410293016 0.0600024611629123 0.0393914858900595 0.0799699393263145 0.194803801141482 0.111620985767702
0.0662520863982102 0.214463141716183 0.0840425476793694 0.169288933268267 0.0784889792229774 0.270564356084033 0.00964508488830039 0.0843584113231772 0.0228964594194824
0.0822431369622432 0.180485907422233 0.0164953025574885 0.151001012148182 0.125597225519803 0.186258561725624 0.143769081638744 0.0248179894804091 0.0893317825452719
0.168191141908906 0.142049777623119 0.015106865565102 0.0563380312306908 0.116944497076782 0.131086197596543 0.17219755109388 0.000264504322410004 0.197821433582567
0.0211826547227387 0.165498209989641 0.0200048852292563 0.177604771762737 0.164242489775037 0.0236798817648314 0.0890571639325056 0.170796720402626 0.167933222420628
0.171135550504772 0.0803174299815302 0.191570845911025 0.0771341493387399 0.0681745549461082 0.159183565791294 0.16059609185024 0.0437273821695771 0.0481604295067128
0.137180182652553 0.00201921354567327 0.0738232211758668 0.117010279362056 0.114696153127257 0.103875064060414 0.132954698950105 0.152981279090936 0.165459908035139
0.1717521613735 0.0688297282273933 0.0849982743047716 0.0709899868908231 0.133554675366578 0.233022861604407 0.0639453775410429 0.0596102221432572 0.113296712548227
0.133607936267426 0.00216461178456541 0.0111336327402381 0.219917195092828 0.194110112599491 0.0627588217456602 0.114017271446517 0.162291480143727 0.099998938179546
0.140608141110989 0.158136303567476 0.120286810584123 0.165567119422827 0.0420473458788542 0.0488783073688213 0.0970267275852012 0.137846743709759 0.0896025007719488
0.194979859578317 0.067755786916507 0.218523759692245 0.0257738027106509 0.0175369290289076 0.211801376130855 0.106664139205478 0.0527848850437246 0.104179461693315
0.162297024305572 0.13763096978231 0.0282654329587481 0.21114886316799 0.0736133027464055 0.00243632575830877 0.0266757934436953 0.206359148159975 0.151573139676995
0.205649624593191 0.0234834401198018 0.313771504627321 0.0574065959118759 0.0141392810473377 0.145259992382308 0.143562621690586 0.0237593008407376 0.0729676387868402
0.0918062514262874 0.176921849455535 0.137172240923535 0.0616633801073272 0.0902949696664646 0.145363007923906 0.163765481262852 0.0683084129285762 0.0647044063055165
0.131013414417909 0.185962189509076 0.0922218409158197 0.109706652995092 0.0562441795437901 0.0916706278541051 0.167903426544341 0.0442406867424897 0.121036981477378
0.142989139638218 0.171839117846397 0.0326614714490785 0.0411848727466097 0.160154379205343 0.111030515141772 0.111896478367581 0.167363046048289 0.0608809795567133
0.0262426590365934 0.138461066143112 0.113706041081002 0.150751243553265 0.146484510602314 0.136630986294816 0.160126781806542 0.0928145222334879 0.0347821892488674
0.249615791633957 0.258126632367779 0.0301630260215722 0.083631412587194 0.187485947641363 0.142558252376722 0.0166082886483867 0.0180549599438557 0.0137556887791706
0.0103337876179563 0.210906078817576 0.112578674767033 0.189283618602593 0.041480921301083 0.121203352164073 0.207232818467905 0.0745528526836936 0.0324278955780868
0.0936408184622108 0.184781278822821 0.0676455169582042 0.148675114045268 0.0395196833552305 0.100289132668426 0.092963475035603 0.169771221132193 0.102713759520043
0.118883376934614 0.101425414335934 0.221994977868571 0.0293058565426735 0.128789884792729 0.0917230596347443 0.0179713333634832 0.105919104362536 0.183986992164715
0.0758808476745392 0.197574457261333 0.149402575008803 0.155824309205436 0.0415897241793691 0.00114265889661577 0.0511633046241054 0.134320268908713 0.193101854241085
0.160219452187402 0.184723669429925 0.183826234127748 0.00790709303142707 0.111047624349668 0.152887782496215 0.14293430197018 9.57684693270821e-05 0.0563580739381089
0.209822147168105 0.213203405897236 0.20887488380258 0.0932928415591757 0.0841071785887108 0.0784986078895356 0.0394076724855377 0.0714183325153874 0.00137493009373239
0.199532210647135 0.0335881873216852 0.00935780275974767 0.111774132950711 0.0792127684189962 0.181570638801579 0.132219589137816 0.0776476385455275 0.175097031416802
0.0196953767383146 0.123761755170713 0.0630057975096357 0.118374813022623 0.182552173120731 0.176383220643479 0.161362266726509 0.047030744769509 0.107833852298486
0.201240909654111 0.00869859940677515 0.0192750742390026 0.137931842414401 0.177382467302351 0.153406136974451 0.0407754344675781 0.179204064205289 0.0820854713360399
0.21361424118065 0.111618322443736 0.173529370832119 0.0160553776897582 0.0702757501227367 0.184072632809144 0.0308823804134882 0.0154387456913349 0.184513178817033
0.164929986996638 0.019538717604472 0.23639544249004 0.0922596976056829 0.0320094553364488 0.228255426952088 0.110857420639238 0.0434962523268696 0.0722576000485239
0.0326520190891944 0.152533982448888 0.0341806825519024 0.173364476479151 0.141516308076227 0.0589540897909039 0.0517200088420246 0.122827698355095 0.232250734366614
0.0804189645972615 0.155869379521905 0.0813833439988033 0.179836997639591 0.0552640656494623 0.0355349858544928 0.150176801751751 0.0417629071146664 0.219752553872067
0.0680998690243133 0.141138737919242 0.044702395475505 0.15141592171245 0.0768521734318649 0.138204728047763 0.102477280829015 0.115780174301388 0.16132871925846
0.00724475667744697 0.124380467911404 0.0136971918000338 0.0901833984157215 0.172345209866484 0.146236070996398 0.100220790056544 0.184399996046588 0.161292118229378
0.182542265385664 0.0287238340572313 0.0917380823640942 0.0788549843176309 0.202453364358278 0.141603689344696 0.0644656173640451 0.0845570439777166 0.125061118830645
0.0493202329592509 0.125492695824984 0.18741741949798 0.0503922687558198 0.154213461612647 0.14500424827248 0.0641582115514583 0.0817237746109381 0.142277686914442
0.0933498587291481 0.176891998633953 0.0370960737076985 0.107433442196155 0.178187324265564 0.173928245568038 0.0126478552502141 0.138278486818061 0.0821867148311673
0.197165544777535 0.0504462159260361 0.00425408847324431 0.228031953331723 0.0893366037734171 0.120935170409837 0.101564530835388 0.207943559129381 0.000322333343439559
0.0701999291383667 0.0670346483117019 0.185222653159662 0.00250888069792847 0.123881508936046 0.140505736837795 0.0428393835781134 0.192284155335838 0.175523104004549
0.0959401779727868 0.182781394835549 0.0648234751813271 0.147538165396277 0.151961980427694 0.0998853178848494 0.00697114448887304 0.160514782158016 0.0895835616546276
0.101314400212283 0.0994602806804542 0.0378247883689186 0.084421345412949 0.0399630141823074 0.209960230379821 0.192111278437541 0.159563885417281 0.0753807769084432
0.187161190805234 0.187229673273228 0.0616616792888724 0.163145460140033 0.0924579908930785 0.0234448603800547 0.167741142517196 0.0635728263700144 0.0535851763322878
0.153211737750284 0.204869727812516 0.272916556296862 0.0558626327353978 0.0162107243159897 0.0102998731973891 0.131722097583874 0.0442393163693069 0.110667333938381
0.164440942170261 0.0921471834765952 0.169496630978379 0.0616669003098581 0.0676121514130268 0.0417371342561181 0.223904395696786 0.061841915384356 0.11715274631462
0.146196601763557 0.0779907576248704 0.257943842510744 0.177334781894683 0.0147508369611704 0.0233076105461047 0.129322571876293 0.0457837331236074 0.12736926369897
0.186087387584525 0.160126888422418 0.0359293679759264 0.144055694250107 0.119455036787964 0.0171116789721492 0.0726931469727438 0.0709621564594609 0.193578642574706
0.0618336167053579 0.0716567720268912 0.19301124200879 0.21866368693315 0.0872382515937968 0.163013521875409 0.062302734301416 0.0874928836908453 0.0547872908643443
0.0601265366043333 0.0206273159710162 0.155058785974216 0.203403131510676 0.00521107027913427 0.2147727016732 0.107617384194114 0.112875980885614 0.120307092907697
0.0205998031209513 0.171942715939833 0.0405219751703409 0.133281439894241 0.122076554530072 0.0103254344225342 0.182377231655027 0.180561724966315 0.138313120300686
0.126197986694795 0.119379534674312 0.0812347067168407 0.115112616300989 0.13396338487674 0.109810137785467 0.134224048645841 0.0426547222805135 0.137422862024501
0.0387095388021136 0.167533873397307 0.0714506440178438 0.16002367346167 0.0107631765546941 0.172708427314428 0.125408567879844 0.0907590766224704 0.162643021949629
0.0233750620927802 0.102754165399467 0.153443860326037 0.0388735190337067 0.170719611554529 0.115819983224963 0.123256874680567 0.131268519904324 0.140488403783625
0.0646575398818959 0.0737006913713867 0.119828722014079 0.168214045519067 0.0793007500077773 0.148937198449921 0.118276134536426 0.172225988824076 0.0548589293953704
0.0173009833180947 0.0359649134940391 0.0989823226450728 0.185297078940828 0.109470757691615 0.231557550011728 0.0111656791574351 0.0858007155341477 0.224459999207039
0.182883985337694 0.0602311860474185 0.0822670066963168 0.0794143076568941 0.033308322077556 0.0558403094289948 0.202323513965394 0.0133561744917703 0.290375194297961
0.175202255759412 0.0905088739782359 0.029972834310466 0.257350407517105 0.123826218933683 0.044207880737181 0.0263422530596829 0.0407361510791181 0.211853124625117
0.00673855285240846 0.0820662734268569 0.223498497705557 0.113588688703338 0.106478295182517 0.144563486244749 0.145155208372458 0.0179354226884225 0.159975574823693
0.0304450022021128 0.00863902516657747 0.100927128509838 0.147995830797571 0.126616552226792 0.18682752275265 0.192553751591051 0.123029990217636 0.0829651965357712
0.184135951842452 0.105885296849536 0.234819406813247 0.18205534937063 0.0528268578060505 0.0157600092902878 0.10548797445725 0.0790081256908549 0.0400210278796917
0.151946101392503 0.024016572461684 0.0714672564988319 0.179059424110768 0.170058106619684 0.175358598646093 0.00982725843095389 0.162773640399597 0.0554930414398856
0.00545911422412998 0.0853414858915235 0.171720232381766 0.14254214616953 0.0992966387572159 0.146053906974217 0.138181638900609 0.162115035625138 0.0492898010758713
0.199898345316765 0.116684132246288 0.0710410941910635 0.16852016572516 0.00768466964322849 0.12008940545076 0.106423836651495 0.0077441308502548 0.201914219924985
0.119031173312277 0.121677857472645 0.0845232381404969 0.144781497345553 0.143794414788001 0.0280920186676842 0.0467971901348488 0.156967258754682 0.154335351383814
0.203053423730907 0.218232308989392 0.0990749149820666 0.048737660743789 0.0203894988182809 0.130608530223274 0.0845975712780251 0.0111090325953244 0.184197058638941
0.060436048986074 0.125736311697328 0.0152827395584371 0.117593247236197 0.136001221096037 0.152544104022123 0.131487415967616 0.134825329196066 0.126093582240123
0.00751227943400655 0.0242735182643787 0.125314860926949 0.0256044633918871 0.201477814050235 0.0945376083157362 0.20629188188551 0.0755131290358606 0.239474444695436
0.0198118034820357 0.0838738586375586 0.026935268413854 0.104986570626975 0.0683524620349916 0.2401028401876 0.253597967767875 0.185037903334756 0.0173013255143547
0.00737656131987778 0.0634410705683543 0.040277857687149 0.207011819462894 0.223982868323687 0.188407170302088 0.0724447285527769 0.0284801028147276 0.168577820968445
0.165168615507782 0.129016005656631 0.291248402770662 0.000732406938771793 0.0527234738965946 0.0788930114344813 0.18008316489677 0.0309991169382533 0.0711358019600541
0.0426371584597441 0.0319434812626041 0.048823299481477 0.122144346406169 0.198384477030534 0.142059221665722 0.112620525460363 0.150026207801432 0.151361282431955
0.0679945480384464 0.0563191170701637 0.150202625331834 0.125232409608946 0.146155618669612 0.00244273609348731 0.122412444989248 0.17994075185055 0.149299748347712
0.180951534484204 0.142733842176112 0.0710067976876795 0.155587894217475 0.0317525231641767 0.0225088980973524 0.115619659344434 0.0647254148913233 0.215113435937242
0.0189948125967978 0.233084222893209 0.0818833662167074 0.104895019692337 0.0259178780249912 0.210827148256927 0.252324559520812 0.0249079220731059 0.047165070725112
0.0910845609116678 0.121451800841905 0.112262174532183 0.176766389092501 0.134280089989086 0.105438992755594 0.0594457731378827 0.0255592121792895 0.17371100655989
0.192724206542471 0.180223734470935 0.223085798839522 0.113966099581067 0.0266156562489868 0.067172031038182 0.008293693117979 0.172408544015215 0.0155102361456425
0.0672806153569713 0.0438719658311034 0.193138146671963 0.217523372087764 0.251611413729479 0.081278582057185 0.0953730719467402 0.00461336036825697 0.045309471950537
0.192360202101607 0.193627170130738 0.0791889775770509 0.0274949594773044 0.0356043113877344 0.187912567879457 0.0962328773298931 0.104024611700623 0.0835543224155916
0.0630498916367179 0.117377065468872 0.00616914464291768 0.17433754256894 0.0751977478609095 0.13353901351877 0.145071620106011 0.116376208920258 0.168881765276604
0.105209065126826 0.159234037819718 0.163555996775336 0.0708265277517354 0.123010821052937 0.138253341981353 0.0621115226917694 0.0343542773326522 0.143444409467674
0.197817969187755 0.0474708250984404 0.156565964103143 0.0324257296006463 0.0634306318442269 0.115347495091176 0.0468495907628661 0.200221559189241 0.139870235122505
0.104277808604041 0.138065654179377 0.0670083418188269 0.104717160011897 0.0344914064997939 0.103950771305059 0.0149708390321614 0.230219743175836 0.202298275373007
0.0772238055645159 0.0947182373259339 0.028850434419881 0.16788376756356 0.0872642982005823 0.151756675153715 0.0516108399675047 0.162012947556916 0.178678994247391
0.042523307662168 0.121442841341269 0.133226122536055 0.106244413019693 0.175494910539072 0.156675094320942 0.115111449948821 0.051776625591188 0.0975052350407922
0.0722382395097842 0.00297110756059742 0.185379169349192 0.134778763717105 0.103056066825039 0.0789859370056053 0.164458000676667 0.0819086637724065 0.176224051583603
0.0654347709078169 0.0290384457165528 0.016051193423203 0.181921784820761 0.166722689443339 0.131249752834545 0.177307645310574 0.210924016013326 0.0213497015298812
0.0526358314510883 0.208038710258124 0.138470444211146 0.179503290862207 0.155204508751828 0.011431672131649 0.184228782376045 0.0104191568020508 0.0600676031558611
0.188152800846333 0.141859312824667 0.137830844273176 0.195608383288271 0.0154810489240998 0.028407040803893 0.104406507168113 0.0800932705660866 0.108160791305362
0.168074364518259 0.177585121866222 0.056194832337275 0.0601984083080907 0.03502964125559 0.0183143762647962 0.218314549231608 0.119708155389046 0.146580550829114
0.0534871666745446 0.229878791817004 0.0640605795716227 0.0976835644622983 0.0888570632550585 0.173427698527812 0.0794606186338127 0.157690669971347 0.0554538470865003
0.194528782319334 0.156624790093759 0.0759050220439574 0.0116394754609977 0.0146327391306244 0.160252306010785 0.226772684146318 0.141992632094447 0.0176515686997769
0.0328159152272602 0.14896648039778 0.0712422119606136 0.0823720498965272 0.083962543843228 0.19174635258501 0.168573259163901 0.0381763679301152 0.182144818995565
0.18214293150149 0.165225036467532 0.0399949380744491 0.0142478746143284 0.162660347211888 0.0501790778663479 0.114080573371136 0.178910014744488 0.0925592061483405
0.0898885229656207 0.0842100920447931 0.158990126513092 0.147943710902277 0.115037602576759 0.0960049428722238 0.146296140084055 0.0148982751814421 0.146730586859737
0.000501012065806984 0.128807914773792 0.164340106007926 0.184843585207785 0.194548012692865 0.0527261240021233 0.145145958172428 0.0605446673207924 0.0685426197564816
0.0749633684165515 0.107078183205861 0.206814870393265 0.122237331463196 0.137389351548022 0.0106339788176154 0.177528167709915 0.0235712728387623 0.139783475606812
0.0474356753401286 0.097196142751159 0.166363105552275 0.0191941544061294 0.0586178271016399 0.217046086346495 0.209215967907198 0.158528110729708 0.0264029298652678
0.085485671987864 0.124990271885327 0.0990890698413945 0.13323244202101 0.174269188716363 0.00798726824089062 0.0956152853376898 0.128507735748634 0.150823066220826
0.107414475775681 0.149479702620615 0.0951255514380323 0.115826765922429 0.195686307668068 0.0523241709766396 0.0806296553663701 0.0303156273312008 0.173197742900965
0.135023558738877 0.0659517484987593 0.100479899228702 0.135288746888082 0.120364692218187 0.0600782952474407 0.0706550569210751 0.152558497526488 0.159599504732388
0.198499835859766 0.113764444868053 0.0732143104811 0.189653434617474 0.0243660828870207 0.0434899330722248 0.0563294985616979 0.124939936588889 0.175742523063774
0.0338707118909191 0.0535520821768666 0.152591604347006 0.0798492006028023 0.146512484712124 0.191854949712201 0.145532516388828 0.18749423001729 0.0087422201519627
0.177667760536862 0.043386826889932 0.193654689363658 0.133137506947205 0.0534211426506979 0.0680259339688549 0.114279815596695 0.0871393700869526 0.129286953959143
0.118941687783478 0.0645877288069417 0.259345563318776 0.0462159517503482 0.00760536815611748 0.00744714301826421 0.200738663041807 0.206737001048904 0.0883808930753637
0.0982966352416285 0.0845068740958417 0.12234300707574 0.105505684908936 0.0486512509618673 0.199656551924839 0.0521331371328982 0.164398575766227 0.124508282892023
0.158438891507592 0.124588634744327 0.211892975191589 0.167525658604096 0.0352496511655958 0.142681196255404 0.0359579065691225 0.0685871694218861 0.0550779165403881
0.150589680995695 0.169186296199693 0.146251307437212 0.118545805403849 0.151740838719299 0.034697695197199 0.0268879247600015 0.0281692673100066 0.173931183977045
0.100284706737926 0.144512908837052 0.0202721690028723 0.111184697766764 0.0604524930029321 0.191605189682884 0.129533197980899 0.193689877118293 0.0484647598703779
0.037097343421451 0.233414503647966 0.111219327118461 0.229754571044617 0.169160979351936 0.0068604132413576 0.0625935200988663 0.0699047146761257 0.0799946273992192
0.114896405555359 0.14223490736587 0.183954591317279 0.10027299216483 0.135606457497636 0.11397856260019 0.156990727696256 0.0377225939389128 0.0143427618636681
0.0886171206727615 0.134445691619782 0.0861946806630716 0.17413258730569 0.115141499326663 0.0931427184717704 0.00896190029474462 0.0758275764538634 0.223536225191654
0.0250372963399537 0.0586182591362693 0.121706249094578 0.180368793092193 0.110293555099068 0.174808640655847 0.0782809553343756 0.19262590440119 0.0582603468465248
0.0237599099721823 0.189787051036598 0.155636012898828 0.0662920302025069 0.0139638856604415 0.0575048855529202 0.177593070788847 0.147496399992307 0.167966753895369
0.0589206170108686 0.171653553643279 0.113572310660382 0.019247154996188 0.121530049714761 0.152762256686799 0.038610512941683 0.191503925074217 0.132199619271823
0.0515024025888885 0.0123063655295185 0.00916020028295956 0.259702797057031 0.0831150519135602 0.159580327823021 0.128979922278313 0.0700253333334129 0.225627599193295
0.0120341758803078 0.223344362779597 0.225161598268826 0.0873278506077692 0.137532147745638 0.116516027711144 0.0477136819519052 0.118101993260711 0.0322681617941019
0.104618655495995 0.0463762650850395 0.196276554058815 0.113342700622562 0.095717706209196 0.0612841259111925 0.0165025403137888 0.238426709134267 0.127454743169144
0.162364148117066 0.0866527070452718 0.113584371145416 0.00884171739860022 0.167266650777705 0.144527311969773 0.0898667169489349 0.0406092062522322 0.186287170345001
0.19136318711163 0.00219218287703589 0.165853137124762 0.0101083239457025 0.227628787002231 0.184668381921988 0.0050318787829332 0.199639741871505 0.0135143793622132
0.135215118227207 0.139799991221948 0.101448403963487 0.0650703443731912 0.0839841288216735 0.119176521311587 0.0712036208816628 0.127291593919157 0.156810277280087
0.202173618032462 0.13053477318739 0.244569768835025 0.197242334520419 0.018363921196438 0.0366255826234747 0.103697191594712 0.0528793542589449 0.0139134557511346
0.166312506928372 0.134016702537199 0.0590697469669387 0.105889379203132 0.107728679909786 0.175378554794045 0.0457147476619923 0.155904048516345 0.0499856334821906
0.105629230320455 0.0840437864801253 0.0859921221521693 0.0902781163851028 0.062244605850817 0.13734864186864 0.185742066491308 0.188798581292994 0.0599228491583897
0.131699956452856 0.15552657702721 0.117928847866981 0.11217589011554 0.130484248585884 0.106518497393966 0.0892780727522268 0.0979508706747082 0.0584370391306282
0.0951372617097472 0.145256826456689 0.114889090092893 0.0197756535852265 0.134768070465373 0.116114508981676 0.187557157709389 0.125135420591064 0.061366010407942
0.159242884275183 0.0596788772771569 0.0333912281277036 0.0337961826243345 0.192965821444718 0.0525453069698364 0.229923375752692 0.198722297058873 0.0397340264695031
0.0957486357005242 0.18104137670031 0.00412947427101498 0.10033878670376 0.0981088139576104 0.217510519588308 0.18528800742941 0.025194892800248 0.092639492848815
0.0656708813574378 0.141238990212912 0.212679682244062 0.112469834926527 0.109944125426968 0.0235373911660359 0.0364796988032573 0.166150730513183 0.131828665349617
0.0229501694510988 0.133329519530696 0.190291849553627 0.0343514949830632 0.0454607291859931 0.0181830311294473 0.185010082325483 0.141521650351199 0.228901473489392
0.046826521137533 0.0262725048655343 0.0204736095611313 0.17665398306875 0.21519956626389 0.108987059788501 0.130716931498133 0.112332220223458 0.16253760359307
0.0624538215156717 0.0279599992257679 0.0480645998037255 0.211576658668908 0.096832535795003 0.23816133408199 0.152805917817466 0.0733368565902625 0.0888082765012056
0.154775168355518 0.0173612862652847 0.166002897476607 0.198710820287853 0.187261957926109 0.0168114602890889 0.215249427088913 0.0341932892202243 0.00963369309040179
0.0552323106413132 0.243780780114597 0.0920777290973897 0.214411074136087 0.0865990624137812 0.0304115013673458 0.0127972909024925 0.108789714140398 0.155900537186596
0.0154513931374465 0.0757990849177777 0.105839622266851 0.187371015278021 0.149752117415414 0.0387973805735082 0.204295768307644 0.144180505180267 0.0785131129230704
0.0128677044201766 0.254549510269852 0.0119159324584846 0.131138437290523 0.0575531589197506 0.019125243698645 0.252021004196661 0.197806772421508 0.0630222363243994
0.14354127947414 0.151192739175578 0.0236093797887566 0.225456129096893 0.203493931051877 0.0583784635434174 0.132984293063526 0.0341092567694096 0.027234528036402
0.079387813180036 0.0428510491682687 0.0469539729071016 0.164180434386917 0.0407226267194939 0.165090208102989 0.229529545635816 0.107515468704599 0.123768881194778
0.0394403026539814 0.157179811019417 0.190402225789998 0.0615135948536269 0.132709989512658 0.10421890827086 0.157598002962625 0.0397479110141196 0.117189253922714
0.126277617967924 0.14112518891782 0.162373243477668 0.121207140268276 0.0645130093832751 0.243471166202706 0.00461272482636898 0.0328709590495771 0.103548949906384
0.10789508738562 0.0879548384887247 0.129828842750157 0.132252080440282 0.116165125107211 0.117413883034282 0.129928806158545 0.131416912670691 0.0471444239644874
0.226364977590015 0.0444558030459602 0.111544454708361 0.0601145873121494 0.0470462996270581 0.0872615911879461 0.183098565967688 0.132260726477183 0.107852994083639
0.0451368213157457 0.0883537282282163 0.0391120277154167 0.0408302597374833 0.210081155199983 0.199904716480231 0.0949302306195833 0.123402660374094 0.158248400329247
0.0895440632852704 0.113785145905056 0.073685145447663 0.177545825278567 0.0802811171764931 0.0983560753250778 0.13751443927477 0.0979637537092006 0.131324434597902
0.129086240626343 0.212695500203127 0.0442539894677044 0.107271437412831 0.157374883784124 0.11711293356512 0.00120403347395534 0.219998960878508 0.0110020205882877
0.0300505237830068 0.128447611276854 0.105233790221002 0.194168889937045 0.108690032040506 0.038492828735238 0.108627136705939 0.14430895579574 0.141980231504669
0.14118961497847 0.0446242387994807 0.228885600902794 0.0261015372819636 0.205253200799611 0.156764454510987 0.0283456420049514 0.00595725368911208 0.16287845703263
0.0674203082515928 0.021001069004513 0.106084904230614 0.0602102949353333 0.0608924203248463 0.0441055547864818 0.210235233172923 0.209608024817275 0.220442190476421
0.178942793373811 0.0610437466723707 0.0167690554723427 0.0206120291122531 0.0501208290479524 0.179628900676404 0.110976345827943 0.193255634346358 0.188650665470565
0.143155667763237 0.144126664719764 0.125395987795213 0.140582769278456 0.0790915172170539 0.104061138164235 0.145060710756152 0.117612193646579 0.000913350659308762
0.101000386544756 0.194917317484046 0.158334468338627 0.0782461976744059 0.115409709899351 0.0949914102648582 0.00722693066403837 0.0649504300523966 0.184923149077521
0.0406163967552538 0.1074460612288 0.0533098599816119 0.13339861835384 0.12621380585767 0.0799423920955911 0.202219466308137 0.0294813875692261 0.22737201184987
0.132406557030079 0.0448953274990278 0.0145378905390052 0.257969103059273 0.0130286540128876 0.0497354041099596 0.118209143774212 0.274327039850169 0.0948908801253869
0.0827638683077881 0.0817964166408565 0.0748755151086341 0.0304865972678608 0.0907537476471417 0.158052908134015 0.137932814470137 0.164844359573276 0.178493772850291
0.202929761826565 0.0679299621381867 0.137392985424195 0.102442113440657 0.0673877565974861 0.111013978401822 0.0953334830612644 0.106685178911943 0.108884780197881
0.119569829822257 0.105694223610749 0.120294068469154 0.169381487697013 0.115705833382268 0.0010304086389875 0.0768861365337173 0.191395405612337 0.100042606233517
0.232062622204879 0.0416217159674426 0.161365137229033 0.0128038255248224 0.0577973511626175 0.0118446530914821 0.265366679197913 0.116160774359152 0.100977241262659
0.179631665192185 0.198369328451412 0.0306652440734116 0.148267787275871 0.125656583494446 0.063992890420761 0.139626221528482 0.062689690535104 0.051100589028329
0.0678678936674371 0.179761183487509 0.0729221548049019 0.110327360827829 0.188103999594125 0.129444285036479 0.118851968826982 0.0618545823676689 0.0708665713870669
0.121874418493735 0.0643586192671679 0.161454834404119 0.192036602809461 0.00647768927426945 0.101128575529716 0.044159110032995 0.101511553071124 0.206998597117412
0.0343115645012004 0.232945975395439 0.0111033380385359 0.00674389304728348 0.235371537380107 0.146474885095654 0.0201144666739606 0.236866825180479 0.0760675146873401
0.162098172336168 0.197158745787556 0.00294321870716601 0.108997077719273 0.159865592869417 0.13816960799817 0.181141554365203 0.00125352337388287 0.0483725068431632
0.178786940673144 0.0262402980942789 0.0650354212265605 0.17555728002412 0.0421987685118245 0.0106319930172412 0.213848484350475 0.216468211395621 0.0712326027067351
0.119206697985198 0.140207303936766 0.171629570423075 0.18403938252384 0.195096179246566 0.0428956648954536 0.0280205903182803 0.0616783809702214 0.0572262297005996
0.156033351508257 0.17055426824558 0.263243186664622 0.0153915890623596 0.248856041700335 0.0131160648817837 0.105964422642414 0.0202909995120002 0.00655007578264861
0.0771308346677929 0.138785683023796 0.156225887250719 0.13067434084789 0.0728737162933565 0.0895981312769677 0.150691646366654 0.0506398502115753 0.133379910061247
0.0499890512089272 0.385131466724644 0.00890674325281166 0.0931412013043603 0.0316771793107776 0.146680218183466 0.109357173327684 0.14625222749643 0.0288647391908987
0.12312609814103 0.00185360241256572 0.149902260513801 0.100359867568996 0.101303154751492 0.102629584143355 0.118198226832114 0.161578973777438 0.141048231859207
0.121200396763655 0.0619350858602436 0.0280135128186296 0.155977958515055 0.0445129484284001 0.0554609544079576 0.154984882663825 0.0929752727946962 0.284938987747538
0.143378023318424 0.141151641340246 0.120622133631115 0.0961242361692542 0.13471296968391 0.0974120271879178 0.122063839099702 0.0274957380660839 0.117039391503347
0.15871202886176 0.113319464490766 0.0207984862331459 0.00152227372701745 0.206464595513649 0.14932809704115 0.209324380845554 0.123307848931509 0.0172228243554489
0.145233484751481 0.0266753215903462 0.169938397215816 0.11055769573943 0.109297808578292 0.173547293724503 0.0426525041339966 0.154674065759631 0.0674234285065044
0.0303070871825177 0.0811633742184557 0.143699498578676 0.139843588763112 0.129883210132361 0.161992309900745 0.158196440733004 0.107193754162908 0.0477207363282213
0.171312991466521 0.077677851059607 0.125005940534758 0.0521484094403972 0.142420509491517 0.106189473635408 0.0322698032245715 0.120263497211627 0.172711523935593
0.0881067032834652 0.146305450139252 0.0551701387829561 0.0897220136673408 0.137006136714973 0.110559933613045 0.1335009987786 0.101103530530164 0.138525094490204
0.185878117913804 0.201490822889057 0.0880745579571799 0.0751389844339595 0.107276240184779 0.0220479224862834 0.0156252723016291 0.0966148869171153 0.207853194916193
0.0598195849080116 0.0293570257460436 0.187099240985017 0.201928245820635 0.0632458490265665 0.132800258009069 0.10947801642216 0.0381414070991494 0.178130371983349
0.14463019438152 0.0674347044179953 0.213207854085337 0.185666598270672 0.00530916384198955 0.14574447622154 0.13863914616954 0.0769145206915449 0.0224533419198606
0.191340273302917 0.0407329571066614 0.174178125571771 0.106507227730721 0.036705388832883 0.116136938546978 0.0756036450609612 0.0402390698937049 0.218556373953403
0.140730627175547 0.0567105061315527 0.31018210528161 0.187313088093509 0.0444371841077489 0.0439535831803562 0.210355879342631 0.00542125024950776 0.000895776437538094
0.0349824956664341 0.0161468629634527 0.0190795510772115 0.181721362277006 0.224991585758109 0.181239730683244 0.0710918679168242 0.0451243496437299 0.225622194013988
0.0864354169054579 0.217895966053685 0.0769460947264319 0.0645033762025921 0.22724257989714 0.0375507648102058 0.183663676200166 0.0767799852898712 0.0289821399144504
0.137603470600559 0.102585693145686 0.0967178929303792 0.144508884947091 0.0307351537862622 0.151433905595304 0.0983091639167921 0.0889709447095039 0.149134890368423
0.145444286436654 0.145916140319368 0.130990281533357 0.0552871022177191 0.0470123713730023 0.0584819145808409 0.0725628735797331 0.143781361263586 0.200523668695739
0.225987974551136 0.0355100529428308 0.225625065507058 0.00578313017017642 0.00444236166512759 0.0232248835508608 0.114290865561521 0.151810446854078 0.213325219197212
0.0873369093280748 0.191749926703832 0.14435482522296 0.053016351165494 0.105221948495048 0.00477717242992947 0.148355778765211 0.19743372306008 0.06775336482937
0.159616272673602 0.124769770285843 0.137857321664314 0.0734882852809 0.0834257702901857 0.114487981847796 0.153945917656583 0.0610469993865926 0.0913616809141838
0.0503661948021612 0.24223947632797 0.146663465583256 0.0190992076312129 0.0938365384694575 0.0573769921863221 0.168078431710314 0.135223547899802 0.0871161453895031
0.141054612862422 0.0380353178265109 0.205876353254424 0.12519957380105 0.161256867332953 0.130170346072592 0.0215139729540294 0.0341413725188254 0.142751583377193
0.196184540636633 0.0459792329613098 0.0163010284299863 0.090929360871101 0.222412507771204 0.227857905329849 0.175766070171075 0.00109226671875915 0.0234770871100825
0.0331068405181899 0.0120449981077458 0.188045267772696 0.125101345649966 0.12361308631038 0.102474135041864 0.190172157921746 0.0979071932393974 0.127534975438013
0.00455024706054791 0.127349320015182 0.0834407398652585 0.138328009250417 0.155139737800454 0.191408739811378 0.0923159534321732 0.128349164740342 0.0791180880242465
0.182620458919983 0.0942534809947613 0.193042890789494 0.0032263797406364 0.00590193214796056 0.206464574051744 0.0910561552642939 0.184406077347999 0.0390280507431275
0.252036784534217 0.14807427723983 0.0041170986439787 0.205074568989025 0.0764973575613849 0.0931406037948737 0.110752390315115 0.101871740473452 0.00843517844812383
0.174141886945236 0.0533685790266782 0.188571920702821 0.0701670440450922 0.147275519624647 0.0287207457006622 0.108913337549308 0.140502861752803 0.088338104652752
0.0170860464475802 0.219414910288616 0.0701356681511833 0.203909676098142 0.0380902471918799 0.099334846880461 0.044482149943022 0.1451469563944 0.162399498604715
0.143855861759001 0.134354619652821 0.0657777112812296 0.132764031006214 0.145557607799067 0.122069185250746 0.115418300058351 0.0134632516171682 0.126739431575401
0.111713202379136 0.118477257653681 0.0313197589047974 0.172561767097591 0.172404492698807 0.116797987281805 0.158370823606417 0.0139420226592486 0.104412687718518
0.142868828197505 0.0876094169191486 0.16870858445358 0.114083821320387 0.100062597946633 0.0410430340860318 0.171796100164896 0.0799717757981793 0.0938558411136385
0.160846011890001 0.0966873948014227 0.189601757193863 0.0997015717643492 0.14040738484717 0.128508056589022 0.0222890506335351 0.159640790461201 0.00231798181943661
0.0142787316939186 0.237681836633975 0.215921384467238 0.0986255503559025 0.0876916870341862 0.0887139023614589 0.121732248146277 0.0445902092876273 0.0907644500194169
0.0668996875917572 0.197054609693635 0.0667543559604097 0.231203283363453 0.0319737704877294 0.128806797329205 0.130038548701996 0.00918727137016196 0.138081675501652
0.141804227751732 0.0655359890746568 0.0710110042326229 0.177820291525732 0.162111028676697 0.103544813452069 0.0611255844222328 0.150364636121632 0.066682424742625
0.134252003040338 0.00515524780104906 0.0354193711499239 0.157235322803094 0.178274216051684 0.0656682696090067 0.181331240844878 0.152460100258272 0.0902042284417541
0.0324665448134177 0.00194455986122081 0.0435540756119732 0.218353168193933 0.0418426376765555 0.0955483402833226 0.181469913984067 0.222479343875164 0.162341415700346
0.146569405853749 0.211901251502644 0.0100953524786537 0.216632895436462 0.0164608739642902 0.0300620000418202 0.213140599191457 0.127924618342757 0.027213003188167
0.0515846981378338 0.115315025725187 0.0605385956328423 0.189118857441211 0.162362438218713 0.14306997301712 0.13424078473345 0.127001895817986 0.0167677312756569
0.132013700364159 0.136507521959984 0.0483556347614469 0.170600296363097 0.15583372255844 0.0754904252717121 0.115771202258592 0.15889878881337 0.00652870764919911
0.0940570072926211 0.117340818507409 0.199025818914054 0.15499926686482 0.0417264857419938 0.161847736992181 0.091179914638482 0.0869301248368339 0.0528928262116057
0.204896888680393 0.0494576917351112 0.0996310046077028 0.0340122748196063 0.271829438975388 0.0521444362609083 0.177715595490269 0.0612757280893239 0.0490369413412971
0.0606152169538782 0.080959282504849 0.00403292141775607 0.125444954954593 0.211037374702844 0.213550294484802 0.0243509129715559 0.0836884717093571 0.196320570300365
0.0196587086273231 0.0648343664886953 0.0972436172002743 0.0723275835952186 0.119531306545634 0.220346937186936 0.0783018937715124 0.0707620948500146 0.256993491734392
0.122362022241467 8.98479804696381e-06 0.150142787791252 0.0347834170783284 0.12611844900653 0.106851763927157 0.0654399571515877 0.257662441091647 0.136630176913984
0.21036049448038 0.126609023138066 0.0718550926508644 0.148849663668829 0.113444368771065 0.0602791362510328 0.0399374613093225 0.216590156322214 0.012074603408226
0.133278769426654 0.0401419998563809 0.189820070244936 0.0967991810346823 0.0844488827479176 0.086707639360895 0.1401331295633 0.0802446033752976 0.148425724389937
0.00110483431740736 0.202738672123012 0.0332692766345781 0.237405177103846 0.0240898770398463 0.188127854406165 0.158374933176349 0.121709449542968 0.0331799256558278
0.0943011405024808 0.143844436329901 0.0948646003316994 0.134720166586353 0.100297491757918 0.12078919945909 0.116229235099302 0.0723750246553915 0.122578705277864
0.0892742411279827 0.13251585036738 0.100216453625234 0.00763496291335479 0.124989061681001 0.113143470357592 0.125161564239106 0.183975701030508 0.12308869465784
0.18356161064934 0.0922831301246276 0.0460458521849924 0.148549543110663 0.214586919631327 0.0108808310957002 0.0421666068470773 0.0455831550611999 0.216342351295073
0.124330528642625 0.186345061309997 0.00485259343184402 0.215100810424044 0.165603959008577 0.063065500503589 0.0866853263917004 0.0154479754763836 0.138568244811239
0.131671103065762 0.144800023684271 0.124032925387256 0.00464975229105458 0.150768865680922 0.100823449739414 0.0358591562689096 0.138566177522113 0.168828546360298
0.0889072359610472 0.124385001592448 0.0945912336902357 0.0996210685857552 0.188581805836331 0.200736197459196 0.000278333216381048 0.158501652532691 0.0443974711259155
0.0321519329325917 0.140020920464844 0.148420616120347 0.0987177426998972 0.11109447294155 0.0941295401132481 0.0875924162716051 0.0891903957681772 0.198681962687739
0.149609224612049 0.102920226847473 0.179179250282442 0.0206976548766423 0.0478577564340831 0.0648105085586345 0.096996793255627 0.161014773228095 0.176913811904954
