0.0844180537902691 0.274022806121071 0.226312514727551 0.415246625361108
0.145483772952803 0.427824602946052 0.383222508457979 0.0434691156431669
0.113389381396668 0.138868127187387 0.394975106200304 0.352767385215641
0.187554893703132 0.282471823992367 0.244234193571159 0.285739088733342
0.328836952235137 0.240375538170027 0.244628477853105 0.186159031741731
0.160416611958846 0.285240690914897 0.294234102882463 0.260108594243795
0.371059906261477 0.217443875380938 0.316558930942205 0.0949372874153808
0.146412812383951 0.3989295491843 0.275100821777712 0.179556816654038
0.301962199774644 0.312963783910494 0.3018494211296 0.0832245951852617
0.37308059529449 0.473006227881469 0.0362580094279478 0.117655167396093
0.105296438433346 0.279399921804654 0.355201462226307 0.260102177535693
0.386295132620785 0.422559676370399 0.102890980841455 0.0882542101673613
0.301079528384292 0.217623194912723 0.297091092924845 0.18420618377814
0.44281049938584 0.279281802442566 0.0183046261387876 0.259603072032807
0.0388953161612137 0.451562737863012 0.342484967264147 0.167056978711627
0.445016876065236 0.221118803570493 0.086628353780259 0.247235966584012
0.378815952178029 0.0746916981858374 0.333703401298292 0.212788948337842
0.04512273101631 0.0726737502175031 0.424495807580425 0.457707711185761
0.340017871941008 0.0357443742842362 0.265396087063512 0.358841666711243
0.391598467797586 0.202939934685025 0.0917302335530344 0.313731363964354
0.280659426983346 0.22393994691771 0.349779959462835 0.14562066663611
0.295401984112003 0.350695844712564 0.215685647928415 0.138216523247019
0.307623490668655 0.420094749725552 0.121149122109103 0.151132637496691
0.0894664488015446 0.354741425774413 0.102975149252084 0.452816976171958
0.0668150784852763 0.0146011064539248 0.452193492816059 0.46639032224474
0.108634765466131 0.363828999543358 0.272449703399759 0.255086531590752
0.241209231350031 0.209155322858936 0.328595936972122 0.221039508818912
0.19133744410171 0.399219113746161 0.159982478443468 0.249460963708661
0.623018998073377 0.0751977916325264 0.268394647952052 0.0333885623420453
0.129700575555679 0.255419957345227 0.148925395060771 0.465954072038322
0.000136599801497202 0.394652635011016 0.331791171607663 0.273419593579823
0.4061285937836 0.293226170671439 0.0969410963360863 0.203704139208875
0.340116835977353 0.194269296757282 0.373013835108554 0.0926000321568119
0.274997226398467 0.14010843049127 0.045854075392844 0.539040267717419
0.444217555043669 0.357612754793488 0.175516087042777 0.0226536031200662
0.221987174836625 0.253871823816353 0.328838910238802 0.195302091108221
0.288841199642817 0.185128702702464 0.228861999927661 0.297168097727059
0.235923511515125 0.212280411433957 0.337056722587079 0.214739354463839
0.195219021085349 0.576206648960234 0.114532774739272 0.114041555215145
0.193454464195665 0.0781233500740909 0.388250635907981 0.340171549822263
0.329856712949513 0.175532785094161 0.0729880067165498 0.421622495239776
0.342056782207523 0.237574196483007 0.267915125508155 0.152453895801315
0.295349113643371 0.257324028366043 0.318635317107014 0.128691540883572
0.212503471990854 0.288469866925389 0.080165388860398 0.418861272223359
0.0931569800041903 0.123816127227988 0.00891741150153414 0.774109481266287
0.217862100068245 0.344043747775364 0.174276241534166 0.263817910622225
0.167403640450683 0.282194815826522 0.372440079287415 0.17796146443538
0.23506976367637 0.493163081866028 0.151695745479093 0.12007140897851
0.369449142872059 0.00319084895877051 0.294715969133405 0.332644039035766
0.0711437481952176 0.0540005308254747 0.227418699022896 0.647437021956412
0.357958871405415 0.121255976037416 0.32059817202748 0.200186980529688
0.0603374559495295 0.392350603820603 0.233791295838446 0.313520644391422
0.123088608737758 0.43756722054722 0.336260572753496 0.103083597961525
0.0993133804012624 0.235347175271431 0.538870221561324 0.126469222765982
0.339328615141165 0.0419707591851017 0.273921209209631 0.344779416464103
0.306295669955146 0.083652636862805 0.207920681908902 0.402131011273148
0.179345898121023 0.320805929521339 0.345112697791672 0.154735474565966
0.339760436323853 0.184355448331657 0.44412773312437 0.0317563822201209
0.260803980340691 0.332753403910959 0.131406093487998 0.275036522260352
0.387430092485313 0.233652663232849 0.334252860540186 0.0446643837416522
0.364767706122061 0.0770434085467951 0.250528424621195 0.307660460709948
0.33971418163329 0.277592944755082 0.212563029215156 0.170129844396473
0.330241127012948 0.448027925840697 0.153542859897444 0.068188087248911
0.0149421802200519 0.477008287902998 0.224781697802565 0.283267834074385
0.314505724797616 0.372898134662372 0.120394464383918 0.192201676156094
0.378218039021632 0.325786027445857 0.0662467628952689 0.229749170637242
0.354337518172582 0.0168050945542828 0.24353713398048 0.385320253292655
0.298451323552258 0.48268109261651 0.195294218625332 0.0235733652059005
0.329079584502917 0.295394241101063 0.14865799076107 0.22686818363495
0.359315547406539 0.203871602891807 0.411179352504403 0.025633497197252
0.215768758318219 0.207118925903504 0.402588977301224 0.174523338477053
0.328783149811775 0.09322939088949 0.327931157652236 0.250056301646499
0.130504821562937 0.0145289425924181 0.365412373421397 0.489553862423248
0.406569008317353 0.252023857955944 0.228435808137073 0.112971325589631
0.27174958394931 0.128772472797354 0.321831160145409 0.277646783107927
0.233155720608834 0.323282214032052 0.259054808995907 0.184507256363207
0.253995264354282 0.280264949642608 0.334178020380837 0.131561765622273
0.454880907484775 0.335627989010839 0.144305832553642 0.0651852709507445
0.00699901802302623 0.318037017432401 0.308239240960013 0.36672472358456
0.00267743489074696 0.51385180771462 0.318260436981984 0.165210320412648
0.068533631412875 0.318981920377382 0.288234315896385 0.324250132313358
0.390701511032896 0.0251970829056996 0.451304683027669 0.132796723033736
0.375073437636342 0.437009646417581 0.0648785909803498 0.123038324965726
0.0443706556080697 0.501517820725498 0.256848946744846 0.197262576921586
0.0998718050095047 0.643883930830681 0.0619665266971293 0.194277737462685
0.346552581530372 0.166236292008542 0.172828045177964 0.314383081283122
0.0419628985127385 0.156730265173218 0.273963783664249 0.527343052649795
0.314351455214258 0.262622428715491 0.176217945168961 0.24680817090129
0.0603803235134565 0.104309638633915 0.453970553055922 0.381339484796705
0.133230276649172 0.212061837338385 0.402043965540765 0.252663920471678
0.343009970186078 0.334025359784968 0.301712420238134 0.0212522497908195
0.26042605258791 0.196301829382843 0.230043107739943 0.313229010289304
0.333279168164426 0.256858687569558 0.257794510747055 0.152067633518961
0.18216689891014 0.16633370601681 0.308597340044975 0.342902055028074
0.275644999053752 0.297988325472258 0.0250870189612964 0.401279656512693
0.234264493604189 0.334079894342596 0.0775472587146035 0.354108353338612
0.223085540771448 0.139080493372723 0.399070539609295 0.238763426246534
0.346377080863271 0.252850861054534 0.103225354909652 0.297546703172543
0.406347156399826 0.167234944628219 0.356283879851411 0.0701340191205446
0.0702579647368024 0.500505911137648 0.0450690695866157 0.384167054538934
0.103433367154472 0.32317608515264 0.072158258177511 0.501232289515376
0.358141315480842 0.270353131185278 0.299924426925572 0.0715811264083076
0.021156854034335 0.362238371496027 0.411384638850611 0.205220135619027
0.399700374526612 0.281569303229032 0.222616287890515 0.0961140343538411
0.337517670042695 0.0793544261212262 0.0671860604359187 0.51594184340016
0.31581111791893 0.234331624390354 0.291782968995073 0.158074288695643
0.390737557345442 0.34857833680974 0.128173461641895 0.132510644202924
0.163373731818411 0.12276231174156 0.433012911485581 0.280851044954448
0.568405464538097 0.0377573450386745 0.345465342294544 0.0483718481286847
0.62699546312218 0.00259014782269106 0.237861739386312 0.132552649668818
0.0748201571841976 0.24261500651834 0.275607572434812 0.40695726386265
0.38932473362992 0.0972462791818158 0.2131216180031 0.300307369185163
0.519164183385473 0.094064055363878 0.00329682590930751 0.383474935341342
0.0667195889982971 0.380268069512818 0.35320536126962 0.199806980219265
0.419659289274991 0.0643868956822229 0.288142783241772 0.227811031801014
0.345182396975664 0.228314647158741 0.0742708162382745 0.35223213962732
0.312638910574213 0.216420661283979 0.211630423342635 0.259310004799172
0.211435893584933 0.339112309595421 0.130406681360794 0.319045115458853
0.118237712641389 0.322423901662739 0.521996589730297 0.0373417959655751
0.22828288574424 0.22593512409591 0.0593282986692071 0.486453691490642
0.342856553930816 0.0206566488314662 0.566252304354353 0.0702344928833648
0.131574645068659 0.323756185079822 0.371893872507912 0.172775297343608
0.342684806105139 0.0142600625040638 0.258675944223443 0.384379187167354
0.000969110051216667 0.263631586374304 0.377378471713005 0.358020831861475
0.166715720854737 0.600724184789929 0.175346145070875 0.0572139492844583
0.251516531291902 0.170566617979898 0.245392145645182 0.332524705083018
0.367545025993042 0.210261995563929 0.381199850685129 0.0409931277579002
0.25019114910406 0.294854329642974 0.284754415427521 0.170200105825444
0.2161905724793 0.213830767608893 0.252965897324017 0.31701276258779
0.305404269845452 0.388668378675735 0.0687590783363108 0.237168273142503
0.178287502936382 0.331799567840881 0.00766605937559232 0.482246869847145
0.257264788420304 0.249639607154442 0.235088509677317 0.258007094747937
0.242015254579469 0.357694536842286 0.0519513479500806 0.348338860628165
0.262888345549744 0.341471468500174 0.189520102965882 0.206120082984199
0.0902753990241983 0.212173234156633 0.649547093914608 0.0480042729045606
0.187446810993381 0.243497698995086 0.282039078623769 0.287016411387765
0.262569880279716 0.160626136701276 0.392596702099906 0.184207280919101
0.227606564924223 0.335690577835566 0.132914714934097 0.303788142306115
0.251211657999708 0.0448707383061754 0.374980466843547 0.328937136850569
0.00809834588684234 0.192655133283577 0.403504851978607 0.395741668850974
0.397503881981361 0.174772909803697 0.247253127933835 0.180470080281107
0.209650177134726 0.443926222187555 0.325483119763614 0.0209404809141049
0.0733313298146038 0.413519550899464 0.0414999949062641 0.471649124379668
0.392475131794846 0.112674407492167 0.412349072973713 0.0825013877392742
0.16581905171932 0.176702864743613 0.221988663171761 0.435489420365305
0.174808572167818 0.281091387974059 0.423724368478684 0.120375671379439
0.457369793042448 0.400668404798817 0.0133899163376858 0.128571885821049
0.448448994307445 0.137481703858804 0.0419215183629022 0.372147783470849
0.509832914758705 0.133524190858222 0.282283647044861 0.0743592473382121
0.0155194408305112 0.165982466652316 0.260826144966052 0.557671947551121
0.140571682341082 0.260138665256951 0.228641392706738 0.370648259695229
0.0784546658671472 0.234268143170605 0.312069239352669 0.375207951609579
0.209581910235263 0.148366332263673 0.377906003644617 0.264145753856447
0.410788049680915 0.298161999069676 0.126997501834111 0.164052449415298
0.405832081940973 0.180544543421394 0.381270181440333 0.0323531931972996
0.0708248450776671 0.411604052187159 0.20026126589864 0.317309836836534
0.154624412408671 0.261844051358247 0.362780506315799 0.220751029917283
0.270149710032296 0.0741201605010416 0.443994386861688 0.211735742604974
0.328761791185852 0.12084712263599 0.452179981123831 0.0982111050543271
0.200947952852713 0.228881524667441 0.517688133579956 0.0524823888998892
0.217041587140875 0.229432923424037 0.522949121972769 0.0305763674623186
0.0365100986902372 0.453086554569441 0.39974911792334 0.110654228816982
0.483287762372596 0.0758229219369743 0.372199801901092 0.0686895137893382
0.066965395499549 0.142963950249352 0.223106403114663 0.566964251136436
0.245182133842171 0.311656278598563 0.268943703575178 0.174217883984088
0.151352048404028 0.141568101087055 0.577208369565186 0.12987148094373
0.268572607145693 0.0768955240927923 0.37221051873866 0.282321350022855
0.172063239940234 0.398919955489825 0.015302457118947 0.413714347450994
0.0933028840794104 0.402165222592446 0.35086773176855 0.153664161559594
0.285738177849284 0.342347264375817 0.0201553186011226 0.351759239173777
0.0566492493661458 0.340569848755405 0.309515880921997 0.293265020956452
0.301646009350842 0.343658034507627 0.0113109657351057 0.343384990406425
0.205956637866166 0.0200574520319712 0.40961044085133 0.364375469250533
0.322113330952318 0.0480843596030397 0.275295854113305 0.354506455331338
0.303483789760121 0.263313494943237 0.310412357896983 0.122790357399659
0.610121649830804 0.273061532777546 0.0343150133812497 0.0825018040104003
0.256444962163651 0.210172745426184 0.278808008426758 0.254574283983408
0.354735775321075 0.329492960431503 0.037692274992275 0.278078989255148
0.349764120033577 0.319218920321424 0.132724790084163 0.198292169560837
0.446462761461943 0.236841159398471 0.163983072122485 0.152713007017102
0.17110093322693 0.264677120832683 0.304608463965141 0.259613481975246
0.257628344967989 0.211435955256389 0.187088493735859 0.343847206039763
0.222422394077612 0.210664578957326 0.18818934355192 0.378723683413142
0.298924825823283 0.255119637911008 0.239181633932883 0.206773902332827
0.0127311240839314 0.167080624934249 0.413715250221742 0.406473000760077
0.281999099248559 0.166399419865338 0.248273992842879 0.303327488043225
0.165945188359615 0.392528879408236 0.127701443733573 0.313824488498576
0.0415845252330987 0.229046726784676 0.275241939222139 0.454126808760087
0.424769302238811 0.0660033821988237 0.460177511007908 0.0490498045544574
0.0691988063016054 0.245571240872067 0.599133603366011 0.0860963494603163
0.316959406955641 0.0298334254682211 0.474773042563905 0.178434125012233
0.00534787523594892 0.0824713425592586 0.135977476357653 0.776203305847139
0.0396598999293444 0.619609531086779 0.0969410039099935 0.243789565073883
0.0121175776993369 0.457290059106158 0.0681388849418833 0.462453478252622
0.311381137992466 0.269649958884508 0.3132480677011 0.105720835421925
0.229447674892933 0.0406662779964399 0.458051271766041 0.271834775344586
0.149298538715998 0.335383899251367 0.0280714703972999 0.487246091635335
0.215449992268245 0.266921851769347 0.420821810504047 0.0968063454583616
0.346511616114959 0.139547338354796 0.401880280518796 0.112060765011449
0.349262233143979 0.286807884702007 0.0108413624635336 0.35308851969048
0.383271529466983 0.0090977035687687 0.443274931769311 0.164355835194937
0.0181992289738473 0.291526807828976 0.391334385343919 0.298939577853257
0.106614376801048 0.446056953014321 0.187967130101935 0.259361540082696
0.317015359804949 0.358410943810566 0.253983929324123 0.0705897670603629
0.266505772676725 0.243195117720275 0.257756543452405 0.232542566150594
0.301068823622557 0.320762063103276 0.232356673335143 0.145812439939023
0.413603296700078 0.229445340580837 0.290294167854776 0.0666571948643091
0.10207427832838 0.359474651818547 0.515571729036464 0.0228793408166089
0.308132008677831 0.399630414147343 0.24206040844859 0.0501771687262366
0.395095873095548 0.0207863470772585 0.530706757761454 0.0534110220657402
0.219411121319777 0.323609563667778 0.370811416326919 0.086167898685526
0.272864721971578 0.134134720401797 0.362399656943049 0.230600900683576
0.0964857876416892 0.335898124355708 0.0203036397260835 0.547312448276519
0.134995894640127 0.391230377236752 0.346989578970516 0.126784149152605
0.0262979638530904 0.529645644040984 0.438768043994613 0.00528834811131268
0.331019314894611 0.198090248349569 0.13829610924114 0.33259432751468
0.0386870611188522 0.19927459471171 0.25826381638013 0.503774527789308
0.0914143215683886 0.0250855690378778 0.639957055020836 0.243543054372897
0.295043599270884 0.296623954372941 0.0519436336066954 0.35638881274948
0.166591479713819 0.540635865592044 0.128352074437381 0.164420580256756
0.45292407507434 0.159425295040799 0.151461383763768 0.236189246121093
0.174176624094219 0.329811689055987 0.387535921121014 0.108475765728779
0.528999778326427 0.218530104465968 0.151868473171444 0.10060164403616
0.188365109889591 0.539432123989099 0.219760920692732 0.0524418454285773
0.231099720487235 0.157370410955442 0.162099003827068 0.449430864730255
0.218655141567264 0.383117139665408 0.00949806891391889 0.388729649853408
0.295722522182424 0.293889112916726 0.324211769762455 0.0861765951383954
0.232180673885373 0.295772592672199 0.0466758978592842 0.425370835583144
0.221732154428293 0.105192611704707 0.428127210588035 0.244948023278965
0.0462784207374417 0.235625747102598 0.566717595354348 0.151378236805612
0.197111986776178 0.256239606311998 0.324168067394931 0.222480339516893
0.366057988233294 0.101377612907408 0.0853321672529971 0.447232231606301
0.306450135669855 0.32909790970627 0.126682034601567 0.237769920022308
0.372894290077067 0.176571514524472 0.0904853387126612 0.3600488566858
0.36237712057483 0.323494345822059 0.0483951603133125 0.265733373289798
0.233364821204287 0.316044358462984 0.289728191284401 0.160862629048328
0.115021004566744 0.0398755475090708 0.816718786457811 0.0283846614663748
0.163695527284922 0.0298919249260187 0.281059681092658 0.525352866696401
0.0898682844718619 0.339231246761822 0.146089688019007 0.424810780747309
0.183558221940569 0.270385322905046 0.425442853850759 0.120613601303627
0.245910144550571 0.243487623153076 0.183859609960221 0.326742622336131
0.123247111918909 0.255520353172783 0.509028583429766 0.112203951478543
0.141907675338859 0.215626364715122 0.210381115836341 0.432084844109678
0.428997386744528 0.394976790603232 0.168440941911643 0.00758488074059665
0.51465407952377 0.0514028811373331 0.0401739286501298 0.393769110688768
0.237381328207621 0.290439435070507 0.326127223885516 0.146052012836356
0.481137176494658 0.0817671526055506 0.160719865691774 0.276375805208017
0.397892268796167 0.102943641141388 0.0425442138426555 0.45661987621979
0.299770975757541 0.318831989744417 0.210720547583415 0.170676486914627
0.404058746353886 0.0366522337818025 0.320430542951558 0.238858476912754
0.04911609169603 0.364280312902498 0.491132116619101 0.0954714787823706
0.0464332968974997 0.275069736904554 0.118545681080253 0.559951285117693
0.300436935249614 0.139242449792424 0.189556259095168 0.370764355862794
0.00343064555105706 0.40788740111145 0.237564356851609 0.351117596485885
0.309033766651532 0.15925852683406 0.249855124316489 0.281852582197919
0.506683896373101 0.085998716583561 0.331514635691716 0.0758027513516225
0.311468426015258 0.26576983623963 0.222905803728566 0.199855934016546
0.196091831096727 0.043856859635032 0.366180203868784 0.393871105399457
0.248283914538228 0.397877108626895 0.348589697279841 0.00524927955503591
0.321090686759412 0.510398125968186 0.0479314167152727 0.12057977055713
0.310814043176769 0.147309818582542 0.375083663922106 0.166792474318582
0.225256967082699 0.277517478553692 0.234574924832175 0.262650629531434
0.372927113950137 0.0214272416348065 0.27522754972283 0.330418094692226
0.150428077497599 0.114845562187357 0.416509944731909 0.318216415583135
0.293760422671968 0.101850753346466 0.30729741864512 0.297091405336446
0.113983406826232 0.416230103278952 0.436642599442505 0.0331438904523111
0.0659688978281473 0.37260150366612 0.39119264128831 0.170236957217423
0.161656465737474 0.354521004825675 0.0831634100925074 0.400659119344344
0.299093026325096 0.283581644109492 0.185594446454231 0.231730883111182
0.456770562771489 0.0116666908103371 0.475761853350769 0.0558008930674053
0.252757409674819 0.380859183170878 0.0192525995041178 0.347130807650185
0.0602753416179902 0.321998848773145 0.303389966920818 0.314335842688047
0.123557203427526 0.389415083970088 0.125901091746188 0.361126620856198
0.234685376515241 0.217650038010522 0.297773465823744 0.249891119650493
0.163890118016306 0.302714839417854 0.051733501569314 0.481661540996526
0.136038098617689 0.316457381113307 0.242935404046517 0.304569116222488
0.424314846159018 0.237678077759756 0.194740912055896 0.14326616402533
0.275602365602993 0.275016431991143 0.193172219483629 0.256208982922235
0.313685547138354 0.246071367643737 0.204494027412102 0.235749057805808
0.158205817048494 0.219872763889408 0.310427143452123 0.311494275609976
0.346899647228989 0.297498250734259 0.0924963699652372 0.263105732071515
0.155170042539964 0.384952454941611 0.323880305591591 0.135997196926834
0.145121384051188 0.163770089592418 0.389116336763012 0.301992189593381
0.541887333938084 0.0466341314563198 0.00311888433515547 0.408359650270441
0.175576289804682 0.424622374294543 0.311448510957018 0.0883528249437561
0.221393038268044 0.431647477603448 0.123195815547395 0.223763668581113
0.318808069686111 0.0256240538709305 0.393290669145501 0.262277207297458
0.392427057003024 0.2461819845459 0.0446595120626009 0.316731446388475
0.273004522107895 0.238457478571444 0.231311773401034 0.257226225919627
0.294455176341544 0.104620224715451 0.300246427046256 0.300678171896749
0.232032564808137 0.297235159815994 0.321257605736563 0.149474669639307
0.267881445473128 0.253073406246721 0.28412222512914 0.19492292315101
0.139393458028599 0.280604803494055 0.241522953347949 0.338478785129397
0.128228760783094 0.242580016420171 0.0752279730584357 0.5539632497383
0.0267572142733023 0.36470275160979 0.584318069022072 0.0242219650948358
0.207593811331847 0.267749143270883 0.39557657858416 0.129080466813111
0.643600985844318 0.11866919047064 0.19978991583566 0.0379399078493816
0.277880494544344 0.281388200933117 0.195329565107728 0.245401739414811
0.180646154944671 0.348894570759207 0.0742534480922345 0.396205826203888
0.184911015651616 0.294925491795442 0.238823163335101 0.281340329217841
0.24547652638984 0.262636877934328 0.222063901831081 0.26982269384475
0.229490022386422 0.23738122370918 0.259527093833936 0.273601660070462
0.319976076207099 0.0327127937840454 0.374688833480939 0.272622296527916
0.440036384188842 0.303090055000707 0.191153809280507 0.0657197515299438
0.169506138535717 0.241435550879352 0.284364430963184 0.304693879621747
0.351087388525264 0.206530293957529 0.180494689501519 0.261887628015687
0.181478285484238 0.322811048450963 0.293887108876202 0.201823557188597
0.24093800656771 0.404833243454433 0.323944489018613 0.0302842609592446
0.271233459404277 0.636548338937121 0.0742619820518927 0.0179562196067092
0.394172683920694 0.206722168001217 0.338800418480513 0.0603047295975758
0.0215141365667727 0.257242328716786 0.43687409950907 0.284369435207372
0.37499986488996 0.347531728641571 0.104903586871849 0.17256481959662
0.414925957839497 0.0520009242599537 0.460962421096292 0.072110696804257
0.221621483875824 0.149927861762722 0.221111455886948 0.407339198474506
0.148564278675245 0.0787787667294708 0.287429531328655 0.48522742326663
0.288286770440744 0.0755717768892049 0.51075634811482 0.125385104555231
0.0651025057860047 0.475102467228261 0.203315856407647 0.256479170578087
0.31929056641171 0.202880414441165 0.325702808927909 0.152126210219216
0.381909478947432 0.300051808362235 0.160162642178189 0.157876070512144
0.51990632715128 0.391144924992323 0.0850205989913004 0.00392814886509663
0.251461977101359 0.231214269411681 0.237143464646235 0.280180288840725
0.170428623854721 0.241923854915239 0.376334983940667 0.211312537289373
0.294163206338434 0.322308814867642 0.262269504262927 0.121258474530996
0.335289846637525 0.0547937291397096 0.236267936713873 0.373648487508892
0.0685834487450512 0.170155995360653 0.148363973088891 0.612896582805404
0.223331600436545 0.317950418636059 0.144872869451527 0.313845111475868
0.200887134550775 0.173754126963283 0.234971389513953 0.390387348971989
0.371196307512444 0.181130007642027 0.0896149396691151 0.358058745176414
0.0880455582109866 0.213501204995176 0.350000355424355 0.348452881369482
0.283137762048943 0.306790663846473 0.290932291384891 0.119139282719694
0.264476600237132 0.0745237991801523 0.365296293120887 0.29570330746183
0.106706689068062 0.184994295728277 0.367201443781369 0.341097571422292
0.0737533735477904 0.321715874060212 0.317240864014428 0.28728988837757
0.27557943772109 0.225855575701497 0.159469001254357 0.339095985323056
0.189971749143624 0.0490332303206247 0.618760748120043 0.142234272415708
0.0155541167775367 0.334701929977883 0.230716625390414 0.419027327854166
0.208489410024085 0.179037145579886 0.346850881773812 0.265622562622217
0.533369971882628 0.235231675498784 0.0957623579627183 0.13563599465587
0.331833442739233 0.178964050046084 0.381227211341772 0.10797529587291
0.0745620184100502 0.451842050954052 0.18120943412968 0.292386496506218
0.372182614618636 0.0699138814439782 0.21951538917329 0.338388114764095
0.194914289762863 0.457320132499163 0.308550150037927 0.0392154277000478
0.211789188233319 0.114653753064053 0.318553923380721 0.355003135321906
0.474616764283151 0.356571057852782 0.16498692290472 0.00382525495934779
0.301515157983506 0.161533833627999 0.353562982998215 0.18338802539028
0.42673811123245 0.176926812712965 0.187587701849712 0.208747374204873
0.244273555338767 0.269287749803332 0.277997535307643 0.208441159550258
0.431264906391873 0.198597542208462 0.0529457348095587 0.317191816590106
0.169636569310067 0.217064207631398 0.219064771050515 0.394234452008019
0.184108994925214 0.175291209407023 0.283994185365588 0.356605610302175
0.213980224789516 0.0809952422921473 0.437751489321029 0.267273043597307
0.298289261494621 0.174799328819773 0.208429185369148 0.318482224316458
0.0746223283558422 0.180464155961195 0.230370296977699 0.514543218705264
0.170421995759486 0.0128218953944318 0.356545001638483 0.460211107207599
0.433108319036093 0.0685149052078423 0.409408145160191 0.0889686305958738
0.131652897032046 0.238496439353285 0.209138248014096 0.420712415600572
0.496079010912079 0.131563962774736 0.0377998057922506 0.334557220520935
0.189686594890913 0.298925329230849 0.0925618389228931 0.418826236955345
0.242896992062864 0.211874715014275 0.26110671688817 0.28412157603469
0.33547178313922 0.307307858410045 0.229095402795726 0.12812495565501
0.156846238002066 0.266124658500064 0.250534660526095 0.326494442971776
0.0681042284772349 0.420829014463513 0.362391743724094 0.148675013335159
0.248738575153092 0.302255030689136 0.125581331571229 0.323425062586543
0.0141313963219619 0.510381910082857 0.297396367138781 0.1780903264564
0.358187182225602 0.226898534368033 0.388707381722991 0.0262069016833741
0.00768771192532103 0.327373305139257 0.110803013871819 0.554135969063603
0.283204876440244 0.127670670021486 0.0799753587211459 0.509149094817124
0.326201561873651 0.233762864490775 0.340478836708329 0.0995567369272456
0.138542404957684 0.46844333423015 0.24625212840149 0.146762132410676
0.0166615084883283 0.347558332413437 0.384482814302237 0.251297344795998
0.102542385672384 0.365418875457986 0.373443821172409 0.15859491769722
0.383645900033811 0.0818643407000224 0.246758698377296 0.287731060888871
0.493607084358139 0.0176892063679629 0.307957360248938 0.18074634902496
0.192633354163735 0.195044094259307 0.353701254223271 0.258621297353688
0.396146772109261 0.357257981704877 0.230068473943261 0.0165267722426009
0.680735397829576 0.0570051741632993 0.175889075955591 0.0863703520515342
0.332345169676882 0.18258587851848 0.260874559325751 0.224194392478888
0.215290726330371 0.419922256506289 0.279957221239893 0.0848297959234467
0.547096272576505 0.19667461835859 0.0329060773827132 0.223323031682192
0.36240200225284 0.424955026373546 0.186239375976193 0.0264035953974211
0.477723305026246 0.28769656090026 0.13528396023776 0.0992961738357338
0.356354102126784 0.0487897968675441 0.153897541831629 0.440958559174043
0.358342250541394 0.0229756151742954 0.366839232839066 0.251842901445244
0.0641885337543126 0.405116619415823 0.264629899349426 0.266064947480438
0.353320141322615 0.356604362872322 0.0536856645446286 0.236389831260434
0.39442067300406 0.0925688161744308 0.279181773234596 0.233828737586913
0.405637421691437 0.406634340314978 0.0736308060863212 0.114097431907263
0.0982014568601483 0.349063314773512 0.191771636195838 0.360963592170502
0.238036142844344 0.206834128817061 0.25041633511243 0.304713393226166
0.281823281130943 0.133801652891987 0.170285713966317 0.414089352010754
0.231106365511174 0.143240358343708 0.268765769929173 0.356887506215945
0.179969265152362 0.30386269784452 0.328517746063104 0.187650290940013
0.299009028067497 0.193363555890702 0.224815467544111 0.28281194849769
0.210391533866476 0.203884152438108 0.280889514551529 0.304834799143887
0.35445387643032 0.0299245325473545 0.297436802894266 0.31818478812806
0.144672585613302 0.280320647164929 0.441623910534866 0.133382856686904
0.100434340208718 0.281309001592286 0.190105289243054 0.428151368955941
0.487795431152231 0.0367446644602761 0.125833410536814 0.349626493850678
0.302568894465359 0.0154292523959524 0.43626361067708 0.245738242461608
0.0612619482366186 0.333148324301039 0.358445438815072 0.247144288647271
