0.165534987644564 0.181029320286434 0.0349653066748305 0.177764223672219 0.292234536404178 0.0806932119181686 0.0677784133996062
0.104202699784787 0.0263768552860962 0.312065790474451 0.0666599292371939 0.15190202411743 0.111641095954261 0.227151605145782
0.0477521665145061 0.146387889809094 0.0246106508111695 0.216094837163119 0.0940459328963381 0.249062540587665 0.222045982218109
0.0228223108424113 0.222934018105904 0.0694057225564231 0.223420718748921 0.143747853976712 0.274579972410625 0.0430894033590034
0.115354455722118 0.428757256559489 0.106547868300979 0.0980930586959851 0.0446247486801501 0.181927800361567 0.0246948116797127
0.196174258868586 0.0339238703198706 0.0677172158337811 0.0781638614307859 0.27524612345407 0.137765994112956 0.21100867597995
0.20202445956887 0.203711189077204 0.0857928371356209 0.127925032007103 0.17267233284791 0.125203646127688 0.082670503235605
0.0685863575211132 0.287732045312388 0.198553131362336 0.130050824136537 0.150129414369147 0.0223587368811321 0.142589490417347
0.245962454550847 0.197096615278135 0.0121060242702329 0.232837504245437 0.0311054562524654 0.184303561760039 0.0965883836428435
0.115107447870281 0.141814487159048 0.110229602078996 0.0346895958436512 0.117758163689937 0.233562855839366 0.24683784751872
0.123766924046583 0.195550122547783 0.0663479028506214 0.137696319931842 0.215706635866807 0.00178123325774412 0.25915086149862
0.173547253977053 0.284783258548663 0.0112133009358083 0.0271483938066185 0.180454921134322 0.286151566016363 0.0367013055811726
0.0805344603260877 0.107062437030565 0.255973044919025 0.0290585515337725 0.166486839240843 0.129247540871736 0.23163712607797
0.038829241427469 0.106077271298851 0.191008187630172 0.0889512941771842 0.25035599742676 0.0951342978248503 0.229643710214713
0.0824356814332061 0.119534559068622 0.0818914892009684 0.181002352029794 0.174810442764624 0.169879274997253 0.190446200505532
0.00136652218289436 0.250228434009539 0.270276633658711 0.00106840956860358 0.235411307477492 0.234242586505088 0.00740610659767228
0.139497166365938 0.0182807232957374 0.031692633003269 0.202707632315108 0.0926881625972807 0.209744560518411 0.305389121904256
0.0253318673024623 0.158239913517232 0.168627936371929 0.0641248675942071 0.205598223519184 0.190327339598512 0.187749852096473
0.0297386250378801 0.140885777483679 0.23488003149977 0.115988067400584 0.00733755588673595 0.249769642174176 0.221400300517175
0.147125621403555 0.0696181516444649 0.223525940137101 0.0551544979837374 0.0657019872532513 0.22053060793329 0.2183431936446
0.211651900132413 0.165379534732951 0.0255675642614117 0.0566080349695868 0.0233680690598163 0.228119989158934 0.289304907684888
0.217965776933257 0.21282451510478 0.0625976423479828 0.157205254396692 0.0820495176279002 0.0793319797076412 0.188025313881747
0.107548543279905 0.160947387137954 0.0285646412036547 0.201990878609743 0.208054308496001 0.182539271307993 0.110354969964749
0.0816225792248295 0.131733361995884 0.16182190840425 0.270191035165121 0.136353944136927 0.0705035904318814 0.147773580641107
0.224958443717523 0.164911285722613 0.114051915990675 0.0492235177406134 0.218531793220006 0.222123843680798 0.0061991999277723
0.114727937138945 0.164985290521173 0.211606247064804 0.0921950659267585 0.111169429673767 0.149863516456463 0.155452513218089
0.101434628207689 0.0924193062556824 0.170581229800761 0.185374835885077 0.136234084703832 0.254253117318772 0.0597027978281856
0.183821990557194 0.0627203385130656 0.0826020792811886 0.319384410726935 0.0544368333841608 0.077264717565158 0.219769629972298
0.224928896981411 0.29174594456736 0.194661867250181 0.0332921250320428 0.0711220916934802 0.0455634836469097 0.138685590828615
0.116181810205199 0.125846587728383 0.200463120300613 0.170456228271442 0.0888187299572669 0.0752965654113387 0.222936958125758
0.129196029014089 0.218800282989718 0.251690039877845 0.129036699871478 0.0937383792594258 0.0288094378813825 0.148729131106062
0.150204655201774 0.228004317437509 0.214421308103663 0.162990485613705 0.104892019898847 0.0748463438043836 0.064640869940119
0.0905039465010496 0.00351456833274758 0.19173138701913 0.131445198972732 0.124569586029958 0.313988575381353 0.144246737763029
0.215629664677568 0.230762322181543 0.189518641849403 0.142330716184366 0.0139151604692891 0.070130875208364 0.137712619429468
0.208004892616209 0.0872092840195877 0.24081644223701 0.057093253024957 0.28633873464967 0.0990764713640296 0.0214609220885361
0.163555538593363 0.274994775248429 0.287790351076828 0.0178610651237444 0.0182136173937791 0.122002749448149 0.115581903115708
0.132585347015164 0.196557947861975 0.13055351628589 0.093637909143465 0.124524920215963 0.102184547831635 0.219955811645909
0.177169050988373 0.200235328926679 0.108140246978807 0.102114645035329 0.125748336774522 0.13396873132086 0.152623659975428
0.00102559548331609 0.0921706997404731 0.122402570583644 0.18294563689866 0.419331828079498 0.00870391595597741 0.173419753258432
0.0517444571325795 0.222147747613995 0.10750211108039 0.239033086783982 0.0354041431976032 0.23014647210591 0.114021982085541
0.277212560449422 0.270214481858249 0.156516476046658 0.128610640540521 0.0860546174036073 0.0457592903011791 0.0356319334003632
0.052632459335217 0.177262357886062 0.204388218608277 0.182232369452398 0.105241703533463 0.134723642554021 0.143519248630563
0.209694932853149 0.0380013952525613 0.0906923592790087 0.285452046625798 0.0627724143104006 0.128436803026506 0.184950048652576
0.137894011539901 0.0683009288788979 0.216218992714263 0.131969243855604 0.0878302434301379 0.0942303976531915 0.263556181928004
0.0561533336077124 0.0765824120735411 0.100905708298772 0.146402126422255 0.331385811057949 0.0194266887995299 0.269143919740241
0.0860966848464963 0.175865771526553 0.061149835306254 0.0900181139766923 0.165287944212699 0.180338774748454 0.241242875382852
0.13141910639236 0.226380018961365 0.128949830401545 0.0460983691061848 0.250701019302707 0.0729668189485193 0.143484836887319
0.227406665408351 0.241963784401483 0.168079778918734 0.199546341018666 0.114760648372127 0.0390801390121449 0.0091626428684952
0.167257322724287 0.00228449863639938 0.13252727476766 0.264718369384759 0.0172413956516997 0.187597856853843 0.228373281981353
0.0271122817235953 0.247699720676852 0.116394680162936 0.0460634342348776 0.266871141419065 0.178933423358909 0.116925318423765
0.19211595699889 0.16975612685457 0.195965028048256 0.159612220253143 0.133501827431699 0.00165750704382801 0.147391333369615
0.0790719112846086 0.308262724495802 0.017578521392968 0.253082649340273 0.0906833173870219 0.134507836144171 0.116813039955156
0.228297796239461 0.194440349786558 0.213426776218227 0.165884155695261 0.163478609056014 0.0334551255795929 0.0010171874248861
0.0832431899754049 0.133549300964225 0.134071658081458 0.181353665958261 0.211274246716541 0.211972901384978 0.0445350369191312
0.211140189254976 0.0924189686759545 0.179480030347158 0.146701476863514 0.0529875294168642 0.14512498260746 0.172146822834074
0.221103119824942 0.0140025444509695 0.187962871427418 0.121451571798012 0.215846214286364 0.0813544390193867 0.158279239192907
0.0777581824352139 0.317889718568641 0.0163454398910023 0.251339147437302 0.110537735935675 0.0343661502345721 0.191763625497593
0.225477928197314 0.0537432700986755 0.127236611776238 0.0260425626692713 0.211182846159359 0.204853640838635 0.151463140260508
0.10842368640761 0.0378330156603957 0.101205416428753 0.369457742361697 0.185269490186669 0.0763362547508922 0.121474394203983
0.189426433966735 0.377584345952958 0.0142644447188713 0.0988330054059291 0.00833208539796293 0.0990781930170953 0.212481491540448
0.134127210128796 0.0940326227884337 0.154875250697593 0.140766532127237 0.136309427502921 0.163249110909697 0.176639845845322
0.255729678511244 0.0168075814511021 0.162250567038389 0.123915851230418 0.257704881730124 0.0657845708146326 0.117806869224091
0.0664364249401773 0.0543972906131198 0.259147035167355 0.140128656165548 0.129787647140931 0.168853721607082 0.181249224365787
0.307223450736199 0.0494193288487116 0.0354769456553497 0.0426669519693454 0.108338856538157 0.309868320042742 0.147006146209495
0.0270904691537006 0.197903038462861 0.125109928805445 0.147299185933754 0.232583153990876 0.204087864180503 0.0659263594728604
0.288241615147221 0.292092869325723 0.120341697373759 0.129471038958984 0.00627952977134536 0.15787663132051 0.00569661810245829
0.224778396936477 0.0231164001832994 0.16164029918008 0.207354428037818 0.00692806409541883 0.240500511734413 0.135681899832494
0.316343196312194 0.172444516017323 0.150618419022033 0.0925677019339386 0.146587788163588 0.0579798134732043 0.0634585650777199
0.201302484221929 0.179654185126748 0.129670363089911 0.156340624028514 0.170534015102893 0.00275121267494583 0.159747115755059
0.128835974606875 0.157488633737068 0.216764365772139 0.190841261786471 0.143179759111173 0.119563133566002 0.0433268714202734
0.218590599106861 0.133312776544055 0.18186113856741 0.25318739921085 0.0243978196367823 0.0899857717407159 0.0986644951933248
0.073825085985437 0.215774269192133 0.10225276278032 0.153778386372247 0.11797925108532 0.1159973569777 0.220392887606843
0.0593849380162205 0.167588096233138 0.203351285642787 0.191335377880744 0.233148843829991 0.095913671177362 0.0492777872197568
0.109041727053017 0.20031552146274 0.0696784119858711 0.24324891777082 0.157058627338957 0.108541555071517 0.112115239317078
0.0529328038840653 0.0928800381786592 0.254720120483874 0.0384576316790829 0.309147184600186 0.189817651572972 0.0620445696011601
0.236590020754799 0.252943785637155 0.132286471014758 0.146624561029965 0.152523080119397 0.00440152537719109 0.0746305560667349
0.183833885640294 0.0784191997000863 0.0170097304341943 0.107973599531121 0.0543210044874298 0.272524507343511 0.285918072863364
0.172446420792075 0.0320588120230056 0.252658905449507 0.0699252501883733 0.269508569572352 0.0560092304882912 0.147392811486397
0.066509491400974 0.157333521755146 0.189822012974608 0.164012433701905 0.213244864141525 0.0477446943679456 0.161332981657896
0.189529976154003 0.188297172194521 0.182666500683176 0.13937075390383 0.129931977497678 0.00295073913333277 0.16725288043346
0.145912393775303 0.202056288432566 0.199053429782499 0.080174712256688 0.12836789937636 0.0707366262655934 0.173698650110991
0.200770339810673 0.215413529408751 0.161129313863157 0.0041305759782 0.0730384390133055 0.253337306396653 0.09218049552926
0.0931044007821384 0.0618140467276909 0.195872907046782 0.0453034865063496 0.312536362611064 0.00874864931207913 0.282620147013896
0.0973803538322495 0.175000261917423 0.00714189050814713 0.173160636093179 0.16654273940496 0.194578696318432 0.186195421925611
0.177968857931068 0.0598436623113938 0.0924616081840528 0.252596690860669 0.209178776811986 0.0443377393928938 0.163612664507937
0.0467346408158988 0.194545648882969 0.238092142212092 0.068510142905149 0.0227706876157722 0.220862897853585 0.208483839714534
0.095552533701171 0.0857347422709551 0.165692123861948 0.203815839680907 0.178521276272309 0.190701511791441 0.0799819724212694
0.170462312408327 0.0740693008989878 0.0940380132188396 0.141815008469658 0.218144989876732 0.0360507316113156 0.265419643516141
0.226943146440877 0.0072450261666399 0.196737358308589 0.105717261297558 0.21523212045306 0.155264522146929 0.0928605651863456
0.2381745898921 0.107674882273938 0.1874023001423 0.0803833083937446 0.172696331547 0.0449571067609836 0.168711480989933
0.183312412642188 0.144690984089198 0.192568007910929 0.06628247677859 0.209206385613195 0.121951400694022 0.081988332271877
0.172823281034296 0.0790983861598204 0.105053369324335 0.165672321282084 0.179130617833185 0.179083435183518 0.119138589182762
0.000984990400533035 0.157687165249378 0.0668535860853395 0.17204330779469 0.143661315620147 0.142145102454075 0.316624532395838
0.151541434293863 0.237298426535122 0.0811687270332095 0.00441026956785329 0.14843763866811 0.204371731887889 0.172771772013953
0.241955909073145 0.114098977812104 0.145655180344034 0.0903902301882775 0.159834135310581 0.103524238142967 0.144541329128892
0.0561180000435981 0.10405445055306 0.0715449395035576 0.249249384151884 0.190869422794783 0.109800073678147 0.218363729274971
0.0457098213889036 0.163943364027646 0.15850308365619 0.23683028320181 0.246565224696546 0.0958548765398152 0.0525933464890901
0.197938330160704 0.0250161798642313 0.0413686537304284 0.236513067236648 0.303238583262793 0.0882842044182734 0.107640981326922
0.13972022819734 0.00726644616221558 0.0903039288887901 0.171080284348174 0.159386952742183 0.275519301241459 0.156722858419839
0.162373630673904 0.118409452919612 0.0475559337590099 0.126589265760617 0.264040709529347 0.185111247322504 0.0959197600350059
0.217856909800015 0.169657158071355 0.10494464938633 0.049369980115925 0.165997415778958 0.137870266784209 0.154303620063208
0.142526524588729 0.271446239948297 0.181134175413807 0.0609410450571269 0.199351131744421 0.139111733417768 0.00548914982985103
0.200505408144179 0.210483772063103 0.0318590477027524 0.00928731844382686 0.182822404096001 0.241876372183089 0.123165677367048
0.372206157787508 0.0944369665792744 0.15353151591048 0.167300134231169 0.03637509154311 0.00707695144369084 0.169073182504768
0.203854915552989 0.198642629172942 0.0429116926496454 0.208938366685706 0.0774725531872649 0.153699627989319 0.114480214762134
0.0953282786147307 0.175083724802886 0.125143591957256 0.188608339429824 0.170071439799193 0.198671076505446 0.0470935488906637
0.137849102673775 0.20928443706571 0.222376597068989 0.162393997112049 0.0692011572274639 0.168799223102479 0.0300954857495347
0.226284688040965 0.14918199822735 0.0370097498781683 0.214005092213905 0.208271582550651 0.0130353365844259 0.152211552504535
0.279549332090944 0.0692939465126344 0.096408150006363 0.197934471519026 0.184108328023207 0.126623748284331 0.0460820235634948
0.104358436580664 0.231300492575009 0.0221214163442327 0.116626411673541 0.110716826040879 0.125981953756487 0.288894463029187
0.206322405537867 0.0553960960616428 0.109209865077543 0.210268463024996 0.169483739456735 0.105838569298466 0.143480861542751
0.17330003843164 0.236618095273386 0.0418330050494724 0.154383217552951 0.126285718067621 0.151911021569554 0.115668904055375
0.236638761276773 0.0831987145239105 0.20698437714475 0.0994419822897034 0.148888935905207 0.168230200539826 0.0566170283198302
0.0996890454159386 0.145124056688453 0.334720691612825 0.167485537573106 0.165124916985803 0.0193421427322368 0.0685136089916374
0.208690014561821 0.157599087005589 0.0191902049414679 0.194856155476814 0.115237222440093 0.0392594162375021 0.265167899336712
0.0257271076224369 0.136868787669577 0.183263384857318 0.216623141854859 0.0783260178473652 0.219789664821125 0.139401895327319
0.0361902348750333 0.113875807256203 0.189067071287397 0.121666607601631 0.21734724966051 0.00679401346051 0.315059015858716
0.115851476141175 0.133734205559249 0.23174941635316 0.244836708768003 0.0352088772477385 0.0203827479676166 0.218236567963058
0.230814927392313 0.152591141383425 0.270651284506746 0.0392692876152972 0.0439420678392154 0.224369275366842 0.0383620158961599
0.176224719152997 0.155912383580313 0.0267828751121079 0.10674411849462 0.227535021638551 0.100855336272044 0.205945545749368
0.0556875243794033 0.166335580873362 0.308951971848369 0.14742757352235 0.034877427016882 0.253410169954461 0.0333097524051725
0.214339700054754 0.0987402233983183 0.140554720012449 0.223356330350284 0.222867579487469 0.0613170547631593 0.0388243919335657
0.21103749593471 0.215182350421343 0.197935357166066 0.0120968886208959 0.0983384568401358 0.132474434929303 0.132935016087547
0.200289170139599 0.268588391949051 0.0539999982052101 0.0145304565598581 0.213509034851405 0.202634872347391 0.0464480759474847
0.329736331966772 0.14252739690735 0.0345583974134946 0.0874487112628805 0.183294686725014 0.147672392676952 0.0747620830475361
0.0150776828737813 0.0753474702603847 0.256379544046339 0.0762966480931793 0.147511630343119 0.259025456649416 0.170361567733781
0.14643651282064 0.21134003215649 0.0802526596491363 0.102266934318623 0.0830606430189658 0.140165550972679 0.236477667063466
0.108200888259664 0.103433761773103 0.0588276627751116 0.103501884054936 0.223809742407441 0.138942214331037 0.263283846398707
0.108241958260765 0.182936160806403 0.0266948072707581 0.10823116843642 0.00775095404339882 0.309815092808827 0.256329858373428
0.152094104509132 0.22221385500955 0.286472013530015 0.0222112154644254 0.0113765079079351 0.0317365474036013 0.273895756175341
0.0316643148656644 0.0795321963812703 0.181999467878934 0.221660920054142 0.089719282007155 0.199600585856613 0.19582323295622
0.0250248520295154 0.196178069634034 0.150532593371069 0.0362473206123582 0.122412157927179 0.210510538152026 0.259094468273818
0.218283793550008 0.0353135221655349 0.152675446410464 0.245141446504082 0.251684940378052 0.041856692186327 0.0550441588055319
0.131957934008519 0.0189785122927342 0.211617121049945 0.196840378725447 0.15555618401062 0.0257725163659618 0.259277353546774
0.205524680145152 0.160900429092355 0.121394489866939 0.13427660900053 0.0866156867338724 0.101341078680381 0.189947026480771
0.176297492233571 0.149713399192239 0.152696889852774 0.216500358978344 0.14488197072947 0.0610202555284269 0.0988896334851751
0.0810002971390645 0.0335761071676269 0.212930784550566 0.0524231172108294 0.204204663372934 0.291365344989675 0.124499685569304
0.00148226073503494 0.0140465277483111 0.0266227769653454 0.050781198437636 0.162665966085571 0.475201542283899 0.269199727744202
0.130602321393027 0.144821322596214 0.250099045145476 0.0987889281844394 0.110634403984133 0.19381640437094 0.0712375743257719
0.219808898926396 0.0850733703692054 0.162507055568104 0.185880315083724 0.106941101152268 0.210411793236494 0.0293774656638074
0.103055462599077 0.177610355802584 0.138814360384621 0.237503807361539 0.0244231817362021 0.140130779877938 0.178462052238038
0.143265623022086 0.0870260978999787 0.331430564283107 0.000228855832545238 0.0575584292300579 0.280205205834491 0.100285223897734
0.262225350537245 0.172360344045841 0.0574052094695115 0.0213320592513054 0.123953302172494 0.160797750846869 0.201925983676734
0.0641524028566455 0.0582749280385539 0.141378452892249 0.0552085649386249 0.292877415705001 0.254875560334167 0.133232675234758
0.118217755049497 0.244004236028637 0.0532382616394614 0.195738647883218 0.174226057729864 0.201228222059798 0.0133468196095247
0.20860088427727 0.172872703236713 0.122195530916392 0.162346445829226 0.193211237771578 0.0978892838075599 0.0428839141612603
0.112643912294701 0.0739655956133438 0.17943480309464 0.149001068021136 0.0352275910713451 0.247985475895919 0.201741554008915
0.0508962705267038 0.238146954418077 0.0609080038925427 0.186422722434661 0.191654262442466 0.082723472912358 0.189248313373192
0.177953367748861 0.165780344537174 0.192900799057903 0.0689015034443603 0.133889628242149 0.118716744623065 0.141857612346487
0.0434809653469699 0.254600418419822 0.170173803164809 0.0132033550200233 0.0514485507879696 0.211034686948616 0.25605822031179
0.124917461889371 0.18319615982745 0.0546114542707929 0.161360412896554 0.101522738593913 0.164586355663608 0.209805416858311
0.122983228822195 0.267241652106909 0.0297545549760037 0.0258047148740839 0.157213474587571 0.262703133627662 0.134299241005575
0.323793065028574 0.040432397091883 0.124620651216545 0.240089259142255 0.201733289686675 0.0383296725440327 0.0310016652900354
0.0198021101530284 0.168471343081244 0.171609465472009 0.0764185262891886 0.0967064618937785 0.301442210928313 0.165549882182439
0.282312892053184 0.0281993880371674 0.0628499593156413 0.0779286195464375 0.0490842133116225 0.288380350078953 0.211244577656994
0.100503221084973 0.208450655639329 0.0545426898045723 0.129733700805603 0.0981141114530847 0.194204222063158 0.21445139914928
0.154830713552021 0.230263024433436 0.0503027151301089 0.108211627883306 0.23033223765721 0.115409620052485 0.110650061291432
0.199463964389985 0.0610344245465647 0.151009737746346 0.136410700241865 0.190970191715594 0.193211307271585 0.0678996740880598
0.0766719992463222 0.18570889788653 0.0793991037366165 0.0167284642768507 0.273516303725055 0.161452766924728 0.206522464203898
0.143031562911907 0.0680780608381656 0.210369469074952 0.23182154341528 0.104851852110657 0.210829717642717 0.0310177940063212
0.112829522171707 0.153598842422638 0.177254205607669 0.149849378782993 0.14945939068211 0.206788716494805 0.050219943838079
0.339568489505726 0.117144899928006 0.0219547535880608 0.117581966893144 0.0756662977320282 0.0440650366169919 0.284018555736043
0.201664753623961 0.00706303606985709 0.369548714215887 0.0816659827836069 0.00651386711904937 0.0175184945497252 0.316025151637913
0.0505293214769042 0.259840144732461 0.0992215366054979 0.180178473366459 0.194919412195044 0.191513675633068 0.0237974359905663
0.0661466045571802 0.0574564652774524 0.0366658254066818 0.0712798148101161 0.311659480029023 0.335334388184096 0.121457421735451
0.0371913324674575 0.0812151921380059 0.291246439970988 0.115748971058355 0.296583778147131 0.0269013151984767 0.151112971019585
0.226525363552517 0.108433879879802 0.163644493277817 0.133434388481556 0.147195470117246 0.101081587151365 0.119684817539697
0.010793298614771 0.0786931694339705 0.171285975671087 0.182046616403715 0.0825030420677422 0.338931271612354 0.135746626196361
0.126494970103822 0.0754709888977527 0.12897943120785 0.164405238191897 0.0627514388369187 0.206631472323267 0.235266460438493
0.217562444419913 0.0690356053837531 0.00860333138354671 0.238967439112402 0.148009292363081 0.129314314785673 0.188507572551632
0.00663838989523018 0.308808891046281 0.180875359488943 0.20616221169348 0.04036353168985 0.217429316544888 0.0397222996413282
0.228150863328734 0.113810144327916 0.14976888739986 0.0369405128965811 0.393136437031295 0.0402699196028115 0.0379232354128022
0.165889412628746 0.0113486290295865 0.151632716369405 0.12589492066717 0.253251502298337 0.185260972077396 0.106721846929359
0.00735139679384685 0.347523218809245 0.188905494144537 0.0909104436283711 0.0222190149427807 0.118003273995371 0.225087157685848
0.227052985943859 0.0325389739784491 0.151014524307689 0.172850211105168 0.22510263040063 0.0899288320741734 0.101511842190031
0.0509192202867085 0.194489325375908 0.240898268846897 0.164684486170088 0.0570490936597369 0.218711389659454 0.0732482160012074
0.222145975977149 0.214139645847199 0.0464187106925889 0.190906513891007 0.230011204092733 0.0599998225470902 0.0363781269522335
0.0760225859440814 0.09634323124453 0.0524650519522662 0.214535678871683 0.199228273015016 0.131047897028635 0.230357281943789
0.248281458357323 0.228821969188426 0.0864453294508319 0.0211556083312886 0.147563836628947 0.0678623105216401 0.199869487521543
0.187554594184479 0.317776371233009 0.170971125800885 0.0586254222461201 0.0615823015190019 0.197296899502026 0.00619328551448056
0.145389128850558 0.170324139645874 0.110406472808365 0.166749344129159 0.0897097206088071 0.14632341808913 0.171097775868106
0.194928019506896 0.0892843150530008 0.190414674038468 0.184739382603155 0.190831341988858 0.132396878297971 0.0174053885116519
0.0865879447884193 0.0922274110710152 0.272045679776807 0.0481557556270294 0.16112093204948 0.151287944314542 0.188574332372707
0.147823340572166 0.0486071194223461 0.132030408306726 0.107831988926323 0.146264077155579 0.138380308392627 0.279062757224234
0.207045104438738 0.263823619185891 0.0484792855345634 0.148465501820425 0.212731090774992 0.0125927742258671 0.106862624019524
0.0214179412607585 0.218085848801563 0.157805864271607 0.250642220226023 0.142567810764723 0.180894813324115 0.0285855013512111
0.128714276790477 0.249452715714968 0.0724678221026566 0.132175475424127 0.0463916535233694 0.154657952654768 0.216140103789634
0.156018727274571 0.319791245386883 0.21027103837554 0.00793155758658567 0.000428291827304099 0.0315593299250915 0.273999809624025
0.17840878575515 0.0653034522187872 0.130903249890579 0.195959709493544 0.130942240139283 0.0713465921055802 0.227135970397077
0.00469497761561441 0.428169039186916 0.0578906304566252 0.0453840691108422 0.0568442790239995 0.372558457376955 0.0344585472290474
0.138360544703225 0.155400974837741 0.152504846189326 0.0991931347961102 0.149912299563725 0.143654299065347 0.160973900844526
0.065376471685446 0.142630039406809 0.0647641172566394 0.275540676823528 0.0371671890212655 0.189142405039945 0.225379100766368
0.0174098029223772 0.225916707760055 0.129461355365045 0.163097751484045 0.133113571419217 0.213249521922271 0.11775128912699
0.246530118567602 0.212846823989663 0.0867792398324643 0.0306036684886526 0.20195321384257 0.108191548577263 0.113095386701785
0.114583487378894 0.209120148967378 0.054020443636659 0.250159342890508 0.337869340327576 0.0264138339447556 0.00783340285422884
0.21387155078834 0.213955024346155 0.100502083112985 0.0435998252195954 0.164247506272106 0.0814277215928927 0.182396288667926
0.0906287213224883 0.229295347080998 0.107840140055322 0.0367391669148299 0.30305029756699 0.0948006312954279 0.137645695763944
0.097517548242529 0.165442031926222 0.0724911790302204 0.0226213129424372 0.252675502856696 0.305940412545621 0.0833120124562753
0.0619924066189327 0.215490160781613 0.199446305943753 0.0651575925017789 0.181240526697298 0.0591144503276274 0.217558557128997
0.159530949014331 0.0755154572734755 0.272024116459445 0.0708429869985084 0.115997947350701 0.252199723389072 0.0538888195144673
0.195356151598453 0.11413849490709 0.0683534281645414 0.148608563301931 0.0844671872613092 0.198713639865626 0.19036253490105
0.233843769765188 0.0972757638655108 0.0154692947998035 0.112860821043231 0.272596426272632 0.0816857280177138 0.18626819623592
0.403221629556912 0.222638123504417 0.00706487499759198 0.0460374400873196 0.076056011300234 0.0629613934686526 0.182020527084872
0.134291312532519 0.0986264064260967 0.185562541759124 0.16693641130192 0.0968949393030735 0.15927962297932 0.158408765697947
0.18518809875672 0.250872085655012 0.178063600712656 0.0782859459590695 0.0680803598864356 0.178292137490336 0.0612177715397719
0.131919273071951 0.148279133374362 0.182887661420177 0.100685188056191 0.132266559298992 0.118311950914335 0.185650233863991
0.0693289104013993 0.0727655063459606 0.169807016721028 0.373067537250051 0.080734936494148 0.135815570397294 0.0984805223901194
0.050091411498595 0.255867815632723 0.052533951095123 0.209574203207129 0.223189282305834 0.131307420548454 0.0774359157121423
0.091138938984329 0.0889093812539692 0.203036912743588 0.191658878794197 0.191004522245906 0.229036824574746 0.00521454140326497
0.0255460271871531 0.136963727569599 0.205903542498141 0.152778142693866 0.202168287541759 0.0674908257265283 0.209149446782953
0.14936113291147 0.216643238754944 0.0959295579208504 0.174427750380264 0.144005463402911 0.147323092664904 0.0723097639646568
0.0518500011761581 0.131275740904174 0.152720244281358 0.0744526247385862 0.249916812761736 0.0946102688644159 0.245174307273573
0.247802861940208 0.0163254820046596 0.341400109457445 0.180285787991734 0.0842977745217132 0.0299993891671573 0.0998885949170835
0.179765100228739 0.143957115489932 0.209583682396618 0.153497163337361 0.00688498945338666 0.147602040606281 0.158709908487682
0.217903075210049 0.208061490164396 0.056000496042941 0.0345128981805011 0.168404559526275 0.218790912850548 0.0963265680252894
0.21619179215559 0.0737187197117757 0.320449650831407 0.0323268194826441 0.200047733825547 0.115952007525085 0.0413132764679516
0.0826612461406702 0.161665664869087 0.180216688052664 0.128200570922688 0.282041158269002 0.0150979017185512 0.150116770027338
0.159437152661516 0.154860292389561 0.219522822821814 0.160076739508678 0.064821211174286 0.111531938193331 0.129749843250813
0.12694947169305 0.133041899532078 0.173156763256619 0.0895030481652364 0.20955761651938 0.100117653582057 0.167673547251579
0.15486462883875 0.0346338694082109 0.0142901730716165 0.321766831549638 0.390001234787992 0.0705303938850404 0.0139128684587522
0.0414099767262231 0.185719586530564 0.0978569397219132 0.151929026396528 0.182321481940168 0.19922305477869 0.141539933905914
0.253525136218243 0.0182726354212303 0.251316792209854 0.0531534761632331 0.035870151692995 0.211113629136988 0.176748179157457
0.171549333808262 0.165767290547357 0.182797875477258 0.16885496014701 0.117593090915092 0.0942202643840285 0.0992171847209924
0.00400542116661898 0.213593969581703 0.152066419785546 0.294745192440443 0.113643784432088 0.157078609061229 0.0648666035323715
0.157789352643465 0.178258579936963 0.192898893771711 0.188389299856536 0.10303013295804 0.108688634852528 0.0709451059807568
0.0428225417030426 0.180462213668245 0.152155051370506 0.299526241008909 0.124604019790387 0.0609513032339119 0.139478629224999
0.0533235786933734 0.18802303571934 0.0532405846861913 0.0612225919284033 0.206044300546454 0.2553433395817 0.182802568844538
0.0418298368616875 0.0246563924234676 0.228996447358416 0.204159034284288 0.212004778360977 0.22851417956194 0.0598393311492246
0.228628724361998 0.180478106784463 0.0745363689655748 0.125167295025541 0.193837575370978 0.166204035694325 0.0311478937971195
0.237795274459577 0.16653975812119 0.0150357031809303 0.178620944147589 0.192025548579692 0.143905020033291 0.0660777514777316
0.216805529720907 0.199284724973202 0.111060763211518 0.0561574562796802 0.20636008704473 0.118961864937301 0.0913695738326622
0.149998286091585 0.198513502608833 0.179522692629086 0.0594755465626803 0.170465591235998 0.0893404331763322 0.152683947695485
0.184133495012299 0.129472021010373 0.0370262532354252 0.149652365934722 0.186569032009038 0.16211085144379 0.151035981354353
0.0819013962963275 0.1096179034524 0.195004104733036 0.254245403322726 0.00322619034337541 0.164356939068128 0.191648062784007
0.193307168713531 0.0112045573149419 0.250281597832135 0.235009653105326 0.0051626251228635 0.132141465811175 0.172892932100027
0.253592890595681 0.0519870058785011 0.248797969265693 0.0222288002061906 0.127824337134205 0.157319816495187 0.138249180424543
0.0261989130802134 0.0552784616210144 0.319307611601678 0.157115827856763 0.0175364190240294 0.341842763277099 0.0827200035392032
0.107871169421384 0.295719244026703 0.0361474163241905 0.0342803717550586 0.23076203190936 0.169615163542321 0.125604603020983
0.211306350399775 0.0976207877038498 0.0986070089952707 0.0184694127653552 0.386126138895605 0.0711164630689341 0.11675383817121
0.189917436197648 0.234000378834551 0.133148919553334 0.244044302822278 0.0247371440120131 0.0916680072812954 0.0824838112988803
0.268271337665133 0.00313608527453156 0.0578985315390274 0.44216352341064 0.132693687130932 0.02139338636014 0.0744434486195956
0.147105850738709 0.0551684572016959 0.284593339238095 0.105610648540428 0.00244868531345703 0.202069178493008 0.203003840474606
0.0958942276559672 0.153316259592678 0.193961336955811 0.171380157102312 0.180413520428709 0.0707682628887738 0.134266235375748
0.0680681118590517 0.181317374423296 0.240975566839501 0.130262029958436 0.215535335354148 0.0970937045823964 0.0667478769831708
0.093219340170681 0.112569158579981 0.240116456481993 0.16701827699822 0.208213206400363 0.124592451669278 0.0542711096994838
0.0480701472168215 0.0315666788703566 0.182523359510876 0.157621273523231 0.170699967599678 0.195076815549219 0.214441757729818
0.030797165771803 0.280863983654342 0.137285021476492 0.033937499533142 0.324034278153948 0.0472852783051498 0.145796773105124
0.135090230351693 0.0669206070739029 0.142921199631734 0.164691989734713 0.17748902128073 0.167284760661849 0.145602191265379
0.221346857327656 0.247802272903583 0.0586041678758991 0.315079713100379 0.0112736081724746 0.0826569674132811 0.0632364132067274
0.066394482602527 0.101313127508649 0.216626392426153 0.0259705324268523 0.224585386853207 0.19427751338909 0.170832564793523
0.224276391865378 0.169289245059373 0.0674298357096751 0.0609322735379886 0.185853008894817 0.149679019928902 0.142540225003867
0.173153826239802 0.21724951264782 0.202699241332529 0.154664906783815 0.14472905024725 0.0666938121717956 0.0408096505769886
0.0804323322679556 0.0536310044585142 0.185833034999475 0.195335627496516 0.328763777841079 0.124924248163554 0.0310799747729058
0.0666466443031028 0.167233719509444 0.0907538580719912 0.0310524904968055 0.0536076839584182 0.40530874696166 0.185396856698578
0.0915619371645669 0.278577355663968 0.140291731527028 0.370934553056779 0.106179854643348 0.00320798354450164 0.00924658439980796
0.162794006743305 0.116874024821309 0.216106927293542 0.302658109545567 0.0829584389193097 0.0488626405032107 0.0697458521737556
0.226247302416101 0.0990769152535095 0.170796907724983 0.0256126195189801 0.102696364058402 0.152514092776898 0.223055798251126
0.143124082445786 0.0967310926760826 0.236355557562791 0.135331145059484 0.215536649836052 0.132417317900076 0.0405041545197277
0.0284140688824169 0.0328475976570379 0.331526453035415 0.175859664231133 0.0666750402739445 0.178618652428091 0.186058523491961
0.0332911652018323 0.169637732811387 0.0896877728018321 0.162341465912025 0.122622736637545 0.126729280528962 0.295689846106416
0.255846716649027 0.0988767812975474 0.126327438770398 0.127085113111271 0.0232250912600131 0.0521356680766695 0.316503190835074
0.251353820823764 0.060889915102231 0.0858945892727939 0.0825588372177271 0.274744204817103 0.154958473755547 0.0896001590108334
0.171327319418237 0.154376635461103 0.234193661672071 0.0473014890288405 0.044136349077218 0.250310291902192 0.0983542534403395
0.236060645122854 0.132333901802259 0.117882967994099 0.15881329257555 0.142397467449544 0.0674808645146713 0.145030860541024
0.199542254014774 0.0363837597623079 0.110532896880483 0.155234404341537 0.137755655366873 0.174858966988881 0.185692062645144
0.0783160639901298 0.106904787157842 0.228787700360295 0.0583073671414795 0.142245250036128 0.209995670597857 0.175443160716267
0.0141264735251844 0.188972909328888 0.174436822724557 0.126337018227767 0.178819707086746 0.126479589189313 0.190827479917544
0.0709564703930322 0.0377319711787856 0.164044463801365 0.011539758419313 0.22488035319887 0.248811554050778 0.242035428957855
0.180252014899157 0.0918444256665738 0.180383839754461 0.0994756840199188 0.183548638135868 0.105209526692655 0.159285870831366
0.0518064455942679 0.186741709535727 0.149775081343394 0.259826318032058 0.0851632713576702 0.156741723526746 0.109945450610138
0.192683403348663 0.0446376633668642 0.171250913193976 0.177066903725581 0.170837135010929 0.16223720688626 0.0812867744677263
0.169120642851262 0.162033224490792 0.0909632060551674 0.0999408700297948 0.137461624451136 0.147821067807914 0.192659364313934
0.166565470140183 0.173348465111207 0.193099279684223 0.0570400352712907 0.0440193799335886 0.159303281635969 0.206624088223537
0.113233752038135 0.189316530507816 0.145400596049894 0.162381827429926 0.07211932465102 0.189261418743761 0.128286550579448
0.0705859391965249 0.0998577930322683 0.190299395793672 0.131691841233931 0.350916032389647 0.00394741297133316 0.152701585382623
0.200162311396894 0.208454958524331 0.0993195687141846 0.173314493714747 0.179868617161759 0.0920102545654433 0.0468697959226417
0.040258484715323 0.0333497750129454 0.197610821913349 0.0992079322144725 0.0818086813132745 0.262666461824105 0.28509784300653
0.165452762760992 0.227087284700195 0.111258899560178 0.133126527266578 0.1118440016548 0.111009513385159 0.140221010672099
0.110149292851499 0.373601214670786 0.0795602750586393 0.0341006334358068 0.040166253085749 0.219377876012162 0.143044454885358
0.176072022981415 0.182741697594112 0.208263502943078 0.015440776467389 0.153933803162633 0.103007196711419 0.160541000139954
0.139810661266539 0.168281596846489 0.216471066996402 0.0538418161935019 0.126685151907044 0.0887533675150338 0.20615633927499
0.187668192895399 0.113012225569952 0.109214994291832 0.210182684899549 0.122793625994425 0.15047978338252 0.106648492966323
0.0456228889463412 0.087067099974067 0.149333863531991 0.226245378225374 0.16400859916306 0.134287969019885 0.193434201139282
0.144120818269467 0.164417254377518 0.141199207513356 0.174864275902871 0.0468049248456431 0.222788583822883 0.105804935268262
0.116755395894346 0.177514054720256 0.234759361098384 0.142655907231775 0.0653603300437677 0.245485921279118 0.0174690297323536
0.0253760683415964 0.142956484869814 0.00686804488872742 0.209137701800795 0.10243015044051 0.225152100903856 0.288079448754701
0.201135747093201 0.0922783600105599 0.152065102326795 0.010277593860603 0.171486395310783 0.170061763550606 0.202695037847452
0.178142379183321 0.194942523058122 0.142956961259616 0.0912684575726527 0.0846119761408536 0.194967501437746 0.113110201347689
0.0184012125206167 0.0495336248590918 0.0647354810194144 0.230068912659895 0.184686264274784 0.198045516611762 0.254528988054437
0.0475205860881531 0.168351634583994 0.0509434038495284 0.0767498318203632 0.233148082877798 0.357752128421552 0.0655343323586119
0.115399347638734 0.0724802421843845 0.208004241418024 0.190060353263302 0.122316651037516 0.0536510318194499 0.23808813263859
0.0890428733769765 0.23692723061526 0.0477181144456376 0.0109732433972583 0.184361155209126 0.313691697421739 0.117285685534003
0.287223244062836 0.13881838997879 0.058073330904434 0.0516452496127295 0.251757926519195 0.0664153692794933 0.146066489642523
0.288927260697823 0.254260252612842 0.0946465516725545 0.0537943356272086 0.00605681039371723 0.031579494906578 0.270735294089277
0.20785643186661 0.0421902328224413 0.178797248954716 0.189049221975148 0.281848571174591 0.0662134450583765 0.0340448481481165
0.162537878112918 0.0454303625430588 0.0990713050653009 0.131473406080101 0.240234397753427 0.079255920483875 0.241996729961319
0.213775541418202 0.195467698809958 0.160049158455782 0.0559248751640018 0.161405533073228 0.0388158215690182 0.174561371509811
0.0329148118276789 0.237568436764959 0.0213170212883745 0.0869414042123372 0.17987499071635 0.171305045926583 0.270078289263717
0.138820180764441 0.0991484163862116 0.123737626486984 0.186070657805456 0.177846066180047 0.0753774196936805 0.19899963268318
0.156468737408449 0.0831954661438332 0.037892600790812 0.199737172885753 0.186193527942803 0.2110203756895 0.12549211913885
0.231181462128983 0.178036961742048 0.0747096677936595 0.216101155176628 0.0245796170632123 0.155812748733012 0.119578387362458
0.0301868094894471 0.0494131367870429 0.248350097547253 0.275147444243081 0.25066146885737 0.0852724102952882 0.0609686327805179
0.0562381485958931 0.191558556730865 0.176202181444793 0.092679424160446 0.117998262866238 0.167229220593647 0.198094205608118
0.145189153083942 0.258989374816977 0.0683552951583227 0.126691540582963 0.00972507813896512 0.193077689600848 0.197971868617983
0.193395760237085 0.0980733727290632 0.231445442283316 0.0441986727722809 0.0987727600433061 0.193523824290109 0.140590167644839
0.205475732204825 0.161282543560801 0.205671556930598 0.216046850375415 0.0407734252825185 0.149211231402731 0.0215386602431106
0.100768977934644 0.166797027698733 0.0860108202218745 0.289661336331395 0.0276496456326883 0.285736270218391 0.0433759219622752
0.167019382258094 0.15172316959203 0.072058355779732 0.163283480466781 0.120177646798667 0.154973756427246 0.170764208677452
0.0865822983658257 0.228207015779129 0.124362114589726 0.179566384074697 0.0048126494844664 0.269633457739919 0.106836079966236
0.149398935408202 0.0846944487081216 0.0257621043556298 0.165689077996895 0.133083028781884 0.18675089391024 0.254621510839028
0.0768714244432297 0.124923688389767 0.119273702010432 0.138079757727844 0.19669244186318 0.167512657682808 0.176646327882738
0.24260035078421 0.279549998837271 0.072455284260951 0.0767021346178261 0.152831464690553 0.14155669779176 0.0343040690174301
0.108121639529603 0.162498568403816 0.0906447078973638 0.135058766382221 0.214838278466797 0.201754823890762 0.0870832154294371
