0.378386275812329 0.353319355660327 0.115380220740612 0.0395995082944286 0.113314639492304
0.0757387530787246 0.071772040711786 0.479814591280256 0.198048399593244 0.174626215335989
0.167836950724849 0.364307283858522 0.289294407194142 0.122190768975394 0.0563705892470927
0.240887231257354 0.140127677183283 0.235675840613605 0.150591347096314 0.232717903849444
0.152647743112653 0.365352212620487 0.00115495089988741 0.394295713487672 0.0865493798793009
0.169975173114316 0.075610520104292 0.295151049351106 0.00315686051947007 0.456106396910816
0.174403602426812 0.180508470029962 0.199349521569056 0.195326587002862 0.250411818971309
0.0739226005903398 0.0356969214358779 0.470800347345533 0.391513287857385 0.0280668427708643
0.0403207897506974 0.241887813942278 0.282902210927501 0.0799617443055776 0.354927441073946
0.358445658305546 0.18966210183411 0.141704822608231 0.0151182088677869 0.295069208384327
0.428825481850999 0.184078450084067 0.0244275105571764 0.00883403985105103 0.353834517656707
0.425699658519513 0.161301573212738 0.184737499544099 0.131443078967389 0.0968181897562606
0.14797123848252 0.278028714419626 0.173535644467551 0.0849564697720909 0.315507932858213
0.23728787126694 0.280685707003395 0.329947446500383 0.0810444108964733 0.0710345643328085
0.0265471447104592 0.192458502200489 0.223746532293518 0.306834465002613 0.250413355792921
0.154132292025634 0.22689523956506 0.237903302682919 0.154432925805827 0.226636239920559
0.225072909400855 0.149570102269002 0.149521814531435 0.323742014697474 0.152093159101235
0.268476634019898 0.255839995736793 0.199336445231978 0.211117670508473 0.0652292545028579
0.324707772006146 0.125727011139563 0.0300003488527436 0.152125959845679 0.367438908155869
0.332993057127093 0.218706328020486 0.176554999191861 0.118453530760883 0.153292084899677
0.236224266012425 0.236992882207957 0.135361436909964 0.124423095621812 0.266998319247842
0.0410731242281966 0.297504857907122 0.239653197720517 0.151345989444349 0.270422830699815
0.267061755822518 0.181182646640762 0.377385173970163 0.168497795181952 0.00587262838460562
0.0114079365617292 0.104333830155277 0.344383246506684 0.322100864493939 0.217774122282371
0.0798668462443696 0.116464719106101 0.00810277907924415 0.0838366545644335 0.711729001005851
0.0827809094128024 0.236378777615881 0.280084209255286 0.163273037605991 0.23748306611004
0.0721326070877979 0.0258894989021662 0.0943549352971091 0.643944419789967 0.163678538922959
0.280390706740084 0.353602579447143 0.0978806833758383 0.16889450820863 0.0992315222283052
0.0269401151509494 0.141749806504395 0.128368501185215 0.597248659135322 0.105692918024119
0.220150305507919 0.349442512397259 0.292558527709029 0.115917071564647 0.0219315828211457
0.332415171609334 0.0209021041217482 0.249786298064444 0.0544553232601059 0.342441102944367
0.11691473477499 0.301463018589729 0.231762270361843 0.203399928137438 0.146460048136
0.0567980628823015 0.260943836500056 0.223339349861081 0.263235226671804 0.195683524084758
0.0346549331666667 0.236173001482736 0.398804442328746 0.268289870212069 0.0620777528097821
0.265214928930497 0.417260228497664 0.164262156733266 0.038019424664953 0.11524326117362
0.14993888833065 0.184609112790089 0.0248163378587541 0.276876608617685 0.363759052402822
0.541735296666685 0.0432860389878458 0.184031053564799 0.148101363958943 0.0828462468217278
0.562985598234792 0.117080461386398 0.0176743506958518 0.20366924527099 0.0985903444119681
0.142614612205873 0.251543599030657 0.294237169337199 0.168674571706302 0.142930047719969
0.220495914538993 0.245140737911556 0.273274665505337 0.0975138955709387 0.163574786473175
0.246034053710957 0.127325130002695 0.284380257735316 0.0906013539697595 0.251659204581273
0.302228944851559 0.214019878164279 0.273170883079109 0.0577652930869535 0.152815000818099
0.145438611385596 0.0500596021315629 0.350077613322901 0.449198145253873 0.00522602790606772
0.0627583025950903 0.2115758286441 0.14407483841697 0.25671313520375 0.32487789514009
0.128716834103573 0.197528392071929 0.224347774271998 0.270054218116162 0.179352781436337
0.15064401259441 0.163049569318841 0.213437323867959 0.0942305689128629 0.378638525305926
0.291471744545064 0.0874855662587051 0.0266953368587316 0.265669152669809 0.32867819966769
0.266515655905106 0.152419616086541 0.256699981181536 0.238546787584849 0.0858179592419685
0.0832370861179467 0.358478508941237 0.310080397139705 0.218973031978053 0.0292309758230577
0.102137917324108 0.452333540168178 0.129856169770164 0.173790995758954 0.141881376978597
0.322621053567445 0.199185856314351 0.155542623479264 0.15913125440595 0.16351921223299
0.205220426375743 0.0413901411324809 0.149484549316517 0.369173042722689 0.23473184045257
0.197632179096127 0.225483095854166 0.413621935155197 0.0314159654563159 0.131846824438195
0.251340448054984 0.245811190248278 0.0381476530611052 0.312701419383699 0.151999289251934
0.324173410904001 0.126054721762606 0.142231746804981 0.112734367503386 0.294805753025025
0.118432225257404 0.0552699313405361 0.343244779764843 0.337341181413719 0.145711882223498
0.338577168097405 0.280250479076495 0.205272878794344 0.0291026131125989 0.146796860919157
0.271895388636731 0.0968355083446628 0.221353253693229 0.308056901078609 0.101858948246769
0.262230745692913 0.0757240409880735 0.252160359954482 0.106548842764615 0.303336010599917
0.111552000662892 0.235807819120465 0.309105298965414 0.338851752647893 0.00468312860333592
0.220652452402106 0.0599064518840476 0.243494378684518 0.183716408959339 0.29223030806999
0.330939652493154 0.0786564838448366 0.119383026662481 0.270899972441797 0.200120864557731
0.175616672734663 0.119177862955332 0.307815628972601 0.280227672776778 0.117162162560626
0.328384726811979 0.189658002653355 0.215932303997837 0.255532761677391 0.0104922048594378
0.246068156543893 0.157276518942373 0.27727982289102 0.0390724702125864 0.280303031410128
0.145924711342516 0.213098624247611 0.0665865065124796 0.0644529593996041 0.50993719849779
0.214514141481419 0.209774521980199 0.253193514140799 0.0970386262752942 0.225479196122289
0.162506916286892 0.0374006970856352 0.312197293892704 0.1866670382787 0.301228054456069
0.19275576054247 0.279792326846069 0.0481560873753688 0.163593593674446 0.315702231561647
0.271465652605149 0.156948125384519 0.118184601141834 0.140459141662212 0.312942479206287
0.104319447757004 0.101734860092829 0.273326058549337 0.260421917511948 0.260197716088882
0.149115215504244 0.182279611409923 0.0943012279829407 0.260753655417039 0.313550289685854
0.173939244447875 0.167578590679914 0.171339180676865 0.344577603968144 0.142565380227202
0.318089628308796 0.133239524333495 0.179116397141954 0.0949226293308427 0.274631820884913
0.156217149174168 0.21088034259026 0.218993969333669 0.149299934614901 0.264608604287002
0.202135895540006 0.16329113212525 0.205474711827997 0.183850889321349 0.245247371185398
0.35413791099398 0.250332944671254 0.283805772207149 0.00358850665150799 0.108134865476108
0.305397913238709 0.211645959382805 0.179865225542306 0.284609542277695 0.0184813595584856
0.071760917849961 0.307348159841224 0.383670645223835 0.0261294673948575 0.211090809690123
0.173268031102509 0.182838602581664 0.292250152768084 0.235482249463703 0.116160964084041
0.0329007726344088 0.0840863971184662 0.307816943813348 0.284727095370717 0.29046879106306
0.0230304003116811 0.246074697830958 0.419301132645142 0.00320970949886745 0.308384059713352
0.484982489476157 0.0454013903678142 0.292009967409395 0.123944329572047 0.0536618231745873
0.194072777025191 0.303296108732548 0.178714630184904 0.0212000665441994 0.302716417513158
0.22150883276929 0.177463832007077 0.200875555217023 0.194961714048171 0.205190065958439
0.430654419531611 0.194703865893692 0.0422011325918556 0.187540208209532 0.144900373773309
0.327103247428277 0.238846179840901 0.116656079935414 0.198385166053131 0.119009326742277
0.228720165901255 0.288504727604371 0.169546017686339 0.198340965360573 0.114888123447462
0.374770007990478 0.305688955554488 0.114263073181172 0.152031888086818 0.0532460751870433
0.0745694354242436 0.23020560352415 0.363071354954381 0.186133015543352 0.146020590553874
0.0564037033874051 0.28341027301605 0.132244524795548 0.125875070720597 0.4020664280804
0.420498423867781 0.031171263063454 0.224169026604784 0.252404646223792 0.0717566402401897
0.17304572249937 0.265072368231714 0.0674564198847143 0.269527917551513 0.224897571832688
0.206478802276399 0.355706346938552 0.118285780989134 0.0287205287027944 0.29080854109312
0.0892236671465565 0.0952893267493434 0.0563858270754882 0.514190347470104 0.244910831558508
0.131797871967953 0.388792351987918 0.0782704225523319 0.0415210016659726 0.359618351825824
0.341616949224197 0.0575559191270244 0.0588436451064646 0.174437254444429 0.367546232097885
0.330285351463628 0.117327661186352 0.266328234781778 0.148302639851474 0.137756112716768
0.27967973673783 0.294185629637467 0.110793591412259 0.205715649734073 0.10962539247837
0.0657933214980426 0.263361697596838 0.301043894244799 0.300253403459319 0.0695476832010011
0.193661932083491 0.279399734124574 0.0256732902942358 0.248960157528478 0.252304885969221
0.335731213055514 0.298916038612423 0.05627994742586 0.231463189026604 0.0776096118795986
0.0606398057285215 0.0334906717367545 0.398009222447202 0.242770339336718 0.265089960750804
0.186281168632977 0.36795369096788 0.0882984260442281 0.247652140990936 0.109814573363979
0.0908174793015627 0.275593317700569 0.380275565593326 0.0694676849494409 0.183845952455101
0.279786251755463 0.319027345658197 0.0603975321035219 0.0130048853439106 0.327783985138908
0.177669832450545 0.139367894916845 0.249762082038459 0.235945285506665 0.197254905087486
0.527668095726383 0.217800925655766 0.0232959223822348 0.074218943713731 0.157016112521885
0.0979667514985777 0.312529702641234 0.114799763491192 0.30162670892135 0.173077073447647
0.0424734304415794 0.0293028121622993 0.372535275442198 0.161533405761407 0.394155076192516
0.293555282624133 0.306799655654232 0.121227867283263 0.00723678594905512 0.271180408489317
0.0350741265565752 0.17642645368062 0.293107771344456 0.285817322157322 0.209574326261026
0.114746198314238 0.319086085996089 0.182150607914525 0.202732134908776 0.181284972866373
0.2424702074403 0.288513930758435 0.224808657491373 0.00555856676452472 0.238648637545367
0.131735029092306 0.303286187759865 0.100148279160576 0.151529403356973 0.31330110063028
0.229027340619928 0.248044014083114 0.126136235468777 0.0497686772132123 0.347023732614968
0.207434647237552 0.35756332177324 0.194463796525293 0.0406564544701375 0.199881779993778
0.0956672583588273 0.247515470963128 0.312518021107927 0.324870955912833 0.0194282936572846
0.245374255196573 0.0281535620370499 0.11187927766492 0.300900189635571 0.313692715465886
0.0577237467529507 0.226031424242383 0.19155799590221 0.336176697328147 0.188510135774309
0.139147390575167 0.359879754687182 0.314989004505833 0.0236130779641831 0.162370772267635
0.303341959551408 0.245259007352393 0.00290162526952326 0.23557102944437 0.212926378382305
0.350042996194129 0.376055208804807 0.045192614901505 0.169201209246879 0.0595079708526798
0.00384987779138319 0.355354800624132 0.0573313174824048 0.280933196186695 0.302530807915385
0.228615301732326 0.18565398676296 0.122234883299155 0.200825841936657 0.262669986268902
0.189410809309826 0.0296808441557431 0.166747089302294 0.119389637589589 0.494771619642548
0.0781460228866668 0.0754063463314779 0.0229947273070213 0.420878003895823 0.402574899579011
0.218324058032939 0.348601504605493 0.16980247860666 0.235989587074046 0.027282371680861
0.104562914528174 0.330060174433235 0.144335382427036 0.209710539472542 0.211330989139013
0.152207746945632 0.305560630717975 0.0673199736454553 0.0963646863898672 0.378546962301071
0.0705075649257791 0.00369124822281198 0.0751337369253688 0.109958460060114 0.740708989865926
0.164235709802791 0.299187139973106 0.0910023168370567 0.201190752820208 0.244384080566839
0.359061610104753 0.157268606859111 0.0261364001072857 0.161877690438808 0.295655692490042
0.25673443554879 0.167210274076047 0.109249209015749 0.263800663162624 0.20300541819679
0.328281216823108 0.30607061559628 0.052838725032636 0.305923677710801 0.00688576483717547
0.192020349966037 0.0165519964121242 0.558980882731471 0.0612362093859152 0.171210561504453
0.0409805525370662 0.0754828304651167 0.351409795357594 0.299233249801892 0.232893571838332
0.0475949830132732 0.377468570008257 0.1204361591174 0.217115593250624 0.237384694610446
0.0448795483763191 0.482023443097176 0.112084523020709 0.00870023185660501 0.352312253649191
0.233984561421041 0.221620164055447 0.114621849637682 0.276297820517575 0.153475604368255
0.14662200713983 0.232305124864851 0.216404823133925 0.189246048840336 0.215421996021058
0.124884412658631 0.373891100295081 0.0572181148671008 0.176871228888982 0.267135143290206
0.0518592560301768 0.0830980596086774 0.388323585133893 0.319284534893115 0.157434564334138
0.358997908597066 0.0163277331361659 0.363595088850829 0.110131537438065 0.150947731977874
0.179714716827531 0.257439783818788 0.231461235409968 0.0555998650928554 0.275784398850857
0.341219404326851 0.0537303316632472 0.318571162134317 0.0487184419805989 0.237760659894986
0.278564984063741 0.262164205285467 0.223596402456839 0.0141512040961752 0.221523204097778
0.168294503221352 0.356986264978623 0.182320115683942 0.104588486351712 0.187810629764372
0.249093264998115 0.25063364136572 0.249398195521151 0.188663275502963 0.0622116226120506
0.18332825816859 0.253894707336835 0.202238329338257 0.135357794581337 0.225180910574981
0.243095192227736 0.358812097511871 0.159888657531843 0.0920264753576529 0.146177577370896
0.251167413506764 0.203950987025863 0.129587593446214 0.248951588905894 0.166342417115265
0.0966685182922903 0.175162443007875 0.15349681553709 0.310430547211298 0.264241675951447
0.175879254054972 0.153176015325585 0.320314396040975 0.31386319358242 0.0367671409960482
0.151359943037097 0.204851524288349 0.247966915639211 0.252174803978013 0.14364681305733
0.278059373600306 0.191986930548613 0.20632758067991 0.314909940466128 0.00871617470504214
0.321602487448241 0.349920135948859 0.0109819407341362 0.00364204301174989 0.313853392857014
0.2181873152716 0.0172133280166775 0.221148455979185 0.235655228836698 0.307795671895839
0.121115595959525 0.238391511295197 0.0768720423495615 0.378293051740567 0.18532779865515
0.359953614199814 0.0768547073300946 0.175997615903455 0.212595820526289 0.174598242040347
0.501482914666269 0.0873350434136924 0.0676369504414752 0.0537698973179092 0.289775194160654
0.3553557897638 0.391094841528648 0.0214237836923665 0.0512386124927322 0.180886972522453
0.20994967757462 0.280157159943109 0.101551941220044 0.238096142008136 0.170245079254092
0.177563035041433 0.183366358803532 0.214741139077648 0.268914331844406 0.155415135232982
0.191458679020436 0.185573390110969 0.451076353773474 0.0749310918248499 0.0969604852702718
0.246787007999264 0.188703722261412 0.235347077055912 0.245591196138697 0.0835709965447154
0.222173810993738 0.321967701998936 0.0971201529239814 0.0836801848229019 0.275058149260443
0.514647099697864 0.161059541420074 0.113576457526949 0.125198048649206 0.0855188527059074
0.194962488284668 0.0250298238571977 0.158576460058796 0.244049273504997 0.377381954294341
0.158512358700921 0.273742192719111 0.300874593804863 0.0374007378460535 0.229470116929051
0.283050254991573 0.264151982779636 0.0633253724554511 0.00182935589635727 0.387643033876982
0.198908320515769 0.309144492561435 0.160550371526804 0.144371764843752 0.187025050552239
0.205402283415947 0.17588098523095 0.360560700943878 0.189129615612124 0.0690264147971006
0.0550751347319503 0.156318507535572 0.437270171602195 0.2153028641001 0.136033322030183
0.0944360009209202 0.312154663546945 0.196508113756992 0.212139848851696 0.184761372923446
0.218175858637534 0.088486884741974 0.2963086774804 0.225640909884604 0.171387669255489
0.110499262015915 0.182510551301391 0.230340613719391 0.0588197287840645 0.417829844179238
0.156480783917716 0.01708762066716 0.304197478884158 0.435494272641904 0.0867398438890623
0.0496947002516809 0.217989663908968 0.142132835504875 0.480326558053821 0.109856242280655
0.00536666790481415 0.149227340126801 0.136258926500462 0.00856008269405118 0.700586982773872
0.3776054948702 0.156673556246925 0.0782087393636567 0.169250051528946 0.218262157990272
0.104948942036289 0.420272399020986 0.187746662584606 0.251934523258413 0.035097473099706
0.251616426397098 0.230255287575499 0.217921763627206 0.196559037830702 0.103647484569496
0.273410314267557 0.213806078173644 0.293752732781419 0.00347764794189979 0.21555322683548
0.190578647888897 0.016153455819297 0.270641303828662 0.162991343026993 0.35963524943615
0.367486944090156 0.00139180085949666 0.261135188736546 0.330567600839873 0.039418465473928
0.00526925798903535 0.350995630363607 0.00967493428050626 0.366177809341444 0.267882368025407
0.0939359510669539 0.205887065974587 0.326553456728048 0.143791092639213 0.229832433591199
0.281614985048197 0.00934348207904462 0.0255038514570835 0.638079899503033 0.0454577819126414
0.18221835831962 0.165467518028199 0.412799736400292 0.165178168681368 0.0743362185705207
0.264079621653843 0.0662262098295891 0.0875245705980209 0.31039852147115 0.271771076447397
0.294574415428021 0.168447595168673 0.0373845245920437 0.180313005379958 0.319280459431305
0.395222206650317 0.194378348446193 0.21635286217444 0.0879009630194726 0.106145619709577
0.428065525083166 0.0047552936026517 0.248316010389531 0.16115205807263 0.157711112852021
0.0877176668355511 0.0763353280940104 0.252950781064076 0.213696412325688 0.369299811680675
0.256249730378412 0.260509232567117 0.213804081439054 0.115893985235055 0.153542970380362
0.000318861045742399 0.132617827791022 0.22473152334787 0.346549482346536 0.29578230546883
0.287087777128845 0.215406203907087 0.152094674403915 0.229986043959738 0.115425300600416
0.359011889113892 0.272078693883534 0.0341660093391143 0.121129485660436 0.213613922003023
0.248036623920902 0.219595252513041 0.194490688995236 0.214952233130528 0.122925201440292
0.234405145078456 0.292736242767822 0.115603213394888 0.194260478871984 0.16299491988685
0.219580449457364 0.0947660293083161 0.0988206227698468 0.387901911753101 0.198930986711373
0.167922518259145 0.205252412757192 0.00814063429997109 0.308814717767945 0.309869716915747
0.112320698706613 0.0993626911325568 0.192657412403685 0.197635532995209 0.398023664761936
0.00170939991765175 0.13373017479371 0.263480450056519 0.231900290143445 0.369179685088674
0.111447045273282 0.337711254947923 0.0356840650512572 0.308279436962647 0.20687819776489
0.212753912902878 0.21251557642819 0.124124486370907 0.201226479620945 0.249379544677079
0.138768074742975 0.140722210964171 0.288611585164154 0.230675575194853 0.201222553933848
0.213801321714633 0.0789860836171229 0.153673726993536 0.452406449253329 0.101132418421379
0.106845039165591 0.125071619161413 0.22178130377651 0.136758367890876 0.40954367000561
0.310582198685115 0.150741641615682 0.00549403582247558 0.332360097732087 0.20082202614464
0.0534080739951645 0.365833600593031 0.0557925092402401 0.1359290524554 0.389036763716164
0.25847429575222 0.163746252869187 0.154889080819083 0.157635316635625 0.265255053923885
0.372963942557118 0.0887026524329838 0.0179059057165016 0.339172432900645 0.181255066392752
0.20301091577519 0.182824469651113 0.17933078125107 0.186497401043422 0.248336432279204
0.425127107682525 0.395780496318501 0.0559488702881448 0.0105726987840453 0.112570826926784
0.137321569983652 0.186880685258975 0.27179764347945 0.375655250814436 0.0283448504634877
0.250311602507278 0.0927333800185978 0.0688109034584512 0.168146749766446 0.419997364249227
0.147345665809062 0.200094933461202 0.364853363817814 0.0575979709790605 0.230108065932862
0.219827373853811 0.345823357209163 0.142544817130541 0.0479178287755128 0.243886623030972
0.0160688436588848 0.318747967223017 0.0570921404371945 0.250095229191599 0.357995819489305
0.035051526419256 0.285134117672022 0.137478752210591 0.365007653402211 0.17732795029592
0.161113698547436 0.109696332460588 0.24068514722385 0.184560851171465 0.303943970596662
0.05776930689323 0.34643813355082 0.367346263234582 0.211026346263493 0.0174199500578747
0.309874802192658 0.137502219518121 0.128911367148421 0.20622177906544 0.217489832075359
0.0287633266201996 0.306473831707982 0.197884430293871 0.221320234043826 0.245558177334122
0.283001798980226 0.216569304594442 0.359234620528687 0.0560545435626081 0.0851397323340368
0.0539074056785297 0.301967237442871 0.0623006983292242 0.39125654095662 0.190568117592755
0.188725666779767 0.273150339065906 0.0554339920150611 0.0589868801189408 0.423703122020325
0.229490131121909 0.250501816368311 0.208917227138329 0.159703253099925 0.151387572271525
0.136956800830177 0.0318960687652225 0.192964688453152 0.329463812181559 0.308718629769889
0.14303257430758 0.342744036328984 0.237484357909601 0.204783975926017 0.0719550555278195
0.0531787710562744 0.338121343685158 0.16226286504739 0.105190957076117 0.34124606313506
0.150211012706719 0.0266276981815713 0.230924984373216 0.347484416100419 0.244751888638075
0.247864562105482 0.331657888977883 0.349622373996967 0.00621079447787282 0.0646443804417951
0.208447092590747 0.0614246683929877 0.287461607605969 0.211565476147769 0.231101155262528
0.195601277806402 0.199217768556215 0.124084932615429 0.156193466702307 0.324902554319647
0.044713008330284 0.298466955411605 0.235801274615566 0.3191890708413 0.101829690801245
0.289057165324745 0.259488702197486 0.232116633257687 0.092430358509983 0.1269071407101
0.292382510553818 0.0886086252042637 0.260807685750415 0.144283401839906 0.213917776651597
0.144407678702388 0.2363800821106 0.375103399113095 0.0634497116683932 0.180659128405525
0.204022108429302 0.0798493391540937 0.205401949395408 0.269184339451896 0.2415422635693
0.319185521607981 0.389066804160466 0.0989874452879131 0.15159435278745 0.0411658761561901
0.12621849002677 0.114646898307345 0.323948061272321 0.100903027020125 0.33428352337344
0.192733287359656 0.289276172182242 0.076883318893162 0.348432671743585 0.0926745498213548
0.0467676819199432 0.22333369288311 0.268294141836605 0.237243681265293 0.224360802095048
0.00726139308045168 0.233413151135518 0.117517464510093 0.394150862784663 0.247657128489275
0.150563078377935 0.309787313880805 0.236305734061772 0.175884095185351 0.127459778494137
0.1976590232391 0.175678829524779 0.248974877667831 0.162837603332087 0.214849666236202
0.25066900616553 0.302622612118416 0.0355031189905597 0.339346489604435 0.0718587731210591
0.115250295910574 0.342506658773662 0.0192557679663128 0.184067865914336 0.338919411435115
0.203325307178051 0.345012760458054 0.335276014641142 0.00956877980871905 0.106817137914034
0.324927259447685 0.394277196122772 0.0324736274662642 0.00811326930213693 0.240208647661142
0.176929496927256 0.18051339755855 0.409870665354368 0.205135280636204 0.027551159523623
0.19873659862519 0.259624310463967 0.100822122913406 0.199853620378073 0.240963347619365
0.406059804641815 0.125460216354599 0.39819760094158 0.0391410771411675 0.0311413009208385
0.210163627605 0.204805473116986 0.130266826065555 0.252080518380692 0.202683554831768
0.278101058901975 0.114079704182738 0.173504703741932 0.321965917884984 0.112348615288371
0.190262024661586 0.180542587714282 0.0849247348668179 0.162172962494894 0.38209769026242
0.381271710600136 0.380067776318107 0.167725586806363 0.0667243614696955 0.00421056480569834
0.0498275061395637 0.187266501542709 0.280237693987489 0.142509243352953 0.340159054977285
0.265214706548827 0.070141514045875 0.239217278377309 0.189901612105297 0.235524888922692
0.325056990361219 0.0533129009256049 0.191643086953228 0.360843813893316 0.0691432078666317
0.0361193045709968 0.226904682986 0.232242858662224 0.233436138830072 0.271297014950707
0.0853695569771871 0.0389326652534713 0.274837410677704 0.45569460129468 0.145165765796958
0.047277195032046 0.0469289499950781 0.633290999755965 0.136014131409716 0.136488723807196
0.342991890327309 0.304931800132709 0.0813989411952168 0.189074558084162 0.0816028102606034
0.390452365894329 0.252626814673959 0.0603987989783889 0.287633341587757 0.00888867886556555
0.203286759925288 0.207644570327981 0.145344883011687 0.286502609685443 0.157221177049601
0.262773036174217 0.00115770523956758 0.276695707860226 0.304876222663882 0.154497328062107
0.342079905768297 0.0830688131392535 0.434551942802909 0.128073864771025 0.0122254735185146
0.186439797266546 0.189427896952422 0.320833777185083 0.278683391925373 0.0246151366705756
0.13222126642933 0.19190190566379 0.218761085089054 0.261022607574085 0.196093135243741
0.104384457415825 0.216859532187718 0.234652713410778 0.225693262813851 0.218410034171828
0.0888659830393226 0.254568720148883 0.122303972290693 0.375765270704803 0.158496053816298
0.135216298764049 0.324288840057968 0.0653024673877526 0.171489449287214 0.303702944503016
0.1172370528097 0.201627346290941 0.0164295514455373 0.477307301946079 0.187398747507743
0.203244527594755 0.218801952558318 0.278760592701644 0.153716980861396 0.145475946283886
0.175169947320537 0.0867369435428433 0.191926213533912 0.232330120550651 0.313836775052057
0.265572716595914 0.283787066127143 0.105304925218262 0.0908731422625369 0.254462149796145
0.150747577740915 0.15113160792674 0.279132169337226 0.244924458329707 0.174064186665411
0.0429496552090609 0.0778657004413231 0.246773116737013 0.184396993062821 0.448014534549782
0.169901497242067 0.239704081423062 0.190109877542675 0.145677537108996 0.254607006683201
0.0370584313988517 0.270444520949858 0.234009181374026 0.331874363816484 0.12661350246078
0.244054950857041 0.501641190826138 0.0708808690820108 0.0872678815404792 0.0961551076943305
0.219218250267069 0.0993450034741502 0.201884286102469 0.327719997624078 0.151832462532233
0.234017826661192 0.352290694303636 0.0490624842835384 0.0522838311975087 0.312345163554125
0.144394511862579 0.164432550998746 0.249453503016624 0.211561161806773 0.230158272315278
0.352387703490319 0.0800845124484137 0.352432982403731 0.15002476784141 0.0650700338161275
0.102853400473666 0.0845958142166908 0.0523015992696602 0.345582024800833 0.414667161239149
0.0358197101370416 0.204078118842711 0.271559608343064 0.338967535095405 0.149575027581779
0.136764056390631 0.295617909512396 0.149532267009452 0.149104052935455 0.268981714152066
0.0687401675505725 0.147936605477805 0.392397034207087 0.207814587950012 0.183111604814524
0.0543175693101402 0.223844786141804 0.268593898360705 0.240964118113344 0.212279628074007
0.188456239314955 0.182660580528348 0.241579135662681 0.157230387947665 0.23007365654635
0.258001404035383 0.132547833786404 0.318913374473615 0.156006949092371 0.134530438612228
0.138387050413672 0.267350049747154 0.23228957982283 0.142850905575292 0.219122414441052
0.233513243140164 0.266426923429597 0.0653625859127617 0.138764961774082 0.295932285743395
0.22324209054393 0.0481730281716348 0.316959061031971 0.17766325302713 0.233962567225335
0.0182596419863181 0.299486248665778 0.108093225554701 0.334363354393768 0.239797529399434
0.148133063822851 0.270943495718018 0.280549486713167 0.239984231808416 0.0603897219375473
0.221067972951081 0.303597820359545 0.182068480802794 0.111625327628517 0.181640398258063
0.0579839852087079 0.230457371073665 0.494749556237842 0.123417450369506 0.0933916371102791
0.00767754479296093 0.0707054935121201 0.490215208096458 0.160613405803391 0.27078834779507
0.287292536084224 0.265430235556112 0.00519480423253806 0.188851243283712 0.253231180843414
0.171454760047494 0.0432261772982263 0.34790628264654 0.0745740078274773 0.362838772180262
0.248888043659435 0.228689967788854 0.0913822575388986 0.229962077768213 0.201077653244599
0.225071202524412 0.018961452650809 0.0141111421320366 0.478395294898361 0.263460907794382
0.137456699455395 0.525518003057324 0.0754357356130221 0.050029799254311 0.211559762619947
0.350760907260535 0.0492957182557661 0.226922191861896 0.191345050708264 0.181676131913539
0.0318522565324191 0.29978109040218 0.046940482954055 0.1806570570501 0.440769113061246
0.285905823701655 0.139359556032958 0.115365277105501 0.38874192467583 0.0706274184840566
0.286218281465794 0.0873225112162439 0.171018497498068 0.328588223206166 0.126852486613728
0.0564767869417277 0.166455548903255 0.302336521437811 0.229325078754632 0.245406063962573
0.00909166276873391 0.0474164461916137 0.192846688957042 0.538762227981897 0.211882974100713
0.390430438522184 0.0252359857208002 0.0161985663871009 0.196419432482726 0.371715576887189
0.164012839224949 0.0910484831148479 0.441406986797749 0.00345813573104552 0.300073555131409
0.200904572130595 0.193596118614184 0.347867142919298 0.0513010785775955 0.206331087758328
0.0814733803291926 0.261940614538761 0.0240337368884139 0.437460823913463 0.195091444330169
0.239228878219164 0.0922832644485643 0.029808729865446 0.183419065447721 0.455260062019105
0.364891918829978 0.254089680213885 0.025562283761921 0.111495876745714 0.243960240448502
0.136612392001614 0.126968413616312 0.129010702702741 0.391365209524047 0.216043282155287
0.100594616070907 0.0893081664410895 0.170703104439794 0.361478184663832 0.277915928384377
0.203987496658678 0.278242108674844 0.477857293235223 0.0284381773145291 0.0114749241167263
0.185170486226919 0.21129441754135 0.387761297616016 0.185718740269065 0.0300550583466504
0.245836474241405 0.0735720367563492 0.178117267527077 0.252951109485994 0.249523111989176
0.24601902459288 0.000470865576027619 0.392830770504574 0.129161867481568 0.23151747184495
0.38467541285227 0.0241071309867363 0.0178874978564268 0.49358194435078 0.0797480139537871
0.11569139774657 0.266774889008006 0.048611520011646 0.295037625713252 0.273884567520527
0.0778111176061315 0.106653984579749 0.0950675858527868 0.200461267640787 0.520006044320546
0.20327777659573 0.250500686146422 0.146032076103031 0.182195802720443 0.217993658434375
0.264471679327137 0.188821021116759 0.28064116614645 0.0957658108228494 0.170300322586804
0.254403579420597 0.168179603052219 0.204823778958436 0.059875883779576 0.312717154789172
0.144111559244781 0.315123781839644 0.260885483890988 0.0101008660429922 0.269778308981594
0.249382898296467 0.259212380358868 0.209073783254037 0.0397524354670971 0.242578502623532
0.123199875553792 0.0746728542128745 0.310485527706281 0.260678459062228 0.230963283464825
0.0234309801944548 0.298443693807474 0.298278593150617 0.257777279657026 0.122069453190428
0.125910837661944 0.314096589419633 0.0286993138314447 0.256938652863912 0.274354606223066
0.118902881446263 0.283202109737942 0.288869788608782 0.158669854791869 0.150355365415144
0.22981285278495 0.12887907577047 0.448151288854915 0.0685175339982461 0.124639248591419
0.269775680244413 0.0407206988765118 0.298101072593801 0.214694735779742 0.176707812505533
0.297095428239142 0.0300124246421054 0.213991982202451 0.0917293707807547 0.367170794135547
0.324836397461537 0.41087594820979 0.079994515050799 0.171405448899028 0.0128876903788466
0.314119950869142 0.143462131090904 0.0786283696782175 0.323128116921084 0.140661431440653
0.00434639150762764 0.301013217623088 0.262132427087884 0.0658243477246978 0.366683616056703
0.19705908153694 0.129748258342581 0.286145221950156 0.356157662035935 0.030889776134388
0.287149435177531 0.00477486879922475 0.479107445433134 0.18470388313727 0.0442643674528406
0.201199636833071 0.0534539828703958 0.354969301440406 0.343232458636743 0.0471446202193837
0.0101509567691851 0.354436352419257 0.335278077483965 0.256690311859262 0.0434443014683304
0.285564712435509 0.219353381642347 0.289577069626012 0.0209544108313062 0.184550425464825
0.111306414447989 0.0351785534577173 0.255620342573894 0.228684019543163 0.369210669977238
0.264427921656067 0.0577765740269053 0.0936274833167076 0.361319651976762 0.222848369023558
0.114181430543675 0.283163629171476 0.359721636284788 0.23217253041248 0.0107607735875805
0.078683399170562 0.234207246043853 0.290486491155986 0.173106706777497 0.223516156852102
0.29058984296528 0.0188270854154778 0.258751256681226 0.397148612508784 0.0346832024292317
0.0456503880477811 0.307627441128529 0.16644543508803 0.321710628125621 0.158566107610039
0.302204596196476 0.0761437703577275 0.196607501237119 0.285573723288578 0.139470408920099
0.0695505974847971 0.0931464695116744 0.328192092216837 0.436517939511862 0.0725929012748292
0.13761296517225 0.301256723657531 0.205988286478032 0.185888751454505 0.169253273237681
0.36167297068235 0.244541787941704 0.0868504306386358 0.293016788338392 0.0139180223989181
0.138193738127805 0.228688905055034 0.218963352200722 0.160114757200392 0.254039247416047
0.198920452421902 0.136044876578316 0.241945124175511 0.259558524931879 0.163531021892392
0.123392456252474 0.193031952026351 0.308919791335348 0.12077553969799 0.253880260687837
0.266068838729891 0.091689560240669 0.310157769377469 0.0707200452877538 0.261363786364218
0.392548351136394 0.0724674695385134 0.0745364971547759 0.0826755943859905 0.377772087784327
0.289611821410543 0.265589755850726 0.13840632199279 0.0683064046607649 0.238085696085177
0.151236648578707 0.251523940953978 0.228866024939685 0.363495117938872 0.00487826758875782
0.236264989056193 0.292511396829944 0.246339038512548 0.040641287021588 0.184243288579726
0.354214357370315 0.161045014139818 0.206421457274945 0.188776386266282 0.0895427849486403
0.235440492400548 0.211576269679122 0.202736696312335 0.226672301484076 0.123574240123919
0.406160237498576 0.138603247455834 0.284137856943565 0.0994257434773392 0.0716729146246851
0.139080297530099 0.216970637472328 0.240045328253793 0.205311390555785 0.198592346187995
0.293460556678648 0.294646777665312 0.0953751337683607 0.0464322341656297 0.27008529772205
0.0604933800871177 0.292673687367706 0.237948960622941 0.259803432281427 0.149080539640808
0.375115845625095 0.0964732572674493 0.244535602793132 0.238196163527039 0.0456791307872854
0.250643813126237 0.18355105133462 0.111289225503758 0.264183626745824 0.19033228328956
0.269472618214009 0.278313964243533 0.015315510062066 0.168244508398087 0.268653399082305
0.073341025455228 0.0722276362370738 0.156228543031187 0.448860069051863 0.249342726224648
0.223153983417839 0.261154472038127 0.185321711138725 0.160777615204943 0.169592218200366
0.224599881689367 0.280551898859523 0.186143486079821 0.0917986038864756 0.216906129484813
0.0692148023363923 0.192180693187892 0.225084892825429 0.262892809945721 0.250626801704566
0.165103027121369 0.0841790856073391 0.167865295194747 0.534825167413339 0.0480274246632052
0.262708269534362 0.298324391768493 0.180066914897225 0.243544301874812 0.0153561219251082
0.161435340776565 0.218450314576423 0.311676002166858 0.0133211879233518 0.295117154556802
0.0388382252162221 0.634500165101448 0.0148609595293615 0.256380665823467 0.0554199843295013
0.148207255535332 0.137445925777089 0.322919470698184 0.351201606022301 0.0402257419670948
0.246188739907079 0.101505702170252 0.409855527780798 0.132372619608245 0.110077410533627
0.135722841396262 0.288804409258853 0.302305157301902 0.0452407763206709 0.227926815722312
0.319413146068419 0.0360382709714915 0.289444346282768 0.0168417280631135 0.338262508614207
0.0853334172021707 0.291631967342936 0.0961403315343999 0.299905678703774 0.226988605216719
0.311981823257581 0.326259369000064 0.017548399229675 0.303078834282539 0.0411315742301404
0.140136249227361 0.378830568250409 0.00274959831597193 0.436598867589898 0.0416847166163603
0.212225164157715 0.0594149152325754 0.0445656329101107 0.382723276026161 0.301071011673438
0.379175215543769 0.229369886521875 0.305402425542545 0.0106888854924047 0.0753635868994069
0.66525370134562 0.00261668067177189 0.0907707498982821 0.106961816470386 0.13439705161394
0.0774398301911952 0.323729763068206 0.212432095450658 0.320270512614293 0.0661277986756479
0.272468203789222 0.0643791380009934 0.0850022463043984 0.32701243618682 0.251137975718566
0.22541854904052 0.208904853572598 0.120655296605781 0.119625451913027 0.325395848868074
0.180281598528789 0.146390548954158 0.017768275802595 0.233058182208707 0.422501394505751
0.185504950416892 0.189744937908722 0.109947671743445 0.245558561123979 0.269243878806962
0.200062690174372 0.21317846387319 0.0111833886572417 0.265377390280852 0.310198067014344
0.115045804616501 0.256311732956391 0.215329397367587 0.279627631538276 0.133685433521245
0.253535870918485 0.205551766920386 0.0523068673285309 0.285822205865299 0.202783288967299
0.416122562279685 0.073531967830763 0.00683624341037513 0.13051486691006 0.372994359569116
0.271619511885957 0.27681235567324 0.222102164294452 0.131613836918548 0.0978521312278033
0.0759015004169328 0.117275801427047 0.305240127257417 0.139499194673577 0.362083376225026
0.146921440477104 0.0853945080134687 0.209963904374292 0.268004342723238 0.289715804411897
0.113085357128755 0.494632689123194 0.0121111275359723 0.243679560262973 0.136491265949106
0.206225710441673 0.223302182793372 0.243929887182454 0.162472990194082 0.164069229388419
0.296406998474596 0.0742709424372819 0.291008930710738 0.0680009419767472 0.270312186400636
0.324402103989144 0.121353407757847 0.21453487814184 0.275823169327783 0.0638864407833861
0.0517767329065332 0.198914939191518 0.262331280936162 0.241251539977021 0.245725506988766
0.281456527491829 0.0459101794535801 0.438915002815968 0.0903297548030886 0.143388535435534
0.18831744580339 0.183822230359129 0.127012088851092 0.257329442650984 0.243518792335404
0.0350274997249857 0.156817432318239 0.542587608092382 0.241963122437933 0.0236043374264606
0.180251981529198 0.124947559685919 0.177658303523824 0.103065211459423 0.414076943801637
0.106804980538735 0.15006442733501 0.0783365637953829 0.104536387821667 0.560257640509205
0.0627243829263717 0.164046957626986 0.164529595956129 0.279154249617947 0.329544813872566
0.13219661832558 0.22108391311639 0.304587808804835 0.258151356894219 0.0839803028589759
0.216872296770654 0.462288836576197 0.162234710397752 0.00682762842230813 0.151776527833089
0.0219273532798875 0.239755954258363 0.180906534448769 0.248976581637742 0.308433576375239
0.289920656108753 0.208174268946067 0.286408513024947 0.0277818944301358 0.187714667490097
0.151716044904439 0.0565880970739973 0.200850892985299 0.328783122736988 0.262061842299277
0.192324890939238 0.2023332703998 0.260189953341428 0.0562458505516448 0.28890603476789
0.0797701201229232 0.00245429259799814 0.183128896851887 0.595509158966052 0.139137531461139
0.0636626528716442 0.241404091409577 0.0076469607117205 0.300393244756247 0.386893050250811
0.0135127293835198 0.330896664529846 0.10551522761728 0.313958833594362 0.236116544874992
0.18227686507892 0.170874565612867 0.0121292342770655 0.164405677300421 0.470313657730726
0.387944522064165 0.13684703735177 0.0999939514371256 0.198199361079343 0.177015128067596
0.0881133694287266 0.0676192646849354 0.23515627956369 0.265316408247588 0.343794678075059
0.0513053611941486 0.0356686366645211 0.34525495875209 0.104867937978329 0.462903105410911
0.159978423776533 0.40561399279275 0.04312054315826 0.155595290224103 0.235691750048354
0.345578864145469 0.249033193621659 0.102993907423286 0.0716761719532786 0.230717862856308
0.238394206626502 0.33091328765742 0.161675287865199 0.215906643402962 0.0531105744479166
0.0557394176406201 0.0791160527925923 0.345109857577068 0.372462622036959 0.147572049952761
0.306015097683235 0.348892630974997 0.128560657316425 0.118197263622767 0.0983343504025761
0.0819854836142219 0.0360259111360235 0.385319529027116 0.337301216900196 0.159367859322443
0.220579445480196 0.219106872081443 0.174511699672514 0.0636144612713251 0.322187521494523
0.164887992101422 0.294365528557593 0.256874907016147 0.246075614834142 0.0377959574906957
0.329321084082835 0.182733945787291 0.237974504079549 0.188279875147714 0.0616905909026109
