0.0925666698866724 0.178974152947804 0.123966861953451 0.16696237230754 0.0568469382708602 0.154126289585684 0.126901363907319 0.0996553511406698
0.00674678198578659 0.0624773947009065 0.253980017471862 0.197084332649797 0.247995094105589 0.217581424645144 0.0128661492007565 0.00126880524015804
0.0597921638193625 0.132444184895221 0.0972602273029371 0.161748064111776 0.226456187173594 0.16870492486037 0.0833357390757758 0.0702585087609637
0.196880749522507 0.114560500704212 0.192707267351883 0.0926982833873135 0.194952459428576 0.0948386126977 0.0844137153903334 0.0289484115174758
0.151088952005928 0.122158746461779 0.0669713164408591 0.153664315413496 0.0958247740015783 0.180140750252005 0.179263164382493 0.0508879810418618
0.139677213474953 0.0795815887410461 0.127592492907625 0.150899740374811 0.145330484731585 0.0984150844608307 0.113922453659505 0.144580941649644
0.07528508554818 0.234863601108614 0.170712492500857 0.19010732903826 0.169306971225263 0.0650622616524699 0.0286686166726288 0.0659936422537268
0.198981171519494 0.0546501348567306 0.0858247148991694 0.105932193305003 0.234560571666482 0.162359082659475 0.0432747875962529 0.114417343497393
0.0844700656666289 0.197374403382959 0.187881369707077 0.243279958596935 0.00409642373025711 0.13151055397483 0.0996973715529725 0.0516898533883408
0.0533653196760826 0.146700032643308 0.133147361253268 0.129268410149081 0.062063594323418 0.137013773496431 0.162967042081243 0.175474466377168
0.070905660059419 0.239575027918843 0.115366645552534 0.195613398847196 0.237304198050831 0.0291413562735154 0.0978978989127834 0.014195814384877
0.114669540609526 0.28466536941075 0.242011455502391 0.0401232213292455 0.00494497864752242 0.0421030545876155 0.24858620906098 0.0228961708519693
0.0994224539275852 0.167376561681434 0.160552913186737 0.162767204496409 0.132957414915688 0.0160699409822784 0.0742143595631181 0.186639151246749
0.0270263569376798 0.156516163483429 0.116688818891123 0.238923218370205 0.111066337383601 0.134680132579087 0.105135917355701 0.109963054999172
0.0776218715647607 0.177092327728088 0.161476255691917 0.096860971770316 0.183782166331066 0.133301834708715 0.146770731732103 0.0230938404730348
0.190895739645132 0.14142674267714 0.00896043572811119 0.192597607256283 0.0280324028175609 0.142510522150946 0.184605688354373 0.110970861370454
0.00885772858706303 0.0879074728372699 0.304393101979203 0.168016782664818 0.0482960158614037 0.140077587912589 0.173000851609068 0.069450458548585
0.144753445985567 0.177173378037038 0.0638454587590317 0.232085339785853 0.161336970243916 0.0784301009088896 0.129356902888652 0.0130184033910528
0.120445904548788 0.202245844797348 0.0739207079451201 0.181368669182726 0.142240255426871 0.0549597061851183 0.128791077826368 0.0960278340876601
0.236783125165039 0.00202051355996053 0.00742357422263409 0.132779257834624 0.232977482866179 0.085112232205649 0.196814920661653 0.106088893484262
0.183039444743446 0.145445022023848 0.120967801351731 0.113726835057611 0.0297000622897478 0.0875192398328326 0.180480472087478 0.139121122613305
0.0670366160111325 0.00128688738342539 0.160391153592313 0.198169248127828 0.0800019895392933 0.103351761507388 0.18951140937271 0.20025093446591
0.2438968404 0.0531493255447905 0.155211013415421 0.125431181897659 0.0652493010218354 0.0428101757723257 0.167593010700517 0.146659151247451
0.024468586482433 0.191562707364182 0.209663425670272 0.163395794096178 0.0174791794555981 0.103764306139683 0.075009611175849 0.214656389615805
0.226088290011656 0.209719069050305 0.155511251933835 0.0232086335340267 0.117250000045854 0.132607389085024 0.0314545752073461 0.104160791131954
0.199224805992825 0.0708736122872952 0.0732709295839745 0.08266852319504 0.233425005002997 0.0423447171803423 0.173753225301686 0.124439181455841
0.0784680811670487 0.0175159482172927 0.193923047152563 0.111677858217908 0.129536211988612 0.117351658319062 0.144557394476816 0.206969800460698
0.0581308255362254 0.225664024586814 0.155425083933097 0.0393638386074055 0.149607624062522 0.202654852358311 0.078831271969213 0.0903224789464128
0.212160025674096 0.117694203526647 0.0128188738774764 0.135930659867283 0.0953591190020274 0.131597592276126 0.254287486498446 0.0401520392778971
0.22933609289637 0.0737520819686909 0.149577242789842 0.00560862970701876 0.136659417968439 0.23287157112396 0.150568538444153 0.0216264251015269
0.0673267766171899 0.205602618114213 0.0884632543062752 0.128363241203393 0.235550408893095 0.0411225478171147 0.0095297198671658 0.224041433181554
0.0509588744393114 0.219553857453982 0.230380882063784 0.101790009301644 0.239636142707899 0.0130521266527836 0.031052777708063 0.113575329672534
0.148632738842975 0.153752378278098 0.17772780663879 0.133768216520207 0.107690589003091 0.112916603565083 0.15225658407335 0.0132550830784064
0.175964832236942 0.00355334735977522 0.432406062684159 0.0595234031697621 0.212705528916915 0.0114016639916948 0.0446727254097588 0.0597724362309936
0.242343763091433 0.168318974936725 0.0999214882378519 0.0368469945506095 0.220193509256762 0.0333773029816925 0.157050696260677 0.0419472706842488
0.00602148068798957 0.0799612240193015 0.0683364432636443 0.201970427222878 0.219911650409453 0.047693637823541 0.284055712085496 0.0920494244876967
0.0127778968860915 0.00992044228140562 0.283940900931461 0.00427629940166133 0.156434614992764 0.125199568354721 0.221536615821735 0.185913661330161
0.229273884767911 0.100303481519625 0.138441619140582 0.0939577425385836 0.0615451123648462 0.142339653043208 0.141197490430501 0.0929410161947423
0.154517909400333 0.108599446820091 0.150626733965269 0.139760995156611 0.0655685065349477 0.143107312342764 0.150140442723248 0.087678653056736
0.249476324813024 0.0688381033601862 0.218617426182382 0.0614867969636502 0.109880919785029 0.128129406035336 0.0220177569709788 0.141553265889414
0.128763852044949 0.0453845012279441 0.155994190840978 0.084294877233801 0.173754125741114 0.111893635468974 0.0974598166139048 0.202455000828336
0.17875324060408 0.00111123098910586 0.138560536978142 0.056285816158377 0.0919275078867561 0.198453904764134 0.329129470714081 0.00577829190532431
0.189383060594226 0.121537897070487 0.197985863865668 0.0782091748962617 0.00641059053636791 0.100743603766452 0.12479756060413 0.180932248666406
0.20224582504498 0.00493102754596189 0.013893143925708 0.18832225340023 0.162474951583822 0.218839371800509 0.122123741761206 0.0871696849375834
0.0600249969082163 0.154501864279133 0.155669203849235 0.199053531892733 0.0736096959602338 0.0500160717999953 0.0301517091212873 0.276972926189166
0.21974601796462 0.207222836645562 0.0213251287235452 0.23465454222027 0.103400853654629 0.0246764326906423 0.0622123625252165 0.126761825575516
0.0537809089622346 0.0243992048412944 0.0714346267010202 0.0189273134898461 0.134485101988233 0.183306502847157 0.236468498078171 0.277197843092044
0.181592835885301 0.0654226559169885 0.222454012621921 0.092980388716451 0.027807004919416 0.0525149260041825 0.15143468145433 0.20579349448141
0.183449710565442 0.0426203870247562 0.0674118310832174 0.160592989438497 0.00459268638725149 0.300966030361928 0.164437165690648 0.0759291994482593
0.195740087948013 0.0351909555542535 0.200601148514032 0.10177275197545 0.0529461911074037 0.0726834718433811 0.1403250475571 0.200740345500367
0.181422914590033 0.0798730224233361 0.00616865950430073 0.180283583905668 0.277841292859005 0.142138683667072 0.000844237875662038 0.131427605174924
0.136360065234316 0.146221572423112 0.0733298078566832 0.0225962772810449 0.0103718822963559 0.154799731468019 0.232174984133486 0.224145679306983
0.0865236265348272 0.261551676056446 0.0384731895279657 0.0343371229381415 0.140203493957259 0.170430726252792 0.0325150958041237 0.235965068928445
0.253478442294584 0.186913136631544 0.058147807821009 0.0998714450641564 0.216503866088831 0.0842545794446181 0.0409217978237936 0.0599089248314644
0.0251153095652845 0.191376879676369 0.22337579131589 0.11397328822274 0.0334675268298745 0.210499308424828 0.000987845547094233 0.201204050417919
0.0733159522273051 0.243082330953548 0.0382310375351979 0.0866646959944349 0.0472320374347839 0.166110314356587 0.0911895232289488 0.254174108269194
0.0887380249445073 0.0982811487641552 0.216629155209402 0.221432503894719 0.116747787919753 0.0241678087191291 0.0748613331661582 0.159142237382177
0.183539408414592 0.145757549306196 0.0439553645157733 0.116249956210589 0.164097051767768 0.171956676311344 0.00433471923884339 0.170109274234894
0.160018031513813 0.162481855198494 0.158716769173643 0.121069182718366 0.132973285775255 0.058723332860086 0.0511831790186228 0.154834363741719
0.161128445436646 0.0958642868758565 0.208390090474174 0.00630414673728477 0.284955134202938 0.026611825384827 0.140368705307624 0.0763773655806497
0.158283140076155 0.220590520243175 0.147466543721348 0.177953393176346 0.0183710041879086 0.190424390426538 0.039938390452548 0.0469726177159803
0.121796189908471 0.0502404245826503 0.135075198471792 0.147884552759332 0.135480531968333 0.112406851973343 0.139866047803837 0.157250202532242
0.0505570379138765 0.0979188803344711 0.152845948116705 0.0147719075283551 0.127622398273251 0.140805142737738 0.226858240449281 0.188620444646322
0.205838254776903 0.0274615317230604 0.178868445493495 0.0304971573462811 0.136403340833822 0.142372834264117 0.0314223144012819 0.247136121161039
0.0940939581703398 0.275958111782218 0.202870278906531 0.00639490634912909 0.0508367468146589 0.186097930930793 0.1791082941631 0.00463977288323073
0.108161132131362 0.125033865949956 0.0100622213114728 0.29752086050922 0.171059825272673 0.00343898406832198 0.0386157509386065 0.246107359818387
0.161143702033445 0.108886301942658 0.162690247465684 0.115487577405717 0.0953644358030496 0.0986623150565223 0.129779421603632 0.127985998689292
0.120738249898027 0.00598981394243704 0.112033314094355 0.150581947266816 0.219139578482225 0.0810660350398592 0.101631902357743 0.208819158918538
0.210339163576883 0.197413010046931 0.176986956835831 0.018597418304912 0.0403604372440049 0.20214164997652 0.0323468001019001 0.121814563913018
0.0589477171722812 0.00429782865239117 0.191409636450542 0.158353857879232 0.0987335733571057 0.181707387641264 0.205101208360887 0.101448790486297
0.231715781119749 0.133445160444094 0.0485666657987858 0.0614367010666596 0.0352213955089674 0.199811650809155 0.05085527660476 0.238947368647829
0.000984874632855357 0.0158100107942529 0.0369045591060223 0.0357785580792034 0.288997327478969 0.281312104893884 0.203799049640397 0.136413515374417
0.0803445686108495 0.0385059970410484 0.0846982174115987 0.174465953900369 0.198024386466642 0.0221517878758067 0.18948185460026 0.212327234093426
0.162787861271627 0.103278694112628 0.156993803232183 0.135417697887726 0.133185556676015 0.153852203130267 0.0998763365917822 0.0546078470977728
0.158461481233413 0.135794831393602 0.0878763813335917 0.0522179626763862 0.181551763650171 0.112262939413443 0.152359958973064 0.119474681326328
0.0244301167997172 0.269842488116873 0.223137226750233 0.105335692770864 0.022645674101493 0.142266660440539 0.0216088779752344 0.190733263045047
0.06134492195697 0.0111847966962714 0.00176694771474687 0.0730912699171071 0.310589691915654 0.216883630255737 0.0424059755576065 0.282732765985907
0.201935449238983 0.105808995174541 0.209648443348649 0.0354015139458784 0.0453371569274721 0.267805567047264 0.0397019027809992 0.0943609715362136
0.154979530182248 0.136446344547548 0.0452074407737078 0.130148716436581 0.244031598761572 0.00698075053244892 0.163406262810876 0.118799355955018
0.156010201261025 0.0156418178917957 0.185642189828056 0.186849356125083 0.214936394241618 0.0346891109622932 0.0271747848450488 0.17905614484508
0.112247186636486 0.00248539320945843 0.0958459818554705 0.0302540163831391 0.221516310616865 0.169421450360322 0.194757544138975 0.173472116799284
0.0938493981709089 0.0955839794408263 0.117837790472975 0.142369091692542 0.233264553721985 0.118539260251243 0.161466838634556 0.0370890876149633
0.0345106125304464 0.16736914020673 0.174407978732691 0.0814877601684996 0.135350532538337 0.149501164265903 0.228696178392721 0.0286766331646722
0.101668562648954 0.03810311063263 0.097997170119293 0.246051163621949 0.149839614319767 0.0511083544801598 0.247810031493196 0.0674219926840507
0.129691695043572 0.141620913756538 0.124507146937731 0.000195774106450346 0.150700668236281 0.154229442978462 0.172864309797645 0.126190049143321
0.161290222729159 0.145430174773772 0.200797484934273 0.0389606486382138 0.152431837335906 0.134969246804045 0.114131329724248 0.0519890550603821
0.170469409372778 0.0177219793214222 0.24156868750187 0.0599341612554687 0.0310565508935736 0.238510808405148 0.222456738913113 0.0182816643366258
0.0356447419722864 0.0199463364466693 0.171094289830773 0.119180617217493 0.21502380765137 0.15512294525775 0.132724884725325 0.151262376898333
0.144678105679898 0.1447939917618 0.0841954453796675 0.183198882126455 0.0330167282827348 0.262911727345055 0.0800955424590429 0.0671095769653458
0.0175176978002475 0.127678744140071 0.0991920904225276 0.186586860509213 0.264178393935158 0.0704738773787746 0.105867179159664 0.128505156654344
0.176674771591623 0.0194930751536569 0.223024107583031 0.061589487064762 0.120588137381512 0.187086869039078 0.204656317386563 0.00688723479977526
0.119804313001193 0.177842455464776 0.150351128386819 0.150228211040307 0.0150886781732366 0.0375422665165416 0.173571783102991 0.175571164314136
0.175113440204248 0.08093800931264 0.139110289261132 0.198707128419043 0.062341361817983 0.0988237372759052 0.138025403298534 0.106940630410515
0.197766825988986 0.178821365011153 0.100451684097678 0.127581241343526 0.0783186476450705 0.217188591795261 0.0705770823853435 0.0292945617329825
0.201640200781468 0.190126943687485 0.12099028959696 0.115622427342468 0.209277027977949 0.084750920329417 0.0345679557371409 0.0430242345471122
0.118072932520113 0.124555232613824 0.126245180613559 0.142680166387105 0.0376730749235012 0.167399901319013 0.122594148125427 0.160779363497457
0.192948422272346 0.152323042556412 0.0803437824419107 0.134269613257792 0.162914910721485 0.0812055798184762 0.0664199511213324 0.129574697810245
0.0325436447641771 0.00610611799873392 0.373617681846666 0.0702357078492123 0.167261688698842 0.250448813599154 0.061603855957104 0.0381824892861099
0.0180642430392932 0.235814817390968 0.0903177289397189 0.15062040100056 0.0409142164362398 0.210650593923888 0.107669078457332 0.145948920812
0.114663159811032 0.158290456961723 0.0635980166669163 0.185704659915655 0.162443261753165 0.0731874573118684 0.129913544465919 0.112199443113721
0.0834614308909986 0.00265548172867684 0.041024647041902 0.177859154005577 0.189098565283407 0.284194808517544 0.154209343943624 0.0674965685882703
0.0260489418613108 0.0859560979729289 0.0418216618169715 0.207494033270912 0.175781898703676 0.0220524321156761 0.232622240504644 0.20822269375388
0.0092131657893433 0.266375405842367 0.117174343518521 0.214229343616349 0.108976963315818 0.0599159384655934 0.135501227934681 0.0886136115173283
0.0081885997423156 0.0284834005546583 0.340008146399552 0.202781379723518 0.0222477894401349 0.177382682223619 0.10423432908226 0.116673672833942
0.125358414736947 0.0446000913516187 0.258249164468122 0.133092130307525 0.244784865649844 0.0315490819307117 0.15516921323908 0.007197038316151
0.147476121021404 0.0276460197550348 0.173768865834374 0.139804724655455 0.0994965417496383 0.154762540840526 0.157713312829278 0.0993318733142903
0.0407968386007743 0.00215326142948503 0.00774204235531666 0.250824495283135 0.225557125317039 0.148885224404983 0.138068430128931 0.185972582480336
0.0381042616726655 0.266584025624576 0.119423575632398 0.00839992082410019 0.0804905213018815 0.248061045749105 0.224976564892644 0.0139600843026292
0.133420939170717 0.0626006063979267 0.133697417916638 0.0574902526308336 0.171598086789212 0.0386184908305999 0.239592332373524 0.16298187389055
0.019066707843966 0.197785930853317 0.00725344747626112 0.151936660805869 0.174799670707243 0.207880407482579 0.0851045639094281 0.156172610921337
0.103058370715825 0.0698281805463026 0.0600279915451988 0.028622192419648 0.118088979510921 0.12206762513446 0.248282082689414 0.25002457743823
0.115705924228466 0.129980527625673 0.110143443911979 0.167487627167155 0.0565522411646823 0.14479434733148 0.162530886765857 0.112805001804708
0.203320512059395 0.047798172847477 0.15929774508091 0.25040550167606 0.0846928743155628 0.160279689460685 0.0921086143813156 0.00209689017859419
0.0106088796443296 0.0943839977549324 0.0914216971906658 0.214923472317181 0.18920266660208 0.121957208937698 0.203712646814162 0.0737894307389511
0.0737845012055883 0.109166002013762 0.16861513994504 0.0959614408489432 0.0978344393478096 0.074461886059924 0.165165572268189 0.215011018310744
0.238736937742315 0.124124881288971 0.220122077446452 0.13599820506028 0.0374810804839894 0.0434677567410569 0.104883944423247 0.0951851168136892
0.199548610014103 0.0216524452097683 0.166898582933012 0.112277903583767 0.106853446559319 0.0795851694708005 0.233043293010118 0.0801405492191112
0.0845667017566944 0.0920634070406861 0.0107832454124427 0.072270218357131 0.165399589869749 0.15142108897455 0.179646580828208 0.243849167760538
0.183781490458047 0.154538392509789 0.146980722786664 0.18067314948207 0.0976851612965126 0.0618986239306229 0.16854624956595 0.0058962099703446
0.0698908553901309 0.126562078950249 0.13049208149862 0.116421983185168 0.111904390286819 0.175313361903682 0.0810480727525371 0.188367176032794
0.0852745318965682 0.147106494163207 0.194583526841028 0.18945622059687 0.143046286578534 0.0899512549252015 0.0552687445204287 0.0953129404781635
0.216251717841441 0.0771330169885219 0.119710113927982 0.00503686896058988 0.2063163437131 0.188789494695782 0.0169459600209326 0.169816483851651
0.0264932668714735 0.216466493801393 0.236193970571368 0.0571974409438129 0.069375366160792 0.178745424949182 0.0781383935637503 0.137389643138229
0.142862495973938 0.0409197071656607 0.0586820926070686 0.245545869174069 0.125853918849597 0.171794107572479 0.200716101358035 0.0136257072991528
0.0763650345828105 0.179264616703783 0.0489882799923261 0.059866590119122 0.202341259110733 0.23669068669013 0.0538831302730507 0.142600402528045
0.108837452065162 0.0723282824669033 0.228116028778114 0.215295588331719 0.0179323084001376 0.0529819586799869 0.222776747386215 0.0817316338917616
0.025874457866222 0.0978312677456343 0.112190306495223 0.0326668551473401 0.155964625541838 0.164246477890899 0.183992851886807 0.227233157426037
0.161451554116691 0.00830160833805497 0.17990939386955 0.155914288400564 0.106534387560988 0.0753732939042942 0.179979389103817 0.132536084706041
0.0325209813670625 0.182508816827614 0.0542869036803545 0.15319113296659 0.178635449232208 0.143211119688234 0.169661543473596 0.0859840527643412
0.235088790328391 0.220026083630161 0.0237201044514278 0.0299852743603148 0.0703467214918574 0.213044683748375 0.141139322663629 0.066649019325844
0.20938084015527 0.354384656859225 0.000765827393594607 0.0109925344388492 0.015534763765827 0.0203073065516544 0.0924222044113298 0.29621186642425
0.00937709399780977 0.179811600143823 0.128466148505005 0.146041183938518 0.137222357920281 0.189713699894626 0.184595605676581 0.0247723099233565
0.155591944725462 0.192878163429721 0.0360810755630868 0.090245041012606 0.0389415445099941 0.221352965647889 0.240620705508821 0.0242885596024203
0.085964715118345 0.0473796257538012 0.140269839839742 0.139528634011647 0.151707809644627 0.12068322086093 0.17137009391047 0.143096060860438
0.0612201932441327 0.131513471845179 0.111522605878488 0.150131430920268 0.187271041967433 0.157748022896893 0.0417580131229094 0.158835220124697
0.0353744757972115 0.141867616061183 0.0651570141040911 0.135448190859919 0.106655271829487 0.14064803727355 0.175221528833729 0.199627865240829
0.0946657682136658 0.217189932504447 0.0381688353371986 0.0618623226718466 0.207108421391869 0.112428129067825 0.201039773150452 0.0675368176626964
0.161817410462313 0.0910972974507654 0.216381522772307 0.141343992281821 0.22283208772439 0.0816598187478473 0.0332465592124302 0.0516213113481255
0.165939229014677 0.201008556929041 0.0275868120995319 0.210661136686721 0.0440097904333813 0.173855893415512 0.12317382914136 0.0537647522797758
0.0420753906690054 0.114994628653117 0.136494105984522 0.2181463104887 0.217603880535613 0.0330915515725217 0.162920869679844 0.0746732624166751
0.102305936479929 0.152099226977629 0.0695828334045733 0.136861087432842 0.109157988808006 0.145869489226972 0.0895366778218622 0.194586759848187
0.134883511550285 0.0235934425228214 0.130797118299513 0.100212582794913 0.118841717715102 0.0708240637135871 0.219418560216898 0.201429003186881
0.128992124091736 0.128675367751303 0.0728684848280681 0.0644295053223159 0.0306323377307959 0.212986447094011 0.151330230389252 0.210085502792519
0.0215405810206096 0.273723743894761 0.239956013865332 0.0992405857858899 0.163483095625851 0.0698421803395925 0.0314911696370952 0.100722629830868
0.173248674232546 0.167834171794709 0.144075127194634 0.154214489063473 0.144185297362971 0.075975153418837 0.100869757361615 0.039597329571214
0.0172172356229689 0.0269990439225977 0.1852264628701 0.099245452914015 0.184465145983682 0.271914205586444 0.0778150866535441 0.137117366446648
0.155664435192782 0.144169670581157 0.14430301820201 0.124073623428971 0.132260563233297 0.0646825690500311 0.0503061305078563 0.184539989803896
0.266080740014131 0.0290344791662944 0.175512396894222 0.27488342524813 0.0492500720451218 0.0496544392768461 0.0630167971599341 0.0925676501953208
0.191592342577285 0.203062162690219 0.038298395572814 0.0796610153978842 0.0538513437159348 0.0962365487171938 0.119874366653262 0.217423824675407
0.110196888183919 0.00410484502318754 0.171502062631831 0.0763750014381001 0.169741838854709 0.195251043862267 0.101519572709733 0.171308747296254
0.135770290585879 0.0770290704016713 0.142118986244515 0.10843813098379 0.199768061569352 0.144321983654327 0.107266112383581 0.0852873641768843
0.0549877521355914 0.0190341467976535 0.240274662703428 0.104191178940213 0.119874316606417 0.124763249739048 0.268560435328256 0.0683142577493936
0.179564606623338 0.0591324835206336 0.00645724678977217 0.103765634824493 0.0584213447413424 0.21691967470382 0.144263180813129 0.231475827983471
0.00195196519372129 0.25616942935706 0.027426530224265 0.257193144480658 0.0725274949898351 0.12686060200595 0.00375031512552194 0.254120518622988
0.0378672743135281 0.072685936070534 0.155420212384188 0.33772685134276 0.126190684861888 0.0656752179594268 0.10136845597102 0.103065367096654
0.164776952255437 0.0473929727990599 0.244002630848998 0.0970094799355265 0.228835489647216 0.173466348462697 0.0362253530288441 0.00829077302222123
0.199365840626078 0.174383021143943 0.0115154768782648 0.0767314413980548 0.110248848622403 0.0107724943955151 0.218166427415563 0.198816449520177
0.156378735663923 0.0131660131653482 0.170788481064936 0.139557647382195 0.0838711837651794 0.187070495207606 0.0686946300541199 0.180472813696692
0.147081074495881 0.0377213586571959 0.251596454677273 0.266143497858427 0.027276097846318 0.0509436814710065 0.137165684586273 0.0820721504076254
0.388850708153189 0.0118752239187851 0.202352300933973 0.0565863144665336 0.318350270004665 0.0110536548539299 0.0022985819852473 0.00863294568367712
0.146417299033949 0.113838534106588 0.0911721324128298 0.170146375165666 0.120953974535052 0.0722721153004841 0.0791713584684864 0.206028210976945
0.125972765672568 0.119130539364788 0.0190926868301494 0.0445286167317488 0.275351441644176 0.186914863813477 0.179849629277406 0.0491594566656863
0.193542773804036 0.176363632123573 0.147894841178526 0.0244479218851139 0.0655741809866647 0.145034238946023 0.10271563793352 0.144426773142543
0.154879610752535 0.144346387552671 0.087604456420155 0.0272413742213511 0.218112575522099 0.0145645006566865 0.116013917274285 0.237237177600218
0.219196282162344 0.220322754605195 0.107259182124633 0.110209172957339 0.0185803698392245 0.278866247171305 0.030934202749174 0.0146317883907852
0.058863246860207 0.135211855124117 0.0369528599333624 0.158148024558059 0.123073705210002 0.0874884383069768 0.212639312422949 0.187622557584326
0.238696403905906 0.0234487032399861 0.276479684575632 0.0604713588269478 0.0950846986029278 0.264152097540748 0.0168322676759592 0.0248347856318926
0.00787847333596941 0.037378379195693 0.201850993521944 0.107614420413543 0.178011741598229 0.103853130073371 0.240739501328744 0.122673360532507
0.00115881865952885 0.0641704230052848 0.126448030543237 0.436384906552032 0.133782733850473 0.0609935950000671 0.133845826145215 0.0432156662441619
0.134666363715333 0.191396355257712 0.0527419535940747 0.0484144372073263 0.106300851077898 0.203926807959672 0.140717980062265 0.121835251125719
0.0745095075488451 0.0103186547457441 0.22095402317561 0.150258880715374 0.144181118581555 0.189491398699833 0.0917335071298226 0.118552909403216
0.0858940715663306 0.146160533194204 0.121661416127037 0.0462100481449561 0.313350036037419 0.104514511532741 0.0539967770521765 0.128212606345136
0.096784709877368 0.124860430116997 0.121650017109296 0.184235332934923 0.137515344015408 0.197647986905657 0.100512820132888 0.0367933589074633
0.1715545639773 0.0281511231994429 0.0485347602749632 0.148426116619594 0.115606599650123 0.395319692445521 0.034001775700025 0.0584053681330301
0.135884810014558 0.129795057019686 0.0577129473581913 0.154929362690665 0.200631729006365 0.137394303714858 0.0456411850344027 0.138010605161275
0.0780624050064569 0.163345796088558 0.136322383793921 0.108377150350899 0.165631876349532 0.13538376268087 0.104802704183727 0.108073921546037
0.083630946946861 0.14009372964053 0.135123363743442 0.200859457585104 0.0833591049010737 0.0683528703028638 0.101050135660167 0.187530391219958
0.222997277423553 0.201194576061311 0.0277171845027723 0.0733856657408886 0.126259652082023 0.145407063525377 0.0161695565222278 0.186869024141848
0.175287392574561 0.0860006019701524 0.208609875489204 0.00720929651148652 0.229956607610659 0.0366600109633504 0.186619357839139 0.0696568570414486
0.140145814615026 0.169789975485925 0.140504074506373 0.148800066519306 0.110907020766925 0.143509840192228 0.137241988905645 0.00910121900857212
0.167525824924815 0.0412165702109377 0.202821376455045 0.0621191623081024 0.180598079164043 0.0653254159245229 0.0414837374435576 0.238909833568976
0.261427105980905 0.0678443498082477 0.0610903166901683 0.0625859824686057 0.366627258382824 0.0306317086994344 0.123794602068862 0.0259986759009528
0.0279690942707711 0.212828624385241 0.0607829114889797 0.177772695670747 0.215318210149578 0.0446155736757697 0.124901608451229 0.135811281907685
0.121803620812937 0.0424141839438856 0.173297976335663 0.0466782069436153 0.180818251074366 0.0328899336083417 0.172053500143464 0.230044327137727
0.00462691055627452 0.0977668795274858 0.106040621057088 0.11974665812516 0.127094448690162 0.35174668764314 0.0420683771554052 0.150909417245285
0.0900125049037475 0.0174024948578318 0.0335379416219397 0.127323213569477 0.121775122764229 0.121572960823904 0.227784743699127 0.260591017759744
0.0280870860989577 0.221691215168765 0.0195379557795358 0.227528690323136 0.0133430292981759 0.219711854690002 0.135931667216216 0.134168501425211
0.253148626811838 0.0300139757516452 0.10125903664217 0.0177956792559026 0.225484624625083 0.252774558130654 0.0113516650046341 0.108171833778074
0.183478938197745 0.0211849524445989 0.165759728148054 0.181452895828986 0.0918587948893276 0.17596701959161 0.0987490885065243 0.0815485823931535
0.172530988584175 0.208133404169931 0.0690000495774881 0.00230216365753986 0.179025629528474 0.198917837707797 0.0261929713109346 0.143896955463661
0.0502024634354929 0.104686145157388 0.146796880411573 0.262793075508945 0.185901051276696 0.00205751362267226 0.0860014058541837 0.161561464733049
0.0332319215599455 0.181291772110575 0.192423792832338 0.1610889315099 0.0206020038059065 0.164418458083705 0.0874956415399821 0.159447478557647
0.0716278344605295 0.185569820838828 0.0897912287754924 0.111224328863374 0.0851572185725375 0.0354034159863142 0.208805284341698 0.212420868161226
0.0779671008660178 0.237284284355275 0.0315757846666461 0.11098879541084 0.0534056600315922 0.247707285930127 0.211215131985441 0.0298559567540593
0.0521394820004469 0.121773458894078 0.238858153959672 0.103557061188805 0.174368534165174 0.0757335985478432 0.0560438357909757 0.177525875453006
0.096258359225366 0.0903699705268494 0.223590189666354 0.133658352781967 0.0577340636099437 0.0571344199246463 0.264215371265846 0.0770392729990283
0.114806361418222 0.214152141919313 0.0660291498175892 0.0913770390751224 0.161497434962703 0.205340267501024 0.132544459851331 0.0142531454546966
0.0791761157331217 0.179471527307297 0.218685591987034 0.141320028078256 0.0921337463499879 0.00441502657590115 0.128124630759778 0.156673333208624
0.0249670916637245 0.172186758405213 0.197930620564726 0.0689090661055971 0.189488581973268 0.109181501863864 0.204065241107302 0.0332711383163063
2.52790066788142e-05 0.17586341724071 0.120870736136401 0.168768087253927 0.200238190337581 0.126834622020801 0.131110014255 0.0762896537489009
0.0564383744012079 0.243645222387078 0.217770232585915 0.00858851023797989 0.09602272826281 0.0631791027906477 0.224946645483424 0.0894091838509371
0.00992060972631646 0.242310081237432 0.111904044818342 0.235808546520026 0.11339982612704 0.0343814302382002 0.0223970588815384 0.229878402451105
0.150246018950603 0.145455067701602 0.0649085727281809 0.117631756633204 0.128054032262556 0.134745974946357 0.105445373499571 0.153513203277926
0.171833450997531 0.193828589326646 0.121096685928575 0.145275857586933 0.125248473116395 0.0698273582345891 0.0412810929811971 0.131608491828132
0.00644892084524798 0.210348836151121 0.268210926238589 0.00915236258032028 0.116349725110791 0.0245443453647295 0.28811183265639 0.0768330510528108
0.0752294266710225 0.072885427744125 0.097845648295514 0.0329361167429737 0.252243271328494 0.294461967377392 0.105599697715316 0.0687984441251624
0.148699961041619 0.143336410503074 0.117336551534255 0.131282159961033 0.123419319852209 0.0749912877370493 0.150677061098324 0.110257248272436
0.00198090501419345 0.0409171066050906 0.153294790465917 0.0410787842017554 0.332965133711001 0.0680114184232988 0.231159877801403 0.130591983777342
0.143571708458455 0.231147086140978 0.0376372351453147 0.145798700515308 0.0865845183687241 0.0919003156094629 0.0993204850617513 0.164039950700006
0.0252122009013645 0.203326440225603 0.0152288562238308 0.206131340760749 0.158341203820607 0.173665517496258 0.0765197040568281 0.141574736514759
0.118374304390699 0.203213994390602 0.113157400249204 0.0346757020956319 0.173545690727487 0.201349400280128 0.0904977914120568 0.0651857164541917
0.00220330480804999 0.256974562503597 0.179205501590874 0.125365147085378 0.047839365290932 0.174586006855809 0.0276822121052735 0.186143899760087
0.153446099549866 0.220709665592383 0.163449861404035 0.111414134348545 0.0816267088069268 0.109287090931971 0.0707586396287634 0.0893077997375097
0.130251224721515 0.111359263700484 0.0848901370968821 0.106697858157559 0.199156321636276 0.226235626571368 0.141102679891885 0.000306888224030394
0.1361317563806 0.123125266184572 0.163025931790223 0.125774477860124 0.143300909849839 0.224583905547902 0.0597952502895237 0.0242625020972164
0.224063802306449 0.00422019431182715 0.117364692616942 0.115369268808978 0.108201587360808 0.170329315610788 0.130688230181998 0.12976290880221
0.0879616237667372 0.0854697020114486 0.203106087576945 0.0536981197934205 0.105302509496961 0.13612351082113 0.0606796340753101 0.267658812458048
0.214544338416321 0.16138928996852 0.115525453188906 0.00234019711863607 0.0855953652594606 0.114996393220884 0.190018899598893 0.115590063228379
0.109107167229111 0.173044472200136 0.205942361605527 0.142162403759746 0.0961975039777014 0.00658577003930073 0.173029051255671 0.093931269932808
0.0207524271233835 0.0867314322885008 0.0662653088146981 0.109721814174754 0.375729830288373 0.00810830329924307 0.184316668280532 0.148374215730515
0.0405249395769161 0.136926336226658 0.214877619779785 0.0954707673938809 0.138133281743351 0.115721992727655 0.135683008210932 0.122662054340822
0.0364455543458414 0.0807078699921056 0.163268946778446 0.0521026300750045 0.135399477750175 0.184005285251446 0.160354346031436 0.187715889775547
0.00726926165229312 0.0336148534486669 0.204550591348053 0.130597466713862 0.238912646404459 0.12435230256015 0.0408375517447493 0.219865326127766
0.112620612542989 0.177173832639303 0.0891840326922508 0.193487188337115 0.0995045311211883 0.00307419131968918 0.142218689623008 0.182736921724456
0.0328637842578838 0.0799589445692964 0.248514201269957 0.154158551179486 0.11523666137055 0.172448990623287 0.0780583751619717 0.118760491567568
0.0307971836207351 0.123353552452953 0.0702480740788139 0.206844985080847 0.0376398663772718 0.198913851264867 0.223935546642027 0.108266940482485
0.0237299005057025 0.238814845773837 0.0237228617895964 0.246888094931043 0.0485511664001054 0.225995773631841 0.0966887787333544 0.0956085782345202
0.181499772034301 0.162742062258644 0.186261968082746 0.161060338067405 0.0284776622995897 0.166487188255967 0.0576139605316031 0.0558570484697443
0.245154557388116 0.0218497806795734 0.0388596543893008 0.105022876735692 0.195391833201165 0.148560538213973 0.243216706575408 0.00194405281677156
0.0229920513098757 0.0782808907176925 0.199549552185858 0.168622538663486 0.0930191533817264 0.121610884357171 0.129762546669128 0.186162382715062
0.0471271827882553 0.142473128444607 0.165305885464444 0.0284821671044137 0.193798467482615 0.0509570427170963 0.273614206183272 0.0982419198152953
0.0282280772218723 0.195878011567465 0.0549518767703735 0.195045581266265 0.167576267305978 0.013255163771689 0.22596848528826 0.119096536808097
0.175782517608463 0.152992955390524 0.134771372745251 0.00289623707853636 0.0598742202853922 0.112154715783589 0.172352549024276 0.189175432083969
0.011096968016991 0.249242514003088 0.0582824474820764 0.102187340066809 0.123155840879757 0.0626830237808171 0.230810075190111 0.162541790580349
0.118856248305124 0.120784049878915 0.105540999621977 0.142377119946516 0.194097770121041 0.0830562239231414 0.0635065627635882 0.171781025439698
0.155421020217915 0.0664876664910807 0.0800734616601058 0.0579176664349818 0.246578008277609 0.171129273626784 0.0898359145990985 0.132556988692425
0.0332707405633101 0.174114266379782 0.0187537993975459 0.127979295506777 0.170237442340394 0.175017810991963 0.180063292914097 0.12056335190613
0.243267245000803 0.161209554022918 0.207409133373322 0.0839735649129721 0.0830662497711849 0.0277473165226442 0.103638728860469 0.0896882075356872
0.0925991540687096 0.0611098550667572 0.0517339324265709 0.230345859241642 0.201225112101117 0.0818345109922125 0.206994577706605 0.0741569983963864
0.0420918359722005 0.191422704535345 0.0534578107022654 0.171085051760071 0.145832231102859 0.0977413074510338 0.13278446947374 0.165584589002485
0.235341433197467 0.101722877227105 0.016141589338711 0.0858481297646536 0.0217579870452442 0.252584813869928 0.083105307126373 0.203497862430519
0.17304001927751 0.12573928358922 0.00571630929671157 0.0980332072608276 0.122428071574388 0.174420957579534 0.124469824036314 0.176152327385495
0.0262254062878515 0.172070609792877 0.242949916313027 0.164575936820471 0.0179801136974534 0.21047842030809 0.0152742413069275 0.150445355473304
0.213312824460492 0.0202283824218974 0.142123017193749 0.106801232241889 0.173004112330479 0.179337144328561 0.0376778849740637 0.127515402048868
0.285382870638012 0.0906319406063348 0.159807689799305 0.130159981553426 0.186691153352042 0.0428333578321323 0.0152304166807961 0.0892625895379513
0.167051620445284 0.169973974945609 0.118226833476998 0.118541020531976 0.124486504988582 0.245642011163953 0.0554330691644203 0.000644965283178462
0.131560995155962 0.142912207657241 0.120746530719692 0.109196848662798 0.0725714506495365 0.203875542646179 0.0628229128629232 0.156313511645669
0.186382049250836 0.0932119317666464 0.206500403235706 0.0950949211108744 0.0659117894392378 0.0760837024032344 0.175955382691218 0.100859820102247
0.0641847738096018 0.156089772734116 0.199200875230544 0.16851957095343 0.146371487347689 0.215293248257206 0.0477130038802879 0.00262726778712509
0.0590298539705929 0.179041665199434 0.109752677392113 0.157441802779922 0.0838618201123068 0.00555418488239119 0.197251212458828 0.208066783204412
0.0914225339420381 0.181561035227534 0.0381898711758819 0.175005575861421 0.233520148730109 0.185726083124986 0.0120940216195076 0.0824807303185218
0.297302197012908 0.0371821729901592 0.277717539314747 0.0288019269467274 0.0434371299808503 0.0313679071672469 0.120984109043658 0.163207017543704
0.14702912058935 0.00428631033420384 0.129558323150787 0.171984193608209 0.0774175081424537 0.14303626956113 0.229934803358208 0.0967534712556585
0.101587854587712 0.0254131538070102 0.151379386232086 0.119384816105535 0.153885980475153 0.131771916369655 0.198677763460827 0.117899128962022
0.177333614236915 0.163526690239102 0.00430133443364785 0.183048009246217 0.146530775100026 0.071293870306182 0.14570795892536 0.108257747512551
0.0623582365765885 0.274905830842539 0.0253741872481265 0.0987763749896114 0.128312518930763 0.270842639730158 0.0904551433505277 0.0489750683316864
0.105004356906294 0.0897540833628876 0.16090197577121 0.172635369111528 0.0400484006834877 0.135033377215143 0.160916218536786 0.135706218412664
0.19710694049681 0.105433359890669 0.178055961323768 0.0904282126324209 0.0204140581598193 0.182199786132558 0.0619042721465851 0.16445740921737
0.0232277132284064 0.0712881430645516 0.1922515673552 0.103513587861881 0.120007308786834 0.204330933388161 0.0453652483068659 0.2400154980081
0.22904730363101 0.0461170968115296 0.153865088789852 0.168041719811529 0.211041793787442 0.116363057843812 0.0371253103115483 0.0383986290132769
0.243740379194651 0.0836962695126635 0.0164681533425957 0.264441672029241 0.131791902649192 0.00966514738128508 0.178515544584593 0.0716809313057796
0.229800370017164 0.00911757616620913 0.124738150035243 0.0520981024805233 0.265168910569949 0.0372206576209174 0.0675814657853162 0.214274767324678
0.146362441540593 0.145900207956105 0.0793410523482908 0.157946628919663 0.207644309774479 0.0124957472653198 0.180589396907629 0.0697202152879201
0.277864334167446 0.03269320298627 0.170113575326114 0.0707381222852212 0.0216785757283554 0.113043618972043 0.201922626539121 0.11194594399543
0.000782586935254321 0.365190912028344 0.208858784627025 0.0389047942710668 0.0044139516304959 0.298003801301794 0.0061468635790506 0.0776983056269699
0.117100413583896 0.228001501013748 0.206521675729052 0.0381581400405977 0.144521004773032 0.082859140590837 0.134086682353258 0.0487514419155796
0.0977933398258332 0.0346344240546232 0.179455594491887 0.167459847831708 0.161056697807329 0.191491214289427 0.0298810687430831 0.138227812956109
0.0318976360000249 0.0366767715515556 0.167157274126784 0.234031069061756 0.0705752220509345 0.152398354561913 0.127715463064349 0.179548209582683
0.0282680693228589 0.133019315098519 0.0225128625983844 0.206210776791191 0.215018262759061 0.0763483123764452 0.155281741569589 0.163340659483951
0.137569698257963 0.0314391164433882 0.119412858049302 0.363842872230924 0.0119342742775737 0.156021611022038 0.0253889628565049 0.154390606862306
0.223177764441126 0.0392630670688007 0.185516366473117 0.257093521854101 0.23654371066168 0.0106221132126709 0.0030966782864011 0.044686778002103
0.187314527530643 0.136261898185385 0.0695006786981312 0.0204940169548321 0.129861416816419 0.155466818491246 0.166295897105452 0.134804746217891
