0.0544958330396717 0.214848469459484 0.134423307917351 0.0618106609453298 0.0750931723310061 0.166857041028486 0.0292281490732129 0.0632520160088821 0.199991350196577
0.126863807601048 0.110293002457179 0.0432654488086582 0.120689024830081 0.102203425239646 0.0676497319844643 0.187527324628234 0.0254959536287927 0.216012280821897
0.119160492231149 0.195991299235742 0.251652670455142 0.0603619414803554 0.00235440230700917 0.0111953988837008 0.0734243716085666 0.196214264284098 0.0896451595142363
0.13131052382754 0.104416353274851 0.155894910184483 0.0506692360288503 0.131641714151826 0.145197228256172 0.146151168242998 0.0101195389552786 0.124599327078001
0.0521449655491329 0.146732641131044 0.201052373102564 0.0126604340547061 0.0274215961038222 0.234821136391862 0.0447429860456385 0.214664927370965 0.0657589402502647
0.0141920694547713 0.000938925858519185 0.0210378981284384 0.198086301386117 0.211495425113204 0.218714541356442 0.0184370721726098 0.167251357256462 0.149846409273436
0.180766415599068 0.207855597034227 0.0434750122757544 0.164429089689887 0.0502086419140595 0.0833606803371746 0.179843617568639 0.0615849253581234 0.0284760202230668
0.0776200553291416 0.0166978609887249 0.117111579368345 0.0920585778856062 0.208158224189622 0.172780978109105 0.0738693347843313 0.0997161196100669 0.141987269735057
0.11267970812355 0.16167047552373 0.128335741914187 0.122736958534247 0.156520917956019 0.0640868836646689 0.0783791515892544 0.112433329300572 0.063156833393772
0.0758757445314734 0.0636795591822336 0.104579086826204 0.112796285355677 0.151388640259201 0.139111797950738 0.0215771941428452 0.142469197490014 0.188522494261613
0.170001849348389 0.0233358241728445 0.0848251932840365 0.0646473958641676 0.183054956751023 0.043041216338912 0.176466395743993 0.103877160549927 0.150750007946708
0.124328821509196 0.182493089451836 0.197714364123939 0.0595471876397297 0.0519676053774774 0.119920020806888 0.139493675491278 0.0419976422824324 0.0825375933172238
0.0518241776761629 0.163190098489914 0.0496858285983395 0.0591089830692539 0.0795938327592409 0.0893490206361376 0.245252599919063 0.224119681224216 0.0378757776276722
0.169733141787425 0.0950338813528311 0.0252461931106161 0.0125746154487152 0.181920317569638 0.268121528200493 0.0384658699672592 0.0253717455578018 0.183532707005221
0.139903288945289 0.00618887499862889 0.129633273444098 0.149364358266829 0.0739159669853658 0.10946972604513 0.0842879575456206 0.197808344112598 0.109428209656441
0.101417023693968 0.0611555747689849 0.0555004690003449 0.153238553292996 0.0322501901169913 0.00731569341433378 0.18069847471962 0.181089187536602 0.227334833456159
0.115671943376504 0.000895489966829248 0.0232480844238265 0.206854468221158 0.179412063564958 0.128561359187663 0.131056564906898 0.143389435472266 0.0709105908798964
0.040868972017741 0.0720737920398692 0.217132458136076 0.0653557573492711 0.127842331858658 0.0201888484274099 0.206649585318984 0.154796513550289 0.0950917413017007
0.0735535658953812 0.275809791345746 0.131885840730436 0.21628206764858 0.0732920964283977 0.0523235494303731 0.13647995244124 0.00898064572557061 0.0313924903542753
0.0476274716160056 0.267652269360683 0.0269460795586387 0.114522960696766 0.258639877376353 0.0276623878214043 0.0694176910677327 0.134416909794169 0.0531143527082473
0.168214353753685 0.0865013090783609 0.143050373912581 0.0423824034688194 0.087027971026523 0.134119759121474 0.0596578502350186 0.131630432830376 0.147415546573162
0.0438536102435642 0.106209860978 0.177173521082643 0.0818453974312025 0.0282212971841369 0.176116394332925 0.0341917160327658 0.201295993632067 0.151092209082696
0.163457660702138 0.193641766534973 0.104390030387346 0.0996750375927283 0.0826050986623719 0.124045866127885 0.0995666314299512 0.0339274208782329 0.0986904876843741
0.108380026295882 0.132812156301439 0.172213371571602 0.0249595607693393 0.191807283622371 0.103962557286743 0.135082077872697 0.0772089428225493 0.0535740234573761
0.147949446558867 0.0757609840951971 0.0925052084240927 0.0950200655176185 0.153655052474658 0.167207541269443 0.1554361833777 0.0464873233266638 0.0659781949557595
0.0200989021940717 0.0725627163702347 0.111528000026737 0.131900749052606 0.183392513353006 0.165064811760453 0.137164683318162 0.165957997758701 0.0123296261660276
0.178059715019461 0.144002112995637 0.120145797454586 0.0892148292300091 0.0884263713317628 0.0649866975243694 0.165213490062851 0.124525375418994 0.0254256109623297
0.00543444674957783 0.13094443180957 0.00879233427779518 0.259529513153512 0.127933976928845 0.218568456118563 0.0502068884138248 0.174208242583919 0.024381709964393
0.0848830046056533 0.0606353790706213 0.0373475616745528 0.114333830614119 0.14626447543318 0.119900595442728 0.12638775855177 0.150544178348614 0.159703216258762
0.134394732609512 0.166771855752292 0.00429896859112003 0.159882484225607 0.10678473061199 0.0732316674802195 0.179307934960058 0.0977560154157662 0.0775716103534355
0.0182576034698574 0.0516125939398602 0.169727630628096 0.19956573919102 0.121294333412335 0.0435970640455481 0.0962833443700028 0.0970804171545617 0.202581273788719
0.0354314302905057 0.0703883895631353 0.156346915860123 0.0556462780656035 0.0645535639835195 0.119442924175397 0.141666575209234 0.217676338447967 0.138847584404514
0.132121401718342 0.025123623763007 0.11934386681818 0.10562590143177 0.0968618182863549 0.128274238145207 0.140805570546169 0.134738781740467 0.117104797550502
0.165404702204636 0.0395472015928154 0.0528767014431232 0.117727580238191 0.215941963793459 0.190694250493477 0.107707055492031 0.0810788608507013 0.0290216838915663
0.110144097649283 0.0559604405631772 0.128594067360361 0.0539333430819589 0.115667883332028 0.179306890796273 0.0189337103204575 0.186646113821017 0.150813453075445
0.236373971064437 0.123065502390461 0.106994530827638 0.0364414741577765 0.0723315439585029 0.0611695251986931 0.10995117575034 0.249103804817511 0.00456847183464031
0.174511539153165 0.132121104032434 0.0390928894685534 0.0880675209749798 0.154113894892307 0.123438592252185 0.122415937777967 0.0409067480048996 0.125331773443509
0.173785159697397 0.0951437051916141 0.0616025708439919 0.0270210999700463 0.170732387254905 0.0811871158114661 0.0748237673049465 0.16043086122108 0.155273332704553
0.175526383577093 0.0817184717268371 0.19710297082898 0.00348426230000894 0.048258131702983 0.0526858165995422 0.0199647762749143 0.192053104122582 0.229206082867059
0.015012776405484 0.000485738417254214 0.218536765466457 0.133863523964677 0.0116229104253185 0.211413274510273 0.202379106026706 0.0301223022893603 0.17656360249447
0.17742135579595 0.185320370860238 0.201152067416036 0.0875176115008196 0.0104755195701008 0.165622329416464 0.0422975464983202 0.0814792576426285 0.0487139412994423
0.0714947452616214 0.0236265470320106 0.105945757335744 0.0903686987717901 0.112853665382465 0.153552299428556 0.141596473820683 0.171423963195579 0.129137849771551
0.209392869884588 0.084576822371713 0.117355282853265 0.0441448835255815 0.169469202319236 0.0651568854666956 0.119738850231026 0.0320292288013708 0.158135974546523
0.0761184381236303 0.0790340840905831 0.168598414560079 0.228058570046069 0.07952814025602 0.0589593081751464 0.0631058495033038 0.0256026662378256 0.220994529007343
0.0220360767469777 0.019665958141076 0.215873585424821 0.0271249027305341 0.197243868859495 0.124178727865883 0.028019779305806 0.148320802338893 0.217536298586515
0.00111116562854328 0.0534979193467515 0.080173722586301 0.182081003694225 0.131046755662486 0.138540774420744 0.125592796670121 0.150676135134719 0.13727972685611
0.00422574422474794 0.275896091652651 0.0607689153405247 0.17701621546837 0.0658481566931448 0.0826308687676682 0.059613467546465 0.252859056695549 0.0211414836108795
0.0578536829058468 0.174741626100752 0.0611273129049197 0.119816560954299 0.0860139330059827 0.140625843320837 0.11098023002338 0.0970359742825452 0.151804836501438
0.404663163903984 0.121185362176165 0.0147648849789472 0.0201175764496653 0.0916516110985902 0.0361497462803304 0.071922296206165 0.158507382864232 0.0810379760419199
0.160528866721917 0.131754467783148 0.181851860340681 0.194997928320039 0.0405099104463833 0.062290677345164 0.00157992797600206 0.00846934000879674 0.218017021057868
0.207630183807476 0.0287900487757727 0.0448047241107448 0.14111959880348 0.00687477869911627 0.121197146919404 0.219157932816895 0.100647597305155 0.129777988761956
0.184149854393488 0.0914600566341705 0.0949329747240601 0.0861671586999083 0.134639145044842 0.108364654640711 0.0461303253746837 0.0744190457678344 0.179736784720303
0.0505450279010722 0.059973015777175 0.00744615458120429 0.199265725700919 0.0286131570967645 0.111551926329134 0.159525503608215 0.119529411750386 0.263550077255131
0.0866786200184274 0.152989173916422 0.1497820740621 0.126405300683596 0.0102858327916573 0.0916685580924019 0.100029414701074 0.132533328308262 0.14962769742606
0.199510770940946 0.0665636302379498 0.166711676410209 0.124325885357547 0.0860999224498092 0.0137039666801322 0.161711558852641 0.175575170736024 0.00579741833474171
0.0100592314860511 0.14221260239117 0.181238570097584 0.185800648173513 0.0622520343862153 0.168349725200986 0.19553551877597 0.0499427279557921 0.00460894153271839
0.13634096865296 0.121851685368464 0.116809846388543 0.000134837134335386 0.156856042811846 0.127332970117403 0.0797524935262738 0.125499603055823 0.135421552944352
0.0197505389920451 0.173776050484998 0.246767266713146 0.00923304340410914 0.219221801497857 0.0312046111933905 0.172531759398285 0.0358123225240316 0.0917026057921379
0.14784391133014 0.0691528359447883 0.118177975874565 0.00856476793278018 0.136455211094333 0.0984743760376071 0.14447124441773 0.271875234180564 0.00498444318749284
0.147662861227089 0.155178041615446 0.114102566694476 0.153987324110422 0.0512303019986819 0.0694449841527954 0.00170032537024064 0.170470787386698 0.136222807444152
0.124005049206243 0.103350905401996 0.184584920172444 0.153128602862007 0.125553994975451 0.0804854640185796 0.0825064917787753 0.0910725142331415 0.0553120573513633
0.0953740967761443 0.0940693288163037 0.249480984646096 0.0249692942602067 0.000714330248294087 0.155673436926119 0.0435952427299541 0.128549109110656 0.207574176486227
0.13482579757636 0.0716384696231673 0.089563475766855 0.174751800584084 0.131777724965114 0.149228275255152 0.0833007435137582 0.073588869361993 0.0913248433535165
0.130534406112895 0.184081035377679 0.0794146369068101 0.0310992862297377 0.200266876364278 0.0342767286946552 0.0785587770348805 0.0855458416572331 0.176222411621831
0.150160129055995 0.149508239054516 0.123743145039263 0.0627882280997678 0.107254303710655 0.0971979758892303 0.133352221905814 0.130504478006207 0.0454912792385529
0.110015758170975 0.175745421478096 0.182768904180258 0.000891691581815827 0.0754357341520978 0.0773436455954159 0.117537453403005 0.089395751150198 0.170865640288138
0.0533432269808909 0.0561172271307076 0.0350631458235442 0.044832248408799 0.211337351112327 0.106910870519234 0.169883893593449 0.136710880290095 0.185801156140952
0.12932425129299 0.162169698098383 0.165926199131762 0.110011608172418 0.0554596810719014 0.0854878640445783 0.129294510037804 0.0433341812041034 0.118992006946058
0.120457305518522 0.0912470416346757 0.218501740167222 0.0596043683685309 0.0477894201028764 0.156659600473892 0.113261330704314 0.101269690160237 0.0912095028697293
0.0242894711196314 0.0611793770290351 0.250182890678044 0.306291456893837 0.00417303997194179 0.071377555313623 0.00897136133942649 0.0882156598123197 0.185319187842142
0.149123230132405 0.0498747753581106 0.132853449830517 0.0597717100092674 0.196064625667306 0.00436739851419479 0.0756854503642486 0.171557331217829 0.160702028906121
0.0803444123513269 0.0761403266373388 0.148915376564791 0.0978122231298035 0.0539957334088487 0.173487577348936 0.107270054037502 0.156066991612853 0.105967304908601
0.0472877925283845 0.145171648004727 0.0112077727645286 0.132450741995167 0.186135589342677 0.147933793661005 0.0764241552252307 0.177343359990798 0.076045146487481
0.0395401074251414 0.160173752986512 0.0778485297808829 0.125212003075395 0.0915964251495551 0.163889282314261 0.130111593259705 0.100964931956754 0.110663374051794
0.0992894640430997 0.148325635591872 0.15047747384281 0.0884482238351549 0.151432676566588 0.0971805398283992 0.122986076019976 0.0262400377463272 0.115619872525773
0.101491877122137 0.0876361441547415 0.0463846846397116 0.0353936951043661 0.139239827745136 0.230858991233511 0.0933611745636883 0.205494246983251 0.0601393584534575
0.08931147931675 0.174903837978456 0.135602289875369 0.133680783004773 0.179581079544315 0.0433721908684251 0.00186584787774301 0.132221922620722 0.109460568913447
0.171098983605897 0.114650783473894 0.200333263762027 0.258199177215604 0.0108228435259813 0.0342714971034735 0.0137460430191873 0.148068312501024 0.0488090957929123
0.203257369886145 0.183020835123896 0.12901608488011 0.072409285208992 0.129706535821485 0.0900202621287246 0.00798711578105432 0.0192447945879411 0.165337716581651
0.0367409416952033 0.212339959226854 0.0763332686097682 0.0789312054377121 0.0591171421948567 0.203971400234204 0.194309972535453 0.0734341793238273 0.0648219307421218
0.0695844046457549 0.012775964675554 0.0709379431292533 0.153324695339441 0.0761757603147237 0.206939759778922 0.094120416242323 0.21877802283792 0.0973630330361085
0.056828734255314 0.179224072801142 0.0668144119812401 0.095290512339397 0.136553673409421 0.173084466785978 0.186120744249366 0.0475003831084299 0.0585830010697123
0.121809258257551 0.211888646305753 0.0182100225217861 0.0155391302291174 0.20543338018951 0.105810925595987 0.15907130702056 0.15969222116475 0.00254510871498548
0.127569546768679 0.110856102709494 0.0481088485583972 0.0749988957166397 0.159629184888792 0.110577260677131 0.165526298254784 0.130408930895866 0.0723249315302171
0.206746914676357 0.154793648473719 0.0117407134707036 0.183569065912398 0.156803290799878 0.00476478121664216 0.203200563643639 0.0776231943324353 0.000757827474226909
0.0521564049061109 0.225687743075705 0.0262718537413159 0.0154478742357464 0.201033589394008 0.0487846968925522 0.193636119926188 0.0086645575214255 0.228317160306948
0.0445779329906308 0.169874387710705 0.138724750097783 0.084412240558108 0.13130553494212 0.146785973201318 0.146052630546213 0.065298638640078 0.0729679113130443
0.0704992156348233 0.126158426131454 0.0234069742520442 0.145216248390826 0.205900597005021 0.0920075455668808 0.192131685781881 0.127506185646382 0.0171731215906879
0.145434576397152 0.13888217904276 0.131450164756925 0.0334260713666169 0.133070496278572 0.0499527952119873 0.0964116707326997 0.112982426084667 0.158389620128621
0.112281422419473 0.00533609358463395 0.186644344141435 0.167175865263716 0.0425246850979702 0.133792198738392 0.0413275080019449 0.173057016341779 0.137860866410656
0.0828746940517667 0.102907304058191 0.184616988931107 0.0277529915934343 0.216686430810209 0.0287755598728137 0.171842438508851 0.048045948471925 0.136497643701702
0.0377097407054479 0.121060535693542 0.130689999784152 0.140532675483641 0.127067211104155 0.153307365650803 0.0742602963724229 0.118599968042487 0.0967722071633486
0.183761122265378 0.0190422065746462 0.212234431147165 0.0503100951975661 0.141783282570901 0.120055074940965 0.153716251358677 0.0464905677726695 0.0726069681720328
0.0859025721455623 0.175867210331038 0.0605707957582929 0.0667608253889762 0.150018697044659 0.128447974277885 0.142694258888982 0.145685381613324 0.0440522845512792
0.142528749079271 0.172194016987144 0.154214025000457 0.0375193835027904 0.0831847122525186 0.0386464649971249 0.133229046563655 0.116755960396867 0.121727641220173
0.0286634751273036 0.140338660427033 0.0698328802807439 0.0870030719776573 0.267706975325596 0.185518579022282 0.11686205184746 0.0682478943151179 0.0358264116768054
0.135608088095376 0.15101103675155 0.0758750248698521 0.0885886943444539 0.102493935541167 0.122952424490397 0.126409640739238 0.0545258960215023 0.142535259146463
0.0335168557802486 0.0547404297251673 0.00845573122290884 0.0753302835777435 0.13776520879644 0.15298462308403 0.182191443773556 0.198602581200551 0.156412842839355
0.00699877850639329 0.246692030759351 0.0579539504211367 0.0290100013825628 0.197060001275754 0.171115625753125 0.0185451654010311 0.0744275574504022 0.198196889050243
0.119804014076803 0.131972570771155 0.143656079632345 0.0920700639002041 0.136668414280673 0.07047733337902 0.123768812031203 0.127002417433072 0.0545802944955259
0.164585483472323 0.160874395835478 0.0465432916615523 0.0552058657149685 0.165963381072638 0.0820844272908294 0.168816193984883 0.135483490158218 0.020443470809109
0.103072845894085 0.126027460071189 0.0154010061551962 0.0847770174611961 0.0984784894256755 0.0495622826473932 0.207046909632921 0.126755032333487 0.188878956378857
0.245203126395648 0.148596608478431 0.0978559756890305 0.220910770370909 0.0527024592289245 0.00884296299877637 0.0193501826795625 0.0183846968368792 0.188153217321839
0.0472862024038892 0.00261758829886906 0.121118782932967 0.234624754943622 0.221070514106597 0.194908968001658 0.0605751694849707 0.047087379428795 0.0707106403986311
0.0914424271570684 0.063836706460995 0.152284708024285 0.188008890050892 0.00613961111683026 0.1459740646823 0.151244438907357 0.122433756089157 0.0786353975111156
0.211605663629779 0.0751915210695848 0.0930077545711554 0.114746744289613 0.0280813559949869 0.11407976298429 0.148502546930438 0.126783233688729 0.0880014168414246
0.133949494533675 0.0812225866573976 0.175459348884823 0.137382544211534 0.00341242910026055 0.0573074763718656 0.0929283562304269 0.145615797840335 0.172721966169682
0.190165688306801 0.19410174073348 0.0611121716177467 0.151806314704778 0.059716633671306 0.0566301141446709 0.0909810797480146 0.163641843708967 0.0318444133642355
0.199258890482243 0.0703097765293764 0.00918459369387911 0.136981643913275 0.091667578424002 0.099733014191237 0.207130845948979 0.0679791344729463 0.117754522344062
0.0180801474240185 0.171430168351201 0.00658408451333364 0.140427494239719 0.0879945816098623 0.168291947697657 0.160411313646518 0.163613081614265 0.0831671809034264
0.0854501142194964 0.0518524382929063 0.203781015684134 0.241713974144737 0.0160056252409791 0.256668709708742 0.0560259554522859 0.0161882815460575 0.0723138857106626
0.131946110253738 0.128389456616335 0.143966442394069 0.196130052449444 0.0957234760678916 0.000546975564373892 0.0852412599924993 0.158420697783517 0.059635528878132
0.167114478417527 0.173333848270917 0.106112919091455 0.0129710902601701 0.0691637912061886 0.056915951246846 0.169832946596867 0.175224526567212 0.0693304483428172
0.109730792630028 0.201706802420048 0.0729844037445961 0.0328122321319592 0.107850128846275 0.158637443773503 0.123239421588327 0.14576399142641 0.0472747834388529
0.104469387067477 0.0605867132901983 0.132510608186065 0.0413575894491166 0.0814510010153679 0.155048351218863 0.227552310719111 0.105275941393163 0.0917480976606379
0.11592599172102 0.210754183268699 0.0976278571572001 0.0335893132855096 0.100694444274748 0.231443299630809 0.0168074396636993 0.0737655479453012 0.119391923053014
0.00553309577605967 0.257181569020298 0.110070484789734 0.0570979417035479 0.133946313253765 0.140475533174981 0.113497569548138 0.144688812050085 0.0375086806833913
0.0796904201469168 0.0329142005298838 0.159043837672029 0.0620737817604555 0.141046557740344 0.186563956828002 0.15293627480606 0.00528387866884147 0.180447091847468
0.164579327788361 0.179790659140374 0.0626289387290222 0.160795556599209 0.0114618003723404 0.0156535043789662 0.0359674207945345 0.17074672029159 0.198376071905602
0.00367614822153592 0.0678532613967625 0.0378108846465861 0.189240815846265 0.133834566785258 0.0924261761878178 0.0186415107962508 0.228004824531483 0.228511811588042
0.142329496347564 0.0299180512259262 0.164774614449928 0.0940697721411144 0.109161902015664 0.0330984675629633 0.156906737847638 0.17879505656737 0.0909459018418323
0.178701109927775 0.215958554062576 0.0807761273770639 0.157086728416435 0.123590234896293 0.134689044087235 0.0153785746342067 0.0392920061178293 0.0545276204805864
0.207009985384384 0.0206163239023181 0.152184890029927 0.189336036811743 0.0722373179475235 0.140390804459901 0.0323733868516646 0.0372654523845277 0.148585802228012
0.166367098674657 0.0166429778662582 0.118956841924247 0.0168053879744827 0.183615967008158 0.178866715229962 0.151663844474711 0.0559942552207686 0.111086911626756
0.131185780683361 0.0830854762297127 0.241122969672545 0.02417263858825 0.17720494954731 0.163751229771078 0.00183769201716917 0.0576402379610124 0.119999025529563
0.0391152311873914 0.0224736991945247 0.078101704034167 0.157318200357068 0.163240405211383 0.190673945364254 0.150866758047526 0.162276884123375 0.0359331724803112
0.0961518198660473 0.144236205834575 0.13121643423686 0.130625086283445 0.0414647265000415 0.153179295139521 0.0788557921812651 0.131407158513473 0.0928634814447717
0.171530939886106 0.188424159685282 0.0638218643958558 0.0283844900678402 0.206532195498654 0.00816637735545165 0.186980961057983 0.0973880529657092 0.0487709590871178
0.0381078328532511 0.217152088929345 0.092202754353451 0.231652536705018 0.083889979960517 0.0135920998651293 0.0194980898850995 0.131733234604662 0.172171382843527
0.101757082221678 0.122971040208272 0.122076334530864 0.143590812228671 0.103137098119091 0.131583987172984 0.100192669055369 0.148342723362353 0.0263482531007176
0.310606561109811 0.0338226249707954 0.0893952730637761 0.0711976643427157 0.141957593593692 0.155937364571476 0.0554650793741839 0.0212537558235634 0.120364083149987
0.0876514805312314 0.133191689701126 0.0251194221859925 0.120519806769872 0.0681676661938021 0.0981210226192218 0.212112884606212 0.164387486575209 0.0907285408173325
0.00442388217171165 0.00224552022032525 0.104358588270601 0.282393943156989 0.068170757338811 0.113269537434934 0.00721137582585522 0.185416894193912 0.232509501386861
0.185905689992526 0.103047275740252 0.101254204545152 0.184127460878672 0.0659742732026074 0.204661139809076 0.0778665578759664 0.0172807755373309 0.0598826224184171
0.0315358613911028 0.173708886006215 0.114983959757138 0.0407098558144104 0.189099163663842 0.1070825584436 0.0323872448584572 0.143344410131529 0.167148059933705
0.0598640379335695 0.116540528709144 0.0962305397838458 0.137841364919856 0.075206993279 0.110362809586925 0.121224097022786 0.160469702850787 0.122259925914087
0.15422477683233 0.0843260968042072 0.180045314628317 0.0315423701255842 0.0522800878521827 0.0207184455572384 0.15179909882348 0.145842283032742 0.179221526343918
0.0568992761560152 0.140286339205065 0.196299445755302 0.108190175087725 0.140173428775193 0.253530801793176 0.0303474161348407 0.0107614580389393 0.0635116590537436
0.146182471135523 0.130168411309578 0.0247093912038004 0.138507233736258 0.0804279683924643 0.205483594796326 0.236778553014224 0.0140800190525978 0.0236623573592284
0.144093106329926 0.0090838573281912 0.261717352756595 0.00960509890666337 0.183751471728009 0.0820889623711558 0.107355872621377 0.139362995664054 0.0629412822940283
0.0599834729646255 0.134631915801787 0.208935370120342 0.172264723072807 0.0359372595578044 0.152190331568651 0.0102500309583381 0.0502413743051728 0.175565521650471
0.152505404799846 0.128379121602401 0.181675484290742 0.194818181597393 0.0856492163543281 0.151478731564917 0.055577317097103 0.0179308913064053 0.0319856513868649
0.125046510759806 0.039385179501231 0.129583470041577 0.159306755739266 0.19321408094379 0.103561668421713 0.165384813282896 0.0613372062492278 0.0231803150604933
0.0268084815517794 0.140331028083627 0.168862294464995 0.133780290884956 0.13487711534541 0.0178986061406696 0.0433151157820701 0.170122532076753 0.16400453566974
0.051615972855625 0.085108981118364 0.155124357265161 0.0246763041964566 0.180469558401178 0.0226068911857807 0.106441146991071 0.182168801141343 0.191787986845021
0.0235611364834218 0.0196553424996877 0.0669503348314869 0.0706365245636458 0.153069622967995 0.257288827863103 0.22985880638938 0.03400652448728 0.144972879913999
0.0832275403828008 0.00941399697109087 0.112130033640479 0.163023085512246 0.0636908125716936 0.154451058208463 0.0521653743679158 0.181104305285659 0.180793793059653
0.168792319215302 0.130132791763034 0.0128019794417079 0.137729868832652 0.0450370192071491 0.157115853491093 0.159538180450851 0.184024319144944 0.00482766845326752
0.246226626477041 0.133907076834335 0.058245951316376 0.0773615381331446 0.0483447387604194 0.0331862272834012 0.118945836935941 0.0680505311060813 0.21573147315326
0.0996989437452635 0.134419155734813 0.135455106023852 0.129760052611083 0.153431408819629 0.141219817365406 0.0458360816109239 0.077198668599475 0.0829807654895541
0.0246961105454216 0.161601536844106 0.145027737004198 0.137944921376593 0.162364606890433 0.0395313947754239 0.165117138126052 0.0681971906550985 0.0955193637826746
0.0541988817523861 0.0330379376486957 0.164390466449891 0.184403615624473 0.0947518686424751 0.175276666869887 0.182894575036934 0.00280755143363206 0.108238436541625
0.0497249620940734 0.111739945703044 0.00894217056112174 0.107947214276589 0.16973516196722 0.270838261786788 0.0870434818678887 0.14443585845336 0.0495929432899165
0.148393073199056 0.166115390128078 0.0632280720770397 0.017582973439298 0.164896326770207 0.0770419220646191 0.0745936674551617 0.151205797751177 0.136942777115364
0.0907717202881303 0.0719448778506517 0.0382673256548728 0.0307704554856609 0.1756813975141 0.0168388905648434 0.211035773286743 0.205332750803481 0.159356808551517
0.0741876863082238 0.189394359688056 0.0493496033283452 0.112293376562143 0.101452794241987 0.0642987033112941 0.103672515785693 0.184609284757416 0.120741676016843
0.0601792373654617 0.0787474207666166 0.137961876895842 0.0897632284323501 0.10949311270799 0.0823699600422015 0.178218208592834 0.050271139993099 0.212995815203604
0.17319160903389 0.100272279109326 0.203315669312531 0.109085367428655 0.0973439972810391 0.164077433769854 0.00651658721889183 0.00572448950592469 0.140472567339889
0.159516287636936 0.179405870086297 0.0416461616887541 0.0977713679682006 0.0458793907904566 0.0560944389285438 0.150376922871793 0.159273951223751 0.110035608805268
0.0299978591753913 0.179961537620313 0.169137565930325 0.094870642724911 0.177663756395626 0.0299502429913799 0.111821564541251 0.0376067783591916 0.168990052261611
0.046710970334673 0.166366009817238 0.136141205770549 0.0758376539165719 0.134508737169866 0.124925996821606 0.00723961692897912 0.169229132080586 0.13904067715993
0.0257737027430324 0.181118336624459 0.0925570160094333 0.0598486942596006 0.0438736503666035 0.197324757353613 0.0480888458462369 0.189551842493316 0.161863154303705
0.0360574694765487 0.0819785648123177 0.18742972794584 0.0133278334781657 0.109882468606461 0.0375734724103931 0.26627789108834 0.245588046211716 0.0218845259702176
0.0648362903659499 0.0957583677856048 0.226082683438625 0.108131446203125 0.106346973598471 0.025498763352036 0.157443276605491 0.0499246937888284 0.16597750486187
0.186199711358014 0.0371441346014771 0.0890507865135238 0.169742472152096 0.124153623066804 0.128732857023206 0.141774890771726 0.117717444509788 0.0054840800033658
0.198490016181019 0.196265726342891 0.131177718855696 0.117255541805416 0.000905940630139979 0.195221149196645 0.0461139956088681 0.0334696127301122 0.0811002986492131
0.176926179822517 0.11989812563327 0.0376361769765019 0.0769319005522461 0.00996637915294265 0.185514355655639 0.0646981999247867 0.18852376501969 0.139904917262407
0.000284343588095024 0.130421287448633 0.0780702036785406 0.164169552846854 0.0657566659801006 0.048583509573585 0.188201991421704 0.148257022098171 0.176255423364317
0.104911981534813 0.0335535980556896 0.150000118900701 0.111074554968332 0.14552084384946 0.112313633341029 0.10822750289367 0.16171773480101 0.0726800316552954
0.144234566076842 0.0518993906139428 0.0894437997740038 0.111900541549623 0.0133804827988542 0.218091782822903 0.138091399724506 0.0344427144799162 0.198515322159409
0.144229254616904 0.103430277783819 0.0747978479180092 0.162647822175916 0.133429473781254 0.170887352033957 0.0121619786870817 0.138168576600509 0.0602474164025494
0.199313579512668 0.052195885848545 0.167484600497117 0.0716461541470368 0.0307705378688084 0.128119880506911 0.13123127559978 0.0875603746002759 0.131677711418858
0.195756623870824 0.118197477463903 0.148436445852891 0.0840691370060567 0.158291245603204 0.0688160442521504 0.0803121173889201 0.0368041961356901 0.109316712426359
0.0283339214938668 0.00190399659023065 0.214330781860313 0.221010728462191 0.0291738010984705 0.223146454376315 0.133966764141003 0.048828352331219 0.099305199646391
0.184591843708304 0.00713111091687488 0.178961377167639 0.0206059720120552 0.194266172562237 0.0386453038493516 0.156778552169899 0.1867291312384 0.0322905363752391
0.0166699983130848 0.186449682574279 0.11134245019013 0.228826072799685 0.00699087757189634 0.0746532329362149 0.130789065269988 0.00399463407413936 0.240283986270582
0.0762064316803856 0.170626087235541 0.137991270492458 0.0365563989920442 0.178725660808482 0.153647544385965 0.0830941906287166 0.0419029718832195 0.121249443893188
0.178537285228679 0.177255082136768 0.055351015768607 0.0418317648652843 0.135151760544601 0.0983208879353213 0.121747326931644 0.0972741483426011 0.0945307282464941
0.18560498612887 0.0573724405575309 0.196100647589784 0.110332853178968 0.0256010765421347 0.0199616153014961 0.143048810012354 0.171244833739615 0.0907327369492482
0.0129299274823442 0.240553925082769 0.0856265665662762 0.0633133883888037 0.0218567720424006 0.115743089785521 0.28226317545735 0.0445267862996412 0.133186368894894
0.15491897347635 0.0187945768755614 0.160828729429312 0.169657411447668 0.0268093358966282 0.0926716804281238 0.0850307545251406 0.1213237281442 0.169964809777016
0.168216730788838 0.00509477865801679 0.131448156557469 0.10747763148538 0.163212110657305 0.150538464091156 0.149758135574349 0.000421829216078316 0.123832162971408
0.088983506004346 0.108596187150887 0.0536147822526646 0.132940606376206 0.123341860903595 0.0190040414344664 0.133070867632704 0.17517527198447 0.165272876260662
0.169683996654873 0.0374001479957877 0.127562354873046 0.151256374125942 0.1258790637002 0.176733225282678 0.0759128053760746 0.00373567230145161 0.131836359689947
0.0835352136617569 0.199410045859642 0.0230451766571664 0.215329304417367 0.12693274589924 0.0626902410596323 0.116694818436745 0.0979849776393644 0.0743774763690868
0.0677090738953326 0.17748648165863 0.12670535204685 0.235014622442177 0.06233656594879 0.0797586521751506 0.146401499132851 0.0301553059552961 0.0744324467449214
0.063087010876248 0.161820044574989 0.232825688757918 0.0920893684292832 0.0261406490958088 0.0286822521887559 0.0403070095875873 0.238376385678679 0.116671590810731
0.165461561939306 0.228792471943911 0.189842857865177 0.0881429482279515 0.00837771941085151 0.130627116122172 0.0845862661432972 0.100663337450902 0.00350572089643176
0.14804199676986 0.137342164552113 0.00924786864766856 0.169724583331775 0.187604761872151 0.1213705020303 0.0483537325866741 0.0312129515341047 0.147101438675353
0.139796274759523 0.138318145105232 0.00630457210115634 0.0426247241990669 0.0543900870511803 0.0829910871984983 0.195764364635414 0.202580579753316 0.137230165196614
0.0996895163115303 0.0143545348899723 0.199106323317022 0.0282389117586072 0.179610682514117 0.182454350015129 0.15950904006929 0.136507480681177 0.000529160443154464
0.198871900517906 0.0200013898704529 0.0193318551806393 0.101211871380101 0.23438701542283 0.0614374056625096 0.0605680946100283 0.118182404479509 0.186008062876024
0.0322092088749026 0.15542543497101 0.0282908108713007 0.128084330467104 0.168353195172395 0.116845706975704 0.0440544695031956 0.138329405241119 0.188407437923269
0.141028785318105 0.0164893178358104 0.16271869226567 0.17626920464927 0.147958309030326 0.0802963357441833 0.0971064543854053 0.151695915351249 0.0264369854199798
0.0637734127373349 0.0561259443470927 0.175243291455138 0.191010056423587 0.0846990705698864 0.0727544953964726 0.181499664979585 0.125481018568542 0.0494130455223615
0.166466686001589 0.000975808280815442 0.21310143308301 0.23534825469528 0.0203242776072998 0.0488646053794923 0.085826440262321 0.0796300746992911 0.149462419990901
0.110029821491511 0.144703254491309 0.0365882491094644 0.124800955486946 0.112968138130227 0.102345739227262 0.0333886079534557 0.160144706038599 0.175030528071225
0.0416887710040637 0.12173887067786 0.346222674234849 0.0194714412194509 0.0207529640278211 0.203364017461603 0.104303867200321 0.0105597564675493 0.131897637706481
0.174998548408487 0.0978790275732703 0.036205014021678 0.13929938840196 0.119298871740448 0.177139504637992 0.0574939057372795 0.0286599489548368 0.169025790524047
0.196588454202345 0.0229931982157686 0.0895364604359632 0.160609411258184 0.17711337469111 0.0481280486039877 0.125127999375764 0.0904339468847485 0.0894691063321288
0.208473174168416 0.0734296312182604 0.00664219299639373 0.096711505657269 0.20672359123724 0.0613986920494712 0.166979045087701 0.106030346018691 0.0736118215665578
0.226913162803377 0.018896764145846 0.290940339140221 0.0773791895364542 0.118708440516381 0.0199367979086357 0.0531291270034007 0.057047632345486 0.137048546600198
0.213205270265833 0.163560968397014 0.156148324713513 0.155664296337046 0.0728643498303394 0.00767001166870518 0.0168550207615451 0.0988000906663686 0.115231667359636
0.232915027184906 0.184594861905661 0.0305218774298157 0.0348114445424459 0.0973652371394087 0.0734023704946275 0.15870895331906 0.119952171213777 0.0677280567702988
0.0883576949295855 0.21061295526933 0.155570410988026 0.103073462588369 0.0185919148946584 0.140992913423297 0.0202534744176113 0.101109655435895 0.161437518053228
0.132017484239 0.0856457585399041 0.1439471174647 0.102315656754987 0.12541208133217 0.0671139231306897 0.061704892246852 0.120482789218192 0.161360297073505
0.176109194316429 0.127873842211284 0.145246068131017 0.0854391738470407 0.0227738691266458 0.132061527624595 0.172237931114636 0.0804697080051031 0.0577886856232493
0.0848457463880614 0.116025998779686 0.136665272230766 0.0965433488967018 0.182240080560962 0.11536283004064 0.0726578017216321 0.13380848050245 0.0618504408791009
0.114152577010034 0.0704191857092115 0.0338010581930302 0.0826460934612098 0.192029190028094 0.233769648000911 0.0630886774819021 0.113724013990745 0.0963695561248618
0.110069845728913 0.155472356663296 0.146281957656422 0.0775024770008124 0.067178471095105 0.132385740351383 0.11634314757264 0.0981401959544746 0.0966258079769543
0.0278159849694111 0.144258868172177 0.207890264724993 0.119507439824323 0.0688701617834212 0.173251201231687 0.0531887253161077 0.0903964812493082 0.114820872728573
0.11818871664699 0.0313726880921499 0.150424217881496 0.038690470721841 0.0549479599271396 0.147536043152655 0.125726289930587 0.162841381557356 0.170272232089786
0.175848639336143 0.0863046066157955 0.0867939391129484 0.096113279524989 0.125656074206057 0.00299409837390089 0.171435119414489 0.0993610802643798 0.155493163151297
0.00928814742301336 0.148596278949828 0.185266217751318 0.0242399839471482 0.173778515324852 0.228709054360165 0.0062409368090498 0.0796635253315623 0.144217340103064
0.141387398419627 0.294081018779695 0.0176797689706057 0.0107218911455764 0.0365895662275606 0.0261689631243991 0.285853564230883 0.148284630647504 0.0392331984541485
0.205443052628854 0.220921206444065 0.192793335004729 0.018751155936324 0.0765379466621633 0.064894654794868 0.0783263199722907 0.101577370859881 0.0407549576968258
0.0900700884499974 0.0145770250120007 0.20834577730421 0.151935244901783 0.0886836025216233 0.155021831975937 0.0226613301322454 0.0737679910161963 0.194937108686007
0.0287865612075437 0.196552497114669 0.196673664312751 0.165927048250304 0.0559777232042248 0.175915269131638 0.0918370387504062 0.0130694155544031 0.0752607824740615
0.126652684956666 0.033968437011934 0.0806014395383236 0.161522440255375 0.160805136626686 0.145000302769334 0.0624647660770523 0.116387548766621 0.112597243998008
0.0818548417830903 0.124294742906271 0.0893661607625856 0.0281218760362707 0.100311014726539 0.207401852045845 0.174447495970607 0.163930004415666 0.0302720113531239
0.181950525210838 0.169286625989768 0.0481619570325497 0.146927694716189 0.0558256841296228 0.0565688529379162 0.0817706692807987 0.125481842488263 0.134026148214055
0.12934101760731 0.0328992709373246 0.0535618695417119 0.167266254810233 0.03338968591667 0.133004831522746 0.168792563284063 0.1465309680731 0.135213538306842
0.107448890578035 0.0159289951830683 0.183934106033034 0.141896970523196 0.220713768072818 0.181128720802293 0.0319707826730569 0.0507252882768292 0.0662524778576691
0.0738979290790136 0.0995099094554369 0.10612394294853 0.147966454793122 0.145281997594008 0.119981039348662 0.130699487284456 0.115853451705181 0.0606857877915916
0.0925639174039058 0.160514188146194 0.0740451041805233 0.228634272863675 0.240917973695021 0.0843499507839425 0.0166994933445682 0.000868825664091201 0.101406273918079
0.0889785974933376 0.0998958982671904 0.180053993193574 0.0262614290549827 0.208353507482013 0.0414297256636 0.058208599660629 0.0814755403591257 0.215342708825548
0.159766632048906 0.0174459795007738 0.170108421268572 0.136725729021972 0.144234132690036 0.142273764087687 0.101418166361941 0.054103662377847 0.0739235126422654
0.153220230300809 0.134910605789603 0.0784737837059866 0.157610693304379 0.0800416004233932 0.172302538907216 0.00190499677967348 0.0881041090370072 0.133431441751934
0.0286897731889151 0.0714494923588236 0.20537273550414 0.221400373831746 0.0252156882611926 0.198217150968421 0.00128350547639857 0.211211876106724 0.0371594043036393
0.0213574930618766 0.169641502715766 0.0408190761549156 0.139580607362494 0.256416451810829 0.032737543898293 0.0215290278715746 0.273142573435998 0.0447757236882529
0.14517251901852 0.0481646154968641 0.0791549342107001 0.131972613102468 0.118514110768798 0.141744600782759 0.0628423211884002 0.135246309555624 0.137187975875866
0.14117674490015 0.0314963671028365 0.0256698455355611 0.119964752610987 0.204438489092637 0.0896439628908901 0.178243400206026 0.00627568058500746 0.203090757075904
0.176612767211476 0.0801195394118206 0.132951708667775 0.188706626931378 0.0779399308858156 0.00182382845822818 0.0813352482070768 0.0761266608112664 0.184383689415164
0.170495010467181 0.106049721567216 0.0516144303422955 0.0715270270692945 0.0362462258356993 0.200204555866251 0.127171003281921 0.119551168054672 0.11714085751547
0.0145578029706096 0.16799720718597 0.0894360918278737 0.0347441247077876 0.026594710101515 0.206745294265499 0.0560470257838197 0.194689652153902 0.209188091003024
0.0147204581173771 0.129383476594882 0.193642682189872 0.12109598022949 0.170996241542049 0.0824427801752341 0.0760550576787846 0.00646040275604277 0.205202920716268
0.104442484235839 0.155885004647148 0.1455643049463 0.141987259202664 0.00244758488971113 0.182845500553267 0.0229066309390869 0.209856845789583 0.0340643847964009
0.0207998445408564 0.03018504098306 0.150084334956719 0.0097451821664624 0.138053953941004 0.0520176536793994 0.178597155882402 0.253080035137396 0.167436798712702
0.156017628085788 0.177738461897764 0.0435657676386627 0.011987258764451 0.183105570100825 0.125156442410788 0.0120386454263116 0.147381342904156 0.143008882771253
0.00908302357991205 0.123289667320981 0.0917703823723214 0.442926869779474 0.0663073687372219 0.151700538358739 0.0208222115616559 0.0489634596212841 0.0451364786684105
0.1886300657582 0.0172503587027945 0.0814198095011 0.138193494098836 0.174793371108864 0.156139482365193 0.0192072098832518 0.118942305992506 0.105423902589254
