0.114673344689226 0.0358029042804167 0.154568020652736 0.107630377866012 0.209416600613739 0.217999491741384 0.0876121323897234 0.0722971277667631
0.164467378801318 0.0757620432147147 0.0255870582378822 0.220704641838405 0.0610253841227154 0.185475075271541 0.133624696721838 0.133353721791586
0.0742550733819002 0.244805868012645 0.0777683108707419 0.0372095060747599 0.167182099194263 0.00280599743251505 0.202403579694235 0.19356956533894
0.0628604332292143 0.181722164586348 0.0250047780019599 0.145099617018506 0.0969162051120944 0.0289117280056489 0.192859540993281 0.266625533052947
0.108921188166077 0.18402418583172 0.29366649357408 0.127634039909475 0.0457623026505525 0.134166703829509 0.00394726981151389 0.101877816227073
0.177936226430224 0.158147634343384 0.178661517504558 0.0535181231952032 0.13430687330737 0.115574189081109 0.141100205983238 0.0407552301549127
0.0577023041694179 0.196580679284573 0.178486217812331 0.0703961678854072 0.183675501565937 0.24488554922036 0.0102297070915622 0.0580438729704129
0.158392984011532 0.125153376295769 0.119429410364159 0.00952228187404608 0.192818866771863 0.15961779967234 0.232472065985116 0.00259321502517374
0.00261480867004136 0.0281084143831862 0.220356798454235 0.128649701510635 0.149871338938427 0.17758972814417 0.0249359282305009 0.267873281668805
0.0565765711258147 0.00780193479571637 0.105937449574942 0.0876226275676714 0.0537806100429502 0.12814817447761 0.358565019320567 0.201567613094729
0.227446127800073 0.0466394864628634 0.177783487272652 0.129945738004033 0.128310620891191 0.021211378608587 0.0336691666822211 0.234993994278381
0.0736407990253488 0.060817028987673 0.231077652232799 0.0299406790486199 0.207060823715888 0.0704504614829636 0.0964025698624629 0.230609985644245
0.212327281409311 0.180482237633712 0.147244803527387 0.117100639713235 0.0865003654535218 0.116911004819249 0.0847133818895514 0.0547202855540324
0.0597207755270525 0.181721863471035 0.0330126841518971 0.157297228237003 0.223171372071731 0.0735853348931593 0.218899373578248 0.0525913680698734
0.0736307859559049 0.0617886027161494 0.158745811454753 0.193688019131975 0.166677947381802 0.060267706169189 0.159056831310755 0.126144295879472
0.161467123070006 0.0130783458595513 0.123058320968121 0.0310517292234959 0.152351991397045 0.186758036419889 0.179549186858312 0.15268526620358
0.156080807604204 0.14583420664185 0.0593011334033743 0.145740920754243 0.105998241962181 0.138105189739578 0.145109185864547 0.103830314030022
0.146416844913006 0.0184618707458286 0.185138915159486 0.108567078578133 0.112349000021402 0.108891372308446 0.194579370690733 0.125595547582965
0.146224263067559 0.0423090093575096 0.0370285360440654 0.104169337130456 0.0617568973466987 0.140519324435108 0.241351820820467 0.226640811798136
0.19932091947817 0.0504426316959976 0.0293277022559872 0.202602372920186 0.0985181129597049 0.183246687689371 0.0942516838526227 0.142289889147961
0.0462400799241875 0.134513566925057 0.0885470211373212 0.0915693518874248 0.167817128672966 0.153895478775252 0.177335455380651 0.140081917297141
0.0848724196961154 0.0718118126930499 0.0940165092402589 0.0299483187376389 0.237688006138791 0.221660845699103 0.0507540877221039 0.209248000072939
0.102932125062504 0.178459111840993 0.16855239864668 0.0528499579753273 0.036838543377972 0.165431649920312 0.169216914503217 0.125719298672995
0.0333403675523293 0.0936674690023971 0.226915087440327 0.0895791714337197 0.194094930595751 0.109393987271395 0.182273599533437 0.0707353871706445
0.112477456533308 0.204463902707913 0.0874371847286643 0.03882210208107 0.0826322291798158 0.149847808974227 0.166783176146667 0.157536139648335
0.198576370095867 0.0424633483186086 0.134964633694328 0.116436068528128 0.0493518223123879 0.163392104089958 0.112996241496832 0.18181941146389
0.0325581371743853 0.167672267987742 0.0665052430730819 0.118160976071125 0.0769923227397535 0.253217795593467 0.00128507448347678 0.283608182876968
0.0704817207278854 0.0224908436217407 0.248867156113292 0.252243056568852 0.0838134295667634 0.00227125788557996 0.131782748912375 0.188049786603512
0.072617231531161 0.140640840364642 0.0948727367218388 0.154014438736392 0.0799636330218446 0.017592087651662 0.19913167113043 0.241167360842029
0.0701500756076611 0.0272077653116836 0.130133582415614 0.173503379562773 0.0561871647145642 0.2142432993377 0.146266310287514 0.18230842276249
0.01057900613751 0.187964660386293 0.0569307327800852 0.166136130065748 0.237497706470888 0.102065639528545 0.0519047413671195 0.186921383263811
0.0357356490188478 0.181034171634613 0.139830055282285 0.104970774098388 0.148942864991009 0.0143034145729129 0.194493631619342 0.180689438782602
0.0146126444955761 0.164462356587908 0.181453874959845 0.20185018724534 0.191642896271225 0.0444847242210244 0.0808685374795768 0.120624778739504
0.1331840504367 0.168041761600783 0.0856105552711879 0.128981673322847 0.0905948880716791 0.134754678663356 0.100964389407889 0.157868003225558
0.216813214273544 0.204799555482865 0.0444351990797606 0.153924857163667 0.0300774707579971 0.151539688815498 0.065598821357701 0.132811193068966
0.0768659920851232 0.0834053150551211 0.217585971904944 0.11406418263174 0.120116721295164 0.182349034176961 0.174772584617628 0.0308401982333191
0.0992684272810964 0.152058618416869 0.185151725971266 0.0982147535743501 0.203723710213249 0.0787769432973213 0.103761794913499 0.0790440263323494
0.0180843023634632 0.156961570143611 0.193859413856366 0.0745750813363573 0.125657096808496 0.182259708374735 0.110786314844248 0.137816512272723
0.232140751341854 0.0247858769658218 0.188299815234372 0.110339340066188 0.199661256034493 0.0322732863123234 0.160521999295987 0.0519776747489606
0.0105884468570597 0.184207492955417 0.111200921773514 0.0416422004769202 0.140083793772183 0.200044381818945 0.172721882466492 0.139510879879469
0.156105141970792 0.114803442938515 0.0141497797623626 0.156091597984632 0.101846771405524 0.194397400095103 0.199942473401905 0.0626633924411673
0.153455399361113 0.160745279662544 0.151118151504302 0.166341095799909 0.175921187290969 0.109606606791102 0.0545743888687182 0.0282378907213443
0.184716370326591 0.0926739924818541 0.152353460524608 0.169655277722151 0.0108720544136941 0.180347191958812 0.124935446339085 0.0844462062332057
0.0183704678779885 0.148830777864564 0.190678850365889 0.140527944741943 0.205474712337051 0.100316277301216 0.0028062606107185 0.19299470890063
0.204903381441803 0.0779994463926638 0.190431719252539 0.0979361089191188 0.063804486635985 0.168356022485227 0.132432062292404 0.0641367725802594
0.108923645940592 0.0445307371233669 0.00468400715737917 0.309003861064424 0.0894121998572813 0.0365802370712358 0.244201369903193 0.162663941882527
0.220358103495725 0.0199093804386637 0.0626811900214937 0.194336809201459 0.12984671151898 0.0550778617339762 0.117790471813537 0.199999471776165
0.254545144603767 0.125723388191965 0.00752557608049566 0.0663367658126743 0.209884318321463 0.149178224585038 0.112410343701993 0.0743962387026042
0.215520439270369 0.164723648168948 0.00129892981806007 0.089237807892447 0.0321460158887825 0.232948039403477 0.0897885067805021 0.174336612777415
0.168256929009464 0.0823607724667688 0.0331285166038378 0.107185501633424 0.109943691346737 0.0791262381858678 0.177508051393409 0.242490299360491
0.180840843131969 0.0245741999693033 0.0781423589843156 0.144033668861128 0.157162650642916 0.142734204989486 0.15531447147622 0.117197601944661
0.0904280750584012 0.0805288213668834 0.22740656279397 0.127723079459853 0.200255939570148 0.155031755965873 0.0315239687304447 0.0871017970544262
0.172320923788479 0.0296587750587175 0.0276062155315235 0.0883416327575822 0.211905716148286 0.196076698562351 0.158200116099747 0.115889922053313
0.11588370045146 0.0427886753338948 0.133716340893348 0.167096447928122 0.0980270683607233 0.144054680181069 0.0969468034813254 0.201486283370057
0.14788564427158 0.00966139269411532 0.0837860065878926 0.124924809841563 0.163643887569468 0.075702187751433 0.0543354098155454 0.340060661468402
0.0653867620958285 0.169577145451568 0.2019670812156 0.199176542834459 0.0643363460447231 0.0474648803852805 0.219554311784197 0.0325369301883433
0.0989629621723293 0.124907341033842 0.236425448755314 0.0818649389490163 0.106517464627028 0.0762425375623841 0.225062527717376 0.0500167791827098
0.0710559227983188 0.0635168762597672 0.346676164586042 0.0282022290388061 0.0578626405886042 0.116399142488841 0.23110543133981 0.0851815928998098
0.0118607805325988 0.0814212926575539 0.0892960581596153 0.1888863738266 0.143641826811284 0.0880379227413366 0.193851757724009 0.203003987547003
0.24543964822282 0.00870010489880014 0.0485592063402197 0.17022140924502 0.0800328649544404 0.229959570591411 0.00508286422848665 0.212004331518802
0.16620935098635 0.118138830203518 0.15813833918476 0.0496821404418955 0.0717517305006428 0.156883387421492 0.144537732475459 0.134658488785882
0.297271732471295 0.251825134764583 0.104175689771345 0.0236135095647617 0.0444955529524566 0.141268335226638 0.0860315381699845 0.0513185070789362
0.251233560520263 0.0251592652126805 0.117819657388791 0.181323439722192 0.116258362322199 0.106413336553466 0.0955359442639047 0.106256434016504
0.099136542263529 0.170501694712198 0.214652829646697 0.279670504459411 0.0289892472000545 0.093299870528029 0.0766711553253253 0.0370781558647564
0.0730393588028195 0.172023152777065 0.0851384449495637 0.168751285616075 0.188242389254446 0.170253676060231 0.047777937780325 0.0947737547594754
0.248838058762103 0.117101408246996 0.181032736216836 0.0261366028385943 0.208653029336677 0.161099018488432 0.0227548825668603 0.034384263543501
0.122139918145531 0.049539281774401 0.173218591698685 0.0193093713577797 0.173864876058031 0.160746210050319 0.107365396404105 0.193816354511148
0.140141056928105 0.192450634592876 0.167125168113165 0.0476197506411442 0.196218194868485 0.0859655485088301 0.0234440938998167 0.147035552447577
0.197927091069273 0.00430686631092855 0.0381825971108584 0.18096476880626 0.193048727716197 0.0387825446162503 0.203995701845257 0.142791702524976
0.120404810204872 0.165565366561024 0.0304737863988785 0.190451130562036 0.0324902742506899 0.0654017189655672 0.213690675931726 0.181522237125206
0.243156000945405 0.0192130832900999 0.196778542890565 0.0806003718490753 0.0242109164627885 0.215423215383737 0.101243038424536 0.119374830753794
0.225470662390024 0.0904982764465508 0.0804436010153428 0.0781867813394143 0.0799825362381326 0.119645428043423 0.235422561945464 0.0903501525816475
0.223383646202213 0.0871186646112636 0.0363762073663625 0.180178122002588 0.064593726087373 0.186582778982594 0.214391806959533 0.00737504778807286
0.0457840948895934 0.0352322820989815 0.124871018761009 0.154592354815437 0.134207674434437 0.165776890259485 0.174665259870147 0.164870424870909
0.0133578820692388 0.216323691392991 0.240043464359812 0.0483546543291958 0.0596235366122324 0.168692650763769 0.14760701554605 0.105997104926711
0.0533725845424443 0.221497133153034 0.0725281351426014 0.184173335449636 5.86667858903237e-05 0.225639178361679 0.0873426090290477 0.155388357535668
0.230918447628113 0.205893352176871 0.151453256540329 0.0462199682258982 0.0328316445091685 0.00839766067789294 0.122523950004211 0.201761720237517
0.0936026623362465 0.159101746300582 0.119602290562041 0.0830422415894199 0.151036527592652 0.00670252405771942 0.191514053858055 0.195397953703285
0.243779796554761 0.0592380984723426 0.0491938598451699 0.115386696976108 0.0377866077449099 0.232721208689999 0.239525414301828 0.0223683174148821
0.218831636276096 0.217016834995959 0.14597053333492 0.131894651961318 0.0450844521447264 0.0107887040769014 0.202885939119374 0.0275272480907055
0.260155114617542 0.0605015249361009 0.0616969909781275 0.105597345401181 0.18015135915062 0.0643179929583043 0.166723281917064 0.10085639004106
0.156110735942125 0.145092450677352 0.116011333735186 0.16482011987447 0.115671037248577 0.0270985682806589 0.223104138840612 0.052091615401019
0.136018833782067 0.156262182935178 0.144122046992171 0.126105360820725 0.152440842048276 0.0462691100698133 0.110670777729316 0.128110845622455
0.224303839925643 0.126082091711418 0.0153622794625835 0.196744233592163 0.117490224144754 0.216598292011114 0.0817228342181537 0.0216962049341707
0.0775332173112143 0.227623933037524 0.104689910773357 0.10067117689324 0.0287801398719326 0.0197752114099168 0.30881527062774 0.132111140075075
0.18644163973564 0.129087829849148 0.0490984202801866 0.052422401637826 0.176921185827669 0.100305514553466 0.0943164467901766 0.211406561325887
0.17665277279498 0.158833759679812 0.14363473231093 0.0282117620196995 0.0796156134620174 0.152409289008722 0.121370145168955 0.139271925554884
0.206009697802363 0.096871619028663 0.0732229654657316 0.103425859389139 0.200909101070729 0.191361114134952 0.0324363039661259 0.0957633391422966
0.145910893078479 0.0833924752239641 0.21567290517893 0.155913428726858 0.153456982729185 0.0913430064201131 0.0186527971454984 0.135657511496973
0.00629188594290449 0.187383949054975 0.176841129946751 0.0855668955638086 0.17068699594929 0.132415783234938 0.0768842058890521 0.163929154418281
0.145535422544992 0.120061984229758 0.122747493044744 0.169237535336923 0.179164755528756 0.0815965493658709 0.049934489785214 0.131721770163742
0.112722623966911 0.125631898422982 0.101948904419852 0.0339357238960338 0.135920761182827 0.0203613172828096 0.202728872976512 0.266749897852073
0.155406073398737 0.0330944667132982 0.165827785646012 0.169438303850575 0.101883479501303 0.199202129650603 0.146616796572959 0.0285309646665121
0.0467138385478744 0.0373694696516079 0.151979487282667 0.20873368227104 0.208614000488575 0.0839100961090525 0.0935322925388202 0.169147133110363
0.0198901854449128 0.185531442859882 0.111355258630908 0.188006032445812 0.158827630698359 0.0760487781863576 0.066919960522995 0.193420711210774
0.0688176769273486 0.278789325934513 0.105719284184139 0.0766189930781614 0.127648093658179 0.218781066794009 0.0609932978857935 0.0626322615378575
0.161654131658508 0.0361236012024628 0.175622388045429 0.170512667527364 0.170189368670059 0.188318848742144 0.0603027610001185 0.0372762331539144
0.176673683614065 0.0555117855245221 0.00952404716862215 0.187712656078755 0.25504056146731 0.0163526387242788 0.0821164641209733 0.217068163301474
0.169902106015643 0.252632447747506 0.0540019506018589 0.224788924221817 0.100591877685698 0.0934042308261588 0.0665647695067451 0.0381136933945733
0.0931000460757787 0.167206824689774 0.0250381766444149 0.229420839862064 0.0863450594016843 0.159233515621774 0.0652995777071093 0.174355959997402
0.0249137175613803 0.006326778923217 0.246865557180126 0.0676216129329693 0.205984467255438 0.0421256440751182 0.223072061200432 0.183090160871319
0.0890038286408763 0.161336513813214 0.0463811551720771 0.202574016407903 0.093418693897125 0.186545116209726 0.0481300941743711 0.172610581684707
0.221583766374119 0.0274338188094505 0.00564348173544963 0.233127357927074 0.132774352335231 0.0753955586257833 0.193332320537596 0.110709343655297
0.136140559863272 0.149392326601973 0.161693514341949 0.129331209421791 0.0431907397410047 0.158810228443793 0.102695587209662 0.118745834376555
0.0405691369697874 0.0907624657980248 0.159491586470246 0.200453523334467 0.211039773821214 0.19496341796276 0.066322536172146 0.0363975594713557
0.00924173241683669 0.0981833269767669 0.150586752424484 0.191673042777714 0.206758621589498 0.146260934637523 0.150801052802116 0.046494536375061
0.0119367008773748 0.319306622976271 0.0611332066821128 0.289643018842164 0.185455937857727 0.0915734567111358 0.0316275811543319 0.00932347489888306
0.181103693189319 0.112487050278138 0.0887784907248209 0.146839178170898 0.0919503758024764 0.152925546337878 0.20283197872817 0.0230836867683004
0.282946976984365 0.100372809923893 0.154228821918319 0.0301628427763731 0.0319980496575615 0.0604362206965837 0.250310726707723 0.0895435513351816
0.206396930914813 0.0730370254832662 0.0257143151358815 0.12455776103963 0.204755962978684 0.0694909969873457 0.00410425653648134 0.291942750923899
0.114053285778349 0.143070873041791 0.00923580082945731 0.145971483247546 0.155416010312048 0.231453427527497 0.186578299971519 0.0142208192917932
0.186214805942264 0.189836970013113 0.000513597779421756 0.101221266876231 0.205144970272947 0.0103045902449411 0.188843761264188 0.117920037606896
0.153174069235156 0.187949927209408 0.0713494367570649 0.158882738718116 0.184539929465433 0.103479848442033 0.037442965263322 0.103181084909467
0.0200052132017949 0.0701702904400927 0.12677121790389 0.219383071910621 0.205014385938327 0.10804718692568 0.0948991880303545 0.15570944564924
0.103304239745372 0.144073285240841 0.0588516356606127 0.136070265375768 0.163341226950406 0.0340556774195547 0.316521115150649 0.0437825544567971
0.183896138539638 0.0510835334458682 0.0959994951468489 0.0662809097619276 0.0406838825498613 0.0830949664295431 0.32933529737034 0.149625776755972
0.0292355919554466 0.0830082716926046 0.184509419033857 0.120348211611687 0.104237007896345 0.0770976330863842 0.103982015662922 0.297581849060753
0.173763693518387 0.0861826284729829 0.171016659882361 0.126670714501532 0.128480713420767 0.161260572439677 0.0239681804766063 0.128656837287687
0.0465136160697438 0.00425641186832873 0.209886106286696 0.258929187460502 0.00396290684116324 0.15078078917033 0.15811510056202 0.167555881741216
0.159922485298839 0.104935091342551 0.0597149049845633 0.148043201333624 0.0735588876153796 0.126218528738108 0.170601012377612 0.157005888309323
0.0700444584783412 0.0163595546148036 0.157504704016313 0.0712217567631421 0.0712082232061129 0.17933671513933 0.19114845397663 0.243176133805327
0.145632530218475 0.0905357445185002 0.281168103583074 0.12523303159879 0.0255046163892164 0.114875661873723 0.00698684814270994 0.210063463675512
0.0535958826330333 0.151479230692318 0.124357191295909 0.0120419186452172 0.206224938039113 0.173880903621986 0.106596479396579 0.171823455675845
0.0988791530601092 0.120845239755744 0.0588912269896073 0.00980719438710913 0.101205751183761 0.307966102520787 0.0640065532155656 0.238398778887316
0.110270785527082 0.0485291481024332 0.13607109163317 0.14551641479879 0.0415788789640221 0.134122646735614 0.194674024595037 0.18923700964385
0.0855317422091035 0.197102072166753 0.127064631509135 0.13638759408512 0.0902254566015587 0.0824404211350632 0.0707440752856389 0.210504007007628
0.170716628634846 0.221679527502599 0.107541262687749 0.202390588213726 0.0143369454024063 0.191494547689135 0.0401596086635409 0.0516808912059985
0.0982015514548711 0.194360009661698 0.163233867203689 0.182888272539472 0.117966922715143 0.0966233684891475 0.136050728527962 0.0106752794080181
0.189694835338062 0.114836687576991 0.100560579512616 0.146403413468811 0.144740642295041 0.00402279102225891 0.113444445148378 0.186296605637841
0.219613160537953 0.0122580167693299 0.0169900919249216 0.173704917904715 0.076756107424025 0.126140404192257 0.172115972745035 0.202421328501764
0.251119776180958 0.202835253331072 0.0694442385562678 0.254408771779367 0.0193326912498586 0.0865352584817669 0.0477540490951723 0.0685699613255381
0.183793612596309 0.0114917440211803 0.274952982607021 0.232598871431661 0.179886799674836 0.109434004483668 0.000515722241426783 0.00732626294389762
0.159784672409893 0.13499712447988 0.109818500966199 0.0818667452711319 0.194225953264455 0.139691719307146 0.0156769309242683 0.163938353377027
0.0888893713689156 0.162218807966358 0.199720855549751 0.18891988457031 0.120774988770499 0.0179483258350429 0.209089715219734 0.0124380507193891
0.178242979307716 0.0613149682129201 0.192227965722053 0.0773677475152994 0.0422569636287227 0.183425140000795 0.207737533460467 0.0574267021520268
0.108785309779459 0.213598952528912 0.21028973243634 0.00655468042305072 0.0486957712791366 0.200904991518626 0.153170869605296 0.0579996924291798
0.199700108776816 0.127222795689144 0.162239578033405 0.0211951480071492 0.148950080453427 0.0432395717928648 0.180981243805952 0.116471473441242
0.0890542892138732 0.0610233188235614 0.1173384090356 0.0386584946202898 0.214221664651095 0.20497911540285 0.213227234272076 0.0614974739806551
0.0623881531154837 0.264708373409949 0.153245144196071 0.177481125611991 0.171732613942633 0.0297510391270906 0.137430008557695 0.00326354203908694
0.187269949305286 0.132568822083367 0.0369930996357367 0.171839967377045 0.119956935504976 0.190644097751956 0.11599267052978 0.0447344578118525
0.169689054176255 0.153123139429494 0.093763147262439 0.00609256909627109 0.186261343657948 0.132879435790381 0.18383659243621 0.0743547181510015
0.00947933366364105 0.227889546712646 0.102760434657198 0.155454723226829 0.182089875223151 0.0946305242444892 0.0487698922146798 0.178925670057365
0.250110186983677 0.033838533225183 0.189922051920415 0.164226350514942 0.139859454684834 0.167902663819118 0.0427849682888649 0.011355790562966
0.051326359561255 0.144825276597038 0.0198728519240121 0.0836738559880204 0.201332911247817 0.141754340095488 0.268944149562846 0.0882702550235231
0.00849364219349287 0.0236141608339077 0.140105668531455 0.129117914538935 0.19949800575563 0.07487173924558 0.240174203465892 0.184124665435107
0.0136535748398843 0.208259776397998 0.09442645751711 0.108948224949678 0.00970986190901297 0.251441023777391 0.106271752078028 0.207289328530898
0.105699362973147 0.0965400994764857 0.00908226630521395 0.103335929264742 0.176410115357559 0.230664832570901 0.0539340503620304 0.224333343689921
0.160599459065146 0.0829998892463143 0.193606397411161 0.0413713766244716 0.153000515624862 0.120965358250553 0.0156704374527758 0.231786566324716
0.234134957611689 0.223038715379013 0.267069790177351 0.059752936111349 0.0872909292246925 0.00767713820235986 0.0345800814666854 0.0864554518268597
0.0539908642442633 0.124636737107688 0.12767977884553 0.162684366368901 0.211632829608273 0.184936038979102 0.085913163759955 0.048526221086288
0.135304353731323 0.152210689206291 0.197479998191031 0.056259921566992 0.231161691121745 0.0910551189521827 0.0147264841438378 0.121801743086598
0.211727061268908 0.192868096706551 0.0819628180141048 0.195123846496583 0.153909460413593 0.0898661705827329 0.0584871095778132 0.0160554369397146
0.215856931244602 0.080370975608602 0.227110097791791 0.12994646721885 0.0688129369438052 0.0762622851998628 0.184966978585753 0.0166733274067341
0.179940206172297 0.143782956166763 0.169457602453876 0.137922110188003 0.0430427183568734 0.22039923277142 0.0953550832671257 0.0101000906236423
0.257147450690185 0.0054029812998572 0.0561053405619734 0.252733020598553 0.0498242030914632 0.232657426772851 0.130284545534748 0.01584503145037
0.0952293273997156 0.16723873710051 0.0789197261071234 0.178926823406257 0.0256582446618589 0.177696074967585 0.0731051758333757 0.203225890523574
0.174941711505313 0.130333529883765 0.162560648836743 0.135259119018506 0.000234536327732894 0.204388310499348 0.140311809438012 0.0519703344905802
0.135787999544967 0.0825871077807672 0.060181829177061 0.224627949816019 0.146103126327161 0.07939726011564 0.165747248550639 0.105567478687746
0.192535657002633 0.0767116772218434 0.21068716335052 0.0256881586841905 0.0585035058962534 0.346271335329215 0.0718572816019493 0.0177452209133956
0.17773692789705 0.168619190400591 0.0981541346318958 0.0348930512586712 0.0864925214645867 0.111097556546331 0.183283687299289 0.139722930501585
0.0766925384374683 0.128561626096902 0.184657606081016 0.0233633296702016 0.0453412262744519 0.150983804584355 0.250126375549816 0.140273493305789
0.109226565384783 0.145530170346522 0.222778547926003 0.202733743183296 0.183113588602921 0.0355064323613588 0.0860901928889385 0.0150207593061791
0.107931611012404 0.139868043897403 0.00625647774286627 0.137261168746491 0.0182377434611763 0.244000635804503 0.207428309485357 0.1390160098498
0.109791129021997 0.0240530137253123 0.183878514706894 0.267837880111467 0.0787192070061004 0.139746980049033 0.0949759661964025 0.100997309182794
0.178673594473686 0.059934528723131 0.22371367463924 0.0196955282312896 0.198982109740085 0.103427750762354 0.110691612939459 0.104881200490755
0.164416138925897 0.0902156548832594 0.234400823375748 0.271377979464414 0.126038752942769 0.0131300236110938 0.025571904535952 0.0748487222608677
0.0599038123241074 0.215263866796425 0.0879601210063125 0.0737966867617168 0.114884222596016 0.12831672228574 0.2099921547112 0.109882413518483
0.021454513995496 0.188325071937925 0.101423728583251 0.0577461432998553 0.225231319394517 0.0424866082374988 0.0576090378145867 0.30572357673687
0.0599211280199933 0.0672259606925076 0.0632531122912549 0.182616547863218 0.122971021158943 0.168675817508699 0.0969654023410421 0.238371010124341
0.0669222915257531 0.00568110216779901 0.0555942689218757 0.187166472872387 0.215120061096164 0.263795058734587 0.0387217533074316 0.166998991374002
0.134747151822782 0.127371059709842 0.316598303965773 0.0539542625724201 0.0690865297281588 0.0124521288991344 0.165405901134183 0.120384662167707
0.158195963419764 0.162718469444101 0.0215742757696523 0.0055437434484845 0.230089213342328 0.125833185762573 0.142636090485348 0.15340905832775
0.119003163339584 0.060125827705023 0.0623133855510454 0.114786806244164 0.260912164273742 0.128217258379927 0.226521442616688 0.0281199518898269
0.134495780722109 0.155211174077028 0.0483448309786023 0.177323508934332 0.176349449281862 0.0356473392502667 0.0768757536100559 0.195752163145744
0.0684514420637605 0.18437767629608 0.179042316868724 0.0466907678162848 0.035069911522826 0.186864994099113 0.0933793158468105 0.206123575486401
0.0656688483932419 0.108456642820692 0.207221616011424 0.0849906528886915 0.0762409024378479 0.203605263766958 0.0778350860534877 0.175980987627657
0.139012250152488 0.160964286999712 0.0701248733017081 0.165828290614724 0.000312723421046041 0.199002907492793 0.139095438481465 0.125659229536063
0.114742428302806 0.154432993082696 0.125096696858947 0.166062165643019 0.0918559838013182 0.050794288228139 0.285643626741134 0.0113718173419403
0.0644009696723795 0.117205759951189 0.0679082200165119 0.22807657434142 0.0682293183920709 0.22030948771226 0.156307245546858 0.0775624243673109
0.154995635037171 0.169648172084156 0.0268187481850944 0.0910411928163261 0.200828719078279 0.164652484058199 0.11981208004257 0.0722029686982049
0.115594528771215 0.173849620750899 0.193938318145785 0.0832117819703654 0.0791670727436401 0.173986167670039 0.0748021083240379 0.105450401624019
0.160439821321821 0.0670738370774908 0.174125072246478 0.155056267711816 0.0171930444087231 0.121115769443123 0.120233934764163 0.184762253026385
0.0105770415896814 0.17260513423529 0.175304734785599 0.0930609634549867 0.108465398102768 0.0458070873168819 0.210193044861273 0.183986595653521
0.164031233079367 0.0703260354848762 0.0554866084217498 0.22809712179203 0.136367447508051 0.0629893317489224 0.066055457918953 0.216646764046051
0.133691013111134 0.192445265592691 0.123707469978833 0.0454260927281213 0.107285880245334 0.0046396716996107 0.17898347999104 0.213821126653236
0.0977389858240417 0.218795339012014 0.0196359742571747 0.0645588951580599 0.0882100868719553 0.0891281014065242 0.151947729002834 0.269984888467396
0.206538832666884 0.203625741013783 0.0522581671750112 0.207215406384883 0.10313536759384 0.11127436029063 0.012952003469527 0.103000121405442
0.183089491197017 0.0800501517605229 0.16017896450115 0.0624760632934373 0.00337927220237454 0.240529514420848 0.0297992944577233 0.240497248166927
0.128045684389747 0.193383324481155 0.143152110632281 0.00617113136366767 0.181027306768503 0.0308759261392254 0.166848389477458 0.150496126747963
0.211960912762953 0.0466523740401731 0.213590496322195 0.0273055309392873 0.126201446461008 0.17641078440838 0.13860021302472 0.0592782420412833
0.120280078450374 0.0321565286251876 0.190010796624786 0.213582055514375 0.0351700406913566 0.14798848811937 0.0931993044118552 0.167612707562697
0.0462809038382984 0.0507356953109183 0.0598293458433981 0.188348321626741 0.0690347179193225 0.194999075785646 0.194266851824616 0.196505087851059
0.057498622968904 0.125159529704187 0.175167815384177 0.0817267871863394 0.188871193826659 0.107578056969708 0.0816844248846188 0.182313569075406
0.238808086202547 0.0942820449705762 0.199707266346651 0.150817844931876 0.0567052360692074 0.0364538376855694 0.0836434933419368 0.139582190451636
0.0634364192164445 0.0753051104999491 0.142902298270862 0.10734468519655 0.251047380291939 0.170250976298918 0.172825378263787 0.0168877519615512
0.147374531675833 0.0136402690540975 0.0177880699351201 0.162472204155599 0.0531555608297476 0.216573301308379 0.164908372639989 0.224087690401235
0.149731391898643 0.0859451446951034 0.16916348413053 0.143864888461974 0.104707264224212 0.0964833705521688 0.06544730519117 0.1846571508462
0.0472256357336507 0.0426207651735496 0.229060038456129 0.194417974045181 0.00739375508255671 0.110368616445569 0.197146522832977 0.171766692230387
0.240006633730038 0.025682351014347 0.131608342924299 0.0109040303899901 0.134004877883831 0.0554188702787915 0.211728800536148 0.190646093242556
0.133461104431812 0.0204298757165492 0.214153387406131 0.163845484014455 0.193753858319226 0.168636755412365 0.00624481063269033 0.0994747240667723
0.070049319318641 0.0920998841925167 0.12619895936681 0.17623628144642 0.134487991903157 0.152214209427766 0.107822605396456 0.140890748948234
0.139788019205245 0.109674702752509 0.168918285039909 0.0884579548281452 0.0724779293007392 0.0710919563060505 0.155345758199527 0.194245394367875
0.160818500814758 0.249969559523352 0.0447929897573212 0.190355528240373 0.107739636520282 0.155226666238136 0.0681538698275081 0.02294324907827
0.0241789425862678 0.203224803701382 0.147661860778185 0.0583983879353233 0.199158550637339 0.0712348107019716 0.236072890659974 0.0600697529995569
0.0523197121126781 0.0681901303508571 0.353006558477779 0.111809262989512 0.121198895287973 0.092299540679055 0.0619844173730305 0.139191482729115
0.230009946127081 0.189211640601432 0.0664645252431279 0.197821763494377 0.0447227956437956 0.0704631624093863 0.170671033980306 0.030635132500494
0.23991935069712 0.242364517506018 0.0547429478753854 0.0052287802139273 0.220477677680081 0.0192543527573028 0.0188009093983328 0.199211463871833
0.254163795967973 0.100899862119135 0.0826492680580143 0.149813778246892 0.0596553782288728 0.16496604477737 0.0196208528045999 0.168231019797144
0.173144045316191 0.0719735762145796 0.185863565019572 0.0425674246762019 0.0101108411137075 0.198047746922582 0.228891186807951 0.0894016139292154
0.144479572204459 0.0889540169985618 0.224775841646635 0.0742009995817777 0.0910440131508935 0.216943627128349 0.102897445262452 0.056704484026872
0.0623219383430806 0.227078425424694 0.206187211425249 0.0709821454611179 0.0990139968526083 0.20169115540433 0.0857627599652195 0.0469623671237009
0.123827518344885 0.156476267783579 0.127886688309064 0.105475025114982 0.145894628987162 0.177022837013562 0.160499224062769 0.00291781038399783
0.190675519690171 0.0180105209263157 0.0938224855305498 0.132659457327225 0.18603079352918 0.101752538423134 0.106722076413504 0.17032660815992
0.229878558050478 0.099232204893029 0.0881972067954153 0.182087318293229 0.10161161152362 0.0836494699586331 0.163250666732578 0.052092963753017
0.0801666291511293 0.193487474297462 0.284651368785136 0.173092897606448 0.0531219800824505 0.00200969457502182 0.0938035660027462 0.119666389499606
0.155048312258202 0.106808971042164 0.0569416133056944 0.143075138641329 0.247277833609632 0.00566122320904027 0.237708039509654 0.0474788684242836
0.020054655023009 0.249364687256913 0.0457060254122341 0.275136836631694 0.25550011639117 0.0428693890374308 0.0644755167247247 0.0468927735228233
0.0149558046310476 0.00733031174333712 0.17327423148065 0.205728644035272 0.108063426953797 0.274366135949964 0.161444403370666 0.0548370418352666
0.0762349618581884 0.148365078955092 0.116156491652132 0.00692101007785825 0.128365359911959 0.200847179638642 0.118186610935407 0.204923306970722
0.0875011644525157 0.178639668285522 0.17789325796852 0.0373700669485949 0.165937655022911 0.123804315331288 0.034485334329965 0.194368537660683
0.1664363762922 0.122144443947531 0.00677556712776688 0.222282531884512 0.0967868882957139 0.119269846582836 0.0684149545193587 0.197889391350082
0.111644424212714 0.160933981358732 0.053711428713966 0.0550776519715376 0.074230440658698 0.0756744543286931 0.309573499281942 0.159154119473718
0.0253229244448049 0.0975044500655651 0.251718495333655 0.097628516721431 0.0515797480682919 0.128273829828563 0.0439142492863777 0.304057786251312
0.0868513558963449 0.0238978199898901 0.152464561681259 0.183062858414891 0.00655055071635594 0.130356711252524 0.202860285595682 0.213955856453053
0.0352027974862805 0.145408022833134 0.110758323413742 0.125835549720309 0.213659176343241 0.0630200375825661 0.145709310273338 0.16040678234739
0.194343406563322 0.0560149554531355 0.161334598274549 0.109496807657507 0.197755194139803 0.0764276919547862 0.103561665414292 0.101065680542607
0.0734025229279555 0.0519131439476463 0.133715981560645 0.200507435921381 0.0460705736521161 0.0858572883534648 0.245461679560224 0.163071374076568
0.128934537776514 0.119050050830111 0.0883683755696308 0.064210086669475 0.0922985964872846 0.0704282197523987 0.18712925907463 0.249580873839956
0.0845333139526063 0.220436889461276 0.12323642682272 0.0782276197729092 0.125258703021226 0.090003240678683 0.209523270826349 0.0687805354642304
0.222661059549783 0.153677383915308 0.104240807961325 0.0266403134570979 0.0959685585445495 0.137121122176762 0.167840807219918 0.0918499471752558
0.0883456042967154 0.0806568027275999 0.185113883727421 0.178474308335366 0.12017860075473 0.125078104259764 0.188372154543136 0.033780541355267
0.228531753208599 0.199516178912738 0.063426501128849 0.0610951239587495 0.066247395424577 0.0209893028374375 0.0760957827503752 0.284097961778675
0.167176436476205 0.0877500412569857 0.0168477235716991 0.18608682278792 0.173532036260624 0.03174678700508 0.189122028103267 0.14773812453822
0.153389654243366 0.00289057724860857 0.01549032618048 0.0508534260904935 0.159482442446042 0.235462534262042 0.189817387506495 0.192613652022473
0.141850744047594 0.136221021864004 0.177199688004841 0.00103481649554974 0.13911750463059 0.190260644044947 0.0213836788862667 0.192931902026208
0.0911433109333845 0.302128487993946 0.158665273851296 0.223079653887287 0.0299162357093187 0.130767307893408 0.03293650560732 0.0313632241240387
0.194778681042401 0.168777932154034 0.132252078928895 0.144885310653604 0.158100906098855 0.0206888243087871 0.0916395190902199 0.0888767477232035
0.14585199823693 0.0347298953505635 0.136536123875717 0.0871715076819719 0.168650261144198 0.186427829632957 0.140113277900795 0.100519106176867
0.15424523767611 0.0231269271215411 0.143099666492869 0.179171796037444 0.168214301146051 0.0330178863112421 0.166869561201725 0.132254624013017
0.185285780776003 0.0623531209900144 0.166822714279219 0.171145914182122 0.0658356812646599 0.109225297503583 0.0902188885288735 0.149112602475525
0.0749678251459997 0.20754409999666 0.0857703222241467 0.0421669462473818 0.192568729116103 0.0882989757835105 0.11685621294936 0.191826888536838
0.192744914461955 0.192519618384684 0.0700086634841509 0.148045786392445 0.011739695824846 0.00705676802361296 0.191481978063518 0.186402575364788
0.118241442135197 0.0988263285641368 0.115872510162606 0.126666836116874 0.197565310896985 0.158357390467458 0.0185480011029227 0.165922180553821
0.0983532674615896 0.166702778788339 0.0997086278536044 0.207621186902333 0.173964910941924 0.080292091685362 0.118187663536 0.0551694728308478
0.208286758003498 0.0545463452279039 0.201261380568356 0.0795542234660745 0.126496676570409 0.0683428751234537 0.201440170015816 0.0600715710244894
0.220517579183572 0.179305252398543 0.000370213156551524 0.131518726568735 0.163863085012828 0.0676877856632447 0.123523766460428 0.113213591556097
0.21146378283318 0.0144691542194397 0.134647802076142 0.0317718062680784 0.129148062303189 0.240549556435597 0.0776026488103324 0.160347187054042
0.143732246458741 0.0518177435927469 0.169529313520758 0.11403680993909 0.106313715876072 0.0932979699586755 0.162890374305923 0.158381826347994
0.200313324675618 0.0284991712751432 0.0454430570993746 0.208846214045341 0.252382203635481 0.223534323916817 0.00730497389491965 0.0336767314573057
0.157278315466513 0.131007667654583 0.0316985924210949 0.166639402406116 0.118914382902161 0.103551806517133 0.161461830072188 0.129448002560212
0.0957434646158115 0.262574654606562 0.109020170995121 0.201617373708532 0.118970074442291 0.104900157937045 0.00867521483798881 0.0984988888566497
0.162529893408501 0.168387103151196 0.138919032491649 0.0628779805869442 0.211239953863069 0.149772390445752 0.0437432290423712 0.0625304170105184
0.131348921009189 0.114884716120641 0.17868917458139 0.204438246927169 0.0871132244333981 0.134083011637047 0.0540394979136237 0.095403207377542
0.0202159957450196 0.232848521804933 0.0962618701378925 0.0843845152493961 0.141350215312873 0.232864997751082 0.140267119223995 0.0518067647748081
0.217570833143375 0.233012176979193 0.057496756313855 0.068326817549665 0.00808966574918788 0.0548980317589861 0.202933552155024 0.157672166350714
0.154316207350717 0.141633462293565 0.0225503690804533 0.290088763342206 0.28688882825276 0.011015765964281 0.0412777801992449 0.0522288235167727
0.245319673357894 0.0971750635039829 0.0162895082774261 0.220251690216055 0.203710034646785 0.0535330091012242 0.0701513191246283 0.0935697017720048
0.115224816499492 0.107894382304863 0.0443467119879454 0.0818085924509728 0.222652823221918 0.0820309903539206 0.186642087361728 0.159399595819162
0.279149484742916 0.153902001366781 0.0219112252167452 0.273950421393052 0.0800555322030261 0.0504893724451808 0.0638346516074106 0.076707311024888
0.166028203291218 0.136888497303886 0.164022901555234 0.0145258268748786 0.0700122207882289 0.200476406931871 0.220525341345031 0.0275206019096522
0.122150055062464 0.125828910984515 0.00105190506013931 0.194322408674604 0.0335067543888888 0.146616348352082 0.236597784828773 0.139925832648533
0.141831531147781 0.00125684575525939 0.103132308609982 0.11155583551652 0.115630710230006 0.144166470151109 0.119154809772307 0.263271488817035
0.0993639040531237 0.187868462695 0.0479937891442581 0.161139272521349 0.16201108825129 0.0666487037566401 0.174892538910008 0.100082240668331
0.0776602089600652 0.202320858148472 0.15526325953849 0.0642534723810647 0.0207149992113714 0.161214918350439 0.164842734017143 0.153729549392955
0.214566854124123 0.119813504112429 0.129016383095439 0.153767256122475 0.120305407334131 0.12751601906283 0.0112355404263466 0.123779035722227
0.125445361899544 0.277753805319622 0.096032188360874 0.00626431845258287 0.103464031766924 0.183361882834402 0.177032866278921 0.0306455450871305
0.106624244969487 0.0145189284621881 0.135655504466401 0.125938632601452 0.0946844816295816 0.0823784028308111 0.164028142261934 0.276171662778145
0.143583688572384 0.0834023813180745 0.0598104866288787 0.169625968874657 0.176205349426463 0.0282263763510093 0.209855686786655 0.129290062041878
0.168121740057915 0.206503616917818 0.0167735239942873 0.170074869875656 0.197730223104184 0.122413552263683 0.00629493471245963 0.112087539073998
0.203678666768852 0.106620804619741 0.179247180498682 0.114930145483876 0.0477037038322011 0.0995067382646313 0.112812375652115 0.1355003848799
0.188667950823279 0.176445148600481 0.134149700358584 0.0479397694296972 0.0107384733110566 0.195197006654749 0.0460913191340854 0.200770631688066
0.196589415218916 0.186194329308509 0.0572928125609029 0.12845334743791 0.129021842395714 0.0733073898972186 0.129871077303149 0.0992697858776803
0.0159311571736158 0.104310766324194 0.177411200564371 0.195652612882857 0.155259555828193 0.0255858390430827 0.129203531428066 0.196645336755621
