0.393414407852866 0.0058861372788567 0.353354561621645 0.171361398455653 0.0759834947909793
0.064053515342329 0.306158211088774 0.235484157763309 0.210829575087871 0.183474540717716
0.49879518816298 0.0500959640307112 0.213753947766069 0.0233338729190318 0.214021027121208
0.153150447396038 0.118533212984775 0.311868995191606 0.129190206858906 0.287257137568674
0.116447396941106 0.10330070956604 0.265231592373566 0.0787932796804694 0.436227021438819
0.0438771150227038 0.309099643540187 0.273599152235171 0.255048529142665 0.118375560059273
0.313336835054021 0.146573901367121 0.0610829709574392 0.399742778183804 0.0792635144376143
0.0020957429996441 0.0396865770267655 0.33712607812179 0.262106742950941 0.358984858900859
0.0448008581915239 0.0242349205636035 0.349272151668987 0.275446187516272 0.306245882059613
0.414003128877326 0.0279767081174914 0.0545102798840574 0.0901070757098399 0.413402807411285
0.267352604120675 0.272092111030413 0.109054676363129 0.241762580355831 0.109738028129953
0.237555147384138 0.0308158600166494 0.336199585555158 0.023781451288886 0.371647955755168
0.261521393480916 0.274981834236038 0.173825756536365 0.0834160975327559 0.206254918213925
0.14634295956171 0.311139977529736 0.199492100109518 0.0544997863415984 0.288525176457437
0.10279549162663 0.0954353062797053 0.0996914122525427 0.48727661584532 0.214801173995802
0.0171366728183494 0.400903924607441 0.0264330112836467 0.173801020742794 0.381725370547769
0.413187224355296 0.0193754047120041 0.150336658497334 0.0489188041914489 0.368181908243917
0.0283911369237182 0.0670744401701889 0.280809745404555 0.313365834813706 0.310358842687831
0.123811048361716 0.306425748145603 0.073910404112772 0.357155648262641 0.138697151117268
0.329371978351941 0.191020049821655 0.0199786312973956 0.320810026199135 0.138819314329874
0.29360508447139 0.260549307304317 0.172357650411677 0.0407083807636378 0.232779577048978
0.0360043524346864 0.1506653605952 0.323249974603659 0.392108682756996 0.0979716296094585
0.109686746014926 0.239198324659999 0.178185305917255 0.249227405049748 0.223702218358071
0.295036284404836 0.290194187866239 0.189872914317134 0.161501868995468 0.063394744416322
0.173650739459245 0.199863571773959 0.174635702301509 0.225610075786816 0.22623991067847
0.38646385162056 0.0133681196029225 0.404161856465138 0.0831004737643241 0.112905698547056
0.127782661707574 0.297176112762416 0.234668808730104 0.281787988555701 0.0585844282442058
0.33597591423515 0.310605569017435 0.0792768923536865 0.100761668488098 0.17337995590563
0.16677007839776 0.464296255621843 0.171688791075227 0.161822451495034 0.0354224234101354
0.272888250609168 0.131702958448159 0.135265457710562 0.229477822314669 0.230665510917442
0.244950518575324 0.395934532721592 0.280508526510686 0.0530489980834726 0.0255574241089259
0.0195530509052381 0.185776596065981 0.168046670400391 0.256982962352249 0.36964072027614
0.140270565986407 0.302610573710723 0.328590211557129 0.0640322183467283 0.164496430399012
0.282417074001893 0.310048090876047 0.271552156278039 0.0311159698433565 0.104866709000664
0.333253345154311 0.208942744016874 0.0203748760772363 0.369606377314512 0.067822657437067
0.0810794750840298 0.215857107965658 0.272579927981338 0.345109823610345 0.0853736653586287
0.245340253514636 0.186587038742001 0.103648405253434 0.25682695855051 0.20759734393942
0.33461811637376 0.157010953355404 0.0898196590659482 0.330778153826577 0.0877731173783104
0.0292604488494869 0.25598962380936 0.254213111934978 0.300175768417874 0.1603610469883
0.378818711475212 0.152064939463998 0.269016237272177 0.168209871328822 0.0318902404597904
0.404831174799535 0.0811151925038046 0.0249436381474598 0.392144120892379 0.0969658736568209
0.272914964433075 0.102689759733833 0.278966586749148 0.305338264227513 0.0400904248564307
0.192953922830081 0.279763744160438 0.192183838233196 0.0591182241227561 0.275980270653529
0.32809639156373 0.252879083466287 0.265688779428151 0.0860408230466445 0.0672949224951877
0.404875933706451 0.0998061610247455 0.185875576268985 0.287349284450673 0.022093044549146
0.322122479854711 0.349463555540437 0.0756502402864568 0.107247538083329 0.145516186235066
0.289596138618276 0.237800798686651 0.12271412413025 0.332747311287538 0.017141627277284
0.307774414823312 0.0480895710263631 0.0753967484715727 0.407281495654603 0.161457770024148
0.0291930997185438 0.0574709536140724 0.314289481252663 0.301653515254877 0.297392950159843
0.0162501996584303 0.186281607991649 0.415714358074747 0.154005532248028 0.227748302027146
0.0780888688115665 0.269823772522263 0.239084571455322 0.254722939129984 0.158279848080865
0.279526284471318 0.298199968554193 0.0246084358774 0.152462602019091 0.245202709077999
0.21986299437096 0.171309608468033 0.271417497137085 0.0737317536430885 0.263678146380834
0.193356486571259 0.0223825007147274 0.349954374781862 0.0982188227790822 0.33608781515307
0.305550527526129 0.302197460995606 0.0812316679338105 0.0843444133383017 0.226675930206153
0.0655029591178172 0.520298728999176 0.0214928684903203 0.343298711615639 0.0494067317770478
0.330385589619981 0.291865102879162 0.20894289385645 0.0859661339395406 0.0828402797048664
0.30944315348889 0.183529385964838 0.131910679109284 0.0834423103995316 0.291674471037456
0.0900507844265062 0.0718263443332668 0.159521380821825 0.305556147031953 0.373045343386449
0.230484422219032 0.091066472598766 0.236319995534027 0.231932741645037 0.210196368003139
0.0475876770459923 0.214645573683358 0.307515335782051 0.27629511589669 0.15395629759191
0.248321060189636 0.27969936222794 0.150517971797343 0.303405969690798 0.018055636094283
0.273860729903341 0.274883520113014 0.0656025221535475 0.0302988054007677 0.35535442242933
0.098075925679981 0.241277703120942 0.180659150252068 0.122234348772064 0.357752872174945
0.101309696502611 0.445972418978328 0.113558916053864 0.237820030878379 0.101338937586818
0.230796669786368 0.29010154227333 0.247355341856402 0.177727776014205 0.0540186700696953
0.260824126795159 0.0868700410158704 0.250444302953192 0.210713874816162 0.191147654419617
0.24383560998002 0.197750595250914 0.229680754905323 0.213857170618026 0.114875869245716
0.0767868578221896 0.118260308962056 0.0765667766867584 0.426254927211904 0.302131129317091
0.330136780109782 0.250057139123698 0.218536178986068 0.0233717173407716 0.17789818443968
0.298943972293607 0.0100721776220822 0.208727757947986 0.261460896414628 0.220795195721698
0.310484872746984 0.00990977111357426 0.168881347060909 0.308010836577279 0.202713172501254
0.238155265545029 0.191653623747526 0.161047829037101 0.188211422384622 0.220931859285723
0.223986333793305 0.227191231478333 0.253601533954055 0.0708312948646144 0.224389605909692
0.350036391757768 0.325555916220186 0.070226574152355 0.172385296730955 0.0817958211387365
0.178322850643225 0.31401868758792 0.0847758500711998 0.338246019651536 0.0846365920461189
0.160241145400419 0.27131789491807 0.306193039591576 0.0243725519024755 0.23787536818746
0.284476912029401 0.298837907587612 0.295896543531814 0.0808095106054665 0.0399791262457069
0.344965322073287 0.285412889927953 0.095558831928139 0.203388817861034 0.0706741382095869
0.32485910237211 0.221895486689905 0.192477836125998 0.186030819853905 0.0747367549580821
0.077413470505916 0.0190498219680787 0.353382272421602 0.343328461407655 0.206825973696748
0.271803322474006 0.143579704734464 0.282159351518274 0.0431446742721163 0.259312947001139
0.233355628913616 0.208411152895518 0.123521447123815 0.193467596415706 0.241244174651345
0.0751148434220265 0.0308456789579069 0.0491477133371305 0.379834209421977 0.465057554860959
0.428755265009794 0.100710651836429 0.0271343148014494 0.368808371180241 0.0745913971720867
0.388332592082661 0.358265181534433 0.128039702972654 0.112260576467992 0.0131019469422591
0.0162795169730919 0.101713998381762 0.206654333451886 0.350002003427465 0.325350147765795
0.204586768881047 0.112361082943562 0.232675023047402 0.181829031802102 0.268548093325886
0.21451518811127 0.0627833589794999 0.272691903530039 0.179601304033067 0.270408245346125
0.0683706273487609 0.276956607205438 0.254303554160036 0.311590275721113 0.0887789355646515
0.235001680153259 0.0996823810680361 0.224609834512422 0.274660893792527 0.166045210473756
0.242162166708061 0.234797153747341 0.0695603123580341 0.0306988769548905 0.422781490231673
0.258699993878523 0.196864214666144 0.224816491206645 0.172922835361953 0.146696464886734
0.252209741436443 0.260915706574906 0.111366283088754 0.285669050387321 0.0898392185125757
0.227140749634032 0.221855299627063 0.253494565242355 0.175933279717685 0.121576105778864
0.17827747783856 0.311647617655127 0.0425297627580759 0.159808081224284 0.307737060523954
0.171789595286946 0.345301249564045 0.113746501835756 0.30689223082739 0.062270422485863
0.194794752138771 0.1791799098655 0.129117729780484 0.280487781462393 0.216419826752852
0.106241702944948 0.222982989996236 0.279964546877395 0.100655677753961 0.290155082427461
0.294075087745078 0.241778055834048 0.214895778566655 0.243695878847748 0.00555519900647023
0.196889752335162 0.263512869746817 0.284703725963426 0.124696607064581 0.130197044890014
0.145179458939571 0.322263883672731 0.207404270945311 0.105024280367652 0.220128106074734
0.202279779091028 0.220620839394444 0.242192745307699 0.213318091354511 0.121588544852319
0.12401742152615 0.294065480952072 0.312212073194853 0.0924105887828767 0.177294435544048
0.209934171287052 0.087779807328246 0.22309653429422 0.159136883070722 0.320052604019759
0.0815101186460182 0.397601262374502 0.183471844718119 0.312259078874967 0.0251576953863931
0.322721030077443 0.248385180439056 0.16787114967344 0.24560684256398 0.0154157972460798
0.0553083248095371 0.307123769897337 0.245670099826318 0.0418670508646361 0.350030754602171
0.356727294972567 0.161934605045328 0.149450508093404 0.0505603196423505 0.281327272246351
0.220102255036829 0.381478453937054 0.268646945524734 0.00523088416945377 0.12454146133193
0.14397695136783 0.128082929406377 0.362054407779102 0.100613236100206 0.265272475346486
0.318205867293521 0.00859272302952753 0.18094232459679 0.318428029487445 0.173831055592717
0.0589364096644596 0.283990495641382 0.212702297224154 0.197897784929762 0.246473012540242
0.351919772588096 0.00686898901061235 0.20233888048426 0.215281079823336 0.223591278093695
0.185618642184749 0.23319500816175 0.299616084176727 0.0109658078523023 0.270604457624471
0.356914694876437 0.00801094938935465 0.27959773062821 0.160234853698926 0.195241771407072
0.238364412398755 0.326651908476718 0.181655172112319 0.0968953172122811 0.156433189799928
0.172367172291118 0.019807058892086 0.244331928775292 0.18550123707019 0.377992602971314
0.208689695543589 0.0344593130856245 0.220490843492487 0.180604406918245 0.355755740960056
0.216456898754807 0.294967043429225 0.313616541032944 0.0294209119712289 0.145538604811795
0.0825975200983792 0.319637572605823 0.0623218506114858 0.205306112935966 0.330136943748346
0.283326704859841 0.376942195519157 0.206540989199347 0.0882472349395302 0.0449428754821249
0.223441592746581 0.171858344478221 0.0282532576698097 0.31259202879518 0.263854776310208
0.0398211763624164 0.365023839792388 0.215467085850982 0.0400435331861291 0.339644364808085
0.105391258050539 0.242506346801956 0.263414594883239 0.133404326434735 0.255283473829531
0.484161689195284 0.0677915919077473 0.195186454463502 0.143218645582087 0.109641618851379
0.255439297314111 0.0712571732218698 0.215006427123007 0.120499081485113 0.337798020855898
0.244292206715161 0.228313198838812 0.174416020216053 0.128089947263332 0.224888626966642
0.309276680503456 0.367741151922578 0.134296275110412 0.124524093766317 0.064161798697237
0.0803893116511466 0.00984156396629415 0.0968257123935665 0.690521191758966 0.122422220230026
0.392820675872788 0.134926253374591 0.165098485862327 0.13930998633269 0.167844598557603
0.313994865426727 0.152423400414122 0.00696509976614152 0.133959131614176 0.392657502778834
0.472635600229157 0.178429446611459 0.143256340618696 0.132571384909257 0.0731072276314316
0.0610050066915992 0.205405707620396 0.306576229079116 0.268690612692609 0.15832244391628
0.179241691197665 0.165192119139383 0.103785176519901 0.242300842999264 0.309480170143787
0.311713501519973 0.0536029766961389 0.341634635969377 0.0273708301124028 0.265678055702109
0.00162999889017517 0.176973624842548 0.188176405522267 0.260115738284425 0.373104232460585
0.350632870041536 0.0399256765693439 0.274317334490506 0.136592913345021 0.198531205553593
0.272951963647202 0.192364601437121 0.0228849278630328 0.147750745173604 0.36404776187904
0.196751248747381 0.179912394508771 0.2951714290085 0.121486689427563 0.206678238307785
0.094483609358506 0.292972106627856 0.271848678161545 0.073866167698281 0.266829438153812
0.0764008408584723 0.0188666192059184 0.250624928191177 0.25363729700105 0.400470314743383
0.0606789024247832 0.130294081090327 0.298601384739001 0.42824080787181 0.0821848238740785
0.323457324408554 0.157043827164244 0.221042959905089 0.116834899296438 0.181620989225676
0.484977594641538 0.118392356076538 0.227930464815587 0.0308546147977544 0.137844969668581
0.0182005892783292 0.392693242537512 0.49596355784078 0.00542256862619741 0.0877200417171815
0.339434642800173 0.0739300862240877 0.31054644148344 0.0106291934477225 0.265459636044577
0.237102981864305 0.283103702901822 0.11890018254934 0.0947586332772777 0.266134499407255
0.126719870722445 0.108822241783974 0.312750565635285 0.197967744137357 0.253739577720939
0.211462319230377 0.00382031833765328 0.29497010065864 0.239656034690722 0.250091227082607
0.284611216895862 0.338090852635952 0.013007878918986 0.121871768802711 0.242418282746489
0.185022814249191 0.0126095511385812 0.266302391970708 0.197430609536277 0.338634633105242
0.136949212723076 0.0935534453553703 0.153190814383283 0.255286077882059 0.361020449656211
0.0918643732992491 0.304739536064606 0.347092650900152 0.14267638431542 0.113627055420573
0.308214447354851 0.0843745436942243 0.31065197725956 0.136122083327728 0.160636948363637
0.311246644435142 0.206673352206911 0.04541290152576 0.314936347377512 0.121730754454674
0.177686704405767 0.306797326484934 0.0240531447559063 0.322390367335169 0.169072457018223
0.54766572550728 0.0724986087135031 0.0532909506749592 0.0538429805558335 0.272701734548424
0.0431391182649067 0.30729044380931 0.0553031532590494 0.290270453373241 0.303996831293493
0.115436096303083 0.460176828849636 0.312162615913412 0.10571006412241 0.00651439481145806
0.280554770737311 0.309102706354338 0.09678796550159 0.177163321447085 0.136391235959676
0.289318838464115 0.26142905023522 0.0245578391378916 0.141723915190417 0.282970356972356
0.114572134975901 0.306557421824408 0.263306135140909 0.173578212992613 0.141986095066169
0.368265867668957 0.407405790672202 0.00277738062006725 0.0919883469236015 0.129562614115173
0.260863561631585 0.209244322163704 0.0650435497980305 0.247769813731633 0.217078752675048
0.0726401228044065 0.148831066106663 0.237449026161382 0.144189756771922 0.396890028155626
0.227786125409122 0.224802217345054 0.341892931667172 0.0584700410667357 0.147048684511916
0.311368386415792 0.200283669053938 0.145406874680128 0.123683507344127 0.219257562506016
0.30298407316598 0.207012144769152 0.0258030860414921 0.382102028575466 0.082098667447909
0.151242764590553 0.260542204620667 0.0434108990604461 0.392923260447094 0.151880871281239
0.127673160813132 0.196118221331534 0.127087378230198 0.267880823175109 0.281240416450027
0.146157137057134 0.353415542748689 0.150659373342218 0.178095018535934 0.171672928316025
0.310041476256644 0.20848419655387 0.177927644181563 0.201815333475707 0.101731349532216
0.446515246231658 0.343213733412072 0.0401186091863286 0.0457845753335831 0.124367835836359
0.308076149188501 0.296319330085651 0.258342909179084 0.121442648988081 0.0158189625586824
0.264416840365607 0.177615418378251 0.282748578969641 0.129543562460653 0.145675599825848
0.190519575015429 0.295711773239203 0.0587986954813245 0.319746710693002 0.135223245571042
0.0026802084484587 0.10876674525663 0.365826055759286 0.113671964937287 0.409055025598337
0.103205414655781 0.164753668287154 0.185124480934414 0.215417561571306 0.331498874551345
0.0916140067933382 0.276851074746863 0.109368617586613 0.220784478721031 0.301381822152154
0.237775410197728 0.235264897271954 0.389372812924481 0.118180903998677 0.0194059756071603
0.301474979582569 0.151383612134096 0.413661780948286 0.110628325035007 0.0228513023000419
0.319748520543164 0.0855445699560151 0.0277530414531877 0.0161628673724172 0.550791000675216
0.284948718482215 0.186729707267882 0.338104186311605 0.144702103299764 0.045515284638534
0.219433128999936 0.188977388466133 0.115913193303267 0.136533428797575 0.339142860433089
0.241866876159421 0.167615981972078 0.130053934019907 0.183131994714309 0.277331213134284
0.299929906573653 0.407257338983185 0.0395399036537653 0.022183739736333 0.231089111053064
0.103960931061218 0.0481124686467797 0.318543483395322 0.228492819297246 0.300890297599434
0.363639052453817 0.135598461736365 0.0339843615005243 0.209212038236456 0.257566086072839
0.285126137633614 0.135043555116491 0.186111280658534 0.287642920289129 0.106076106302231
0.183920610436308 0.100870860327063 0.240928928763355 0.189559066119111 0.284720534354163
0.301913614019797 0.0771266484634807 0.0615208387243878 0.514492419464599 0.0449464793277352
0.0967271123440139 0.25712965051559 0.23446595067913 0.156677640194616 0.25499964626665
0.343035840154672 0.169801904588664 0.157037181585599 0.211673550420642 0.118451523250424
0.429283846605692 0.0979385711480591 0.128561299949983 0.276250971231241 0.0679653110650252
0.177642746175398 0.145895970274378 0.350748684997897 0.0166672433490765 0.309045355203251
0.117953725989538 0.267436506394639 0.229012707808775 0.243336643413164 0.142260416393884
0.057826050691852 0.191939095431957 0.325290232968417 0.223167785552349 0.201776835355425
0.305708534464951 0.208686294012054 0.0232108465594578 0.188343596485726 0.27405072847781
0.285895185200381 0.030024323288428 0.0306892825855694 0.225961001697667 0.427430207227955
0.200230067451808 0.110043006663925 0.182760484983132 0.241775151687252 0.265191289213883
0.0400074155920261 0.038247656837706 0.241122239776454 0.236714558057842 0.443908129735972
0.00142761917730325 0.200623687855594 0.3465879737873 0.140497315456445 0.310863403723358
0.211176840153289 0.0754601966647509 0.324047016684058 0.0721237127732589 0.317192233724643
0.196674160497393 0.113625153257028 0.191809650525513 0.296716562970275 0.201174472749791
0.180233450575999 0.202039372990119 0.134974225009933 0.294036408903187 0.188716542520763
0.163220290568921 0.100261364084234 0.157896436685883 0.390167036340548 0.188454872320414
0.110641379345757 0.124939452928169 0.473237369133705 0.0861373064362518 0.205044492156117
0.242802679914802 0.183377214045876 0.24924404026329 0.0924985522384315 0.2320775135376
0.113638620879603 0.205327144060344 0.205337517380828 0.233002455653995 0.24269426202523
0.229048178828701 0.0201446153700002 0.244710343907958 0.428492711925509 0.0776041499678312
0.384826446967717 0.313110580399898 0.122525855433724 0.135673983752728 0.0438631334459334
0.106725361016638 0.11140678394644 0.364967530682759 0.345232771924602 0.0716675524295621
0.310864793732171 0.173195070476346 0.167564645164762 0.233252529535452 0.11512296109127
0.313549719338679 0.101646504396089 0.312642864031123 0.00944400545235524 0.262716906781753
0.124665351628153 0.300936017214205 0.253479917191666 0.155779657072247 0.165139056893729
0.311392065453278 0.235071134430133 0.102792891001953 0.0654301169228055 0.285313792191832
0.192669600870035 0.24905282149986 0.234088187921526 0.239558095293658 0.0846312944149209
0.0500973667087139 0.142661301039634 0.199251267764329 0.255749768682256 0.352240295805066
0.227560814668295 0.12495374022464 0.274830749951792 0.210632786944085 0.162021908211189
0.0667565701667801 0.326098055254148 0.267874405731259 0.0119490881715118 0.327321880676301
0.103636068901421 0.334375528190763 0.180614698109705 0.227218199122854 0.154155505675257
0.507569619685263 0.100169381764634 0.00736888827285329 0.352521899121883 0.0323702111553668
0.224348141187259 0.0468534154443268 0.0727168755933078 0.321992563409903 0.334089004365204
0.00666480881568266 0.177752872471531 0.300177595461844 0.0288124714412348 0.486592251809708
0.274662097170954 0.154665318531717 0.016081478201398 0.299104432403992 0.255486673691939
0.295584094545244 0.256789720341912 0.174666368891315 0.157060657188324 0.115899159033205
0.179843909791354 0.134565419936425 0.297756901795122 0.046183687510507 0.341650080966592
0.301233948954503 0.228662062314518 0.211506772650937 0.077713324015139 0.180883892064903
0.223526958747944 0.214393048919054 0.0231568799131706 0.275475899762723 0.263447212657107
0.142865058456651 0.29840123601245 0.066625684279126 0.148811407395744 0.343296613856029
0.355839707641418 0.284985579665455 0.100023922171526 0.0293312048035673 0.229819585718035
0.0824370595927907 0.38454574795172 0.021530345898053 0.254388358520063 0.257098488037373
0.788524698604123 0.00856209346865066 0.0430735234471238 0.105303471164682 0.0545362133154206
0.0706804353467079 0.226923155159202 0.104135789325096 0.242651197975219 0.355609422193775
0.269511649165669 0.207194709825342 0.115145629174307 0.25200415111388 0.156143860720802
0.292099012071742 0.269590230547738 0.11309640572579 0.0977110699606113 0.227503281694118
0.20411718014573 0.241355834266009 0.149555696004713 0.262553936977276 0.142417352606272
0.00122945477355204 0.298972415485389 0.333180534414919 0.0524621611841463 0.314155434141994
0.0332035663914218 0.355566619827515 0.310472565940888 0.141938268760585 0.158818979079591
0.107813790791999 0.0879610688830484 0.330612013383695 0.037379682223983 0.436233444717275
0.252627556355523 0.30092163490301 0.0792138359347065 0.0522576189350161 0.314979353871745
0.176462025151476 0.176517091222733 0.0341948327536641 0.23113998306645 0.381686067805676
0.497062364496717 0.244445094278664 0.167618047656654 0.073129615897795 0.0177448776701703
0.210903388035482 0.0902635981874549 0.326258122163142 0.31578358661667 0.0567913049972502
0.258659124522894 0.00116099787805828 0.183582979037593 0.316501226363079 0.240095672198376
0.272057878084856 0.180420798668966 0.151686926491647 0.0692148879538216 0.326619508800711
0.32103183949846 0.0589089178700338 0.259082989512952 0.114184190062288 0.246792063056267
0.298341383602644 0.221040773248341 0.204350475260737 0.0462455421615787 0.2300218257267
0.244388213737003 0.258189906270313 0.242788063671375 0.205860831371753 0.0487729849495564
0.0439942504567461 0.516095369344493 0.217539986613715 0.17578440201218 0.0465859915728653
0.164892163726581 0.260266869597357 0.229801914721733 0.0346768262619499 0.310362225692379
0.119608093769847 0.258962527211128 0.0481806507751292 0.243251726959473 0.329997001284422
0.0135892919893825 0.30463370534868 0.153121824929907 0.202515634399222 0.326139543332808
0.34529783973358 0.149863864338672 0.00764167506118685 0.20517696688042 0.292019653986141
0.256655945966492 0.281788301542211 0.00451129580042554 0.320194606012484 0.136849850678387
0.233256286088734 0.0768906945639471 0.0201574080046792 0.398118373715094 0.271577237627546
0.102857742171046 0.18588468193758 0.267232274191439 0.254393035314852 0.189632266385083
0.21727131580399 0.218296036437034 0.146922779113394 0.359115762286721 0.058394106358861
0.0974541972426069 0.43704817672337 0.185407054464574 0.276022155047065 0.0040684165223837
0.110805852475065 0.305000459719232 0.0659314772637615 0.428138580338761 0.0901236302031797
0.274916835608602 0.232987283418579 0.27749710641365 0.0377143895572769 0.176884385001891
0.212569755586982 0.206061417350529 0.159005093118136 0.212260002908153 0.2101037310362
0.242913447090248 0.145077470013691 0.360449559258277 0.120552508429563 0.131007015208222
0.107349325922391 0.160036792241343 0.279448314597414 0.206545634750865 0.246619932487987
0.329327628229003 0.111781608628046 0.228627945131471 0.0387818954331382 0.291480922578342
0.0834978348516085 0.0903440510235147 0.417541769611299 0.0271363900447931 0.381479954468785
0.447046497580993 0.110468932862952 0.0917667610288548 0.225049878175681 0.125667930351519
0.320306926808842 0.0515537816671139 0.120570150815193 0.481602636667554 0.0259665040412975
0.0499559057338731 0.085407827313344 0.21393655396875 0.332452669094769 0.318247043889264
0.313313617981141 0.0344742064689237 0.335198021952921 0.256417180209272 0.0605969733877424
0.176429866522938 0.158720085946272 0.373499169090474 0.253170080955297 0.0381807974850185
0.0888619860860231 0.315684721665801 0.110766929580851 0.317353611729954 0.16733275093737
0.212779793556198 0.197899320424766 0.225008814553849 0.197642479014979 0.166669592450208
0.237091904738502 0.176525454041776 0.149877812950045 0.248673195831029 0.187831632438647
0.21711335360519 0.265902205902985 0.380660306127125 0.103579374377505 0.0327447599871959
0.165685120973101 0.205631234375142 0.244012117261013 0.133779052975743 0.250892474415001
0.265619231421855 0.0106603586310868 0.237805456430329 0.185367975626119 0.30054697789061
0.106922410878494 0.187866508004214 0.250219382274811 0.212805910644618 0.242185788197863
0.434866362095241 0.0560923241786044 0.230225724199083 0.0709088092062046 0.207906780320867
0.317657425864949 0.241367940457976 0.0190765930104605 0.416193675237996 0.00570436542861806
0.175240679848247 0.294801289296586 0.100244636402365 0.0553964643083358 0.374316930144467
0.0749508045112971 0.368776811418803 0.0285013942350949 0.307580044502401 0.220190945332404
0.366681336008716 0.184622736442902 0.00684885955210252 0.170478365277163 0.271368702719116
0.0261772383224259 0.328840947043847 0.298362604753173 0.312460512319519 0.0341586975610352
0.0369372925222104 0.367988971361655 0.12073043004683 0.331574301531971 0.142769004537334
0.0690841119317828 0.421208252092149 0.267762031538489 0.0328524800172697 0.20909312442031
0.411736140220313 0.0447088161947531 0.163465509547644 0.0627083978466555 0.317381136190635
0.139426505622519 0.307894212780322 0.297069661809921 0.117004521734815 0.138605098052423
0.276802540012221 0.0636528963622739 0.0580446924033178 0.332580041579336 0.268919829642851
0.304552009771553 0.319892196249365 0.0441332384609039 0.060441024832702 0.270981530685476
0.267878745038867 0.141164652886929 0.310601805509315 0.0240302170866873 0.256324579478202
0.279508846721434 0.0877368147265922 0.286611094910463 0.194372209763683 0.151771033877828
0.364156329061926 0.13264567062979 0.278446677638783 0.0751670150456805 0.14958430762382
0.0769594591271049 0.34884544460217 0.142183592043403 0.407146370736026 0.0248651334912964
0.125591485282574 0.171310560019711 0.291803286763635 0.254767142916179 0.1565275250179
0.0883835256936834 0.318786396567498 0.17974547978445 0.36529169724703 0.0477929007073392
0.351246519351466 0.133128492031813 0.222297701662751 0.0707372821422378 0.222590004811733
0.197488861202236 0.305927820971393 0.183549112992708 0.30059802460891 0.0124361802247522
0.137056670494386 0.267368479855082 0.296465902143254 0.00811917883531367 0.290989768671964
