0.110767330546431 0.27637784132863 0.27493621734799 0.254085144149789 0.0838334666271609
0.488761028318381 0.181684995198351 0.0353821663965828 0.209828178591555 0.0843436314951302
0.104969954414601 0.268018810858898 0.295522925806341 0.0343186012599021 0.297169707660257
0.242964259400148 0.0308902271062033 0.172902542575106 0.293543728889071 0.259699242029472
0.178258948094712 0.154871603231202 0.52792661543592 0.0307649952118584 0.108177838026307
0.225385386192256 0.296983774160695 0.15816142540572 0.0168372034678029 0.302632210773527
0.211725314200568 0.27890328301821 0.131862873074439 0.0159951308954688 0.361513398811315
0.243247813386102 0.23383282390833 0.253174778502352 0.228400547129995 0.0413440370732211
0.117459520472112 0.259365102975427 0.229017352192191 0.202943815188812 0.191214209171457
0.129963476073184 0.113562168146311 0.313968048519278 0.3148232671731 0.127683040088126
0.326367375158152 0.315188233076374 0.233818703872057 0.0492725012574713 0.0753531866359462
0.278360246663348 0.240577445175947 0.0381184004853702 0.30314880351024 0.139795104165095
0.357051750276043 0.102470447424617 0.230530886116672 0.285401439667505 0.0245454765151634
0.291745876897846 0.238155940993443 0.285353317072208 0.133683895467427 0.0510609695690765
0.0233218676051454 0.0953073301272069 0.220468161371272 0.257685778033204 0.403216862863171
0.215145226888627 0.193028221803862 0.198609454051375 0.22043636773095 0.172780729525187
0.400622456888746 0.249354342544726 0.0174334578143787 0.0784178421905897 0.25417190056156
0.213617992574812 0.290639550685997 0.145660216300787 0.247546050620584 0.10253618981782
0.0285539640326066 0.00445040779485342 0.178977484494813 0.386666517203402 0.401351626474326
0.0825351833135677 0.359761684803638 0.316342087962471 0.100879572402762 0.140481471517562
0.243600988507444 0.162167776189325 0.200270631765356 0.176957374252153 0.217003229285722
0.0270485902186605 0.0452935287233466 0.44114801500624 0.308867337540626 0.177642528511128
0.0317551512929631 0.246351069561659 0.0199885019432091 0.629595150251518 0.0723101269506504
0.263572559148337 0.31303944829948 0.128827401409989 0.00361905357913049 0.290941537563063
0.352677686308748 0.263759868024392 0.0401659074085164 0.237432112985299 0.105964425273046
0.432292551247087 0.124173267926382 0.0365275218335224 0.0696534179630923 0.337353241029917
0.0281262331412982 0.0986661804714823 0.159702223867537 0.306026851981626 0.407478510538057
0.240990400384845 0.231822960699094 0.246437890290653 0.219350921867981 0.0613978267574261
0.182195335719772 0.284651396979867 0.0400101449496139 0.26008110257792 0.233062019772828
0.0851923383131502 0.331683963798467 0.232944193835919 0.238302287790643 0.11187721626182
0.256277866143133 0.0341364595574275 0.224591961783287 0.163967621197208 0.321026091318943
0.16833828202538 0.282787682053249 0.307692212023032 0.222196318352356 0.0189855055459832
0.25618691608343 0.347346544821422 0.0714911870925372 0.126421176332205 0.198554175670406
0.204265569212098 0.163258779316756 0.252841854388939 0.188512320905198 0.191121476177009
0.341643537673932 0.101113931888705 0.292189878576435 0.0333631344093963 0.231689517451532
0.270975639189513 0.287675497252053 0.142043338220841 0.274188304392787 0.0251172209448072
0.205172641819527 0.106723274447258 0.180501832892621 0.270262827511387 0.237339423329206
0.188254005440169 0.226510132602126 0.22052070290881 0.177158645365701 0.187556513683194
0.0893137756422565 0.26450758832132 0.257499354547268 0.13660217092551 0.252077110563645
0.0769163979012478 0.271273672510584 0.329501251994203 0.202144949084503 0.120163728509462
0.361599624978511 0.0586388951131371 0.319575167322473 0.0810632831488712 0.179123029437008
0.147176729380189 0.336898154324492 0.0326928521896141 0.291409977315318 0.191822286790387
0.0775034116605511 0.373865408449969 0.35576910588406 0.0949175238847223 0.0979445501206979
0.24805459824928 0.234697804347712 0.123277079126744 0.162258862492214 0.23171165578405
0.118517548129565 0.189870757956149 0.138296294133227 0.341432512231144 0.211882887549915
0.540418777104902 0.0861485097931853 0.0839332178517534 0.193005629704862 0.096493865545298
0.275900348035543 0.0650923916683737 0.300504236858222 0.344370743308436 0.0141322801294251
0.266601659631507 0.0608704143625648 0.330494320235536 0.0668431396034654 0.275190466166927
0.0842964349274417 0.246961112412397 0.183556163544605 0.244211569105967 0.24097472000959
0.0175508213715041 0.418843605323693 0.00133180267114038 0.229154867372477 0.333118903261185
0.0971915188835022 0.101823101212622 0.0955860764114512 0.320976053597653 0.384423249894772
0.0246822916505585 0.160619765133696 0.236247356930175 0.300929374930413 0.277521211355158
0.341226245170247 0.0855811740947442 0.267763274910279 0.0167803666639584 0.288648939160771
0.258616228062082 0.150008918533435 0.0627823164624742 0.0807084910656141 0.447884045876395
0.240408328910543 0.263387589142733 0.117328539363483 0.198525546928967 0.180349995654273
0.207096453283905 0.103963738097378 0.0732551939595144 0.174351765313762 0.441332849345441
0.00427064170452567 0.109965528330719 0.41762784490659 0.20427518602768 0.263860799030484
0.562377733996105 0.173952084103466 0.173223267373932 0.067886410175779 0.0225605043507184
0.150921403693283 0.329172061779833 0.483682347838406 0.0343537951549954 0.00187039153348293
0.298220315805802 0.129316051479735 0.340510281184324 0.00479145051413775 0.227161901016001
0.153833033582166 0.215381739940504 0.225045760677931 0.242534615678199 0.1632048501212
0.156344057489021 0.368936699344826 0.0377575355748668 0.394112483606546 0.0428492239847403
0.29816404459967 0.147230901528626 0.21451393983536 0.0681197913359842 0.271971322700361
0.17633336523336 0.303909525447703 0.275433829435424 0.0235989632255358 0.220724316657976
0.333369764475766 0.280864224871516 0.0498743538963816 0.168419724280643 0.167471932475694
0.252268756969458 0.158090852823923 0.187169698402712 0.262718848372824 0.139751843431083
0.163963303748081 0.331234194710628 0.0698890390224127 0.296530878321046 0.138382584197833
0.195689668848286 0.163113057458971 0.0609613156847962 0.308691696230889 0.271544261777057
0.199781455111733 0.278977944996195 0.220275984904576 0.134459121656407 0.166505493331089
0.217015456485654 0.117035630666192 0.112696435495611 0.331403813106297 0.221848664246246
0.00105747160206857 0.0038665672493465 0.0970087570260497 0.771122762756902 0.126944441365633
0.0627713305422078 0.319239448595754 0.201656638848152 0.14890847725345 0.267424104760436
0.241656504776504 0.0676975885106099 0.0512126416251947 0.394171376709954 0.245261888377738
0.115973681053847 0.179655553691485 0.0635567508260053 0.258426402926998 0.382387611501664
0.114012824321323 0.371759462095599 0.399470027768973 0.0209855115311598 0.0937721742829453
0.228847671747988 0.0218206253373854 0.156099310740731 0.27219053022426 0.321041861949636
0.159277245531174 0.112988021702153 0.266405903651876 0.312783284745759 0.148545544369038
0.387985344595074 0.124317173283187 0.0924324722317354 0.202627375039128 0.192637634850875
0.0555185151917194 0.272325301075925 0.177125220778793 0.270135902699247 0.224895060254315
0.17083926958028 0.0551646121300478 0.117887789958675 0.324840722154026 0.33126760617697
0.238701054858878 0.227155192758089 0.0906873444671251 0.271678663564873 0.171777744351035
0.368406306057716 0.24903412961626 0.308190207312548 0.0346577019140635 0.0397116550994131
0.274052723758891 0.236793267345944 0.133910910668346 0.164872521430245 0.190370576796574
0.304765633766046 0.239952105700927 0.0522279661855991 0.366034025915489 0.0370202684319394
0.144701763225784 0.180787542927627 0.572931726686875 0.0654819587142323 0.0360970084454812
0.13843847080339 0.149080339245023 0.0200543101478542 0.379699465973602 0.312727413830131
0.191773241682332 0.378343852210485 0.274647497618493 0.0524613110439768 0.102774097444713
0.173183220380496 0.276267302594922 0.193184173959449 0.119898993155249 0.237466309909884
0.295031526553477 0.257503863346053 0.273141756974081 0.134040261319569 0.0402825918068208
0.00797375781129449 0.54888429878989 0.0197978579231618 0.0819159935841016 0.341428091891553
0.182910974631515 0.460447291582399 0.125463091544189 0.128564884278798 0.102613757963099
0.23760466520517 0.0332111963464418 0.252036785530963 0.29624613258604 0.180901220331385
0.153011616771885 0.0658479530167188 0.23048718416615 0.30845688039478 0.242196365650466
0.200640227607619 0.358701211229913 0.164620469990907 0.255456948957127 0.0205811422144341
0.290481626586913 0.121022777824135 0.115821505891771 0.236820102936264 0.235853986760917
0.215418885485522 0.0105573991121883 0.234419566910847 0.402571193141369 0.137032955350074
0.20218935864967 0.0477839833595428 0.475665248008346 0.0967103664505047 0.177651043531937
0.23037536769592 0.164753451721576 0.298608418853598 0.151811430145583 0.154451331583324
0.0634185057507677 0.117256693728335 0.398643452666833 0.249225568134976 0.171455779719088
0.5662719078315 0.181499775126459 0.134861256266797 0.0246943153546854 0.092672745420559
