0.190813824738691 0.265438950159455 0.267931656550589 0.24338292451223 0.032432644039036
0.093427517163504 0.275204034656897 0.351173929541963 0.0548903860413858 0.22530413259625
0.162026966476995 0.348983020623038 0.170846709618704 0.278503576230994 0.0396397270502699
0.119461154544713 0.141434186318884 0.316534658609778 0.332787755720912 0.0897822448057126
0.183769590041006 0.238777618016007 0.263966938631487 0.060801251743302 0.252684601568199
0.0676424610404291 0.34094628686798 0.159448991365985 0.338069351559639 0.0938929091659675
0.245846991059803 0.255455668145607 0.0498917769388962 0.28229091726487 0.166514646590823
0.0217841694030854 0.0550609873276641 0.210120140240785 0.262456892108542 0.450577810919923
0.190373117712763 0.164737244018194 0.108199020024718 0.124353715848188 0.412336902396138
0.00371219563573003 0.421874567898664 0.237491879898035 0.120670038452905 0.216251318114666
0.180930071749276 0.336264639207268 0.293823582747397 0.0273482322430156 0.161633474053043
0.0134575810807716 0.194498992471568 0.64029499476016 0.0433160565354509 0.10843237515205
0.0330496416364296 0.147094620208615 0.235348458365499 0.575798578058513 0.00870870173094426
0.00274423916499197 0.324293949901453 0.161914610561341 0.209425531105475 0.301621669266739
0.188988803954186 0.277783575827586 0.291090086186915 0.0433762255153808 0.198761308515931
0.304563624328542 0.228389269380723 0.180198599438491 0.136877166439913 0.149971340412331
0.284948574284747 0.32769195892754 0.281560149192736 0.0452510269008998 0.060548290694077
0.0884539865996879 0.121513407754545 0.56952510412802 0.0696783067494072 0.15082919476834
0.270824224976693 0.113613099092401 0.217642332265344 0.272176012616541 0.125744331049021
0.15937908270076 0.406337532762862 0.0438899480406391 0.318581480445994 0.0718119560497443
0.201087264050361 0.237175680400818 0.214910844530319 0.33144814350043 0.015378067518071
0.430288153765738 0.148306569604237 0.148969381678537 0.250614589271913 0.021821305679575
0.209762046373246 0.201659042833332 0.269236996634852 0.179749012429218 0.139592901729352
0.201898247800902 0.122551874278459 0.129812205802073 0.149343613769015 0.396394058349552
0.24513379590962 0.173512593998062 0.212484268211049 0.154701976069092 0.214167365812178
0.0962309681688316 0.26679642261154 0.226331687180872 0.227071610130574 0.183569311908182
0.0338304675739211 0.0651463447322205 0.266634830156589 0.117031559162568 0.517356798374702
0.128663670967406 0.165762872107506 0.22994647858843 0.251086349784706 0.224540628551952
0.306074553045691 0.0714035225025976 0.0788163886040694 0.30812815223006 0.235577383617582
0.301296842586758 0.23850742161364 0.204675254568953 0.0151334081720671 0.240387073058581
0.136553362674403 0.197449570912621 0.389416626755277 0.111826724313621 0.164753715344078
0.19086137896841 0.328599436274949 0.342110175564222 0.0257232078469955 0.112705801345423
0.2173646916021 0.200240658101261 0.119411298902219 0.24048231280082 0.2225010385936
0.0648394351377847 0.269237614280549 0.332232085077416 0.242622400302497 0.0910684652017528
0.269248503496937 0.101732062418949 0.258368473656045 0.118999766153077 0.251651194274993
0.0749227066643301 0.0755315891335463 0.331078006995812 0.195513437402069 0.322954259804243
0.354997922648309 0.00041361348627953 0.294744905504617 0.0255488556602657 0.324294702700529
0.265951910553539 0.029609850973241 0.28088158807166 0.350016153775109 0.0735404966264506
0.0791064426614383 0.195939781144596 0.310199509696416 0.328452993237734 0.0863012732598164
0.0393536368724426 0.198087183890194 0.263157215981112 0.277682711034069 0.221719252222183
0.224000336743406 0.316024030064729 0.185081039276189 0.269570065328464 0.00532452858721067
0.105120960994099 0.43824356128184 0.154050014347955 0.246346498112018 0.0562389652640872
0.102237512192597 0.174628820098998 0.210803123012154 0.259454620687698 0.252875924008552
0.313630391143737 0.0610740872377906 0.146986939403607 0.131508634811597 0.346799947403269
0.294293818876297 0.0901821228891593 0.384975826567862 0.200751554231466 0.0297966774352157
0.0649255595621866 0.328398889510064 0.0782282303887445 0.319821902414014 0.208625418124991
0.219648214848153 0.266849962198966 0.093237640430079 0.133132816609502 0.287131365913301
0.303040186148386 0.332845703131644 0.23939993199019 0.108991176169516 0.0157230025602649
0.295928932866377 0.270414488972993 0.0030490961820916 0.204713724425746 0.225893757552793
0.0829437414337863 0.191572969508561 0.287503382850243 0.0342345837844081 0.403745322423001
0.329544133316562 0.24455135225832 0.0796205205304032 0.0154812038009291 0.330802790093786
0.0294680305178799 0.324343910031226 0.158492008809672 0.051306023654424 0.436390026986798
0.176674601387466 0.242294214346113 0.103084021982606 0.179879156259314 0.2980680060245
0.260142612247331 0.087370363128577 0.554078628312055 0.0568625932992392 0.0415458030127978
0.00969275425686223 0.323783948006169 0.133264766450387 0.152561362002295 0.380697169284286
0.22826849952417 0.179642048753078 0.0610035374956643 0.373095467895036 0.157990446332052
0.310334726232272 0.298820786226481 0.191651941043373 0.0796068295234209 0.119585716974454
0.371504361801221 0.24626366211695 0.0373123054660226 0.00931004053821458 0.335609630077591
0.246196515612089 0.253995839852032 0.103906607434751 0.387800316050996 0.00810072105013126
0.183317658433229 0.303796868648115 0.243065693835109 0.0681243776385859 0.201695401444961
0.159032224240826 0.166458424837732 0.141858052593522 0.173420631562433 0.359230666765486
0.265889375922646 0.230398905935624 0.0547150681530352 0.265000940214302 0.183995709774392
0.181108934673927 0.282280067483396 0.199816036117533 0.276782353288023 0.0600126084371212
0.0213795622242654 0.290040477562672 0.301499262053466 0.203988817539192 0.183091880620405
0.12113085977885 0.339161231840904 0.0861059346819747 0.133382788887904 0.320219184810368
0.213126019150176 0.199862853635899 0.120205612267284 0.248396794609151 0.21840872033749
0.0871549473002293 0.280497693644943 0.183695419527681 0.272161688113942 0.176490251413205
0.125359525304855 0.16823617634382 0.0542991065855216 0.530305605602023 0.121799586163781
0.295861498060477 0.131021733189099 0.114831948922113 0.178347860753144 0.279936959075166
0.301744310192893 0.195114543718593 0.193305873234882 0.260702069183932 0.0491332036697002
0.266761221267907 0.18982053152243 0.385921225434012 0.114368366784665 0.0431286549909873
0.0467628314037854 0.0341815393255519 0.232978971603623 0.304680849197423 0.381395808469617
0.312340931780322 0.269722199783992 0.139229048517108 0.0176419995649326 0.261065820353645
0.172339870966663 0.0419289707466714 0.290247502061404 0.300630288479011 0.19485336774625
0.197144162725185 0.265891866870685 0.312154101126084 0.0896878541992584 0.135122015078788
0.382264056735405 0.0666307255665317 0.0768170524364336 0.0783260977144905 0.395962067547139
0.221832082453918 0.214457344174203 0.181278506792843 0.327075949391726 0.0553561171873097
0.181993113161436 0.0340632013574181 0.133605254037046 0.225324729448032 0.425013701996068
0.161075617660045 0.272422158982917 0.075067884014 0.251772759297154 0.239661580045884
0.304084730169337 0.292207371275457 0.197416224588119 0.16145507621075 0.0448365977563371
0.181614521061279 0.257903847227816 0.258681338859855 0.204562459704922 0.0972378331461288
0.250859333133409 0.197499297909636 0.159355647804261 0.0979339987475231 0.294351722405171
0.228323891243001 0.16154408495439 0.22241954947861 0.201339477853765 0.186372996470234
0.155341223689058 0.252978026388448 0.100085582968927 0.349132249800599 0.142462917152969
0.151814893854597 0.229516108320256 0.206136016234505 0.256006213996212 0.156526767594431
0.0343006873833 0.272605594730066 0.267626920320311 0.256487614161737 0.168979183404586
0.177461176919397 0.239637126466781 0.13499014232631 0.190714371074046 0.257197183213466
0.396900926419743 0.451330769747599 0.0206444401559128 0.0611067053255135 0.0700171583512311
0.149530671701165 0.34772902741837 0.0459990721793546 0.206198120363175 0.250543108337935
0.208000018454444 0.146009658003836 0.245118741081901 0.219759522876149 0.18111205958367
0.319339066509464 0.00406079434662867 0.172387093684705 0.275046562816982 0.22916648264222
0.370417203030952 0.0607175963130094 0.00236486576704551 0.386765039797741 0.179735295091252
0.117907402349224 0.0911514363115925 0.311274119119949 0.195251580791835 0.284415461427399
0.253728437356624 0.320932299440313 0.111931945708375 0.00292713703313553 0.310480180461552
0.0114995393613864 0.308337341443366 0.294532884188176 0.197517066785369 0.188113168221702
0.287532711375758 0.0512558132176716 0.324219393765167 0.141790536813832 0.195201544827571
0.264890819954741 0.24087382778535 0.150755644131452 0.229567817902533 0.113911890225924
0.25812965757601 0.396599373956589 0.0360317799928682 0.0363180595251215 0.272921128949411
0.152984098716194 0.412002769214169 0.0289954999981742 0.358669599608459 0.0473480324630033
0.347918789466533 0.0991344576022406 0.145503607494998 0.225568950195113 0.181874195241116
0.185835049964568 0.24188954921345 0.251310067478246 0.153755328083509 0.167210005260227
0.287363830210487 0.132516486423833 0.297547168872027 0.0592748037420384 0.223297710751614
0.128783479490757 0.276492530930889 0.101002801765181 0.203475728768004 0.290245459045169
0.323888780085294 0.277300775550117 0.139746193168414 0.112559230034593 0.146505021161582
0.249683786500279 0.226643603975165 0.214423318136239 0.216300044752004 0.0929492466363127
0.126732183243 0.277686567123398 0.264078213159798 0.324777389866549 0.00672564660725553
0.335749079197903 0.122345251501984 0.120305679183892 0.173194799833463 0.248405190282758
0.247018148431754 0.352745492564939 0.107859126856061 0.0779399856904267 0.214437246456819
0.29589946864787 0.246195704615497 0.163182883025709 0.0360358669158515 0.258686076795073
0.228507451727855 0.250888585143391 0.108105238335307 0.201599655175802 0.210899069617645
0.200442420548406 0.309455119341461 0.110152362073973 0.325297973315246 0.0546521247209147
0.218701041382103 0.283590521394781 0.314483438209207 0.0220206877511357 0.161204311262773
0.497600761780297 0.0164978330775289 0.116301964765511 0.253099105145012 0.116500335231652
0.215496043038604 0.267396693870192 0.0242877239240609 0.18164901393056 0.311170525236584
0.13563024019728 0.124194427925796 0.278120521735499 0.359406009898616 0.10264880024281
0.164428636499395 0.278839066399653 0.389300810875385 0.0356242342659755 0.131807251959591
0.347022553597965 0.125995401619839 0.166102278515592 0.138085973188708 0.222793793077896
0.290068954672254 0.256552163578832 0.274235782563033 0.147023859169359 0.0321192400165229
0.239412279886245 0.297581674339532 0.229598885140291 0.209878862021314 0.0235282986126173
0.156263264022104 0.196752773825549 0.0824678728970877 0.175617425400313 0.388898663854947
0.441679022086466 0.219125643215814 0.0751521202821821 0.0633203648722148 0.200722849543324
0.0480939360865674 0.202167262808153 0.363314619585703 0.241000927202107 0.14542325431747
0.0222449967801751 0.455193355983137 0.361549854747719 0.142973979426436 0.0180378130625325
0.3590957629112 0.277035440144486 0.0347026391775282 0.29344190234836 0.0357242554184269
0.346859505537747 0.210204420922408 0.161643297225387 0.203053715717125 0.0782390605973331
0.104903446541631 0.132825649850299 0.165012760577502 0.203752932164369 0.393505210866199
0.245530586174395 0.129601194310655 0.23097905385088 0.181655344868181 0.21223382079589
0.203303202126797 0.547414579527753 0.0791101049207177 0.0634969009650391 0.106675212459693
0.351937129024833 0.193551265809476 0.142787155627626 0.0986201848479268 0.213104264690138
0.237367144399015 0.230038077292197 0.04095435172421 0.196655098090123 0.294985328494456
0.117748228779676 0.237125013178937 0.285324229389347 0.228153328796517 0.131649199855524
0.168293148497211 0.272165656800176 0.116242647411401 0.238657680294543 0.204640866996669
0.402930336129462 0.260619766029775 0.105007323309719 0.0601260552646997 0.171316519266344
0.190448875743127 0.336894641553761 0.0171792209506198 0.336223737306616 0.119253524445876
0.308420320143791 0.110708096526023 0.168925762699753 0.0358386294562487 0.376107191174184
0.210212182123814 0.0856496018588259 0.348626954374089 0.284923939561945 0.0705873220813262
0.250746413910468 0.0640579752257367 0.312663427278638 0.067126526831508 0.305405656753649
0.100024012710054 0.221458220118609 0.279584959934313 0.215520611478042 0.183412195758982
0.0133563216529245 0.307199852665447 0.295447426492463 0.163011528518128 0.220984870671037
0.306206999481884 0.319336770487952 0.0783038192739293 0.290481471392806 0.00567093936342901
0.00799531636553573 0.392551722892472 0.191050489403379 0.371575266810238 0.0368272045283754
0.143045690923261 0.425089654712718 0.0882914417270103 0.259124224432343 0.0844489882046672
0.235939876040479 0.0979549563158019 0.238231016579814 0.237987293026902 0.189886858037003
0.125172240013176 0.10865297051837 0.245042959832332 0.318705751579094 0.202426078057027
0.063049228150992 0.265495391768427 0.360700865856178 0.250580378463541 0.0601741357608618
0.232942483697863 0.190241800482947 0.248732195886654 0.213210937669457 0.114872582263078
0.25566032823137 0.338835899106756 0.211657321213428 0.0029947650279504 0.190851686420496
0.0264509884422008 0.167171297835059 0.143421460290782 0.34436730937107 0.318588944060888
0.238111325092457 0.19945296713147 0.22647833943362 0.0817917664275703 0.254165601914883
0.10048231720262 0.25305520979981 0.245489409271836 0.276786107007749 0.124186956717985
0.167873756709008 0.193487885713379 0.214320924645993 0.271078349966289 0.153239082965331
0.237435556795543 0.208535782940093 0.237896114987425 0.140858200012372 0.175274345264566
0.151095498904481 0.245603754425287 0.480789890841498 0.0953633995104467 0.0271474563182869
0.181922067142122 0.239387591794021 0.163094461215129 0.186237649615267 0.229358230233461
0.00632069029867654 0.170193166591682 0.57525793823443 0.141826479779347 0.106401725095865
0.182897012720435 0.265185395015783 0.196352268983237 0.226373137706902 0.129192185573643
0.290583372544471 0.113880422023548 0.302368619579412 0.148041567536023 0.145126018316546
0.0436120602018696 0.163026010808104 0.247067013770093 0.316066648127254 0.23022826709268
0.300747469693414 0.216162672863657 0.189532451113353 0.285747800636576 0.00780960569299968
0.0834532343875481 0.156576329664677 0.314738455005168 0.267751878876318 0.177480102066289
0.00872750214939961 0.39192234365086 0.102582587755501 0.197254472640069 0.29951309380417
0.041218707504587 0.179949902294119 0.333337989059953 0.336300970508404 0.109192430632938
0.185940671263779 0.262445365467134 0.507804547778016 0.0396340923526147 0.00417532313845678
0.238692763978516 0.285024954955674 0.327490947577655 0.0977248162929178 0.0510665171952371
0.420921040950281 0.155810290217662 0.0979218120153214 0.308041487061441 0.0173053697552941
0.0414811458278458 0.230567272086374 0.259984517203223 0.436557851439537 0.0314092134430202
0.37137414229017 0.236992746783777 0.160828653968224 0.104049130865932 0.126755326091898
0.259774384142081 0.10331082709507 0.299466252085723 0.189355445522949 0.148093091154178
0.341872172842205 0.101360994752553 0.122014781128297 0.338056705399605 0.0966953458773403
0.203395432701924 0.286618143633621 0.163440446878482 0.292756868791857 0.0537891079941156
0.160341147809093 0.284943123514892 0.308154849519586 0.188044070079838 0.0585168090765904
0.293604002904757 0.0408415799833045 0.123552950844953 0.286679283757324 0.255322182509661
0.305603037895525 0.0337746988752547 0.206239464021012 0.24760483446814 0.206777964740067
0.177186267649287 0.17054401916918 0.0789247659838333 0.356424643450167 0.216920303747532
0.2995108764112 0.315874410994189 0.177766304393706 0.121331936467045 0.0855164717338594
0.307655588736228 0.414741909619964 0.0565197706004194 0.0533345098844506 0.167748221158939
0.28877945068019 0.254090465430596 0.374292058973239 0.0399406606173439 0.0428973642986309
0.0152488155524786 0.371970202233794 0.0711566618331032 0.243443666549091 0.298180653831533
0.161578073051098 0.195171861004015 0.318622111418006 0.25281688253277 0.0718110719941114
0.225136011961402 0.130250831032846 0.107127100529134 0.281859405677204 0.255626650799414
0.2734169163426 0.261958780746055 0.0583694854815109 0.187188529869224 0.21906628756061
0.068065893920298 0.32766427892798 0.299480838984152 0.124417937562635 0.180371050604934
0.321959385223139 0.319402921589119 0.0156689339401153 0.180736905397972 0.162231853849655
0.0206968455061427 0.267515656183137 0.0725281628481025 0.46432913039771 0.174930205064907
0.138869706017255 0.329467957358269 0.273488761168389 0.185994205052125 0.0721793704039616
0.0431919293750195 0.126118354531153 0.0323261525670546 0.372647820152954 0.425715743373818
0.0750646881853844 0.16471411223323 0.278261530151994 0.308514562735144 0.173445106694247
0.124621441447952 0.214481929185906 0.0859825421668294 0.259262942454923 0.31565114474439
0.166097934472766 0.031550570495933 0.433308474883821 0.292248328611171 0.0767946915363086
0.160258836874834 0.290408680971333 0.0410157545952034 0.174484624255263 0.333832103303367
0.309233251619235 0.124754877047487 0.316647690518517 0.0812069180778558 0.168157262736906
0.149364880746921 0.114304565581508 0.319576361434657 0.344382303632517 0.0723718886043962
0.110422915847557 0.328151354567593 0.121358523392976 0.302333735188155 0.137733471003719
0.0645592320440002 0.341839202573818 0.223188674742894 0.145663359707508 0.22474953093178
0.289600654909665 0.113865317221052 0.194418284179658 0.266166439183562 0.135949304506063
0.326337470559997 0.33528467956815 0.0652062428500334 0.0987621315846213 0.174409475437198
0.0417941748593267 0.486469035233835 0.0094613803016407 0.344548143202261 0.117727266402937
0.1223156189993 0.18771281905805 0.462556691282299 0.00480838452804821 0.222606486132303
0.266831912151757 0.139397892047741 0.198722462929781 0.197656611978191 0.197391120892529
0.237346507157002 0.191492611658974 0.111450881458489 0.259288286638531 0.200421713087004
0.214578645348283 0.213450760281751 0.243993274983116 0.210554811747077 0.117422507639773
0.0431055329486689 0.142047175204891 0.133209877447943 0.424109593446598 0.257527820951899
0.0293686271268308 0.295503298709673 0.303701951080098 0.0948391784814454 0.276586944601952
0.00183371258987715 0.0593400512408778 0.328997459562894 0.195207717322805 0.414621059283547
0.113647328176887 0.20915770849004 0.243095828754905 0.226623338146346 0.207475796431821
0.329124034549348 0.19233636195457 0.0971298394461346 0.139436511046841 0.241973253003106
0.485170839188412 0.0377330423325311 0.0740887681853878 0.294954871235072 0.108052479058597
0.400410810121989 0.203014016989098 0.220764477746617 0.0159177254959058 0.159892969646391
0.119731969484464 0.127160629085967 0.210730197286145 0.276145893300395 0.266231310843029
0.344869359783532 0.168225243903473 0.320391020453906 0.0943305045408498 0.0721838713182391
0.209453285269323 0.0388399742524152 0.101957416619181 0.0402469544867114 0.609502369372369
0.0129087663711637 0.0363009703315951 0.275651923608972 0.201631115578189 0.473507224110081
0.214394986471317 0.0526194942472329 0.135221573809918 0.290347594303132 0.307416351168401
0.237831346735892 0.233530356456628 0.27329959135808 0.0446463525674699 0.21069235288193
0.235677505598946 0.088477887533526 0.236591696231052 0.300742244124714 0.138510666511762
0.114637625968897 0.190177030937321 0.0431444436245776 0.198424189593738 0.453616709875466
0.395878313798251 0.247128301281841 0.0616888216284813 0.216332831766559 0.0789717315248684
0.25417992371476 0.183262846786217 0.115956208401157 0.159863455855031 0.286737565242834
0.089247367194913 0.474171121950715 0.13872493150025 0.0759846862512106 0.221871893102911
0.0265241165686414 0.117195979751355 0.646505014107165 0.0585750875594249 0.151199802013413
0.0277775873788292 0.138158943392124 0.318689526413636 0.24469646444454 0.270677478370871
0.262792490039943 0.113601261103417 0.22193275679152 0.197189281535187 0.204484210529933
0.0424698294103465 0.0633556669050728 0.246751905458841 0.341933536635062 0.305489061590678
0.0942397661137776 0.0828839754509857 0.323660672921837 0.215671694326766 0.283543891186634
0.156537351016551 0.196554092654524 0.235108009268642 0.186830615666443 0.22496993139384
0.24909026199393 0.229234784070663 0.0921188187977688 0.188396577733073 0.241159557404566
0.125609803028812 0.237644615062275 0.292015551331621 0.342768993182754 0.00196103739453853
0.281746428788093 0.111191215609696 0.249311550387397 0.20228683203133 0.155463973183483
0.322876912767743 0.370221879700997 0.0567055729449358 0.0231834915697853 0.227012143016539
0.201334508293075 0.199859148718889 0.205386013981186 0.274387774111953 0.119032554894897
0.121092161154596 0.179596716584619 0.297607827287713 0.226091940660183 0.175611354312889
0.485321664311389 0.0972909927705052 0.23422418218242 0.144858717877235 0.0383044428584512
0.0872265802212236 0.181301706838262 0.259018672203602 0.131521027347388 0.340932013389525
0.212037177664009 0.0165496522134109 0.426924983409163 0.265335901073827 0.0791522856395898
0.223886492852073 0.282750974498711 0.177615478609144 0.0475796236633457 0.268167430376727
0.305551618520809 0.155851512322731 0.330509156829506 0.104568524900148 0.103519187426806
0.28657280167963 0.287968690795802 0.0356648571625111 0.207057236936767 0.18273641342529
0.207163742778519 0.00411941816620593 0.261831571898886 0.31121692035141 0.215668346804978
0.26467534530847 0.16946140714438 0.277383952165514 0.162213191888054 0.126266103493583
0.115403030163716 0.0938137774027394 0.375439175249508 0.402926172228449 0.0124178449555872
0.359943424149729 0.0641777394768739 0.165464648062527 0.373722629068685 0.0366915592421855
0.141268982349404 0.18207520174232 0.462219503680699 0.149155418244759 0.0652808939828184
0.163744299277162 0.130303917936914 0.35900922684226 0.0996461817617297 0.247296374181933
0.108375535150027 0.367419624525452 0.131521948561869 0.139974246945355 0.252708644817297
0.080996553859375 0.121356466161442 0.261965973395796 0.26098862489007 0.274692381693317
0.136726956415286 0.157864541533267 0.216137653500379 0.242129614774516 0.247141233776553
0.256763902141026 0.0599695886072655 0.111663598244923 0.0603117123455481 0.511291198661238
0.17260956370134 0.103960155568894 0.413883140863295 0.168346450849588 0.141200689016882
0.258928705805044 0.293452696669244 0.0704008665736349 0.177744306860341 0.199473424091736
0.221944154793512 0.334604074262739 0.331791077488726 0.0536842379955605 0.0579764554594637
0.120612324183828 0.288758535984296 0.138068108664588 0.164306447703079 0.288254583464209
0.335449849102708 0.110616223444879 0.044598747847224 0.0942741824272411 0.415060997177948
0.110293028245267 0.241973564025704 0.0234652437172881 0.462649939242173 0.161618224769568
0.0896007157619108 0.0932290070034564 0.324558154942056 0.392827997068784 0.0997841252237932
0.151461924868835 0.108609239780198 0.146952824195666 0.327351533320445 0.265624477834856
0.319666810952833 0.0188977960460945 0.165378458972561 0.389622428208854 0.106434505819658
0.181798737304304 0.25697987381042 0.209859537378692 0.183204704922744 0.168157146583841
0.341063384224584 0.0130388419748831 0.221437436664293 0.0259836584952916 0.398476678640949
0.264162668185106 0.206775032574143 0.199259720367296 0.16460548358417 0.165197095289284
0.185972399748755 0.296634661379694 0.140939901386506 0.236181452290027 0.140271585195018
0.460471998064881 0.178630789380679 0.128788622229761 0.0461281341711861 0.185980456153493
0.065204646919206 0.303060452386463 0.353463685484307 0.0347412063074842 0.243530008902539
0.321074782678034 0.253548003564438 0.0122838924019191 0.199569743303712 0.213523578051898
0.254260934149006 0.306119298688789 0.11309031272177 0.107761476983521 0.218767977456914
0.0510686467946062 0.128418891895187 0.480215581101792 0.00692996770348173 0.333366912504933
0.0313416552302302 0.306145208705986 0.157020292165187 0.409968634599887 0.0955242092987101
0.165371096745226 0.242567324109982 0.208792533956492 0.0871812968651955 0.296087748323105
0.33551564001848 0.11291096837597 0.0300214735661869 0.304462440028339 0.217089478011024
0.280311574708005 0.135090409524344 0.0901931590816051 0.369351007037788 0.125053849648257
0.403941614882208 0.0227173870072861 0.37332117980099 0.00999838060826289 0.190021437701253
0.341269682427952 0.256831932061998 0.129708052517187 0.222405323999067 0.0497850089937963
0.232746136369864 0.0963723126788475 0.234816862394329 0.205073179989814 0.230991508567145
0.287849961874089 0.323162049154392 0.283684157798631 0.048335210060682 0.056968621112206
0.281008494544222 0.164895723390297 0.109517716228259 0.158185626725093 0.286392439112128
0.164689574334067 0.0153540943445853 0.273488972365201 0.337320383075656 0.209146975880491
0.29134974010364 0.267768843595199 0.0970524647178019 0.139505280960892 0.204323670622468
0.00831236822042348 0.413362074410861 0.0379305382009792 0.319566600001475 0.220828419166261
0.107608373083895 0.298467781689227 0.244715830050216 0.257934102624318 0.0912739125523434
0.221392585192563 0.312224802089311 0.214752559145325 0.153777607011809 0.097852446560992
0.298143962551503 0.322040772465374 0.27138080294546 0.0316956418637532 0.07673882017391
0.0111357738808134 0.380686792820911 0.365768562536716 0.213757117197656 0.0286517535639032
0.292475912656996 0.336739742193717 0.278343407870126 0.0509092291070679 0.0415317081720932
0.386048229374614 0.0305598987248606 0.149033160820499 0.133009496805858 0.301349214274167
0.153254299110093 0.249562252826982 0.0447114766964942 0.319898792628432 0.232573178737999
0.0767303802214862 0.0910513307911904 0.299273560631555 0.257230204180737 0.275714524175031
0.269896425877998 0.111767508751492 0.114915990902277 0.26209209081469 0.241327983653543
0.171560391471932 0.261029464346683 0.122159249387773 0.132422543326515 0.312828351467096
0.376952896344671 0.105402576502646 0.0455257462269321 0.0916783748594022 0.380440406066348
0.320859419322511 0.191483849756616 0.346361085987674 0.000160393082673434 0.141135251850526
0.189292397081659 0.212721192910618 0.180697700837424 0.213793255357243 0.203495453813055
0.375970874798801 0.0359551298245881 0.34707474254641 0.174312209446183 0.0666870433840182
0.254243227664186 0.0761184016621329 0.3430459175371 0.0597757139551437 0.266816739181438
0.263950868883198 0.105079563341583 0.353832250807217 0.25417278530733 0.0229645316606712
0.244186629181217 0.106131364353006 0.277784795319869 0.316286497502132 0.0556107136437765
0.427676335619516 0.103924557187053 0.170021988760662 0.286922972834081 0.0114541455986882
0.166638107834812 0.354337177075557 0.127758798803008 0.317293152110798 0.0339727641758248
0.0628634193492594 0.234800467596862 0.272956204032912 0.0156116253174756 0.413768283703491
0.239625270828595 0.249428018647311 0.234541021918939 0.238779023926615 0.0376266646785403
0.0110774319928616 0.350965175379774 0.164880714869406 0.449434364538782 0.0236423132191762
0.126921522752054 0.078725129420537 0.192893706676955 0.275904464457186 0.325555176693268
0.0216206132866101 0.0505011377560417 0.329970615769892 0.258975858367983 0.338931774819474
0.300695406493024 0.213390955564553 0.043254175554087 0.230523742590223 0.212135719798112
0.493132916124458 0.154796835171491 0.0262099295680632 0.0632602639285705 0.262600055207417
0.154037662473118 0.0329624044891845 0.323101388352922 0.242732457481211 0.247166087203565
0.269885868889341 0.227216672537573 0.121274637824402 0.264207375237595 0.11741544551109
0.252479554308499 0.0761456825476263 0.24151727638899 0.246681647074418 0.183175839680467
0.114962652488818 0.129514892760421 0.433456467957557 0.133963039466899 0.188102947326306
0.170824358880016 0.396962095526129 0.163845575232941 0.0322139582719441 0.236154012088969
0.169302473711634 0.213985941306355 0.190714321564808 0.170096292066347 0.255900971350856
0.314324879049244 0.123357251181299 0.196562824294619 0.267897676629131 0.0978573688457078
0.211677057040902 0.215903003328311 0.37327489730164 0.11315606084647 0.0859889814826778
0.0963625054194929 0.116644064561593 0.290750698330414 0.341143193630225 0.155099538058275
0.248596448004858 0.255292327198408 0.0316610629776327 0.274072655415469 0.190377506403633
0.228458215997826 0.0728474970508728 0.368799978781846 0.329237396407147 0.000656911762307748
0.271966937490707 0.308922680344628 0.0935677469155985 0.0921708085892287 0.233371826659838
0.184437630327637 0.165077758369543 0.216987274496755 0.279651640770436 0.15384569603563
0.0330240888112783 0.141204232584597 0.284885121207694 0.296599695965745 0.244286861430686
0.332789553410713 0.0328138655138396 0.190645587823887 0.303095164799557 0.140655828452004
0.280611717442337 0.162459019555843 0.344100501512564 0.198457831457948 0.0143709300313076
0.0401180805834966 0.215177635268516 0.325424114070434 0.336447939220815 0.0828322308567394
0.13847351645135 0.378957538202074 0.289937160442537 0.148503642262409 0.0441281426416291
0.127108801677316 0.285524901902856 0.196168983583374 0.115897108341014 0.27530020449544
0.20732844154024 0.223857912180278 0.163584919042277 0.167797379187007 0.237431348050198
0.170865870728308 0.161393893351506 0.166252162667436 0.364428471354846 0.137059601897904
0.0452307490265483 0.025580919875199 0.365087211648421 0.359677878604868 0.204423240844964
0.192550014898967 0.242889161004889 0.231492418954835 0.0403132446158779 0.292755160525431
0.00147874929071503 0.266168801937972 0.25981007415166 0.277733328452382 0.19480904616727
0.340230620567801 0.166639806515639 0.0653955647847457 0.104639021866629 0.323094986265186
0.275616074896268 0.0152611391115166 0.200670166329895 0.146965602293599 0.361487017368721
0.294142553099192 0.289378460843046 0.00450119557315479 0.253599598336595 0.158378192148012
0.0407153091723116 0.239852251286799 0.0253750686141799 0.648053716936121 0.0460036539905884
0.333194521862202 0.015292200106755 0.349165136566592 0.0806734605479551 0.221674680916496
0.140832967251821 0.203393922436361 0.220384888850621 0.270769146842112 0.164619074619085
0.154226054103071 0.250934556998685 0.0433416191258061 0.0891329173341595 0.462364852438278
0.199458158290892 0.196075011968505 0.250607898062898 0.0627758816673717 0.291083050010333
0.263508900882012 0.275071596712051 0.121505878842393 0.182707401765552 0.157206221797992
0.130165755406315 0.149877584034104 0.353234751907047 0.235938410824587 0.130783497827946
0.281925292319349 0.127069993641205 0.170984329459064 0.313614922872333 0.106405461708049
0.0585558625195755 0.448304543739197 0.343885138020765 0.1311419113415 0.018112544378963
0.0727368624054216 0.208506045924033 0.189705971406617 0.319662322543078 0.20938879772085
0.00807086313607386 0.306196568810028 0.27143386946827 0.311390419673422 0.102908278912206
0.31962425019887 0.113114018814671 0.379225750595507 0.0401553143731168 0.147880666017835
0.0761756441053219 0.244272181185829 0.260252409180467 0.183587400417768 0.235712365110614
0.268293907024104 0.377673102574252 0.00391045101917564 0.184217836927912 0.165904702454557
0.440558747247878 0.144899913268452 0.0125766537361992 0.176234592803443 0.225730092944027
0.100583453002863 0.104057449520798 0.100334790237749 0.0204868157026029 0.674537491535988
0.263718651801166 0.259558693100502 0.2821575353583 0.192009491543225 0.00255562819680697
0.0672922899269505 0.578271072256713 0.00740141724157203 0.0407814335245463 0.306253787050218
0.0227368781447811 0.0951752584709268 0.285681196414489 0.293620190407667 0.302786476562137
0.140235176022192 0.25271909714505 0.562246715820883 0.00812953861900719 0.0366694723928688
0.311981689318375 0.287260351639718 0.0137375881156751 0.375599040127558 0.0114213307986744
0.237857880832767 0.158870652159618 0.434831494627228 0.128019178966264 0.0404207934141233
0.265311598091031 0.253253908938332 0.128595047816863 0.0674751709752893 0.285364274178485
0.267780287008805 0.0300358926885147 0.0153414449838459 0.318024325021474 0.368818050297361
0.208809805231542 0.259831127912412 0.319177891496526 0.111332598135627 0.100848577223894
0.191816404681048 0.177342625727961 0.290355939095657 0.147311297192854 0.19317373330248
0.273997207945043 0.310926829269164 0.114694292589141 0.11177180103049 0.188609869166161
0.266150876749305 0.0560000596246756 0.307029582812857 0.0584592998592523 0.31236018095391
0.1672018182772 0.275844336924426 0.0766316266375441 0.28770693108887 0.19261528707196
0.106355258940954 0.224207524458202 0.25689281070181 0.231501109378422 0.181043296520612
0.346271336458395 0.225726907500452 0.127786146331833 0.105489522306433 0.194726087402888
0.421981079870777 0.301635362837009 0.0184622695383198 0.16249481851997 0.0954264692339244
0.0509231227202976 0.332710687129872 0.0827877394243339 0.182787270300953 0.350791180424544
0.445261722601592 0.0799659425482002 0.104014053021709 0.0944448165038547 0.276313465324644
0.43232178907309 0.168732955365342 0.241534972810868 0.0573241358036638 0.100086146947036
0.119915047398714 0.387419821895888 0.153446380202181 0.198305727152085 0.140913023351132
0.319093470200593 0.0643879879421908 0.307890812788427 0.0748589163504373 0.233768812718352
0.149536469159329 0.324285904134895 0.0758242066188573 0.102155682855644 0.348197737231275
0.135734931768407 0.223362476548684 0.086510585632291 0.26054457890475 0.293847427145868
0.257199174259473 0.301020995273053 0.046774191546464 0.237584832898111 0.157420806022898
0.00294241160788134 0.0397647483904991 0.414434208083342 0.281304858162495 0.261553773755783
0.272328950283673 0.0787889251324563 0.400892037911786 0.218562210822409 0.0294278758496753
0.380261797660242 0.0844491683119365 0.471582412201995 0.0264075219624998 0.0372990998633262
0.106028121146586 0.175372379806157 0.0558875359593839 0.283763776760389 0.378948186327484
0.0690450970405754 0.14408891407496 0.122949128064036 0.359550953612686 0.304365907207743
0.0249330516245142 0.296283091703683 0.322817402747106 0.205907936626278 0.150058517298418
0.267664207271244 0.271264007503393 0.0384655544431966 0.234971555635917 0.18763467514625
0.222405417696476 0.0819095752964591 0.423369859013515 0.085415794267915 0.186899353725634
0.182965282593073 0.211414021585571 0.0845632191087314 0.158296210315958 0.362761266396667
0.374778318137578 0.257680115498566 0.0240312999933915 0.302976978184289 0.0405332881861752
0.200165820881603 0.333800204752235 0.191056240436043 0.0815492508959192 0.193428483034199
0.373652284070793 0.205769980899025 0.253564136997273 0.0778623607066079 0.089151237326301
0.0490430046360984 0.167255967884277 0.336222753488669 0.116526238013265 0.33095203597769
0.142397776319308 0.0707005820787768 0.262518672119249 0.244972799357374 0.279410170125293
0.304333338470715 0.235125482460972 0.102501718351803 0.208494594080428 0.149544866636083
0.206769648506137 0.254330167868968 0.0120028640299207 0.320444254960369 0.206453064634606
0.034238549417214 0.161084005356229 0.036538648459438 0.397175925623169 0.370962871143951
0.264802261659397 0.231859450922836 0.313364219302373 0.165361451724217 0.0246126163911772
0.409465549321216 0.179721696045517 0.0708472455441659 0.124572183421418 0.215393325667683
0.187703376257718 0.412690530877817 0.198411174891854 0.186530465227326 0.0146644527452857
0.303916323458063 0.0825252773329603 0.342421758030263 0.14659798563445 0.124538655544263
0.277815792422354 0.0559953905103493 0.212675455706829 0.306007025932605 0.147506335427863
0.232300993748705 0.196726665766997 0.236081231867383 0.212753101968657 0.122138006648257
0.0319196547365568 0.360315918709295 0.0432755291498647 0.318042722694671 0.246446174709613
0.0621708587457789 0.314727873234723 0.0279352101824927 0.356653092864183 0.238512964972822
0.241242299880403 0.254016596568392 0.155333471734169 0.0867648504020657 0.262642781414971
0.251315205481415 0.156197744845733 0.214857845475549 0.0737724757162943 0.303856728481008
0.230094102378453 0.184024028257217 0.320009055566737 0.171684285718312 0.0941885280792809
0.272792366609392 0.0309668178593287 0.259292328511827 0.0916687393246543 0.345279747694798
0.0767280881176659 0.10418657938386 0.267984402655507 0.287746508903516 0.263354420939451
