0.0651622805208066 0.1782534213121 0.270166427442655 0.313301435443383 0.0697359422411601 0.0737405106631858 0.0296399823767096
0.164401848998499 0.0612496534546743 0.138085796462821 0.200928100930423 0.190542873775728 0.234920925089256 0.0098708012885992
0.193812115873182 0.0307766366096414 0.249945046892159 0.258913551543828 0.0298071697781096 0.190382449831336 0.0463630294717433
0.0162563715534742 0.0249215537000025 0.118519640674393 0.232571922616781 0.234135954557016 0.120067402169891 0.253527154728442
0.221984598506792 0.0944252430362625 0.0550206662773728 0.0994695671553849 0.1774600341745 0.194773100623528 0.15686679022616
0.154724498461399 0.0145525247460018 0.226325532550218 0.185962973917525 0.280631590757653 0.070789457398037 0.0670134221691678
0.189751307033633 0.154117442125804 0.108249759395337 0.117804345570445 0.17180230074587 0.130714335591184 0.127560509537726
0.0796138820634714 0.0261063725453083 0.139088956813078 0.08098553390575 0.283041718691477 0.259398768333339 0.131764767647575
0.0151471513699139 0.419224391941108 0.0722118651452195 0.1124239368598 0.00453777703901621 0.243474005510192 0.132980872134749
0.117293465802961 0.189789752918523 0.160975993324893 0.0476322064459106 0.0364448914888954 0.288096144954468 0.15976754506435
0.147981028440411 0.181633356312152 0.0907411548319861 0.129987793695535 0.161362274751529 0.173726350622124 0.114568041346262
0.00447956057428016 0.238818829120642 0.0974255335529141 0.135849137743636 0.215796257897892 0.189699433848049 0.117931247262587
0.0744448671823898 0.143140079158246 0.253193134097471 0.277839134125276 0.119211177483298 0.111856925832023 0.0203146821212957
0.156982641836384 0.11394840551787 0.15264394569682 0.179988216983076 0.0334331979042191 0.165385615992784 0.197617976068846
0.0238046426427875 0.258983081752918 0.0410298666848435 0.293703019039962 0.301701735112528 0.0510545526353647 0.0297231021315964
0.313410581806765 0.225360391224682 0.20234151427294 0.06506858881265 0.074228721202196 0.112688662559389 0.00690154012137788
0.240870848060511 0.130611632048553 0.124968648694492 0.13946212256088 0.0586038519029428 0.0760522893681553 0.229430607364466
0.0456776021596333 0.179920102229507 0.0529747985846796 0.108300216521253 0.164809873010071 0.268557923398069 0.179759484096788
0.145987483871652 0.190043778178151 0.213694669016349 0.0138766648064752 0.121664916154074 0.195488953000189 0.11924353497311
0.190826542870602 0.25107731659818 0.024598627548769 0.254467629667318 0.16065721089441 0.0635206040494053 0.0548520683713157
0.00470218891593119 0.0850155285026789 0.207829985333772 0.202453713083881 0.219442950272381 0.175465289000973 0.105090344890383
0.0714168494191457 0.102774337127958 0.148556602444721 0.190208826918377 0.0312280370287785 0.252096150163267 0.203719196897753
0.0907915431509492 0.257534892289674 0.169606109797382 0.00538379859412142 0.074902001199955 0.242307011977075 0.159474642990844
0.0739463008530428 0.0788541374490354 0.34141449532355 0.0716882438452907 0.0863016291736275 0.155537525669964 0.192257667685489
0.013225501905804 0.267330281230592 0.169927646219751 0.272676925346974 0.133869456652938 5.06954099789907e-05 0.142919493233962
0.0693891473955385 0.171133634806251 0.0114216198039435 0.0697243737764246 0.28431151291124 0.30073933107907 0.0932803802275327
0.182623676036197 0.199914829939872 0.058072809209096 0.203362394400966 0.0976705015966741 0.198909698975886 0.059446089841309
0.175407123715945 0.133501760643975 0.259728094313095 0.0878034119348148 0.0966705580267295 0.146511727452624 0.100377323912817
0.0396513729221237 0.0728298489973413 0.239157846377716 0.243802522746591 0.10047104963089 0.164024664650853 0.140062694674485
0.239841902350867 0.200067644311983 0.0941950306375775 0.263535004445284 0.0738754962419287 0.0878906079581714 0.0405943140541883
0.321786767979438 0.208705035466451 0.0231236596059885 0.0119315749359046 0.00358086813548003 0.303016141808016 0.127855952068722
0.0085981906397022 0.244028303668252 0.0692775249692803 0.171704663913678 0.132086869248917 0.116395223531706 0.257909224028465
0.0458230717597276 0.135471977435403 0.0309288838930461 0.151636242403784 0.168012570145697 0.222344452232764 0.245782802129578
0.0619072448381355 0.135946652250601 0.234629875653442 0.109263207974986 0.240633556635525 0.200967510508481 0.0166519521388299
0.107492562774862 0.10066015084244 0.106478203617496 0.275976438297219 0.174129860939815 0.173318205921063 0.0619445776071036
0.188941660476106 0.211546052712252 0.115224852555481 0.239389139429458 0.0116309211018472 0.10512645076548 0.128140922959376
0.0627183000680317 0.159668532753214 0.139385816884519 0.253665931652433 0.134069360379153 0.15385575487799 0.0966363033846589
0.133634328592575 0.0309521455619198 0.163156346873432 0.28229481271375 0.086870369804317 0.283317064648475 0.0197749318055319
0.0729212065256255 0.0676195845659874 0.111812557822626 0.233144572816996 0.173052121869241 0.196715714544405 0.144734241855118
0.181137748339018 0.207140125427412 0.0604310027037477 0.25229140881387 0.0820659480487779 0.0751368714664094 0.141796895200764
0.0235243454164173 0.368807639204826 0.251254292798523 0.0663232146195441 0.0362843822895742 0.215739838743927 0.0380662869271879
0.284535418571878 0.0666213550627066 0.014987385419943 0.269569902157101 0.278373983018926 0.0426327898791975 0.0432791658902481
0.195127927641514 0.213502920241334 0.0795802650362965 0.0350542279940135 0.262414090449385 0.158691971990594 0.0556285966468624
0.0580928744120203 0.184368701681011 0.140996403558408 0.0471369525900522 0.207508375638414 0.119017034166072 0.242879657954022
0.0863681112169276 0.102821276108958 0.232114713055043 0.18111923156265 0.033875753881044 0.220118871391532 0.143582042783846
0.0254704166614941 0.22787044123108 0.292504921892195 0.0891469866644273 0.103087932934647 0.142260301998168 0.119658998617989
0.167329957005739 0.0372445423088179 0.234679900823933 0.0502192991944603 0.108847473481177 0.191352245200834 0.210326581985039
0.243172899243931 0.141321657733466 0.266053699138199 0.143029767517591 0.157206348367026 0.0485562503150168 0.000659377684769923
0.172192074585673 0.131255265337291 0.180980089692398 0.0191474835553912 0.0783589996860783 0.233141807132985 0.184924280010183
0.249318264602335 0.0851542305347139 0.173605532706404 0.186488504521255 0.228114840320263 0.0110002465583849 0.0663183807566448
0.0941400183717364 0.184868055954239 0.2119491842609 0.155407189877097 0.171575048747141 0.102781952301564 0.0792785504873232
0.00428059600269285 0.124102878948913 0.239061773287831 0.233473612316931 0.0919170332582467 0.0874690050086941 0.219695101176692
0.0230728317869164 0.345509417586206 0.157117307042514 0.145705174723247 0.200521362213312 0.109686191844549 0.0183877148032546
0.186499647801941 0.331120130226817 0.0275902602060814 0.0165025050678442 0.113717121766102 0.191508125940089 0.133062208991125
0.202890237937521 0.1838056078536 0.091056558011578 0.197612467592395 0.154846989726779 0.124652081968064 0.0451360569100622
0.207567213708675 0.0761736343801487 0.0389933354504678 0.312135963022602 0.216021901047866 0.0284335986054889 0.120674353784751
0.0593179140566668 0.207729180276809 0.0866860158577384 0.187414085931839 0.205346015367299 0.162064447254055 0.0914423412555932
0.235295696615277 0.0218829872408926 0.134639335140267 0.20366990846072 0.0578539800285914 0.113212444581509 0.233445647932742
0.11021464505897 0.269657409193116 0.13736976808876 0.255490966423323 0.0598080497440532 0.123772078701909 0.0436870827898699
0.130235366740128 0.0759483874834674 0.196553337265384 0.183300453339226 0.0832364265561783 0.175161189781286 0.155564838834331
0.0494300642913021 0.254215824408012 0.202452599679516 0.156693303485145 0.150536426526179 0.0133095352747268 0.173362246335119
0.161756862213504 0.185717758797535 0.174515826662273 0.227080527529189 0.0715239683217379 0.170284181829479 0.0091208746462812
0.0108994679757878 0.189899226707529 0.269787505831972 0.0572033131211928 0.175048410376407 0.135355609552218 0.161806466434893
0.315938100225502 0.0983849797491503 0.195657353495746 0.143451850976914 0.0174209273895533 0.0883096829938878 0.140837105169247
0.0997028560916115 0.197717384352055 0.120179554518426 0.157970676893098 0.186161613511829 0.102903782632818 0.135364132000162
0.1758128996399 0.0322870932727107 0.253863905192396 0.10425828982617 0.208021291733076 0.144964388671463 0.0807921316642839
0.162294887845566 0.160024054798209 0.0950981374934293 0.115222944259437 0.199876677368262 0.206389950643576 0.0610933475915206
0.0885207157564536 0.144348836643545 0.0520968199187118 0.191787196697373 0.17004716744041 0.168808288089592 0.184390975453915
0.149185597315963 0.124507686620911 0.142318116673668 0.201950300906907 0.196462424191254 0.0367190308301508 0.148856843461146
0.340527402514456 0.120946628105023 0.121834761496952 0.065624445804067 0.0211109835606662 0.0404467168062629 0.289509061712573
0.111854573602256 0.215438602308664 0.132415625086255 0.14859151488043 0.262179848812765 0.100114743404148 0.0294050919054811
0.204660474743453 0.137241309506004 0.122688807213145 0.141304570054709 0.0933054727660122 0.166885620220497 0.133913745496178
0.248893853521033 0.00951427550016346 0.0354186632574639 0.330407990904502 0.267784428625539 0.07178806462574 0.0361927235655598
0.246356856748823 0.0958623292361523 0.00747069640700871 0.284844719184334 0.164087992117452 0.00907094768828936 0.192306458617941
0.167272375652769 0.118286304768841 0.247528419997776 0.152649802579455 0.0729109134519248 0.143635135253463 0.0977170482957721
0.103229629366121 0.0317193974890696 0.164486947674256 0.26414749691579 0.168583235611308 0.223704733676651 0.0441285592668049
0.170519786757773 0.0558620918580304 0.19784263744361 0.0311079438690114 0.291164737938729 0.198774012191327 0.0547287899415179
0.17500650088983 0.240040667053203 0.0324666492539016 0.250717734825 0.0499328094207531 0.135386153055214 0.116449485502099
0.14166185995181 0.0713545924905255 0.281931956229704 0.241720724033584 0.106821352448157 0.0998294367491111 0.0566800780971089
0.201276069910527 0.256987254972713 0.137285636560701 0.192944432256654 0.0378184681676439 0.128150717231159 0.0455374209006024
0.0481468286223415 0.183014127304547 0.230839166083214 0.207094262874594 0.108681511641781 0.193982618902215 0.0282414845713073
0.1137512384056 0.330847678221123 0.234166275233151 0.00197342094949812 0.0682442637601328 0.199305250435097 0.0517118729953974
0.0186494076455182 0.0156414268914015 0.0717015076092713 0.104919952898428 0.400823039138463 0.0600068059980754 0.328257859818843
0.272852154259004 0.033123117500816 0.277334464052911 0.0674068912558202 0.0331954143883327 0.186982480514049 0.129105478029067
0.0201142593649049 0.148009043553344 0.0796559302089317 0.229177478611488 0.0495629938681874 0.2561189545486 0.217361339844544
0.190899605213167 0.208005837553918 0.0669933429914576 0.0652155575153769 0.137866041170533 0.0620809846069804 0.268938630948567
0.0552382862026383 0.0424921981975072 0.262386770076998 0.146848701482226 0.163145483625209 0.0868422943921374 0.243046266023285
0.081001422184653 0.205096148428911 0.248030166006966 0.114568615837025 0.039235689366523 0.13000627092907 0.182061687246852
0.232382994636384 0.0764928783294155 0.00971381737756964 0.187654553121732 0.0929799136297799 0.263623085874664 0.137152757030455
0.0519277934908582 0.0614759501802314 0.213831974866747 0.247571765488996 0.141945016639741 0.057729440860561 0.225518058472865
0.137362800971689 0.22552498582549 0.142538111834139 0.133819949558344 0.00710483351432177 0.190376868947088 0.163272449348928
0.111828371099663 0.206941761086314 0.204284655738486 0.11777901659294 0.166548337665899 0.0602820684785243 0.132335789338174
0.138824877074171 0.139283508491654 0.148620021851548 0.16587439446971 0.130843043695568 0.108488764167164 0.168065390250184
0.165423302280126 0.143741650073116 0.17718070579046 0.0440931972778105 0.125912312387468 0.180928717992891 0.162720114198128
0.0539529781017477 0.170377453899013 0.229409031614328 0.210899531472815 0.10559892468663 0.22773101008462 0.00203107014084706
0.0736355393211086 0.284804375561302 0.055310962695902 0.290709105207138 0.0713799403140064 0.209967317350207 0.0141927595503351
0.202424092463842 0.123660132628688 0.306463526442048 0.13600113680023 0.0323169811987218 0.0467606580136245 0.152373472452846
0.311288686059561 0.0674098338159577 0.0638753219884115 0.00272706724676629 0.13461942837576 0.247261187273028 0.172818475240516
0.197306079354857 0.216265016565476 0.0529806802549454 0.145292067677555 0.028359975056613 0.193635181186204 0.166160999904349
0.0583421075777732 0.124561547499662 0.159383580565424 0.157768833066427 0.219054815885869 0.00651719196991637 0.274371923434928
0.174861069949219 0.219548784931114 0.015513447112229 0.160380465996429 0.162661136380356 0.150568253647491 0.116466841983163
0.0695787410005401 0.247715095547329 0.229894310617812 0.0267854162768776 0.335422839860054 0.0490598719459662 0.0415437247514216
0.0450036913304787 0.136173998775523 0.397794474447297 0.252030160171759 0.019792699638349 0.0253934084162997 0.123811567220294
0.172238696195576 0.210206239133809 0.151120646681695 0.0909471325291396 0.0139911537963728 0.184439398241434 0.177056733421974
0.121091316334108 0.112294342515075 0.208268863779523 0.115008233344189 0.298447887196012 0.136897162589522 0.00799219424157162
0.0622037754441317 0.203309320565152 0.140860734296163 0.270944592051113 0.0628394931558042 0.151968946382111 0.107873138105525
0.0769302172711286 0.187460897358609 0.127913296996755 0.0865405314038522 0.183577721911543 0.220960656459128 0.116616678598985
0.135351040594694 0.0692539697883695 0.142612461499661 0.0795206110535401 0.36542025885541 0.201778803861943 0.00606285434638174
0.254500905648805 0.0642777113516904 0.223889377874628 0.226132610424519 0.0394490453983041 0.028515344268645 0.163235005033408
0.0777467696476295 0.240957508915096 0.0242655791859011 0.164364309309269 0.0849202075602304 0.195072566181061 0.212673059200813
0.175569252767018 0.176186472448541 0.251821787424415 0.0906512890895985 0.0528053764932857 0.0589994152014923 0.193966406575649
0.19413733134078 0.137512202252812 0.0758739330764918 0.0277809636648371 0.187896011433596 0.184038207489843 0.19276135074164
0.0618449367910986 0.0441813578584966 0.237641618952158 0.191066690573944 0.205799238985904 0.194257809963135 0.0652083468752633
0.180770421469711 0.177320973871526 0.02429398895439 0.17651246845236 0.202374193975185 0.204213145626702 0.0345148076501272
0.258069968874673 0.167485224302828 0.115146726250906 0.0599561583620255 0.12944297549282 0.110496716082638 0.15940223063411
0.124928399934163 0.218657289825787 0.0902081001614361 0.179681058664217 0.0540605411375876 0.123149109792272 0.209315500484537
0.202316719784342 0.181829882803643 0.160647593411788 0.0482604200837903 0.178178268398772 0.0624124436995298 0.166354671818135
0.00824523679228395 0.18483016936093 0.260855734615417 0.141138985838981 0.219936330274931 0.175679163687233 0.00931437943022375
0.236156753544382 0.00747835400880163 0.142570405272807 0.268524314235039 0.085315545379802 0.101499088484191 0.158455539074977
0.134381886809826 0.163856163667322 0.26498867227785 0.0570676687464746 0.202294722834259 0.0531051347871112 0.124305750877157
0.196004852746543 0.219978077358527 0.109686642857217 0.0626127520626247 0.0111109106419085 0.210490819400331 0.190115944932848
0.131143523672964 0.0751915670189268 0.189293584162339 0.178084746488576 0.00918144245529394 0.211092495805251 0.20601264039665
0.196723809642875 0.225318173448471 0.225643115826733 0.00157336507461101 0.149435197322649 0.067659555243723 0.133646783440938
0.044363571012164 0.156504551693623 0.240799220358609 0.0196245739909725 0.222293645863244 0.261563618646592 0.0548508184347954
0.264308608628608 0.174117537426254 0.135807140311577 0.143110048214732 0.033116431513156 2.65499373590355e-06 0.249537578911937
0.220356667892266 0.169796891803553 0.102918887347043 0.11290240341464 0.0291008863606627 0.143269165776417 0.221655097405419
0.0811815745469796 0.253977247219588 0.219296524595992 0.097108238931632 0.0504095148389906 0.232180202398715 0.0658466974681018
0.240981362903692 0.0916964205623153 0.10197200834916 0.32943409015255 0.146545921019929 0.027685530000823 0.0616846670115318
0.0625001437209238 0.140341904318375 0.158110937597259 0.176089663254538 0.177564298364074 0.106568232756308 0.178824819988522
0.305716155984528 0.0595637723484933 0.247805969614445 0.0555765840255896 0.0640951833917761 0.120236278720059 0.147006055915109
0.224203163916593 0.0571210483214127 0.199806525544595 0.0426411244506977 0.180164230553563 0.095483202133279 0.20058070507986
0.0587360115337457 0.137508775792286 0.144797213244848 0.0533754060004767 0.185135150483446 0.168410805188164 0.252036637757034
0.0567413778429684 0.207171464877915 0.10829647722962 0.2665977824601 0.160646971743062 0.120726481536301 0.079819444310034
0.19887393550164 0.0786514508691311 0.170354825585289 0.121653160685 0.195850932686328 0.188265891160343 0.0463498035122697
0.181241012786025 0.25279459329726 0.0417310888873321 0.283214863995469 0.0550291298563114 0.118561302532657 0.0674280086449452
0.157729192861505 0.0901461484724206 0.115895755948372 0.230965531149643 0.184065426882247 0.00969064291547722 0.211507301770335
0.207337299111375 0.0941730507303395 0.191159027023497 0.159616375717188 0.0920571542060538 0.18187061946463 0.0737864737469154
0.0818258100757363 0.0718298481947214 0.0946298479093194 0.201003212930604 0.176186687154261 0.186142697584401 0.188381896150958
0.0450107334342868 0.16221542086049 0.155210607792275 0.160137079843556 0.148923472427558 0.146562206918158 0.181940478723676
0.0245938448775593 0.208375185862493 0.112149178314848 0.11509415907847 0.303115109063652 0.103440394244908 0.13323212855807
0.0405254461538358 0.0207663935519809 0.234504826845428 0.205426776403229 0.204486901852927 0.0620199543952694 0.23226970079733
0.197835665163044 0.110698568918686 0.174293377664536 0.0344064619452498 0.142128173004145 0.192672244571419 0.147965508732921
0.104713936550909 0.0735105192678082 0.194904358156141 0.11890058019609 0.123803559916652 0.299479778209506 0.0846872677028931
0.0326145620817947 0.220007030808709 0.133814212637957 0.234469349703832 0.00610187412532806 0.256115654599532 0.116877316042848
0.0915152936133701 0.213873759796205 0.15766436367599 0.133891507669184 0.210034535943248 0.0709360720969207 0.122084467205081
0.0833026836747667 0.147619439312309 0.197939521125988 0.237234756388619 0.0918236763394182 0.126755902774114 0.115324020384785
0.0488487407545755 0.0837377547331744 0.239153502414604 0.14649667739808 0.226267860257333 0.173358154204934 0.0821373102372992
0.0654445737091646 0.224364982718291 0.038054751304755 0.115146122990115 0.130843862259056 0.224155889732817 0.201989817285802
0.146030609652897 0.18836425474257 0.150675659453448 0.237019304176401 0.0739362482486529 0.149059501398514 0.0549144223275184
0.0510464447690668 0.181328300905931 0.271721621055419 0.187106775172313 0.114044393808403 0.0409854784948768 0.15376698579399
0.101703848143782 0.272000104808291 0.0242434452216366 0.125569094158378 0.0773489246662207 0.183070668248114 0.216063914753578
0.0968455421561635 0.205048462006999 0.0284746093133252 0.219332554996074 0.0294630917113563 0.195087558910549 0.225748180905533
0.192820142014049 0.0873703787119176 0.243633880734241 0.0536551388786104 0.105096179980914 0.196043272912312 0.121381006767956
0.0507731363986089 0.231057432804845 0.181236703490057 0.0862295486273095 0.00421362933927323 0.184615617549417 0.261873931790489
0.0263615994148025 0.0109282329671696 0.179259125129742 0.181340499879783 0.245648720486734 0.257473061477762 0.0989887606440067
0.159901849326349 0.141089152608427 0.0810482756432196 0.15514878676334 0.194715281308387 0.13468462934117 0.133412025009108
0.166732896384472 0.045541937845892 0.219876117221573 0.158956196591464 0.0770288895879836 0.168614048698215 0.1632499136704
0.143340011560688 0.154829285531244 0.146763330511925 0.178808565812372 0.0967806449639156 0.198394835768007 0.081083325851849
0.0976010837670317 0.173123171638745 0.134708700003547 0.113386055461711 0.11756057445303 0.191185594060987 0.172434820614948
0.296153575910406 0.150387237575165 0.203312770048892 0.045078266331583 0.0237323581766341 0.0520401688522423 0.229295623105077
0.228889865488054 0.303545542969347 0.229158641596071 0.0306033654569217 0.129627633271609 0.00517292737034171 0.073002023847656
0.150178099479834 0.0969566932463837 0.0540731875042898 0.151856040768324 0.0511222685352757 0.151025273743687 0.344788436722206
0.0284474637710655 0.265863851172651 0.109931270445691 0.0634620336377786 0.0110451323682539 0.274208225283916 0.247042023320645
0.0259267508915118 0.330943774706504 0.036765552882395 0.174943969965484 0.303065860485222 0.114152245963539 0.0142018451053443
0.0606975986114551 0.295214180350419 0.121125403538175 0.0548178895274718 0.0184421988270273 0.178374416198371 0.271328312947081
0.0270418947922275 0.185591960563982 0.246067352031281 0.173544537189618 0.0584821404153955 0.177633765455355 0.131638349552141
0.226407595999178 0.0755685294180868 0.0521870691797882 0.0156685414990797 0.239931315601929 0.211674895942293 0.178562052359645
0.13135718680543 0.325630959690765 0.0630981772300759 0.119887849746982 0.164181979353703 0.0991221490131836 0.0967216981598602
0.127639680686143 0.116301674588613 0.0210442070424931 0.258171686008577 0.374556578815702 0.0858370100661658 0.0164491627923066
0.0331199833042563 0.0896216562560175 0.00589835018318435 0.367888520469687 0.00855756108591106 0.470089354335586 0.0248245743653583
0.199466824469497 0.108114865777724 0.0159448831235272 0.183212358877264 0.216075438024647 0.163002328373276 0.114183301354064
0.157429031987383 0.172458864299087 0.147346824856709 0.177684263097671 0.0857909021245194 0.0600088869975662 0.199281226637064
0.0830182384177481 0.106268201027548 0.224111301643602 0.186955690717208 0.202696531134673 0.154335029262045 0.0426150077971756
0.146531582092448 0.0879648172079548 0.0161622416100374 0.124181088039674 0.228130736981177 0.268125499184043 0.128904034884665
0.145463872004483 0.128022989762842 0.0780692047979573 0.14206346355113 0.221464440060194 0.137293131518108 0.147622898305285
0.220497069610408 0.0365404561827543 0.0744950958427312 0.0969351186660306 0.104259434630726 0.222603139996796 0.244669685070554
0.0377879540723566 0.183763614373368 0.082817034919319 0.0943732875721336 0.215751991847179 0.208209683075059 0.177296434140584
0.189425206881347 0.0235315965223779 0.246140121259191 0.208624933299258 0.0650605535699555 0.191620962958239 0.0755966255096317
0.0204204748699382 0.310527051142914 0.0257508524657086 0.218113561273211 0.124847001241992 0.0804799110969279 0.219861147909308
0.157108145828754 0.223675178305607 0.0418966895413126 0.0217983877495929 0.198726327730138 0.196758280970929 0.160036989873668
0.129658633920182 0.0253239376065547 0.170190932542105 0.194854254000629 0.0264713630484685 0.261293241492932 0.192207637389129
0.170473379005154 0.141125654363365 0.0186892170650084 0.188393306359964 0.207632596342068 0.0579472475615532 0.215738599302887
0.159670316219339 0.0553744477344816 0.203929795793185 0.0832096405587601 0.172366987272272 0.216991843804101 0.108456968617862
0.213619944781133 0.125746572722741 0.0650368305134586 0.239924885762296 0.0559193927083699 0.214130295953765 0.0856220775582364
0.0247869765034988 0.267337722340866 0.395979075323395 0.0358078281848167 0.0502717594852097 0.084003965758977 0.141812672403237
0.249019566308652 0.230884308817421 0.0419744478977235 0.271212237761229 0.0368524535947418 0.0731140986232878 0.0969428869969454
0.117391040794151 0.238111265227198 0.0498064545084809 0.123026453139586 0.123831191169797 0.0477584476217069 0.30007514753908
0.15844079678919 0.0849000347944475 0.067471967394282 0.196281877378569 0.233430381960315 0.117587059135877 0.141887882547318
0.238497388655676 0.10717108220011 0.156700421694283 0.0844620222519564 0.0074109122933898 0.142162143066813 0.263596029837773
0.0767828557653639 0.0669691506611696 0.0876436408251674 0.379081744544176 0.129256968384057 0.195855047441569 0.0644105923784972
0.251236025876124 0.100238724079313 0.0242450965624786 0.152356026824465 0.150748834109785 0.164354207145128 0.156821085402705
0.147243051768775 0.101530790853628 0.187411764381734 0.126201152317252 0.186154335474117 0.205153388736269 0.0463055164682246
0.224828408740463 0.0632080287409574 0.278014979682928 0.0294856729991715 0.0384201969441543 0.342790499113639 0.0232522137786869
0.193323541206819 0.151930939610955 0.263114880557437 0.0494962640516475 0.154999167133437 0.156835220723874 0.0302999867158302
0.279851995421733 0.126739577368878 0.070289561317679 0.109141396091516 0.204126514008259 0.190229780043634 0.0196211757483024
0.238281577189074 0.0376094729200666 0.134484782305747 0.159435310277969 0.224329894338012 0.0260433425811392 0.179815620387991
0.178457745578346 0.124791186355798 0.113338362619104 0.0806302584169944 0.0933108650470727 0.226968744204323 0.182502837778361
0.171648711264067 0.164340022692368 0.0884936764234636 0.110373815338497 0.176676054074245 0.152879251578997 0.135588468628363
0.177601754070567 0.0487489353202544 0.209663367776577 0.18230411963656 0.135165825961462 0.0321541246854763 0.214361872549102
0.0512670879524012 0.119849105410217 0.151208586623499 0.0818656559430789 0.0120701285930755 0.370055792551821 0.213683642925908
0.0557879534381296 0.0153562597706885 0.4775879163059 0.000670011423163144 0.00549562274551222 0.14035370878253 0.304748527534077
0.197290792118361 0.201689330108743 0.0824908437740912 0.144253278272347 0.21423581308609 0.143942371784038 0.0160975708563284
0.0662726137706813 0.122143312724994 0.0140246724458243 0.130668056505616 0.251486836969595 0.151525480858377 0.263879026724913
0.106206449480461 0.189380033892667 0.0555457884105939 0.0538287427348829 0.19717086187267 0.199080155635081 0.198787967973645
0.126111367893797 0.209164733344581 0.186968647653703 0.22549936254725 0.00018372592938526 0.24071916911205 0.0113529935192335
0.204714441648063 0.10348259007739 0.00646291676519578 0.184119756723651 0.0821821201985638 0.219846864086929 0.199191310500208
0.166731597104609 0.119254504106245 0.202756182339602 0.0246486184506423 0.119432422753998 0.150025605203276 0.217151070041628
0.13825708261758 0.123588680949544 0.00925277154302627 0.30924193786955 0.251040122357283 0.112954157517132 0.0556652471458841
0.156140902571758 0.171653553417635 0.181141272067414 0.119713348738401 0.1562978444723 0.147748784716334 0.0673042940161584
0.0248006432179853 0.0983736988395755 0.254493525540985 0.169228322050895 0.146418380259763 0.0577560492728348 0.248929380817961
0.167105812544865 0.0704462140269868 0.131078271861356 0.300198428222363 0.237258703578082 0.0471317426861948 0.0467808270801524
0.21237761483975 0.119586957156434 0.182031072670988 0.257206686820966 0.14547314709586 0.0813081027908206 0.00201641862518062
0.0331792715002056 0.292656240252696 0.039900938004976 0.241206846060531 0.20124920819423 0.139842358771119 0.0519651372162422
0.187754383377158 0.0353668261836539 0.252454249515436 0.0346483480438614 0.17361969738036 0.159265328787552 0.156891166711978
0.147223242483932 0.345121995785457 0.0581179180833678 0.0550151327662261 0.0848336797097545 0.180929464123364 0.128758567047898
0.169115787670442 0.109614915212358 0.218083524485637 0.141114919704763 0.27727293414905 0.00963643476549692 0.0751614840122528
0.0376322482065362 0.0706752485193626 0.247647723900417 0.232573326150905 0.00308698170371509 0.205562138611692 0.202822332907371
0.32232579415552 0.0548693811454161 0.19279939246894 0.278620296540547 0.020578627653716 0.0802696640835006 0.05053684395236
0.00682965538504828 0.1699722026132 0.259418192171799 0.0893862756274537 0.226137687482514 0.0848094711462335 0.163446515573751
0.213029061775616 0.163825323009313 0.0392637742317466 0.104399628787233 0.227195855483683 0.0709110073688848 0.181375349343524
0.230682499862079 0.321512407535249 0.0568724328654927 0.0278906028125375 0.0480136073565383 0.0824898825177145 0.232538567050389
0.0647796713538615 0.326403081812535 0.0954927002050508 0.19124453601281 0.0798302322858094 0.0727728465536644 0.169476931776269
0.181598205757567 0.00198051820446145 0.15759206701638 0.247512216811968 0.119216425671734 0.208963578257215 0.0831369882806749
0.33681092330913 0.310012620813126 0.000140035148278201 0.0503833821838717 0.0520362005902223 0.133946936899382 0.11666990105599
0.00185789705488537 0.279715532768588 0.0669266174225175 0.26373217159727 0.144933162489971 0.0826334716583225 0.160201147008446
0.0342917910368387 0.323421698797485 0.0836531932072417 0.310708292807899 0.00271282761267688 0.227152101606452 0.0180600949314062
0.170458884519066 0.125393029864427 0.156012072527061 0.0883135312109701 0.147782134845438 0.151754265261566 0.160286081771472
0.206272281411448 0.188325374600236 0.195660987119067 0.152554395858821 0.0725292343904919 0.161107896244084 0.0235498303758531
0.0452059377848345 0.248006677500313 0.25481905433784 0.0538249695182366 0.144792035842322 0.116322197573035 0.137029127443419
0.076296075125379 0.0114384843886287 0.310131120542667 0.119539178530542 0.154405431980333 0.106650387392285 0.221539322040164
0.144892315275861 0.176693973788013 0.251710384414403 0.181884422839176 0.0865839213378631 0.105797666568687 0.0524373157759957
0.350577637682928 0.138535920314899 0.015736202337312 0.115193608007242 0.292521569443 0.00565097962357118 0.0817840825910475
0.117002321395555 0.202653547063146 0.234940069501525 0.137206285368879 0.115979326101944 0.101601096625349 0.0906173539436018
0.0506168013641785 0.146143887075972 0.262344856808934 0.233889393747184 0.132092408660462 0.16673288449014 0.0081797678531307
0.079452424729578 0.00952756541041458 0.229880030263028 0.151469713140796 0.171088000500153 0.11775224605765 0.240830019898381
0.14954694441258 0.198437545908689 0.0890801933681245 0.200018540065715 0.0874008383158145 0.131604425561257 0.14391151236782
0.211374875310669 0.104542552490152 0.186360269755868 0.0934778097527614 0.21290289449597 0.0309018091789576 0.160439789015621
0.161594773598116 0.180073046411329 0.166806200159753 0.0773048209365622 0.218116509126112 0.0371362512558107 0.158968398512318
0.0795440319268552 0.174181488125612 0.20551087902075 0.0952269979738062 0.16659155698756 0.193934542291905 0.0850105036735108
0.188504234044759 0.227404565420498 0.0417936403687338 0.155357551606666 0.0502554049391219 0.109358189404789 0.227326414215433
0.234555374577676 0.15089547808281 0.0556018431922693 0.0496521480341061 0.03185948918881 0.265665118217519 0.211770548706809
0.323959635721965 0.212252603045523 0.147464120301946 0.104034490154993 0.103469259662424 0.0430474890975992 0.0657724020155504
0.0121929476492208 0.100467050772224 0.164685434117736 0.176583663162365 0.263154384950762 0.154163567152285 0.128752952195407
0.126646807475166 0.0613732440104218 0.187204957966173 0.0581205331705099 0.104576089809621 0.225007789121502 0.237070578446607
0.0736924093446046 0.285478736203424 0.129408824147767 0.195835397548244 0.0638414460203859 0.231708502205039 0.0200346845305359
0.258444518791468 0.245289158484636 0.0603138159556861 0.0257260645650517 0.180937949685761 0.177498810128076 0.0517896823893204
0.072746669159587 0.0836886611892306 0.0987165606662972 0.283108815380302 0.162229828844053 0.0917820933277217 0.207727371432809
0.207458200862817 0.230046728686359 0.112083952259477 0.16588511319317 0.121674952863925 0.0537635837148933 0.109087468419359
0.168968853832224 0.185639510834528 0.0148544463601071 0.121297334575873 0.125131522811905 0.187378616310552 0.19672971527481
0.251465106174031 0.289680272951473 0.0563971393280455 0.232478820220521 0.0940122389627127 0.0691356140999449 0.00683080826327277
0.173079121817224 0.145075025641144 0.205117998207207 0.135291458075362 0.0650931665886645 0.114442162907687 0.161901066762712
0.189316346115273 0.158727322198546 0.216680698761215 0.13327920131548 0.0965193350593737 0.0918084006953137 0.113668695854799
0.127722451370683 0.0795925071654808 0.22103913003242 0.14647871597944 0.0602426135230116 0.151011242178311 0.213913339750652
0.0466493696273555 0.211179503541122 0.171311708042661 0.168268557346484 0.0974205702683414 0.209609055341148 0.095561235832888
0.036156090799666 0.195608483058704 0.174882970791091 0.166243922020806 0.185157718079324 0.105260238253827 0.136690576996582
0.226580110523067 0.144290589652777 0.0474813837054595 0.174988004848307 0.171674159669736 0.0427659224514028 0.192219829149249
0.178956797208759 0.270678042071395 0.016441065776569 0.0481107135621987 0.123232298908625 0.158344183046836 0.204236899425618
0.265560630849956 0.0465121732823467 0.185368576546135 0.270177462234173 0.00660015578347117 0.212897659246646 0.0128833420572725
0.00422022336390558 0.126309294964776 0.276068010941344 0.198329225818466 0.152823378078456 0.143778126941423 0.0984717398916294
0.0298600995437701 0.273328672383582 0.265322577296977 0.235050241653871 0.0876384645071153 0.097678479485307 0.0111214651293779
0.217997926727296 0.136808668972044 0.132688553491201 0.26109237979909 0.0148203093426986 0.211030862443448 0.0255612992242221
0.0347499103394797 0.065161572438536 0.0541059366061567 0.511216105596991 0.274287107064091 0.0518185453295222 0.00866082262522365
0.146157902599447 0.0477730676163792 0.0493523866598145 0.31500627883697 0.144235918948929 0.175755014835704 0.121719430502756
0.215582878596438 0.172071063502652 0.0752843755453023 0.183201281838525 0.188804889800481 0.140094599001475 0.0249609117151265
0.133749969471693 0.169835715948778 0.0656527536829579 0.379078760961003 0.112746514082222 0.0368762431407601 0.102060042712585
0.151702128357788 0.187646137882304 0.115307687835906 0.166434562462254 0.237961077289498 0.117682825035766 0.023265581136483
0.0527162562886523 0.0220517092961215 0.155067281504755 0.218383998303834 0.129817985071849 0.183736820794876 0.238225948739911
0.0663007320779928 0.368939351929512 0.0516158494554095 0.131447602461681 0.0779826418864548 0.0317484206779626 0.271965401510987
0.0785503504123447 0.190290449093281 0.212373526538853 0.163319200660565 0.074057132844447 0.124759565489317 0.156649774961192
0.140597374399997 0.220427213684944 0.0102416042614018 0.10712201547858 0.257138561002242 0.178994500127109 0.0854787310457262
0.0917010687156545 0.213981119849823 0.127600314033693 0.106146050237327 0.212814614872212 0.14016251350784 0.10759431878345
0.171272851079232 0.106315047273285 0.21058220709323 0.0494678360269376 0.137476729306414 0.226813899844688 0.0980714293762129
0.183896187088397 0.182386898055232 0.1734247159033 0.0553269649827387 0.183387758051165 0.0882276697114856 0.133349806207681
0.15830583924707 0.206811019400128 0.177152533821891 0.131041676914502 0.168112680861285 0.0655550094101978 0.0930212403449256
0.118603433312541 0.210532078557189 0.243404541907097 0.0590038769704977 0.0180609304324695 0.121141417812216 0.229253721007989
0.177749520486943 0.148567731022278 0.186124956948996 0.128028778495965 0.0910762808381535 0.170551963356571 0.0979007688510933
0.175064208102078 0.0426134112534561 0.0705174654516439 0.13284505827662 0.216671538525384 0.243215372846697 0.119072945544121
0.238154877462426 0.129636790862978 0.0456285783769231 0.204439884201815 0.146697095369591 0.218682457203269 0.0167603165229982
0.128186424741502 0.205670146440947 0.0646593391736696 0.259207115573864 0.117748677851975 0.19908379796051 0.0254444982575314
0.237939171978366 0.0708294350866314 0.0804016787709003 0.154947915697362 0.0735121832863601 0.22012038554855 0.16224922963183
0.247122896541894 0.0193937043245094 0.21274515170711 0.061153101778591 0.0754006688364839 0.107613500701638 0.276570976109774
0.000148171381528182 0.224263685205235 0.216645835649222 0.125240118429592 0.141042412313189 0.10115019670752 0.191509580313714
0.248689699190718 0.107673819295682 0.257309538414144 0.130371010852586 0.0764612476055664 0.121413612839107 0.058081071802197
0.144053532607633 0.0290260630786116 0.106448182171969 0.197684247674026 0.129285432758515 0.164335325459515 0.22916721624973
0.272087225297486 0.0781643714118784 0.023190526698522 0.288464291946841 0.204977232011662 0.0907390593033049 0.0423772933303052
0.109745022183883 0.0872780590761205 0.251267365484607 0.190698621560064 0.10184610231436 0.0919427186680475 0.167222110712918
0.106580935694018 0.0558831790684989 0.14726442883834 0.111293725144461 0.0325193989667959 0.344924021444807 0.201534310843079
0.00840767455301667 0.201732241147325 0.166058345066163 0.192931648748819 0.20452201892552 0.0284366649258801 0.197911406633276
0.113017629555045 0.110964265338321 0.212867410057895 0.0824758946997186 0.135509378831419 0.11740835500517 0.227757066512431
0.206573016057929 0.0727746080284089 0.0946258822879058 0.202602467553693 0.0512234108598632 0.15539554343115 0.21680507178105
0.100335472948435 0.208501000372899 0.110174138338107 0.153028070585984 0.178292413186937 0.152406549653986 0.0972623549136519
0.143218775644042 0.206646425425793 0.104227344056935 0.0825370139553247 0.230178272939701 0.202030152008939 0.0311620159692649
0.167135137733251 0.185852806343393 0.14961223919534 0.219877976030423 0.106146225676833 0.168578253121193 0.00279736189956839
0.106429763796496 0.081018559632656 0.135520337367289 0.236966530324186 0.00599620456772785 0.222964936710242 0.211103667601403
0.0778504696754442 0.123677550697906 0.182644867950487 0.186716609647698 0.222147631706636 0.106590013369839 0.10037285695199
0.178054974375929 0.0715114825219778 0.149246831812224 0.223716682617333 0.25528386052077 0.0874873585839108 0.0346988095678554
0.0969060987192716 0.266816387178534 0.0168861629421982 0.286245371732716 0.0249093722184022 0.277864953759676 0.0303716534492025
0.215409078065838 0.230897685097296 0.192914951498826 0.0844132460756354 0.127049105713154 0.116585802074441 0.0327301314748091
0.122201413973174 0.330716379821916 0.325640142340181 0.0348876927269045 0.133459394377295 0.00991857833550817 0.0431763984250215
0.31554184987801 0.0966186874406591 0.138496579788607 0.122093877438165 0.199796980183947 0.0191639031167442 0.108288122153868
