0.194890584502745 0.254984364930762 0.0961605924744957 0.24449509520847 0.0584207059068199 0.142532648110433 0.0085160088662736
0.173334164821481 0.159174842275128 0.227969940072628 0.159731170302781 0.117059807035198 0.124983483669979 0.0377465918228048
0.0281064982288012 0.113841394938099 0.255605719852698 0.299570394281836 0.229774006678606 0.0641049221835684 0.00899706383639134
0.119140942912069 0.0925881928737634 0.102717983366844 0.0400416524671183 0.165352653555329 0.19472857237695 0.285430002447926
0.116479420849861 0.106444887451324 0.0813503404473995 0.196263745559322 0.163772618149768 0.211658259300766 0.12403072824156
0.0374196389472709 0.117794910580489 0.167386363715066 0.084461972982932 0.219097319994421 0.12684940645656 0.246990387323261
0.0507110891129081 0.216294589187285 0.0937899279184078 0.101478075455966 0.165030667865565 0.196107028391323 0.176588622068545
0.136677940629715 0.210977778767227 0.209528453927768 0.129977558291911 0.143842225696251 0.0772100606019568 0.0917859820851701
0.188065290794556 0.0673546010402407 0.193797708002413 0.139065600969873 0.172439730759539 0.233291141727472 0.00598592670590587
0.135798393148776 0.0813428225493147 0.223674028914866 0.111169802761213 0.078196478914853 0.233201799741772 0.136616673969206
0.0412880400703431 0.146584977415288 0.287763675308607 0.217918394832652 0.00742297775140387 0.245073932406041 0.0539480022156651
0.228558074429726 0.128924379747786 0.113098632098198 0.0362903346216268 0.197686779571911 0.221890767735636 0.0735510317951175
0.0664552985146399 0.0566130896952012 0.309581624552832 0.0536899846421905 0.246296959172873 0.0185397308250854 0.248823312597178
0.117578853002963 0.110853288382118 0.118976811666065 0.135177072756098 0.244528274376226 0.144769895741998 0.128115804074532
0.0928237042011757 0.203344998611128 0.0233433347559698 0.297282892396172 0.0498180474428172 0.312349306365978 0.021037716226759
0.128727941947793 0.257741083894901 0.242147964169695 0.00808952750929035 0.0821613739345573 0.26751516231899 0.0136169462247731
0.247003316693535 0.189911572639012 0.169305691755709 0.0433271754806998 0.171549859077342 0.136494533821194 0.0424078505325084
0.240873201686194 0.239013329382674 0.0548959125311101 0.120013406158622 0.135507778085963 0.152678872966118 0.0570174991893181
0.0372448100992008 0.110417901946653 0.235668720155181 0.113278590708893 0.00485075734613021 0.221215170416496 0.277324049327446
0.162919189239973 0.0956558715381151 0.158818503992456 0.259351204549865 0.248803548740047 0.0496757202838495 0.024775961655695
0.0268036702688676 0.09802022258837 0.0421790765008489 0.237117211622474 0.123716577640973 0.282569466897987 0.18959377448048
0.114930619206625 0.0570850611310515 0.0998776334680982 0.233158649954705 0.226705123743074 0.0263290169427263 0.241913895553721
0.23415993465294 0.057627762351579 0.211099519417635 0.0687855048098334 0.104368863784544 0.11243000837175 0.211528406611718
0.00917498268620666 0.0777420091120136 0.277037842655165 0.280306517048784 0.219425354531515 0.014422076352319 0.121891217613997
0.185376308915128 0.13353160047218 0.145646874752347 0.128352621455655 0.0823136443482226 0.137041397722004 0.187737552334463
0.208042996734756 0.0535114146941567 0.191759584711148 0.132191394565998 0.206830299770286 0.0858548104157746 0.12180949910788
0.0687322215866615 0.132765438843036 0.0485350025871523 0.0372206845388976 0.246125016551906 0.0339918885923656 0.432629747299981
0.149420149168966 0.157340289267412 0.236138146707209 0.122307382620661 0.276127151691782 0.0391932196476397 0.0194736608963311
0.123553223545976 0.0636354540330841 0.175105384794276 0.286964752747895 0.149247826532745 0.010044152716069 0.191449205629955
0.166586982036713 0.115817172741386 0.141091098848355 0.178689603927966 0.22351144119679 0.0428230917866826 0.131480609462107
0.260128998600093 0.0640226711419892 0.0436062969217255 0.292788778651765 0.248927756547246 0.00293512361191898 0.0875903745252615
0.262709876275855 0.145463821859926 0.244258255155484 0.0398136925617584 0.0497867315505628 0.107856540841407 0.150111081755007
0.166297564495142 0.10838912074865 0.14869777614906 0.103158318637895 0.255934310029904 0.146912632269381 0.0706102776699686
0.189353923099328 0.0896025288420573 0.194925360486624 0.0326781155610028 0.203468710941114 0.21403153014036 0.0759398309295134
0.0978285819710306 0.130810644332769 0.23884321529108 0.192491786669445 0.152241654058448 0.0781560593172887 0.109628058359939
0.327842513179467 0.0192718191687568 0.00745053464423065 0.00976967213866136 0.243263498778055 0.373424669922775 0.0189772921680548
0.120499598582616 0.264262033920762 0.166020514606222 0.0603881370813552 0.0192011894271326 0.225844357395208 0.143784168986703
0.12142271912873 0.150760125130387 0.04630118339201 0.190284769138511 0.0642981147291627 0.20994606031476 0.216987028166439
0.153073031943356 0.0418595883733305 0.0775956192336039 0.103425253641296 0.222366545419194 0.257494522117244 0.144185439271976
0.0125741152672016 0.168265553434671 0.175431845555521 0.220474348723829 0.0808089548236612 0.248142644873076 0.0943025373220401
0.229151388553319 0.158584420226143 0.0495749285057937 0.189467790350555 0.0946777640720843 0.0775404871652733 0.201003221126833
0.121536704882576 0.329956871536097 0.100371889040676 0.0566197139758932 0.145593680700621 0.0307660719143417 0.215155067949796
0.200517844859357 0.158260927662208 0.129396697023064 0.0876985120877038 0.16297159310037 0.149679591342762 0.111474833924535
0.265660736290779 0.1591953361755 0.0644464927225739 0.119097170807923 0.190403600521766 0.029908183943739 0.17128847953772
0.130558777422229 0.104255202695508 0.201538646138381 0.152720136054704 0.206954578611168 0.0991042369599516 0.104868422118059
0.0938327281096644 0.137174570776048 0.124017469181093 0.134399235998909 0.192061147952277 0.213152785010378 0.105362062971631
0.00071187971057381 0.134731687454181 0.29925592381286 0.124869869987967 0.254655636571544 0.0181771210632596 0.167597881399615
0.0518378094891988 0.105914204806485 0.118256617647585 0.219923132165454 0.104410141593898 0.11335685718864 0.28630123710874
0.202745780571653 0.200139844872913 0.19907782323308 0.107416017472664 0.125153556065714 0.109956395406251 0.0555105823777253
0.00830814519439423 0.103160427852746 0.142328758155472 0.226651240855989 0.14581883596014 0.162102074175448 0.211630517805812
0.181942326195364 0.106631615283159 0.181511641755819 0.0968932112061705 0.238428209982515 0.0614819932602802 0.133111002316692
0.185350958430679 0.11508622696616 0.175747196827975 0.194812161476437 0.167198113390048 0.0337130405932926 0.128092302315408
0.146308210996415 0.148450707029817 0.39817938665032 0.189348601392479 0.0380420713647808 0.0126673420643611 0.067003680501827
0.0252834560422912 0.00467744914485257 0.21121800560833 0.320702438994677 0.0988309581691463 0.285676163315821 0.0536115287248826
0.178806962334176 0.133060483815647 0.107918629933033 0.135633454227284 0.137814979582414 0.128929906885154 0.177835583222292
0.0775459939156043 0.150951771188658 0.110696424120899 0.172549794853743 0.200287560741823 0.148456576572579 0.139511878606694
0.195217652979066 0.17983494826191 0.0736182409135296 0.154940949845466 0.183862499955909 0.0577366219029581 0.154789086141161
0.161247187615862 0.133138734639757 0.182585558137207 0.127279350134021 0.200447938478424 0.164154855437044 0.031146375557685
0.0616397184814473 0.175473484011155 0.0437459920227921 0.189875166512356 0.151036636595431 0.206149332835578 0.17207966954124
0.144864862321374 0.13674094797953 0.188732196647568 0.0484591197874554 0.0598530483892918 0.19037921066356 0.23097061421122
0.320253697236572 0.192615992178697 0.0172927719392407 0.213158890141437 0.041505379579756 0.00744156579967971 0.207731703124617
0.0546350289154255 0.0805133992620594 0.0602443751896348 0.160770126504094 0.269773916752774 0.0827132509387264 0.291349902437286
0.161605104662342 0.0778247149549893 0.0894366683462997 0.152322574592711 0.186744233626269 0.141256134678231 0.190810569139158
0.114086734225203 0.104428711276419 0.147513897563036 0.275240823824315 0.00226597080154367 0.268411921379468 0.0880519409300149
0.00484893639492261 0.117156061311241 0.361317811696869 0.242836151970901 0.096604713197924 0.034442847986199 0.142793477441943
0.283231731895512 0.0354775539482607 0.0983691158510837 0.153020193549979 0.138130086312536 0.140224610436305 0.151546708006324
0.238001251322474 0.113561196504111 0.0849707867930891 0.180640276951815 0.0222842939765153 0.211716876895397 0.148825317556598
0.0207357865795955 0.0355927000614056 0.280974765110193 0.290650812885745 0.233477954266806 0.112230567357568 0.0263374137386871
0.0563995234709921 0.22067099704915 0.0285011141996262 0.0599968172015233 0.242449833071171 0.23808423209336 0.153897482914177
0.127724185909476 0.175603152817877 0.111958221355532 0.145778895563056 0.103663759181892 0.164833696654574 0.170438088517593
0.225772765975761 0.0817258557589619 0.0303443804549563 0.130819066035561 0.209661383834289 0.254067725435976 0.0676088225044951
0.140601494197559 0.116299575219811 0.096790069166478 0.128478191244805 0.108120792642002 0.267119076757138 0.142590800772207
0.0545801827322702 0.225849409630072 0.15920707454886 0.068264254299863 0.247152347112418 0.200836850690452 0.0441098809860653
0.168269490033939 0.0913000506491012 0.163566346864589 0.027021561254299 0.249872072873318 0.0590349862613215 0.240935492063432
0.106709131257646 0.193341046167911 0.116629636455399 0.13549105265373 0.0745451323081777 0.179967532343161 0.193316468813975
0.142142691413688 0.102539954532801 0.240825376437245 0.0165050216609875 0.0943773403439279 0.192718529870325 0.210891085741025
0.164517384289105 0.236072258374609 0.0426770472997861 0.236659614379642 0.0359059194635086 0.049560793558322 0.234606982635027
0.311225221801788 0.0715732081842233 0.0160520095041746 0.239800179584336 0.106497565065386 0.0335320360507975 0.221319779809296
0.10875764779837 0.16043269763575 0.112555303582791 0.192062613506728 0.199021033902238 0.0294905738847793 0.197680129689342
0.236271716096119 0.0607678213795552 0.0848293871250387 0.260756673189113 0.0133083900286706 0.0982385611151459 0.245827451066358
0.108236670292985 0.18179864046438 0.0673993901005687 0.216877211688788 0.131656868395644 0.223978378516358 0.0700528405412771
0.179661082338966 0.0913729444606423 0.180494915739492 0.00659964944669577 0.154941928727578 0.176354536300631 0.210574942985995
0.237979656581103 0.238537145781012 0.172289542356102 0.255057970466577 0.0089892583029993 0.0674643032760351 0.0196821232361718
0.133877710604599 0.182242214682472 0.179142090224624 0.107234498796595 0.133105101818232 0.215612871966676 0.0487855119068015
0.232729794333916 0.129666833716698 0.152916983570052 0.0331838775336418 0.114528731002614 0.114388188074629 0.222585591768449
0.169132563736958 0.125442054245943 0.0714013231863618 0.207128519099751 0.195878559105627 0.0416328849785205 0.189384095646839
0.237553795140397 0.121222742866098 0.188287385628734 0.197197376031128 0.130647487603134 0.0919374737737471 0.0331537389567617
0.169522073513838 0.0555492774481958 0.0813845980421824 0.191910762585138 0.368549362212272 0.00612028491210113 0.126963641286273
0.175884339413561 0.0971507493856637 0.112470562040864 0.107975630356366 0.109791175337013 0.219253768819214 0.177473774647318
0.305526724508983 0.0489180669139839 0.0515079395535851 0.202335524272068 0.0829439994088832 0.290074124752387 0.0186936205901105
0.246970637026164 0.0434626878606092 0.109671836221074 0.11305914379804 0.29508883714842 0.157141380942138 0.0346054770035541
0.0885870531568028 0.00181907577246242 0.188657030243926 0.233277829049769 0.21155473529771 0.0804429210853356 0.195661355393995
0.123566270117463 0.145908624834013 0.174165719885901 0.227788476535857 0.242875698768922 0.0799091130335425 0.00578609682430135
0.320517303428484 0.153520333822466 0.0246824384894245 0.398244072652574 0.0527380629261663 0.0223911166177924 0.0279066720630935
0.242283579257933 0.17281184253084 0.169347447007 0.245955278381106 0.0119338830230282 0.0707656147742308 0.0869023550258629
0.0521397765893389 0.227921472623298 0.102927689621142 0.282215700737285 0.227514592379609 0.103769876904995 0.00351089114433128
0.0293925743752508 0.263317680832576 0.122183205556777 0.0872081725686907 0.223745884190958 0.189540280967911 0.0846122015078361
0.0965997617580575 0.182713346197408 0.194371986109525 0.0897784600240946 0.237263309444816 0.031817545082385 0.167455591383714
0.238589562623078 0.173081181553147 0.0662487646498895 0.156633455821345 0.20050991688203 0.145689784223268 0.0192473342472426
0.204013662801017 0.0987197937790433 0.0993180633024011 0.113425417679631 0.111301216288103 0.166346396844246 0.206875449305558
0.221993231646655 0.0659810524764063 0.133210680317802 0.0861362646681559 0.149481718193612 0.153561439919539 0.189635612777831
0.0821676927615183 0.0945597892726588 0.251689631984429 0.10068286206745 0.24696647115058 0.135182059042809 0.0887514937205563
0.11765230075782 0.164694011599603 0.0571410354817377 0.169860410218918 0.265037561610468 0.0587044000368383 0.166910280294616
0.169125228242387 0.204693228316485 0.189973184867577 0.10755019174239 0.0642362859444734 0.193155995367623 0.0712658855190658
0.224240983474396 0.172794192063884 0.237812346877114 0.123054158178095 0.022561191681812 0.0866876067144173 0.132849521010281
0.145319711151892 0.201317516326862 0.189496871682927 0.109705721302899 0.0662382522183797 0.19041677755249 0.0975051497645517
0.125051973080865 0.0286157855011023 0.242914444331625 0.23877114826844 0.0716163981754246 0.107534354125937 0.185495896516605
0.0463108302832068 0.0755243251544048 0.189723741136019 0.0134178522117648 0.219846207846277 0.174303937492203 0.280873105876124
0.126786851398772 0.0908922868692677 0.000639968339198493 0.131480862345349 0.253003478953045 0.104833310917279 0.292363241177089
0.171831228836762 0.137429824761346 0.167475179617676 0.144829647935704 0.0630719882714712 0.145426537973325 0.169935592603715
0.137636179714159 0.0740293624729075 0.0946274555278034 0.164818194362896 0.213603612911596 0.138987063094068 0.17629813191657
0.0962771074326317 0.269951944485772 0.210476392836886 0.205367890484337 0.191387830145727 0.0248939638453662 0.00164487076927967
0.0852832115106663 0.25503201108118 0.241959104989558 0.149440920015706 0.0660195991624903 0.0838242854930191 0.11844086774738
0.184900473614368 0.0168503464366309 0.194044412864629 0.238375299885446 0.0234903215121725 0.303370225250578 0.0389689204361762
0.261588905939799 0.265604060990318 0.0929123675300223 0.140419907817299 0.046437664758897 0.028691894117512 0.164345198846152
0.253664010747061 0.0186131345825925 0.0361052060868801 0.0404366761568043 0.0944980787093771 0.354214830618688 0.202468063098598
0.045949475463929 0.148669683442219 0.0777264967097812 0.194032283007526 0.228017745021747 0.157505323919913 0.148098992434885
0.267966083654029 0.200682134611699 0.0506731910064425 0.111361398639883 0.0814832602521525 0.121727615601 0.166106316234794
0.0650205596142861 0.111344988640509 0.114666635548511 0.409293916771469 0.150029981682102 0.111787668638132 0.03785624910499
0.150683029649428 0.13341413106553 0.166296861279731 0.219520456351806 0.00113615529615962 0.203332731754831 0.125616634602515
0.23574001524555 0.151649465676206 0.00641012312044029 0.231020072439576 0.172594863914621 0.0436757625408706 0.158909697062737
0.168554375170775 0.135828012132415 0.139082435180787 0.153434754118845 0.199183752709962 0.17724069087528 0.0266759798119347
0.0170675794012186 0.163541312345129 0.199686756086488 0.147487518550256 0.159440437224638 0.0829822588758405 0.22979413751643
0.00879675794477568 0.265822218151279 0.0742923174915978 0.00355039593336166 0.164626929462927 0.226231913399835 0.256679467616224
0.0577096872253548 0.106448837217332 0.0385177714019099 0.174484751924466 0.233601139058883 0.135956368124483 0.253281445047572
0.166420698285845 0.044480745448974 0.0306943819768132 0.189384173359336 0.227380549111912 0.10511744255905 0.23652200925807
0.153757061355366 0.0861062272490337 0.22148218095793 0.0169172072048424 0.00410877878990432 0.2112592596875 0.306369284755423
0.0394902053599023 0.110322596755001 0.240346097954629 0.169978378562317 0.223272608584516 0.0801221334515647 0.13646797933207
0.192714032138553 0.196548891264238 0.147682322686411 0.159297164491846 0.0572072595848388 0.0455296436789277 0.201020686155185
0.19727274077912 0.152046180904132 0.035010601663153 0.207312136192339 0.180398174334799 0.0297792117008415 0.198180954425616
0.208313506059542 0.127833062996986 0.00988484940463541 0.238365757034017 0.0778654156100641 0.15235303711812 0.185384371776636
0.219296775918375 0.0330781896266634 0.121680403720503 0.220534057402781 0.183263421405914 0.144166674614431 0.0779804773113318
0.17138777903003 0.173641360621066 0.231203738428033 0.139896329252859 0.139240331579024 0.0988494368877058 0.0457810242012826
0.306207645040633 0.0574003184554979 0.0419512302682055 0.14180308902355 0.173869547956352 0.173516153398418 0.105252015857344
0.146316198756527 0.0963977441327507 0.142569423515707 0.220918222813057 0.0945402715372883 0.201338225263731 0.0979199139809392
0.247945077049184 0.058145199883295 0.0759646663630454 0.233031294997457 0.0438249178364276 0.285198785398896 0.0558900584716952
0.0717758662868763 0.089074399910603 0.172182488586557 0.214081410197087 0.179137371124008 0.270286890160326 0.00346157373454329
0.249095141733839 0.25010301048375 0.170760396532964 0.0464371279281552 0.0404573725976977 0.151283861794297 0.0918630889292973
0.252582517069158 0.108693435898909 0.108313665310765 0.243981030173325 0.0295945464850829 0.169285455762966 0.0875493492997923
0.0117023753996184 0.219312363053813 0.0350889583139914 0.20246993919373 0.143133529580339 0.157970500863014 0.230322333595494
0.259554787545772 0.131746517301275 0.151634269670227 0.123897661457465 0.143275018475902 0.133134310109275 0.0567574354400834
0.282797041201264 0.186760097312332 0.0244784612825786 0.0541693358805617 0.237180720581255 0.0888559358650432 0.125758407876966
0.203259202839642 0.11754836438954 0.170091857419347 0.154120365810402 0.182574915236049 0.020870455554765 0.151534838750256
0.0506150143478184 0.143217602422042 0.0883086907634359 0.181962669620021 0.124838066098144 0.186618143773782 0.224439812974757
0.253053553545082 0.0923100276178744 0.112337846368319 0.0765360570263801 0.102720387512531 0.187491638354728 0.175550489575085
0.0177569208134696 0.05704430291795 0.056447813824467 0.249198637292585 0.173817713999399 0.232392178699496 0.213342432452633
0.149143313053715 0.00487562624728153 0.120210218763376 0.269088896697968 0.030572948900936 0.164837438185065 0.261271558151659
0.103626410563449 0.243382930665202 0.00284100354616884 0.163592527035287 0.171877573853517 0.0541584509883758 0.260521103348
0.0304122610942018 0.352830436090002 0.0680320964848334 0.167918506261784 0.0326041588835656 0.157035133391952 0.191167407793662
0.0395895974361743 0.106440173558525 0.168149222471408 0.208434595850172 0.253984533458761 0.194818150216317 0.0285837270086423
0.195598754737396 0.0467533757534 0.202666619211021 0.110840207175884 0.052371531332762 0.278158581250256 0.11361093053928
0.131604209371311 0.286485881944951 0.286714438339162 0.122255605908643 0.112741942564514 0.00235655189476338 0.0578413699766557
0.212633497343644 0.040002079248031 0.016383503074845 0.293119910511587 0.0162643029396373 0.225803017418251 0.195793689464005
0.0610591238226362 0.180667288214277 0.172143038085361 0.24520293133085 0.137045364846297 0.0341025191197914 0.169779734580788
0.0392090765704401 0.209649686356098 0.163513904366151 0.147701619223922 0.217438754443933 0.0853538190158505 0.137133140023605
0.178205309066376 0.0751707583012482 0.0048947932016551 0.14263811266751 0.2595999798354 0.197067970931524 0.142423075996287
0.151653949268954 0.0145875044030743 0.236232946352955 0.0636647841645016 0.15873964163139 0.158217096608274 0.216904077570851
0.205671869421039 0.303210019569808 0.095472774894953 0.174027555490236 0.00620571925231622 0.117780596527673 0.0976314648439757
0.206656980713776 0.0842250104249595 0.136706287765259 0.175171272217495 0.119435284538003 0.144613648506618 0.133191515833889
0.147848381092209 0.111440270509639 0.228535620778499 0.22251001209819 0.0469619462631643 0.168174542914584 0.0745292263437137
0.0794988799913684 0.093881053924677 0.259665243815535 0.175184581068399 0.185571046854992 0.132964227447751 0.0732349668972777
0.129875600389015 0.11021666685554 0.205796117171518 0.147803286194701 0.141545658969406 0.196720133263955 0.0680425371558652
0.0170880021455465 0.193734985743026 0.100509355690355 0.0878481854298188 0.251017752714068 0.217256534847602 0.132545183429584
0.131229090771437 0.16861762699279 0.209823176774583 0.174877125258927 0.0857647999193874 0.0326040518433474 0.197084128439528
0.100058874334969 0.177414310588173 0.0814928297015956 0.158887372803743 0.302159300907501 0.0804607335453482 0.0995265781186695
0.187211369803348 0.170442318900597 0.173532530911809 0.0785962888883629 0.0694538379856802 0.106811588011183 0.213952065499019
0.0698366067573426 0.159653986850316 0.149262144104459 0.198589363600805 0.0928278355574281 0.194783926333108 0.135046136796541
0.28137893628633 0.141722369798983 0.110346741747352 0.117489005777594 0.0838324875736808 0.0465218100211924 0.218708648794868
0.143091869338158 0.164110953422337 0.125928447822962 0.100079728915387 0.0745223249666619 0.175416508591563 0.216850166942932
0.191868290337888 0.163439007047325 0.0100127816371423 0.254860769871179 0.107070486696443 0.175373075199555 0.0973755892104675
0.0476418597805761 0.249952187453465 0.128784807030639 0.133906290880374 0.00812627417414397 0.208092723212901 0.2234958574679
0.220377615459689 0.183109723191668 0.202951019679682 0.054242829096584 0.0692222223486949 0.191487892996746 0.0786086972269361
0.0870640936874969 0.218410617717212 0.229977051568904 0.0411892239407304 0.202625013716621 0.138971925774332 0.0817620735947028
0.139281975225317 0.207367345531679 0.0585233581735396 0.222103060777441 0.15912279494416 0.00995625453618324 0.20364521081168
0.196854338119761 0.211128094005446 0.13071402777302 0.0712150412673271 0.230898118905438 0.021255956461657 0.137934423467352
0.0116920042068496 0.186053287586055 0.221047740848008 0.200423128830815 0.000521641603197948 0.172247069093196 0.208015127831879
0.209097317846265 0.161917901244942 0.15339284901303 0.122933393322077 0.03932356462581 0.295076094295033 0.0182588796528442
0.109844475127788 0.0532811409826672 0.0489590337959937 0.106668114861046 0.0792037190523537 0.18643190672493 0.415611609455222
0.0214260277522112 0.137633980080372 0.251935516486308 0.131729119989162 0.0615919325507343 0.22111860618126 0.174564816959953
0.0871914740729991 0.0532281425576657 0.10571562773569 0.0834277646785251 0.232386328526736 0.259431595216881 0.178619067211504
0.141705138602396 0.339063640112867 0.035795688606094 0.185869876617856 0.091035572950369 0.167394513142505 0.0391355699679117
0.125418546511744 0.219560088999793 0.05935321444599 0.115305050200633 0.00157435742454958 0.217447968451219 0.261340773966071
0.0373542183296205 0.295369274367655 0.27035679215723 0.098841330665263 0.214061883392829 0.0751941075494557 0.00882239353794739
0.00127138915340555 0.263176662905323 0.249303474080584 0.226332913569567 0.149053321737442 0.0256301171638349 0.0852321213898436
0.102784832578842 0.059874098151952 0.0130907550924063 0.154221789206982 0.220322178494855 0.217302536145039 0.232403810329924
0.117153485495649 0.138198712340707 0.230521915073681 0.243094762526604 0.108273999963076 0.117359586721354 0.0453975378789291
0.00533373878403921 0.250179391737659 0.158645122333023 0.00665363604548154 0.154553219597426 0.210949158332908 0.213685733169463
0.250375136141857 0.0560740282999126 0.0685022096289853 0.133852716806053 0.056324614516645 0.425213054462107 0.00965824014444031
0.260726007142901 0.175680893278104 0.0374240589680364 0.0278552800869161 0.300962498953029 0.197127073842079 0.000224187728934325
0.00207349291891541 0.128277318300545 0.320098184589876 0.129855381225606 0.137466472234518 0.179157400011671 0.103071750718869
0.236303546102837 0.128244170449031 0.176221453915065 0.0599652242680476 0.0194072627247483 0.0847172758481641 0.295141066692107
0.0310256377317185 0.232182893354154 0.304579354887942 0.194635379252884 0.149328518754753 0.085951534006826 0.00229668201172214
0.124109263493704 0.255208438437467 0.270069663113184 0.190697854716667 0.0172268711229764 0.105714143348051 0.0369737657679505
0.17103772127543 0.095443554404884 0.0336539351500749 0.161705000077432 0.136633788235202 0.211366108701527 0.190159892155451
0.0723635563744403 0.014007293178036 0.200211963601191 0.238174775250526 0.154619561339616 0.124803026922377 0.195819823333813
0.251646842074388 0.0822664484048461 0.209879179056273 0.0796921190545384 0.187773564228799 0.100987521821252 0.0877543253599034
0.0892901242432512 0.182403157254705 0.162479402248098 0.157279612379066 0.174889286988559 0.0364462657386001 0.197212151147721
0.198305419630413 0.241261911075968 0.0477546619024936 0.156680109531721 0.154985090037168 0.125132205202088 0.0758806026201488
0.0502365384803681 0.0978661064333892 0.125552935585126 0.0472364968313915 0.227897369389098 0.232301103076071 0.218909450204556
0.0704991494660857 0.236345682501527 0.14627973275127 0.131119707266925 0.16703178781442 0.124381830362086 0.124342109837687
0.127034870153897 0.0977537857574773 0.0628428818373274 0.179647936953426 0.207934270555473 0.252889859607113 0.0718963951352867
0.212036430299849 0.0971263192852605 0.198276892767664 0.169375597933541 0.0791882586590788 0.156341821389368 0.0876546796652396
0.18614927748726 0.0308556517205958 0.104236805064786 0.201987542053488 0.0196138086485386 0.226580005781906 0.230576909243426
0.201423262261376 0.177154973363385 0.144713953410196 0.092143277497711 0.149553644058546 0.0977121412042457 0.137298748204541
0.222526704430583 0.171464936976308 0.0476767363553651 0.220375127932243 0.0918312311200681 0.163724765652143 0.0824004975332902
0.0726194714526002 0.186478066728825 0.12786463865613 0.197675907379122 0.189203027932633 0.153047235819602 0.0731116520310879
0.197099698268522 0.202084812569087 0.0157943370713442 0.139548701106548 0.181880637165119 0.175985000626039 0.0876068131933409
0.175740280761736 0.1347600413978 0.121052924178253 0.172948707271321 0.14307987431174 0.143243839569946 0.109174332509204
0.0208495447519907 0.00497962759617765 0.148945326024716 0.178816740220685 0.217980847071106 0.183326774669332 0.245101139665992
0.0668744836741859 0.200976960988856 0.128912231645229 0.15007366994184 0.235767160950966 0.012801434796772 0.204594058002151
0.0581528995875529 0.187402926876809 0.21178264249647 0.0300734237168029 0.204580198879844 0.244562865541091 0.0634450429014296
0.127291679273722 0.14873890766499 0.0519033535375216 0.213540005408473 0.185449858844626 0.227110871702035 0.0459653235686331
0.197447334298833 0.273511296538908 0.0118742116070244 0.176505454136294 0.234649415985209 0.062695456000213 0.0433168314335189
0.106984905228212 0.102645466539917 0.171143676285208 0.185696850419651 0.219074904066718 0.0488338865592553 0.165620310901039
0.0657947913000713 0.0128126906997813 0.11407292200423 0.000422302552323755 0.358839238347563 0.198028671564964 0.250029383531067
0.181793777971117 0.125984594044891 0.0375773360401237 0.129305984119244 0.267119309500702 0.0547625732409937 0.203456425082929
0.260815466437467 0.179877178841755 0.035708847525465 0.0524254287463811 0.165640846695566 0.0883139012463591 0.217218330507007
0.16977467117979 0.119338292691081 0.165020459088904 0.217143838945005 0.181255642322039 0.120927383439263 0.026539712333918
0.0463253639708737 0.284681587322556 0.0478778949768976 0.249856020721412 0.134423392729285 0.0850007728496962 0.151834967429279
0.175269138028374 0.145734631719933 0.189365897150868 0.0826940609987729 0.223358323923182 0.0141223685953439 0.169455579583526
0.090884066482362 0.167486505150298 0.197713639519638 0.0898704916491681 0.188138235162471 0.0318324371984332 0.23407462483763
0.136270593476581 0.183250484896934 0.212850407153665 0.0781247680958698 0.210107542556231 0.160336228882872 0.0190599749378462
0.255437676171704 0.195091024914017 0.207877235070983 0.169176249162165 0.0462085101528319 0.102557780673298 0.0236515238550011
0.056202930873127 0.203292330194759 0.188016931545201 0.194130609062082 0.210305113183543 0.03328769415215 0.114764390989138
0.213296117915705 0.000599873271245893 0.201825763724862 0.139790605882715 0.106337217265168 0.173214057023578 0.164936364916726
0.0461224908781261 0.0560943742983264 0.402603875580162 0.0384276385869061 0.0745070339949731 0.0226610927005822 0.359583493960924
0.210649026025033 0.288880474487093 0.0964186678090485 0.024148391128564 0.0773477730911869 0.0956560779831948 0.20689958947588
0.238506886502645 0.0423095348554711 0.110185153879641 0.014232159437867 0.26107595571263 0.300799604303791 0.0328907053079555
0.133334854151508 0.171637861474001 0.179024316194663 0.205426307660172 0.100170337005552 0.139249624037816 0.0711566994762892
0.134272026092854 0.166126444348615 0.0963978602809381 0.203654309043676 0.135970039267886 0.068877090940018 0.194702230026012
0.141463631652345 0.0894096164696021 0.299628231015675 0.0919835701465051 0.0496326967657109 0.176504068279352 0.151378185670809
0.0978634504394078 0.205597450356395 0.0787669609563567 0.0527303614491765 0.211441686730436 0.148484704212251 0.205115385855977
0.157001954135307 0.194954964294378 0.0147586626818911 0.182921277364172 0.276512838165567 0.16707698052337 0.00677332283531405
0.162384475483083 0.0904641158839345 0.156312320755491 0.152023591317504 0.0852340763746631 0.215422991683954 0.13815842850137
0.147935481352573 0.0550554690693125 0.184949837880858 0.136737036219345 0.223083043863245 0.220082409200931 0.032156722413735
0.0278114910618685 0.167242774272063 0.17304950453834 0.00546731204722852 0.216468044164233 0.163498992352915 0.246461881563352
0.147047664623805 0.285102927388778 0.0255777249823024 0.0121752993238756 0.0811367189730538 0.123261782192102 0.325697882516083
0.000137704453131485 0.0593689951358002 0.290822686375 0.159081115075404 0.223888360799056 0.25501633613168 0.0116848020299293
0.194316834902651 0.142147180116501 0.112884951310535 0.125529507085906 0.187810181774255 0.226246810964022 0.0110645338461297
0.19313443937498 0.088356972712488 0.208384669816023 0.21211489297542 0.00672079578147655 0.171664365726731 0.119623863612883
0.0674569071304631 0.133940173794952 0.18872793373971 0.0039633394636453 0.131696569462954 0.360475797203801 0.113739279204474
0.00108505786223408 0.242945959589385 0.0651437169645359 0.00337784154066733 0.194833715851169 0.220540549839054 0.272073158352955
0.235628914749338 0.109835147444261 0.20001633169254 0.0083224262682017 0.168822351079197 0.0559917821307471 0.221383046635716
0.119681570305461 0.185599996321115 0.0292690191973392 0.160200461252272 0.228417523903528 0.087673852021271 0.189157576999013
0.00353080124069015 0.287497723357623 0.0658180878633731 0.0866078558170132 0.124821055748176 0.149402520937597 0.282321955035529
0.201903501239761 0.0573044120616905 0.231073846337993 0.224089777104206 0.114969440053128 0.0316793038752299 0.138979719327991
0.18466055238995 0.0525072985782672 0.221728059970792 0.142923397159201 0.239096659737691 0.0213484266882463 0.137735605475853
0.0523086158779939 0.173928708514447 0.0970532729632662 0.232923836016558 0.0082233202497696 0.188465896303986 0.247096350073979
0.172562981696962 0.188574604284585 0.103763236952884 0.180179155123675 0.0929077751547519 0.0192166244590741 0.242795622328067
0.0951544138691438 0.20327204805846 0.0109003918499751 0.259869844285634 0.142952705604371 0.161793673782981 0.126056922549435
0.20130991604298 0.13461445775166 0.177451886835121 0.0462653772322738 0.0909284154949483 0.188714118158557 0.16071582848446
0.169432816730157 0.340391152129193 0.103093034896439 0.0353882653714656 0.119585529943172 0.151417866652299 0.0806913342772749
0.166911071918948 0.220981812999913 0.0976965592823585 0.201263289609161 0.0805973700815705 0.195624740522453 0.0369251555855966
0.0869895363677061 0.255530290488517 0.100115582766042 0.0259590040784017 0.150139675423836 0.142713803012129 0.238552107863368
0.0183068403116195 0.146114881564922 0.166848311977641 0.136717410335089 0.0372520254177627 0.302126393350228 0.192634137042738
0.161166234103051 0.218538886878634 0.194631322676115 0.0644545963505605 0.0101896826611812 0.158007686527855 0.193011590802603
0.0501149780450607 0.06847069730114 0.219190444911024 0.111618044332279 0.313436243790537 0.0331857205948115 0.203983871025147
0.154321236873743 0.0416798440685861 0.056021490881592 0.27449242371763 0.157222537626852 0.176868575211703 0.139393891619894
0.0812439547928417 0.284146048556615 0.00861932942743289 0.136823341638179 0.00719270852187803 0.179408607831912 0.302566009231142
0.173924867605525 0.193065596065632 0.0152214101763141 0.197473524751224 0.148563907251327 0.0906087873020438 0.181141906847934
0.172673880197687 0.113331517071528 0.0894661181398454 0.117406671347749 0.0428395529620301 0.211482004568371 0.25280025571279
0.190703848252888 0.110868877662862 0.0167830860494804 0.160076317281437 0.242978991340438 0.0383283933633923 0.240260486049501
0.0380739284339466 0.163861214776847 0.00116759732557069 0.255889155150155 0.131359545731263 0.166550513282269 0.243098045299948
0.0581884043593236 0.156605424918097 0.0678764260677506 0.105896659529878 0.0724147111364696 0.27532835685858 0.263690017129902
0.0585364671904956 0.0550710121288529 0.254917804810319 0.0916550649948962 0.0550201217224891 0.207940011034763 0.276859518118184
0.0712359588317125 0.161011449846317 0.226466143744381 0.0860909795053484 0.1300794335481 0.268399155852852 0.0567168786712882
0.120600949895705 0.256274366284869 0.16671105100169 0.126779271257077 0.0102692688580689 0.0401298692879479 0.279235223414642
0.181308250287708 0.0499611656760261 0.159834285686119 0.317057209252479 0.14551038954097 0.0713553472743191 0.0749733522823783
0.225949228858427 0.0516111849691225 0.0119120913750094 0.0267375900357905 0.180318268007042 0.251132088595841 0.252339548158768
0.100943445552512 0.0501221427203909 0.00842714821483367 0.0962075984431564 0.250030857342196 0.282447502843238 0.211821304883673
0.0403566439968611 0.0603305887353617 0.282698527802751 0.28094064668377 0.207545038925271 0.0285738497966185 0.0995547040593665
0.0486650313335422 0.164789029390638 0.132445487256179 0.143696586311272 0.123756982688661 0.199024947749927 0.187621935269779
0.182368335938374 0.0973514333041581 0.0660412129031527 0.223611289600269 0.208354242766788 0.212159166361432 0.0101143191258264
0.156439696943877 0.199463477445133 0.0946473633302882 0.0569476395627686 0.185315359263021 0.169568322234462 0.137618141220451
0.195437266133383 0.0624448465583349 0.137371509819718 0.123746996471547 0.143422804831198 0.198685979152733 0.138890597033086
0.166380890799202 0.0346764340115139 0.180224055251828 0.126039579798794 0.181686710180914 0.207093430708158 0.10389889924959
0.104251276052131 0.0893682796696771 0.196397221749106 0.21073918640609 0.0191799350512619 0.178985618948302 0.201078482123432
0.193955657336892 0.0455477752265405 0.168420861648815 0.181834871157217 0.0348455891518083 0.185239843161143 0.190155402317585
0.0485590752446257 0.125420096575983 0.125819858879043 0.146797903925769 0.157983744424205 0.244513592432207 0.150905728518168
0.391466249396087 0.075526338496984 0.214930624640611 0.239647628250678 0.0190680502103307 0.0417468900319231 0.0176142189733861
0.166906756343491 0.149443333925511 0.205309055049632 0.0211039712859823 0.139917024296949 0.212523479542384 0.104796379556051
0.11844811505253 0.235014427792723 0.0439818387766267 0.248199051645112 0.107069639769062 0.0986946726403843 0.148592254323562
0.282996662001339 0.0497249573148229 0.130010968311036 0.218240816370592 0.10470362222047 0.0733547116686243 0.140968262113117
0.136119206676589 0.214219719074998 0.177466064569979 0.214755364513807 0.0528991220441771 0.0918774790698315 0.112663044050619
0.12488902210853 0.198866232761089 0.055662225203324 0.15519764706972 0.204026300562012 0.102246070379286 0.159112501916039
0.0457604859775203 0.279089332692015 0.0411511091354084 0.159175316216084 0.247950955669696 0.0462382353394319 0.180634564969844
0.209935157568379 0.140892521251346 0.0999257789669237 0.191407813135028 0.018276782742018 0.196180397079822 0.143381549256484
0.100441095751021 0.204545810015864 0.0774763226214309 0.237952066144139 0.0120971980211454 0.164381426465736 0.203106080980663
0.208133589743873 0.286341435863902 0.20688905349605 0.237154686921103 0.00953440774591368 0.00865190513295198 0.043294921096207
0.200590388368208 0.00499784078926143 0.198824320541244 0.149222371606325 0.144627303034725 0.131666445112664 0.170071330547572
0.240264615456236 0.348600793088134 0.239355169853864 0.015806612224196 0.0296077187407371 0.0523191232827066 0.0740459673541257
0.244863975971794 0.0321873845802897 0.0894364489960477 0.0654917604370403 0.0935066250734306 0.202637227947215 0.271876576994182
0.284387190673252 0.109369015780767 0.0334043644557712 0.173019869701338 0.0843109720651385 0.270063782736977 0.045444804586756
0.0212739160122188 0.111003174434274 0.0581230939978625 0.177585751446696 0.120313460106346 0.296525948942104 0.215174655060498
0.251531586879978 0.0494509355863755 0.0313218241959486 0.0777267547501822 0.0943181786124029 0.1843733205212 0.311277399453912
0.0804360070375392 0.0954751558406624 0.175045657190984 0.0816427624807048 0.164125903267705 0.196947937436657 0.206326576745747
0.174914622745163 0.220350087336218 0.0120724818315459 0.139614593674231 0.143109112283763 0.120706604024339 0.18923249810474
0.199613929871958 0.0308354710440227 0.0137519715815474 0.143638747576769 0.254405396066246 0.127820890541414 0.229933593318043
0.20651974561906 0.0934446791253609 0.0941189570477908 0.183171205092178 0.140036747103412 0.211415520200357 0.0712931458118408
0.160670371428081 0.170840989715895 0.158674340786532 0.119648429941353 0.145289989156485 0.142557297376924 0.10231858159473
0.0170050371935448 0.197665162338869 0.170255953807185 0.249701774453418 0.107372008965636 0.141549036112264 0.116451027129083
0.0941483311439081 0.137721814797359 0.197617918896876 0.118961255178706 0.0947441599346538 0.103248778666204 0.253557741382293
0.0238906138933146 0.245573839178058 0.0929249028441135 0.111364414538056 0.0555809710333047 0.331753683612106 0.138911574901047
0.00208365963985612 0.245460741730099 0.129419505070441 0.0813702326840529 0.2502327178424 0.262368642070924 0.0290645009622255
0.31082098391909 0.0249139123203787 0.0329670491785279 0.198333389287038 0.143872217595891 0.132867760947843 0.156224686751232
0.116670907341108 0.0120003105837581 0.252541778738929 0.22172157993777 0.242636384518849 0.151933489236951 0.00249554964263474
0.270378243206348 0.253235138083316 0.112293472420831 0.148739001201134 0.0225677376737639 0.0921456099977627 0.100640797416843
0.183634488096906 0.00276682513847836 0.0014054135670695 0.188477225369136 0.277318152810649 0.279522642261224 0.0668752527565372
0.0532091381859529 0.306890177085836 0.102495550801539 0.0244000851932652 0.205613042090222 0.0579627904900133 0.249429216153172
0.147863410208891 0.0907167965969142 0.259158634908251 0.124983756820717 0.136764538993607 0.161194843749586 0.0793180187220343
0.123487209935223 0.0375883627567876 0.131234945992632 0.182296007538431 0.176560317961601 0.134587378096438 0.214245777718888
0.0214286984072308 0.132561684304256 0.107201912858088 0.207058181215259 0.201238271920344 0.131808109968752 0.19870314132607
0.237258792101733 0.091710691982799 0.198953853503672 0.00863273215824132 0.233135639374308 0.0248659055542114 0.205442385325035
