0.126120085064244 0.102363427745868 0.247780518779977 0.275008725164678 0.16461761121657 0.0740925038479468 0.0100171281807156
0.136833043292128 0.0138970934333073 0.32741668139801 0.205714180978567 0.177975659109693 0.00980152459110717 0.128361817197187
0.223513288742438 0.0581022621005683 0.16970401388841 0.0835476401155522 0.2319839784077 0.137069471726177 0.0960793450191537
0.0468408912781254 0.179743119458792 0.107219489579196 0.214066732353885 0.3169011606073 0.10493643777614 0.0302921689465611
0.00357793155790454 0.0932142776948364 0.258442247746256 0.133617684238257 0.14610784725863 0.310435258411202 0.0546047530929139
0.197645235419459 0.167812615913918 0.0688525782391796 0.0612539162401321 0.207330666693903 0.0514458378219799 0.245659149671429
0.00323324549158582 0.0479783455198161 0.148056762062735 0.203621966321525 0.216745635987823 0.178862264413414 0.201501780203102
0.0187595674804635 0.320067596887276 0.0868228877949822 0.264858831063127 0.000766990981229395 0.130590481535535 0.178133644257388
0.121985126050745 0.0867526949903849 0.204296406395791 0.0519503878305504 0.163724905995827 0.15805537663762 0.213235102099083
0.026322282354493 0.21721345249543 0.207355168074448 0.178249356407104 0.083349274530449 0.0725475854065982 0.214962880731478
0.170213297257613 0.116209897504653 0.179353466710918 0.00668310705652242 0.133977075289115 0.178032474920185 0.215530681260993
0.0609920421997182 0.112745484416165 0.1512554456764 0.162430372267545 0.128223831113181 0.180364107987217 0.203988716339774
0.353717814154964 0.0463086769481906 0.0967832561730992 0.0937493925816425 0.125934056577068 0.186269504882699 0.0972372986823374
0.00422407827546718 0.233032800656668 0.264608074300047 0.0650582207654051 0.0151275321757564 0.169323218334179 0.248626075492477
0.107405915058204 0.211296558570969 0.164560999157367 0.00522794401537238 0.0444199722234632 0.220997927607516 0.24609068336711
0.299376233524915 0.0065405549331395 0.000313707087121473 0.244199893965749 0.0623552336580811 0.237418097077664 0.149796279753329
0.132166523535357 0.133318052094447 0.0448257596476114 0.247539058563955 0.11566372245878 0.122241426549813 0.204245457150037
0.188383395254544 0.164116122129107 0.104842716597313 0.06324697922502 0.13696989854633 0.155171338000733 0.187269550246953
0.13371222582906 0.162562988170422 0.178151079527207 0.0904237176892305 0.146492193483009 0.197677937704186 0.0909798575968853
0.25966396566456 0.193301115624529 0.0959892668767102 0.180631716530632 0.112262812188149 0.0835248518876398 0.0746262712277796
0.164424980925548 0.0690588013686348 0.0695819112489163 0.137902518474782 0.170639408973106 0.145043089845963 0.243349289163051
0.145194387049529 0.0860839544051494 0.276919865833509 0.1858596363767 0.242658120170261 0.00199476696753336 0.0612892691973181
0.211728706531225 0.203869643693607 0.00107737715857464 0.258621529496592 0.00477653861306284 0.139498247959306 0.180427956547633
0.198793994524426 0.280192234125814 0.195055207583734 0.0408001349420053 0.190841803513612 0.0432986100322738 0.0510180152781356
0.198098674185897 0.206703559626479 0.0576176332293658 0.184518298337777 0.0778261711296902 0.0288629410682779 0.246372722422513
0.0253858387953214 0.291058445963592 0.0505317554462988 0.231317410766494 0.102807160906263 0.139588987925239 0.159310400196792
0.0662047657056231 0.258892689070393 0.219036990101148 0.101586415678711 0.0218993089187499 0.135528793406251 0.196851037119124
0.139755815501634 0.129699327281385 0.0713519841669938 0.248856600032211 0.0488640851051316 0.0943382339286374 0.267133953984007
0.0369409559687219 0.0191326484623309 0.164899163625784 0.153756203527629 0.333472669789763 0.0692528068428273 0.222545551782944
0.0894456182088462 0.0685542095823248 0.0804628558804238 0.197057437638347 0.215692332499233 0.185821902095888 0.162965644094937
0.154639226960705 0.0694346805158396 0.223027403594572 0.202265338251814 0.09899759085557 0.106270711015053 0.145365048806447
0.182725403586323 0.0358888450817592 0.279040216582212 0.0130001644258872 0.190138530617579 0.166319240357735 0.132887599348505
0.0204687991872101 0.257458207525205 0.24614964293368 0.0922673522473733 0.115231574976618 0.113978112841445 0.154446310288469
0.324272601492283 0.0416967639776642 0.0723626696931224 0.00151420203956804 0.193649910606371 0.344176107028331 0.0223277451626604
0.105493811972098 0.210649946011284 0.210719537443946 0.201861060497777 0.0497946067896923 0.023208587397751 0.198272449887452
0.06338201601443 0.00696491414137812 0.209365086071201 0.213631651209783 0.133187926924579 0.236488909777634 0.136979495860995
0.169928000630584 0.0131728680273354 0.188002765460672 0.120849293066777 0.261335251633031 0.0564568105624616 0.190255010619139
0.237705163994543 0.148047789993177 0.0538632149554737 0.182943125823558 0.126753483595924 0.104245635010144 0.14644158662718
0.165098190381209 0.180501385381151 0.145041834878024 0.191452638338195 0.134780884575937 0.180399066608057 0.00272599983742747
0.149271000530269 0.175441114278851 0.17114331960249 0.135126974318302 0.0940638427285862 0.191644808972281 0.0833089395692207
0.269573129728373 0.031725066217061 0.12878679746013 0.216742231477999 0.259845677438715 0.0451690064019073 0.048158091275814
0.152600666162658 0.158556634839678 0.212621197670723 0.0884510108347365 0.163585138022417 0.110858432542868 0.113326919926919
0.101395518703046 0.0470907027319531 0.289098109474399 0.0555397652845774 0.117416080711063 0.136541509212896 0.252918313882066
0.0900669921117218 0.164591974904165 0.177067485979558 0.0959234736812496 0.127821742847841 0.172104850741659 0.172423479733806
0.116867365632791 0.203261922698173 0.212325435757501 0.10689316941154 0.224404953455651 0.111539442026749 0.0247077110175954
0.128180279872016 0.149064382980825 0.236300267276211 0.143421447995072 0.0542629268550629 0.0878427904560113 0.200927904564801
0.0940004156876935 0.0682377333817227 0.194511422605362 0.13328735070091 0.00675787956051596 0.248844058836265 0.254361139227531
0.100041643335105 0.0832499982856834 0.171976911909494 0.153858494578725 0.265582715223293 0.111786793249724 0.113503443417975
0.011089582003706 0.146626916802537 0.194319976189035 0.161203070587457 0.182005837633231 0.20680508552231 0.0979495312617236
0.103708022756281 0.181846475009055 0.167296093534299 0.041700368177105 0.24204382398055 0.161674495064095 0.101730721478615
0.128127456581761 0.233513014227438 0.159510581682249 0.11721199986154 0.186039417224396 0.11163764186546 0.0639598885571563
0.232218333336896 0.181238979878852 0.0471879616867902 0.248038897960083 0.120432779972421 0.157525573387194 0.0133574737777636
0.0747147500467074 0.289027766599084 0.0623650067451476 0.152385710770544 0.329823411333572 0.0542479872979648 0.0374353672069807
0.0302609342948873 0.0946953857222765 0.14271544605892 0.113026091261254 0.281321269713785 0.200940925389746 0.137039947559131
0.276197074146066 0.0882791607541714 0.0254062636643526 0.017495323594383 0.182791554234886 0.246822583123576 0.163008040482565
0.215920818737665 0.0498956091851177 0.0384362485672756 0.0349730930928263 0.215275538597634 0.246383030173832 0.19911566164565
0.0358909288330383 0.102711764369169 0.0395990002643355 0.129045088963567 0.222624673658199 0.248048386282793 0.222080157628898
0.216888475610488 0.072008488289534 0.174994834402108 0.206907881239686 0.181802780166913 0.130075722595017 0.0173218176962533
0.170494902826581 0.160634810532735 0.176444289116198 0.173325514078581 0.127682145812577 0.16942361533476 0.0219947222985674
0.227520154566911 0.0804934971287899 0.0793624774251837 0.183824864399631 0.101017951696455 0.198635607686294 0.129145447096736
0.145326478824721 0.165911980936217 0.0615799539649424 0.134574574742792 0.186759370115127 0.0158741400548556 0.289973501361345
0.260740923589598 0.181300548106349 0.0140629924835886 0.129484421194965 0.0785815683413706 0.062088319732151 0.273741226551978
0.0782866719294297 0.365285302709035 0.00605664190933333 0.277228459312561 0.0375937794634086 0.15633335539776 0.0792157892784725
0.297820830808816 0.0655244601441226 0.259340514149718 0.11623025138532 0.214211227215191 0.00265784903785612 0.0442148672589761
0.0686162404489047 0.0103910508214829 0.228398045722248 0.14372465222993 0.242656876221835 0.106110109169963 0.200103025385636
0.101018916776424 0.279954597575934 0.205939603708808 0.144640617551524 0.0721316892196043 0.122026924537025 0.0742876506306802
0.00231980256385589 0.2191574243269 0.204938817129331 0.0398926080582196 0.283077709357863 0.203078094837103 0.0475355437267266
0.0419743455371682 0.176806366817651 0.00412359309355019 0.248256862588933 0.173699094854622 0.181855434369851 0.173284302738225
0.140942407965032 0.117678293757956 0.15356880438744 0.139125578081411 0.168358137383342 0.0971343573945745 0.183192421030245
0.152508649393843 0.261577894275361 0.152445888086905 0.0916498916180233 0.018936721213529 0.133535476773179 0.189345478639159
0.0872789934474044 0.186221859566804 0.111113310371339 0.072405490696296 0.169445717940754 0.0576978040662046 0.315836823911199
0.0376348950568866 0.187020510352211 0.130622293086377 0.110960472133087 0.23443292854282 0.0797430793522434 0.219585821476376
0.121562451214389 0.12257190262873 0.0259857965560171 0.23325951289579 0.181015409818466 0.110675582240791 0.204929344645816
0.185473765105275 0.0475901971882434 0.0282648072224618 0.143071213191271 0.158699741689066 0.206741214614341 0.230159060989342
0.173648877316922 0.168949047733181 0.106790857396219 0.0135019713014267 0.261766381730313 0.0902069529909577 0.18513591153098
0.202940012475338 0.116262098167072 0.198773152763026 0.00801995276801525 0.0282199708161343 0.199393330537002 0.246391482473412
0.122450086947148 0.0181062346942169 0.41145122428188 0.0565405292163478 0.100028222058086 0.239196797585503 0.0522269052168179
0.182683003979546 0.122385784021244 0.154133992254973 0.00439444327114219 0.152249557402322 0.151637240240499 0.232515978830275
0.143650353854894 0.216818903551169 0.141340200986438 0.0618219287212262 0.217414477462209 0.0532009298686106 0.165753205555453
0.260281858475582 0.0905782352330713 0.09824177353803 0.172767812202991 0.00752649298577682 0.199085901944613 0.171517925619936
0.256418519354441 0.139293381859477 0.199135745521385 0.208900655233479 0.0659448538244003 0.0340491210791419 0.0962577231276762
0.239276556756942 0.0824204211434173 0.161275602033304 0.0916717563540823 0.112376779998167 0.0899871050471712 0.222991778666916
0.0841447756964954 0.147277178615061 0.208305621205445 0.207696863753645 0.107125128627779 0.0548882494504428 0.190562182651132
0.0310985809857148 0.238837116524504 0.216316822642606 0.185589940808589 0.0165412948224865 0.0784224396033573 0.233193804612743
0.309871637293511 0.0582454733874262 0.0451184761590071 0.0990466677064195 0.0893527714536359 0.267057531997194 0.131307442002807
0.256839089702752 0.263532567020359 0.059398591642201 0.142756706276346 0.120524898906723 0.151227342940849 0.00572080351076937
0.260385224239062 0.00577631736103994 0.303290068882673 0.0757555216446614 0.023754723484662 0.319821302665683 0.0112168417222189
0.133581940265795 0.00215826191834336 0.0927243224011592 0.24146065920938 0.188978211031741 0.31777454674351 0.0233220584300715
0.22558402800559 0.0431753883785371 0.136144969031691 0.00284133539396435 0.239221508385618 0.220428443252308 0.132604327552292
0.232278149537844 0.22845169662086 0.142319841069472 0.19024296775797 0.0361580219572042 0.108407531100265 0.0621417919563864
0.00633574772778299 0.0801458008883242 0.0930410760001223 0.24589123074882 0.0583650644733648 0.252885902053446 0.26333517810814
0.244530008207442 0.17662084523945 0.249341288559661 0.017334506304664 0.115057893479875 0.145551848228557 0.0515636099803508
0.223477893956589 0.160089268804022 0.0226437178893613 0.26561338825929 0.0286938696865769 0.20735920317162 0.0921226582325415
0.0570378158752377 0.094188119871418 0.141093514487262 0.0645971630564416 0.0416596021044607 0.459532778893261 0.141891005711919
0.123887765414988 0.120242695679552 0.238396011924225 0.129138380156097 0.140999432484538 0.180469081784897 0.0668666325557033
0.04196130387478 0.0900977291206851 0.0437948164077783 0.185599688491255 0.289514260958694 0.0868277539069643 0.262204447239844
0.135998791827487 0.259526011200783 0.00368752374189622 0.0520738105309939 0.248062344901161 0.119914410983405 0.180737106814274
0.221436426731798 0.162350347899347 0.218065867991481 0.180919247708522 0.0424219205195491 0.133171632771382 0.0416345563779204
0.09082903042381 0.225363297992823 0.0852670384273352 0.186200730606426 0.168309422752659 0.0378872031998948 0.206143276597053
0.204179225531278 0.0311835178339251 0.127660996306776 0.139750686437438 0.0962335076819187 0.0913013717840374 0.309690694424627
0.173663018455019 0.139505604598496 0.210122986065541 0.197686713148549 0.100996723361619 0.0159954106083197 0.162029543762455
0.000651002927994397 0.0440019954678424 0.0340716263582848 0.227963818492639 0.120195517534006 0.301091566046662 0.272024473172571
0.00570786729793464 0.0790638756793527 0.593049907078984 0.0316339310674312 0.00958280181660968 0.0103290645128297 0.270632552546858
0.24876298850271 0.0790216267895641 0.0864545030208921 0.100781537123215 0.0586161814876853 0.279482548272444 0.14688061480349
0.222503326784352 0.0788211943427049 0.0443743473769238 0.310238056598448 0.135393345012281 0.0694639043068303 0.13920582557846
0.0526106402158703 0.0382579740721414 0.0148053107911041 0.0503381643555291 0.231576472301723 0.437578603289505 0.174832834974127
0.106632879854302 0.186400139774696 0.0996565673417583 0.0609145280824654 0.141602213340039 0.181894525717547 0.222899145889193
0.215649222355936 0.0067481387157838 0.0723114020725177 0.341627970366021 0.0524357039079064 0.160255240372567 0.150972322209269
0.191673414134062 0.118398253779872 0.086402007297471 0.10559631998095 0.166069485217177 0.169904663684314 0.161955855906152
0.0339780433636157 0.0892110829242321 0.262895140502783 0.216401148237372 0.0505031474457673 0.157904241387377 0.189107196138853
0.0129014983965212 0.160355652970795 0.173469070969519 0.203928825386475 0.181482414455877 0.080524384112926 0.187338153707886
0.259627381058771 0.120530273067313 0.227980464442119 0.253523546509646 0.0265066730224977 0.0388117368516743 0.0730199250479782
0.137631899705681 0.183836055786354 0.140244691972173 0.0808885166974549 0.173441688372098 0.0879534638841923 0.196003683582047
0.0648089424733066 0.178145038365216 0.083971923293731 0.254284056209234 0.10543489777363 0.104497923683577 0.208857218201306
0.0521200783270629 0.141356984587409 0.012549768706613 0.242077222188596 0.151849019378004 0.157838175763442 0.242208751048873
0.163490682977082 0.203418046979776 0.146081308664704 0.0621434420428947 0.207442451816513 0.128194766462783 0.0892293010562471
0.141286189017123 0.130775976996171 0.0348481503694105 0.05749444486218 0.0165947663300689 0.305677211234988 0.313323261190059
0.151556498969072 0.095040889580233 0.0943696221490468 0.144424378825529 0.13851913351159 0.185289031736421 0.190800445228108
0.200641824538202 0.0751544051088688 0.177251407774588 0.179904827266818 0.1860833647353 0.1414205971437 0.0395435734325238
0.195644513352142 0.0769629430401771 0.101951610856736 0.253143291153079 0.215015122212771 0.125819439219191 0.0314630801659043
0.125355742438865 0.142020697554862 0.340731830294389 0.0214133833002076 0.0265778820496398 0.118033919790029 0.225866544572008
0.235459929680678 0.228499981480763 0.192336129112636 0.0179764575150537 0.0147647906650718 0.0123795641664245 0.298583147379373
0.0356837735554357 0.149109358465908 0.0741162392532112 0.109382499416972 0.241390282528137 0.273441617483988 0.116876229296349
0.316543829489941 0.314018537654536 0.0995732961420216 0.000142937601316355 0.0969621220781735 0.0129023115216832 0.159856965512328
0.196137398737305 0.121211976319176 0.0808707049837348 0.149985862917662 0.114163716866209 0.177238743389472 0.160391596786441
0.123575480227846 0.0348408918465435 0.302044972458828 0.234836867723559 0.0709943235791264 0.17770696634564 0.0560004978184566
0.194776605443103 0.103495036198919 0.190106021676493 0.212899385689391 0.0461022797265681 0.197621911667098 0.0549987595984276
0.0228763509739544 0.151634977539354 0.163759385463591 0.0431112792438707 0.177393972167894 0.200305209525237 0.2409188250861
0.224889229848411 0.208169365809233 0.101617909375912 0.0069824977896485 0.141204436401733 0.0378281341429003 0.279308426632162
0.123098801686704 0.0819088982361545 0.228281947411745 0.182036118670929 0.21458074736866 0.0828703051106372 0.0872231815151699
0.00822083475453767 0.179177859687562 0.211721105805616 0.2227276729332 0.235761635815478 0.137812535332758 0.00457835567084752
0.21050929454079 0.238828791963396 0.231530092215329 0.0341195700466997 0.244963585570735 0.0125290935831743 0.0275195720798757
0.0653357496787965 0.172615748667477 0.293013615106474 0.0125326078042423 0.0597640305155714 0.22355723977129 0.173181008456148
0.0789445358270779 0.213676724111279 0.0405871483935408 0.109900153198929 0.214112863688775 0.128166038236402 0.214612536543995
0.151472562429229 0.322304485736086 0.156835780275857 0.190243448947703 0.0495263148958536 0.0179299154305919 0.111687492284679
0.126442081393476 0.074595566636169 0.18977618978326 0.0467682654538648 0.250991961810875 0.213466695687226 0.0979592392351286
0.126266333581108 0.167495565251967 0.165549759550632 0.15186442524296 0.236267402205434 0.147771554748499 0.00478495941939856
0.163023612158024 0.157281330933255 0.200195127196225 0.122954841470703 0.188477208329489 0.128543282530689 0.0395245973816149
0.0496855811698694 0.0744964696336324 0.313053213164072 0.102668663689694 0.24369187340521 0.161584881430461 0.0548193175070609
0.116379412819264 0.0377055426468093 0.192995710633734 0.201086535454043 0.197105005179843 0.182806458609111 0.0719213346571955
0.0966340792487009 0.131718341685589 0.11970751059215 0.105908358210345 0.243299692345544 0.19681441376004 0.105917604157631
0.20925286068031 0.0265549518172036 0.230964122988068 0.0315442171471451 0.153461917888074 0.227527622762842 0.120694306716358
0.193508978867277 0.12207061240571 0.185771120406981 0.182830307326227 0.0766067965007687 0.119872154878926 0.11934002961411
0.0848146384221633 0.196370884994983 0.0592231462093474 0.0664229847423325 0.210364009204859 0.211344468526498 0.171459867899817
0.0234504451044198 0.220386008996089 0.0640110269808995 0.102701943453428 0.0718206796650384 0.272320803532534 0.245309092267591
0.224467832654031 0.059381154457433 0.0534151781033675 0.161739106101956 0.0194286540525245 0.259529184315715 0.222038890314974
0.119912332578322 0.105736831008277 0.347611865001245 0.0589514977181248 0.172016432186684 0.0961049853394748 0.0996660561678723
0.1146350184044 0.256106715420549 0.135953773255895 0.223339737269594 0.0421161990811876 0.224740475000391 0.00310808156798379
0.237738814160018 0.0294618685473678 0.0333355367189471 0.223572240320839 0.261156903170518 0.105769293412818 0.108965343669492
0.13512004349643 0.0475536593973656 0.110479411756712 0.224260164597345 0.207798085328031 0.242036197081385 0.0327524383427305
0.164133390590191 0.118639650519665 0.150470348968459 0.245084883301005 0.0169237357499497 0.0741801025580778 0.230567888312653
0.191271660895118 0.138956901774876 0.189925892239534 0.0638137325257508 0.0987028381021388 0.173930904372899 0.143398070089684
0.114577445243609 0.142473601708209 0.0878638906830421 0.20547896184478 0.0430183884031499 0.194651791523657 0.211935920593552
0.0296893378465174 0.23309505692699 0.152853996323649 0.00451047700707245 0.171145188761015 0.0808795368165102 0.327826406318246
0.182870315939046 0.0750761177729819 0.15997179620263 0.00455929873794622 0.155733637134349 0.214817088755268 0.20697174545778
0.247007559732553 0.0387073260483714 0.183836826506439 0.181587095916653 0.19499143936338 0.0307183573204105 0.123151395112194
0.0658680465938051 0.266885037369584 0.213851171141939 0.228974579137648 0.0928496312983335 0.019582644021917 0.111988890436774
0.254672460793086 0.176947688764254 0.115215228984798 0.0713698571864893 0.153227731722406 0.098862551787982 0.129704480760985
0.0912719773381803 0.181792730574961 0.183008703834949 0.239658229854257 0.241279311320944 0.0405295211581016 0.0224595259186071
0.165128779905894 0.153451144458996 0.233064100493358 0.00742178522955389 0.215046537608038 0.0363047967040866 0.189582855600074
0.0445547929951898 0.344201166245066 0.211405719860153 0.0197331358379466 0.15980807709277 0.151965097151035 0.0683320108178387
0.0742529623403674 0.208476398549601 0.123160715647881 0.222268068634964 0.19559616869107 0.0973028179893691 0.0789428681467468
0.0878201171843987 0.105893409021541 0.0499295013839955 0.0540140578411334 0.356273343495711 0.204401432529846 0.141668138543374
0.115312708193927 0.0886338391594243 0.0929220091276436 0.194328301140939 0.0816578126776943 0.228996064001757 0.198149265698615
0.155798834900857 0.048052276167565 0.128925069340786 0.258459594167285 0.211041038901597 0.124670485633718 0.0730527008881922
0.12730471432223 0.178796099541326 0.236594152428865 0.0164613118407947 0.176878281093327 0.223729787272317 0.040235653501141
0.212647559130708 0.188604319467456 0.0681384397035127 0.0764179174623921 0.0238376222893705 0.274205889875464 0.156148252071096
0.00708146507484518 0.0891874605313681 0.194251244137586 0.208825855411272 0.278302599009221 0.0258164613308759 0.196534914504833
0.141393907328892 0.163059448602557 0.149777319621279 0.133992001864739 0.154782850965572 0.200413399153188 0.0565810724637726
0.207265599012827 0.148486177130696 0.150790841232601 0.112426624461451 0.132082457210579 0.183006004693386 0.0659422962584592
0.0897189941489281 0.137470764438987 0.074712664303112 0.287240296985599 0.1704346464265 0.000236771986336842 0.240185861710537
0.324991949337872 0.110956808373134 0.132025526016925 0.0168061007243942 0.112166634904031 0.0390416453245482 0.264011335319095
0.234302654292154 0.281703424835117 0.0666838155408555 0.0851791975187551 0.0989417166214118 0.101121400536905 0.132067790654801
0.0611169723307238 0.0467191337942189 0.22382960103343 0.242916917402956 0.0906607832660101 0.206328653608667 0.128427938563994
0.20966319210459 0.164787104968713 0.00143027437461829 0.0248668736710966 0.301657959923372 0.271274002446833 0.0263205925107769
0.198400238615502 0.0372186652575631 0.232942537638856 0.0152729951049164 0.290498914142302 0.223014178873579 0.00265247036728162
0.121830898416725 0.053273482967431 0.182400084396989 0.279120223812967 0.126367919082143 0.022871667935753 0.214135723387992
0.123169843521967 0.106318601907341 0.251823350380129 0.0772966156513857 0.0854938123437562 0.142548275958169 0.213349500237251
0.065378962960856 0.113729058503786 0.0159379284796214 0.256221314229706 0.16687773445057 0.237587154510444 0.144267846865015
0.21627191577568 0.0433596023711115 0.256262360719351 0.0547919380283803 0.208193232335028 0.12071993382427 0.10040101694618
0.0624474687963579 0.22795255411856 0.173615764961661 0.0475602205055964 0.241248382287844 0.0553304048082485 0.191845204521732
0.0261047981042876 0.190599989252196 0.222239686033991 0.131158698245633 0.15318438383314 0.253738812745083 0.0229736317856689
0.0368291086950224 0.24608215223411 0.0300822475141111 0.141430931696329 0.115912882080499 0.198505347783414 0.231157329996515
0.27794644192264 0.0779814170417329 0.250755844481158 0.0136148600799603 0.166756385544708 0.13360385253882 0.0793411983909812
0.330033966599784 0.075772737210057 0.112482394046623 0.100485332323663 0.0299744256701796 0.0111062651634668 0.340144878986226
0.0510791785648664 0.257688596465497 0.0266795475491844 0.0576667035937784 0.410987745328769 0.185190666254116 0.0107075622437892
0.186113050706337 0.186611432103024 0.176240242779681 0.188778382384948 0.022392982525189 0.20716811362887 0.0326957958719514
0.143185042133587 0.16320921469012 0.0889679219045014 0.0588467995137649 0.137027150392605 0.257426406915846 0.151337464449575
0.248222628853758 0.175387031921718 0.203813569069209 0.111327407507225 0.110361062497242 0.0598362951162938 0.0910520050345544
0.284008779937979 0.165023896617998 0.101711305257233 0.131083131592238 0.0449499016332657 0.108653355038864 0.164569629922423
0.187466128712954 0.402014238866807 0.259101489541592 0.0298328107849715 0.0573097524704998 0.0449894521329278 0.0192861274902482
0.00076774930020322 0.0477670554096892 0.151511837025014 0.118094680735801 0.232597052762357 0.251574745426223 0.197686879340713
0.109160213717749 0.00850215325548425 0.349194873130789 0.141118422453391 0.222276198943225 0.0590977891367268 0.110650349362635
0.00278552060066943 0.232400167085579 0.0880092736841296 0.0309356713873984 0.250620128520311 0.273413903693878 0.121835335028034
0.1595837843968 0.0703794376499369 0.176150858869723 0.202772910757814 0.0796667922337889 0.195708696995552 0.115737519096385
0.0181337994844485 0.0354415496193521 0.135730288494996 0.277513637123756 0.232157861099678 0.246871641360613 0.0541512228171568
0.0147175369972634 0.0584019234368959 0.145221398641393 0.187005675656439 0.191557306198752 0.14116250967219 0.261933649397066
0.121816433862408 0.0842292260899795 0.0664106566737175 0.249150323532369 0.29741428973854 0.0361556782755044 0.144823391827481
0.0872080894711576 0.0535357123044106 0.117026963279543 0.217477085490967 0.17091821267322 0.176101510171189 0.177732426609513
0.1418229014779 0.048443352280705 0.0694722691165165 0.26154887655704 0.148876422501827 0.318606555320976 0.011229622745036
0.202802622902705 0.21604591781072 0.186880057400433 0.0162217856320822 0.156589386314982 0.149171643667567 0.0722885862715109
0.0546619444163104 0.255960022720777 0.266836971424888 0.132630269608412 0.0568121735120175 0.18348183618993 0.0496167821276645
0.0765532083157198 0.14513180283854 0.126398805483011 0.276676462728919 0.00986363432932766 0.146577049224269 0.218799037080213
0.304867684668081 0.182848639382233 0.223236813528871 0.0746185686767799 0.120530607667525 0.0113401821843177 0.0825575038921932
0.105899444869064 0.189807692467895 0.153060123278011 0.174125957360248 0.148750352939425 0.0988736316071869 0.129482797478169
0.135801730350129 0.0157441306656846 0.196340379380674 0.173711767458101 0.196814776719468 0.15758980004628 0.123997415379663
0.239262338318815 0.176173523076971 0.197191964495825 0.0673136380823003 0.265706130316141 0.0507447229196366 0.00360768279031132
0.0755073548723945 0.235039986928238 0.086384096008125 0.167637097810961 0.0800690674357325 0.197673980024722 0.157688416919827
0.117982077916444 0.188765013925466 0.158628655736466 0.158426899868924 0.12302255040015 0.0781197482953045 0.175055053857246
0.209981761540832 0.210846880640504 0.179929966779506 0.0462443134817948 0.190331072042861 0.0793746739327664 0.0832913315817357
0.0397408482664665 0.166541225564956 0.193051182311491 0.167424376941347 0.16931655891058 0.142951438043289 0.12097436996187
0.0861703375853727 0.0707922938873142 0.00619748878074051 0.243044689649968 0.196759103981949 0.275432193559191 0.121603892555465
0.0426196077326568 0.233990416729252 0.085141332198113 0.257610593780819 0.00961831679540851 0.219413638472183 0.151606094291567
0.231778353518261 0.127534250465355 0.0631956399722814 0.228542902319938 0.203660918921851 0.0606295991428376 0.0846583356594751
0.106430222688391 0.168112532824152 0.21260235109167 0.129012030600236 0.0720033403136351 0.21320964824053 0.0986298742413853
0.192648333829902 0.189044670301767 0.140111574925292 0.0369477638417766 0.16553458078113 0.173018919643546 0.102694156676587
0.024035994316362 0.229241126604813 0.0561110359990353 0.101882200993569 0.263843044480717 0.308318500495278 0.0165680971102267
0.167909602142222 0.0288975694022274 0.244762650478647 0.0751237000018184 0.159272647438115 0.185358575217254 0.138675255319716
0.018661116365263 0.0926075793636549 0.159014233007431 0.197290302305515 0.19513608736687 0.181289418963081 0.156001262628186
0.0879584927183902 0.0615274294252699 0.257306671909617 0.0736470545275138 0.28884815212776 0.219547309206098 0.0111648900853502
0.124602736888317 0.0490575898347359 0.209843670198142 0.174104766428636 0.168033780934951 0.171306045404873 0.103051410310344
0.163933051895603 0.150639652184831 0.0800300846250884 0.239927798127175 0.0729727519209943 0.0647422853227984 0.22775437592351
0.240048296416689 0.245797627907782 0.151212715843533 0.0231371229813357 0.00870212343616914 0.186948979767403 0.144153133647088
0.145701985587889 0.12633371632627 0.120087009637481 0.232697078389269 0.179089802259134 0.0634061999677564 0.1326842078322
0.149599551203093 0.135983617942026 0.0768364144585025 0.216621194712405 0.244382096300016 0.00989401394050026 0.166683111443458
0.0798366341819874 0.0260766304562652 0.245207761324702 0.210884455356971 0.15025113859042 0.0360860979718513 0.251657282117803
0.0165363451671775 0.18283901306416 0.122687843356028 0.0975324137768024 0.217887901979379 0.193432473000022 0.169084009656431
0.13445280686213 0.0104903801719057 0.174118671580891 0.206189144763777 0.216314864425412 0.0203280462717186 0.238106085924166
0.197418025262376 0.357906499342891 0.195178253402404 0.0482907602836304 0.0839550760782363 0.0907056294931732 0.026545756137289
0.200047368440203 0.0816981940838815 0.111581794572441 0.192226233708433 0.153639588271998 0.0858014293993111 0.175005391523732
0.0380357891408581 0.344567195134604 0.13752724800682 0.0701772277117612 0.0144842025412842 0.0624746015636959 0.332733735900976
0.168249019328657 0.113437336320455 0.0599306629397725 0.0721150806301351 0.127605035699889 0.15988107587672 0.298781789204372
0.19771519946583 0.165550755204712 0.0286056773079515 0.2579908095076 0.132991613610247 0.193978140996504 0.0231678039071566
0.0195285746727491 0.0779234954710658 0.214130764686063 0.145103778620114 0.00880273325566646 0.225107988018886 0.309402665275455
0.142636412047187 0.0700961635998477 0.367282342349082 0.0115184476767651 0.121152245008551 0.0807141310840617 0.206600258234506
0.291638609380529 0.105318663703178 0.152512869553736 0.267039811574751 0.00471908246016114 0.114530329234815 0.0642406340928297
0.278575722142019 0.208981448663475 0.279952474026009 0.00826021644219017 0.100446046641416 0.0921033557708068 0.0316807363140843
0.160941006307156 0.183828420631053 0.0607162862809011 0.185006044114952 0.211337049724772 0.0683210206394642 0.129850172301701
0.194107806423249 0.248170248095129 0.162907941032784 0.216611426489232 0.105425787337137 0.0348368343798711 0.0379399562425976
0.168260693295455 0.124409069871528 0.130853885899071 0.0577366025350249 0.290894513007714 0.071982994033581 0.155862241357626
0.18238457479105 0.0247343868800324 0.0110072860570117 0.106428574648866 0.306456249637157 0.279890230445237 0.0890986975406471
0.0384862912389133 0.246394869698311 0.223389687649485 0.0310204382959272 0.0767552978490492 0.0552622750655663 0.328691140202747
0.215698196900979 0.0415314546164213 0.0989026574151105 0.125936931735845 0.168648431309387 0.202877716485925 0.146404611536332
0.178987025486915 0.00865675501785235 0.111130682651556 0.205552787374892 0.221306452790617 0.0734309433054722 0.200935353372695
0.43218906617835 0.0560977434500561 0.0154830581743975 0.0513438515736349 0.0554069891136991 0.122048925874944 0.267430365634919
0.192996058820026 0.177046969695162 0.0710180597397967 0.141347537648913 0.164178741771726 0.0613811103053868 0.192031522018989
0.200138699460673 0.203894383679036 0.173034904119048 0.183677861821499 0.181254378902133 0.0223186131142831 0.0356811589033285
0.102391261734871 0.0687440634173089 0.186203032688569 0.165227427060724 0.0720637881514223 0.185382936094535 0.21998749085257
0.16086806756024 0.081644018148578 0.232081685703829 0.113506196802858 0.139347300975429 0.112875129885929 0.159677600923137
0.0412170939560804 0.0429499154944612 0.100105197670459 0.117962322874887 0.210955922994118 0.193624714038298 0.293184832971695
0.106471238062435 0.13735373693651 0.000219177475167232 0.185329013403149 0.123165158547817 0.171270298520808 0.276191377054113
0.253917668945836 0.197457654511617 0.192450248166981 0.118333271447797 0.0242963701217489 0.0663675604644944 0.147177226341527
0.229530218770021 0.139982441280079 0.0807568916915712 0.229230111165149 0.137636493826874 0.036815689708644 0.146048153557661
0.150226290108176 0.220583323414533 0.168647426272084 0.154387322302239 0.160924617636713 0.0859611242146206 0.0592698960516344
0.0949971105963052 0.255573091873227 0.0450249508257876 0.0798249432516416 0.0934796611292517 0.254597855356003 0.176502386967784
0.0959200490617952 0.227443614036566 0.181880744965715 0.0290604208151641 0.0282694450990079 0.230507608982368 0.206918117039384
0.143426248616445 0.226618407111027 0.10600275052981 0.165256250373691 0.0831536600436503 0.230528180061913 0.0450145032634624
0.260482982262882 0.0124163739618937 0.362046656919809 0.115748365667106 0.00134776700368966 0.109452353359037 0.138505500825582
0.242451245115173 0.123421106719171 0.244588507471749 0.0486341198182138 0.0371969100878492 0.158345836785319 0.145362274002525
0.0132205769057289 0.130773487470581 0.265251204178626 0.260910158841353 0.156454090867066 0.0460066990353346 0.12738378270131
0.101570047172369 0.159887863829798 0.0316799228360364 0.00834794630302467 0.301687249027138 0.318996019969656 0.0778309508619782
0.16538594155486 0.229032626949796 0.187739229764768 0.0709423810643834 0.224418965103049 0.0149056447547409 0.107575210808402
0.225146717753415 0.161738319919057 0.142576881942334 0.152937966523206 0.175576270812382 0.0700105703023353 0.0720132727472703
0.262429089420177 0.107074035117565 0.0741636730785618 0.292797069519597 0.125953817227788 0.0289797299757844 0.108602585660527
0.189422943473357 0.196993959338662 0.236614447199024 0.0725616694400993 0.0925801881931668 0.0935830442000877 0.118243748155604
0.256176040257157 0.00467412046822422 0.197440376278153 0.074698172141709 0.182252269497261 0.0906659163356335 0.194093105021862
0.149863016205383 0.195744249088624 0.0954527418557333 0.0183245495290677 0.197390702645099 0.088994640418367 0.254230100257726
0.142146205062772 0.182838337315663 0.0217549667078648 0.26845502372601 0.245531362579293 0.105374733327008 0.0338993712813903
0.216879331618798 0.260704754908941 0.0478910548713943 0.132490835744216 0.108735594763575 0.0789077968109266 0.154390631282149
0.168150782875306 0.165945985240914 0.14601675803681 0.178658096351003 0.120295247719703 0.0860350596996293 0.134898070076636
0.147063713440515 0.0921854423572973 0.23739076226213 0.185461005005838 0.201020153037152 0.121607419710835 0.0152715041862323
0.167645992324321 0.14422339970793 0.102583932075046 0.229711400605277 0.0519865161579187 0.226961547342325 0.0768872117871824
0.242251286597166 0.001423493959303 0.205218201530013 0.133006848515083 0.0501986939044911 0.133083398888349 0.234818076605595
0.203522001723008 0.171906929199363 0.0935289499082607 0.13021930185089 0.116880630912211 0.198683542602634 0.0852586438036323
0.248521399078272 0.114522146023986 0.0762195087263512 0.0534092127601496 0.227902261006377 0.213813394739632 0.0656120776652315
0.245155757661968 0.160430239901767 0.108345149794005 0.133590580604203 0.210558573241399 0.126083072021892 0.015836626774766
0.20190656448618 0.317212002379586 0.0730510300332824 0.134308836882697 0.102760330676846 0.026056713408925 0.144704522132485
0.0224776728614972 0.128945040669067 0.132759098393132 0.240936371964518 0.126558452221316 0.2485451351604 0.0997782287300699
0.0725293765707453 0.0849612313089219 0.0623445461106526 0.250897702780765 0.129420283413952 0.177158768700532 0.222688091114432
0.255454299121287 0.231575506902936 0.248329297545008 0.0515510413776488 0.0330273330626329 0.145216624001572 0.0348458979889147
0.0501138852425539 0.253695420658054 0.200695433708459 0.0715264016313708 0.0611345897752537 0.257125068153092 0.105709200831216
0.00534879041189362 0.277938627251167 0.184373735233266 0.116825165558161 0.10323942737811 0.123200290016486 0.189073964150917
0.143604093170431 0.214218280791663 0.066137203348384 0.116769067642759 0.0579452088952638 0.213027866947763 0.188298279203737
0.134548965425527 0.199808432399868 0.227837895827074 0.0358526484468361 0.0295725731226649 0.13942289483372 0.23295658994431
0.0905176599860444 0.205771510027231 0.189832630980904 0.0458297271197749 0.0338241695031918 0.30258240608914 0.131641896293714
0.0947650802696303 0.356329273551596 0.0298872887205214 0.0732480286006063 0.0941039821358756 0.144346607343185 0.207319739378586
0.152198635568517 0.138306793322933 0.126735625845696 0.17796597115994 0.214689980341183 0.172390192354761 0.0177128014069711
0.0849561292603282 0.0658209472947016 0.218547616617102 0.189952114202374 0.124587170188896 0.177541732880667 0.138594289555931
0.167786503679237 0.123000496529341 0.0600370706323587 0.14718985607336 0.257895318072634 0.074281115353786 0.169809639659283
0.0626875933014621 0.0586058700370918 0.155409221718412 0.0917089036437812 0.238651007970562 0.0732575387904151 0.319679864538275
0.187445330773486 0.176654672230944 0.212483590931658 0.0297356786615473 0.114161610930547 0.216219831024307 0.0632992854475106
0.0518729005592481 0.274353748301718 0.0633851598028324 0.297193617664238 0.0568143456553265 0.184926675385197 0.0714535526314402
0.114263598378191 0.211158763009248 0.189215842060843 0.128396520391965 0.244372437848653 0.0396605914260111 0.0729322468850884
0.12837396513471 0.226676601856306 0.201825098416008 0.0112902356738793 0.115577484982894 0.220453170357885 0.0958034435783185
0.0633500699729639 0.131219333805999 0.324986902124836 0.119217781643122 0.0198466116878419 0.117324564593017 0.22405473617222
0.0916613899419751 0.0488300872087017 0.249129465229616 0.0380422681900931 0.187320643760009 0.0540043139520646 0.33101183171754
0.125343175278318 0.229184231203589 0.0511939778805621 0.173684909060403 0.114258181123041 0.176245875745994 0.130089649708092
0.0933615387707646 0.125152354001515 0.140247379919523 0.0751357037979726 0.23176520814845 0.206516289074833 0.127821526286942
0.185370202512124 0.200828271874226 0.0401901276372005 0.0649395836528553 0.144740867254138 0.175582169789882 0.188348777279574
0.132806667654436 0.209297079774696 0.130058882770385 0.0360009403814822 0.272723200629826 0.111474606558531 0.107638622230643
0.0951553616334447 0.0695119851508708 0.236500117295035 0.103256137570395 0.241807199147236 0.116468365468773 0.137300833734246
0.0235993130405244 0.0860229188699465 0.11767408248723 0.133633613031988 0.218223527376146 0.251598566003515 0.16924797919065
0.151236169096689 0.248995441655741 0.029353472661649 0.220173874597975 0.17232063366438 0.126883235550545 0.0510371727730202
0.0535330666927994 0.270281431898423 0.0640054358588657 0.148395076824318 0.115604975413273 0.342776963862269 0.0054030494500519
0.297960394233051 0.0103636167918067 0.0998103196402555 0.148233412577006 0.206774942597792 0.0178596086152092 0.21899770554488
0.0400533216969774 0.182043384261764 0.152398303836401 0.206945333529706 0.187818235818445 0.207686108793904 0.0230553120628026
0.0612209916909621 0.105140057011231 0.174010983443618 0.113679286323309 0.136079406353006 0.289574229893755 0.120295045284118
0.0250281525876383 0.195742624691935 0.0234123610454031 0.180295076758109 0.248139868582388 0.174741955935411 0.152639960399116
0.164924401025841 0.000529290804139541 0.183357544848837 0.013083674468709 0.26681119306289 0.171320077645488 0.199973818144096
0.17966407172248 0.191119009240705 0.266642417876362 0.0704802043239306 0.023471249744624 0.0205903897923239 0.248032657299575
0.0287743605048029 0.181841674510125 0.203179014924139 0.00371142455825514 0.0159055339563179 0.304299155348267 0.262288836198094
0.0281957721401718 0.0798957353711919 0.00869470221933681 0.341298535876556 0.175757798205705 0.0955419710893588 0.27061548509768
