0.0984234268074621 0.100964751677886 0.0484470538039468 0.15771980276683 0.13180221046131 0.154334404175328 0.026488344680933 0.157672770282132 0.00675628932744435 0.117390946016728
0.0915629103754023 0.140774632876896 0.0906267210865905 0.0494178126905319 0.153597819015708 0.161215822414216 0.0168134013106562 0.0957444604299147 0.118011302751081 0.0822351170490043
0.205484874566869 0.00144495485411939 0.01699723165043 0.165151503230881 0.0341591353209664 0.0674674007947947 0.222945706069181 0.073324794560537 0.01949632101123 0.193528077940992
0.140395393097053 0.0851778611777598 0.13915503908273 0.0743759521916307 0.0525463186746904 0.143434376883006 0.0885413606909185 0.0286589431040453 0.140927853762672 0.106786901335494
0.177877267265841 0.0388894430258739 0.0582073714614431 0.170264516276585 0.13546738063872 0.0268275341627886 0.121638799702303 0.018450005684309 0.140805820317563 0.111571861464574
0.101742277231596 0.170652971907282 0.00191272575425212 0.136447614800053 0.168008857297236 0.00435965666260265 0.0880993132326459 0.152254994386536 0.0223556312307458 0.15416595749705
0.196680391494839 0.00414112544234396 0.0249906970043388 0.140577433468804 0.0353789531438104 0.22922845182858 0.204115906442091 0.0182963961093065 0.135776531224354 0.0108141138415334
0.111231646318742 0.148344106110629 0.14962401382172 0.0221403229834434 0.107871615385427 0.0827906061694764 0.106330984669142 0.103001326195881 0.0331848183622413 0.1354805599833
0.138486226353019 0.0661195146355328 0.0976033454845637 0.118055270205388 0.0055312481674506 0.171058895285796 0.0168093304048541 0.087601079227902 0.157240461224666 0.141494629010828
0.123761588375889 0.0891907173757747 0.117416799101238 0.0328279464932775 0.0730941896828803 0.116771937273837 0.0397632586656773 0.182897865130678 0.163763677821542 0.0605120200792073
0.0492644258853812 0.0602312974095916 0.211436780240079 0.00413655051848768 0.0487843716633545 0.00413309940373406 0.159835750082916 0.0506013064323138 0.184065411963815 0.227511006400328
0.0875680953255261 0.174498094353125 0.0506695488000375 0.0079613391748631 0.1957190312081 0.0340955889317099 0.0936424569489554 0.090042487098742 0.183262624078042 0.0825407340808986
0.0330797523543195 0.0404412108856452 0.187578778136011 0.109961207940443 0.158661372486816 0.0644098760799058 0.143443652427078 0.0331543326192179 0.158810519398849 0.0704592976717144
0.0164812582432883 0.136513449785733 0.0978640831545713 0.0487501199365911 0.111651839113744 0.0544797236740228 0.0726315408064582 0.194393746649981 0.154346132620118 0.112888106015492
0.0653280344634991 0.116537187281567 0.134232265728906 0.116442723403466 0.102483976403361 0.00558681109899187 0.0109951466756633 0.13076375069418 0.159520202154597 0.158109902095768
0.00134149944507568 0.177469620911696 0.0466419791407644 0.032340296395601 0.139788134338624 0.142962543743641 0.20478381485185 0.130165988711173 0.00378920282556761 0.120716919636008
0.136738868512929 0.0692834922945489 0.0964074872441983 0.0340371260598351 0.171500870293419 0.109239571573451 0.188422170317663 0.0783096994656674 0.0987046955441283 0.0173560186941605
0.0367853329927424 0.0108583893120869 0.0615557089499962 0.107944947176272 0.156126042012016 0.165320967783606 0.155298690323646 0.162133758208424 0.037347560453806 0.106628602787404
0.0766036555422396 0.170147826841422 0.103293953488618 0.0672779926726487 0.0906514620485815 0.0219252237211089 0.0787908446544434 0.18394491818848 0.122783202273696 0.0845809205687619
0.0910270037456584 0.158187087141712 0.0748481859206919 0.139446374865107 0.0719282933840612 0.0615713534126627 0.0645706825970876 0.149234752334859 0.159590845648581 0.0295954209495793
0.133736037705087 0.0266069366245632 0.14321537361421 0.0156395957797729 0.100167912841437 0.0155048149231872 0.170763510250635 0.113626669791104 0.121421519378113 0.15931762909189
0.15224393172661 0.0934663845178099 0.0500936035645608 0.188513404171926 0.197474261613774 0.00691065710001348 0.005361690684988 0.160125465500817 0.139318551810511 0.00649204930898928
0.0631804799007581 0.10811166922319 0.00556081684541366 0.0313391835978408 0.113703655044765 0.186970165583402 0.154439429811149 0.103305926074376 0.165406401080873 0.0679822728382327
0.0370259018552956 0.209561173420566 0.230120699658736 0.0108328259232352 0.0971036359024682 0.144059714401386 0.15567313915725 0.027943733792438 0.0712629708631899 0.0164162050254353
0.137232211494051 0.0500239233824501 0.084655942612602 0.112073542682434 0.138241528032396 0.126188647108087 0.145428056857465 0.0788366384230537 0.111272030521352 0.0160474788861107
0.191548445770854 6.68234141524729e-05 0.125737303645477 0.081272506721485 0.126002901521718 0.0798714395014238 0.0238102001120152 0.108091101989035 0.0835911988817933 0.180008078442046
0.0462490939249914 0.117337482650283 0.0808119879317146 0.150845755500745 0.0494002268625403 0.168104625773845 0.159948739352572 0.0945529608918758 0.0269784149672645 0.105770712144169
0.076492275154081 0.130052830030113 0.0825263911961579 0.147111164084647 0.188470995030786 0.135870719331101 0.0356294268216904 0.0255795492869124 0.0608140223372492 0.117452626727262
0.0889738936022365 0.0405340950455788 0.149216067011029 0.150962657401683 0.0690320790596335 0.0953141900958087 0.154631909464237 0.112279958774781 0.0139310543018989 0.125124095243114
0.139928782445139 0.114205207076384 0.158983730200458 0.0188374329828407 0.0207039505822163 0.121041996259952 0.0800202051937696 0.123289775264971 0.144162837133381 0.0788260828608897
0.147824259865798 0.0581121302934359 0.0173710755741382 0.116409483355271 0.164432806940604 0.144709317772465 0.0659836398776631 0.170346025047769 0.0852211500622898 0.0295901112105652
0.0618214923904399 0.115836989887291 0.172699077551927 0.0377317307804918 0.118942120154087 0.113559693184027 0.134800848645836 0.131831347676437 0.02901794142252 0.0837587583069437
0.128401541288517 0.162554555711706 0.00289817076976738 0.0470657154718607 0.122051030705675 0.130077794423209 0.131282899719754 0.0932441629969671 0.0949360631848592 0.0874880657276833
0.116943759072485 0.142858788688167 0.161664357036156 0.0153957043619792 0.117616451726585 0.130351294090771 0.12998948625342 0.120438795800218 0.0540454300181053 0.0106959329521133
0.0456541427521802 0.145650531132222 0.0503077144789928 0.162620538686528 0.151068297522623 0.144043389532838 0.0198014364328782 0.162682799583832 0.0436629144472721 0.0745082354306342
0.129705992580331 0.138765606511167 0.0776810730052619 0.146250210199656 0.0607753375096848 0.000592066404506795 0.107621140229435 0.130873683821702 0.0886737993504798 0.119061090387775
0.0891948130561694 0.16045811648347 0.157571163589163 0.0963651720900939 0.200637351958657 0.0408370803029357 0.126547601697542 0.0084158426701633 0.0983943492534896 0.0215785088983162
0.140524416167751 0.169827251371715 0.173116627194098 0.00328515121940263 0.0640422454018623 0.0772256119571187 0.0661105601612562 0.049618073829044 0.181487767824918 0.0747622948728346
0.149856213593403 0.163004714822906 0.122109679052973 0.044962993582475 0.107614732042536 0.0793468689051717 0.161970340970975 0.0084183364707197 0.113679731604746 0.0490363889540942
0.14900111196582 0.156369722065436 0.128416702697595 0.0353949103576421 0.0348297680580064 0.107935702764414 0.102983079807955 0.16980066235824 0.0852810648414437 0.0299872750834471
0.13727257267574 0.0972862359703448 0.113785044243548 0.148466749336901 0.109204116984416 0.0857910668793202 0.0194101241054472 0.155607646448407 0.07771612724628 0.0554603161095946
0.0713239928717898 0.227950646099492 0.0523176764234903 0.0834152590075874 0.258676646772832 0.134915556749019 0.0434718728655619 0.0494485730365393 0.0298906780506085 0.0485890981230803
0.132708707962482 0.13533373466805 0.0905172189026113 0.0796160321868879 0.0953573300417503 0.12774779111285 0.0832631801422372 0.0294960211108177 0.157003386679271 0.0689565971930436
0.0979393048979193 0.155518958238508 0.00691642509777963 0.0261011228850547 0.165271811594047 0.063584003874463 0.153611186755729 0.0687701394385803 0.0774994383763516 0.184787608841568
0.0352186880587397 0.0478292840856877 0.127838635649529 0.0699438420845422 0.0722575052720673 0.224383072023007 0.0312221477332835 0.134696033116081 0.150049016303973 0.106561775673089
0.0579969081786624 0.0404818032626066 0.0202988051067719 0.18527925443944 0.169900016259606 0.132570253406255 0.0716725230348381 0.0637243767643493 0.0964364618221402 0.161639597725331
0.0923478925158536 0.121318463509931 0.143738761044129 0.0184433314451974 0.139102498892675 0.0422116175105325 0.0938913023391447 0.126971330508375 0.140121616204236 0.0818531860299254
0.0274154025099419 0.106754652461069 0.0316347354778095 0.136762994265444 0.117334289265978 0.188853031912212 0.068101054713672 0.0771733719328376 0.101633889824234 0.144336577636802
0.203858231180197 0.0743151425936022 0.0170453622405281 0.0701519248803521 0.0545785895266603 0.191983039408376 0.0140503253562665 0.222181041615032 0.00919953123846269 0.142636811960523
0.0610611507463894 0.168162458257641 0.0269657635145586 0.149138643352836 0.00738406566380496 0.168603836173197 0.0126617789745109 0.129206546653827 0.114609542796797 0.162206213866437
0.0176737040104648 0.181698043730546 0.166084593906671 0.00738112790374689 0.126117821323263 0.0152007670374448 0.128686670859631 0.21118856515834 0.0836339643579991 0.0623347417118945
0.182226939634821 0.0589083599193613 0.156140106601359 0.0313926728046489 0.0928832531156727 0.13025064193797 0.00903953482842296 0.151670684856507 0.147918616634418 0.0395691896668191
0.0780765770111882 0.132748467597458 0.090902400923038 0.0844144470299034 0.0421128385200238 0.16465233939673 0.131211711256636 0.131465219809824 0.0658373184497577 0.0785786800054413
0.0196333337510658 0.0804214678742589 0.233180749116605 0.125561387063458 0.0190747558275788 0.219428204012077 0.110328253786969 0.0924202822143412 0.00199553515200009 0.0979560312016475
0.0489451316391359 0.0749252087667477 0.0645247573737019 0.170733871159379 0.0974048398101326 0.0938395079857745 0.0734632009795342 0.174981953844821 0.108853352823393 0.0923281756173803
0.072752262421268 0.0600601714802737 0.0988211593732296 0.136147083993548 0.0213025326470889 0.112961476000256 0.0513490246925497 0.0785859540254852 0.20580565418494 0.162214681181361
0.124637027542452 0.0325262562039302 0.139755400809519 0.0403826604629944 0.136374833183877 0.0823572977574438 0.025497245744757 0.0587888540001922 0.22060333479413 0.139077089500704
0.0783704508078674 0.158323888493078 0.0825879853580244 0.144358894383316 0.136326978644625 0.0594008919643941 0.0998593633396073 0.161970462361453 0.0484073986260114 0.0303936860216226
0.117186240347003 0.0385362732589516 0.0431683897223267 0.152355986096721 0.0588744036963918 0.197979429679217 0.100145797215111 0.0594133830678037 0.117724214320211 0.114615882596263
0.18295174214736 0.0687426445243078 0.0740707795764859 0.153751565288509 0.00319504694993186 0.10617040117581 0.040725137697619 0.0784386262690233 0.105829226329693 0.18612483004126
0.0232810977914262 0.113700388583716 0.0129438327179671 0.206621697541388 0.157128925007702 0.0681503670215238 0.071586473314035 0.148434594870916 0.149160424774152 0.048992198377174
0.159330357821115 0.153409666973504 0.149456871087907 0.176424236611648 0.0886459492907968 0.102467341558459 0.0380511318087864 0.0261399407268637 0.105146926126971 0.000927577993949573
0.0690671461161063 0.0562846855920877 0.182003830401405 0.126682218278073 0.03287612626348 0.154674973386993 0.00476938648239166 0.126616950895839 0.220578061983356 0.0264466206002677
0.15955871337244 0.241001203640594 0.0148204825731408 0.185870753058242 0.0170671952523615 0.0830218134497275 0.0355803880152145 0.126376148045707 0.0624740133109457 0.0742292892816265
0.0725735180111661 0.0403696454969827 0.149537737406104 0.12798985044275 0.0905496816607425 0.0440467123070335 0.150441308766759 0.122390959068705 0.130310536422996 0.0717900504167615
0.0159529783025589 0.02412126358095 0.140225641705033 0.108231213182503 0.172581595238688 0.11613705725218 0.0239511656484421 0.0443405570931422 0.180087799880315 0.174370728116188
0.206163313168936 0.1442250116103 0.0284357846593733 0.0241560154868891 0.237407473016411 0.241403375631611 0.0491456477337512 0.0131071451838465 0.0226180409966539 0.0333381925122274
0.203967544512144 0.0192793527657684 0.0524665336935544 0.0668209206742952 0.0831022481059245 0.220552759300866 0.116555476686322 0.0355236171445771 0.0906049456843912 0.111126601432157
0.14130833984276 0.0970909148642205 0.139088503674056 0.0921370908148621 0.121963668008062 0.0602401760241938 0.117395874242891 0.110780886061789 0.075805001188178 0.0441895452789881
0.0051617051657747 0.0768695160882426 0.0687371703790321 0.202597203180953 0.046451265388704 0.212681130217697 0.0165095949222952 0.161609272316939 0.00610357831540427 0.203279564024958
0.134939520393518 0.0221343091590571 0.0652209942563423 0.150426783937549 0.0310670404995009 0.0582663376620937 0.169260690863821 0.20052072178508 0.0217382015622393 0.146425399880799
0.0922717473863443 0.219506891446513 0.148594563054747 0.0262804621954045 0.17038226092407 0.0413594818703722 0.0619927045650313 0.00358241732843134 0.151419504389202 0.0846099668398843
0.0151225605486754 0.194324986912325 0.157535770101841 0.135639266262614 0.109225012286828 0.031853593027383 0.0344337081754717 0.173700482473129 0.0297802708393147 0.118384349372418
0.0867674480165346 0.0328784325118916 0.183936926014299 0.154354993195554 0.0805305407945758 0.00568939249177843 0.182788189648636 0.0329972663061011 0.169801403579488 0.0702554074411415
0.114065417136392 0.176608999909608 0.12591491071219 1.46049940428553e-05 0.149568083425181 0.0447115603291958 0.0330834218995767 0.167417341575669 0.167131592528875 0.021484067489271
0.100258001881873 0.111395746198586 0.0188804525185017 0.168362536524579 0.163169447120331 0.123293647501253 0.163183921890183 0.0490008448031094 0.00384638547342378 0.0986090160881594
0.0596830825634632 0.0879335435319981 0.0523994639749474 0.0806348253704465 0.0869612453344147 0.127356864656151 0.128424539086703 0.124304400286556 0.135428757671414 0.116873277523906
0.0628580134353248 0.0478442962621491 0.02300121157327 0.143155793745439 0.0481055429352579 0.100141770536093 0.10816443969059 0.132580392248341 0.170404736765846 0.16374380280769
0.137370785629693 0.0448082686316549 0.128145101723934 0.0472812197572764 0.063360169972286 0.176005997846811 0.148798453080741 0.0337506608599348 0.128986556108471 0.0914927863891971
0.1607705982826 0.20336074086808 0.0606215468982882 0.0625260642189912 0.106735431989346 0.117563735864812 0.142842126130957 0.00159180282187931 0.0915580338413842 0.0524299190836625
0.0884075026189476 0.174177403213256 0.125149140297195 0.0917476215713035 0.094580029992604 0.0433331843734834 0.116726539629497 0.068371744364097 0.00923770256199019 0.188269131377626
0.102980758161442 0.0802225273900831 0.131898406963427 0.112572699217496 0.06899404209228 0.124093427866257 0.145473355343978 0.130870589140434 0.0322576351224453 0.0706365587021574
0.156359245946717 0.124802926996994 0.145625607986297 0.199619575909709 0.065047570764063 0.0331461715865856 0.00963777436613651 0.0566317447656434 0.0256336921814481 0.183495689496407
0.0291242506688609 0.0107888620141451 0.0154359761959123 0.200672011879348 0.144081793452497 0.161601310965555 0.109625826957429 0.165443134154754 0.0224974766055997 0.1407293571059
0.212030519535885 0.0876834890707133 0.0110780504570241 0.207710198551917 0.179768364684519 0.0115820491403538 0.0694548776644816 0.0153492644634277 0.203384602305923 0.00195858412575504
0.0633213250786347 0.102609360135108 0.122874844348631 0.00149748557701832 0.145410441801358 0.235329967276429 0.00702842126404861 0.058019051390798 0.155000687068397 0.108908416059578
0.145600390427206 0.102088122656897 0.0145133098770175 0.166040551848318 0.0122424777862794 0.15443364365791 0.0353806964095034 0.0571391695908803 0.151511111583964 0.161050526162024
0.0154344115714565 0.108247378900446 0.0378807596051643 0.1638070285979 0.196158239453806 0.175906620524692 0.0311370980519773 0.0969286887824026 0.0276986393450203 0.146801135167134
0.0406155588814022 0.0327997903016232 0.0697369248102202 0.178403067501218 0.198003529330392 0.10150387322146 0.0531306487347245 0.187556239396214 0.00165535370962909 0.136595014113117
0.0310687264278396 0.175001254383332 0.11553291055403 0.0997652718297267 0.023304876372369 0.131209355993166 0.145273732652613 0.12751086985486 0.00636014146885616 0.144972860463208
0.104901356342599 0.0807215848649546 0.0420456838007571 0.165499410441722 0.095760562854049 0.189231288707655 0.195262050410718 0.0647710949984735 0.0278385113408909 0.0339684562381804
0.0884927472160173 0.0190754809712562 0.163880509583454 0.186439929125401 0.182336252727802 0.00281038932722913 0.0427832320654338 0.13916184160386 0.0908055834087231 0.0842140339708235
0.0939093588780726 0.001772350108533 0.152716166863552 0.131033920294667 0.140949155142617 0.0774338696641012 0.0921737831923482 0.0632538042679642 0.0916016790544217 0.155155912533723
0.127734309220435 0.0618802519363537 0.12370868928974 0.112270449564271 0.154432063007617 0.0440437116147949 0.169248293702083 0.018983515043805 0.17037410765251 0.0173246089683911
0.0438754660120236 0.0591936967538743 0.093650395146127 0.155621273440135 0.0907023359123437 0.148998184734389 0.0377022950004307 0.131260620811741 0.156632196529467 0.0823635356594693
0.0910097891904735 0.121468507044996 0.151462272155754 0.0435690268127836 0.144601056900953 0.10278989300235 0.0114637138647985 0.10743102463212 0.140352131137649 0.0858525852581221
0.139076818588002 0.0321082111611428 0.135350417722616 0.0779785675109918 0.138255241440252 0.116054338342341 0.104872252366009 0.116180377236413 0.124004632697901 0.0161191429343317
0.115099912268557 0.133589576359654 0.0473723164112596 0.0849601494954279 0.1288180629444 0.122833972799706 0.100104278959381 0.100069491954596 0.128941374193896 0.0382108646131228
0.0949836104401317 0.0607181049272297 0.170954908549066 0.139315665889408 0.140357312309964 0.0635863772693795 0.0804757937145019 0.0784647589064996 0.0459091433699568 0.125234324623864
0.068224513248001 0.0731458517083467 0.107396540095213 0.110066888589258 0.0994644695096561 0.103250838054554 0.10062708387601 0.16488391611721 0.0183399511702085 0.154599947631543
0.0271519999019902 0.0960085841637586 0.164841479569645 0.172942842870074 0.0144736225904071 0.0485321500620947 0.18975346029082 0.196297375085781 0.0783420012886595 0.01165648417677
0.11796970658911 0.0486191773790071 0.112082713772479 0.0426989732326732 0.182848057782905 0.0984446434115509 0.0229631420040579 0.166648310293928 0.083398768453483 0.124326507080807
0.0689085580809119 0.154879612559147 0.116322840742774 0.158577620531781 0.0974084465031985 0.0425405075288816 0.0432637767597222 0.107861124506699 0.141027959938951 0.0692095528479347
0.112946524173594 0.179624802324814 0.144824677225204 0.0158517034036974 0.100788040100543 0.0155417405638882 0.040751100752351 0.123055802767959 0.156571176822783 0.110044431865166
0.13435685900161 0.0307062169929891 0.10356660400101 0.033956377466514 0.12883941823772 0.0340515326664732 0.0929739437567198 0.187422120851664 0.0872344405519263 0.166892486473373
0.125904366440279 0.145348156378484 0.0968950930753246 0.0108915475903117 0.07468724590317 0.138876095018216 0.148564969158441 0.147897598042885 0.0889794298099114 0.021955498582978
0.0851174172383818 0.157871250822541 0.129018718833752 0.164071493650921 0.157187008398108 0.0955039714316516 0.0873953305440138 0.0055616444897637 0.0873778623223278 0.0308953022685385
0.168414414814377 0.0352913268798992 0.136904753748897 0.0528103742277378 0.100715173137899 0.0650662453835767 0.00896919428431592 0.144806816563211 0.141855468846273 0.145166232113815
0.0874136142632582 0.146048715977776 0.170747146261743 0.157596613057432 0.0167376576232761 0.0478100776993957 0.151761638569507 0.0735397521408278 0.0990611796767434 0.0492836047300405
0.111987342607219 0.0389192880449708 0.172400955430144 0.0203981700809866 0.00243890057458709 0.183477450797974 0.152016191419686 0.0677103315240567 0.117683510821396 0.132967858698979
0.173846034005167 0.0240144720390606 0.0430726956055921 0.117868731566339 0.151600467320559 0.0290451492023941 0.0871286676113755 0.136501705594563 0.158499340835056 0.0784227362198937
0.0212017229266151 0.158570673169888 0.0724940012113888 0.0469492927216287 0.029184105492649 0.16176256734318 0.149653930369451 0.156418938496159 0.0352086841617896 0.168556084107252
0.147116888076433 0.0559624322124958 0.147571992041167 0.120801142553943 0.144649569705279 0.0790918119722285 0.133268440731496 0.139234150419764 0.0178927465618005 0.0144108257253937
0.0708987553091226 0.160598235620995 0.100107967113624 0.15726199942635 0.0786895657085449 0.0458397332964565 0.169869294642179 0.0101059022882517 0.0568569726089751 0.149771573985501
0.157617216543395 0.0310822705459483 0.0501517480357721 0.00540407333457476 0.156577019802601 0.120241168127593 0.154164947853065 0.150800753951896 0.0484769037156235 0.125483898089531
0.141314999620345 0.0959983998422654 0.116151615126596 0.0881090204809891 0.148405274673423 0.0302301573892141 0.0729089173352828 0.139590568027908 0.0470164520984349 0.120274595405542
0.161509515730673 0.0255969324570095 0.156440100744761 0.00261097722933009 0.198392952041376 0.0138165339658739 0.0375128130043422 0.178158295699279 0.0314769803122716 0.194484898815083
0.130221524818489 0.157636239426873 0.0384616018431408 0.12601077858613 0.0344591718610188 0.0470501918129774 0.115752671379383 0.0816037136005565 0.127443531490868 0.141360575180564
0.159655764574173 0.00913121727542347 0.127886808670642 0.13617120804264 0.166042051913326 0.08997204614255 0.0866666434976391 0.14938669846907 0.000650020519241829 0.0744375408952934
0.0297103124243562 0.231926708929133 0.117137748025704 0.0230082581558177 0.0266425005572888 0.19147246773253 0.133132993237237 0.129505181385023 0.0654957481677404 0.0519680813851697
0.201268428488112 0.12512522371364 0.0617647308080522 0.0645763340134689 0.16816198539689 0.0264763819847521 0.173859590094214 0.0115317749608987 0.0494968724913233 0.117738678048649
0.071660655011186 0.143389899931537 0.113983459089986 0.136039097092115 0.0472972405481693 0.126689076738841 0.0307410485537793 0.0977375950046316 0.0934638383866312 0.138998089643124
0.110586565248568 0.126678911340428 0.125146718885067 0.051376759809382 0.136451028705277 0.115960604719417 0.110374609370992 0.11692726771911 0.0327225557512935 0.0737749784504665
0.0659332703797429 0.181657188602812 0.0142920345854929 0.109217960599201 0.117904847689585 0.0587247190180209 0.107653524003987 0.156610115327948 0.134281159179359 0.053725180613852
0.0861817768630221 0.0338526627730416 0.0901297662660756 0.0698020099213205 0.104404204640566 0.0796904225828979 0.036942409714579 0.185875009353179 0.182815188435065 0.130306549450254
0.0381078904185712 0.154570626095726 0.0180899437041527 0.151150163765383 0.155103728073825 0.136354248332512 0.0187504734300103 0.0852027976990581 0.15493750016327 0.0877326283174917
0.0914142147958159 0.140689641272893 0.148683209730076 0.0895469236075601 0.00567792707679529 0.01452542348735 0.125759725406481 0.132846870565872 0.109191456803541 0.141664607253616
0.116829928107011 0.0265310614860462 0.153802596636671 0.0120903389068478 0.0240448920510791 0.138907742285958 0.13482703409223 0.123780374109014 0.111386613895257 0.157799418429887
0.0491834910522124 0.165964971284905 0.0229765867548628 0.0420405835271034 0.116630516750759 0.0501426577847877 0.108966718519293 0.159604751635759 0.133147225421048 0.151342497269269
0.025056266735374 0.149663898335068 0.14090431834117 0.123119683499265 0.110726986613635 0.118399203858689 0.0985912366930766 0.155518078796379 0.0574799407346999 0.0205403863926443
0.12979331416738 0.0685346236098493 0.0686017815819788 0.174333786947463 0.0775706771545152 0.106713790200127 0.00795384435611487 0.131836283932197 0.0726572429430664 0.162004655107309
0.0828687935300435 0.116581154206426 0.114827622745093 0.14098116912498 0.0117149983755574 0.0951616973138802 0.154762508450696 0.137616525759957 0.0620419289316738 0.0834436015616927
0.100762678210825 0.107658774908188 0.191988365479275 0.00174528010168374 0.0738166247676459 0.0444502369703212 0.0323727279299344 0.143039238780343 0.180605370595923 0.123560702255859
0.0939527039317443 0.0480196879499312 0.0686747860557778 0.0988059146669358 0.10939471562282 0.128774228470572 0.0901160730612807 0.0853999797714198 0.092337539558753 0.184524370910765
0.0797587839221761 0.14738728802554 0.108428730605371 0.143609272471267 0.0511392922905495 0.100376427462716 0.125144439870037 0.0808045344240192 0.0817510797821123 0.0816001511462119
0.198756932571927 0.045750777928875 0.00713495465470686 0.00975096550867479 0.0202056022945448 0.181015108880851 0.0710202325890789 0.176842321760284 0.10847412547994 0.181048978331117
0.104723724770425 0.0488323194236821 0.0930127403718836 0.158685857737288 0.124202508471369 0.127360561726225 0.0967686116976417 0.0881321722256349 0.072041235184609 0.0862402683912431
0.139027171584847 0.15836273358903 0.135924491004971 0.0710388572452293 0.137771331972457 0.0348305708444916 0.16234228324652 0.0730733113198379 0.01503799704822 0.0725912521443959
0.0189515066711836 0.0817564255915012 0.0762069939594078 0.115804014293894 0.096429753137844 0.0532713907361394 0.169358571655239 0.165802140291574 0.117715878279804 0.104703325383413
0.14636022288652 0.00386923944021608 0.15917321525076 0.0938477732743979 0.106872762025674 0.168252349470976 0.166135113618472 0.0750929165389622 0.0201882083211695 0.0602081991728532
0.134467658014616 0.0755212878672561 0.00968791552465742 0.0787145828721499 0.215311910439041 0.165801161373382 0.0288142420630872 0.139345126129925 0.130448208151881 0.0218879075640034
0.052219287198512 0.10145017170983 0.000455142930797222 0.00320726831231068 0.202163220599751 0.239619966522216 0.214006820249081 0.0546266671435225 0.130510842720276 0.0017406126137039
0.0430876470430532 0.143094704590031 0.0567459726668619 0.171720269377178 0.0782536682982273 0.0451819904522884 0.168609066172136 0.0878879616965862 0.0976177881283605 0.107800931575277
0.162772565234179 0.0924419148669346 0.0537661832398096 0.0500440159141898 0.113188932944741 0.060892021444217 0.156037123424301 0.0952136624476538 0.0957525992530795 0.119890981230893
0.00334682995565109 0.013724505551757 0.120394254686164 0.155426660073948 0.109840388836331 0.131456123059578 0.0343856983847362 0.179112332919636 0.191200626743896 0.0611125797883035
0.149644963972209 0.0947696111000305 0.106042705804758 0.0123730846845772 0.167266089123676 0.0790232129583368 0.154387051320234 0.146434018069868 0.0185413167118325 0.0715179462544778
0.0210155653005859 0.00401085826432564 0.0894204846920715 0.169597108640628 0.0306976901524221 0.132478007415964 0.178400307278044 0.143162295543576 0.119401905075323 0.111815777637062
0.102551810517153 0.0692681001207473 0.0981650889262571 0.0349093144830468 0.130313195263416 0.154756639251255 0.118005190991532 0.148271701915258 0.0760174303835978 0.0677415281477362
0.223725198566305 0.0259941631311945 0.0101228862588591 0.045149442049042 0.086834284152855 0.0899589275301195 0.243350322029465 0.091963846756784 0.155465149457155 0.0274357800682198
0.00741000835527729 0.186060892428589 0.0266126589471602 0.177690872752616 0.149306664639549 0.0420551800716999 0.0262634459320875 0.161966496007936 0.124912243560783 0.0977215373043009
0.113683370934026 0.120789380868864 0.148561032283284 0.145021056378775 0.0536104221735207 0.174131435346705 0.0847472351747053 0.105724812086893 0.0399426790968667 0.0137885756563597
0.153584832868349 0.0152381548161349 0.0650405773762887 0.13818995574068 0.00664456843723783 0.0641241940199088 0.173691930197558 0.0767147724375068 0.180478728226476 0.12629228587986
0.147231797138651 0.176400957240912 0.0786021357389766 0.00991946236173773 0.135957367398343 0.163563042312864 0.143978115657974 0.0458110298695863 0.0370842613924137 0.0614518308885417
0.124441811384766 0.104276321254729 0.00854362567926005 0.103701279195088 0.144130318630968 0.125032829390995 0.0604147021977521 0.0108686624506503 0.158892936839313 0.159697512976478
0.134949704544272 0.0980367382360038 0.0991219523875321 0.117112365249143 0.0622030288481015 0.162623968202288 0.0035841248737929 0.0346354099109899 0.108339653709049 0.179393054038827
0.105070106420115 0.0545743347056271 0.114645102257643 0.0711808642197614 0.13508927121179 0.0920851535190274 0.00837704867333642 0.116714452083848 0.150681317704684 0.151582349204169
0.154033707813296 0.0544092240748674 0.0825724142462912 0.136457954846105 0.0275031578519547 0.165042446970023 0.048376863541999 0.036055050646796 0.154397994076156 0.141151185932512
0.00033908955651048 0.151080718849377 0.171329505946168 0.026787001307955 0.0976688362402964 0.104923961872459 0.153947651537876 0.178384855695316 0.0709942395337181 0.0445441394603236
0.134907407816768 0.0910445130599177 0.0893246233529553 0.0780134338919252 0.0624144281419325 0.0728891643501252 0.132253858105841 0.120856917489977 0.125008399308614 0.0932872544819436
0.124976431475286 0.0693338460682375 0.0994924411711957 0.183947969703931 0.137299893668642 0.101297967206538 0.0551448673397272 0.0128696676321262 0.152892596512585 0.062744319221732
0.111342120407863 0.150258400859162 0.0467583109755683 0.134190313794727 0.151095201378412 0.0997361871618541 0.0935757845972296 0.0655930279042582 0.061485100932291 0.0859655519886341
0.080061300928966 0.124416061872589 0.0447573966986271 0.083575039139528 0.0452686904426966 0.175825831187975 0.0608994460451823 0.00639132382620919 0.184724099482766 0.194080810375461
0.0249316981484725 0.0963127411027786 0.147764369546156 0.0352079454192062 0.147393589665059 0.108383695980334 0.100417572174373 0.151437883446834 0.16357913906897 0.0245713654478179
0.109007217095152 0.14953382908126 0.142461788725359 0.0497830035196359 0.0643215673425758 0.177130724278352 0.106526399467337 0.106897108180475 0.0278135090143931 0.0665248532954592
0.0475868498182374 0.148031010300145 0.0962718108213964 0.0418387249834699 0.158220858807412 0.159422001072396 0.0814240626699046 0.144999792519218 0.0824936532783489 0.039711235729472
0.107397125330985 0.187165154077188 0.00445450108934071 0.19126243640143 0.0767920695769303 0.0309946789958656 0.0586964292177263 0.141799557286286 0.0672423296418524 0.134195718382396
0.180606806612315 0.0907416514817352 0.0782971099181984 0.141502606958091 0.0959359796632642 0.0461900541487548 0.124584110663139 0.0438855590811312 0.112654958070959 0.085601163402413
0.0592552945027115 0.176145316370714 0.0126354724079607 0.119574110870345 0.031987126151423 0.0414779200828439 0.198172494200902 0.193038592289449 0.136118231801981 0.0315954413216692
0.0528110451224486 0.0239384254774444 0.176470092943896 0.0439389910149551 0.0594022530811172 0.0780096222012042 0.209096751893822 0.170850234828097 0.147821005726622 0.037661577710393
0.0355309091196328 0.0827762844316796 0.00553546178783824 0.120900786599803 0.109929519669312 0.190062270083648 0.127531845964875 0.0686472284996098 0.174469547603287 0.0846161462403136
0.0977824752251407 0.229094839722687 0.0521949590490516 0.114570884658454 0.236869409209862 0.00568908984773032 0.0101141305407947 0.119772527541344 0.0075463780843027 0.126365306120633
0.0921908010132185 0.130336081034374 0.0765953171801978 0.137692237479597 0.0144095063001251 0.102233640425304 0.167442330658471 0.131702922260152 0.122573018138599 0.0248241455099618
0.131222142673198 0.113196261801814 0.128677813263975 0.104555346886064 0.0879262116526116 0.175695014106971 0.0503001641009528 0.0316468456604244 0.139387383863674 0.0373928159903161
0.0919861744642988 0.0423397378109216 0.0555485175102843 0.0148441747379977 0.127044105811895 0.102220666502147 0.101698942408052 0.214273226079073 0.163996063657604 0.0860483910177274
0.106438082342336 0.125265174748357 0.0589010850169298 0.176945624802937 0.142558642925018 0.00588814273607368 0.091940754248151 0.138994643589441 0.0291990724267753 0.12386877716398
0.133779463387014 0.129768253589852 0.0743658007506802 0.144973346166287 0.0385451229603521 0.0383245602451387 0.136808285837411 0.0905881160190504 0.122911045715929 0.0899360053282867
0.104180986974369 0.0664605485037999 0.0915622519235917 0.0771679352578364 0.141393217626703 0.0925233173882984 0.100732488265156 0.12640737188812 0.0533535119859391 0.146218370186187
0.00855791928450942 0.106215317352341 0.0503623227358679 0.0118168792590888 0.0158461902787006 0.0682731979939904 0.235059496045592 0.191018680181332 0.224650220867579 0.088199776000999
0.00716378265590212 0.0230983460921123 0.0555504331610965 0.161008462702753 0.143776415893016 0.14040417320765 0.0762930649982626 0.0869178473087661 0.196744855225527 0.109042618754914
0.00324773715244881 0.0766924336820822 0.144893824411359 0.114552630878969 0.138028212106532 0.058121688446563 0.0730128893682907 0.174853909843248 0.05148897646071 0.165107697649798
0.0475960229195614 0.114707469582634 0.105362307602915 0.156814930053209 0.0801737023903914 0.116722578029876 0.150171384361174 0.161548158479049 0.0129738707211367 0.0539295758600546
0.0486494858568611 0.201381238598715 0.183179460722544 0.0292705561596242 0.0116258734686115 0.00811665363634194 0.203012387956456 0.138529810864323 0.0118055615962718 0.164428971140251
0.0510130207028934 0.062065377821734 0.0342964816922204 0.0083747411327237 0.185508045443893 0.105131080076778 0.0803646497974328 0.202668612048909 0.175425077648467 0.0951529136349493
0.0446135917557629 0.192332774512945 0.0175750838907863 0.192507042324154 0.0885941827897099 0.0848541969908088 0.186991623319972 0.0678869378438153 0.0249562764506402 0.0996882901214053
0.112786968924904 0.00926313658748071 0.1633796358276 0.0126116570196557 0.152720735565534 0.224192683717066 0.090847618669212 0.0794970730829294 0.096656575416636 0.058043915188982
0.147367377725565 0.0370937291705447 0.129210577989727 0.12955936440934 0.158618215072791 0.105808222391195 0.0625501615777766 0.0158991759919633 0.108503115605636 0.10539006006546
0.0550828737993966 0.10339971115847 0.0785511050887945 0.0327210546620576 0.0106023113639733 0.212056697816473 0.119312574943427 0.22691355538325 0.0292587521676541 0.132101363616504
0.142852330671014 0.0277023176051888 0.107937820653532 0.0865986062448735 0.101230499119662 0.129831187618651 0.11004915681784 0.111646769335197 0.128646133226053 0.0535051787079897
0.0968131950224502 0.0280702719396887 0.0986047626641032 0.128069275883926 0.12283705623714 0.163588280287681 0.13208439345299 0.0616174153470265 0.0321176347777185 0.136197714387277
0.0590189577132384 0.139509799359178 0.128868682281672 0.0533342971916689 0.0133852832984222 0.137533713008399 0.130685957911632 0.130100903027851 0.150392979413567 0.057169426794372
0.078747054048124 0.284451557072291 0.0206074146655688 0.00879675275353879 0.117917557161637 0.0150444895788346 0.0241373885924885 0.239664298153632 0.052366327853822 0.158267160120064
0.179061286091263 0.0292798101288307 0.00321680020947441 0.160296015700323 0.0221089659204013 0.0547407882765846 0.0212379244595701 0.242053612224503 0.0920478326589357 0.195956964330115
0.145370733379933 0.0566094293683481 0.016207537995155 0.00902355331539451 0.0145464886264972 0.0979111791831785 0.0495819126418677 0.208221013650448 0.149811206488852 0.252716945350326
0.0749235963682894 0.117002353017563 0.114111814311247 0.0806794902880316 0.130469657529219 0.0684297126286611 0.139517907224442 0.114585260478713 0.099350065410991 0.0609301427428425
0.0541330610488996 0.135043619215492 0.0129679696543924 0.132676278417266 0.136104900866215 0.134554864651711 0.0356780916840359 0.137682780258244 0.138245201316759 0.0829132328869855
0.167583759881553 0.0332369354063444 0.093537578287792 0.161516181253792 0.0849376553927282 0.0733685856622883 0.00460818085717832 0.169302001270085 0.0932017197921207 0.118707402196118
0.0121267271830941 0.036568948307528 0.0982997151763146 0.117826992693842 0.125036691803854 0.153635899445244 0.114212986564957 0.142334190261985 0.104083662276335 0.0958741862868473
0.238193692093352 0.0274863925351338 0.231565964963081 0.139980907456438 0.0527214906576435 0.0357083669977299 0.00819596454914621 0.00635189052233414 0.249616616302485 0.0101787139226571
0.0607262633617967 0.00701994889123973 0.141895831321043 0.00561582828043043 0.155329318031753 0.0658817021138865 0.069792488657671 0.200059918002243 0.163204737409316 0.130473963930621
0.0984069689198597 0.153387467732371 0.0878114430525758 0.137968263731799 0.0321164780736272 0.118826891563104 0.105066445157937 0.093981618904897 0.103153857422687 0.0692805654411428
0.0667515774938654 0.164459677771419 0.126878275827185 0.126904648443106 0.053254208557391 0.0434360995383516 0.06406364842407 0.132799549342913 0.0914306813849416 0.130021633216758
0.188568318935026 0.110402388517768 0.0879096485609576 0.0322212149708032 0.204193893984345 0.0616202478902054 0.146127646016597 0.0541157542496224 0.0412984589587761 0.0735424279158991
0.0275318395153171 0.0218037758033864 0.145453031151346 0.121204633333092 0.124904207615661 0.0868613952786221 0.101124953643223 0.141776706471214 0.147866580930467 0.0814728762576716
0.007754581670144 0.167588173118045 0.0405461656935518 0.0416207028096066 0.169783241324501 0.0739831462255114 0.0240199779451234 0.173595312553513 0.141808223287293 0.159300475372711
0.0487277846098385 0.167718441792352 0.0771330745357101 0.0495923744257875 0.180450081282799 0.0859815616758932 0.0577340752853743 0.0682568834042465 0.0941579029159757 0.170247820072023
0.141151752613918 0.124903134904418 0.117491548583464 0.0649736293223276 0.115383169883598 0.115444134124001 0.0471472846471538 0.177527948127224 0.0357118847592341 0.0602655130346619
0.058330116916274 0.156160853148175 0.0262958931847224 0.0431575575173474 0.0957691073609861 0.0989394037859919 0.0130445747295051 0.163232895615286 0.162968387670392 0.18210121007132
0.122640354696127 0.147360191627953 0.15855545595508 0.0230366180419483 0.118526233399548 0.0615269868447967 0.0221206261378961 0.00107540391427714 0.263805992958759 0.0813521364236145
0.146903160350798 0.138092779675646 0.0953898131830064 0.0927213514007825 0.0171642805480931 0.0878451729714754 0.0584784177957532 0.126222303229598 0.150331429413849 0.0868512914309982
0.054345129065952 0.170180784243356 0.101672960587264 0.190405546020495 0.0893463350460817 0.146443615949116 0.0707011598283804 0.0948110880960194 0.0640561657749969 0.0180372153883391
0.0672022781563136 0.139271916243471 0.127049790620284 0.124795785314203 0.00473021104456953 0.119936777507337 0.100158524189097 0.0800623830816917 0.0748243507213152 0.161967983121718
0.147228028826923 0.0876180697651377 0.131975615140337 0.140663106901948 0.0467017689950443 0.0813191357371683 0.0965224416867171 0.0044894092470342 0.128990006607513 0.134492417092178
0.138603476486947 0.117129112150147 0.0971292747795213 0.0527017166310547 0.196872865933444 0.193382392464668 0.102692722103657 0.0105633879795079 0.0229480303475857 0.0679770211234679
0.109429702807384 0.0881956363233225 4.17420184042569e-05 0.11280969729775 0.163588505080274 0.140605116058293 0.0996314069623719 0.0876729286940813 0.0329735145391834 0.165051750218936
0.025201312715408 0.164321653104014 0.0872977190453453 0.229455132611347 0.153435676193747 0.13176009212835 0.0229142698342992 0.023311213841653 0.0427381958828781 0.119564734642959
0.029734189326951 0.173218343753997 0.125717030470315 0.151287427770753 0.118523490740756 0.0698009142503821 0.0856552441622367 0.0615693333332968 0.152204005999799 0.032290020191513
0.0492724402800348 0.0373847011378715 0.205727566084723 0.0985945784288563 0.0718970199725476 0.150104999943057 0.130064474024905 0.0295364268400417 0.0356478838117854 0.191769909476177
