0.178348070925043 0.282540893524745 0.167364231011207 0.0694158667322227 0.302330937806782
0.449964524698144 0.0731666356590386 0.188145017988673 0.266287496297998 0.0224363253561462
0.0763709413191257 0.0829140730487388 0.319673756290949 0.198042378762327 0.322998850578859
0.26713706343211 0.225386183663864 0.060183344101408 0.20511882933544 0.242174579467178
0.382554972770167 0.0576289890414593 0.0893101154703595 0.187563435615441 0.282942487102573
0.385643285850612 0.265243723998832 0.0416211754706818 0.143432545658721 0.164059269021153
0.21631608426373 0.254285245186556 0.00110321392796468 0.344958822384287 0.183336634237462
0.0333726667500361 0.358213864143905 0.372341419844508 0.155125404785247 0.0809466444763047
0.158595150661306 0.212544938408193 0.158713264524139 0.240140897824456 0.230005748581907
0.155440618442546 0.180320479101507 0.241444249869354 0.179375790107891 0.243418862478703
0.042966273333592 0.306295982739598 0.213386005016061 0.193361249960555 0.243990488950194
0.153423717182852 0.322142286950844 0.186756311016467 0.102054461090127 0.23562322375971
0.36791854551019 0.0727471797025754 0.102628636297775 0.433621197874104 0.0230844406153566
0.327861721850198 0.250420003473434 0.0243802192272669 0.299494289402628 0.0978437660464722
0.386796954777422 0.0433388277748457 0.245131330914629 0.100516205679985 0.224216680853118
0.418393666917848 0.0753699904239694 0.0918261777633346 0.119761847689619 0.294648317205228
0.284930728436664 0.267532183024648 0.193670017407847 0.101090817308067 0.152776253822774
0.2417915195175 0.14232672606187 0.224756574047385 0.202001376120017 0.189123804253228
0.329937578415688 0.0202524667978068 0.275199450108835 0.296855313885257 0.077755190792413
0.0770963835052895 0.158094396653742 0.376687139309209 0.335900569913155 0.0522215106186045
0.0329548979990626 0.318324736657566 0.21401142140107 0.338537548083298 0.0961713958590036
0.196813398674232 0.325014567535326 0.20556784819642 0.260233492241707 0.0123706933523151
0.282461298061632 0.140381796718024 0.286005139608099 0.0076345462805692 0.283517219331676
0.0964648408761891 0.204295414575672 0.439942684959691 0.165715619783093 0.0935814398053541
0.247202036969307 0.151938136981929 0.128602121422749 0.251623862361451 0.220633842264564
0.15982427075804 0.246099719077832 0.0749289661285199 0.352437069775992 0.166709974259616
0.157574287210012 0.0630492555060812 0.36168625699397 0.104067401818018 0.31362279847192
0.132871663119179 0.117180779829904 0.255599835218869 0.337906742325544 0.156440979506504
0.0933821427656352 0.0402379803255103 0.112182378130054 0.337658467992455 0.416539030786346
0.404691840483985 0.0701084719891091 0.088196684307427 0.00745047161009241 0.429552531609386
0.220029507889686 0.0243649291177999 0.339776052474883 0.242358296576273 0.173471213941359
0.215135365040727 0.28998729427588 0.14064133741705 0.0674219707194555 0.286814032546888
0.292820472594005 0.115887559422676 0.294016918054346 0.128386567911776 0.168888482017197
0.243469235827378 0.25396302042397 0.156825334442085 0.11913602462313 0.226606384683437
0.0506959728407054 0.237512651226974 0.252589722405439 0.140835745974017 0.318365907552865
0.208181851007396 0.130665575679493 0.402242021220374 0.136977809574123 0.121932742518614
0.106675186786069 0.00501333920237963 0.370064016632408 0.468740666310957 0.0495067910681867
0.0845791622575733 0.358695201978274 0.184884595290175 0.33005313219541 0.0417879082785677
0.0588093096478457 0.306551075687753 0.351246771074317 0.0372128739916525 0.246179969598432
0.0580351521143089 0.360545428879316 0.470906188290838 0.0610161830239707 0.0494970476915669
0.186773834831105 0.360435204613377 0.111946147867814 0.0740617653271694 0.266783047360535
0.212139387759638 0.134932860950274 0.207193712210453 0.220645912417481 0.225088126662155
0.307125054430312 0.0316781292424038 0.272380616944822 0.0258195642913232 0.362996635091139
0.159034200909102 0.1351617416928 0.332562934285148 0.0224213701354142 0.350819752977536
0.202293239179049 0.285375961906556 8.70404746528754e-05 0.3019532701586 0.210290488281143
0.220432986166289 0.237030006435497 0.0421681909058172 0.119291159703625 0.381077656788772
0.339757951011441 0.00689565265280334 0.188349553701006 0.189442776703015 0.275554065931734
0.231557714344971 0.26675266719663 0.00348213130113 0.224132515129978 0.274074972027291
0.312205937649026 0.050879853077677 0.0819077354859894 0.208588878714347 0.34641759507296
0.279686455056751 0.0445183494435355 0.283462843575618 0.117650077721534 0.274682274202563
0.085456614282029 0.159449800600491 0.162170813669944 0.294408949366028 0.298513822081508
0.325711651532821 0.235639380274225 0.19737659970029 0.215578598383893 0.0256937701087707
0.225774566150213 0.048557222644821 0.166736936976036 0.188061239385499 0.370870034843431
0.133124702515857 0.228461419448471 0.136634463527287 0.308119510555146 0.193659903953239
0.211904527805246 0.240308605770805 0.145989159720168 0.23328783581478 0.168509870889001
0.106793280527402 0.00366513983369139 0.261590070195526 0.211194604093457 0.416756905349924
0.241289095572276 0.0300807309806534 0.257485314872628 0.23610565151998 0.235039207054462
0.348736029058124 0.193684882881815 0.179303703140893 0.181327896397405 0.0969474885217633
0.0672438281575283 0.115186568346835 0.307900767811585 0.137265134052504 0.372403701631548
0.244803428917736 0.307491998053152 0.0729626877133071 0.265803122407209 0.108938762908596
0.0159129706750622 0.383684028918659 0.214580266637698 0.0868710623580917 0.298951671410489
0.425287643395589 0.0998646524708491 0.261323509075776 0.0464158145456498 0.167108380512136
0.24153212356335 0.174686298850684 0.223168462657066 0.115871264487268 0.244741850441633
0.3269364382146 0.0161174863151521 0.0617647838056419 0.308333107185313 0.286848184479293
0.128501778114291 0.221750222125007 0.287125852029807 0.133299623554469 0.229322524176426
0.213693742347725 0.20965604001017 0.0713761041191918 0.192068984066145 0.313205129456769
0.164398458196168 0.0362817074964658 0.242774584810402 0.298969504187916 0.257575745309049
0.278499555655931 0.214688328196863 0.0864503240406087 0.358158655180982 0.0622031369256161
0.156983851662667 0.0892285055462829 0.363559423838372 0.24873551716724 0.141492701785438
0.0288008782620016 0.284154234731762 0.365547440077312 0.246943833039474 0.0745536138894496
0.180464427201984 0.192203854263693 0.0333129257691193 0.0167640557952166 0.577254736969988
0.0335151695494421 0.336966005046536 0.145157963358789 0.323586992667176 0.160773869378057
0.166760069037954 0.153430729517224 0.182846324333979 0.221992919403523 0.274969957707321
0.56611797934154 0.00849106224794043 0.300534149681533 0.122317372308457 0.00253943642052873
0.24880831514648 0.148162872143494 0.14255961844795 0.173763670126775 0.286705524135301
0.0605348816663945 0.226794959086961 0.54027573089272 0.0515327703193314 0.120861658034593
0.176012927629331 0.252778808069941 0.183847970497362 0.262253132663284 0.125107161140082
0.0336885441629683 0.0917170983294451 0.243724933874524 0.299627237496057 0.331242186137006
0.386861365793643 0.188899492204837 0.114710577436655 0.195346592705965 0.1141819718589
0.134688550608185 0.00516178448904272 0.10939994673502 0.14571166679948 0.605038051368272
0.173846345465681 0.0429962524783148 0.249525558241181 0.219064906468148 0.314566937346676
0.22287234616284 0.0526533772246036 0.0694884499069278 0.327313733924686 0.327672092780943
0.199073452392122 0.209927777361652 0.271594223466799 0.0986930564087856 0.220711490370642
0.072411010404058 0.106198400490491 0.116529914878353 0.362666185490664 0.342194488736434
0.34236165382379 0.16542699931094 0.21607647490504 0.177423567749483 0.0987113042107472
0.00209774747950934 0.247427906457419 0.00241822998869088 0.394258108981963 0.353798007092418
0.187305483275921 0.0041245889212536 0.226537915647732 0.401496905559857 0.180535106595237
0.23554131974271 0.141460126722495 0.24625554167886 0.146518523055805 0.23022448880013
0.15022272383183 0.290929777873587 0.0316449925180238 0.196951531661066 0.330250974115494
0.313170677282201 0.406477600867614 0.0313934550498857 0.173806823854512 0.075151442945787
0.22259673533479 0.20877931348243 0.206546198817061 0.197607862153844 0.164469890211874
0.0783081929082541 0.23756194622217 0.196289175543991 0.239415848557894 0.248424836767691
0.266454749212683 0.179665831807667 0.0272980629672814 0.272693732891222 0.253887623121146
0.202761725997243 0.168073611295445 0.552248354192591 0.0127945499767943 0.0641217585379262
0.309905262467868 0.0156680854075656 0.091046282512214 0.303633192376615 0.279747177235737
0.240495808321343 0.444004198900551 0.0245335640050695 0.0497020496469163 0.24126437912612
0.28959820582829 0.116562439825127 0.223812345834711 0.202923565719693 0.167103442792179
0.36681993192494 0.32312186553134 0.113453743976925 0.113440069107461 0.0831643894593337
0.334170942345386 0.142733261593939 0.0562858849891339 0.355089036667257 0.111720874404283
0.0188691069780687 0.333189072340808 0.189108355053974 0.0492901987742419 0.409543266852907
0.211667661249829 0.235058800856173 0.222406118297362 0.0419945635509225 0.288872856045713
0.311784733071953 0.0607643209837447 0.319574636033721 0.150202948081573 0.157673361829008
0.00229729926097918 0.185146095303925 0.113286487561198 0.283800257188656 0.415469860685242
0.00438559271021873 0.356710444901505 0.348559711345199 0.233584738677149 0.0567595123659286
0.0402176912905863 0.55209687015936 0.197909268099648 0.152361080840435 0.0574150896099702
0.420003870891614 0.314537444156921 0.0614509915791554 0.157483488647201 0.0465242047251082
0.0295332609752381 0.23982653794217 0.277173229974802 0.387587656710739 0.065879314397051
0.0886397832335737 0.574143175802302 0.0563255597940215 0.196481274460417 0.0844102067096864
0.4273137177703 0.110875161095316 0.0417015192798404 0.0369129343981047 0.383196667456439
0.270918911322609 0.481741481392881 0.0601528887612665 0.0910942139125263 0.0960925046107174
0.100816155172221 0.113528552364161 0.333051698611654 0.194191718120865 0.258411875731099
0.0645705106605057 0.0521300028683182 0.244268614447657 0.299299203241198 0.339731668782321
0.28726703771541 0.429554562480084 0.00056214820447742 0.233664184198507 0.0489520674015224
0.115514574697181 0.0388942336536915 0.423720288204542 0.419737517258018 0.00213338618656659
0.218941380163672 0.148110258558368 0.152542086155488 0.178965905727685 0.301440369394787
0.278020868718153 0.238679681607009 0.13186738201523 0.208304108729455 0.143127958930153
0.0621653921741173 0.166465706280818 0.5756591210632 0.179572131709063 0.0161376487728019
0.227733693751655 0.294459472168915 0.168477894845484 0.0560058940268852 0.25332304520706
0.12133387924044 0.764420424924027 0.0497616645762436 0.0302924222289354 0.0341916090303531
0.251523222404876 0.0460231297994122 0.369957629786791 0.210351968290269 0.122144049718652
0.302825467933091 0.325099843167113 0.0671765438162454 0.0550346460509609 0.24986349903259
0.202991595509754 0.138476607288506 0.158940030999618 0.319760665768533 0.179831100433589
0.260113474664952 0.520718643710465 0.0975618670360884 0.0792007682279488 0.0424052463605449
0.316657509146907 0.116191645135151 0.0918208017992556 0.148678337435502 0.326651706483185
0.22282238285671 0.103835998708985 0.279995535591632 0.0986620295959835 0.29468405324669
0.478776254720584 0.0110895963748248 0.313076555238742 0.159564787549524 0.037492806116325
0.336159831499011 0.119428761544344 0.174717065819714 0.0564621732729517 0.313232167863978
0.0654109664656449 0.17808795377737 0.243794896826769 0.0683803315520644 0.444325851378152
0.00269422356810761 0.235366881607775 0.33568782475482 0.15801061299771 0.268240457071587
0.0655309176335125 0.320264468633487 0.254907491862306 0.293268851031769 0.0660282708389256
0.129380049465077 0.0794833831655329 0.247062492822819 0.387318219026091 0.156755855520481
0.228852353117188 0.201605946494027 0.293696946245292 0.0278901699664247 0.247954584177068
0.304009375467142 0.18309185010671 0.0797970523436011 0.137725573581123 0.295376148501424
0.219625452176227 0.273626828586258 0.123526461354504 0.209619099405276 0.173602158477734
0.193089368547995 0.235447327004228 0.316175382554142 0.076303118983774 0.17898480290986
0.0972727883002128 0.14092773761125 0.331614998473943 0.179004514517707 0.251179961096887
0.281932879292497 0.189582804053867 0.0458307154202122 0.277060066366669 0.205593534866754
0.29869762933216 0.128971432036907 0.128272740153132 0.239281483450855 0.204776715026946
0.248140970926739 0.254492613086355 0.17475781407656 0.201735256783975 0.120873345126372
0.254022516927761 0.434712619437506 0.0245939427647622 0.013991052964306 0.272679867905664
0.208133078579129 0.157330889116353 0.188799511663345 0.207758835610187 0.237977685030986
0.10117016760996 0.382549641759141 0.190440347105511 0.169731251005934 0.156108592519454
0.0903004815967131 0.225381300882689 0.127460934081389 0.28320475011249 0.273652533326719
0.160230482819332 0.127117014283107 0.152708259809773 0.185989285618828 0.37395495746896
0.0985190687803727 0.202054387706411 0.259956782790613 0.260195301550467 0.179274459172137
0.154131863203459 0.326294234246151 0.203980748869993 0.0977960412594782 0.217797112420919
0.224280299663565 0.319602267829492 0.303827121642926 0.149757040299346 0.00253327056467094
0.245214003974058 0.227138651500521 0.248459158367883 0.0440096543952795 0.235178531762259
0.204511402058899 0.0216846452365459 0.388341759440881 0.220541826745894 0.16492036651778
0.0413355755059443 0.261979108154523 0.418607019531099 0.239988830439963 0.0380894663684707
0.283772983491362 0.278710879524238 0.0977129474854633 0.263183030702902 0.0766201587960352
0.328380302817806 0.343690178804663 0.128836350747388 0.0979385282724386 0.101154639357704
0.156525545369125 0.12442063151628 0.498563503129203 0.0678419993774954 0.152648320607897
0.252836005870501 0.168946348326026 0.111623332561897 0.0741159471499169 0.392478366091659
0.13371566745768 0.23082813275205 0.202521574472371 0.204811455095368 0.228123170222531
0.152419110336738 0.295210141301354 0.128277242994521 0.193276201551117 0.230817303816269
0.0231917419294826 0.266294197191366 0.222620564613604 0.280211561369042 0.207681934896506
0.43070224711883 0.0311354966928903 0.125154091484278 0.132120678799072 0.280887485904929
0.343475830010081 0.356198469325137 0.210537312269154 0.0118061790819852 0.0779822093136417
0.107170320924973 0.0662641704059519 0.246117629451861 0.0905467556819555 0.489901123535259
0.258208595384705 0.0985902761781747 0.28448130573906 0.353842707548254 0.00487711514980674
0.263813978820892 0.231323738920619 0.0199864613211082 0.284246424556778 0.200629396380603
0.148122771407472 0.0192337892335193 0.289824758505122 0.311186372165745 0.231632308688142
0.21818698120415 0.172245641826631 0.25941328946706 0.128497609783391 0.221656477718769
0.312568573028432 0.371664538115584 0.0148242398800697 0.110771345810918 0.190171303164995
0.486570604336461 0.0170452676555152 0.233439037675431 0.0723787642407349 0.190566326091858
0.145778140457859 0.265706172044185 0.187672382499019 0.185268599543629 0.215574705455308
0.0977392741776809 0.10355458867002 0.347087861336272 0.26330823076482 0.188310045051207
0.0258860753056808 0.29085158052111 0.170476062849495 0.207480923965064 0.30530535735865
0.0951739395115317 0.180463524416588 0.177479321482439 0.275681600466571 0.27120161412287
0.0311908197371809 0.216249969033519 0.348953523794132 0.0376846911941146 0.365920996241054
0.0931506944764343 0.141878422511556 0.190664059184779 0.0950281293307789 0.479278694496452
0.182370564116368 0.125346511439884 0.140144974360151 0.412464102334696 0.139673847748901
0.339859975819531 0.0733344726395811 0.15061168440817 0.1952660988065 0.240927768326218
0.305275716019515 0.128797507176041 0.256520515248322 0.183161751861887 0.126244509694235
0.111845347053095 0.0574511615879737 0.216768854546387 0.473824464855951 0.140110171956594
0.218160187124504 0.115470251439518 0.318284786146829 0.199080891640292 0.149003883648857
0.125539230565466 0.377480123837834 0.227949217709472 0.122117501534161 0.146913926353067
0.354957258055779 0.142072867883859 0.117243444363344 0.0639425885003121 0.321783841196706
0.0742369567576342 0.352387735918129 0.289715367662442 0.147060701048887 0.136599238612907
0.140461353662495 0.0380261124469241 0.268052063249068 0.421123425207801 0.132337045433712
0.12684884024194 0.299894405700112 0.0841639540168719 0.213421253850416 0.27567154619066
0.0594550767929315 0.117164815786191 0.250935754445293 0.387442502597786 0.185001850377799
0.263078602620572 0.19669397513255 0.181970480639847 0.315651745337694 0.0426051962693367
0.175401631596372 0.307492459239059 0.270938361557326 0.18880199205641 0.057365555550833
0.358441750952377 0.246046774358797 0.131124575078646 0.0477314729941012 0.216655426616078
0.055469512702614 0.0483957652607247 0.0185741423115918 0.490544083487967 0.387016496237103
0.207409329853231 0.192363786967692 0.0903349049693146 0.172211368289465 0.337680609920298
0.184155300713104 0.153591038655268 0.262722904200443 0.123238892707229 0.276291863723955
0.331444280410296 0.025373936854176 0.143480477301046 0.0524526523783091 0.447248653056173
0.382218290058624 0.176625358875998 0.00254752802241082 0.309185595160984 0.129423227881983
0.250385431310018 0.0523113060536836 0.240599797481516 0.197227995229812 0.25947546992497
0.235555430410671 0.362263816805516 0.0646914109351168 0.297225258575889 0.040264083272807
0.17022866047215 0.0468282837773216 0.2454751489662 0.333932854021215 0.203535052763114
0.0666489948404044 0.37971421532325 0.344406695682474 0.0959809965808337 0.113249097573038
0.37108903365967 0.0651279422535277 0.112350579787714 0.164850040244417 0.286582404054671
0.0898877721139495 0.023803110357649 0.231784294465408 0.510658524537541 0.143866298525453
0.128032200393373 0.253019001772272 0.201288477541285 0.266284462606052 0.151375857687019
0.222659365277083 0.452083497479115 0.174784411069832 0.132469364420947 0.0180033617530214
0.399096434214455 0.0328355726938411 0.0763255235048696 0.216462966954744 0.27527950263209
0.140121858768142 0.319417145835119 0.185311567167465 0.0303518996358048 0.324797528593469
0.218788526576929 0.25591438676307 0.163102867193144 0.131574825862384 0.230619393604473
0.0426147453151987 0.012894635492897 0.411988531660908 0.466330521728541 0.0661715658024557
0.0717953793211895 0.217048779956655 0.140569819821773 0.259006366388045 0.311579654512338
0.430897024048432 0.332473833021667 0.0697638721425361 0.134537088633211 0.0323281821541533
0.0328602872951884 0.197722306160371 0.280408611991344 0.202722717114676 0.286286077438421
0.204267174021616 0.323809599935483 0.222187673128819 0.134892802794321 0.114842750119761
0.0397724949767059 0.281500964916201 0.293909710743488 0.109563125259525 0.275253704104081
0.378722780672196 0.0377387389082811 0.245642761380808 0.279603154627566 0.058292564411149
0.254014772624263 0.0603988442436814 0.182324441902809 0.273210866124688 0.230051075104559
0.232167001733368 0.13009304727007 0.0532296947068868 0.258539714733116 0.325970541556559
0.162834123033372 0.339757773978984 0.180136720304497 0.164043414659801 0.153227968023346
0.0582285923364625 0.109458647370854 0.278206128071979 0.260756558821377 0.293350073399328
0.228943443090077 0.179467139267737 0.348120961570104 0.230517118397777 0.0129513376743043
0.133936185382268 0.257059450377757 0.151565469331335 0.153225243202489 0.304213651706151
0.0341255072239742 0.300332149938556 0.267399295580441 0.17585938939389 0.222283657863139
0.141267873496611 0.0255163302950919 0.173832111316173 0.406579651817459 0.252804033074666
0.0651407496372454 0.19387712582063 0.308183532471901 0.230352597259279 0.202445994810945
0.160514116381199 0.0826118199038409 0.0740764059753758 0.402567944501147 0.280229713238437
0.00409990221721069 0.352317276970286 0.167433130835479 0.197814033230678 0.278335656746346
0.239564221102974 0.394257683174017 0.114906838776021 0.169373725206558 0.0818975317404297
0.0437103244910441 0.158424132783664 0.355544302826127 0.113318382015839 0.329002857883325
0.0652714040244915 0.0236659133847217 0.134502849391975 0.0973489625487018 0.67921087065011
0.158537032757045 0.239069284770516 0.156928604236652 0.175639508927287 0.269825569308501
0.184307987264111 0.0240681722304182 0.312796184365605 0.472686146553586 0.00614150958627943
0.35775822582434 0.409190122342638 0.00301024544172455 0.0996952579377159 0.130346148453581
0.0869375218855297 0.0832836692913107 0.374821791741079 0.367278957004209 0.0876780600778716
0.134578521957219 0.19249690291367 0.231023189745473 0.14299030315173 0.298911082231908
0.209535553500664 0.51454878064127 0.0633150871027023 0.0111500765584183 0.201450502196945
0.278325377779877 0.026131167620021 0.179032559784749 0.255698676122871 0.260812218692482
0.236413635943087 0.0754404758586926 0.258362061185722 0.0985207716051322 0.331263055407365
0.167001880566543 0.31874763096775 0.122353908403573 0.312237679597868 0.0796589004642664
0.0747410056699092 0.368349964022738 0.407540576270514 0.119725242223885 0.0296432118129536
0.167032315409282 0.177237248160578 0.339453899534955 0.043380751038898 0.272895785856287
0.212796661589857 0.152463615247956 0.123367943508017 0.0312572982415095 0.48011448141266
0.548155241126059 0.121230379439645 0.0641630092700785 0.152985490922875 0.113465879241343
0.249302519584793 0.241317433546401 0.233572917125647 0.0287010707849784 0.24710605895818
0.0530948726389902 0.386706415615339 0.159862682376899 0.061302205314588 0.339033824054184
0.185495835654368 0.0108716998053768 0.331167563411022 0.123444317042671 0.349020584086562
0.29697698266698 0.172350885124978 0.276241412005644 0.10891421592991 0.145516504272488
0.357555767182646 0.225289214583828 0.222077526032866 0.189156067256541 0.00592142494411953
0.323489045961029 0.0256206922344798 0.0822030212428746 0.345574117630039 0.223113122931578
0.201072789657711 0.340761886033084 0.138023113590418 0.202367278871982 0.117774931846806
0.108118289693173 0.176557556294015 0.284279007522391 0.333356949068007 0.0976881974224146
0.118547594123141 0.188870595952931 0.141750117241606 0.265098150428191 0.285733542254131
0.288575279892822 0.0135208734890328 0.235761985224395 0.144209336465924 0.317932524927827
0.229079614810561 0.241106333186473 0.40883510701954 0.0821693072796442 0.038809637703781
0.155797893752453 0.137537683835237 0.404110693593175 0.115630955095883 0.186922773723253
0.0983280208915716 0.42993690939927 0.103117933463793 0.239987387208648 0.128629749036718
0.179351903855574 0.113348782556963 0.174979115916794 0.269990138956545 0.262330058714124
0.0519481500864804 0.323519473499134 0.17435487707513 0.101719411515699 0.348458087823557
0.267324572832534 0.330946479015323 0.124430056976849 0.109055045946566 0.168243845228728
0.0883931779411282 0.115207768616679 0.113201839852744 0.334777927596616 0.348419285992833
0.20950612035181 0.209940878563953 0.161380364401867 0.2005774381398 0.21859519854257
0.147015725958975 0.282630316720432 0.0541623163864542 0.308559599492585 0.207632041441554
0.0165714267421272 0.348940803887434 0.336486045137288 0.109429411463783 0.188572312769368
0.157766834051037 0.223640036851216 0.267928196846226 0.023882382924198 0.326782549327323
0.157433708150387 0.274509831373556 0.393403802427043 0.0854515247590395 0.0892011332899746
0.117764398079986 0.268634232191777 0.313889180904565 0.169329073303535 0.130383115520137
0.328323611562094 0.00341032851750697 0.17316601560681 0.176090671013081 0.319009373300508
0.287076405980739 0.304531113457466 0.235899239607236 0.106932603200825 0.0655606377537344
0.141494214156444 0.231520107118393 0.149244172558489 0.136949258555374 0.340792247611299
0.177024987106412 0.153444854974678 0.115341832994935 0.268089709885969 0.286098615038005
0.198634289306069 0.085665891152796 0.319331523384476 0.300015767449093 0.0963525287075659
0.0253353306120437 0.28577981000904 0.162677522819772 0.342295417470562 0.183911919088582
0.29640302567142 0.128876777851487 0.106776873926901 0.330047672645087 0.137895649905104
0.252556004265818 0.212159489889845 0.188693554419769 0.067202046896313 0.279388904528255
0.0643580622140052 0.128166806508604 0.264125708998328 0.215710075582268 0.327639346696794
0.0630399151398828 0.162546461913105 0.271306112170403 0.0926447223786037 0.410462788398005
0.292692124371261 0.134457425747362 0.059819600898435 0.310284444980053 0.202746404002888
0.12904295888339 0.232048709742774 0.204565999641391 0.209848487741607 0.224493843990838
0.275546181709514 0.276706229564101 0.151273449262256 0.110083015254225 0.186391124209904
0.29043822003378 0.271740099108635 0.170861177313572 0.0564860095084877 0.210474494035525
0.022483230749075 0.318621743211861 0.0943493548524688 0.317703517370765 0.24684215381583
0.135959873973111 0.0700946737278392 0.382542179568823 0.0840534454859689 0.327349827244258
0.00821786975658559 0.424717747534804 0.476926756951781 0.00528047259809928 0.0848571531587306
0.259734325324262 0.181653240813456 0.119067345536594 0.207126923282012 0.232418165043675
0.136590207553595 0.225485002056402 0.260754598977982 0.0709351628118881 0.306235028600133
0.334715227444285 0.194043712596118 0.376046293975822 0.0669747535503661 0.0282200124334094
0.277722091214104 0.274778706342164 0.150437151577472 0.113853726012086 0.183208324854174
0.192840481636276 0.00377035649675717 0.0645817420941337 0.231026303915455 0.507781115857378
0.278240093231428 0.300678051562997 0.0674455037114313 0.287647781361584 0.0659885701325602
0.589320095026408 0.0389518195079456 0.121102753609432 0.022100471887562 0.228524859968652
0.282366845995464 0.220902181090456 0.130961263499167 0.258150456520616 0.107619252894296
0.0742720493224838 0.290928816346423 0.334783409959004 0.275468589171457 0.0245471352006327
0.166654719665163 0.200255967965405 0.260297215524037 0.161700251498875 0.211091845346519
0.105421175180146 0.311919812120921 0.103722047318914 0.34607477407817 0.132862191301848
0.163800223872657 0.283874446508322 0.0842476383528812 0.380353192533024 0.0877244987331162
0.313540267009996 0.162814433064624 0.213482516228949 0.142533340776061 0.167629442920369
0.17649573280911 0.224212655557635 0.266561562977918 0.277420380534064 0.0553096681212733
0.137343894340128 0.390699272693954 0.0790337566949977 0.109223964562496 0.283699111708425
0.154115265056771 0.137734957031804 0.277611277713169 0.183373049360146 0.24716545083811
0.333477729493464 0.00780380086786294 0.323791271742056 0.180890224228257 0.15403697366836
0.103059727871086 0.121735124250684 0.41561380787784 0.239101408646216 0.120489931354173
0.0737325839327721 0.475306214052714 0.179916008764688 0.20946507114989 0.0615801220999359
0.294785142958149 0.34766684278848 0.162114192369391 0.186126689915024 0.0093071319689553
0.071395530933698 0.110181464526043 0.380569708022776 0.215900956265629 0.221952340251854
0.421628353183938 0.147756533091743 0.306218647880553 0.0243292605885051 0.100067205255261
0.25275396071889 0.11788827796391 0.409771134140525 0.169019475519181 0.0505671516574948
0.0462823425705457 0.150295840374494 0.445968339787079 0.0563852249197936 0.301068252348087
0.219158039573506 0.315446376036356 0.139633235656423 0.0696052613536212 0.256157087380094
0.136277741060631 0.309924442543687 0.0100112875371216 0.334527198086557 0.209259330772003
0.235976650364714 0.0863994678536167 0.217060785177315 0.188889438471491 0.271673658132862
0.0545485988621575 0.116624490153471 0.175596616627075 0.152743718703219 0.500486575654077
0.0468592772756033 0.406559111142476 0.110284270150306 0.352255252896954 0.0840420885346602
0.289514564951058 0.316854079758425 0.0377203569878721 0.348468874972331 0.00744212333031411
0.120097949040275 0.212061231527935 0.232903563630178 0.174651746591547 0.260285509210065
0.218740138484441 0.168349618879134 0.286054834772374 0.215580779120532 0.111274628743519
0.179989413261933 0.128561831993239 0.157530513988352 0.263890203347494 0.270028037408983
0.00811269733336215 0.0159970867098047 0.54034573043 0.0763323518512189 0.359212133675615
0.248209236826024 0.246564013665471 0.191942702785041 0.135997210347393 0.177286836376071
0.312504659820843 0.264909695249462 0.00149463176708941 0.373890917312788 0.0472000958498173
0.344756362891169 0.0357846475779783 0.398606298724396 0.0341177970861957 0.186734893720261
0.182222410816561 0.146839683369098 0.336405129112093 0.298486409412179 0.0360463672900692
0.254559411726925 0.296537579081818 0.057817611579656 0.389138508845501 0.0019468887660994
0.262146795292561 0.0583631313249821 0.233860187175643 0.245053466542878 0.200576419663936
0.34443405843579 0.079188317720305 0.129543676508877 0.285576302691608 0.16125764464342
0.101277927791415 0.14979652919475 0.36105146447474 0.371018259568843 0.016855818970252
0.112001880121744 0.12875001862959 0.0877956221806515 0.354585222191048 0.316867256876967
0.0982264403343814 0.0694241924324899 0.0447605331524656 0.407416387873562 0.380172446207101
0.331930866867432 0.122363276405742 0.186394562554545 0.329451137494953 0.029860156677328
0.205885024284959 0.173566630212308 0.187907438506059 0.305345045171776 0.127295861824898
0.174704326201292 0.357296608361254 0.215483482794044 0.106529447354555 0.145986135288856
0.0679414709841803 0.275494812334661 0.285027481663396 0.0756233267771049 0.295912908240658
0.140272973675221 0.279561665617327 0.182750870082804 0.150165953001624 0.247248537623023
0.00712028388934223 0.18238629604193 0.167292586001392 0.329939673625515 0.313261160441821
0.479121388956164 0.0135668367517382 0.0637978025158572 0.13975740388736 0.303756567888881
0.141310557230914 0.352290356341484 0.00611551546482146 0.0669173201902445 0.433366250772536
0.0447846373866922 0.413539340008007 0.270905775588765 0.00459185508011672 0.266178391936418
0.25425730560777 0.0263165468494881 0.0517646167150324 0.0949499514027103 0.572711579424999
0.00436415258442779 0.295805577532807 0.323227858360563 0.0256238748312885 0.350978536690913
0.234718330176175 0.167558791705139 0.272427175559978 0.217015075119687 0.108280627439022
0.264754037532979 0.240790062272034 0.0379944451239278 0.175620992514341 0.280840462556718
0.277209256523465 0.116079035839306 0.262474047039212 0.269706861740001 0.0745307988580154
0.120379399439399 0.13101509150295 0.251005286947094 0.319835329079975 0.177764893030583
0.0396922906373843 0.231645510639792 0.236763158624871 0.24592860888402 0.245970431213932
0.0494151460507168 0.131600978714934 0.0864632939167112 0.462477335522003 0.270043245795635
0.185281871957378 0.270008766790575 0.141292169485865 0.162126552004455 0.241290639761727
0.0260941932169536 0.327701866476501 0.296783986656375 0.224684549385473 0.124735404264697
0.16431670437401 0.122108290586328 0.206893155409437 0.207051335408544 0.299630514221681
0.0574845006500752 0.250188411866243 0.211938826087017 0.148756962631613 0.331631298765052
0.0802628669135594 0.160283088155098 0.199804625605255 0.108849269448301 0.450800149877788
0.167591684321426 0.415677228695534 0.0463470808204483 0.174382660055979 0.196001346106613
0.193067689665597 0.401966309514715 0.168136334867034 0.0188947063419447 0.217934959610709
0.280489878415562 0.324312174865546 0.244755816811109 0.0409170450614581 0.109525084846325
0.266520543891217 0.173146637983185 0.262932418839899 0.0849598939917188 0.21244050529398
0.222736364833047 0.237811139730145 0.273337967904161 0.0998007215189228 0.166313806013725
0.0099366411854653 0.0770789625240238 0.368605717335712 0.126431883521163 0.417946795433636
0.226884116939448 0.271965444677887 0.0816275565377233 0.259887313616403 0.159635568228539
0.253145330215446 0.180694923508023 0.206586221922516 0.100453796168651 0.259119728185363
0.0370878763134721 0.0902662451044557 0.19626621504401 0.155297773683033 0.521081889855029
0.284341321590702 0.265899838304974 0.211726724546168 0.0962601875175392 0.141771928040618
0.134307405554229 0.130273400881033 0.174870406887047 0.337305320827812 0.22324346584988
0.136097199562497 0.166251390664563 0.145211248305255 0.048012873687244 0.50442728778044
0.191887989094741 0.179901623668696 0.22106578948452 0.23519635148474 0.171948246267302
0.2771835432442 0.149444071535061 0.0540992858525626 0.369865504018391 0.149407595349785
0.128057828262688 0.152376605677768 0.214399059786798 0.0414042497395204 0.463762256533225
0.288039701455052 0.195359813902974 0.194074196202508 0.275475994733079 0.0470502937063882
0.0155454869519712 0.362432229269334 0.0200473306456313 0.26335874300694 0.338616210126123
0.354098994234573 0.198658086139686 0.138162475505684 0.197545053027425 0.111535391092632
0.0591440928583003 0.413376404859223 0.167842791478574 0.271326198659194 0.0883105121447097
0.239544886466496 0.115770589022197 0.0940625649401742 0.465891404347665 0.084730555223467
0.13382418340828 0.0221170878321027 0.288615669656213 0.377505576023413 0.17793748307999
0.2602194959596 0.244170623315406 0.0282998326271279 0.18915689959679 0.278153148501076
0.158987633273903 0.26119269549004 0.1417553111757 0.0285492007195532 0.409515159340804
0.275276037997852 0.205611961765732 0.182284516200884 0.278536486726207 0.0582909973093249
0.27249007162888 0.0725063969202243 0.166554360679682 0.24971043865395 0.238738732117264
0.213714591490925 0.280871331295064 0.344017308132154 0.0437972054987984 0.117599563583058
0.290946070196419 0.167577451091726 0.261750912575446 0.260088137030567 0.0196374291058418
0.219195110224179 0.209242667414969 0.118730527856339 0.350348072534443 0.102483621970071
0.131014723794885 0.231968322744009 0.119839403113545 0.268801063843167 0.248376486504394
0.29189979259907 0.170838077955943 0.271605283577746 0.168811740063821 0.0968451058034207
0.178045116946634 0.150615318745441 0.0774255546933941 0.290635706349668 0.303278303264863
0.294261083120725 0.0702352380415933 0.192281000101895 0.148845752325018 0.294376926410769
0.142320512487102 0.306334558943989 0.103251282237215 0.322709761361239 0.125383884970455
0.121795584002639 0.303851232401198 0.261400404713224 0.225410392725771 0.0875423861571671
0.267683291025075 0.0659314313084395 0.152155043317191 0.191540538041632 0.322689696307664
0.170610672989495 0.193494579466073 0.208914523891073 0.184707262510702 0.242272961142657
0.235620177663906 0.169593611320027 0.278059613635406 0.140690326398029 0.176036270982632
0.221508844768465 0.263059686903258 0.091218605482452 0.149970383980539 0.274242478865286
0.170243006698436 0.0817588528317701 0.316144002667548 0.159303729376009 0.272550408426237
0.305743241244529 0.310815042429264 0.0115468837682583 0.310089667674832 0.0618051648831165
0.193029840807263 0.113585779499481 0.276955215378815 0.12033700246854 0.296092161845901
0.270709892886888 0.266388916451202 0.0996098899776176 0.179239450151382 0.18405185053291
0.317755394629703 0.00908874599202877 0.0698573805416155 0.307891588737418 0.295406890099234
0.383949687144037 0.0903802185467714 0.104521872326986 0.252110874062779 0.169037347919427
0.252115693495837 0.0236098456388527 0.344348720779839 0.17188670714489 0.208039032940581
0.0353378458147336 0.357345203495831 0.186385920977268 0.20642816378618 0.214502865925987
0.264038561356803 0.142673154241264 0.0582558843779439 0.263050874590825 0.271981525433164
0.364478157141876 0.295478826638034 0.00332328540824234 0.24061330639924 0.0961064244126082
0.256374575809997 0.154318293714855 0.19578479475489 0.215354549183588 0.17816778653667
0.320145993617293 0.247201303356088 0.071320998390359 0.299312635344326 0.0620190692919341
0.0518671899095952 0.514400485332243 0.0229225580320977 0.385209404790976 0.0256003619350886
0.187569266581018 0.312252372058671 0.242962977432 0.175564687610715 0.0816506963175968
0.209701715971395 0.256474238867781 0.18820306575475 0.0944572334989053 0.251163745907169
0.167974085747033 0.310405686672307 0.303494692496213 0.029496110872532 0.188629424211915
0.274936068302231 0.160757239835498 0.256865373475137 0.225059166634006 0.0823821517531279
0.172261997472991 0.187200741991485 0.213724603295884 0.121620237052584 0.305192420187056
0.0889854818981285 0.448040356377288 0.0904633408962282 0.29791418429078 0.074596636537575
0.077990558830023 0.115109734955078 0.35592889011321 0.198411569589063 0.252559246512626
0.125275393016345 0.0550112744775642 0.563534490696118 0.215289709605196 0.040889132204777
0.167594562918741 0.241295849993025 0.244348872885183 0.127022515429829 0.219738198773221
0.207322719118068 0.182789178594295 0.297969799514066 0.1477361757237 0.164182127049872
0.110278742151992 0.166238753910757 0.28223405908254 0.215236120909554 0.226012323945157
0.16227526995754 0.36559154252188 0.121698459753531 0.286450217595989 0.0639845101710597
0.0784125648565516 0.334259203639437 0.250999114036828 0.198057959584589 0.138271157882594
0.0871814457537719 0.227012953712968 0.23149653244005 0.270205981595403 0.184103086497807
0.17000748947885 0.149938770311527 0.208875096906377 0.185588220362033 0.285590422941213
0.0440757654439482 0.0390225094900919 0.406930520185776 0.205567495088757 0.304403709791426
0.00949044860009221 0.252204473224443 0.203387455451734 0.226931217386243 0.307986405337488
0.198485603422056 0.301411836705632 0.191859393136755 0.236197536830886 0.0720456299046705
0.212338032843502 0.216629034509969 0.0497022173742918 0.298386590009262 0.222944125262976
0.254920568499765 0.023575801714433 0.27570156996749 0.355446996369635 0.0903550634486769
0.28781790813125 0.240342619343375 0.152440657121892 0.251858241240988 0.0675405741624943
0.0717938377038959 0.304484342298942 0.201707127426866 0.111431257001566 0.31058343556873
0.127025684811486 0.124375952284499 0.205168600083336 0.277081795208166 0.266347967612513
0.223327247365549 0.181005786990709 0.289633419093446 0.0943466873026707 0.211686859247625
0.10407285170344 0.0275946815583334 0.390054446614161 0.154731458953273 0.323546561170792
0.248557150686215 0.187503042182651 0.231274266286052 0.0852719302905174 0.247393610554565
0.183101438899178 0.30050931249961 0.202331681609859 0.21144099482643 0.102616572164924
0.000700655350905478 0.215448531676809 0.442302960316242 0.0613601352400881 0.280187717415956
0.191304759256768 0.0206700869437429 0.413700932887935 0.188003676123966 0.186320544787589
0.0926755316459738 0.0783451986144805 0.366127935298981 0.0619176226055166 0.400933711835048
0.117185369037878 0.118975707359822 0.40015734465312 0.141448911151127 0.222232667798053
0.233823927635339 0.113600346710763 0.0616106394449647 0.288164619081976 0.302800467126958
0.458426799567677 0.094770565770398 0.226532773927413 0.0826271856214348 0.137642675113078
0.121742922165509 0.198154625230252 0.289459988242114 0.0827505416686253 0.3078919226935
0.485108171666925 0.0170079407583701 0.117184024235863 0.0274137923079377 0.353286071030904
0.408246189356095 0.0760830452378673 0.108460337527208 0.0971034250953371 0.310107002783493
0.38215137652911 0.15894124942526 0.207894300227697 0.138559159187962 0.112453914629972
0.293294513712518 0.117606160327808 0.280119018174805 0.114314919229108 0.194665388555761
0.254340059785106 0.0344086683334272 0.184888470682339 0.472500884827231 0.0538619163718957
0.229604615493929 0.108048122818154 0.200265181105279 0.0561879569013906 0.405894123681248
0.156238486879973 0.101331371243118 0.321830548802626 0.108577423902937 0.312022169171345
0.302774913922267 0.0547214331038689 0.259492871858758 0.353756288410637 0.0292544927044693
0.558536362209398 0.119623385799424 0.15434480141896 0.13167961457976 0.0358158359924581
0.0620542851841625 0.324882748787491 0.298347889085996 0.156873698141172 0.157841378801179
0.528978320914684 0.245477314925802 0.108737039383029 0.114928319261967 0.00187900551451851
0.248751829061065 0.0312835173770775 0.387645557308746 0.219737360526946 0.112581735726166
0.261103384873428 0.0836968702597703 0.199753396520512 0.268584965244405 0.186861383101884
0.00737420702005108 0.0134179358503641 0.41863547240608 0.286707221280813 0.273865163442692
