0.010628158320707 0.1088134193626 0.204782272747131 0.377365072610295 0.298411076959267
0.0453057804214109 0.196844887372038 0.461244227252148 0.000681836224632222 0.295923268729771
0.375855142574031 0.387053354821832 0.0649591541570317 0.0689223988913609 0.103209949555745
0.216101485560885 0.339103342976028 0.146364009141113 0.0107275095189356 0.287703652803038
0.293836134110833 0.281475420882855 0.197423629205925 0.0626463648474633 0.164618450952924
0.0025186284259081 0.355930743444195 0.0886553897045602 0.294266159229583 0.258629079195754
0.130608902074678 0.298959539419435 0.0118942530675434 0.275482452140791 0.283054853297552
0.1254591232407 0.206163392665832 0.21796609018852 0.221235938925043 0.229175454979906
0.0694917202636017 0.27625517107418 0.338209165688054 0.247045270899297 0.0689986720748669
0.222228590287654 0.22601454811829 0.0782384144639688 0.20878219724169 0.264736249888397
0.0394764292032533 0.165886588215897 0.257466407147079 0.354535320219276 0.182635255214495
0.0383827941922629 0.353567175246411 0.101679866746155 0.212607875000806 0.293762288814365
0.00704812756676419 0.178775972842345 0.0239606343251888 0.425096075607647 0.365119189658055
0.108928165740552 0.294325802528866 0.268212959839972 0.112035928516316 0.216497143374293
0.131854664061132 0.147678106866175 0.0338366471607467 0.171483943967366 0.51514663794458
0.217666357376324 0.211020326101247 0.263741599591632 0.273561241097127 0.0340104758336693
0.129644567676741 0.0639864778660429 0.420752917668753 0.0663217480174882 0.319294288770974
0.228563484242607 0.284050334755534 0.181019285576631 0.28069454511815 0.0256723503070782
0.138485648245464 0.127271936303044 0.216773076622312 0.134624351311877 0.382844987517304
0.185627124098433 0.037820318239808 0.371772202952686 0.209894614556625 0.194885740152448
0.0874109021363482 0.332123232283079 0.305219087388025 0.220697591126904 0.0545491870656437
0.035551822885381 0.357849681336073 0.121598927908219 0.228674435713582 0.256325132156745
0.166870834255197 0.168247070196021 0.250143516108977 0.390886439915881 0.0238521395239242
0.350606564618297 0.0623470242874916 0.172282178076273 0.340726293466834 0.0740379395511036
0.175897220131536 0.177534224380563 0.35466168393464 0.241306627371724 0.0506002441815369
0.339422074224712 0.00793930184679811 0.319309022929573 0.0525884462551964 0.280741154743721
0.180079951186642 0.0827818383615481 0.114486843702943 0.305805667625749 0.316845699123118
0.0649389459918886 0.0540196788176868 0.260008191438663 0.236358815988058 0.384674367763704
0.359522500858145 0.0214907189614331 0.124332560935748 0.107301882531953 0.387352336712721
0.170719944064142 0.270770062434886 0.0850531130399308 0.331843034491515 0.141613845969526
0.255570392041328 0.0440790139636753 0.242528747041028 0.250490051901733 0.207331795052236
0.312375949567595 0.0768764559615082 0.299018953341154 0.0135035436379592 0.298225097491784
0.050328060627888 0.0585998135972591 0.467534097215086 0.18511896735122 0.238419061208548
0.165694661574819 0.271089150773451 0.15437567458575 0.335762369594384 0.0730781434715963
0.307589559874245 0.0288870329715516 0.195514275212421 0.303196387512821 0.164812744428961
0.244983640980462 0.0964674349550221 0.456422617675815 0.158494295129876 0.0436320112588252
0.201443569160934 0.123356593094612 0.0522617905343976 0.390866272699482 0.232071774510574
0.282463725902069 0.22148475501946 0.198436844197908 0.208134876059803 0.0894797988207599
0.246416991890987 0.00604413940271126 0.121160921869282 0.359691168997963 0.266686777839057
0.215894913260131 0.241800646596561 0.14704586991163 0.137859573101855 0.257398997129824
0.218885969953464 0.250632946207137 0.166638509339529 0.182211780448928 0.181630794050943
0.04337935761636 0.338934815872149 0.26330216770592 0.0715194487474877 0.282864210058082
0.0553336711607669 0.136460648157557 0.22916844127129 0.21921632455493 0.359820914855457
0.279839907952081 0.0307941554574524 0.299978741416425 0.192673107724908 0.196714087449133
0.0752465631273666 0.278319831323037 0.311780095958842 0.0803731153011568 0.254280394289598
0.0444271153177855 0.226588994311727 0.197207180285825 0.255061960523865 0.276714749560797
0.124859704244777 0.0853921644445701 0.264045916207601 0.307560571292779 0.218141643810273
0.123859124892519 0.059851629568978 0.31399350546752 0.339365700933034 0.162930039137949
0.215625646521426 0.193059638896941 0.272674517632106 0.0722825822772236 0.246357614672304
0.107982441193754 0.179621890761949 0.212677290902504 0.249885590963056 0.249832786178736
0.236769617139406 0.633586848204896 0.017373079203128 0.0350239832532746 0.0772464721992951
0.328283185414583 0.240373535754767 0.0033979351318272 0.337529028137425 0.0904163155613978
0.232246672380838 0.123846344465251 0.12422641463912 0.266845308661487 0.252835259853305
0.363261002316715 0.206400769857576 0.15249746610314 0.000243670759341683 0.277597090963227
0.25346208072142 0.341983789507047 0.256639200483272 0.0315820307924637 0.116332898495797
0.252270140674524 0.107936533927667 0.0633410530874261 0.296733273048119 0.279718999262263
0.0204856488897794 0.295197061037696 0.29197099770563 0.143222542313842 0.249123750053053
0.168582652705963 0.166932710586538 0.279096841713479 0.280450325516573 0.104937469477447
0.0877115741034268 0.260806674534634 0.15992668751785 0.212332502457147 0.279222561386943
0.117751952657187 0.128742919274179 0.103395213826287 0.581496415354033 0.0686134988883139
0.539275540847985 0.169827297224623 0.0402492065384874 0.203935130080805 0.0467128253081001
0.0873730289324452 0.384670828024553 0.0108303673526089 0.2128884676768 0.304237308013593
0.0345232033747975 0.417931080188959 0.34676219866107 0.131887848032719 0.0688956697424547
0.102112913061896 0.0288359501129912 0.330830765424433 0.0963863445116095 0.44183402688907
0.167202667892576 0.255442406711278 0.175023328277689 0.188817782596139 0.213513814522318
0.235664296750546 0.228892568125408 0.0105159525674463 0.2367419014586 0.288185281098
0.276503953084762 0.142702097575994 0.333010525503191 0.0284182964038885 0.219365127432164
0.134923525722651 0.142572285076412 0.179001608643494 0.241958795578041 0.301543784979402
0.195295302351555 0.229869298017961 0.144869200884088 0.294535091267223 0.135431107479174
0.0124801811665613 0.0891834004820429 0.386297075944364 0.316945487237958 0.195093855169074
0.271884610528859 0.0302638832389183 0.229107132766405 0.305560767072556 0.163183606393261
0.042704342638672 0.21875415690559 0.210720861456257 0.383317592218319 0.144503046781162
0.0934851882641419 0.000901481715071195 0.294702388615881 0.349004996934457 0.261905944470449
0.0549033196433948 0.363616545674282 0.165874284819144 0.32656014393157 0.0890457059316096
0.204163866991311 0.228731278982601 0.124177896213496 0.204734499176239 0.238192458636353
0.39596817345931 0.235454938786317 0.158168637389562 0.0681033486930947 0.142304901671716
0.134814857184869 0.164424419688906 0.388152406613083 0.0997585717110262 0.212849744802116
0.39606272470641 0.0620350298535608 0.233811238392927 0.264737346314407 0.0433536607326954
0.203100781841055 0.310103095313621 0.239601093694529 0.111327891782745 0.13586713736805
0.0818826631963805 0.585514192245353 0.115354676285353 0.0414246155405503 0.175823852732363
0.130857591171903 0.185411873588524 0.430732426742846 0.0980581101399954 0.154939998356732
0.258948199541744 0.15616649034209 0.133476167237591 0.224907562318978 0.226501580559597
0.215004753684385 0.266822550521708 0.070020453495219 0.224010287957994 0.224141954340694
0.181445695407438 0.228440391290105 0.175116289667575 0.212281988238903 0.20271563539598
0.261337364135877 0.209413821587691 0.00281023199138569 0.292515288672334 0.233923293612714
0.202950781177614 0.216508067433372 0.15985919198482 0.231080715553469 0.189601243850724
0.0735286425681115 0.0662972366149983 0.599544247702379 0.198784497181336 0.061845375933175
0.380680808793572 0.138069029008043 0.0736572927414972 0.0817259316745026 0.325866937782385
0.0961755332611562 0.242145440990787 0.339491334554442 0.149290216749172 0.172897474444443
0.193620447694263 0.21025274878093 0.25630793692913 0.125401213636545 0.214417652959133
0.337595920505917 0.0750835360087599 0.141346945736122 0.140090557482304 0.305883040266897
0.305974528777677 0.186575948948096 0.173159333492835 0.228320561208673 0.105969627572719
0.264288048768717 0.247542955174596 0.244422639511936 0.0641873280489845 0.179559028495766
0.251116071323728 0.249503376367177 0.255607975144994 0.213899285031707 0.0298732921323936
0.127900324928711 0.309032154915542 0.180435894270787 0.267012699371824 0.115618926513136
0.315369056723559 0.158967539352896 0.252992092116235 0.166862661893556 0.105808649913754
0.0372766772290923 0.138529230144658 0.261781905943019 0.230535160990214 0.331877025693016
0.208423907542706 0.188870475730376 0.225859334546834 0.10071419966082 0.276132082519264
0.133137647059753 0.28488093499903 0.227278351624179 0.109090552434381 0.245612513882658
0.00963131875284174 0.304257522986238 0.1061716409459 0.247217250082371 0.332722267232649
0.101195446277551 0.379732620288637 0.0914671613880645 0.0485042696535432 0.379100502392205
0.0978856762376066 0.124789022294321 0.213101208981199 0.480712969483095 0.0835111230037772
0.122828418748959 0.187101040598943 0.165844054577114 0.291773115445485 0.232453370629499
0.233608678626034 0.291750484588151 0.0606696167004422 0.251158315739324 0.162812904346049
0.183925619400961 0.19087940867789 0.315896086862593 0.0385917361530032 0.270707148905553
0.0187347299492994 0.206107249890044 0.254974956443778 0.278746700600204 0.241436363116673
0.326026578520721 0.100922459637803 0.0933024213214721 0.258475932700894 0.221272607819111
0.36076168133214 0.0255320374986253 0.155965516087346 0.369617986056777 0.0881227790251117
0.0279730494502216 0.127403429773702 0.389763483086645 0.0875810015210226 0.367279036168408
0.0550276141600585 0.246632419515789 0.261342401058985 0.229455581940604 0.207541983324564
0.404289423411565 0.220474846952649 0.0689316579387181 0.271900643749437 0.0344034279476315
0.196882608828561 0.0845166168332109 0.250736427142976 0.308553252875413 0.159311094319839
0.0643116578547994 0.203241139836149 0.222285955969242 0.226136323269798 0.284024923070011
0.278521419344078 0.439988803997547 0.0843528649172172 0.0616232025952059 0.135513709145952
0.310937086013161 0.209453533875147 0.225098905252792 0.108937172382545 0.145573302476356
0.236864654288076 0.126606755333211 0.183494565746709 0.331203775677887 0.121830248954117
0.313971904205749 0.21988424140947 0.190517112676534 0.0986422982240225 0.176984443484224
0.247078818361922 0.186453339705174 0.191868209257386 0.154010364653175 0.220589268022342
0.24768827235471 0.167313442252672 0.0735295459179569 0.36436626726206 0.147102472212602
0.274152476699932 0.203983599581126 0.0424166092055121 0.229164355184487 0.250282959328942
0.270216970219472 0.134377531202231 0.209429287263038 0.114339203536618 0.271637007778641
0.219168177721392 0.177678133448398 0.143431077413269 0.224297777542419 0.235424833874522
0.0242218081472062 0.19264464447137 0.253144307114747 0.337759161884021 0.192230078382656
0.161226846601688 0.000283501632672319 0.239824168444797 0.393018188310207 0.205647295010636
0.316317734113238 0.1838328340557 0.0684791532134974 0.189313717550203 0.242056561067362
0.106425686185094 0.263419214906179 0.125745826961655 0.126827648517752 0.37758162342932
0.34962559289054 0.0661251003673974 0.148229966335586 0.0970580288963786 0.338961311510099
0.23776817238829 0.250261215206257 0.175852146474295 0.0735253938174332 0.262593072113725
0.360029983930077 0.385899745138592 0.21816996804757 0.0221689234532926 0.0137313794304688
0.156637225901025 0.213666867473935 0.0368539971885887 0.331582103794334 0.261259805642117
0.148659769062775 0.251122265000552 0.390460406349609 0.0389424878295756 0.170815071757488
0.420711614910148 0.0394386357774163 0.0933425794765545 0.108075477930753 0.338431691905129
0.195629296258814 0.339336318738025 0.24904307567025 0.071185561318128 0.144805748014783
0.0720583214418956 0.277689780430991 0.302507679009668 0.204673925212831 0.143070293904614
0.00979497167682133 0.203261713014134 0.187594116142903 0.325126058321397 0.274223140844744
0.0783232893995368 0.364302150231801 0.0988870399542312 0.379374289890018 0.0791132305244137
0.510719553725789 0.271631351421428 0.0866130283686689 0.127536430679631 0.00349963580448286
0.0221062232476015 0.0049601728084748 0.348471295573956 0.213019975129024 0.411442333240944
0.202889236402345 0.256284009793268 0.173928471207083 0.0742614165786898 0.292636866018615
0.171270126582723 0.265130882992594 0.318332628029433 0.0801696839001986 0.165096678495051
0.357731605563073 0.303079472599871 0.00756855325161171 0.0256093706747066 0.306010997910738
0.330557238995477 0.162359100205178 0.0573886415521351 0.151824403670491 0.297870615576718
0.289774068427147 0.0726623236872319 0.188890738392497 0.18097499756678 0.267697871926344
0.270385873955138 0.23776209602045 0.00154218989919075 0.232059663265346 0.258250176859875
0.256235517983313 0.102173791697127 0.210244023873955 0.217071293824759 0.214275372620846
0.227393680672079 0.203625691588477 0.0828094650287662 0.128113136732627 0.358058025978051
0.123966176633412 0.198359222694972 0.514928581711596 0.0974085610091499 0.0653374579508702
0.295733814903849 0.261960439500556 0.0340134312115204 0.139218392048411 0.269073922335663
0.347563671037455 0.238563388483913 0.0995841024024983 0.182132668271643 0.13215616980449
0.0139463752094104 0.203277435453983 0.351697585119359 0.00507582638619991 0.426002777831048
0.295588364733556 0.0265037712522935 0.255414024295808 0.269757074607201 0.152736765111142
0.257183023321735 0.145252147226097 0.0706804592097124 0.236288413087336 0.290595957155119
0.191672312971984 0.132754442983773 0.0985063131964099 0.294449407192586 0.282617523655247
0.0357950959686982 0.185649983124771 0.403485945643075 0.145765411770743 0.229303563492712
0.119697596795424 0.033813414221428 0.206087128019664 0.588731975207563 0.0516698857559209
0.106105781873613 0.240643434965694 0.34055473977257 0.064111445959502 0.248584597428621
0.300018011274093 0.116665386398793 0.216734312136183 0.180428715389564 0.186153574801368
0.30925263119183 0.1063151349741 0.184290754552896 0.0642189229997066 0.335922556281467
0.149798798526349 0.174191129931011 0.361109204913243 0.184187181011055 0.130713685618342
0.333087674999874 0.261789954299394 0.0239254926794328 0.208656480578146 0.172540397443153
0.24378491378109 0.164264984253 0.194751085218481 0.163965628900164 0.233233387847264
0.203336956076039 0.345477665549894 0.329042409149275 0.0942369494989259 0.0279060197258664
0.0469217725126199 0.0182303336505264 0.45213947754892 0.081030650016866 0.401677766271068
0.32699368242104 0.16172740315601 0.111288799611642 0.216845054542661 0.183145060268647
0.222345049641632 0.0700630963711869 0.159979212988222 0.190344995056948 0.357267645942011
0.0578285943712247 0.235448117960238 0.394201460484922 0.0790617367094479 0.233460090474167
0.0131419266567383 0.292802225533665 0.217499806287771 0.100443385106111 0.376112656415714
0.362300646598821 0.117575890328081 0.189670479704995 0.265878187713334 0.0645747956547696
0.00806126715857461 0.305602091045418 0.408565704295624 0.185213863391233 0.0925570741091508
0.125238541210634 0.280642150893767 0.0331572435466405 0.187338068202237 0.373623996146721
0.269835587391929 0.203091808377835 0.173818720281462 0.0887385886973708 0.264515295251403
0.153990314696045 0.229466687039399 0.179610085938156 0.189040672624648 0.247892239701751
0.153445261035679 0.28933985415502 0.0508735554648624 0.272863189102671 0.233478140241768
0.1050560130717 0.0193039930548973 0.239168868376299 0.277438157137158 0.359032968359946
0.107364872055563 0.205045953728041 0.168655413916232 0.266573677946467 0.252360082353696
0.213233854910007 0.0141475314554042 0.293764568437866 0.352051275872789 0.126802769323934
0.164979360340747 0.3309955178852 0.031749714836735 0.296578317132399 0.175697089804919
0.346096750011379 0.0207714007352302 0.294169810111846 0.243910965385062 0.0950510737564829
0.258186417433809 0.0895059711894701 0.352074283690361 0.0250849740168376 0.275148353669522
0.122944741688742 0.176196093175176 0.281548976549178 0.133637439855293 0.285672748731611
0.427793638846292 0.080836042794781 0.162382355087922 0.269039765217693 0.0599481980533129
0.440158558965938 0.214870529522768 0.173804114649292 0.159445039296615 0.0117217575653862
0.00827961679249463 0.505846610700254 0.275717360224266 0.061433586266364 0.148722826016622
0.0890691988059454 0.362204957212539 0.0428558806750034 0.290626417658022 0.215243545648489
0.233136152607188 0.214639786617604 0.10969868426902 0.160363302173193 0.282162074332994
0.142320602635195 0.269307111423689 0.211381191694124 0.217811797226578 0.159179297020414
0.193213683989512 0.0355566163257673 0.255626163457861 0.259356216631976 0.256247319594884
0.156455384019786 0.21453608358481 0.131868098585114 0.274162361660227 0.222978072150061
0.0939709823601819 0.26531399898811 0.254607566945328 0.184875733434866 0.201231718271514
0.173902738837108 0.181956745485022 0.157481033919262 0.114977300676137 0.371682181082472
0.333090150810224 0.194481750395187 0.0599326121465983 0.298592103502594 0.113903383145397
0.187884003842774 0.175579701901319 0.144865607191564 0.207270226358508 0.284400460705835
0.0166020325709308 0.255830577855398 0.275767104108152 0.248412528974502 0.203387756491017
0.351351172621314 0.253696478700316 0.123354059540871 0.219189494139102 0.0524087949983964
0.229149027723192 0.0774437768223658 0.0873077389599575 0.173220849265939 0.432878607228545
0.190794639856853 0.360667291453861 0.259812294588962 0.00836111249894899 0.180364661601375
0.110543205780079 0.0996380767210405 0.264007718882129 0.259912132299477 0.265898866317275
0.186395132390947 0.141117261641612 0.177246150470161 0.251632594668948 0.243608860828332
0.267591620330558 0.334594472339419 0.140232605276209 0.171686696320605 0.0858946057332095
0.128796796208016 0.131720328428043 0.0887175380548317 0.619924646139157 0.0308406911699515
0.367234302214943 0.11151276098073 0.207405806855013 0.262957807275462 0.0508893226738521
0.245511189399276 0.258867005625576 0.0771055547844165 0.168373933403842 0.250142316786891
0.107559912710752 0.0246361341307057 0.338563202071623 0.199831872919534 0.329408878167386
0.138747385228393 0.110280067589495 0.00034465889807117 0.376108792436125 0.374519095847915
0.303445954873463 0.0258672436277871 0.09122218847639 0.111728477535669 0.467736135486691
0.28473827424716 0.17760395298128 0.389542174593227 0.0186212154656373 0.129494382712697
0.0961054412071127 0.494559954092423 0.162506950432061 0.244120670010666 0.00270698425773732
0.254873917935102 0.0761426303047634 0.126964334476031 0.276990671227632 0.265028446056472
0.310614562758066 0.152295451041454 0.209234792814744 0.23981474006895 0.0880404533167863
0.197872988455412 0.186162956275161 0.294859203440139 0.194864218222037 0.12624063360725
0.0392907491434099 0.298933130188356 0.268274743014418 0.161891377100636 0.231610000553181
0.19792952548746 0.101515702386809 0.121895641897209 0.444842955702761 0.133816174525761
0.470253860615308 0.0952184256483315 0.253145639084576 0.0931676139979174 0.0882144606538674
0.0676842763328057 0.0391293425183323 0.280295836256874 0.314517314474843 0.298373230417144
0.0396944514373481 0.15464315974605 0.334562799642859 0.370700132950838 0.100399456222904
0.216018380687047 0.0696739695771455 0.10901662765575 0.33940459203243 0.265886430047627
0.273681930183034 0.216947240879617 0.163464514475826 0.221743283665544 0.124163030795978
0.0465487554343086 0.40331790865886 0.116085781693352 0.0523083693066873 0.381739184906792
0.207542688478499 0.152847903447622 0.414348101762777 0.0110970844501088 0.214164221860993
0.104266903201168 0.36312450745632 2.08014644713704e-06 0.200859541000402 0.331746968195663
0.16962676545152 0.0289164418646678 0.0945814626516588 0.622062725094779 0.084812604937374
0.333179746529955 0.04110017286859 0.184010828466421 0.150572364758845 0.29113688737619
0.281491338885271 0.0588266739596595 0.27262071686129 0.19175123767402 0.19531003261976
0.392532218736442 0.00283867638512823 0.215281496838069 0.0842952516847105 0.30505235635565
0.00870346992099431 0.214755437675974 0.330372749668888 0.413738967108891 0.0324293756252529
0.223332706647624 0.181121595920103 0.206686228965947 0.117919045912904 0.270940422553421
0.167266083665401 0.195858099105497 0.302702193868577 0.136877400177 0.197296223183526
0.149709506138484 0.279451443479387 0.255259709649726 0.0902894041101567 0.225289936622247
0.0922739590052443 0.20255136184169 0.134397914271068 0.349549289865343 0.221227475016654
0.176398683571734 0.0329179222537722 0.504595728652286 0.0145285992357647 0.271559066286443
0.278291854629049 0.307126149910022 0.116575888245713 0.0259248809826252 0.272081226232591
0.247999270089515 0.261808541022179 0.0871882719268912 0.355721702381649 0.0472822145797651
0.321227640490565 0.208352948290494 0.221360220221761 0.0263386552408502 0.22272053575633
0.0849746630229904 0.271107000704649 0.152030712371408 0.103070285384736 0.388817338516216
0.256990032536435 0.260313198130364 0.175924783673676 0.162712204383776 0.144059781275749
0.0381788138210331 0.0748671812712651 0.0706540021166218 0.442653072653095 0.373646930137985
0.0298864241653437 0.207591185678356 0.573637438294615 0.0680402128066081 0.120844739055077
0.234564240480225 0.142374927303063 0.338247219682521 0.171490383503878 0.113323229030314
0.0190920614485944 0.250943102616372 0.196587050700395 0.189803202823844 0.343574582410794
0.131331018547379 0.218388720845452 0.124113906133866 0.179182319217567 0.346984035255736
0.245140275226515 0.103493061989528 0.158804232218466 0.209554067628879 0.283008362936611
0.132946321206459 0.492214879921132 0.315177344651281 0.0552910865272 0.00437036769392762
0.0815280703839066 0.0478229448730166 0.0952920635850505 0.385877002843069 0.389479918314957
0.374659741022862 0.0896147235754929 0.0737566561655868 0.273869186933893 0.188099692302165
0.0174720781340556 0.282001080319915 0.28397511744404 0.372927094239678 0.0436246298623112
0.0134092214928518 0.174302705529875 0.193936950205797 0.524506366558924 0.0938447562125514
0.0289301495393333 0.0707738783767025 0.188050328817989 0.22128051487547 0.490965128390506
0.23882566244032 0.425248606779701 0.0222008604067705 0.238275131579296 0.0754497387939121
0.181727791493191 0.191291115546222 0.162637741476483 0.276247194061852 0.188096157422251
0.250816528530201 0.325361767597795 0.290899721463638 0.102373472679633 0.0305485097287336
0.0347838110278784 0.281892699642835 0.306778899150752 0.302467259561907 0.074077330616628
0.0691993664802596 0.317837017221812 0.439163440235217 0.102621407430577 0.0711787686321345
0.265169476175948 0.180745223602336 0.117178344984015 0.0941757515278089 0.342731203709892
0.0964086344606537 0.188927318625439 0.0184402052384195 0.360382608517528 0.335841233157959
0.309357898701297 0.197050035490295 0.164603048796497 0.167265634178363 0.161723382833548
0.0348423169327035 0.350372756761414 0.330839758915934 0.204941941324054 0.0790032260658938
0.121041929988825 0.0724953016647355 0.412783151385041 0.279902530448098 0.1137770865133
0.233716990171395 0.196411823729538 0.214694360558357 0.169492959472087 0.185683866068624
0.281919811982173 0.0422364608165648 0.036597903522659 0.207559536509475 0.431686287169129
0.200469940561317 0.138551155106624 0.2284678719719 0.21988691137979 0.212624120980369
0.245494031627322 0.277280175837302 0.186872134327799 0.197984873706278 0.0923687845012983
0.0433530550182419 0.35129277035019 0.0111317137780527 0.204240569330492 0.389981891523023
0.028932427186295 0.368929528394906 0.222962508145823 0.160982534235206 0.21819300203777
0.315300878180103 0.260521536713979 0.286681377259485 0.0666727447794089 0.0708234630670255
0.140734343812315 0.382587915680639 0.106867288755831 0.157644074051694 0.212166377699521
0.21479712967113 0.388627442685411 0.149579817288058 0.101160287453171 0.145835322902231
0.0502191444502399 0.180186849184509 0.0132288494068354 0.383896570102935 0.372468586855481
0.132016361745963 0.140403017286327 0.197117219081242 0.332159672743515 0.198303729142952
0.301015755589521 0.0255958822796152 0.141626105670678 0.23374692318875 0.298015333271436
0.0380172101369478 0.0761680510811311 0.462656656304555 0.387072730680662 0.0360853517967044
0.257793502763301 0.0569509357319192 0.442868941849814 0.0926634811934459 0.14972313846152
0.244883122773382 0.346189560387952 0.268998954675273 0.0717202996869838 0.0682080624764096
0.17511429140696 0.246091405760836 0.134249851629067 0.00676199726813607 0.437782453935001
0.315032619957989 0.0621616524570625 0.160910616434751 0.173779698926686 0.288115412223512
0.361275784665905 0.0254433008618334 0.128367749539327 0.0966025631105742 0.38831060182236
0.298713914797914 0.200435491609445 0.0235597766790038 0.172690094393048 0.30460072252059
0.133575248220753 0.204946882269804 0.221465967616857 0.220042842455527 0.21996905943706
0.0357337397411754 0.0285520919903723 0.428237804835709 0.284273431788635 0.223202931644108
0.0677726564805135 0.0942192748285247 0.437300064760934 0.037587396441307 0.363120607488721
0.279172959615134 0.288440481337558 0.110514179326644 0.241734633913964 0.0801377458067
0.15162050510973 0.128784592638914 0.264529588174341 0.330417151403464 0.124648162673551
0.0333485762833712 0.0235924844747733 0.22939046686812 0.428701967705391 0.284966504668344
0.323135727188298 0.0672590694194095 0.273200101394299 0.184618864121567 0.151786237876427
0.00718875814118499 0.172417359681722 0.322380520161405 0.15497397872093 0.343039383294757
0.145641356009484 0.209065858356806 0.263997940697312 0.168707482576983 0.212587362359416
0.314538221342582 0.000304024622320279 0.181725650200616 0.502436681552672 0.000995422281810888
0.0311995427178684 0.11996643924742 0.136939497680983 0.253707151878722 0.458187368475006
0.373398010931623 0.137275236476712 0.139326459988292 0.0555112718715916 0.294489020731781
0.379698216614805 0.00471480607750507 0.250895088844737 0.337193236526281 0.0274986519366719
0.141157316400786 0.281977172459733 0.183711083829678 0.379237400627873 0.0139170266819309
0.0304058216225407 0.149129817192158 0.460232424361367 0.194485121441668 0.165746815382266
0.0690795266912154 0.265168586715461 0.158844739223914 0.247092051426949 0.25981509594246
0.133504589552999 0.0871092611420087 0.0875532947496076 0.371219978446694 0.320612876108691
0.322093718823611 0.132639745040231 0.0507075390658779 0.349428312409049 0.145130684661232
0.301814267190521 0.0309071636531364 0.248059185733768 0.161991539919736 0.25722784350284
0.24696353107363 0.24356263281131 0.0703088861986843 0.24622818326818 0.192936766648196
0.037542951686516 0.0318815732090231 0.00607858823547358 0.533990587686043 0.390506299182944
0.308054461695244 0.266981004373619 0.10808413866902 0.0753714790393527 0.241508916222765
0.225043886588364 0.373207486732944 0.235585411458331 0.165215646739115 0.000947568481245929
0.199835272738449 0.212917137415505 0.300220551279662 0.207002608121842 0.0800244304445424
