0.125077910376487 0.0956088364204556 0.0271041781865635 0.135143582713209 0.152062205748992 0.123930482628254 0.0121313046815446 0.0930105380880206 0.235930961156474
0.109728264682543 0.147204660057953 0.219948427114441 0.0825174003741427 0.059687412671931 0.0640903153704368 0.20933746096548 0.0720673659031112 0.0354186928599621
0.207063196235474 0.138395229257973 0.00541829253819328 0.0350579578802492 0.104114946134663 0.110741557912405 0.249669465807025 0.0325674665678902 0.116971887666128
0.181663861156515 0.0047413719918744 0.156876486854733 0.110875456975112 0.158552621352638 0.00244600584554959 0.10278517144304 0.209736537120979 0.0723224872595595
0.111330906422776 0.0410454177363709 0.0928983408366537 0.20767308936431 0.109727649405585 0.195321088170997 0.033391636097542 0.113479597344395 0.09513227462137
0.0942000997302141 0.069988402482195 0.134029527704255 0.056645466174566 0.11583799915107 0.113382354707642 0.134511084973069 0.126713106693242 0.154691958383746
0.168379907337464 0.031241216127615 0.0375670638267714 0.156534026824737 0.200215332758368 0.0383444965756195 0.200012935037868 0.0456886866755441 0.122016334836012
0.18050169032091 0.0777043246430248 0.0622489356864978 0.173587090476027 0.109219493453963 0.15563787613535 0.0150626667901398 0.0816441521350635 0.144393770359024
0.0151567062106364 0.0581363197167272 0.0818783703122376 0.113949211850232 0.192994095290757 0.166649053253832 0.177303447848394 0.121349218613743 0.0725835769034407
0.171908198405286 0.188408331104921 0.0524263819056008 0.0159931431093299 0.0182679388094687 0.176749114452946 0.121458918397486 0.193423902135774 0.061364071679187
0.050595368327241 0.0663732049289474 0.0311644681262281 0.316546160394468 0.0180044896740714 0.0612508712578624 0.137005389604551 0.00221548507029361 0.316844562616337
0.0566198400199352 0.0035013116407495 0.0404131798261092 0.0817370520662308 0.22420152047528 0.214953196973081 0.137030937836229 0.199523703571578 0.042019257590808
0.164101290980003 0.144336927076455 0.15906058998786 0.0179750121554876 0.164036856114252 0.0295390095713646 0.0440175460535812 0.174813300497871 0.102119467563127
0.112531235955289 0.172330928253321 0.179281936773061 0.00767504102620069 0.036650091486263 0.154612267788603 0.153251410587091 0.179136248205121 0.0045308399250501
0.0434825424485389 0.131885500696188 0.164666090635655 0.134282564341516 0.0733071689189489 0.0470930693990598 0.149983830610684 0.156802223488505 0.0984970094609046
0.0080322300169506 0.103511019002252 0.00061088523226396 0.0158223757375566 0.133068118399139 0.135522512738045 0.21273887451433 0.179521595062846 0.211172389296617
0.0957681200280767 0.226681589653032 0.266113418460259 0.109011895670294 0.0119216916994319 0.0823055605678954 0.0582638629685544 0.13829760827212 0.0116362526803367
0.0884464273619412 0.0520312465555631 0.0303416028578186 0.00938252883568669 0.216026264229544 0.0804220836009261 0.213386046371372 0.170347227965217 0.139616572221931
0.155454626135163 0.173249180885627 0.088604350617676 0.176053728520578 0.171585742897444 0.0376217660080426 0.0345105938615194 0.00495210584052712 0.157967905233423
0.134487793765523 0.14452872351729 0.0527256196870449 0.174971792981994 0.166642945988219 0.135354061179827 0.0600356723755312 0.0594176021641466 0.0718357883404243
0.184127324580917 0.161202704170336 0.140396112453642 0.0152242149739272 0.130969346017095 0.139418887126673 0.0464235414026242 0.0566624042087801 0.125575465066005
0.0976596310299181 0.183177075103338 0.160153763683804 0.142385944350482 0.10676186079015 0.0338674736632494 0.14795733954209 0.022307920082831 0.105728991754137
0.0959722724969029 0.0919805276368727 0.158245028791218 0.0295963607237294 0.063102368672185 0.12855320623775 0.158454202350551 0.124336586654651 0.14975944643614
0.0639281421676859 0.270632483141945 0.112782344095561 0.134072587610917 0.006395506758732 0.104460629157928 0.292160001111994 0.00653830515472646 0.00903000080051074
0.195645386062767 0.0759115304487372 0.00509344641906939 0.0803973655163754 0.0973626674379044 0.216335731761286 0.0885951747556628 0.157809852665651 0.0828488449325467
0.0985427597485133 0.0809228764558818 0.118674958991782 0.210997361952753 0.193786126500644 0.0210664366853042 0.0622685454974342 0.148423423297124 0.0653175108705635
0.135335548872269 0.0701322517566123 0.166432847454543 0.119192424531751 0.132180415747194 0.168516352645804 0.0102649938948909 0.0459158772270109 0.152029287869924
0.181023756201123 0.028784068510034 0.162712785118717 0.0582326233250549 0.077314375891596 0.0170418474741642 0.135808955387706 0.129831044245411 0.209250543846195
0.0844397780269699 0.119492082840839 0.0490300093119632 0.214510007286684 0.187329840228657 0.102799907997367 0.0498407979685579 0.141065580785245 0.0514919955537188
0.0298079745005434 0.154119897473705 0.106674526047059 0.116809661691607 0.0693670110382977 0.145066239105836 0.156442697689177 0.0977575251109379 0.123954467342837
0.152943471020414 0.102276054711622 0.0593725199122286 0.0490224976345002 0.129449105259112 0.141476617055923 0.124925692665763 0.111162306714505 0.129371735025933
0.130051240389905 0.0931445641506198 0.0836975561843257 0.159948712310546 0.0774547164925443 0.0428721759254611 0.161018844201122 0.116578777532671 0.135233412812805
0.108809558794627 0.148755838586305 0.0517844883428636 0.162963774541759 0.0915543409361551 0.129436907327285 0.0425071800793529 0.176648893354806 0.0875390180368455
0.0281309993033454 0.152632125448823 0.0858393081163695 0.175700663834547 0.084308520385725 0.0897694722486871 0.175306289317831 0.0766918145337928 0.13162080681088
0.104502184723682 0.130378137826428 0.0357827775878736 0.0391022781490519 0.157568909278491 0.275502396771604 0.128925635013594 0.0727570492069407 0.055480631442334
0.285321363790659 0.127148022569781 0.0621969716133886 0.0855728845223014 0.051213235516249 0.0792206363801117 0.129264385418817 0.0689168431280308 0.111145657060662
0.0558424713693443 0.0475965699415854 0.185910680089983 0.149653926872615 0.0819300462416354 0.165978261584017 0.136097237229665 0.156970218282686 0.0200205883884691
0.0372365756905518 0.160847445019348 0.155134974448789 0.0790087266799083 0.0697762623170041 0.134748604761337 0.145432801879643 0.155512785945722 0.0623018232576971
0.102951893000921 0.154446636048293 0.236607694416712 0.0282386526673341 0.0674755415817197 0.0244755641153706 0.0555058196016485 0.169704225155794 0.160593973412207
0.09970479085015 0.0965832279574821 0.134183994860029 0.136322774988096 0.169443705526946 0.174332360472237 0.0269421583615606 0.022218461318804 0.140268525664696
0.0617443850660219 0.0346407244971617 0.0331601695926034 0.143907210982403 0.153078994762837 0.0183896748339471 0.129273502215816 0.222560184728459 0.203245153320751
0.183326284129841 0.0692739109813517 0.0666044812104881 0.0580168765074997 0.151308032941295 0.135580120029521 0.0262831642763121 0.16940474473704 0.140202385186652
0.169907894786627 0.141023896656464 0.155604217312556 0.046780922690539 0.0537710172055165 0.0926059136971536 0.112873224722764 0.151872565444472 0.0755603474839068
0.0484883621793995 0.143374835607542 0.124506999702824 0.0770743355189624 0.162625063347633 0.0227980673090151 0.149113219453676 0.193158241314427 0.0788608755665216
0.0191229273405983 0.147435579472063 0.052204415315812 0.160636958462584 0.058872927601288 0.186429911618255 0.0484614839199899 0.19934494050607 0.12749085576334
0.00403381960087473 0.143621886775433 0.0789913898914567 0.196818503147443 0.0360905553766219 0.0124835875368052 0.172313539018898 0.184643890248312 0.171002828404155
0.10851700168374 0.0185396656910384 0.0368162339904389 0.0239063806004317 0.055767171079058 0.123827095465902 0.315663236734811 0.0628854506643747 0.254077764090205
0.068880622784101 0.0478450912726703 0.0758172380690975 0.0687441374387806 0.094372234918962 0.0215297850098842 0.216583323864868 0.206364885193437 0.199862681448199
0.0986274681027742 0.140183239596787 0.105641757938512 0.0644767362918237 0.156006006537743 0.124223019427729 0.000132330000768878 0.157367923482848 0.153341518621014
0.129280075255342 0.141310868170964 0.090169951238082 0.10360886673941 0.144892014507478 0.16751688814381 0.00577354050306607 0.0998741012809722 0.117573694160876
0.156401528770526 0.161840083236107 0.0784308783252091 0.113031269632793 0.121539888175466 0.0144227726045204 0.140583107048248 0.139080882185562 0.0746695900215699
0.0742903128995975 0.140553248180292 0.200801272906657 0.00709612576007593 0.136299620766484 0.137639735372838 0.0617540883231775 0.200952857123118 0.0406127386677604
0.10715622222596 0.167214971267924 0.118107125117147 0.088737013758178 0.134944927280274 0.00151659341769834 0.179111507441348 0.16187658287171 0.0413350566197599
0.190135734236125 0.0412388404860276 0.165839862439556 0.0506360937406745 0.0843364703091699 0.0512677357617188 0.0882250325661758 0.111052393280208 0.217267837180345
0.114051747720737 0.0623471726634167 0.00184647301682209 0.10666634701323 0.192506867442135 0.110463167921983 0.120963237696504 0.149139156744402 0.142015829780772
0.00442556290248674 0.197051593722918 0.147295765340605 0.100319162545542 0.168742345131571 0.177161606335617 0.000950712461846704 0.0803715179306258 0.123681733628788
0.0995326357562683 0.135451155445019 0.1574341001106 0.0474535426050619 0.14061720074199 0.0573479989523741 0.167210546201443 0.160211113351487 0.0347417068357569
0.0959549098271126 0.13067206537495 0.158592897374355 0.0361907540941238 0.0409610144357627 0.146628560354446 0.0756035277317656 0.186134217447913 0.12926205335957
0.0937445168952256 0.123925515803205 0.100142957633366 0.179178388922924 0.180753866666411 0.00244290077079727 0.0294357562869979 0.147173087706051 0.143203009315022
0.0846596847014469 0.0933592280027048 0.130621967361699 0.142344705974541 0.149434982134206 0.145233391330473 0.0506408160976995 0.074427193831301 0.129278030565928
0.00979663564419084 0.0485610525597509 0.131534410408606 0.203996990039078 0.10793323729584 0.182180088954378 0.189380521129497 0.0634185860840002 0.0631984778846583
0.181978915179956 0.0237539131325779 0.200749987163471 0.125797899433622 0.0340869021585549 0.0876332588531601 0.194078611239579 0.142791571467266 0.00912894137181262
0.164659865133801 0.0479470798701186 0.146351800347803 0.0368060572483737 0.131232528020736 0.0829803373873663 0.0599351861554365 0.217947432090418 0.112139713745945
0.147907047695674 0.115955766662979 0.0497744502670468 0.0422729988399397 0.1454009576595 0.1147652631098 0.116905503255741 0.128406825891811 0.138611186617508
0.166778888744621 0.073324945935006 0.224236694289351 0.0773185050690342 0.0190798090579695 0.178526411071552 0.0851659423928012 0.140761955036806 0.0348068484028588
0.192032562193162 0.150367585913552 0.00874041375593554 0.100370553876681 0.0175886926972211 0.0288649774505377 0.195660634687197 0.212357026286994 0.0940175531387188
0.138975077371328 0.199930020913245 0.11467863437121 0.163596643413603 0.00254903052149192 0.105573326545704 0.0374438329304406 0.0669897777770457 0.170263656155932
0.160786936595455 0.0800210534668261 0.125799232127784 0.0438025931133566 0.136792370593275 0.171412756762481 0.124250240120684 0.128579567418868 0.0285552498012694
0.0757608187367346 0.12537907203091 0.154803801920625 0.124787730063707 0.0835299669481151 0.122733867114532 0.127351440030241 0.154511942886414 0.0311413602687225
0.148699398895074 0.137566527106717 0.030464153570708 0.139154203539029 0.0901568648589186 0.158759448545853 0.113271715046153 0.0691983269820974 0.11272936145545
0.129798707689839 0.159340802246046 0.159268144363733 0.0175608710720163 0.110836598399243 0.0367913848317646 0.191196813592091 0.12974406811908 0.0654626096861857
0.185773620700465 0.180312688856341 0.0961173718305912 0.214768609546678 0.0760867481219522 0.0459311189541492 0.128450278528911 0.0527971001819817 0.0197624632789315
0.0426753235649961 0.193064584973522 0.122275977510259 0.079307935674083 0.00599952186021644 0.138965865913669 0.129518270895181 0.13923494263998 0.148957576968094
0.134592071238956 0.152100635851984 0.100322304483278 0.0951730257831678 0.0911605089269602 0.142327764171506 0.147904751006969 0.052486127461421 0.0839328110757576
0.0818466377227747 0.162324119786758 0.0436787621910696 0.00838316937385208 0.0316495689889819 0.12812528666202 0.178359961747562 0.139459563137542 0.22617293038944
0.0815488155871659 0.190037206759293 0.158449274661654 0.00543886584467799 0.0911734809397169 0.176563904822849 0.085914978501955 0.126012578908662 0.0848608939740267
0.114021668274316 0.0235583207208883 0.256696380243936 0.151200762482089 0.086273588795385 0.059935940713869 0.229320023749701 0.0108607485140963 0.0681325665057187
0.141143124593606 0.0649784368334191 0.0986485982402855 0.086334318260804 0.123161838208016 0.178618838373656 0.0631570478228505 0.113010963573777 0.130946834093586
0.100107434523591 0.113491315469495 0.143529507955663 0.0646153255370028 0.181994407964748 0.0656828966398524 0.0817506362915379 0.0515574348936727 0.197271040724438
0.0304019212655968 0.100823707228096 0.0766297066296513 0.0363958996614172 0.260769544147994 0.00880280171503973 0.123151854679951 0.0253412391694098 0.337683325502844
0.183306196235631 0.0414352510304643 0.0837530388932746 0.198699758238445 0.199804049234555 0.0862190233886737 0.074138911028099 0.0987109513422769 0.0339328206085798
0.128338829477116 0.0184632644137361 0.177388847275064 0.101157365645113 0.185525029148903 0.0494402939085075 0.127716810932624 0.117666422775128 0.0943031364238071
0.0161129274835348 0.048639412611162 0.213998887829075 0.00556277623298613 0.112457943360669 0.0487491793066197 0.176758229967143 0.183240869517791 0.19447977369102
0.139842221548292 0.0708213690040555 0.149093375202262 0.138510415015331 0.0366671392963225 0.0312420416972675 0.106942193400488 0.18622061188976 0.140660632946221
0.120080572735564 0.0995085954013321 0.192935689424072 0.123143887189013 0.0758183485341727 0.0153832937202359 0.0795790074286502 0.148482780111194 0.145067825455767
0.125673624593367 0.11437980152394 0.112975033674408 0.067902075607786 0.0690449506400429 0.162952821329158 0.0191295354651358 0.158918625884752 0.169023531281411
0.18194098085037 0.194505225788087 0.0591805262538098 0.105490237071991 0.143364120557895 0.0793923941824276 0.0675690549462899 0.065605780395122 0.102951679954007
0.0320749305569545 0.0760315414913888 0.200541245841562 0.202781225648175 0.152045234292202 0.00726227246044357 0.106224488751953 0.0259458498871538 0.197093211070168
0.159105300938396 0.157140992593614 0.0859508837687272 0.0287826542260021 0.180439755547295 0.16838122760396 0.0215738978756001 0.0638188322541389 0.134806455192265
0.0275118234535113 0.0990368305290631 0.117913658355147 0.0248627314411969 0.0522712089070957 0.203358568051456 0.201597009166083 0.235302463928556 0.0381457061678913
0.127336325798728 0.167138469190623 0.13989490457305 0.0107214662372701 0.162644565985928 0.104340260373315 0.030206752876636 0.13973806858674 0.11797918637771
0.192759369117506 0.0470356393143043 0.14878129916541 0.0561166026316033 0.194174848336202 0.122111580825778 0.0385301563047261 0.0532133760545731 0.147277128249898
0.12361557615373 0.0414825735277093 0.206581714823563 0.198068656243773 0.00937075306859264 0.009038776910337 0.0444643974406436 0.189010113806417 0.178367438025234
0.0740246413774331 0.147167937402664 0.0656609848115537 0.155075331403604 0.0659984180804853 0.0272329536382382 0.158997179265759 0.151212148576194 0.154630405444069
0.0614885509094006 0.157040929388711 0.123246446439373 0.129567958009248 0.00229511197475303 0.0893517434157075 0.143094000212253 0.150967244475954 0.1429480151746
0.102540188804156 0.069119082454859 0.0896178761172477 0.0715643627047276 0.0088971519683106 0.204383487756342 0.222715752206266 0.224604786163088 0.00655731182500325
0.208137842686424 0.0829424164071267 0.134114105262058 0.0945239370297501 0.13570351068606 0.127041112821047 0.0283153250706399 0.186141051547114 0.00308069848978018
0.237503265865453 0.0232029102538058 0.0169959045721918 0.0589448148043588 0.219514077796371 0.0648401662847981 0.177416123298113 0.107524771405179 0.0940579657197298
0.0893917244037319 0.0563408594706437 0.216486467358622 0.006744002936975 0.0819318273562996 0.101065460125502 0.0214616794043572 0.183686553021045 0.242891425922823
0.066565115710926 0.199444922450026 0.172681185489796 0.0637697196592756 0.166286861318129 0.142528665596669 0.0942969700912019 0.0633680271265643 0.0310585325574124
0.160593300188612 0.0960714072820428 0.108860720533718 0.104969733187936 0.0219572822197446 0.115573247088103 0.209049071775356 0.122039503967234 0.0608857337572537
0.16496308533609 0.0782764670419954 0.166828360212947 0.0500378553076754 0.183826056785686 0.105182135099661 0.0997963375830209 0.00316502007838581 0.147924682554539
0.071912658933866 0.0111815916220874 0.0701021740330051 0.267009290345717 0.0860531180659011 0.0782607118163439 0.0866236627097594 0.239017967356077 0.089838825117243
0.14274095841342 0.197938950895027 0.06211773683762 0.234841357209538 0.130136589323372 0.0148090849370522 0.0167974140451307 0.133984351270502 0.0666335570683379
0.218963013178673 0.0510322208813837 0.109587002266235 0.103348882957094 0.170947089928331 0.133742465193119 0.0474045551691326 0.0440355005279053 0.120939269898127
0.162371780180166 0.100710477982579 0.0501780838907374 0.0963901474396344 0.095200400345394 0.167744770830398 0.100960224640208 0.140659942608673 0.0857841720822103
0.155467887455413 0.0488020887941067 0.107047467618096 0.11240326116781 0.0686072027058362 0.0129144280642086 0.180679147091629 0.173408818880196 0.140669698222704
0.0885194719130136 0.0711603220337026 0.146004775333368 0.113692660053381 0.140653614348685 0.130903140895681 0.152855410019589 0.124168154033986 0.0320424513685936
0.152892630370452 0.0782452329383881 0.0979128771462827 0.167716347659983 0.0367435411869818 0.0450099237587657 0.119050795546199 0.123036631018875 0.179392020374073
0.0736816309743493 0.111298825801536 0.141429089975308 0.0641451517813297 0.177651398586176 0.187302469700721 0.0319009076394547 0.148277264711664 0.0643132608294614
0.084922960740418 0.0618322619370829 0.115964085520088 0.164544461446767 0.0811185577615106 0.162072238681428 0.137009497939682 0.0183110726696176 0.174224863303407
0.0164408266012494 0.169086352958052 0.185640385003931 0.194350283151147 0.100276671463733 0.0197622382383579 0.207112029850042 0.0674221349930558 0.0399090777404318
0.1003732727821 0.174778723122832 0.185938483414546 0.201418528317232 0.0667925320046323 0.00976464665914497 0.0680277550171628 0.114198086535113 0.0787079721472356
0.200763089634971 0.086711066497498 0.155613859881887 0.178371771870529 0.0708672376721765 0.0362474931476463 0.0354741044444781 0.226461285530836 0.00949009131997754
0.238729638047382 0.0971981422805428 0.0522040222121821 0.0602112570825265 0.0211601787019723 0.0245145252433853 0.295102032731393 0.12537141711519 0.0855087865854258
0.163244630813099 0.0749610956776661 0.164569654286117 0.116018172687213 0.0177694690546972 0.0812333457150872 0.0265965151880906 0.173780698800344 0.181826417777686
0.163965517492476 0.0751049114716202 0.0839487309240493 0.0147349536465232 0.13818578182772 0.159773384458668 0.0491289976454635 0.155027407357415 0.160130315176065
0.20061758242434 0.115563405529939 0.0291520623943689 0.0605296625608643 0.171714371892993 0.0073160588888238 0.14174587360462 0.156674455486261 0.116686527217789
0.183885075787196 0.144882465922696 0.0567944531624958 0.192137154911673 0.173718897835262 0.0255349380030704 0.0635744725462779 0.0452752581860716 0.114197283645257
0.0133818798551855 0.00126007057822183 0.117522334471494 0.1916845605797 0.17077724685323 0.183551049413689 0.10868791904467 0.16488719191579 0.0482477472880206
0.176962208878827 0.158337983369189 0.126605667658736 0.105848177340441 0.150514039783436 0.0289013181572424 0.089240396320979 0.0444665987556212 0.119123609735528
0.00879106332294878 0.106413551783156 0.149416134844675 0.0859643396978942 0.0947869938742158 0.0629571177330857 0.13738385815763 0.135067097764411 0.219219842821982
0.130729121090644 0.0864454931097306 0.226660466413057 0.00516856166876451 0.181789894957292 0.145118141012597 0.0651228661595098 0.00544707103961911 0.153518384548787
0.0996689570571389 0.0593038081176553 0.142366145806769 0.22061561201298 0.165187335172907 0.0671373550581221 0.089767858160497 0.0490191434104219 0.10693378520351
0.129468900931263 0.0341142701663582 0.182023062597917 0.203466499300727 0.0974833256908528 0.054808525124488 0.153533782614364 0.0940477148914169 0.0510539186826131
0.0118719069315576 0.191301340090077 0.140849641263945 0.179585988092186 0.215169413855151 0.0679000561395164 0.0264675178224204 0.0502455642655434 0.116608571539603
0.145132620887884 0.0690521982269258 0.159800871049333 0.0156765711581863 0.0564002981618479 0.178295973331526 0.130494316557375 0.101002961804986 0.144144188821936
0.160277686511762 0.054631941821289 0.110129527487186 0.117382553882932 0.0882034908247247 0.138242884334225 0.140923807002237 0.126236485561566 0.0639716225740779
0.116339149245849 0.0647536444695661 0.000257705907034557 0.195914145040668 0.212359732310171 0.126877684725189 0.145328260641161 0.0671086610033244 0.0710610166570367
0.201704591127849 0.125886702665494 0.118618523223885 0.171089677970274 0.0939109963562858 0.124730354007185 0.0857180399666785 0.0598731029176316 0.0184680117647174
0.132647955523918 0.177009382548193 0.0308874750855114 0.0930220468882164 0.167419879258382 0.139915594019738 0.163319545394709 0.0679402389521238 0.0278378823292075
0.0304289709679996 0.21437611542157 0.0113956638678984 0.113912082132612 0.16226826294799 0.147641708637443 0.0753132308202609 0.108182385495896 0.13648157970833
0.0822906853617023 0.0583245177895131 0.0439137058079011 0.100400997686442 0.166810395252584 0.0290622210290761 0.154761444978239 0.187748027308513 0.176688004786029
0.133435959734569 0.0107756008235707 0.156379523612546 0.0905237462773994 0.261678593864916 0.0983686950756566 0.192596445470205 0.0522409112746264 0.00400052386651006
0.179284705429364 0.0779097341592094 0.0259170276561123 0.1684510256909 0.0992067549257107 0.172089925324038 0.041588940897509 0.115699384628959 0.119852501288197
0.082354093631069 0.145340256475428 0.0123127136601163 0.115160698953039 0.154231170957062 0.0559275822331616 0.208196112829924 0.0618156766883929 0.164661694571807
0.0501148356631108 0.155028874545009 0.0591922634304825 0.192061162559832 0.108114296860209 0.0367689341315767 0.0251786547971453 0.335408390588994 0.03813258742364
0.125730346311269 0.00292627222360007 0.282274523528659 0.249303777932346 0.054298140068666 0.0221160043406335 0.165869608219974 0.0730974255452834 0.0243839018295699
0.117507171677008 0.215349437972717 0.0102415071572001 0.0570675925877025 0.0413336897958674 0.0878201525924152 0.076110892589562 0.238588432389849 0.155981123237679
0.0028726790433494 0.0108651995265729 0.0141911315592388 0.426128530206699 0.292833184150158 0.00413902565334314 0.144081411826054 0.0357693546296078 0.0691194834049766
0.0418988486411659 0.047616287073357 0.0165657140620434 0.152435987156718 0.192798141233541 0.116311366366078 0.11790686667053 0.207469753422341 0.106997035374226
0.0997903042013246 0.105551165354287 0.198408749243684 0.12571914566152 0.0401167021623117 0.108833344612186 0.00611025154730592 0.167329402815587 0.148140934401793
0.100726933753906 0.146020257372243 0.133320417918581 0.143098092209787 0.124368475630736 0.0462990525566923 0.0613900423159926 0.150314430179113 0.0944622980629493
0.194350100747144 0.189031838346558 0.00821989414524157 0.0180514170236459 0.0990321157066043 0.183727859696205 0.1115398691612 0.0027634499637359 0.193283455209666
0.091174896968406 0.136985988754046 0.010345906566949 0.0867960988348862 0.0668885390894488 0.20274926714348 0.1888816133807 0.0203968683354547 0.195780820926629
0.0048552295983547 0.0778997281669859 0.101113673823324 0.0565211081018789 0.108814278002666 0.184266072163079 0.117865873824961 0.170715660915045 0.177948375403706
0.061576787026216 0.0919250364415856 0.149717151749323 0.0426318275671047 0.0657580094736477 0.0715873432167313 0.114085672723648 0.204825826568488 0.197892345233256
0.0729255538764255 0.0543284004694282 0.0188860584598214 0.193756755943408 0.233939663824887 0.130039175927507 0.207298747455046 0.087431973249678 0.00139367079379916
0.181713080873066 0.0174681936746536 0.0691242061361303 0.0682446327261123 0.0972615009777313 0.0757834699035138 0.258060490833903 0.0782474189678098 0.15409700590708
0.176232098974147 0.15205900128497 0.175278855923237 0.0383180811026926 0.10754904400532 0.166272833668711 0.0537169319215712 0.000410112532502498 0.13016304058685
0.0729151565323614 0.104465287203502 0.0399972152570954 0.104483294790421 0.0236276192665031 0.0452877133904138 0.201471093055188 0.147074200566428 0.260678419938088
0.0269358808912531 0.0266988636808958 0.0152435628711645 0.0629440063998658 0.240051820831681 0.235788926152031 0.0684142601000694 0.244421707933084 0.0795009711399562
0.149748649156486 0.0935754604646586 0.164985748727064 0.0726330508549436 0.117200155581115 0.131300103043914 0.0711681738737031 0.0335905996889924 0.165798058609124
0.016596783141431 0.267891057062012 0.18305893938312 0.230392949249878 0.0383958128333778 0.00117825923777594 0.120126342101472 0.0348231515018308 0.107536705489103
0.18102309318614 0.157769383785006 0.0491491436996709 0.120162376922954 0.137418457368073 0.130938223046876 0.0638737596576266 0.148434288646518 0.0112312736871355
0.0909887482756063 0.136350067883648 0.00753613130479358 0.173730125400436 0.149289117638244 0.105816697401378 0.068435103705089 0.161821534918771 0.106032473472035
0.157699661726644 0.0771476417820518 0.200231246558932 0.0969264134240154 0.0204734575308645 0.204361665982678 0.117802334683753 0.0332768990903897 0.0920806792206711
0.0345194933580415 0.072215200097203 0.0602709690237182 0.247628806778994 0.223144252250944 0.0073111734478435 0.231341259014714 0.0168332962988703 0.106735549729671
0.132562879530724 0.0512587940316079 0.15251154290811 0.192120412231261 0.0953547935190752 0.17878330640044 0.0671002641270182 0.102073648593253 0.0282343586585106
0.209043542275793 0.165939551240845 0.0392783991399854 0.114005564278971 0.0594009124697024 0.230223027914763 0.0491904835930432 0.121892854973185 0.0110256641137129
0.0215197674013968 0.10324635828193 0.295657470230908 0.227041207556558 0.165718864884934 0.0705406935736169 0.0160623447308998 0.0419911398229253 0.0582221535168307
0.113358591250355 0.144250504380165 0.0236968611364326 0.0704523682416666 0.150655081240594 0.152717778193323 0.0637962296858162 0.167123782811376 0.113948803060272
0.103498512711442 0.136113865211259 0.0437490412647225 0.290174156488049 0.190271029043903 0.0305704748245562 0.0283710896000594 0.0377169813582836 0.139534849497726
0.0370263352625481 0.148601431418183 0.0224361558239519 0.181527180580144 0.189429599046733 0.115224295021536 0.232886412774768 0.0522602756173673 0.0206083144547691
0.200087002881049 0.165761516941275 0.0887590053261184 0.0903117083414392 0.198929990961268 0.132279360675715 0.0315754751226247 0.0870231828794736 0.00527275687103714
0.0984403011329637 0.135705011950613 0.0864153246276082 0.136033326801158 0.09022465704905 0.175144807870184 0.0325723391572458 0.129248792424727 0.11621543898645
0.137262908775215 0.103985462478145 0.0995341483574547 0.113446407330114 0.0128981477060961 0.204097276794978 0.0117293169436081 0.180141208293438 0.136905123320952
0.0747558837844401 0.093130669321844 0.0537370450101371 0.189004392610282 0.0281095659155919 0.169364419283015 0.186029786532412 0.158830749352416 0.0470374881898615
0.0885623621929476 0.0799252683445331 0.0872526769083053 0.212492824718721 0.132512328034868 0.201034039721743 0.046133888801641 0.0962709329169094 0.055815678360331
0.123007957287485 0.161160150222261 0.047560802829434 0.115570582347904 0.017331198485884 0.161386117634079 0.104644226395574 0.176376274532966 0.0929626902644132
0.211401893301871 0.102189716878779 0.00011690208841522 0.230517357022302 0.0158204936398107 0.0472112591862568 0.164147175351943 0.0185553202990446 0.210039882231578
0.0484578470315252 0.0668061605447061 0.0249296703807409 0.043199432027175 0.142039203234294 0.262329006428932 0.161877758126374 0.131723071954368 0.118637850271884
0.109579303884206 0.111533508478949 0.103348354578154 0.149400230713562 0.0330216071944052 0.124627260486065 0.148745453090106 0.101987046635216 0.117757234939336
0.193204464555239 0.0503886528433935 0.174980972899027 0.214053213474173 0.100551701422871 0.0716744829520059 0.0395163849274457 0.0852802055642692 0.0703499213615759
0.13075609671781 0.155323994213325 0.0342713575748433 0.0311009225475778 0.166244333960217 0.123730641468109 0.146145963514818 0.0386894106513184 0.173737279351981
0.0452655776276933 0.0605489681564228 0.135198945464126 0.156445257793952 0.142463311285725 0.0955465665857302 0.246030455739756 0.0154901260280479 0.103010791318546
0.0860961092248789 0.090444366071927 0.234089018116692 0.063347146920565 0.153203754910806 0.164717880004095 0.0469718423533033 0.0746511621973749 0.0864787202003588
0.12678759546856 0.00542646646947394 0.156039871861092 0.222987656997393 0.11131944443104 0.00724565761099613 0.236685970649432 0.0755448473943377 0.0579624891176751
0.00877918713055017 0.0701302306631737 0.134703249728754 0.070230027214862 0.12565689808775 0.188882188108225 0.217203303087013 0.0432743139088977 0.141140602070775
0.136599337082502 0.173259715875183 0.0446879824809087 0.123984004062259 0.130491002950384 0.118199807360272 0.035239479212998 0.0361540996510377 0.201384571324456
0.131883216818845 0.0878352429754659 0.20000274642843 0.00129946345302401 0.0199717360138783 0.215344643522537 0.108478969950888 0.0410725063276925 0.194111474509239
0.00601021490297148 0.150000986149936 0.161480291569026 0.146639544374122 0.104464755841394 0.104071451524733 0.180018419881409 0.138529725920389 0.00878460983601969
0.0378763931139236 0.155044260422462 0.0597728936649945 0.181678708584212 0.113403115093382 0.141253464726531 0.164471288174864 0.102580267745402 0.0439196084742289
0.11576317171048 0.115779175591805 0.189750367243682 0.195843440375378 0.0689605935535386 0.1379698865292 0.0567726699947306 0.024256475133577 0.0949042198676084
0.12022160321128 0.0197312658022351 0.126573375700189 0.0793010652565562 0.174817672333773 0.176399782222063 0.0342318028347577 0.127637540803027 0.141085891836119
0.0968808202514978 0.246349134835315 0.15877672728437 0.152648162701364 0.077376641903671 0.0466744549905294 0.0633375944429709 0.157492091902189 0.000464371688093642
0.151852278792445 0.15350053969243 0.0831173420989283 0.137307384574251 0.164256013130361 0.0216499247516095 0.114607723936221 0.109705409095948 0.0640033839278066
0.181757914268823 0.0427845967963975 0.226811378403116 0.0682726291521934 0.193104114033828 0.129323850833712 0.0675499658111845 0.00571896025037178 0.0846765904503747
0.192412177181322 0.138159737515681 0.0604927557948777 0.116157341330548 0.060586067623474 0.0450528897739358 0.166503978355806 0.082193626996439 0.138441425427916
0.175680889738598 0.0990075089000259 0.0749112848178008 0.0106372644631109 0.12917647863032 0.0991696767746365 0.124583417541816 0.146973406797801 0.139860072335892
0.184982433109375 0.0347758735537755 0.025323054045094 0.186370078889524 0.0222341686131743 0.137103335869636 0.164123223648062 0.204602848970044 0.040484983301315
0.181790526070949 0.2010827153331 0.0857619516905563 0.0422879096833351 0.204179581604355 0.00346366032371254 0.0464867848441628 0.0792423403779476 0.155704530071882
0.177198661346902 0.0439212306132963 0.0976903235777749 0.178039922690868 0.142302983145776 0.124670344889453 0.00702153514009143 0.146478328179737 0.0826766704161019
0.0375960576237006 0.213407880932318 0.19921482476869 0.0292716835904799 0.0602148972045336 0.220997025736754 0.131278965179427 0.102481186649074 0.0055374783150234
0.102043332068193 0.120588586811202 0.0399622767592754 0.0382286515173808 0.104758631188253 0.0499618555844948 0.145701704455235 0.327663738148221 0.0710912234677447
0.0477534320711817 0.136673597477397 0.156415931677886 0.028591215537548 0.00489622107020064 0.0450890389399366 0.195263847168342 0.171198399852691 0.214118316204816
0.0408129533188088 0.146312392695533 0.0111934240834378 0.076021280306132 0.0758308185533097 0.16548664505698 0.173280093110954 0.172142714406825 0.138919678468019
0.0551115343210696 0.0804081741422373 0.235705167842731 0.13063804672152 0.0872846474791918 0.263242334420713 0.074603712072242 0.0381900469031858 0.0348163360971097
0.0986453481284797 0.144615709496401 0.0268038357674664 0.173711436774463 0.183232764395935 0.120726789251325 0.0588101726790686 0.132802154773631 0.0606517887332307
0.0588401770690324 0.100785653424445 0.262628843885182 0.175144452835243 0.023169569246845 0.0210486834975932 0.0206286011809895 0.204372723833302 0.133381295027367
0.0831371491713535 0.183685694838805 0.0738589976018029 0.110439224761089 0.161445175513477 0.108804107077638 0.0720848008344532 0.141006335389806 0.0655385148115764
0.140549103521143 0.0273384882497476 0.133363567535013 0.204069830758637 0.218855266496935 0.00274751432367401 0.21315719115392 0.0036903418400857 0.0562286961208457
0.0479631266048659 0.0962618656624332 0.132988219958612 0.14461375715671 0.160309532707951 0.11679121875338 0.000702485145450537 0.157154497177406 0.143215296833191
0.0804795447558599 0.173819462650128 0.0337926554235738 0.208972285413503 0.129676197632757 0.0800512222870925 0.00854546903574624 0.124127185217361 0.160535977583979
0.153662420737917 0.0864975160222849 0.193807600185092 0.104274587718454 0.13791646749578 0.0915197388027213 0.0694983795390892 0.125040433124275 0.0377828563743862
0.0505695240470919 0.0733538408870321 0.112955677777815 0.0888286574378646 0.181599201078516 0.0984010238951197 0.129808579657816 0.0761129400288684 0.188370555189876
0.0418253746808471 0.0319475175093128 0.148940161228366 0.151930351327537 0.0838000120835474 0.0891240837197255 0.150483124177125 0.132878771284774 0.169070603988765
0.160686153718185 0.0668001654747976 0.111109005810496 0.0362853015775865 0.131617706752267 0.0348944738877022 0.175372331550536 0.129000438213586 0.154234423014843
0.0735222902812204 0.125425782069982 0.166025427712366 0.0730930522459172 0.105653419536704 0.10732627200905 0.141449287900056 0.0512900704187935 0.156214397825911
0.1240275512234 0.0868773835497652 0.18423222811054 0.10375546165091 0.102368191379543 0.142105620908568 0.150257514491089 0.0462633113343524 0.0601127373518322
0.16499934601062 0.146396107733848 0.0109481748703031 0.16155432210569 0.118309275018037 0.147484110876733 0.0860352783909042 0.04141840698117 0.122854978012696
0.0283319183515175 0.139020507578813 0.185741807223929 0.189611943606196 0.148388164271619 0.0495831767969669 0.0387039636236799 0.144765664080799 0.0758528544664794
0.106759111015638 0.0626555058007588 0.0692304595479574 0.157738499372239 0.188149636967845 0.0713084370893075 0.140828585820723 0.137758648014219 0.0655711163713126
0.289016570684045 0.152069780006335 0.00121619832204332 0.201641099938307 0.1187510556992 0.0641008111091396 0.0460020813283113 0.0834513813508929 0.0437510215617264
0.11629860898273 0.0319250723738447 0.134146745608076 0.149485966150285 0.114837930871846 0.0788590570402863 0.170781556339292 0.0666295581060458 0.137035504527593
0.206595454834553 0.0955448103392126 0.0607598688077821 0.244998397905916 0.186188428287514 0.00946664514487022 0.0481331674771145 0.0491377114382466 0.0991755157647913
0.147861109165542 0.0392077350855372 0.0460325679209593 0.0567939477287601 0.0373977551204838 0.188345718742541 0.14366316022831 0.13342755422846 0.207270451779407
0.136032013690858 0.0331611609295914 0.18300262445606 0.0492494890437777 0.191370593084407 0.18208381264066 0.0728289191669305 0.0251188087414371 0.127152578246279
0.0982259891535791 0.153162483242143 0.15539642027392 0.143517861810237 0.1155576692972 0.0986448393930606 0.162073997334138 0.0649283060937712 0.00849243340195178
0.00282292431872491 0.0635152984231669 0.116932103667009 0.10905429235301 0.197478933056382 0.0368976996800155 0.0989620424600812 0.184272073687265 0.190064632354346
0.0677823482609517 0.194543658856156 0.079896709021778 0.0496169894170203 0.171685851784531 0.22914823214701 0.0324564155841537 0.123622869826167 0.0512469251022326
0.0144987704435014 0.146617540192894 0.0721587814531872 0.12343938944173 0.164732079005126 0.0896961652530921 0.126822842403208 0.118703877564359 0.143330554242902
0.0956803008425625 0.088955027366455 0.183649875269103 0.0439324649295286 0.194072339945374 0.0764496343981875 0.0655054189662733 0.17236745281347 0.079387485469046
0.00556730183004973 0.110624890323799 0.148518626599084 0.0192924221973237 0.24022588824383 0.253903458285528 0.171662223281505 0.0166783796888388 0.0335268095500409
0.110529129858619 0.13036280689745 0.0174049500000841 0.0688940484486107 0.0948919169634689 0.18191238544773 0.141098438544552 0.156207609186584 0.0986987146529009
0.0481553694669247 0.197464918138621 0.136034776357557 0.124337569510883 0.000548420148912188 0.0727628989981272 0.157834369125271 0.231641419162355 0.0312202590913488
0.151039027444659 0.163463149928843 0.127632520880021 0.172365489173976 0.131224899190348 0.000465411009017237 0.109625014421854 0.0113644887484616 0.13281999920282
0.0678634842783683 0.128223880189815 0.175397655159326 0.0440986128257345 0.110054081890399 0.0967623697276533 0.157509023118891 0.0121237661267446 0.207967126683069
0.0725821860160455 0.0238465975989429 0.18860637517315 0.20399724366276 0.124371788145348 0.12355305905848 0.115323680693168 0.0920060680373888 0.0557130016147164
0.05719222122424 0.147008583409991 0.0135652888012535 0.229651581443167 0.143091940487892 0.109896582668121 0.128099136943577 0.121688562619153 0.0498061024026059
0.18110141175457 0.130137848526883 0.0203570549513071 0.0574018673350751 0.0496818441071532 0.0988488507419422 0.138494532626018 0.146458657859918 0.177517932097134
0.0953981764227679 0.196508968288438 0.0555744154271124 0.0760396366293421 0.193795628043893 0.0413185066390353 0.0339703699389145 0.155395539657677 0.15199875895282
0.0713164360079975 0.262471408648003 0.16500991138228 0.0700689219093727 0.0451681778971874 0.0671412535077767 0.0189512818355557 0.125372169865908 0.174500438945918
0.124453884236587 0.115441302135796 0.129332317964596 0.019415548365693 0.0519344544322707 0.14351546495167 0.136723445946825 0.133693729270459 0.145489852696104
0.137924040198466 0.182096060438247 0.0170073762122989 0.109814925738679 0.0496220830676558 0.154220134514285 0.108315117390036 0.0741050598757709 0.166895202564561
0.080276417963938 0.140364860411599 0.059492996529431 0.123001924247169 0.137544629405274 0.135859055521844 0.0134195103083424 0.102002063682541 0.208038541929861
0.207423510551896 0.0059959998522585 0.150211126137715 0.111788958967871 0.226298882057175 0.00873544792354862 0.050907153743409 0.180417757690048 0.0582211630760794
0.0877979036006403 0.199679310373308 0.0206137098217027 0.145696941427985 0.0692968291369509 0.170452152599276 0.0661668980438739 0.0516001299003198 0.188696125095942
0.0326803834287037 0.061344354830314 0.154374573083715 0.207832587724611 0.126677162303886 0.15341770638305 0.0805623063524276 0.146519298987856 0.0365916269054374
0.170431340412146 0.17786534975887 0.0790212475029461 0.0782911309433566 0.157133636215346 0.134884836889274 0.169993139900338 0.00482121488369262 0.0275581034940319
0.0506296406156803 0.0823282900831377 0.158783923787386 0.184349859299672 0.174892010165862 0.0251220929814738 0.146148274288581 0.103495313247768 0.0742505955304392
0.127938961061667 0.116003297419502 0.150992156588979 0.112103209859182 0.171617007630204 0.0932537029715956 0.0258087286246672 0.0609528931152828 0.14133004272892
