0.0230666417717518 0.133547313062615 0.121774751365867 0.123200503462319 0.149514475792081 0.0594971015864982 0.153953132578735 0.136489521974802 0.0989565584053299
0.186474967659229 0.101374568221157 0.153561631679018 0.0971369077045324 0.21635202600748 0.0564742543405341 0.0907551842889802 0.0758250969708014 0.0220453631282679
0.0446303633434771 0.174893136549418 0.133038247274099 0.180592997798119 0.0912616470045521 0.0677153882572336 0.0720518458317665 0.147066041053198 0.0887503328881371
0.0197232787722451 0.108183721960182 0.170322254349675 0.198692091340266 0.00255568714954976 0.159839151218565 0.12913500947047 0.0918171212966667 0.11973168444238
0.119746650031337 0.1494946024658 0.147636010384093 0.175814685300675 0.0900941219785492 0.102927450994965 0.157240060640319 0.0212795818127757 0.0357668363914862
0.0162477635842952 0.189146986628242 0.138761032598315 0.124817940113478 0.203521144932513 0.0899289978488865 0.0139863357204909 0.205816074247399 0.0177737243263802
0.0740048795892161 0.120341530460182 0.133913103675998 0.0967093236477224 0.140228558568546 0.152808203142304 0.129054735260779 0.132313915334482 0.0206257503207686
0.0509777221907212 0.0228310788394214 0.104918918732862 0.0944501823196879 0.168997019486626 0.151616569975849 0.0690143265470279 0.113435379983647 0.223758801924157
0.0500688291557364 0.0145888363991397 0.163563877045915 0.165573779361465 0.0783438441058062 0.0187762385496959 0.142075205185348 0.18325936833267 0.183750021864224
0.149543386436087 0.123979424732266 0.14886730625239 0.139950207272886 0.0748455564221421 0.0680340395239568 0.0892690911835616 0.111504213304717 0.0940067748719941
0.00865473531487236 0.207410999420731 0.122721022201561 0.117657622465574 0.0292119568234634 0.0574802771153763 0.214084835124558 0.228675371589771 0.0141031799440917
0.188713843288636 0.0225635358126304 0.178694265016918 0.05619708443814 0.207659270045404 0.0305920171246282 0.10787932562688 0.0810360699038971 0.126664588742867
0.0953147157829674 0.0742185941082956 0.00526562333420003 0.181367484739937 0.269337229287441 0.162123562152445 0.100013434933233 0.093438511692796 0.018920843968684
0.00143189271325476 0.151947591392488 0.162871015192224 0.0843801574818449 0.182586273390931 0.107985187801134 0.136019638758407 0.0263581329712656 0.146420110298451
0.163097990248991 0.148701571771636 0.0885720099846669 0.0563491429325631 0.155305617767535 0.170348755681317 0.0082987645831398 0.182729367356534 0.0265967796736166
0.192465124049216 0.111932165114908 0.110759397816487 0.0868078067076573 0.0293197181224417 0.0319771468150013 0.136987890623718 0.17589133944084 0.123859411309731
0.125163748153767 0.00369616009307193 0.119723805005266 0.1626942170524 0.167202821903128 0.177074701177659 0.0907805556722978 0.121367650030558 0.0322963409118531
0.0927587949497233 0.208876233327426 0.204066957250732 0.0589785460711887 0.0802332928784416 0.0864965920783305 0.169686353360455 0.000754756494155998 0.098148473589547
0.170237048044022 0.120148578049014 0.135370482452806 0.0359932284477802 0.128770388059804 0.150038476895575 0.0434423138953073 0.10443212880613 0.111567355349561
0.168015209889123 0.156126876780387 0.146128927726668 0.0519157437828562 0.00499529136065427 0.00880144719606644 0.172294967988373 0.1182395456998 0.173481989576072
0.0303170857624134 0.18863711262463 0.0627642464686669 0.166171518495315 0.00245694990410234 0.0166894874158223 0.253166404351689 0.0417341595294107 0.23806303544795
0.0818909163042304 0.169647112765311 0.0066451533404819 0.0726196981456487 0.158429394841198 0.126313182205871 0.0320026541828699 0.307769652586523 0.0446822356278667
0.0610866017606813 0.066638056659064 0.0836449345474304 0.156921940474858 0.179071584228587 0.167592017631126 0.148895106392997 1.23606571456004e-05 0.136137397648111
0.187164659793519 0.0290311140390475 0.0664036161225822 0.218527556886691 0.0124091555589738 0.0455183550449968 0.223478765442666 0.0943067932001602 0.123159983911363
0.0485869549977766 0.0999176564715146 0.180996245041173 0.153183925493397 0.0914928716422423 0.0230942429399576 0.0922907229240902 0.0887959327283525 0.221641447761497
0.114950666401563 0.15208718270879 0.173540577403786 0.115486307462153 0.0439762139929012 0.0255601314649722 0.115899273232979 0.143675182598065 0.114824464734791
0.0168758756207281 0.21315449842559 0.0899457588368986 0.18238487115944 0.189507866766963 0.137497239107041 0.130966987636611 0.014522469167069 0.0251444332796597
0.118997725392285 0.077671967578439 0.221937514855542 0.0435070135382411 0.0447597846635773 0.127023926051487 0.231829586542222 0.018994693720188 0.115277787658019
0.0128199644980645 0.219320261169884 0.0274233118627977 0.171345480260898 0.230326816859729 0.0936091806321518 0.000542714658837768 0.217560449342447 0.0270518207151896
0.188490853665587 0.0682244415092089 0.199056642989109 0.113114664827253 0.1006810033901 0.0150541165755641 0.135137994642396 0.119290968582833 0.060949313817949
0.173989619920223 0.00947631254421327 0.18942301243115 0.0244048849630557 0.156819252514602 0.108404331677342 0.19022494680993 0.0768022419029445 0.0704553972365398
0.174553571377589 0.126812101884609 0.0513627166711513 0.00159321917562441 0.147926307562216 0.0909687337193294 0.150815823899143 0.136915114785368 0.11905241092497
0.0852098143941156 0.184091686261271 0.119540058151298 0.106227109821913 0.100428229353736 0.145523180547539 0.0842324587186699 0.119850684191271 0.0548967785601868
0.134789147357346 0.0512577957314204 0.177128174848216 0.172430172462335 0.121499269454575 0.193793805904353 0.136333259578697 0.0121763856926645 0.000591988970393923
0.191485899195688 0.0233461923369827 0.0558799757128267 0.0678507362022474 0.221441733236046 0.115982904009815 0.0334652387419615 0.145383890548824 0.145163430015609
0.171767256620278 0.00847979836549684 0.160398751721797 0.137991905931391 0.0349151530561905 0.155318215596135 0.103887662279477 0.058514978451202 0.168726277978033
0.16534334190456 0.129046670556718 0.158207113950052 0.0457865277437723 0.0183840823282009 0.167648225456736 0.13047011353621 0.0939918459730333 0.0911220785507176
0.0997638333863314 0.141185919291121 0.0743679947824312 0.0456880435581862 0.14474534159694 0.140228229759917 0.133786145373587 0.0872457843448746 0.132988707906611
0.158456159021242 0.111408432394336 0.154671926654515 0.207777761961917 0.0402370615425647 0.0286492232986586 0.0362125091663352 0.128547722979194 0.134039202981238
0.057838798598251 0.0201751635874689 0.204088725095145 0.121542090715424 0.131585141274589 0.0230784072656034 0.120176568764558 0.194074788009262 0.127440316689699
0.110688784735427 0.155823368388098 0.096974838944885 0.142576122223083 0.0791188391284121 0.102500276922117 0.0845660437616745 0.111438784872407 0.116312941023897
0.198189602987428 0.15379476954229 0.0895987397796988 0.0058170829536871 0.044396384496371 0.219910726158137 0.0381208813549096 0.148040869902295 0.102130942825184
0.0738469997220344 0.127658806868248 0.0809214620283843 0.0962937212037807 0.140557146538644 0.101215735716009 0.169327638335157 0.0596063279796701 0.150572161608072
0.074735289192933 0.0319647310123241 0.138468867806947 0.0875046677802045 0.216810735896752 0.00995736573121423 0.203419653664281 0.0914793484940625 0.145659340421282
0.192988554347115 0.0295425035629252 0.156223596272006 0.0354867343890182 0.181630326115218 0.0502596802458513 0.111263490205132 0.102498451469225 0.140106663393509
0.0467838308503217 0.156020700917801 0.0173487265750338 0.0434399786737398 0.201321582093594 0.163345620841332 0.0673179847663128 0.117099108632243 0.187322466649622
0.172734189165122 0.0744162095683727 0.219171032669631 0.186466327085265 0.0894626895943556 0.0802989170026324 0.0613104128921572 0.092181095018025 0.0239591270044383
0.0623884945846924 0.000604427328644939 0.153294105171501 0.0997955091680417 0.310737270242819 0.0654697075384746 0.0534239035890506 0.15616233528237 0.0981242470944061
0.249650546135702 0.101234155671489 0.0424075909792101 0.0362043924974114 0.278626407330736 0.0378153939203417 0.00277954467044566 0.235115542981454 0.0161664258132094
0.0226168278439901 0.12655916264257 0.125927045903529 0.100574674230018 0.1637942306053 0.111469101495628 0.134480672567791 0.0594545904884859 0.155123694222688
0.156741971856271 0.192062614208824 0.0425951617218102 0.0982967756647584 0.00441597272475216 0.0729535761141391 0.0978722823286836 0.140674490849702 0.19438715453106
0.086565656206819 0.125029299759655 0.0308302970189334 0.0191302975639035 0.0419554908010988 0.238512573290818 0.143333370779679 0.116295200405282 0.198347814173811
0.111925289475551 0.111308759450898 0.122674782996763 0.0929956029668015 0.0951372990984493 0.0518215355764088 0.157732874163591 0.0839967559763037 0.172407100295233
0.0609061936435102 0.12828947326011 0.136086761851025 0.175655512362935 0.0438421064987761 0.0987197494048218 0.13247918141981 0.134163239645991 0.089857781913021
0.0377159603542719 0.0479735304594651 0.06765399596429 0.181563799773276 0.21510156403948 0.203113228072723 0.0316041082883422 0.151084806738945 0.0641890063092062
0.179940718858858 0.011816996588061 0.17207507023001 0.0835086562072297 0.206608396423521 0.0717687222952457 0.0111158891047142 0.0965307404884148 0.166634809803946
0.115328016049626 0.0472650214957073 0.198966938505052 0.0528525381384667 0.0637397682397044 0.113288780624832 0.213490046268365 0.141177912202243 0.0538909784760028
0.128247911992431 0.172978968657842 0.102027708278596 0.121023308256257 0.0126069530933295 0.148248767654434 0.136941565673138 0.0952865859890875 0.0826382304048843
0.0382308795903986 0.153325930994988 0.161230855191471 0.0749423251192751 0.0576866680595137 0.129209131753431 0.138089677449203 0.0944759620587423 0.152808569782977
0.142395999116976 0.0105250955363666 0.0998335347981909 0.164020502251605 0.177841958444298 0.0557843484423928 0.124906725997385 0.122751250217301 0.101940585195484
0.158356532637776 0.0692830669375489 0.150315167777395 0.0472340278169549 0.18854675008706 0.143267091886817 0.0296712334723074 0.0386772744694654 0.174648854914675
0.159080774667241 0.00234148680991094 0.179047879632273 0.210980988514683 0.113969026417162 0.0332273469218553 0.179462032946571 0.10656404208131 0.0153264220089941
0.15133843135361 0.0553019564671365 0.173164956903553 0.183984090482572 0.0548301587049432 0.201941374337503 0.00655609344132861 0.132605883662233 0.0402770546471205
0.134839761386854 0.0400342369694126 0.0688291275415397 0.0536629177071106 0.223704753101272 0.0925925392432529 0.210531786483069 0.145079802799781 0.0307250747677074
0.142830030592797 0.249190725106011 0.227029886628114 0.124661978028614 0.021904506065491 0.128179789960339 0.0147524512806819 0.0148882458578253 0.0765623864801265
0.155459760531398 0.117179220799336 0.0471061922388492 0.01622495941006 0.135534484469306 0.16687852064095 0.18456594562052 0.0303442163853566 0.146706699904224
0.0487533850039899 0.0930198843289033 0.0312033262437739 0.154465875724348 0.120001377934781 0.159356390812021 0.0268839031479811 0.177011306061912 0.18930455074229
0.047649351793541 0.144440367916964 0.1714702618482 0.180770066135237 0.124848720501681 0.00638890744659177 0.178910241487694 0.032206615410822 0.11331546745927
0.166006312390497 0.086064609826211 0.12915759284109 0.117232481638808 0.1549529562098 0.00731854282055 0.162848846236972 0.0739932205081131 0.102425437527959
0.184868131655497 0.110749906394463 0.0116479162887802 0.0790453807108132 0.165952690146008 0.155413516119548 0.0667730396039539 0.103990776083017 0.121558642997921
0.0609603515681545 0.231265117274728 0.109328988619887 0.0250899668991342 0.0536499848922876 0.0192781488310052 0.222008928850248 0.0650377321702762 0.213380780894278
0.0517959894135443 0.155317033486461 0.192551800132843 0.17494125322407 0.0338493576943738 0.10878878686823 0.017355103873847 0.186267086931971 0.0791335883746597
0.189892349748513 0.0169336715997309 0.0160902601254133 0.0187040711442358 0.165258573024432 0.140703159976149 0.157101140025248 0.139870615209465 0.155446159146813
0.0518205765208846 0.15514635461991 0.15632183744836 0.111326560587783 0.106675971501837 0.0931072469797533 0.117458194517814 0.0774719124847091 0.130671345338949
0.11600655293428 0.210138168276129 0.206167566936701 0.000519308160464829 0.103381428488037 0.122474237400065 0.152543614620404 0.0709460516283651 0.0178230715555541
0.113161717749679 0.0849445614855601 0.0761987623888438 0.0420093427525918 0.20221252198899 0.118864683870858 0.253475757105314 0.0129419584120948 0.0961906942460685
0.104212839406728 0.0486360412649482 0.135508581682848 0.146942301636243 0.121724225047981 0.0800940329076017 0.126049795913353 0.192891500324447 0.0439406818158504
0.0914276953811906 0.109687594438097 0.0819993369801463 0.138256369815844 0.0129870524258025 0.16036003230345 0.153672416949887 0.129042912112264 0.122566589593319
0.00726530361391536 0.202342387046986 0.0132232994051852 0.159286071891423 0.0422879345119041 0.21075584368085 0.087424879745185 0.1941381775109 0.0832761025936514
0.176258070321506 0.14949361224682 0.0989143596482305 0.0419204291458617 0.155404035729094 0.187743433854114 0.00431779451426845 0.145612328120896 0.0403359364192092
0.141620208910924 0.191700233416729 0.0918552863841096 0.0923243510547689 0.206922343657336 0.0141687911979707 0.182146721121151 0.0606341289643382 0.0186279352926732
0.178012316233496 0.0713602464258729 0.0246647885705125 0.235708418104703 0.117906102182284 0.104357459687199 0.0291720797662135 0.0857815657489009 0.153037023280819
0.164776602036015 0.115639379759727 0.134894853344916 0.0311847755374556 0.0408045268295396 0.123436221212 0.191607594011952 0.0424056172659164 0.155250430002478
0.0873234682582573 0.0132237052759368 0.261468557559779 0.0761584212919915 0.130380653542547 0.025373942261326 0.0486765594448539 0.112455512087332 0.244939180277976
0.090237829948741 0.281434021295513 0.00366072121371589 0.174628350629163 0.0435590887014162 0.0752996544302807 0.253454426157113 0.0249716358704486 0.0527542717536075
0.163633023420306 0.0970391143719104 0.0275408529625579 0.0575035691879443 0.180873840873494 0.0982356864873917 0.174988603522308 0.188958960818281 0.0112263483558062
0.0627128620444328 0.222221091907512 0.0888422145606484 0.175400409327277 0.0221279638926733 0.0812620759772086 0.0495235795558179 0.275336084521693 0.0225737182127374
0.174110187347209 0.0717693958267373 0.14467117498853 0.0705721585447508 0.130898943268217 0.202809649502047 0.0295638361732326 0.0569026190132009 0.118702035336075
0.120968056770029 0.158844269832406 0.072688633899944 0.126436190081095 0.0116247975983646 0.153196009139355 0.0693332358911062 0.126268161432786 0.160640645354914
0.192015072414225 0.0465850753391307 0.0335820270887162 0.161822462023066 0.145468324466444 0.13261510481616 0.137322808349725 0.0643159703665215 0.0862731551360117
0.0550693656021728 0.170518494326903 0.0338005423098375 0.0632767907575409 0.194355924953327 0.124156696496449 0.251716965087912 0.0842267689744332 0.0228784514914248
0.10091303211955 0.100266723623727 0.0579468901957059 0.176046608884654 0.130537163233928 0.0515833768356367 0.142644685394487 0.195972495002541 0.0440890247097704
0.143244771137564 0.193595567597996 0.12762531834803 0.031382028306886 0.222119375831466 0.0533451240117568 0.0232299987663218 0.106324458087282 0.0991333579126971
0.0815108026692338 0.0606225928055225 0.205338894571545 0.0315470232556371 0.146013028745718 0.124832509392479 0.220158168140588 0.0808734679152575 0.0491035125040188
0.153984295599659 0.139983900822175 0.00198797588997229 0.0409874670146279 0.163028842587809 0.122745807927483 0.170630073703305 0.127263109999249 0.0793885264557199
0.210287114330583 0.199065820681256 0.0464495966805087 0.202757234300631 0.0683682653663293 0.111954972593103 0.0207151434020514 0.0396841601169855 0.100717692528553
0.077010685361334 0.0290351703281576 0.159002166829127 0.149893354248157 0.10112201418425 0.147044628495752 0.062998231008874 0.136635736865382 0.137258012678967
0.124147842299753 0.220440447479053 0.22713228266353 0.0438388179608251 0.0186323265909214 0.00907247916517567 0.0919388661087046 0.191626268335488 0.0731706693965486
0.0481702399734707 0.132004446421761 0.186139070725356 0.0220830525560823 0.192743693260066 0.169852438680866 0.0611019099235854 0.124855350985608 0.0630497974732044
0.0728992984155622 0.332567394558278 0.0285365667684004 0.0502697217595247 0.0545732025875323 0.0441011076595264 0.111021991708256 0.124450350041548 0.181580366501372
0.112897629193916 0.307067637663116 0.00461967424330388 0.0769865322473373 0.109187323559054 0.0190219940481886 0.236418186509229 0.00870563485922246 0.125095387676632
0.0473616639282837 0.244245467718261 0.0180546879604114 0.0976924608187087 0.0285468574423182 0.266548067403062 0.0447543441677653 0.093228955940927 0.159567494620262
0.150582397528935 0.187087643078917 0.121595685415915 0.148441198774291 0.0707633011987383 0.10355306261476 0.0778216406754709 0.107136154078632 0.0330189166343411
0.0969548826446288 0.0823460464232697 0.0792743002425895 0.0528112036419079 0.118276766098902 0.128380154743888 0.204695492925584 0.0453244226280611 0.191936730651169
0.028396225489492 0.129273218896365 0.0987663099378267 0.131286915749105 0.122157597578812 0.156569540618447 0.0670652801606391 0.104461952936308 0.162022958633005
0.16452894982543 0.129192441870201 0.149039368054591 0.0931122673680304 0.0475165044312581 0.19107930750308 0.0107848223972221 0.0529016752692115 0.161844663280976
0.159991190477139 0.0998966853172694 0.0721161473203555 0.144154746736014 0.0597349904358286 0.192224534777498 0.151425954206246 0.065229062287497 0.0552266884421523
0.032138897168883 0.143564443566797 0.109020799392056 0.0699370691575063 0.133723998340672 0.0859993069910648 0.135218902401642 0.166129880923031 0.124266702058347
0.184971138021744 0.0567950108849525 0.122992918609061 0.0934702029270509 0.117213638517352 0.138961652190178 0.100839914465452 0.082552858140112 0.102202666244097
0.0388157310922372 0.0402486464747426 0.173667182690039 0.164449275232017 0.185304311497289 0.157565654294459 0.117089162297472 0.104317471286642 0.0185425651351023
0.18207933405279 0.0981189661890053 0.093587133428797 0.165578666264049 0.0491843394441013 0.212952044476238 0.0337246395559152 0.115703470430859 0.049071406158246
0.193926173039548 0.0605305780554681 0.140771892073264 0.0915014212788369 0.0179302683789292 0.101677823424083 0.181653633141089 0.132629877598791 0.0793783330099907
0.043777296192355 0.00820711382747353 0.195572939368202 0.228275818499635 0.198018474106343 0.00994947541581276 0.0449819915629572 0.0416258601360642 0.229591030891157
0.214141057369334 0.0967623067972128 0.0803153674180024 0.0383736157054674 0.00393675992788298 0.0439232694788109 0.273810344972062 0.0209941063704027 0.227743171960824
0.000370446582647533 0.152945930078528 0.0199493852389096 0.182035858975071 0.0215391921939685 0.125111996776516 0.0764105692064273 0.256304838568575 0.165331782379357
0.118601408033385 0.101866221293217 0.131427341308737 0.145799592496083 0.19735605178024 0.130496630810306 0.104963484910478 0.0694697718364345 1.94975311188335e-05
0.123493295610377 0.0407596262914456 0.0535850531028197 0.155027927005182 0.147288759934528 0.0849028521063992 0.179013410547383 0.194129247832805 0.02179982756906
0.201569219718021 0.122594374470032 0.0644689367965343 0.103751896674115 0.0928261252046437 0.168965858602934 0.0949872709483436 0.116069111795979 0.0347672057893986
0.00426858585377404 0.146510347697646 0.113435894793499 0.149159067318374 0.160927034195457 0.182831901974663 0.0499712639352573 0.14648842262352 0.0464074816078082
0.0549374594615849 0.164598691418642 0.198924763446518 0.0291050282273142 0.086008936589865 0.140331655229577 0.0535633773672611 0.201703232473645 0.0708268557855926
0.130215497189214 0.0597198918484408 0.106145188973893 0.141373819982351 0.113309898261779 0.0436401221209199 0.112346640283857 0.158137471606635 0.135111469732911
0.0622169396740088 0.187017940754178 0.173015494998374 0.0749785354645679 0.0908026049967152 0.0577875279206908 0.20107706796079 0.0771961786060922 0.0759077096245835
0.225538601558283 0.164675029516967 0.0221488898981309 0.0578361184788602 0.0362228801730333 0.220950117776953 0.124049422965794 0.0294282352749274 0.119150704357051
0.103160969119406 0.0675818756235673 0.0876561854292731 0.126030658329795 0.0700429718611252 0.1261409324537 0.190993713100551 0.121430651217575 0.106962042865008
0.0238907208731124 0.129576994254124 0.211158878480895 0.000444807095920584 0.132025258059181 0.196116589552067 0.104687869385158 0.10460227600152 0.0974966062980218
0.235484463409806 0.116060529307363 0.186037091014994 0.0787092235553308 0.0992245442103422 0.147466216724346 0.00900597177172729 0.0283415283648533 0.0996704316412376
0.0125857294839282 0.102074620212352 0.165671792100849 0.172328723358148 0.165903417570264 0.0935343137333565 0.136924984520091 0.129533544156522 0.0214428748644897
0.12754025398377 0.13023427807803 0.125778368056681 0.0644044228333729 0.162685886784527 0.106673151764312 0.101617191546494 0.0668640561617101 0.114202390791104
0.193694653055038 0.0565691275970713 0.214809244324659 0.0652280191012793 0.15436840500272 0.036987903194476 0.0457102195721407 0.0951241191267299 0.137508309025886
0.176265059916836 0.197967532131862 0.12316886490138 0.191513460992031 0.0164336417785612 0.16946404005122 0.0699979602200011 0.00327493601068857 0.0519145039974192
0.0613480617625459 0.0318663215188609 0.035326506202359 0.0676303855490431 0.198920394310421 0.207899775359432 0.048354051948621 0.146203919842827 0.202450583505889
0.00230282415489009 0.0824746999189262 0.22955267171578 0.126716979522575 0.0995448330461806 0.227512644852178 0.0906914845902926 0.0525355011455558 0.0886683610536224
0.169509713469572 0.0277274158935647 0.186132374870726 0.152042758790362 0.0174760531491907 0.101657977625425 0.102769183988883 0.179137422715013 0.0635470994972635
0.188651809300322 0.00436268917184676 0.100651247933974 0.0215113798991068 0.128597764147307 0.115705242708673 0.207950531379749 0.0204728535156939 0.212096481943327
0.0231544486081701 0.19403979067608 0.115486602283811 0.181649750849545 0.0675854105672757 0.207961660645991 0.0596378565106016 0.111630383262508 0.0388540965960172
0.156044967344278 0.168567339653296 0.00874742612275984 0.0573159248943031 0.140516850457441 0.131353257897669 0.0771204666939069 0.113768797652102 0.146564969284245
0.0415149866196698 0.123577497648398 0.16101330092876 0.294350421781845 0.0253830989825618 0.0203904038212466 0.106904548049547 0.15366261753564 0.0732031246323317
0.164496461807121 0.169338477290992 0.0131117256360284 0.00636620649485487 0.113398328532104 0.251996068276007 0.122337938453573 0.141376073208133 0.0175787203011869
0.123947946573614 0.150787756562886 0.0418881929145515 0.127272190807575 0.140033016702515 0.0620110319998919 0.110657442833041 0.125055770807384 0.118346650798541
0.212172416566981 0.12187574190215 0.0727106203735084 0.00443370154640612 0.243309880495983 0.15524902416996 0.101887550749798 0.0173459829555279 0.0710150812396861
0.0643552903149503 0.127548873804373 0.132077207945193 0.109493172516715 0.12421427049912 0.0771739354631076 0.133986893364451 0.14046630549689 0.0906840505951999
0.144464728083808 0.218983013101986 0.198525623568016 0.0904750661285379 0.0478973194409292 0.081438738150177 0.00260935036952919 0.0583209978714406 0.157285163285576
0.202314530535386 0.182814488930471 0.177331203846495 0.0703645151936393 0.0131547189414892 0.171304222602797 0.137971651276635 0.021315660693793 0.0234290079792945
0.217816102560438 0.0557169500019514 0.00385755889216718 0.180227490226414 0.0436474179176013 0.251650882686891 0.0512821769690226 0.11345571785 0.0823457028955152
0.109344352705873 0.0944533368209512 0.190357972281659 0.198400754338858 0.103691080767003 0.065904302559903 0.0668356655486004 0.13701126570276 0.0340012692743912
0.0928650478772581 0.0741209196507254 0.105171904434125 0.0486446391387569 0.0912212732803711 0.219718362835108 0.16133996261858 0.112250669441742 0.0946672207233328
0.0523804380993055 0.155847047470114 0.181337627756332 0.036674054541586 0.0551780388482745 0.212974233074226 0.0556016637130008 0.0889689633753879 0.161037933121773
0.000329555971312648 0.151924424775859 0.0873879201564905 0.0706003744701176 0.188198799802727 0.150783108113182 0.153879431756094 0.0340564620533928 0.162839922900824
0.0603965078276055 0.137053046762283 0.212715455640366 0.00840970005090211 0.0851430552454335 0.208618357171997 0.0473711291753042 0.146973608308398 0.0933191398177117
0.0491045052592561 0.221795553152837 0.189245362981596 0.0508251715230654 0.11552461642209 0.111811629923443 0.0920606719273432 0.157250930317961 0.0123815584924078
0.0928912938747511 0.164764610170617 0.155232824018406 0.0660408756888304 0.0929799436340958 0.124266901450807 0.148665776218908 0.0879960171285764 0.0671617578150079
0.118678786589248 0.0122729584977202 0.165568120936467 0.145720972436171 0.0921108163080529 0.153305298313322 0.0787907732784886 0.0525337410225341 0.181018532617996
0.159942418614888 0.181715206127534 0.0836177557539684 0.00869254303668045 0.177225041392498 0.185012225982189 0.071958328263224 0.0808796433666931 0.0509568374623257
0.129430513789071 0.165187302418007 0.041615317814935 0.122954907465197 0.0549900887396419 0.197960691444989 0.157203809878242 0.0285573350438607 0.102100033406055
0.181859746427821 0.212666824109603 0.0173838413736888 0.0449404498806312 0.0131148199830049 0.244784084379751 0.118308195912815 0.110876643285007 0.0560653946476782
0.180026685860543 0.0122636442256473 0.26147570325446 0.186873040405623 0.05723711527547 0.151279402946696 0.0779824332086135 0.013554124883837 0.0593078499391107
0.143122258349542 0.195519772724536 0.107650793959288 0.0534210222450831 0.0242154680734016 0.136725970721821 0.138478761225888 0.120684497955285 0.0801814547451547
0.0677408864543348 0.126789720200942 0.0113478173243291 0.16506320888573 0.0892483835862899 0.209828998583064 0.118357916845844 0.16540122894879 0.0462218391706768
0.0358156939747839 0.0619474911511536 0.162808403226889 0.076618399867857 0.012454828759169 0.211401651233758 0.178064771504615 0.0611517312489517 0.199737029032824
0.108770034331152 0.0434473104758601 0.147567037815647 0.145759842645068 0.119100235777739 0.109091250924566 0.151483660483734 0.0897227007007178 0.0850579268455162
0.0511482069195206 0.022063673859129 0.23344999846055 0.0565574474834421 0.196955175893651 0.129831942939546 0.0525635045743307 0.193596858288327 0.0638331915815036
0.174460174840552 0.0831440473606661 0.0869510779688483 0.167597758627956 0.103481375726114 0.140841829474295 0.17974880766976 0.0606681211303945 0.0031068072014137
0.165053463035816 0.0297526014637154 0.0926486401143307 0.00827286182780267 0.209867696040309 0.00303310262558674 0.179943844227536 0.229700471937734 0.0817273187271707
0.0666689668636698 0.0363961109841551 0.164451581313455 0.212740071157092 0.0121505070276951 0.0252871766725922 0.124231595239166 0.087126724313533 0.270947266428642
0.0129411134268701 0.156593612248444 0.166245587441928 0.0453021005554421 0.17361950653694 0.180243148545123 0.156551417278187 0.0747373482017349 0.0337661657653312
0.0978793679848505 0.0616807595987774 0.113750690957896 0.0365010705129317 0.0802744626552215 0.120594620984406 0.181852842147353 0.163256700349334 0.14420948480923
0.0346205731052744 0.179256086283579 0.166511538100027 0.0766649833304258 0.0130853696888233 0.0494403453354954 0.162573250941451 0.226598862684435 0.0912489905304897
0.0555492785511847 0.139994873286979 0.0431015942932927 0.156599077376641 0.181069950058082 0.0426485632257668 0.095167123571167 0.193558918110544 0.0923106215263434
0.0192366829893348 0.0369755129743046 0.135582238668836 0.00538221403270579 0.0161902396047232 0.229831760169504 0.319149325842483 0.157985194318611 0.0796668313994982
0.0665286419393386 0.16542668207482 0.126663002733021 0.187009282768372 0.157566723521833 0.0267044741650511 0.120619445674504 0.0393705825102713 0.110111164612789
0.164750889458593 0.122413078009787 0.0287751422583654 0.0127079775495805 0.222159000873794 0.102683051505448 0.0998151866658501 0.188115439962988 0.0585802337155951
0.0426313658516936 0.0138214959211151 0.0141558560452611 0.271306747988849 0.0224958736287442 0.145154294167686 0.110464291284878 0.263893840309967 0.116076234801807
0.0764704439842957 0.167819451000624 0.167710550481454 0.170740347379433 0.0194857453867415 0.145086495527705 0.0366421245587684 0.147155787393372 0.0688890542876059
0.173938457214954 0.176814847020646 0.0181995309408557 0.187247351657448 0.177561930242099 0.0535748833752726 0.107420991813353 0.0677559135409462 0.0374860941944252
0.10157097115815 0.125544924183585 0.113731557608962 0.154637526525933 0.125688214047474 0.150688313800669 0.0281674716519994 0.140130489547097 0.0598405314761302
0.178539241566004 0.0936447149298733 0.126084181244417 0.140724906759122 0.0385741467866483 0.151732252994812 0.0835890260941021 0.124810538705779 0.0623009909192417
0.00681784199629187 0.0477740152066591 0.140945658764299 0.0616034805416355 0.238296703848865 0.118340940354627 0.029699380794085 0.164274527970873 0.192247450522665
0.0943309262183734 0.219481379212454 0.0892775661471686 0.0335725396130737 0.239697471413504 0.0527649293507895 0.116372370428693 0.0382801594889919 0.116222658126952
0.00756970221172314 0.155111565665181 0.207418488063389 0.0877563894505335 0.0792740987409762 0.163688336968352 0.105574087159911 0.123522900556599 0.0700844311833346
0.134775923178659 0.107470155148738 0.151435591923804 0.147075378397359 0.104386514619938 0.104767441422162 0.0937282973554755 0.124697321173726 0.0316633767801398
0.114334120156358 0.017603023277707 0.18537161878923 0.00470868924892193 0.174284781136993 0.135372775464757 0.0436968989750818 0.10752457054512 0.217103522405832
0.150008180701258 0.010175809272603 0.153892298870687 0.119937556950433 0.0678512946476955 0.0821604193255934 0.137530923023396 0.152395830361081 0.126047686847254
0.0818777231563232 0.0179182168633798 0.152917756330228 0.0999558992591484 0.0145340388445126 0.196767533718968 0.17434882685024 0.116665649868396 0.145014355108804
0.146032555130906 0.193453614719488 0.0865692721159892 0.0595842748956567 0.13445994209931 0.0615938473011246 0.0956732986390636 0.145901063304692 0.0767321317937699
0.0880095776042591 0.128196299837157 0.000823599315860268 0.144494757896947 0.174342629208206 0.101184387303251 0.175003345863154 0.175976512232786 0.0119688907383802
0.0744674858210898 0.0910726230497337 0.0598963199670925 0.212467492492114 0.148727933937857 0.187291416219539 0.0481284799296619 0.0944188686275289 0.0835293799553831
0.0522690886158308 0.0336477531423443 0.134281674338992 0.0934099159430495 0.168278008828628 0.201655134620243 0.225304917919387 0.0530966031776683 0.0380569034138579
0.0261111673097023 0.0915085616138139 0.169192289631482 0.16111824441448 0.143671502654092 0.111258885848695 0.165562523758782 0.0991925328681711 0.032384291900781
0.0420198515861646 0.0905852664507363 0.147522843987303 0.15612387010496 0.147161810935222 0.15390055686032 0.123239987130922 0.0138825244484964 0.125563288495876
0.0704805266653341 0.0107313261726367 0.192042847324813 0.0936994419001929 0.0874172014370664 0.197230075299535 0.145538792287805 0.0437752816239026 0.159084507288714
0.0698138139428491 0.0737957686155544 0.133896117224891 0.0829575403358543 0.0156098284844555 0.129766910758157 0.246083977407841 0.0465089352275333 0.201567108002864
0.182224389242483 0.0315703252291527 0.0939144022635587 0.00379963777458217 0.188039617729332 0.0304654134029966 0.163473421612469 0.131130709611255 0.175382083134171
0.166838394626349 0.069420959453685 0.0140054153500162 0.0684297488774391 0.203897321820513 0.0807384295861948 0.0628604018309175 0.19933294930403 0.134476379150855
0.236103494846142 0.135502120147945 0.218151388806354 0.105865127018577 0.0718817736955785 0.0187879220215455 0.0660855706368201 0.0603856808971151 0.0872369219299238
0.133161307704977 0.0208078957301009 0.246035175038642 0.0303798389305811 0.0758984001183547 0.020189357077237 0.244322965356533 0.130692730410497 0.0985123296330784
0.201755555038954 0.170854001551086 0.125560011647909 0.0337543539766826 0.0990101581949281 0.156400156362063 0.182173811122567 0.00412584934773784 0.0263661027580734
0.158080262011147 0.0529019519373835 0.168084900657212 0.00984409116127014 0.152114013035738 0.148892758032407 0.0788349201127097 0.0871657095516123 0.144081393500521
0.0387088093490918 0.0337422255266551 0.110700420036017 0.123284499237773 0.139302716072074 0.0271122591166565 0.194136121641245 0.151456534548629 0.181556414471858
0.19194955001563 0.142946198832009 0.0843373713891596 0.0558011096217694 0.0416516780067666 0.0419778064798445 0.205596734529973 0.10020803214458 0.135531518980268
0.0309901115694276 0.0789547803939279 0.0603056461700291 0.15307319261741 0.00719288055259066 0.289616760669362 0.125124217388085 0.073989245208322 0.180753165430846
0.0221029019981491 0.230929365498411 0.108631409530034 0.149957177422029 0.0187731799361677 0.249409927830122 0.0326206357521584 0.135642274266336 0.0519331277665922
0.195259928037073 0.0278678870166488 0.0671615304380449 0.148152533096881 0.0291672632757837 0.0885583834494679 0.188008409006124 0.129713213253465 0.126110852426512
0.112264097147861 0.0688748597799888 0.16728880666998 0.0721859947741814 0.0492114668384985 0.159662457944399 0.14356364539736 0.107911926206752 0.119036745240979
0.125452319418489 0.0636565635465829 0.115982877077163 0.187337429915959 0.0398193716372087 0.0660510268385914 0.189070400599962 0.142230349889996 0.0703996610760483
0.12562668630147 0.0333762664204496 0.0483079327473987 0.135106220058317 0.17679439501548 0.146887488361937 0.164056153540585 0.136617437405056 0.0332274201493065
0.0945349768247475 0.111378066954797 0.16290846893711 0.128832948985904 0.00129755733602319 0.137489470273733 0.134950835901245 0.142711954755573 0.0858957200308673
0.109308780846489 0.120311284183856 0.178590177218939 0.0541701103812407 0.169150827492168 0.152774940821408 0.0309301589856108 0.0710184334433262 0.113745286626962
0.147604352968164 0.160492113832656 0.11830097870916 0.0174341429270175 0.129973758451643 0.06833922606663 0.0570952388647728 0.136818662528688 0.163941525651269
0.0105419176357136 0.0950886461413245 0.112950034950483 0.0223674173461435 0.15691396554667 0.163954463711831 0.127692393274156 0.135946065698512 0.174545095695167
0.0511513085052746 0.156097607995925 0.123846708586508 0.190101575041326 0.116769559388587 0.136542761983584 0.0641730625493508 0.134781884153962 0.026535531795483
0.143072887897295 0.141093015107646 0.0539886507293864 0.0155315271649504 0.0638021101324273 0.10743875903993 0.238669498646406 0.0237206579832696 0.212682893298689
0.217900166992749 0.168851798715583 0.0576631288898404 0.178382649275925 0.21198627739882 0.125376334722599 0.00223443721600636 0.0272208263798278 0.0103843804086484
0.0859891204399488 0.0226750023596665 0.0626337085528531 0.225756878917134 0.198020263141088 0.210163350043989 0.0399521049365742 0.154016597722855 0.000792973885890512
0.20491310827834 0.23227146136364 0.100778792084497 0.0156901813580832 0.0446223381769249 0.153750479850265 0.031926292585873 0.17542273616462 0.0406246101377562
0.0488972072220266 0.164732010843396 0.123598345118485 0.158537210666696 0.14868020351329 0.0649493669550694 0.107897082353501 0.0249557395706614 0.157752833756875
0.0872865154145701 0.0513783811463344 0.132249925885295 0.200860886637963 0.179164630714536 0.119544138869405 0.0484909932997981 0.0242508551238197 0.156773672908278
0.135600926487829 0.0143008275160486 0.198005398086996 0.114872665723418 0.0234233318033221 0.102102333767403 0.0461703498721673 0.21121723520564 0.154306931537175
0.0432120058820375 0.00805800058811403 0.0290229912178866 0.0652007468583311 0.109139954791996 0.286151356897588 0.101887693375262 0.222698723822864 0.134628526565922
0.0489125402157902 0.232652478007174 0.125448519969478 0.0339983159420347 0.096693406802968 0.196523465627745 0.0566011611443576 0.0641613668804435 0.14500874541001
0.125751220409104 0.0821804584365189 0.0300856699387024 0.0912027603707712 0.185971111567882 0.0993199932165566 0.202792015155238 0.0652992466638948 0.117397524241333
0.196921988144017 0.0468818646614788 0.153149388684543 0.090660446589008 0.0629672442040702 0.251183008855105 0.107530531187193 0.0570965163187297 0.0336090113558547
0.0703473205685404 0.0169832569102752 0.237122424034349 0.082981010225421 0.0738599102189645 0.171773121755694 0.0338298371516618 0.113367710232555 0.199735408902539
0.187070160050639 0.0335720481309563 0.140605563383158 0.154897811553446 0.078930083930013 0.0673724167644481 0.0813046157691027 0.128424015944524 0.127823284473713
0.15509860248816 0.178578801119635 0.0801987479554496 0.0278185041923173 0.130138880248167 0.196675860425526 0.0102435621037781 0.0764142127000675 0.1448328287669
0.0724112345657045 0.17366626942001 0.14058816560815 0.228973853636406 0.0286980169399013 0.059261575653663 0.192277387198902 0.0413046035131211 0.0628188934641427
0.109458318090089 0.0532571767335243 0.0233704665613538 0.0354416793477735 0.158863550925586 0.221679781505291 0.195754760337517 0.173124330393175 0.0290499361056911
0.134745363481225 0.0730984673882371 0.122396063093931 0.039177092121476 0.159051889654455 0.0952301799299856 0.214274521748707 0.123449840230463 0.0385765823515197
0.0650438848935007 0.0583440195731712 0.0285836416062316 0.093421845643164 0.213558188463832 0.210806192965346 0.0860157943496355 0.0852255558553585 0.15900087664976
0.0252838937065867 0.160227456337054 0.0255079741781894 0.0729591341619366 0.0702861225155091 0.0743661759531722 0.237610986952658 0.191187566702315 0.142570689492579
0.148294092683821 0.148915012168672 0.0400238278671409 0.0229234891169751 0.0752479699056107 0.0582727297030115 0.161368256404246 0.152652458392627 0.192302163757896
0.113983876232795 0.16890152046735 0.117323970108807 0.020382888529122 0.115974538191204 0.0176716022840918 0.236951352275244 0.155300411614233 0.0535098402971511
0.0227922044802371 0.105250157142649 0.040632471718741 0.112516884399505 0.143398782773898 0.154547111476227 0.127780088412184 0.217460754097718 0.0756215454988406
0.231668376979851 0.0154497889929987 0.0490185951872843 0.169276011429053 0.133975158674333 0.00852993867821238 0.167414602599432 0.0586293983297607 0.166038129129075
0.0621451541336861 0.0569003301233861 0.182397656828599 0.0947976271669646 0.0683057220105094 0.163488973952273 0.129442689921032 0.11808201821797 0.124439827645579
0.158659463016026 0.190624856488091 0.182283935407769 0.00828477713582475 0.0629267852596327 0.135455639917971 0.102789917588732 0.147205494500882 0.0117691306850718
0.161614846170451 0.118277627490779 0.0291866081968866 0.162763722846838 0.162817571391223 0.113330541103812 0.16079063100164 0.0331243633863481 0.0580940884120228
0.0301846916819171 0.118468531385902 0.207219340176185 0.252531120624616 0.175257264665555 0.00242392936172409 0.180548701613097 0.027986158765055 0.00538026172594847
0.24479876984383 0.130647845811551 0.14166533063205 0.111738540825111 0.173885930899396 0.006344561841396 0.0406866085378406 0.059909238907722 0.0903231727011046
0.0711004782964689 0.190541079110403 0.128853225346571 0.0888362061636185 0.0429436484460219 0.145613328677737 0.0319514046468094 0.0680823125661813 0.232078316746189
0.153695388362298 0.110276228216284 0.10773598460125 0.0272416086100254 0.0993761998135966 0.167433036009973 0.157899597335419 0.128856059107743 0.0474858979434116
0.0403380479806316 0.197317447360832 0.0571559218798574 0.133592443095356 0.201516685867838 0.0872908447792039 0.0197629806515174 0.251484629994311 0.011540998390452
