0.00381874155221519 0.183204720741069 0.109776594960132 0.158879671502362 0.21172454531662 0.000244615560477487 0.115607078600358 0.181023026845878 0.0357210049208879
0.175213285816339 0.123393443742923 0.0623670647132231 0.177654778822144 0.164661580545734 0.0474440312068661 0.084974829860251 0.0680853914386734 0.0962055938538462
0.00858777222894397 0.0154049470994262 0.104853361415968 0.270248150480762 0.0228095590270952 0.17849771226827 0.172600139004256 0.139408526847908 0.0875898316273703
0.155615776514302 0.0254636570039359 0.0883216726344925 0.197964176492581 0.0899924209276322 0.0607600537395321 0.111258503784934 0.0455623003669064 0.225061438535684
0.0701373431181374 0.0386404707016604 0.009556764841357 0.16391734836614 0.0440509364735846 0.356061787181824 0.145353617699434 0.112092187918421 0.0601895436994417
0.116460837867627 0.172723901124924 0.172920033317634 0.0686033045509446 0.151208190509674 0.0493734799833829 0.0198657162055367 0.0424113068393754 0.206433229600902
0.173116044636429 0.14996360274236 0.0894153811758239 0.201029125436797 0.0391257859057593 0.159735210518966 0.0282698723044333 0.0537197549031909 0.105625222376241
0.127949481148798 0.166799987243164 0.0363739164527989 0.0652044053367316 0.133022951171672 0.0978344246122454 0.148217175500184 0.109227268722177 0.11537038981223
0.0220410874738517 0.0374294325446908 0.12539846297255 0.148281357421376 0.0578506025740766 0.117876517206742 0.169913511093335 0.184334942850194 0.136874085863183
0.0311592771201823 0.054481073413476 0.157520561020299 0.0994598790649462 0.161384104918655 0.0791860040822622 0.120344968818291 0.110167717721583 0.186296413840305
0.126642756002877 0.158715142589346 0.0321198566733589 0.146231370669759 0.0857259859095388 0.155845041179728 0.101941422295927 0.119476356681349 0.0733020679981158
0.115490314535116 0.00178235644462039 0.0383911029758175 0.222171738920311 0.220350727504247 0.129299617524901 0.0318521582131846 0.206685571222261 0.0339764126595405
0.0355340801003498 0.157841264519603 0.0853419247196145 0.134474459009127 0.0954432565820849 0.0609254227565583 0.149464169745925 0.127659045859167 0.153316376707571
0.174689238423626 0.040428259452906 0.130443144564397 0.123381876136276 0.0980582117624996 0.11404758101315 0.00217826541765332 0.214838927385629 0.101934495843863
0.0535554893078744 0.185457393225055 0.00122213236943388 0.12556288552981 0.0820520193942447 0.0425297597203261 0.105341704186984 0.193641156543788 0.210637459722484
0.0916555408596541 0.039358661955951 0.163412990608015 0.155236306729619 0.120167977484571 0.165437124832469 0.133586067894326 0.00583473534906273 0.125310594286332
0.208311440713972 0.08105302928273 0.109648003531628 0.131153385442801 0.0116257879507368 0.173921983930235 0.0382728616375687 0.11547857480574 0.130534932704589
0.138033210216678 0.0879848983811646 0.185674767319134 0.15327109849036 0.00961068717017848 0.184420332293626 0.0625507977229613 0.124771072660538 0.0536831357453603
0.0184649885351311 0.0524691479955861 0.112911327353235 0.0200925834563652 0.174461901498054 0.0617928145237692 0.094368895965839 0.308025870797111 0.15741246987491
0.204320343992157 0.201614221564981 0.126199800703412 0.0991554084656568 0.0141838642469976 0.186635379171708 0.122273847889398 0.0296538984478217 0.0159632355178673
0.0679389573307976 0.172073481359311 0.100769570783118 0.207240244686441 0.0133458632609068 0.124622720467134 0.116550566052781 0.0390337865727354 0.158424809486775
0.155744506076076 0.0681408649643907 0.148926550381709 0.211938926891965 0.00239100504006826 0.126824922337829 0.0751619634189956 0.0512456392150613 0.159625621673905
0.0786747531857338 0.0830379078609262 0.0395240541681949 0.0878420666514594 0.0861757160867081 0.144442731802692 0.272915540761116 0.0067241532631413 0.200663076220028
0.0724451803771313 0.161340157698973 0.242433483596074 0.0652784946153356 0.106311441571917 0.00361616547791286 0.163700011815133 0.0265409989086612 0.158334065938863
0.142668491926547 0.110355473350513 0.0894014909653442 0.0823326605306974 0.146977083411396 0.0822410893284149 0.163436856179859 0.0252512955124232 0.157335558794805
0.240230184607941 0.0348677615750245 0.181409472296873 0.0943522603243431 0.000432783246887496 0.0747780251095695 0.0513604589598103 0.150050420078659 0.172518633800893
0.101438628939971 0.191794145916707 0.187361540140134 0.0345083768558655 0.0795688950771576 0.0871609698380786 0.193192433421003 0.0396060923140296 0.0853689174970545
0.140956269407569 0.164144102546971 0.0579548805262288 0.139218465201286 0.155368893945325 0.17724756586793 0.0722694648552927 0.0891111199495605 0.00372923769983733
0.00831774698164935 0.102186900249142 0.11201497310045 0.0186158578056458 0.0815794560898916 0.196644826755109 0.0972425160774471 0.197575704403451 0.185822018537214
0.0588765634591885 0.155675199670698 0.135564261255323 0.158213116101883 0.000919781896613873 0.0515413464222842 0.156628646996444 0.161395661373419 0.121185422824146
0.151173895504251 0.149854878580102 0.0399990127390634 0.129824583500761 0.0374382436894451 0.140397689264332 0.125888407125862 0.116540010949557 0.108883278646627
0.0751577067464403 0.113598110618267 0.14072439730761 0.105913612624465 0.109692133362983 0.160701688568195 0.17668095332309 0.0111954125847902 0.106335984864159
0.0587862730078422 0.128872909728665 0.0277481089568105 0.192090204638282 0.0948965668668722 0.0237198149059982 0.0929213513373048 0.207068409274741 0.173896361283484
0.0335788356284438 0.0255383989503654 0.184755318916607 0.0217702837039324 0.201641445609662 0.00530969597244393 0.235835766700915 0.0729099473589584 0.218660307158673
0.296042434001869 0.059001244797087 0.250679386035586 0.0359798458893128 0.0415338258594016 0.131505082700744 0.0270343300110951 0.0215370830149553 0.136686767689949
0.0771381352943617 0.232951647349335 0.0206735548372005 0.162257395037188 0.00827472035415776 0.243175855562969 0.056217485899556 0.191623553118865 0.00768765254636697
0.00853503191923656 0.1443422787154 0.147051641588157 0.00567536771303597 0.11966970440385 0.173365653790405 0.143074418629126 0.13897054222143 0.119315361019359
0.0766288073508477 0.0099500333594637 0.0685878499835236 0.0819943742381925 0.269706806792295 0.0877920715995539 0.181597655846831 0.0909715840747679 0.132770816754525
0.146988376831799 0.0338590913841403 0.048804018877976 0.0468910170494837 0.0186421145901462 0.179452284240584 0.146614268453338 0.18312392198916 0.195624906583372
0.0757582707237589 0.207389251326332 0.00345925420082926 0.101942800418216 0.183623099428521 0.0202331232345206 0.132906411834499 0.065999661947837 0.208688126885486
0.177033634373988 0.143682639645925 0.0677555887961319 0.108903623589541 0.0733055157347473 0.0916661156327608 0.102016114174968 0.149253620541531 0.0863831475104077
0.00827103881491698 0.204042568614092 0.17255464793952 0.0465295064435309 0.119429720606436 0.0902410106359609 0.0115526155030442 0.16795228737223 0.179426604070269
0.0323689981522332 0.192970186558767 0.145282350045264 0.0346808296103506 0.194194502516967 0.0518630297917701 0.13097990215876 0.0451135494608521 0.172546651705036
0.04005464808887 0.145834790494919 0.148115989028443 0.0219408392095122 0.145833597792015 0.00593757311752157 0.22299873201003 0.11190199509828 0.157381835160408
0.143529689390379 0.0859552209151031 0.123035419794853 0.0798620774352458 0.168155318671982 0.0737827410831474 0.03013304009846 0.112140366157155 0.183406126453675
0.130841531931847 0.0503938542524652 0.288463605875367 0.00715805505124094 0.141243386619734 0.224484883023594 0.00141511072266692 0.074324579838967 0.0816749926841179
0.148185791744477 0.00196575487335585 0.143367734550577 0.0660743044956098 0.0383546355284667 0.150009776032137 0.154070709233754 0.126720411214854 0.171250882326768
0.0281836070405659 0.117455457355684 0.199964130826456 0.0566592623743029 0.0553811723879864 0.20749594266283 0.0366928186852708 0.188360946410967 0.109806662255936
0.0418316253549716 0.198977917325662 0.067339095330556 0.175539721489939 0.00731209215796151 0.143648076100776 0.144801148370399 0.0444342001213381 0.176116123748397
0.112273165463956 0.156208034288736 0.142681113120459 0.135913017567245 0.120529872508333 0.105006813828535 0.0167662577959221 0.0733199779829659 0.137301747443849
0.151203880310984 0.127455212135864 0.00491775948599921 0.0959698152324644 0.116906699727193 0.127918790735689 0.12469760879004 0.149353460940497 0.10157677264127
0.153007295031352 0.00611146133390031 0.009725042652776 0.100225220569896 0.0490148954575536 0.117733854265148 0.183605866041743 0.18192205082729 0.198654313820341
0.209589873592135 0.0709722445714522 0.0314195640366282 0.170568906425126 0.120482403693669 0.0263800120276613 0.082845269091984 0.097339253153315 0.190402473408029
0.241193361858 0.206919486889549 0.0132942755980069 0.0761336502197262 0.00151571798467145 0.0230594530764225 0.179093505650134 0.149875036252496 0.108915512470994
0.163882968859223 0.129622495942482 0.0515889061175316 0.12528720767451 0.0984651789245791 0.0555152268840248 0.120855399732547 0.12047429541711 0.134308320447993
0.164736899469402 0.133591607787993 0.111168667154232 0.0840380477325031 0.0372263099224219 0.0682787924853579 0.148891895966956 0.0861498258743645 0.16591795360677
0.0238047935763774 0.247396912570922 0.137180552202042 0.210547828967633 0.172547279178196 0.0256290587737242 0.00251087945403966 0.0900835707910295 0.0902991244860362
0.0748559465567225 0.0346649484603816 0.0298464386666382 0.168126621001267 0.0818562433960156 0.215648375364025 0.0691206171482815 0.24272122901415 0.0831595803925192
0.000119651861640923 0.0880432655102936 0.0550731686436396 0.174213951078324 0.0958090311186217 0.143394916963384 0.207576481993758 0.0576326480430201 0.178136884787318
0.117219251642167 0.0957586895000727 0.149326804527832 0.0825938096103472 0.13637423539165 0.132078000413682 0.0594292215926309 0.146568417974617 0.0806515693470019
0.0679931300068219 0.0971813175016045 0.129749238043633 0.0944040740089196 0.179122018150915 0.164591089854096 0.161328854351235 0.0226362398112181 0.0829940382715571
0.176605944159664 0.0387270156281432 0.0131390120941702 0.173785451736208 0.105504685875223 0.0965816929555307 0.187565906221346 0.0380785878499402 0.170011703479775
0.00688527507429892 0.0186226697480726 0.101054605846818 0.117521141796326 0.19107919038678 0.145151066985432 0.197546765563872 0.0860917104911344 0.136047574107267
0.191599159781656 0.128795209451686 0.0836173984694348 0.230845854945855 0.012511925401356 0.157738953694284 0.0652727143915608 0.0517793742967344 0.0778394095674331
0.00156181766139687 0.0249487621787695 0.194969812680998 0.137308560442311 0.0591642003772728 0.157257204212282 0.256417930620287 0.0104410926959291 0.157930619130754
0.132243711381419 0.0943115602685853 0.121526328697561 0.176293285037235 0.0638565365854666 0.0175033885899696 0.0853579293048696 0.0681858666871431 0.24072139344775
0.0714897382612795 0.161176948179506 0.0838053751736149 0.145479706804425 0.15039224328624 0.123277310337455 0.0741490659311924 0.0753590037512853 0.114870608275002
0.0482079679964307 0.13349047852165 0.115978620316039 0.141640342227415 0.0453413301435795 0.126544066644357 0.143351791307612 0.0824242989871634 0.163021103855753
0.0690569777651204 0.0351444927264626 0.18284778975386 0.0891588378565111 0.119882436164709 0.0892456935216755 0.118524513648472 0.140108132224429 0.15603112633876
0.0375341389230967 0.186392195117361 0.0981829292846145 0.135716074394588 0.0571356517496892 0.0110914408518272 0.117762525976128 0.205316688443593 0.150868355259103
0.0989818074668389 0.182627326354376 0.166598833348771 0.200317996488194 0.0659619574106248 0.0396377222728254 0.0799977750764183 0.0503882853485106 0.115488296233441
0.0675270855653077 0.138694592328529 0.126847563763907 0.0398594708940721 0.0769568658298579 0.146289516400292 0.111540987553622 0.186140443551158 0.106143474113254
0.152647394125893 0.0210211758437954 0.135341906668103 0.0907278167595291 0.0926587037859986 0.220464258575671 0.0995701420391749 0.0214287333428227 0.166139868859013
0.0285153751326192 0.00474862978884348 0.131464198041794 0.177742251949513 0.0785926737135313 0.164089140227985 0.0503393701903306 0.232168405587809 0.132339955367574
0.00810225794316475 0.0891276668574309 0.193722260181849 0.211855565696718 0.0422418896185402 0.211732110690447 0.0944425921966202 0.0445731423772948 0.104202514437935
0.049895589459745 0.238642812976643 0.00370542551315594 0.218600505509968 0.208902838948116 0.00116843270531376 0.141987443636801 0.0970834776616079 0.0400134735886489
0.169849112198141 0.17578792329674 0.172824666582762 0.00448411945096421 0.139698826249654 0.0677023661477664 0.165712895517485 0.0157406596430416 0.0881994309134463
0.0833404687446378 0.137788016389639 0.164390164245855 0.11976569231396 0.0719196573902891 0.0623814631248769 0.101927603930531 0.110084789755279 0.148402144104933
0.131427655702517 0.0160405729409715 0.179337512688216 0.125805590634186 0.145976931501293 0.140416366335902 0.0591443257704264 0.171919871600127 0.0299311728263607
0.198657334076953 0.176137386765727 0.0343947395503294 0.106287109568928 0.0655264354106908 0.098189899292352 0.0611104808104857 0.179726513285229 0.0799701012393057
0.00544926554137323 0.00144867063723187 0.158556525516241 0.155951761041337 0.130834512066291 0.00749647427405114 0.161917134653216 0.191113670274896 0.187231985995362
0.0681643695893951 0.0649459852075841 0.0137002780983226 0.108015619294338 0.109502248599361 0.131959659758394 0.183804819141293 0.163475740025042 0.15643128028627
0.175405979795931 0.139595874237494 0.182924359855185 0.113689912466635 0.100975987577591 0.0282310402441503 0.162687083743975 0.0817281562250812 0.0147616058539562
0.0682251920108203 0.00857638791017561 0.095134941504078 0.230998877621826 0.204839957392592 0.0607376154168082 0.0733787654911981 0.0440718333484753 0.214036429304026
0.149398280201247 0.142009820456663 0.107943232788811 0.0873019321588774 0.0508756893669738 0.107704953756154 0.152165753417352 0.0371157812422422 0.16548455661168
0.0960222417154788 0.135160947891518 0.0359763507394356 0.177649724002234 0.148573058882724 0.0957354248959798 0.0432170224401198 0.115432473717388 0.152232755715123
0.075887729969471 0.0261158821521904 0.125772524952371 0.129132690105591 0.205146410008342 0.179447839430841 0.108583569240137 0.0652185433097122 0.0846948108313439
0.17849974481047 0.16545341587857 0.160376930142742 0.0596158293957267 0.129005752622332 0.0528902995589831 0.0330686163835264 0.0912208143025833 0.129868596905066
0.167108342873647 0.138665375998967 0.0140432903836153 0.0677384005567073 0.12971680318835 0.0825693239571002 0.057425180099543 0.229629616314936 0.113103666627134
0.0670035694862288 0.0707919907517803 0.0612646346710367 0.168026172696615 0.0224249627900686 0.143547525900805 0.156902669717181 0.14049884572395 0.169539628262334
0.192818080836945 0.0427587619494912 0.123046763766454 0.100108412462223 0.123194183618104 0.150759435668536 0.0684253075775608 0.115110478898437 0.0837785752222494
0.00306811000966114 0.189007782217709 0.0372089771384261 0.227712931174239 0.128757535168906 0.0711864559593165 0.0554376108910529 0.118575763458431 0.169044833982259
0.0591076337441284 0.14983892745206 0.195383732684268 0.154151818125603 0.172659956781515 0.0340260993984619 0.0940722810849959 0.119985562260952 0.0207739884680155
0.0556170706950153 0.0109960836539321 0.199467291677268 0.0847904408359398 0.0178088970861095 0.187396464466736 0.324030625849343 0.0600158661703118 0.0598772595653449
0.0353502652379087 0.18817210059058 0.118293733671298 0.100913046977909 0.10455345172448 0.0189213698609779 0.177928137854469 0.184121768422356 0.0717461256600223
0.160851512445936 0.157468850221493 0.041980770526559 0.213991738354367 0.00305453524081981 0.00756887134098351 0.0322805999930682 0.172853690522889 0.209949431353884
0.0101512295545127 0.195481622644469 0.197783501323282 0.156329568151463 0.0359968448553338 0.153550189600556 0.205165398284595 0.00122839712579168 0.0443132484599961
0.205588035904228 0.0138908225560553 0.202374472277856 0.041425370370797 0.207065373638174 0.0118200107731953 0.2121917291074 0.0252037149013135 0.0804404704709806
0.159021060169973 0.0970857094876341 0.00180596565651941 0.211600867282974 0.116724222241834 0.11438607083856 0.274181268168533 0.0239939020956775 0.00120093405829473
0.131175306389315 0.0979633548135222 0.0216349845092816 0.177238130119294 0.109129832745526 0.0515170762900313 0.0519014790525144 0.138078538358379 0.221361297722136
