0.287185769491173 0.159126630975205 0.0801289012018069 0.0365035514520137 0.437055146879802
0.242036060651555 0.142761766631148 0.12458195119681 0.21873688548654 0.271883336033946
0.239514598211577 0.0640462238532953 0.00618375703953291 0.494990039160271 0.195265381735324
0.313205268649876 0.145240092544902 0.133151550007708 0.307764569232395 0.100638519565119
0.23728846192023 0.100614539197247 0.147341543579237 0.269980417802073 0.244775037501214
0.176970246300006 0.162661551414925 0.224419388141414 0.242493639324838 0.193455174818818
0.00360159508725137 0.217675810932045 0.364971387393167 0.335471129485119 0.0782800771024172
0.346030776885899 0.0283014661881037 0.165153407211336 0.0598264296274465 0.400687920087215
0.0788023350599784 0.166490560602491 0.252358583657342 0.249768815643611 0.252579705036578
0.072812159895305 0.136156386375231 0.23785853070152 0.328110336764679 0.225062586263264
0.0925392547845573 0.425883435540024 0.417613739246675 0.0415664974974751 0.0223970729312687
0.327632991702815 0.342087932011776 0.176328675504248 0.118810039570906 0.0351403612102566
0.0709771593704948 0.467477301712479 0.0304965243910653 0.276533467076628 0.154515547449333
0.243537149418319 0.0403355520998879 0.312500513839505 0.342158000755112 0.0614687838871758
0.256540363159442 0.288013627300209 0.200026967207761 0.228564080664693 0.0268549616678949
0.19140755882819 0.0902438312228853 0.318247289259551 0.182320487711295 0.217780832978079
0.057373330206075 0.292909335495059 0.341960939397281 0.125719262382861 0.182037132518724
0.324877896482941 0.341371863510125 0.0271748625552054 0.156799086999669 0.14977629045206
0.0369975323894733 0.363240654387723 0.241455553610526 0.0933635889225604 0.264942670689718
0.273830551635106 0.00721973851791327 0.387730781988861 0.109042136311121 0.222176791546999
0.213149450392083 0.126037451744011 0.288394474066084 0.26048220137247 0.111936422425351
0.239307892488842 0.263793224435173 0.186986985451083 0.238274829503751 0.0716370681211498
0.373273558023399 0.294462876877819 0.136151534864604 0.186329777176945 0.00978225305723336
0.0164692547777024 0.308445028201842 0.108962133892773 0.301590347116488 0.264533236011195
0.215467802038372 0.214180499162448 0.233082671282742 0.163657841587402 0.173611185929036
0.208791585592138 0.216268160187415 0.290316214919354 0.0927765195688942 0.191847519732199
0.320023461058605 0.250929672564432 0.141071539745261 0.000781014001680445 0.287194312630021
0.252694899465625 0.211717757390587 0.207687538804151 0.0843029856931566 0.24359681864648
0.209279735308614 0.339147797428261 0.222150185813637 0.136743095605793 0.0926791858436955
0.151474261817264 0.150162850348708 0.198122520682898 0.240449185136355 0.259791182014776
0.0886936552630593 0.272544853426093 0.158912159319968 0.10760856384077 0.372240768150109
0.0954743229563625 0.343628322621845 0.263645564078095 0.109396455361075 0.187855334982623
0.203367102042046 0.150287114818397 0.253773712574256 0.196670529169833 0.195901541395467
0.246541004203837 0.071438206143545 0.180249606631696 0.225260383402708 0.276510799618213
0.255780659024826 0.125252918136252 0.244361216925055 0.338938013441585 0.0356671924722817
0.2298755954319 0.28686350731401 0.279148126468323 0.117601572172896 0.0865111986128709
0.224988348294298 0.214527388977734 0.271317578148278 0.11013706064799 0.179029623931699
0.216642498307406 0.0412569047252351 0.224035728100916 0.275799353316188 0.242265515550254
0.185454406577941 0.211194419435042 0.279874050451464 0.100754276890791 0.222722846644762
0.232504396111812 0.257590897057298 0.245283965227748 0.132791213932003 0.131829527671139
0.293733863227431 0.218830250635506 0.164966886725281 0.0713505256603393 0.251118473751443
0.519661622213454 0.102383081166855 0.0477065471339504 0.150504537893495 0.179744211592246
0.194130283302426 0.11415132704607 0.06791997798936 0.433822297407842 0.189976114254302
0.296014697945095 0.0841924750780998 0.076244176638249 0.218576755940865 0.324971894397691
0.00735520263066208 0.351187785174025 0.142920136308834 0.211440340469737 0.287096535416742
0.324640286628879 0.449177151180181 0.0157543543434291 0.100721180875047 0.109707026972464
0.059191423510866 0.311126275725836 0.0708175742460135 0.338655165795705 0.220209560721579
0.201471339002445 0.177816884282205 0.225990911802321 0.138694083246174 0.256026781666855
0.294012178988957 0.176769832911396 0.0576621037549973 0.371556308990084 0.0999995753545649
0.104721303173985 0.0160611144479184 0.0688164438353705 0.313314831034643 0.497086307508083
0.0119747992753583 0.261697045762549 0.222977051742958 0.252335358564629 0.251015744654507
0.186242077765281 0.131084532139101 0.341213887045818 0.265904293802034 0.075555209247766
0.27170723860338 0.226574794748052 0.0283238848750409 0.202992927667861 0.270401154105666
0.113676979554672 0.109042382047299 0.126764326095588 0.308431661588938 0.342084650713503
0.175008270656169 0.197694044921737 0.255231775447343 0.0308200497677348 0.341245859207016
0.0377849248159596 0.299104335679882 0.0142830511437051 0.310004927419386 0.338822760941067
0.424025747774053 0.361008685116901 0.117645123197652 0.0164434546112915 0.0808769893001024
0.100744602978249 0.287451342045697 0.0893679707281106 0.140064967072503 0.38237111717544
0.161289102727044 0.148555939667045 0.25662175047631 0.310874386273343 0.122658820856257
0.180344885865911 0.258394679167878 0.26284541575864 0.224673262973008 0.0737417562345632
0.560127963599624 0.0827978701011287 0.16119630239518 0.00230432530416625 0.1935735385999
0.29912844923358 0.290576093288795 0.201025647201642 0.129951899111533 0.0793179111644502
0.266247928889128 0.213700392256033 0.226781653697878 0.228557196987683 0.064712828169279
0.311062498323397 0.261867429937525 0.0983420882491062 0.114772817119373 0.213955166370599
0.0480596132764254 0.209791619146355 0.369593515258885 0.0308283800594239 0.34172687225891
0.0943508184092129 0.276380287952311 0.252302923194903 0.157620721637415 0.219345248806158
0.304791298304805 0.0777144061774695 0.312882760725353 0.000250791639546765 0.304360743152826
0.0797571808479096 0.333521514383905 0.329599680597004 0.212913268250981 0.0442083559202001
0.357198348636219 0.060452380434647 0.0904012541535971 0.456892413250704 0.0350556035248322
0.0764824666645133 0.225785913141712 0.359263771937852 0.122508851266777 0.215958996989145
0.223503227209487 0.229779787334789 0.234092959911722 0.0707431432586959 0.241880882285306
0.121732344627899 0.276547531089677 0.259854976400258 0.0900782941176465 0.25178685376452
0.135566535471521 0.236641134948474 0.19556191761551 0.173132866503151 0.259097545461344
0.11635910642207 0.167316105458373 0.105214110043409 0.237277286730508 0.373833391345641
0.272351613600788 0.388584477537834 0.206348177424497 0.012059935949657 0.120655795487224
0.26689983034535 0.262544117085988 0.0856837545712156 0.218732528689327 0.166139769308119
0.234014018374029 0.00617038577117333 0.431027404256732 0.165322742892257 0.163465448705809
0.0466845965797802 0.249129248732889 0.371124113916559 0.234036388617721 0.0990256521530512
0.461295350964408 0.0972415226768728 0.295012184869172 0.0184551308888263 0.127995810600721
0.0293039075750251 0.524469904273533 0.260389036503131 0.0198186737694221 0.166018477878888
0.315083821600973 0.246188812515706 0.242447418534838 0.191018950283395 0.00526099706508853
0.0721511066191048 0.146423685608795 0.303302504577639 0.0396958638885251 0.438426839305937
0.135823273876131 0.322714147239507 0.252010252740127 0.0631146604547614 0.226337665689473
0.0454515677072577 0.260867765183484 0.275008666650904 0.242203979696016 0.176468020762338
0.137531932520185 0.0907854573728104 0.491402871574958 0.199559652652071 0.0807200858799757
0.0151824567750557 0.48270760244321 0.253175532098154 0.0854487357172437 0.163485672966336
0.333495058581017 0.0576179158552596 0.0144767802350456 0.394877249951957 0.199532995376721
0.103854476253143 0.324342459367797 0.22218746620175 0.00298655679363391 0.346629041383676
0.308492139990767 0.0189641127699592 0.359800822350229 0.179762616706931 0.132980308182113
0.319625748127158 0.0467135064076671 0.377398275898531 0.193403502152164 0.0628589674144799
0.261971323897066 0.236021144138689 0.261087962234126 0.00945057384305922 0.23146899588706
0.364015233646113 0.0929236624494827 0.0572676759443491 0.340279364577996 0.14551406338206
0.425802894244133 0.0550467078345719 0.379067648746258 0.0943305724709973 0.04575217670404
0.245557312522596 0.144122461518309 0.144510634717185 0.21688728316044 0.24892230808147
0.196642673996855 0.203674151666723 0.147412258900365 0.25934882835975 0.192922087076307
0.309708350862925 0.0150207372326606 0.0345181668502262 0.0475902460555324 0.593162498998655
0.220038843988406 0.321104399279945 0.0892391160692395 0.132836942480497 0.236780698181912
0.184624133969122 0.17733420610826 0.259536538338791 0.377692992456629 0.000812129127197778
0.0745733698806187 0.161521665594709 0.282090113879444 0.182695758109857 0.299119092535371
0.0637575419833903 0.269820443641609 0.250971494886242 0.280343222318629 0.13510729717013
0.0767328293319123 0.264353299549291 0.111511585779849 0.180919531289702 0.366482754049246
0.139668041714367 0.35555383992888 0.0232514621952536 0.365936333927285 0.115590322234214
0.196522827910902 0.0127025735700043 0.154083903537127 0.284255067028768 0.352435627953199
0.1860420156387 0.272870647987878 0.104493519899513 0.268815021715489 0.16777879475842
0.159240586437786 0.429530538826926 0.209308626277331 0.14255127847291 0.0593689699850469
0.108785251703185 0.0982726990541634 0.172309956632651 0.274553683588102 0.346078409021899
0.0496967172625822 0.364062702760328 0.218168065407091 0.116747840013871 0.251324674556128
0.0980016921554728 0.396084977387898 0.158681753347738 0.344167699169493 0.00306387793939886
0.388805666607615 0.313079350399149 0.020726730657995 0.209000168666113 0.0683880836691277
0.257610660747086 0.295829220674703 0.148950020152417 0.283645092528374 0.01396500589742
0.352751042514574 0.214945290665254 0.316775266419201 0.0522385363504911 0.06328986405048
0.206019252676459 0.0595183787995744 0.100751335626833 0.270450624919808 0.363260407977326
0.212695460745594 0.086384235440847 0.0535762627179351 0.209531038579926 0.437813002515698
0.210425113109804 0.221787471107698 0.161621203061534 0.243164564118597 0.163001648602367
0.231818926429381 0.347211975516515 0.110695326957312 0.0600842680667421 0.25018950303005
0.19925800890855 0.311795542050657 0.114270887381187 0.0132209268489179 0.361454634810688
0.297783022760609 0.461114674196027 0.206229915832851 0.0278256625925897 0.00704672461792256
0.395306836453904 0.115154616889853 0.103934593908546 0.137121183249111 0.248482769498585
0.126275089768702 0.302064226209124 0.139245409262012 0.368958662399284 0.0634566123608772
0.081891560186176 0.294760487170751 0.21572818833712 0.153775312000777 0.253844452305175
0.204327775145604 0.263186457499902 0.281341757644606 0.166356880346166 0.0847871293637226
0.10013269059759 0.148608772969072 0.305048579297916 0.304595649579866 0.141614307555556
0.181965689235614 0.243866976289329 0.280830857062882 0.190269437961792 0.103067039450382
0.227720154632581 0.180379029591452 0.017189529973792 0.29421408932372 0.280497196478455
0.304928610029975 0.188382157237843 0.121547966399858 0.303621587891535 0.0815196784407888
0.265142513743261 0.0753172608020937 0.162920530169073 0.362917907444661 0.133701787840911
0.100797334508138 0.296520806122249 0.316584478019525 0.0882072683848969 0.197890112965191
0.295630216002648 0.191849846270012 0.00640757475848836 0.197399198866261 0.308713164102591
0.0212998051068769 0.0779330655629001 0.460884587448981 0.226308999135828 0.213573542745414
0.15687091925143 0.186275595082091 0.151262857531888 0.463167309122262 0.0424233190123292
0.123744621644987 0.261573561380131 0.228759638272381 0.163428482824007 0.222493695878495
0.196729919672942 0.115776496545199 0.162850472256829 0.306412575923189 0.218230535601841
0.244385468184137 0.0698741510031347 0.348310824144477 0.203740634297767 0.133688922370484
0.093692091930438 0.130622369425053 0.142204826724258 0.356835003549134 0.276645708371118
0.0902993056569427 0.117652767582291 0.185542804207498 0.416708882988654 0.189796239564615
0.203468643137707 0.34134107372843 0.10941430731952 0.186441132022532 0.159334843791811
0.240504292465829 0.144091813774253 0.210975622632221 0.214013653233093 0.190414617894604
0.0464612120389953 0.328577122159181 0.248638361892972 0.254268494770596 0.122054809138256
0.18973920619118 0.0843348560404053 0.221056165519854 0.202420486447243 0.302449285801318
0.0817313350801897 0.606837415918572 0.0651738301732661 0.0749102873700409 0.171347131457931
0.258931324212891 0.234233814388647 0.272448039946972 0.0986940714085758 0.135692750042914
0.216664736631879 0.25972998668946 0.16771517270639 0.275311893278081 0.0805782106941891
0.314936061623113 0.294146056917633 0.249836484615778 0.110273790750109 0.0308076060933683
0.116713137211929 0.164902234729966 0.0929689736560964 0.235579156135119 0.389836498266889
0.311321458100425 0.198997225417046 0.0879710947070007 0.0311572168102215 0.370553004965306
0.375691945612881 0.0895774340083521 0.11497333824793 0.0267119888275384 0.393045293303299
0.352050530303432 0.0672356616564612 0.224128916022912 0.00219853758903481 0.35438635442816
0.0416910576224906 0.390097611678089 0.180640900588511 0.260411580855569 0.12715884925534
0.308572003770014 0.232642286072885 0.082604104386876 0.121608738398302 0.254572867371923
0.324377958264062 0.224176802425944 0.116252441649275 0.295197443765403 0.0399953538953147
0.314752491704996 0.069370730606676 0.0499269917370755 0.301786495503473 0.26416329044778
0.106646617026262 0.144744970705332 0.294140225186356 0.176217563059309 0.278250624022741
0.126482713042318 0.207666462527889 0.157568791585209 0.139737931571886 0.368544101272698
0.212327105995014 0.269121953392705 0.200978982176406 0.254258154301643 0.0633138041342324
0.269608547533047 0.212716187431893 0.237864595061521 0.160636924189348 0.119173745784191
0.23881398104643 0.115086934524008 0.140290590685692 0.337383537420133 0.168424956323738
0.140182322883741 0.0917521885032148 0.355506690578726 0.296880182600775 0.115678615433543
0.070281212648673 0.126857027997695 0.301685850772822 0.278694132055188 0.222481776525621
0.453738525814266 0.287805136433821 0.23722789118287 0.00655441189144433 0.0146740346775987
0.173978016613082 0.234065749122463 0.300822083667132 0.177079866149457 0.114054284447866
0.222820735732829 0.159078021681721 0.224689857843182 0.184171669925728 0.209239714816541
0.192770657262474 0.191315026375196 0.0250023991576073 0.101949318915055 0.488962598289668
0.166887280666966 0.0955733474405056 0.177770237357842 0.231828843662128 0.327940290872559
0.0607162838811324 0.275427802168233 0.0332710110664352 0.323423577144449 0.30716132573975
0.112997743034435 0.236459117276814 0.19932262717517 0.0636822258690113 0.38753828664457
0.329180097305235 0.0132869174296839 0.25099450228698 0.351511448424929 0.0550270345531715
0.0853624277305166 0.2664851368251 0.219672237233997 0.308463847609297 0.12001635060109
0.0126613729757535 0.0459277802842954 0.102977355493518 0.467726307714186 0.370707183532247
0.0452980532344387 0.10872726156837 0.0786142024666732 0.342570428530355 0.424790054200163
0.0643010360187966 0.392277096706216 0.0765198600295971 0.293186068476936 0.173715938768454
0.0693058297897526 0.340271044589592 0.199836915046916 0.134940435799389 0.255645774774352
0.0268128319763886 0.00585574913225974 0.394492099587876 0.30447553268082 0.268363786622656
0.382712178524401 0.102124054953272 0.0525720829065461 0.348798941655672 0.11379274196011
0.0901602619548782 0.0302751037331205 0.108699607624055 0.374849805278208 0.396015221409738
0.334312958732417 0.022852376028832 0.218086437395262 0.336305605367687 0.0884426224758017
0.0662621220401402 0.176853151641359 0.406869911435456 0.288786747836058 0.0612280670469863
0.11011726674311 0.186534710700177 0.368387237957089 0.0443548530975642 0.29060593150206
0.334971582010741 0.185427427733391 0.36516393086474 0.0805279956429612 0.0339090637481668
0.176543479305809 0.342734026894238 0.140784294962615 0.0349198676330175 0.30501833120432
0.331726205985542 0.267319029691011 0.0846075603187857 0.041900828163433 0.274446375841229
0.148309245466008 0.355417735195637 0.0407239448914228 0.193216358059487 0.262332716387444
0.284310928991673 0.0733187093531002 0.277049500368104 0.095319954587603 0.270000906699521
0.217241886643594 0.339406078271194 0.228933896343024 0.0817903465073524 0.132627792234836
0.225331762907271 0.0295680078768378 0.364336746017012 0.306693357307197 0.0740701258916813
0.196241364078171 0.156798247346405 0.23193752971925 0.212425177046986 0.202597681809188
0.186430188201569 0.187836242283233 0.12375908963618 0.390688807450705 0.111285672428313
0.335651310220285 0.319785775087734 0.189058142578239 0.0272758772042409 0.1282288949095
0.437612355798459 0.00634744319541442 0.123191246729344 0.0872495147004201 0.345599439576363
0.0951055035819062 0.203661468395678 0.4308916920204 0.193448573204076 0.07689276279794
0.235995935207974 0.388907992658964 0.18195861894386 0.130677894724347 0.0624595584648539
0.313216746932725 0.314782708992045 0.134536622835915 0.159077520370396 0.0783864008689186
0.26631178538695 0.0831124864292656 0.000377916010284802 0.370043181209783 0.280154630963717
0.187269629629188 0.250115591514712 0.0147815677506115 0.112566763429112 0.435266447676376
0.247092378250955 0.25557073294109 0.223731311798505 0.0401966780038593 0.23340889900559
0.0500206356817271 0.452379808627072 0.436098240094262 0.000964380439162117 0.0605369351577768
0.266616545179401 0.209831446576339 0.00193306946940739 0.155699138969006 0.365919799805846
0.16882206865803 0.251232305445908 0.284166085377182 0.167751341353388 0.128028199165492
0.124877396596236 0.111387087013522 0.268591115664634 0.363842916740011 0.131301483985598
0.166441327711767 0.235866703588734 0.242203391443838 0.150334698255605 0.205153879000055
0.21842865668383 0.0251116457698446 0.489768577954551 0.151574382057533 0.115116737534241
0.222912484464972 0.150921013255185 0.343940082264492 0.15675069567727 0.125475724338081
0.218105446551974 0.17040323546775 0.143997649794286 0.278477682609197 0.189015985576793
0.287834461814253 0.311522049950951 0.31626519368367 0.0138929388190439 0.0704853557320814
0.0967384860929768 0.2546078992792 0.173309905570584 0.200020526146688 0.275323182910552
0.045283510117068 0.18968508694882 0.327830969334906 0.0649726673560643 0.372227766243142
0.238091467646018 0.351703612322205 0.151463374471497 0.178775870297479 0.0799656752628012
0.203840684397741 0.270089093069822 0.095766781316338 0.250413889741438 0.179889551474662
0.289925856761513 0.312805365395522 0.313679662783858 0.0817946186299066 0.0017944964292005
0.127835261187252 0.257292144813078 0.241929543162117 0.15024719251251 0.222695858325044
0.262454455587329 0.0568269766532001 0.206560288868279 0.264780552101689 0.209377726789503
0.382195505551475 0.247605722674011 0.13784589297222 0.0574398168589644 0.17491306194333
0.134026611951527 0.0525054982998288 0.140669236519442 0.354874970765543 0.31792368246366
0.430253547825585 0.00123544549729643 0.132062371325813 0.134995001618501 0.301453633732805
0.256535242414266 0.27372361169387 0.19282294273407 0.177882690986565 0.0990355121712297
0.162725316659601 0.0598620236905983 0.218183140014791 0.288359756440978 0.270869763194031
0.0254783540325909 0.327619673935275 0.047078702271105 0.476415683167995 0.123407586593034
0.236266210828128 0.215298222029469 0.291851003923848 0.182508248216687 0.0740763150018683
0.190466241224198 0.199776684104391 0.203817666608399 0.183724321890384 0.222215086172629
0.225672779671285 0.109608948131398 0.356989364330841 0.0594667275291046 0.248262180337371
0.0322849905922171 0.181104991194944 0.333090400712414 0.389279446932273 0.0642401705681523
0.031942226334531 0.334431303007952 0.250763361398637 0.226628067390999 0.15623504186788
0.214585854296111 0.162211829227479 0.127039686730601 0.241358235216902 0.254804394528908
0.127841783836033 0.268204877693438 0.168073341015533 0.178708017154038 0.257171980300957
0.0898218147945954 0.0320314512899211 0.182793671320282 0.562402032960122 0.132951029635079
0.116000645922831 0.175424348398671 0.287731543608663 0.289816331182992 0.131027130886842
0.0069897765222673 0.152943739968927 0.339952126811859 0.206604178017315 0.293510178679632
0.259901459565605 0.124780273671686 0.143700483886937 0.297073715819268 0.174544067056505
0.245649253366375 0.0115266146252673 0.368962057752295 0.136221591913742 0.23764048234232
0.0151141404985054 0.212558167308123 0.226308439802413 0.2626772785855 0.283341973805459
0.299930259861044 0.111527049532812 0.276872582055448 0.0590574305223166 0.252612678028379
0.155451433854971 0.0988491539994319 0.359824636059407 0.106696572183825 0.279178203902366
0.225869960353845 0.256962544743118 0.141264404906169 0.312903928318868 0.0629991616780005
0.217923378369525 0.0788191586386661 0.0854039788342495 0.307129795763365 0.310723688394195
0.152983184541827 0.405755987155237 0.237574936940653 0.0238729161998532 0.17981297516243
0.156573531965914 0.303970845657216 0.244735636313026 0.0650116731331411 0.229708312930703
0.0689513419939766 0.24482648184161 0.234561800714148 0.265397704728817 0.186262670721448
0.439569530803608 0.153300029284024 0.296957695762774 0.0569213621979278 0.053251381951666
0.178903703174705 0.0714438730366808 0.276763719216566 0.140028310658075 0.332860393913974
0.0820681244810616 0.178736166241242 0.211461357405752 0.0588721637366456 0.468862188135299
0.294435174537187 0.141344874178078 0.177295857498816 0.22108722142857 0.165836872357349
0.396579176403836 0.191148724012215 0.241231035358296 0.0354185135487052 0.135622550676949
0.213920800015983 0.139155265482635 0.0596711955250281 0.409881769933145 0.17737096904321
0.343403514442302 0.200274183305028 0.194849382479941 0.00256613778870069 0.258906781984028
0.310605624272943 0.0145032762245207 0.372324777146208 0.119820655307613 0.182745667048715
0.216468847136601 0.145157033953157 0.118924175637016 0.138264220562979 0.381185722710247
0.252211546042589 0.320924180740512 0.106353597439169 0.060465146318665 0.260045529459065
0.138419340572662 0.252324389095831 0.0564346544279595 0.073222001337066 0.479599614566482
0.263595412489885 0.133718441958378 0.0602918787874009 0.271328950150332 0.271065316614005
0.317892691021873 0.32696416703851 0.0518957317512879 0.0788416274775731 0.224405782710756
0.0198756829344462 0.31857815814393 0.339760239529883 0.120114211900087 0.201671707491653
0.230324975185388 0.164502684568784 0.272468036651502 0.0289482129649924 0.303756090629333
0.0620051171428595 0.033211803687076 0.301851781388828 0.27873663866048 0.324194659120756
0.141983456123551 0.714968512453328 0.00832836692264086 0.0634080718117188 0.0713115926887606
0.342364944408034 0.256645461371656 0.320947715297101 0.0683851394370977 0.0116567394861122
0.185075638958608 0.0797681352636922 0.278988836942536 0.421822158406169 0.0343452304289949
0.0839600834484005 0.0925206330280283 0.305937800179157 0.270467894736676 0.247113588607738
0.278318144215111 0.10781850599623 0.14918184221671 0.196121990786427 0.268559516785522
0.0808277789974841 0.131097691607888 0.326762722880266 0.132913313725771 0.32839849278859
0.359311765200013 0.221164409484329 0.109629561672799 0.000411644613977724 0.309482619028882
0.141741944646292 0.405165789759471 0.0249366962913214 0.0228507690760286 0.405304800226887
0.24477103800589 0.238173824231178 0.29992607896776 0.178578650633313 0.0385504081618588
0.0165776399639562 0.333898596910195 0.387090894710956 0.00879816880737593 0.253634699607517
0.224886436572633 0.0900018019126936 0.141065237427758 0.293512831645406 0.250533692441508
0.392889244382512 0.318659441799923 0.0483866003263838 0.0848001424271231 0.155264571064058
0.0893173175628773 0.567951491844747 0.170175020622738 0.0916987908715718 0.0808573790980664
0.314325840851859 0.21664854644273 0.260014640282516 0.0800930593690902 0.128917913053804
0.251415322534285 0.249238021179362 0.15469686228747 0.30099693557233 0.0436528584265529
0.202689231016631 0.197726054081452 0.00311099246216831 0.313094525723876 0.283379196715873
0.1515150176314 0.0864229621284503 0.253430093453202 0.213082811617201 0.295549115169746
0.0807864814958025 0.147115726812825 0.214664470659045 0.285745080564423 0.271688240467904
0.170951252814614 0.264457988511243 0.0986762940342811 0.144706238126528 0.321208226513334
0.161336600886303 0.167235464365292 0.210706117734716 0.240248784446559 0.220473032567132
0.0135114567540557 0.127809741076289 0.273869193736843 0.303587755400871 0.281221853031941
0.111642465239794 0.225952992404459 0.245888797180986 0.178497969200055 0.238017775974706
0.303664667282991 0.0140267839947863 0.180628933090388 0.0803678708704873 0.421311744761348
0.303025013124791 0.122752370146815 0.271943230873973 0.00590836771034947 0.296371018144072
0.148693369503217 0.178057850582853 0.370413460209542 0.19716713283711 0.105668186867278
0.265106527499573 0.26584645846907 0.0282578141798961 0.248179182463842 0.192610017387619
0.11114163588004 0.00867048509548848 0.162792317744915 0.556791447336394 0.160604113943161
0.0862654206973086 0.341071177130606 0.335152622420479 0.00812513496228188 0.229385644789325
0.403373344820167 0.0537116899869762 0.151261545043884 0.15528161889064 0.236371801258332
0.319464137484422 0.106640640664193 0.260663916806929 0.0873234202034308 0.225907884841025
0.0580832466575971 0.44642958180573 0.0590246417345649 0.144959389169872 0.291503140632237
0.193884129881803 0.173130287476055 0.187582863923981 0.2568582868754 0.188544431842761
0.0651085658195919 0.291864474425451 0.185057369454986 0.264384010422689 0.193585579877282
0.0504093746026644 0.380717133703837 0.167154919295859 0.0230261048170871 0.378692467580552
0.0554408947138128 0.0631340180604133 0.427259573914955 0.209756055434474 0.244409457876345
0.297482127426971 0.291930624174949 0.335593446018343 0.0565442859027969 0.0184495164769402
0.181001493138559 0.0859046002571674 0.0460944931693854 0.298232181389978 0.38876723204491
0.217063626986477 0.155161442397699 0.141011839911441 0.227826802166452 0.258936288537931
0.34302180557948 0.380950443905336 0.117106146378247 0.146117673944801 0.0128039301921372
0.292590708369157 0.314156470583779 0.0570914778530866 0.0496288933593994 0.286532449834577
0.186495838607758 0.223920749541924 0.0841142186278693 0.26759362664829 0.237875566574158
0.24172863741139 0.329182521018651 0.255789202505377 0.136497694906679 0.0368019441579037
0.305180355292259 0.0275165115767871 0.287943746601014 0.0412556923452714 0.338103694184669
0.280626943718976 0.306148141181679 0.0939019864475367 0.297769675839536 0.0215532528122725
0.119866802331963 0.252841964570686 0.190933567133882 0.354725984348739 0.0816316816147298
0.313087760558669 0.140987827795236 0.123046746044125 0.197266649747284 0.225611015854685
0.0965835132104835 0.397994352321839 0.411063539186016 0.0892816395759797 0.00507695570568198
0.0442701375036676 0.0161424508287715 0.0861094991332428 0.517571950979448 0.33590596155487
0.052938591604483 0.290170332358263 0.019207366894915 0.340530530007126 0.297153179135213
0.265221173244977 0.191409124257802 0.212862067002145 0.00998710742218557 0.320520528072891
0.292335825743863 0.0129612726824889 0.217189542761644 0.262932525620091 0.214580833191913
0.220521092649242 0.172312617113596 0.152256104276041 0.199336988236006 0.255573197725116
0.22950329712949 0.333007054446528 0.144244052933771 0.00825056816641122 0.284995027323799
0.197361891875098 0.122824288876424 0.174710529315009 0.170298907688653 0.334804382244816
0.346143686202124 0.118700258911833 0.37234649553972 0.16071063040374 0.00209892894258211
0.283341904810879 0.255328421186922 0.251397385591041 0.169700166266633 0.0402321221445248
0.246537749958369 0.120588437094044 0.060228597177705 0.28493283105824 0.287712384711643
0.329073707451651 0.164911025984467 0.127602623894444 0.0717959984238437 0.306616644245594
0.229806102609074 0.299890623943729 0.193396674686376 0.00456486625097299 0.272341732509848
0.0682049483294853 0.471010410588148 0.0816289921131825 0.301720710060118 0.0774349389090657
0.0201281600407446 0.402001205751091 0.275670395661621 0.0731294342465795 0.229070804299964
0.122155275258406 0.073541814397254 0.23050051634552 0.218877220126259 0.354925173872561
0.025307638461776 0.417788783175413 0.0734722581791594 0.464811585484223 0.0186197346994283
0.217593945618502 0.447371085583145 0.0725921818275657 0.137272822961147 0.125169964009641
0.297372083931785 0.174917768586191 0.0967302697070167 0.287126996355022 0.143852881419985
0.31846763911319 0.220555875011273 0.062387501275392 0.331487420134835 0.0671015644653108
0.295892894097159 0.277601012690587 0.0842615440222432 0.335851141296546 0.00639340789346496
0.38290441936292 0.0896165881158274 0.362717598413777 0.00559073334937915 0.159170660758097
0.193124370379582 0.269927403589633 0.159329743173011 0.168353766954613 0.209264715903161
0.0818600324914793 0.242290412884762 0.240594367524532 0.173515510701777 0.261739676397449
0.120350932332786 0.368397932527032 0.26040641178615 0.0766142182705646 0.174230505083467
0.109022888996578 0.271405269904456 0.170449182824624 0.126584263959257 0.322538394315085
0.0710573530354344 0.416786227546807 0.342227273349153 0.0559851145632184 0.113944031505387
0.255152156835191 0.204290976608054 0.296931043684295 0.195865554679664 0.0477602681927956
0.0122575385861633 0.0858618577353739 0.438891223498378 0.309891471601432 0.153097908578653
0.24138021229743 0.302446299566127 0.273903741958097 0.034819995088357 0.147449751089988
0.262120752698442 0.399033829964816 0.0500693010760929 0.236630564282989 0.0521455519776603
0.120962260308529 0.0790050075351305 0.258988410568654 0.124160897253231 0.416883424334456
0.279801191464474 0.105342421052828 0.274844986277199 0.300253700100463 0.039757701105036
0.24152604888498 0.163720754526573 0.119209136633386 0.178764027902473 0.296780032052588
0.26727187694759 0.0893600669974217 0.220065804319614 0.170860232669526 0.252442019065847
0.288342623687977 0.15826034360631 0.232075107181965 0.199051489989434 0.122270435534313
0.112654864415525 0.166926553448036 0.334960851789167 0.067283498032336 0.318174232314936
0.113862124507983 0.279841103278814 0.261334182138795 0.235454103069308 0.1095084870051
0.181239492354484 0.203733419529904 0.0760020376717935 0.129212221464846 0.409812828978973
0.149524250414599 0.411694207062193 0.0631215852531244 0.0110492501279649 0.364610707142118
0.446397453498541 0.149419375557046 0.0881129040115914 0.199289347613938 0.116780919318883
0.188992801023193 0.223004643088551 0.29551472768426 0.0248284043705362 0.26765942383346
0.391655767541703 0.390574965083362 0.0133547280330017 0.0121602338985197 0.192254305443414
0.0195470267460909 0.374588716995045 0.120908576987612 0.229051489888344 0.255904189382908
0.127767668645533 0.234794579548467 0.317749068468666 0.1516104945461 0.168078188791233
0.152399375944502 0.403211385511424 0.330988480577473 0.101697587978984 0.0117031699876177
0.131974068162063 0.341311016861663 0.0867234363891494 0.293739631959833 0.146251846627292
0.31665544118991 0.228679248783835 0.0543063849953769 0.294534664517922 0.105824260512956
0.00292869950059724 0.637655799785876 0.175542267303994 0.0319641749685657 0.151909058440967
0.18248293492883 0.264919462549216 0.251401085931881 0.0573121670555626 0.24388434953451
0.00476410111131991 0.455657736104154 0.270880040810735 0.215523690363685 0.0531744316101067
0.335040374228347 0.0238046864795187 0.216739373533757 0.129532664358574 0.294882901399803
0.276654451566627 0.0223620598466759 0.0890098138384473 0.281776842182782 0.330196832565468
0.263547485889573 0.173530643157493 0.116524111046109 0.355300808903474 0.0910969510033517
0.272804303684444 0.316344723850383 0.0789698797078176 0.153724770921622 0.178156321835733
0.010374780679518 0.239529844548767 0.292504782330069 0.177553469312983 0.280037123128663
0.173863590832131 0.281613315635241 0.194426600568074 0.237351168311023 0.11274532465353
0.174020866476486 0.17962215547434 0.196243839406767 0.227129981032827 0.22298315760958
0.163027669020053 0.173555263077754 0.168611435377795 0.35037927511695 0.144426357407447
0.114562211931776 0.1207096061125 0.498762411241929 0.0798460984056863 0.186119672308108
0.301125706068189 0.184398524866049 0.252790962501502 0.174132763400249 0.0875520431640108
0.295218361973455 0.0738407175141416 0.209445933404941 0.320916677680342 0.100578309427121
0.323972302622764 0.397316376540856 0.0768099158306244 0.0264971198202044 0.175404285185552
0.0129776771461212 0.0764240033416339 0.103386500500522 0.477838649828878 0.329373169182845
0.239703693884498 0.0224015758021002 0.385634315347526 0.296981691071507 0.0552787238943698
0.153490373203701 0.155769431650688 0.180624316847721 0.236892922329415 0.273222955968475
0.221372656923983 0.229201546875604 0.138209362783182 0.146857660825761 0.26435877259147
0.167899309869451 0.205426161481211 0.316310904253268 0.0259869650592168 0.284376659336854
0.0247392157021299 0.341094160117152 0.285414998421164 0.0505502668301528 0.298201358929401
0.192459070755679 0.218894965191533 0.211287195043351 0.197743046459895 0.179615722549543
0.0198984296577446 0.235668477588454 0.415571194303288 0.318402790691117 0.010459107759397
0.0678402334258744 0.286096021813136 0.320942925117876 0.24228896612872 0.0828318535143928
0.344070813721459 0.196996887742083 0.0986806688406846 0.263078982781394 0.097172646914379
0.130407542423533 0.338597307688628 0.110220386140376 0.0760146233351242 0.344760140412338
0.277837478080504 0.0661086323418909 0.292418788894874 0.103792171055165 0.259842929627567
0.00504471479264338 0.17458718764661 0.262063447300037 0.265674438338682 0.292630211922028
0.0830705068315475 0.410669045733805 0.072241327194879 0.184644359678013 0.249374760561756
0.126327859738793 0.216548862626012 0.027568454083807 0.331029040911936 0.298525782639452
0.0615465306991072 0.143850293334414 0.424755670355309 0.232620595813272 0.137226909797898
0.100185905337082 0.0946452239611964 0.348754889832395 0.380844240208436 0.0755697406608917
0.295766450989613 0.059556694819672 0.14789337387827 0.263084713056414 0.23369876725603
0.245514516352566 0.377299532515285 0.0659387538930239 0.185175806601113 0.126071390638012
0.245638525106477 0.225787764824506 0.245080133533039 0.245429600738369 0.0380639757976086
0.238210276849201 0.356405021471299 0.188678876960618 0.147157693782728 0.0695481309361536
0.194943463180509 0.0921310060010242 0.298458915844595 0.297906122932418 0.116560492041454
0.270030616573661 0.121632004026179 0.210462474750941 0.137019580111815 0.260855324537404
0.0951143476926999 0.140517403152029 0.19143355851531 0.0873310330187341 0.485603657621226
0.00410036932753078 0.105374755464256 0.379107498194425 0.136038370700328 0.37537900631346
0.285732091268829 0.0614210317468704 0.0672379348431715 0.280363693651572 0.305245248489557
0.194939014141706 0.170370346293869 0.367447086880233 0.266848785407656 0.000394767276535323
0.348803047246264 0.0541943564596325 0.00357824969522422 0.191246211430003 0.402178135168876
0.236798316603359 0.113345162700763 0.219391631712052 0.355165203894744 0.0752996850890822
0.243263853623286 0.288399554791078 0.221998640658344 0.071865103732519 0.174472847194773
0.207749890888749 0.0959849551663625 0.327453161706849 0.0520353299947352 0.316776662243304
0.363998587050437 0.0139253066508943 0.260894326683326 0.296698710064663 0.0644830695506799
0.2232852229157 0.0609108703529799 0.0143774801142489 0.394388923175744 0.307037503441327
0.143948724786025 0.0425400240175443 0.279493966153153 0.253114711837023 0.280902573206254
0.219478262576905 0.335544680711645 0.32202601487669 0.0848419200945484 0.0381091217402113
0.0554745680502631 0.256199629086322 0.207518425844642 0.17051966515439 0.310287711864383
0.170975481316862 0.28105357192438 0.250115697859564 0.263703415325029 0.0341518335741643
0.443548798158199 0.372496392391985 0.116058544442838 0.0225678562421632 0.0453284087648147
0.42194360306585 0.0556723844853926 0.304786947151477 0.0457469238334113 0.171850141463869
0.24178163261166 0.0719023455334641 0.275525220850187 0.123850694412133 0.286940106592555
0.216443841969746 0.134643269431018 0.22542284243092 0.211169137514618 0.212320908653698
0.225405090419306 0.175364700881008 0.0639918800767445 0.0635398057203227 0.471698522902619
0.0537858820681245 0.141989071661755 0.510968451051181 0.145570839775972 0.147685755442968
0.0305976919139295 0.311339007827439 0.312982828659839 0.0785434933312334 0.266536978267559
0.0872665865544126 0.121682194997719 0.25478447866478 0.25241340364869 0.283853336134398
0.350427011363766 0.0719328790001521 0.0762171491716211 0.389298561568936 0.112124398895525
0.0819906072114202 0.298102261749302 0.322487414033477 0.114759782317102 0.182659934688698
0.179502719287722 0.0642289929967125 0.168147089410651 0.236269571577834 0.35185162672708
0.0592737986030977 0.269308638961329 0.389076468892491 0.093499970572857 0.188841122970225
0.127478484848982 0.10407633781661 0.250103175878218 0.382879299118776 0.135462702337414
0.23942157236322 0.215817253969179 0.283620211277668 0.120761155518523 0.14037980687141
0.00487033162937198 0.239326057054127 0.288388103379437 0.297749158306158 0.169666349630907
0.25073655689452 0.175620848078176 0.236329259238815 0.193485166256098 0.143828169532391
0.240810409200291 0.293360321557262 0.261435070895209 0.0487905679494203 0.155603630397818
0.249805290498785 0.203835553209641 0.0194315076114188 0.235862520149559 0.291065128530596
0.225454911717458 0.237594776471953 0.302998442881607 0.0880153814704202 0.145936487458562
0.288615658753891 0.180973047453283 0.297478054391341 0.11782424813805 0.115108991263434
0.119119165508423 0.365285292002856 0.0219384598274987 0.259109722532431 0.234547360128792
0.29674324568355 0.334537391269656 0.0118088893452272 0.320050274842386 0.0368601988591804
0.189585511340244 0.24376974409039 0.208364423369 0.11625779926151 0.242022521938856
0.0354272697366366 0.332515992174971 0.0449949860885168 0.357726024189133 0.229335727810742
0.171364607678598 0.311236843571083 0.312373165159698 0.0901449692990858 0.114880414291536
0.111102245442669 0.347467796653165 0.243455794468075 0.0121374545341671 0.285836708901924
0.211670237609872 0.101422760861682 0.0364964678247781 0.318927556583579 0.331482977120089
0.118744195549068 0.232603424250597 0.238562743788566 0.192869598479921 0.217220037931848
0.362648742889601 0.0923366463544152 0.23106324023458 0.0359273161058745 0.27802405441553
0.0910605209365726 0.246743207657801 0.277902149464795 0.12172030294772 0.262573818993111
0.356997316210527 0.263959168609072 0.163685811286135 0.0645169146321596 0.150840789262106
0.152975112618894 0.22498083227291 0.301703097807055 0.102726031535582 0.217614925765559
0.108794177999657 0.134329895516916 0.193172024236564 0.41785043860955 0.145853463637313
0.222325620434801 0.263421937059764 0.349548931923421 0.0770380255792856 0.0876654850027285
0.256553889111573 0.0753561487394825 0.251541600324455 0.198285068906254 0.218263292918236
0.231005127606402 0.268114025280602 0.00665303091983659 0.465345400826363 0.0288824153667972
0.107963308272037 0.517169270530071 0.0774909734800723 0.132218609957532 0.165157837760288
0.202841614416431 0.0768690546980471 0.262559451032769 0.280180981088476 0.177548898764276
0.276664645924936 0.0058149116816704 0.402819690162389 0.159363081616755 0.155337670614249
0.293478386267971 0.0492204589975147 0.115299640787651 0.146770594375836 0.395230919571027
0.281203534084327 0.230069349703075 0.11001910770666 0.185485754370507 0.193222254135432
0.107267013173495 0.410945931993791 0.0965900381371514 0.115058126222368 0.270138890473195
