0.211121194676103 0.0505254428785912 0.00244754465931514 0.130241221090655 0.148089240076584 0.0134511496285356 0.159797044987647 0.177055323176754 0.107271838825816
0.159535383675663 0.0177087341429012 0.191160692711438 0.131688935579933 0.188573410083906 0.11547130517338 0.150070710282112 0.030254514337171 0.0155363140134962
0.19726130626975 0.135858549717167 0.105761825603217 0.0639706288644245 0.0313368648189378 0.0740417738652229 0.0367514608964702 0.207084634217079 0.147932955747732
0.0245286312897431 0.0020550722009795 0.125808473418165 0.0133718171774598 0.128795128549554 0.156706443730891 0.20952942111987 0.142177018082712 0.197027994430626
0.18520414626508 0.019710411117643 0.0283503926847397 0.0583660068414275 0.144179877050482 0.173179793774985 0.0892550989526427 0.0969578689289134 0.204796404384086
0.208662109404036 0.0531114425835548 0.0171374343444511 0.200426616039907 0.0873471445145806 0.207206315284328 0.0643554283174264 0.159485217815763 0.00226829169595361
0.00840804809764161 0.154988229495461 0.115370225604933 0.153343617087207 0.122329706721984 0.19439423385124 0.0402662913399144 0.0185811658677103 0.192318481933908
0.0942193695102136 0.162132360354816 0.120797951174724 0.0258773468452121 0.100233685341236 0.0836494487571164 0.161852877262179 0.127842331524467 0.123394629230036
0.14460426008305 0.0238939046787519 0.185264927335099 0.183798927567299 0.00219610810735729 0.06384338612574 0.182504365889181 0.0669456149146046 0.146948505298917
0.130281078833846 0.110399758918732 0.073474760619587 0.0387403621126906 0.124348024013082 0.0531575927856269 0.203026167427741 0.172428953191518 0.0941433020971765
0.163080819977549 0.161973729714189 0.139703424682422 0.0896268504517006 0.131079709983758 0.107467582655098 0.0360773016718871 0.101452812849157 0.0695377680142387
0.131415265614223 0.115029995459782 0.133741286484293 0.105798713739825 0.0993098639295281 0.0710129311413988 0.153182431717327 0.127432515033344 0.0630769968802803
0.0567898856725481 0.0745430843085263 0.144762816642136 0.0415313901977883 0.0456046158212076 0.146643189347506 0.103598470575858 0.200895776974604 0.185630770459825
0.00982860731655438 0.225545663737455 0.00968706663465204 0.20026701544378 0.156662301628197 0.175881930539748 0.0459513357230078 0.115551330811234 0.0606247481653725
0.190332212398499 0.104686191233731 0.0414277887999101 0.0627131092837509 0.180486624531095 0.0984912623950981 0.0494401352535473 0.187410412612314 0.0850122634920542
0.164296383079618 0.193084459191891 0.0329814499955692 0.175223706960776 0.0167132071381428 0.184909463894488 0.0864292339035302 0.0587600982973729 0.0876019975386118
0.142946534927962 0.0740380792412146 0.138002495566935 0.154785083073373 0.15663643011759 0.145344096474178 0.00855833819587207 0.0308336395028672 0.148855302900008
0.0158153637497041 0.0271589112827245 0.119325560786187 0.212128964283604 0.188020425341241 0.0161497048884894 0.196938464202029 0.0630306873869808 0.16143191807904
0.207061202964913 0.00172557590249156 0.0844871725351813 0.108874252590941 0.0367312934680369 0.120351479792498 0.129565342174832 0.165761908330923 0.145441772240184
0.10734363162743 0.167200798723609 0.0131713876723285 0.135568357279005 0.140608940482589 0.134086925854262 0.156247844985518 0.0256040426428756 0.120168070732383
0.187517046668127 0.0902120400821275 0.00164403721547705 0.176003412455018 0.139406006531951 0.114998829893171 0.0970437512077969 0.015461973276052 0.177712902670279
0.0935865648521777 0.117424275599018 0.167277924972144 0.0642241296983981 0.162186760519001 0.168466122168775 0.172578005635812 0.0481391971098983 0.00611701944477594
0.0287233817001301 0.0584694486480026 0.196375389351032 0.204772012737466 0.0692088963172177 0.130071912117495 0.203380600574277 0.0621104113044836 0.046887947249896
0.117087503125184 0.0810466908961053 0.227193743108065 0.0961122012102077 0.12207234195372 0.184306195400937 0.0541485952309536 0.0168500695929143 0.101182659481914
0.0549499758181579 0.256784797271391 0.198533911238875 0.183515729970986 0.205986532698776 0.0713494555851097 0.00863799568409348 0.00933693251408611 0.0109046692185241
0.0634007880915283 0.163102567979984 0.0403424038411307 0.181574249262116 0.00743059319702161 0.149616985477726 0.159157369463257 0.0648691743232319 0.170505868364005
0.191737785985383 0.0459548274819159 0.0340723202504083 0.0109589744802095 0.149656935375126 0.183220447313598 0.089924899029867 0.233504577645175 0.060969232438317
0.137910190016012 0.186952785190633 0.0286920680148368 0.157268292781902 0.125863657734869 0.0179709996339456 0.184510300879109 0.11130713744221 0.0495245683064821
0.104459829980299 0.0601060289130263 0.105550145375745 0.115406471445129 0.0851238416400002 0.13548881635376 0.140751779591024 0.0906952739410717 0.162417812759944
0.218475681291028 0.0967909569472538 0.241124994793148 0.0667133756368525 0.00614564571256185 0.0819737851778617 0.0537199745724021 0.100539226934127 0.134516358934766
0.154914854293734 0.12081376660187 0.0804137958774328 0.156298398969376 0.0946761564744576 0.0118085206144173 0.152021005620984 0.140194080502462 0.0888594210452659
0.175747374357904 0.129718430725193 0.137195499981048 0.0955622694379928 0.102151900165025 0.0374728233471945 0.158665763895845 0.0121513560049987 0.151334582084799
0.0163158791856148 0.191149520140999 0.080930554756411 0.0275613519055418 0.109778737026311 0.184033507075875 0.199344956665435 0.150270516925552 0.0406149763182603
0.0237667525315742 0.104911049986419 0.203543987524802 0.210683571841591 0.0730000338965073 0.0417086252608148 0.111087794316507 0.199322815269239 0.0319753693725466
0.153278828462417 0.140426072340311 0.0347008566928657 0.14198625686528 0.143540786459997 0.126505739322897 0.0639499881416853 0.0309033889839759 0.164708082730571
0.0118098976661002 0.105462457981996 0.189296401051666 0.0305937179483182 0.19467574277197 0.0829752020882718 0.0367490986021172 0.179920179677269 0.16851730221229
0.0208179286775827 0.125202364847331 0.146590183520071 0.157730726365939 0.0747940839608267 0.0734693162374919 0.103642220468871 0.152477004411344 0.145276171510543
0.0490270064155992 0.126683826590084 0.0841550946426289 0.0556156799766248 0.112961705085197 0.0415401129703164 0.197872286392971 0.166865028253997 0.165279259672582
0.148245241688731 0.0460662983327007 0.209041013309504 0.222933261003465 0.151715691200424 0.0190735687517157 0.177203938644098 0.000725380668225493 0.0249956064011368
0.133611385230888 0.0225717316505797 0.17852409599154 0.197921005918273 0.128434280067112 0.0471643540362488 0.105605558729374 0.0495811513261166 0.136586437049869
0.0373350325529662 0.0893107689284663 0.112716638431148 0.104345015239345 0.17040767429136 0.0319448474217753 0.167136227281053 0.0756688885982628 0.211134907255623
0.130097747193396 0.0792115949895952 0.0384545791272708 0.120908283946246 0.338866489302955 0.0101530301516678 0.261561826054877 0.0124965186116728 0.00824993062232024
0.178552026310875 0.015903976533508 0.150372229753393 0.219288749184689 0.0592178574480937 0.108447113128095 0.0646278531359286 0.0101787015066634 0.193411492998755
0.135250975471262 0.037099225228371 0.0496609765613251 0.22688275237086 0.0551632706732189 0.169862544350772 0.0387458369880751 0.212357277032473 0.0749771413236423
0.0040270964046464 0.180630835438893 0.152795431782783 0.0915642234601045 0.0918160350904354 0.052283123005693 0.0674602381283997 0.344760334153534 0.0146626825355112
0.0706679621934054 0.157900203445897 0.066178852768518 0.128985301374695 0.132201786194931 0.148761170702658 0.169167323132241 0.0589309779354455 0.0672064222522091
0.0356766470460715 0.212576260025048 0.208717283473341 0.000913470340841407 0.0510846290988884 0.0348727299717651 0.0247869515717923 0.185027910718814 0.246344117753437
0.0577597978329253 0.197234362338196 0.235561791533188 0.156498225518949 0.0531122307286677 0.189370048840301 0.041479764952965 0.0183524973639912 0.0506312808908161
0.16459637044514 0.205444575070192 0.192424189739768 0.0763946580992992 0.108642908106326 0.154467227760454 0.011428243975052 0.0111000065550814 0.0755018202486873
0.126376714623415 0.134455882272351 0.160736875348546 0.0937747818793542 0.099176191214238 0.0717043227324973 0.0680887181357311 0.122645338541042 0.123041175252825
0.127058318030361 0.213308040550991 0.0137450163636633 0.19005535547039 0.0654727926361568 0.120303572866662 0.00732165884023471 0.0496536439212513 0.213081601320291
0.204370133745907 0.0123723311615643 0.099380078752883 0.225786198128226 0.0663219747066914 0.00998653652485151 0.254454571708745 0.0998237219195946 0.0275044533515372
0.0818525308881047 0.0177168247606934 0.0945097902034783 0.314278500100052 0.0512151825434467 0.0343933840934275 0.100045719036326 0.00201174361662882 0.303976324757843
0.185523718814972 0.227236884580111 0.124373259524299 0.0766287740984029 0.0997166918544003 0.0825383461245922 0.100341539192114 0.0276857952828437 0.0759549905282656
0.24605681377628 0.111212027529739 0.00657423329420884 0.0274494832366001 0.20581208131048 0.0022853935603574 0.00677944060950348 0.213667714490234 0.180162812192598
0.104563827928908 0.148924498778693 0.0758323748739586 0.0755231580054808 0.115885673217158 0.148849843903328 0.0958829274614243 0.116439150849331 0.118098544981719
0.0098173939727966 0.144256022966815 0.0357953479745543 0.176907032918949 0.0689782605325926 0.167711532999926 0.154126072095104 0.180477548198031 0.061930788341232
0.116190993232172 0.129343017955043 0.063761026275376 0.149093866389162 0.150843409651768 0.0720165812123015 0.0538283692040506 0.162343818179996 0.102578917900131
0.0525383981448615 0.20819998348996 0.0310996974409656 0.145479452938203 0.213722058379308 0.0436061724916441 0.0632162088661615 0.128474441853436 0.113663586395459
0.203145212617327 0.216165771501775 0.185326196593744 0.13195835589336 0.00913152643523473 0.0120250233277665 0.0275922089045232 0.0315739438667989 0.183081760859471
0.0624132599528558 0.161883309436025 0.250984827204082 0.181449093045313 0.00666606727391093 0.0290695362974922 0.0475952567002171 0.19195453323115 0.0679841168589546
0.1616112140314 0.0214862494265475 0.106634269078197 0.0166599989490174 0.159575023423775 0.160446107550703 0.0994764595369023 0.0859649129637844 0.188145765039673
0.0103044241180797 0.0565002999398035 0.190283108553812 0.145575451311409 0.0644182520350026 0.198296505153734 0.034423703778902 0.178453448833787 0.12174480627547
0.151263231172498 0.0465311125188924 0.0887480107101882 0.133939972317867 0.0539455014100886 0.0873439948659189 0.264487088809149 0.0180693067831428 0.155671781412255
0.151457330368485 0.0191406397131491 0.0526283233141275 0.275634724622968 0.0262188962008223 0.0947301941314293 0.306317065398722 0.0736218696667551 0.000250956583541768
0.135144205931763 0.113521499322417 0.013728820848443 0.0831022259008707 0.151074712937691 0.137189219163892 0.159100155211112 0.0426963881084199 0.164442772575392
0.125149474395056 0.0777987421154203 0.142263729874823 0.123071394369687 0.131832343896167 0.040851172690853 0.0824845541832092 0.142772331221791 0.133776257252993
0.0571797687749763 0.123351078074571 0.187861912227852 0.0753830388086502 0.0801716211550208 0.149218866522027 0.0176111034596832 0.182841828980546 0.126380781996674
0.0478095372910837 0.212086872927713 0.200742418521169 0.0176068683085265 0.186883518470665 0.057727442412942 0.173638606896725 0.0189754146572248 0.0845293205139508
0.0485213990783711 0.0934102890724572 0.0314570840423331 0.141981036539083 0.0425491969416645 0.194781675691758 0.188534026305867 0.185477495674847 0.0732877966536198
0.0309779133144234 0.214000841294132 0.00950017555469429 0.205407650855631 0.165541505523342 0.0529981527168997 0.0455854099179781 0.187624606406797 0.0883637444161025
0.131833130528093 0.138299367340372 0.143629244450569 0.0599469619021661 0.111962868492782 0.112648320539093 0.0888229341069539 0.0371095808163408 0.17574759182363
0.174917232623562 0.138366432871134 0.0718215871624708 0.169314031627709 0.0915592986749638 0.146516185759897 0.0621173126882617 0.020764971303277 0.124622947288724
0.162000395320322 0.0235568343878285 0.0750006169303122 0.13020143419637 0.102421020032332 0.157272453705408 0.116466114393527 0.133068035315935 0.100013095717965
0.125086229348397 0.132019040009525 0.162978114206614 0.0831766242028401 0.0459579555717793 0.105647077740456 0.138451582792665 0.157290503871013 0.0493928722567111
0.0303532768398894 0.152290683068184 0.0842131913646421 0.119632058252071 0.123637038997998 0.113863383906514 0.142417920972041 0.083623440201508 0.149969006397152
0.27726594146661 0.223618736133883 0.0332290688800016 0.168624054055613 0.0143212828919819 0.0124161357369309 0.14602016094501 0.0815624504910597 0.0429421693989104
0.0869882761609568 0.21099525392134 0.14261219772618 0.196907963732835 0.177652719202453 0.0219630189016339 0.0384223623704926 0.0142536450034304 0.110204562980678
0.085140423020157 0.0650607003619002 0.00109314844907793 0.201591717732767 0.154083543983842 0.265348411232092 0.0208295402933226 0.107179754411429 0.0996727605154123
0.00661152006191067 0.024296350356013 0.0291154475042801 0.180015284119713 0.187666459470705 0.114712419260741 0.21997345941768 0.0379422147183737 0.199666845090585
0.160199574488304 0.1304266316078 0.146050353582143 0.121066235686564 0.0893479292645787 0.026724685310646 0.126011003679604 0.160687392857978 0.039486193522382
0.195059425273841 0.039945692402872 0.128930609034225 0.154876968581406 0.0678809594930523 0.129294501144265 0.0893683273965848 0.0350434549394171 0.159600061734336
0.0398010113166248 0.178697900982276 0.136170692085315 0.0800961138626591 0.0351671205040872 0.10231335004987 0.109145081159847 0.169111837302806 0.149496892736515
0.086063287540935 0.199621803326719 0.100606044412092 0.0383125662582494 0.191507805338484 0.0559233632525672 0.150116248603462 0.157274921404098 0.0205739598633928
0.179962257703989 0.156209665803453 0.0601724603905075 0.0110474638229933 0.117608202871449 0.0406554480551971 0.215962958124227 0.184729358338708 0.0336521848894772
0.0216493716513281 0.0433780085483619 0.216947932267552 0.17987814489612 0.218093077236284 0.126904763246948 0.0207457742825316 0.0452591287492021 0.127143799121672
0.0448469311225754 0.0203082134329077 0.206660018291368 0.113177254056658 0.0849572194251449 0.0650250877592155 0.142420532931994 0.139500876405442 0.183103866574694
0.0522913272472984 0.135183019117445 0.141536848502049 0.211652018520565 0.0602365675286309 0.0769530163969538 0.113828544517346 0.144970014119332 0.0633486440503783
0.160063833058663 0.151981151575286 0.00392794292516334 0.0400304859301466 0.178915584799188 0.0403239106309052 0.117266714496368 0.142918251205193 0.164572125379087
0.0606627344254507 0.0224288822949581 0.0319156561502897 0.112916011572086 0.119447875662657 0.164943323604128 0.188332668207025 0.076376091596371 0.222976756487034
0.0893022794458085 0.176342587133981 0.193114920785825 0.0544504115594678 0.00358828739603383 0.175949588022926 0.0339792883600948 0.0798198535249506 0.193452783770913
0.226312971453241 0.0906675688466439 0.00902838388634614 0.116193321188514 0.0404625867484884 0.147638765905846 0.0437398444588458 0.268672335263392 0.0572842222486829
0.162805041206937 0.0537947573845784 0.138260201387926 0.0908527455696315 0.161314316415995 0.0866979716226344 0.0783583703759067 0.176883406184968 0.0510331898514239
0.101630861588628 0.158635430843407 0.163886439129796 0.166841868241623 0.156617391044677 0.0122851322402901 0.00659053183000268 0.105945097985911 0.127567247095664
0.163147746719267 0.180545521041737 0.131304818472045 0.157032573993995 0.145461836329583 0.0254280322313475 0.0127872589942725 0.12585406305445 0.0584381491633034
0.0010967029957116 0.12634505358422 0.117498475744553 0.187902977384323 0.117534658865922 0.169395062471497 0.0976708305827412 0.0699318165245901 0.112624421846442
0.173993135660153 0.0168615556105997 0.0568216825659113 0.14455415705133 0.25950603116263 0.128462849466519 0.0758633857483465 0.0480928412146816 0.0958443615198289
0.20651701783242 0.159256480476068 0.0348860242545856 0.163294372633244 0.104460272853166 0.00225592087888044 0.186600366517612 0.09161745354149 0.0511120910125344
0.0540077485153553 0.0652378635073995 0.194677186561923 0.158367187780477 0.217378869842908 0.151691512074104 0.0659097708560897 0.0200282782212981 0.0727015826404455
0.150549256950686 0.00398095347973377 0.131672171435499 0.148643332713932 0.157836392491893 0.00794474190641451 0.0991005155265397 0.229893024445102 0.0703796110502007
0.0386603232768721 0.0446955586388232 0.208503946433662 0.177731088479084 0.19654644701513 0.0411104106995915 0.22290337042447 0.00822281114773363 0.0616260438846346
0.0202733313436184 0.165480390329206 0.137260027034503 0.141614960583434 0.145654923672645 0.0787969555302954 0.179380924194976 0.0437943808099224 0.0877441065013998
0.159482392242464 0.153629994662253 0.108295357551074 0.0749623465029723 0.0244535715254343 0.0848115192619983 0.110154175436393 0.100211886166948 0.183998756650463
0.163601719641146 0.141526395661805 0.0251363588652886 0.116637264183866 0.195142720470015 0.114483697049758 0.0220386707352594 0.150688219354487 0.0707449540383743
0.207764980360186 0.152838228273311 0.0339871845433121 0.03692487918694 0.130533042107916 0.0940040798258544 0.0181406955949418 0.114047224517869 0.21175968558967
0.207572606997818 0.165916759188205 0.137057431590131 0.0902387521780221 0.0570532122039925 0.164593421262491 0.0392752311031938 0.0188015570216428 0.119491028454504
0.121093399152373 0.0718754850756612 0.0108489701836941 0.133276411663633 0.0968146668418594 0.0181946554897783 0.134891569999988 0.320474658258442 0.0925301833345711
0.187417926282584 0.0174955598230167 0.121911541228706 0.138670264726901 0.120136516330408 0.21346387292946 0.0424968223263339 0.0747855938651985 0.0836219024873924
0.0149701056972703 0.0226054788924639 0.199147898163575 0.137927671345313 0.168551041345317 0.164801400367908 0.189185917154877 0.0164218391516322 0.0863886478816447
0.123285148760791 0.180196895023012 0.0929767078052936 0.134806071695481 0.0852452949000844 0.0455915126790197 0.066886010366892 0.103466298371182 0.167546060398244
0.193469466232363 0.21314150084795 0.138052876151046 0.138617815783776 0.0556433760114603 0.079492731379194 0.0266847311680229 0.00232513087645117 0.152572371549737
0.195981169713247 0.0526699668785733 0.116880168495433 0.204246537218702 0.0116852983805322 0.114323858774235 0.106540928030153 0.122270442328791 0.0754016301803341
0.148394763288435 0.120904317463578 0.0971196317982071 0.0943163573448218 0.186446472184531 0.00575213459155157 0.12191186421629 0.0877336483301093 0.137420810782476
0.0707858602863452 0.0130317779242071 0.113362304279183 0.0463810452659956 0.199205427534203 0.100391962027724 0.200739890196359 0.123718972497545 0.132382759988439
0.143994837740299 0.149962789813415 0.0210736927854668 0.170206662986346 0.155482108211481 0.0205064898222288 0.0538299371495194 0.162698773235483 0.12224470825576
0.159125204222184 0.106637077510856 0.0870815112242554 0.0130950117563 0.104793774817687 0.148517356028007 0.0672858258076249 0.161064107775725 0.152400130857361
0.0577384688406172 0.0852252130937009 0.168625347859636 0.134135106558863 0.227433717490976 0.0800243111125452 0.0356521619276027 0.134564798825742 0.0766008742903163
0.131679048916676 0.250347730419789 0.0132483915155329 0.0142363036998167 0.193295968065671 0.285741108113993 0.0224225732123108 0.0514249776567466 0.0376038983994646
0.033864367235064 0.0469841017680653 0.202072216576257 0.00990993527007111 0.164599627340161 0.116803506018548 0.124416378101848 0.156986310538412 0.144363557151573
0.158897992706035 0.133192348545779 0.198245139713075 0.0410303944298958 0.201166717965114 0.00687754872250411 0.142002408516301 0.07546113714351 0.0431263122577852
0.175246466455957 0.0453378399000227 0.0396872361458553 0.0724297444958829 0.227105892936553 0.0954961066510832 0.0770862723773408 0.0671901861216985 0.200420254915606
0.0381580542321693 0.12157169758662 0.0478983533115555 0.196233938423278 0.158879101351199 0.127135570133549 0.091243196750469 0.0857897337062704 0.133090354504889
0.124848078849604 0.139436940956932 0.155956875942811 0.00552286402037051 0.109496254350444 0.0697577979063545 0.106590750916952 0.175775876619907 0.112614560436626
0.138005138089357 0.158317431584149 0.0677332264778903 0.0604597369724439 0.0621959409719015 0.140725369755542 0.0761263062950139 0.130204341756987 0.166232508096716
0.120392480926507 0.0994354370108105 0.0954908894967076 0.174545558549648 0.0643296249884181 0.176829562907107 0.0678908938791506 0.173328769613075 0.0277567826285755
0.107282454653412 0.173233938615562 0.0447291516293007 0.170100305244443 0.171463849999294 0.0174839445655641 0.0886449361641508 0.0872212545156098 0.139840164612665
0.0438072003323443 0.174091767954058 0.148113790121091 0.209485384292859 0.00118375308467254 0.109656427651809 0.116108360878208 0.14541377897652 0.0521395367084393
0.127044155485164 0.052512837853247 0.0837306418913373 0.177603674447392 0.17559118170161 0.140305907756233 0.11965699595753 0.00240646404917694 0.121148140858311
0.0852073389918663 0.110969816481285 0.0476142937450411 0.259469792148858 0.145326343071224 0.040592115387775 0.167383375828425 0.0559235400481369 0.0875133842973888
0.170218474354116 0.100228251135407 0.0245943882964446 0.136823157361536 0.189782618390913 0.0404462639749995 0.0783904102468112 0.218553152776522 0.0409632834632501
0.15547557505079 0.134342837711206 0.0269268407227111 0.139935392654481 0.0849046377510178 0.175440785362567 0.0771645541913917 0.178758018922922 0.0270513576329125
0.235848330787234 0.335997625521914 0.0467914197386324 0.00319375699537602 0.184364428341394 0.081393846054575 0.0130881539617229 0.0240683097739898 0.0752541288251618
0.201384530519711 0.0452010349218769 0.0913314443725721 0.0672864088754991 0.0826716745083105 0.0994273754569385 0.234594241813405 0.0107463428752929 0.167356946656394
0.161117946725893 0.00995042456823741 0.133713371101384 0.162814216191436 0.197239061007235 0.059956531497007 0.0089168047800306 0.183155202294038 0.08313644183474
0.188913327892765 0.0764934931234536 0.116634726272911 0.101577853391942 0.142027992668777 0.13849882727701 0.0221472473593918 0.0787523208311339 0.134954211182615
0.105794956761641 0.117011174614694 0.0827087256560133 0.0264714139825971 0.0812480808049661 0.189514426479232 0.122384943081094 0.0838566735215146 0.191009605098248
0.169129025328681 0.201082126832727 0.15668736469252 0.0067150090948294 0.0430598502787249 0.0399084992174236 0.149722547960329 0.100494989670867 0.133200586923898
0.0116660608009165 0.157087022341808 0.00437766779698988 0.220748688048701 0.0164061196919356 0.0545045743591766 0.22803577896953 0.17051155230965 0.136662535681291
0.133885386630216 0.180426555083461 0.126347631388894 0.171404681573646 0.0906709504592036 0.0155110788278307 0.202159532429426 0.0735121297780745 0.00608205382924847
0.115865242291943 0.175469937538676 0.0239367103295827 0.210900662768154 0.1544679722646 0.0127062885558231 0.113554595377722 0.172076440060441 0.0210221508130572
0.252210776621039 0.14961081118534 0.0651592467856266 0.015514289367009 0.0373214322304184 0.0977856707063405 0.0802788061010225 0.20301355594172 0.0991054110614849
0.0676052455856751 0.148065565596738 0.0771329887220362 0.15251228108979 0.0774683857909058 0.0861242841691244 0.136146372419435 0.142023655327623 0.112921221298672
0.0355265302171555 0.124252550249332 0.198342147635918 0.154166297767926 0.128019589683384 0.0771572551002064 0.126416089434874 0.0870740407442831 0.069045499166921
0.0993135531366096 0.185054889959927 0.0272835643166204 0.00893821785910049 0.0166079429937432 0.126883459978984 0.152790875828577 0.195285836524259 0.187841659402179
0.0863546174251673 0.176481457151153 0.182751152279372 0.0173303162572044 0.13635571642336 0.0075473132882243 0.140008402044983 0.0684766290948214 0.184694396035716
0.141806851549764 0.120442074087993 0.104507225441927 0.123139144037054 0.124382781034124 0.187214481744226 0.00579329477149202 0.108070201576249 0.0846439457571719
0.182059272037474 0.0346508325827298 0.105515761894408 0.155049076018482 0.00494339613325291 0.135638502965193 0.0815271904827757 0.200762760286437 0.0998532075992481
0.142055111202541 0.157542175355181 0.0381921440880601 0.224242286619263 0.0232854611556001 0.141020036760832 0.0618895227830135 0.0543015255290125 0.157471736506498
0.165924114016013 0.117084110347401 0.120964007106985 0.101358521413803 0.121226247491233 0.130732593660174 0.111663279325718 0.0977807564726285 0.0332663701660447
0.0078795133484117 0.164361281075987 0.148573300345908 0.0615165835808788 0.106709344120941 0.10246493418327 0.134903711473985 0.160737511690152 0.112853820180466
0.151918565576076 0.10969551271132 0.0205553171386157 0.15546314828239 0.182382852561509 0.0973436838510172 0.0605596969836186 0.17719482599371 0.0448863969017433
0.00546489469504365 0.154214669532856 0.0413208378375146 0.0591616264105164 0.0954095282459413 0.186417420739842 0.229958479294237 0.0263753705867398 0.201677172657309
0.0993640468218714 0.0681430851767191 0.16315520698033 0.211521126983723 0.0295495442011295 0.0527389931238702 0.169686019033204 0.150761534027028 0.0550804436521239
0.0721300890939884 0.0816592395862804 0.0621453603740438 0.0936183875510165 0.148931601729831 0.136735397496167 0.150106153416493 0.122427722658772 0.132246048093407
0.0699392584255941 0.212552255134702 0.192278573277349 0.0122163825553169 0.194033718185944 0.0206653199046344 0.0896118310460376 0.044703831853281 0.163998829617141
0.124500589977693 0.122910989282446 0.0790214333778443 0.125733942636913 0.0667546709312173 0.152911109314168 0.0707344213367991 0.145267544178487 0.112165298964431
0.0988065772516581 0.215030227958901 0.0550543427603168 0.134401865805856 0.0231923717475481 0.20973801106648 0.143471224700187 0.0349266035545103 0.0853787751545422
0.0631755999097464 0.192379188937932 0.0321456172479387 0.0476004043567209 0.130147652831079 0.157066456932788 0.0357059569281818 0.18808646217989 0.153692660675723
0.141958340098572 0.0356836235794716 0.147979006445926 0.0859765358047383 0.163018011649587 0.126163462426781 0.123867015683347 0.0681909513985688 0.107163052913008
0.075120982441407 0.00758889412834531 0.112968259662824 0.135146901056104 0.167821597462008 0.0915790012904489 0.14083921724078 0.100662041053922 0.168273105664161
0.118655285795617 0.0541558393931173 0.167087388774916 0.0702888541827555 0.170446363899461 0.00278842798179698 0.0502566677305746 0.143695711045804 0.222625461195958
0.141304034881355 0.0498285113034531 0.188775017361903 0.0985648317851207 0.163226712805571 0.124528499871965 0.100701537153276 0.0146689305517144 0.118401924285642
0.171534073514745 0.112575588870917 0.06908125365781 0.059113473095419 0.0468581541368486 0.0568628410554078 0.240094652040028 0.0277792489922677 0.216100714636558
0.129349783621593 0.14437594998093 0.067210536547293 0.0957759490213145 0.0719673342446575 0.0868554712331061 0.203086132500219 0.128082078084221 0.0732967647666665
0.129949323363769 0.109654280625206 0.000319077486969863 0.190909857974729 0.0435205253665218 0.159076885706245 0.0332551995299654 0.185746472986446 0.147568376960147
0.123141527929951 0.115756088615769 0.177162901251489 0.152735212553641 0.13038297376434 0.0504797362405172 0.111281484189457 0.0277992593726769 0.111260816082158
0.092339093307345 0.114197072542632 0.0599964771710504 0.108488985893481 0.19641638147109 0.161143632746135 0.202997506135154 0.0120543114962669 0.0523665392368456
0.164201480451319 0.0884323413022435 0.0120047431875518 0.0169672902445664 0.0851072318787911 0.217833497359781 0.112892216048678 0.111464235144166 0.191096964382903
0.117339189923555 0.0962877245085953 0.108172291575761 0.0367366948846848 0.210734258900233 0.087295434939154 0.0886271533018924 0.0848471046204968 0.169960147345627
0.0250113974574543 0.186839895105151 0.19112965726311 0.158326318757683 0.0577857525214458 0.0397905238230536 0.118449329880353 0.140530287946556 0.082136837245193
0.244408677468404 0.167891644765437 0.0673332417713404 0.00939346672070803 0.0401349605608752 0.175944181096452 0.0483405741228777 0.121950601851013 0.124602651642892
0.103589060306199 0.100397532302007 0.154749570376983 0.0887413703249555 0.0330758562957328 0.136915109450363 0.0800529395166184 0.14654890929592 0.155929652131221
0.193149114986873 0.025963640717144 0.076190516061553 0.00441382866712322 0.0349825411681781 0.19750083572291 0.158221784045989 0.187010951724022 0.122566786906208
0.00990178627223508 0.112711920116578 0.23870123015306 0.172119165261661 0.00482229998812688 0.149698859856832 0.117056151438209 0.178686591756485 0.0163019951568129
0.0727308975016549 0.064668880462109 0.0918130526788366 0.192168700176617 0.133027426527505 0.11842902246406 0.0814135552778189 0.1562699319453 0.0894785329660989
0.0837001685003025 0.192863679454566 0.226466418607029 0.114185038409527 0.0941971876290557 0.0229870402656151 0.0715257271635891 0.0951771772169566 0.0988975627533598
0.0168560040999686 0.113689565783971 0.167202457693039 0.172413554539306 0.0246105566643818 0.164927929869474 0.102670216942578 0.0314551068984168 0.206174607508865
0.0255345775896659 0.156902718756887 0.139611319850053 0.0190992712165002 0.106327189271279 0.171635752544625 0.166535776568615 0.0955040671210187 0.118849327081356
0.184834361461272 0.0143809393072946 0.128979004287422 0.0242373581049754 0.122078603450157 0.179441731068446 0.129947400377356 0.208094465513259 0.00800613642981613
0.0146160299434507 0.11715986192683 0.0250466174681722 0.105650839491475 0.0888341940904037 0.148397152593701 0.189556342725708 0.0969597378470781 0.213779223913181
0.101731282200235 0.0157469009354254 0.105476253635838 0.11432653698656 0.242827194719855 0.23406074473593 0.0354403023254189 0.0863633597837274 0.0640274246770107
0.11790361119722 0.105216495156134 0.217224373596973 0.0863161036100383 0.227711660412644 0.000101189417571394 0.196069135517399 0.019438673863376 0.0300187572286435
0.110923549752973 0.181968612854104 0.0594203783697561 0.17555634775038 0.0856739811268177 0.0231118113416465 0.0830994044264531 0.150366481682467 0.129879432695402
0.0452765463619608 0.023353265128333 0.028668818954166 0.0226804878213957 0.216963173867144 0.237292007493541 0.135873712516397 0.0401964850702173 0.249695502786845
0.0109728797351814 0.161255868421924 0.0365737577721995 0.0635271864752248 0.153208778636035 0.0448215621635113 0.106561746255918 0.218467282391634 0.204610938148372
0.0860192810186526 0.0767114306130525 0.0738237006310803 0.00729778553485327 0.118539602726272 0.120882868909224 0.0855337187855928 0.354424771059978 0.0767668407212943
0.162510090362511 0.00176523198595727 0.0731996887797688 0.109847452828394 0.0982282516286372 0.102989945754452 0.0667311600901221 0.161063196042878 0.22366498252728
0.0700692648853557 0.0824596272053744 0.0434423483732815 0.187407170378713 0.174203400678449 0.0987109544252958 0.124293965224119 0.132368645024844 0.0870446238045681
0.110730734217528 0.127646646895128 0.0985109964895697 0.140036370016527 0.182742650896577 0.0710306876740421 0.180884750695888 0.072955089637975 0.0154620734767659
0.108065671132334 0.0894618925744799 0.0494807009860557 0.135914227876543 0.287741242053158 0.00619641375897021 0.0679279994479986 0.122302201207819 0.132909650962641
0.0387673566582566 0.158446543045212 0.143282534991858 0.0281549909656085 0.14251518474993 0.204355835244824 0.0870271391294631 0.155910327053158 0.0415400881616906
0.0290765013766832 0.135288301767227 0.107086083512936 0.197214895964298 0.0789721249104167 0.0177874468943227 0.0513134954242769 0.239159715607412 0.144101434542428
0.0946178711155543 0.142601209896485 0.171930448710439 0.169348866893958 0.0718960473667946 0.113205013483376 0.0818187371774528 0.0195338685733017 0.135047936782638
0.0310415228805906 0.120869351368186 0.241990114939922 0.110193206039771 0.0243918663757306 0.259180377943553 0.0122659197876699 0.094574889255806 0.105492751408772
0.186959291545892 0.0309695617064306 0.184620189978898 0.129999386015045 0.129054945729351 0.123832056036265 0.0597521710141628 0.0133230397554747 0.141489358218482
0.00778250041163249 0.184856346756367 0.135022151904372 0.0100413460768759 0.124602271766589 0.11478656586426 0.161520428406189 0.141739009647814 0.1196493791659
0.142553630174919 0.162843094565803 0.0395005529417548 0.0735755710120775 0.0332369257909928 0.172947802340608 0.0547387674489786 0.175200343321152 0.145403312403714
0.150635514561678 0.152342233798509 0.150826558462801 0.101128631887568 0.0391989832888019 0.0788704563647272 0.114030861919906 0.150677664780941 0.0622890949350692
0.218278626076738 0.00836362953029701 0.218401857037171 0.0255176260350789 0.0547690551669805 0.155150064871924 0.128742705810041 0.17178552986398 0.0189909056077898
0.126322894596513 0.173943899560958 0.139629413050114 0.00961370868806619 0.171358675205401 0.11116806182009 0.0731888135526354 0.0512483157982138 0.143526217728009
0.20382120930209 0.176362854650821 0.00669925897530297 0.0488934030682207 0.0559736186675273 0.103717208899282 0.2287688050926 0.00829122540728637 0.167472415936869
0.0389144495655328 0.0935812979270099 0.163052725636131 0.128678290235471 0.106883447791173 0.00776090326757391 0.163366241288102 0.20028794777625 0.0974746965127577
0.042164680265315 0.136638832530083 0.158150575924882 0.0739497528639514 0.120585281844975 0.20919261617222 0.00837624533442541 0.157029602057982 0.0939124130061662
0.100856787662789 0.111543352698345 0.137455381083203 0.103098007203494 0.169572090408156 0.00387203422194362 0.127392274787748 0.111264225054748 0.134945846879575
0.0386404943189747 0.0472722906923115 0.161328783699472 0.0139543287621256 0.231485971339147 0.00272667712976098 0.156549323218818 0.127194149410266 0.220847981429124
0.19960143546197 0.0268951057650412 0.196716607003948 0.0562713893626298 0.0445286810418431 0.0444751542871273 0.141410662879539 0.119750721920138 0.170350242277764
0.136091440811406 0.151496691629124 0.00939337203093169 0.0920089271082083 0.168361551208596 0.106850879244264 0.0458907540878846 0.246755006111208 0.0431513777683767
0.133385487514567 0.0616878965631011 0.0361710951922772 0.0973356164823183 0.347079981997842 0.00822705554060789 0.22577124501489 0.0722332644629321 0.0181083572314643
0.229544980278112 0.121634957830797 0.153325844918163 0.0879641700676786 0.0554265066336534 0.0532806797073986 0.138188568151407 0.0362880266528246 0.124346265759966
0.132716907864511 0.172229508900525 0.168644193326324 0.079107763758214 0.173872385622128 0.097938298199806 0.00486023639304501 0.00539189746122073 0.165238808474226
0.015196792543469 0.04414412225588 0.0843416171289263 0.0104603805380998 0.296066172268255 0.0662536807528737 0.167856323364427 0.255797053946661 0.0598838572014085
0.00226953220307062 0.200625041645481 0.0287849113517006 0.160883116587215 0.127316460117585 0.0871608766651894 0.0924810886621768 0.162974167468358 0.137504805299223
0.192053348476402 0.184714251704407 0.135805309805238 0.122079752275644 0.112055701834054 0.106161455216126 0.0152244000663536 0.00977203410593642 0.122133746515841
0.108668052652392 0.035004137809514 0.184472553807866 0.216126596437304 0.0139816365000656 0.207145239214056 0.036585208206022 0.115109446982822 0.0829071283899588
0.0471990410832438 0.156163778716456 0.258817221543415 0.0919460827478553 0.170338520293163 0.0596741826251973 0.0167152164981697 0.0439099179179567 0.155236038574543
0.170168957152345 0.180681099436776 0.142143499952972 0.042391204306716 0.164400653395376 0.0845896150385803 0.168285732031992 0.0261768706830097 0.0211623680022325
0.143174070147278 0.0834484095195694 0.020111527002971 0.112497189831769 0.200136447305433 0.0326760721211185 0.18081247107091 0.0344722759120841 0.192671537088867
0.135839408857714 0.0581324946666299 0.0479847495499189 0.0549570745506237 0.0987938837716889 0.160636532198308 0.148330420188326 0.172104869459013 0.123220566757777
0.00954835689508202 0.0940590819944326 0.190536384577975 0.0426216319336811 0.164262128446366 0.204218802445803 0.0434858426665373 0.233904765481394 0.0173630055587292
0.0017229228296253 0.193743367556181 0.224802851441685 0.0117989319572745 0.122143478343271 0.178706313053307 0.16372167555654 0.0661902246673502 0.0371702345947665
0.114003515649541 0.0717186733608209 0.103614222220708 0.0128291582760024 0.252673804532997 0.0591897195350471 0.087141797297506 0.168366428556424 0.130462680570953
0.0988546164328674 0.0445862889242358 0.183002849351793 0.14333020953284 0.187617182112806 0.0627336962834724 0.135062952880706 0.109436571051939 0.03537563342934
5.01965923234869e-05 0.212639296547037 0.145808755570395 0.17218652839191 0.0955404555175226 0.187128873308801 0.0236070758219386 0.0945181068865242 0.0685207113635473
0.109973254455535 0.0631415070744081 0.0979560299642576 0.175553975878198 0.0869355849061918 0.0732930296406649 0.0183209584999141 0.202296763026684 0.172528896554146
0.0896845979353317 0.06992036274639 0.052736631831032 0.104480133692644 0.0783557100880717 0.110895447932219 0.18577665498216 0.152803508582279 0.155346952209873
0.11898511305647 0.0265628335872294 0.22190164886247 0.119630482953867 0.0686462379372349 0.141325668709698 0.00848131824091757 0.163875111452242 0.130591585199869
0.130213350896129 0.0371878890710805 0.0954879236725372 0.143795458378016 0.160869754136787 0.176054938823532 0.160308642364811 0.0932956800269774 0.00278636263012952
0.0325771867250987 0.120010374253927 0.0922947144039636 0.113840976996981 0.247362279212127 0.0300980844974472 0.0320751608509262 0.237712118204939 0.0940291048545904
0.0557125915108577 0.223692141121389 0.0761378423687812 0.0497177874082732 0.215400715171232 0.129915216713019 0.0602613518796855 0.145588913191238 0.0435734406355238
0.119622661974203 0.161539255699037 0.064221842523784 0.121087404897259 0.0878444795689648 0.130823319694364 0.140126826502642 0.169434739233866 0.00529946990587983
0.233865709767599 0.104443004625376 0.00372733851828091 0.108231243679598 0.10099552168039 0.00318969667644192 0.119590088347897 0.166475839719146 0.15948155698527
0.0555754453962405 0.0632367958065203 0.126284665570022 0.0561830623198694 0.0514162752212027 0.197705234722262 0.114466087798587 0.154320229013173 0.180812204152124
0.0527444620338242 0.0992157165844281 0.0202370375078177 0.162346616523824 0.172251051705431 0.0108442407372682 0.0108132468911675 0.225199008520595 0.246348619495645
0.186862713051253 0.048504861954699 0.114375646847452 0.0101304843833158 0.162873256653738 0.199500837751035 0.0487756249057111 0.0596490007960177 0.169327573656779
0.184963650690054 0.107168473863431 0.143489668394428 0.205070482286621 0.0190863380480618 0.0407493395292132 0.173435231823597 0.0825013338370245 0.0435354815275699
0.16523167419815 0.145098781986841 0.0798649506358699 0.00904639513261115 0.0536939429932027 0.0770240901514204 0.110415771791311 0.24951448980466 0.110109903305933
0.0118758758148963 0.152205763197721 0.0233933547838742 0.24954824752076 0.102246123568643 0.113378214380644 0.107340010917177 0.130678863874196 0.109333545942088
0.0449997916292004 0.252116374894112 0.122845564771781 0.128492896261992 0.0900814817502522 0.0701109814852764 0.0550138127795399 0.0774850612274695 0.158854035200377
0.0391166610045291 0.0991035346740771 0.162460610474704 0.120403163948502 0.128850263579783 0.0903654419393707 0.180679980925166 0.0862667885527969 0.0927535549010721
0.205276038233427 0.0606686368247648 0.103679327084902 0.0339735134782785 0.0643778823774158 0.171030114752472 0.0875771929254732 0.145410552769223 0.128006741554044
0.118309584468727 0.124872730616101 0.0649101730511979 0.137070605455174 0.0187733363857305 0.126163406932289 0.241314719405639 0.00124312778133213 0.167342315903809
