0.0871198563604092 0.107380181332945 0.218121340949283 0.214072351457473 0.103745183742012 0.0503248110963712 0.0272071093332595 0.192029165728248
0.104754908605758 0.161965727130868 0.159246372828413 0.167476683071154 0.132617725219707 0.15288650977566 0.0612205002238286 0.0598315731446118
0.194133679648269 0.168747650405027 0.0994609457544715 0.151381135035786 0.0433664735598907 0.0700102008905785 0.0933271462338962 0.179572768472082
0.12356217929331 0.200803566497804 0.062480318255585 0.0731595542627599 0.12259931165813 0.0320562691029411 0.187325490331666 0.198013310597803
0.0177581643232829 0.149825911230963 0.1170977261115 0.184259193256477 0.155306999909953 0.14000795202994 0.181676267450875 0.0540677856870094
0.141373540932641 0.159030552674707 0.115799467641804 0.224800454568966 0.181233822846765 0.112547061775762 0.016792477622009 0.0484226219373455
0.259812550313004 0.0131876017160134 0.0526714996457823 0.250617029956945 0.0749913036610277 0.0142264184656961 0.220802845525664 0.113690750715868
0.0306843375274244 0.183789587136458 0.182666612411823 0.00255421962254333 0.240355045494459 0.102494992358455 0.20715978559665 0.0502954198521868
0.18398785968585 0.0228606556476011 0.0741089670919291 0.227817235757308 0.130857334799338 0.160599200183823 0.0269196463740466 0.172849100460104
0.200787589192062 0.012773121119123 0.222812954277248 0.0358419413398707 0.165021811301004 0.0741756063798649 0.21930997871455 0.0692769976762769
0.0799657225887132 0.0481722587939158 0.0785641030510276 0.234105679518991 0.19714552733341 0.105097468303167 0.0921686784520149 0.164780561958761
0.17674362215182 0.158315836139442 0.0526021641624022 0.161112331786303 0.130142399157421 0.141530243866364 0.111226646292115 0.0683267564441321
0.235535022064364 0.0641427831381666 0.116645140149612 0.0352478838643563 0.0579064793536457 0.204770173460545 0.0919084482123992 0.193844069756911
0.166492336107808 0.183097509098799 0.129111971108156 0.163623733999453 0.0999867714414634 0.00647842241692974 0.108821078924603 0.142388176902789
0.120301949407395 0.138513707336311 0.182502445139353 0.117614522216647 0.0791669919793047 0.110660034597757 0.107723420317696 0.143516929005536
0.139811930787729 0.119427502300093 0.152418876602711 0.103527757034488 0.122541345962947 0.161946293089083 0.0564604130552939 0.143865881167655
0.120370540053048 0.169249505980378 0.0644020437180132 0.127323419504447 0.172461687959322 0.207177273486235 0.118158136974093 0.0208573923244643
0.14958547282189 0.281714780633604 0.118936310280723 0.141666460259687 0.162530683307236 0.0423403260824086 0.0405211289345708 0.0627048376798808
0.151333704048808 0.100823700677151 0.146819298922162 0.119637908630976 0.113521731002556 0.0976555366613951 0.113379726705403 0.15682839335155
0.11428395840097 0.0502615830498728 0.0518675231325988 0.113796081531964 0.0985274578167659 0.190067265168407 0.219094675244498 0.162101455654923
0.198519654955157 0.0824013795750064 0.0201607571500489 0.214955951308987 0.135632153326108 0.170812519794384 0.080170810135975 0.0973467737543333
0.166292142285021 0.16471986702649 0.0251846642975302 0.188551293358289 0.254441288181044 0.0535596195072385 0.144013127802797 0.00323799754159035
0.104616923289992 0.207128442948115 0.0334752195692959 0.122726995927093 0.166268891934358 0.14203320386367 0.0864669257580752 0.1372833967094
0.00534171723804731 0.229889120887757 0.159769161371715 0.0257376529579116 0.128463568358277 0.128182265570261 0.209300903708765 0.113315609907267
0.131490262606994 0.10315105220785 0.0352314751212058 0.195354537143094 0.160715077848653 0.0998916200130021 0.0692280278729057 0.204937947186295
0.129327094582847 0.0452679050437606 0.118476559551758 0.33500767788351 0.122209779686054 0.0913542113926126 0.0100304661145923 0.148326305744866
0.115030097872347 0.0981557498932787 0.0862709156096256 0.151940723118475 0.15756654234571 0.160352765816483 0.131439301071342 0.0992439042727376
0.150167422173081 0.134725020385322 0.169800997206195 0.157029981214705 0.148691146090643 0.159403982896734 0.0189861537242106 0.0611952963091095
0.146245618954154 0.0451195540605894 0.140307395449578 0.0363475182947869 0.0918720397058374 0.257623378124267 0.163787894642997 0.118696600767791
0.212409312104675 0.0133921781160587 0.151824643366474 0.0552607086737463 0.0643876999186426 0.228050199046644 0.174669454261467 0.100005804512292
0.23348103729394 0.0480153163529865 0.101784515214044 0.00256572678009775 0.0888287889552773 0.273868964719878 0.234791470281442 0.0166641804023341
0.0317667903939007 0.331396028609078 0.132988864244858 0.106110363234345 0.0215375205809224 0.2168169850807 0.150068953977022 0.00931449387917363
0.173254477686687 0.213153573525584 0.0123286385250626 0.155025689760079 0.104513281857812 0.120990632328076 0.165879459086584 0.0548542472301148
0.0533561270928814 0.107712961166907 0.190988331822633 0.222762941227947 0.0477109791201215 0.141389956789705 0.0551668223394379 0.180911880440367
0.139513490274855 0.15528330765021 0.170156460157582 0.0102028692062494 0.125568803917554 0.210802085845267 0.0717975084870763 0.116675474461207
0.159360282511579 0.195496867408178 0.0915186253206452 0.0598558486776162 0.06602183998788 0.176770842887821 0.220196426541734 0.0307792666645473
0.0736827205023441 0.054623997352267 0.0342577085253478 0.165343708810737 0.118374702265777 0.340928422195626 0.0545402367902884 0.158248503557612
0.168516858190487 0.00759150615649297 0.242048642844735 0.249041133826187 0.132791720237492 0.0427330142504249 0.00299066751141389 0.154286456982768
0.0387442379066059 0.161258280907023 0.160580923995828 0.123961498997049 0.222217282404197 0.187181011844784 0.0216514358744991 0.0844053280700143
0.0306369677309663 0.0918089215042232 0.213261038561772 0.198059161512461 0.103458411489322 0.124786550098803 0.216133196483127 0.021855752619326
0.126684561664494 0.00982038500740199 0.165675238482909 0.0834685605697671 0.220873004318544 0.0805595954184351 0.13810561733796 0.174813037200488
0.0498475419365399 0.067339727789585 0.0269030794921132 0.239606527201914 0.131729916682147 0.120849875716341 0.106610357329268 0.257112973852092
0.13390966350255 0.153241975819617 0.235785414967955 0.0776809545040062 0.155086292491019 0.0340042340705038 0.119379172289565 0.0909122923547837
0.103524055763757 0.159080762196448 0.164253410388496 0.0944955693966971 0.0589613071233655 0.146756492661079 0.168706529640615 0.104221872829542
0.218013153458134 0.0616778726397832 0.187869919837012 0.037351565632078 0.0145185263868607 0.167800451275762 0.163243915619259 0.149524595151111
0.00537421975102494 0.156699336521424 0.314058758493641 0.0827518374681153 0.219042899926247 0.0504489301429522 0.0622794083680039 0.109344609328592
0.199273139494963 0.0158931595636804 0.200656818359894 0.149233962863568 0.122606732597155 0.172987860331237 0.138610353019592 0.000737973769910131
0.00924551366126206 0.003572871512379 0.202206903948156 0.0585263265508354 0.29339518909977 0.217866257819715 0.114711059121278 0.100475878286604
0.0181723885407262 0.117599556963157 0.171959213613855 0.0169482675688159 0.265330933294134 0.0100777058171351 0.305056950343917 0.094854983858259
0.0259074747841769 0.191951071249943 0.258907559972272 0.0166764835936422 0.265649691757778 0.0663491539183153 0.083014468498397 0.0915440962254758
0.181770548376205 0.112002798697591 0.115319290679436 0.104074233911668 0.153102961307041 0.0971243023055326 0.0622890935467745 0.17431677117575
0.167574509381569 0.12965985664086 0.176911846790301 0.0265057194281185 0.176290680376338 0.138956496637238 0.137075204681476 0.0470256860640993
0.143659321882276 0.0994709528555074 0.128105388640399 0.0512211635086873 0.251680290406775 0.278089650058539 0.0445121783446886 0.00326105430312744
0.112877235440119 0.173965013509744 0.216379330894725 0.0766619118613834 0.0366531961182421 0.140791279511652 0.153959626034689 0.0887124066294459
0.105786311796099 0.0686702836224745 0.128906567701267 0.269871816327403 0.0401006830026021 0.121371975511587 0.0626364818694793 0.202655880169087
0.142075152045583 0.132603928836875 0.157120053956234 0.105753715773098 0.0137331128456791 0.18874415638203 0.139977083301478 0.119992796859025
0.155680882846966 0.162869456364494 0.149444670307746 0.172861494754917 0.092691209121617 0.0401904846666092 0.131201521957357 0.0950602799802941
0.139540969918963 0.142063570727211 0.125056479513861 0.144907015308733 0.145352729063543 0.102728435249993 0.0680366132793519 0.132314186938344
0.16167494220296 0.17790415200502 0.0688537322036027 0.0707980484740285 0.193085866248914 0.125095450138119 0.0530280407548938 0.149559767972462
0.125918645832288 0.081953623075756 0.133030724394297 0.106215774818818 0.151576519395056 0.140404129289606 0.118558471318387 0.142342111875793
0.0601891478449464 0.0771710275895016 0.0945261507898704 0.0663635204081498 0.297426941780444 0.0425243361996393 0.107182320976998 0.25461655441045
0.120996072461565 0.0388812672405038 0.244215776691556 0.052392412674041 0.214855068912873 0.060396285380315 0.027254772138204 0.241008344500943
0.255414771246081 0.0605978751711014 0.0164799302545764 0.0496484374717681 0.155368062502625 0.0383811918530866 0.1377973489393 0.286312382561461
0.218748161367108 0.0278430727557809 0.146990132121449 0.204548205500111 0.0490778777580116 0.0736786698770489 0.0924163221820525 0.186697558438437
0.256804091463458 0.0242166433881285 0.0123228316169453 0.261750937542718 0.13721591781512 0.0558026650432039 0.174983954639451 0.0769029584909759
0.00103507734531073 0.162694233113756 0.0389227530512479 0.286264692721226 0.162275581592366 0.277085059069597 0.0541126843787576 0.0176099187277374
0.121241649024935 0.155741848320775 0.174541216162169 0.12620275896033 0.00153167413996368 0.160842146011512 0.127252759962203 0.132645947418113
0.0195451267864945 0.119387030750313 0.0915119210635479 0.16537245764326 0.297849988928633 0.175021600883775 0.0683918179269086 0.0629200560170667
0.00178512918793739 0.123611718365227 0.0596202476291119 0.170705862353362 0.0764368613275014 0.190902447636577 0.210466030840437 0.166471702659847
0.101990012279421 0.143601244039371 0.0956122892956646 0.156881896410393 0.107812284497659 0.158648046426781 0.078024261768696 0.157429965282015
0.105068599183506 0.20157019824987 0.0452181109722707 0.114652343999935 0.131740170607035 0.13013141130011 0.195398668046717 0.0762204976405555
0.0277271726812646 0.0309034627474471 0.190179368100413 0.196795645272823 0.201729180627448 0.135748690186934 0.124509829885391 0.0924066504982788
0.175369924376016 0.172238654072942 0.193618047959235 0.0738459930287204 0.094739813961833 0.19267704858922 0.0563948128508205 0.0411157051612126
0.119801069811749 0.0987505120657506 0.0888395933423253 0.161915608007046 0.13344648178247 0.0951354855879489 0.100056453201558 0.202054796201153
0.126682227711782 0.133006879995997 0.110275776521202 0.215399227413384 0.020611282865117 0.187042981464762 0.0449558416363723 0.162025782391385
0.0284503131251125 0.140835454047344 0.0165124459171577 0.0197291292175021 0.0808558677678097 0.253486623799862 0.226585194853639 0.233544971271574
0.145661364206401 0.00801539646575524 0.125660824822648 0.253052020222507 0.157305572014621 0.018793088484619 0.0953330307133459 0.196178703070103
0.156633586892552 0.114337203761216 0.116523362754805 0.158304491377398 0.127719619916922 0.145607260947824 0.138878007718799 0.0419964666304844
0.20667867726098 0.0377489409980704 0.179511697958426 0.176142876359753 0.137285498172412 0.144360869073112 0.0881676118680968 0.0301038283091486
0.174561530624072 0.0850249472958845 0.14828016157402 0.0559195390887297 0.0567647612307093 0.206331132414777 0.148791682705566 0.124326245066242
0.0105991422695889 0.108696093190049 0.110320648235856 0.197154590033057 0.122720620616325 0.0321225357145402 0.22060912355806 0.197777246382525
0.104907568702682 0.0123833117512674 0.147157013444613 0.165980587180997 0.234364962195162 0.126750121650223 0.00490044136741644 0.203555993707639
0.16910336928738 0.106266229402549 0.124481890002857 0.114253237881158 0.166831825051059 0.174359818665535 0.00987459653909984 0.134829033170362
0.116395812285794 0.0333671559740142 0.15392049263259 0.12595491367234 0.234497692656147 0.0860300940473355 0.124119822107269 0.12571401662451
0.145433171298975 0.0229865587240201 0.108381906091931 0.15349123874497 0.0805757742868887 0.166015517364016 0.150778239504118 0.172337593985082
0.0839034511110242 0.133267128313403 0.110236477073693 0.186597387537396 0.0863858505897509 0.124290961239235 0.0655462545701451 0.209772489565353
0.20442041594308 0.141361421121162 0.16223422499223 0.0992741587409879 0.129232698304902 0.0137052383306778 0.166696266854369 0.0830755757125909
0.192943812754866 0.117598767906362 0.0543038749852278 0.122028676832554 0.0696924178729837 0.131368512620474 0.184265882162313 0.12779805486522
0.149072546506835 0.152380037757498 0.00797672565375001 0.168107610956186 0.0802111502886539 0.179692749084156 0.205821255136056 0.0567379246168657
0.0416916424417674 0.103556468760242 0.185878252124097 0.114355532246531 0.177063599382444 0.102559030143949 0.0113797077799119 0.263515767121058
0.163309967501891 0.0885177417226886 0.171360738665201 0.0666865300971426 0.115049420119684 0.132175711917659 0.196735929261515 0.0661639607142186
0.111131397111781 0.00262098608582044 0.248424638814147 0.171781691204152 0.216693921234229 0.0676143300664337 0.121714066117486 0.0600189693659506
0.0838407943156353 0.0984005048717381 0.131100453135841 0.00115876376730756 0.249706755127518 0.114485966667611 0.216412230638555 0.104894531475793
0.135903114600382 0.170978847562199 0.160415749326 0.0473308309274762 0.170587670954506 0.14454833442226 0.165471476044541 0.00476397616263506
0.163834608142229 0.155420257455461 0.0826700870077721 0.129337155275515 0.0561221481316204 0.110195137635957 0.137416131797891 0.165004474553554
0.0742127070821644 0.133805063268508 0.0438395973354787 0.226209305725115 0.12819833438285 0.162870608847808 0.0321902521913171 0.19867413116676
0.174029327495507 0.231038080629648 0.00325377625171779 0.0697480101650747 0.166907077272386 0.130661619230949 0.114252303127917 0.110109805826801
0.0948620598363496 0.120315361226553 0.17640526962512 0.205033451794796 0.193664189300019 0.105852571789387 0.0501744054449448 0.0536926909828321
0.0549161912395616 0.158528365635331 0.0593219020314892 0.0772430240225308 0.141052555280076 0.201740906622051 0.18008778722577 0.12710926794319
0.11991777185199 0.133711129794386 0.160641629397404 0.191050526825688 0.0804500944300236 0.1847178500318 0.123355841374176 0.00615515629453352
0.190936579755849 0.152946180212351 0.169877483735671 0.181442093067509 0.0626044966452948 0.111723159973264 0.0829992397877644 0.0474707668222985
0.187692865888426 0.0674036554878209 0.175065824257788 0.126620430465342 0.147082086196621 0.0911768403475136 0.081884204007895 0.123074093348593
0.077646933698555 0.0641110271455558 0.0569933098297727 0.141800786550046 0.200464492533753 0.120270818817357 0.211747523526605 0.126965107898355
0.0584470517495318 0.192894972870981 0.285958967440764 0.136179577221359 0.0852453060288198 0.0915269114040283 0.0851373996233195 0.0646098136611961
0.0623366109693795 0.188566263151187 0.113831737175601 0.228606936747822 0.133278447937653 0.195917469627486 0.00142752467795827 0.076035009712914
0.100149002408351 0.201081007738674 0.0753508801226048 0.0583810958607506 0.194893491315264 0.176299720590583 0.0759891202811773 0.117855681682595
0.240160664180422 0.130148515345789 0.0554038292715303 0.0450418845509065 0.0653251647861332 0.127940615747167 0.184740067362739 0.151239258755313
0.0910442090840639 0.275390721233349 0.0713336098019625 0.0219770718822372 0.274080226693153 0.1037837858251 0.121033051175276 0.0413573243048575
0.168934508309797 0.213203195144902 0.0158288418091985 0.239774793172652 0.0409342759648618 0.146620506744385 0.0461465912763547 0.128557287577849
0.0156041791205146 0.281355349887866 0.107647238968875 0.0326609913290534 0.0886241143745514 0.0437392545806378 0.263831869702862 0.16653700203564
0.0120455681842355 0.0542301717886484 0.232829967919729 0.200096834659549 0.137321427662161 0.234507052595455 0.091242356274272 0.0377266209159501
0.133062716491721 0.13284874898555 0.133455886974118 0.131708848181694 0.139339251327131 0.057910503113915 0.115218496155382 0.156455548770488
0.160290472028666 0.141497497226865 0.156374696591088 0.0479303085250249 0.174734643073387 0.0210946081613901 0.171914854102955 0.126162920290625
0.0901698249046163 0.13964478429813 0.158665088615801 0.0126062347842888 0.0849969664435178 0.142479330119084 0.184012210982967 0.187425559851596
0.157061802168919 0.0380249880931982 0.0417546089371421 0.0308252623675169 0.260890526659169 0.180550667254674 0.0325484603563098 0.258343684163071
0.085985323192489 0.00685403960924732 0.226677566568162 0.0787698859240448 0.126811192893754 0.0922786489472358 0.196635411281938 0.18598793158313
0.0554714068390207 0.0839770952740187 0.00268652180354292 0.194472012426794 0.161988554003559 0.111608787302204 0.291124159327632 0.0986714630232288
0.0824331872227755 0.107819694174625 0.0111225990960516 0.183385851170216 0.200276817943621 0.177591365595414 0.116206460660802 0.121164024136495
0.189036713729783 0.105497406957229 0.169329967686229 0.196811673005379 0.144304010311449 0.15806186722006 0.0352837776282731 0.0016745834615975
0.176336032141097 0.151222902204709 0.137665341443687 0.152910877953333 0.146255543862818 0.0513502074619432 0.0698071410029487 0.114451953929463
0.149404665928623 0.160565712605309 0.104791345501863 0.172693758182148 0.165643630482096 0.0771612300576525 0.145001608842945 0.0247380483993648
0.210391134150908 0.139192203422601 0.128911058931615 0.134371503468317 0.177387863897174 0.0959224372806615 0.0791187075288285 0.0347050913198959
0.190014277599093 0.101809344611736 0.165205375631895 0.194529631530333 0.0889569367455829 0.100422042004311 0.0327404423394118 0.126321949537637
0.183838349967932 0.0684835567231158 0.0333790266254039 0.1540457513342 0.282137803193223 0.126567057407256 0.0792499555206561 0.0722984992282128
0.194448868840995 0.154125452637879 0.147573819267614 0.0630987403355567 0.162819669178314 0.142514767679022 0.10026350048271 0.0351551815779096
0.187894736361619 0.0746273303977806 0.16020972277842 0.0947601881534707 0.00700500179897449 0.160609407208924 0.0923676427277211 0.22252597057309
0.118898809354525 0.142835171352561 0.151983792802239 0.139454327097228 0.0516172223777946 0.190187796829067 0.0994925757610206 0.105530304425565
0.150241320895197 0.027480719762571 0.128470390157903 0.191811563257532 0.174411851466137 0.183278582216324 0.0121411178001267 0.13216445444421
0.20807723245768 0.19005292665071 0.0674629038761359 0.1588140826776 0.0954945312565482 0.176361726204291 0.0769051582812829 0.0268314385957522
0.164177831157285 0.10447409663482 0.135015099362177 0.163132001185206 0.0760012559744869 0.0656454782555695 0.127203439848516 0.16435079758194
0.178855408200859 0.209834892714305 0.151658885853698 0.124565875558757 0.0903996462232777 0.000246576289129119 0.205840677395601 0.0385980377643732
0.100386232814759 0.0682076984480766 0.189924220234454 0.155087341009761 0.147281375799726 0.101295996560129 0.108568989991245 0.129248145141849
0.172123180152407 0.246617110798939 0.0695713990372976 0.16945078311497 0.0564190442770323 0.0431457308977106 0.152822349240988 0.0898504024806555
0.14183456106916 0.0718900516894552 0.117646651252408 0.112543378780908 0.105766692028072 0.120470264510934 0.309613336631581 0.0202350640374816
0.0828468022479813 0.0909340149766869 0.204971579674828 0.206634641211921 0.157823931656261 0.0136933445023126 0.04387628656586 0.199219399164149
0.0620445718954309 0.146962537037816 0.129770912525729 0.15560416627941 0.034216924913843 0.175280225691287 0.166025006727487 0.130095654928996
0.111956322676564 0.0225273144276501 0.288726855323903 0.042706772248483 0.079145713868123 0.152743738009799 0.0202245993673984 0.28196868407808
0.143151867259588 0.00331129146692301 0.132606730058053 0.121487986232319 0.126325847376199 0.179939568514921 0.27255520373169 0.020621505360306
0.0298153063797942 0.0864586846522328 0.00357206288856167 0.299315280158542 0.120131077632661 0.32143104812757 0.0721375818123415 0.067138958348296
0.00612916613273189 0.157645999627966 0.160906356484594 0.193071342796051 0.153213972290313 0.0984491418922895 0.167143157135085 0.0634408636409697
0.130300584636607 0.130308132439994 0.229768587610611 0.120964077934535 0.216551578859884 0.0611105798858066 0.0541181094193999 0.0568783492131623
0.0910856248862603 0.165587466816273 0.136675730046044 0.212509640490365 0.0134754483656373 0.120512526300329 0.0769950445916788 0.183158518503412
0.0137253965747809 0.0502168428787231 0.158483590970122 0.113320520954867 0.174292347069724 0.159711369469519 0.148410656819946 0.181839275262318
0.163861280732148 0.196798180968434 0.0969853028696242 0.0198271412355884 0.272283082642124 0.140962720381979 0.0219965278053998 0.0872857633647026
0.194531256936764 0.136478365249546 0.122243838513686 0.188351666163084 0.019275639478727 0.0598394220230617 0.116166358240066 0.163113453395065
0.126499471078942 0.218220590042414 0.103475649738838 0.164349918413066 0.195777429995088 0.0065483421400017 0.0457697810259965 0.139358817565654
0.14716622000479 0.0414542158002791 0.149558312635174 0.153408150036803 0.203165170924134 0.105562229306453 0.0357302280050955 0.163955473287271
0.0364176510993285 0.197601956164681 0.0334100709880573 0.208889733105012 0.187352842774767 0.207574499653131 0.00774555718704458 0.121007689027979
0.00438733109112959 0.0164038418065992 0.118988349698431 0.0217422035302791 0.275778970112208 0.317270934036744 0.0272132582125168 0.218215111512093
0.0502744623769614 0.178230946319157 0.132237688181069 0.155410991861274 0.0403211815050584 0.20531118934136 0.0937050113143838 0.144508529100736
0.152076028272346 0.144898387471299 0.111868672861537 0.24517301833176 0.0498888035978369 0.171180138160107 0.0340292495426258 0.0908857017624876
0.0377075423745287 0.187227148684126 0.123890023076128 0.17347521332407 0.134577120851695 0.15238850578608 0.0852300564677686 0.105504389435604
0.0845287281756371 0.0191144284348785 0.20926726673009 0.15161957280289 0.099691294268299 0.19564975201365 0.0780686170136818 0.162060340560873
0.268320642199331 0.189155982580438 0.173068064508409 0.0589028484168757 0.0470159471946992 0.112135531345686 0.0698172591387368 0.081583724615824
0.152933132031458 0.214321052068826 0.187136889387086 0.175186342640943 0.000288175604805986 0.0758957983829144 0.167441496461698 0.0267971134222677
0.16628580847413 0.0640737111694129 0.144855402516711 0.195790693504193 0.02741431046427 0.086619422488441 0.174282508538839 0.140678142844003
0.160149538570901 0.099373488622612 0.105857312825495 0.0103582534300687 0.0368432836943679 0.258475028831094 0.0517764759779631 0.277166618047498
0.120305319969637 0.0962387742636601 0.170473633684612 0.152126462703571 0.107989851314959 0.130750717267476 0.0406437031558639 0.181471537640221
0.0100185383088767 0.207307345047807 0.0369538636987038 0.201706115960201 0.0443358250672096 0.155331179004283 0.131833182507904 0.212513950405015
0.318651093311358 0.043489643557881 0.0175998446648406 0.179902701960731 0.253367568772861 0.00893817969410041 0.114035136230624 0.0640158318076038
0.0194134655937355 0.131790271491338 0.1101455891531 0.175547843145962 0.177680753668551 0.215301916680482 0.0197846133708688 0.150335546895964
0.0718670961337316 0.197730424049132 0.116363988958015 0.0359979964582144 0.156295039192898 0.163139813790554 0.117313492470377 0.141292148947078
0.180127595000176 0.0926488595172541 0.182063297517712 0.137293698068067 0.113476663885972 0.0581325006102988 0.0819407448548215 0.154316640545698
0.100796152907655 0.11968077009669 0.114532756024467 0.127481301032874 0.142534985010383 0.144745621790184 0.115904629431775 0.134323783705972
0.206147802873252 0.0649040862711836 0.114393922565185 0.0277087808313076 0.15833667700155 0.141878492992124 0.0640776998678269 0.22255253759757
0.0800130546103057 0.0934999162897871 0.0344826579157066 0.181816714292225 0.197874810465169 0.188776654710916 0.0848400254484664 0.138696166267425
0.23889533471852 0.16387615982044 0.04041601130319 0.231088223766665 0.122023032296566 0.0497716799783893 0.0297858862106462 0.124143671905583
0.121295177260612 0.244924742153688 0.0922465364927372 0.217645078947345 0.211027203058882 0.0132535996152837 0.0958849887748377 0.00372267369661518
0.0966253403020818 0.163066130493049 0.20302371010486 0.00515188682209685 0.0115722794970543 0.225176091029032 0.278763904314051 0.0166206574377763
0.0105361344448567 0.106888388343628 0.104199910991383 0.100689846136478 0.226306288502917 0.106548946583999 0.155227877750393 0.189602607246345
0.17197600719995 0.100248354413339 0.0615493929413373 0.059503173036874 0.131231806897957 0.198311644271336 0.193298745330022 0.0838808759091842
0.0342940660868761 0.160680965547632 0.0871768864518633 0.191227127522095 0.0348598598861131 0.20468969855806 0.167368758514885 0.119702637432475
0.0630460650617339 0.124583986130025 0.163787980184628 0.186178200050287 0.0209648555389191 0.184108787349152 0.152922238272887 0.104407887412368
0.0835079202101502 0.167544400684396 0.0621990291524501 0.114515919343333 0.148384847281698 0.158661948167344 0.136924783545693 0.128261151614934
0.206351588018618 0.0640928015009508 0.148836905581566 0.128607857777561 0.140301234773478 0.0457530321125491 0.239009978452258 0.0270466017830191
0.149658350236876 0.0746270348761554 0.148409204503331 0.138472840359692 0.0379344845510895 0.159678165212764 0.13175560794203 0.159464312318061
0.082804072705522 0.123770595084461 0.098199670573738 0.179963904392131 0.202972997124773 0.013127967697652 0.127982217287123 0.1711785751346
0.0460941125006261 0.106919588923639 0.0428514614675626 0.229128382548715 0.0938447890392724 0.28594823011408 0.161334577611171 0.0338788577949335
0.200561947866748 0.00339805667714942 0.163831252818461 0.113381061380336 0.11223313544215 0.183251158679638 0.0537036436612263 0.169639743474291
0.00704128149424645 0.301415052061642 0.0432575982153443 0.0326751579321286 0.272733337404034 0.0700731313577259 0.0425959695401549 0.230208471994724
0.112494490252947 0.437692491660088 0.0586894096287911 0.00976178208028138 0.297555321210767 0.0504771977022931 0.0150161856853435 0.018313121779488
0.116760589003592 0.128737037810359 0.252790775362215 0.0191588567734608 0.170410392082916 0.00828673799516175 0.0371377129043285 0.266717898067967
0.0119191677641271 0.176437731120505 0.0683318767500415 0.160349796883336 0.0770302023448682 0.214848953692774 0.18661228560743 0.104469985836918
0.0739391207991062 0.0671961098191139 0.226515029495243 0.216418338597632 0.122148863575487 0.0437879892258838 0.0616086065225839 0.188385941964951
0.047063833376504 0.135065096400888 0.146242642841348 0.150730488502731 0.196688955692837 0.112866412633541 0.0597458995113974 0.151596671040754
0.0574739893072378 0.152669428630296 0.137194623340103 0.0979209979728911 0.0423574897104101 0.190354663160236 0.14493778560337 0.177091022275456
0.00690058274251561 0.0999309017019696 0.192279014267829 0.157463561346443 0.136052557162969 0.122479124913605 0.136818468484612 0.148075789380057
0.0610717413425317 0.170412375369818 0.0186415659395424 0.142102437417314 0.196987572562028 0.155625393292279 0.0477121552981871 0.207446758778299
0.220440126964212 0.129557998153512 0.0607442517652083 0.0144146824507628 0.235665457355165 0.00267722228340295 0.234024555124605 0.102475705903133
0.0654414046083626 0.183528077045867 0.166720659162344 0.157372519526121 0.16434254577344 0.0627282047961538 0.0794710871079042 0.120395501979808
0.121472185382808 0.133791155590861 0.154612298493095 0.190523697131173 0.0518627264777516 0.214764540919919 0.126400228149469 0.00657316785492357
0.221018960183822 0.209489351263523 0.0775187583169165 0.103566711761459 0.0620600436655953 0.0300187462654956 0.143181311534673 0.153146117008515
0.0881686640673143 0.109148028657325 0.0777319949470093 0.0647857205579031 0.104603717597849 0.263942351950092 0.153161678367383 0.138457843855124
0.182995327608133 0.128543194959126 0.109772951168205 0.0332629929233874 0.244623550137546 0.142640398082884 0.102254718583365 0.0559068665373538
0.00676863083856069 0.204593401686929 0.0414183207355791 0.120630262680133 0.172586036886028 0.224197097450236 0.0951036755985178 0.134702574124016
0.15278210114243 0.0640103997144618 0.144035107332741 0.0527751911091917 0.257963677595829 0.0416707055886722 0.23703537752034 0.049727439996334
0.0943725298805198 0.195784107629041 0.258635750835721 0.157360560049707 0.0346059138935813 0.0315045247518309 0.0165834378733867 0.211153175086212
0.0391187892275647 0.0810578046799511 0.134763255759296 0.294461224294547 0.236094499499348 0.0315786696025794 0.120852841702253 0.0620729152344613
0.154606164709037 0.178728108993269 0.141936584768387 0.0550545403283613 0.145211052081253 0.0480721584727555 0.205619013905504 0.0707723767414344
0.161554602523505 0.244330568270988 0.0213828594237981 0.0268480974150553 0.0464416044751076 0.225785276453891 0.101486019782264 0.172170971655391
0.0545578724916203 0.240117879519187 0.272549227394083 0.110287021894303 0.0280304647476007 0.0304359768463407 0.0577127038008573 0.206308853306009
0.143329026862204 0.183969865595115 0.060105212803442 0.146590081791844 0.169848719961001 0.0879967124545625 0.132487423073723 0.0756729574581085
0.0255198201098122 0.0500235029032293 0.0422302859816977 0.310379531613912 0.220362611063381 0.0263706194189311 0.0162205805937891 0.308893048315248
0.284630704154585 0.0349443096892942 0.222625440090611 0.116303298909976 0.00502024709165596 0.0886611499459054 0.17394952217578 0.0738653279421919
0.212401146151282 0.0255419639908311 0.130671450848238 0.0755852521171159 0.148479508294222 0.208657762121413 0.0519013065800857 0.146761609896813
0.00937585505099508 0.143897535219596 0.288301908750585 0.0461995092727629 0.0644157150155281 0.0277589656499275 0.272377718953697 0.147672792086909
0.089552397055247 0.00838837937728231 0.195122350460996 0.179715366838434 0.0480079606558335 0.251917641070095 0.112023741847424 0.115272162694689
0.225571511674296 0.0619817048854702 0.0939816331444585 0.11436287235774 0.165175300761591 0.111991875902707 0.111962851100387 0.11497225017335
0.207809817085023 0.230701470679423 0.289662516324714 0.0334993044275221 0.122835241611596 0.0120206259366661 0.0494338028392047 0.054037221095851
0.0312913972648182 0.249334452921443 0.228230065259326 0.00922606521280381 0.0531029351824212 0.167820516796937 0.109672597129865 0.151321970232386
0.154197517000664 0.170900464665442 0.0358491334756888 0.061682218537116 0.226473916133011 0.252425706890343 0.0903950443178411 0.00807599897989464
0.0801440324937628 0.085829267698481 0.0830459445307132 0.112061655001799 0.159083076874477 0.202510043135287 0.161999923446918 0.115326056818562
0.248252000803068 0.093398579449824 0.0820961786537242 0.284303423025396 0.0833479099742079 0.052283545392527 0.0386029616624422 0.117715401038811
0.091314424194845 0.0788294963794462 0.00883658586381447 0.125158364767661 0.147401391438449 0.214792100803057 0.196916387701307 0.13675124885142
0.0798434607509213 0.100883900555924 0.108486096111973 0.182485293197599 0.127319422522243 0.0984028155618355 0.125044934293786 0.177534077005718
0.184839661271529 0.0577611478541486 0.125414736231546 0.16564552709001 0.0633371361211968 0.151626353312549 0.0598685523555174 0.191506885763504
0.131937757948017 0.0743865550748179 0.0336539086864911 0.079811124433072 0.227753831440023 0.328063590386988 0.0968279756777486 0.0275652563528431
0.0933661979604531 0.184595510994359 0.0575666708515572 0.208751133011139 0.0867502054256408 0.0632917941649872 0.105902730622035 0.199775756969828
0.282110306877888 0.184781319585762 0.172466237320766 0.0975278809412955 0.16407063429947 0.0769926763737337 0.0163947103626254 0.00565623423846082
0.203544198420438 0.228994722811999 0.0250118496612799 0.0384789106478398 0.0455641727607446 0.252919476123374 0.0921786141186799 0.113308055455645
0.091944204599925 0.109217432914831 0.0765701545132638 0.0137740934949817 0.136216382553851 0.171413302144269 0.19979033236299 0.201074097415889
0.0368410500692295 0.267178849868015 0.0751513249410741 0.0270784543880377 0.0704451041336299 0.257132819333073 0.161006218191227 0.105166179075714
0.057267128794348 0.107142997788323 0.143909142603684 0.134676368496851 0.0598243217527924 0.149785757924452 0.182818864806731 0.164575417832819
0.11980648407758 0.101853644092696 0.121429067754326 0.0772428079611188 0.106657684167493 0.0329396663836777 0.231826166788173 0.208244478774937
0.135499892546855 0.0785476616672095 0.0497288079844107 0.200162290519786 0.146186400002856 0.075377185230061 0.158007119070672 0.15649064297815
0.252597124682326 0.0803987888139442 0.0111826273099193 0.332758312382293 0.0348952747168121 0.0333996037614736 0.0180925734474798 0.236675694885752
0.0589751008541764 0.123806841614286 0.125566517754319 0.315655352112233 0.00417715279831398 0.259359984160237 0.089959380456573 0.0224996702498615
0.033631460558594 0.0969947754659295 0.0318465652366585 0.0174551973207016 0.249804147228453 0.178796589706155 0.345044073950867 0.0464271905326409
0.0481704076171485 0.0981834024550873 0.17078720506382 0.135911631814844 0.154437343885857 0.170236403958724 0.0276464250864798 0.19462718011804
0.204170017731884 0.172174950151136 0.0238067306309455 0.177979956602963 0.210695784319142 0.0538144889389332 0.11255213697469 0.0448059346503064
0.174717230048437 0.133706547075927 0.163798744790552 0.122523244013349 0.127539715496862 0.169631981057635 0.0139891264271367 0.0940934110901015
0.126033977097434 0.153883471879068 0.0868934164863747 0.138719694160868 0.123312678020841 0.074198020801378 0.146824747938115 0.150133993615922
0.126822962851143 0.217553712530805 0.145951478381199 0.0156950171732699 0.161416578771317 0.144832306538554 0.0471390331120376 0.140588910641675
0.155188701552187 0.16096900206231 0.153005889734969 0.122704912185203 0.1559431924769 0.117532725077706 0.0299809893070385 0.104674587603687
0.211156825904903 0.193497666601497 0.0264567023033571 0.248033034429028 0.061197337821792 0.038876605535483 0.0206409664265916 0.200140860977349
0.0480394595510672 0.200462877865495 0.0943976644345852 0.198308183671373 0.0293947298529421 0.218016415655822 0.205097268037712 0.00628340093100314
0.160138370650363 0.103091175009639 0.00111458660002261 0.105805531586031 0.211363989447604 0.117114373177356 0.120054104668711 0.181317868860273
0.125287673751997 0.166305479625691 0.108077913451771 0.0800747121629661 0.172235424215396 0.163358105337289 0.0385673254047541 0.146093366050136
0.149893848374602 0.0260645001381652 0.131410629021112 0.190480534187743 0.139984388274659 0.13401712471313 0.190968091685021 0.0371808836055669
0.168125060661263 0.115813242052989 0.219748699671593 0.0943190698404814 0.166782649276785 0.0800224280822927 0.0635839525908001 0.0916048978237968
0.138556906835278 0.15727267316756 0.126208394849007 0.134428498845917 0.0435454576565231 0.182605464207117 0.139447450379039 0.0779351540595576
0.0825904258371136 0.0163378653450251 0.193718594025932 0.205299525481201 0.143835917096701 0.058859170594333 0.0207644241097224 0.278594077509972
0.21836141827119 0.0450045121233655 0.125711228221017 0.188533222751097 0.26382820876391 0.0680021404583814 0.0393414418815683 0.0512178275294702
0.108852632572488 0.106730753318948 0.0899354602441497 0.0662886705508329 0.144663911343776 0.224149192026913 0.241841459239499 0.0175379207033928
0.139374366505421 0.200463118625008 0.180639057655151 0.0825053525771515 0.17616024444291 0.153141184051521 0.0508789398286449 0.016837736314193
0.0578114076837435 0.1999894530442 0.269742215543951 0.234909964898483 0.0666637977181915 0.130123668536136 0.0165446191875489 0.024214873387746
0.101681765901761 0.131891148061071 0.0509637395666789 0.0428353631601612 0.215397015390355 0.118109362390166 0.198257493145171 0.140864112384635
0.0229856311106525 0.238059523535932 0.189239001493676 0.145332232839078 0.0429086813241944 0.0987109988716525 0.161544100542041 0.101219830282774
0.0998381376688129 0.17285901220225 0.0730735480996397 0.0175185182272094 0.176677365891705 0.151887594043169 0.115383895670263 0.192761928196951
0.0677547928594785 0.173279755243039 0.101019052090275 0.189350033940648 0.0406402372964247 0.223677530304842 0.0271273942898427 0.17715120397545
0.145059648734027 0.0853856933028367 0.0410702237901228 0.217261586504977 0.08436237186786 0.204994366522899 0.177436202229116 0.0444299070481627
0.191121954291859 0.181371084782115 0.181357480589258 0.026179778870577 0.162739533681539 0.114674495504316 0.0473089401383463 0.0952467321419879
0.0431002659118649 0.238647988919794 0.232549376403018 0.0989858288623193 0.0737447329859569 0.0820867331402726 0.0129780404855037 0.217907033291271
0.154966920836327 0.0854774098336146 0.155928485143296 0.0302540404824614 0.191222131622376 0.0874944454456067 0.100982761475118 0.1936738051612
0.215692485712268 0.272363907811107 0.133115651264234 0.00331293912554709 0.12667168959185 0.0664743148745966 0.0530955530643672 0.12927345855603
0.0266709905490796 0.144611098242177 0.121299573240846 0.18522994149993 0.0063950448762606 0.207096170408869 0.0858126583669612 0.222884522815878
0.100314729630953 0.119263863132289 0.184296822855557 0.175343007102352 0.19943205599689 0.152510727265636 0.0571293912537436 0.0117094027625802
0.0966339351961643 0.205733209748867 0.0177028485944499 0.235024936090178 0.123248087520087 0.111379511957936 0.10387114242857 0.106406328463747
0.166431183825287 0.0411702557026666 0.035611832126447 0.173941516920149 0.147380836817753 0.188745769214412 0.170883731803673 0.0758348735896117
0.0980825108209715 0.217108889199312 0.0445305747990228 0.0399296529264017 0.25432411781176 0.200929284592955 0.00788154244681269 0.137213427402764
0.181143147139406 0.154342599900703 0.0921904910373275 0.140155322028602 0.169746205006804 0.0387704698263816 0.121383866285732 0.102267898775043
0.118886397994134 0.105052381771713 0.0575067602469094 0.0487664021095081 0.138807360521908 0.248908881107158 0.075527579985438 0.206544236263231
0.0485534597384052 0.167669551062774 0.182290255644799 0.21355738807109 0.0840937489253962 0.0513347866380697 0.0683732872471389 0.184127522672327
0.342693330186243 0.0123354910994226 0.0873919753100263 0.07006502072994 0.019613845912294 0.251274458918703 0.198426119720949 0.0181997581224228
0.0500225153918677 0.149199991295694 0.186242158153016 0.0276553381018169 0.0247167988869751 0.207771926684074 0.154743282384485 0.19964798910207
0.171048354186855 0.0639889745892495 0.0322165421748395 0.020644498845173 0.221493429663336 0.0215767486922704 0.266052850313065 0.202978601535212
0.0870608216344223 0.0889437915904002 0.084446580941731 0.243509314379078 0.240519979700471 0.189653025368511 0.0471524038084236 0.0187140825769629
0.207985956436235 0.179066105490577 0.0712723131439507 0.136780334380262 0.168823569006462 4.91552955106765e-05 0.00588948859838333 0.230133077648619
0.0685712378118838 0.378527508950352 0.276561699389379 0.0347090997542588 0.102607225959084 0.00754952423570279 0.115976462664533 0.0154972412348082
0.210269616223374 0.0645724516424164 0.0585448776095108 0.00184121479503258 0.19686161845317 0.217126577052817 0.064377312069178 0.186406332154501
0.154483541333779 0.00296520634199206 0.302309684961075 0.0362607181935741 0.0542691882164239 0.0514257574162053 0.126207153585888 0.272078749951063
0.0746322276093233 0.125218790349993 0.0655271640871957 0.169135073202167 0.127303449813923 0.164241336677234 0.118621372369409 0.155320585890755
0.159223025641374 0.130665876899142 0.188212077513415 0.110829692163573 0.0881444517863667 0.113952340469613 0.19132938463756 0.0176431508889569
