0.188271534793885 0.0801530331780924 0.196832585834132 0.105134436124576 0.131824794860903 0.0663089245947885 0.116674011910087 0.114800678703536
0.0120699945087928 0.00791758245251231 0.215080917979078 0.132544267349655 0.0769705959589572 0.111398353351037 0.235247877468949 0.208770410931018
0.131727878414171 0.0281205148215787 0.0896506235532559 0.234491126907148 0.215119325733382 0.127098181512378 0.0877024008799987 0.086089948178087
0.0843025206402777 0.0836620908474468 0.148628459869924 0.162274771526665 0.0986732473609296 0.204462550279254 0.0133397944530794 0.204656565022423
0.297662124693014 0.0164771801960726 0.0915577186971857 0.089524112429071 0.0671588850955515 0.253931327910985 0.0485949254464733 0.135093725531647
0.0174188848428251 0.272557697683551 0.183143504060172 0.108220557382137 0.0317747594096572 0.146595857652686 0.0114750464819204 0.228813692487051
0.175546256480723 0.15692843683377 0.0283686767966356 0.117362109104091 0.0950358576996428 0.139748044742954 0.111205356604038 0.175805261738145
0.133403669441687 0.22339404275662 0.171724167677101 0.16203438668614 0.0689725565114932 0.00645338289484351 0.130876050562922 0.103141743469194
0.166761920214258 0.169781991619934 0.0240816159981019 0.120993914956542 0.154342980836705 0.0920470697099038 0.154122282117069 0.117868224547485
0.131702535673189 0.0201185160225029 0.144728434753734 0.146242271291895 0.179069502837324 0.103995204548064 0.0878254794953047 0.186318055377987
0.0620994735462848 0.0906120283128211 0.2398179547461 0.059567055138462 0.0572662710119155 0.22725713948514 0.0834708521383545 0.179909225620923
0.105747919806296 0.0415412883803084 0.175982300366648 0.158049788045346 0.0211169224633072 0.177915125103088 0.165687979296908 0.153958676538097
0.146063007710379 0.159742538051324 0.108451290553825 0.17183924434754 0.15820425749953 0.0524869702887384 0.108071761159003 0.09514093038966
0.0294389276610366 0.133236837495421 0.206905230801169 4.27155549811132e-05 0.340425232687079 0.0160410500912182 0.108849283480509 0.165060722228586
0.227353326474484 0.00108370289379345 0.210979086631721 0.011749318514545 0.165123276217004 0.00978437814344298 0.171170216661338 0.202756694463671
0.117527997709247 0.167057848161679 0.0742789186861501 0.248103645586268 0.154955858903851 0.00928916597538545 0.172150457333542 0.0566361076438775
0.00437787764354686 0.0991136828367155 0.127363767466924 0.21647788972344 0.20273426106365 0.186234438193586 0.0227497211231754 0.140948361948962
0.104842485944368 0.217563428931414 0.223240087198024 0.123653641221037 0.0599754545086475 0.0891816206624407 0.0704733650937348 0.111069916440334
0.0801432191060543 0.0791505743144848 0.150138184131465 0.189657797270057 0.175379905574354 0.152316494766952 0.018888814462431 0.154325010374201
0.268918990912808 0.00423437344309523 0.0180218124259999 0.0860157143467449 0.0246356552270776 0.207179682237838 0.300912939948662 0.0900808314577746
0.184719439620566 0.173741445228041 0.197630381873868 0.123522153351638 0.0150739743410462 0.114857770085007 0.093035791921085 0.0974190435787482
0.0079474721137089 0.121458055320971 0.162127090201665 0.155001875963463 0.0825724676477235 0.140675065807901 0.130759300762352 0.199458672182215
0.145089173715555 0.0717516152332489 0.0227917663569866 0.157570839408662 0.158280347685831 0.140930698042475 0.15266132183985 0.150924237717392
0.0694666474313668 0.0995454292517136 0.180841719333673 0.0606439732977942 0.214535026426447 0.170039136457405 0.0713201590814786 0.133607908720122
0.0875650794001776 0.0726613016400433 0.210739410982528 0.00324638069805069 0.235919958605661 0.0396868645539473 0.213444346631199 0.136736657488393
0.0250978076070502 0.0640790152843084 0.150067234609853 0.207626773757462 0.0819958179735339 0.157336402313571 0.143276719287037 0.170520229167185
0.168320857179554 0.196903747943719 0.0573463588564926 0.0513527749041919 0.167023981002731 0.037951285513719 0.201916273167849 0.119184721431743
0.088972284291965 0.195269028808179 0.00568930901060991 0.054245019780101 0.0430158584616672 0.0829472627128781 0.396418851496475 0.133442385438125
0.139905475722386 0.189424558210052 0.0184065479975393 0.172102278881447 0.048225104017232 0.0997881505455466 0.262572486744614 0.0695753978811833
0.0893194922618903 0.117614264907728 0.179981539503704 0.150982970283193 0.215823323707892 0.051956808958369 0.189763251779382 0.00455834859784243
0.0447559539406681 0.196703001055634 0.0422380084342644 0.263919735137788 0.186457646246523 0.0669471154610837 0.149715935510801 0.0492626042132377
0.030166125185124 0.237457259754186 0.0670082167682475 0.193500732788956 0.131901456882501 0.0591826577621882 0.100046982942992 0.180736567915806
0.110932142941426 0.189245037657133 0.188100017267061 0.165621484236815 0.117359550828747 0.0615728624843976 0.166440310963724 0.000728593620696266
0.195984641503694 0.084421449435114 0.0841178182662563 0.0381165489429006 0.233183731497209 0.211665708248054 0.0971413156568186 0.0553687864499543
0.130455739021745 0.0889875501015967 0.216791391669556 0.0235189220690122 0.0166061374686787 0.172013156487236 0.195543958181324 0.156083145000851
0.105459325692375 0.180740180818598 0.176133340570049 0.132926960128429 0.102669511026448 0.0703336092602305 0.182097885447465 0.0496391870564056
0.187737815264757 0.00466296316632022 0.190067587713868 0.130302953496865 0.0679854342584836 0.190636021370319 0.184426239169405 0.0441809855599815
0.17804864009573 0.233624613110588 0.0141962128352811 0.120796436368213 0.00678676759335104 0.171203612949556 0.215066824435935 0.0602768926113448
0.0945223893902377 0.0967296502654949 0.197198777183815 0.19399481004836 0.199780620480486 0.0681023129902513 0.0927066422105356 0.0569647974308203
0.0113293713472796 0.127973271299361 0.0877258303867687 0.111684912035839 0.231929096984649 0.182177439457514 0.0729814422616091 0.174198636226979
0.161321208652594 0.155942245563722 0.15550989590993 0.0849747300377334 0.14251549200007 0.139273539045357 0.0644955632548322 0.0959673255357608
0.260929587347258 0.170997550247757 0.0594270411056998 0.0807681106847118 0.0410018308680071 0.233398247691021 0.107159647735133 0.0463179843204138
0.199859252003783 0.286484260857732 0.031970230890017 0.0502492456362637 0.056994587176424 0.163848189156334 0.0925251851591042 0.118069049120343
0.0396119959654157 0.191281453557036 0.181994812814307 0.116059550829025 0.0193953601421878 0.0763643906397433 0.262917107837238 0.112375328215047
0.0785752006983977 0.0960526994771145 0.14592480849522 0.132011788143958 0.132186704028274 0.126591252741806 0.142374846974669 0.146282699440561
0.0722607321702301 0.178308144534491 0.188965059837128 0.16646721305346 0.0112534622349881 0.18387661930945 0.0897598554010876 0.109108913459166
0.158175708530507 0.286526672124642 0.137048723361788 0.067727740622025 0.131495432529188 0.0906751924833697 0.0302830017797967 0.0980675285686832
0.0562720980522192 0.177353438533061 0.125170300178415 0.205952650493436 0.14203610461976 0.114589199184891 0.0762318171542173 0.102394391784002
0.0868170411169569 0.00941637890450755 0.00280119546134655 0.198202421682087 0.298656021354738 0.0532261283342007 0.156314500260075 0.194566312886088
0.195188036604494 0.14551089674918 0.121696940733994 0.0410395308641021 0.0587750694945721 0.0366509621104501 0.174180357046095 0.226958206397113
0.236289848014026 0.235744043279295 0.150659487014059 0.0224722562662452 0.161881600882501 0.0912528258993607 0.077459456144226 0.0242404825002863
0.0589599926153215 0.160883624262356 0.160357732688247 0.117132591632453 0.167630407799836 0.113837593823192 0.145367453313638 0.0758306038649563
0.188536877454563 0.153480498907953 0.0606922521664059 0.1265095018796 0.116366167435782 0.161444671379431 0.180214708021677 0.0127553227545885
0.107452659960034 0.24882515891963 0.0611745625966263 0.185219723586638 0.0528442262416967 0.0684236418701221 0.0724206381839196 0.203639388641332
0.140790707576217 0.169347928500558 0.160032518023756 0.0434461703246967 0.166096395591105 0.0838447701314385 0.162399623339732 0.0740418865124973
0.209418920176735 0.219146234069394 0.151348214839236 0.0168089612008182 0.162671208881422 0.00655530955598156 0.0470763492312163 0.186974802045198
0.227638017840637 0.161119514699201 0.0126677154865829 0.200748430206101 0.126130425870409 0.0213048886086123 0.179019261413798 0.0713717458746586
0.143622782273067 0.159469355193931 0.156672883032722 0.201359562373366 0.0345630491857599 0.0655939902335524 0.0540722392598882 0.184646138447713
0.0522185110233671 0.3791034562602 0.117090856508153 0.275624995929904 0.0126885383155974 0.0822876524246795 0.0051258403500371 0.0758601491880619
0.0430467702673038 0.0634161002513191 0.242734709317382 0.290517745776936 0.0796271192589039 0.227182913785506 0.0527105549245248 0.000764086418124132
0.0140522539617221 0.223542422872043 0.00161243287217932 0.0802398968217962 0.168016574033353 0.204073265533699 0.0992338982546124 0.209229255650595
0.0516291416301256 0.171562592161839 0.17209017796355 0.0348710923366924 0.17556712556177 0.132036916775616 0.154545012412088 0.107697941158318
0.257337906123493 0.160918634571279 0.168387748712803 0.0352533832133208 0.0602702659156888 0.0811801256487657 0.0426321809028159 0.194019754911833
0.126821091143325 0.0158812150727716 0.0211411652991794 0.313109726445921 0.0583342367510478 0.335661079869389 0.106650683584668 0.022400801833698
0.0381224206971182 0.229407623401184 0.0225826856800378 0.007545107535375 0.177199664154193 0.0327853058904822 0.244051653269334 0.248305539372277
0.132371678859343 0.0126568937979821 0.12533670285852 0.104991020985247 0.0614494631059893 0.196011642717079 0.194246289872656 0.172936307803182
0.0877293668801745 0.0256343997273692 0.0625549787885235 0.228268194479966 0.203635175153571 0.123452466815168 0.0470191192780588 0.22170629887717
0.103995862721784 0.0188146905522248 0.219645759232914 0.136936209316821 0.0833981634118619 0.191761259334734 0.029017576052823 0.216430479376838
0.141886584143807 0.0622244437019294 0.182755857145693 0.173205176236136 0.0190172799494992 0.326089015756153 0.0758690110116542 0.0189526320551297
0.13937788986609 0.0570282539370351 0.200415500465405 0.137095860947007 0.0384007284148236 0.0768129727937806 0.140958055384182 0.209910738191676
0.212981609422313 0.0902142501187552 0.176770404565473 0.0516863484005974 0.0650579148047596 0.0690843796780972 0.104908244388712 0.229296848621292
0.0599168476670963 0.114212914688409 0.151755554188083 0.101239386825036 0.32408824047363 0.0460105575097338 0.191497403530865 0.0112790951171461
0.0676657179428343 0.108278742223364 0.172497087121851 0.135740594392242 0.143718920514746 0.0535241549259006 0.146010429128295 0.172564353750767
0.150194250896623 0.102767751456012 0.153171190529903 0.16427173219853 0.114120344601467 0.10067102905616 0.102120179095447 0.112683522165858
0.0183405375734319 0.0671966614088242 0.0543146093296534 0.257126002784241 0.198095723782367 0.142215970328158 0.0627594465655337 0.199951048227791
0.0184446817435415 0.213029376959958 0.10981389462631 0.0817849601982529 0.128386757702009 0.210015421388728 0.218359100507899 0.0201658068733013
0.102650335903815 0.17105906889686 0.107368565579255 0.00793359721271092 0.257524213684542 0.160232846007457 0.150920955399786 0.0423104173155743
0.234344310299538 0.0432212915095566 0.137753187195337 0.170203648723521 0.024181994272068 0.0783911833261652 0.0108145627063214 0.301089821967493
0.160907452571723 0.0419316131312527 0.139797929971538 0.224163136188682 0.00990874964048483 0.133937085005025 0.176425032890399 0.112929000600896
0.136929604639432 0.188499441669374 0.119017044468146 0.165640819076389 0.189487995473299 0.00800603177711474 0.126697455860386 0.0657216070358588
0.252010966550748 0.0707004085383895 0.0488244818578657 0.107525480600086 0.0416139811827895 0.262956612349275 0.108135480435651 0.108232588485196
0.0287358724583389 0.0247543536602571 0.0629814605560403 0.050596864488157 0.334835973463041 0.132559439282979 0.226726686151061 0.138809349940127
0.126348921044671 0.187885360617001 0.000794866205850135 0.116424737624296 0.139903707502516 0.180847028522253 0.180395787459032 0.0673995910243797
0.155939112514096 0.184766974230846 0.23042315531759 0.0230573999953444 0.192322577306928 0.13720058334533 0.0283453342387844 0.0479448630510807
0.0312094772207618 0.0576569285824894 0.098499595731254 0.0202176195882245 0.0383962623897277 0.254560233464785 0.234328987276168 0.26513089574659
0.0483263833187572 0.0746406614619064 0.134165161713624 0.0176454864565305 0.287023063415438 0.113224306147883 0.0998221748584782 0.225152762627383
0.121887078314465 0.0174503707499771 0.198744967468616 0.0192619298669041 0.252628467190723 0.164042445950922 0.0629841081515547 0.163000632306838
0.00822251465977987 0.182034049354485 0.244398454542455 0.108956476957911 0.225415291017388 0.0179569672959717 0.0193569133225859 0.193659332849422
0.189707502874238 0.156994948984622 0.124738597810407 0.0715421912104248 0.155138680734216 0.0996339248611701 0.157926485956266 0.0443176675686567
0.00280290035655798 0.0293025951823101 0.236571772505119 0.0817085120523086 0.183628193789041 0.19711300411045 0.143021941590343 0.125851080413871
0.0709042429648565 0.0639465064778798 0.237832807573421 0.150659506987414 0.185192396769814 0.0610062988203142 0.0982123656606178 0.132245874745683
0.117032239217017 0.215412463117093 0.176901990086159 0.211700173008579 0.104234802587557 0.00646421500387754 0.16164332693024 0.00661079004947694
0.0585686148921004 0.126143281572167 0.128373156647121 0.0385349755325162 0.195939535091899 0.211030350808552 0.219642358540732 0.0217677269149126
0.00353748490200697 0.118651403045578 0.0998341380100563 0.181581788771708 0.221551937975592 0.00313629949396759 0.155640416892733 0.216066530908359
0.191480197430906 0.14709021752964 0.0297832242167131 0.145613794326066 0.0162772727531824 0.192827163874666 0.0907967570616774 0.186131372807149
0.240141213675812 0.145464612618259 0.0537084395201117 0.230977997686896 0.03188582563077 0.0475688401653284 0.00487730717014787 0.245375763532675
0.146982875023227 0.0398927902786139 0.288545785662939 0.0117546301207186 0.101747038225073 0.0781110848724154 0.0556344418470418 0.277331353969971
0.12843415915977 0.125543997094159 0.193080790531821 0.170217145358129 0.0543380356117114 0.0873243870011224 0.198161211714512 0.0429002735287751
0.177805698152266 0.000629984879428721 0.0124186030540519 0.0893217104133232 0.131735103341953 0.169654129433392 0.170414173729287 0.248020596996298
0.287216877767713 0.250494969790706 0.0311857943279021 0.123027583652299 0.0757376059189088 0.11730111052943 0.0956812470772951 0.0193548109357456
0.266469477226296 0.129111014881593 0.0140727343767311 0.13837402929152 0.156442207952252 0.00175360632316204 0.071311340279038 0.222465589669407
0.0583107973568755 0.13304590494084 0.170345978163687 0.184430613605596 0.0966209989756379 0.146311849198908 0.188495199098666 0.0224386586597892
0.102422538828598 0.0549437938387937 0.0781218062303201 0.159449571530248 0.0766566808005833 0.155001016076771 0.17125043052092 0.202154162173766
0.107349078932556 0.14033458829628 0.197123254184007 0.0497559338763638 0.114297146038052 0.0745707783005686 0.260915420544886 0.0556537998272872
0.119901582133912 0.00520071028204104 0.0847765803178735 0.253356026929192 0.14034905337168 0.142399449627269 0.177834509988488 0.0761820873495439
0.17154799912146 0.132109403855596 0.0852946067071665 0.12977892662496 0.0691252653153285 0.137100463450013 0.12865432665561 0.146389008269866
0.0587042939607272 0.18441757701676 0.211330053005035 0.0275654908727699 0.104361305708983 0.140165262279434 0.155967307942342 0.117488709213949
0.150812033712214 0.0904059771781637 0.149769077060804 0.04213510479504 0.165837903315227 0.14674471041937 0.0826603380967275 0.171634855422454
0.0738360854100909 0.154909676781673 0.209130282787398 0.0145615189926235 0.0991233790100226 0.203317981946266 0.210391705519562 0.0347293695523647
0.277872993172391 0.112164259249637 0.0753054805903335 0.0463469754708078 0.0010113892446475 0.0635484367950928 0.166699570396298 0.257050895080793
0.0550923790218227 0.173918862868613 0.221810375118747 0.11004933446711 0.0946655323334913 0.227287988517298 0.0905899235551876 0.0265856041177307
0.214123846353057 0.172388485109374 0.000624961418223846 0.208601530920855 0.131088209423169 0.227496409342147 0.0113163279999373 0.034360229433237
0.0204732202342828 0.0238512791382346 0.0572778548456229 0.18726769232948 0.0888108894227869 0.148032036848906 0.0891706558436843 0.385116371337003
0.107991323813672 0.184807763756973 0.148606066637012 0.115493400264207 0.0955930679554715 0.00608776684784971 0.149693659751222 0.191726950973592
0.0658806012267279 0.193162603525469 0.166012599026096 0.180039163943921 0.118505960847495 0.120361689362606 0.0905781106335246 0.0654592714341603
0.133791549650762 0.221008144882855 0.148488626100598 0.190784931103375 0.00089381473992296 0.182185169427166 0.0913758594055946 0.0314719046897267
0.00496288592842599 0.0348037365410418 0.305141407511872 0.231074338949232 0.195369968010159 0.0224215279679172 0.178577674406083 0.027648460685269
0.193112858700561 0.16914096163946 0.0937623136939759 0.0745161022875846 0.143031288369454 0.0321839146940981 0.159096033812602 0.135156526802264
0.158982299209689 0.108351255277836 0.216303138770773 0.0412745245770996 0.128276877555885 0.0459413030057533 0.232267303600232 0.068603298002732
0.14100662940511 0.126788577364333 0.118690626924394 0.139113978419425 0.168093478782609 0.132508954457555 0.105838685123414 0.0679590695231597
0.072853440365329 0.232017507299405 0.110889753943115 0.0142367329789672 0.141060120986625 0.129407037560697 0.118536090384632 0.18099931648123
0.00408589674391026 0.0206956313791708 0.0403810524321924 0.181884143163193 0.0667247744045604 0.220219112251536 0.231259786336962 0.234749603288476
0.112262350169431 0.143868443683996 0.00823398585375151 0.00674787715465499 0.284594086589415 0.0926955982351642 0.221365733298824 0.130231925014763
0.224922316768804 0.256900424479105 0.0579181335141045 0.0877646901078412 0.0284981812527614 0.0905875144276041 0.0326853449734952 0.220723394476285
0.146700522085563 0.0505583873183685 0.11925710315128 0.10972446606373 0.118454922729733 0.200126478288375 0.191309603435421 0.0638685169275309
0.0590065716322699 0.102613342913784 0.175118913152076 0.151796401388906 0.00803065914717165 0.187639081621495 0.13704118306929 0.178753847075008
0.10649995272432 0.153806760269742 0.130644232772312 0.156941142319422 0.154829149318909 0.0959713863198489 0.000492550364902417 0.200814825910544
0.152872403165824 0.244061160729646 0.0334696299547341 0.00918099467738872 0.223344106553976 0.177305777495035 0.106264146346254 0.053501781077141
0.112715648922871 0.123896672073622 0.0976559661216496 0.219171099645659 0.117731839916648 0.0788107701173863 0.0282543010872132 0.22176370211495
0.0250821110881386 0.0354896828175915 0.249815200243352 0.057433026683846 0.0852240247741201 0.166102768652373 0.276756934410958 0.104096251329621
0.21217243398108 0.2149002371226 0.210830804547625 0.0223671155494936 0.0963414647734418 0.112002673908979 0.0991113282489266 0.0322739418678542
0.00925887468904782 0.25288537160233 0.147552486943631 0.167996490880778 0.0340770108651277 0.153163331014961 0.0418192563161199 0.193247177688004
0.101918458283742 0.1179338357434 0.132043578428301 0.0931952082044643 0.153326726277646 0.0636602997533107 0.162987333132675 0.174934560176461
0.124068482255447 0.168209581405164 0.175856998224097 0.157287334805225 0.132220713482256 0.172258701407004 0.00559579183728469 0.0645023965835212
0.0679413900492946 0.203740429290706 0.0533499306650097 0.143614981723207 0.153070101697172 0.120578717094448 0.1397463089924 0.117958140487763
0.106193090499719 0.116701459146066 0.144076646340967 0.148359070596063 0.164916478436013 0.0334346235332412 0.146518766182415 0.139799865265516
0.204597790706327 0.102576192417501 0.190244437911751 0.0465294899039573 0.0931460812378181 0.17213863646477 0.125492973704406 0.0652743976534705
0.00478687340554218 0.227907664704879 0.190112998033135 0.124433324633204 0.181399616063946 0.146689232354322 0.0199217144420932 0.104748576362878
0.0911576772908343 0.0739715365676415 0.199596016253129 0.222214493472577 0.141952991628794 0.217747609642079 0.0291822473783091 0.0241774277666359
0.00800052878692528 0.268382413809793 0.231001018609658 0.190337000540204 0.0856663307132259 0.139152749576047 0.0334846636614877 0.0439752943026594
0.0101660931100558 0.152081475260313 0.105399647119025 0.164027665347768 0.0357722628780812 0.182000544697583 0.163844943496485 0.186707368090689
0.207957889719021 0.0403726399209953 0.0510169603406804 0.188182683092528 0.0773812287737937 0.181313640878029 0.175184538317399 0.0785904189575532
0.174182212831221 0.0868467339649148 0.178873381739676 0.0501483737588018 0.221903457753049 0.0700079435262778 0.0700521887661808 0.147985707659878
0.237088376888133 0.0449361487329709 0.145885782097742 0.292286326956292 0.127509771733552 0.106611082810722 0.0261310121200739 0.0195514986605146
0.171736154456415 0.13471942751766 0.155474222273729 0.168000519284561 0.198129198558797 0.0159284392732181 0.144968482334834 0.0110435563007856
0.217822249453591 0.191752367051935 0.246451430577714 0.120265687967058 2.79570593628695e-05 0.0764243251707771 0.0831014714491024 0.0641545112704606
0.260910805578552 0.0317505622870609 0.0132499278151381 0.148746220561244 0.0752384323827582 0.102219102274958 0.191017309773032 0.176867639327258
0.0851301180937978 0.0409298863625089 0.106239256962285 0.13321773546892 0.212317640223246 0.226926229172583 0.0122561047176908 0.182983028998969
0.0107300726663564 0.174757057771789 0.0679446324911221 0.0965100733058664 0.251737782501898 0.0157809736683485 0.250779294610588 0.131760112984032
0.150796047773588 0.0835137362844224 0.117718085354496 0.278570677099157 0.118694845263597 0.10193440269272 0.122918989398723 0.0258532161332948
0.0202029703701733 0.15069897990532 0.0102670753322875 0.044836145364331 0.267547786449733 0.190478391170317 0.0876227484675153 0.228345902940323
0.220277344474579 0.112119148238479 0.0712262831872213 0.178556589464594 0.0740611401682091 0.162794001052598 0.0482202776095757 0.132745215804745
0.00516551501790569 0.151627577891576 0.229440197060071 0.216913115350449 0.038193075132303 0.126935601037788 0.155962965188793 0.0757619533211139
0.122983063788855 0.230395475225119 0.0350411084951655 0.00248640662639999 0.0890144320110847 0.191262783539286 0.273658705057593 0.0551580252564965
0.178715144708338 0.0982381418617507 0.133839414178772 0.0516524448013453 0.0299555724682569 0.219607944193914 0.167536133070435 0.120455204717188
0.0982002663933238 0.293428447844669 0.0638071307794079 0.0642882362345545 0.131697806660766 0.0749311085457797 0.0486161022979832 0.225030901243515
0.0177786259158554 0.110479759656067 0.141517441011888 0.227696031683555 0.130423912141544 0.142675500346375 0.17728246179067 0.0521462674540464
0.175566032403314 0.034093746023864 0.132761324333401 0.0950424762636576 0.0708886775136014 0.0927149147812837 0.182084908197206 0.216847920483672
0.0399640278032707 0.166072189058698 0.0779791178025021 0.0456449076065307 0.195189458171544 0.162788497331344 0.18732596799894 0.125035834227171
0.279221952634411 0.170434190711614 0.0117316896508188 0.03963895184457 0.0246266873612857 0.238866007037147 0.0655020433845783 0.169978477375575
0.0170355334793833 0.187348264193799 0.0230739386226359 0.191378482531049 0.209351604530111 0.0586314317174708 0.219029560154006 0.0941511847715449
0.150798153028889 0.216807163714268 0.0520175315944769 0.126981364709045 0.0396659543102822 0.225669821486984 0.127328495553794 0.060731515602261
0.00971616068889325 0.131685252188738 0.111670317751295 0.300890776541332 0.0718276901034378 0.111015303081769 0.261357027809106 0.00183747183542925
0.00157551963263198 0.176720497194028 0.0288080741364107 0.196932971675805 0.223238404785325 0.124790612106695 0.193153112252107 0.0547808082169977
0.0578000171396412 0.0536876878786669 0.223773550021413 0.159249189745252 0.0974821918910514 0.0479721864984206 0.183054910067791 0.176980266757764
0.192760068269289 0.155598914595721 0.103107520215197 0.116173658226175 0.161231327550397 0.0633240952139301 0.057508263921807 0.150296152007484
0.112446351617931 0.0477071610197402 0.08026009593198 0.208575669333084 0.110651979234957 0.149467337123751 0.0552120038932877 0.23567940184527
0.0753467081324302 0.130200540241436 0.165530061867031 0.164474626058861 0.0982839164228619 0.0993059100014929 0.104225307880353 0.162632929395534
0.216799057263371 0.127081180753959 0.133951343727734 0.128098277674401 0.0081449646304733 0.0473677940413636 0.160858562935704 0.177698818972995
0.230729643982192 0.00826508254784309 0.193520387962728 0.25798714737111 0.16422873340025 0.0216647859072166 0.0700302064549219 0.053574012373738
0.157105228715472 0.101252316331932 0.140976345261092 0.164612722048522 0.142743940972148 0.118862671472222 0.159951533397845 0.0144952418007673
0.188209558644799 0.0919676169308929 0.113986951789274 0.0147637131507365 0.262078975043426 0.138562323329745 0.179652701322022 0.0107781597891042
0.26899842774788 0.104274077697994 0.087462796726679 0.0136249456858646 0.0997602285167685 0.242039701857749 0.0888519807527014 0.0949878410143635
0.184993442771515 0.155428411460422 0.0450261120695553 0.0403699277249898 0.0311767291639537 0.0543733067402694 0.242500444824014 0.246131625245281
0.0288902374426157 0.17089751875322 0.238912249475144 0.0763979505971272 0.248785123201105 0.0410277078227785 0.172803012880498 0.022286199827512
0.167427277400356 0.170168339566917 0.163892551073442 0.210766010188511 0.130622455933184 0.142503152173637 0.00457674681936172 0.010043466844591
0.00654357104286884 0.180632318992033 0.0312042128427736 0.158116943481339 0.17511085325611 0.0841435204599377 0.128168513361146 0.236080066563793
0.160665005161904 0.0467720319988925 0.131833269504957 0.111788956687726 0.0656079441861606 0.18488022817735 0.152249299192043 0.146203265090967
0.0198206975544931 0.10310780923427 0.231223998467322 0.253062735644476 0.0713675189196811 0.138707008697886 0.128192356605029 0.0545178748768434
0.224277521652919 0.116259723107695 0.205418331410937 0.227444989647546 0.0793253132120761 0.033204378166164 0.00652780143566774 0.107541941366995
0.170366103496595 0.0536293050416746 0.232736645104249 0.0248347489969348 0.123589127290102 0.160351669052743 0.197752506901453 0.0367398941162477
0.116811886154923 0.0205747637543221 0.153778916429639 0.176266511518095 0.142390885613624 0.144289418773262 0.172904970498516 0.0729826472576186
0.153442963924788 0.123512146370733 0.191907992982689 0.110045291218793 0.0236239094401184 0.0521396226807229 0.210018866245227 0.135309207136928
0.00117516398479286 0.0201872338030149 0.140889864631278 0.142205100099095 0.110030551502801 0.157250197958806 0.183163664570338 0.245098223449874
0.0213291199672555 0.21410738731788 0.243404589570491 0.0297368351027038 0.0961621786580931 0.0565045335827653 0.142954099799857 0.195801256000954
0.167575823879276 0.200009937239708 0.0701797247758739 0.177185286385192 0.00665438652520511 0.0373462368157486 0.195888845743131 0.145159758635865
0.221510617022095 0.10180875143524 0.0279887044225967 0.097522565040673 0.00675840857121908 0.181635902228824 0.106478919791625 0.256296131487727
0.0864852449910218 0.222224942156838 0.0542261884769417 0.100925150594023 0.149932981429575 0.0131246693881965 0.159696948627366 0.213383874336038
0.167999059845621 0.0837011683219174 0.140611120489488 0.118899132956491 0.122727465874821 0.0695713402032679 0.109755851956671 0.186734860351722
0.0566750243267753 0.166878882985976 0.150188142797155 0.14835450967249 0.0816306920350356 0.212615999190763 0.0659026331137772 0.117754115878027
0.179718681480035 0.0086485345286732 0.154811536239689 0.0729671890317448 0.178265820229715 0.152486262209702 0.191781537674503 0.0613204386059382
0.0892159990370837 0.0129982945032556 0.229939289113668 0.238023153601133 0.241225721898218 0.114483035391974 0.0585528130018586 0.0155616934528102
0.036459646517575 0.109456202770686 0.0635269022054094 0.286865959594246 0.239079359072302 0.142187705161177 0.0151012052318828 0.107323019446721
0.0747644714145056 0.093931463745601 0.0658966548743559 0.245424567944085 0.152973908553175 0.0163255614557223 0.0643205712993324 0.286362800713223
0.121283998872167 0.0149023850933083 0.254773734115428 0.235537599877121 0.00837139915044046 0.197499108257575 0.113508751692215 0.0541230229417456
0.244221868326113 0.0113480800908949 0.127748748274077 0.015862833096833 0.217493692239308 0.117810696279837 0.0375650026779591 0.227949079014978
0.144562925242294 0.00820975353623686 0.14775796426894 0.0479515643486544 0.148132150021626 0.0890485262810777 0.218964187764448 0.195372928536722
0.0100215960134047 0.253921660818582 0.0440477424171078 0.17922304056882 0.229333911868573 0.00214711743113585 0.134007267605023 0.147297663277355
0.0541678509812105 0.0590860488585839 0.202854075842985 0.175896689657896 0.0211949672174049 0.220508884574024 0.16594635322973 0.100345129638164
0.181262748149552 0.19115652038366 0.149427100586747 0.0351942698594509 0.106404237574268 0.0251656216924185 0.148397340500127 0.162992161253777
0.136153064090091 0.104191816232722 0.0206112746974088 0.113873270011504 0.264771752245097 0.210257787321963 0.054411573970921 0.0957294614302947
0.0783407235363531 0.0742932139611301 0.0587534475149765 0.168976548274991 0.0388788189263723 0.148170238921328 0.167329265866334 0.265257742998516
0.18944282311433 0.1673037125301 0.134441958623599 0.144668696420846 0.225576505547543 0.0955918214710838 0.00692879188206714 0.0360456904104307
0.033657275573707 0.130566030434801 0.185257983366946 0.160973965968787 0.217146456918273 0.0245095326939492 0.178428177400343 0.0694605776431951
0.146886510067926 0.0463665527766836 0.151594096755295 0.138750511520357 0.0925660779118017 0.0852071762274036 0.174382614818843 0.164246459921689
0.108848186260879 0.0922284705364965 0.167377995491608 0.0923305716882908 0.0642160869041259 0.210117719630769 0.0421211498122464 0.222759819675584
0.125732530413998 0.00607554807800684 0.243625119011909 0.00840902249972966 0.118057337787501 0.182065929909378 0.127460205876946 0.188574306422532
0.200016927847669 0.0645183516801276 0.0964069277070016 0.272276965595739 0.0964897350946286 0.0549376887497597 0.00377227579640351 0.211581127528672
0.208851846148855 0.0394775133616422 0.162834258893975 0.148176797396219 0.116834334055458 0.119005298066252 0.154298666336858 0.0505212857407406
0.0794246947845582 0.0911287640042041 0.0821146076995623 0.169400983833415 0.0521858410430073 0.0411104649802434 0.238829978900096 0.245804664754914
0.20403400871714 0.269168921720248 0.172432100205428 0.0110053833329269 0.0282031009729108 0.203822941702137 0.068502401345465 0.0428311420037443
0.190384366496719 0.173240005094502 0.057565953158005 0.00747940701495277 0.125058543903825 0.0664009892146003 0.197230104864269 0.182640630253126
0.0576521863287086 0.0314529510022264 0.226509362433155 0.19811034757257 0.0654924225340363 0.0533301704269714 0.197318014690751 0.170134545011581
0.32988140123376 0.0519493327082453 0.157600558883387 0.0261399001587065 0.166765562866205 0.0998442501434199 0.155698031188971 0.012120962817305
0.184287271991155 0.26773395850482 0.237172088611104 0.0106271585923836 0.047855780391966 0.0860412358171301 0.0120640798480705 0.15421842624337
0.213717702610294 0.12857807965013 0.0990577223366181 0.077552052137468 0.134632465995398 0.0695564152774023 0.160497532166149 0.116408029826541
0.0249981926917447 0.0243026716100592 0.0139500864252314 0.314240876705942 0.0932098723552148 0.2407808438239 0.26952939884979 0.0189880575381172
0.133373480839157 0.00739691672353239 0.217153733944693 0.0635144053362634 0.175714625790088 0.0792859068100446 0.201456981665695 0.122103948890527
0.107860738015284 0.209486069069915 0.008365438456431 0.174940808290984 0.15176088358156 0.0718002355020543 0.139546867434199 0.136238959649572
0.0482646352712967 0.0135700834035197 0.166226143325065 0.127073097283061 0.251350018970328 0.227766168914606 0.0951615978520994 0.0705882549800245
0.0867580876736556 0.0809594049464821 0.012444143523369 0.184912615120943 0.17936517571645 0.153750296639999 0.176384872540616 0.125425403838485
0.103439987548536 0.129204899699208 0.0746396969933221 0.181869953746029 0.0775526128810124 0.11345246863513 0.128630021847305 0.191210358649458
0.146120943661633 0.134015942459139 0.14252696926763 0.147650876223901 0.194504450144496 0.0501071933823098 0.18093731981133 0.00413630504956129
0.0354388415104096 0.17070147577309 0.0450360666695113 0.100901532616815 0.0591001739895694 0.277670883979581 0.310673098828405 0.000477926632619232
0.201204457738718 0.184702375602155 0.0940871345108027 0.205524457230279 0.200842690245181 0.0124623727658698 0.0299668231934962 0.0712096887134986
0.159062549960757 0.102711129507499 0.192468340229376 0.187863203032712 0.00609000415872335 0.10869358217088 0.197915551778451 0.045195639161603
0.0256236137003547 0.189670958522048 0.187791981668891 0.156787987941092 0.0640999365509027 0.0875566717830463 0.115817481459443 0.172651368374223
0.0952520586353396 0.162335776070404 0.0924411527232172 0.139861499114296 0.0721778315054409 0.0968751219595892 0.189680232965864 0.15137632702585
0.229772329577943 0.0414297072778883 0.226785631268576 0.183284429783512 0.0298318438587573 0.0974969370699327 0.06909117868645 0.122307942476941
0.00954688296874133 0.0109270777930919 0.0753673114865141 0.132168135865629 0.0805905554417976 0.248680486729885 0.204678496996681 0.238041052717661
0.0250597048451626 0.124129824844005 0.177164261568847 0.185350144767746 0.139267706701826 0.165584921422892 0.0271325668715851 0.156310868977936
0.146071600985346 0.200015554553455 0.00141196038140529 0.0605759771394256 0.206981016407781 0.165395668282869 0.0230086718093225 0.196539550440396
0.191543442397181 0.0366604792020801 0.120634117184669 0.206197236136841 0.100006567405254 0.0577177550521877 0.0711228128112381 0.216117589810549
0.169247987942865 0.171946865260924 0.225397544086412 0.0675063969923796 0.134771674565948 0.0505389758426544 0.175857338434489 0.00473321687432838
0.205450216847683 0.113222179481522 0.173066949616045 0.0783854756610744 0.194916039825726 0.0193856596134962 0.0843600111655566 0.131213467788897
0.236738139276994 0.151413884237212 0.0137408330290759 0.0874126788397667 0.0932565591942982 0.128387903873632 0.178000227898305 0.111049773650717
0.135319226217943 0.109640565605142 0.150774423079102 0.144201423228239 0.106240086382569 0.0609773934480405 0.291054682490732 0.00179219954823281
0.120708479561707 0.147916535933568 0.176608562560036 0.00581209730892739 0.0327350986555117 0.114025947023831 0.166814210173181 0.235379068783238
0.214477412668011 0.0707164960564994 0.130542208188103 0.142188066951771 0.101707799618885 0.0721189015677565 0.0517915679961486 0.216457546952826
0.239950652251373 0.0412659758202031 0.193120186912166 0.0978784187374718 0.183809308976434 0.0699367120230397 0.155160009560009 0.0188787357193026
0.160074026119722 0.0880479229340516 0.205131844906579 0.121734066142202 0.13776192583722 0.0695596760270383 0.160801434856311 0.0568891031768764
0.209045258133671 0.172393423263406 0.174226422997873 0.173925825324726 0.195522589891987 0.0401445570419347 0.00620308237450559 0.0285388409718979
0.0536913006487382 0.185951584269641 0.200899241760077 0.17757413413975 0.153496773202669 0.0211760530381981 0.171565002839514 0.035645910101413
0.121866703008208 0.217837961003731 0.0429863550022839 0.0395329952347513 0.0701209899433438 0.180002071928155 0.100373911781986 0.227279012097541
0.093311199618349 0.111171752141135 0.156951922777855 0.142040133011648 0.158086179232917 0.125267804262076 0.12760061562097 0.0855703933350507
0.0527879244671934 0.191608511733689 0.186337998224185 0.237894629215203 0.111691512877862 0.067362626127372 0.0984795520093569 0.0538372453451387
0.161336811419769 0.032908587021932 0.0594343920142824 0.143372229995547 0.329856048808859 0.00314440006857532 0.0568427841331192 0.213104746537915
0.126798563573649 0.132752498437901 0.0202469076889348 0.132178921795203 0.187012028776845 0.0501170934315925 0.184583229761371 0.166310756534504
0.145628669457651 0.122090526063576 0.160190321011233 0.0200332630450665 0.171308927246256 0.197406686429886 0.00936249941558723 0.173979107330745
0.121272450482971 0.106094887246844 0.168760026595134 0.0828011862223782 0.103691939111499 0.0900814069513675 0.187405991850768 0.139892111539038
0.0762459779525137 0.161684364097519 0.00169040764656481 0.127008832231474 0.162549847006703 0.0537699388416791 0.192636465808436 0.224414166415109
0.121776665298115 0.194681997609766 0.0389605240293497 0.0930922644138207 0.207975121611238 0.0596499560481747 0.135957533191952 0.147905937797584
0.169517297479948 0.126229631636356 0.165678565421013 0.130587952875445 0.065477985910985 0.164684808615151 0.15984451788296 0.0179792401781417
0.0831506363171342 0.0142851095118922 0.210147664819036 0.0815044603185363 0.198438531285772 0.131888304475789 0.140839724069211 0.139745569202629
0.155826449508863 0.0191046033401383 0.0204927242194645 0.310420789227573 0.0688346923339376 0.0766415908230072 0.275078553292242 0.0736005972547737
0.164888975893507 0.220731500881432 0.218565126867127 0.148086037561078 0.0210232450112482 0.100805911053545 0.0358815102666995 0.0900176924653627
0.0525294535321363 0.209469716228536 0.0169320083119982 0.0467562874327175 0.113862536423168 0.252665990218148 0.0413451091687946 0.266438898684501
0.0854040727030938 0.00268856573347821 0.214113284205078 0.117675651619556 0.174118250199246 0.10385804325968 0.0907350541459918 0.211407078133875
0.201320125629363 0.00311682210692564 0.0586307679108241 0.114987367967356 0.0797277155597242 0.215344869390895 0.14045465616883 0.186417675266082
0.00436942787080336 0.133844173050787 0.117243795170279 0.000951725697369609 0.234030235780547 0.144828765608484 0.216410412425615 0.148321464396115
0.183708295376741 0.0296376200073948 0.167926516867746 0.129363716289634 0.187388465783864 0.0449723613400184 0.0606967130061097 0.196306311328491
0.0429482783465225 0.189843316849174 0.161644793667676 0.142373209649923 0.176828549342506 0.0432483194758353 0.141388520750121 0.101725011918243
0.138010353568959 0.0440606271620906 0.0468674797934541 0.180559521614886 0.318965367411561 0.00911058976901166 0.110110328576282 0.152315732103756
0.013322694499169 0.189198764559916 0.0305117618941776 0.164265417567252 0.147482443925135 0.0361208322733167 0.333317437706505 0.0857806475745272
0.129354843003057 0.138316084705798 0.189151812608832 0.0820106859308591 0.0661449261877395 0.0562793820354902 0.178861066012678 0.159881199515546
0.196820448929078 0.125418416339457 0.142426640940532 0.194152519689971 0.0736788117889603 0.0243958452498596 0.0834159573378779 0.159691359724264
0.19419977807445 0.0542671995541231 0.0718467948949635 0.137938210638365 0.289307450561123 0.0583077742563273 0.0618978724782223 0.132234919542426
0.0918114451836123 0.0732208135708716 0.0714405492975268 0.109449811549937 0.182445964254364 0.089781617763153 0.169164428803317 0.212685369577219
0.126872732520541 0.151380553435955 0.098186716733607 0.0343540021740346 0.130126906704096 0.198883286732871 0.0907359253571832 0.169459876341713
0.168543389769275 0.0894990886636724 0.0958846765697005 0.1858065518945 0.0665511982801392 0.149008104887931 0.0995945460890841 0.145112443845698
0.0819588940655469 0.254451370216675 0.0469583658393325 0.035396105588212 0.220539594162112 0.220200961963578 0.0635052652078988 0.0769894429566438
0.0888588544224281 0.0270936021653624 0.0430876252916652 0.144045970270017 0.0181817307846157 0.244558802017621 0.241467104140388 0.192706310907903
