0.208800126345015 0.035687558790688 0.416435523682501 0.232468959749334 0.0720882270654238 0.0345196043670379
0.0839374200858643 0.196203700851762 0.152847897722858 0.0579185112464258 0.154806265134959 0.354286204958132
0.155885527451869 0.0615058551813621 0.219883184936224 0.163565569314044 0.165873747245025 0.233286115871477
0.163086876059183 0.143187418915592 0.20171518799232 0.141475755767295 0.144905569408588 0.205629191857022
0.258538051378687 0.261695964542079 0.059807684546827 0.0234481318087386 0.336433770460474 0.0600763972631939
0.353781184792958 0.116249939453026 0.140387906573194 0.269591319448167 0.0571050523222382 0.062884597410417
0.00812690455888333 0.057933520705984 0.311215995483507 0.0980009878290105 0.112389542989925 0.412333048432689
0.372598437883904 0.0763653427754047 0.168961670335379 0.0158223822005878 0.35520151146241 0.0110506553423152
0.0863280488372035 0.156887374086252 0.288089988813527 0.00173201916970047 0.160394210558844 0.306568358534473
0.301252568188289 0.376274036856342 0.079867900689777 0.0112684982802753 0.111259597348205 0.120077398637112
0.275101446175905 0.150119706532826 0.110006627947274 0.215185709381188 0.1908539026696 0.0587326072932078
0.159253202385047 0.18546760780372 0.311763307344032 0.100802815835955 0.0567380805817978 0.185974986049448
0.251250131984953 0.103641232835338 0.115793198110518 0.0361552621866495 0.336505210093829 0.156654964788712
0.143752522061462 0.268384334494488 0.0571352817023636 0.199532008179642 0.078960303729169 0.252235549832875
0.338890261225951 0.127290196045691 0.0377222183642667 0.345808768896778 0.0662470112981362 0.0840415441691777
0.217421094230357 0.167481266105365 0.241559168168093 0.0374270331396264 0.205893778464771 0.130217659891786
0.341999938985132 0.160772156210489 0.251340131054159 0.0178939932831442 0.209490908065132 0.0185028724019444
0.210338703207692 0.253924147287668 0.20917914273655 0.0892446128784638 0.195374095587623 0.0419392983020028
0.142246599380432 0.206547541251302 0.063647130614605 0.187051382092074 0.190492949657595 0.210014397003991
0.225405725396478 0.14750984643705 0.219054450355839 0.134138059314479 0.172726146184823 0.101165772311332
0.190375676555122 0.250696068906606 0.033607627566156 0.163670410693773 0.337331514966575 0.0243187013117671
0.0791289379601047 0.0594600475378721 0.275205692063078 0.152522581317059 0.23000089464564 0.203681846476247
0.176062482347913 0.249246993360316 0.00873857259424324 0.285132092352403 0.0336478840378719 0.247171975307252
0.132491702269711 0.0144403973090532 0.187511273329681 0.45672734273981 0.0477957277049546 0.161033556646789
0.148530809838782 0.0863358801365484 0.19773636085267 0.296278007311196 0.0748374328383368 0.196281509022466
0.114332028389532 0.254774870305034 0.248043195377735 0.178591307288071 0.0118032831040646 0.192455315535563
0.33326434580025 0.231854954401933 0.00769327776391305 0.010928453199638 0.179092952459078 0.237166016375188
0.232628926507043 0.196959230087789 0.0671775377140515 0.0181737713931622 0.296314217730933 0.18874631656702
0.221613947848804 0.194409924390509 0.164169572744597 0.285424454202332 0.116369734878041 0.0180123659357168
0.0966844379630335 0.205595251715441 0.123817254076631 0.109509997015755 0.16211959940064 0.302273459828499
0.0107472136802134 0.0911924890939097 0.147424673596327 0.0816376238008388 0.372772695248262 0.296225304580449
0.263445568700639 0.26391938732077 0.062542560750753 0.344666896861082 0.0267844093433303 0.0386411770234251
0.164594062505266 0.25158878590544 0.00372837267885911 0.25782985812559 0.207329019067648 0.114929901717197
0.121299949605739 0.0131009069168832 0.0236162767756745 0.363752075089627 0.230339241255547 0.24789155035653
0.200787602657853 0.334411101956704 0.0909974168005752 0.317478843581974 0.0229961474555261 0.0333288875473676
0.252154895892156 0.0666284279370383 0.126423614689993 0.0717606728743262 0.22102375319773 0.262008635408757
0.137050173118239 0.230386264675907 0.200722293736195 0.172264988579425 0.068813008885642 0.190763271004592
0.233792294355782 0.311052634818286 0.0883357815400585 0.0210034236052286 0.316488722177353 0.0293271435032918
0.179443279049307 0.266928052945672 0.107355768683647 0.180434196657019 0.258574630073441 0.00726407259091403
0.00537935783972386 0.187992000880596 0.184768035556732 0.122030150508095 0.227014329115506 0.272816126099347
0.243487351296199 0.0675760970020022 0.187156770171316 0.0184319881397482 0.386656479784915 0.0966913136058202
0.36440426374107 0.168984998310361 0.080756390121169 0.0986559142832624 0.210455995716223 0.0767424378279137
0.018216005042713 0.148494171655654 0.046847691402074 0.248828876381711 0.268150654691774 0.269462600826074
0.0543302828026183 0.228685967877717 0.276626714977025 0.306517569228965 0.0912417956153713 0.0425976694983043
0.00943168368103519 0.0224823645410208 0.111211565763688 0.209374709676845 0.470769550341335 0.176730125996075
0.166909423664832 0.152211721059824 0.175511747484069 0.189764769969812 0.170501298260509 0.145101039560955
0.320352582064952 0.181213709239713 0.0361651795469273 0.136764699318574 0.0368863892684363 0.288617440561397
0.146811872920018 0.0867275689665256 0.0780318940414739 0.370354233842138 0.0747895221970984 0.243284908032746
0.194384956310642 0.292309088739404 0.164258417021533 0.0908212117377171 0.0760455799670834 0.18218074622362
0.338555004722952 0.0806502963038748 0.227038341931869 0.158491838103837 0.123833689174074 0.0714308297633938
0.0415321111903391 0.251524203066914 0.228722710589253 0.243071611841345 0.00963026108637736 0.225519102225771
0.278688778745889 0.106586862536039 0.240817167838931 0.163051400451024 0.0036009490373961 0.207254841390721
0.0893437458879079 0.279008456001874 0.25397156679592 0.204097617045065 0.0994625954435197 0.0741160188257133
0.203023516846185 0.333408282757355 0.170866455975399 0.020284695994774 0.127045118196297 0.14537193022999
0.177727560136947 0.144532735868325 0.107306197700616 0.132218189451814 0.220683343183906 0.217531973658392
0.0780603782523639 0.239513765984858 0.295825516143385 0.153573748381128 0.225198182072292 0.00782840916597331
0.25176324577639 0.162134127486313 0.132901528147497 0.0100256257440012 0.287109394895628 0.156066077950171
0.278349253933068 0.115720226378405 0.22657587616387 0.21651310594335 0.0452581282236678 0.117583409357638
0.135126356541911 0.274492459809977 0.14734529901185 0.110182827539283 0.204376772797665 0.128476284299315
0.366796114497595 0.110637418026631 0.0654326168731132 0.13788059927129 0.290518873315149 0.0287343780162207
0.00618571235650852 0.321385395556284 0.108719921932125 0.212116492117541 0.0915036397102492 0.260088838327292
0.16194898239123 0.000117085895220729 0.242770604470431 0.268659133393694 0.320519686080374 0.00598450776905051
0.258393086406255 0.243272611897944 0.208649286056578 0.0405316462709835 0.217168798551829 0.0319845708164115
0.205709016066205 0.187083736262166 0.0334361360894338 0.231563229075152 0.138495031102171 0.203712851404872
0.0767547644002317 0.154636475934991 0.0929818871462832 0.237415998474953 0.195826609448479 0.242384264595061
0.0150936826347826 0.0917414741765673 0.201610937982126 0.321149836524321 0.0370891437362778 0.333314924945925
0.227624875982797 0.273266507180517 0.155059292887027 0.0816302770667747 0.12409845035543 0.138320596527454
0.116026392820902 0.284554683772016 0.234077739489141 0.088365725841664 0.00464653085709547 0.272328927219182
0.0666565698944207 0.292054973516076 0.0333072787199418 0.312650693722413 0.132962346897369 0.16236813724978
0.0177026351060125 0.31851743164812 0.238396316362009 0.147268240120862 0.128280197791303 0.149835178971694
0.0147822203782592 0.0669867050683078 0.107823762004196 0.335529296335154 0.141398183362131 0.333479832851953
0.256133673877044 0.0256002162145855 0.223715991796125 0.229553821602874 0.0233563385388793 0.241639957970492
0.29019330266912 0.125672043007104 0.314456684634453 0.140290313531674 0.037708771940948 0.0916788842167014
0.155606056557291 0.168661391692483 0.155776238158877 0.167460937050362 0.159551889921253 0.192943486619734
0.178943615718214 0.163096019471944 0.197781639297349 0.18503421843697 0.0880922013684391 0.187052305707084
0.131450533968592 0.233793151809143 0.22133108638826 0.0762167102849462 0.143886040403227 0.193322477145831
0.10787861396248 0.101302029644318 0.185177047021467 0.317369841191996 0.252261691655313 0.036010776524426
0.256020988929668 0.0916699593596862 0.0873884483708775 0.245599760380432 0.10142059244154 0.217900250517797
0.17347714232237 0.0997595852141033 0.281311523735245 0.0676118615504735 0.279845080931498 0.0979948062463101
0.0486533536241665 0.0608205844018031 0.256350828699699 0.211548145628436 0.178482002454806 0.244145085191089
0.190046018309813 0.223912074154136 0.154044012180473 0.051631986368399 0.00925270931389952 0.37111319967328
0.208474592226548 0.209421499539496 0.063546542556603 0.132161788535057 0.208586078494971 0.177809498647325
0.160149867575382 0.187033610395637 0.27488303607231 0.132480977660357 0.0991539662090032 0.146298542087311
0.112527328149005 0.203028450529857 0.0650541968316533 0.214482663767789 0.174216413506518 0.230690947215176
0.00092392940976993 0.40921097501526 0.215423143660531 0.134471895911745 0.11430264425308 0.125667411749615
0.0267209283885247 0.158594350607073 0.222567018286547 0.0682299045926852 0.17859690290314 0.34529089522203
0.0265557624805503 0.27037598479929 0.266107299426062 0.138794180633441 0.0932439180076477 0.20492285465301
0.176941420739288 0.248129280594963 0.0172511612612255 0.176597735012639 0.101930511276978 0.279149891114907
0.40399959522528 0.0207997026136063 0.2292540912194 0.14970520447815 0.14479368548276 0.0514477209808025
0.108812586541207 0.342448784163582 0.387151677855517 0.00919157615932115 0.0086845822408952 0.143710793039478
0.294290750901086 0.00868711346557152 0.090967013419808 0.109631951716611 0.278053389324038 0.218369781172886
0.033916949226292 0.172994702471165 0.266107357584138 0.271895492738015 0.13328643976871 0.12179905821168
0.109099554489773 0.071332166397359 0.270347886241012 0.207562786387571 0.102341820527774 0.239315785956511
0.0527502311331114 0.125906656759053 0.0901850808049363 0.1568391485277 0.242114848101112 0.332204034674087
0.171974740358229 0.23334710155886 0.24466813128006 0.048332345471422 0.12330524958878 0.17837243174265
0.211810583025635 0.046289933203163 0.209630584320429 0.133761751387979 0.223541069242206 0.174966078820588
0.0663958890198908 0.016007818655442 0.328880720226991 0.0309919463558566 0.291287140950954 0.266436484790866
0.0772032409080333 0.24850107293653 0.0392054977764717 0.168653214671602 0.152873037438037 0.313563936269326
0.0193232654957785 0.298982971687951 0.0367024381828224 0.134201419403365 0.195525112845808 0.315264792384275
0.195242443722215 0.0874524408529093 0.201522068416222 0.184362194471048 0.0420850953723029 0.289335757165303
0.0650614523325588 0.145421414801902 0.0468808971170643 0.338396654165541 0.00899361934280096 0.395245962240132
0.063190343544267 0.296987196986402 0.0279221494178049 0.160777331876105 0.249777169835762 0.201345808339658
0.0262837080229622 0.103426962551799 0.159217676466909 0.395274299080217 0.224754176761226 0.0910431771168868
0.347350521786422 0.135575489702293 0.161888071666918 0.125898624837562 0.0900294543211475 0.139257837685656
0.112716771841162 0.33783314413327 0.0316700507322345 0.0796783339483665 0.294580300220534 0.143521399124433
0.0417778434261265 0.134944769669057 0.340249444108032 0.169084453685278 0.107004892211678 0.206938596899828
0.198041417231218 0.221543875894246 0.183332448951429 0.0641280480194676 0.231072224900894 0.101881985002745
0.124613153291018 0.0718290586981582 0.189488236090517 0.350300016480029 0.0880024372240893 0.175767098216189
0.000897319402981761 0.211795825140134 0.271770064919611 0.179879925806302 0.130413661069837 0.205243203661134
0.301689736691657 0.237087158150257 0.134192980665548 0.0349871645296573 0.137070977713167 0.154971982249713
0.0930848891684005 0.0182593195911533 0.216328448484136 0.493144528449574 0.113511812346367 0.0656710019603693
0.208516778938326 0.15209359392859 0.0648722417329124 0.189310645939042 0.220105018161125 0.165101721300005
0.138227590394117 0.278526237765546 0.157780815677458 0.0963285294021566 0.0972479965375755 0.231888830223147
0.0226307193615963 0.22966379768381 0.0834963725983283 0.0264655884762747 0.252259535266464 0.385483986613527
0.178662989063592 0.251608746287872 0.241117716298449 0.18197507292393 0.0690582353160514 0.0775772401101054
0.115151413647872 0.341096005474136 0.0142924259206171 0.224914100983726 0.0626652251692854 0.241880828804363
0.126097447967964 0.13366092338568 0.0606041263009406 0.239319109429173 0.223079936973743 0.217238455942499
0.112199921860378 0.0266025786447557 0.157553437958881 0.375614898830354 0.259130787355809 0.0688983753498219
0.132708698829081 0.232779646715782 0.0698312711710622 0.204196771347244 0.311285902973632 0.0491977089631983
0.321307068473319 0.27050253311048 0.035928500605179 0.26255701563435 0.010498490423358 0.0992063917533137
0.0819991692195554 0.219308505336584 0.108289011503461 0.228799693675194 0.154408521843843 0.207195098421362
0.135671090634882 0.120913559301081 0.115359888836034 0.32664383771447 0.158824130027293 0.142587493486239
0.276919832230761 0.0930074728753899 0.235132327546211 0.176752316756755 0.13015371255118 0.0880343380397022
0.133583302675592 0.195981420253097 0.180015928023822 0.126657836734109 0.114580096654025 0.249181415659356
0.273955361644027 0.296427659189181 0.067778009949713 0.153730522667956 0.0684603475846382 0.139648098964485
0.217990966886785 0.2515664420222 0.0243230040739711 0.0966952365795816 0.154860641945814 0.254563708491648
0.211360909082036 0.0947951691697139 0.1937510526244 0.0790477605876927 0.234963775175886 0.186081333360272
0.202940483336281 0.184307444958864 0.0168511415138462 0.165123136159679 0.202634495538415 0.228143298492915
0.209012541469422 0.330555650701882 0.0199355226353581 0.307270364969554 0.116258894827857 0.0169670253959264
0.271481491346583 0.056175493068638 0.0630877994375433 0.110627976053065 0.125249522145433 0.373377717948738
0.230321725487073 0.248704942965571 0.267206492006574 0.0732718840144343 0.00720908014183318 0.173285875384514
0.248127665464305 0.170600047431792 0.190292397544157 0.110518811974463 0.182325767617888 0.0981353099673949
0.192809450323565 0.107799290600476 0.114411118049718 0.245935890166412 0.0844826051986409 0.254561645661188
0.0559692701516839 0.268014689587134 0.140309469551858 0.0723328451254762 0.212055670488961 0.251318055094887
0.119798902147883 0.118667169901464 0.201437840051864 0.195551664848605 0.203823395199205 0.16072102785098
0.260925986154407 0.213928355336768 0.014308799870966 0.261056795615045 0.174825380012067 0.0749546830107459
0.172032518761912 0.207825430368116 0.14552896855537 0.186611029598396 0.112600272368614 0.175401780347592
0.215889516366231 0.172424375851458 0.186067827459672 0.160373556584307 0.132890845242893 0.13235387849544
0.166378986998538 0.129952368603967 0.219356232214696 0.0858333129878961 0.226400860967935 0.172078238226967
0.119774144738856 0.359653663862612 0.13352011655496 0.0365114155066307 0.176943531707232 0.17359712762971
0.255838794095693 0.055849513719219 0.20610208583037 0.0735382867890075 0.200985250787119 0.207686068778592
0.000947021164360211 0.24417266495465 0.067725119256722 0.128200864156844 0.419171265037283 0.13978306543014
0.0585935914668365 0.136815286008863 0.0864443270386565 0.251487474301719 0.255410227849133 0.211249093334791
0.422561877834902 0.00442504696622729 0.110109247596554 0.135791439300621 0.103068428376259 0.224043959925436
0.29654685078579 0.00598014684790757 0.101168001642102 0.0336769956507689 0.319426181885911 0.243201823187521
0.158514882926649 0.0977782896374732 0.046837082565684 0.172131088841055 0.283256651155296 0.241482004873843
0.273361594226658 0.211268289924524 0.31584383129311 0.158989512171464 0.0200537423531189 0.0204830300311248
0.0538356756290172 0.221080292733854 0.247535411442473 0.218496811086041 0.163080698399577 0.0959711107090379
0.00239003404319066 0.230545263079926 0.19259186942729 0.22512416514825 0.275903589334646 0.0734450789666973
0.121561694087595 0.252735923112529 0.131670145428288 0.123948343370383 0.119400176766972 0.250683717234233
0.183380548252634 0.0765714959168474 0.224109853683291 0.0877412653720759 0.210715051278248 0.217481785496904
0.0813966880049485 0.26951654706429 0.135593738829018 0.284238947720455 0.0513783635021758 0.177875714879113
0.0751062729054006 0.252814662814079 0.0312759894616192 0.253180949192059 0.155128972847596 0.232493152779247
0.225597807601511 0.231392021156724 0.0125366998676751 0.244469924495061 0.110759585317858 0.175243961561171
0.238409900424689 0.276414558626222 0.0738820113744615 0.310114295571559 0.0314538205441875 0.0697254134588817
0.163911164636662 0.0549596218593409 0.209279886176418 0.303428148059836 0.241964046076828 0.0264571331909141
0.272205444856501 0.127847929907413 0.178164711877172 0.143057623742398 0.198658122027045 0.0800661675894718
0.137043389361811 0.247347982828829 0.210370797940756 0.102428835527919 0.028797505286379 0.274011489054305
0.183517797303395 0.174709673845002 0.0841435945240162 0.153103150511283 0.158099303447079 0.246426480369224
0.171363550006596 0.182120435991282 0.185938960602409 0.211063000670853 0.0699557105491233 0.179558342179736
0.367090116735312 0.0779223296630472 0.285425360467948 0.0238962824629526 0.0409863823280633 0.204679528342677
0.153327742880417 0.0930082807982499 0.178806896754348 0.200933611178549 0.159678940213345 0.214244528175092
0.0753719866799049 0.289983600921035 0.26711844591273 0.0910386997362484 0.00978594972232846 0.266701317027754
0.177653989001062 0.137597762572189 0.118538108709646 0.215885388852683 0.179323512735438 0.171001238128982
0.212592527196019 0.222323157690267 0.0567232443251729 0.185866628456446 0.165190580817062 0.157303861515033
0.231885461670278 0.140831484473169 0.222398543022301 0.0710963812810914 0.128652464232287 0.205135665320874
0.0990981695890615 0.213502307241786 0.187816562074454 0.306487929494171 0.165635159643661 0.0274598719568662
0.211468221799137 0.215226669247529 0.0696228824062084 0.253220932780174 0.0995217608627062 0.150939532904245
0.314509157599345 0.126593083796404 0.0218000813018588 0.0126628035949628 0.295077737628371 0.229357136079058
0.264637671415511 0.228507171858123 0.0524542163163211 0.00363647572268513 0.0378616711528279 0.412902793534532
0.252871830621986 0.249907704432803 0.00310376466824399 0.0543756489280719 0.146498362540624 0.293242688808271
0.1718357115463 0.216636018404984 0.172442817663818 0.193711322089027 0.0929714949394494 0.152402635356422
0.234166882096404 0.090239529049649 0.233042454266512 0.131677611089219 0.248470567540825 0.0624029559573908
0.0631595420492043 0.270175933389962 0.328095480801765 0.0635710783544537 0.0381372182598661 0.236860747144748
0.185611252684622 0.0725300906729836 0.251945928266031 0.225155017067772 0.120119350166534 0.144638361142058
0.195682928760639 0.119016394084393 0.083709975353152 0.204161717312632 0.128576281694542 0.268852702794642
0.01146699536802 0.0639163731587682 0.318543322108078 0.0120550816462602 0.271285717903928 0.322732509814946
0.258990065624354 0.00893060756592863 0.293713450232512 0.0166626806778944 0.218056541786091 0.20364665411322
0.179284544232957 0.186108964257133 0.161058882144225 0.0266287532071967 0.246142961976957 0.200775894181531
0.230913559548063 0.0976186494734513 0.257698465961342 0.163426071148646 0.0752859011643068 0.175057352704191
0.156290227200203 0.0593892437803289 0.317361852774815 0.226739290426996 0.215308212977474 0.0249111728401838
0.139131154032 0.0501707269396631 0.244639787749408 0.194195137901038 0.26966351270739 0.102199680670501
0.369040235087531 0.0652047720290337 0.494129879348149 0.0353007539191815 0.0129515847948297 0.0233727748212757
0.0827514738837384 0.202132571926739 0.229657412127676 0.278472607934515 0.0967379220469861 0.110248012080345
0.192639693555007 0.172438777601705 0.111657310559187 0.17966519427067 0.135007834337659 0.208591189675773
0.0853673684489399 0.217735836250863 0.0197917210581816 0.190501972744656 0.270399135509805 0.216203965987555
0.328683268017853 0.0337313942491613 0.157974491713139 0.0954718975938354 0.279259078385495 0.104879870040516
0.00619910436373225 0.33086195640004 0.161673966486668 0.0544836489001286 0.218756666505533 0.228024657343899
0.364727318726787 0.0721052936762404 0.287321720791873 0.0665869606977425 0.0115618628439772 0.19769684326338
0.114666139063707 0.0941250663681007 0.230149027598479 0.224226237355201 0.200405176160814 0.136428353453699
0.133808940581955 0.288971957553592 0.294095559533009 0.0116975439757322 0.219543601399455 0.051882396956257
0.0816584062759147 0.0989416485373783 0.042913848425623 0.286145800013114 0.104777001757351 0.385563294990619
0.0285286790438164 0.0460472997211238 0.227214694862088 0.24260342226568 0.256649124047024 0.198956780060268
0.244234286475333 0.274950196201012 0.15151761974455 0.129588420485633 0.175401088707348 0.0243083883861246
0.174764410069759 0.195714495371601 0.136935000300375 0.381554134573941 0.0310616541769179 0.0799703055074075
0.0717245079258487 0.215030703743975 0.250964350829383 0.0138203329781717 0.241787278117094 0.206672826405528
0.162120543225146 0.476413637722039 0.00900467451028236 0.00738059517428443 0.141937144880375 0.203143404487873
0.0818017834015458 0.227073713691653 0.126314432911759 0.140537733002026 0.237789092643571 0.186483244349446
0.256981283502771 0.11941711658867 0.18319499635391 0.117666115043115 0.180871091740373 0.141869396771159
0.0820429657031026 0.119013500642714 0.277040062465921 0.241702835236066 0.211865568693152 0.0683350672590453
0.100545187569825 0.185478116989825 0.151424955418652 0.137635638661016 0.368736792177985 0.056179309182698
0.141159404826718 0.125471895138926 0.273987407623108 0.115588734206928 0.13564660617196 0.20814595203236
0.104869548480325 0.110201613296535 0.0205575446316453 0.18289634172238 0.292008158917608 0.289466792951507
0.104650425018785 0.316733234392232 0.00286862823208365 0.20801788065206 0.342960968863315 0.0247688628415244
0.206470042168081 0.0788059443575554 0.170081018575836 0.251947644032399 0.0595302357489572 0.233165115117171
0.00601025141818059 0.120270143226188 0.346440252038031 0.0134081170175675 0.227720082374207 0.286151153925827
0.0839546340895823 0.118966443090518 0.238285663627899 0.0624385851454436 0.266936755304307 0.22941791874225
0.246404327022014 0.257099894580058 0.229137790445056 0.123399144316523 0.136054969079269 0.00790387455708005
0.248959365548685 0.173529449148135 0.232333133437801 0.00462991397256071 0.14510690241845 0.195441235474369
0.100678569081381 0.200876066051858 0.227652711777027 0.139443014303104 0.0987091366670189 0.232640502119611
0.0870193068220516 0.222484880114839 0.198034900516843 0.0675787918554508 0.1638342569144 0.261047863776416
0.107208436322249 0.142228064000129 0.0386044369427034 0.0264617230662395 0.101678330473613 0.583819009195067
0.134824140058542 0.140851162384112 0.414088279728344 0.242768197392701 0.026577624835603 0.0408905956006985
0.240014982351717 0.265352225973992 0.263004214645972 0.0543616615858223 0.122563145988823 0.0547037694536729
0.304962810328265 0.018410533983318 0.318173797100817 0.198483199057998 0.112973585636549 0.0469960738930528
0.265806862987643 0.270991317553192 0.0182005929344278 0.134605844614259 0.210106465288312 0.100288916622166
0.138318116171577 0.0857670842012953 0.0829887353477015 0.327602737638933 0.250303199469006 0.115020127171487
0.257369654300341 0.0343428375405899 0.263868470923682 0.244720793083611 0.130013958407209 0.0696842857445671
0.176402345677468 0.0443414711206227 0.197579158198131 0.252107430554399 0.262348523972207 0.0672210704771718
0.260247653904664 0.156702291288488 0.0183957559126001 0.107179443125422 0.118606969298901 0.338867886469925
0.247056011750331 0.0861374418516708 0.24854755323608 0.0293852432051524 0.201523637405131 0.187350112551634
0.0751407229097681 0.190188710191689 0.256716633633322 0.0882835680043182 0.191480550627956 0.198189814632947
0.0790159580150275 0.0749218598219817 0.007086192046941 0.187897132746048 0.348316210411141 0.302762646958862
0.24216230423817 0.301995127178945 0.2042228915029 0.0320746738014787 0.182129269154207 0.0374157341242988
0.264853159453157 0.0665616876925951 0.356122430038258 0.10534075462352 0.181046454365037 0.0260755138274325
0.0336586626559402 0.123670976632251 0.0704089202293416 0.287106750202037 0.304314103154771 0.180840587125659
0.186588793399415 0.146641603665154 0.201290386138905 0.0797196498042731 0.18808672162387 0.197672845368383
0.288274150176145 0.3133391011022 0.0408945442229798 0.104344668861133 0.0104605011187092 0.242687034518833
0.178271758750248 0.286114462663956 0.137533946222824 0.130152305541425 0.0596290316219431 0.208298495199604
0.308024660416922 0.0377379032539052 0.00544789830394003 0.356963763869006 0.152278289645402 0.139547484510825
0.241128466559126 0.0897251316726949 0.141707332273363 0.254505738218068 0.238279660669365 0.0346536706073833
0.173319302245472 0.239957183270753 0.23255055781757 0.150947188458856 0.107984310363799 0.0952414578435515
0.20091522344802 0.0195583396341186 0.175724030752389 0.269494024251334 0.0220050381634655 0.312303343750673
0.272597777412899 0.0901148674275258 0.220937446475822 0.246015933883791 0.0413197779859343 0.129014196814028
0.422476655890987 0.0631716686555687 0.0520156630451462 0.0880940963579345 0.282061878132103 0.09218003791826
0.096082645822657 0.260970881162639 0.116130560721015 0.0619566094379068 0.232705948518304 0.232153354337478
0.0436926500839141 0.28135048203773 0.159794481962202 0.327354393320329 0.158953604553384 0.0288543880424411
0.196218077513569 0.190603169226603 0.124728618911877 0.219344231439281 0.256836144345238 0.0122697585634321
0.207111927643371 0.128770448833255 0.265405916097041 0.131456798769393 0.0713598950830513 0.195895013573889
0.109851460058876 0.0670279785112876 0.111573395862168 0.329930116468217 0.147845717411867 0.233771331687585
0.0819518232343699 0.46656475088377 0.021324290103501 0.0396898511151903 0.230364748783002 0.160104535880166
0.134769258475427 0.216203909478542 0.218692407300835 0.0309651276141439 0.207342719221077 0.192026577909976
0.244290010537392 0.060265792679283 0.17065103142887 0.225868213806616 0.0858192248330334 0.213105726714805
0.240612065127412 0.215342117852143 0.153206269746298 0.0850354845565892 0.214096757397396 0.0917073053201614
0.161848902459053 0.104156468467173 0.230028476058511 0.211082140468778 0.0930468125941174 0.199837199952367
0.26386732511307 0.0964876782270618 0.0899841209775027 0.219232216199761 0.144844626262869 0.185584033219736
0.252480170448467 0.316304116775643 0.0073300637565889 0.221785608989949 0.182685107549849 0.0194149324795029
0.0880031089876721 0.159600150567991 0.195496353032884 0.248839531988007 0.124301528291103 0.183759327132343
0.13973960886696 0.244325366836206 0.291877938404556 0.136729125652311 0.129662905867819 0.0576650543721481
0.0737249129997458 0.0222662839086771 0.280223973875497 0.15792964779088 0.139277611391751 0.326577570033449
0.199329324124491 0.0102938721952783 0.185773765905159 0.279400459858095 0.0452185611303781 0.279984016786599
0.0455353903766514 0.0523310123401575 0.25215967083587 0.208236371277747 0.294326962553268 0.147410592616306
0.195864505513045 0.307944732307407 0.117115804873803 0.0393318652581677 0.149088535841991 0.190654556205586
0.176892631249877 0.00691012293737929 0.371409448657901 0.229341898794504 0.0521320386747032 0.163313859685635
0.141543173339124 0.122975193343017 0.288603686753442 0.00381615744399331 0.0687242329442851 0.374337556176138
0.157459122743167 0.168350379606958 0.211668186102433 0.136723087389 0.253519730325001 0.0722794938334409
0.00840637588223457 0.194749955182687 0.25361321919678 0.304666688314515 0.0589632244852328 0.179600536938551
0.195110257333376 0.324970564246285 0.0446471351858904 0.0964089801514342 0.117100283223113 0.221762779859901
0.113137242431431 0.240890783833211 0.23917235556904 0.0947818156034533 0.12443169701308 0.187586105549784
0.16399138118347 0.157590498319091 0.0326374328306764 0.146730514354359 0.340903974240659 0.158146199071745
0.201765258499069 0.11546219453076 0.000599139401346038 0.272985197269234 0.132619213589739 0.276568996709852
0.439697958861287 0.0218402570387168 0.0799903089952665 0.0187427984994905 0.371984580024736 0.067744096580503
0.201879154826847 0.150397378929705 0.232437127658388 0.0416283631359819 0.167256139487239 0.206401835961839
0.23674816983192 0.242331142117247 0.110886114500276 0.0311084025784195 0.279605875068255 0.0993202959038819
0.241684162350926 0.179917206172876 0.205070475825684 0.00453271285679915 0.28955913867489 0.0792363041188255
0.13075988233703 0.300467572931341 0.283301649341401 0.0861693802909031 0.108780180308711 0.0905213347906138
0.311558304677871 0.15906591477614 0.149040911696121 0.0156339827234123 0.0523942557716314 0.312306630354824
0.192863625030239 0.0113367429757413 0.330102818698964 0.262849548011664 0.0449374494908745 0.157909815792518
0.260541417143209 0.217235214109997 0.104354816111192 0.132180269794906 0.0232002895418056 0.262487993298891
0.214004234597244 0.118456015643986 0.0528134866592012 0.207432352316142 0.234813463771804 0.172480447011622
0.1292179953101 0.298177908992477 0.0937817605005544 0.265220116068059 0.207335731934616 0.00626648719419349
0.0980345158420736 0.0191295324041926 0.297331871418604 0.0684666224865837 0.250854999021525 0.266182458827021
0.144392692590366 0.145982285818806 0.222873241214838 0.180391723633202 0.0135060468764855 0.292854009866302
0.366166662360971 0.053331439796265 0.0380732037967869 0.0755785775793053 0.112861729061528 0.353988387405144
0.0313211097816769 0.0626285018204284 0.160632673208535 0.256726967527356 0.298489936663707 0.190200810998296
0.265216503359342 0.105906322954653 0.29357008235052 0.11425260948516 0.0732063294997073 0.147848152350617
0.197684913659435 0.231703709520702 0.07589487347315 0.128797598934662 0.145070646075304 0.220848258336746
0.244769245085328 0.0218314252166212 0.276431618968018 0.282489989113464 0.101977041280945 0.0725006803356248
0.115726758379343 0.311357708886314 0.310473798821465 0.0662063067359421 0.0708747732245191 0.125360653952416
0.465298489063333 0.146501395875901 0.00851557935682252 0.128379312689997 0.139464006319528 0.11184121669442
0.206137958148409 0.235850807966382 0.0247927256565602 0.269339544373725 0.194284776350952 0.0695941875039721
0.11569187877071 0.0571078634482004 0.24855556015418 0.244921061119439 0.186890902317446 0.146832734190026
0.152616033618368 0.0403987305107184 0.200599688742635 0.0470097588853928 0.277218799043599 0.282156989199286
0.0449719669549302 0.0159445034579238 0.0207778055277428 0.354094978972702 0.299529196866474 0.264681548220227
0.207620295448399 0.0225357868840652 0.172232839508745 0.28390864832447 0.0969121030145889 0.216790326819732
0.398716299473144 0.0610602444700645 0.015911591434961 0.236665864761067 0.0300370731825254 0.257608926678238
0.220753579357974 0.193779018967436 0.028211157954337 0.237779027793288 0.247554967102679 0.071922248824285
0.301492362955108 0.216699348235011 0.0614658514785078 0.0730729069771937 0.0499085693869777 0.297360960967202
0.0806984317301145 0.207218908036697 0.135392711340016 0.256053140752083 0.182008879873884 0.138627928267205
0.151713529044553 0.237593937005898 0.225895011336452 0.135596568915337 0.0708742342090455 0.178326719488715
0.0391549888557779 0.214670441295426 0.0477612722003232 0.155706388807514 0.229694373195301 0.313012535645657
0.00841478825948351 0.224392412114602 0.0344757046308637 0.275350289962348 0.17377045760772 0.283596347424983
0.204141227047544 0.0750990553136869 0.239726532526558 0.239597673948388 0.162308944452678 0.0791265667111451
0.170577959926556 0.167712164887966 0.131967237984584 0.195826438655434 0.042497076880659 0.291419121664801
0.108745960653481 0.295863100803573 0.285312031032641 0.014671434656074 0.154447756219657 0.140959716634573
0.290786548760145 0.133516200603626 0.144641787171834 0.123073695802011 0.254149198337223 0.0538325693251618
0.0806345108723433 0.463175497051692 0.0526921765262394 0.0212070948033951 0.257373008749611 0.124917711996719
0.338233346691633 0.0106462628314288 0.220346032151732 0.25908219578452 0.0549413734668502 0.116750789073837
0.0369072401548141 0.293230057899001 0.156257374406738 0.0673581402019378 0.363247027384315 0.0830001599531942
0.357218116037207 0.0878721914862171 0.189186759850141 0.0391586290188382 0.201285214484732 0.125279089122864
0.210084324537181 0.169333394742824 0.203979190862597 0.109494760972302 0.19763002516602 0.109478303719075
0.0487983628047583 0.174895657228112 0.216153176450263 0.285954909650179 0.252438257921437 0.0217596359452504
0.282457768018697 0.232281255538337 0.141835648982416 0.0901816445491289 0.17948305027766 0.0737606326337612
0.128231888550954 0.0144832964827627 0.203275759812041 0.535998033705717 0.0493839086449309 0.068627112803595
0.186308475709005 0.0229237906730891 0.293065051621397 0.106519186521281 0.153120818340164 0.238062677135064
0.265672912569458 0.276583102804789 0.171046575953479 0.119918010506101 0.136805031574356 0.0299743665918161
0.0130968586559754 0.247526927994167 0.240520427925446 0.07741023371985 0.345838299596888 0.0756072521076741
0.143515602518749 0.0892962724960818 0.235701395580421 0.104515572896657 0.249097657826729 0.177873498681362
0.246707472262023 0.273136658689978 0.239216993680913 0.0892174676706655 0.10962765594655 0.0420937517498702
0.249110773828018 0.0571234562977972 0.200303919280172 0.137040352838118 0.314234903135185 0.0421865946207096
0.148100522161335 0.282601565990602 0.19102475421582 0.0776604032406454 0.184279724370659 0.116333030020939
0.0735189335922302 0.251889544269932 0.27268889474155 0.0784670952896956 0.251083836046559 0.0723516960600337
0.307164656629712 0.106343871364149 0.331584745599448 0.106068660325246 0.0732204663827909 0.075617599698654
0.0155613011462994 0.19375016584751 0.204289051263429 0.189684544312493 0.151804902669437 0.244910034760832
0.248488801366058 0.135891377745344 0.193246454775124 0.0513535160001471 0.280127584402246 0.090892265711081
0.135751771458198 0.224780327654874 0.111216325651689 0.0575121465958991 0.290505378748191 0.180234049891147
0.00408582214268794 0.308638240224114 0.34078832684563 0.188406559866335 0.0675395005703689 0.0905415503508633
0.0834374358146599 0.00234480884165643 0.162196582302504 0.0218315164063562 0.0905416254193458 0.639648031215477
0.316476839989505 0.0559860793957296 0.250617683409426 0.00468329314775124 0.342250021144119 0.0299860829134693
0.133820709802787 0.051611191152445 0.250530872305405 0.0168787438361401 0.466783016193966 0.0803754667092573
0.117099747941034 0.350244329531617 0.273129504834459 0.0488895705110942 0.0539717427100597 0.156665104471736
0.276927403703116 0.302077056476758 0.00416801883805622 0.20348619530093 0.0764843920095807 0.136856933671559
0.0201505480874062 0.215955831472231 0.0688454376349851 0.161092627422273 0.349438637799757 0.184516917583347
0.0644361633005115 0.169830441925084 0.23861653183036 0.197061492675783 0.0927561025087527 0.237299267759509
0.187529628920381 0.208901969022768 0.0422488698910793 0.178662736596441 0.164654068127281 0.21800272744205
0.278397244335698 0.173352260639882 0.179744730013685 0.133996500476724 0.116964939985929 0.117544324548082
0.209671267525144 0.232690875473458 0.198278032102416 0.070281671842877 0.0815095557042625 0.207568597351843
0.129694338498662 0.165721675621681 0.236430559032631 0.215767789683779 0.0154454540060875 0.236940183157159
0.0702991429475795 0.0427667234675626 0.241059026849327 0.167369410541411 0.194649650052584 0.283856046141537
0.163143045417719 0.28164559314148 0.304828612387051 0.108071375037458 0.115293826936145 0.027017547080146
0.150628479434033 0.0925805995412663 0.147122878986142 0.216509208401016 0.1751582268043 0.218000606833242
0.0523500256940561 0.133591059191899 0.261889794273514 0.0763056240772352 0.260204824561588 0.215658672201708
0.157348693228426 0.126195207984722 0.248760570647443 0.019704825889893 0.15503011047715 0.292960591772366
0.104896345329116 0.391864558602634 0.186879116566131 0.0959536528651302 0.143871264628606 0.0765350620083821
0.0502231949473391 0.256573532000956 0.345385009846299 0.0669351491161161 0.0935739456619857 0.187309168427304
0.366471468196761 0.200876579937416 0.0490379380707169 0.0552142576252343 0.196810074787096 0.131589681382777
0.00927206153623544 0.34527567213252 0.119652548051304 0.191563415287701 0.104269139211463 0.229967163780777
0.0113170909609426 0.259777722745737 0.272684094688815 0.139869931455818 0.173758861086125 0.142592299062562
0.265788672013049 0.0993119739241928 0.268299856699927 0.063933925519581 0.0424261030600463 0.260239468783204
0.300405923396082 0.021236930559035 0.0769373778987981 0.333357802968152 0.0903544399978436 0.177707525180089
0.217782734271091 0.166687733416243 0.011601097629507 0.280617508934893 0.281050868765451 0.0422600569828153
0.207359282580655 0.187376252727309 0.167127242770698 0.145413279482303 0.175026487167282 0.117697455271753
0.212661807697978 0.0747090616222054 0.150322207354775 0.0489399165783472 0.220391298248591 0.292975708498103
0.314536248282214 0.214643211262148 0.246226269855167 0.0155143726191488 0.169111718373123 0.0399681796081985
0.218379626602231 0.0213100603073201 0.186793749969981 0.139593587753446 0.198452706168897 0.235470269198125
0.0896159282569241 0.295866555415 0.0917365983815182 0.0178633343211731 0.246502397466232 0.258415186159153
0.226541693279291 0.115159342336624 0.229636153409697 0.0992285163434687 0.211383070101709 0.118051224529211
0.217540765319401 0.186804785669818 0.171446232408722 0.167499128536705 0.195541455186512 0.0611676328788427
0.0203199078705634 0.420475173077334 0.00520425778205407 0.38594240041943 0.0491157582498577 0.118942502600761
0.131836873443085 0.124358168189478 0.257056116957562 0.205914066324562 0.18983834005147 0.0909964350338431
0.194625546245783 0.14953508381786 0.231703296593776 0.105654066148506 0.195019708748493 0.123462298445582
0.112125775459654 0.192165802810405 0.151076406964606 0.230799336488993 0.0855394111251505 0.22829326715119
0.118753308952632 0.20378521831005 0.254261728390484 0.251059666411047 0.0274086709864191 0.144731406949368
0.157788683733548 0.177844082455937 0.0571135468035942 0.142962035263022 0.0556272319652655 0.408664419778634
0.147839397953595 0.133062370098051 0.303167870981565 0.0781478205506685 0.0517108204826668 0.286071719933454
0.233340291771475 0.254891609491467 0.0444195383503524 0.106513234619439 0.123214632397159 0.237620693370108
0.0274219345911332 0.252701733728389 0.117522442847206 0.0322124903115678 0.318604168020101 0.251537230501603
0.124875092486943 0.219202593051623 0.219027281895701 0.0916083513831873 0.143884400891331 0.201402280291215
0.0812268731828868 0.0782390620619269 0.256012272911262 0.173081627241879 0.156541707146003 0.254898457456043
0.173588395616329 0.00213708252666662 0.253145790901361 0.310541756155852 0.103838969132333 0.156748005667459
0.0965351816996954 0.193204056274796 0.236317274623901 0.139456885521144 0.110920029737992 0.223566572142472
0.0047735774730276 0.243742069086598 0.281051843343496 0.269912491735684 0.00820656013995962 0.192313458221234
0.229890247176283 0.185430559504032 0.102466579042292 0.0623050038255257 0.207260939949605 0.212646670502262
0.458651298559589 0.0123861557050963 0.0264931996492385 0.0584020118985141 0.0910783144779775 0.352989019709584
0.194336032188882 0.203864151913381 0.231889549572052 0.0766916723080139 0.213844395920291 0.07937419809738
0.309348179493504 0.207453279301408 0.0697010400927735 0.123192626028899 0.140445735299775 0.149859139783641
