0.0691205273449163 0.15091233773211 0.119949718327326 0.0675219429846284 0.149953122634872 0.1019281472548 0.0751192198875097 0.143077722555049 0.0132719642191687 0.109145297059621
0.0379136219503006 0.0624734135843197 0.087494228662415 0.0846230897324788 0.0916424912419516 0.0680984321643045 0.137640004773346 0.0787345968130222 0.197482897373791 0.153897223704071
0.00636358707697194 0.201598880636089 0.178849311415153 0.186335072352752 0.00647288016949204 0.0984975305681991 0.0556971376493452 0.0521058092837382 0.0389684052067766 0.175111385641483
0.0760620708231491 0.165704936395634 0.152113552579518 0.0865861519454501 0.0883303119289687 0.132051665106133 0.0943073137523916 0.054871725837729 0.123234505434958 0.0267377661960685
0.117461860024278 0.120628098919013 0.110909290203953 0.0043857394138367 0.0575231269389938 0.0473066744040088 0.187383036888505 0.179252179355648 0.0701621155483623 0.104987878303402
0.011642854304513 0.0661456516874386 0.189434933539271 0.0908138112756728 0.0475218483799065 0.0447122800360592 0.188973223115034 0.0783837032916062 0.221616295634831 0.0607553987356672
0.124718128286557 0.144896437288095 0.0355201848653253 0.0323396519642394 0.140666243321128 0.15362846872942 0.100950823610985 0.139779175559575 0.0612576319023835 0.0662432544722903
0.00238263203126806 0.168455751701998 0.102330829043552 0.00999368235266013 0.0366915373560994 0.11323246206772 0.0840658680320199 0.199493804854225 0.270651067834399 0.0127023647260584
0.059252336632777 0.24442472100229 0.0381491169375197 0.197967858989693 0.058591472863019 0.193044511596762 0.0509283424318408 0.028211532091167 0.0297641610750948 0.0996659463798363
0.158701192534141 0.125259342148702 0.0766421361780647 0.00613928583224459 0.0435946185733074 0.0628342709524273 0.157393586766008 0.151358508921969 0.121407246612414 0.0966698114807219
0.0869453942275456 0.00340556340452759 0.0441440195721106 0.199886119852585 0.178666280275499 0.167662587577818 0.0516050681248032 0.227095851994366 0.0143138279601847 0.0262752870105601
0.048722169021607 0.164477575098503 0.113918035979655 0.0932282673893807 0.167936974161055 0.135221414711212 0.143046787105783 0.0161198428818772 0.0946743919300755 0.0226545417208518
0.153583275545002 0.126442197041272 0.106398712197512 0.0486078531116172 0.114794534029477 0.165998498132459 0.136589502514575 0.0721763878980193 0.0264364187881382 0.0489726207419288
0.00448147712808913 0.223823429037277 0.0572220529719046 0.195293571255249 0.0337094210200887 0.121457015926495 0.171638710877192 0.0653394311152493 0.0473277337402503 0.0797071569282046
0.188961737551085 0.0538619185068893 0.0316199368019907 0.0259002118210436 0.053538082596186 0.0618677822644939 0.130305318467482 0.0845794881042769 0.102382127098224 0.266983396788329
0.161693445236229 0.0083927179767043 0.0881172194884991 0.022355531815032 0.169569451714575 0.122649207481726 0.19582051580806 0.204181014118371 0.0154753367017397 0.0117455596590631
0.116499908270675 0.0770036888433075 0.0429253566601579 0.178788345595803 0.109111751521052 0.0249958949285392 0.219850570195559 0.0865083064104728 0.137892277398266 0.00642390017616695
0.129398448055672 0.134278264170861 0.100584159486637 0.0611845857770583 0.14206976618859 0.0290154654113902 0.150577794079969 0.0753740275803063 0.05440119061375 0.123116298635765
0.151525802513603 0.152739908431208 0.13045978976788 0.0858712339863063 0.00125472124461671 0.118117499739319 0.0557183607137492 0.0507217376650288 0.152348645386136 0.101242300552153
0.114261109257148 0.204766117248291 0.0371001287489083 0.0105286671421729 0.0115863240324918 0.0227494153932023 0.23136058920095 0.107417979630202 0.131665638730163 0.128564030616472
0.0792846814570032 0.0972230231925533 0.0750060924337723 0.124033484103529 0.10504676622908 0.13951489850054 0.135882375157756 0.152351583918861 0.0710692905634435 0.0205878044434607
0.0141205157661841 0.0881295292692875 0.0463663823757316 0.0260729661457557 0.167517206494103 0.147470981830898 0.154365042863217 0.140734460356664 0.0628840860176595 0.1523388288805
0.0965803917041042 0.0262065318387178 0.039569442913695 0.0689304735667781 0.169244426779466 0.076766220326719 0.140127717848767 0.140128039413325 0.136172363872157 0.106274391736271
0.0636466890359732 0.119892623334635 0.143844381560821 0.049961019831655 0.150171573279249 0.176700991111251 0.100584836310856 0.150152503676812 0.0420381421550434 0.0030072397037051
0.0364968985123077 0.0569586270142899 0.166264772449353 0.0239056489138004 0.0843535436447329 0.232221120406362 0.0291933847461107 0.169672646376069 0.193481961336254 0.00745139660072067
0.134606027193286 0.179080579499798 0.123253431324541 0.0307209366024053 0.0917360715417449 0.10193296577724 0.0183999860531363 0.1001746301114 0.104110728644611 0.115984643251837
0.0790260126395405 0.136541558559131 0.108664600296094 0.0362980671636218 0.0441367572335718 0.0714863189676104 0.152464217243514 0.0375663136455127 0.186706556774422 0.147109597476982
0.000247309617356779 0.115495978782364 0.0454372049125437 0.13708783074681 0.134192201145791 0.119392346978252 0.138857479084234 0.0492905844575569 0.136665640198429 0.123333424076661
0.0741390908626279 0.0358604666836371 0.169038042541892 0.0775884206359358 0.123798033217189 0.132891125536511 0.129470053843319 0.157578568185445 0.0827103098887829 0.0169258886046597
0.170372039379987 0.0437422690620823 0.153497784008732 0.108021970692936 0.00453363551504959 0.0377192561516009 0.171846499117556 0.14177172504962 0.0176098853162256 0.150884935706212
0.121247167674985 0.0510129261030019 0.204292236132241 0.0710115528162782 0.0155544442623694 0.0880781359028015 0.0103977499428085 0.169758362033346 0.0652627991524001 0.203384625979768
0.0143687590954718 0.104045033794276 0.188187341662068 0.195801661718983 0.115988506870472 0.123178732532208 0.0367592826667593 0.0604278812599793 0.0188698497027581 0.142372950697024
0.143549912423342 0.114114906952579 0.103904683386806 0.120424613503076 0.0125481067611625 0.0654277457227445 0.107386760053604 0.063562671585705 0.139135588270647 0.129945011340334
0.191096154981075 0.0867721436846592 0.181049403758253 0.0335020947196946 0.0587443530179039 0.0304354420648821 0.128537804507075 0.168045452951356 0.013434962235814 0.108382188079287
0.143703831160892 0.109241261729548 0.102087333684808 0.0829309862713422 0.0275174618917652 0.0272946122779386 0.192533263776217 0.170143275329594 0.0142996274781045 0.13024834639979
0.0332560749173346 0.167458475560882 0.0826171312982262 0.0666342144525122 0.11416926026248 0.13379629663822 0.152630290528627 0.0990090736735267 0.031493572773399 0.118935609894793
0.0925847927010189 0.0821118337877774 0.165352106121205 0.123240373668999 0.177549100043559 0.0474299878614316 0.13297756216796 0.0701837882189374 0.0603397495163805 0.048230705912731
0.153197948947618 0.138094015634829 0.143342058790439 0.117295783075393 0.000822536113580336 0.00546187822868664 0.138612797828375 0.182255971314209 0.0175556349605419 0.103361375106328
0.154219708901439 0.131356501084455 0.022518902417017 0.0207425288926049 0.153110599522655 0.0745663581376417 0.0749331607197173 0.211377054966137 0.0678578084409364 0.0893173769173974
0.126111713030137 0.156877661924784 0.0281532832933897 0.147924006995825 0.153954303405385 0.036516142896018 0.102487484521329 0.0664505808442111 0.0498945941375881 0.131630228951334
0.179506341688166 0.173348176360307 0.00779809939158422 0.1313536806255 0.0253259150039592 0.210515189686653 0.193102326453569 0.0075770636677163 0.0141490028139685 0.0573242043085771
0.260811925873905 0.0617170407124502 0.116121797508742 0.0403134409700698 0.0794775990818974 0.085095397361984 0.0241855530090734 0.0867975192218817 0.173872789493417 0.0716069367665795
0.023436568437514 0.130076881810179 0.0777522826726259 0.108075825826368 0.148541718832301 0.0842475024146346 0.00549375607068601 0.13621929994885 0.153737554750556 0.132418609236286
0.0162691133868523 0.104131562760689 0.0331001936987664 0.109846397307236 0.146398063568 0.157143407808537 0.107103095759492 0.110404684977677 0.116043914379244 0.0995595663535065
0.0654118737730592 0.136828219396513 0.147535409943799 0.0517530730078986 0.138925880721371 0.0698303328537154 0.122214383917516 0.0860878192004544 0.0113332864686169 0.170079720717057
0.167599514467114 0.202539329815193 0.0204538528992072 0.0646781279697762 0.0356893493475639 0.0269902430031017 0.224806242687369 0.0214129353647129 0.180272313033233 0.0555580914127289
0.115755004439103 0.0711255710914878 0.0412220733327519 0.134623901796331 0.131217950505239 0.0719541556730812 0.129073152889232 0.138391617482681 0.0927272371244664 0.0739093356656276
0.0946894049961769 0.117235133414754 0.0561559958042293 0.146531457827178 0.000475886015558385 0.0973935636831156 0.138366739206042 0.0165157437356443 0.191887512529036 0.140748562788266
0.104690557362089 0.0847318062315853 0.0758807083869221 0.151399469252416 0.0924108811048037 0.00125519899104147 0.0751812387669415 0.141829413916024 0.146955797782852 0.125664928205325
0.151335059433911 0.133634535529805 0.119656251786071 0.0711447159831892 0.040080453134946 0.133640753155246 0.100981200139078 0.0883680435831892 0.13488957186967 0.0262694153848946
0.0664956753887582 0.0603300901383467 0.0740679268109048 0.103601049580383 0.0386301751546566 0.11189408323081 0.0486014219892741 0.197613237259805 0.0706941007233508 0.22807223972371
0.0578888151799917 0.163913714693738 0.0645091436067473 0.0492083573143007 0.0133872748266536 0.136057364425331 0.195773775500022 0.193141912337297 0.0928157524827258 0.0333038896331921
0.131718987491187 0.16869666187724 0.00749125737104625 0.161528549460143 0.0796087776073694 0.10334965594903 0.101493784585999 0.136717057994834 0.0692017592046176 0.0401935084585328
0.0146237594468714 0.0577060614532993 0.172462369071696 0.0474572515202381 0.149024394116458 0.0415283692660605 0.173228993266901 0.129071355685462 0.0969774230709857 0.117920023102028
0.156125891989779 0.0549280086190483 0.14238412685431 0.051999380205732 0.125324189818496 0.0440550558333774 0.153609917672322 0.0556702605606087 0.101854688007663 0.114048480438665
0.138529439021402 0.0214005021154595 0.116588019891674 0.128506572767254 0.147707426219359 0.0486836844128807 0.0811202853481142 0.132728430383065 0.121883549053175 0.0628520907876168
0.093574115253958 0.0062956814771617 0.0786843954627121 0.240119778989434 0.184580194618862 0.0770688489075641 0.040715635686576 0.0392730109893317 0.130027250970001 0.109661087644398
0.099043676666381 0.0538606655119862 0.0295979626753162 0.0679509564459788 0.192036919988436 0.100318967232249 0.0393214732287555 0.170806477273012 0.228081559338718 0.0189813416391681
0.0873104210011407 0.0862428674274991 0.0457638106036323 0.0985735932295116 0.149449913990258 0.131233790069531 0.078363020238312 0.0904857426094809 0.107997011388652 0.124579829441982
0.185455521931292 0.00711510004020549 0.0975661428206571 0.0493432868752898 0.058624364780162 0.189814295518657 0.0448705773666195 0.00904074003737363 0.175858701794811 0.182311268834933
0.0175402958977862 0.0794180283333916 0.130300511264385 0.0216671692267243 0.148475982265799 0.0905245225446535 0.109515628514548 0.112510210934938 0.144942384846456 0.145105266171319
0.0818373699146114 0.05880646283678 0.150181069354678 0.179475233872642 0.0562813033740705 0.109011978937058 0.159854696680809 0.0379706846373416 0.0178464858326812 0.148734714559329
0.0281620698154705 0.204881121578176 0.0196159983441992 0.107068334519797 0.0195139855488873 0.0998760620891993 0.0889369652585802 0.133522374950356 0.142139983360202 0.156283104535132
0.180942254317874 0.108686943535092 0.0526034432929998 0.090119643074292 0.0909801598639886 0.0343595390082018 0.207509652536116 0.0083636398986827 0.0996651490296901 0.126769575443063
0.136777854917815 0.144020711157356 0.00952238750432803 0.0137568848845623 0.00518578399761731 0.158034788291367 0.134180271500778 0.0579783333939205 0.170054904333889 0.170488080018365
0.184227177039432 0.192368246766738 0.128538434517952 0.00508472454135123 0.151109725803393 0.0520953525222278 0.131184958855844 0.0127883372989059 0.0727751777350368 0.0698278649191185
0.157321645996454 0.0841393942211971 0.0934091814477138 0.125336893844853 0.0785883651169687 0.0140978211991507 0.148932667323586 0.142957430551877 0.0961472418298246 0.0590693584683767
0.138740463621593 0.0662271509677714 0.231008579554649 0.00113392429709955 0.177174610788718 0.103251844611405 0.0213590380305021 0.0603823802049253 0.121500482430965 0.0792215254923725
0.0749828901027295 0.135188371022206 0.151700181487694 0.196911501958568 0.0159340672381639 0.00910262052831228 0.200961366554078 0.0437211638294338 0.121875233094745 0.0496226041840702
0.0914614762513362 0.0586669865885791 0.0800514284252869 0.114997067036944 0.0672295294534576 0.112461943189188 0.109441130585796 0.0359335421701072 0.13035823685762 0.199398659441684
0.0613926049417413 0.0290147802035949 0.227561373270997 0.154189882848888 0.138925002692827 0.129746902396747 0.148960066217109 0.0367036983744092 0.0539392426370844 0.0195664464166029
0.10573241633347 0.0258013393809585 0.079408398475398 0.00162173739423063 0.0641525056453373 0.200301719370996 0.103409995940448 0.0639910475607283 0.21772059094196 0.137860248956472
0.140447757518575 0.0621272099527738 0.0630403742154281 0.0669130972913524 0.0314056275130875 0.0612139786670963 0.178472710973463 0.1074571691493 0.152268878724544 0.13665319599438
0.0234498421416318 0.134495698794936 0.140166707400068 0.160672736531013 0.00805602607288476 0.0783046138337923 0.0264314621828041 0.167149076634064 0.10344205623078 0.157831780178026
0.242362605786252 0.0820472736147232 0.192601672522438 0.0273104966817008 0.0798240458521354 0.0667647341697554 0.147223817745919 0.156338676984926 5.024156368037e-05 0.00547643507847038
0.0270413055133622 0.149179779073081 0.0811062476525351 0.127879971175818 0.117560665446564 0.166955159987619 0.193668621286677 0.0252352334147414 0.0513330679675776 0.0600399484820246
0.00631535411677567 0.131988868831586 0.182252212415138 0.0284595321697584 0.177520591090349 0.0152567422488711 0.0695464791793994 0.0508529479570125 0.159394861787125 0.178412410203985
0.10491496789576 0.124130490880852 0.192519702959159 0.067136756438674 0.0215991550727526 0.120152348907875 0.0961538615319325 0.100961200628739 0.0507206346717115 0.121710881012545
0.162808285133842 0.0283038459953115 0.0520330310221268 0.0609484983786404 0.164869101583394 0.0320644095245249 0.00393637482874308 0.127770909263172 0.204092923138829 0.163172621131416
0.0251177538140483 0.134071564579234 0.169300914002074 0.170917488028428 0.0767198657746411 0.163819283755694 0.0578240274423032 0.0711777069754007 0.0147039508655808 0.116347444762596
0.105934410866412 0.125318269421889 0.0592239825654478 0.172297180663537 0.161557219508906 0.130038157236292 0.14366633507492 0.00589056239214144 0.00746301416609566 0.0886108681043592
0.0301033567031418 0.128838904945045 0.020407726179743 0.0525261932605326 0.0216156204701004 0.196669808437338 0.128503236893301 0.136551390343851 0.0731117247350926 0.211672038031854
0.126197569516168 0.130795364424736 0.127655377597142 0.147079289861127 0.136912275223381 0.0744103632688992 0.03303893147046 0.112730948709284 0.00857436219074231 0.10260551773806
0.171421309846737 0.0785255717499722 0.0186488421620172 0.128940161418484 0.0384748163512398 0.0664253944278026 0.0365112520487878 0.205702581621217 0.0939954579994365 0.161354612374306
0.060974317648777 0.14853385779793 0.0560222739517255 0.20224152042366 0.121346454002578 0.104054299477839 0.0273519160626609 0.0765740758875173 0.045273553379709 0.157627731367603
0.0340525132340722 0.154500616515292 0.102377268764785 0.125916192991006 0.104202626996149 0.0657885645159971 0.0636759503119978 0.145040480281312 0.0857192214660086 0.118726564923381
0.0717579094561455 0.132649426154665 0.0519539977552078 0.0569295264273169 0.0431221110532783 0.0805629376029651 0.0926994885768635 0.131701546884964 0.159285614690271 0.179337441398323
0.137543157212383 0.0559089857230582 0.0722413309154526 0.15225180989712 0.0963229054281479 0.0518251944648378 0.178463173882943 0.0464129236392085 0.103464817603696 0.105565701233153
0.0771737181699631 0.146565699108998 0.0382655262101952 0.0946918557279217 0.142621469276682 0.12760930099763 0.0396741552669496 0.110401312159536 0.10296850819101 0.120028454891113
0.0726713013498415 0.090341026669906 0.120277424148129 0.184374899198556 0.0657106319802264 0.0034796397529899 0.147314709805918 0.204952589606322 0.0481888885009052 0.0626888889872062
0.0482636616253291 0.134326061250552 0.0698068234462768 0.0198252380586606 0.205056359100935 0.0763749874893281 0.207128581209465 0.0500476379038053 0.0479663314085964 0.141204318507052
0.0739298304190538 0.16757553454508 0.13234047680238 0.0521102388232599 0.0969467907091056 0.110523642007306 0.0403652167910064 0.156934482340853 0.0303996593619859 0.138874128199969
0.119458111658014 0.0130246351138765 0.0310166935699493 0.119697058327603 0.118613194698286 0.174653226585691 0.24706683325527 0.0413825509975187 0.0942796245890355 0.0408080712047564
0.156500005373279 0.0872742662866331 0.1117853648464 0.120369485755497 0.121896459723551 0.0489789734854112 0.0225459978835168 0.0390277810157431 0.143650422147791 0.147971243482177
0.0857471474407765 0.104859078835035 0.0952966164701256 0.168784638845202 0.0424024934503449 0.0857926858549087 0.128881311453811 0.12540220671923 0.0927124558260138 0.0701213651045524
0.13905852465041 0.0809381385122092 0.116515144951294 0.116760516170768 0.0801244139470363 0.0244431332953937 0.171815000020417 0.0964705458305123 0.0676383453985491 0.10623623722341
0.0439233962454553 0.0843477471149362 0.0251323052271921 0.178476398984461 0.186956651060002 0.0435411662919688 0.118049146304048 0.0109800725308637 0.145939254752648 0.162653861488425
0.0367238328170616 0.115995488474751 0.100545682767232 0.165214853501447 0.0934320266687877 0.189943966546121 0.00356540447326166 0.051189770343927 0.0144616564206921 0.228927317986719
0.100692766041458 0.204080835224511 0.117339441820913 0.0431473270878529 0.0804433346377128 0.153709025521188 0.0270027028087469 0.120575508126192 0.011390547187588 0.141618511543837
0.056159450336059 0.123327684756678 0.111990834930903 0.0465673811981746 0.0303924140392024 0.121622153191674 0.201499457360161 0.0826747178396861 0.13829364788298 0.087472258464482
0.0225458401110945 0.0544610602232471 0.129876631476096 0.177931706627304 0.0595899966636959 0.0980267015337767 0.107816862531747 0.0477608742422247 0.193544713847039 0.108445612743775
0.0950246265748607 0.127029454616741 0.134130753620572 0.101945983791295 0.0895867277075926 0.137304786692292 0.160759670174955 0.0531685049352264 0.0248408772332418 0.0762086146532228
0.0807763923741385 0.180771680558238 0.0151674134664075 0.105808133198214 0.0157554637865615 0.13319916984468 0.120981425715268 0.167038713614859 0.097231766551774 0.08326984088986
0.0104796412626381 0.172411519996523 0.145041202748426 0.131978620789808 0.175313440815321 0.135491033850991 0.000580463481538278 0.165376686349482 0.0109547717366618 0.0523726189686108
0.135829344965278 0.050272803452005 0.127668156682538 0.225263329554871 0.131351360738629 0.0491426870504885 0.0728359767549346 0.0471362966123193 0.121889081074866 0.038610963114071
0.0828919642144674 0.0429576292673252 0.165855947838395 0.0862547148276379 0.0207723556317567 0.00824995670419147 0.20991960106784 0.149233186640639 0.171406834451164 0.0624578093565831
0.174713243787166 0.0278792797498476 0.100200522812413 0.141877350117602 0.131564432724802 0.0964019027527891 0.0779330555153901 0.115018341449258 0.000644938945725115 0.133766932145006
0.10661459106052 0.216576393121969 0.0633353304624037 0.0425855361344505 0.0615367111445217 0.107253360892596 0.0217420121219406 0.171702195121668 0.178782158439666 0.0298717115002647
0.180039733890326 0.00868235874243052 0.167576221045336 0.0558734497976301 0.0212231057362538 0.15808133416673 0.202579676449976 0.00366105161216026 0.15653645030373 0.0457466182554263
0.00139068942750542 0.0786366539583641 0.15064172434498 0.114066317840826 0.106906407184043 0.0679007165321046 0.112774639785207 0.0818990186419786 0.157327784296371 0.12845604798862
0.11027120048551 0.10897548161031 0.169651428594547 0.121646107690508 0.0820655578120686 0.17036475666113 0.0197956078035043 0.0421247557735259 0.0581808977292609 0.116924205839635
0.0547056762767537 0.122206236866598 0.170856706917602 0.0938178391788014 0.115279682692094 0.0697875951399514 0.0880836347289038 0.0683654951610203 0.103864521557608 0.113032611480668
0.225418363797455 0.0102578278424127 0.0926968955459974 0.159517340250377 0.132309071739708 0.00247490071121956 0.0143928729270841 0.0537336159358102 0.0619351874818683 0.247263923768067
0.147383822446845 0.120558732647 0.0442337981775805 0.138400280883639 0.0237571909538295 0.142323856085352 0.164025667905141 0.0317788074055259 0.157458993522193 0.0300788499728946
0.13796003114917 0.0585895871025582 0.16323577371617 0.0494516910269411 0.144268117564316 0.136868402738002 0.0555161961794553 0.118984241242165 0.0296980829793612 0.105427876301861
0.171313110583434 0.133274572910467 0.0858981021493355 0.00606108419499988 0.0535120515291974 0.0548897675891507 0.148136778171951 0.0519596442387519 0.155616420758939 0.139338467873773
0.209096772455308 0.153341580842722 0.000333451236910692 0.025858593251555 0.00352031953201957 0.175872460908016 0.11265641813799 0.0424692848629755 0.212171446214656 0.0646796725578472
0.130306249006213 0.0667483198461841 0.113369245820804 0.0765848539731745 0.102142899286431 0.108182894622517 0.127148888490873 0.0872511275304895 0.0469800657558844 0.14128545566743
0.0352929969144933 0.11738714444808 0.208532370789623 0.00863718621036062 0.114853079936792 0.140930150854304 0.192182976353698 0.0399791188187241 0.0461328725047765 0.0960721031691489
0.0250642496907826 0.049637042300424 0.175578178420775 0.156489109810143 0.022416445593139 0.155632197640452 0.00504914380664092 0.147779794706956 0.119110090163722 0.143243747866965
0.0418452372743703 0.0692055741438896 0.154447808238917 0.137338473185036 0.139893515851624 0.158763158726936 0.0105512359316202 0.127623288726384 0.00549623455468064 0.154835473366543
0.0513946019235039 0.229709396311485 0.0723684563756601 0.209849596360287 0.11617420976496 0.000604271769373758 0.0806657044794393 0.142104893480858 0.0826559053120189 0.0144729642224139
0.0886116689692409 0.14635983526652 0.107943687016722 0.0603768908958002 0.0481373587723025 0.126273596067962 0.152141153473999 0.104886196003652 0.030844836841063 0.134424776692738
0.121103310410485 0.022702670448744 0.215219202567955 0.19996907862817 0.190112665042178 0.097644330193621 0.0105936118339972 0.120412155911568 0.000129554307463085 0.0221134206558195
0.106159387191986 0.0424177028725724 0.0831583699915018 0.016988221172897 0.166969474372014 0.153809207816722 0.0102748589126992 0.17621342672213 0.162189852431961 0.0818194985155167
0.113526654048934 0.0834821653393001 0.118759577212976 0.0762008967302894 0.179961997263879 0.115961542211862 0.158156356235177 0.0745804189353594 0.0637652326922507 0.0156051593299731
0.0600218712022816 0.131187510484892 0.00849003471590676 0.10095427922774 0.137871721934197 0.0953640473478147 0.135337120342876 0.0529614594412162 0.153792647023502 0.124019308279574
0.158788265159716 0.0913644621873012 0.185277175970138 0.0116974610598845 0.152286379575281 0.0144938101932501 0.009069879475012 0.109051901108879 0.183839239342028 0.08413142592851
0.0511015302456258 0.108872259353501 0.109749772566485 0.15159553219841 0.0189863734917834 0.1512011082547 0.0485600186327168 0.195487779395224 0.09493582207113 0.0695098037904228
0.0498126027875589 0.0889947621215153 0.125254593035268 0.0155156123098644 0.117114299677633 0.117685155693919 0.117552854679037 0.0866075642505588 0.145447039055232 0.136015516389414
0.126100043428147 0.153035122017765 0.0159675466290025 0.0949251526296729 0.192903238948277 0.0507169846491309 0.118592387765006 0.0141906554146274 0.0992256789003465 0.134343189618025
0.134283110964909 0.109030112683721 0.0631514142915203 0.168134299703887 0.0742926034297274 0.137244623040368 0.139701078913878 0.104479404255374 0.0475840054260499 0.0220993472905656
0.128045667364315 0.155104032364141 0.0944500697928957 0.0842706734176893 0.112769307203177 0.120581041865132 0.109462729136233 0.0695072033591857 0.0857663119443034 0.0400429635529274
0.09078604400606 0.0845755590028257 0.173001362253648 0.0103517190684793 0.114316499587309 0.022610207074442 0.112200066394628 0.0238719468603342 0.197374719954286 0.170911875797988
0.120601470919717 0.103783063750499 0.0140600147011535 0.167402311938432 0.0843438408906353 0.0829106657215409 0.205530962212903 0.101018430133992 0.0730882512359009 0.0472609884952273
0.0361007250593864 0.0691198500906382 0.149876585325266 0.0303278100091003 0.0240764478895344 0.0684327734668193 0.17564542374043 0.18134640064572 0.153680563239021 0.111393420534084
0.15755174434443 0.0681236036177339 0.177369703596574 0.00887308481762462 0.0757422282294866 0.0856324570196262 0.0327207850223096 0.110140704595769 0.157195232216582 0.126650456539864
0.128774845841392 0.147460019513514 0.102209969313647 0.147163960883031 0.147154171363581 0.0548620084442166 0.13630984127588 0.011091600638983 0.0587504329807693 0.0662231497449861
0.0387406320464226 0.0580379341029337 0.0318257639489572 0.205746131739879 0.198537951708886 0.0896613211276241 0.115394041714773 0.027744311057156 0.107406851664262 0.126905060889107
0.139415243934716 0.0225830301238319 0.109144239525863 0.14525098712457 0.0659885959946377 0.119795251632185 0.160701803458242 0.0151182280927005 0.0551279922038401 0.166874627909415
0.0563337003102436 0.139828338169841 0.187297610904933 0.169370269396752 0.135479938555836 0.0565456895033535 0.0861677320902982 0.0983816764451339 0.0453457195816281 0.0252493250419807
0.0897092761201587 0.0109075301646096 0.177568260815036 0.0534555864135405 0.0175427475838413 0.0274638405985515 0.131003506380042 0.172758512675283 0.171070243136673 0.148520496112265
0.0738478921708876 0.117027756803711 0.120896351161119 0.0431958701389274 0.0839229975568881 0.0143400041053771 0.135180812434147 0.14366661625441 0.138629677562365 0.129292021812169
0.0363265519347004 0.133521719959564 0.0151750139997408 0.0950615464107347 0.146506145390623 0.0286864549975172 0.0755485545586101 0.14994330729226 0.179237537186853 0.139993168269398
0.145404706615792 0.0231905834957265 0.0829142433756609 0.00143291424037947 0.123717774970845 0.17285178065527 0.0583094357148494 0.117565064577681 0.131688818841819 0.142924677511976
0.16887099268406 0.080078435598288 0.170590101018268 0.117933725123769 0.125201841760345 0.0241891919752578 0.0709353224466155 0.0432051343625674 0.152072463284806 0.0469227917460234
0.0525567109336351 0.0941153148917861 0.0875229263428213 0.132468131508676 0.188824834232123 0.113187907219457 0.00513784831406581 0.0299603455498399 0.143824513991499 0.152401467016096
0.108936383312541 0.0788707959430621 0.175148401075846 0.183589580899856 0.00323855802038134 0.0737733833560583 0.18267925211277 0.0955295497778845 0.0749309274511556 0.0233031680504452
0.0550006743630249 0.152292195973603 0.133153272179457 0.162963720918812 0.10973362627019 0.174543741114425 0.0209197757188645 0.0977622096516245 0.0329990195416125 0.0606317642683862
0.155489313870775 0.133706307640623 0.107989223837742 0.157978294764379 0.0176818945493486 0.14581205576812 0.0524341506313825 0.0595271019551117 0.0950226934932736 0.0743589634892446
0.00501636319504292 0.152098664238889 0.0595461815347432 0.191672396597217 0.106546898451886 0.161805183719261 0.0545916147049159 0.0840462917725728 0.15553978552684 0.0291366202586323
0.0851730386203664 0.181334227881352 0.171105243094846 0.104577813533712 0.158616045996871 0.00875324096480936 0.0626736138475692 0.0943238934401315 0.0225865770106313 0.110856305609711
0.0751335890947748 0.149773883513025 0.0466131455775819 0.154288742232742 0.0433866191917591 0.167109889452735 0.126246778686669 0.156903092939599 0.0223225432974465 0.0582217160136686
0.116018385135804 0.0859182917227096 0.170120200436574 0.0267534090545224 0.134139901286257 0.132585673193545 0.134450462193976 0.00860094474047694 0.120048321027283 0.0713644112088514
0.0886007800420138 0.106065520949267 0.0579699399071855 0.0854372401633165 0.0440655796483983 0.0974523592520962 0.125719237919691 0.0743778791706551 0.13361182915566 0.186699633791717
0.104037292169903 0.044818624347934 0.0100864610619943 0.0814133865337258 0.0758052442743761 0.0750228230809798 0.13748643638298 0.167503441823589 0.148159572486239 0.155666717838279
0.0246336636465325 0.0630765333858386 0.0122433079556548 0.0634407590841266 0.160711110686766 0.0207999943148331 0.194942128769342 0.153460905896515 0.119031660589277 0.187659935671115
0.0718964084333457 0.151929650696083 0.0615585607709366 0.128019076303903 0.114458387033372 0.00241952107344686 0.121194470027042 0.0947429027173568 0.135874175958984 0.11790684698553
0.0281543241148186 0.0294170412456595 0.0209149610438865 0.140777356591779 0.0888328837727976 0.127106439672141 0.169181111677457 0.0403253027547708 0.176515426947557 0.178775152179133
0.0973268471544436 0.156684571990779 0.0572167847240841 0.106427700107519 0.00717758991929 0.178557280832471 0.10999080353471 0.142542068494309 0.000377362579044351 0.14369899066335
0.130974531441755 0.149338036244108 0.00295916468681708 0.0240145655049668 0.0896978252991842 0.130937834183068 0.152719688941354 0.0349251669100538 0.156081801937637 0.128351384851056
0.0414497663010023 0.116726297607241 0.145488266699749 0.131452017468254 0.0483935064783925 0.0378619923814304 0.18282139677594 0.0818794242877224 0.0586755864855621 0.155251745514706
0.235836868115555 0.144103699053845 0.0283059407451985 0.0472772372861508 0.00627343912786482 0.0167311826928934 0.105092458372506 0.115843194536878 0.157617149886332 0.142918830182776
0.0554171849465448 0.139710373800439 0.12119112867804 0.15389638228943 0.0675799624079355 0.050381109117894 0.159353398490683 0.0339721359070833 0.0948058010840405 0.123692523277911
0.0966832099929813 0.00919158663713277 0.128683812231127 0.00413693057654948 0.108381844478956 0.0830130082036317 0.100710945987503 0.172438219034334 0.16637841701295 0.130382025844835
0.0270890272839148 0.0647907357502957 0.0605999292969917 0.194638292693146 0.186078699170079 0.159196814648701 0.0117165563314237 0.0664950090255365 0.0836916822661846 0.145703253533727
0.128109336344712 0.0974684248795636 0.176172186069749 0.00617188474259261 0.145073835451785 0.187322354841179 0.139441822867409 0.0748099359538138 0.00941560245363951 0.0360146163955552
0.186417216482879 0.201833861013512 0.00413157753468239 0.0179065073369592 0.0759925077579855 0.0197938765329352 0.0447408505682893 0.116989586772575 0.209404691684336 0.122789324315846
0.0651840057944642 0.159729670971156 0.137357943391318 0.0920004977961751 0.0172105756659046 0.0146885787002381 0.134529222004192 0.156221277543163 0.0592466523646567 0.163831575768732
0.0962551770479051 0.133680445771048 0.0591333294055589 0.0820426592928864 0.146585173221018 0.0709619699639184 0.126891297501044 0.0409833175977018 0.14002003351677 0.103446596682151
0.073022551021741 0.208783501410482 0.00316216193849399 0.0623151746606735 0.0114723483179165 0.161100779503104 0.235607389598096 0.116061802771614 0.0284638027201587 0.100010488057721
0.0446996617010775 0.0369157706896047 0.153738436387481 0.198600669107145 0.151977484305466 0.0662577631599495 0.165004247561135 0.0182948870277719 0.0616852733526012 0.102825806707768
0.108114944259476 0.0683431637712566 0.0371535218428048 0.0191687150852014 0.101241080678205 0.131919679049648 0.139422748425257 0.127318581196844 0.115981486498591 0.151336079192718
0.0487149618396696 0.0976494679397404 0.0393319002320829 0.0891597282077239 0.0537265251674538 0.126098295841699 0.186100293364547 0.00374263278877552 0.214269028576784 0.141207166041523
0.0690700180063344 0.14531819542895 0.000767644672415955 0.167103152107221 0.0483034529826835 0.0391344567669684 0.156698673094226 0.132578707944121 0.169949582353668 0.0710761166434125
0.165312204972407 0.161283154035595 0.0940212645460875 0.00349859526652339 0.231619979278478 0.0350654165976078 0.00424448653863414 0.13180294452358 0.0719147034612877 0.1012372507798
0.170384015951268 0.0243991433057269 0.152564216002585 0.0286279666435345 0.126490684945021 0.102827557594054 0.143690966508626 0.0624372302197293 0.0613799925376483 0.127198226291807
0.0249371463192872 0.123337736859086 0.097213706070685 0.0314642621312728 0.145426915608104 0.144289869929056 0.105628208534227 0.0540740078414638 0.141964498072962 0.131663648633857
0.152959526258661 0.0911617218327325 0.0683523746138205 0.148063818708523 0.0968252844108976 0.155401557363675 0.0609115275016861 0.0975292285953956 0.120546841123324 0.00824811959128486
0.130243740932314 0.118460399505675 0.0540793697366187 0.129637021060296 0.124692491462117 0.0639489675703679 0.136271210036148 0.0411786798105436 0.0699523896186331 0.131535730267286
0.175490309321843 0.015587078251504 0.00195817907158476 0.0200109063928382 0.208543332775159 0.185751100606115 0.186834189004603 0.0244090579319478 0.0019365516074951 0.179479295036911
0.0317559365391172 0.0925081185986919 0.0491462460861147 0.0677393825605235 0.0689159053206946 0.116706872375671 0.153383742880808 0.150614474175114 0.147651159808387 0.121578161654877
0.102276213503845 0.206390917037694 0.190342946299427 0.039622288173339 0.0856309672525835 0.113557743531269 0.0306014407272398 0.095124957502735 0.0251189084559454 0.111333617515923
0.056863813835595 0.0502534486847284 0.201651645799444 0.0411267159151439 0.154487269308388 0.128682931331189 0.113962814986856 0.0703122431298502 0.124971033884898 0.0576880831239086
0.00967385172045766 0.0720526511327449 0.167689692966348 0.10461703478026 0.141304525331409 0.150184255430352 0.022478033869123 0.134308839472539 0.121554145209268 0.0761369700874978
0.19069780820661 0.104971901109478 0.130782427542663 0.0394606041086201 0.0712313582911986 0.0392759806509031 0.236365104179554 0.049012840709082 0.0293391544613604 0.108862820740531
0.122277830134442 0.0188393105595026 0.0998463917829389 0.0587559253976019 0.101475229028029 0.12648066538381 0.130043669778085 0.0520526327005308 0.0722488177634948 0.217979527471564
0.0802076199945575 0.055159861675248 0.214592075281872 0.0262077983372306 0.107019946835319 0.00189324268951031 0.22047924184687 0.0163475866813536 0.197656392915304 0.080436233742735
0.0291744749715964 0.0897158977292981 0.191460588870187 0.0309939539856677 0.0805803391401129 0.182470963406733 0.150855605465542 0.0346621363968478 0.0628723331721913 0.147213706861823
0.163699781794285 0.114317919846503 0.0213982441856576 0.110802547169178 0.0676426245788366 0.0606872767565864 0.196498565327264 0.0702271241465011 0.143411370459551 0.0513145457356365
0.111581029727761 0.111640866137208 0.122130376564282 0.0132689854860484 0.122911001093047 0.0297228960620461 0.136959589687324 0.0830302469836067 0.134922789858551 0.133832218400127
0.139263757254524 0.091114639374108 0.0960700450608699 0.0480063689056428 0.112883816144155 0.126788602780777 0.117101189705682 0.0672219029737073 0.0862294954159868 0.115320182384547
0.0691803954336275 0.0862057328091062 0.126417983698664 0.124185945090108 0.0187699173135165 0.126267629651529 0.0571830401607253 0.132239710200638 0.127050820713366 0.132498824928719
0.0706496263138307 0.0414851805915499 0.0878265492479867 0.172894880382933 0.178940618557058 0.165907759654739 0.100942351556156 0.0119656797485279 0.0351506468221533 0.134236707125065
0.130678226507057 0.123440629194047 0.168102419679808 0.0441910932562235 0.0133870816804801 0.0350623743752324 0.180798630775674 0.122298428441257 0.0521225083153596 0.129918607774861
0.180865060835203 0.0389977598724537 0.115273839867634 0.0456159234039831 0.22232248218126 0.186076475140703 0.123071228255478 0.00132189624159054 0.0728991194551486 0.0135562147465475
0.129331230820461 0.151894293507754 0.115005146215894 0.0848789321649381 0.120152082071817 0.0344708501449153 0.154234881739359 0.0965111842576593 0.0384400095947313 0.0750813894824707
0.147017203743376 0.129933739319193 0.163403765364734 0.150063732179645 0.055343333425411 0.0654351771495418 0.0771695507767672 0.14135160951658 0.0339210671121584 0.0363608214125936
0.0952559251737888 0.072968419805848 0.081064498277401 0.0393528284401052 0.00652417882757981 0.0753438178867177 0.189302815403505 0.177700735614051 0.141824528320291 0.120662252250712
0.0169803010283984 0.0294217323332382 0.176042284588086 0.155129559669069 0.0299336291720964 0.17353881267252 0.105307170874285 0.0554512486872085 0.193761545215439 0.0644337157596593
