0.000449000898931198 0.19330954979533 0.230490052343356 0.0114075839976279 0.0628054281550168 0.127567398510353 0.313416659563744 0.0605543267356398
0.173252935765524 0.0452538833799237 0.199196478136156 0.0384406408886958 0.218821518132905 0.00736786270793434 0.163071800746569 0.154594880242292
0.106274558953742 0.170122548781483 0.037933564691857 0.068500812127433 0.206967613019835 0.122079236006739 0.128543302465138 0.159578363953774
0.15729658880313 0.185146234165846 0.170085054795238 0.158112866575244 0.127748852237382 0.0623783120409848 0.0439313237601961 0.0953007676219792
0.0225585892666946 0.13708912583775 0.0427861768164124 0.265191888832322 0.231176282393236 0.153907590832164 0.0335788677563464 0.113711478265075
0.200931810797856 0.175820473896647 0.0158941548098995 0.111572032778598 0.0166928264658247 0.0834290023952533 0.19208159963112 0.203578099224801
0.228188879873076 0.0325974615705276 0.184025049144476 0.0294419438885907 0.081043460424306 0.179957296479356 0.1125399156531 0.152205992966568
0.184970887558964 0.0961488854737996 0.258509421994958 0.20830869682208 0.0617310077346253 0.0161321913280228 0.172146311362997 0.00205259772455312
0.0714317702621596 0.175712341262977 0.121266404102431 0.130039325837526 0.176146151538524 0.0934295544429878 0.117940643364048 0.114033809189347
0.164631465281466 0.101202999981585 0.173650093346744 0.0417479438376351 0.141743041379301 0.13552463140921 0.0241451562896809 0.217354668474377
0.168014512063708 0.21384047315518 0.192769539378939 0.0551297507615984 0.180017434179601 0.111939761528597 0.0123665356029495 0.0659219933294256
0.189243217146598 0.0338797352826203 0.112703891894284 0.175046157642927 0.123479144761628 0.119718603835323 0.131194650000219 0.114734599436402
0.101909933326645 0.0758305273413475 0.10693206162489 0.227222690246058 0.129222778220274 0.139305190477126 0.0826283306868827 0.136948488076777
0.0711667002628999 0.116988614835538 0.218354836675217 0.168764619544502 0.0450383981112429 0.231952477251387 0.0879704690090875 0.0597638843101259
0.127681325467356 0.128083323046477 0.0508666342189286 0.141789534220559 0.15888970089341 0.153623269453349 0.10154322792563 0.13752298477429
0.178279010387323 0.0530774716350829 0.205908313075669 0.16774390810732 0.0732021190731713 0.241566189862719 0.0397923691607578 0.040430618697957
0.0234527279342675 0.0198658215871327 0.262852462062871 0.0891379717338027 0.15628327309566 0.187033402875786 0.146904660239124 0.114469680471355
0.0733569490322923 0.146197225710516 0.123111985505544 0.224831038145239 0.223745792919436 0.0433772137439886 0.0581826555921154 0.107197139350869
0.0210616823212989 0.247758934572569 0.178851494342904 0.18995650731234 0.149085100133616 0.0673346682180008 0.0875989634207807 0.0583526496784907
0.102027203308629 0.246217189046337 0.0974093492212491 0.219537404179105 0.102927490423661 0.15193176562486 0.0567535107405392 0.0231960874556196
0.0217473823099539 0.159952637926461 0.16935428122123 0.12538419389891 0.133092251044101 0.205109896081197 0.167565124500646 0.0177942330174998
0.219795099968862 0.248785784704713 0.0760313435176784 0.187245706672991 0.0381464436434664 0.184191723889352 0.0455270679346992 0.000276829668237472
0.0234081730736849 0.175517135703798 0.134845007392781 0.0413523147786499 0.272670427946347 0.0286005454329095 0.0871438867105466 0.236462508961283
0.237747772980685 0.0771196408954235 0.136522215906832 0.151054782057717 0.0633830997051439 0.0942288325463465 0.146654334026204 0.0932893218816481
0.0743426132792867 0.0761134202348341 0.0866675880123304 0.145521001163166 0.0235776189380697 0.129424571285703 0.188867277178017 0.275485909908593
0.198366055447459 0.0747540936932212 0.184012508967134 0.16244420976877 0.09696493875562 0.104544394099612 0.0841795610079766 0.0947342382602064
0.245970806467321 0.0150304750963861 0.100779433653775 0.155228694201217 0.273246578693061 0.187605979391211 0.00230915423552242 0.0198288782615062
0.133616263628365 0.00753755211347612 0.0237324561554276 0.292316114753357 0.1761263761736 0.14395602199882 0.141831656461381 0.0808835587155737
0.0805884493900588 0.202894368489659 0.134332254239771 0.0636647618542708 0.203834951873453 0.209090204816592 0.0110717247706996 0.0945232845654959
0.108720223769919 0.167227282788743 0.226437230488908 0.0229807142615328 0.197493030252335 0.101141762394794 0.0251996628659727 0.150800093177795
0.257790715294073 0.224999743585239 0.025779455102179 0.0477060970771322 0.0538858222701672 0.194237798142719 0.168901110533692 0.0266992579947984
0.158699429440795 0.168764032847804 0.0615662300375411 0.0864653210810414 0.142132666387073 0.0387753474133171 0.212354263570995 0.131242709221433
0.00325768983178254 0.0273157041119819 0.20826263122921 0.182187276723786 0.152934115821688 0.148775683797932 0.238333525075373 0.038933373408247
0.0935966423066614 0.223678015955963 0.0801064344066366 0.0762356183844271 0.139162284500889 0.0424479939609621 0.185970739202922 0.158802271281539
0.180401309981686 0.100994159083608 0.0772522011135423 0.118969664823991 0.165489392788118 0.219656836133623 0.107255091331793 0.0299813447436382
0.0381024886029082 0.123761159142262 0.149152489815574 0.160125357868866 0.0573473589224212 0.0506409186106227 0.23107817010072 0.189792056936625
0.181320794887605 0.053859226666383 0.0574528822692323 0.136147680529537 0.0986445590722852 0.127082542190047 0.110009072125444 0.235483242259466
0.141165663975278 0.0714572146021317 0.0772814536705956 0.199506389861513 0.0842067604728941 0.136961013305139 0.10469279566371 0.184728708448739
0.0137395846561269 0.0786501023350426 0.0669744799635287 0.146158087185072 0.111106351075607 0.310264108165045 0.166795148068641 0.106312138550938
0.152624821781933 0.156681373515238 0.0972817324791108 0.161710684768796 0.186333736913862 0.0889859663490868 0.156204746229312 0.000176937962662359
0.0165616154143188 0.131039786577474 0.304784750982282 0.282575157984981 0.0368754629327888 0.0690270478366003 0.124101184448701 0.0350349938228543
0.179937073854683 0.0430188476505573 0.111082678894844 0.179472342033808 0.196521426638719 0.0491394072332094 0.182501862225499 0.0583263614686815
0.0248314777334579 0.0179818952935296 0.0103214812562019 0.248671681661455 0.115552845852054 0.268477357811607 0.223149317946836 0.0910139424448586
0.181027346172251 0.181613910483523 0.118293924449202 0.107137005767198 0.15586093684793 0.0439629512313951 0.0126358370541192 0.199468087994381
0.0561220600345759 0.171414847362622 0.0194952277163268 0.178528152877077 0.174913470100565 0.028985878051117 0.163764239354427 0.206776124503288
0.0709136380531322 0.20706186829554 0.167364178808862 0.0737474214527771 0.0561911843223633 0.234334325260946 0.0123170364100444 0.178070347396335
0.181306261892529 0.0805662808689421 0.182901868444515 0.0453859368907036 0.103645193428151 0.199575007954976 0.192208096799055 0.0144113537211285
0.0596584100562018 0.00779145177302088 0.138296418872006 0.11903326722943 0.0905944300793241 0.195083736600964 0.193845085098215 0.195697200290838
0.00196613946420329 0.171250918784209 0.0849120844571547 0.0700648383850914 0.215500965184385 0.186881758815501 0.223942128024977 0.0454811668844786
0.187076368608096 0.00241654148873771 0.16796439447949 0.180016951567604 0.0802523921423533 0.159513991522158 0.0916625845415224 0.131096775650037
0.107933225321824 0.123279053371864 0.122360813349421 0.0841858921094456 0.175001815506576 0.175229944470221 0.0977558249557005 0.114253430914948
0.194096366159144 0.0722350887854669 0.0690075929124376 0.232763472326131 0.027974285388991 0.187088674374908 0.151206909073223 0.0656276109796982
0.198191264979194 0.0167256586250725 0.193547604996275 0.184891607311551 0.174582036520828 0.104382399129793 0.0908853664085738 0.0367940620287128
0.0926119830074187 0.00754109286999159 0.186563118092179 0.0294725726901284 0.0372508783420336 0.224614894835411 0.205808012037678 0.21613744812516
0.209749538976357 0.199335971172093 0.0655409888782226 0.108519638408817 0.148034763920349 0.100568370834371 0.0239477587355961 0.144302969074195
0.157983187157789 0.205823086175724 0.14561627777327 0.234641625914995 0.0934239212670473 0.0913560909627898 0.0699330436761787 0.00122276707220585
0.113625107721068 0.194418763994373 0.0733870711139459 0.165022153593859 0.115689697239148 0.172358251944839 0.124722982025047 0.04077597236772
0.194507187992867 0.182832094479591 0.0432339482082406 0.0209805998960936 0.0931148370054664 0.163013382601088 0.164870380472635 0.137447569344019
0.140009983157617 0.119517956907634 0.198189144106347 0.0829162652935904 0.203085891641328 0.0565933412803157 0.109925792688666 0.0897616249245017
0.199691896381652 0.0288016938908842 0.0106407344542599 0.128389392097329 0.0537388723493359 0.151797943759351 0.186706366589016 0.240233100478173
0.0182255107608334 0.185066024422819 0.144603932879978 0.0331852003435625 0.0562521796303198 0.201082144897439 0.177583338283442 0.184001668781606
0.0614447550094917 0.228013442233955 0.208376277607815 0.103915078246809 0.216107644255908 0.029474031473084 0.0573056644448671 0.0953631067280699
0.188614860232758 0.057921611210502 0.0226668234142898 0.352735443508375 0.0117583748935987 0.175588125046197 0.122361498741388 0.0683532629528923
0.0314287460327508 0.12216511986147 0.0831506001821552 0.256966270097978 0.073290798187035 0.114104841466804 0.180557249790615 0.138336374381192
0.226617403929742 0.145398007987304 0.0451028559080243 0.143535871340589 0.216932097328566 0.131903101263616 0.0107701602017137 0.079740502040445
0.0695593442174037 0.117686684815511 0.134690176232354 0.0870455766766342 0.0556144116671298 0.248891979678034 0.225152052704117 0.0613597740088158
0.209068659166231 0.0307632324108557 0.0867684289825557 0.0124499462362941 0.14631352556119 0.0930100780265535 0.192136374635549 0.229489754980771
0.00913591325463827 0.195389031327296 0.22009659167326 0.274562449350519 0.0242368183068635 0.118940064174657 0.125207659942862 0.0324314719699045
0.214460867863838 0.207972071373117 0.190329104707428 0.0670638149712046 0.0724963005583562 0.189002276932299 0.0198564507868125 0.0388191128069438
0.0324991405579282 0.0320337587393635 0.17135029367599 0.19496318454709 0.182268370855493 0.0999798900784706 0.0639001632110251 0.22300519833464
0.149939107944626 0.19960475412178 0.0789767635939273 0.0704678041359751 0.0282475159443914 0.204415573873323 0.065770492091458 0.202577988294518
0.0740967105046143 0.109716933102528 0.106777785788343 0.0618104556223819 0.103949942136266 0.190405461139514 0.195115673007041 0.158127038699312
0.0527111678982043 0.0364739072493951 0.183715947995301 0.152826381858259 0.140904115675718 0.0532088324882573 0.21004794736412 0.170111699470746
0.124431129398079 0.127936361819323 0.141061888413334 0.147451807747891 0.163177892811409 0.159370345678382 0.100048701535393 0.0365218725961891
0.16841296470386 0.00893497767751953 0.123430173229916 0.118887515953647 0.140561788259821 0.115833362097784 0.12821319430996 0.195726023767493
0.117506996699125 0.0803898546580148 0.16208517580935 0.207941773358378 0.0421298858189381 0.14209418524519 0.148361830842006 0.0994902975689976
0.131500721460347 0.0803238704678696 0.0575288814721985 0.0268395101527225 0.216051218403373 0.206960061140962 0.162928727232772 0.117867009669755
0.0836996534638063 0.090627022739466 0.155232935507927 0.14468462420845 0.233521620379646 0.215836532666313 0.0443510018477916 0.0320466091866005
0.270190356414344 0.0589560377266734 0.148585604678364 0.110349233888669 0.0923971233474361 0.225785015210552 0.0885503169327554 0.0051863118012077
0.14162585817586 0.0529285618935787 0.171115866199644 0.0991159777161668 0.161527151282597 0.0429476768523182 0.150109243640161 0.180629664239674
0.0185843418240874 0.242839750831157 0.227595141804864 0.0175070059127817 0.0494834286709857 0.194448770534049 0.239681179321749 0.00986038110032647
0.150164428169486 0.0913941064452272 0.102911849505855 0.203887357301299 0.0615551769965896 0.279477526499875 0.0318164028757795 0.0787931522058882
0.0586614201760841 0.181579600443901 0.163928492033573 0.231867328724437 0.114441573728369 0.0813615432916431 0.153216851759506 0.0149431898424863
0.0620774701772071 0.22623858329143 0.205610993328259 0.0826233755122262 0.193003916157142 0.0316335505839252 0.0020544454887252 0.196757665461085
0.0189154109131571 0.225653766207312 0.173500537906157 0.206200028689752 0.0587551318938286 0.208565324438387 0.0779096091386153 0.0305001908127918
0.0486361976076751 0.228403392433343 0.10800530893501 0.0898693446121557 0.121224482888603 0.0227114306614269 0.231160964307663 0.149988878554124
0.181121344750239 0.0263399056080699 0.0215479794538226 0.274238312796729 0.193940425837637 0.1706762976253 0.0415571515715066 0.0905785823566961
0.161728736629091 0.0432284439501958 0.17319781089111 0.00177281756072883 0.198113718444646 0.192820453530663 0.217451401950019 0.0116866170435465
0.0861346806769665 0.126745919337539 0.0703355749349503 0.156853036142652 0.0780481931029657 0.152610508281297 0.145456535021457 0.183815552502173
0.0591427431544177 0.231596520592006 0.246586050194085 0.00451305868366916 0.0856859737780987 0.0199624989574903 0.122445067562775 0.230068087077458
0.0277511835049701 0.111643139580067 0.0436229749381922 0.26868180570994 0.0377571797757597 0.19966554198395 0.17322604231251 0.137652132194611
0.176898866785179 0.115917649865779 0.0923551660966976 0.10943434688348 0.224910279259041 0.00172467631466587 0.0334898836276011 0.245269131167556
0.234543518799604 0.116883929852895 0.100574079764924 0.163660780486637 0.109986605715773 0.00607512195585865 0.200868727342217 0.067407236082091
0.143769908184274 0.181918968090222 0.0729810722403898 0.00301894682702011 0.240413841402099 0.0881808636579962 0.0836218911862182 0.18609450841178
0.0660915262892212 0.261055982936068 0.209861951127755 0.117162950895742 0.0682550932376265 0.11230042679438 0.0299470861229768 0.13532498259623
0.184906953819571 0.120966111134597 0.0957864943581172 0.106216124011494 0.0944740048626238 0.209285130571099 0.0976446098213556 0.0907205714211422
0.135322106297076 0.012527108814852 0.206620028732007 0.205089563275543 0.00338083459287738 0.190534249730284 0.2303340538538 0.0161920547035607
0.303213842219107 0.13013025964802 0.0316181943464487 0.00185542942432725 0.0967580967935615 0.0538273212956647 0.354772774297479 0.0278240819753926
0.115656309112141 0.121812609231005 0.210236030450852 0.0672000068976519 0.03034960155226 0.0624735973273888 0.205976098323083 0.186295747105619
0.139380377891839 0.24426633126475 0.0716466532848329 0.0788428666727531 0.0269450188342417 0.02784110261639 0.226931697212775 0.184145952222418
0.042426607621423 0.19750258323715 0.214852599351022 0.208986566267717 0.0966499800422418 0.176947461041264 0.0239901580447276 0.0386440443944538
0.159001679387095 0.0554875753228821 0.0799545531347354 0.0802911442255862 0.155310554086747 0.147184190334523 0.123060057205426 0.199710246303005
0.0281648986925822 0.240131531700081 0.056506666611098 0.214006315218473 0.0222685845398388 0.143464935534287 0.104877696681618 0.190579371022022
0.00587035409446772 0.109661417796899 0.20833913064847 0.0701916409410375 0.283158774563594 0.154957281149847 0.0570804121964864 0.110740988609198
0.000665333059528649 0.0460044195864054 0.00764661309033389 0.276558978395625 0.253593290984986 0.102387084504577 0.0818688472518212 0.231275433126723
0.142812431192744 0.0964072060873749 0.154898716386022 0.0595211291352322 0.143141157194295 0.164231874414828 0.164946225897045 0.0740412596924595
0.149100686828255 0.174236485396746 0.187493495848146 0.131393754605345 0.101997773562851 0.0704553888984139 0.0446992635177489 0.140623151342494
0.142289359147865 0.146651427783524 0.0908026035935647 0.232234216300486 0.0118076607414051 0.152933023171699 0.0105563967057181 0.212725312555738
0.0413198936976083 0.106874916641703 0.124245216337041 0.184722923784981 0.143512249026013 0.045379715472312 0.197200689164015 0.156744395876326
0.228662501475633 0.01657566689027 0.248300230569649 0.0348775560099559 0.285788658367664 0.0315081897699527 0.0987563602535319 0.055530836663344
0.0431001236510824 0.179943970257089 0.133949092135636 0.0808923005056809 0.15529797832072 0.123439924266528 0.0697396827473086 0.213636928115955
0.0955003954494589 0.253079906438015 0.215527415119916 0.0411698745575809 0.169673311011558 0.00506523327917792 0.170614396382939 0.0493694677613546
0.053763439428508 0.174254916566877 0.189862694382946 0.239540545494645 0.0425379436187922 0.0869002026921139 0.0393033207849566 0.173836937031161
0.221802739065138 0.118470913758944 0.120001531640295 0.227654031487743 0.0397224408321946 0.0146726532077295 0.244432220800532 0.0132434692074246
0.180083502913761 0.0750706887211034 0.169637706550842 0.0338990823588506 0.199993223908136 0.148675618179923 0.181552833826116 0.0110873435412678
0.068389002258971 0.184641359691147 0.120363447044855 0.0950022905136617 0.102375849679185 0.182731101571521 0.170405550823548 0.076091398417112
0.17811907117199 0.179885642573001 0.151939657109545 0.0928476404812633 0.00523874116151595 0.150438008495131 0.175255277794331 0.066275961213223
0.137051815062315 0.124462113570674 0.176405661534697 0.187647277601192 0.146725565446006 0.0913060867565559 0.0948507300382198 0.0415507499903404
0.105580051491399 0.218125343926181 0.131437563568475 0.20584398584279 0.0287380766559443 0.161098955577292 0.0683030544871062 0.0808729684508133
0.270493573422575 0.220356205087898 0.261097535679793 0.0659413867045251 0.0353839686115184 0.0742153345759139 0.0234462875931219 0.0490657083246545
0.181892829873105 0.0728874668490145 0.162748970049153 0.00985276443763724 0.0617017223041097 0.245442128676451 0.213307534996459 0.0521665828140703
0.00859808158809179 0.135646365374985 0.109994848034239 0.125739152725257 0.210167032283237 0.215525694342703 0.185876514424449 0.00845231122703799
0.094711504266511 0.0960168925155168 0.113331915729788 0.123405430872392 0.0686958138753658 0.242893663002918 0.152487422629367 0.108457357108142
0.187922398033143 0.0874188109642625 0.155717255065551 0.132055853672269 0.127322702052949 0.198762952335231 0.105818633083059 0.00498139479353676
0.0364161498725861 0.0428247444108575 0.100809808172363 0.0720887362785458 0.11768553156942 0.24209963338075 0.152457607011592 0.235617789303886
0.00184025203226563 0.242066777919931 0.133303310940055 0.0439951294254791 0.185313585513102 0.166371601162862 0.0887464783338037 0.138362864672501
0.0549531940614206 0.0236272781980733 0.149796564230065 0.206887241741932 0.100485963554112 0.0344406555967578 0.242230643703107 0.187578458914532
0.212515379986606 0.182052734722488 0.234882301754054 0.0554917533084797 0.123789665406779 0.00601051074835971 0.0528036734054851 0.132453980667748
0.20827926849838 0.0712218985043531 0.219092986256515 0.104545918550997 0.0778851438033842 0.192620329519466 0.0810857865037161 0.0452686683631896
0.0799614738758983 0.181350859899081 0.0472408382607579 0.108599051032012 0.301733503119889 0.028852910777486 0.0459372648638 0.206324098171077
0.0295478838419041 0.105996755948128 0.0992199515148254 0.142121573973588 0.21612403062198 0.210400316755181 0.143573845796599 0.053015641547795
0.15246152044967 0.139267751667273 0.180321562084474 0.0203278334108177 0.170092407177932 0.0809350417826996 0.153751339252251 0.102842544174883
0.142182285190256 0.0153034733757722 0.129511021830116 0.0848112100318332 0.0810686541653051 0.206446502391171 0.0927691267609689 0.247907726254577
0.0429120257761827 0.106351723216045 0.105988486415104 0.108075445237952 0.117502879911293 0.0916214654969937 0.22490901267538 0.202638961271049
0.0171018931155801 0.0573886288849888 0.109754206890252 0.0110663592186598 0.198736840044934 0.322144269979904 0.00103978497980253 0.282768016885879
0.145159199307481 0.117504349116878 0.0117265861362365 0.120036012152429 0.121371524667483 0.252208044350015 0.16077031801179 0.071223966257687
0.0539258662088068 0.199432185246606 0.0616438108291594 0.145039265737756 0.124314409420913 0.239959126786515 0.0891063001584616 0.0865790356117821
0.008493602408651 0.252052526324675 0.031821119624333 0.267919726247323 0.0389750411699662 0.180689430965609 0.0693142628732423 0.150734290386201
0.166322976849641 0.047153009707418 0.179725755858286 0.129865206245419 0.146939909527345 0.148418571452454 0.0453828081972332 0.136191762162204
0.169838838544022 0.123317191168785 0.069206338619028 0.20021637478023 0.200379728973367 0.0722639542160642 0.0148444587622931 0.149933114936211
0.0129860496520234 0.236392255517295 0.0824180523123187 0.0454259251854194 0.0895103668207487 0.155022314698695 0.212798334105193 0.165446701708306
0.139204256129009 0.254286079143125 0.115483772719417 0.168367910590743 0.0510666137581002 0.111239477974173 0.153277123532197 0.00707476615323614
0.0532840518570216 0.321948180059996 0.0891446502884008 0.0743909871703884 0.16910232947683 0.0244536729591103 0.135493194667646 0.132182933520607
0.00304889503128565 0.130946286232379 0.114550783521481 0.0457860594010715 0.063517675641275 0.171720555137083 0.231451084320508 0.238978660714917
0.228143118950305 0.135259460872992 0.114660093977231 0.0076297417792531 0.0365262363756401 0.173023982371253 0.102656427840978 0.202100937832348
0.211199760804452 0.124431176781122 0.0540358913222836 0.067853109066446 0.0391107285723022 0.0653053268012341 0.214355416332203 0.223708590319956
0.268457222351425 0.122421356295523 0.0335803539244922 0.129755302619929 0.0907963129252702 0.02022910676485 0.179406414694999 0.155353930423511
0.265391595088968 0.123832923657062 0.0152098092598532 0.0187665763830587 0.0910810553286698 0.380379165271072 0.0211429689377003 0.0841959060736156
0.0229866981033098 0.145711505896895 0.155587722656991 0.163321719981141 0.0692918761308976 0.146445934540442 0.168945559842277 0.127708982848047
0.167853675280447 0.046936302701109 0.215391655135868 0.0998978640059696 0.189348141828385 0.0327252655708565 0.0765834777146979 0.171263617762667
0.0559997859798443 0.172384942976184 0.0612138203687958 0.281219614144959 0.0622831097290966 0.07818835066449 0.214598470076429 0.0741119060602018
0.184268890859054 0.00706335550229965 0.105439004972907 0.163458153967069 0.162943846676531 0.199892376560208 0.080706718595054 0.0962276528668775
0.0852021483553484 0.246181334623018 0.208092408828311 0.0459167627666216 0.0585915950033173 0.0425900748886571 0.0280337192224335 0.285391956312292
0.0939205051831997 0.127301866977087 0.00954482694329766 0.175491442871963 0.121373246872254 0.126411129880144 0.126649075029373 0.219307906242681
0.115120360714145 0.19551977072937 0.142903712435236 0.0811266429787476 0.0501826325824034 0.153314790081537 0.0610587052556729 0.200773385222888
0.0125739766042572 0.154309746389191 0.00608606792777298 0.162680641833885 0.213701454057804 0.0150130808638984 0.194497975390019 0.241137056933173
0.167179302693961 0.172892313995128 0.163711645156016 0.0112784775558209 0.172169402705185 0.180965884181469 0.0194867820633104 0.112316191649109
0.107442707921093 0.180861271677809 0.0828469591165485 0.171714023556513 0.127280854026961 0.0735719269628371 0.176527886211615 0.0797543705266229
0.175683937566354 0.0467860113072351 0.185173310335992 0.019020366349875 0.0763445056547602 0.216748390912177 0.175881308909332 0.104362168964275
0.134290882018679 0.112426650717355 0.098147664869043 0.0747770364159748 0.26668824060734 0.0337967275495715 0.0355668455060826 0.244305952315954
0.214237921119648 0.0176690922811617 0.100777346621605 0.0715072791868544 0.138575452346524 0.225361769914409 0.14765998548446 0.0842111530453379
0.164029646803321 0.102536442573474 0.0967627752017575 0.222796706761755 0.0359219474848589 0.270392334912732 0.0217237536809573 0.0858363925811445
0.160002054738711 0.114391123476545 0.180703947041565 0.171363152016913 0.0412891079883512 0.164927645186649 0.0815636455745863 0.0857593239766793
0.158267261225976 0.0298352801987167 0.114455145534263 0.154446132911504 0.0814776016353532 0.232885559703922 0.00839876430602922 0.220234254484237
0.125032996590677 0.121556473797996 0.107560101172455 0.134387691362031 0.143233836297471 0.164418591623333 0.17892597052988 0.0248843386261572
0.164790382330069 0.216208736538282 0.0726561162083729 0.245097326935598 0.00500448916469902 0.140428017816269 0.143222971750821 0.0125919592558888
0.17966269756328 0.0411733677459 0.0309134862759546 0.112886761638832 0.174432707578211 0.197414101972153 0.108200370768812 0.155316506456858
0.0356585228048456 0.0584214031613661 0.0326984558333752 0.135961586845814 0.243097613288262 0.26838381559181 0.00810488032389571 0.217673722150631
0.152865493194587 0.151712808094205 0.195399191045327 0.187049823579946 0.140933277278079 0.00330145951301024 0.121432777933045 0.0473051693618007
0.148455074185027 0.0138497022151359 0.116742765251839 0.121809602151203 0.12614485200546 0.150244165707722 0.212121581197923 0.11063225728569
0.11044371468811 0.153786945827446 0.0709772196827374 0.167116527134692 0.134374541733745 0.0476934057818069 0.157886896563446 0.157720748588017
0.168041455401943 0.171909159988711 0.0595288807339103 0.0985353620646597 0.117596636514495 0.123191343734968 0.100243910407349 0.160953251153965
0.00552463705341739 0.0439698590501322 0.0182817672980993 0.19752374341324 0.230015003130282 0.224278588928768 0.184086036252937 0.0963203648731251
0.110698299037861 0.136377738734154 0.107347589756979 0.114039789814298 0.195828289637324 0.0971689523512002 0.177925724700466 0.060613615967718
0.190019303944287 0.138370755611452 0.179389608041196 0.137701777372717 0.120521686271609 0.0417836708424261 0.0500530813972907 0.142160116519022
0.0275355790558493 0.218135400283323 0.0521141941865621 0.218670832264779 0.169340121055807 0.0175387733092113 0.164579547592254 0.132085552252214
0.115878067835069 0.19812631328726 0.187035795518136 0.0776504296264093 0.180445890024211 0.024360678490992 0.0587027423650152 0.157800082852907
0.110825415954607 0.0578947811227147 0.0732563192845837 0.142198351588449 0.170778087831184 0.131325760384695 0.166844823058367 0.146876460775398
0.0501745396466306 0.177905982361338 0.216344191592533 0.11617695207196 0.231281268371866 0.0444878197318952 0.0283794997322507 0.135249746491526
0.0472289733341145 0.0491842417232593 0.0357770892110861 0.109840731806584 0.197211336007114 0.156643383298224 0.22530527609753 0.178808968522088
0.163788436959889 0.00556586871071237 0.178323180244025 0.164903717595319 0.161986727656789 0.137762609000402 0.142871975460081 0.0447974843727836
0.160530717304493 0.127986328705012 0.107973730239027 0.00526053292524071 0.135323688059911 0.0307013661154769 0.248453804065238 0.183769832585602
0.0886877997994648 0.186226305368381 0.0343405242215533 0.186752505460792 0.1545562980732 0.161194123007789 0.0233369728938396 0.164905471174981
0.219757657578276 0.0967045679534485 0.0697416039840203 0.177046082852864 0.115978620558547 0.0870311111230747 0.0455918095042899 0.188148546445479
0.0680784581234087 0.083496073592782 0.154395063797174 0.00835668239763534 0.182984189946415 0.199696836229485 0.151746885336478 0.151245810576622
0.181150943839218 0.12672728546305 0.156020834506958 0.104265182943156 0.110153850915047 0.0576790746595058 0.170664354597288 0.0933384730757765
0.162018657772743 0.100270753760859 0.15625507889598 0.0711521073822391 0.0963429934120694 0.17924200435548 0.166255778632522 0.0684626257881073
0.0198917630315803 0.133633127157994 0.129196261919472 0.020593050679775 0.162260966735949 0.246940078769629 0.0391628336522089 0.248321918053392
0.121570779260246 0.0531747147747718 0.114377165570632 0.151105621601638 0.21528187415533 0.205843082594711 0.0597755863311194 0.0788711757115515
0.245872151097502 0.13443521935291 0.0742869411550845 0.10247692857819 0.0575858902505906 0.0811427743520564 0.00973235525384424 0.294467739959822
0.0211074184792713 0.0741747341516044 0.10160470358009 0.16487812531698 0.139698984470399 0.162224172105688 0.140898218761715 0.195413643134252
0.130659394116034 0.0809184380728888 0.183445790283633 0.172782596958933 0.106008597903659 0.216158155576893 0.103286595593988 0.00674043149397025
0.154069219856632 0.043002227559498 0.0841805225518114 0.175090305316456 0.227543039446633 0.0366177939822807 0.204157278966796 0.075339612319893
0.0572933947894665 0.212883961926087 0.0194465424059333 0.11069516897693 0.150513703493939 0.233346692659698 0.0415418354851382 0.174278700262808
0.080043442579162 0.10004382462735 0.110684740728657 0.0740525257328412 0.195424297471142 0.192883106168781 0.178885386497325 0.0679826761947426
0.174387726376101 0.0148852596833396 0.0821435222313676 0.171841286974127 0.188940140858433 0.0914282465489941 0.144191082227431 0.132182735100207
0.156277036240517 0.0599930670865292 0.10534224502089 0.134800231380853 0.0620532309618314 0.303997948657322 0.0441439165122028 0.133392324139854
0.155708134864721 0.190733637659942 0.150055407427284 0.164944841999396 0.114803589747518 0.150500737108135 0.0126603471531314 0.0605933040398723
0.12465377329236 0.102855145635713 0.145013643601422 0.137178851815603 0.0434778900060742 0.187636239075038 0.177202734681533 0.0819817218922569
0.0723083943908786 0.1496452994902 0.0511507385926726 0.295916759037953 0.11004308314187 0.00584957564117897 0.129419934791136 0.185666214914111
0.151043172709635 0.24669784090617 0.0515159456376564 0.0416240205319817 0.194743255759105 0.161193230685457 0.0820895278666413 0.0710930059033533
0.0603490234997177 0.348822764279552 0.12868907897511 0.00496324206941703 0.20943961980134 0.0082924262865259 0.154035301245166 0.0854085438431714
0.194762196028274 0.135730173559132 0.0102898067377059 0.0768506678655741 0.175781197495581 0.143589568881157 0.113206969947564 0.149789419485013
0.159466132116262 0.0715611869245631 0.22231556926024 0.0870803706139296 0.167401446830404 0.0870772383641081 0.156465815244626 0.0486322406458672
0.138357242872439 0.205511943466523 0.0237286288493967 0.151742580127487 0.0992248840794797 0.156946083757975 0.213471821315937 0.0110168155307622
0.0967420410615974 0.104142270864329 0.179190445316102 0.101006535293174 0.140214968048379 0.109674706016001 0.0675456134562638 0.201483419944154
0.0567230981193147 0.0731222555013925 0.130857260817146 0.206751683359658 0.12574369898866 0.159755748630936 0.0964338737538634 0.15061238082903
0.231000384312679 0.0934838639057726 0.176806032807615 0.0294335239829375 0.0188088084722258 0.0735398868590439 0.280814122492549 0.0961133771671769
0.0937230253259702 0.191662507489848 0.189145157775216 0.00292234585076161 0.219482542732951 0.0112976808835938 0.248510930133494 0.0432558098081638
0.16281352909518 0.179858957331042 0.059000364470281 0.128232376019641 0.115928740393261 0.180899467342966 0.0433638860989756 0.129902679248653
0.157655543467062 0.0801845851376229 0.128292645967001 0.0018455193086992 0.209062854141011 0.100179519181444 0.292392209668677 0.0303871231284835
0.175449960639003 0.10332490724147 0.0970243364481859 0.112944920192818 0.18184009322512 0.109772624152498 0.0514116976736704 0.168231460427233
0.153544194811462 0.0606207158920405 0.185361924959766 0.0962012832878254 0.134143184651329 0.0756273356438754 0.0407881757255421 0.25371318502816
0.133802877025794 0.0378095991438213 0.174910510078065 0.195222414657185 0.0574340120483527 0.0861395206731721 0.229374822531104 0.0853062438425064
0.000954749195259196 0.0387475773614442 0.207761630655868 0.199234101867676 0.206109050197637 0.0394243474019732 0.0879008734605552 0.219867669859587
0.0518220800314834 0.0435032295630432 0.0909207610531153 0.172971064739607 0.190328448320248 0.0852229734598503 0.160134815502989 0.205096627329664
0.132000214430825 0.185728381397031 0.0816817878558268 0.169997950828239 0.0783029349637256 0.151367857986984 0.124456803248079 0.0764640692892908
0.0223025732374138 0.119901392374222 0.153586222844806 0.234735751929169 0.158388725553999 0.0545653924288738 0.149977353092019 0.106542588539497
0.122541366232522 0.0875882622700146 0.239464352763999 0.00843920976830243 0.0692900588831827 0.136748349092158 0.120696238051587 0.215232162938234
0.269186505995728 0.170745340908204 0.0239179181012866 0.269894914633437 0.125403577678683 0.0117016768210264 0.0482849709545982 0.0808650949070364
0.111339777382188 0.109890259406578 0.0553163361237359 0.0802478179394739 0.202399073501604 0.147438467201996 0.223999305435942 0.0693689630084818
0.212079218725091 0.155117907835186 0.112462001030238 0.21167032456578 0.0140422214011363 0.219318357624805 0.0328440543171801 0.0424659145005831
0.208859987842323 0.155184786267155 0.216857762042975 0.0789235896789994 0.0773545110141672 0.187460614422665 0.0365846465307662 0.0387741022009487
0.108239067783182 0.177019263659344 0.067399103977808 0.143757099353289 0.159660865141871 0.116840108966933 0.111400668141811 0.115683822975762
0.271268303386028 0.0395043657129172 0.193377927592686 0.268489910145646 0.100444800854277 0.0307003083842547 0.020987920678569 0.0752264632456216
0.0754751687846477 0.129347089751105 0.201772780512578 0.137846100099183 0.159666213987829 0.158986501718859 0.0451625965324468 0.0917435486133522
0.263856276275586 0.0252714358307257 0.0332106522828799 0.079476433714155 0.133956558830807 0.143078654887095 0.0584699603858788 0.262680027792873
0.162142964192903 0.119991325820937 0.100306635938144 0.0961386965524397 0.132338925995256 0.12726354471392 0.146732955383139 0.115084951403262
0.0485850270885607 0.20989954774463 0.134541808715826 0.0126387935196402 0.225742947467562 0.0137953799433125 0.199693547085936 0.155102948434532
0.0496514217791769 0.165239954217275 0.056479163696633 0.0845276454658206 0.147959840303764 0.182888033254983 0.164329303513891 0.148924637768457
0.101663695679971 0.200313667825418 0.115906216178696 0.16678552029714 0.017249207770299 0.168592989903497 0.125924796942836 0.103563905402142
0.184658657263763 0.103491761042081 0.226961256289 0.0119541200581799 0.04937626812928 0.102179701945111 0.250946441170506 0.0704317941020791
0.00634882295751953 0.140794485054631 0.193046433215529 0.243336266244392 0.243350496335954 0.0289765866657717 0.00442500918838916 0.139721900337814
0.186973016090508 0.276232555161863 0.106474696308227 0.23637696091105 0.101585129882144 0.00942661509446372 0.076458124232335 0.00647290231940874
0.0766876076460546 0.177065868011818 0.106457787936364 0.0859253503305676 0.191568923886438 0.0364513848260662 0.180096340070276 0.145746737292416
0.14976318760981 0.208734097045996 0.158389555487807 0.0152267319664837 0.234714310538807 0.160867550159733 0.00814727310556497 0.0641572940857981
0.112526954620602 0.129877593225051 0.153049477050794 0.0207582664696537 0.125126980094571 0.10872431379598 0.165902842330007 0.18403357241334
0.135418232416997 0.0664475021059164 0.094183466270508 0.00947851349915023 0.233138082074665 0.121200740640706 0.228019527197441 0.112113935794617
0.00420275752567374 0.0943035349479961 0.150023877417074 0.195167131916781 0.0143868137220307 0.195439608355776 0.195077776917002 0.151398499197666
0.0900003652972172 0.0880284525321596 0.00888927369477927 0.07754782451636 0.182029308315407 0.210740043361779 0.209871072759997 0.132893659522301
0.0732360399684983 0.170312807499743 0.156867454042912 0.0793520100361764 0.123416263054299 0.141125692004743 0.114197110963446 0.141492622430183
0.123646077453974 0.00944996305745095 0.115021603818619 0.133893912131428 0.250741873516438 0.0901427247869915 0.218442631457149 0.0586612137779498
0.217641455291264 0.186733065035115 0.169970053439274 0.225572677606062 0.018287289035984 0.0383927945585463 0.0330142675953467 0.110388397438408
0.177661138207406 0.0928330260477582 0.0142997740478472 0.0750578157611183 0.151209893572527 0.17431518448314 0.20222997668225 0.112393191197954
0.0736624128718591 0.194298607207713 0.100394732630142 0.142617440664375 0.144102072767155 0.180255679157276 0.0490889811499186 0.115580073551562
0.18981521097102 0.189709114520241 0.0253141083967368 0.0909222892367535 0.188331602569989 0.124363585390426 0.0954128883948803 0.0961312005199534
0.161057724718783 0.2131985957601 0.0855244794169534 0.0446796703567608 0.217046983161547 0.00918643643501466 0.0761192488888885 0.193186861261952
0.135885038549569 0.0241281391562663 0.0988048030150631 0.0422839163493688 0.181587663806288 0.153465741900871 0.174138945392096 0.189705751830478
0.171348891671247 0.283345247156204 0.130783065897278 0.136591966442741 0.0312483606229271 0.0245188632710306 0.14521517896495 0.0769484259736215
0.234559014962655 0.147507534612184 0.0474508012671722 0.102692098999663 0.0533896244852542 0.156323092585454 0.107807099319029 0.15027073376859
0.17227583574292 0.0792441110914733 0.193811774584923 0.038827920566049 0.144732897162424 0.149832690150589 0.110511999400745 0.110762771300876
0.244746875959885 0.0205372979555243 0.258932088705508 0.0488834340201813 0.16918587972599 0.0803314066597663 0.126136672869508 0.0512463441036364
0.283018224582054 0.0335852404458108 0.0912638100267696 0.0620579825808555 0.0226407312743158 0.259612980005119 0.090199108096573 0.157621922988502
0.140635836437615 0.101641240350328 0.137056803195729 0.204811595878386 0.0624350679730652 0.1354717579956 0.0951837362548979 0.122763961914379
0.145366248953593 0.0583449710647453 0.135145453998218 0.156872709471949 0.0433388762775194 0.135172624982939 0.159092702902512 0.166666412348526
0.0917312914749697 0.136768178576939 0.0269294789379621 0.189784145297822 0.174111512133236 0.213262395156397 0.152551155727319 0.0148618426953558
0.106686617751984 0.0341207414703357 0.056882371128215 0.194435978100652 0.0899230689362615 0.0657367612506413 0.0524567256613661 0.399757735700544
0.0730271593950193 0.0886360060914321 0.193670562505037 0.156330017613017 0.189684413986571 0.0892953462016757 0.185755411960917 0.0236010822463304
0.164275165553868 0.242215385165291 0.133479698792503 0.185891923409551 0.100792373233567 0.000454120517959939 0.0873631409618653 0.0855281923653948
0.077969461521069 0.182312602902604 0.101107288698675 0.192235535886154 0.170114827720118 0.141719675882816 0.129951451253018 0.00458915613554546
0.201070529944514 0.00395032481625727 0.0477821092432005 0.109085174083117 0.167519618585814 0.118585318330926 0.231693988196381 0.120312936799791
0.1221896861505 0.200652257525732 0.152515772404379 0.157339243207858 0.196368213840461 0.0615804465287991 0.0216402651808006 0.0877141151614712
0.186990099269661 0.0943529950627452 0.0303038797694896 0.227240034224787 0.0739647110591293 0.0718096645023928 0.271582869151591 0.0437557469602037
0.0670975808582598 0.109902242632886 0.162249368165795 0.244787920939801 0.180621018302782 0.100323387873012 0.0693421050311458 0.065676376196318
0.154078663911855 0.0955318153798132 0.0318125584845416 0.15022528679561 0.154042829038008 0.156454979920967 0.123487344217951 0.134366522251254
0.129125016427773 0.177179562787023 0.0643562757692008 0.188412475507201 0.187094386312848 0.158882512971032 0.0691024363564198 0.0258473338685019
0.14313838197102 0.0581928054499304 0.193639921743576 0.0290198063961173 0.11921822397751 0.104716925184421 0.203398385016387 0.148675550261039
0.111530050866803 0.0264360367091576 0.193093075442579 0.198903187103962 0.173881602644845 0.06948034614007 0.117963329588713 0.108712371503871
0.0807815310138485 0.00498659897855884 0.0781940226708284 0.189046287910561 0.11241119020792 0.229232720009283 0.230876303092296 0.0744713461167036
0.157302028933234 0.20072031903575 0.0194559984545941 0.0701833602020395 0.191940528552599 0.118635043593044 0.171772492630192 0.0699902285985474
0.185300104567499 0.081846366203019 0.024547042875257 0.268013803314205 0.0386273154521022 0.268010393098609 0.0916984737396478 0.0419565007496607
0.00143054437669308 0.2356586021826 0.262469864773321 0.208976079176896 0.195513027376959 0.0850475793084244 0.00343773209964751 0.00746657070545862
0.201345503256737 0.117014285058457 0.0118831334809698 0.0126359188722949 0.166780109379707 0.198418820980346 0.133438690060402 0.158483538911085
