0.0417792283681581 0.0441641246779405 0.00858231132650123 0.266707696832389 0.195866782611267 0.11002543941378 0.00159464011135093 0.0426846224415586 0.269918479842754 0.0186766743743006
0.0353902847206407 0.00375780007501243 0.187069249430073 0.204729205411779 0.0718474060395999 0.126166183817021 0.236306033618006 0.0767386463542311 0.0108500612094049 0.0471451293242324
0.0190428748683225 0.184221421581024 0.0117941654950393 0.175829455618485 0.12851453048649 0.00135401786752293 0.170260519069304 0.0731202934392061 0.196988773149534 0.0388739484250731
0.124546381691053 0.106307652400609 0.105889914098248 0.0843423138103158 0.0459212509857402 0.15255397786254 0.0610977993733187 0.074464667771894 0.0781438902480523 0.166732151758229
0.088636065944676 0.0258188082808294 0.148133232698893 0.0932809182069593 0.144434518116917 0.0400571207475626 0.0820543540188186 0.149797087994179 0.121652426536311 0.106135467454855
0.130841840732841 0.146999825618745 0.0404319340039732 0.136448246440324 0.0204058081116724 0.0440154608497887 0.198845561984841 0.0929508261179611 0.00630037725590406 0.182760118883949
0.0574185333584421 0.147188153381283 0.0598499745239876 0.136007786326314 0.115323545328208 0.0352742950232962 0.144197278025327 0.112327910638897 0.0420127350788759 0.150399788315369
0.0672125364134523 0.118501371534642 0.0428856504573621 0.0980421895634511 0.166206078034204 0.120787775036607 0.0937443705201495 6.98017595557903e-06 0.143675414382814 0.148937633881361
0.00164851328663808 0.168761070792377 0.0245527918373443 0.0231821897801567 0.0149916092144287 0.137462182588569 0.17670447217127 0.13685534348641 0.143009054509267 0.172832772333539
0.125308253350035 0.0729343629112605 0.131600669626091 0.00873926707845957 0.0817159773253736 0.0794315812164381 0.0472197502201055 0.155046389544425 0.152649225880166 0.145354522847645
0.14258135243792 0.111246574903045 0.135810256194728 0.140947796117697 0.0513657462334005 0.0460595690833081 0.0469466784902419 0.11640516302062 0.0597059402571925 0.148930923261847
0.0925818412300465 0.154287377562616 0.0133368890932757 0.12669183027359 0.0879261419749327 0.145323616879173 0.141018213165409 0.0832835821321699 0.075637299276963 0.0799132084118231
0.145001887324154 0.0372726739313916 0.177420775073702 0.0976634892470722 0.119848164888116 0.163779064909524 0.0242351478205342 0.044808769791308 0.0767221065622703 0.113247920451927
0.0721021298656923 0.0391538612907565 0.0959508027832967 0.151780775506592 0.0759858188048138 0.142515334033841 0.164640354926941 0.109747394772378 0.012254905297417 0.135868622718271
0.082773355841573 0.168976050965542 0.164076159078004 0.0515558431587434 0.106408998534147 0.144399268329787 0.0114404918662663 0.0497080849019518 0.168881538669497 0.0517802086544882
0.013349852891612 0.138350728890792 0.0408534030288618 0.0791328636371966 0.157977363416336 0.164936815365654 0.146618746613513 0.0358858311217067 0.149215590790793 0.0736788042435349
0.0560003007132502 0.0829574173439807 0.0426998928642975 0.146572230291349 0.135876621550582 0.0417928885156375 0.0802809600931222 0.0581786195783319 0.206357707653366 0.149283361396084
0.103339464864364 0.157848970345359 0.069256252588408 0.0214771167714216 0.149159837921099 0.0756174746517421 0.0320174423728794 0.1266831670245 0.116617069781286 0.147983203678941
0.0964277215584098 0.172480968292986 0.0362139285856783 0.088775529450841 0.0736192670737233 0.120618662787205 0.0895547788316078 0.105144220880004 0.0471138575055391 0.170051065034006
0.156246592669538 0.126768580127206 0.049760625770514 0.0613026133668914 0.0502973311536774 0.0672898386390483 0.156416399517478 0.154312071552196 0.018148877729621 0.15945706947383
0.0652063339553296 0.0639343237583853 0.15620784122217 0.0173946466094025 0.15641988515095 0.182906694147228 0.0510551003654205 0.124845712545453 0.0673650903078625 0.114664371937799
0.0635428856195771 0.111900203877833 0.0564880443917399 0.0486312710468822 0.194193534769468 0.169672916471774 0.0892064485889741 0.0410636074499741 0.163503437605725 0.0617976501780527
0.15689281419765 0.0954958876591689 0.143562995851633 0.0880905028999756 0.0367701554298345 0.0138049126129659 0.129146799134119 0.113252995807098 0.0665011803321139 0.15648175607544
0.147865190488073 0.317970309250796 0.0439286384560407 0.0687871774219125 0.0422502895731521 0.0154710110520176 0.0275620194854233 0.0530870310303077 0.148638249632304 0.134440083609974
0.00153725535786962 0.188512267150206 0.0814573570657295 0.0277150229677049 0.121640996573259 0.036026270889997 0.124443639410241 0.210169280800719 0.00924301007317449 0.199254899711099
0.0284647248038924 0.148525503745203 0.082147072734974 0.12817723809388 0.0814518892738016 0.0613175201448984 0.0715444345556904 0.157492088995863 0.174844525079106 0.0660350025726905
0.0814772992304747 0.0293703963594233 0.114122239395742 0.0686634814279531 0.20021569830225 0.210687713180177 0.110530611877705 0.0911891314243863 0.0720233039390684 0.0217201248628199
0.139978713219597 0.076311483892524 0.00448444418236197 0.132185171791385 0.0460762450167579 0.145770104778237 0.1013604137932 0.162524210217283 0.0744785418930006 0.116830671215654
0.154343088250298 0.05220829783552 0.0547602070920724 0.000160029201837221 0.1765113501485 0.0239457926834037 0.149347392539521 0.194120378999218 0.046016480519356 0.148586982730273
0.00891954998829013 0.0494754045297228 0.134109582530385 0.0692012650845335 0.0572799884791073 0.126600565025507 0.159600948358369 0.17562174880871 0.12714059289226 0.0920503543031153
0.0144235270539652 0.0856621560020539 0.000790018831604064 0.14062954234461 0.107609498797167 0.0169729693336995 0.223259870305728 0.105112523775668 0.182699704086613 0.122840189468891
0.0765145651006367 0.138507784374264 0.163849342319939 0.00919269645798029 0.182780349753792 0.179801279398438 0.0473960058884198 0.0740565618810124 0.107331773463894 0.0205696413616229
0.0498914034377881 0.079070946595926 0.138633410635098 0.107575266195507 0.137516098308157 0.147544178158591 0.132857266082385 0.072650019332507 0.130263266513099 0.00399814474094177
0.0731983323769246 0.0395915451356727 0.113579319037776 0.154702215342304 0.12040574829392 0.113767434318024 0.0171834600422015 0.157854994477028 0.121144695521235 0.0885722554549139
0.0699052140818088 0.102127435205734 0.16739605388646 0.193867252064394 0.121077919255323 0.0123168427832212 0.0247390901947891 0.0667374131292187 0.0872217555343696 0.15461102386468
0.0973665438864936 0.0852283607079681 0.182647507018557 0.212502313502682 0.15650483936244 0.0440157885494854 0.0474545638329162 0.0202235609093201 0.0845155786136224 0.0695409436165153
0.0763565872208686 0.0164585241969603 0.169844561413317 0.0371321693249973 0.153763106724814 0.154056541121154 0.114423090088732 0.0407704522304847 0.149434265219185 0.0877607024594869
0.123318880950022 0.198075615810768 0.0465626130080317 0.0274756279333115 0.0598256738835449 0.0437242514357758 0.0343744711641945 0.167107506916565 0.114731782426187 0.1848035764716
0.120607103007621 0.10625431726546 0.0508062405941183 0.00502742511561803 0.18591272518465 0.126676180613846 0.163635648968162 0.008080696822888 0.0643189712290793 0.168680691198558
0.0421604503055845 0.0546996915478342 0.0524904794213254 0.148189440928725 0.193361842470231 0.192103148981905 0.194060590627642 0.0565984562944058 0.0527327843014143 0.0136031151209328
0.127322493001937 0.181855212194469 0.0917756876438959 0.0751601415365743 0.1978521208136 0.142895120154579 0.047724361715946 0.0740182240622327 0.0382906743639994 0.0231059645127664
0.18170424219475 0.0984938096557773 0.109310935940244 0.0144312474870327 0.176882690465404 0.182983106398268 0.0307623232391719 0.0346658246347921 0.114373216395336 0.0563926035892246
0.146786324219466 0.0108084686329374 0.136990002408898 0.025348176934683 0.0900284535129736 0.163533036640279 0.0742010978687377 0.15309877217101 0.115465951747759 0.0837397158632565
0.00796781343167795 0.00680674311874367 0.114624449788878 0.198253440676708 0.117051470454402 0.0447232262622451 0.00046931157437876 0.184382665733655 0.133734953183961 0.19198592577535
0.0155517410237816 0.216556937881309 0.18262009013488 0.0303362731044679 0.0141693982829198 0.00247262243003308 0.0692382082347835 0.0116846161842757 0.230442922708324 0.226927190015226
0.119171057850176 0.0324005428845882 0.0803855172836148 0.164088000132026 0.120227021748036 0.0214660640138022 0.120491846490073 0.105151482406419 0.156549007877854 0.0800694593134117
0.141938950824393 0.0175482445741998 0.124490974566431 0.0420295065745676 0.0701650175987407 0.216635695516162 0.0851102372469237 0.124975811133398 0.101041086314631 0.076064475650554
0.113056602755314 0.193225704503702 0.149540245534727 0.0358254798302393 0.0165525558815842 0.0722691868242925 0.158233470417982 0.23317443981971 0.0139370663751524 0.0141852480572969
0.0810237989410091 0.224052906585106 0.1332111927833 0.00355521604551781 0.0762176574598036 0.126599006137344 0.00965117975836612 0.150765039188732 0.0899696632572319 0.104954339843588
0.0459693177841169 0.149375640172771 0.0322498751005756 0.150461326139176 0.193925196073019 0.00169973539505374 0.0399604897861132 0.0930183531392888 0.155795388113392 0.137544678296494
0.0728824247563872 0.185628990884723 0.0607787922233779 0.0109753144734016 0.000741042910643482 0.200737734196124 0.0721012620010864 0.13089238441518 0.128957105538399 0.136304948600677
0.114213620127087 0.142190199976394 0.0133764559796062 0.104533716630383 0.0856903069415424 0.120691066006687 0.0611797251038528 0.170208542963961 0.125943299553338 0.0619730667171491
0.0658079790970555 0.0612391283104631 0.0947162069946463 0.118924497596585 0.00953071490298644 0.127364248002958 0.149320745174356 0.0596808279225895 0.173827122006682 0.139588529991679
0.093770024976311 0.132729911935811 0.121815236038738 0.127332388286632 0.094087152813425 0.0591147321211974 0.0679308908703419 0.0850751208976483 0.114338544975707 0.103805997084188
0.0888731777658347 0.0624583984090457 0.0904201020624414 0.0769302092254297 0.128960087010758 0.182500286571691 0.182265172958738 0.0762194674301606 0.0592796760784731 0.0520934224874272
0.0988761273118086 0.112916954375759 0.109389600395902 0.0551739339888552 0.0961024121622295 0.1335421900175 0.113430795166437 0.122083479003851 0.143131944986374 0.0153525625912848
0.15090287286783 0.073682631549865 0.000942912146909832 0.0192412017104446 0.0791272224189076 0.145155355596884 0.162900679939188 0.116416801709571 0.140965201974773 0.110665120085627
0.0407565084047862 0.00852532062811788 0.169832560226567 0.183464856244524 0.109536766387809 0.0978644482952877 0.175688669209568 0.168860765292608 0.0258734136374995 0.0195966916732325
0.160855281632992 0.0661459729184772 0.0509903047414467 0.0634010694742576 0.141361201503344 0.188078098072561 0.0776149592359048 0.0865654809958995 0.0665177005830707 0.0984699308420465
0.0177312649072002 0.00500121818686386 0.120375918549099 0.0829707046035816 0.185404661753717 0.126867786289572 0.17125767186413 0.053002221374 0.146545658274385 0.0908428941974508
0.229329476496926 0.0229349960295857 0.143037009626161 0.057076060810765 0.00535761151571058 0.0197852632110895 0.204831856622875 0.0179973679856291 0.0540201703372415 0.245630187364016
0.0525764344221383 0.0554434163698365 0.100415990941743 0.0152839192202077 0.251823796298136 0.184751879198099 0.0893783266332639 0.076473763284498 0.0916342689781386 0.0822182046539384
0.143246066998775 0.160879091683479 0.134690879897977 0.0862868089983901 0.0581461299724274 0.1146854185157 0.0272245452422932 0.103375059362961 0.143103482553949 0.0283625167740479
0.119305840480533 0.0558809206899144 0.0376197304487888 0.106888119200583 0.13052993874127 0.121501345549416 0.0322444424388444 0.178514762326188 0.0948299090264183 0.122684991098045
0.144021867791452 0.143978560997436 0.0683902575405425 0.107839284288199 0.0444945430684147 0.129622044378209 0.14866022583055 0.103292300265742 0.0841022715239673 0.0255986443154864
0.0144005684117284 0.123124406109496 0.00638180191625923 0.0331457806431695 0.0223188891208377 0.173455410196832 0.167698960296747 0.180846860527828 0.152105696176955 0.126521626600148
0.0899764495511651 0.174131767535563 0.0107492138460507 0.0662300738006452 0.0837200139826424 0.0953120645093812 0.154095957520752 0.015009696631843 0.239022032062526 0.0717527305594313
0.0152846219437392 0.130752235339278 0.151609504513296 0.213532868800274 0.0810443981918445 0.00787098352013386 0.112216119369807 0.0780795552184502 0.040348121592786 0.169261591510391
0.242211413003147 0.0728052240944815 0.049874116016894 0.192726745843049 0.00758083822514564 0.104455009258075 0.00590061221925562 0.070345562789405 0.210651926638535 0.0434485519120129
0.0504078987828707 0.174161415059303 0.128734890959685 0.201833302734551 0.165963835201953 0.0579026645277502 0.179960942954034 0.0108392950054699 0.0282074300522809 0.00198832472210092
0.118273362199846 0.131181523811662 0.126697165309107 0.0691893051163222 0.108428970968224 0.0659331456651999 0.0514472581389051 0.0826641670751956 0.128766619113607 0.117418482601931
0.205015818100178 0.0487179061478236 0.139006505398134 0.0302670719034928 0.117696918492692 0.00772915556610789 0.115615098812055 0.0325636295026877 0.162983199547952 0.140404696528878
0.0449248312578573 0.0519677156205803 0.209645945855642 0.149513492086022 0.104919033024234 0.0936188009081103 0.202515254219177 0.00925950676913361 0.0994774265669644 0.0341579936922785
0.050772995293452 0.173567198717872 0.0840754924903527 0.147973735123476 0.0943091340752048 0.0488024607941628 0.169103191125434 0.139347713922512 0.067457237644497 0.0245908408130369
0.162164140610152 0.134043381505461 0.145060212719273 0.0280707099913009 0.045897483092956 0.0353476177623979 0.171793744741222 0.0889559188669162 0.143053197401732 0.0456135933085887
0.0765206434566575 0.171131250924993 0.137417171166106 0.122253765447002 0.0626791688219042 0.122099279116629 0.164372728817969 0.00991620736565735 0.113496224278974 0.0201135606041082
0.157876887378868 0.0819965432177847 0.154292737789244 0.0585310869871083 0.0870979688312881 0.109664418861374 0.0428144441784282 0.122700624446423 0.0301953833251217 0.15482990498436
0.0483469174337855 0.0732924573309534 0.247718292596341 0.114433603320859 0.0176894594936849 0.0954517419146927 0.092014167116984 0.0463541990084505 0.0264368424208859 0.238262319363364
0.0859011825527871 0.0190897023325506 0.0237409145919918 0.0866834301115848 0.151048568284081 0.148214375604127 0.144064764139418 0.107285342851763 0.148048119609924 0.0859235999217737
0.0172706624868939 0.0174082092452789 0.103574885362446 0.169183631718965 0.154136666428176 0.155835396153429 0.0571415665507599 0.0819923798162626 0.136760672092713 0.106695930145076
0.0630664176092885 0.148125057698309 0.113590254634932 0.0595591622502752 0.0443657335751457 0.071829200882015 0.271594318581453 0.0708693955862646 0.0530591558422506 0.103941303340066
0.0292299066321587 0.166187831776738 0.124864871048097 0.0764849294627196 0.17796796253291 0.0272882127181998 0.176618207265595 0.0147853280700551 0.117587424046925 0.0889853264466017
0.057544134866502 0.20129782401638 0.101874723217201 0.0413952216674646 0.146488554859149 0.043696182629584 0.159554885013983 0.00199211104970076 0.202763615136603 0.0433927475434327
0.117670013852847 0.0211403025008527 0.174786205580995 0.0811425276569297 0.178131265618685 0.0217871956630114 0.0998318939973334 0.0787702764560716 0.0879378743961702 0.138802444277104
0.143618443143965 0.1127209913152 0.111898169723829 0.124865335271755 0.00810790721810001 0.0577007517996269 0.134484403926705 0.0559999087927481 0.116312865753074 0.134291223054996
0.00234353873947133 0.0861539669895377 0.167365801172846 0.0507548065356594 0.114650168910076 0.15521309565137 0.113117561274577 0.0815505711323565 0.177379992498027 0.0514704970960791
0.0177384853159316 0.139480857432094 0.044104525285038 0.0468423338429237 0.138940275033663 0.0117855924694106 0.116597822243345 0.192516391788275 0.115605234321024 0.176388482268295
0.215045036666566 0.0709112789468115 0.13510464176496 0.138364479333497 0.192624728121337 0.00657573307781062 0.0357608328984214 0.00291121212234141 0.0895509575393479 0.113151099528907
0.187503526188058 0.177298855326287 0.0918973218926968 0.0156837323736531 0.0160220853021117 0.00775651443781677 0.137999194628898 0.0987959155196741 0.0640754285915028 0.202967425739302
0.145775850789998 0.122684593289469 0.0158123021113755 0.116080580367209 0.0126796571498538 0.124488197580301 0.100321852837742 0.117018211517188 0.129392606964883 0.11574614739198
0.0988801526686837 0.0280403129112369 0.0348897238517076 0.156649759073277 0.0750254791515189 0.11770915151152 0.161002341864933 0.122258293020651 0.138372855702022 0.0671719302444503
0.112230298233034 0.0444458471715273 0.0295154732366636 0.0923558763511883 0.0471697468766226 0.264957326156847 0.094687777256911 0.0868353348384405 0.16132648432517 0.0664758355535955
0.0833427893874309 0.144131252621393 0.0245433003493818 0.0532591024303105 0.0335034312807778 0.151060039092479 0.0714833278679742 0.160519286514849 0.113964725215969 0.164192745239434
0.120355548007219 0.1290924571934 0.108280898410029 0.124640958015838 0.142818650346427 0.13129158176228 0.00349344732964172 0.0816779247078809 0.11445662569428 0.0438919085330048
0.112142088450542 0.0657456948486171 0.107582888551342 0.138364600959721 0.112042234744075 0.157760264046985 0.125261309571891 0.0144501569231311 0.0818543849952637 0.0847963769084314
0.0522401944388441 0.17171872314584 0.168425493702078 0.0804014261882098 0.0797611269435291 0.151773608299648 0.0241484213712304 0.0586425866084805 0.00242141511220096 0.210467004189939
0.163146917092994 0.206898238600905 0.00358211425977809 0.0807996609589414 0.0931104542604022 0.0185531444449037 0.061677718324288 0.0809455610120476 0.220648412265025 0.0706377787807158
0.0305356439100442 0.088708105397778 0.207584837095544 0.0574664373031253 0.0596922752105476 0.0767516297369214 0.0855963454882037 0.151391552877395 0.193094175204614 0.0491789977758265
0.104112529049917 0.0126424287331268 0.159926377689057 0.0142720079091484 0.126078400994137 0.015806248718268 0.217550979571669 0.194258998432093 0.147251378780824 0.00810065012175939
0.142346867087286 0.0288273722177452 0.127902392867114 0.0394064997457376 0.187163616819011 0.188001665923922 0.00975602772281591 0.180977955863961 0.0426533038472817 0.0529642979051265
0.0197851709498796 0.074545141867549 0.0644778334665053 0.0920011391407721 0.170967842638015 0.0269237263160885 0.194593213462966 0.0361222270858008 0.143557377398193 0.177026327674231
0.12787022156773 0.0890377844652594 0.0739524569535083 0.00249648108705173 0.161751697525356 0.0900808079063219 0.117533692649712 0.083648687583011 0.136027023377314 0.117601146884736
0.0675153305275725 0.158468356446576 0.0836347675366275 0.12163712122083 0.0348690889957942 0.107776668164479 0.0207246905243927 0.156719589651441 0.143468300702564 0.105186086229724
0.126337852763344 0.110367828462889 0.172046932564639 0.0806232387213879 0.0184329937326486 0.0381286122894971 0.168259165016554 0.0766678480217257 0.0850428198928745 0.124092708534441
0.039729245031647 0.188151588004603 0.168841300147719 0.149828476027202 0.139092700330596 0.0922715853546148 0.0497647648681027 0.0279823426635825 0.101209108328608 0.0431288892433246
0.15687122475946 0.0476865719609057 0.169551437062045 0.0312487768654839 0.118196099326733 0.123321253728013 0.0111502873556804 0.0912014471088815 0.107143987141805 0.143628914690993
0.126305130377172 0.141013381539148 0.128421360702506 0.00392176851064011 0.269885765634366 0.0872763535839814 0.0180063373469257 0.00901961991000513 0.0869563588893801 0.129193923505875
0.101056273470952 0.195927207732732 0.00418822919379727 0.0945414201615832 0.00631481814231493 0.142018591788678 0.228959360632829 0.0134052981505984 0.143907752703624 0.0696810480228932
0.17528463446982 0.132827493867995 0.0256546528707944 0.218870419260042 0.0548134009748505 0.155612572716181 0.0264859171964079 0.0543780070834615 0.0433486076561569 0.112724293904291
0.20551269698623 0.0878846466850428 0.01204934569225 0.191440198365111 0.019771431808188 0.0428520796269447 0.125863397773211 0.139761133525534 0.0798993327480849 0.0949657367894041
0.122974505945833 0.157386772485529 0.130316232409315 0.143528655771664 0.165364055782834 0.0280567575704462 0.0306884167889305 0.0178783184617391 0.0916884667134227 0.112117818070288
0.108881628189205 0.1186162230173 0.0937379625459685 0.116478617463433 0.131591457668072 0.067473906627224 0.138040412920627 0.0555742484641897 0.0224277808463996 0.14717776225758
0.130573114155349 0.0236074829042463 0.152894332580778 0.0639928521084049 0.146194108243998 0.126269128355463 0.138592989109113 0.137820363417416 0.000191804442040215 0.0798638246831917
0.0958044810128674 0.0760694047628295 0.0379871286948031 0.182438935043552 0.00883217099485568 0.0982836092415404 0.207827469437748 0.166290193488737 0.0233761543638049 0.103090452959263
0.104873662245978 0.0227780751188341 0.0228315241238942 0.140684432819954 0.0339632061930375 0.142771493908247 0.118342319167516 0.166798233518207 0.096001409426364 0.150955643477969
0.15395893033042 0.0408978226523216 0.143625052935305 0.124291694765256 0.0676921509588549 0.0940805062421654 0.0340749800072504 0.140778860146359 0.104610823429865 0.0959891785322025
0.0838287679515438 0.0379383897672819 0.0574726624649647 0.126480954265951 0.0255561481650369 0.185244999400155 0.128650066049242 0.0150163261617923 0.129759737038064 0.210051948735969
0.0194458657160596 0.0764200564660517 0.0623255751267373 0.0428669860156028 0.157370076631357 0.18031158234726 0.0486674342247634 0.0938075482736274 0.139050698873733 0.179734176324808
0.0796146755068834 0.0959208167814131 0.12874558550174 0.112688879495683 0.11868984689047 0.145184838555486 0.00368200033073721 0.137017178601064 0.0416345497866605 0.136821628549862
0.203593915387979 0.0536898736652024 0.0325017042438062 0.175068096683777 0.198765839230664 0.0122097458492074 0.052307229242408 0.0587570865542716 0.0389641399202991 0.174142369222386
0.135650225268078 0.0297025022761479 0.160227002319882 0.112598862766866 0.182983196560778 0.174704271628743 0.0202906459148347 0.0562604180370883 0.0801214412798359 0.0474614339477469
0.0612481029819561 0.138331987738793 0.10403911290803 0.139159902672356 0.0408617765418539 0.103801609845158 0.0891987702792319 0.0935344169137541 0.130062880174478 0.0997614399443887
0.00714708181811325 0.0693404845714635 0.106818479608286 0.0365438483193192 0.148836840861703 0.107413125032337 0.175739525137671 0.132028213421308 0.075698044041324 0.140434357188476
0.0503869036124241 0.16361516492067 0.00372145779578357 0.0420919316092752 0.112139879501415 0.150053054149207 0.159636785894878 0.164975141469726 0.0234544273221105 0.129925253724511
0.138253980781396 0.132017956597801 0.106685275655065 0.100820075539285 0.12879655841946 0.121185396423239 0.097725787247632 0.0869340382062575 0.0231439895744253 0.0644369415554391
0.0938248442064905 0.164650761868915 0.130293598573387 0.0241527611187056 0.0674371807357167 0.0984108205479575 0.0505219387430127 0.139415905585099 0.0892395108231509 0.142052677797565
0.194498036134474 0.0583144131190418 0.00794288514498921 0.0309111722511102 0.0701752986095811 0.105825299393773 0.185971178333943 0.162469670805204 0.0534030479855863 0.130488998222297
0.119023607347523 0.108452473401009 0.160840108239092 0.0544792000005363 0.176628681713068 0.0109955635609903 0.00913241459470485 0.0361152126154082 0.158439842324203 0.165892896203465
0.0507420724718086 0.0417875395601229 0.0666630333968349 0.112084449890521 0.112672247629897 0.179003717638938 0.0569963477845928 0.0805155150859311 0.17360898152083 0.125926095020524
0.0678957589352786 0.0700594838913291 0.0853380888141125 0.0856677511055522 0.0976082516190477 0.0614641558828176 0.194029643688051 0.116355194100102 0.0645351028794363 0.157046569084272
0.128826083973481 0.101276883713252 0.0309960537534973 0.148449404832335 0.0281072394612988 0.188887392896948 0.178462443698034 0.110672319116987 0.020459901232842 0.0638622773213238
0.058665548090787 0.00253753434462963 0.109878164781858 0.101983825437951 0.080269256841584 0.195349145531084 0.126982566427845 0.0295229846809215 0.099817223939096 0.194993749924245
0.0498149173558838 0.117021353603502 0.160601059346675 0.141273336255659 0.0221808176278919 0.187294692003617 0.10726867923276 0.156931014247472 0.00735498000373935 0.0502591503228005
0.10896397282907 0.154619212399494 0.0356095713206287 0.110246872270586 0.155711428710227 0.0695964864013846 0.0331695530187616 0.16885968579802 0.100329099835681 0.0628941174161486
0.0393826188569859 0.200377476589198 0.169678960259497 0.115226833339019 0.0798563768737671 0.0304152954529799 0.125185990767411 0.038763980735417 0.00319207209815005 0.197920395027575
0.213297722372925 0.112780043120332 0.119524661957648 0.0141388201156254 0.0161572806582813 0.0748479982613211 0.144359319237376 0.0869317140222292 0.151928066573456 0.0660343736808052
0.0684992684527247 0.0854668771905482 0.102540545015019 0.0841159669093088 0.097196980350788 0.0769185021148258 0.124130538664477 0.112463704132657 0.106317249526139 0.142350367643512
0.0968836150196323 0.00645941341259242 0.0926130130890503 0.0187123920013399 0.00286315229273503 0.206581592531457 0.0729986281151845 0.061698579989984 0.187903713157664 0.253285900390361
0.0132909805405209 0.130035786528711 0.154552796834325 0.0922227281457134 0.137834535043365 0.164345323605762 0.0914119431178566 0.130564121546332 0.0428129581249797 0.0429288265124342
0.212793344048337 0.0628962992971613 0.130745774338537 0.186956653993513 0.0606020954430895 0.0146014070129803 0.0174765171399743 0.0590558679295017 0.00498477113697626 0.24988726965993
0.0405111682717061 0.0724874711539576 0.172781881017054 0.126472328854687 0.13011272699503 0.0942810541734839 0.071627500825776 0.11310610792534 0.0393628510581488 0.139256909724817
0.0363458633216251 0.00271813678683761 0.0279955474738609 0.21141420801551 0.133515581499006 0.059246230839162 0.0433453914831465 0.174887633283145 0.167178224749157 0.14335318254855
0.109401640900088 0.0644568773041939 0.124259160326705 0.108302063900721 0.00576121498667278 0.1566963408852 0.167043379270834 0.0319662896485733 0.0928459813430786 0.139267051433933
0.146396241839605 0.144720062802302 0.0742899588957211 0.149226728092505 0.167634899467679 0.0389182021626523 0.0550227074575541 0.0850147857423349 0.0938343340398388 0.0449420794998076
0.145564557240774 0.181275987156247 0.124816975517521 0.0535577285570836 0.0568658140744846 0.169304122893269 0.0351228334132742 0.0441446461653348 0.134392183381567 0.0549551516004443
0.269762325353136 0.0362061815328842 0.0264758546112486 0.0341876138287642 0.195724845000546 0.12084989841752 0.11885090583434 0.116233734228063 0.0190613185209385 0.0626473226725597
0.0952487644026073 0.0982511096772034 0.0333239822747232 0.198895166248018 0.0903257341331032 0.0845216134902869 0.000831006200896867 0.129396419947975 0.0641065422134203 0.205099661411766
0.0958330156825346 0.117453627991141 0.11368730086673 0.174792708203103 0.142959024964088 0.0544422691526042 0.137395072674358 0.00349677831169739 0.0682819465792469 0.0916582555744972
0.28745780723453 0.0542219513670511 0.00697133579201688 0.0962242843362402 0.0310217188956408 0.0609737902533122 0.0647206801956555 0.146476849310027 0.133615672629503 0.118315909986024
0.103279539911743 0.151880224841215 0.157353268652599 0.161289873896005 0.0277830448092636 0.0925110232251955 0.123650817369157 0.0353999422477845 0.14205044695972 0.00480181808731677
0.0797200287096396 0.205777260824607 0.143625523256661 0.0112763400533297 0.0454830302851693 0.139224599236895 0.199313784240717 0.119433526076159 0.0527183869679313 0.00342752034889164
0.142446466545628 0.0817134474677846 0.163527222960743 0.0740431057758549 0.136854080011137 0.0586313351951373 0.110995134932642 0.0653306104055291 0.116464664991938 0.0499939317136061
0.183058144274294 0.139100693827596 0.0860257914126065 0.09752685900999 0.138929856999108 0.0835916323402411 0.141077513992916 0.0487839679267954 0.00251145731937512 0.0793940828970773
0.107539852230629 0.121457872765305 0.155258164702347 0.0966472958186417 0.129662172316923 0.14180419935551 0.0750984049422725 0.00434230989089597 0.082531899008092 0.0856578289693845
0.18495296621587 0.134750140032695 0.0683276791246878 0.0993943858467888 0.186222924994212 0.0845657594016255 0.00251799925049302 0.071299724941692 0.167252794609722 0.000715625582214335
0.162225921531725 0.0083969405010869 0.101696207392204 0.0618167580305613 0.0285439538405679 0.148424202790574 0.0493151543950139 0.166399609909154 0.162716695441866 0.110464556167245
0.135335153786018 0.112942483795463 0.0293274558078134 0.116140355320188 0.0238101551284422 0.0225315505147075 0.125618144620838 0.14061757335177 0.123546189180262 0.170130938494498
0.0920466725788444 0.0700540031574954 0.0403498802337898 0.0448877694885871 0.203687248455833 0.0637725093992532 0.207007541770705 0.0234929973075168 0.0166184017269694 0.238082975881006
0.0798446805779886 0.0858382056393848 0.0466013093598098 0.11472557425717 0.0430820825837387 0.00292634816382285 0.199056974235258 0.143936070021763 0.205373373351193 0.078615381809871
0.0531988910641116 0.0755218979310889 0.153749708194047 0.0580162483303562 0.0488544503419549 0.122180525554064 0.00546619109959798 0.178519947874569 0.178468709012413 0.126023430597798
0.206916926533079 0.192473404203513 0.0351937473502216 0.00341549984307897 0.0630064901936419 0.0735858061412617 0.0363395094208127 0.220690878329025 0.00539642534343915 0.162981312641926
0.164610272886149 0.0423620965986264 0.158249931535978 0.0635276674503222 0.0372595632741763 0.0812820700592172 0.107763988473751 0.0815886950280108 0.172716972389974 0.0906387423037957
0.141543154028526 0.091967529313384 0.162762884235364 0.0901581181265965 0.0829859817563746 0.0783524036919677 0.133280522844411 0.0303813691626428 0.0575144503663226 0.131053586474411
0.200263760071899 0.0444089737892098 0.0353648643853668 0.0899849613193284 0.210042698049011 0.121371847075949 0.0174505624715196 0.155348409789635 0.106802083445794 0.018961839602288
0.0470867810782895 0.00975677248334217 0.0493048502643517 0.0540208173696846 0.161926426297011 0.17127760850321 0.0820174224675695 0.192366852625552 0.0909516250163583 0.141290843894631
0.165533438818516 0.076431431427163 0.0772668841216123 0.0141266020829337 0.112915085074579 0.15009295819048 0.135744112771553 0.0929180559133323 0.0409463470907748 0.134025084509055
0.0341665791828762 0.0733810433724217 0.0151479531759596 0.180123443267428 0.0535632013126761 0.0952707515960418 0.108949692085409 0.173006586348799 0.186177321660826 0.0802134279975632
0.048317063975536 0.0459994710927214 0.0857297621318455 0.12074570160186 0.155231095733912 0.144139608992586 0.122835295039833 0.169226594815663 0.0707448097735079 0.0370305968425344
0.1079685313301 0.1486983803503 0.0770331694589693 0.109873534038525 0.152545430074257 0.0698104946935364 0.128843800408164 0.020312966894279 0.118496571122874 0.0664171216289958
0.169777398830006 0.120951773105515 0.145782352003906 0.0857000650235942 0.0922709003149495 0.110885791014375 0.108474826113472 0.0360857240715756 0.00282160662486525 0.127249562897743
0.000252386338852867 0.145436028821232 0.186340536516745 0.0998819127058539 0.0462640917175855 0.0444363793213279 0.236084770542154 0.204872745885319 0.0283268859028656 0.00810426224806386
0.0813021930198983 0.118045851106665 0.0754153517282564 0.0712586778826452 0.184198333855 0.109608572343766 0.111106447760078 0.0804677631071266 0.0686944557878489 0.099902353408715
0.141270342577769 0.0217290166840955 0.121606472406293 0.126641460191502 0.129754065977381 0.0767805129206463 0.0946674870075084 0.0466246846670983 0.144247495549854 0.0966784620178525
0.102740570801603 0.129106138370559 0.0354691553658758 0.150095468958217 0.170009874907447 0.0118451180995639 0.0822815375685705 0.100245694492712 0.0755388588056325 0.142667582629818
0.0056961253124019 0.156505443008213 0.0557674967756116 0.132222515639843 0.00798742907566619 0.156868609257946 0.232402021410966 0.117914879691187 0.131031714745525 0.00360376508263947
0.150196270980756 0.0607229556830697 0.0207142309649775 0.150386943664039 0.117856389059433 0.0637789048416953 0.154115895618764 0.111774522627114 0.102796520736548 0.0676573658236029
0.0139059174922464 0.134548724226144 0.157778008651605 0.0189879294168899 0.111274758333186 0.172895165631665 0.0323487022967515 0.169703432844732 0.145318503985647 0.0432388571211328
0.129423364336811 0.10885668972792 0.11346931305365 0.15296308986821 0.0814212001338519 0.0880066153680635 0.0943601052033731 0.0342504173927909 0.0262158597406834 0.171033345174647
0.139096275065143 0.0582419931520761 0.159817758654217 0.110322745114005 0.160330919429088 0.117800219226625 0.0663305176610329 0.116162026034748 0.0614174643974673 0.0104800812655969
0.111460365129863 0.0265226823264865 0.14904932409627 0.0873520237297486 0.177747241834633 0.113504763393988 0.118891776270913 0.105805720804466 0.108390285476522 0.00127581693710883
0.159350579311722 0.0405953601140599 0.133018007727603 0.0288702727375249 0.0931181696561898 0.178928791157899 0.0616723917238045 0.0706032471331734 0.0697493728283987 0.164093807609625
0.0418973018405758 0.190696155823562 0.115837873547709 0.000223540740610636 0.203238093831892 0.0355089679970922 0.141009819660079 0.0382302496188626 0.0257030182564332 0.207654978683183
0.149096523148438 0.151493836670453 0.034172569986276 0.160507506894142 0.00377396061055491 0.128297105407126 0.110668585439841 0.173065391827745 0.00493889286922617 0.0839856271461985
0.13921449848584 0.0712289046719556 0.150981332918806 0.131167549469925 0.113269350336066 0.111017546620319 0.113668350582939 0.0192749713743619 0.00650980234286565 0.143667693196922
0.164008498368186 0.0254999027150038 0.0329665810934141 0.0532570750918813 0.165674332361532 0.0569004921952737 0.107784067516037 0.130198787095387 0.177512476153231 0.0861977874100531
0.0607238714744777 0.144035547865406 0.0980954687225884 0.112412039011392 0.0861374960414524 0.106084831450731 0.0384374296654976 0.0818919856776254 0.1583889746192 0.113792355471629
0.131536698785037 0.0933670700380387 0.160481182378008 0.169883661748094 0.0553844387475343 0.0795170145668796 0.0359824732862811 0.0213812579738118 0.0993121020593815 0.153154100416935
0.0791198409675767 0.0604411247939393 0.042414428365435 0.0728398872610856 0.127045444067217 0.0674176956916653 0.149498950389939 0.152190389040431 0.160547063363517 0.0884851760591941
0.073633947020162 0.101135103737857 0.138244226636812 0.114529115781858 0.0869563375044218 0.0644192351295676 0.100896955057359 0.0967743607401151 0.10077510718439 0.122635611207457
0.1642807500586 0.0570931335408983 0.0362510409440961 0.165635190325173 0.17700721114406 0.116532044361659 0.103617428298019 0.0886492737069032 0.0350824235995438 0.0558515040210487
0.0729588478149888 0.0196485352507609 0.115772004802084 0.0934815362875799 0.115937737313703 0.0482659846358459 0.093620374489731 0.167548744405192 0.127954757835535 0.14481147716458
0.00749579354576267 0.171771783129962 0.0600600747798948 0.0478244897482545 0.0742316565414189 0.188705992598699 0.127861332248332 0.0895075398283279 0.171376370447565 0.0611649671317829
0.143160250714243 0.0309037540496946 0.121980912422364 0.132429993869249 0.157523669774912 0.0499273306426499 0.155655491341692 0.0385307000656521 0.0480030191800051 0.121884877939539
0.120972778354185 0.149167585504879 0.169190518177615 0.153987256247322 0.0298921449191729 0.0060072785557887 0.0130779517034092 0.113813329071798 0.154616508206464 0.089274649259366
0.0554632240556749 0.151250289080369 0.0401892092462445 0.128207851317979 0.0913804825481546 0.211347296334914 0.0953990713830492 0.00282165567241258 0.188349236459284 0.0355916839019174
0.0211277079735775 0.151623418134717 0.18852486306687 0.205506940813843 0.0905769597947912 0.0110894266901393 0.0422889150559638 0.131821237510922 0.082694376850182 0.0747461541089939
0.160386096208366 0.159194531326366 0.0725639047073624 0.102273098601643 0.141784226330062 0.013308603768532 0.00999827574381052 0.0920152740152566 0.144888037108427 0.103587952190175
0.0282232391471716 0.0410136703093336 0.0644291789272525 0.137882442543203 0.0483192061304058 0.199771204437582 0.161779428789565 0.142283350533297 0.024497259883167 0.151801019299022
0.0342636945733771 0.187291746431083 0.0649090985029632 0.104556701988876 0.151012147953547 0.170176532518952 0.0506600841761523 0.00135077582917056 0.188967099698469 0.0468121183274103
0.0231872883999066 0.00891847555960333 0.161207514332217 0.0757253681483288 0.13868660989918 0.204781827658158 0.115017988112521 0.0216035668319661 0.24927982340811 0.00159153765001012
0.110668586797075 0.00440848736106171 0.10755649505947 0.0318781220150754 0.0943788872677088 0.229529211725228 0.189012923922656 0.00190579573256768 0.0924748437522141 0.138186646366944
0.106461208931125 0.00993507563056287 0.108744268575381 0.163475131693661 0.179787895644387 0.0335101922933929 0.0318030978390888 0.0945382524506601 0.093124681245509 0.178620195696232
0.135088305467347 0.143457189507342 0.0433789706081161 0.0645801231615911 0.0269627324814201 0.088825203701495 0.157455775767061 0.0862454624915538 0.0861116669294614 0.167894569884613
0.118654544132973 0.0625318628501807 0.14028185779959 0.0177443155860795 0.0661885754205488 0.156696070334616 0.031144889128674 0.0948485881873178 0.159472783087148 0.152436513472872
0.16331179396852 0.0571119021279748 0.0859852106375332 0.0789336224280722 0.116102928717498 0.0470791143209504 0.021046635025032 0.187282602856318 0.128833285631905 0.114312904286196
0.0518210909666905 0.151322597620436 0.195223384535192 0.144312246774215 0.00425621391548355 0.0226166188937559 0.0977479891105412 0.202412062837876 0.0802175107214631 0.0500702846243473
0.138035606245511 0.0502298167830111 0.103126817040933 0.102949038636984 0.0747046715483409 0.0840936811171528 0.12726714925273 0.0791410985879765 0.112015530691995 0.128436590095366
0.0820152522594669 0.0821084454442892 0.0779620939481358 0.135574881131301 0.0689018063491522 0.199354596186232 0.0598434398455282 0.117928346414689 0.108947271264196 0.0673638671570092
0.171722622499617 0.083640388492077 0.216478147478159 0.00725189649862294 0.018873086895008 0.0446637295436831 0.0872732748127205 0.127892848524801 0.0322979260752177 0.209906079180095
0.0636294270262414 0.133397121859281 0.00191493222144449 0.183091820620138 0.0771544237304286 0.130160560074459 0.112111254724929 0.104837522006409 0.0834606534993538 0.110242284237315
0.0640033967985535 0.106204070139373 0.116848240239657 0.143522580926552 0.0853176933189917 0.109763499611954 0.0365836994896197 0.0848514794553339 0.143013792055939 0.109891547964026
0.147076390332582 0.0883106958108356 0.0278359910008708 0.036778521845421 0.152760504036214 0.0925147983646039 0.0393498121268956 0.132021335327981 0.137392758388401 0.145959192766196
0.067300206908798 0.0590515773654565 0.118939796364989 0.0547076268145419 0.101073655196917 0.119184987886307 0.100502363389405 0.130661325466365 0.105022388684312 0.143556071922909
0.0750398948523946 0.0411273140130185 0.0971143556372115 0.143152104576869 0.0643370542956775 0.090978670948687 0.0625644512903081 0.0571736434468482 0.186178500180308 0.182334010758677
0.0483903604667917 0.0944907414921205 0.089162672906267 0.0483478198036204 0.182266480801968 0.0958146983979918 0.0425707365511311 0.0803673270812643 0.137898890787827 0.180690271711019
0.123364365307942 0.157069012620997 0.156293382993317 0.0760747190164978 0.0338352193137597 0.0570035599504708 0.140672177575269 0.0854949168661353 0.0398209403932687 0.130371705962342
