0.129858879022402 0.0369533704311029 0.029638614112095 0.0558878686312376 0.173541549393688 0.110571157627727 0.122939942243034 0.169916209590707 0.149588540049697 0.0211038688983083
0.219830876855721 0.0919298958817393 0.195626155666994 0.0177788920168398 0.0485845509374243 0.115239686517578 0.108841967097158 0.0177136850712732 0.0609517500423311 0.123502539912941
0.158129549185262 0.035145280883014 0.158758235219961 0.0669954500557308 0.1115819126237 0.157397802326721 0.13395411569287 0.015294856911065 0.0361604320985291 0.126582365003148
0.0592744830292889 0.169190150870563 0.0885772844522462 0.159606968113897 0.00137869334383505 0.0177786452132258 0.0569745429330293 0.193924505745948 0.129806963732315 0.123487762565652
0.0584310633118237 0.136488074257706 0.062598451545379 0.0173168215948392 0.157351508841302 0.181237821026239 0.119834308816879 0.096346221587009 0.081789462442616 0.0886062665762062
0.154174864822654 0.157747967445438 0.0486510638399461 0.110930161572866 0.10353450557529 0.0537472599468532 0.162425348864665 0.0334554195356773 0.173451749919884 0.00188165847672706
0.166459036171534 0.118680765031938 0.0390941112607188 0.0940332896809184 0.117363549328845 0.103535540807011 0.0860945607278519 0.0969441450380617 0.0816297376989476 0.0961652642541742
0.0827494474652896 0.0124423551837603 0.140300154442951 0.108082062718637 0.143870077878315 0.0892571662210017 0.0268243085611409 0.10781687999186 0.146840888508774 0.141816659028269
0.157345779121474 0.0785216362858253 0.0303245276358363 0.143108302964587 0.0464197696595812 0.129376993658182 0.0158354977848237 0.12236965515388 0.143987837868075 0.132709999867736
0.183324625743885 0.0749938568573086 0.0521313458697891 0.03550373687654 0.236085679966705 0.0519894744338314 0.139458508619387 0.0232713008655373 0.0353280012161948 0.167913469550822
0.0589477769841663 0.109096120622975 0.169507896920846 0.0981847254234304 0.0747215479270879 0.126714765772873 0.049671549720537 0.134501743113944 0.0950033830934987 0.0836504904206412
0.0688576508639864 0.101754364977754 0.181611884450721 0.0101279440584094 0.00514474543854391 0.199389683133333 0.0787761407464299 0.219985270093617 0.12524726237095 0.0091050538662559
0.0615532910182545 0.0940456599492343 0.0832096900040723 0.0639469786736457 0.107167523702013 0.0695116541476435 0.123573692173435 0.0765301709162549 0.168927921336479 0.151533418078969
0.0382298425404738 0.104002954280399 0.0865739849269885 0.182597339995647 0.18008918421599 0.014274522990388 0.149577725705248 0.0723975008687845 0.164454123897201 0.00780282057887961
0.00267562524790012 0.188971535356198 0.0662883013461775 0.13419702175206 0.0587748066732621 0.0205872827145843 0.0574552316893006 0.13108729151273 0.17301672207159 0.166946181636197
0.0670641282670943 0.0594621486823327 0.140303524266993 0.146442511723278 0.117922633732682 0.0741224981235359 0.0861242851789026 0.0838065417726737 0.122917890365036 0.101833837887473
0.164454551477864 0.167371369584606 0.0213907757851667 0.0148372232568144 0.181089503065982 0.0090673357666164 0.17753808371187 0.0578109586581714 0.154127377271601 0.0523128214213079
0.0412376075993615 0.140355726866461 0.192659841074844 0.111021939195883 0.00781442473624645 0.0376353692456353 0.181490764484225 0.135345416875873 0.108681694705969 0.043757215215502
0.150954346654176 0.0925845395062673 0.175915183168534 0.0166753859769238 0.183409093494027 0.0172395014932022 0.197955100983616 0.0464326512724501 0.070594133061456 0.0482400643893479
0.0401541103378379 0.107755094852429 0.13580555327828 0.065045311336997 0.0882329377557066 0.12368621405309 0.118506611794318 0.114205830010806 0.123186394705154 0.0834219418753825
0.00952205007540114 0.149283408865249 0.164790401979436 0.0685983804739056 0.037544783368418 0.061138121329423 0.0542467314892261 0.169355130656405 0.208614230316381 0.0769067614461552
0.141162300956593 0.178917938003125 0.18309122515963 0.0659208672125614 0.049342686970519 0.0205418765026866 0.0770112048593089 0.0990062759788182 0.172210729713986 0.0127948946427711
0.0462360298160051 0.0631381613493301 0.151166832016523 0.104453877342621 0.0125822708311637 0.171966710899254 0.177964510646836 0.124186630577495 0.143169020690444 0.00513595583032764
0.0773571269685762 0.125970467248344 0.153435762965288 0.047304791869628 0.161296328405586 0.0861362741236307 0.0702333999705594 0.0616948358711275 0.151951436502246 0.0646195760750147
0.0822528296158813 0.0506557770442814 0.0642177527541948 0.0482052440606855 0.0936656936987956 0.186827013612158 0.176419725539956 0.169373228057897 0.0412522580891668 0.0871304775269839
0.119989635428541 0.133636322380577 0.0492252675428969 0.0258105564644531 0.105698744865866 0.129264054667843 0.14672669941676 0.138108061794606 0.020362828948961 0.131177828489496
0.136957672269954 0.102013518323178 0.0372770608543466 0.0948874820312323 0.137758197613635 0.0889433429879413 0.123918218270435 0.136470413120584 0.131616354873183 0.010157739655511
0.0486832757467065 0.147399453563215 0.18155540519203 0.171612579376904 0.0449115041390798 0.130998728425998 0.146585660632194 0.0233821501504794 0.10036914163242 0.00450210114097267
0.0775261616090951 0.205321212486941 0.159682078318364 0.026479210722057 0.0217609127106014 0.139956223252648 0.121021451584535 0.0186113349846536 0.0843445157713197 0.145296898559785
0.0279289787752765 0.174032026926616 0.0563746733552123 0.0450316045122523 0.169829101397375 0.0203409614399547 0.182368977049875 0.222045118365196 0.0786591492382242 0.0233894089400174
0.0609154517597855 0.0724913354852964 0.12180374210968 0.126967064833782 0.0322559615675603 0.0212914321568377 0.167849991871976 0.148651699286035 0.146376010555525 0.101397310373523
0.163122239819385 0.0283665043686214 0.12655919979215 0.093248432255479 0.142642917858546 0.0230518932339739 0.130542996891904 0.107534830115407 0.0802364374079539 0.104694548256579
0.0429454219277984 0.0900381659667207 0.0632325515964736 0.157751449352967 0.106044761771988 0.152412143108405 0.0181922493909821 0.152784698714334 0.120023226946876 0.0965753312234561
0.13511892271468 0.103970416843212 0.117035336081323 0.0495306946646463 0.0461606860762384 0.0568482230641022 0.14993741501837 0.0548777604857278 0.123428382888426 0.163092162163274
0.0415281244790493 0.140453410554142 0.108337015018917 0.127223286133387 0.136865742005444 0.0968671740801319 0.122308010456134 0.00315202542370261 0.14774611104566 0.0755191008034326
0.00109150638808248 0.206494028624064 0.00976199174146258 0.138163029898779 0.0161742583029657 0.0278226468699612 0.120997983770055 0.168232225812328 0.142244184035285 0.169018144557016
0.0482873087909854 0.165086760126273 0.0147344369894051 0.0588602286873372 0.0550851369104977 0.0344893184434166 0.155585176872371 0.119899664352166 0.183652625478115 0.164319343349432
0.106647213773334 0.0868150413264887 0.133546890448879 0.120543929622636 0.00675554917533428 0.127739599404913 0.14850503588336 0.138384312509426 0.0995208877459385 0.0315415401096907
0.0499389512307342 0.158070943104204 0.15403602921276 0.187206100664283 0.0138440365767668 0.127149128678682 0.0372650518847481 0.0463939265187616 0.0809874230293018 0.145108409099759
0.149308334913115 0.185056905628824 0.0251034483667768 0.159243047349234 0.125871537550177 0.0443612113532338 0.033807254334621 0.179389805982 0.0628022187127177 0.0350562358092995
0.0387145169035707 0.103104363726806 0.127772164236727 0.0676763582890284 0.152424460868543 0.156263305740548 0.0118164056939247 0.101811416391423 0.165356386205279 0.0750606219441493
0.121662678756865 0.146740660047166 0.123216254455858 0.0877630983155722 0.116674938281266 0.108969343168784 0.0616872641191361 0.14471803551669 0.0288464251349055 0.0597213022037563
0.114136813471917 0.0726164847031145 0.119008871361347 0.0483046299629026 0.170064890336238 0.00480674836187474 0.108005147618001 0.0991779021144411 0.204960958723853 0.0589175533463102
0.0149871103003994 0.0563053229725222 0.161374583313768 0.0658043556168642 0.107282890731956 0.096048768097393 0.0990899897310847 0.0400311666626887 0.187840189540307 0.171235623033017
0.0222613922055665 0.189702834244719 0.0290194543504248 0.0845013935751154 0.0104199342391374 0.0504022072433077 0.161045469934081 0.0147876963750484 0.253466548805516 0.184393069027084
0.0630338226740034 0.132778175244229 0.128955848429352 0.0004775758980681 0.17460725197108 0.1140718215157 0.108695023625824 0.101104135502429 0.0316849672622375 0.144591377877076
0.0922370354760569 0.116885171543759 0.139417522659008 0.21869066253945 0.0208185623254882 0.0715844590261267 0.186898635663023 0.0221259250747562 0.013460232483144 0.117881793209189
0.0273850390548275 0.0408518959322224 0.0396659126521421 0.150178781364733 0.157062628646196 0.0708434780653568 0.135988334139297 0.164115282340201 0.121179061364042 0.0927295864409819
0.0540514259874471 0.154417032189235 0.1060312239492 0.160859278057508 0.0400340216268874 0.0463801667767763 0.143203780548417 0.0224302314053231 0.137721106674079 0.134871732785127
0.00684129482585544 0.130453453222002 0.177457533012208 0.172358846097302 0.0877377030889994 0.169445933606631 0.14801168486723 0.021402998874976 0.0529995104674318 0.0332910419373636
0.0579751967442529 0.0536111204879641 0.164374532628268 0.0984956006166726 0.142083676625536 0.0383033788876251 0.177401154220551 0.142064161451004 0.113510956744792 0.0121802215933346
0.132288558887725 0.0887459293399725 0.136835026280667 0.0834404689308855 0.0566380999549491 0.1657484458506 0.039119069926838 0.0158237803052509 0.119465696533368 0.161894923989744
0.157449309969929 0.130271671972006 0.084393967845477 0.0615736756500999 0.042687416880001 0.0354161828633153 0.202613517498383 0.0497617075428891 0.214321424833468 0.021511124944432
0.109466227952433 0.165454758768539 0.156681305830373 0.136192872354665 0.0265930842064507 0.121982410903585 0.0326880972798316 0.0787901533791643 0.0991395293031553 0.073011560021803
0.0304857333545246 0.183018626504766 0.0732058912110794 0.122046251439731 0.126989604699676 0.20603038635374 0.025784997598312 0.126916530987752 0.0212576424003656 0.0842643354500534
0.179478722641989 0.00982852872635565 0.207025541745098 0.0725324905088472 0.138516788088196 0.0588165891740758 0.0268676183136128 0.023531281805404 0.131772064111922 0.1516303748845
0.165686995903028 0.0681050656854224 0.159137223593101 0.171692139733315 0.103400342388742 0.110809783016528 0.0147606883510676 0.154546517589266 0.0193306502740988 0.0325305934654323
0.000252312280296779 0.128053552581957 0.0758447989473419 0.115519810303589 0.139760066447522 0.180780564940731 0.150300242068385 0.0114907999455936 0.0122157605640721 0.185782091920511
0.0900836320851601 0.0870638397261901 0.134799065353409 0.0217191541301193 0.0426626137483927 0.168896809205247 0.0457444086308205 0.151441294553958 0.102621776271825 0.154967406294878
0.130483853866339 0.039696534658605 0.153853970854628 0.165229353902647 0.10134886035964 0.0377561031473264 0.148831946428171 0.15129462997485 0.00719555242909344 0.0643091943787005
0.138231629616343 0.0253950096289554 0.0467620155358727 0.203976544156905 0.121148096672898 0.104824170188741 0.124397673333886 0.053812820901101 0.127126912456536 0.0543251275087611
0.212843537679998 0.111718072180112 0.0713532934875447 0.0308377092778916 0.0913454222285897 0.0863266206491813 0.0843572933810458 0.0985252431567345 0.210789386654273 0.00190342130462944
0.0136372569879031 0.0292581051521852 0.0756130345983792 0.13088283559749 0.073875229789892 0.202546764942238 0.0576692597097448 0.181918312660412 0.0121832608611766 0.222415939700579
0.165473928822469 0.0650542178761093 0.0908133354719389 0.153294430761812 0.14569353519099 0.0752706475007846 0.112405838513869 0.0663789079814466 0.0629314414777778 0.0626837164028018
0.00644063736726066 0.116643431129639 0.235682491997266 0.108702921755238 0.0655792175078166 0.0685986796151026 0.0110429344833632 0.076198515703073 0.210048205815139 0.101062964626102
0.0622734402958582 0.0592840751316751 0.185598189750266 0.154507895557445 0.16064741429019 0.0861963187551893 0.0269829005020736 0.0243274993433588 0.140918428579682 0.0992638377942611
0.0664483582227195 0.178045197629094 0.0121352261014122 0.0408682487212658 0.210762365503268 0.036141457287197 0.190717481194914 0.0186874686154717 0.13523911420226 0.110955082522399
0.0839939714233916 0.0688361257056364 0.117193174348594 0.142452555432542 0.043753711799075 0.12254139625361 0.134142923333677 0.138635958810108 0.0674236284305479 0.0810265544628189
0.0575548640170562 0.0618802490767116 0.116865436698372 0.14505237185475 0.15291229923984 0.0657433607046629 0.133345659234489 0.00848318302079292 0.114978054024637 0.143184522128688
0.0182211586838686 0.0214105693242144 0.153560010589969 0.127971088862976 0.0786552595631782 0.0506222392745546 0.0395473290448752 0.0936629859713892 0.226337641132851 0.190011717552124
0.0349742188040807 0.0446915688289967 0.153377812768594 0.0722225895102968 0.077313462423623 0.10528932813403 0.164262764582076 0.0639267759600492 0.107457073303665 0.176484405684587
0.197818620114915 0.138629551445193 0.0975788785836616 0.0295901119392547 0.191900118424333 0.164679071161987 0.0183835353319669 0.0843432181680069 0.0155710515952927 0.0615058432353891
0.0222331416154994 0.15505252555312 0.0669122605847709 0.06069005931765 0.111224861225577 0.163411615460579 0.0760905439978006 0.0382563622952193 0.15301521850171 0.153113411448074
0.120375218309669 0.199002899640539 0.00896477677271352 0.079659189963903 0.0607529336082448 0.0727908145657008 0.0250411722234574 0.173460221737483 0.0454096826619271 0.214543090516363
0.106534954395894 0.121328632133884 0.0882619046127112 0.124395022796357 0.0950263084800417 0.142697545321781 0.107289446279852 0.0617505921881564 0.0488239328514147 0.103891660939909
0.13767495732166 0.173438951866902 0.158165515370706 0.0338636324936105 0.134180652820221 0.0881416150972816 0.00427992679988671 0.0496698035564955 0.185737465029305 0.0348474796439305
0.164492654210506 0.187609076453605 0.0876942703185531 0.0681233273264066 0.154514268898933 0.0540279192270448 0.00396508519232582 0.171928378301207 0.100656107147755 0.00698891292366287
0.0363671049850779 0.104321593871987 0.19106943847957 0.16900879585838 0.170474275282019 0.0545221117075233 0.101959433114357 0.0740229206493131 0.067336225220862 0.0309181008309117
0.100024728012992 0.168517816442571 0.0328147832696516 0.0293977431362005 0.106163221263837 0.168206487257129 0.114089615735507 0.0758256154063742 0.0689749229841963 0.135985066491541
0.0239988149828423 0.10369297931837 0.121560654196564 0.0170552232670968 0.255382773328201 0.0520191722176809 0.0643329301456771 0.14717080968282 0.164486753622424 0.0502998892383242
0.0201853099180024 0.202079249199151 0.120827270525304 0.101177800499751 0.161161034104855 0.156056018444527 0.0426884608112491 0.154953811691998 0.00577697077934515 0.0350940740258174
0.162134443343944 0.00789809683939048 0.11208910173703 0.182058239834001 0.148219108659324 0.155376143874448 0.0156390901294399 0.138377312568137 0.0478644667725806 0.0303439962417056
0.104541308985292 0.0406326430205974 0.150745148913111 0.0978788218265688 0.159343194153669 0.0138545435473539 0.0226705606649573 0.0850361667778115 0.113481652149174 0.211815959961464
0.0373925307879779 0.131570864517061 0.122074100580263 0.0235821969632063 0.290657439994955 0.258119985054364 0.024535075500373 0.0343607715015022 0.0138364837603525 0.0638705513399455
0.209995927272937 0.111349767167064 0.0560977070234858 0.00340895597247509 0.185216637227645 0.0073225839733165 0.0637607580168572 0.000548949545465068 0.230990286033926 0.131308427766828
0.029440552762736 0.174794062831402 0.134161831675996 0.0576368877864574 0.0527229161810656 0.124232203723621 0.140852342692274 0.158597809588236 0.00944817666859317 0.11811321608962
0.115981237324243 0.0907903465519881 0.0469420111066217 0.121582095033245 0.148821827560602 0.0791744427519318 0.131678445929448 0.135210293266981 0.0834610015307157 0.0463582989442241
0.036575577396402 0.0255258646520126 0.167278011091115 0.037646468267581 0.12041239252952 0.188509891646892 0.206477737310443 0.0781960072003567 0.00636730368173869 0.133010746223939
0.146028617888271 0.175384237437452 0.0303270551355885 0.0411434557916577 0.0133293585975629 0.159682826346785 0.0517201534831848 0.177894731632267 0.00337186034082777 0.201117703346404
0.173953467679608 0.0315968034147183 0.0538809460625606 0.133891517597245 0.0658290292722408 0.0506239061404952 0.167913355473414 0.0520730966063724 0.0568445806593022 0.213393297094044
0.0590963507634623 0.0752642865666118 0.169482735813493 0.0933758618346069 0.11173705701812 0.0613203608595603 0.0535531078057915 0.117749733620736 0.0889601690663769 0.169460336651241
0.169321775043446 0.154143494737449 0.000240495680949457 0.0721227869763532 0.181082618895137 0.0690834232515401 0.144384455850368 0.0659244897724028 0.131898591226476 0.0117978685658776
0.0986099749197007 0.000833237910497904 0.0138366642068613 0.202699018824889 0.0268780195904912 0.196799580034168 0.167863185346711 0.00240958112262933 0.101821898747686 0.188248839296365
0.224117029713625 0.0692370275114822 0.186890199436514 0.0756124814610663 0.0994480663791068 0.133527019157871 0.0921732168614732 0.0558538880739576 0.0625315324436113 0.000609538961292665
0.0856069783821967 0.123096261620185 0.117703314316034 0.084744090680455 0.0615582381648672 0.142911646518648 0.144644553019435 0.0577278819029238 0.162256908703841 0.0197501266914135
0.03608134524382 0.095754936536339 0.0385294152008906 0.106932674703992 0.0660405083515294 0.280932452358355 0.0164100604647028 0.146086575708951 0.0683667601266033 0.144865271304817
0.032127280859346 0.192206933075325 0.0889195282149571 0.00468832639591733 0.180006484218203 0.0130050885798067 0.243634849218714 0.089599729102109 0.104346373154401 0.0514654071812208
0.0866289520564151 0.109690108125315 0.0360057994666225 0.114397877144869 0.0599248627244371 0.179552693446792 0.0803668699027128 0.103611969512427 0.0207710895451127 0.209049778075298
0.0908090186410832 0.0660518871131361 0.0139914974466606 0.170066047968659 0.109783116452845 0.167119904183673 0.133763983713733 0.0179739581115677 0.0244629007633469 0.205977685605295
0.105205606397291 0.13284487506721 0.0286291065937938 0.13004384463752 0.191465149457329 0.099886024044796 0.0960733850315184 0.0933042004552169 0.0484330991365258 0.0741147091787998
0.0583206781982267 0.00211973321264721 0.157800529338431 0.136156544717143 0.0093280149924751 0.0441540595875143 0.212357852555533 0.172441005919128 0.0838877344679635 0.123433847010937
0.0996924252026719 0.157647814710044 0.0346349099151118 0.126388961419093 0.109938551200622 0.0851756720446086 0.0835931500878142 0.0140658427626065 0.141263267399308 0.14759940525812
0.0223549147883136 0.145968013110265 0.160450423881572 0.0183599156407847 0.0927555531724819 0.172035023958587 0.0871736155001189 0.0719537880759182 0.0513591219513869 0.177589629920572
0.000179835831572164 0.109968122466698 0.134023240078926 0.0794469060187472 0.143266136975251 0.1040113090244 0.0722040887295085 0.0971470440622748 0.113771425021027 0.145981891791596
0.111661746410825 0.223545682659804 0.0124067239979054 0.00591450350220738 0.0724927651504455 0.110665845616461 0.0190108600922459 0.0688278091445935 0.174163644072319 0.201310419353193
0.0806821626284049 0.0966150930195751 0.0995959909783895 0.00969468100865618 0.0849254393456525 0.188293942407219 0.0159791334546106 0.183411676794104 0.160622947283096 0.0801789330802914
0.021589598210127 0.0730852834485718 0.192748047238903 0.0344650092047529 0.206929505459298 0.0130922598593216 0.184506111679897 0.070913794449285 0.136374831059154 0.0662955593906893
0.141511366500894 0.0422412347729108 0.138575300099392 0.153446790413079 0.0645805508111059 0.0239522857962457 0.0985641897906603 0.1079536148976 0.0989671290195804 0.130207537898531
0.146759768286995 0.081980914418957 0.148532571135778 0.0286753550973114 0.111710030038824 0.100796041734595 0.0838644101210117 0.113449522845565 0.0657369133268493 0.118494472994113
0.245464533470331 0.0133698581519746 0.00968109919481553 0.0737231855197815 0.179623630795736 0.181091170814946 0.0336927509678175 0.0891122771079413 0.140221513294522 0.0340199806821338
0.0661619336343573 0.136480842282959 0.0838569867648719 0.10749204297901 0.0989285857472974 0.140555664544458 0.00260453406498448 0.048435580757923 0.148358142423102 0.167125686801038
0.150314552197945 0.0465642161267717 0.122274990834838 0.114820864914828 0.0286226456642148 0.209202832021348 0.0262026760646864 0.0174376800322275 0.160282005130556 0.124277537012585
0.124547098204356 0.0478715730918729 0.102706527971657 0.11529822502821 0.118167762624981 0.0682181338576046 0.115238252011323 0.0672191867782742 0.113479823231132 0.127253417200589
0.0706458538120701 0.19067391341013 0.0919119792809022 0.102529459887834 0.0484169297858329 0.206177664674977 0.0202176329011401 0.191164574464835 0.0679006288013414 0.0103613629809376
0.0873742336089017 0.0268841877355314 0.0599883348711893 0.0521890559598248 0.141947898257573 0.113851273510009 0.0960319079935946 0.138261101138284 0.170560930737017 0.112911076188075
0.110590724636851 0.0808495464984788 0.081558262027432 0.0260249134721931 0.0885823440684257 0.128345388298883 0.113691531100845 0.0957879864704258 0.121365572637186 0.153203730789279
0.144978373708037 0.0809791700992323 0.218511734079468 0.162960278040875 0.0215438347309132 0.126106404435406 0.00394940173795795 9.49956318544854e-05 0.0913307493424607 0.149545058193797
0.125797055747763 0.141248869514026 0.157122008631399 0.036468004096488 0.0611368659586518 0.102418723207565 0.0932062262389013 0.0862750890205214 0.0672375615638964 0.129089596020788
0.0438769843208484 0.194172135772621 0.0176668274042396 0.205885217203987 0.144871778889619 0.0680553714794559 0.0443295710652594 0.0144209806198005 0.193266571023585 0.0734545622205841
0.0452755407230528 0.184190414247937 0.143193999840017 0.020395223103575 0.0992040556025208 0.0126975542988492 0.14744359356385 0.197923571773557 0.09379639695469 0.0558796498919508
0.120967802633678 0.0265999537214349 0.081092916043189 0.112114211710234 0.0947495075822117 0.186933036050231 0.0840010712457181 0.0824464271354389 0.102097840380567 0.108997233497297
0.114451407624636 0.123667896069686 0.0280930915357049 0.135401500108295 0.175721714613883 0.0737894516058189 0.148750952662778 0.0429452657417009 0.138645086817496 0.0185336332200013
0.264332973883596 0.00823446897457821 0.0303910400118497 0.201656155923222 0.0213635049316729 0.122486043208071 0.0369380156015371 0.112132613211758 0.144929857292567 0.0575353269611478
0.150662923146426 0.0764805442345339 0.067330186907814 0.223838563008453 0.171518213395014 0.0303922706717905 0.110581181750434 0.093960976226094 0.051968338243395 0.023266802416045
0.132118739441595 0.0945631793371331 0.0811999052589544 0.141082903136626 0.105039970669113 0.00897056118977997 0.125488309639948 0.126107603794571 0.149060171847339 0.0363686556849404
0.17133277676282 0.138463743578532 0.127011652759158 0.0547715336584917 0.081676236979466 0.00586140018871089 0.126808503664952 0.0734388753892658 0.112407273330464 0.108228003688138
0.00438204841915457 0.153922474198782 0.0361194840743806 0.108133424010498 0.169496333346741 0.145692577718144 0.0971472998600211 0.00343281316962727 0.0946943216692064 0.186979223533446
0.085117008475912 0.180455362661273 0.0521887095020317 0.0456187641212239 0.164903496143685 0.12491738690918 0.0676353633367901 0.207458116631738 0.0207549952962381 0.0509507969219277
0.0754151940772728 0.00988818963722117 0.170189347832489 0.0326830045059261 0.0655697606165187 0.164440755423904 0.151578404272245 0.181549109443624 0.108760674714932 0.0399255594758664
0.0552017328908563 0.00717351480035189 0.108164228579712 0.0931908243697413 0.103781392011233 0.117623805415203 0.17143190555327 0.00664410035531048 0.171775594739355 0.165012901284967
0.0719764698001267 0.25223397621392 0.00622470041402737 0.121751682708916 0.0403287852952801 0.0406044005136049 0.128749489184344 0.0835594119168863 0.227418423015327 0.027152660937568
0.144794472190706 0.0850034824653773 0.0792623241955214 0.163045036415112 0.138550054522556 0.0714752106701736 0.0723092133733587 0.136819654907384 0.0465767085916292 0.0621638426681821
0.110417627785979 0.0682598918189843 0.102288771201236 0.166775942641923 0.145083158002424 0.053700540259783 0.125119632930372 0.151218475123517 0.0440306347604455 0.0331053254753356
0.138146960540779 0.0344421010111308 0.104379190282694 0.0104009766395176 0.150860575810244 0.143024479958794 0.0918108440711016 0.00196443417786319 0.135912523856546 0.189057913651329
0.0295550424509443 0.137719731878754 0.0475650714888766 0.160355750389718 0.130700391963629 0.106665279674331 0.0564358412446865 0.120849298944275 0.121777981377145 0.0883756105876406
0.232315291437844 0.159686877594291 0.0560051885106879 0.259073287443203 0.0539597619644468 0.0383186809121656 0.0187516852745279 0.0013848455404913 0.0294348537115948 0.151069527610748
0.171825084828561 0.00548919405893191 0.142758407862065 0.0555882684204385 0.161139931701077 0.00518992221619769 0.162042645662397 0.0140369927432351 0.203578872223214 0.0783506802838832
0.175708145525776 0.157419917581613 0.0746672042284492 0.0891298781173491 0.169608287181407 0.034990871250125 0.0501572873462176 0.15659145468255 0.0166074113252107 0.0751195427613014
0.139410280090342 0.126410043246827 0.135075696553104 0.0190511425425335 0.0809274959262227 0.0305466913973239 0.139822498021561 0.121703746890801 0.0852382696850489 0.121814135646236
0.195245461392229 0.202514036238316 0.137880148811779 0.183355141334278 0.00658338990103477 0.222578488423145 0.0129782168012916 0.0319082288846429 0.00630516044568144 0.000651727767600982
0.165205031799837 0.00983570953512875 0.0106108590607353 0.0951850283927093 0.0661400292865863 0.167492145722387 0.130303094464369 0.161577447437579 0.128642505364736 0.0650081489359327
0.0383289107241739 0.13225446296602 0.0490029773276092 0.0931469850798708 0.143543766206801 0.0647981556152406 0.0882222209380494 0.115326957508954 0.147148898993825 0.128226664639456
0.0526652152269911 0.139997479764764 0.0561998975607207 0.00520823870417813 0.0282971338653041 0.200467322574697 0.159296821950394 0.168764449911186 0.0550959815374616 0.134007458904302
0.0835953981727895 0.0787679581244536 0.0681090339545467 0.0427723923616222 0.202631818702291 0.0391597855223713 0.16940594953044 0.129529000472212 0.0901512617714094 0.0958774013878648
0.209439875919067 0.0217352490918744 0.00317677217124449 0.158349699004692 0.0984409453245543 0.0507514426048033 0.0640821473049661 0.183540940403853 0.114256813948974 0.096226114225972
0.10120700379417 0.0760782405716067 0.149099940002107 0.0779833411766278 0.105538811388918 0.0813370990319937 0.135925741291719 0.164383490635829 0.00479254251575695 0.103653789591272
0.0958703951995654 0.0916239883415974 0.148353030209385 0.056872799734165 0.136347583912671 0.0584666644774528 0.07351226516786 0.117827733241987 0.091810684490166 0.12931485522515
0.0667774396569128 0.143979035345641 0.102237482873968 0.157735284723507 0.13492000980763 0.146132799350991 0.108746868608083 0.0644737210965694 0.0667656306036247 0.00823172793307407
0.092151912459168 0.0561470617859892 0.0389282252689852 0.171390368498726 0.174652558913343 0.118586119314853 0.106171654299847 0.132089247757785 0.0374857387626113 0.0723971129386921
0.123736969702974 0.0652034094331062 0.0840487058336691 0.0693721920608747 0.108443732600784 0.046359524098365 0.161086597757709 0.117657037381942 0.095095927374049 0.128995903756527
0.15714197532972 0.00319693240504592 0.153181941314508 0.12838982328006 0.120212594290466 0.0444714464978339 0.0294618640367375 0.146933586933163 0.0462208007509745 0.170789035161491
0.0396834776899787 0.195952962358737 0.0574455364884358 0.0224759159827485 0.193697976610575 0.025239189287343 0.199135216226147 0.0406766824132086 0.0478857985596789 0.177807244383148
0.0936135806192754 0.0711463514987048 0.0769567027064035 0.0803047374647954 0.116071261436492 0.0290920614896808 0.138317044621725 0.156810559779253 0.0825638707560027 0.155123829627667
0.123743056403853 0.0176867251946446 0.0621047534131613 0.176852752558631 0.00717296164134416 0.107529221168308 0.161537333532868 0.249261217069983 0.0650496516608547 0.0290623273563522
0.129278474994233 0.106730824196866 0.0344123131520244 0.100857186947897 0.153931085038545 0.0866903651548902 0.151547803102601 0.149435290450987 0.0838536976082503 0.00326295935370631
0.0929055793808132 0.149420227821594 0.162196722786836 0.0769934412593867 0.0123766050980594 0.136855860668421 0.0302778518139341 0.150494460413007 0.0454470235109922 0.143032227246956
0.173138818480504 0.0789000508528508 0.0185966008343626 0.0960607614570418 0.0385514214206376 0.125648615687588 0.063974946822136 0.160258139060023 0.0840809995282432 0.160789645856612
0.117060014530106 0.0308251361280444 0.0168067316972291 0.0140650158357371 0.238582298288041 0.0379759426126914 0.11242960339904 0.249489395948004 0.0686939428410226 0.114071918720086
0.10144038981877 0.0657389278350011 0.11952707946158 0.0604480548691717 0.0773028665744514 0.122612770301645 0.0834994260178384 0.0722497903982008 0.165135921845825 0.132044772877517
0.0328907233586058 0.17190878296706 0.0770718745589968 0.0192395424193037 0.112131347392364 0.0678603441603552 0.157534166951257 0.171528772311737 0.119831451440058 0.070002994440262
0.141682729394847 0.0623344182561702 0.0360996465026293 0.123323982285198 0.105321807564648 0.0851175342955157 0.10727669999162 0.147586241388944 0.102440515259373 0.0888164250610554
0.0858829373869824 0.0195448247695773 0.0564254036880431 0.0508392987881858 0.147109042620292 0.14475521374359 0.0777298532616262 0.106282885823066 0.165655166981918 0.14577537293672
0.0080453641730965 0.0877611993448755 0.146834004821502 0.1357162971968 0.129295845869643 0.163867111076836 0.0962481496193577 0.0389117082996831 0.107052059995444 0.0862682596027624
0.132916452830875 0.15453386217713 0.164139362422656 0.0440901383597891 0.11480187038404 0.0227723897931632 0.110720216536414 0.0502824227436804 0.0574939022903924 0.14824938246186
0.0732084511595639 0.0365406644061173 0.070816228593394 3.37415062875677e-05 0.0330345777277036 0.0126078889852888 0.30676873134315 0.21569531958356 0.0952893934258945 0.15600500326904
0.210604583357234 0.124778989473854 0.111867540125776 0.0114016493634125 0.0109322385239129 0.112326508802502 0.0464437972539532 0.0166056833906804 0.178846102063382 0.176192907645293
0.108921748325149 0.143670091532238 0.112011450632372 0.0903515231058097 0.195812507519246 0.0456210834054194 0.055959137861386 0.162248183824447 0.0822568783875208 0.00314739540641252
0.120278195725314 0.0260802222696711 0.172214287424826 0.123944181270996 0.0131189177653842 0.164152013808331 0.162352144014265 0.0133682483422058 0.17143534288097 0.0330564464980366
0.0335578004063923 0.0777512673914966 0.149207480696865 0.12406206020195 0.0713577167340635 0.197030211767548 0.133244462588009 0.00143165293428396 0.105838349265701 0.10651899801369
0.128703277856793 0.0385542553646199 0.0984987066663425 0.0855090186945086 0.0115328881683848 0.179713094176512 0.176271292689842 0.090666710303804 0.143709468733656 0.0468412873455367
0.0358650301539877 0.00702020351625628 0.122099185010871 0.021323221033281 0.046198764410751 0.20908788365654 0.082349003067867 0.198869228852444 0.205418136836685 0.0717693434613168
0.135512377175782 0.11181004539543 0.106577655199475 0.0591657426829732 0.0339871498094145 0.0764188763300423 0.0373999527438656 0.154343331841642 0.143943150672883 0.140841718148493
0.0683350139936346 0.065784238378458 0.0630864817148492 0.120833418066025 0.137376525625185 0.113867640588977 0.142742082276587 0.0898147856476838 0.104339140243696 0.0938206734649048
0.0737707895750074 0.0786868877676641 0.169391137487125 0.0785967329584015 0.168851486558364 0.0221317901520302 0.157010849308324 0.0845760713499879 0.0920579539864866 0.0749263008566093
0.0102057882173425 0.0528530298383243 0.113351244075065 0.122981643568617 0.204472350916488 0.0116828743057722 0.109716457073338 0.167988596657504 0.0485105735946522 0.158237441752896
0.119891943286394 0.0884553979882476 0.118441925269266 0.0261278506849505 0.11108198753282 0.143621806123288 0.0963388732960716 0.142983059541798 0.138586135513681 0.0144710207634831
0.125324398322368 0.12095766220626 0.0431390409631102 0.0765881529296213 0.123796655541346 0.133574307877138 0.147657981777011 0.0614791490785687 0.0489517039238575 0.118530947380719
0.0960363897360104 0.155674013620347 0.0991963288809057 0.0758012640867161 0.015773596557786 0.023057012688071 0.0989765568744311 0.163421041734906 0.175605693593694 0.0964581022271329
0.0836184003868699 0.0547114389771312 0.0073297946771501 0.223799492405915 0.112799309554054 0.00335726610148229 0.206135584436777 0.0716137210285989 0.173582961273634 0.0630520311583884
0.0299280539053832 0.0494079196706794 0.0520837491528905 0.111172313326305 0.16144318877744 0.124682748774661 0.190091472334434 0.0270646826945184 0.12646452454541 0.127661346818278
0.0720034424112209 0.206558699710206 0.198836219497137 0.0341669312875175 0.0301025929448084 0.136459325797255 0.0170165095307393 0.153041892033965 0.0713403485585156 0.0804740382286355
0.0889406194914981 0.13744284766907 0.145940507269758 0.0238665416283607 0.0242104717726147 0.185778617053051 0.0340085577722065 0.185791422199247 0.0116735012121525 0.162346913932042
0.0106673661725528 0.12427243195402 0.0832679614057357 0.0155910694741905 0.217777705640001 0.0419578610943044 0.139950027826901 0.0953005577317063 0.0498466483261331 0.221368370374456
0.19410954537461 0.102260119471549 0.0326741137552599 0.0444433401441877 0.0430858674476342 0.0809471571624284 0.188762111276549 0.0845455802925625 0.134149253704463 0.0950229113707558
0.168582370347855 0.114044084724557 0.113262889969331 0.0906165714358358 0.0828843726053594 0.0732299068515183 0.179919557155523 0.0116392470563458 0.0376659744632907 0.128155025390384
0.109467832775291 0.118700327282668 0.0146086074797522 0.0937317474620434 0.0775909731284515 0.0839659537382998 0.014721704949342 0.225140028929193 0.159916512487304 0.102156311767655
0.114779803705765 0.124111912328966 0.0437164544859299 0.156540355909406 0.065997404607382 0.0261840864660286 0.16995818871549 0.0421436568087435 0.128777490037268 0.127790646935021
0.204999899048467 0.117008537931723 0.0654435851897018 0.0286611464390804 0.0458591228521393 0.133069403617548 0.00964404920917262 0.106928186396384 0.195193367419409 0.093192701896375
0.136061143731095 0.146924109874151 0.0543030454924717 0.112338451181487 0.0959448220396051 0.0312615019512923 0.135099608717128 0.122759105151332 0.134783616439046 0.0305245954223918
0.0547641066565128 0.102579705728027 0.0440879895056928 0.113799718918805 0.0991150247776929 0.165181054042067 0.0236547484528149 0.166798145085457 0.110651881327166 0.119367625505764
0.15459719183367 0.109189204109861 0.0178737525738939 0.070224112740064 0.146975001746454 0.0490987414230723 0.106053725790263 0.0863104703845265 0.125661498074302 0.134016301323893
0.182433629094 0.17066704129579 0.137121351488911 0.0592514636006355 0.152686145102599 0.0806674566034043 0.0981287804426412 0.0421019129378471 0.0258493096057101 0.051092909828461
0.175386843161753 0.0245272269420524 0.14930387760229 0.0358857350118498 0.0994185034930614 0.0253968141395961 0.139685374722245 0.114027009325111 0.133084583090249 0.103284032511792
0.0927639921317277 0.0390626312373829 0.0949348542124828 0.150824838171869 0.113508437624275 0.0802242208191098 0.13857379029538 0.119432580984131 0.0756081735507988 0.0950664809728439
0.144012392845755 0.141211916478279 0.168637967086552 0.000925807348388544 0.0967296974234239 0.0610198819408194 0.0348381651882497 0.228459647139837 0.0515390117204728 0.0726255128282228
0.133915535275575 0.028783247797773 0.118188983915862 0.108781522388328 0.101224813204918 0.129993846424085 0.0643889251647036 0.0723821667335698 0.122160394367335 0.120180564727851
0.152014485948732 0.170615481152768 0.161168431967059 0.136498111606444 0.073306572887287 0.000378473328036206 0.0164217956910134 0.0555296766442507 0.0976905264524967 0.136376444321913
0.14903179960501 0.115981768594468 0.0598702375153776 0.101683161337607 0.136292801434868 0.0284750117316675 0.0945669622109027 0.122501561697796 0.132322502480134 0.0592741933921682
0.123803760865447 0.0748782407081351 0.127878001584992 0.171228023170759 0.130893672054229 1.04675672464571e-05 0.081544801512462 0.130309578689257 0.0470374930505947 0.112415960796878
0.154491579059747 0.0391639867125004 0.053863241665902 0.193193669756504 0.123764174712058 0.168019170147482 0.10235774017446 0.0866786553174164 0.0458466467656035 0.0326211356883272
0.105032355185703 0.183451479846879 0.0137086628773815 0.0681918440889295 0.0532896088271376 0.149530284870907 0.124270588027635 0.0992667676915183 0.128043993949443 0.075214414634466
0.205506891345352 0.23421290904593 0.0532968161974737 0.220896751600812 0.0259241800684277 0.0200626131278445 0.0107766979623982 0.0891279957238922 0.00216006431873111 0.138035080609139
0.118917403469344 0.203534540580286 0.205529567272658 0.0450903315004804 0.0704851594993205 0.0930455515377738 0.00889370446995538 0.0574507987472829 0.0941088525497827 0.102944090373117
0.132656853022333 0.0911237362492288 0.149415258259617 0.067163033872243 0.0282077316373511 0.142257435816689 0.041817381486695 0.0753852070798137 0.152005320773106 0.119968041802923
0.135744876597611 0.0998722680808757 0.067379171970042 0.143843157302397 0.0853888732391705 0.0928159436201483 0.0465095081822353 0.148161285753674 0.129507803523183 0.0507771117306633
0.0414427808386003 0.167536216093658 0.10836698549714 0.151670419575532 0.104354937901059 0.1440715538242 0.062074303223912 0.168863804797097 0.0418943574256881 0.00972464082311347
0.0176641309600204 0.0867257708242973 0.00650054315119273 0.0816247661914677 0.172539045900862 0.186766017100278 0.152706149430274 0.235891843686666 0.019475063614563 0.0401066691403784
0.0835461241414301 0.150284342484031 0.00804808672806669 0.184180344839226 0.0082325239410537 0.017756673880301 0.133178373174134 0.082575364805153 0.140169400004893 0.192028766001713
0.0388966701505459 0.15014034451383 0.059192950620628 0.0132759414258522 0.147072896908911 0.144431404043398 0.012666456511939 0.228515755457615 0.103127744430255 0.102679835937025
0.110715182565125 0.100208553355792 0.0241557061845905 0.130641353939314 0.140898446417881 0.131396987196225 0.0760024167567003 0.0938461868578385 0.0765646299743893 0.115570536752144
0.0125437152295028 0.0980919000984129 0.142834797952357 0.0891356157078899 0.103727571495005 0.0868673815719949 0.109606467295509 0.0508289347059377 0.169126102304491 0.137237513638899
0.120655109285421 0.129696164668166 0.146203981688105 0.106318547080059 0.0540414770362872 0.0812732426805839 0.0873780450037842 0.0982222686365473 0.0648864812482319 0.111324682672814
0.112597522688743 0.117706950773729 0.204867841547421 0.0375635325798587 0.215950866236491 0.125718614997988 0.0570606766645594 0.0167326316229967 0.0514793866514821 0.0603219762367319
0.0186215454901385 0.0224172881613851 0.150067803962309 0.0756989094223736 0.105809011563963 0.112021055502493 0.18169410369341 0.0678489573977077 0.186355449301604 0.0794658755046154
0.192670168636587 0.138459211046912 0.119120718279521 0.100489694238002 0.0135546198618076 0.115139834852934 0.0942431878796922 0.0103953702748948 0.174165158433588 0.0417620364960617
0.136507192497518 0.140762552322556 0.0844135437276603 0.163931845427043 0.0248089205365508 0.174476046921194 0.0622541413979381 0.0539393647775837 0.158302923651622 0.000603468740333354
0.139011702279534 0.0312834226256057 0.0393739064408901 0.0233781005332117 0.104931371007886 0.165609435348918 0.192776333277766 0.032800260188172 0.180964766183145 0.0898707021148716
