0.198163920606747 0.0319490350066157 0.18960483937713 0.114635994812966 0.0410148816453628 0.127259019736012 0.040897015225069 0.177661241527634 0.0788140520624632
0.098650260904703 0.159572960284354 0.0579003932394017 0.131187052038603 0.0627108451287492 0.00590177172404325 0.125586601768384 0.196105801601535 0.162384313310227
0.0132098658770051 0.112681460817098 0.0204526841475308 0.0432345766687584 0.159689137953733 0.171884877276617 0.026630744692294 0.240539838539369 0.211676814027594
0.0830954826067685 0.196356469387632 0.0298706798366835 0.195350458853441 0.0683426808668153 0.0870209693015883 0.153500930108871 0.175677595445409 0.0107847335927912
0.0874963900328196 0.158864771319041 0.0963576689251884 0.0314187460417319 0.162850893617739 0.115164884205894 0.108807342064473 0.0880495381119126 0.1509897656812
0.0120943982074451 0.157208682151208 0.0829691999761486 0.00254894548723255 0.144116009968096 0.185116317253116 0.13719628672399 0.146847975420055 0.131902184812709
0.107545476331414 0.106903365040344 0.0194388766905924 0.166240587443183 0.11186099685443 0.153792887251375 0.172789474795127 0.129077271861965 0.0323510637315703
0.146225867115455 0.133598539799029 0.166998284672839 0.139474423518129 0.0317578995998391 0.172165376701452 0.0211386192505551 0.0588395517872881 0.129801437555414
0.0779996352302686 0.0828698701040982 0.128434304633124 0.0896520534785861 0.0951939857790694 0.152853648533946 0.127107689387045 0.0747787814779627 0.1711100313759
0.118629633040334 0.0115288623518941 0.108087220624683 0.015499767910311 0.0947576882140624 0.193623497383928 0.16169984773852 0.184640057102514 0.111533425633753
0.103516812582766 0.128123228695201 0.0983885135754065 0.168599130551074 0.149452757664802 0.0546484433572284 0.163030562665922 0.082213716941559 0.0520268339660411
0.021025639518232 0.128311259241128 0.162362881249859 0.00577533983817313 0.0913508423078861 0.135556582385994 0.14090373477367 0.140391351124978 0.17432236956008
0.0147283160055844 0.0339836801929708 0.131372933018482 0.00851977051800143 0.26198754866876 0.18733612523533 0.3555515125643 0.00444764915364459 0.0020724646429255
0.061242372137131 0.0770228153996061 0.0835605424587351 0.0814366948821982 0.191879999316078 0.212627711403445 0.104707661771249 0.154428373485397 0.033093829146161
0.126521638045247 0.093319841714684 0.10195170280878 0.182938908892763 0.12495267727221 0.145274792697194 0.147084822076484 0.0622322065073373 0.0157234099853
0.185239771278496 0.137754210434518 0.0386487685430524 0.174073258005344 0.150971842358151 0.036673028457911 0.0132344557450241 0.091120847862472 0.172283817315031
0.114101001280337 0.0909584145008261 0.224995477284101 0.138412927559874 0.0884710147826166 0.0745165314342558 0.0410721874917258 0.193211987252899 0.0342604584133638
0.0298449766209211 0.149816556432622 0.142798993803305 0.172230371910988 0.00977065673471906 0.155375373055254 0.107398556343134 0.0815232417206712 0.151241273378386
0.117982264074307 0.175317666385775 0.15517837692455 0.0109583895160663 0.0790805864301155 0.107976240036601 0.0474232670381717 0.156310788352151 0.149772421242262
0.126367808367959 0.13382969433967 0.11728479891172 0.0906685719591211 0.0420242740704708 0.165053816016643 0.196333546091256 0.0684650400843651 0.0599724501587954
0.0170099327069715 0.165045298851969 0.119606621024371 0.169931034983199 0.119747116732943 0.0445717859316795 0.19835289780892 0.0535179037193972 0.112217408240549
0.0704498771955074 0.0556416431007352 0.0837260117298163 0.107680151261487 0.151656850962011 0.220754055891085 0.0948222509239657 0.0378288505175121 0.177440308417881
0.0881731105762305 0.120659093163583 0.134667385233547 0.128986168012295 0.0486950156263275 0.169360778863927 0.118792337714537 0.180777789901579 0.00988832090797528
0.0611237187908056 0.12698409337112 0.128482116703379 0.115291368520213 0.0234341906727843 0.11883143581311 0.151408211674319 0.137254381388468 0.137190483065801
0.157739741509665 0.126226393820135 0.0420666542774403 0.186272908680122 0.0966583551765663 0.0372111955636058 0.13026731787531 0.187429572867643 0.0361278602295129
0.143086860480239 0.0610680476513749 0.0200240442567546 0.224153076260854 0.0206462355938206 0.221566482820063 0.0195432806967617 0.181508948474365 0.108403023765768
0.0900949669467339 0.0314433904868771 0.200892891974874 0.165842515840845 0.104961630305253 0.0605374135362859 0.200435209040476 0.130350832215536 0.015441149653118
0.0070474695126127 0.0268591389461868 0.30525349150904 0.309615925599622 0.00634346634154828 0.217255761818094 0.0340541726636107 0.0143316662591454 0.0792389073501401
0.000294830583360452 0.105452826376301 0.120487706113774 0.237336774297503 0.148996622700019 0.00526289795236712 0.0635879232996632 0.136007650920055 0.182572767756956
0.161672231603187 0.0534382326820737 0.139080284379608 0.197118715165863 0.0149256231470871 0.0626252476343265 0.0242148257180962 0.140728950650931 0.206195889018828
0.180918380336143 0.186027669325184 0.0224433436317247 0.0117455234651855 0.0702182559623238 0.11221505983026 0.185135561352853 0.011752734051274 0.219543472045051
0.0505812153607751 0.0555815371637669 0.0344485300866498 0.163873940915699 0.129869771623739 0.161313909996483 0.110712409067751 0.142755353766756 0.150863332018379
0.117919457212922 0.0262539042707016 0.142762895564505 0.20630908628504 0.110538322132542 0.121032696698588 0.238857191829502 0.0195104716150258 0.0168159743911742
0.00707252196987944 0.01623895567355 0.208995329431557 0.0434273065704949 0.182184194838328 0.099140611070891 0.0716603122135494 0.167324514686377 0.203956253545374
0.163583340058972 0.0955486518222091 0.11866790068307 0.0537875350541912 0.159601208235117 0.127198763391093 0.0415920585749991 0.161909039790603 0.0781115023897466
0.0839352459944388 0.131153470336333 0.00798994784386529 0.146037483449569 0.103300276537201 0.12164484584496 0.160775773577808 0.180986796619246 0.064176159796577
0.0554455957051639 0.032481443986997 0.135412271149394 0.123412260219774 0.176691198068146 0.0913500796202723 0.157558352220149 0.0334058441849434 0.19424295484516
0.0729621251511601 0.166125134277917 0.108739875468867 0.131813403498634 0.13948370296667 0.0883141111747733 0.114169020940266 0.038561061577293 0.139831564944421
0.0502661246316441 0.100706808036554 0.208453930017868 0.0738229780460197 0.0526741733658036 0.0187764082487702 0.194875938795591 0.220700281378545 0.0797233574792037
0.0202934297918989 0.0960213176518633 0.198365592401699 0.0702063758085375 0.151905209853278 0.0836424067260248 0.14349460943447 0.18422946423182 0.0518415941004087
0.175582254593562 0.0667219107856505 0.138309782728242 0.149592246223285 0.0663510187248137 0.049326959304414 0.0692745768981979 0.0972389703762209 0.187602280365614
0.0105331961194509 0.0920447818560885 0.178280735560012 0.0279501933878499 0.0927415153003116 0.0853310074953986 0.132725218950154 0.18260934464274 0.197784006687994
0.0849012927581197 0.00985363336467921 0.159695153190762 0.0296979950295423 0.136198902722552 0.245581157913743 0.193367391511311 0.0160211669465255 0.124683306562765
0.0976611361935538 0.0436281284185191 0.152143737278886 0.184913909535043 0.107910993580446 0.125761334403835 0.144122210456486 0.0291889373112717 0.114669612821958
0.0349201039755152 0.0978662089126359 0.151919654748156 0.215012951326183 0.132336743833168 0.027420413742928 0.0923852114768292 0.235792575354052 0.0123461366305324
0.11166390810294 0.167538369366609 0.118326108607157 0.0509712307252257 0.145092824320606 0.124856881327827 0.0570816991180588 0.139221565736873 0.085247412694704
0.0353578520446878 0.0978307376841624 0.14693235665112 0.00706336142192605 0.0961640329067436 0.237468798110061 0.0952062401565344 0.0406087831373576 0.243367837887407
0.0443369862066699 0.190790708516979 0.0485903220067036 0.0692739314472838 0.028434310856735 0.0490320586569549 0.214479184270399 0.172157577716369 0.182904920321905
0.133310152021689 0.0649248282703394 0.219282388139315 0.227343330938179 0.0217901098440725 0.0417839480193249 0.0162860866504199 0.168746739637484 0.106532416479176
0.0168238843288871 0.146699504588781 0.17763951189568 0.00501017404859132 0.130964903331861 0.0197104853461066 0.148826529984109 0.251822289367417 0.102502717108567
0.0316590856313768 0.182919070825374 0.208992759403931 0.142573719592919 0.132426954924921 0.126845337365301 0.10378797014838 0.0427976870183403 0.0279974150894582
0.0544648471534743 0.0896273851405228 0.0766712781096743 0.0722427974331548 0.0822167757822762 0.00684184815150369 0.200085376222587 0.142645770637429 0.275203921369377
0.0953562415819513 0.123831860598784 0.0369096953693701 0.157274694257084 0.00245417443114265 0.00539447653274442 0.223404837429531 0.138486710527893 0.2168873092715
0.200256362175229 0.199776951478479 0.111857707363024 0.102570247232096 0.143393824208274 0.00834661571017121 0.153911147019399 0.0326895994740574 0.04719754533927
0.0608369252819127 0.0479310014858237 0.114512807834842 0.1272201101566 0.138101805966801 0.161738091099496 0.153167304203558 0.0775759617763671 0.118915992194599
0.141833639903013 0.0438375902590316 0.015455941726511 0.113681212651971 0.0739492912160969 0.224802759722526 0.183681225808059 0.135314895920307 0.067443442792485
0.211011887090583 0.178732931482402 0.0347012254798929 0.0531572366535524 0.185299543201368 0.0469625882471041 0.0450338796079186 0.0797689468877858 0.165331761349393
0.0945150731801016 0.123029940200617 0.00555326306109849 0.168833283716166 0.200317968304871 0.0158863125412938 0.0615523812483268 0.13181226271236 0.198499515035166
0.102882024389437 0.141894378090225 0.172407196846526 0.185556225369217 0.0976109569390154 0.107459391269587 0.145324795067184 0.0142321437628247 0.0326328882659848
0.0399103443628394 0.0558233544206183 0.182387486015916 0.189052475033727 0.170193587683451 0.0256364489464874 0.202631688430891 0.0385041929990391 0.0958604221070303
0.162624963816543 0.116958423076676 0.0321789153134131 0.0842077368705929 0.0884692664120114 0.110903921541031 0.198508210021169 0.1068388903388 0.0993096726097634
0.0950046587487793 0.149641935212706 0.000392801181361794 0.17974362551999 0.236631531617458 0.0150612969916721 0.105133607722816 0.0429626151386248 0.175427927866592
0.125232475794116 0.0888268929689458 0.0575859147158083 0.0683507261147752 0.190650989803718 0.0443450632847147 0.184403449123248 0.191008524992523 0.0495959632021503
0.139597497005767 0.117306230288314 0.0518910909265144 0.00329141187978111 0.0312645069461499 0.184772581233865 0.0640859421621917 0.202658648708188 0.20513209084923
0.207398208638108 0.00506766344307107 0.189317943473233 0.0627897193323523 0.189043636200678 0.109236572519923 0.0147664910083554 0.0095882570730563 0.212791508311223
0.221996040404408 0.0460955613640144 0.0491769844970115 0.0464085346318947 0.0616101026957097 0.220680079536493 0.0555672425069692 0.19349004898043 0.104975405383069
0.115725271195143 0.0129361192987045 0.177670689404561 0.120451422931704 0.00694195658293437 0.155559870420325 0.136457134138647 0.0932261967048493 0.181031339323132
0.00249588909172792 0.0808827006507626 0.130588334416235 0.232163162999996 0.0553296430491824 0.199935771607971 0.05669499013021 0.0340814867971102 0.207828021256805
0.11910628364678 0.139689333100638 0.202195080230992 0.127887343380956 0.00224056694914167 0.231358913326186 0.0192003760383736 0.0205766193045653 0.137745484022367
0.0191292741757078 0.141750953892626 0.179702339207857 0.127301855687789 0.175933042632448 0.11838566102478 0.111163322607234 0.084568926240692 0.0420646245308664
0.191647091565923 0.031049639022356 0.14310949979498 0.104941465351023 0.0684761071642961 0.136457897764066 0.0990844750328163 0.0555328187875486 0.16970100551699
0.177943671224672 0.0380366693329209 0.105513691376699 0.252330627614262 0.0227027706736857 0.00932392935125272 0.226413526062689 0.153028078444217 0.0147070359196018
0.0807960777819473 0.159967823161604 0.115948531149009 0.0658229840764303 0.0610423841753232 0.0619680571826207 0.178389227689612 0.164856364257373 0.111208550526081
0.115097594116209 0.0319724035712858 0.190782732547333 0.105683438351766 0.0623284770027797 0.214774418642912 0.00448598451742688 0.160075869915095 0.114799081335193
0.149504442881843 0.218098059077274 0.0370138620226785 0.0925260550312693 0.150622910083291 0.215677080171342 0.0419844782323398 0.00606563014716494 0.0885074823527979
0.127899770625308 0.157091362369907 0.119670107022933 0.0169202159266159 0.190009612410137 0.128440537869933 0.0188130978336677 0.148867287469681 0.0922880084718172
0.22473158358428 0.0733194926846573 0.118682051763359 0.170689299747828 0.079099736320902 0.190510845974339 0.0678864364335058 0.0469948845820711 0.0280856689090568
0.136019074710891 0.125574742273969 0.123372120188107 0.12198304212734 0.143831181818743 0.118055348188569 0.087735795667089 0.134017743599524 0.0094109514257677
0.1684444118434 0.103956645200642 0.104740282569948 0.0175387021251447 0.143523116451288 0.146836977572689 0.172668583078748 0.0979494522395108 0.0443418289186298
0.16162442099368 0.0248664995493763 0.176386200592537 0.168004918089259 0.118791756108324 0.0941709041494233 0.0631905947664349 0.103422480263396 0.0895422254875695
0.165152076181055 0.178774994890508 0.129823690672458 0.112559816077441 0.0575652276594172 0.1241028924324 0.0687464542325557 0.0823780321167144 0.0808968157374513
0.0375649030390021 0.147586743084606 0.0250809103274427 0.0975483817371924 0.177429038281578 0.0797917206457688 0.141976749011082 0.170820663531749 0.122200890341579
0.225403958729172 0.225258842034564 0.130066770029678 0.0355765684145698 0.047122386633488 0.0147660257530304 0.238192888356722 0.0718159143144505 0.0117966457343246
0.117327687817265 0.0626451659351676 0.20396261534085 0.155434161923349 0.0869177871417068 0.183525916246935 0.0986323459173318 0.00816166334823681 0.0833926563291587
0.0940577049122338 0.0240290503513524 0.178113597067644 0.15032643101276 0.0710625295287349 0.171675354098615 0.00216849892939392 0.180058849028115 0.128507985071152
0.128269485858479 0.0890833281201625 0.0610977714530212 0.0988522377880909 0.181703146340925 0.07276993082334 0.110508190954652 0.138776990866128 0.118938917795201
0.158823816232429 0.00653392435600285 0.0766611173388636 0.105555047116538 0.169163001096993 0.211245647702032 0.0889114192923224 0.0758296245865248 0.107276402278293
0.163506544549133 0.00102365209634166 0.202273015953027 0.118640553001976 0.103811211750899 0.0442374213616373 0.127659002015897 0.1053294045669 0.133519194704189
0.14145578166443 0.0923409808898699 0.218125308758856 0.167206851768486 0.0153628110006593 0.0301767023355277 0.0982250280297294 0.155519204175927 0.0815873313765149
0.0805326820143128 0.0618208097068606 0.0796331998401886 0.171210278607775 0.188426260200731 0.211802571164039 0.0520697656243456 0.0869105177157392 0.0675939151260079
0.103051145320696 0.130065188039849 0.0860219220129535 0.130417400801904 0.120434292798998 0.150310817974276 0.143850988273974 0.0445064274492944 0.0913418173280568
0.0791938076179552 0.0366474113959957 0.213627347649524 0.144334212425425 0.277883734699629 0.0408451149499574 0.102000037647827 0.0879356807065765 0.0175326529071106
0.112716446758451 0.00307766566164211 0.138633839579638 0.15312195375186 0.0204188313262371 0.170035673418721 0.178692864039494 0.12935734144278 0.093945384021177
0.161689369242639 0.132093917466059 0.0882886693946682 0.0372983154505192 0.151863224792715 0.123530186380582 0.0247744304791947 0.137646112903982 0.142815773889642
0.169335021019375 0.0271416924225421 0.0983443207085018 0.113507094170424 0.185627343136443 0.0932997954480407 0.0482441284232305 0.131199534059763 0.133301070611681
0.142640657881583 0.094389100380366 0.145368322357774 0.138559572603492 0.0516321912789252 0.0276559013984537 0.180077717073817 0.0321504466185982 0.187526090406991
0.13042156569638 0.0880303861212901 0.117510265709969 0.125361854380472 0.0361723478073696 0.136289959119083 0.21410230866998 0.0508583425617408 0.101252969933716
0.0424438676270485 0.116832071425498 0.0758004941086865 0.16745216532222 0.182862424976219 0.0194512356677721 0.0836067551463024 0.157006428216423 0.154544557509831
0.0969755098043105 0.149544377909202 0.0898431399360685 0.135784987098557 0.117357141012371 0.0992996649534946 0.130975314542674 0.0927694815455683 0.0874503831977541
0.169455129419405 0.144919577560789 0.00390790910287713 0.129557043747749 0.221597775942964 0.0235939299392137 0.0878776806184467 0.0697081721719445 0.149382781496611
0.0187180043470933 0.132072794522262 0.167348168750427 0.00368952109198327 0.0598504348965117 0.253690641622109 0.163112233848988 0.189596247248941 0.0119219536716859
0.00595050444199701 0.194241937246803 0.194087644341101 0.135608398049783 0.0081677072923636 0.0530741531886188 0.119881899715483 0.121114014123866 0.167873741599985
0.111380416831964 0.115296602331842 0.139219366507157 0.116603936724822 0.0117493473463961 0.0501805324691248 0.121321755418089 0.178147799382333 0.156100242988273
0.103790664790137 0.226778266906765 0.0459867763670519 0.0753585733957269 0.0929776398702756 0.0862918718279503 0.270300822503221 0.0490724166575072 0.0494429676813649
0.172250722459213 0.0877272699453091 0.110056633783088 0.000529386022227941 0.106701790670868 0.0816139363275444 0.157578710339753 0.187813136986983 0.0957284134650135
0.135942917473474 0.115035141263559 0.100643931234979 0.0474130065989459 0.152202399756556 0.00580679819932783 0.186524051201673 0.0244057556790045 0.232025998592481
0.0103766652752433 0.0181103928961561 0.0450563332622255 0.19856070441766 0.146781483848372 0.202886724891275 0.0841084091792278 0.153819291123785 0.140299995106055
0.195270199596919 0.206363902447219 0.158151512520644 0.0170718815193216 0.104556149823283 0.00565266104784077 0.00491248905064356 0.131166441622977 0.176854762371154
0.184619754395098 0.0259877103021597 0.108757200951113 0.0214032267092217 0.160561103316699 0.17357078919933 0.0944726232379515 0.0867498254240518 0.143877766464375
0.114844580250043 0.0413004698852192 0.170397316491238 0.103425072118404 0.159233452261207 0.164231849507941 0.0849540603791101 0.0829913559956025 0.0786218431112356
0.115384772361914 0.0459792957395537 0.118488439634031 0.205753899211969 0.0161694008993318 0.159550928938288 0.0602897166693169 0.0889391745053459 0.18944437204025
0.0395143019157591 0.042777086698896 0.101821708283326 0.188418039895762 0.157907809858368 0.0966838488919615 0.165289275613288 0.099727211294571 0.107860717548069
0.0364637199989342 0.163658308328553 0.196070276216794 0.12831035766673 0.0139924247567038 0.201037539513377 0.122884952489609 0.0768386328008303 0.0607437882284688
0.0113426140104147 0.197501148348463 0.0609779627504206 0.00181567105248692 0.208944069551061 0.160887160454981 0.18727150541913 0.167499019173156 0.0037608492398876
0.115305821640357 0.088212972914278 0.110248372739131 0.20290289737893 0.0142082335207278 0.189046080499219 0.0838781309118887 0.151544838886563 0.0446526515089053
0.100460517663552 0.164560888819542 0.132022003426686 0.180228301638327 0.0611272781933316 0.0729654438633857 0.13827469658228 0.0815981057320396 0.0687627640808566
0.160880920671929 0.0920915668295685 0.00960865946511654 0.134298367865702 0.150713436801348 0.0854180906745149 0.179708059912468 0.0677138781688878 0.119567019610466
0.152982015038134 0.00521376720581658 0.0187630733309934 0.253492207474554 0.107316936450568 0.0753478666430186 0.0205031491739715 0.179701876307728 0.186679108375216
0.0812982266989704 0.0519905276170482 0.217694739911731 0.170253361953215 0.117341406920851 0.0637388193701874 0.133665356754854 0.0920359249683961 0.0719816358047477
0.0192009094623441 0.346864687033992 0.0056255503895682 0.115719519489501 0.0474492583631238 0.0371781405439967 0.0101164715441371 0.159701822912312 0.258143640261024
0.118873542346646 0.125285313015938 0.0911137485605287 0.0777107779306258 0.160664977381213 0.143759584294959 0.166679917426143 0.0538098063099386 0.0621023327340089
0.120551839657024 0.079395032965664 0.0769160286963558 0.181779175009309 0.169324021218262 0.0486390192586452 0.0592672773015713 0.0885722378772405 0.175555368015928
0.161533077316791 0.00427446820541631 0.110449129856013 0.195759048570539 0.111428062060469 0.216301343265481 0.0440915498914889 0.0028866908288595 0.153276630004943
0.112452697595772 0.245415415464408 0.224482293908638 0.13753270445767 0.0535734945596926 0.0655345345857997 0.0287443683823632 0.0703189522020905 0.0619455388435661
0.122182690612549 0.0837800752775632 0.137430489257857 0.0195374873146689 0.0482122288617846 0.167189223659718 0.165525070684319 0.152604978890502 0.103537755441039
0.172743824524337 0.169941192434336 0.00495085150444704 0.0481046421760372 0.193646382572153 0.0625864818636059 0.0756098013919474 0.165226187703538 0.1071906358296
0.0676109028671463 0.0799657066335676 0.123879499396057 0.156485413141905 0.0614764542113186 0.0340245624430136 0.120764547254821 0.173437593440604 0.182355320611567
0.216461520314515 0.0515709932119061 0.184009087910677 0.0983782503771501 0.0813360432960028 0.157602312960189 0.105249866886026 0.0783761756400399 0.0270157494034932
0.122897209497514 0.12909071460401 0.184899046184799 0.188739893080782 0.00540000705968554 0.0850111735880047 0.0177602198534915 0.0803175232104101 0.185884212921303
0.181200851904468 0.106732793410783 0.0738298288513272 0.00815211203273169 0.163914990263193 0.110410185468533 0.170190331323373 0.0232697929271196 0.162299113818473
0.117661967292949 0.1215413985539 0.0152853061719397 0.14879376967006 0.0749834736378583 0.208877562653394 0.0850772798707685 0.185051544704425 0.0427276974447046
0.0365857376293935 0.127604755323601 0.0684420742588133 0.161983948603847 0.185331869205042 0.0386554199464984 0.143140919708697 0.0759444371151245 0.162310838208984
0.152854731442359 0.0805223967352127 0.0101275657226344 0.191430902302368 0.113714458585011 0.0225195677556177 0.144611103644077 0.168495572994347 0.115723700818373
0.153066135709647 0.00689664000171056 0.196237226599301 0.103826743982759 0.180003540175304 0.0778072511845173 0.110152002785701 0.0588652841745342 0.113145175386527
0.0972224926605317 0.205983709955289 0.10804517598044 0.186024906351879 0.0450377391091329 0.226171410549984 0.0103926683727376 0.0826764856583978 0.0384454113616082
0.1602309305425 0.0740634304871608 0.146524847083774 0.106059252429134 0.0873905179269319 0.17477966655217 0.000674620710614088 0.0833603781336665 0.166916356134049
0.156837662727677 0.0956027638344344 0.151261873616036 0.000322870660216622 0.0465449189761229 0.110416026305045 0.122170919259302 0.0972811536865682 0.219561810934598
0.0520535309728352 0.152705583658334 0.169842869884497 0.045365570295568 0.1121254600684 0.0415158676820049 0.214964972129173 0.209040505671749 0.00238563963743968
0.065063934443743 0.0853569173742984 0.138836829606063 0.126412087524215 0.0717863255713098 0.137528947555849 0.101274947107715 0.142810810277187 0.130929200539619
0.0655610167109386 0.0911249326954545 0.021820275960584 0.0705780910882104 0.151001919663863 0.188086152564042 0.167657761314646 0.166884652232829 0.0772851977694331
0.0993873870617351 0.176336754152538 0.0454357908348719 0.0120771567486326 0.165001443606897 0.158476101915658 0.154574628556256 0.0762140690494546 0.112496668073957
0.145704862408381 0.0310790582738216 0.0534360789403565 0.157397330130759 0.168265582575413 0.0914131186721486 0.068636016719081 0.109192518065137 0.174875434214903
0.21736553198168 0.120749751575184 0.063870335842442 0.151341831521829 0.00295955281750448 0.0256217980135201 0.174723353086288 0.155883848939374 0.0874839962221801
0.179350047815559 0.214181828705814 0.0575521814913769 0.0965203183428951 0.0482485193687011 0.1796521209605 0.00894471568597788 0.0438988840524573 0.171651383576719
0.162537360407186 0.0878072477137175 0.00188262190943715 0.135256569376678 0.0682735399809521 0.0644165113706783 0.19079112111411 0.147238063966142 0.1417969641611
0.107260767424962 0.171871829205139 0.0481435403188221 0.137049292801015 0.0755761462997954 0.0490285331390032 0.112507568792338 0.216413357716276 0.0821489643026502
0.209816332547295 0.227158070518017 0.153329795772651 0.178102094255805 0.00278194686966905 0.0871482254605532 0.100228044983876 0.0265257546470515 0.0149097349450832
0.0818937089420998 0.011892891353665 0.161663860756841 0.0900131387846399 0.0937852897007058 0.167667907291708 0.165947122506926 0.0957534408516975 0.131382639811717
0.122530389474718 0.209150040415434 0.06111416900181 0.0100145572267266 0.0536268485973799 0.219212176711113 0.0583685598758964 0.215148292234608 0.050834966462315
0.180336743212965 0.191370879351675 0.0649255846279488 0.1491707672639 0.131041766081511 0.0831648354213566 0.0185682380432842 0.00560234338018942 0.17581884261717
0.0805273007433641 0.185031903451735 0.132744940550354 0.05738759156299 0.0333119389406038 0.182080333293287 0.155843310560633 0.0312563183927261 0.141816362504306
0.133121335472658 0.192619402712472 0.121832234035329 0.172839973150855 0.0357840983865867 0.101391735407343 0.0755382507399428 0.153654294085866 0.0132186760089475
0.0462860608503811 0.221707876692636 0.153554448648887 0.0733056349182817 0.0575430069394526 0.153564267162933 0.130430967203031 0.110297232508942 0.0533105050754562
0.127266519291711 0.159824234911757 0.011147133626781 0.199935736014826 0.0230964449473747 0.205127061666986 0.164663406992767 0.0342680570867476 0.0746714054610502
0.181774532101164 0.0955734151076537 0.0730612711953984 0.0606593178751762 0.20604829195645 0.0491148533171247 0.192499674983554 0.0993831571205819 0.0418854863428969
0.107550224947371 0.0785597987061246 0.0905613108099336 0.130867514299167 0.189036990448613 0.044539887244806 0.155378728682582 0.179355608937825 0.0241499359235779
0.0272323887124483 0.181998865158227 0.0274256674597677 0.113762288013604 0.183186826427803 0.0729394434544277 0.11635920355701 0.244009900194648 0.0330854170220651
0.159720222947457 0.0334466052716026 0.135329061648586 0.0720356239970294 0.0107274318348157 0.124429398097247 0.201302985688213 0.15032530858395 0.1126833619311
0.129437400839376 0.105720743539969 0.0352616698543917 0.0794545600631896 0.168781427957733 0.178733469565939 0.0397563547534948 0.168211718925816 0.0946426545000906
0.0300913491563924 0.111730920457512 0.213917135868662 0.0685471045160217 0.0199938707210961 0.176539173783754 0.00775984991970805 0.185424704728551 0.185995890848303
0.0956472920905943 0.187669693838673 0.103911995778685 0.128464844397844 0.00865123646063871 0.229771179233281 0.065076633234603 0.0228714366282879 0.157935688337393
0.0581206491548165 0.115044122066242 0.0174734749904212 0.0924212477715023 0.133967851948766 0.180094462715628 0.0936138428852729 0.156459176202397 0.152805172264955
0.192840895459406 0.158401664311149 0.0585640123569172 0.0826732523597391 0.213055107471678 0.0964109242309177 0.0457107438788708 0.0968869160065284 0.0554564839247935
0.142117824226706 0.167988295931988 0.0739864923072908 0.110710365286549 0.00746399792699701 0.0757603691134149 0.139525113661237 0.189580027317963 0.0928675142278556
0.103452895635444 0.158900810922118 0.0630902748138034 0.0137407046251849 0.147420345962258 0.015524692819262 0.174346378970723 0.143278751475103 0.180245144776104
0.174254908915618 0.111611172964357 0.211269919599408 0.0258397154798511 0.123519686481265 0.0636540087520372 0.0174325025357645 0.1294965782511 0.142921507020599
0.125259564047779 0.000755057854898828 0.137253905276061 0.103058237149331 0.167578433216442 0.00842627179876878 0.0972230386872636 0.186109346016426 0.174336145953031
0.129307497055229 0.144092750163507 0.090277842252867 0.101483634929997 0.0132016813068753 0.188380478092384 0.182642049527009 0.0602490951752487 0.0903649714968841
0.136274817412784 0.00618477479253374 0.15946078633033 0.160810690731849 0.0356600234310339 0.173339422674743 0.0228969098455214 0.125421804567819 0.179950770213386
0.165806649646383 0.164467699018068 0.109996014954527 0.0970461230568743 0.0563042398361303 0.102831862999842 0.0388586384336637 0.104608184754782 0.160080587299729
0.0539156182774448 0.112392798141555 0.0992111378000985 0.0424182317545209 0.237625156262574 0.128984045479892 0.207279785600126 0.0766893823483629 0.0414838443354251
0.102700911592979 0.105420671621297 0.0243798727201729 0.160633823043991 0.15945086401213 0.122319702025681 0.0550623408865832 0.0896892223006566 0.180342591796509
0.106098619430603 0.0391819239699494 0.0598204311614645 0.0161932514270851 0.33827919425135 0.0219906534703316 0.0994512344676489 0.233438115649372 0.0855465761721956
0.124734485666723 0.163005946484069 0.133881286674646 0.149794476240967 0.0759297489168534 0.133548149680729 0.0432517076919587 0.0777275212279622 0.0981266774160909
0.0126417855253631 0.256152183041211 0.0240175195981124 0.10417094815985 0.206534724065362 0.0133943913949515 0.177182067019881 0.0574593047283749 0.148447076466895
0.142771311986599 0.0902937040692213 0.136330125824707 0.108337073816589 0.130604589550102 0.136975967488868 0.0505436098855397 0.0633106819665669 0.140832935411807
0.154209325625188 0.143311188382434 0.0494686589911427 0.130218150680241 0.0622502297474886 0.144675090097442 0.143174351830921 0.143454308466907 0.0292386961782361
0.091902676186902 0.00089993721328941 0.151959406222118 0.148940387854688 0.107866259869164 0.197625597147454 0.164358782764832 0.0716876919323947 0.0647592608091583
0.0685632934854269 0.0672033078646274 0.141068901109861 0.134114769436358 0.1166879888695 0.129099876021674 0.0443225751811828 0.128996425490146 0.169942862541223
0.160479194527138 0.145593400726656 0.124235312513524 0.0189834957754296 0.085732262694192 0.0684374063810003 0.141476755442788 0.138093537545693 0.116968634393579
0.144455155631898 0.0543345015360304 0.0192456224017644 0.113585099491105 0.170605637442699 0.162615547440669 0.137296825290217 0.151348961132987 0.0465126496326295
0.184955231751958 0.0288396858334572 0.00520551520090119 0.173598861828794 0.255753120128468 0.0427945900957614 0.107677484306106 0.194908003119526 0.00626750773502858
0.0540822749038362 0.013826056245586 0.164814153817166 0.0218952143858971 0.170392779358267 0.154549356981402 0.170804113504912 0.102418061344618 0.147217989458316
0.129402191445981 0.0360001922873127 0.0899116436996445 0.0923051772359479 0.0958543236497304 0.168498561964106 0.225733765065184 0.047738427420074 0.114555717232019
0.118645043771261 0.160505975023465 0.103785608446012 0.0964555343296673 0.085486579636105 0.0728928762407669 0.107107131773515 0.159907072358877 0.0952141784203312
0.0390394269786609 0.155650601224406 0.0360316858127877 0.16883243483122 0.0492021847874357 0.113625731064327 0.156649996952524 0.185319478267779 0.09564846008086
0.147144518969836 0.0993659717356586 0.11603931256892 0.096029392232514 0.124950541417635 0.00216943979889267 0.0840618173279368 0.261286570654718 0.0689524352938882
0.174565048686842 0.0927056192586341 0.175871459268011 0.0264086184717106 0.116772038355137 0.219689676402175 0.100687299777362 0.0142488952133719 0.079051344566757
0.107112370122009 0.00633051860126745 0.260525437058128 0.0324733051652606 0.0649107214378058 0.0194895244331552 0.185031859068436 0.0617907762494538 0.262335487864484
0.0303515447706277 0.117363188640466 0.10462455717252 0.187364590500314 0.0719703558351905 0.179173641119444 0.0550792823200877 0.0788832855522783 0.175189554089072
0.0957307385492135 0.0628786210034906 0.177313074336464 0.0640090203237813 0.127757227914519 0.145766927257848 0.148982260227972 0.143520943428079 0.0340411869586326
0.104992840443443 0.0776987500194552 0.10851394117872 0.114307989869601 0.105707860723817 0.173184283620089 0.0779613212193441 0.132240953756404 0.105392059169127
0.117166748794272 0.0307364543371963 0.104782828371947 0.177606810045852 0.0929732160233317 0.11397779773045 0.111036238156406 0.0962762325560694 0.155443673984475
0.0897217661291419 0.162812803550772 0.0294676076008214 0.121977125744432 0.174263994090145 0.0350663526359006 0.175391043715425 0.144335181382854 0.0669641251505078
0.0303977110891445 0.253580718425724 0.140914640267771 0.0261259880581333 0.0136556339674977 0.0316467297128657 0.114718450836703 0.153997997185093 0.234962130457068
0.0418737304348265 0.23519122465196 0.110924255945823 0.240290224646047 0.197094912058977 0.0631518455114675 0.00471460841104259 0.0628122151659302 0.0439469831739261
0.159591773733833 0.0851151490693241 0.138682994535001 0.206733868291973 0.0498778344774338 0.0235631654584643 0.0954375169841705 0.198056272712332 0.0429414247374681
0.0751335394287989 0.0479975954006725 0.133130023990738 0.184767854919303 0.160636085492553 0.0786983800327329 0.150108497809647 0.084928801735454 0.0845992211901
0.196255813520276 0.131006489471836 0.189944751010273 0.144397722410281 0.0502324613376581 0.0274227537771798 0.075571778409376 0.123586909014991 0.0615813210481288
0.072710232132192 0.124968252583776 0.0759084866881641 0.128459116993292 0.169855141895609 0.132226269938559 0.100375921307078 0.0343466257424564 0.161149952718873
0.0233454782055841 0.194444733755811 0.111721580331044 0.125220809485832 0.126988093627336 0.147095631172856 0.109479985079895 0.0448416358666771 0.116862052474964
0.197599646460844 0.119385134611287 0.0233033845616573 0.0461622749989399 0.150648421571657 0.0396975397613463 0.201924419242017 0.140962600685171 0.0803165781070808
0.157396651931914 0.0790032389049184 0.156851229528214 0.0129732862287061 0.15410383496116 0.157370509856206 0.12686765208259 0.0600255784860061 0.0954080180202859
0.0491107168257747 0.167109749928298 0.0274455818811204 0.0898811822898463 0.185064816164042 0.0854910851430498 0.00391466903365181 0.196217016743834 0.195765181990382
0.0111547820705758 0.154412189459059 0.120681599873246 0.17523657472577 0.117645778594927 0.145473922164796 0.0697468204781738 0.152475654111243 0.0531726785222099
0.0143285002682963 0.117243742222487 0.046806131464164 0.071276060164929 0.252933907384463 0.177115930282173 0.154306880782483 0.012234188110058 0.153754659320946
0.0914274696644099 0.0902759221723644 0.151925081307633 0.188513379118757 0.143788439262108 0.0517675410143947 0.134409810732051 0.00642588406139949 0.141466472666883
0.19365687683995 0.0123910592310461 0.184241077229824 0.133086812702133 0.0853133035188618 0.0178154737182442 0.155113963318344 0.121957306380741 0.0964241270608564
0.0881234674004178 0.0831427881364587 0.114502580189816 0.193868550581034 0.0497457105394995 0.124772287934203 0.0747401166255477 0.052258509129846 0.218845989463178
0.178470082264473 0.154869910383213 0.032597343582644 0.0943519267274605 0.11539474285252 0.133085898835298 0.0529736252863725 0.198293139320768 0.0399633307472519
0.0724950382172408 0.0229280178877323 0.231633665582704 0.0859441893986124 0.213293182104163 0.0437753573266237 0.134633465008548 0.0588499055495027 0.136447178924874
0.206542214955958 0.0437744054748036 0.0378120536885292 0.113900922554649 0.178143987189016 0.128961600626078 0.0929643356293999 0.0880377192840785 0.109862760597488
0.1253890074619 0.0766980450610336 0.0680899945396655 0.050035438277021 0.0473838507044134 0.200992730413952 0.132953716902223 0.122127840646895 0.176329375992896
0.138439164504464 0.170314191412304 0.10792588495741 0.162782229659644 0.063270361550281 0.0331610518724774 0.173340146731951 0.0281392815476657 0.122627687763804
0.0808033188139336 0.0682489613047848 0.162725169730079 0.0318131856492612 0.0760084461987753 0.161152711806848 0.155329864537056 0.13727562496449 0.126642716994772
0.0359248520457731 0.184403513478562 0.147592268741335 0.192250962724102 0.0932178528110427 0.15457734368134 0.107031698324146 0.0126780661486922 0.0723234420450073
0.174794055987391 0.0636013198191642 0.053377172454351 0.0314859533238403 0.168186631702745 0.127628020558924 0.173570475780585 0.0478728396959027 0.159483530677096
0.0774151204162906 0.136673174651827 0.160589009617258 0.152155078600989 0.0334075569285235 0.107765732276346 0.0707175212397417 0.129125892937803 0.132150913331222
0.133457954187982 0.0720403799639559 0.225970126547212 0.0795917857997353 0.219914003665812 0.070333628343816 0.114853390276813 0.0549379550935594 0.0289007761211145
0.0231980868205181 0.193957540983336 0.0120275839684003 0.159316166131579 0.121642824412243 0.0829734355659828 0.0806498489956649 0.140499787746316 0.18573472537596
0.115634156440661 0.153012960625025 0.208589654613861 0.0532758070145226 0.0346564384092761 0.0902127338773965 0.130151729313512 0.08372945956921 0.130737060136535
0.0712217461388073 0.0277997043878339 0.168376526455854 0.096606187659038 0.132458822838236 0.120298339176883 0.197816785816038 0.0912952106105906 0.0941266769167192
0.0653711467443232 0.17974438185859 0.0196418649925386 0.172083821038113 0.0562761122227531 0.182939686217402 0.140661196670786 0.136016199794336 0.0472655904611595
0.0602599248724951 0.137160294695753 0.11600582190043 0.0585892769430431 0.105889822426043 0.186120595479286 0.174430975982023 0.0587174746476929 0.102825813053234
0.0542150494129707 0.0360449115972249 0.140237812869978 0.0810253812223167 0.0702956094113698 0.203374651542433 0.190718140350772 0.0258695341604805 0.198218909432455
0.185882310802772 0.0895054471078028 0.0607458505287498 0.0328725892377993 0.181069167410668 0.0977796294624354 0.178512261758541 0.123748282450325 0.0498844612409061
0.144055878828344 0.114909272078312 0.111989178133191 0.191314622510522 0.0624582484838476 0.144586730111172 0.0235348878546178 0.00358872605974451 0.203562455940249
0.00129465255668917 0.106278540449267 0.122199447392685 0.182323751185748 0.202830583358682 0.118144589816398 0.134285902927031 0.123350940166478 0.00929159214702202
0.0314938167657816 0.153216898734505 0.0239091501676795 0.190397352722979 0.0110313159468835 0.0170870609231765 0.170067107438212 0.187136473002971 0.215660824297812
0.240417191297165 0.0695192509014932 0.103061853261466 0.120162143007667 0.043763096915485 0.0303917011771609 0.105703748294576 0.18703094811095 0.0999500670340371
0.115819469944155 0.0206802697533584 0.135634733376396 0.0365483426926964 0.234275676715587 0.224279676479832 0.167066056557609 0.040863103602854 0.0248326708775107
0.0499637093926705 0.152877031459718 5.45490002786939e-05 0.177488197204552 0.0900402714264636 0.214547568530029 0.1494237978107 0.163606479006626 0.00199839616896181
0.102150848508059 0.222440987771876 0.183155898617835 0.0359309061091612 0.0239126672983349 0.113687225535966 0.093889386895387 0.176712882649416 0.0481191966139654
0.15226540212063 0.162034712261139 0.0540629671453319 0.0411918361506744 0.0399198885223765 0.0491661583340005 0.237671791175672 0.259453811413098 0.00423343287707677
0.054091738499928 0.0901439260373246 0.195078709245807 0.164319550434315 0.0965726439995853 0.221349546621177 0.0665104460860707 0.0203694183607265 0.0915640207150667
0.117305610765565 0.0874755851016922 0.0890583471530671 0.0689898461052783 0.0885652821453429 0.16601169279182 0.221432670430483 0.00845140457706381 0.152709560929688
0.127523978430495 0.144686256571931 0.128599918730481 0.121456488377101 0.0735320743713551 0.0609079127296028 0.0828712411965066 0.13115256624742 0.129269563345108
0.148430401617301 0.0713662361567817 0.120918928230688 0.0723342911470203 0.121864687157897 0.091518992482336 0.0898800761573869 0.181122831924827 0.102563555125762
0.101815556816948 0.0747217923035572 0.0939509304751287 0.199811096560658 0.049394465974674 0.0694607513701682 0.183348462649941 0.206097091186591 0.0213998526623346
0.0478431186053046 0.162410658379553 0.113025052180079 0.0840692773222253 0.0551547163918972 0.114459640365883 0.208620667511545 0.0504685892842217 0.163948279959292
0.190203029226694 0.198530276888944 0.000820362413511818 0.184802653404008 0.158442272994596 0.187002688841795 0.0349340573281097 0.0302321164049685 0.0150325424973721
