0.306910390419966 0.243491803735467 0.331386080571291 0.0678280339615794 0.0503836913116965
0.119645275600983 0.250060117153832 0.0686376613302927 0.505972791809805 0.055684154105087
0.0883397726051546 0.354579187317149 0.0821952560910847 0.266227213301669 0.208658570684943
0.295312003155621 0.210048980376306 0.350036778040039 0.0188865740375094 0.125715664390523
0.0790633902389041 0.47605974885294 0.0370873840383721 0.212820379924662 0.194969096945122
0.119300422509301 0.184823136830876 0.28672038891899 0.139301963791059 0.269854087949775
0.111895783908551 0.0427880315004709 0.22275159514101 0.143948908757734 0.478615680692233
0.244763055534255 0.292171813274044 0.0760936295534545 0.182474078831147 0.204497422807099
0.162379401345973 0.286279045836494 0.235069725411922 0.0496488926555822 0.266622934750029
0.296258713887224 0.0941974421998426 0.294066286787594 0.153124445223714 0.162353111901625
0.170545451208434 0.232589449282799 0.426714528982873 0.159883093256509 0.0102674772693847
0.336075046590322 0.199523262660498 0.381068998295018 0.0545609449637021 0.0287717474904605
0.322929678187365 0.0299305987393222 0.192100161578042 0.195411873222915 0.259627688272356
0.109480437464963 0.253702454853696 0.256056366982853 0.360651677176008 0.02010906352248
0.279492456223516 0.26712998151429 0.0377175274604793 0.111313613376479 0.304346421425236
0.204135423262286 0.289712449862182 0.00564370357455088 0.211832003531932 0.288676419769049
0.112075048286494 0.287454351224745 0.110810009933204 0.20321567615608 0.286444914399476
0.113513110876285 0.244133186069032 0.305181712300315 0.143542913463118 0.19362907729125
0.0892071436336427 0.308140540789411 0.15948156333951 0.379383044348609 0.0637877078888271
0.029052555391356 0.385830852940869 0.130012793614316 0.314323551468779 0.14078024658468
0.0942889579474128 0.235125034995437 0.177545742303837 0.21361343683125 0.279426827922064
0.303037915286536 0.172881747504805 0.177881730046923 0.278965633597163 0.0672329735645729
0.299715273758968 0.0156690391309893 0.38533658864575 0.256606548306714 0.0426725501575785
0.123693936993036 0.0994772908573268 0.479638316410257 0.0129304572796851 0.284259998459695
0.0944681507099231 0.297363982627875 0.177564730558766 0.131637186054439 0.298965950048997
0.113790595462932 0.0171588568382332 0.018352774442489 0.472451468178849 0.378246305077496
0.328701161053085 0.134028849864441 0.254681324292064 0.259070318389545 0.0235183464008642
0.191264653671873 0.297351280683913 0.302713795682429 0.175202512265685 0.0334677576960999
0.248140667535063 0.0110530671354007 0.0604624663295458 0.622966909655457 0.0573768893445334
0.181453208309043 0.385400889828684 0.0180231822178124 0.155358005339858 0.259764714304603
0.367297107905676 0.00745140395253545 0.358993139808004 0.127688947870046 0.138569400463738
0.26069696476021 0.244272375329121 0.0782692562400341 0.166952723945409 0.249808679725226
0.245234031014918 0.132682966512165 0.252043315617628 0.27552526101104 0.0945144258442494
0.0564105733593621 0.0952062105282019 0.377262079020434 0.063813419069335 0.407307718022667
0.277013854960349 0.0282988802249089 0.181043064878621 0.128470463068777 0.385173736867344
0.32925900496777 0.267654250249439 0.161235681548682 0.144325050811482 0.0975260124226261
0.278511186899703 0.202270354825155 0.0579014557259846 0.224661793101296 0.236655209447863
0.0207810332917642 0.168556201633265 0.385187399886771 0.0566574439580679 0.368817921230132
0.116222897787395 0.350105684541093 0.42035577455312 0.0407215589860628 0.0725940841323291
0.0654942534334408 0.0275340469947786 0.305245348710495 0.319880207348384 0.281846143512902
0.141883011173979 0.18990397423795 0.315662416911242 0.179022037436292 0.173528560240536
0.20931348127947 0.205118132164805 0.0848445085770792 0.146431402890188 0.354292475088458
0.103688673936835 0.382608936115971 0.038333607093352 0.179981473822383 0.295387309031459
0.133417345955819 0.262679294786828 0.219523634883847 0.110146749293558 0.274232975079948
0.0884507209340588 0.14647921810433 0.263750539132289 0.2217196721316 0.279599849697722
0.0828048669570373 0.401528553406047 0.304490877179041 0.125439268604443 0.085736433853431
0.744755316116257 0.0939731969938797 0.109942735719076 0.00456805191034792 0.0467606992604395
0.0702032017399631 0.212795270922769 0.365843608653577 0.316813155098795 0.0343447635848955
0.289621591502352 0.0771364734207142 0.284375163727482 0.302600253731488 0.0462665176179632
0.120796297482157 0.221388786109191 0.255542066986507 0.16458705760914 0.237685791813004
0.168942173366047 0.0654177557289526 0.00462975476928455 0.274246151079713 0.486764165056003
0.207835864069879 0.219497630553785 0.136763049261388 0.222196686076973 0.213706770037975
0.00732170424596854 0.025036909641723 0.422733083411389 0.252278692110294 0.292629610590625
0.347600929385565 0.487253551724067 0.0906477892010423 0.0406458267266124 0.033851902962713
0.141159514010136 0.24826286654591 0.044943949541718 0.164073076860782 0.401560593041455
0.176157797260317 0.309468655234592 0.0909867552037506 0.0604855192598906 0.362901273041449
0.0236339174883426 0.304724084020859 0.347986974906851 0.264235337483878 0.059419686100069
0.147205811717413 0.160746641065617 0.148003170610536 0.13218987239854 0.411854504207894
0.0297544333312679 0.260657294278045 0.232589802403641 0.215848997305162 0.261149472681884
0.334338723152326 0.147170553023827 0.254899844383866 0.0599951525877116 0.20359572685227
0.183985148509445 0.138911356213241 0.294164866578674 0.123146844833567 0.259791783865073
0.0719915387057216 0.229034214809101 0.233473635303911 0.269183191513541 0.196317419667725
0.143384105392599 0.214368715451575 0.195787629997738 0.250856895465032 0.195602653693055
0.28382248818033 0.281918301575905 0.104630686588814 0.178658256136109 0.150970267518843
0.18571144211625 0.083050837054616 0.283977722303249 0.207467370886397 0.239792627639487
0.100644418448982 0.315087234835586 0.248840515495399 0.263476769368782 0.0719510618512513
0.414705299067028 0.238914888630405 0.146362754111363 0.0525799822686834 0.147437075922521
0.0637424247604488 0.281242176223545 0.0921200350563745 0.448623929585865 0.114271434373767
0.0142213322723348 0.322482720826939 0.169733842167421 0.329889081358383 0.163673023374923
0.213547517390647 0.231536528633762 0.377019480428938 0.104065050668258 0.0738314228783939
0.314185700170734 0.060912665074903 0.261195674229504 0.169917681601869 0.193788278922989
0.0886012804555873 0.243682924008292 0.177197286041685 0.133647986272597 0.356870523221839
0.038690409993856 0.305264022784029 0.112191392988703 0.26692564380695 0.276928530426462
0.0711779207668313 0.254160866119112 0.20347313267321 0.29465067967325 0.176537400767597
0.080441205631332 0.0416612015928849 0.282651931294387 0.196685193401248 0.398560468080148
0.353827473822402 0.328676841013138 0.0551528358237578 0.214681377634732 0.0476614717059693
0.000552937026474935 0.0438831183922239 0.378249491054821 0.119934662803342 0.457379790723137
0.147875610218118 0.292630345881661 0.153476307927331 0.299176844265871 0.106840891707019
0.295781120156121 0.21500617801355 0.0895999286757781 0.142077783392077 0.257534989762474
0.237159852887889 0.121267504715895 0.161839644810608 0.237394103029307 0.242338894556301
0.26890802322328 0.243594688865931 0.118566243484793 0.315017861844417 0.0539131825815797
0.134894475116516 0.127692995394663 0.141654087222361 0.295035787107862 0.300722655158598
0.205847262926724 0.220908993584637 0.291867103351721 0.150217377704995 0.131159262431924
0.212933001601823 0.137585889828487 0.336864915821184 0.285352487567912 0.0272637051805946
0.348160927306009 0.0754049090868477 0.106477616997382 0.440804243141079 0.029152303468682
0.251544540683781 0.406886006442834 0.0684745591702602 0.222828502645112 0.0502663910580134
0.145996479615792 0.00578318862469204 0.414991414775546 0.418263670161671 0.0149652468222986
0.53574041290275 0.0141363335705521 0.282069127102793 0.0383707837006176 0.129683342723287
0.137184502315139 0.197518554768395 0.0553299744629175 0.438694421210285 0.171272547243264
0.207337246355183 0.325735510030015 0.267257260051742 0.128207021003228 0.0714629625598321
0.0651948261355132 0.131927434891319 0.391094672658019 0.0744778683370544 0.337305197978094
0.346846733955684 0.21789190599962 0.0740584107648353 0.294240981884504 0.0669619673953567
0.157605142902432 0.272744439837097 0.133414268341056 0.283315319505089 0.152920829414326
0.331305432347464 0.152922879630963 0.0286495042093243 0.376388538171287 0.110733645640961
0.168998974705535 0.458669563689715 0.265384068847657 0.0315182701333591 0.0754291226237342
0.303856379697147 0.0617528609115687 0.0937897611581372 0.236099875742959 0.304501122490188
0.0206370835857785 0.200366764579601 0.462743032466406 0.272859057345123 0.0433940620230917
0.352661609578845 0.0977683187901339 0.0138794103710134 0.379737223232515 0.155953438027493
0.77817053278406 0.0527830535678958 0.0703935464328284 0.0393334819419589 0.0593193852732572
0.243287562612785 0.17505812239805 0.139382947905369 0.434178244788534 0.00809312229526265
0.10670129961659 0.199558283986761 0.220052184524772 0.21041216398764 0.263276067884237
0.169387873881278 0.382173445046909 0.390535673885157 0.0275606473481674 0.0303423598384896
0.325152840544242 0.176229219740466 0.209668831081999 0.00517729360212357 0.283771815031169
0.351109558473203 0.345377466831052 0.0141415100228347 0.275181456231561 0.0141900084413488
0.509995120317144 0.0777803186937871 0.192813315471619 0.172542872705196 0.0468683728122537
0.159056289936843 0.283011793691296 0.260665431174831 0.0371764703447279 0.260090014852302
0.201156117212268 0.448199001681181 0.00396963978988215 0.282568841479496 0.0641063998371727
0.0565026400810053 0.321507899740325 0.117991783716133 0.164050618871165 0.339947057591371
0.308263269008623 0.175180900835679 0.349707826270138 0.0726591539547706 0.0941888499307898
0.141169521134581 0.438474967762657 0.264543488167994 0.0303559118586761 0.125456111076091
0.294529314132431 0.214944891742783 0.241982040271279 0.0442517163212686 0.204292037532239
0.0807571389746581 0.228653913770583 0.173587871644485 0.145049923463605 0.37195115214667
0.269314203096996 0.208191827353518 0.208285640074151 0.270595136855445 0.0436131926198889
0.100700144672364 0.35619009580064 0.113923857134802 0.366250363552904 0.0629355388392902
0.258412197579211 0.0795491904970204 0.198003761010521 0.0846383501235798 0.379396500789669
0.259810373973897 0.0603975294773502 0.361518755923903 0.0433280174071978 0.274945323217652
0.0998425498538241 0.260090268034723 0.28577739049177 0.196386077771612 0.157903713848071
0.304760047759962 0.114010225534181 0.222611264584259 0.185667715481536 0.172950746640063
0.140297678032337 0.329031321424895 0.274267220662043 0.0418574893301288 0.214546290550596
0.216246479986049 0.341279953006562 0.0852259145520394 0.263068604444382 0.0941790480109675
0.197389463362874 0.181091800268931 0.239275791055496 0.18982394870182 0.192418996610879
0.270095761466806 0.208583134118666 0.156643386641889 0.126500694846237 0.238177022926402
0.19774092038159 0.328676201942497 0.0804883267516599 0.0237731400581151 0.369321410866138
0.218281129034042 0.174618402782996 0.323441762988952 0.248644714044227 0.0350139911497824
0.0616815505553179 0.186720944381976 0.257125481218678 0.240750101317403 0.253721922526625
0.213482159151857 0.560048400942513 0.0406423697637071 0.126483747466939 0.059343322674985
0.0110296020149738 0.0237170105743365 0.275297708976128 0.281607157928728 0.408348520505833
0.0972396526995195 0.323490616318439 0.0473937987427572 0.160215975405759 0.371659956833526
0.20607302381726 0.0635790365383137 0.231364049243037 0.262729844552138 0.236254045849251
0.0843006795778263 0.252581692509321 0.282435784911532 0.0982864828865339 0.282395360114787
0.354382595015624 0.084560064493831 0.208016727454867 0.316410713220937 0.0366298998147401
0.193214027095238 0.245653947728677 0.284772121648592 0.199634392350779 0.0767255111767139
0.17379242656713 0.107978631252072 0.394769626481384 0.086639331717614 0.2368199839818
0.403451635170169 0.383106967691845 0.0395751775125909 0.0698056904405121 0.104060529184883
0.398524881431084 0.0917076824349177 0.0362981200934348 0.0495792905444264 0.423890025496137
0.321151424883128 0.150229852980088 0.204309002978685 0.266463886042282 0.0578458331158178
0.168606278905524 0.145753608462302 0.405970676319462 0.123837826657199 0.155831609655513
0.0768953196862448 0.263784202318059 0.190005961093444 0.0339814985950509 0.435333018307201
0.17475320622768 0.355407879140576 0.132204568779107 0.253914048633884 0.0837202972187532
0.30308825866756 0.182713820519662 0.264909292689584 0.078912434309695 0.170376193813499
0.220350181114101 0.315659439864093 0.176516578962386 0.030382146011555 0.257091654047864
0.113110114090507 0.203445440956222 0.287615969355891 0.167925237211919 0.227903238385461
0.116605515544967 0.202920227955835 0.261709666487925 0.266670574670126 0.152094015341147
0.185418003023203 0.384623042828979 0.170511399417628 0.104412221047284 0.155035333682906
0.1093900545768 0.390817426989057 0.0740419825467995 0.136778751202279 0.288971784685064
0.202628882937742 0.23211358144993 0.0917614066566986 0.299862507098437 0.173633621857192
0.0697196897037229 0.240058518463269 0.242724375531968 0.198633355944979 0.248864060356061
0.200892333677017 0.221360619010567 0.207963504065523 0.301173351191782 0.0686101920551113
0.252162072534307 0.171632879918915 0.215472899027808 0.332487510637364 0.0282446378816052
0.331433528058109 0.234085840718448 0.258480198265336 0.139331386924027 0.0366690460340807
0.251380878511016 0.231068013387142 0.176240534411382 0.215245586568909 0.126064987121551
0.302202719090252 0.0931195210056439 0.361116142931727 0.152860150055671 0.0907014669167066
0.343043620570476 0.254840580990824 0.0229771240327073 0.0700523670941634 0.309086307311829
0.344864002733202 0.498652312641092 0.029737076053032 0.0815976748993821 0.0451489336732912
0.2071004782338 0.148558946629939 0.217343907979606 0.13468536080444 0.292311306352216
0.182381473461709 0.0830103903738122 0.408236994333823 0.161358596010703 0.165012545819953
0.144322805756659 0.322509362389758 0.205499109114771 0.0573036894789294 0.270365033259883
0.336527649078576 0.0923196958747187 0.0844026722570426 0.162048969594413 0.32470101319525
0.167179174301505 0.188115551421464 0.204565623832185 0.430228601527101 0.00991104891774533
0.0943625294599054 0.161451399287468 0.502562247526628 0.0227174422445993 0.218906381481399
0.266817061972725 0.329398011883419 0.214711211817179 0.0157213093891766 0.1733524049375
0.227427599563483 0.245129930764606 0.0232516793051845 0.216783609548957 0.28740718081777
0.382256025432943 0.0287592645720163 0.0203703380273116 0.450401111328466 0.118213260639263
0.257796301012075 0.100553359004196 0.352834079306089 0.275566244335799 0.01325001634184
0.0524775504706999 0.160536529580909 0.0746576291670989 0.543943105383567 0.168385185397725
0.268630100482761 0.26796311013194 0.253695283357382 0.0749278837602549 0.134783622267662
0.0673702131165206 0.158413375357263 0.277686887789135 0.157467720114662 0.339061803622419
0.129729135381864 0.210693105688778 0.14587971002911 0.255596366124425 0.258101682775823
0.343044279227786 0.0927678589763905 0.278872529838594 0.0679211093293196 0.21739422262791
0.422392756973749 0.189224071555322 0.184881682868008 0.110373608419752 0.0931278801831695
0.146727034808844 0.0801164307557921 0.223208034162789 0.247170402576451 0.302778097696124
0.103652952856424 0.226965875332944 0.267390893354465 0.188339536925131 0.213650741531036
0.217702599324972 0.290698509964033 0.166576622256134 0.0513901081019507 0.273632160352911
0.283457737527271 0.0740002718513714 0.157858604089445 0.18829386641026 0.296389520121653
0.381827307703938 0.0129909414254281 0.377292713913422 0.0360734515828012 0.191815585374411
0.286708873377204 0.174017172361804 0.172814396427238 0.267405022461881 0.0990545353718731
0.238824460128483 0.152373780488876 0.241487659817359 0.0775138526651235 0.289800246900158
0.106956875048801 0.297081455837759 0.221218917752771 0.230459055176348 0.144283696184322
0.198714545051805 0.0479994291319133 0.330088198516296 0.168885098226211 0.254312729073775
0.200734983423379 0.131269239620203 0.134874681455969 0.317357512345492 0.215763583154957
0.298823327317325 0.256076346518628 0.0798079806301269 0.0943352609803964 0.270957084553524
0.357799880819081 0.026717524202478 0.225012433503472 0.158949247371014 0.231520914103955
0.253057772370246 0.471141810383553 0.03938104945062 0.14054908924667 0.0958702785489108
0.0757430705191937 0.334475240334327 0.314742855752267 0.20347199323442 0.0715668401597927
0.288202246574501 0.0924977306535526 0.179039175288768 0.229072808780853 0.211188038702326
0.217260476327242 0.31448897788191 0.110544687287117 0.212845132428824 0.144860726074907
0.362169379629354 0.248248082459096 0.110200811843579 0.251141710850822 0.0282400152171496
0.00999397568117131 0.303178184777468 0.145895844909085 0.42491738180582 0.116014612826455
0.303501044351983 0.311114240102008 0.00587095181480429 0.130068138916143 0.249445624815062
0.341488803799945 0.317707375767119 0.0430851002243684 0.159206939895154 0.138511780313414
0.178805320405054 0.265276046724172 0.12628926064896 0.3085894987201 0.121039873501715
0.151948722666109 0.0769761265153915 0.259058369976785 0.161779060427131 0.350237720414584
0.32606102865682 0.175810392823742 0.235349897909872 0.0439376522908741 0.218841028318692
0.190175513119401 0.317132971359051 0.192799376652419 0.04404157329899 0.255850565570139
0.0128848204437336 0.247422951788482 0.157002258704288 0.459355172341174 0.123334796722322
0.34159705468005 0.0276042797018796 0.266087149988186 0.223566299520763 0.141145216109121
0.251553391182266 0.219587003022064 0.208820369513547 0.0499901074078886 0.270049128874234
0.230844529461365 0.308213675962162 0.207535902743751 0.0298580728275872 0.223547819005135
0.355167285153744 0.308592388005972 0.13449824118375 0.00708583922834776 0.194656246428187
0.164983103940941 0.256766385335902 0.255794626115195 0.177483602333514 0.144972282274448
0.26318569771519 0.356127252121807 0.203438302050502 0.147029527700686 0.0302192204118142
0.0447629202055032 0.457522097717819 0.330283342841723 0.160973412287169 0.0064582269477862
0.0086259086534893 0.247858631175065 0.262007912669719 0.253181526012279 0.228326021489447
0.0325330402815833 0.593936136734238 0.0196732157192308 0.26156823835474 0.0922893689102085
0.00512649779902182 0.0200730800353867 0.331184703758007 0.288814869118283 0.354800849289301
0.0377918574199817 0.291186505422555 0.194687140676265 0.2788728750582 0.197461621422999
0.241338138911483 0.257931508490178 0.243735534162365 0.196590736555426 0.0604040818805483
0.0989903459667329 0.00812050569363582 0.27050167413808 0.338564857256406 0.283822616945145
0.151265274085852 0.256658827683448 0.142209125217111 0.251253153314715 0.198613619698874
0.15332378756644 0.61643137905422 0.11617690621395 0.0938725295826598 0.0201953975827308
0.326774633030424 0.009591302610432 0.116301935650479 0.237231259122797 0.310100869585868
0.122584879453089 0.168733971902138 0.295430167452708 0.191493669317607 0.221757311874457
0.168598540128605 0.346651201407053 0.213875165111476 0.0520561990669739 0.218818894285892
0.298044709134138 0.244648532752041 0.286805066735662 0.0819920613636434 0.0885096300145152
0.439501602135328 0.377621500827246 0.0337443838701475 0.0952862646288354 0.0538462485384434
0.33101193788692 0.0464985504365045 0.392630696689649 0.0929390285640858 0.136919786422841
0.0574280741327787 0.0260622624636142 0.1183408929748 0.774524693444623 0.0236440769841838
0.132759579691254 0.22729033830766 0.220750637949005 0.113270344069957 0.305929099982123
0.100002219613446 0.318198743969857 0.202930724052519 0.348677467512415 0.0301908448517636
0.0258449547835282 0.150216606622386 0.308947530906409 0.4755311545079 0.0394597531797767
0.227661410221851 0.242342402241417 0.245045335363268 0.21841398022818 0.0665368719452841
0.103589023305571 0.298053995641292 0.162108981194872 0.0382497717475748 0.397998228110691
0.233957399203828 0.287222977590038 0.28922275488137 0.157639159158469 0.0319577091662948
0.238891972809354 0.255180508540415 0.0743865747131704 0.159773754469342 0.271767189467718
0.129925462677263 0.368933034352589 0.172705574197282 0.104368401944192 0.224067526828674
0.0223588527195063 0.222338647411849 0.326101162424045 0.156746169520562 0.272455167924037
0.25483658467696 0.232165151685362 0.121657736826352 0.190642419758201 0.200698107053125
0.2418276560775 0.123761872572408 0.263106920211025 0.101568031131792 0.269735520007275
0.172482233958092 0.359535234419087 0.00944267657558326 0.0756669217444155 0.382872933302822
0.326466901730598 0.0882766755254808 0.177523343158709 0.217596645482576 0.190136434102636
0.398660681896023 0.19276730280935 0.0759461883088083 0.173517882359062 0.159107944626757
0.393724307730929 0.0242978257145527 0.254515241621037 0.270152092168644 0.0573105327648378
0.0549657018818747 0.0638747069216326 0.429503956369935 0.299995262718585 0.151660372107973
0.0757867620092569 0.435086222631764 0.126914604662754 0.192760147449507 0.169452263246719
0.0669807383438333 0.140686599200159 0.162329687135744 0.256485911428465 0.373517063891798
0.305683324189807 0.38314459290876 0.264571397607813 0.00937677951643302 0.0372239057771871
0.434639870279479 0.230519641843409 0.145424107221053 0.172603363150325 0.0168130175057343
0.0747100243829974 0.342681216591008 0.382196351570424 0.0534216472514315 0.146990760204139
0.147038991502571 0.220519332239801 0.164176069144756 0.275079842013498 0.193185765099375
0.162624974711748 0.23169768483197 0.247560530901325 0.26347754181554 0.0946392677394168
0.192052328644511 0.0456741223997767 0.306495747305944 0.233365965184901 0.222411836464867
0.196234526394137 0.235764327750207 0.236485828390248 0.10030787026141 0.231207447203997
0.268604580903494 0.23652186603046 0.0868682962359489 0.132417534971429 0.275587721858669
0.207688534262235 0.107358234221002 0.125688390142938 0.237789043716418 0.321475797657408
0.124817495611145 0.537120592126704 0.127441085589056 0.0114434800299944 0.199177346643099
0.205836279118479 0.141427353581551 0.264526113726841 0.179431545723693 0.208778707849436
0.286871324468231 0.174909308837029 0.101455912726188 0.303182526000541 0.133580927968012
0.0095811937764799 0.281571682900771 0.172704381194245 0.116032421450948 0.420110320677557
0.376371579845093 0.258293171291302 0.0855605042572204 0.038447539835107 0.241327204771278
0.208485178104065 0.0526228005257069 0.00683419594409843 0.517865696673903 0.214192128752226
0.282171666529418 0.30331794608588 0.0947878014455119 0.136053636703397 0.183668949235793
0.134117643492107 0.0161885472109288 0.283211593467729 0.228538979618146 0.337943236211088
0.159374857780888 0.425163113412913 0.0549330826554051 0.289540306908862 0.0709886392419324
0.190632131643347 0.205464249593032 0.00351556576536245 0.341551258948366 0.258836794049893
0.184347444186477 0.0593808897596309 0.260933673186118 0.105866572191169 0.389471420676605
0.142921592265003 0.349604874056494 0.0656290351805838 0.222996833741259 0.218847664756661
0.310611068437449 0.106629473228885 0.0746544193384505 0.23095396741574 0.277151071579476
0.223263687595896 0.188954805457828 0.230300999841797 0.163028826363724 0.194451680740755
0.0239344939558999 0.217654601524092 0.422000320363121 0.232603910814427 0.10380667334246
0.229606640778889 0.171875806680585 0.151191060647052 0.24989251286094 0.197433979032534
0.262378650203707 0.0617909884133019 0.21507097725601 0.236537392514711 0.22422199161227
0.194260137759526 0.172396197290226 0.323073493670367 0.274648183948818 0.0356219873310636
0.199353910810281 0.215613595290958 0.303961664787064 0.0245684383793455 0.256502390732352
0.180728985980599 0.279149964409804 0.208165492752991 0.190287036816674 0.141668520039932
0.0249537224245453 0.434093675235472 0.0325036487664199 0.464501034240922 0.0439479193326412
0.189898422071547 0.169657441701635 0.0745947834256607 0.338364669758196 0.227484683042961
0.0286291707492252 0.245842576971872 0.244629563070754 0.261095215426567 0.219803473781581
0.0996972021361535 0.374625105899639 0.136614132348839 0.0738196164940324 0.315243943121336
0.277490211353845 0.0320622282673289 0.303505373088614 0.297939082656864 0.0890031046333486
0.228222927152154 0.198654373521347 0.365925879081883 0.0421894537518082 0.165007366492807
0.191815065628693 0.0771545232200532 0.157793471532519 0.301873950058913 0.271362989559822
0.0442814945286253 0.0861226580526856 0.303893121120529 0.00306349764835586 0.562639228649805
0.290510232125012 0.0503235879436378 0.155031200987089 0.0370052022974332 0.467129776646828
0.0892910361705851 0.19548501629208 0.215533204377561 0.0761893506243356 0.423501392535439
0.165590709081143 0.285449012351441 0.26656493254415 0.0184648604368331 0.263930485586433
0.156116987345908 0.0698381156915256 0.311852703065365 0.259436434215392 0.202755759681809
0.260535712781817 0.219953992527698 0.263532271729098 0.175596952383084 0.080381070578304
0.090565599042266 0.304403741797521 0.123319282106183 0.125374157840185 0.356337219213846
0.301554241119893 0.35797675442264 0.207493629833533 0.11110410625974 0.0218712683641945
0.117609201292584 0.051386104225916 0.143321718700292 0.499596896703612 0.188086079077596
0.287089330301716 0.116820908076555 0.0713478866529171 0.331243529461735 0.193498345507076
0.232973425299475 0.0244654048372367 0.332331931143965 0.288558527851219 0.121670710868104
0.0905723540182376 0.185692939495745 0.427622805850272 0.156323606239595 0.139788294396151
0.362611898112453 0.187823988005291 0.347109848108712 0.0878026906952341 0.0146515750783098
0.15180522942862 0.236636766940847 0.173642118938779 0.263504694770372 0.174411189921382
0.302929162043064 0.0748303124116219 0.273461003256584 0.110322461549026 0.238457060739703
0.102233370418083 0.259673572947204 0.278675446749393 0.102234874105002 0.257182735780318
0.215161590249948 0.0391229940505037 0.290965971741572 0.409958850837011 0.044790593120965
0.272750250732903 0.198169358743537 0.299821495513404 0.0215535237373541 0.207705371272802
0.199484022362918 0.299104115113943 0.155637612365323 0.237297415101334 0.108476835056482
0.270307674011775 0.467407378358106 0.0702294913318915 0.0590716865939535 0.132983769704274
0.0761157837954438 0.128000786806451 0.247495111831573 0.407603533468353 0.140784784098179
0.278890052107664 0.0495932920223282 0.149900229810608 0.00547675614754214 0.516139669911858
0.265516174236884 0.403547133099419 0.200623113219042 0.0789373280087294 0.0513762514359253
0.21077290380038 0.170748287835673 0.268985143219738 0.197379338288815 0.152114326855394
0.270968864064381 0.0836427807741803 0.225299677688732 0.301618168972559 0.118470508500147
0.211327971831545 0.0556857599931754 0.250097650981769 0.308571289276142 0.174317327917368
0.207431569210661 0.0998911112408316 0.303252780442534 0.378119433421063 0.0113051056849106
0.377554830108758 0.323900570891479 0.0164265793469369 0.230787997775176 0.0513300218776498
0.286461990449541 0.123157929180899 0.0356685865547858 0.292801901951308 0.261909591863466
0.164011401856063 0.0693945083749852 0.0803416858210872 0.367314479425728 0.318937924522136
0.438461846666259 0.164992357911811 0.387153020938856 0.00878960496744997 0.000603169515624245
0.0135374809726332 0.315873027920604 0.373707855337864 0.115643239936685 0.181238395832214
0.189729764856893 0.00216811493532149 0.307428537845946 0.36376892879945 0.136904653562389
0.294659356252858 0.111024713024403 0.122521912979996 0.15603109229775 0.315762925444993
0.157605066261148 0.0949623114690571 0.331891527703539 0.335474179693434 0.0800669148728219
0.0464278804036797 0.180282664538035 0.427067731686954 0.0740604938682546 0.272161229503076
0.245545974455817 0.0934258879745492 0.0548479404040915 0.383951765197024 0.222228431968518
0.0556099195900278 0.235230381127087 0.27361975760541 0.230300658933429 0.205239282744046
0.219092840325225 0.366913468812971 0.285669449701513 0.0643147072719415 0.0640095338883502
0.160272177280731 0.0978389565813772 0.327062064892047 0.235310398153191 0.179516403092653
0.0563682720416708 0.448539374345287 0.0526700837842197 0.155434730639619 0.286987539189204
0.25279567551288 0.103250329947016 0.230109790715319 0.200406203118199 0.213438000706585
0.0887794753289729 0.305123479660421 0.126909465484095 0.191603201729027 0.287584377797484
0.155172120799641 0.326831559409383 0.0155704690176276 0.200570971796741 0.301854878976607
0.121056128093962 0.231865370327645 0.188599159859562 0.317379619659408 0.141099722059423
0.0285562499425018 0.233939516768924 0.057518670092861 0.214947460244133 0.46503810295158
0.121284628338644 0.219230723122301 0.1621864538154 0.478009339966498 0.0192888547571573
0.00896048422757841 0.03524443131661 0.173633556753723 0.340630657357198 0.441530870344891
0.163108687747708 0.3283609967897 0.349854550520575 0.0694923990452766 0.0891833658967402
0.256182834341452 0.140724039298338 0.0144158419108799 0.198569998288542 0.390107286160788
0.0849573653431411 0.327729609517954 0.386985909943141 0.0822766308870603 0.118050484308704
0.344298233103897 0.111628830799968 0.284357376047816 0.0452704989133732 0.214445061134945
0.0287255972430256 0.184724768726246 0.0308085280515935 0.37594646406448 0.379794641914655
0.170153751690184 0.0235833684943478 0.320337660776874 0.201910113191551 0.284015105847043
0.0535916269895825 0.182948609371945 0.349265066153698 0.291234269503642 0.122960427981133
0.136658135145495 0.188583772455275 0.304165272726213 0.29129552270708 0.0792972969659379
0.0340584300942493 0.0136309121785936 0.139562351901699 0.239732999180784 0.573015306644674
0.179582982362827 0.0980325803444578 0.383101681673619 0.314583843003973 0.0246989126151232
0.398046329808141 0.00887442873082027 0.310033199617287 0.117780248181884 0.165265793661868
0.366503922974859 0.0534939943150233 0.262847513532464 0.270599269540587 0.0465552996370673
0.222811757147937 0.153553012897823 0.156823898814576 0.188583783519779 0.278227547619885
0.331274010940507 0.387927915943574 0.00913439831970305 0.171950571415219 0.0997131033809967
0.263065048606574 0.249637903498816 0.360353517041334 0.0387402271536553 0.0882033036996213
0.0297649279190315 0.263204400889395 0.231526178808413 0.212752653365126 0.262751839018035
0.216651492154581 0.298964498686237 0.169573335942054 0.232149052777484 0.0826616204396441
0.180359885648409 0.166494886636106 0.113767637113172 0.238309877892959 0.301067712709355
0.197010268523796 0.12591483147076 0.21027958689979 0.329477054275915 0.137318258829739
0.117332706172447 0.245860047807693 0.0531608137150109 0.310835051769658 0.27281138053519
0.0434854218796865 0.205053983359515 0.23688591131475 0.253341849260748 0.261232834185301
0.0369412744477574 0.348572315602786 0.0980902922455532 0.293910883281975 0.222485234421928
0.136139953048835 0.192010993548411 0.507035867136887 0.0181552397112298 0.146657946554636
0.115741280507535 0.223595629228046 0.304436670522841 0.168019762630941 0.188206657110637
0.251728171241519 0.186291406235649 0.0267205430080352 0.105708376698822 0.429551502815975
0.48555825965927 0.0246969783160039 0.284062363548981 0.108549238485553 0.0971331599901927
0.190652256330353 0.0946817454373363 0.240750440984968 0.322733920714968 0.151181636532374
0.368967297172219 0.0164862855411529 0.309691256134754 0.0485949661427596 0.256260195009115
0.0990661884579302 0.111359569331775 0.49977304906997 0.221822365969796 0.0679788271705284
0.188034975248412 0.334811171887374 0.0588801714176203 0.267263253517591 0.151010427929004
0.244329113533271 0.0134563854318492 0.445502022482833 0.27066965648606 0.0260428220659876
0.337456702922819 0.116958240638447 0.0133066024328693 0.219117387956285 0.31316106604958
0.308607738805425 0.230073007603094 0.042454587851814 0.296733268768999 0.122131396970669
0.342761530095035 0.17770622657832 0.0438704808944418 0.29483145584067 0.140830306591533
0.306378544244478 0.219597956615449 0.11318372569132 0.326872039334906 0.033967734113847
0.131124075459173 0.32406424190172 0.350787238251812 0.0674181255518784 0.126606318835417
0.445913136889785 0.0555788805407706 0.332306240696882 0.157330556665486 0.00887118520707631
0.265757673671615 0.191001938826237 0.285228260457113 0.190873586598777 0.0671385404462575
0.343968982281059 0.142162014010189 0.0577637880911662 0.28067708029099 0.175428135326596
0.786817421533584 0.127995111154007 0.0324837439234221 0.00495990853647824 0.0477438148525091
0.0725661766472822 0.352966718309785 0.0997843503756298 0.189504630759511 0.285178123907791
0.0686049447583233 0.293525793312076 0.426898223542963 0.0590754538388329 0.151895584547804
0.125219703905183 0.0246342665877189 0.0941482907336979 0.298996809938468 0.457000928834932
0.0664632810987357 0.304388474996027 0.188959124444115 0.264684633420865 0.175504486040258
0.0270813443290151 0.0171576277189314 0.315512645514484 0.254228539384409 0.38601984305316
0.205679384584422 0.330508605189965 0.0573559032576958 0.000261404900926023 0.406194702066992
0.268796227164464 0.158966224190766 0.0514489198587303 0.34785568967355 0.17293293911249
0.16175298460527 0.241133752652946 0.420751407594422 0.119435497226675 0.0569263579206869
0.106364361028985 0.0640540313807683 0.249610327013119 0.351771085809286 0.228200194767842
0.266764692959956 0.621040758256792 0.0897213935543301 0.00305640557247632 0.0194167496564452
0.129413114594188 0.232686461749679 0.147462608502205 0.284982842270794 0.205454972883134
0.230101906330669 0.150542668220675 0.25339094548639 0.213058778903073 0.152905701059193
0.0345122296423893 0.0334239021111952 0.028100457932957 0.59703860324412 0.306924807069339
0.400152912510581 0.149887009655865 0.0639571789706563 0.326956189956355 0.0590467089065415
0.254761106542699 0.268831808916682 0.105931855758073 0.153900111353584 0.216575117428961
0.210383058798927 0.312608980724431 0.0922936763041732 0.36279418696624 0.0219200972062279
0.0847925222734224 0.411834002339696 0.297463414545687 0.152070788955104 0.0538392718860896
0.0284874131404277 0.221808382104057 0.185791520284915 0.252377854484582 0.311534829986019
0.254724981697156 0.25629483997037 0.168890828595231 0.297597739462706 0.0224916102745377
0.5187906096028 0.242161385699225 0.207786312006091 0.000656547920345058 0.0306051447715393
0.177183666888806 0.225609019211123 0.0490514800925208 0.27101983611858 0.27713599768897
0.156703485664193 0.43550229017182 0.00643562140592635 0.166252209444062 0.235106393313998
0.168230962428994 0.215004284483096 0.290510866404191 0.0749891608447829 0.251264725838936
0.168365359943971 0.0710759700923877 0.40155103657934 0.250326974313997 0.108680659070305
0.162075288626887 0.179545112942033 0.130464473158145 0.234369368246704 0.293545757026231
0.194527108839033 0.272235871986441 0.320196983997289 0.0616898948938851 0.151350140283352
0.318550870464457 0.204435966437883 0.0450256748396451 0.248815540242257 0.183171948015758
0.00623773794248776 0.275231098267273 0.344707797435265 0.288233524411218 0.0855898419437561
0.187852797646876 0.274049398352852 0.0854345951157758 0.18880871864534 0.263854490239156
0.302649119906756 0.273033154941797 0.0302740550502364 0.0952543704282969 0.298789299672913
0.437303153758033 0.247492176514162 0.18747256956168 0.104069258682832 0.0236628414832925
0.252411215668775 0.14328142688719 0.265356862812148 0.0220367269849909 0.316913767646896
0.0541754979609271 0.245686117460157 0.109080202701549 0.289481078385675 0.301577103491691
0.182250554234686 0.346054480275969 0.0729067613998115 0.347497202861561 0.0512910012279723
0.140856896130029 0.308424373327314 0.04410735865622 0.307036076606298 0.199575295280138
0.0391268160881043 0.0971004949577345 0.371758787450247 0.0453123279052485 0.446701573598666
0.191591996053661 0.235215930693326 0.106548965231642 0.422313517048594 0.044329590972777
0.233635924578177 0.101199276017042 0.098515713979346 0.288450945337427 0.278198140088008
0.0326188364535815 0.258534531931874 0.428111737717707 0.200357053786135 0.0803778401107019
0.187176807702592 0.323071707630512 0.314813736047216 0.0195963603581149 0.155341388261565
0.200959416998756 0.273925168126404 0.107229496843969 0.126903408656004 0.290982509374866
0.029854869123571 0.152165225703871 0.231356772511211 0.404978332218522 0.181644800442825
0.308089509833141 0.490304820028846 0.135574127751336 0.0560041315192565 0.0100274108674211
0.242115293080407 0.053922681883072 0.309513116353463 0.0488530122202966 0.345595896462761
0.0600364314843459 0.217728054010593 0.360269419292218 0.319019220558937 0.042946874653906
0.228400235709115 0.225426323717804 0.137881912815202 0.234910022349854 0.173381505408024
0.0745136347326978 0.419628975123304 0.433548960463048 0.0326851725970453 0.0396232570839041
0.172356147523203 0.0317907847935042 0.288311546979927 0.226047921689163 0.281493599014203
0.320859304641172 0.0161116996910958 0.176745621023248 0.166134038199622 0.320149336444861
0.257697725259411 0.267437901703124 0.246539808729571 0.222437549022179 0.00588701528571446
0.0725427806734909 0.111472948817285 0.446872308447458 0.0575383088926953 0.311573653169071
0.304428677858176 0.265546966795973 0.286426152357557 0.0321106821335057 0.111487520854789
0.156538608373394 0.0875415273435947 0.0334969065480261 0.206729632668949 0.515693325066036
0.0690837699566225 0.178411303379993 0.0689102331942319 0.361210282379411 0.322384411089742
0.0362996474929503 0.210447830437064 0.369915362676045 0.14919254889604 0.2341446104979
0.249834012213307 0.185536764621904 0.205569111535147 0.13133218178607 0.227727929843572
0.0111214961187441 0.126705900864852 0.231021542446165 0.123456400629251 0.507694659940988
0.375883911441948 0.0432356661628834 0.299659780137529 0.269133645438144 0.012086996819495
0.00522459325785558 0.205147902372294 0.312188669622156 0.176082467530659 0.301356367217035
0.146473750529875 0.248373642782072 0.0843844392745976 0.283240974020008 0.237527193393447
0.162545743049112 0.0444420631493277 0.293570770625444 0.276929443796301 0.222511979379815
0.171509442803429 0.0988928500993126 0.267214058359286 0.334141332919388 0.128242315818585
0.178654735567729 0.186002165634187 0.204679776621878 0.235078171781962 0.195585150394244
0.156942306041927 0.248885886894585 0.239323776944279 0.123882606361577 0.230965423757632
0.128019206761273 0.348770646033078 0.36231012439707 0.102281379176393 0.058618643632187
0.0982296108405272 0.388689182532194 0.114458493296965 0.0902587941927976 0.308363919137517
0.256938726290351 0.221691799252689 0.108828008964308 0.189859294864507 0.222682170628146
0.119645901216993 0.360236494768753 0.0262414680767295 0.106396844888002 0.387479291049522
0.213923176644154 0.196275668300424 0.285916816691135 0.140620098245535 0.163264240118751
0.000492594071688007 0.359943799455192 0.261408751591084 0.366391442861711 0.0117634120203246
0.234934333309574 0.262323454254308 0.1336816885428 0.239453827215487 0.12960669667783
0.0778443819685443 0.111103342667722 0.313416865379916 0.330928994116847 0.166706415866971
0.323537390018163 0.203321369133853 0.0820056764177474 0.0142551239352568 0.37688044049498
0.0620729933326426 0.281831679720029 0.145307887391007 0.403350285015723 0.107437154540598
0.263541917195949 0.186831654175456 0.266846914459822 0.0919996026560152 0.190779911512758
0.3216358575838 0.0650165228485472 0.225496186537101 0.122455727610224 0.265395705420328
0.266627431390474 0.100230681232863 0.286373346690883 0.200771816538454 0.145996724147325
0.296643706496515 0.0386766511689341 0.468872159933287 0.109494461427178 0.0863130209740854
0.313487337587778 0.283331363381359 0.108277257672362 0.220521205936058 0.0743828354224428
0.33012905691413 0.134358712920727 0.133241202014049 0.191961250999137 0.210309777151957
0.296157962634711 0.328868885203261 0.0534061845288171 0.0654153342053348 0.256151633427876
