0.275878134761132 0.0375374370400031 0.0176406198979646 0.00752989095944288 0.011506300974849 0.135021950694336 0.153910169121089 0.24852373614923 0.102586211512597 0.00986554888935553
0.0327765858754418 0.0363644516443737 0.0812417064450093 0.055190401394575 0.157318650086709 0.0890143899856158 0.20212731102399 0.0658757696095815 0.134322202261857 0.145768531672847
0.0637070756208432 0.112831292115749 0.19664885688066 0.033002026134741 0.177381752854406 0.044276064654957 0.0933581185844211 0.15553999720225 0.0301328081842075 0.0931220077677651
0.186811995495789 0.00634611273763287 0.158124816971503 0.17560653132195 0.196611836386969 0.0972570082753243 0.0622210110992957 0.00496735728271779 0.00712069800903171 0.104932632419786
0.0431005433500413 0.202050230021307 0.16685355259975 0.150992264054699 0.0494301448174491 0.0305006086364803 0.210561012837024 0.0960154221741293 0.0209682960838726 0.0295279254252479
0.068809285787997 0.0537095166454161 0.0997042849167668 0.062800578555979 0.13472618156624 0.132158467940642 0.0782542845615591 0.0823524842065643 0.124336359672339 0.163148556146496
0.00811394432296559 0.167688481353752 0.0486182776410267 0.16130103165807 0.157522935733963 0.122284194305841 0.106303549294509 0.0595626947153677 0.159645095497657 0.00895979547684834
0.0662558682075168 0.00830649050266025 0.180398480870833 0.151946705603396 0.121516795692053 0.104825816877136 0.113559368372072 0.120279378154078 0.121381684860091 0.0115294108601637
0.0886671351557608 0.00532499007209167 0.0216808279877156 0.184402807267843 0.0808160677416697 0.128398597720788 0.149231357832527 0.0717126875670571 0.0822745150614516 0.187491013593096
0.157995450887268 0.103689052636177 0.128384533820666 0.122219125720211 0.0344835142194487 0.148392801926238 0.10852552760904 0.0515380977998739 0.117092286898544 0.0276796084825336
0.113171435031777 0.0358885523301715 0.0528801587752532 0.125113995820604 0.0425137204169901 0.173270181321499 0.0890595448685672 0.0408804872949667 0.1619606945633 0.16526122957687
0.166300414507727 0.10689549455492 0.152600617264225 0.0687893615838851 0.141936309862645 0.106254144530006 0.0012779989647643 0.105432283936895 0.105174060622394 0.045339314172539
0.0161820962708588 0.114458461633162 0.0890435636358915 0.113841392380719 0.0717276439496156 0.135140350532217 0.063055798437552 0.14686439776639 0.112909424884192 0.136776870509403
0.0215136305594878 0.16439683989841 0.104144023798081 0.0497793617552308 0.000416278027607906 0.231526351933815 0.000875966071770949 0.183883050586223 0.0534128723493139 0.190051625020059
0.111973582860874 0.178074294904634 0.0580598723064576 0.0465837217844893 0.148211291102567 0.0562631720689394 0.0563683357938878 0.0077199537252945 0.114394489828691 0.222351285624164
0.137697510660262 0.0912320307941968 0.125129302667364 0.0699203067910008 0.0198334685106523 0.0579584516720954 0.124719699816447 0.0110680466854094 0.132592945693547 0.229848236709025
0.00787764671754563 0.029313370781811 0.195184728347359 0.00797524881608786 0.0892980361625051 0.0412846450714969 0.200043428089785 0.172640883478432 0.158658813846576 0.0977231986884017
0.148539291648029 0.0565638892874097 0.19922000536779 0.200987260880593 0.0308529824265139 0.0138843486680105 0.128847111550774 0.0322362752772099 0.137959257432915 0.0509095774607553
0.175227742326954 0.149244708026999 0.0154501304647523 0.134366194848727 0.00830368328866962 0.106463340703285 0.112469541250582 0.0571498309550909 0.109061384920161 0.132263443214779
0.089575717801607 0.135373545269016 0.123625572569993 0.0531366819296269 0.0430216669570776 0.170130699889611 0.139417307047049 0.124561755428241 0.0100437287955803 0.111113324312198
0.129340919404465 0.153611689688438 0.0443974909789004 0.10662659495399 0.179108397037787 0.0685992892357409 0.0137159667194232 0.084137974398617 0.0565259936859954 0.163935683896644
0.0625186664325976 0.132920196520174 0.0565256852454582 0.0354132953109293 0.0755250351180001 0.0634822740260138 0.123284351611544 0.212055467872529 0.128071759905495 0.110203267957259
0.0527450394056577 0.0417532815306609 0.130814994297888 0.170002628123397 0.0988440992208244 0.043742859735475 0.0542554002392676 0.121424706556554 0.179056874439591 0.107360116450683
0.00344835551215345 0.0894328798919136 0.168530849303175 0.0197569374997491 0.0609053595085163 0.0510807085736513 0.14792382619125 0.12254517494548 0.133424494657373 0.20295141391674
0.120667101775191 0.0413538805213288 0.240769345740671 0.0345059733757322 0.0184175286089783 0.137851861737812 0.0751590859879704 0.127284203293308 0.108085794227716 0.0959052247312912
0.100347849521316 0.168562387771843 0.0318761038765439 0.00784235335793211 0.128349468446442 0.00960129003920481 0.123187241952814 0.140865846490764 0.111342481954286 0.178024976588854
0.0536991026620946 0.141038082847242 0.0585777252766753 0.110762863472634 0.147760799673944 0.080926873532574 0.0647499610616132 0.116037860465353 0.109549008279848 0.116897722728023
0.0625550474867552 0.11690067739698 0.0628695970951027 0.143508237182117 0.156867312550878 0.0816135660096774 0.0545657563414033 0.156883084052101 0.131917114129214 0.0323196077557725
0.104687842411571 0.181630170505539 0.0201243354720462 0.0660044154284689 0.141846177077047 0.138198902116259 0.145352699976947 0.0203656931151353 0.0586042198912622 0.123185544005726
0.140685863244243 0.111934118232008 0.0613085093644278 0.0478324716383837 0.106216831448947 0.0557193494062944 0.101419779253569 0.0400752482759046 0.155447584283867 0.179360244852355
0.110487313189343 0.187837345015403 0.0487402965283873 0.0926194222518791 0.161248641908372 0.166309876684816 0.00734835995948889 0.0881092600616457 0.0216315191349404 0.115667965265725
0.0443504703935582 0.0910342311076472 0.131263418302972 0.0132779409948296 0.209328203851422 0.115275178070107 0.0854838341490448 0.00355725958798515 0.105552428856683 0.200877034685751
0.00757230304400016 0.0126731295572159 0.196020575205298 0.00293500663247957 0.210192230880166 0.0722080957751964 0.0371991242615078 0.127451722172224 0.217777122943078 0.115970689528834
0.153682793360495 0.015905805214278 0.148084150449539 0.0489792179596109 0.16516142540515 0.123990688525234 0.0861794999489616 0.172358621396678 0.0657363714771856 0.0199214262628674
0.00293059137830199 0.054308263371094 0.0375179556943854 0.122314891833852 0.0651633778218338 0.157139930255567 0.169577594776103 0.151470483824776 0.153230186373849 0.0863467246702372
0.173869550982253 0.123678118664971 0.0598256404084333 0.0146303943745171 0.162934547027598 0.0637558317069958 0.0363204213721644 0.0838002274726868 0.177515722985831 0.10366954500455
0.0352951159617306 0.0555415465298053 0.239027754807833 0.12808051852981 0.0483991968347515 0.00645003946296917 0.161821578322263 0.031273402749731 0.0650369984156039 0.229073848385503
0.129026129842969 0.0285385761931964 0.0667468091668937 0.152023445411216 0.129155539758234 0.103672808869988 0.137904330974034 0.0809059177737211 0.0037141204087571 0.16831232160099
0.00176594261967123 0.196857881676164 0.00644648330775698 0.177473157710263 0.0627457033203704 0.00706727688490819 0.0454603513178139 0.217112412484927 0.0514599435910511 0.233610847087073
0.0952092444133624 0.202121299438362 0.0982859939464918 0.20529824290628 0.00728808856100484 0.0457994410795448 0.0353829839275974 0.0951114466992692 0.161804846180378 0.0536984128477088
0.32994345936523 0.015968197406794 0.0502278934920479 0.186078862191848 0.0331867506597325 0.020337241124865 0.0474459151238224 0.0575557540322606 0.0418415504224002 0.217414376181
0.0040645327792271 0.0165169872467079 0.131740269845504 0.0828801649508412 0.10356884081829 0.160192364634231 0.0623091271206499 0.180753810031682 0.102247150759253 0.155726751813614
0.205874117453178 0.0161977518256918 0.000324032372695377 0.0150558962476277 0.0360705339911094 0.19772341817051 0.193423657204342 0.0533326885633729 0.0882835793158166 0.193714324855656
0.0133688000104458 0.114762279778709 0.157819929221946 0.0375042819371432 0.111633966403589 0.143852263312099 0.122128991348066 0.160771421550296 0.11268698127321 0.0254710851644966
0.101581244534655 0.114041074875054 0.0605973260781819 0.0467272202115442 0.18207229748944 0.176500034753844 0.0412330998152 0.0575419718972088 0.0717946499777044 0.147911080367167
0.149972353631934 0.10693940741913 0.00774741546393023 0.0295755078517422 0.119541907694013 0.193389942265222 0.153796861992286 0.0466030567440076 0.157144329085307 0.0352892178524294
0.0528905884409317 0.197349092394969 0.0158104799375519 0.123661921629174 0.0885995103786842 0.193243707720665 0.187645918541727 0.00535836691273362 0.0469107993336528 0.0885296147099114
0.086284123277135 0.164170418950211 0.145457628422149 0.178339373791788 0.0950877571251361 0.0651718089870499 0.0815036002822283 0.0134462182127002 0.12897393672732 0.0415651342242823
0.0908971189579977 0.0749182789773591 0.116276036258182 0.12798096644924 0.101592034515615 0.0676918959939578 0.0842539586973006 0.0413495946756944 0.135511733383291 0.159528382091363
0.000910591295661374 0.210304763445217 0.102606416479794 0.00520686119715593 0.0934005641968629 0.215154981141184 0.08347132985183 0.0401226391245309 0.0933767676073328 0.155445085660431
0.0311507793380611 0.0757549250253648 0.0458693661762127 0.168048965178914 0.0927568454010371 0.117554995175912 0.160052097658236 0.0467669080621409 0.0988097156614782 0.163235402322643
0.0901832639581091 0.114443200811691 0.0963293132388732 0.127151977329595 0.101101157167027 0.12589688639126 0.0372254617382803 0.0615915681552276 0.10820675492613 0.137870416283806
0.1579328122806 0.0964124683705677 0.129252786044548 0.0854367737863754 0.00666920720943512 0.074004715944358 0.01519296948959 0.142788867076102 0.131357069472945 0.160952330325479
0.11419903410731 0.0571436555743732 0.142811737539111 0.0662812748940304 0.108606619876537 0.194825809982291 0.0385207051186509 0.0455297333693247 0.123263047155417 0.108818382382956
0.165092985983182 0.0436584580969039 0.108750052244865 0.0434957357164018 0.0581588873173289 0.0685722729578612 0.115499851366349 0.18577058585624 0.0465526902425869 0.164448480218282
0.141395508187525 0.0269381901633593 0.135641355282908 0.0992568799859406 0.106368847034297 0.146488151031853 0.204920683556009 0.0325273148953388 0.0664680790475924 0.0399949908151768
0.0470771272535485 0.167326569651249 0.177615155817052 0.0739503610487617 0.127801231077926 0.134466307198071 0.0748448130206359 0.136564671889296 0.0284769754053527 0.0318767876381075
0.171914258945176 0.0468889727273501 0.055716095309445 0.0387865665490218 0.106839895949745 0.0635400335322295 0.135154913561958 0.148101155483125 0.100055298545031 0.133002809396919
0.178011617092056 0.117157000254274 0.0209951625487972 0.0511157320274245 0.0986734351561813 0.112667092153965 0.200592010424195 0.055815660422799 0.139927929749629 0.0250443601706793
0.0941480791427011 0.147712190330554 0.0302094905981474 0.0839470376413219 0.140335283956338 0.165255026753903 0.0845124776885734 0.0647891914143805 0.11324609209935 0.0758451303747299
0.104696079862877 0.051894692167472 0.0977798140639993 0.120777037462664 0.0801327026264324 0.0639049673984455 0.155335060274022 0.16476866318847 0.153022031068866 0.00768895188675271
0.223976607069775 0.0635678637798728 0.0565178154935115 0.108830927981233 0.103540294805262 0.220348375759102 0.00858637601966081 0.087818660525492 0.0980750020335198 0.0287380765325714
0.0492083891075509 0.107771612909566 0.157798706969962 0.0519206290167139 0.0500778178497755 0.162998560061162 0.149206672997688 0.183200750860735 0.0676661368815147 0.0201507233453319
0.154591442326895 0.104404755781196 0.0859338179532481 0.00392029619466458 0.141029879853235 0.0684061627446079 0.156605413144163 0.0893934726907003 0.0408640371949735 0.154850722116316
0.13304780948821 0.0932573248054604 0.0693189959298712 0.038214340371553 0.161446963754943 0.118739555241052 0.11517077926843 0.127502175188811 0.114434269142121 0.0288677868095484
0.0169394610536227 0.0848381208346399 0.0932853946137081 0.0469067473531203 0.0441544447099937 0.126885833201558 0.143751143946559 0.0770215448954974 0.188384048004773 0.177833261386529
0.109891953789358 0.0813459121023581 0.0888119905225196 0.134162610341976 0.0510468607693706 0.0285604342461534 0.148856126304807 0.0585342192249421 0.142852280670613 0.155937612027903
0.128235445771881 0.282759088538807 0.064649758303298 0.000512565930716973 0.116712645780577 0.183504756031645 0.118068486359097 0.0153154649780238 0.0630236766738982 0.027218111632056
0.0895676478902134 0.163380296729763 0.10035298742704 0.090634241017817 0.11036653473929 0.039248417130002 0.0675457998425349 0.0626466001605752 0.139356626588717 0.136900848474048
0.0164736399903715 0.127157056461392 0.100202974715015 0.0641623733821347 0.0614589983485802 0.17755003901021 0.0421208920929147 0.115970070126552 0.122050417156782 0.172853538716048
0.0449480271997662 0.118840217290768 0.115184293606176 0.0443765305414561 0.158142311264518 0.0504455620734382 0.0463261661321325 0.109465829856469 0.15345259023954 0.158818471795736
0.118591293675706 0.104780725731428 0.0708532447360198 0.195032525052528 0.039061097680025 0.0243133765379277 0.181433967274121 0.00176758626734322 0.194737484155041 0.0694286988898602
0.0329394422015174 0.159186038899004 0.0957563143545466 0.117676125177489 0.031678636872835 0.0208150289763396 0.169411504187492 0.133562483422127 0.126621879207775 0.112352546700875
0.137363566567198 0.135607353057361 0.144760088737963 0.0180964945881355 0.13036950095958 0.0707012994740618 0.00805664248733965 0.0419163009565615 0.16382730314866 0.149301450023139
0.143993624021153 0.126326651732062 0.0383972153265895 0.0797131672012839 0.102441170047371 0.0847633912712611 0.132920230463563 0.0494513674465687 0.151951991108053 0.0900411913820948
0.225008036914026 0.0209323701178908 0.0963011637266875 0.048047040087747 0.111783706319376 0.0381793200980713 0.0578029960954515 0.195156116447009 0.00340741422086852 0.203381835972873
0.168737003304116 0.218206575047476 0.0205637398075109 0.148698254140826 0.0411575493585886 0.0245442884185989 0.0235850676715955 0.22665027148265 0.0504617043159062 0.077395546452732
0.0931560152245455 0.181658666026188 0.139025193634266 0.17545073768745 0.118443238669487 0.0144048633943771 0.0660272812117127 0.016905470045757 0.0777665761677605 0.117161957938456
0.0710671418214896 0.127631359739935 0.0883935896557811 0.0575681212191568 0.0293936456034245 0.189833311960007 0.0192114243140566 0.150974176643256 0.133580517615773 0.13234671142712
0.0977714269626209 0.00531708625675733 0.0956703533135757 0.0042377006708183 0.0871824387451634 0.17376738714164 0.131167712540548 0.12810189890319 0.207091292010732 0.0696927034549541
0.0870731328439296 0.0534259802315954 0.0878324039286945 0.0720204813966228 0.189364427543812 0.0860125732558227 0.164505132702642 0.0233495727741491 0.0514345985989392 0.184981696723793
0.116766699407733 0.141633212884623 0.120179714703142 0.0954052902413967 0.146697230233554 0.078926847994598 0.053700345630081 0.0122353353441889 0.0721897735044335 0.162265550056249
0.0401045792951736 0.116357768358043 0.0146465829209309 0.0385901892228316 0.180958901796294 0.136275949287715 0.171410679141016 0.0411017973472193 0.0676773741218874 0.192876178508888
0.192065374252593 0.116805839736881 0.133932546209025 0.227899596345097 0.124003797596245 0.0603005655443367 0.0356030576859529 0.0471643549378541 0.044342763873907 0.017882103818109
0.0500824671416546 0.174221406030481 0.125940384290035 0.115355138463846 0.118565353887421 0.126726705672882 0.163982286326005 0.0092927334082842 0.0206995926156404 0.0951339321637516
0.158510167828834 0.0999910197716007 0.0445631088749255 0.115324822539096 0.0131383626259206 0.0656050193994233 0.19025969098271 0.0228305543195867 0.129282842733245 0.160494410924659
0.0412506538899953 0.0683981747405627 0.117755055887622 0.080786142544709 0.0416318694315407 0.00775966772372867 0.113210799141143 0.229489028854914 0.187412708269791 0.112305899515994
0.150274035320133 0.131328407772542 0.121741093482148 0.0478138225798017 0.14592430744962 0.0698455847706223 0.0963444610408957 0.0484016742187132 0.0770332682278381 0.111293345137686
0.0419108943581012 0.0580930877159839 0.0385295148465861 0.0899920687184972 0.0681414917616276 0.07894646729403 0.215693228298033 0.0402378765166721 0.246314465028946 0.122140905461523
0.0997096724926991 0.0679694731696639 0.0864600957020537 0.109653116091779 0.1442946416082 0.0898986509559436 0.0998592269908493 0.14292831124504 0.0304822553610476 0.128744556382723
0.0116404932463487 0.0483225615365899 0.00363338720134255 0.0817788862403875 0.192615423264465 0.114148252602397 0.114832322959547 0.0700344215773647 0.180974685693546 0.182019565678012
0.125146930639592 0.095003198632554 0.0936972454735939 0.111260112539143 0.0749569851331487 0.0578314854616629 0.0466799237453488 0.166028537031038 0.0101863190946762 0.219209262249243
0.0543678895696469 0.152034607427345 0.0619136449854628 0.0531768210995526 0.137328328279181 0.0184951425943966 0.217888498341985 0.0910753637964516 0.115895176365159 0.0978245275408192
0.235132743481952 0.0401101067902553 0.0253500633878417 0.20791190649421 0.108090481964366 0.0400810906529913 0.13577714387104 0.00964066874506046 0.00913365132535061 0.188772143286932
0.0176600433243902 0.0828044089816948 0.0868503410092165 0.231004568017841 0.0969700192640369 0.207569093889249 0.131443758627157 0.00168099606475959 0.131110072465566 0.0129066983560896
0.167291640496217 0.0648328775975423 0.173222228624364 0.0557144933305583 0.151409882116477 0.0828204528165349 0.0846576865032329 0.0227591148110909 0.00408438287185238 0.19320724083213
0.133155027342859 0.136263482399017 0.05677749686631 0.138076936991035 0.166341503120536 0.0247520824027847 0.133483861350715 0.140419964009106 0.0242225704285585 0.0465070750890782
0.177677936265009 0.163793979126016 0.0301123764147219 0.0144159003154794 0.109959823909103 0.0549164271222192 0.0717311111230511 0.180907622608618 0.0716189746884992 0.124865848427284
0.150549602611225 0.144210214352395 0.135672416112426 0.0895051990184344 0.052208349180876 0.0845151597381088 0.0522057263976917 0.119870544739327 0.138686643509554 0.0325761443399624
0.0596089889875051 0.0298047804261299 0.142198486027583 0.00189847802172037 0.164865139203187 0.140915302083284 0.121922087675707 0.166181204843684 0.0018631098736717 0.170742422857528
0.119315722986385 0.122504672817208 0.152030304181641 0.0684423297676846 0.094356258109481 0.0295662196693323 0.133020393397612 0.0361881726336209 0.157731453795787 0.0868444726412482
0.00607471087360734 0.158145744715923 0.171777236038355 0.113319068620858 0.0170657621362743 0.143343891409288 0.0139639535712863 0.125313117412132 0.163898555935341 0.0870979592869359
0.149976596711066 0.0533042579377515 0.0612733257105407 0.164657262416586 0.103587209256008 0.163730872457686 0.0278033166889815 0.147966938238413 0.126207282040554 0.00149293854241268
0.0934691821586111 0.180080972925616 0.141273645580257 0.0108554890595347 0.145812173953102 0.229948709588378 0.0632729429209236 0.019010890467545 0.106148193369068 0.0101277999769637
0.188045630512791 0.010213334347229 0.152903013375127 0.194080264581738 0.0263515296617695 0.138255309483268 0.115144841259793 0.0828218768519588 0.091415369083129 0.000768830843197077
0.125600931963939 0.0917098524009446 0.137466209157142 0.134626130859828 0.127917784953104 0.00138539167583947 0.0633441877063164 0.131658932810428 0.0775159443391168 0.108774634133342
0.148515632710653 0.178255766030009 0.112855130691928 0.0352515609811753 0.0328432125792243 0.185396420882435 0.0485390704322267 0.0636451803137633 0.0501282751822605 0.144569750196324
0.147649670357473 0.070519042576244 0.134950851652604 0.0265462256515019 0.0149242205613659 0.111057899054414 0.118833237866641 0.138500445515778 0.117103533937775 0.119914872826203
0.0795161416864795 0.0960251953930574 0.1374116142573 0.0455520614413152 0.0545954812394132 0.0970635413075197 0.152926623861728 0.060711284962934 0.101915053710144 0.174283002140109
0.0942916588891218 0.122825777257387 0.147514710818658 0.140649884745134 0.0265634783679239 0.148445384731596 0.142710561983467 0.0470663938513706 0.0638257643055506 0.06610638504979
0.123773961795636 0.0358059969199997 0.0389272717186053 0.0625049443154425 0.122566227370766 0.0677347721463791 0.15108095676752 0.215184762234827 0.0851371026355651 0.0972840040952593
0.153506105968457 0.171907959154598 0.159975913387576 0.0911888992316256 0.0761027838499207 0.0886340815718182 0.00696360957857701 0.0364215919924852 0.127817963670591 0.0874810915943508
0.0271840037690846 0.105371875790157 0.12594658920168 0.022489319068432 0.131061711445675 0.109750461913191 0.184407360078357 0.0464523848562309 0.0548314927644272 0.192504801112765
0.116170358460603 0.134652557081752 0.120759248784821 0.172973956401421 0.152382360825973 0.0452817068604306 0.043216388485616 0.0721250907189085 0.0593677065830879 0.0830706257973864
0.096507034864805 0.112416442499925 0.0035069930459025 0.133909345657187 0.169588559349392 0.0338042187550594 0.0861913849295124 0.115231498671934 0.0841825549310491 0.164661967295234
0.0176333192810099 0.0532541623991796 0.0186148731359019 0.0396021822985385 0.102048415182615 0.250141469022096 0.124246683416772 0.0597146802198866 0.0433256606336691 0.291418554410331
0.0386706034080641 0.141996952398753 0.153718130326156 0.16634597891251 0.121502693695556 0.150787393270784 0.040554502520464 0.0198490403965339 0.00328246816593434 0.163292236905245
0.153772962539183 0.118943757384212 0.0701242637852559 0.0988215156717326 0.0505495066510921 0.130999549789762 0.0869761771487612 0.0888230635012792 0.0607428834528069 0.140246320075915
0.131910737595971 0.0993674556522198 0.0465017908532551 0.128897301458069 0.0806466907929875 0.026524638422695 0.132018630135808 0.117642278694689 0.10777423088476 0.128716245509546
0.0773988811128534 0.113892334927377 0.169913534807821 0.147297785711661 0.0450125021098343 0.0269212022823858 0.120173742210627 0.0191958825264205 0.164940376783309 0.115253757527711
0.0249788916211335 0.0336477698573886 0.21919435120824 0.0328799714692535 0.218841309838793 0.0459182560621925 0.0478028557479248 0.23831940621059 0.120046398168639 0.0183707898158448
0.136945934139067 0.0421505687242228 0.114464636700214 0.0797595794101016 0.0325322897628394 0.0429873594670786 0.149623915164103 0.173239307097773 0.11443936484028 0.11385704469432
0.158548173999814 0.0941892458758359 0.1682807516152 0.0856667137345581 0.00177093673139134 0.00475224375996466 0.178323117191692 0.0825675510584703 0.0838919321983162 0.142009333834758
0.0596733583787374 0.0516660748358949 0.180706420542661 0.126135940747065 0.0153853797495306 0.163844675956767 0.0415914601121927 0.13514943700553 0.0910736925342499 0.134773560137371
0.120060962434404 0.101252467069513 0.146653844629417 0.0493678739220937 0.0787446924247295 0.124180341468283 0.150317978609316 0.0702987624697191 0.0633920123866017 0.0957310645859228
0.0684216558623337 0.0275618868933818 0.125410944176034 0.0597214449372571 0.118943996187148 0.108031200838834 0.120861243881491 0.137636604781483 0.150505765728183 0.0829052567138539
0.0874324265820314 0.192164352508161 0.215596826698468 0.0440147925680265 0.108120432758709 0.0187140911332403 0.0766336282062998 0.131435721406903 0.0157849424192139 0.110102785718946
0.0387427635524375 0.154856654824534 0.0997291087563511 0.0419092959322702 0.0450037790127129 0.203102475425745 0.199075344881316 0.125359594562184 0.0329615322647553 0.0592594507876937
0.142628813466669 0.173475579900867 0.124069458779028 0.0154596462540821 0.146033372616711 0.032727234829779 0.0780095378286605 0.195990794470701 0.069057986388573 0.0225475754649295
0.141004620558455 0.162092153902279 0.127332724549713 0.0998480893910735 0.12902378427616 0.0745576883220761 0.00727962119905176 0.0160114735784597 0.0561270558108282 0.186722788411903
0.0552200509912865 0.112258792769448 0.117956643183999 0.133709806829274 0.13167878745293 0.135397021032232 0.0282990328712893 0.221569944850309 0.0373978797684003 0.0265120402508316
0.119587991438516 0.0810172728567541 0.13769674854997 0.0750874488213317 0.154369613117018 0.044231582327351 0.109642895185789 0.102626891122699 0.0982935764322867 0.0774459801482856
0.0689776390319885 0.0491174884106991 0.133318724201651 0.105082223903253 0.0752330059025092 0.0546013497862799 0.156129988605994 0.103368419129781 0.0728225908403943 0.18134857018745
0.0236001108813481 0.164734201644766 0.122318538286839 0.128340071710129 0.0759872549651707 0.0156576741037777 0.0691612521587094 0.156278984492097 0.144783116046409 0.0991387957107541
0.129714255967291 0.118057915994724 0.143887813570801 0.084841083220992 0.0272196602206752 0.13782607783537 0.112457284397862 0.134264030169687 0.0364357248409563 0.0752961537816413
0.0949355936300796 0.127176385759979 0.108887486318516 0.111595128180866 0.0613682680115872 0.122717542385773 0.0751298157301606 0.0275696222425954 0.122425028000916 0.148195129739529
0.0644034107862052 0.159093013014116 0.00867715894801421 0.0694075366058833 0.16361961829821 0.096747261910263 0.12126398119831 0.135625628709463 0.0477215537866769 0.133440836742857
0.126711303563058 0.0651628994075707 0.00833500765975775 0.033674593792274 0.0427424846093352 0.176971200711384 0.121534770461169 0.125110702247047 0.169647221636408 0.130109815911997
0.148326015116004 0.121858054493898 0.109537546898167 0.20250946056982 0.0962516071605335 0.043827405719138 0.0950155329766906 0.00166015294670736 0.147114431979338 0.0338997921397041
0.105597511471083 0.0578430114438702 0.0263835164462511 0.0880732728869953 0.0842313083859006 0.0717483858194666 0.162325945450257 0.163810655837601 0.124075362999599 0.115911029258976
0.100196813782847 0.130862457258054 0.154670983004101 0.0939794101677383 0.175502515312932 0.0756094242398929 0.133401574595893 0.00177621051079499 0.00698311991072063 0.127017491217027
0.0396526325038026 0.123349403170589 0.13847795109811 0.117392451899914 0.0930351207295912 0.0538279321584349 0.132450588099374 0.13573139124163 0.0554940012825109 0.110588527816043
0.204772744506557 0.181630356847913 0.061855126268838 0.175860286038313 0.109629052654586 0.0727974099350809 0.00286518633071883 0.151985888230195 0.0235519841649682 0.0150519650228303
0.215178614518889 0.0346953060586658 0.147148085583855 0.149121322554722 0.0610273414038074 0.155518414849798 0.0187783138151029 0.0236952727171085 0.140225822085415 0.0546115064126362
0.0344069871374067 0.0144303031076162 0.308928475468153 0.0438269204800887 0.104968394834371 0.132948917184735 0.0544377412084634 0.0735858405244911 0.0163836030300013 0.216082817024674
0.0998522212428296 0.0397785777401875 0.17024564360788 0.0365957282621495 0.056414760547409 0.147332785189891 0.100988824973391 0.141447703917046 0.160240142529626 0.0471036119895897
0.0468152034150934 0.0675654329660189 0.111356620981547 0.0875718698623783 0.129186240889665 0.156797401872529 0.0472607311763896 0.1592078316764 0.0536658919860346 0.140572775173944
0.00491662212077615 0.164097494193337 0.066258947090554 0.163889977580699 0.1613894760934 0.105266863616869 0.0953180208655892 0.076046988754964 0.0365761706461013 0.126239439037711
0.0843189948061174 0.0466747971478867 0.0703460383942895 0.00959960342298468 0.0936974809109215 0.133617951810547 0.144659864948352 0.159174853198304 0.14420500217515 0.113705413185447
0.0857171360366226 0.160525547165234 0.0300281863027632 0.148446773778838 0.162453734679952 0.129610960156373 0.0697895415519071 0.0574802204109578 0.143590818126492 0.0123570817908603
0.0305574273599107 0.0887675369796186 0.182971255008001 0.00136597869454926 0.151900572190803 0.178357589099193 0.171492615061638 0.0917596824375543 0.0416655358291588 0.0611618073395736
0.065712395172308 0.0403123159645978 0.174693430238872 0.0184728202890691 0.100054155755139 0.176240573350299 0.0548768243950824 0.149581223915099 0.0611396164216502 0.158916644497883
0.0314681947459765 0.182927493250347 0.0786880575397555 0.156283314748306 0.0779329407034935 0.109200551615123 0.0742152471182208 0.175327701622855 0.0148220621010154 0.0991344365549076
0.105682689377639 0.0474820685710442 0.119955274004556 0.17429046164103 0.000835897233788132 0.104333195216482 0.140533389262803 0.0623451542716056 0.0628872335067771 0.181654636914274
0.171604794141558 0.122001709882506 0.0690353850705249 0.160677612209211 0.0276051504809853 0.153323344400331 0.00425706856383036 0.0538579598195973 0.158822155407248 0.0788148200242086
0.148840820707618 0.168111753223581 0.0748745245876065 0.0987233395219083 0.0997054128233726 0.0763052013651985 0.0392750876061562 0.110610891491779 0.175925730319624 0.00762723835315558
0.131455195199568 0.103761485913901 0.120020030735929 0.0154567835018043 0.147672390637071 0.0185260384507194 0.105837931158561 0.206859417801022 0.10060950239136 0.0498012242100635
0.011590960289681 0.0487737187130689 0.121204393107498 0.0570355997443269 0.128749188007065 0.164300468628388 0.139914847854003 0.105845130556603 0.147192883273655 0.0753928098257114
0.0790687172122766 0.135656716578766 0.115788244323398 0.17113995924172 0.0848323622940637 0.0651261324791024 0.162932670864619 0.157039135750189 0.0131294039001292 0.015286657355737
0.0816162409480214 0.145597736726987 0.0881205130744507 0.0643435238405654 0.100096797339219 0.160541853216207 0.116518741528293 0.0478738643476886 0.0955599733942028 0.0997307555843653
0.18400706065641 0.0585280245030994 0.123043045842023 0.0155323130503359 0.00053256329738255 0.0946666111890589 0.146949375542438 0.150547813535504 0.0333357221850334 0.192857470198715
0.0904740486926796 0.0790686412396602 0.0783465685604519 0.0437261786401875 0.12990767179647 0.122963570334723 0.103655816630907 0.128816365998031 0.142950597477759 0.0800905406291299
0.117251559570253 0.156507051379891 0.0754369888628771 0.0108929158621683 0.190687713618286 0.0863358995956394 0.0122349659191249 0.0995787731978054 0.045494340861476 0.205579791132479
0.159054063956347 0.0619420792234887 0.189667781816311 0.0757980471982409 0.0422948943682699 0.265689609287509 0.0204977239606297 0.00887969633003164 0.118680943221092 0.0574951606380796
0.101851450287376 0.084571966037815 0.0627150856654435 0.0796309904723964 0.118157755661391 0.0803426354306652 0.136415047736562 0.0360682319024525 0.15586913042403 0.144377706381868
0.0869966064690609 0.0824811404979882 0.221059672559302 0.160582320241577 0.00254241948129689 0.216054021684092 0.0341211282632902 0.156555288888115 0.0300750784625846 0.00953232345269368
0.00577753957430171 0.0885134547860697 0.0182245312792927 0.0956869526695109 0.108636399709677 0.0542704071172322 0.0383796345781 0.208582061994799 0.148430795141351 0.233498223149667
0.133425089712612 0.166300464535081 0.113912721870573 0.0880436238810603 0.0174758005218954 0.0867490409242477 0.114968687011866 0.127588925177072 0.0335730325922297 0.117962613773362
0.0665243480110965 0.153275949424343 0.11186116109199 0.0723096863786111 0.196348944251478 0.0794697386577576 0.0937358217965696 0.047709392101758 0.0444062442284642 0.134358714057931
0.174642478272006 0.0226123473685759 0.180228419694038 0.193679950783774 0.00225312369226585 0.0689014611157669 0.0492525890163241 0.161576597995781 0.0616988006850308 0.0851542313764378
0.0935370232553858 0.131069345731426 0.183083198147612 0.0441139353714123 0.0781073485393407 0.0143992508248854 0.131928368731156 0.0800450979770478 0.074440109909713 0.169276321512021
0.0926799126223341 0.13635748325734 0.0857858014513178 0.075594515982465 0.0949791778590544 0.0559841347760142 0.0132025759997561 0.176619738655134 0.148422277490918 0.120374381905666
0.0711030342131214 1.82568596090647e-05 0.0163447418115676 0.218519156222317 0.0545921836945689 0.0305130963280026 0.135845306707531 0.246518088976687 0.0196682586595737 0.206877876527022
0.092669381153059 0.0999279324231421 0.0870470976170666 0.041240912551251 0.0983754831942493 0.185927279180705 0.161015708759138 0.0206472021116931 0.119012993236826 0.0941360097728694
0.176483858182156 0.164010875838524 0.00440565596966368 0.159974576005338 0.164295268621476 0.128951853676464 0.0745447640593621 0.0753216255184794 0.0209494530351525 0.0310620690933836
0.000771412661698598 0.0313247282265709 0.196735095867509 0.102850071626662 0.176737154971695 0.00148094116900896 0.157640069953546 0.0913442678467497 0.173512807309862 0.0676034503666965
0.0259644748617923 0.0491434040777291 0.0125370164602636 0.202102196440024 0.108313672276223 0.0792112609657337 0.216190420672119 0.0918061162355332 0.0224464356910392 0.192285002319542
0.133205422981556 0.153119325963285 0.0190690666610241 0.163682567714451 0.0153288407062252 0.0202016202546492 0.126515635924036 0.134157457781257 0.116490819291515 0.118229242722001
0.0626151633700434 0.181906676855933 0.119738465993917 0.0297392135888771 0.110371653029361 0.0351510487142656 0.134434736191377 0.100302612929899 0.1175800347858 0.108160394540527
0.078023727739501 0.0597186122694729 0.152148788118129 0.104493286626788 0.0534223160984323 0.0134284802257399 0.168607423133455 0.0947614149965313 0.148929617992241 0.126466332799709
0.061463884482594 0.0619847539160802 0.137179368782834 0.0304070475329203 0.104161678779836 0.187904165111359 0.104759368707598 0.0805560683322357 0.129760161324347 0.101823503030196
0.13126574818633 0.130260755179427 0.152200842673606 0.0534377632728475 0.114223776742355 0.0979028642316171 0.0452147914896163 0.0295294471327065 0.168131071042768 0.0778329400487277
0.195388909217406 0.13227366944109 0.0188159091119892 0.0122725254741337 0.170951712921959 0.0771527155937542 0.176052894791227 0.0223793144367389 0.0222208330307831 0.17249151598092
0.16295758357772 0.0574719192234727 0.0709663321228288 0.108754716423785 0.0462634185913927 0.0026781734775079 0.227115295435784 0.0473342399890372 0.202465623058588 0.0739926980998842
0.13997017390391 0.0120809346556812 0.0112722489188594 0.120522481928971 0.130609952551127 0.0414788187025637 0.155773764503284 0.143808131289658 0.120421066051304 0.124062427494641
0.0235901023968487 0.0806008190087116 0.155282149224176 0.0651445216658273 0.193550845059113 0.031678489290667 0.0593574639093037 0.119521811453852 0.191442940469783 0.0798308575217173
0.0444951332252983 0.161905388345777 0.0351886801655446 0.109698873305702 0.132323827980752 0.13697302874932 0.0582640469253441 0.0729820138364817 0.117325449346423 0.130843558119359
0.172209698201862 0.130968987370126 0.0387935601168368 0.0524327899521749 0.0619348620452871 0.0110168114939069 0.108479151786663 0.171453117550066 0.187105776447045 0.065605245036032
0.147696147773019 0.0430673075113413 0.0285129550097641 0.0802634818296271 0.052151042562948 0.131311292012189 0.142624820978469 0.0923497231770185 0.14418722234486 0.137836006800764
0.0953188319917725 0.0370117562959971 0.0436128657216575 0.20016497390224 0.0277389867664172 0.112053797123376 0.0135183959830703 0.174207960903387 0.0851997319710688 0.211172699341014
0.0690986772958552 0.185015379687251 0.016318083190519 0.000296123166198649 0.245088573538819 0.0562994557290005 0.0858833099689123 0.0814317245659587 0.116467673280168 0.144100999577317
0.149865648315863 0.107497598348037 0.10249846232223 0.078973847902134 0.145339096005963 0.121136330421301 0.0413430489972708 0.174830830943538 0.0183770689825595 0.0601380677611026
0.00569888407326115 0.159987308538763 0.136476862881823 0.0830278857112756 0.200767476897192 0.0668750226626505 0.156571427989546 0.0376718237802837 7.20848840018488e-05 0.152851222581203
0.157100915897864 0.0604620292901051 0.0190131818314332 0.0915143307430579 0.122762971820924 0.155389204251647 0.0244573055974275 0.14696095320065 0.167735719466719 0.0546033879001723
0.154684003835779 0.0281965136031961 0.0951023907554703 0.0488627725567224 0.197458342484445 0.109141473558144 0.0546398298113983 0.130987647492734 0.0727434750045813 0.10818355089753
0.214571921876013 0.0799172968140326 0.0825574580554036 0.0973978965564088 0.0531141150854417 0.0679795324735982 0.0997317331561277 0.0515577513593233 0.151419189359829 0.101753105263822
0.164241173143581 0.0681598065885127 0.053956016407604 0.174955080301723 0.0242077146107544 0.113253492692188 0.140876116253839 0.0024408319053394 0.167207427833909 0.0907023402625498
0.00314361284631117 0.0944779295218561 0.186655851260905 0.150259871067539 0.00349989562538672 0.15089524031685 0.0807576755463725 0.175669404313854 0.116288836415408 0.0383516830855177
0.056085434947993 0.112895965375424 0.0192812320156135 0.11262292288517 0.115036986511653 0.176093790882303 0.0323693104877931 0.159244365110403 0.130198073656847 0.0861719181268013
0.00607257319016615 0.128723282394609 0.120872768140768 0.131696658881801 0.0477991728685144 0.107616838578299 0.134002223459404 0.15290494330924 0.0153741705787755 0.154937368598424
0.0729314995070151 0.131216765841223 0.0784851237315233 0.111881188611309 0.121172365749745 0.0540485458862182 0.0416376637831711 0.13605164053795 0.151780249778016 0.10079495657383
0.160066090390562 0.0727767207982554 0.0609973112804277 0.164174138931408 0.0394620715532574 0.0381456392462426 0.0846616013223524 0.146788591616236 0.123817993988084 0.109109840873175
0.0662528408873417 0.155549397497038 0.0916022119532092 0.123256279681348 0.0563519395268252 0.0142601725916288 0.227544792429144 0.0678908044728416 0.106314862358588 0.0909766986020359
0.077207726216516 0.0614882101417907 0.0292250699496688 0.221792166572188 0.171705314318633 0.0761693453574721 0.0610470777481905 0.0266050976367974 0.135715333370623 0.139044658688121
0.0289486435628364 0.0920724429332365 0.0535832724891415 0.161632299798303 0.141613804606718 0.0318082211195685 0.10269623612899 0.179392448958745 0.196849425336286 0.0114032050661747
0.160001987249579 0.0466309963513628 0.103097579182152 0.0672034318510429 0.00885162946335687 0.0865984977223553 0.175238776976273 0.129852018274939 0.148653989580438 0.0738710933485021
0.0234961629614344 0.156062923866936 0.172684715085882 0.0278784483668138 0.12878933256799 0.064927505421642 0.11694115065501 0.209893352237684 0.0343254185320074 0.0650009903046018
0.182774179968965 0.107912960416286 0.0948665610075563 0.0898363949074072 0.0842469970174414 0.0857790457544311 0.0351964878682886 0.0823821056523647 0.14132461212146 0.0956806552858002
0.00265654861696784 0.0680847962795186 0.128788797476699 0.148772560734995 0.168959326619616 0.163960234656237 0.139868917532188 0.0759215118978885 0.0072589392465591 0.0957283669393329
0.099049959917942 0.0804892984201787 0.111061833883784 0.153542193038468 0.169000392407632 0.127913637229672 0.0910847010490549 0.038399789941791 0.0524021040938213 0.0770560900176567
0.0439981049620177 0.123590256110103 0.0981134753592315 0.00649103296062221 0.0824442112201114 0.230481880130455 0.114727222069123 0.0553831686069479 0.210411196034999 0.0343594525463896
0.0740737779701338 0.0675899593776982 0.132797054791752 0.130695206023174 0.129880416310801 0.0631196717834322 0.0725227695204755 0.0863269374239252 0.123057323944074 0.119936882854534
0.09332216122386 0.00588866570578125 0.0769859732468381 0.145513849361534 0.229150319607779 0.00974888879345286 0.191379616683602 0.172206156192654 0.0329851762910125 0.0428191928934862
0.13184092364127 0.128503765795644 0.0841192990972301 0.110083476378962 0.0133837027259294 0.113398268261115 0.12266595115569 0.0344437140087754 0.123377687807091 0.138183211128293
0.00525481975689748 0.028655174850128 0.0859744295116964 0.0264123933743344 0.036728471231533 0.19360195840694 0.0862473240815965 0.169324261803522 0.180681252279079 0.187119914704273
0.151182609793477 0.0720641071239141 0.0230700141117304 0.138832692000836 0.0254129677510484 0.187457259487298 0.0803960263346693 0.0597347732641048 0.0669860076802624 0.19486354245266
