0.191548115538534 0.183984887205975 0.0892039762956866 0.079177235219626 0.140306044523427 0.061235510157541 0.160874656771065 0.0936695742881461
0.0981963407678509 0.190421751252181 0.15283815311841 0.169524913669604 0.161888351592311 0.0298420061143368 0.0115658670438696 0.185722616441437
0.192767090528258 0.0856707106263807 0.0289711426396307 0.263721188936855 0.0534717783066151 0.110061913334211 0.230088674529476 0.0352475010985739
0.117124126212006 0.174221481428493 0.181337521234491 0.0537225441209778 0.177669461795872 0.11504032582854 0.0469841091054146 0.133900430274205
0.107428218232614 0.128081752812651 0.0898448878516673 0.157103048726466 0.0597149605641635 0.11881465860293 0.165845459099632 0.173167014109876
0.187162934924098 0.142040383306499 0.173078593425056 0.187941965207881 0.114812664983999 0.00023104963423553 0.0740613506722687 0.120671057845963
0.0912567111361411 0.107553208259756 0.0813030371112408 0.20612863050727 0.213137619788326 0.144915914077334 0.127437707610789 0.028267171509143
0.152357361968874 0.215378953430079 0.0148935926267045 0.107240080165489 0.0988574572128924 0.156399190804094 0.163706465104031 0.0911668986878363
0.097777396173169 0.205228893260713 0.220356438377219 0.199838239413118 0.087067010134821 0.00208405948171727 0.00432445882987725 0.183323504329366
0.142767522677103 0.055118889236372 0.0988405888153794 0.19188562125367 0.113235330970904 0.0669678977390601 0.121790723656939 0.209393425650573
0.0146423053886732 0.192092859010936 0.187448163296948 0.100319026611095 0.225963908856053 0.0118534661203904 0.224173134282666 0.0435071364332384
0.125846605209441 0.274955835979136 0.0730509880467988 0.0845893201999947 0.0178675145596347 0.0092834990227873 0.271880670276776 0.142525566705432
0.112523233345735 0.172992253555866 0.114755739752324 0.00280972334032915 0.19773624338289 0.116481768135751 0.0524930978764998 0.230207940610604
0.0188431822110152 0.206731381452119 0.195440658971683 0.18469051535342 0.0551133198268976 0.0866309576794485 0.0625278957246931 0.190022088780723
0.0566982047236681 0.165064653248464 0.159787836102409 0.00639300774805591 0.106090442998511 0.185777376292141 0.0743803801148265 0.245808098771924
0.107721930494747 0.12954585640059 0.0734321696851019 0.233093523291223 0.165587395976182 0.00871471577631346 0.191829951162233 0.090074457213611
0.099186307294183 0.17294240124382 0.238213143631555 0.0713475395815836 0.015564840798278 0.220478833188344 0.147475158513009 0.0347917757492273
0.0875770169826058 0.152325825658294 0.171431823764329 0.133960409802495 0.0755196632844554 0.136385595430302 0.130562065131793 0.112237599945727
0.0889792325225025 0.191054274340586 0.0854481678289696 0.056726742927376 0.174077496880307 0.153735418607336 0.173111411079242 0.0768672558136808
0.0543789257327812 0.0118350909782141 0.177453983633452 0.274474685848043 0.0107338769267508 0.169317553571364 0.0167067030245558 0.285099180284839
0.109393935380159 0.0826976959653689 0.26983180077051 0.164861645494359 0.119877027797717 0.0158053052190524 0.189778428715203 0.047754160657631
0.200315408048399 0.238563003336294 0.0951595101411502 0.247204045914234 0.0352722901730551 0.0759091626915196 0.0192675381745754 0.0883090415207738
0.183239056301109 0.154936230566959 0.168694940074247 0.0496579802886277 0.0510110165459723 0.173158008045704 0.0894166763366187 0.129886091840762
0.104759819782787 0.0629022472761553 0.130492715357426 0.182392972344332 0.170475686417509 0.183933955176297 0.0523887498782432 0.112653853767251
0.208115541643968 0.205127261777049 0.0342532540723073 0.140238957972796 0.0375967412725355 0.100463789526226 0.132930891925086 0.141273561810031
0.191860054698176 0.0566755831249995 0.109500307700432 0.242670104131098 0.220054836910268 0.000677686405670777 0.0515997787619387 0.126961648267418
0.219074532510376 0.0430782033617969 0.167441998812231 0.137035131157355 0.0868361956368261 0.214135037082256 0.131447686482821 0.000951214956337737
0.0244469877885446 0.130325355891505 0.149519137075479 0.180441307914162 0.17984158943705 0.148989426052021 0.168012195334715 0.0184240005065231
0.0506188298229844 0.12270095632366 0.128094594569435 0.138361336218987 0.168912979114196 0.165797303532456 0.03460164942253 0.190912350995751
0.101447022131449 0.0484428764101709 0.176592362461642 0.232497719535934 0.116609254322863 0.146682640972071 0.134469091872762 0.0432590322931075
0.13082444686958 0.023898504700296 0.11747077984678 0.169959580113077 0.00730813607618145 0.186204014889778 0.178378492745457 0.185956044758851
0.186493550707665 0.168761311624248 0.0927796624936498 0.0522229343403383 0.130936167598391 0.19391168551085 0.0317403269189853 0.143154360805872
0.151847709303556 0.125591471228887 0.107539160216799 0.161196287984282 0.162359641428478 0.0239379234050896 0.145370244391621 0.122157562041287
0.042420881075972 0.155792090265035 0.110294980943914 0.0749685811508909 0.172679872385955 0.188279649268028 0.0198170699495647 0.23574687496064
0.200043671554799 0.177585800891662 0.150970648900994 0.0769017377675484 0.112368952684146 0.0759965789111476 0.146892626128378 0.0592399831613243
0.267381384966939 0.259481747371044 0.2179855516814 0.0448266582041879 0.0500765747734918 0.0503722101993406 0.0151947658140508 0.0946811069895458
0.121561427369094 0.209055795761748 0.0293269635714931 0.10977409517846 0.0630888803930476 0.211461407189411 0.0175797084133742 0.238151722123373
0.20022844244654 0.127468143548113 0.0429345528333895 0.153844879081145 0.204612441035199 0.178103489369292 0.0378533439952313 0.05495470769109
0.162423657176101 0.129858868500126 0.123564835190555 0.191270167901006 0.107992222532852 0.0421525561460973 0.0853478154236998 0.157389877129563
0.00942826880528421 0.215642919445599 0.0429023733437061 0.115134067669927 0.0989098269901924 0.143873314464237 0.190890709886539 0.183218519394515
0.168100359816224 0.172092920318585 0.085519386136305 0.176220593201979 0.118039324468217 0.0861770757608664 0.0792747787305121 0.114575561567312
0.0172272251739915 0.107730411344144 0.132269377783002 0.207953588262897 0.0653977526841669 0.170237527007919 0.080502666969002 0.218681450774877
0.20506087034479 0.123761639343057 0.045988248268825 0.0622501176809917 0.0158347612369726 0.17093997050866 0.154699995245769 0.221464397370934
0.24045768584533 0.0821810132077612 0.107596578970686 0.0947009844574245 0.0876751746684945 0.149820289906381 0.114805838131021 0.122762434812902
0.171433838244272 0.149468373059054 0.00221055773916095 0.155128677637179 0.155611376630578 0.0346078260399753 0.218741672933241 0.11279767771654
0.0337806340307531 0.299410983057268 0.0116358289694265 0.159056286501536 0.100755611026574 0.0860990045648876 0.19829784039184 0.110963811457715
0.0249898557588666 0.111779658315433 0.202609724700368 0.206164975763167 0.077109015652794 0.189475392219145 0.0216786571388707 0.166192720451355
0.00119793076853291 0.164770523968529 0.143749242049662 0.198760646656067 0.171736569090584 0.108654660281534 0.100871866534707 0.110258560650384
0.135623637820268 0.146807010469525 0.177449796198686 0.144290904873778 0.000487896059363004 0.16268312417246 0.16196279942107 0.0706948309848505
0.248404874526961 0.122746014796483 0.0290746295016612 0.142114233741535 0.0542724815725763 0.15759387821699 0.098908236924877 0.146885650718916
0.0405419443788988 0.206509378087996 0.170293449451893 0.176924593133062 0.21834482945309 0.10756234754691 0.0272795529842066 0.0525439049639444
0.183123908278488 0.00690361927156653 0.151839346691544 0.0643426731693947 0.0455114972535514 0.258161614644639 0.208250302956315 0.0818670377345012
0.228225100056234 0.0756427813288489 0.0728192537970563 0.00457712811688986 0.0561955964193235 0.185818438516276 0.235961680882604 0.140760020882768
0.175155879808797 0.0583555734595664 0.00939542900220841 0.168503404023695 0.124306484691008 0.217562955952823 0.0481319533441068 0.198588319717796
0.0832445587514427 0.121690351225824 0.0246926097618059 0.212532456293395 0.19085110769569 0.195706220451409 0.0353596896867905 0.135923006133643
0.0196713780182415 0.0611200289471414 0.346246882312092 0.000907192647207562 0.141972146152943 0.0846406551337952 0.100825236994353 0.244616479794227
0.0662293366703452 0.228809832758709 0.161312971241221 0.0372920307474785 0.0548111973874143 0.144683937647066 0.0987299739794514 0.208130719568315
0.163807632026996 0.0920671071526833 0.12778242375654 0.133093669964768 0.127480411610591 0.154054603341117 0.0942851345241321 0.107429017623172
0.0737600979403547 0.254218681711191 0.0463682265125867 0.172901218504935 0.201917682583481 0.169688399717813 0.0221480259615416 0.0589976670680974
0.153719174891059 0.180432620082391 0.0936021011279613 0.135371300167064 0.0861809879882152 0.19757705779485 0.118149816382299 0.0349669415661611
0.119954399238073 0.12465919068677 0.149206856260324 0.0999996196295883 0.172003910070634 0.0288127653415659 0.171002435983277 0.134360822789768
0.215794128568612 0.200985167740968 0.00788844709833397 0.090378813148991 0.261148455331774 0.0341493519193832 0.160777524950862 0.0288781112410753
0.183903294536253 0.07839760290139 0.107907601323076 0.176930355937365 0.0695412798327689 0.156846055526245 0.0944698757461669 0.132003934196735
0.0369359396933356 0.178054093517481 0.207970021418302 0.1439680703861 0.019411230197445 0.0808526467044188 0.164475696398132 0.168332301684787
0.158907211370148 0.153216840151313 0.0729068635304925 0.133775818577553 0.176948118849203 0.107356488187964 0.17235363828944 0.0245350210438871
0.0968030754626927 0.0983431374973598 0.0222847906261344 0.177505674118055 0.216641922828448 0.155642973142706 0.157576236916422 0.0752021894081824
0.0202520104377273 0.237227159684165 0.230933788408946 0.217828586328603 0.0774318226710643 0.00431653946017726 0.0615258502233735 0.150484242785943
0.0168005907041839 0.106408382098405 0.146291349174048 0.198803388915449 0.14698166222972 0.0306857166212634 0.19991828591776 0.154110624339171
0.063418738723699 0.0848544173607342 0.0801484464429731 0.213329151704112 0.232826911918741 0.154197288658835 0.162572081913933 0.00865296327697243
0.246179847743442 0.20385496107116 0.122330605504934 0.118157958088418 0.111161375277751 0.0833846408784581 0.0823832892947399 0.0325473221410969
0.175245115050876 0.142346895617085 0.162189713679898 0.204364804204047 0.0581062702227684 0.0964833083494684 0.0736141060522563 0.0876497868236003
0.0398256570862072 0.120044702957116 0.0822136458216915 0.0367928102900161 0.175506325962131 0.197259492375193 0.149357955772208 0.198999409735436
0.233860667121949 0.0949634449723012 0.0517050543410245 0.135316851297329 0.0344299403116222 0.342996172754336 0.0320404163998534 0.0746874528015851
0.216848801543441 0.068097342890574 0.127005436416874 0.282927131635498 0.104975891145494 0.00874867974519456 0.104606749533487 0.0867899670894376
0.269385846438282 0.100843659385042 0.0382174077768546 0.0126591317757392 0.24914306597291 0.149993621600753 0.126250071040552 0.0535071960098676
0.184706482972245 0.207012787711177 0.122513624487834 0.133037101118454 0.0909845316137205 0.078879114222966 0.00233830894414604 0.180528048929457
0.221653349925729 0.166321640588497 0.164175732232154 0.0183756603849624 0.0153231589724723 0.112733445913919 0.181835845555505 0.119581166426761
0.164290070928596 0.156256631107434 0.116450373606618 0.0496040617175471 0.258783530943995 0.0561455067565285 0.0526420754019154 0.145827749537367
0.184873102336238 0.184046900476397 0.131058099511087 0.199206394278927 0.0310767388137325 0.0429577769525151 0.0689572555243585 0.157823732106746
0.13525022112896 0.12269211760412 0.16401684720245 0.0727931580549102 0.124204602384632 0.14594193208571 0.0831659668982797 0.151935154640938
0.105575927632191 0.168289796564047 0.175470940502863 0.152444475694296 0.0566707926170864 0.202995024697955 0.0107526203755872 0.127800421915974
0.345369790980926 0.0788557560138813 0.060952599239503 0.228266586092463 0.0835303298174136 0.00756827655145285 0.0816944941519571 0.113762167152403
0.0179978576764834 0.204664093849309 0.122053354198214 0.159108757010188 0.180800556182922 0.11272479807676 0.0503220829038804 0.152328500102244
0.0920970872889893 0.192469617267059 0.0896238361349211 0.0390725370294161 0.0134705056935071 0.239140799915728 0.138279354489565 0.195846262180814
0.162161448707264 0.114169294743051 0.0541596925645027 0.158298016818663 0.0825144128961028 0.14548534198466 0.133379094055995 0.149832698229761
0.155900475912358 0.0551562263600185 0.240094451991511 0.180650235123545 0.121198565884371 0.0242975680739766 0.185721733088613 0.0369807435656066
0.22014471789999 0.05873467503653 0.0902505300749365 0.0960203258537064 0.0600924174514209 0.175171791956405 0.193685289752003 0.105900251975008
0.181439413617921 0.0769179945426364 0.0225067738994925 0.0957018693050841 0.133546328749819 0.0589736695821277 0.176676440216175 0.254237510086745
0.211065057029819 0.0844996781337261 0.14793518949457 0.0669011873639216 0.326720465997833 0.0854127143641005 0.0763874589979586 0.00107824861807124
0.119429340028254 0.232157129412928 0.0902893847817909 0.1963467716177 0.00472325392184596 0.0983057732602087 0.0664637009229773 0.192284646054295
0.00592910199194157 0.246378120217966 0.110948996377368 0.0801813668421646 0.0454101113093841 0.177675575116962 0.166828864426204 0.166647863718009
0.136319743722597 0.204564122399327 0.0234362551411365 0.122086314674372 0.160698985269994 0.178514096212298 0.0386917646813215 0.135688717898955
0.00788878995919341 0.188627420006764 0.0944013989868808 0.152313332859012 0.185652515599871 0.177822998278596 0.128484520737394 0.0648090235722889
0.255570238917051 0.156080729976468 0.0457219672168701 0.056554922516993 0.0324435034504622 0.193985778615663 0.237818121195968 0.0218247381105249
0.0426662006161493 0.186247803965923 0.194501797400762 0.115743529324368 0.141850218586006 0.00133914159138061 0.147989288277189 0.169662020238222
0.0948900564367207 0.0120010721065976 0.32070337242775 0.223296271568845 0.0215897095095754 0.105936500073785 0.00162109929987925 0.219961918576847
0.0314110168906767 0.187933542563127 0.310447447787991 0.110810400117562 0.0807193529527023 0.0891234417397155 0.130211883301335 0.0593429146468914
0.257381111326387 0.0446091727883224 0.0412325266248241 0.0928218961621278 0.194779881613315 0.210163997016129 0.124930993718921 0.034080420749973
0.0144905382394192 0.224864593198476 0.0215455361780782 0.130997308668694 0.217280518558132 0.101576477862382 0.198649653671351 0.0905953736234676
0.0971370439204757 0.178469793164027 0.0761909179223666 0.202064541633209 0.0111770633667443 0.0652111712000665 0.115609498134823 0.254139970658288
0.188473551568724 0.0199977651860133 0.194391255534911 0.0635857953528415 0.0986911911610336 0.181516811102658 0.184019542746106 0.0693240873477135
0.0411293143571251 0.132219295516288 0.15770431597689 0.109671400365053 0.0853574975566207 0.078958618399534 0.150153592940906 0.244805964887584
0.14532156567955 0.0741390520215335 0.052171029228851 0.201739550403288 0.109040797082005 0.164352952769665 0.162786329356743 0.0904487234583645
0.168637434206994 0.0912588581411061 0.170626027352571 0.0185240639610967 0.156590703556034 0.195901084643869 0.121749278205482 0.0767125499328465
0.128296828061744 0.186864117541136 0.0925489323313019 0.0268478314820775 0.217457076137217 0.127555707002853 0.218527535053482 0.00190197239018868
0.163172680579106 0.0587520673782265 0.0210342792013522 0.0744198035640439 0.187708277273744 0.185976289055779 0.205410903870145 0.103525699077604
0.0952239195810522 0.231100276107569 0.134803578834089 0.00705160888355488 0.0939879276501342 0.182264426553018 0.0354955968648114 0.220072665525772
0.106728172377681 0.0813279436495063 0.148045651475692 0.0204673326485325 0.118550373100956 0.228114975938624 0.032492916603011 0.264272634205997
0.116116995212834 0.0781228446884838 0.221148198107206 0.0475561990839129 0.14264120794283 0.129318280381313 0.088144640752285 0.176951633831136
0.187047397322741 0.0910890708273329 0.106775277135332 0.192706646623445 0.157941541061543 0.147321829405303 0.105684909601853 0.0114333280224501
0.0547141232149129 0.0371941640698798 0.111611975475556 0.279545672058576 0.189271849059527 0.1225363163138 0.0970979029530606 0.108027996854688
0.181057650625598 0.127174524145115 0.176307072500489 0.0392609249961073 0.146025373138103 0.113071739277489 0.137502277016509 0.0796004383005903
0.0277683969298946 0.356794528191582 0.318434310076159 0.0373196477994428 0.078746174613192 0.119717866036231 0.0426043794595021 0.0186146968939969
0.220983832575425 0.0764943812625002 0.0236155637349322 0.0868604607054712 0.221397215374281 0.199956567181886 0.109501016221818 0.0611909629436876
0.163448766424018 0.0397870284945953 0.135069225969762 0.194367392542158 0.206428442025704 0.0590690365009192 0.0679487301479354 0.133881377894908
0.213715214883356 0.173025647361201 0.174461358758775 0.0335395410394132 0.00182223823935532 0.0492184592148846 0.195882036776985 0.15833550372603
0.144709057459556 0.213732011069324 0.188791461516684 0.00988271414123227 0.151260094886281 0.000893992052696581 0.169246549899333 0.121484118974892
0.160077028277074 0.092555160418409 0.0959743052092714 0.112078783954271 0.0768866976357942 0.012593526030454 0.271363595723734 0.178470902750992
0.21238145115927 0.194559197653376 0.0727911185717138 0.188742475121809 0.00881932219893373 0.015609476717533 0.201099202589825 0.105997755987541
0.148370335223728 0.0980725520717978 0.15112385875544 0.157882607372101 0.149561006349775 0.105820778597553 0.155022606570342 0.0341462550592624
0.179108760114537 0.0233700239523274 0.128323360318395 0.20409987922864 0.00470106261429314 0.214269653024305 0.0767925933685855 0.169334667378917
0.0498037691268013 0.0420163792381408 0.196706351810197 0.0979012811718027 0.175703210488108 0.128665153911123 0.16106868134629 0.148135172907538
0.0501719051136371 0.276940993712582 0.0858157662141462 0.190588149084874 0.14936404898384 0.0325570562418478 0.180327260205809 0.0342348204432628
0.142402669431872 0.201851072113107 0.109992721287253 0.205291075028557 0.178680648304732 0.0879656938442641 0.0488708562359881 0.024945263754226
0.125331271834686 0.0713249521605754 0.147393101066698 0.178728307965267 0.108491153886683 0.0907585935659008 0.180871294328731 0.097101325191459
0.124408771779425 0.13434026844504 0.0295611691133766 0.102604844176794 0.215151803822182 0.0645172735549682 0.0530804314947741 0.27633543761344
0.137265480659756 0.0954994989560288 0.228312256567537 0.0833367918508905 0.020367787651329 0.144690453349133 0.0638342703049053 0.22669346066042
0.143863978229338 0.0832877580625239 0.06566644134865 0.190444022148813 0.0988938260602768 0.118723197902656 0.0252221593860099 0.273898616861732
0.0130857129988674 0.173952482462793 0.12829979814525 0.142931368955833 0.180563577268072 0.185919821225251 0.160292669842837 0.0149545691010957
0.0299009796035332 0.0351848347735747 0.220299611073091 0.165305462572097 0.217770424159463 0.0797968744787803 0.128590121469475 0.123151691869986
0.248557438099954 0.136745054555301 0.138856555644935 0.0432437694408739 0.0472762502002217 0.0675641859995952 0.202434809195217 0.115321936863901
0.129371006074275 0.0377411183784234 0.134866492494553 0.168573909727567 0.0768871874958638 0.101643429203496 0.188101445864374 0.162815410761449
0.0317582177522254 0.187215337016897 0.0637086352577349 0.0554967701533131 0.135933883433662 0.208104970726957 0.210943021039447 0.106839164619763
0.115398254568909 0.0293031847340892 0.188232307350671 0.219811415492163 0.106447061006844 0.102630024138306 0.223336957577009 0.0148407951320081
0.113042331960512 0.210108029491383 0.154336131184018 0.0299784720357507 0.0720324175065374 0.167996387548166 0.204509306928736 0.0479969233448961
0.146580222922442 0.145121662809836 0.233465109675466 0.102248381342001 0.00738006207041665 0.108773511985851 0.163736417813499 0.092694631380489
0.2300288777626 0.091414532542025 0.158740744224229 0.20098563671629 0.0434942994949959 0.0785593422742581 0.146067824326512 0.0507087426590894
0.182436810733046 0.0968846634713269 0.141669555210486 0.13312046167528 0.00172837104225648 0.207222155435052 0.140927371680565 0.0960106107519875
0.146026468072283 0.0180394098898306 0.0559866054740549 0.261821711700909 0.224703857570579 0.0016567514238654 0.0654290285449914 0.226336167323488
0.153370092386703 0.209681819364629 0.147790563328528 0.010088770833607 0.0786457153293839 0.182804229081804 0.0858444087483986 0.131774400926946
0.0610865106460006 0.109645614235655 0.2300997026416 0.196989871843788 0.0376890026779069 0.124776658654699 0.210319920357909 0.0293927189424413
0.0658835119485479 0.0645627012211435 0.0342206792595262 0.187775877965526 0.163874389147919 0.135587977508352 0.142242295717555 0.20585256723143
0.170092749524684 0.167408555710172 0.175633685045366 0.132031522900247 0.151522908470188 0.013851343934472 0.0763657270301595 0.113093507384712
0.250178126029701 0.125396264655699 0.181579456777954 0.0826587961372893 0.190368690974201 0.0190158981561717 0.0733726267322432 0.0774301405367412
0.0156162585362711 0.21079845844377 0.239987315714486 0.033558297301334 0.0832230882394029 0.160653671967806 0.243755116270642 0.0124077935262875
0.00572163188822326 0.0211642967562799 0.0542635444583499 0.163974435889719 0.156499874896221 0.25606802356234 0.285040643949109 0.0572675485997587
0.237960870032053 0.0697210738005089 0.0662143359264244 0.138470205159409 0.0988933996344344 0.212888775638177 0.0259965703903001 0.149854769418692
0.175261364344112 0.174057333689394 0.160749572321295 0.107846396118884 0.043542022695293 0.197618920812945 0.0968560957464564 0.0440682942716202
0.00818485706281026 0.111734727906757 0.109506738442627 0.103659876848961 0.200869094955524 0.110924938057086 0.210853844105429 0.144265922620805
0.122881033201168 0.00742901889372368 0.186366058935592 0.175556927686232 0.204339268583802 0.219553914137385 0.0204546198273633 0.0634191587347337
0.0162607987672967 0.0836962162948112 0.00467897065380105 0.198663665019073 0.22817116907303 0.16390634052984 0.0928837886957998 0.211739050966348
0.0967523449832953 0.113364559619864 0.00829634622491021 0.192825451732541 0.179322472934492 0.206994386098212 0.0699318254473824 0.132512612959302
0.214597280767879 0.147360402362958 0.168583805991005 0.119741694864763 0.00328583922799325 0.196556911924861 0.124564102666304 0.0253099621942374
0.253888768805337 0.162917610640052 0.0289255067259628 0.117762412216204 0.0624603538574326 0.0843999440729193 0.131895004413124 0.157750399268968
0.18781435068124 0.110754410718413 0.146943019915806 0.236655678332291 0.117376670004874 0.0256742833563276 0.0358496910990881 0.138931895891959
0.185825640036914 0.190043505842086 0.087713206896535 0.0484343834790979 0.122989220219144 0.0947973331487541 0.0697814902720458 0.200415220105423
0.0740806071949366 0.105584511050014 0.1767128834064 0.0714501062355335 0.183006593771223 0.137360621526747 0.211721040192025 0.0400836366231201
0.111692565626636 0.0754318670749822 0.120034313370553 0.0433422318894892 0.195652668354563 0.119062415418609 0.109717702738011 0.225066235527157
0.0588217510910231 0.108827497285224 0.167731487796435 0.0762831526030116 0.047517776644214 0.225769713992576 0.151143490687401 0.163905129900115
0.168683811638689 0.128015219904064 0.165705755698662 0.149312787612883 0.0391790381779165 0.0826389540796476 0.136846628509515 0.129617804378623
0.123161998998317 0.163842046025759 0.166995872036343 0.136167263237307 0.0441090756809084 0.180009557506245 0.0438659449039417 0.14184824161118
0.147237981080859 0.155723091296176 0.221375566840841 0.0992312908916468 0.121003574249978 0.0237936047115273 0.201289161702781 0.0303457292261902
0.243409921306137 0.154257463821579 0.17269885397519 0.0907821625711353 0.0299372935953508 0.0949500037259086 0.0570203952171838 0.156943905787515
0.148150518622975 0.00566039549802517 0.17543611260353 0.12617361230283 0.012928493418876 0.10210565992589 0.297487087807171 0.132058119820703
0.18035366788797 0.125828290836084 0.0980715214972658 0.158986170251785 0.128600904374853 0.0361067400715876 0.227354856408979 0.0446978486714759
0.176262696966723 0.0623350580983561 0.245859275893638 0.0172299399012874 0.178084313855514 0.0504883459223545 0.20194192348958 0.0677984458725469
0.00369825795987964 0.161842573861209 0.215248636030057 0.179772067319013 0.00859321003968437 0.141322118464852 0.206952928403922 0.0825702079213824
0.294106969265056 0.0589919323007817 0.0401519129974824 0.0803701865796252 0.297939851222138 0.0772288636388973 0.0411308411928355 0.110079442803184
0.20688384314538 0.19817539693954 0.182838532484864 0.186053341085454 0.0779730672769303 0.0570749901555903 0.0776904399674748 0.0133103889447669
0.0223715086453098 0.0502717851872727 0.0578016908303286 0.156376476754217 0.297073658486364 0.0202453929192657 0.154476984265638 0.241382502911604
0.177283632641691 0.174366037629739 0.0617059289484771 0.0904865410357504 0.134358959250667 0.186470391141962 0.0879934478376231 0.0873350615140898
0.117615145689958 0.118327144170477 0.176027441457806 0.145227919622314 0.132206086799515 0.107986515864713 0.0635017092555246 0.139108037139694
0.180688855967626 0.00513025439011152 0.19302849727106 0.0709711409174202 0.116647987292669 0.0974428237338322 0.156583265124218 0.179507175303064
0.122953031725595 0.169046205403738 0.124037224280747 0.136909084360532 0.163429735557299 0.0873445170847134 0.118476064626542 0.077804136960834
0.140206431216262 0.185652975108224 0.0771908196535983 0.157504262518386 0.124378836969239 0.0710370482045708 0.120350904392832 0.123678721936888
0.137879625637097 0.0330544401080391 0.0892447913962751 0.0903852466850225 0.109377050681046 0.110389294914211 0.199488078730014 0.230181471848295
0.222418279889797 0.148854825399561 0.0454718082066557 0.193686071184186 0.207180627378677 0.00706957518943755 0.0825248272231502 0.0927939855285357
0.179354547714261 0.0169844434375243 0.0687070600407572 0.151605692791377 0.035261473687229 0.188586944371963 0.217079476552088 0.142420361404801
0.152206748419194 0.132573749851417 0.0234214035227018 0.122759607257586 0.128451626684699 0.140034722733578 0.15169891697916 0.148853224551664
0.0872691373387191 0.0674146091520497 0.26370196078058 0.0718547837576344 0.106411119702464 0.0935959859845356 0.0301463563298046 0.279606046954213
0.136757523846482 0.126741045712656 0.113926363050348 0.278472090301791 0.177259431432246 0.000955435739242791 0.162308747907242 0.00357936200999307
0.128454090519557 0.174399211277647 0.0931247841155736 0.0738725975271778 0.133385976548102 0.0846034721492283 0.1323184292205 0.179841438642215
0.0910705849961024 0.0713020210660546 0.192968678612754 0.147777845971886 0.143780920913148 0.00866893161393004 0.114182727566038 0.230248289260087
0.147736052194666 0.12867639824245 0.093618554943565 0.0699426722630539 0.315131003125686 0.017101594381062 0.0107887765821499 0.217004948267368
0.0651037730136192 0.114389218214043 0.146251272695145 0.103902319931999 0.166968020497766 0.123819280826124 0.0589316012244675 0.220634513596836
0.0466803904394237 0.141951990403256 0.168146176053352 0.134360263831004 0.201839539508904 0.0359962446030437 0.15783049394736 0.113194901213656
0.135788572178202 0.145276420495416 0.0985207467629374 0.239547258090552 0.10916610993419 0.1978191235691 0.0625454451919393 0.0113363237776633
0.0381338776245611 0.0416358396315904 0.190814537817272 0.203891314745544 0.142837320087211 0.219005010664559 0.122450870654948 0.0412312287743141
0.106661412298836 0.00886276726614374 0.123497651200473 0.0577818483773782 0.227456933559425 0.0986357363472063 0.0720289338271903 0.305074717123348
0.190232227693116 0.0410589379331824 0.0689057958245793 0.142053605500754 0.106398057189064 0.219996963993668 0.0896235105839483 0.141730901281688
0.299243196724505 0.0188270009594325 0.0900932781743404 0.0130720677214776 0.113104477895052 0.034121759080178 0.183455286785023 0.248082932659991
0.0540369581844972 0.0128149368836131 0.00965782398632872 0.226492380833355 0.200178761082326 0.148647202385229 0.101688087631801 0.24648384901285
0.0917863553441879 0.121955542995007 0.172370530608563 0.0268081538019969 0.1999848602888 0.23062226427897 0.135566471423811 0.0209058212586645
0.0628095958907431 0.00669769969321596 0.152350809478268 0.215543595877937 0.0346016526219469 0.225258789988719 0.111823486695419 0.19091436975375
0.143055939830841 0.0461283919407515 0.0322549186143896 0.0484161907763198 0.230300887675694 0.236063890009031 0.102755327735101 0.161024453417872
0.123268474412311 0.125647758884653 0.185585789034783 0.331486716484782 0.0113609286455442 0.0387834146957217 0.143992341171714 0.0398745766704908
0.0688165845140152 0.144856748237131 0.0968599278903006 0.047673193304408 0.11935027459444 0.244049975359997 0.0447851820813825 0.233608114018326
0.181234467627006 0.170991140374738 0.191381939365287 0.10904785164998 0.0504359482790146 0.163205590346116 0.101220649934394 0.0324824124234633
0.0546380683415351 0.225065403166185 0.0561814543131711 0.151916208054509 0.136572387806227 0.0795540571249893 0.168810274120446 0.127262147072937
0.114815440052726 0.0255526234743702 0.102348824609081 0.0790939257975486 0.128858465759731 0.166604697898326 0.190993213594994 0.191732808813223
0.279156394436714 0.371059579371114 0.0105827306579082 0.143797594445386 0.0961317142744337 0.00206668781520508 0.0927522544565921 0.00445304454264688
0.0355863037721494 0.113922545999652 0.240417379237742 0.16319979247183 0.115514591105135 0.00298127756696669 0.18310987267949 0.145268237167035
0.026377984910312 0.0775561354226367 0.0366891112027545 0.284129562932989 0.00074926977550145 0.294227886409162 0.114652121347973 0.165617927998672
8.41686607644701e-05 0.0274838314987054 0.194317261527468 0.259181138451178 0.323753404598087 0.103589024710467 0.0689067592478997 0.0226844113054308
0.0173307429147116 0.100463349688003 0.143236114721197 0.192117507851424 0.157752783714924 0.0363020279716515 0.22741927256291 0.125378200575179
0.208821286689957 0.119493101309403 0.21977672333107 0.208638266040828 0.177586522656479 0.00821782115690043 0.016753872435844 0.0407124063795182
0.120229504392555 0.0533713771721824 0.236775304158691 0.0417482973825073 0.10300282261491 0.0690337785474705 0.133620018398072 0.242218897333612
0.0364453750687216 0.039926988552754 0.0190190134327454 0.130677825459102 0.204395730619086 0.188921417131973 0.233352330937961 0.147261318797656
0.0174330809566446 0.0472204514205935 0.335599922587265 0.241929784717134 0.000518222135634915 0.272636690314915 0.0683426113127618 0.0163192365550506
0.161021251808556 0.140817941252798 0.00703781395218195 0.121928226482972 0.159444141404743 0.148692025555725 0.14526500053058 0.115793599012444
0.146690578898423 0.122088428150913 0.0303268433638445 0.0604040756259799 0.228135194378231 0.151860932269438 0.119678118719392 0.140815828593779
0.292585529569518 0.00558381766884469 0.00480777074048319 0.111790803208773 0.300962682187726 0.124049760895531 0.103607665805428 0.0566119699236954
0.110018262637564 0.062561330149585 0.180677470689863 0.0134555782285236 0.297561503708808 0.267317513790495 0.0335974501164672 0.0348108906786936
0.100101794318174 0.0925968771604698 0.201805531487185 0.0981486009148915 0.0742878102729056 0.162384831833812 0.152051438292088 0.118623115720474
0.162588211679915 0.0389633318798972 0.172927817123505 0.180080930059292 0.145397013702432 0.118726283604606 0.112349576096561 0.068966835853792
0.0242675047701026 0.0986579505766833 0.0893932170177865 0.0990977410587922 0.175328074329444 0.162615449418392 0.152518896416634 0.198121166412165
0.12042153729712 0.0342842159930195 0.214981022179705 0.12277093367006 0.120114102583076 0.148955737111641 0.167049390010757 0.0714230611546227
0.0496670411217916 0.0221513807681303 0.165364677968179 0.115194161201687 0.192587114400809 0.173688122384692 0.0867436421030827 0.194603860051628
0.098046414652055 0.169251623896959 0.152984334185512 0.0716503496043525 0.0591935311006521 0.0884076044765935 0.168543595333274 0.191922546750602
0.148329815423715 0.0747645304641666 0.0288750602514558 0.134771909912178 0.182059845886809 0.171719904214713 0.214969630071113 0.0445093037758496
0.159882889710603 0.008264510263131 0.0517055784049943 0.288782131949307 0.0116545147876382 0.15051859347523 0.12829817482068 0.200893606588416
0.133073624346763 0.0119077152281741 0.0146921963906356 0.183895595596923 0.200924762126265 0.1256269090775 0.180517663220837 0.149361534012903
0.141569661918307 0.193318810896416 0.0279277646205623 0.142787738203279 0.208993728635773 0.128471923994462 0.139617764730101 0.0173126070010993
0.00500056837748932 0.253363087175373 0.126986711218432 0.00344498401269415 0.219491475649114 0.00444497914915648 0.136087626710614 0.251180567707127
0.234590533536297 0.0374469800162096 0.186282831237825 0.00210851212786038 0.219853537759145 0.121265510738524 0.164509043969415 0.0339430506147234
0.139359923042327 0.139648750291317 0.0850543470283403 0.220640338012449 0.159559491163335 0.137196190738198 0.0342156694908437 0.0843252902331892
0.108298370423256 0.294714892290437 0.116946187325357 0.0385909545595166 0.102893695023178 0.0456058960657417 0.0531169651307039 0.23983303918181
0.156746060496079 0.136332420808962 0.205779741942761 0.072793293387024 0.176512304637677 0.0363332047319513 0.213195351507004 0.00230762248854211
0.330220120368274 0.0490415488899107 0.0200608602747279 0.0490932255929248 0.0427943659897987 0.105920214627246 0.268274399848942 0.134595264408176
0.165880590528553 0.082486626810016 0.142881426046966 0.168004821986514 0.103264417907681 0.0853851695256463 0.185347463746474 0.0667494834481498
0.171361228555737 0.220042157283455 0.000351939740351916 0.0152484701008042 0.168462057103237 0.0340321175015264 0.243856245388692 0.146645784326197
0.16580170231909 0.127087186596998 0.16890058405845 0.121511410784337 0.0823912870237101 0.0760137141720104 0.175294047799823 0.0830000672455827
0.158040863125464 0.0418115004494233 0.186069636316104 0.094049738088574 0.09909515902053 0.15446093009916 0.0957232811988638 0.170748891701881
0.00191574322535315 0.0986646807540734 0.161080734214288 0.0859391101295206 0.203015149309228 0.147271254149511 0.218230640615567 0.0838826876024594
0.138284413140512 0.16038381585828 0.271151865070656 0.222824203070191 0.0881591554407961 0.0335068724318929 0.0782346515184768 0.00745502346919573
0.19094365999036 0.0489391234809201 0.0674965390440691 0.0211512556741554 0.0968897223906918 0.240828230457466 0.152543876648348 0.18120759231399
0.195025863876523 0.0731484073598197 0.247647662192446 0.170943124253607 0.0440122814455644 0.0573066098769548 0.1121166831791 0.099799367815986
0.0841284457425682 0.105279599595567 0.108781231361995 0.0433212838269569 0.243766424617419 0.00766098434929038 0.186951519674866 0.220110510831338
0.0229587231570187 0.179110128187712 0.110983822434445 0.120705053655386 0.071964640614028 0.193903433968976 0.139654655019937 0.160719542962498
0.0765071253392323 0.0464103685325558 0.21511861665617 0.190333423462129 0.00969378472932517 0.030531614152158 0.209637181795639 0.221767885332791
0.121192457407158 0.0587749058528924 0.0823823192331231 0.22272440697043 0.162159747056421 0.155272283063224 0.197234152130405 0.00025972828634615
0.168910577854525 0.189107587357982 0.0187582975040548 0.0118183090552948 0.0994659743727043 0.173385690603782 0.188610499046415 0.149943064205242
0.0655909785891573 0.166862648811949 0.142352973622414 0.162426339793911 0.153392931833382 0.177809500972341 0.0837892971850633 0.0477753291917823
0.0987073138175341 0.0313210493703742 0.204923777881375 0.198904034842994 0.18829814734775 0.00561445411089908 0.0727664476682588 0.199464774960815
0.209965610502677 0.0406878403579908 0.204633176450839 0.181218344697489 0.0324141011962658 0.0796714709284621 0.0218899427979848 0.229519513068291
0.0540142547937695 0.143322334085381 0.153926230165093 0.152301243415686 0.159062708250013 0.165437975199503 0.09041947237561 0.0815157817149439
0.114639110636465 0.172664044409456 0.0749422861942138 0.00852290910419272 0.135425421237506 0.196214514782255 0.188743335483351 0.108848378152559
0.197555120673918 0.119905959370337 0.00291567369445179 0.204680558095379 0.120308581004846 0.0862499910662323 0.0818366616933419 0.186547454401493
0.0704817224643731 0.172857294736984 0.183900769029064 0.064586667598738 0.0917778628731136 0.127905031661393 0.136444178554303 0.152046473082031
0.261440538892115 0.151884617918753 0.154155234184152 0.127762990048676 0.00795925048030472 0.121359090133686 0.0695689692865412 0.105869309055771
0.097489117841305 0.113998918747673 0.0351425099779557 0.199519147614617 0.0905978052332156 0.117166012705466 0.1467934813215 0.199293006558267
0.0835727464747524 0.118048903114648 0.0350313975739992 0.1172851476942 0.155844083106003 0.211967461564115 0.247364649534216 0.0308856109380664
0.0810343094395949 0.174823175588297 0.174358848906269 0.13862012621461 0.0725407489906397 0.0309545338691643 0.204527797047886 0.123140459943539
0.0245249222200867 0.0475307991084029 0.0247099995397318 0.277135453005582 0.0811556774778166 0.184259570253311 0.239746782600145 0.120936795794925
0.0210276690023999 0.235751726476021 0.123582378760893 0.116897621293434 0.215194376106852 0.0442070017106565 0.103612526811532 0.139726699838211
0.114869938867546 0.058200994142217 0.130346200148933 0.12109530636289 0.0514718235859568 0.0949344281793506 0.212880035799688 0.216201272913419
0.000220353375807535 0.286702432759608 0.0226243166078943 0.221544421436229 0.0631345863290778 0.209876239104138 0.0551515350485172 0.140746115338728
0.0373992987216419 0.189261851884977 0.142687564935667 0.140775484225142 0.166414585619537 0.173820544030709 0.0546205383174617 0.0950201322648647
0.229602377042082 0.0310989099008862 0.0491219445525688 0.207638721332495 0.106934475271633 0.120754398335204 0.141813266322488 0.113035907242642
0.179766098910305 0.115859173851627 0.018349778055486 0.220199830539156 0.0740789424004432 0.181537989338908 0.0641872330586109 0.146020953845464
0.192446104483496 0.151525302634006 0.0839793890811844 0.199189489030968 0.238960949299818 0.0124547090420209 0.0526904761526081 0.0687535802758982
0.16809226790197 0.267901338280509 0.0123675487069623 0.064449097018306 0.0956351802212066 0.150641634377689 0.0142548332987912 0.226658100194565
0.233859747968254 0.110668028823862 0.199601538112949 0.05540884606694 0.053211510934012 0.174149731253292 0.127480902142127 0.0456196946985639
0.120069735141138 0.188360992583674 0.16405516877478 0.0307936812327493 0.200420880347894 0.0838615896761954 0.081819081866334 0.130618870377235
0.185447299695209 0.190688533667708 0.0570066977492951 0.131167813878352 0.136671139026986 0.0888289652574519 0.177799854023996 0.0323896967010023
0.197111270770505 0.102958005109985 0.142954968093985 0.0816350218566742 0.110119106957422 0.196742627826895 0.145624899094764 0.0228541002897685
0.0130438341857909 0.0874363597443617 0.0681399367775229 0.0293160787203891 0.131107860202577 0.21955312695984 0.332243488522284 0.119159314887235
0.0750473414666878 0.20605470271096 0.19267703373027 0.161644456775074 0.0698665862392255 0.0398565096113722 0.225353893998975 0.029499475467434
0.0991412984350415 0.00781500268964794 0.211891094789146 0.158834515334323 0.00639457000473748 0.190313102160791 0.0620196819434137 0.2635907346429
0.0989897477660608 0.147963229387974 0.194061911421945 0.0816619643569109 0.061822399484195 0.186086999243697 0.167859554110826 0.0615541942283914
0.0870412505037657 0.212313314018636 0.162173945454729 0.00726822376815447 0.239506040953171 0.20233634645911 0.053638987044812 0.0357218917976213
0.058968245945697 0.0295792420851889 0.186812941332485 0.212649725231272 0.103240893166308 0.269249879062361 0.07224223219717 0.0672568409795193
