0.155089108736194 0.164181096707369 0.182420469650152 0.113088757609403 0.012438250539953 0.171230348588133 0.0875458989165128 0.114006069252282
0.218079885471686 0.144373936398266 0.178049532029882 0.0680454678213421 0.0988787386951874 0.1994387398875 0.0766196139135723 0.0165140857825659
0.129365118939382 0.116950076551238 0.182242355559431 0.0582679042203491 0.0411332924879831 0.12403581697858 0.142748882689324 0.205256552573713
0.243010833879045 0.169677132453787 0.184879047333173 0.0498285960901794 0.0294436772763951 0.142820086109529 0.175255362223111 0.00508526463478033
0.0858140359184054 0.211777421323903 0.0942510918725412 0.17655588739002 0.0318830559830209 0.121820072209559 0.0738611390112598 0.204037296291291
0.00260498396638494 0.203855638070775 0.0139518090800548 0.177396534265229 0.0719486108529843 0.165992875844084 0.228480525511915 0.135769022408573
0.191842935333972 0.155874706483732 0.164235257628354 0.0847603014794577 0.157764208840891 0.0143714581343569 0.14365396076324 0.0874971713359946
0.282589341919428 0.0963719816381787 0.0249654474160744 0.0970335598387561 0.131558275812661 0.0554216213334088 0.162883086308913 0.14917668573258
0.224708596720679 0.0269179203746647 0.123546645215459 0.14914901828831 0.136712076365098 0.17248443435552 0.144983657317508 0.021497651362761
0.13207216196787 0.173462068283392 0.163300193325702 0.240225703567969 0.0435072902050266 0.0428773067981014 0.145056769776981 0.0594985060749583
0.0971739892319584 0.0590704509156987 0.201120525610197 0.116864562519344 0.204553579697354 0.18546571408484 0.0160751147969649 0.119676063143642
0.102722447861626 0.178538168639356 0.101858584413487 0.0295868773493145 0.0990027329917352 0.259489892286485 0.122339358698961 0.106461937759036
0.136643661954242 0.166122059795235 0.192301713815532 0.0459481662216721 0.175769172114446 0.0110120444235942 0.204526911699435 0.0676762699758437
0.163400767823142 0.115286868369268 0.0256500160355835 0.196154389029176 0.0836898787990026 0.172354892552207 0.19569131546914 0.0477718719224809
0.140888801673475 0.098928111277484 0.0301075921237129 0.0561913593253236 0.195779349733519 0.180642251617049 0.103788415810781 0.193674118438654
0.105167190880683 0.118135106149938 0.024226139781414 0.15487342919638 0.183099546959903 0.144183091616642 0.157039613081231 0.11327588233381
0.370303979616686 0.0366157821576217 0.0521531183370689 0.10909684033226 0.0143642387950751 0.180362570882693 0.0642280046216044 0.17287546525699
0.139596223412201 0.147404264761459 0.0933754485168684 0.216500710758953 0.0610236924682267 0.130143105161569 0.0856262548615966 0.126330300059126
0.153114584918894 0.186227131569053 0.148012829027195 0.00707251985622822 0.117978639771513 0.199843769982693 0.0222194035008807 0.165531121373544
0.00780294495790452 0.206082312270295 0.0658730710191256 0.202391354207462 0.0209673102003344 0.170372833667563 0.236456708190375 0.0900534654869404
0.250749333260866 0.211211384486359 0.0135296896142582 0.145349158502213 0.0204385137927953 0.184899923152261 0.0410189130174477 0.132803084173799
0.194558418782896 0.175061088227228 0.0255140256024589 0.156460810942982 0.04505605589751 0.0979047871173567 0.215193150516708 0.0902516629128615
0.0759199023586904 0.0523380814736631 0.178803887504036 0.137172311217145 0.171734199578918 0.172013169215788 0.105141102694603 0.106877345957157
0.0814839116696663 0.10221533577414 0.224322537975316 0.0382891377356947 0.0918765573038483 0.111137553138374 0.11396575536566 0.236709211037302
0.150370964754886 0.0073390861701883 0.013136930475576 0.170142880512604 0.111369795593173 0.204531041376628 0.161023368206894 0.182085932910051
0.170935824098085 0.0141528539090984 0.0140039129549348 0.0954691414195923 0.144573752419182 0.142010505006166 0.212230351332459 0.206623658860483
0.115302550338619 0.134467450640684 0.176814351501541 0.139105061345522 0.0841455122110935 0.166898357255049 0.0707117582366937 0.112554958470797
0.201551164014122 0.139762642299668 0.163929350343851 0.113716831862737 0.0563084524864206 0.0362148462302825 0.131313185684496 0.157203527078423
0.145507008736475 0.209466435062034 0.0777972481407726 0.137804634806005 0.154285231492095 0.000385125881169763 0.142693970021598 0.132060345859851
0.238323581958826 0.221911853470036 0.0207436778894727 0.0702412048999255 0.199037729428904 0.0334864101695693 0.0755501508014252 0.140705391381841
0.0842699288876127 0.163809042080238 0.151538758662339 0.117197405601359 0.0733884436042041 0.157478131631911 0.124433426654008 0.127884862878329
0.382561661868055 0.0402690947580627 0.087458648096897 0.0482001097414973 0.0511907740337632 0.206789749742881 0.0142252596837834 0.16930470207506
0.127689307256347 0.0883041035035095 0.172400682011929 0.185233771657539 0.0537640682885461 0.103201069913337 0.152100977885393 0.117306019483399
0.146533218750004 0.168854879783989 0.0300341771724023 0.196034207890166 0.152030769963469 0.0148059095810092 0.164270323224737 0.127436513634224
0.158613562913667 0.0327196328371593 0.12970726280488 0.142791485588033 0.192250320089581 0.0986527508564603 0.0972723978658158 0.147992587044404
0.268800207296581 0.152434341840167 0.190801585936667 0.0492013991074532 0.0371618743676796 0.110723912070885 0.180427071891433 0.0104496074891346
0.167873510329663 0.164663024163325 0.178839420853529 0.0866794121309519 0.0688290897206802 0.0962885181138569 0.165926869427193 0.070900155260801
0.0223266917864439 0.23700139838292 0.103691871509763 0.0283257621986246 0.239270427892135 0.154410360752656 0.0486366036662168 0.166336883811241
0.212095809799531 0.0891834252651689 0.266332432264211 0.00962874309425007 0.182055882049033 0.0898388230810494 0.0978371735885813 0.0530277108581745
0.19661890343502 0.121716316695491 0.00551191170264627 0.302746184144551 0.0395830741497485 0.170232916287238 0.0285952715316451 0.134995422053661
0.145143567667591 0.149021391113181 0.0800569289603978 0.169528498271641 0.0409684963382303 0.1559531470272 0.106778989487394 0.152548981134365
0.0371116957608317 0.165961966943619 0.177973421530445 0.0392537805451182 0.0892588341418806 0.273373906252493 0.0769719089781194 0.140094485847494
0.0692546344122437 0.0470956909568684 0.218578817203364 0.0639359331433662 0.235414056119237 0.153941149835509 0.0219380979434735 0.189841620385939
0.107532586799407 0.0443340184862961 0.118800934431847 0.0993933911618718 0.201909501985304 0.184261079252578 0.207124447725997 0.0366440401566991
0.0283382437389405 0.0233956346277741 0.248150038462755 0.102866415006614 0.26023069290451 0.200917322494673 0.0953809019901817 0.0407207507745518
0.115493496021295 0.0887263250759048 0.0219596753071615 0.20855655539762 0.0763783632050816 0.277280607946786 0.0943639332302169 0.117241043815933
0.232737981034102 0.0140162096910835 0.211042475945276 0.00432276191778101 0.162650677753297 0.228482869399075 0.0895394293508968 0.0572075949084883
0.217972817874604 0.0122354191641896 0.102241970875931 0.169723686968481 0.0703967042823944 0.20654554938908 0.0960385490894623 0.124845302355858
0.197061779075383 0.15181304282868 0.02045731751134 0.0969924561525272 0.0718904106390863 0.0797337352748271 0.194626598122694 0.187424660395463
0.245019328500703 0.282429752064184 0.0739756259157855 0.132908000973582 0.0041043751470208 0.201012959733245 0.02860187000477 0.0319480876607094
0.0774926654997382 0.0462840189920022 0.215682336134945 0.171070221332814 0.00384926568372989 0.055989232193814 0.28577720048298 0.143855059679977
0.163251181008087 0.0744913927346575 0.0449292164493495 0.347431310288487 0.108868251512611 0.0078525317311564 0.0218737929223621 0.231302323353289
0.137317103174496 0.0467825155342083 0.160271153023399 0.0219168898797749 0.180701095824463 0.201245975896825 0.211975966860583 0.0397892998062505
0.0721722379920294 0.327921079274961 0.0162646607620123 0.0817351334253524 0.0996821844120661 0.00902176594107256 0.173395613315764 0.219807324876742
0.137860036077435 0.161515074216941 0.144892024525771 0.127389403247699 0.0964328789376477 0.179453296173766 0.136418933855002 0.0160383529657387
0.228442558915881 0.215738220225243 0.0765442496417608 0.128364551963626 0.0574842816034901 0.0982878974922192 0.120051598552887 0.0750866416048926
0.0436047460197131 0.127284351058775 0.151483774967523 0.182965160301962 0.159937590234025 0.18015021986636 0.0682036892401104 0.0863704683115313
0.00943990940324666 0.122608990200722 0.173263623983934 0.137514565683175 0.224787544588878 0.207592053576322 0.0858398859110532 0.0389534266526691
0.123335071047184 0.0907877769799802 0.241834518165195 0.146364679850536 0.171646305131146 0.115678194190239 0.0675230403099941 0.0428304143257262
0.123525536904902 0.112612214968634 0.221814998901076 0.178678439371748 0.0565109688528877 0.0233559959647212 0.026339381954938 0.257162463081092
0.126945750219947 0.135118661244288 0.110530396106497 0.203865452568859 0.133993032134173 0.143097161037372 0.11227608111217 0.0341734655766933
0.0065065597891419 0.0570477862508049 0.0560862518203688 0.262379463708004 0.126713665583219 0.0263079583850495 0.186172736664167 0.278785577799244
0.2054867187423 0.040086463397822 0.205953797073102 0.216567678915005 0.0211894710916019 0.025668186606733 0.122873163457712 0.162174520715724
0.198607763743617 0.18056240481575 0.0840255301496615 0.117565594117143 0.169113388967981 0.0290976982694428 0.0434601183892271 0.177567501547179
0.0873973631054843 0.174841486828165 0.0297424239278254 0.160481139721785 0.150125612436333 0.215236503838249 0.158442771654367 0.0237326984877903
0.229069147564868 0.0774021111467713 0.0336633559297629 0.227595950363427 0.112943986519749 0.059850323179517 0.240355031181123 0.0191200941147811
0.0652789751740517 0.168435813426182 0.0866917129764118 0.100786085816277 0.206546496867964 0.0819472775214332 0.132468521813762 0.157845116403919
0.196105004644231 0.180011513259021 0.188075688745057 0.16312131880245 0.00800584182302811 0.0335309875890489 0.0681080442085297 0.163041600928635
0.125235706280575 0.162334432298268 0.0496077004213405 0.163468020481422 0.116427320542478 0.118216480830312 0.0481049366782519 0.216605402467352
0.195136769801596 0.0752501250984845 0.178424901810176 0.144823868164673 0.0567023258329623 0.0704457627783582 0.163776084025378 0.115440162488371
0.113965837333051 0.184450592836599 0.00580850614687582 0.176538057782568 0.0552098990101029 0.102144147103825 0.183912041792474 0.177970917994504
0.0657264237442729 0.0524698583815138 0.0565274504261129 0.221563563719495 0.164485979229883 0.209363641199642 0.120406313348752 0.109456769950329
0.152766910680332 0.157228781851398 0.1693532250562 0.18654103088212 0.138341013723156 0.0860509269474991 0.0320417216277571 0.0776763892315369
0.0158185160043718 0.19333555125677 0.188862160358065 0.0184587727207216 0.140689586535558 0.178672529568466 0.0702098417225726 0.193953041833475
0.16499619244776 0.00186337618058653 0.170111917358509 0.306971744083432 0.24407675915968 0.031727067882381 0.028123673224019 0.0521292696636324
0.112750337305231 0.105589583629154 0.021701631662178 0.247686757172709 0.0489502256085513 0.145310409905 0.0555301321368154 0.262480922580362
0.118991476200459 0.194957196433038 0.134933058375112 0.0626353580964428 0.0278596615836097 0.160181625525224 0.0411140890267211 0.259327534759393
0.0022052877570312 0.0696537560013168 0.149863777964973 0.244707016073427 0.123312526134589 0.109265422100003 0.192332638897761 0.108659575070899
0.214267335372743 0.217241418471483 0.0980701471812816 0.0849644682995861 0.0165703154063484 0.0613743855879973 0.130004119928742 0.177507809751819
0.157471877956734 0.143422328413662 0.0917773432627292 0.0439686748580957 0.195182341343061 0.136205745907637 0.0538899623198038 0.178081725938277
0.268471155585888 0.0400896191383506 0.000336794721777433 0.0673672289023827 0.276313870460845 0.26439948222021 0.0137993722021135 0.0692224767684333
0.189512274571167 0.0456807213252347 0.149183034580552 0.144262044900733 0.0689928231666125 0.0632592720098182 0.162632691305045 0.176477138140838
0.173003252413541 0.180490669337175 0.0153614472341398 0.135120304811625 0.228111755027895 0.0276050186592848 0.056669780079621 0.183637772436718
0.163548840676539 0.171677656453445 0.0342348530610385 0.168095934960104 0.113888547061778 0.095666362575261 0.152350713858378 0.100537091353456
0.0522317180400631 0.0409260323113909 0.154740558717588 0.161754576203765 0.186938726566137 0.201364498091941 0.0757815737769597 0.126262316292156
0.0978447417798738 0.138854603158424 0.18801425782517 0.137458760131682 0.18538292419885 0.0555695539924383 0.14737941393775 0.0494957449758114
0.0721405745243721 0.0421677790820439 0.137082791347302 0.136930348597626 0.235016024543983 0.163481018000623 0.108167264610398 0.105014199293652
0.055581509887592 0.071943620377669 0.0857410176381539 0.182765939797363 0.137383589714913 0.0170089797573378 0.240187591369559 0.209387751457413
0.0350603994592689 0.213904276871043 0.0683534602260406 0.0111425653942751 0.25260929600333 0.187052584309727 0.0662126593559548 0.165664758380361
0.0583349688487769 0.0367395466366141 0.166372388983828 0.198907005144116 0.102902948502555 0.187894726040289 0.215882664708954 0.0329657511348677
0.240278124069299 0.145191454191516 0.00638611525240411 0.225226343001977 0.216819623933998 0.0504280012755214 0.0800132730672918 0.0356570652079929
0.0342923038913993 0.176421117613476 0.111065561973408 0.155858573649632 0.0174756295717916 0.181119332897912 0.22880773614345 0.0949597442589312
0.0585453324134365 0.203682892468858 0.218100328671883 0.0761589426545894 0.126520656946581 0.0986863967894262 0.108494934121522 0.109810515933704
0.174764716489283 0.113045134436279 0.181937447666166 0.0443618619289661 0.265347110395717 0.0601787516040044 0.0341939427692862 0.126171034710297
0.189321247728932 0.115950215209388 0.192581466628908 0.0514544295262634 0.0740734119062803 0.151442084942355 0.180415514037972 0.0447616300199016
0.0422006192306232 0.124447022622362 0.166146660931256 0.00559791006669119 0.0115108731253136 0.184007149177023 0.227721342049755 0.238368422796975
0.06685094633576 0.128101295429499 0.19179619332281 0.154500473437488 0.0710756387792948 0.167151460631906 0.188870683618401 0.0316533084448407
0.222837197999725 0.202144173586511 0.0159458529733112 0.232335631562641 0.0402300178135783 0.0674834825451115 0.211328794556015 0.00769484896310726
0.101314162559723 0.187516861977235 0.130779705939057 0.0954326883460257 0.193850069676524 0.0727503848673224 0.204606160188718 0.013749966445395
0.105031722973704 0.13939543041164 0.191598534247446 0.0475224383828624 0.0357343892911887 0.199409021338371 0.142180481317476 0.139127982037311
0.21377771486412 0.0820616688158781 0.193486910695249 0.250668251508704 0.00751106080930715 0.00475995741578083 0.154544591694251 0.0931898441967103
0.0709263472877698 0.108760576158391 0.196586738343428 0.177381909790431 0.0373778796960676 0.113981101858241 0.120147427582492 0.17483801928318
0.0562108437703999 0.0769744968237979 0.226984586318433 0.0978552322730868 0.037366048880254 0.173309009842033 0.181713149484987 0.149586632607008
0.136315596949103 0.238498801852087 0.166391274557088 0.244738802265104 0.0364792182717726 0.108623593264176 0.0013881018682964 0.0675646109723731
0.250694270907953 0.0758345360145775 0.0615053345518415 0.229711261771337 0.0196807961262244 0.0380495053212669 0.197298259752413 0.127226035554387
0.000572823518804555 0.248533064511211 0.149008159532204 0.108743303577034 0.0147763893348265 0.257124386760321 0.139247737798679 0.0819941349669201
0.148864203963557 0.219271143490274 0.129531147841706 0.125656540165772 0.211846454565417 0.0110078213431461 0.127693639866891 0.0261290487632365
0.161599729890357 0.0788881838457319 0.1681719496444 0.145815769175157 0.10408581299693 0.00572439759742006 0.17908426881919 0.156629888030814
0.0152680000201833 0.107925775109034 0.13140427561036 0.125982783624825 0.16875181556104 0.174272314111008 0.180912003420064 0.0954830325434859
0.0165478598140649 0.177449689305122 0.193554009877687 0.203703352037264 0.125284160406082 0.00908576061245108 0.103838392105621 0.170536775841707
0.102396369953076 0.0723261838441052 0.131834946718743 0.087338835827545 0.156551631165885 0.1610880694624 0.135074250043044 0.153389712985201
0.0307010331459193 0.00416142406500507 0.158085560050371 0.0817882622812885 0.186782863195909 0.175295703068625 0.174510803077177 0.188674351115705
0.0411848659666933 0.113483310822966 0.207216805006777 0.0975982809857381 0.0748157471823933 0.216403355300521 0.0365469011143473 0.212750733620564
0.116152483279652 0.0534052259219851 0.0885784949553094 0.12023128548492 0.119644049284408 0.20619079817361 0.0550494476277238 0.240748215272391
0.204619435529882 0.0528708951585338 0.15837843984893 0.140742929046706 0.114827524387695 0.166536762042676 0.158725913234954 0.00329810075062341
0.122999299797898 0.00262140399697591 0.18001458651475 0.237115497544026 0.108647340028206 0.0293962759120016 0.24950311738761 0.0697024788185319
0.118208998860718 0.184190382344974 0.154401897649357 0.000332259090021122 0.195597755693666 0.100642524249383 0.117045196564383 0.129580985547498
0.0194684191985456 0.0573197883114452 0.169999098208912 0.194130966545151 0.00906007991042925 0.102689047723141 0.236468637216385 0.210863962885991
0.0635310185197161 0.205057936295348 0.0166871283953402 0.078672610194886 0.13389669581254 0.133841057887413 0.138024733064024 0.230288819830733
0.228777703322808 0.00390351093987156 0.152095771212569 0.101318433038062 0.210068940824319 0.0561163230542574 0.222089371331592 0.0256299462765206
0.0129944212924277 0.0157617969305416 0.257026846890801 0.210110773224401 0.209802505242905 0.222430510558514 0.0334309180795412 0.0384422277808686
0.120987815936361 0.0111806088762893 0.16805492238145 0.147271129860933 0.150771428717109 0.209392835302585 0.0313887326629325 0.160952526262341
0.0552919170010334 0.114244039500501 0.0826795487088874 0.0571928106322538 0.0814566128694854 0.128421113577339 0.267283037261029 0.213430920449471
0.0958671131468567 0.144542484131665 0.0402530706105226 0.201033183596427 0.15676818239636 0.179854388399688 0.0528827582131074 0.128798819505373
0.227543565437591 0.0114997550697547 0.175743485249892 0.116943203774535 0.174018715839595 0.0460453930604089 0.172611770749871 0.0755941108183518
0.091798047194101 0.0383261881913336 0.0960430045812749 0.0554129443940359 0.205636671373827 0.113917157562852 0.22152089027927 0.177345096423306
0.15610700801592 0.143159280699264 0.066412835895263 0.105969866726917 0.191187725243672 0.157241428208379 0.0448950607107698 0.135026794499815
0.17221325770472 0.238424548380742 0.0146225116077358 0.190778687537414 0.0239122826478502 0.154139159216983 0.161683727719462 0.0442258251850927
0.201227415373485 0.00221759762079401 0.258726012677611 0.049762440619333 0.0709893293101902 0.059153501660408 0.087920214484483 0.270003488253695
0.126113388728743 0.0380961716036976 0.138019384399259 0.177069297621677 0.174954930957424 0.0548366702134678 0.154360281560141 0.13654987491559
0.191512541746206 0.143095319405209 0.193649709188495 0.111888980913708 0.145533367389876 0.0310748382684116 0.00705510073738376 0.176190142350711
0.0128336905024692 0.290660568338773 0.0313236358576427 0.172792294871696 0.152975129308523 0.215600930296161 0.0965043446762295 0.0273094061485063
0.122290300579273 0.177341855781945 0.0538824745923606 0.138745650837549 0.132828243619646 0.17185427264759 0.0777141268292091 0.125343075112428
0.00196652542303272 0.150729882374607 0.11995104034101 0.111935406903484 0.216604586017347 0.0946780693663041 0.229997532558799 0.0741369570154172
0.0668026427827117 0.192840299140734 0.248467931389002 0.0383353300801409 0.0419735387265058 0.0567844698475304 0.190034013551732 0.164761774481643
0.117200364469137 0.156227789490252 0.0859353240156957 0.0464852783087022 0.166699816464263 0.0746163998698513 0.181246920649415 0.171588106732684
0.180325346827177 0.137530514771771 0.120839877081221 0.0882679365531228 0.206949940936198 0.0503354718932464 0.0211909277215868 0.194559984215676
0.132533412153881 0.160886088899003 0.221405568218967 0.0253356964426888 0.174986669098602 0.0158776754399094 0.251761826981644 0.0172130627653057
0.113782359921393 0.0349269586619419 0.0900562985613179 0.0367827358183631 0.258252304029213 0.162454164683534 0.204199175012337 0.0995460033119001
0.0781859403834326 0.192026000369623 0.0468173268314614 0.152024241907295 0.186226649171714 0.0336969882570414 0.193497763318577 0.117525089760856
0.206232659106322 0.129917867196889 0.15844441050223 0.256494475256278 0.0437472724680312 0.0483275661968389 0.110404043083627 0.0464317061897841
0.0177560531261445 0.0165074231656128 0.0652062970445855 0.30749646533343 0.162532614429518 0.165447409689935 0.0507698225145363 0.214283914696238
0.0863943437275383 0.0615719494398195 0.171815342354471 0.0873257581033652 0.182657215211661 0.134572739735789 0.0957204187865824 0.179942232640774
0.192264663907205 0.0734313922411551 0.0953689232712967 0.0972325937050879 0.0879657688347602 0.326527528266066 0.0479229875761369 0.0792861421982917
0.0896128719209916 0.177595821347206 0.116724093026902 0.0852404590489252 0.118495555155803 0.077004610476312 0.184706379669581 0.15062020935428
0.146877527439471 0.0374688521145682 0.140405175907003 0.162008476258443 0.150096682701104 0.08102494829866 0.126126683943294 0.155991653337456
0.150333425028875 0.0397984780438327 0.0465194250255241 0.0823191121746495 0.0432633253953568 0.355077434867144 0.159910951229787 0.122777848234831
0.0476789491941724 0.171058441021734 0.135605344802052 0.181260947644038 0.108961631852239 0.165679691561176 0.151362403314086 0.0383925906105026
0.0527888072788516 0.199786922717299 0.108260162498142 0.10314034224773 0.145812510650056 0.00267997483485801 0.233864760496426 0.153666519276637
0.160616284531604 0.102794050664876 0.10120681038402 0.0744345094981864 0.163472020086947 0.156767016559316 0.0538185145773098 0.186890793697741
0.0142633026054376 0.171559986234131 0.0946691547231864 0.223383578248499 0.227842464784956 0.195284654791011 0.0144589922050404 0.0585378664077385
0.192714459934181 0.165967355969663 0.0119548429587495 0.0532604101482417 0.0834383749364809 0.0681532201271111 0.242053410157802 0.182457925767771
0.113079608956154 0.0159290944462134 0.222222406402515 0.269635077885712 0.0752058792283271 0.191354147064075 0.0204405663667767 0.0921332196502272
0.201224772766463 0.0541531281241485 0.193068574611162 0.202520623559617 0.0938096995574781 0.100438753117862 0.105339880254468 0.0494445680088016
0.147494317418695 0.085254416733596 0.121000756732263 0.159876894196121 0.0729194155470526 0.124759930953978 0.143324751547687 0.145369516870607
0.185295260777586 0.173009693759782 0.16547226533571 0.00590319268715899 0.0511764556664634 0.0972525902590294 0.112289355231622 0.209601186282648
0.0525907253767319 0.0406522656425856 0.121987455410564 0.00980649135312292 0.223651917981502 0.142531637322752 0.275888238156289 0.132891268756453
0.199608074283044 0.150431656674468 0.116258213928664 0.110541940061454 0.0174263089358945 0.160948642634248 0.1002456819088 0.144539481573428
0.166954871680287 0.0976022781361081 0.167435983469274 0.170110005568504 0.124946972885526 0.00687596003192305 0.0976769040633192 0.168397024165059
0.222115515395477 0.166903941975806 0.0621199804392859 0.215410021241457 0.14235304847037 0.04865125043478 0.0962592399746149 0.0461870020682094
0.148231354673941 0.0858533755741917 0.153745488129276 0.0778251616121518 0.124707941084658 0.216233694953149 0.0486456881000637 0.144757295872569
0.0686731019848423 0.0616286050374111 0.165644944060578 0.156148379329455 0.183288235584292 0.118928949359163 0.131103493845635 0.114584290798624
0.209149342473464 0.21796234803565 0.102279432133629 0.220165153817423 0.0357663916777343 0.0104400869469329 0.0624392125069937 0.141798032408174
0.140923974652061 0.0848755952826023 0.0663834728864487 0.170603884100105 0.148116286730034 0.156633654362078 0.15351550973987 0.0789476222468006
0.145635802842026 0.176199589525656 0.0727221537391356 0.174011654080723 0.0700802880125684 0.10416005482936 0.144611630774206 0.112578826196325
0.15805759990036 0.175266160107821 0.0774796926200969 0.0987912694113818 0.0754074712832833 0.00936265217089896 0.170102735141133 0.235532419365025
0.27500937554258 0.143962095476097 0.00149001075116168 0.0807382142556628 0.0132316157443584 0.168423430278605 0.169145156976785 0.14800010097475
0.129942179491404 0.0418490202513903 0.0796105394880961 0.214479032690507 0.0725830205499244 0.0893215500173964 0.220738526856818 0.151476130654464
0.152546669561009 0.0198177384451444 0.0426769524872041 0.24331230547163 0.098274233661502 0.00363230672905479 0.195486683614627 0.244253110029828
0.107999564556157 0.183620301366514 0.0982408795138796 0.110939316699403 0.0171265196447358 0.277879653983166 0.187579500945381 0.0166142632907631
0.190203558172412 0.138870968477217 0.172589073601406 0.10721519422199 0.127222945646473 0.0836567578181501 0.117832007917869 0.0624094941444828
0.212470162093995 0.188979972731256 0.00695927718713794 0.0719254920696 0.0710748844799477 0.0187449924483023 0.228886927488165 0.200958291501597
0.0251278407765883 0.0741287044099518 0.147371539716106 0.273646374791253 0.303575736330167 0.050617883241055 0.0508790383515245 0.074652882383355
0.146506249243306 0.10533969188479 0.214550698252946 0.046315891711372 0.177255557619296 0.147383007795578 0.156690638124998 0.0059582653677139
0.209197530136509 0.218520102087552 0.0241799100130692 0.0926679719287981 0.0933275510998348 0.189214431042125 0.0472892778775832 0.125603225814529
0.235632726668558 0.0928839444142355 0.216971948957445 0.125792838693734 0.0893952515077899 0.0331238244129163 0.0913767556602527 0.114822709685069
0.114985513512543 0.0229234674152732 0.00041551475232293 0.100731599327542 0.201614464955519 0.18069129620464 0.214214625048891 0.16442351878327
0.0373945332771069 0.203632935910558 0.0833706696006425 0.118263857869535 0.196643395811196 0.219720124908034 0.0815333926279116 0.0594410899950153
0.133920792149491 0.140640890416516 0.154533442646518 0.161134186012504 0.210671682507032 0.0311754956588104 0.00695451155013131 0.160968999058997
0.0654555242960835 0.0357854121468951 0.151485828245478 0.0261048786080557 0.190025106393928 0.15309853879517 0.175144518490816 0.202900193023573
0.189601527608225 0.164839832590901 0.0948594679668641 0.178524439594739 0.177702825566998 0.0348791220306247 0.0205757326072764 0.139017052034372
0.223677431909541 0.122770890220678 0.0900724006549734 0.226720137570906 0.145364957568233 0.0689377524955868 0.0532487703199727 0.0692076592601086
0.13528118801091 0.156652669092893 0.01814657203746 0.192036480232292 0.143940668739529 0.171931463505807 0.0645391273153493 0.11747183106576
0.229902844564993 0.205892383592413 0.149072991187833 0.126255326648555 0.031261165246158 0.0540636303814368 0.101047084331787 0.102504574046825
0.0885880347749104 0.0661872377803588 0.181191128615652 0.00818700352275096 0.144377658523853 0.211976413683145 0.157743380947832 0.141749142151498
0.043117150750103 0.141553277365567 0.178616937193755 0.192555764036374 0.132019092784465 0.104928370525848 0.168024799560846 0.0391846077830416
0.130811563182771 0.208494547802488 0.042874019363779 0.0952236393096732 0.0285158208380132 0.173623892446531 0.214844329620467 0.105612187436277
0.235883789133503 0.0296884177736876 0.256813528824915 0.0204882923223572 0.201273308656206 0.0834194003689047 0.0753993136843111 0.097033949236116
0.180204326530737 0.150799862492336 0.189848480838368 0.125272888055937 0.105848504719364 0.0144546886948272 0.0751116820236766 0.158459566644754
0.146778814048456 0.0889802187015511 0.136610413558332 0.172687763612893 0.0203030653446392 0.162817246147247 0.0963246267911151 0.175497851795766
0.144447676401376 0.0352351970056487 0.0766856615332355 0.157514066878799 0.118242992015332 0.163284267822899 0.153254316005346 0.151335822337364
0.00513840621969275 0.191478205806533 0.184122985484627 0.181875557474196 0.114422245440256 0.122599784237383 0.155833860013246 0.0445289553240657
0.181877128521107 0.135542799658987 0.114706605219713 0.165934349233486 0.197889381450337 0.102260255907854 0.0827946438043522 0.0189948362041641
0.197587661372441 0.130944451718123 0.000705626001243354 0.0760696310545523 0.0735004143095573 0.192102177842065 0.137738238421127 0.191351799280891
0.19167765315444 0.152803502300252 0.24723761767353 0.0017272326309598 0.305215902938882 0.0122874575472727 0.0823026589482949 0.00674797480636765
0.0668492009463195 0.0753972889578705 0.244336581678105 0.0782466626252073 0.152309107643418 0.128750351452964 0.0940097859486921 0.160101020747423
0.0984166075656732 0.220138509948665 0.153915116855996 0.0139622402375641 0.159146501118996 0.112987380521429 0.0476122170692412 0.193821426682435
0.185751180555028 0.21187798116363 0.175324727417398 0.123772484849091 0.00777777587570936 0.0454007933566348 0.156963293030071 0.0931317637524374
0.231785595806474 0.175782052500648 0.054576554367516 0.100466322431357 0.191080200264693 0.135486272825937 0.0502857607491004 0.060537241054273
0.0226418726853618 0.239281704180841 0.136284110794186 0.00675926604147587 0.0977375668633089 0.223060336138845 0.00792948751099506 0.266305655784986
0.1446308033803 0.134386167792218 0.145484892426318 0.168103547647748 0.15694513008801 0.00307874323962976 0.0816312796915287 0.165739435734248
0.166916865692009 0.120749209236693 0.0785848491965087 0.0794185202947019 0.247108808945774 0.0821864874202634 0.0184968396311227 0.206538419582928
0.118803918704954 0.107886278985835 0.153723743464698 0.135678255921509 0.055118122896521 0.161380428769825 0.19219211915916 0.0752171320974983
0.143708535573844 0.0230084041846349 0.117302521560793 0.171540153274595 0.125939818350976 0.140819856520128 0.106711043952791 0.170969666582239
0.0865920257318318 0.085889953724154 0.174394789850177 0.123295417975629 0.192969788549382 0.102852535906269 0.118779195518261 0.115226292744296
0.0976120146303418 0.151788860841383 0.0317343276764424 0.0744211071511134 0.175624318533601 0.181447037766873 0.173227157205019 0.114145176195227
0.0797057079194837 0.0367482935265615 0.129559029675117 0.165722290960971 0.169957213356959 0.162020318376158 0.158335811127649 0.0979513350571011
0.185656225723036 0.134296766008286 0.0423070334711928 0.204051301444333 0.155555806268469 0.042310613430544 0.164534157587379 0.0712880960667614
0.000738660373121918 0.241056574435381 0.175616402474142 0.0453956980165657 0.202167933268443 0.0929974297689141 0.0459440010362093 0.196083300627223
0.0404668112561444 0.217155848309432 0.160881552726164 0.0507297383583357 0.177690412237898 0.106338696540479 0.0521892881753294 0.194547652396218
0.119836629098918 0.0476559586699303 0.242288748619576 0.117634762775191 0.0611762653826154 0.144713864038373 0.175240694098695 0.0914530773167008
0.0891528702911492 0.179915980040231 0.0042589900325675 0.231883234480575 0.0965248498442566 0.144458321390957 0.123304277691068 0.130501476229196
0.253456049821122 0.00572608002036748 0.0423288414619351 0.0869246023740562 0.225899522960801 0.0693956764429389 0.0548684856869051 0.261400741231874
0.0209070695092813 0.0402315668172842 0.219143422934756 0.175318287564308 0.155617055997226 0.0657297987474143 0.155281188584607 0.167771609845124
0.113710703935373 0.057104384618548 0.328756976465195 0.0704188083446253 0.01234622039069 0.116257566134877 0.0091386257306145 0.292266714380077
0.115082582766206 0.055246541531529 0.317171973249636 0.00646989721974346 0.0946361735623059 0.282659103939937 0.0425835637878631 0.0861501639427796
0.0325357095121512 0.231727409209081 0.0404943907038054 0.266958439017197 0.220239770994634 0.0151369212012001 0.102497403257443 0.0904099561044876
0.00224818810145821 0.283411452547958 0.0336574107318911 0.0414819912010301 0.196210728060855 0.10107188592778 0.256362048745643 0.0855562946833848
0.149498223979267 0.0148116497564264 0.200735760985655 0.0831340911485334 0.153265173036407 0.192224756088277 0.0172654941405611 0.189064850864873
0.169809251509103 0.0778337482626571 0.0619212298432754 0.135807692169104 0.0791445281200095 0.157443456115009 0.217924342284195 0.100115751696647
0.102963271776008 0.0436029090224978 0.226820538600449 0.0958087851009986 0.0731566674460002 0.0902866572279248 0.3231122272248 0.0442489436013213
0.281290422346274 0.0328936508567346 0.140134487624595 0.133614832891831 0.127690562520435 0.024826519346109 0.104382119644574 0.155167404769448
0.152171523869531 0.12843667059492 0.117841476529056 0.0620776092887617 0.290824634355197 0.20765655481855 0.0183056421001622 0.0226858884438226
0.17129704241454 0.00586313756520464 0.0378684131883495 0.0832052339879514 0.0971323892638273 0.23698049387517 0.129442927210487 0.238210362494471
0.0926674915195898 0.115474702311381 0.057399538817838 0.000364398633648678 0.227802330443741 0.118338900774251 0.196453925197905 0.191498712301647
0.116952824267825 0.149655661922019 0.194653660816951 0.0335066143323846 0.0851979754542911 0.121893745377407 0.195544930445525 0.102594587383597
0.176889381913589 0.182535095046896 0.0260344858766975 0.159820646991077 0.177712774579736 0.169587335686841 0.069195511732676 0.0382247681724874
0.054968872399602 0.0053844926436495 0.255314914861607 0.307999753998982 0.0955846659923068 0.0668837616048037 0.0540998392119114 0.159763699287138
0.158959356827928 0.164601088801246 0.172197852866192 0.214761362119807 0.0269174614056418 0.163153478991778 0.0497618479589498 0.0496475510284579
0.074889113674505 0.188886421077694 0.0587928606429159 0.192904441587075 0.118774002857491 0.149160428621345 0.210770928533094 0.00582180300588076
0.0085361689069348 0.192463212062726 0.0268429756338901 0.221195292455096 0.138546964691441 0.190776901748138 0.0755851406420005 0.146053343859773
0.0279948065151834 0.103263958047973 0.120839019887588 0.170333999363168 0.031382966481477 0.142506392762318 0.196345003759269 0.207333853183024
0.000476707638358515 0.117798369335478 0.206999994776038 0.00949180746153885 0.301943728632652 0.132908090032775 0.199346297819926 0.0310350043032347
0.046900710007902 0.0942527013535857 0.105058824151096 0.141034308297718 0.192073828902459 0.148739106862829 0.0718035355198994 0.200136984904511
0.208522637012691 0.112319587966664 0.00169604700587982 0.158478277686545 0.0638248409597927 0.164504227629084 0.093255808319093 0.197398573420249
0.111413341160342 0.0895938783367105 0.164709660498621 0.042540507749437 0.15729884118551 0.141658082034359 0.166017020722683 0.126768668312339
0.175193461812068 0.12295148683821 0.0416314028202984 0.148077569761218 0.0146320052316677 0.123334740467287 0.122705517637615 0.251473815431636
0.110513937954244 0.152073289610671 0.0447361954027439 0.262717428866812 0.216648844068497 0.0981487853521261 0.0147217214411037 0.100439797303802
0.244627634827902 0.124720082079979 0.179989715794393 0.11972889466581 0.0856807103871734 0.155771710383801 0.00788142764567738 0.0815998242152645
0.123003005009383 0.0596109017261827 0.17190064551496 0.0944539278668013 0.112330949916806 0.168586600873323 0.158378948611152 0.111735020481392
0.022462582341338 0.143796347423119 0.202616834098388 0.17263943745877 0.101873885690376 0.0615247382483121 0.0966010542163578 0.198485120523339
0.135977280821135 0.139086916875301 0.0528506212864457 0.0968697814443829 0.173225939490473 0.134154598703038 0.150466297502863 0.11736856387636
0.173367877670427 0.271010866286225 0.117459707558136 0.0159303487351963 0.222188130048439 0.00362213024448984 0.0843023942261718 0.112118545230915
0.181376966715245 0.0716636637109752 0.178368072846073 0.0980341639206586 0.0430289434762642 0.0860869462497104 0.183741865233953 0.157699377847121
0.317278008109848 0.0722973835926658 0.160234880121601 0.0109178478910143 0.109712877640331 0.17117257919604 0.0224290901118544 0.135957333336646
0.0786425848926654 0.0104570161686979 0.0962190543501855 0.249155895158362 0.0972126550141736 0.240092603453543 0.225133505293748 0.00308668566862467
0.0859286686286276 0.175300424015995 0.127752758367002 0.00968157612419726 0.0381885588812621 0.200180444843092 0.171720883488419 0.191246685651405
0.20971846161782 0.146777261695272 0.0423102446056546 0.0290468623357507 0.169173235294856 0.248673731398769 0.103312035417 0.0509881676348766
0.0779363444777807 0.144729732863083 0.0782561631979768 0.198700214364856 0.122702289232062 0.128949855025815 0.124862446815814 0.123862954022612
0.0705073661094288 0.0428406871732453 0.315423861457297 0.100321669363734 0.0444854595185697 0.150247221077427 0.156728629584817 0.119445105715482
0.0778070308797945 0.19961608667122 0.136347976035412 0.134150771751907 0.108807052024309 0.268428387603292 0.0565066344027672 0.0183360606312975
0.124645330620657 0.0200746087116996 0.0947916361217362 0.0838035927843416 0.112171518020727 0.254804378735368 0.126546245680479 0.183162689324993
0.164518074534887 0.279995513033023 0.210699802701084 0.0973651047565042 0.0589123186109088 0.0319436109167636 0.0212425047733991 0.13532307067343
0.116436735161108 0.0614683048544367 0.0446405341532531 0.140723923682255 0.147137970498236 0.176940651790801 0.151501856230373 0.161150023629538
0.124155738030448 0.0974326172649139 0.0605738396216126 0.111670731915812 0.23536517977721 0.0601763736069264 0.0797127887485509 0.230912731034527
0.156582235369396 0.1241727598046 0.147114094319037 0.0984593986667824 0.174213284040937 0.107745834177031 0.165436746763182 0.026275646859035
0.17830383161058 0.0353016229353342 0.153966804346809 0.139556302823471 0.229689646960447 0.00280549895727165 0.0329375701221374 0.227438722243949
0.146781525383124 0.108328143353522 0.0394877692438315 0.158598985450645 0.201351151908053 0.0967190745078144 0.0671605708558518 0.181572779297158
0.0238732620939453 0.249697335621266 0.0169488198016171 0.0936878696585667 0.0922427541853985 0.18473033879607 0.210384739983919 0.128434879859217
0.0693325098386711 0.0930931125127016 0.107474816994567 0.193091332533215 0.21809039535914 0.0349212953773272 0.0448427048801916 0.239153832504186
0.101288646586834 0.0995433215043549 0.0910614443451509 0.185509922941818 0.126871609501892 0.06462843462843 0.145419767172781 0.185676853318739
0.0338167697755978 0.103764640478017 0.187884648394784 0.117481326909101 0.124820199853498 0.0854634187878462 0.151310814879733 0.195458180921424
0.208437280465063 0.0396436911030165 0.0882304449717784 0.158368257489903 0.201447964196586 0.0548389785522478 0.236196670138544 0.0128367130828622
0.180024907075524 0.0816636921003608 0.0494835285968398 0.0243105906404288 0.175286307517002 0.0650109089560998 0.267997516606563 0.156222548507182
0.0722161386023104 0.195039365243609 0.127752030072096 0.138778853588052 0.0386406588700776 0.121619390532504 0.241196715318703 0.0647568477726476
0.215848431506944 0.0127481470704496 0.0109036830823047 0.214934709879341 0.0618699256892553 0.213546005055313 0.140888851498278 0.129260246218114
0.168529002425269 0.298779821655716 0.0516104589476164 0.0717784348668421 0.128853500331987 0.0110486290038769 0.19811309607095 0.0712870566977439
0.105403527007857 0.195481233304778 0.184417484602037 0.0405287840833422 0.121516540148624 0.167845333276187 0.140018053625238 0.0447890439519361
0.162918123386666 0.175162125403841 0.0383464392612068 0.246321245111341 0.00227449548905939 0.0507116002348422 0.111260391903994 0.213005579209049
0.0718191184501106 0.0791573840277698 0.124333747788833 0.196722137997457 0.112819491117215 0.0877927052428607 0.202720028546963 0.124635386828791
0.190142017953114 0.0918258659671654 0.174161796227936 0.119095590920525 0.00874481322173218 0.167356098615006 0.0586292448791429 0.190044572215379
0.0522708862649445 0.214817165828478 0.246611243074942 0.113654309313146 0.004162734668242 0.108287899257213 0.0064275059764873 0.253768255616548
