0.0677208868741075 0.184075107687085 0.352327891320672 0.27113431550914 0.11000470618376 0.0147370924252353
0.0558758849566381 0.116411551992058 0.235777373716713 0.148762308226984 0.0724921240147429 0.370680757092864
0.247458446125395 0.0180347166070023 0.263393526985326 0.00855564101701319 0.263592720559992 0.198964948705271
0.223176763531295 0.154392033824285 0.22310703568569 0.160983441405713 0.234996832942774 0.00334389261024271
0.259892659314402 0.25309103032094 0.17542419156252 0.137367974507738 0.171535946753511 0.00268819754088842
0.205675275949633 0.221309945758464 0.213937610721533 0.00758166087397006 0.129759469771596 0.221736036924803
0.315899986289318 0.0822183860114149 0.149678812471582 0.265258239375998 0.0632392282692531 0.123705347582434
0.309976871584918 0.1451473265884 0.252765366664621 0.0457778285532747 0.00338797768828683 0.2429446289205
0.220164004559295 0.160823229803021 0.0511575412832703 0.14224420588113 0.203490790195527 0.222120228277757
0.335947852823936 0.0109816707147429 0.148933089823727 0.0441755284655802 0.334921758184934 0.12504009998708
0.0522112940174866 0.0839796933427126 0.166933678163319 0.292456342297386 0.275318099134023 0.129100893045073
0.299254732506651 0.0609500331794872 0.359597427157781 0.0365712695250565 0.2288365175954 0.0147900200356241
0.26170037282809 0.163370420310768 0.160727448908475 0.209740234000944 0.185647275327313 0.0188142486244098
0.0468355393709012 0.55425574697805 0.0578205229979626 0.0895854438265756 0.165687174668671 0.08581557215784
0.380026548796181 0.119159268137117 0.145433182846626 0.115412476587001 0.0537229240680614 0.186245599565013
0.0017269663127044 0.287276513240281 0.1766390459022 0.269448929041355 0.230407611058296 0.0345009344451625
0.0223879323424094 0.22197815146541 0.000829113641681141 0.269153372657941 0.222648101798065 0.263003328094493
0.0751230273165452 0.152348223657852 0.110305961134563 0.231658901582589 0.236055184033089 0.194508702275362
0.215971794255186 0.000779112677738177 0.177804419695277 0.306898813922503 0.22808028987332 0.0704655695759754
0.196379852904676 0.04272080626293 0.189518113766071 0.0968837891031454 0.331076280728569 0.143421157234608
0.0384812805432384 0.200521331845495 0.0286853546695833 0.200256985842361 0.279176395191183 0.252878651908138
0.283605726438653 0.073053076710667 0.135829001729912 0.140945637988197 0.298535912536395 0.0680306445961749
0.155042652206035 0.222919518031587 0.214952355564606 0.134380908163047 0.185466030717225 0.0872385353174998
0.031236614958792 0.194028260451676 0.0432682104748572 0.529806401181746 0.143673262275312 0.0579872506576161
0.260694363708837 0.000473144588593557 0.280987944133684 0.172411432357951 0.252724901826032 0.0327082133849027
0.0707920389182637 0.223205008101636 0.113399930311553 0.237585697495703 0.13706634642355 0.217950978749294
0.0361492130470134 0.217625021903274 0.287534279775511 0.115153826834545 0.178815046641112 0.164722611798544
0.193619848890726 0.152551194467973 0.165976509773941 0.128057789952194 0.270378861124341 0.0894157957908254
0.0553017550941565 0.17902871057812 0.149283840271533 0.207560870998972 0.191319311113318 0.217505511943901
0.243405008394514 0.0250384139220774 0.230435015701038 0.29539434441131 0.0961911034739608 0.109536114097099
0.0988179916488761 0.0274848466454109 0.261907852819488 0.324123022952725 0.247990917677807 0.0396753682556925
0.175785358431031 0.218508795675713 0.2185367839512 0.22523503559958 0.128520778515816 0.0334132478266582
0.0278499008471543 0.228165508072158 0.216509051494806 0.221803313898834 0.163522650308319 0.14214957537873
0.0625737709616739 0.265747473660272 0.0871490298332366 0.118563569806249 0.175422470313018 0.290543685425551
0.0785094982366967 0.246247804128391 0.129212455671057 0.17621415913776 0.162323703005248 0.207492379820847
0.224755961003568 0.248804425014653 0.10165128170849 0.238636413105747 0.181668844743714 0.00448307442382895
0.260072640261721 0.137053590335199 0.0964734417113771 0.189456756013817 0.168505729978593 0.148437841699292
0.0602699486852262 0.248026287920152 0.291492784264835 0.223618755293678 0.0313562295803149 0.145235994255794
0.245722283017026 0.0914486398998184 0.186802811287436 0.250832604127736 0.190582394633332 0.034611267034652
0.32676789129264 0.230409686359494 0.112148844055114 0.228888955554048 0.0571855386492391 0.0445990840894651
0.244877113084821 0.0258258366501964 0.28412342795208 0.234986077500962 0.120148494828134 0.090039049983807
0.0808254625382763 0.0294382928721881 0.109357390581675 0.407928190173157 0.340549929363087 0.0319007344716161
0.000601704789405923 0.239009240554557 0.0953977665350104 0.223095089478333 0.0624728447211899 0.379423353921504
0.0515116891066139 0.140608508835445 0.233885713280988 0.21158081531949 0.203187342300191 0.159225931157272
0.336481857308324 0.0763055614241333 0.201926726647607 0.0138602523093086 0.177757000905515 0.193668601405113
0.103736600579669 0.203362505630021 0.301205721013624 0.0126383103898211 0.246656185035335 0.13240067735153
0.263393379391971 0.109439933827805 0.198749835709092 0.183133878016603 0.0968150622963142 0.148467910758215
0.253065332192737 0.139731017916432 0.10588665572459 0.120205492207602 0.0917546892407189 0.28935681271792
0.20909959998693 0.136210044450651 0.297796561519583 0.282224670010571 0.00806863732349452 0.0666004867087706
0.075208765879399 0.22331421929554 0.141634413856566 0.173500626232135 0.109123641908684 0.277218332827676
0.336957194507779 0.0163683817793248 0.0820910988797817 0.319065866444931 0.231545447059391 0.013972011328792
0.269380935653562 0.133525769194025 0.236489480184969 0.164381893933388 0.157206271684638 0.0390156493494185
0.184310830946659 0.122793211882687 0.0274448941360032 0.223047049103541 0.201708461542267 0.240695552388842
0.235926628038201 0.0104450756863026 0.250057534453486 0.204462250343606 0.187495022988646 0.111613488489758
0.133114943899106 0.164379981660606 0.207031353994823 0.135499235177717 0.207842508834977 0.15213197643277
0.218847271650823 0.213918679105445 0.104601467151312 0.0173739548763043 0.18422118980138 0.261037437414736
0.148607692606413 0.226519984898745 0.0343362665923426 0.285006950291895 0.15282373951932 0.152705366091285
0.231994407203194 0.245175302334688 0.154978457062007 0.13350588024511 0.0417669123621297 0.192579040792872
0.206987624153692 0.14178424936509 0.168460411116844 0.245871614851598 0.00766785253290193 0.229228247979874
0.206391441546764 0.131885522723028 0.129952043809686 0.238652749817178 0.166831046129413 0.126287195973931
0.115854489254152 0.317984497223411 0.0319876704601576 0.0904690193589316 0.198906435399746 0.244797888303602
0.35896901196126 0.340560025218095 0.0607485664715506 0.0664025953783061 0.0160843775751781 0.15723542339561
0.21690653119442 0.162146162153386 0.231216734373081 0.256012915723147 0.0493245092024073 0.0843931473535584
0.0670507976248023 0.00146826421078766 0.297291854807827 0.309131663100168 0.292555918605936 0.0325015016504789
0.245092884368444 0.0443248291693465 0.259630244233007 0.132817125256908 0.192825400642066 0.125309516330229
0.0716151862124534 0.0221233409125245 0.103563553119944 0.0846337934825789 0.348156643029637 0.369907483242863
0.0242482816169471 0.229070248069699 0.203493043900469 0.0839158427138639 0.209039812012177 0.250232771686844
0.199302065592689 0.204072522739787 0.217845316493952 0.0297615949445349 0.197932659085204 0.151085841143834
0.114977839887118 0.237689640192611 0.177187455325126 0.0814355868507248 0.244549767047914 0.144159710696507
0.291562391404347 0.0188101535125649 0.113830550975743 0.288331714841666 0.264001250438916 0.023463938826762
0.222110182631284 0.200338498003044 0.213664027544848 0.0734033552468853 0.145804821098494 0.144679115475445
0.0977232713361864 0.186772702809867 0.160167358671955 0.242904383907104 0.0964987613808755 0.215933521894013
0.345125004268316 0.0100249494625889 0.141362734973169 0.254823791100124 0.117403307208834 0.131260212986969
0.342181976712002 0.0311630761504785 0.325865622848919 0.179211990260902 0.0937510025973632 0.0278263314303365
0.0410169007217802 0.280871745510659 0.149742129662219 0.0543400577318666 0.216508616750282 0.257520549623193
0.193443489288042 0.0299208660482941 0.200036147295297 0.134202350971677 0.194109856511948 0.248287289884742
0.218274102187085 0.0345421431268877 0.193626443186799 0.00457320158310704 0.165732842966387 0.383251266949733
0.138051381306186 0.028180348058416 0.207787156289982 0.240577579820063 0.166205820072213 0.219197714453139
0.215636938433715 0.150477701124509 0.204384531651048 0.0105889959993945 0.118062696380934 0.3008491364104
0.0938029869891729 0.151610716975428 0.184598405658234 0.273679149556853 0.120044068174227 0.176264672646086
0.111370449971581 0.189497830551035 0.0848284584185949 0.247434527346766 0.198637444969463 0.16823128874256
0.206856474896944 0.208128681100903 0.223463554433022 0.0365409046454992 0.0530551711927704 0.271955213730862
0.0349886832078636 0.301984913557499 0.0992442872151711 0.174894879588206 0.114811779349685 0.274075457081576
0.19660214377137 0.117554695255775 0.0773091892676125 0.174697931029206 0.167175346958665 0.266660693717372
0.153170135675593 0.0243493802948981 0.30156591784309 0.0657222597703939 0.17776359420187 0.277428712214156
0.161767094246975 0.201251980496283 0.146417912462132 0.194094647285638 0.136528222483426 0.159940143025545
0.212334608781414 0.125484630799646 0.126776871403977 0.215534318906686 0.088878063860758 0.230991506247519
0.264840796629023 0.193606053561404 0.0815283856481753 0.137523740896909 0.11547683226183 0.207024191002659
0.276001945636076 0.0973168792772749 0.229669173428764 0.0331566645102763 0.221272278701433 0.142583058446175
0.218600658136161 0.153520792656095 0.274311872222264 0.0353730692603122 0.264110018122121 0.0540835896030467
0.026523445282857 0.213592381909135 0.284416689310324 0.130202458985494 0.0896865641219208 0.255578460390269
0.278065936737247 0.0597203242236409 0.0643817938116335 0.0837192492806999 0.235890578423585 0.278222117523194
0.252393801737174 0.00883536214375122 0.221165186693736 0.0857088479575496 0.351301671627941 0.0805951298398478
0.184366122758891 0.216368030206787 0.222365455457196 0.16456053446501 0.00327019733532139 0.209069659776794
0.115362414638299 0.0851199407700386 0.143182176240771 0.332962526894294 0.167811433862072 0.155561507594525
0.278408028146778 0.230348943805219 0.278543667070987 0.000897647934664033 0.0566627601737785 0.155138952868573
0.0508659954023519 0.389001045901006 0.170735877432482 0.101205879179848 0.286240494768627 0.00195070731568513
0.241982090956667 0.0240184020473684 0.178598214160069 0.243750552145478 0.226354986110208 0.0852957545802098
0.179108640676216 0.227211388797318 0.0706429670320432 0.157592249138043 0.111092937778903 0.254351816577477
0.060052681548926 0.301435283278991 0.248792929159735 0.183889350420406 0.0648260709388846 0.141003684653058
0.207672695745694 0.1619715283723 0.246092725327554 0.26562161949886 0.117859055564551 0.0007823754910409
0.116964331950163 0.242703005672025 0.197661470862652 0.173724685428786 0.208774690412516 0.0601718156738583
0.202329085046495 0.150817307335732 0.121238162199633 0.229713079145915 0.262936322227498 0.032966044044728
0.185125748826775 0.0492475027813599 0.169111934479032 0.279716007373685 0.127812728450516 0.188986078088633
0.253021135801088 0.157485169055873 0.242277044386301 0.216185706510902 0.0645003141820151 0.0665306300638213
0.209728453183841 0.0709849257504566 0.270710755575886 0.199825583014484 0.223618614804622 0.02513166767071
0.0561361992213826 0.264791688784187 0.166321607294454 0.250298480021233 0.120138302510491 0.142313722168252
0.073306688092567 0.291787269608946 0.204763521307491 0.113454898119603 0.250150330450141 0.0665372924212523
0.287286248500932 0.0538531146102894 0.117597681223275 0.065215324289275 0.0469632354127839 0.429084395963444
0.295456459309468 0.106030443688621 0.0376706477051199 0.264160169778376 0.19998756906135 0.0966947104570645
0.0287362184778829 0.243245446280754 0.135085796416819 0.311598405877801 0.00371339876370607 0.277620734183038
0.221098737099569 0.1888132141602 0.14075107060367 0.113942672502704 0.158773290882604 0.176621014751253
0.050962635414008 0.0253788099224703 0.00312621972156387 0.343657595587051 0.208370652770702 0.368504086584205
0.00866217250322297 0.179983115246138 0.181846869650327 0.297198624302128 0.207581192020643 0.124728026277541
0.301592063680077 0.0189543041936936 0.00235126654981392 0.330051808761347 0.246396968453571 0.100653588361497
0.0598652243364945 0.03350528565038 0.0696847674987266 0.387556766113378 0.225885126401115 0.223502829999906
0.150692717115577 0.0453576480237405 0.238126045182695 0.210060992234649 0.249505992189487 0.106256605253852
0.141290718223758 0.145598867486765 0.0301694251067954 0.164851092570544 0.310018780540633 0.208071116071504
0.0382822036342025 0.0897730577216984 0.0926150871553963 0.249157850105508 0.278961155042927 0.251210646340267
0.232209360139466 0.277638031010742 0.0666239416996789 0.140271461649851 0.095868658906542 0.187388546593719
0.137050066803376 0.0758043522692159 0.138708496411341 0.347500990270254 0.0359841829885787 0.264951911257235
0.0295222564698489 0.288407647128886 0.297559989589262 0.155426836962009 0.026340769551726 0.202742500298268
0.221616956670644 0.124749114498204 0.220147914731319 0.0213101728088745 0.0747625127384946 0.337413328552464
0.12307330984819 0.221370961496094 0.176533377391308 0.167736239349844 0.256680884224581 0.054605227689982
0.0101677809897027 0.16847829020051 0.3386842253925 0.157303674752005 0.00926912895012223 0.31609689971516
0.177785954460328 0.140757969491151 0.166388318225508 0.218217478180137 0.143173295404679 0.153676984238197
0.188952841993276 0.198459149530982 0.187258148400155 0.108896228243971 0.209461205834143 0.106972425997472
0.287379770430084 0.26278263494009 0.0631693890147899 0.0761847888068985 0.27719078413536 0.0332926326727783
0.130387848726451 0.189480236146426 0.184288179484474 0.157688481436995 0.181096245428882 0.157059008776772
0.154679158412126 0.129979255127009 0.223148088185292 0.261424523559359 0.0456608536032627 0.18510812111295
0.0127376983559821 0.267868580097504 0.0641170269709482 0.0420471365692394 0.299242099713321 0.313987458293006
0.0363812176834632 0.137257892068714 0.264807409293014 0.096382390128571 0.267785369288783 0.197385721537455
0.0815874278053939 0.166919522107471 0.0892871392543871 0.237420228002619 0.310461681901265 0.114324000928865
0.139013929518607 0.202031183421791 0.25097941799121 0.255005267070171 0.137532753966423 0.0154374480317986
0.114987873890311 0.11508329019023 0.0899763878465448 0.0808032653307994 0.291531300986444 0.307617881755671
0.014154134249482 0.130944928566217 0.179425204196853 0.0212929043831494 0.307147268753192 0.347035559851107
0.312360494064994 0.0986107667408732 0.0342783048550785 0.000899893748260215 0.213591194214035 0.340259346376759
0.133482375894458 0.201592123979935 0.10671817868168 0.196488717055566 0.278454678419154 0.0832639259692072
0.156078941170268 0.0707472661204121 0.143413856756192 0.228639927875285 0.360481516190814 0.0406384918870284
0.0848996632618094 0.277394252110123 0.0573446739955493 0.191112824272474 0.101610142915856 0.287638443444188
0.217443228475898 0.129754854880297 0.0517152737202692 0.066683932403521 0.32341317696002 0.210989533559994
0.0356162863063374 0.213910555646418 0.0743905436405325 0.194907656763091 0.244878065920204 0.236296891723417
0.102124268598607 0.048526723027184 0.00575192633926668 0.38436813967144 0.254550865957117 0.204678076406385
0.179505061836849 0.398024425705911 0.0987630097682836 0.0952485837800405 0.121293528802111 0.107165390106804
0.189488234387307 0.23649467124805 0.0007946200342442 0.255931690305014 0.279208225151038 0.038082558874347
0.189437949455469 0.0483517818156543 0.282640470099011 0.209348831944578 0.0334097188829353 0.236811247802353
0.0828644684672578 0.159629651559587 0.192389113096987 0.0871703563834809 0.37256860888918 0.105377801603507
0.112985357033445 0.234823409563747 0.197313621744966 0.211286006997727 0.177285641571221 0.0663059630888945
0.256725550837572 0.0451757587042185 0.292356927440474 0.249972058422651 0.108560953033727 0.0472087515613582
0.326573699497905 0.180861145131033 0.091192998401343 0.128672533745411 0.157881020591382 0.114818602632926
0.0601719942666714 0.1635797074566 0.128013308272324 0.475382560646911 0.15073184876688 0.0221205805906142
0.12057888966128 0.0486307566822055 0.311791629989034 0.308731252936899 0.182271853702022 0.0279956170285582
0.154134025424509 0.178516702319497 0.221737107958308 0.218894407922644 0.19785590819373 0.028861848181313
0.181833162499927 0.24297300996618 0.189542334663173 0.0283074120713479 0.177071847423449 0.180272233375923
0.27349406464056 0.136929222320324 0.00703850622418454 0.217551001220826 0.285189336240652 0.0797978693534526
0.194353632313132 0.219950542580578 0.0463522524526476 0.152560418742574 0.0255979782836591 0.361185175627409
0.000360209979423187 0.380674766623823 0.0824093252739826 0.0627729263711332 0.435261748904311 0.0385210228473273
0.121711896563962 0.209647090608957 0.272564673913375 0.108191988342043 0.224199206062876 0.0636851445087871
0.147526299073097 0.0652533878562965 0.322707168150826 0.0414646655215486 0.151007289727682 0.27204118967055
0.159087966408479 0.274685867243633 0.120493684073403 0.245204388712794 0.0700795201990779 0.130448573362612
0.0273056943082989 0.254781496809393 0.262283097305582 0.0354230257835332 0.254496992751554 0.165709693041639
0.155071721851582 0.04612187102013 0.168203975353557 0.363790694558991 0.0543107808069048 0.212500956408835
0.0471471568277287 0.324148656706625 0.130990637258771 0.149192869648282 0.13788317611208 0.210637503446514
0.22808433577898 0.24492227212711 0.0905849087292403 0.176936867316754 0.245785691908935 0.0136859241389802
0.195554374203418 0.23109267920358 0.201153992848899 0.103697968997789 0.174240663986275 0.0942603207600388
0.317140987192934 0.170334047370003 0.0131551047933531 0.0904024854518787 0.0210610763714028 0.387906298820428
0.0486351362155341 0.11458405872673 0.259433789193047 0.161900328270567 0.219581813869374 0.195864873724747
0.148765852743349 0.217758672215335 0.296956136620625 0.0948131833340089 0.00750291336191457 0.234203241724767
0.165007721805471 0.005179007574574 0.24410411489793 0.242158019830343 0.212771986153528 0.130779149738154
0.148115631724634 0.213667650584185 0.169741054664865 0.192300626413494 0.0975077569598041 0.178667279653018
0.286327046473731 0.15795775214895 0.12719841507887 0.219424636115685 0.104209952140524 0.104882198042241
0.22578077472048 0.200472674655754 0.225311612678714 0.110295120062862 0.0236839170520051 0.214455900830185
0.179176402550193 0.21455657002073 0.175411882583963 0.1461003817509 0.0137141575012631 0.271040605592951
0.117327278799007 0.000284133144571444 0.200873425221085 0.192595564323469 0.254322401404232 0.234597197107635
0.283809319878685 0.0617319044080064 0.184339580625527 0.336255750347893 0.114394828004575 0.019468616735314
0.211042983750642 0.17601487142279 0.220840268128383 0.189190864494728 0.0435318948876925 0.159379117315765
0.278457739203875 0.251696112348057 0.109848050885555 0.129605338822773 0.0158575248357742 0.214535233903966
0.242988760225106 0.0491612741661317 0.101912388984482 0.15939498444797 0.228239070672791 0.21830352150352
0.00655134627500458 0.198085728848317 0.0682128137412856 0.231854344058777 0.17395322908872 0.321342537987897
0.0979746286031848 0.259124409521255 0.177550016913399 0.215132967962458 0.0215940605060545 0.228623916493649
0.29281178892617 0.112716122386328 0.139535901904006 0.221815039761203 0.118398005381549 0.114723141640745
0.173799209340336 0.170593114763912 0.278445594392574 0.043935749120208 0.118478873741028 0.214747458641942
0.279090979683862 0.228594823669739 0.186467785616923 0.127839240115795 0.150608301916359 0.0273988689973218
0.119672813056874 0.353845327496557 0.0194676960371976 0.0438250331849431 0.235547300812036 0.227641829412393
0.220552002577557 0.249066529551105 0.102687288388364 0.106823706273418 0.100228544810511 0.220641928399045
0.188777127170415 0.0335546379654693 0.132529496948303 0.125682846264537 0.300495911531116 0.21895998012016
0.314328837700657 0.329836929086438 0.0127829618707923 0.199521331714303 0.0645346230152024 0.078995316612608
0.0743595757326207 0.218419953189749 0.0933153767814367 0.210634883608658 0.196093560404024 0.207176650283512
0.0274928033756295 0.235039028108394 0.197508037312114 0.174385238464421 0.147678299220344 0.217896593519097
0.236601331258332 0.0226135513213161 0.22961110704101 0.00975872728448028 0.251117155417489 0.250298127677372
0.238809876886554 0.198276628433861 0.0968515281107323 0.188702489589184 0.0667160814821735 0.210643395497495
0.219130796710667 0.0606428877063393 0.367785695716623 0.0875896541706965 0.0483035441710636 0.21654742152461
0.279554661920852 0.102654673460521 0.0983268612421907 0.11406059536943 0.279686210995383 0.125716997011624
0.206933929648813 0.308548153853585 0.242738300884741 0.0398669515588481 0.0173688854304679 0.184543778623546
0.400716467986154 0.130466274375439 0.34152519413832 0.0179099204650597 0.0955822112651252 0.0137999317699021
0.387670755458238 0.206313049462317 0.0497431470400007 0.237937188174576 0.0833499641409171 0.0349858957239511
0.147995115196145 0.0811344228488048 0.0989685319045384 0.22124014457205 0.222224479777699 0.228437305700763
0.0830825929793965 0.383904380004361 0.171549490533482 0.121834844938321 0.0757081722594388 0.163920519285001
0.233476722080136 0.0181354571549079 0.275509733201423 0.140346875064833 0.241486260052298 0.0910449524464032
0.21358992719318 0.261015337753813 0.258731934357255 0.0208208302158318 0.0869406228093805 0.15890134767054
0.0572967327957653 0.272962461417895 0.223921037471526 0.200003922200028 0.123685544647685 0.122130301467102
0.0446305140296576 0.298288538487551 0.0953096157157616 0.0205629886537056 0.294204889828881 0.247003453284443
0.0125821470917864 0.244520226018133 0.131793861253276 0.209870870382441 0.174184158424041 0.227048736830323
0.00145879143077841 0.382059664480707 0.0837607975706978 0.213641674552996 0.122198789646579 0.196880282318241
0.155757337204766 0.150459970247579 0.0929975487068463 0.233055055346773 0.164128533158214 0.203601555335822
0.166973691707435 0.230013610035801 0.174882058243605 0.0777109130253008 0.154755864712111 0.195663862275747
0.253562833469215 0.14162447194163 0.268486598899825 0.00280643877765973 0.141395040258775 0.192124616652895
0.123940289127317 0.128451020103376 0.11550555702301 0.217294260632142 0.204048607521049 0.210760265593106
0.276017209518847 0.174007988298153 0.179199972142968 0.191158081689616 0.0595880407656833 0.120028707584733
0.312435148913518 0.114166337043228 0.123766386831659 0.126041586096617 0.0670082098172059 0.256582331297772
0.209680223945021 0.0624547345509434 0.26557870247213 0.186988474900332 0.159793603131026 0.115504261000548
0.10879705577291 0.110920215386409 0.246163580435069 0.260744150523931 0.0153240832279007 0.25805091465378
0.0967500756737134 0.180413108516023 0.11673158728292 0.0498040033049995 0.266287310309006 0.290013914913338
0.0163282855572485 0.350926945181749 0.175021377649878 0.00484690076378342 0.293845881583507 0.159030609263834
0.138747068894578 0.262329098155307 0.120829401440743 0.254407961426716 0.141730709517918 0.081955760564738
0.178139964023288 0.171547192054126 0.187891204026754 0.0779192097568641 0.198693864184517 0.185808565954451
0.133913800295918 0.240008531343811 0.0305045964630462 0.26637401291782 0.195212895767055 0.13398616321235
0.253895396206791 0.0404500029992757 0.267502922724608 0.00800131992752079 0.196308735731797 0.233841622410008
0.13140387923981 0.19041630733324 0.05459749175925 0.0200163315031287 0.251199277107979 0.352366713056593
0.0467276600401308 0.068571381379226 0.0833822931748701 0.439221199827384 0.310682741545493 0.0514147240328971
0.229135138768193 0.0563424303677057 0.0241351816407782 0.236043897756356 0.188979048080009 0.265364303386957
0.389607188354904 0.0566660759575178 0.084036080570634 0.0924107984852561 0.34007981800152 0.0372000386301686
0.0902188099120582 0.0520229892259667 0.0263810208505293 0.371635235848807 0.0519391840763539 0.407802760086285
0.179038489729468 0.148335221556223 0.111830204676978 0.0770677884357143 0.202532007388561 0.281196288213056
0.117791424971184 0.137385117405228 0.185611484406417 0.198482350671433 0.189393280441428 0.17133634210431
0.26105263504863 0.286636337128066 0.0793879884465165 0.0924595716854341 0.272435657728681 0.00802780996267263
0.296235239931576 0.0578030690536595 0.292262966090666 0.120023782755175 0.0681374603972719 0.165537481771651
0.336155309103864 0.00932194152424864 0.166778991967713 0.288987843555442 0.0719943995961821 0.12676151425255
0.0709825700671865 0.211602556060784 0.233722235501396 0.137544872502192 0.12442527970298 0.221722486165461
0.0490402709149629 0.238012991518144 0.0564219753465483 0.322007855804022 0.293693131609156 0.0408237748071658
0.245700073593828 0.0483594627112766 0.00594314310627936 0.0367355875996517 0.318937357507819 0.344324375481145
0.158691665700963 0.091231939772966 0.221716147243877 0.205861432463934 0.216331277181545 0.106167537636714
0.0346019065108067 0.303939532687836 0.0452603710253975 0.194960130490313 0.106606557094206 0.31463150219144
0.224134942026529 0.138770765913968 0.207949082858663 0.180879628468792 0.222660966061051 0.0256046146709971
0.253085096473658 0.156665363464877 0.0266507990059752 0.209327306869327 0.0917245122145848 0.262546921971578
0.0542961122755644 0.27965580856057 0.286913706770322 0.110800439759108 0.0766549320271091 0.191679000607326
0.00836282830075409 0.248335990648222 0.251864080632731 0.307305881132598 0.062890850504102 0.121240368781593
0.329878670837684 0.0479152460787595 0.142238924599013 0.0818865179549425 0.0517353423926057 0.346345298136996
0.185317009578477 0.24740910858556 0.157098724065304 0.0473088600446008 0.272392575586182 0.0904737221398762
0.199856203725209 0.00282676028727459 0.200503809887281 0.180117380738136 0.236243495517185 0.180452349844914
0.0282110793065496 0.00722604357283403 0.483360925001942 0.131827667629067 0.19925775103203 0.150116533457577
0.143886896185627 0.189595002943063 0.224864095860763 0.0115720405566271 0.228241142107688 0.201840822346232
0.163989303857775 0.278382599422171 0.0241769507051089 0.252820016606806 0.200905782785367 0.0797253466227727
0.159327563619639 0.0466536329555486 0.0637665657436376 0.328803837942768 0.0832548015041575 0.318193598234249
0.246176921949044 0.176163042937209 0.233057716312484 0.138350009213397 0.0823826837048483 0.123869625883018
0.172449322589594 0.151805329953784 0.0419766758376229 0.195036165960845 0.0505367371131874 0.388195768544967
0.0336782449963553 0.115361442498937 0.176163667674507 0.256554358806486 0.149763067987155 0.268479218036559
0.196405921597889 0.194029738967625 0.0581363040260704 0.222394859748886 0.19480362120971 0.13422955444982
0.154873621556037 0.1375083371337 0.0706848867416044 0.248075979070557 0.202046124457265 0.186811051040836
0.0961128454276961 0.280681312116382 0.0293709967215878 0.193420154596917 0.255747255994419 0.144667435142999
0.256926210740288 0.0457946620255351 0.0282347399812203 0.0226431752598772 0.409606216319426 0.236794995673653
0.472681148307354 0.266649794406528 0.0411822273303008 0.0186402646238124 0.0384302408474491 0.162416324484556
0.197245719517068 0.0224310014076594 0.302526637770435 0.0122408113406273 0.197984490293861 0.26757133967035
0.217661430699743 0.0551808022573096 0.225593382816999 0.141843657900566 0.288114272726856 0.0716064535985253
0.0247193062821316 0.147696004724094 0.186245280175677 0.202707490980038 0.271657412368164 0.166974505469896
0.215089647212395 0.0673798767921055 0.319072861808199 0.254575663038752 0.0357658237994557 0.108116127349092
0.0273518899461937 0.114207711580794 0.306335371671694 0.202422391639479 0.331196629702848 0.0184860054589915
0.200921641586035 0.063487307240104 0.236787866824415 0.255049468335822 0.0117224040855491 0.232031311928075
0.104212415139677 0.225373169851368 0.255951617242646 0.263832458143626 0.0361043603089913 0.114525979313691
0.216632315066452 0.0395522818475229 0.184374909363904 0.134621922350319 0.0134622197597839 0.411356351612017
0.127967886515487 0.321192671049779 0.109306522106671 0.17025284424167 0.0240875551942775 0.247192520892116
0.0390857840676303 0.428635415025282 0.327181614902606 0.142774196100174 0.0213844548198531 0.0409385350844537
0.179892661460143 0.000839417499904163 0.143116739466223 0.100286400159717 0.315934885668775 0.259929895745238
0.207139700983147 8.73883217839184e-05 0.207040599230491 0.141604072250526 0.230480780773568 0.213647458440484
0.10912054160948 0.259697798537483 0.0560260330623838 0.112327515897624 0.273001547545084 0.189826563347944
0.352345416632391 0.0266766624949808 0.200122135423442 0.148036970328696 0.109966343932446 0.162852471188044
0.133936690734277 0.161966598688007 0.192135894446176 0.228103114809809 0.116024398705462 0.16783330261627
0.25259146829787 0.27673705228094 0.080182030580413 0.17693957010102 0.0265133526008378 0.187036526138919
0.326472617766989 0.324034818061019 0.00712670261373368 0.0863090579536058 0.0327202338443672 0.223336569760285
0.0476425245255104 0.477808815440744 0.0258094897143849 0.129551596369844 0.208555508600687 0.11063206534883
0.0749432812078325 0.00359882582993206 0.237493449405203 0.155914401087122 0.0731133140202413 0.454936728449669
0.258633914357556 0.147132906231833 0.245788031607032 0.0327368062041873 0.0616858895806002 0.254022452018791
0.123894305117302 0.0571471143479075 0.226591128114664 0.237138322240883 0.172694092533774 0.182535037645469
0.146323520254672 0.00338964543260834 0.211029475848687 0.256603175860486 0.132472888907788 0.250181293695759
0.159680888800813 0.127064166044806 0.277839446476234 0.0888227479998422 0.289902573770457 0.0566901769078484
0.179611020605821 0.19291949194462 0.310943024349949 0.157158635448675 0.0709232459737485 0.0884445816771867
0.123495939178804 0.202759682287109 0.208895822593123 0.0391839405275493 0.231234863283207 0.194429752130208
0.00656088040810934 0.0157578281191444 0.182907134009 0.262243768413888 0.275412005909531 0.257118383140327
0.312179743620776 0.0270759231443015 0.132588587076277 0.20520365558349 0.285789938728209 0.0371621518469458
0.293064156298464 0.049208440430433 0.241482716175266 0.0164659408173267 0.312316452866327 0.0874622934121833
0.178304235101881 0.0345573349079681 0.329200624076857 0.0184165193809977 0.229746451450257 0.209774835082039
0.165703551499876 0.164484569136689 0.211700395887732 0.262017826600448 0.0127020249768835 0.183391631898373
0.225675135945756 0.117098059529644 0.193794554112027 0.0776222215760164 0.16697582000504 0.218834208831517
0.331867210282715 0.0652768430401662 0.264258872865004 0.0886176542191822 0.0575136767590717 0.192465742833861
0.0300289462825489 0.362388760134795 0.191521648199972 0.0824283997147073 0.244622360712691 0.0890098849552855
0.00888198200550183 0.264427293198374 0.155928168326946 0.181474502517076 0.147231655529627 0.242056398422475
0.257551806564751 0.245069994450802 0.035798847374966 0.200936461029476 0.21826766141912 0.0423752291608851
0.265534054772058 0.165119914956127 0.217582389079721 0.0753748393017074 0.119719447501303 0.156669354389083
0.130192512891951 0.0291631050618199 0.0246020940927258 0.0796403076554663 0.384630514388398 0.351771465909638
0.128735975852098 0.0307079416257442 0.316482905033082 0.0344614538388828 0.177506669116194 0.312105054533999
0.2849580296408 0.113638389857946 0.127609777839549 0.159188173828201 0.241452143112934 0.0731534857205689
0.28562015692032 0.0464274938816521 0.196729012994011 0.177767872402322 0.238312837929996 0.0551426258716985
0.0440396015640092 0.292132233862638 0.0811054074204041 0.255034774974455 0.254779597699759 0.0729083844787349
0.146632470318128 0.0923316911669476 0.103963752581064 0.0173858532751108 0.37216970023421 0.26751653242454
0.0615032437168413 0.340367044944381 0.333614888050318 0.0931248555959468 0.167190229871698 0.00419973782081525
0.196252285059356 0.302425371398776 0.0131293093218118 0.00923546720214667 0.238140332788806 0.240817234229104
0.0750192676169227 0.175239396354809 0.183271386306858 0.222203751350234 0.320602160086049 0.0236640382851274
0.259859969070265 0.198248647185358 0.177325276809461 0.210123793708708 0.136765735924412 0.0176765773017955
0.209186540696638 0.132636629921819 0.216820909231252 0.220280763993153 0.0969132999446151 0.124161856212523
0.276884578233392 0.166692585652074 0.0330376484039791 0.262389233450192 0.00165208704186581 0.259343867218497
0.306195698279351 0.0979529046040026 0.273849532157674 0.0411506971524306 0.00240281167081106 0.278448356135731
0.169863784571223 0.142103108025386 0.144586947779652 0.282756656842566 0.147250375761097 0.113439127020076
0.002363306998904 0.193017969813911 0.301764511644207 0.0163636445564939 0.13530837795131 0.351182189035174
0.202653475073672 0.104545484331333 0.0414692256453826 0.286799267011824 0.059158325261065 0.305374222676724
0.036626143065778 0.38626851407548 0.13340292338567 0.132801889296366 0.133600726400651 0.177299803776055
0.205085518593469 0.0560102222520574 0.163566565653028 0.259289353255991 0.0524062127000047 0.26364212754545
0.217438217350815 0.317353257488455 0.107854325039673 0.0887272314862008 0.226538198742752 0.0420887698921038
0.182077598131128 0.327395821302676 0.226165750946827 0.220956867009777 0.0272034231279024 0.0162005394816887
0.192227165841353 0.240592007234056 0.0389956642401246 0.116958781065228 0.0735200243313232 0.337706357287915
0.127410444418558 0.223935324324388 0.205321557946897 0.117679112567913 0.078558071856262 0.247095488885982
0.141566494276469 0.288973676416236 0.168732469831607 0.0515148278182684 0.25984089176001 0.0893716398974092
0.0170597406253206 0.15762261755994 0.00095700366278328 0.540255427202616 0.0219584368246604 0.262146774124681
0.221107975516262 0.107585082944833 0.210217257398254 0.139010948524216 0.0803633548821043 0.24171538073433
0.141363349455726 0.160102077473063 0.0128530664545547 0.374192681557169 0.26811206532803 0.0433767597314574
0.366569132913516 0.0940207658908059 0.0478601751229142 0.242534237337765 0.127330067187289 0.12168562154771
0.0262966215230569 0.231807443707333 0.0730825887359535 0.279886545582101 0.306237898524062 0.0826889019274939
0.0375957544768705 0.206157370573475 0.141209597192235 0.0426391282150869 0.283313540775055 0.289084608767278
0.145075764704835 0.194230019665992 0.0699411291916802 0.251793890635107 0.215833543737235 0.123125652065151
0.14713412162713 0.023568042497403 0.12102782331569 0.31996698499966 0.0513765801978887 0.336926447362227
0.24264064591365 0.017746481628928 0.0428087568994732 0.18311326722128 0.227904996450639 0.28578585188603
0.0616851478582748 0.182836604102509 0.245029868183465 0.266115697857581 0.2027027606413 0.0416299213568705
0.262314622753848 0.0466782554630247 0.16257089189032 0.221720164615006 0.171716563218154 0.134999502059647
0.198453805469361 0.214582655597159 0.164858175297597 0.214747703848481 0.205270164774059 0.00208749501334257
0.142174051862943 0.154523452676569 0.279285216018357 0.00708240892442176 0.220191285028098 0.196743585489611
0.200921476146141 0.154626332068524 0.20042919083962 0.121453642550877 0.179692760696585 0.142876597698253
0.336319586369486 0.0593405601557538 0.00909364653692227 0.18192024436719 0.137938295241324 0.275387667329324
0.103109218531505 0.247723593828619 0.130740366600996 0.120322468282669 0.224514903909691 0.17358944884652
0.0829386793415748 0.0600836489253492 0.20206137430809 0.17780616812202 0.180427688356488 0.296682440946478
0.102913463337216 0.372940760482397 0.234783345369858 0.0142940650853299 0.144018450457825 0.131049915267374
0.178148711863435 0.0925580098322319 0.0701648115402763 0.124192558834072 0.381798666924693 0.153137241005292
0.191047304702761 0.0432746728743511 0.173933479352782 0.0596577509248712 0.118581391333016 0.413505400812218
0.091372834312207 0.301531779635327 0.231952709241391 0.022052962401945 0.236309655171906 0.116780059237224
0.171685734805534 0.0292214582318943 0.385276675547197 0.0899774867671522 0.229735365141329 0.0941032795068934
0.189382681693739 0.120916801696258 0.152031824847397 0.221722106281202 0.247446808430984 0.0684997770504203
0.197441220952679 0.0635567661603609 0.00161980537839386 0.233444877687845 0.165542716759182 0.338394613061539
0.235858573117998 0.0477626654796381 0.280504714146543 0.0452238290895516 0.253543007341309 0.137107210824961
0.192848663646672 0.279064712204302 0.0946332647021113 0.137593984265255 0.256977794527413 0.038881580654246
0.11856251176724 0.0853802956336552 0.178997264600362 0.0525969958572815 0.384404511855689 0.180058420285772
0.148856566758698 0.132046366198721 0.192611472965337 0.314975137444084 0.177703112690348 0.0338073439428122
0.240729969444383 0.037959110223348 0.124025716140747 0.111955752345096 0.269314849042004 0.216014602804422
0.172495324252465 0.197106067869697 0.179218568100184 0.0969255534054501 0.183661514996766 0.170592971375439
0.137513275651594 0.334309232828217 0.180965046178241 0.0680432424850295 0.170356623504173 0.108812579352745
0.160675559280857 0.162373312074384 0.229009366770722 0.0472290252170892 0.215067579763978 0.185645156892971
0.418694518080227 0.0198725663590288 0.155419483037555 0.0406860271372607 0.188776332387379 0.176551072998549
0.186785185541254 0.0981458463707786 0.165328332895012 0.248937844481413 0.118379207711048 0.182423583000494
0.163610732923538 0.0914344197603027 0.0708168848722217 0.243877003390001 0.209585535616025 0.220675423437912
0.131365744469306 0.07563278441223 0.198529928007016 0.240361416142072 0.145615947761144 0.208494179208233
0.290342826558304 0.430899697112563 0.0100226372285508 0.0456603547352812 0.164929541138772 0.0581449432265278
0.235917600281299 0.242688084610824 0.0598361657183345 0.199284701329559 0.132990611986597 0.129282836073387
0.174467243547325 0.210591724006255 0.207606300753117 0.0345493166239495 0.206718489804409 0.166066925264944
0.0407668068695594 0.218498186711303 0.249149691030904 0.209160170385652 0.20484267575502 0.0775824692475611
0.0841101894385142 0.0497671229745634 0.121676336432615 0.230046250967163 0.273993176571259 0.240406923615886
0.142446093456451 0.27075637472088 0.0514016303942944 0.372643905624766 0.0032534176769095 0.159498578126699
0.281850628563433 0.321211854140852 0.040000968244007 0.278127525586173 0.00672005135467218 0.0720889721108622
0.00835417473736985 0.0745045143602433 0.18372712384465 0.283936799381785 0.270466559786239 0.179010827889713
0.21975721469163 0.112353240589826 0.152705790648292 0.168131595712731 0.220238709228826 0.126813449128695
0.145700922838598 0.073118486172925 0.328938684036504 0.0467358420437191 0.242855943067542 0.162650121840712
0.238631861173038 0.0893736020869669 0.0797120873209769 0.173064144750573 0.211744306143157 0.207473998525288
0.261139295446162 0.0950593846792554 0.189422093606913 0.199392566585345 0.201196779549847 0.0537898801324785
0.0997891817776694 0.18363361945535 0.279984957035271 0.119322503350279 0.229670995860276 0.0875987425211544
0.158711986596188 0.138203620006667 0.177691675014147 0.0299483987994024 0.152527684914793 0.342916634668803
0.332890385233837 0.225239892675095 0.143092009958076 0.177669922109832 0.0803038950134004 0.040803895009759
0.210358727814342 0.113520703651002 0.0782108284245414 0.0308196908048199 0.219438765027671 0.347651284277624
0.404362526235578 0.120368104860889 0.0107198175429515 0.201491994219129 0.124921057001065 0.138136500140387
0.240222177674318 0.099427451558755 0.0930819840715289 0.185452411650884 0.22711204347473 0.154703931569785
0.126719611049802 0.18494384290099 0.0242332751883755 0.144707781075863 0.243838898730685 0.275556591054284
