0.232603237474183 0.0728893245994968 0.567285429198439 0.127222008727882
0.177777272895362 0.225131715599722 0.287697545493312 0.309393466011604
0.0216582421975999 0.544297929778568 0.351013438677649 0.0830303893461834
0.540961470452581 0.137780448029919 0.14826654475012 0.17299153676738
0.109944003247428 0.290091771119819 0.281745227120878 0.318218998511875
0.390868103017319 0.325631541288683 0.09570618465341 0.187794171040588
0.0839398212246603 0.335922389920225 0.0829335714221063 0.497204217433008
0.123043729759858 0.0496401017975056 0.451579465729786 0.37573670271285
0.158579659964625 0.285237814777749 0.268399319142995 0.287783206114631
0.20029353107123 0.331144034459543 0.0850892211219703 0.383473213347257
0.199427349826469 0.286163591684689 0.128430073633568 0.385978984855274
0.162530467285969 0.402371976489391 0.338239698396998 0.0968578578276421
0.0552400647029092 0.0442792242293433 0.415099719672966 0.485380991394781
0.358722733125279 0.303196054267673 0.122246636617531 0.215834575989518
0.0194599721068368 0.0830702615068132 0.77487525994471 0.12259450644164
0.292504398873169 0.0602617557002891 0.330308226952213 0.316925618474329
0.396641497031822 0.141977947455834 0.161614940846867 0.299765614665477
0.308194538535761 0.306269472802091 0.193536647624013 0.191999341038136
0.07843772411409 0.145102515793486 0.393392935511506 0.383066824580918
0.110675845845793 0.159059926768198 0.696248927139212 0.0340153002467973
0.0721218763057082 0.372167509975643 0.442884015264479 0.11282659845417
0.162993686165324 0.19295595982214 0.414522357065375 0.229527996947161
0.238751399397323 0.12851392037084 0.120890489682541 0.511844190549295
0.165656287259024 0.0402870366471614 0.553810200735869 0.240246475357946
0.186889247679413 0.24274771430462 0.239498476732203 0.330864561283764
0.229132515477682 0.445505169649502 0.276360394435749 0.049001920437067
0.486316812575287 0.154169817029419 0.131287567727036 0.228225802668258
0.429872292406133 0.415069472346018 0.117088050703066 0.0379701845447824
0.160073564072146 0.224197071639628 0.244906589950743 0.370822774337483
0.423773487935738 0.385565340093941 0.0295886784643566 0.161072493505964
0.211125962834075 0.317674455158138 0.221777075637261 0.249422506370527
0.149202508166828 0.256979851934243 0.238993731973098 0.354823907925831
0.054224859228832 0.449700417243618 0.441411782437849 0.0546629410897011
0.422330510666899 0.134096633686852 0.0963658838486499 0.347206971797599
0.522397673575473 0.106783761331524 0.0650747901353271 0.305743774957676
0.276805484687921 0.205911201541241 0.272263016807211 0.245020296963627
0.180698719736897 0.349502078356136 0.118014781184413 0.351784420722554
0.17926790645477 0.411084228922532 0.0888172784562515 0.320830586166446
0.54651817762475 0.107637732753414 0.0633021962951438 0.282541893326692
0.375759367595691 0.133818408879218 0.136110056519199 0.354312167005892
0.401782076277957 0.290858253435113 0.0963795103340657 0.210980159952864
0.0401213932707657 0.086336168820156 0.403703329985226 0.469839107923852
0.0408662194148634 0.374107105113419 0.429267671464105 0.155759004007613
0.374361764607721 0.0255198031218154 0.417975891449943 0.182142540820521
0.4584035658617 0.0220952340104192 0.327630136752351 0.19187106337553
0.488166820982351 0.0639150481532135 0.262159799340466 0.18575833152397
0.383134519321406 0.213597632663945 0.108938313968752 0.294329534045897
0.11531331071153 0.214400065208805 0.464503402377081 0.205783221702583
0.255797996358218 0.127335421373004 0.434602762773877 0.182263819494901
0.161747342486323 0.235229671166609 0.370275115241563 0.232747871105505
0.184616420097148 0.284040602604012 0.250323932011229 0.281019045287612
0.293991076005981 0.295020355935113 0.187336281313836 0.22365228674507
0.036487321420092 0.00622617169143062 0.813821759680893 0.143464747207585
0.481224648026838 0.0700196761587555 0.313739536589013 0.135016139225394
0.266924706860096 0.160086940408329 0.108382267589483 0.464606085142092
0.24415330669097 0.403698487279177 0.135000496740631 0.217147709289222
0.27601211970926 0.113537729439263 0.167516992369091 0.442933158482387
0.0112568422933269 0.285570632777407 0.419915626546651 0.283256898382615
0.385687561693122 0.24255220262316 0.321866312831689 0.0498939228520289
0.412254944288235 0.0371438576296412 0.153301377020841 0.397299821061283
0.230961761473918 0.100697919075776 0.186813369806406 0.481526949643901
0.119246542784078 0.241483247137068 0.361140787776519 0.278129422302335
0.0644175233483432 0.47377011127994 0.423501339912321 0.0383110254593957
0.314391097455057 0.10541716513109 0.257641043424023 0.32255069398983
0.092238074964651 0.212748610947963 0.412028476394439 0.282984837692947
0.162913051686071 0.319526306284497 0.414039671838618 0.103520970190814
0.237836274570844 0.0799281679904484 0.0989648974988306 0.583270659939877
0.36281742402983 0.228954958218115 0.251247651327322 0.156979966424733
0.0190243398938237 0.164141968856616 0.168270961139426 0.648562730110134
0.411933055451374 0.317106794417511 0.164054454492055 0.106905695639059
0.418766585723348 0.203297754602016 0.18794162512116 0.189994034553476
0.30140237058345 0.0764739802471111 0.435190283425734 0.186933365743705
0.167349720229919 0.210266958892282 0.324321063364067 0.298062257513732
0.252880122103856 0.23694159964971 0.320550219685312 0.189628058561121
0.403166554999246 0.0787375417829179 0.466179979702166 0.0519159235156696
0.282330130853164 0.282118525206262 0.236656991282205 0.19889435265837
0.308392301825085 0.429089977925872 0.173902863741035 0.0886148565080078
0.283366148044342 0.377969980855693 0.00831551490037624 0.330348356199589
0.0645548878625295 0.591514278589328 0.332250153510024 0.0116806800381183
0.40297353492285 0.0660086541236985 0.166524485149089 0.364493325804362
0.317543493794182 0.151019513824252 0.288072581261949 0.243364411119617
0.275619376260495 0.0824609517799119 0.311025734103537 0.330893937856056
0.186690852098709 0.222331104436514 0.568934792948335 0.022043250516443
0.442172314189298 0.210263531798226 0.160617869630214 0.186946284382262
0.358176875393429 0.336460374287244 0.268514526776021 0.0368482235433066
0.239549061920702 0.0465169861653301 0.323935458130128 0.38999849378384
0.300405316677232 0.427195179690119 0.149749668198333 0.122649835434315
0.144184500254647 0.267086762123425 0.294336394491017 0.294392343130911
0.0940163654215917 0.0995888749685905 0.456550184045178 0.349844575564639
0.0378806759136434 0.0573148896649704 0.559529219792767 0.345275214628619
0.0462743742141976 0.315482089756241 0.371910168882678 0.266333367146883
0.253395528338276 0.247967690159398 0.335996190330265 0.162640591172061
0.461285998969928 0.0906560701070067 0.429165804758272 0.0188921261647933
0.0717967726393839 0.520786503091531 0.00322760139062089 0.404189122878464
0.132195192088858 0.489955575336807 0.275216362319996 0.102632870254339
0.354254828761077 0.266246514977031 0.172533202901555 0.206965453360336
0.0912287803077729 0.420631371262112 0.206049155696995 0.28209069273312
0.153662654604002 0.281136034212901 0.263256050010977 0.301945261172119
0.475339956408879 0.0786501218014057 0.352641214620979 0.0933687071687363
0.173142157759361 0.0924361505665486 0.431825080387711 0.302596611286379
0.184021117039051 0.381924364216578 0.132476386171416 0.301578132572955
0.47448283891735 0.0771667088279992 0.136105553566515 0.312244898688136
0.147725504579618 0.36059392829033 0.210269859490202 0.281410707639849
0.350359368369052 0.274696766548639 0.336356897166095 0.0385869679162139
0.341016410487872 0.256376617398622 0.39589751396634 0.00670945814716547
0.22986937943306 0.213370160076957 0.332649633201597 0.224110827288387
0.590458650624896 0.084259061921888 0.0266195535553685 0.298662733897847
0.376924275660179 0.285752997392578 0.115461437751182 0.221861289196061
0.326075221105749 0.207381713899028 0.273836832310481 0.192706232684742
0.327869317137968 0.263129701252289 0.296305319800915 0.112695661808828
0.0877713789045343 0.162798477557546 0.456287288086565 0.293142855451355
0.285637422906184 0.331963588887182 0.234526892988997 0.147872095217637
0.0214904884503133 0.159752902781826 0.47225845994188 0.346498148825981
0.409318376412204 0.289591007387297 0.260287919430872 0.0408026967696274
0.166981901504994 0.415940474424213 0.399715960035946 0.0173616640348467
0.397695787502714 0.0215536620369432 0.148311001914583 0.43243954854576
0.237393783073774 0.247828895462613 0.247106898709523 0.26767042275409
0.399792633355249 0.090034560088503 0.432342338309835 0.0778304682464128
0.166655198028176 0.287572763443214 0.446590901704554 0.0991811368240556
0.18150914586722 0.297232990121496 0.235287486805046 0.285970377206238
0.12240109885621 0.397674769735811 0.364640463842571 0.115283667565408
0.252920560456387 0.420132256434663 0.0536157649235766 0.273331418185374
0.3660366055323 0.310085155745686 0.231482216023386 0.0923960226986281
0.423685022747027 0.132729492701535 0.379711237398311 0.063874247153127
0.491972673757422 0.353166903343413 0.0443310657426827 0.110529357156482
0.369111656186243 0.372142627974677 0.0382199292398272 0.220525786599252
0.27249538535485 0.220066098149432 0.286708580381438 0.22072993611428
0.391366059295117 0.133714840119492 0.259576683688691 0.2153424168967
0.387865822818209 0.270761561762439 0.22255708794137 0.118815527477982
0.304213656207893 0.161628906159719 0.328710033426784 0.205447404205605
0.116531120731513 0.302590990895 0.395151175743321 0.185726712630165
0.0723659574931076 0.121767554827865 0.39915472067269 0.406711767006338
0.170639279175015 0.0508072411522994 0.70503653003468 0.0735169496380051
0.368129040202717 0.180200131225436 0.2298647316991 0.221806096872747
0.312811656440359 0.254673993986636 0.166830262316229 0.265684087256776
0.169813195585922 0.675917995768972 0.1401279467661 0.0141408618790056
0.36199397382739 0.259716343107734 0.0825437615537876 0.295745921511088
0.536531871556558 0.209033837306813 0.0602529252640401 0.194181365872589
0.561264584631626 0.277514271824016 0.0210849093344271 0.140136234209931
0.367543714495339 0.279346699488559 0.0706609481331253 0.282448637882978
0.231846812209384 0.473858832419262 0.151720645877742 0.142573709493612
0.212049807734901 0.200782520257445 0.285293300611223 0.301874371396431
0.119234392216968 0.314338535848293 0.244303510256148 0.322123561678591
0.437726213880606 0.148430085506646 0.195751495337802 0.218092205274946
0.0278058390845613 0.369324685001965 0.319306406532041 0.283563069381432
0.342317513825427 0.244437777408178 0.0578812309614357 0.35536347780496
0.22094155196345 0.441605710935643 0.145653381577766 0.19179935552314
0.449650132743487 0.232444841209637 0.0310186126663439 0.286886413380533
0.242916133036555 0.0395928896071336 0.33600933129853 0.381481646057782
0.0188202531523186 0.10437249709724 0.376624397574328 0.500182852176113
0.149649893796014 0.353052705768345 0.457995990225663 0.0393014102099778
0.251461131740896 0.260450424780691 0.0495569634739188 0.438531480004494
0.357043066537077 0.26256552712494 0.0764888451917443 0.303902561146239
0.310162822150734 0.252261229338182 0.219081176457413 0.218494772053671
0.300538743411056 0.114692811869593 0.394541403537199 0.190227041182152
0.261907735400919 0.395074839881136 0.171568369235686 0.171449055482259
0.299279138505481 0.189819030068006 0.290177278211939 0.220724553214573
0.713566535220175 0.0349995016606385 0.0723751828458914 0.179058780273295
0.405444303001072 0.346989572320476 0.112161243893892 0.13540488078456
0.195226741325792 0.0979182910927628 0.13759539426138 0.569259573320065
0.0870566782516513 0.151502879519251 0.27125375528123 0.490186686947869
0.252577457692785 0.0679119588263061 0.34546120846417 0.33404937501674
0.019502622939104 0.239367770951866 0.278950233646478 0.462179372462552
0.279497263039219 0.0874642747182461 0.341723095048182 0.291315367194353
0.293340874281718 0.374982341759975 0.196632465267542 0.135044318690764
0.107789358111669 0.235310618935151 0.279499546898409 0.37740047605477
0.273775555705602 0.123251917204463 0.37474511195691 0.228227415133025
0.375757184966736 0.430171545008325 0.072930332163315 0.121140937861624
0.166338364726644 0.371533077834814 0.259839056944945 0.202289500493597
0.181371828232416 0.204422343403442 0.304670271840312 0.30953555652383
0.178050131122643 0.308546907716596 0.294795576070802 0.218607385089959
0.266206875951628 0.101768552597674 0.400864013247867 0.231160558202831
0.330997354785576 0.310115310213851 0.283740426567527 0.075146908433047
0.558664371010337 0.206323989941108 0.212206915531421 0.0228047235171343
0.0758572151291625 0.332571877488855 0.22330771300301 0.368263194378972
0.307177926487851 0.415836923199705 0.119508251658497 0.157476898653948
0.132052370908086 0.381225617195435 0.393549786778795 0.0931722251176832
0.249785967543573 0.331410447494349 0.120526973102647 0.298276611859431
0.607380902871487 0.085290145248914 0.241108525926074 0.0662204259535249
0.241814405532041 0.257413527821476 0.270261925792605 0.230510140853879
0.106213934820094 0.354924407283556 0.139468068172356 0.399393589723994
0.172002851454979 0.381778034793636 0.214603397144168 0.231615716607217
0.372915902384734 0.391281128628798 0.163238753638576 0.0725642153478923
0.228130831730326 0.610561038332583 0.0447273250109705 0.11658080492612
0.313977683691495 0.42668331617603 0.170760714572077 0.0885782855603977
0.186355420222978 0.247457691742705 0.201655755432004 0.364531132602313
0.367745241295819 0.259049993040689 0.348996305257273 0.0242084604062192
0.342028258615977 0.195810028682265 0.36611038193248 0.0960513307692782
0.424420513737446 0.114183037267871 0.354424483930327 0.106971965064356
0.0239583902788207 0.594147447704448 0.0121314264604878 0.369762735556244
0.0883533075165572 0.28025979128919 0.332406080029561 0.298980821164691
0.0433632687562673 0.282083707117723 0.356344317484301 0.318208706641709
0.0431664337578866 0.136602326523362 0.429243496672613 0.390987743046139
0.408300662109418 0.429617566963718 0.137280890749036 0.0248008801778278
0.0181566227910923 0.432784990031303 0.263635894753114 0.28542249242449
0.305033273713682 0.541563211399116 0.13217052921634 0.0212329856708619
0.118288766172474 0.280988846363129 0.415069289060043 0.185653098404354
0.49827658965638 0.189316688255391 0.0247373209640988 0.287669401124131
0.265321086871603 0.186262012828858 0.226753040880543 0.321663859418996
0.511666919276377 0.241321740350648 0.0178070752151103 0.229204265157865
0.326862167538481 0.329964707145375 0.290553943955196 0.0526191813609482
0.273697188155221 0.185498045003595 0.409526258842297 0.131278507998886
0.298908667872732 0.315973842712497 0.18934790249813 0.195769586916641
0.249840373532336 0.336038936758057 0.00309386898429846 0.411026820725309
0.191177714655213 0.395186417034979 0.179077404222248 0.234558464087559
0.240252939869209 0.139610184566623 0.121789171184235 0.498347704379933
0.208033640685329 0.161092710699441 0.282924662144385 0.347948986470845
0.345054784564459 0.235107934056669 0.130703435559769 0.289133845819103
0.414664118693409 0.181011313224315 0.253835382548361 0.150489185533915
0.200001616530784 0.00539729144324712 0.552126465190596 0.242474626835373
0.426588599877394 0.0201979237861517 0.346929781543348 0.206283694793107
0.19184455422342 0.211971407525451 0.369713117992023 0.226470920259106
0.312678127883998 0.0712438263571551 0.240485243790641 0.375592801968206
0.0705691165768301 0.228119579166856 0.324868634087938 0.376442670168376
0.452350936548899 0.15341597033446 0.386908226079284 0.00732486703735656
0.514898890587523 0.0893758965780871 0.375659409080176 0.0200658037542136
0.349882508326217 0.0185377529841628 0.276302042637602 0.355277696052018
0.0997469148851035 0.317586838073405 0.569872557470525 0.0127936895709671
0.18573536831192 0.138660344412756 0.373053602415259 0.302550684860065
0.336643734413832 0.280807214578781 0.181388818373659 0.201160232633728
0.483130779383558 0.0426743920677399 0.050417137473606 0.423777691075096
0.146494976520804 0.380397108241269 0.160878116484386 0.31222979875354
0.182027808437583 0.0517463715794366 0.217150844514957 0.549074975468023
0.294845640400525 0.200287200209601 0.258325303827785 0.24654185556209
0.293471180920173 0.156333021404776 0.372939912271648 0.177255885403403
0.156124694232932 0.261503442378104 0.394211709716385 0.188160153672578
0.102342599763021 0.305298826868893 0.310324041867687 0.282034531500399
0.302527927008406 0.0193498665449714 0.196651166798883 0.48147103964774
0.325584058765471 0.412336450431991 0.0441167970387217 0.217962693763816
0.321490515097186 0.0289017236403771 0.366303289440562 0.283304471821875
0.337007045233789 0.176091458270806 0.197506815807764 0.289394680687641
0.1869114035709 0.0612309204334943 0.231797677786433 0.520059998209173
0.487860312267284 0.16246535297922 0.189944023333515 0.159730311419981
0.327258544783507 0.182861307996503 0.319516589556553 0.170363557663436
0.182895862459712 0.41774381418613 0.399315305845901 4.50175082569765e-05
0.290002673369934 0.32633518416176 0.136774065215909 0.246888077252397
0.00620145084564105 0.346564772205162 0.294503608303828 0.352730168645369
0.09315838125765 0.352838393401324 0.0502562499431262 0.5037469753979
0.39712305276058 0.272590995038243 0.0170051234866895 0.313280828714488
0.396777811931678 0.31469982966784 0.0659695232335122 0.22255283516697
0.0524869832667929 0.231960973685475 0.412110508159321 0.303441534888412
0.0294102003698189 0.374896907835079 0.490642448785589 0.105050443009514
0.192157007950689 0.200816037861272 0.251747357542571 0.355279596645467
0.191138692580979 0.18210418131405 0.0778276166947644 0.548929509410206
0.294936513424637 0.386779134078702 0.31118236674984 0.00710198574682096
0.256420942878599 0.329413840875665 0.284330287354128 0.129834928891608
0.40859777371666 0.0667061367102988 0.162485024569 0.362211065004041
0.215651381218658 0.0776584486932629 0.1078921436425 0.598798026445579
0.172506668656866 0.0639729733399168 0.328054799572256 0.435465558430961
0.0448344960598326 0.139727331264112 0.533891361238029 0.281546811438026
0.256511306343836 0.280114055468824 0.243781495284181 0.219593142903159
0.27666221616776 0.307295820027199 0.248843728976226 0.167198234828815
0.278164111401445 0.37746176079605 0.218528029484729 0.125846098317776
0.312551714428823 0.457083880610495 0.0184917259694775 0.211872678991205
0.217095039589991 0.098279479186138 0.177443359991969 0.507182121231902
0.31939786664026 0.340996161409797 0.144542714621697 0.195063257328247
0.0399260378528084 0.292342063482993 0.0831506668464527 0.584581231817746
0.17234596627615 0.42589065634806 0.180703513112709 0.221059864263081
0.0751708022218434 0.253133333956897 0.296660296156272 0.375035567664988
0.595552203317841 0.152985367542548 0.0885061916752817 0.16295623746433
0.0106657708996464 0.541251551445552 0.141381206642847 0.306701471011954
0.28427691934318 0.272051869196295 0.194467159741219 0.249204051719306
0.0387863950538684 0.411086512935662 0.322171360181573 0.227955731828896
0.0724916651273457 0.354002450257407 0.389590404817491 0.183915479797756
0.129464449965567 0.305062680294456 0.293295730256183 0.272177139483794
0.327958982522507 0.215320056903968 0.0187769929507025 0.437943967622822
0.265533300920179 0.373854302291367 0.232635427747673 0.127976969040781
0.265556898469464 0.0709060671967792 0.20258683402234 0.460950200311417
0.00816584548420232 0.220670988137538 0.296813459839079 0.474349706539181
0.374583241662322 0.22742536115373 0.340532392098192 0.0574590050857558
0.335797033680912 0.00697492744700366 0.279594796061789 0.377633242810295
0.347068725105635 0.0568719610856476 0.428202088021663 0.167857225787055
0.106542893582244 0.300921173632551 0.270728016506712 0.321807916278494
0.4725196878138 0.14786293939919 0.0240624063915713 0.355554966395439
0.23956317287991 0.329909101176714 0.310058341775318 0.120469384168058
0.486497851386608 0.0601407686465846 0.231351222528183 0.222010157438624
0.143300921150618 0.350120310815087 0.167722005869012 0.338856762165283
0.131189594555572 0.500950460793551 0.0250362470395164 0.342823697611361
0.212627085664194 0.262249462328128 0.281856571371911 0.243266880635766
0.031752359653119 0.478080836976696 0.185159048511493 0.305007754858692
0.285660898597406 0.125818516228167 0.317719915516816 0.270800669657611
0.217977665464815 0.238293347864771 0.31995548016318 0.223773506507233
0.365314304826349 0.0188065847551452 0.278814748716702 0.337064361701804
0.37627669187014 0.31256391213506 0.254860469752315 0.056298926242486
0.0902788437506273 0.359961644077924 0.196477297135613 0.353282215035835
0.411406905177648 0.230567673840605 0.119286445140189 0.238738975841558
0.0369077418293059 0.234230098937764 0.227882353785477 0.500979805447454
0.298634286343706 0.43547543918901 0.113262214479463 0.152628059987822
0.431983893967307 0.137046655078541 0.307078780503745 0.123890670450407
0.240891442581886 0.0478246297437112 0.337357979308259 0.373925948366144
0.00579422101292547 0.297765944036461 0.346635579993198 0.349804254957415
0.462848078431867 0.10749638282544 0.387562740114756 0.0420927986279376
0.262818129712395 0.23901664381953 0.296648582600482 0.201516643867594
0.198191302528792 0.207612714045661 0.47138180573955 0.122814177685997
0.188011812104094 0.199676596656287 0.350487099705605 0.261824491534014
0.080006309637033 0.161331782435307 0.433174892580189 0.32548701534747
0.310698340457234 0.317408388883426 0.0875509108322187 0.284342359827121
0.274121280576642 0.35771707886812 0.051260445610786 0.316901194944452
0.518567789817074 0.0340290048629591 0.223103894631564 0.224299310688404
0.0677693826119105 0.215030401530584 0.368529121211454 0.348671094646052
0.492088904562073 0.409931677231504 0.0296468056201955 0.0683326125862273
0.525716676504219 0.0831231946566186 0.36164222769888 0.0295179011402821
0.192470085288989 0.483732776710232 0.0637820436302392 0.26001509437054
0.315520274080601 0.104053394564961 0.28585581789347 0.294570513460968
0.396031348022174 0.0472033818017984 0.282661136789818 0.274104133386209
0.240151445765492 0.343448975491698 0.24803963251935 0.168359946223459
0.168493680769386 0.268968446981411 0.27417283293171 0.288365039317493
0.115985244965948 0.196034706722209 0.325104594210845 0.362875454100998
0.281899610661393 0.0837972681031144 0.347217914590088 0.287085206645405
0.367468832431289 0.221475108095223 0.156543340733192 0.254512718740297
0.302831746379762 0.232608294364987 0.127019111451325 0.337540847803926
0.263492595437416 0.0615717866039082 0.18970880250487 0.485226815453806
0.0373203596948326 0.418525780034665 0.462818427469357 0.0813354328011459
0.00800702840931184 0.54510863659358 0.073753439195403 0.373130895801705
0.183035771020622 0.232479146125298 0.306585662348317 0.277899420505763
0.305152923554041 0.261100665582959 0.18479365691136 0.24895275395164
0.379296506138833 0.335224732901489 0.274910554323571 0.0105682066361071
0.450772646884787 0.365014940981231 0.0282633901810655 0.155949021952917
0.412232943697861 0.0667056450956107 0.0119894785850421 0.509071932621486
0.16068095952551 0.225650392831798 0.272420553418945 0.341248094223748
0.0666062485342911 0.283872894439042 0.442758953776301 0.206761903250367
0.22021283741564 0.304934356624045 0.256367082704975 0.218485723255339
0.309342733042037 0.333387938915848 0.247377761272215 0.1098915667699
0.172563810965946 0.30179172272468 0.102244184805524 0.42340028150385
0.335062679735945 0.124416774165133 0.202541075197099 0.337979470901822
0.0828415650713153 0.184608194948656 0.33046663635616 0.402083603623869
0.425487864455498 0.143463195754282 0.0458912624354439 0.385157677354776
0.0353605537709566 0.259240370184271 0.332409987010252 0.37298908903452
0.350873815221067 0.484914390600738 0.0519912764863934 0.112220517691802
0.233298763137647 0.232507675853066 0.261880496379872 0.272313064629415
0.35059046563981 0.320869396390272 0.0393243292900334 0.289215808679885
0.00841045328374552 0.784080958216955 0.105879805801403 0.101628782697897
0.329165932544902 0.267619964279029 0.0856425641006415 0.317571539075427
0.368649938679393 0.277734423960499 0.339072078158273 0.0145435592018352
0.253815145697194 0.244067660038185 0.289169174936744 0.212948019327878
0.131363069115122 0.114092915673922 0.339301813145062 0.415242202065893
0.268665866080388 0.347316181500556 0.165561886053267 0.218456066365789
0.224361608580287 0.379214044873678 0.372705340482779 0.023719006063256
0.073691585054669 0.514051076697169 0.390187877557623 0.0220694606905399
0.323902679080885 0.108534694363475 0.194936895033915 0.372625731521724
0.146492750868135 0.36435528618666 0.0464282621987047 0.4427237007465
0.395030799467013 0.260287431053773 0.209891654929878 0.134790114549335
0.350879590330797 0.344331844152827 0.231555003579113 0.0732335619372628
0.338761938156437 0.0725730345753688 0.268152000762349 0.320513026505845
0.261569411684622 0.272769286430565 0.271644572070294 0.194016729814519
0.331689154677316 0.0811774848710637 0.562342722257249 0.024790638194371
0.205322675924741 0.480681193131799 0.0107028669210821 0.303293264022378
0.244584497190956 0.0696219492352066 0.3959473852649 0.289846168308937
0.191968270274278 0.245688855008902 0.400443627604238 0.161899247112582
0.0877404499539583 0.174868690816808 0.338434586912826 0.398956272316408
0.112944364424491 0.482911109558867 0.0941288991824745 0.310015626834168
0.038808649935563 0.593512398970026 0.246285968718148 0.121392982376263
0.399922171017531 0.415035821788949 0.180039943225498 0.00500206396802166
0.253288178320234 0.301909567180327 0.324033056680074 0.120769197819365
0.110081286690045 0.116056259862091 0.380974561019249 0.392887892428616
0.2764111857978 0.330461242187041 0.390830410601246 0.00229716141391254
0.104989592405114 0.38982872745973 0.352932844779083 0.152248835356073
0.0957635887143286 0.291968853548095 0.238013165854386 0.374254391883191
0.338237548555842 0.310832758513784 0.325836637587253 0.0250930553431208
0.253659553783534 0.229381103823435 0.256226844064093 0.260732498328938
0.0823736770641755 0.471211981575871 0.254374234288949 0.192040107071005
0.113760752507073 0.0968941545716008 0.335387977383653 0.453957115537674
0.313612706174441 0.296909677764612 0.329595212725969 0.0598824033349772
0.484613797054229 0.012091704858089 0.289629286539963 0.21366521154772
0.44277320920584 0.161621624086315 0.186027044214761 0.209578122493083
0.308096366071561 0.133809717269188 0.260060729487915 0.298033187171335
0.346495298903471 0.257089048754316 0.109714054460388 0.286701597881826
0.301950652435653 0.077001961026117 0.228994395895515 0.392052990642716
0.199348403257971 0.285282535119116 0.278609844747238 0.236759216875675
0.232292698145409 0.17921644616669 0.27601938526029 0.312471470427611
0.465847484548665 0.0605338247396155 0.109496263562037 0.364122427149683
0.278656331758784 0.0809400337371842 0.275527058858826 0.364876575645206
0.356292693582611 0.110948522464771 0.00549080350998092 0.527267980442637
0.0980224311559793 0.447968790206499 0.324572934178766 0.129435844458755
0.184508654032478 0.216220717019921 0.317846045469302 0.281424583478299
0.229479778288476 0.262033302593747 0.112987942714454 0.395498976403324
0.235721113945593 0.107751568429956 0.392244593281612 0.26428272434284
0.270019370287759 0.0805403349748131 0.381911317209376 0.267528977528052
0.121005579498654 0.100932719681632 0.182800363483772 0.595261337335942
0.291409158910269 0.260297167102623 0.269835867932408 0.1784578060547
0.412121654418477 0.0376367301742439 0.0758380228907549 0.474403592516524
0.0576244934861122 0.275118226701244 0.240508785090335 0.426748494722309
0.177375392546197 0.198698644342039 0.339760617885129 0.284165345226636
0.354211601617202 0.189173064123109 0.144775073640046 0.311840260619643
0.415625194117471 0.239585138305586 0.139548846037311 0.205240821539632
0.32015474570977 0.174785746105708 0.382454859060246 0.122604649124276
0.0492553341544435 0.309291867850083 0.320830846204329 0.320621951791145
0.589250082949441 0.2193246142029 0.0172481383787243 0.174177164468935
0.132676199614136 0.417631856508046 0.161289802326034 0.288402141551784
0.451061555408257 0.0432705767833683 0.00638202858905296 0.499285839219322
0.249262100903826 0.345909577703122 0.209094580634578 0.195733740758474
0.0311043376792844 0.136205568658793 0.275141287876554 0.557548805785369
0.361404409285554 0.1787862991484 0.411761801422571 0.0480474901434745
0.21172224263957 0.0644751042910656 0.325096679575589 0.398705973493775
0.178457654420504 0.367906034198518 0.360695681162798 0.0929406302181804
0.216557664796367 0.446299453137546 0.00157691189860558 0.335565970167481
0.144696329653624 0.480728707018201 0.234279439713018 0.140295523615157
0.11742619627739 0.425760727754808 0.0583657937191369 0.398447282248665
0.222183110878946 0.0593572664689632 0.457906948813996 0.260552673838095
0.2725509457334 0.269823685704655 0.195266734601418 0.262358633960527
0.141002055576391 0.280108182040892 0.307133283266921 0.271756479115796
0.0191625864189345 0.386579632218729 0.369622408665844 0.224635372696493
0.332305225074491 0.16182240271595 0.299209393117924 0.206662979091634
0.391791285082696 0.133645802147218 0.267878578254043 0.206684334516043
0.261875150705296 0.248600394114514 0.239425221378158 0.250099233802032
0.36584059117823 0.102532796351666 0.350872674857104 0.180753937612999
0.246994774167775 0.0171641750339671 0.23774489027686 0.498096160521397
0.524357018891491 0.16472992124033 0.23546046176039 0.0754525981077894
0.421065021180968 0.44630007864497 0.0214207304076803 0.111214169766381
0.385581101649211 0.321733798190505 0.139321746630136 0.153363353530148
0.155786198437271 0.314665455533446 0.321396249652753 0.208152096376529
0.255402103782082 0.205026650645534 0.358608534265097 0.180962711307288
0.250880066344268 0.251532815822188 0.478697879508671 0.0188892383248731
0.231095470041733 0.205025354796045 0.172165685085427 0.391713490076796
0.331081073378296 0.0188232437957578 0.329368547369823 0.320727135456123
0.176358109109352 0.434488513813861 0.24563528775155 0.143518089325237
0.232592862094837 0.403387205751101 0.075760958534969 0.288258973619093
0.48202770603188 0.0945864771282604 0.0602518117817464 0.363134005058113
0.306889739586985 0.243719313380992 0.302882751964684 0.146508195067339
0.364713707725975 0.248418013111154 0.281123566998615 0.105744712164256
0.0989522346082029 0.371279248612494 0.300142597824579 0.229625918954724
0.234822545006945 0.478469119303212 0.194288519882211 0.0924198158076315
0.0268029619453299 0.154731517767503 0.664863981282511 0.153601539004656
0.236492976869161 0.353173151193292 0.0399597534275587 0.370374118509988
0.40736831976362 0.0685214389381588 0.164537471957605 0.359572769340616
0.132098835641996 0.0228175909974059 0.461462627374924 0.383620945985673
0.223972279497997 0.24034454028273 0.337065565217619 0.198617615001654
0.135057593246602 0.0216217850076451 0.247966686587323 0.59535393515843
0.241639840799684 0.27749400286434 0.272241468267309 0.208624688068667
0.306647793203771 0.301972392577191 0.313916338774705 0.0774634754443329
0.0880756527831524 0.5615026344115 0.228467663542256 0.121954049263091
0.627929433143185 0.0454387942401626 0.229830093383901 0.0968016792327516
0.352809175036414 0.206884805286921 0.205310826057271 0.234995193619394
0.132510549108499 0.152796780840043 0.381649444081059 0.333043225970399
0.434215907699563 0.0916805868156616 0.314344682054645 0.15975882343013
0.42502388161584 0.180123919080245 0.20516974170958 0.189682457594335
0.0704126306341458 0.34268309569007 0.131024515707037 0.455879757968747
0.0553920981255121 0.426483164147417 0.407398476274342 0.110726261452729
0.365621826827915 0.260741070259255 0.0308555921682476 0.342781510744582
0.169601065385264 0.0290433198940397 0.105072606182295 0.696283008538402
0.303066075760505 0.0431113424521145 0.0534107567710895 0.600411825016291
0.0676252511178345 0.412007601225716 0.396446167443198 0.123920980213251
0.229340102850478 0.302589046787843 0.29881583501031 0.169255015351369
0.0952648639957819 0.299525665433198 0.454755150169152 0.150454320401868
0.324919116635472 0.288273951045378 0.173321818954214 0.213485113364936
0.490194260563136 0.0361893309623571 0.351549918174921 0.122066490299586
0.107647870724651 0.395628837563512 0.0900167053312378 0.406706586380599
0.167622867680951 0.339002339575987 0.403832171658849 0.0895426210842131
0.337149043778516 0.0941016302763004 0.204288587947888 0.364460737997295
0.357024411710605 0.157827493552878 0.323469560511722 0.161678534224795
0.0262455174861773 0.416386860442637 0.193443416511583 0.363924205559602
0.317967745524247 0.246028224330401 0.0914406700963803 0.344563360048971
0.0279255943889243 0.361681808018118 0.409428793542242 0.200963804050715
0.24848271648194 0.467899093623317 0.213493339764863 0.0701248501298795
0.182828455450707 0.163787248782862 0.552197581406128 0.101186714360302
0.298217489293483 0.254648708685633 0.181735371856024 0.26539843016486
0.203146290825475 0.180200321605906 0.293003351963679 0.323650035604939
0.103766958308044 0.272439295321986 0.59165876431269 0.0321349820572799
0.0872594768184412 0.137855511008902 0.422700209980722 0.352184802191935
0.423759656921179 0.216938703839189 0.232192900643131 0.1271087385965
0.481987593929096 0.0176673979396076 0.116298844590449 0.384046163540847
0.23638375893088 0.228795782142778 0.317140724654954 0.217679734271388
0.438939107886495 0.242997534119594 0.134074143432785 0.183989214561127
0.164461034329516 0.378839228816887 0.088488092714619 0.368211644138979
0.846319193877558 0.0177819733126438 0.0112838299332256 0.124615002876573
0.289823279016505 0.403362895372088 0.088090876965892 0.218722948645515
0.280999117158572 0.317159354156995 0.00770155132454397 0.39413997735989
0.0492298121512345 0.56199356480309 0.00830393891903638 0.380472684126639
0.320159608863633 0.0505203566289139 0.222383395146054 0.406936639361399
0.0597167102857844 0.374567666604983 0.543596868621754 0.0221187544874788
0.392104743245583 0.0431013332747093 0.313956591704944 0.250837331774764
0.155267942597468 0.490420376379605 0.207939389004535 0.146372292018393
0.507882274691495 0.10344431728602 0.35112727033121 0.0375461376912746
0.559252156141254 0.275219186387973 0.140015591526175 0.0255130659445982
0.0783895673489798 0.141185668413422 0.126543574579167 0.653881189658432
0.343990527754523 0.256631963838845 0.00592838224472291 0.393449126161908
0.290932436630796 0.23128859190153 0.00401811467333249 0.473760856794342
0.292388359337046 0.132216785080124 0.225664840157164 0.349730015425666
0.298472564432827 0.284399519337675 0.139076677894063 0.278051238335435
0.0195584028581058 0.446771383243682 0.160528327253177 0.373141886645035
0.257796900267243 0.176565643486882 0.433539535103804 0.132097921142071
0.153760225142696 0.293571993654225 0.330039186668854 0.222628594534225
0.491065214201294 0.260818399539342 0.181383214601215 0.066733171658149
0.214057023346405 0.188003847130948 0.239010087066873 0.358929042455775
0.40724197206962 0.489064905558376 0.0782808343881278 0.0254122879838761
0.230171063114701 0.196965654061726 0.288681792953091 0.284181489870482
0.112019288841631 0.407192157733296 0.107913814229883 0.37287473919519
0.472252553631839 0.181614426360577 0.0286333504943599 0.317499669513224
0.285298531865343 0.147812394707426 0.297734499378001 0.26915457404923
0.339897883329964 0.269273424325409 0.000223468168598522 0.390605224176029
0.122954192234492 0.502337085443025 0.212695907550034 0.162012814772449
0.338455872504143 0.229051608250751 0.195459207092911 0.237033312152195
0.0053825511159384 0.485656238860033 0.497740151681466 0.0112210583425633
0.259351070792982 0.374342235275895 0.124510898071154 0.241795795859969
0.41324321686014 0.0513866497719797 0.333488326742772 0.201881806625108
0.315915931828233 0.451066157898722 0.159936630627382 0.0730812796456633
0.171427135774408 0.293004453314479 0.441259477526742 0.09430893338437
0.319980088744361 0.205339858908821 0.216447255484518 0.2582327968623
0.318906781784333 0.324902967559176 0.0922827160777757 0.263907534578716
0.0221894779004642 0.604122682713463 0.328367473042174 0.0453203663438984
0.286481625153473 0.387562674744764 0.31883905417398 0.00711664592778347
0.456209658630894 0.0710042178495747 0.0597506852713862 0.413035438248145
0.229698933940914 0.316207509673776 0.337197446994319 0.116896109390991
0.330373882791335 0.0626553785405365 0.244568881671963 0.362401856996165
0.409436825121805 0.439021036430649 0.0492557356235068 0.102286402824039
0.141808897830201 0.329048430624623 0.155077660301961 0.374065011243214
0.198028685820113 0.358171661957087 0.154930003362346 0.288869648860454
0.0918287009650026 0.167973085494177 0.397559412715223 0.342638800825597
0.358088353292 0.157673658328849 0.387052260431637 0.0971857279475136
0.0153511878939789 0.246905836384045 0.0930463206733909 0.644696655048585
0.188949763728711 0.169586154572601 0.354979008480127 0.286485073218561
0.341974946578515 0.329015976243436 0.170595007822616 0.158414069355433
0.110374401912274 0.24279940009526 0.265143539139884 0.381682658852582
0.275401865961403 0.17473190264443 0.360414168102195 0.189452063291972
0.401441634943181 0.16366276637501 0.402113029559351 0.0327825691224586
0.81205659607263 0.098823201885592 0.0050095280719107 0.0841106739698677
0.329102273980625 0.0676494969159785 0.31058421624527 0.292664012858127
0.356334114856116 0.207363768192002 0.0456949362288791 0.390607180723003
0.131194906390841 0.179814909305309 0.369959843171722 0.319030341132128
0.311260008137425 0.121050390211565 0.308827855952591 0.258861745698419
0.352695813167664 0.306868287374048 0.25672270419157 0.0837131952667185
0.521570910948142 0.0997171703236344 0.217133983277496 0.161577935450727
0.181072500135441 0.55065464901108 0.189001758950858 0.0792710919026214
0.0191470663364693 0.237804315089827 0.403386819932925 0.339661798640778
0.0385189269633438 0.514536982712272 0.328030270017867 0.118913820306517
0.218313839273873 0.335995013657478 0.284724577506851 0.160966569561798
0.267527561226456 0.00427694516498541 0.362894774120777 0.365300719487782
0.492857178858937 0.0898704716711248 0.0455534393504623 0.371718910119476
0.314272251803886 0.248113853681561 0.0240988511410155 0.413515043373537
0.490626246177934 0.212528775331885 0.284164228605247 0.0126807498849332
0.00787402034300043 0.0783911744882459 0.835269642765449 0.0784651624033042
0.258452403394277 0.0800763386747285 0.296650659147552 0.364820598783443
0.253837306533034 0.461768472482657 0.100427303456029 0.18396691752828
0.201244374944998 0.305441967914233 0.292721446383003 0.200592210757767
0.326807865818029 0.0454317114108309 0.382926882346007 0.244833540425133
0.43325543482 0.141282470026538 0.19756640673112 0.227895688422343
0.217156644281843 0.230646111375673 0.227836043585951 0.324361200756533
0.113592602825148 0.203917505074064 0.498811781989289 0.183678110111499
0.00537960365266814 0.438641173103732 0.29756176621827 0.25841745702533
0.217886516246542 0.431975673824427 0.20180326869799 0.148334541231041
0.618859023653237 0.0825804505336851 0.0478748983155218 0.250685627497556
0.110644871589905 0.136281879670372 0.281405804297248 0.471667444442475
0.0261456111641116 0.294359620330968 0.509372050118692 0.170122718386228
0.203513382846838 0.549366352290152 0.0752719341955192 0.171848330667491
0.615276613676044 0.0911515341501423 0.253384231611866 0.0401876205619483
0.147603748167589 0.418228043688187 0.120442701368222 0.313725506776002
0.342563114884948 0.141582503813749 0.390773597730766 0.125080783570537
0.318481335697236 0.22529787251906 0.181225901537764 0.274994890245939
0.37594614976571 0.323286555750458 0.163180523121828 0.137586771362004
0.374575832443003 0.556062061347065 0.0359599609605395 0.0334021452493926
0.243318984656895 0.257405899810191 0.447699877819992 0.0515752377129216
0.498295090980902 0.2420828666142 0.162914831157811 0.0967072112470867
0.141974663819766 0.191829877881836 0.333382810157313 0.332812648141086
