0.136689254329509 0.100963886456572 0.181333917383673 0.0789255787532057 0.151078900033181 0.17754214809244 0.05351575186198 0.119950563089439
0.0950311482051987 0.198157192311225 0.0814768450228923 0.164360256389664 0.217066433862664 0.144044472374163 0.0568196932268082 0.0430439586073855
0.177627838298784 0.1533703130579 0.14606980439917 0.0504184481501089 0.0641140488504163 0.148727830776931 0.0695237375912761 0.190147978875413
0.257087823135734 0.114092714128336 0.0495651701988763 0.0748612301130443 0.12348996606644 0.233154589116198 0.0313391943917622 0.11640931284961
0.167933468779839 0.00567813632588821 0.0630557573597356 0.298545665051919 0.0693272066111178 0.248671131295131 0.146767342990379 2.12915859899796e-05
0.168049489661388 0.0385687837629018 0.0910113212858013 0.252438913151978 0.000712705975484197 0.28714953875132 0.136831282965959 0.0252379644451675
0.099688973326657 0.00609126758470435 0.217433423535403 0.219845040653989 0.0927210410469651 0.0290210979844898 0.184147669268674 0.151051486599118
0.12166474244962 0.114477487965873 0.142483636950669 0.161630183169926 0.192672993853436 0.211973710811912 0.0324755751206755 0.0226216696778891
0.119803032300938 0.135030240119568 0.158876750800127 0.176756629704996 0.088942725276148 0.110826216997106 0.0771851295377448 0.132579275263373
0.26079787618723 0.107993921937574 0.108335783594214 0.056180237825559 0.137843076116443 0.165128597648032 0.0416727726119311 0.122047734079016
0.0820486909836091 0.0809444862455359 0.193313041952703 0.0842418570353983 0.158131502912361 0.277272444764929 0.0717732333577794 0.0522747427476843
0.0831821500502367 0.00850866661376717 0.0455455669886092 0.171564912258366 0.140173601252236 0.15771149591942 0.115241840469858 0.278071766447506
0.258448473120079 0.101779023062031 0.104575002344949 0.153938878615468 0.210873026318359 0.0414147154182385 0.0743182534504859 0.0546526276703899
0.187331539785307 0.117928553442358 0.0501962245096003 0.171749736803933 0.248285176130521 0.0989779062576296 0.125101643998264 0.000429219072386687
0.185769831426397 0.192728273232311 0.122526549873533 0.187560073435408 0.0740693916155786 0.152242891880438 0.0323842147105884 0.0527187738257453
0.231074841434548 0.0731842273936596 0.0320160384723102 0.0734519087554027 0.0107850917305807 0.207959799516287 0.188762013272471 0.182766079424741
0.156189316661615 0.120932636349003 0.17460665149341 0.107719187639834 0.178014258976017 0.0733690944102622 0.188142286734828 0.00102656773503086
0.1062384645525 0.177682318740873 0.136516573375122 0.118281055356818 0.0783328990390603 0.155810158443008 0.0649576926462171 0.162180837846402
0.222724212726348 0.157097834204429 0.112130172534823 0.154362761353899 0.122636504244581 0.100681227474877 0.00254337142228045 0.127823916038762
0.255765584491054 0.140535224943973 0.0338001722228954 0.193552418341948 0.0860599043522574 0.101881392899988 0.0763240895000641 0.112081213247821
0.0199067791198714 0.0190182937614199 0.261716125332595 0.0835011665963159 0.13835402988726 0.20099880602087 0.235831895781513 0.0406729035001552
0.0995107263394959 0.161849888410487 0.122691435082566 0.115076189804392 0.139836249536542 0.108650125395195 0.174520029381918 0.0778653560494045
0.230773301955089 0.21424496763231 0.101618838902055 0.1156578338067 0.0247537699341151 0.187382757888913 0.0800231532419963 0.0455453766388215
0.198775400202944 0.0706604683735101 0.169905751700035 0.00907364499878996 0.0951307529967234 0.189755245084586 0.254342951722743 0.0123557849206683
0.0383469863530628 0.192047690252608 0.207504873424729 0.207022824026936 0.156815285416654 0.0143549381591053 0.0806199146849377 0.103287487681968
0.248164263277371 0.0188069748696119 0.182471206928854 0.0993400570049284 0.112045304795371 0.171610810090607 0.113368379337068 0.0541930036961887
0.195921458175372 0.149083488312982 0.0267275803013512 0.121870130171727 0.148927307154581 0.113669380660742 0.178824305898174 0.0649763493250701
0.0544750039111913 0.082077881426869 0.0573038798231716 0.0888610918525014 0.233228975649439 0.224996296516378 0.138165005707436 0.120891865113014
0.19284117790671 0.165153526191443 0.0422376193268677 0.098663740879566 0.108950746530667 0.160369483255914 0.206765061696455 0.0250186442123773
0.0999581300595753 0.0470595488211175 0.191734750267039 0.0894327855310564 0.210918567488445 0.164066170792771 0.192704791907206 0.00412525513279085
0.00430008710003844 0.0562867198803728 0.100455856063384 0.112931822401068 0.141820593167675 0.265635540383708 0.1555989715238 0.162970409479954
0.154032265995367 0.0178303655913814 0.113427408392367 0.173783016352228 0.150979425853378 0.191657743455654 0.0680687453319261 0.130221029027698
0.0899355826537445 0.00344744946043095 0.0464162142497523 0.132782235154154 0.00278197685806898 0.242570675475208 0.211675029722584 0.270390836426058
0.044620870553142 0.132974199257839 0.229581940027403 0.215953510411971 0.0103760771650701 0.232375535675948 0.0400350250814667 0.0940828418271604
0.126583249881364 0.139752049751361 0.0484380349336731 0.224642298772925 0.212125600504916 0.129940170179254 0.0700641641032023 0.0484544318733056
0.0385827750538699 0.132349249888206 0.161457838678558 0.18102779231241 0.0761268622763132 0.209115958848601 0.0795387974641433 0.121800725477898
0.102589348153595 0.169784760837552 0.23064613941941 0.137600645458256 0.209658599906526 0.116642972323922 0.0244091956789783 0.00866833822176201
0.0977054631342119 0.210112996506594 0.170203093842958 0.153488658644335 0.171482079538331 0.0833043573003085 0.0213137635950188 0.0923895874382426
0.198380652114134 0.187545056056336 0.0846092513245009 0.00993205185025316 0.0569581604367883 0.125362632214238 0.16438880921781 0.17282338678594
0.0614004344195024 0.20471725645912 0.300289220738978 0.00957335696512814 0.0256327131364208 0.0696826637649177 0.178569221483725 0.150135133032207
0.0838487167990609 0.13433625459355 0.236556461283201 0.175818329537442 0.0214324894465538 0.109909618566958 0.186611833589807 0.0514862961834268
0.216060762683412 0.202483243621963 0.0837657493275 0.142571153359379 0.00839219465999981 0.100352697915297 0.155617288379699 0.09075691005275
0.178956541131604 0.0827951091729695 0.201873032823421 0.0660383112596745 0.128491964089067 0.205418975294708 0.130260637959535 0.0061654282690208
0.0313477542433108 0.123731948083043 0.153486172319702 0.165364784009485 0.173434575784071 0.0882663552990551 0.157263347587304 0.107105062674029
0.256479407702857 0.211459191542445 0.0293326710091495 0.114294112260797 0.0482798976414883 0.0169482086923441 0.18185255522295 0.141353955927969
0.0194209947896269 0.052330608634543 0.0942498732029552 0.215908922224977 0.159407862951742 0.167676890536235 0.0863595802061001 0.204645267453821
0.17652737571568 0.0752430328487863 0.13900126676875 0.0616762430560821 0.127032014434172 0.129736618153484 0.0937571535679773 0.197026295455068
0.054589635272876 0.0231917801923663 0.182309417924462 0.241770705177192 0.0775714877602393 0.0795494164751427 0.171409559357759 0.169607997839963
0.181525592633831 0.195853410845897 0.0653369511589711 0.10724859215081 0.219765306226767 0.0379202357713948 0.173304325534122 0.0190455856782062
0.202935291926328 0.181820367986061 0.0964094335354996 0.0807493918021254 0.117603423311503 0.118364708524439 0.123672417448241 0.0784449654658038
0.0630774991196351 0.0831129073415644 0.00789700543015516 0.180944348219432 0.130599080097011 0.177558227742861 0.201386282615347 0.155424649433993
0.163605623756195 0.0526358341490856 0.112470989837585 0.215799050413787 0.105009793799588 0.170699887011703 0.0239470229012993 0.155831798130758
0.117978007326167 0.219268676576033 0.161782606889623 0.193419981878648 0.0782819481433501 0.0780726169102086 0.138797799186503 0.0123983630894678
0.168656063994892 0.00137698662377411 0.108009347811797 0.116176342314863 0.106190639380354 0.205173289609475 0.0536691903721076 0.240748139892737
0.203206383164589 0.19414975452676 0.0796488157566356 0.156905697277581 0.107709153442962 0.0414892828236641 0.0126003797151251 0.204290533292683
0.0608787115590805 0.00113559517693031 0.0993130691017022 0.158699224512031 0.186155275617841 0.177655229687429 0.146743838864569 0.169419055480416
0.15205560784105 0.103552005008313 0.162822013348885 0.0542168846752168 0.0832518891828877 0.166033361295067 0.0862676859585905 0.19180055268999
0.22451931138701 0.0551683083597254 0.00134311445223156 0.0922454454582607 0.109258521943842 0.274257392157678 0.215164605225411 0.0280433010158424
0.118509547172912 0.0590607461176206 0.187480860246653 0.0957298935979654 0.168942353222064 0.101454235369056 0.148668979495321 0.120153384778409
0.113753800047957 0.175765067451542 0.0364619598102366 0.0073207538017105 0.101884599404795 0.095622198677584 0.267098288710875 0.202093332095301
0.102669277192878 0.200039789005171 0.172913625608023 0.0425350937672877 0.00506731440710655 0.202477464367327 0.193099840374621 0.0811975952775855
0.0852382112749998 0.188482480857488 0.0583747136125584 0.272918789912152 0.102922388716344 0.108666499174114 0.0820045743664458 0.101392342085898
0.151873232409242 0.147209608464721 0.187998997798707 0.079262891529071 0.164657325379398 0.159199132900445 0.109032604584513 0.000766206933903693
0.117525621601726 0.147702276448515 0.190298540017337 0.0878280533030198 0.163235291847582 0.159616299917517 0.00689088467109734 0.126903032193205
0.0860311716114125 0.002614638209176 0.215824571355903 0.0987594858465242 0.168996059214402 7.10395973790307e-05 0.218954586759314 0.208748447405889
0.18950310495189 0.168703547787412 0.0286874736228379 0.149015504110713 0.106553495802583 0.198861359607343 0.111797461526213 0.0468780525910063
0.318038246175737 0.0697316255894237 0.185732259100446 0.0373242756315653 0.102374570594938 0.143409784330684 0.0669994061581246 0.0763898324190813
0.0250852603326308 0.195784952765636 0.018714527368069 0.189471957570145 0.090918967643985 0.164234088590921 0.192625261486763 0.12316498424185
0.142867074386131 0.098341129812808 0.164100169306656 0.0788504028379453 0.153110903186201 0.122583298225205 0.150980623887181 0.0891663983578724
0.090127297518168 0.0936192715786209 0.052245833159046 0.194078942353166 0.112191465548774 0.135743086693488 0.170487312662225 0.151506790486512
0.0737251866616573 0.163580485430258 0.000310343138494022 0.256873648901461 0.00880625937265598 0.255172581611309 0.125391827400289 0.116139667483875
0.0890879187439178 0.211903264954033 0.247343730062108 0.136859479433097 0.165078716677389 0.0607615367071921 0.0736765909207324 0.015288762501531
0.0496311326366407 0.00293250786201425 0.146952860623039 0.140251312240574 0.279800504149257 0.13734081654463 0.237473537608332 0.00561732833551282
0.178122691342866 0.0579059571432765 0.172676471899392 0.213766289152298 0.0508229788309372 0.218599245673183 0.0829617102526856 0.0251446557053614
0.120425228566538 0.156334793193218 0.191925562637503 0.0748508553039163 0.0218222359196899 0.0751318933977487 0.166667282932878 0.192842148048509
0.230621062201216 0.0400156028247549 0.0285552653937776 0.0147313326351253 0.139244741859444 0.142826921044021 0.282167908163542 0.121837165878119
0.0320977434218096 0.00245648120147171 0.257222944285847 0.259138524987238 0.193141660843232 0.0694886136772371 0.13433246090153 0.0521215706816343
0.0223683359010856 0.0655485208338683 0.16353490349502 0.192171913281148 0.00407755386498504 0.0805830427745655 0.244571677863114 0.227144051986213
0.102843252723962 0.0358532156361435 0.144707541963721 0.115373207930228 0.141159029071393 0.0736750958027018 0.180690314703212 0.205698342168639
0.0133757167403354 0.179382341785222 0.037734269735034 0.159125978189048 0.0653929278470559 0.264551944986579 0.144316664736954 0.136120155979772
0.0111030285165776 0.0147534985188518 0.141026790207032 0.19222993237138 0.166911856068203 0.0721876408156231 0.217810854654387 0.183976398847945
0.0948518804485566 0.0830285870702512 0.203592966633244 0.138520036550408 0.077631567882851 0.107993771620886 0.130277591292038 0.164103598501766
0.119151183319079 0.113771765558358 0.0879700589498493 0.113534408104037 0.00432777076730575 0.133897075366351 0.218832241323236 0.208515496611784
0.109558600947706 0.142011015092735 0.258050658208932 0.288612679923884 0.0127629022224063 0.0695857375843622 0.109614119539365 0.0098042864806104
0.0756448124369658 0.052465501826798 0.127287283270581 0.17418481785882 0.223175382866 0.255667225466794 0.0598913953680192 0.0316835809060222
0.0166708532569912 0.223933295734154 0.0766184965088675 0.122046705178957 0.230722695380412 0.00615983110945374 0.196979166524158 0.126868956307007
0.150290839934121 0.179117298969315 0.0871614720260691 0.0264308307136823 0.132184149610466 0.194260857443747 0.0793775339838196 0.15117701731878
0.0499739305798019 0.233216771249625 0.107759984031759 0.2784934187031 0.10396728238489 0.0417037024697512 0.14984072984892 0.035044180732152
0.00271630482970581 0.109981328750372 0.0511705975706789 0.164807514044063 0.128904476244635 0.000607584806002411 0.169169296205509 0.372642897549034
0.0670542165264767 0.0140692248347366 0.0284416400344213 0.158379940743076 0.325369687677423 0.136618277081435 0.138886397002591 0.13118061609984
0.0149696899873956 0.0989651148321148 0.197824770977935 0.0646429929842795 0.190020451921957 0.209558861065806 0.200554124877692 0.0234639933528206
0.130528043245812 0.129332407946545 0.102594240909983 0.167301264244042 0.179948401251208 0.072101022457144 0.107789262996286 0.110405356948979
0.144641900325782 0.0202182944594307 0.0650522079876069 0.120268168989205 0.147724134676394 0.214034741646189 0.0828451346573198 0.205215417258072
0.222318363581924 0.0599099407275667 0.063158015671379 0.202472703956326 0.0342200265003496 0.0963759447406384 0.110440671857191 0.211104332964625
0.231500959251342 0.15222183641144 0.0425455382619421 0.216232845773225 0.187309954424606 0.0320152771328945 0.117253176379434 0.020920412365116
0.0435029852449888 0.201821044022094 0.0632446590847827 0.0167915407300491 0.130195382843887 0.157536716879262 0.228423919166391 0.158483752028545
0.188475883650054 0.132541643672664 0.0132207978794924 0.204902402812426 0.0773438691909511 0.0818809382905783 0.147547743195971 0.154086721307863
0.245549334935418 0.103847045347253 0.129147115713784 0.0117020396713148 0.0894977427549808 0.1182694404786 0.111481435907098 0.190505845191552
0.0222114157992212 0.110712321303104 0.154141188140765 0.131229553484693 0.169100678468901 0.150808510190746 0.137205276728218 0.124591055884351
0.237753239058274 0.0672618666177415 0.098538644270248 0.131048156356336 0.131568362970618 0.0170693643117643 0.104473979308829 0.212286387106189
0.147165678908264 0.1970360846245 0.0632513981413016 0.110459191818405 0.107116776796363 0.139848522272312 0.0516282480360037 0.183494099402852
0.155435650095201 0.14958284638829 0.199845203324924 0.100336439030565 0.179302733648719 0.165160077771018 0.0439811051107986 0.00635594463048556
0.153016829759659 0.0600255500658058 0.143858039894067 0.192477202021236 0.128739330750392 0.0104505778015018 0.104486218091626 0.206946251615712
0.171450490128876 0.138736465100769 0.0796596866131154 0.0958351024427765 0.16524553653509 0.0436866341259401 0.162347017200355 0.143039067853078
0.0296483454676215 0.245381359101927 0.12769849689195 0.182454279452139 0.0808003248458741 0.200690300500036 0.00234442978466194 0.130982463955791
0.16182803765674 0.268869275064402 0.0754901535572643 0.00139289249644495 0.188139242231935 0.249162885896842 0.0271729415382119 0.0279445715581601
0.0419938196936056 0.19552061815286 0.147420222661384 0.0622278754028699 0.14741889378535 0.159967509646919 0.0506209572101187 0.194830103446894
0.0265432958131907 0.149789536260037 0.000120999391792912 0.269479344309947 0.172196540499387 0.159022153594862 0.171727144721079 0.0511209854097034
0.00446952909320807 0.251108693263268 0.0139528763001124 0.0776235818189327 0.137279394848842 0.118204796948829 0.207987202626629 0.189373925100179
0.103556919638141 0.032246692010518 0.083038500397155 0.179505627499841 0.163808482173669 0.249097167506131 0.0442163435223984 0.144530267252146
0.0892848362406101 0.203165707231243 0.0283597082496141 0.0464895073430845 0.104468752731625 0.211157753824839 0.18181128479968 0.135262449579303
0.114789574757127 0.0201099392249981 0.10859423994291 0.153099849843792 0.169068525042561 0.130019910450059 0.0917204605115188 0.212597500227034
0.133269145954638 0.161547612863279 0.0578580403624865 0.120263102629403 0.060386271106942 0.203931287446652 0.146457927674634 0.116286611961965
0.158443481803993 0.170306641947231 0.0401968592214418 0.175871287359337 0.137168669453844 0.173351153695768 0.0221195263917684 0.122542380126617
0.1342814287296 0.141265049788307 0.015505683421649 0.172112124531411 0.193807804003738 0.0588458194792787 0.14110777479652 0.143074315249497
0.0615501210496575 0.213702093398362 0.087988393146011 0.213164084421096 0.0743519162503881 0.0464487466656131 0.186754979742847 0.116039665326026
0.158041754122806 0.134844507528013 0.0931296717578549 0.0131639675458098 0.148661602634148 0.22209162296641 0.0228654715553333 0.207201401889625
0.0579631559277091 0.25640949993622 0.0959990749520345 0.213381643614891 0.232556037774122 0.126064181135949 0.00855617542727881 0.00907023123179615
0.188854210814837 0.134600897530611 0.134052701752175 0.0265011399088384 0.149496151524302 0.187645769208987 0.0125739642806021 0.166275164979648
0.00981980851696821 0.217478067696875 0.0777825370445834 0.0165787334234095 0.192373286508303 0.0420628059920398 0.138301100666241 0.30560366015158
0.136575562470403 0.0121500755086054 0.20056028997434 0.123713426766046 0.103668904339031 0.0800852955171737 0.112615107602043 0.230631337822357
0.00211895693038216 0.0194032527114649 0.179197908966457 0.0458135671724414 0.202350014304383 0.321613289593463 0.22775263509027 0.0017503752311387
0.211024316547242 0.143384584660172 0.031941097864806 0.1369375098507 0.0334009762066501 0.154723249213957 0.122947074828273 0.1656411908282
0.102158293202163 0.103792365250839 0.0872946539729301 0.160403392037907 0.0326684475457243 0.150554833828026 0.187898942621757 0.175229071540654
0.111796288598283 0.0104140275980725 0.103650800147911 0.155896265597917 0.12848242940407 0.182890947119376 0.17434247791738 0.13252676361699
0.03737222344316 0.170913397999522 0.139733937045571 0.231435939930833 0.215002791950515 0.012388575076586 0.053770536254368 0.139382598299445
0.053838406043042 0.0651905291914517 0.0556833349353674 0.273806772372758 0.268983081996895 0.245802327064314 0.00700300556316638 0.0296925428330052
0.0723901152261646 0.139327990468527 0.0858119144091436 0.00907393894612636 0.165421932126547 0.181702043303982 0.122718130905401 0.223553934614109
0.158591423284185 0.128894199464729 0.131205572549645 0.132712554234648 0.116331391773781 0.124318906039569 0.084907594284684 0.123038358368759
0.175268926469112 0.14477425333439 0.165824440579541 0.139709034253421 0.0548804042064387 0.20806668234951 0.000323365358703074 0.111152893448885
0.091507590971121 0.182599575786529 0.0901858453586035 0.199355171910094 0.102680092544563 0.0617475880200155 0.0790189741336826 0.192905161275392
0.0925055668342393 0.169079515478771 0.136028569987961 0.126437102475357 0.0809142962798623 0.165344626580844 0.133880586138136 0.0958097362248303
0.234510673321895 0.0956220800947487 0.231504531050627 0.102278479354759 0.0337431164497956 0.208469475279273 0.0764716610463773 0.0173999834025245
0.0184933233428546 0.18351576208502 0.100002851728547 0.153289261142722 0.164933016255016 0.052333964552952 0.170148973068989 0.1572828478239
0.0782346599627935 0.195165729541938 0.0648457265017457 0.125497056119408 0.04932305123035 0.224073730006665 0.0545743461430494 0.208285700494051
0.190460315454576 0.0849982744467165 0.030594924025468 0.0287656917160073 0.166117343627047 0.179878058043035 0.175479173261967 0.143706219425184
0.114947535966822 0.0252249393877102 0.150464035389742 0.0904287501755187 0.210229429352953 0.129609727283236 0.0387346841231936 0.240360898320823
0.142972351137916 0.215108155929426 0.001041336945295 0.0449792427276797 0.187340760172686 0.0781038726720349 0.161330931582449 0.169123348832514
0.104024661938178 0.0663128733303973 0.144137516541214 0.0796114316250963 0.122521313900873 0.204560423857377 0.197322393917813 0.0815093848890505
0.0473751794291786 0.0984890552846633 0.200283237686533 0.144058018515012 0.102170535111143 0.0101082440888681 0.239643132187075 0.157872597697527
0.270988577729574 0.254191517715228 0.172527678900175 0.0422574111265819 0.010272916613339 0.143723757008158 0.0354732179657766 0.0705649229411682
0.169834774506452 0.211013205417339 0.0650120400857195 0.0139982114124202 0.000965922110067639 0.226783703496365 0.0626354866562122 0.249756656315424
0.147581681633043 0.116445336773492 0.128705758121101 0.137968335165494 0.0918973861327215 0.101013777338581 0.0366207305197131 0.239766994315854
0.0921587241896085 0.151790562542322 0.135307950949715 0.118101444913113 0.150443389464723 0.12385903522918 0.145776493668262 0.0825623990430769
0.215571722459994 0.0614309065458069 0.0119683096913538 0.0211959306406233 0.224268996861733 0.109409362223969 0.196962725068493 0.159192046508027
0.195925427458093 0.245345310900039 0.210428191260532 0.04967612732407 0.0510706916794712 0.0903577264441835 0.0846611778780487 0.0725353470555627
0.0661004075796778 0.137745865923978 0.102537267842293 0.0577403930304898 0.0394901769720249 0.240716950686858 0.107609632072596 0.248059305892082
0.156750908343772 0.226276728770653 0.121348681214733 0.175140797146868 0.0854029285899205 0.115041669895571 0.0822033815425046 0.0378349044959764
0.00953501678908491 0.170334275699816 0.185238684513273 0.168300547594041 0.196773014010125 0.070889314258826 0.189414315934901 0.00951483119993389
0.00251345810389822 0.20106959808292 0.194756921348891 0.171892770722927 0.0697213769537239 0.0709017736459487 0.231199684657678 0.057944416484013
0.153046380426684 0.196568718617151 0.0701297130380743 0.191198649359463 0.054141698253952 0.101354473964829 0.125137688374407 0.10842267796544
0.156175596682247 0.0755223939556829 0.0585583337637904 0.145063135585222 0.104271911610964 0.155979544103106 0.128585802175964 0.175843282123025
0.00612152456242325 0.222382183214393 0.159485084241888 0.20504837349897 0.00716010746631173 0.341859234527926 0.00921015788369832 0.0487333346043896
0.202020646376736 0.180702022853112 0.110803800484214 0.0654271177538192 0.183401883798268 0.106775907888722 0.116497320367227 0.0343713004779016
0.147577205590814 0.169004259709624 0.138615913087835 0.0587031579203186 0.0982258127284459 0.102748718159427 0.164345428028548 0.120779504774987
0.188471727973521 0.154912080784297 0.0584042794751163 0.163202104749196 0.161931959671486 0.0338316652677506 0.115979594518683 0.12326658755995
0.031574722077234 0.146875736702455 0.0708447867538227 0.213065435149036 0.0761115966463475 0.156097662752525 0.0661164315772929 0.239313628341287
0.0613081540170246 0.0655085865231801 0.302636980060184 0.206581214104085 0.126175145564317 0.166416988392646 0.0617557013692338 0.00961722996932959
0.0426244042997839 0.0780935397819666 0.156425257937218 0.155011201024335 0.129774709685488 0.096477686029009 0.136151279087118 0.205441922155082
0.0297948611638329 0.071197202283632 0.201388254024015 0.17248860906325 0.206586338453331 0.194024352796803 0.0501388921123013 0.0743814901028342
0.103572952172288 0.121718212597264 0.132770874002507 0.00855874085782564 0.125568776436603 0.136963402956807 0.161284962010051 0.209562078966653
0.0294722814295675 0.270557391812114 0.0323209701731588 0.164784189676481 0.190656153377548 0.00633998801343989 0.251200513876324 0.0546685116413676
0.165507403849588 0.176012124713205 0.124150893256602 0.0712353009660872 0.134424715875088 0.0192654816363979 0.136183215030668 0.173220864672364
0.182701099657021 0.0670703562288382 0.179578422241565 0.123224501240198 0.0133243456487268 0.154022700735359 0.0842826760896713 0.19579589815862
0.00839775190895012 0.0715828033447269 0.23243101600525 0.108532878720407 0.163594141519665 0.255659092839799 0.0255156193278095 0.134286696333392
0.201685847987571 0.16579896649559 0.159416628553288 0.0029791710466079 0.099546353514342 0.178525958181342 0.0985947740442846 0.0934523001769746
0.177080946953445 0.145453388878421 0.105871997935874 0.0980462199463685 0.184141676529084 0.14361608996069 0.0379466040489327 0.107843075747184
0.142958175444705 0.0038293407298254 0.272946946442152 0.127753365685423 0.0807458288567099 0.00434930472505661 0.149003728292084 0.218413309824044
0.186458121064535 0.116917137082558 0.0430518356289655 0.294864941785045 0.0336559318710011 0.141047413317987 0.0583510699900317 0.125653549259877
0.214905345873242 0.197023633763583 0.0653932273015536 0.246144454352859 0.121804064956257 0.0206906926818953 0.132170009275635 0.00186857179497725
0.0839821947923105 0.178371792167149 0.0060846855658003 0.221451207463432 0.0755575649401073 0.128644130670997 0.0797174071924838 0.22619101720772
0.130274116566796 0.194094100479991 0.119870251738935 0.0714955690971934 0.168391003390815 0.0877069332415719 0.124497229021934 0.103670796462763
0.115504114927778 0.116149028833975 0.213203287813938 0.0291744476830359 0.153553832349625 0.06731756345006 0.186120550609613 0.118977174331974
0.198666610905199 0.0821845420433482 0.142514060975193 0.182144728709727 0.165055725670657 0.0448748541361141 0.177385483040155 0.00717399451960686
0.144354262289171 0.0387836253142989 0.141228080591267 0.20781181801973 0.0472223882052046 0.170214251925278 0.0379297313561437 0.212455842298908
0.167839367053959 0.0654877550948725 0.191553852694419 0.0877232571994781 0.157121409163432 0.189933276381764 0.107554958909673 0.032786123502401
0.136638728134545 0.0656349683392201 0.00838371546084116 0.207331016146092 0.117747228151785 0.175625686570259 0.0900702267344046 0.198568430462853
0.131926390264086 0.244121794012866 0.131540330262378 0.141648877827858 0.058602951597018 0.0532081846962944 0.145442072517781 0.0935093988217193
0.12302800871463 0.223348781005501 0.156853040746867 0.291490504004192 0.100213234776453 0.0220440198433193 0.0512820316604337 0.0317403792486034
0.0978691347813476 0.153216793965958 0.142245356027637 0.12001052073525 0.152115100907077 0.111422831111331 0.0267024043347803 0.196417858136619
0.100929536892432 0.195629226365162 0.0536469785516547 0.180665841705597 0.0900263778609128 0.108923135315932 0.051483114328313 0.218695788979997
0.163396166177062 0.302262416289859 0.0912820557422782 0.00333310777261844 0.00589612045500448 0.184141022370658 0.0438495100975933 0.205839601094927
0.225627576124702 0.0987822650726453 0.0198797554859834 0.0665347191117302 0.224515644096261 0.0823718270180174 0.0649866413230567 0.217301571767604
0.176442095316941 0.132377157571526 0.23057335708192 0.0240978789640362 0.128196928422106 0.011837422749736 0.123652809903767 0.172822349989968
0.138816737764212 0.200856932106871 0.154268131943797 0.0279634579884157 0.107721736616085 0.0523308466136494 0.1430260058109 0.175016151156071
0.0780603339358182 0.189003560942722 0.0562497844585126 0.199365068512632 0.113333926502322 0.0176379665252942 0.194742919915281 0.151606439207418
0.107725690938518 0.224938279987604 0.072789401796199 0.125618505074543 0.186903958679919 0.0747862530469197 0.194069257570088 0.0131686529062094
0.227550313609776 0.183487702269492 0.0840205420675671 0.043628644803182 0.0208528650842401 0.222085144075141 0.0641905833324261 0.154184204758175
0.0280489953919002 0.20347603913826 0.105428359140817 0.0257330931969703 0.0559287197008532 0.155544599549848 0.203158877059746 0.222681316821605
0.0616916579076833 0.0854054601722757 0.190590832407857 0.194877154946739 0.22497554896798 0.0507090507118804 0.152130687940705 0.0396196069448802
0.137880182057265 0.229697066223442 0.166862134788408 0.170922774563472 0.0545776823533675 0.0412853325475728 0.151977695883199 0.046797131583273
0.0151919717479487 0.0599350288696599 0.125401481419934 0.281777316502334 0.081279306560962 0.078757711780674 0.297547191156431 0.0601099919620562
0.242836524031468 0.101498925742094 0.0976632777705127 0.0798527726627185 0.0772074204900349 0.0628187716847915 0.166703731438968 0.171418576179412
0.194058759859983 0.203228216632166 0.120359458823442 0.157425387397992 0.158004440771262 0.0220534942497725 0.0588235399224897 0.0860467023428922
0.135031057286701 0.0977571521898652 0.0661513751147423 0.0802216219531657 0.193309476321065 0.0652748362021584 0.13814388846076 0.224110592471543
0.0732549157437772 0.0265714322101996 0.111846990120102 0.206373184205353 0.22759648526729 0.179150602120866 0.0641924854973991 0.111013904835013
0.146558833020178 0.0744813012073652 0.0385227966849701 0.176886957627548 0.132569795746767 0.19312340156327 0.118019463895228 0.119837450254673
0.122478527244672 0.130514159311205 0.175519481243648 0.00473020283995475 0.16798403299383 0.0939259302518968 0.179158111645127 0.125689554469666
0.125700675881527 0.161224542735906 0.21574253300963 0.135642358424023 0.184023681189808 0.0771001024887077 0.0252098909557225 0.0753562153146757
0.18865678306234 0.0954729409779128 0.159928807230354 0.154307761032363 0.0669645019415336 0.0926258574538268 0.20285409612476 0.0391892521769097
0.142876342779521 0.0484550599659814 0.157485254279701 0.168712780116542 0.166079175258335 0.157318535557989 0.000970913644157701 0.158101938397773
0.136104721225222 0.154097380212876 0.140687939668011 0.10904282037475 0.140600902618852 0.110971370785693 0.127899601567438 0.0805952635471591
0.11927377241901 0.0472486852078194 0.149663790650063 0.080898928845515 0.213853251681856 0.0774118635960932 0.197188531571062 0.114461176028581
0.0453821815827797 0.0468292624087755 0.201269671785091 0.213471275951002 0.175458306807688 0.120449210287757 0.10787303601646 0.089267055160446
0.0334003865773978 0.168308109456771 0.079232380444747 0.153406076369297 0.0509310270730556 0.213556619529159 0.202434967307251 0.0987304332423208
0.0344163662644014 0.259090696950213 0.0492176195135151 0.188912392163057 0.134752451732368 0.0470716068312185 0.257527034537052 0.0290118320081743
0.115387117587188 0.166454415061577 0.324867992990008 0.137081034931391 0.0126619382972563 0.139262800952701 0.0685399905416633 0.035744709638215
0.125234256590745 0.257054084946543 0.161606921069571 0.156589551080171 0.0254617337436821 0.0126428547200158 0.200278075682581 0.0611325221666912
0.171131668367563 0.0323341869157208 0.186441344378639 0.0846434096090508 0.0504381882817618 0.175971495921475 0.19290103523145 0.106138671294339
0.166268028214033 0.166480780713881 0.177343686503972 0.137672867875733 0.153743494046053 0.150354998152144 0.00787264227388221 0.0402635022203023
0.0702088097835718 0.0873148788475801 0.171219746077572 0.1826435344516 0.182134162541638 0.0280341867124035 0.137550400921196 0.140894280664438
0.00370413316287161 0.0575099181612362 0.175264618711855 0.191813100146815 0.177610457866359 0.153156761253465 0.07402140651742 0.166919604179978
0.0529562006834181 0.168554394584435 0.30174165508295 0.0319443284746587 0.012402333289858 0.247646527156168 0.123109578436652 0.0616449822918605
0.0192554529096608 0.112629468406883 0.0361646134561703 0.213262670424677 0.250526056367851 0.219449423887919 0.090826361985154 0.0578859525616845
0.168066260065952 0.0668526087820428 0.0616774739451502 0.132559885655183 0.139097336007519 0.25615203239652 0.106792633003397 0.0688017701442366
0.0922510553026976 0.057433159868383 0.127346426575983 0.204659707339569 0.0179506734943431 0.321520561628015 0.0296773455551031 0.149161070235906
0.0435176240971504 0.131423890550958 0.215390780612944 0.213071285959521 0.085238158227579 0.0400998035984033 0.136729374069649 0.134529082883795
0.100069401674526 0.150446899499103 0.0287295154697636 0.147152406634406 0.00678490273095333 0.178100062969091 0.174766594562768 0.213950216459389
0.098802650134109 0.100576255399374 0.194954335720045 0.189959671951746 0.0317456957173569 0.162173742623934 0.10670391190057 0.115083736552864
0.231225144328014 0.020239952545811 0.225762734522979 0.229236018029514 0.00767756163513949 0.0615435563766088 0.19032853374656 0.0339864988153748
0.257020319881788 0.0963907415112497 0.0305129384678291 0.132711200434445 0.18381484907138 0.0450471615797976 0.227612488819673 0.0268903002338383
0.110459578499265 0.150836685233213 0.123068301151307 0.0947982374909697 0.0671160792110203 0.161260771857879 0.158695955603025 0.133764390953322
0.0527797153944602 0.232904183079187 0.056143291678576 0.187220863872133 0.228701044121656 0.136004670538617 0.0249288232944515 0.0813174080209188
0.0349874199549453 0.111235862718763 0.100764765156579 0.0658885415821337 0.052431170124932 0.365248673911173 0.229209351263382 0.0402342152880917
0.0422295501496244 0.189930260722831 0.133797894568014 0.200048544558584 0.129198527030358 0.0641908743313778 0.131234813650274 0.109369534988936
0.235513225131579 0.0582064862734211 0.155381714684701 0.226460804739587 0.0301782970449338 0.0382648915345567 0.0643572775554049 0.191637303035816
0.148301983114397 0.0178841140969425 0.135632124704616 0.156255555527686 0.0250809030155763 0.202959232154106 0.190667586832962 0.123218500553714
0.0297384083904647 0.164751269956982 0.0803528457634329 0.228530981287254 0.0402584880008154 0.226841643898615 0.0765077751265651 0.15301858757587
0.147307859842936 0.141044074076834 0.0776442861025665 0.129908355849804 0.103667754387602 0.0252623087048834 0.148113469789842 0.227051891245534
0.0280940067326205 0.319203954773561 0.216607589773711 0.100360096050569 0.101216907636249 0.00950312059429119 0.148761365826242 0.0762529586127563
0.138948895876037 0.00647728230591247 0.00809450189208553 0.26407310084186 0.179428236413478 0.13638575444919 0.256276286745582 0.0103159414758545
0.140031585011654 0.0260698484771479 0.148933697338284 0.126629918014614 0.198437288527917 0.289940001942289 0.0435683651332648 0.0263892955548289
0.0259419388356566 0.285462667953532 0.0506091501259237 0.117596445162077 0.0273233982219807 0.208526224887066 0.151069721500592 0.133470453313172
0.083134124206546 0.157051463282199 0.0538854157114568 0.0519918224693152 0.0956729113900689 0.124412553418634 0.196887882434179 0.236963827087602
0.0299454814499462 0.166840705090731 0.0679613122634817 0.0636669774127164 0.0781143824952892 0.148886257515421 0.220683213899744 0.223901669872671
0.0761269648329352 0.125796927587858 0.148468188617011 0.166318923336557 0.203105101187863 0.0440255181396187 0.209953253173342 0.0262051231248144
0.171310928565367 0.0123991448804885 0.0528684599547154 0.12410243364758 0.166589633668133 0.220751607825619 0.2087942836012 0.0431835078568989
0.035587175145463 0.128272797971693 0.124453676276576 0.0755502550489079 0.221442861314128 0.254367928702368 0.0291738841919971 0.131151421348866
0.00156895033484442 0.276324267922933 0.244674542157355 0.0795347954817228 0.0309453759628184 0.186415889611989 0.145919383059444 0.0346167954688926
0.0460358900439084 0.0790470402580497 0.154295187277187 0.146980579159077 0.0836820249668161 0.160166602900192 0.033008164133087 0.296784511261683
0.042670928759606 0.22089963213428 0.0781533223132919 0.0692426399706697 0.191223168196708 0.0614486870749683 0.225850583126172 0.110511038424304
0.367012331328002 0.220929613618591 0.0592319642476247 0.0718220981768766 0.06690728910565 0.00168127132430945 0.0683378441380916 0.144077588060855
0.0605741822610066 0.0837484199884284 0.100103609208106 0.148332962269183 0.191007429539312 0.044917185970852 0.174216277440561 0.197099933322551
0.112294649286283 0.0836587860308067 0.0744897104226707 0.133238440372178 0.163364455788254 0.0381890195221367 0.142328631749986 0.252436306827684
0.0198261360115472 0.145363415570971 0.269668458161063 0.119250314408257 0.0508304535581823 0.101235785794388 0.165159972833538 0.128665463662054
0.0902013087523304 0.219306211226358 0.163677964849439 0.262784382254076 0.111812879356432 0.00536692505488191 0.0956634158235275 0.0511869126829547
0.148619009189934 0.134798232142765 0.197693937707511 0.102200919736456 0.0174311150230959 0.0685098799243588 0.200835145103071 0.129911761172808
0.00495086518282919 0.15262519438428 0.0848576132290025 0.175549406125829 0.155270168538351 0.156939402082217 0.158778787173145 0.111028563284347
0.138867872450335 0.0657744252932798 0.170621451436841 0.161302148435036 0.171665327153386 0.0341860061467385 0.0663493622123821 0.191233406872001
0.00658810910545313 0.125698335418299 0.233228971923518 0.0229316538734356 0.236439254924351 0.14741427916006 0.0118759895771469 0.215823406017736
0.0653009993722904 0.155631586751231 0.0555546475238181 0.149201003980601 0.17189135249291 0.127526838157202 0.168970650512879 0.105922921209069
0.141675411589806 0.110806795551525 0.0233948450043117 0.0877484475998543 0.035137387425451 0.201487337059689 0.102927547248573 0.29682222852079
0.0124130430218466 0.0378011764267609 0.279537520986648 0.0514713549543514 0.0389127044979104 0.188132247139171 0.157241884957228 0.234490068016084
0.171568423605453 0.0090041379878555 0.31049859537664 0.0772098399165279 0.28983811986878 0.0943862490491783 0.0207211170351983 0.0267735171603667
0.0757483932132393 0.0696170185470259 0.0298504826968121 0.198670996098979 0.0729802864817501 0.245909194527065 0.203422437968241 0.103801190466887
0.142745814345739 0.00620825964278074 0.232578822354064 0.0157398340781601 0.217314197520953 0.119554580714052 0.211422674753611 0.0544358165906414
0.152174055784047 0.124086297561583 0.114443859042821 0.0816129020760421 0.337423003312985 0.0412661660985225 0.0711773262970995 0.0778163898268997
0.132008264114728 0.111622460603199 0.112007397012259 0.141501821234978 0.0705937639488134 0.11846832176535 0.209373434425275 0.104424536895397
0.184919970202521 0.164548642820753 0.114626897395961 0.0832389121738644 0.0163563781250877 0.118806052200064 0.278676478780543 0.0388266683012062
0.144224279076504 0.0828850995307267 0.151422470507398 0.203981501683963 0.0807049204212628 0.109392210771286 0.210642253283495 0.016747264725365
0.157462780398946 0.037305661065233 0.185159457567124 0.0882236746852667 0.26086602113057 0.151246908454064 0.0563447456660369 0.0633907510327595
0.106706987692063 0.0322722695926467 0.159135211889855 0.0116591999395064 0.1660793129857 0.192496627924873 0.124445440185288 0.207204949790066
0.0220925990064794 0.147654063740537 0.11272654079693 0.236138022310561 0.11935379666122 0.161255274386092 0.00278201981828452 0.197997683279896
0.101678408797097 0.181560608166847 0.149083328992493 0.10763176029823 0.242194631613362 0.107361009545972 0.0910204841761016 0.0194697684098973
0.0509030206341045 0.216240700060397 0.0694123872069865 0.0341001288708994 0.271621067134349 0.208171120301054 0.0226338793472437 0.126917696444965
0.12883267346729 0.157663017861292 0.0128651179426204 0.11645865735043 0.10720356374937 0.216528684463358 0.211073288856306 0.0493749963093337
0.0396301742544913 0.125980367525514 0.105660106383452 0.00829723635532207 0.15497856582178 0.139497194497337 0.202492484434037 0.223463870728066
0.0320366142510198 0.125647726175176 0.159437208533406 0.172415080503099 0.120442229461494 0.185455365243163 0.164072612420137 0.0404931634125047
0.183576739443819 0.10704859007358 0.167358121121181 0.0329274509646461 0.233749265247497 0.038610191725436 0.113965269735472 0.122764371688369
0.0626883653745142 0.226829846090187 0.116112980343104 0.108242272112887 0.22055418945301 0.0743034631805434 0.0286137211697054 0.162655162276049
0.178808460461129 0.179538070652527 0.0333901111263328 0.096481591200659 0.153340423941122 0.248137730505316 0.0481411483309157 0.0621624637819987
0.180541247810972 0.0596685484723728 0.0714406173049736 0.202595842070568 0.0374327672822137 0.116026380394241 0.173985911739701 0.158308684924958
0.152880066408191 0.106614014893465 0.168368437658111 0.0669048689266979 0.0318891951233001 0.193703382248652 0.105490908048968 0.174149126692614
