0.0531465383313494 0.0491623574509981 0.0815474227919148 0.176953024294397 0.184092571812454 0.167736627236234 0.0581750356831651 0.118996386864335 0.110190035535153
0.0485576683415497 0.102619452646312 0.102083254596408 0.166406644844775 0.0719313938897316 0.0455007038990497 0.118069095821452 0.104763229585339 0.240068556375383
0.163809352653765 0.176699807696255 0.0992878854277234 0.0826148409033744 0.0506610766665557 0.167398097282664 0.158584648432179 0.00714377727796368 0.0938005136595194
0.0885862104487361 0.104577417258625 0.190349211534959 0.0802869226193628 0.148122235174483 0.124572404935861 0.0552539154549596 0.0318596660653237 0.17639201650769
0.116945507931682 0.0131520964939004 0.186683097253011 0.148477108456562 0.0162513815439816 0.203046397441157 0.195218044848265 0.0220520589586568 0.0981743070727839
0.0446355910391363 0.103292687910548 0.174550384639002 0.217128411879958 0.029642297446968 0.0765621780716283 0.0791477413515198 0.122270182546855 0.152770525114384
0.1625095764185 0.197706698972038 0.150381170308595 0.158110199465682 0.126785903098046 0.00295311653399994 0.172403878528341 0.0251829888837965 0.00396646779100197
0.0490533533546912 0.181803336080678 0.270449884190306 0.00415127575229379 0.00011772220328354 0.241850731654364 0.1213797014433 0.100341803335472 0.0308521919856114
0.135251747722526 0.0402575934339315 0.121365199056721 0.145863165559881 0.174857466080327 0.111415223417135 0.164835278057647 0.0319211605693199 0.0742331661025129
0.110540049466032 0.14812719365098 0.0453646172796681 0.0308734428430851 0.190385413181651 0.141282128778634 0.105550834235647 0.0982339420859585 0.129642378478343
0.0203401288997949 0.245084854234092 0.145199685808858 0.0402470915917795 0.0632407723242804 0.0998281933470208 0.0238091229154394 0.135651120388168 0.226599030490567
0.0532732969859704 0.0834720254030716 0.151784924388344 0.0769552616503436 0.0100772216047309 0.193988569685828 0.248907969438012 0.0872693788504742 0.0942713519932253
0.113497816251762 0.127575977450346 0.162329165367941 0.00851988890502299 0.0404782114509471 0.127216111437998 0.0407781122405884 0.178403072248627 0.201201644646768
0.0712336872770329 0.0309957915376927 0.1473555173456 0.193929602155019 0.123196646161881 0.110827211043732 0.193275138897004 0.0874069074114634 0.0417794981705752
0.110852393723917 0.0321373518891354 0.214883245566837 0.0856791368667026 0.130468873031101 0.0205680085347453 0.182378340541859 0.164993286054389 0.0580393637913148
0.0693847557218487 0.102629799325724 2.47924147913914e-05 0.210996796579619 0.0266130051241268 0.133467140214644 0.171522684482473 0.179879174787787 0.105481851348986
0.185401135938754 0.0200478280380274 0.0921803526596974 0.0581021054691963 0.0999370207594069 0.151089393767007 0.131250695575112 0.151647799659031 0.110343668133767
0.0446820636823093 0.0871764329247204 0.188808524562301 0.167241109040629 0.137092142573415 0.0415737900743661 0.0815060042279856 0.115038762820484 0.136881170093789
0.133393992824236 0.0229502335099831 0.0235938295221428 0.157785367100937 0.104357713212456 0.147230819531005 0.0880662718658455 0.17844348018291 0.144178292250486
0.112578561806823 0.183405931299942 0.0558752028049631 0.0884424951879126 0.144065439306531 0.0810815869239755 0.135715249584118 0.102120455800515 0.0967150772852212
0.100343678596748 0.0162297444548141 0.115879268138933 0.133666973270611 0.178383738101076 0.175396033764296 0.129188969740156 0.0947319862925251 0.056179607640841
0.153049672338925 0.013559119960231 0.157913998574822 0.203596367998889 0.134775475289281 0.0861072215195801 0.0820987373528052 0.16175199500641 0.0071474119590578
0.201862465792608 0.0324407945294808 0.210043558704708 0.148453472449153 0.0922855579489773 0.0299047833965425 0.00824675794486309 0.226943375071532 0.0498192341621363
0.170397543557957 0.208902822703554 0.0605266285597419 0.0220273442653041 0.200729867223627 0.0932907900011657 0.0365556845186133 0.0233899173992366 0.184179401770801
0.0448320468218055 0.180169862128253 0.188579882199971 0.0248827492647256 0.151726911573665 0.0699392618235612 0.0912573250378102 0.11903964400513 0.129572317145079
0.088278417671967 0.143784215212855 0.235842666236422 0.187266270927253 0.025694685143999 0.16195671289452 0.0476033565511571 0.040125330681708 0.069448344680119
0.0896672121081941 0.173631472334241 0.0638363384449798 0.0203506733163304 0.230931634527644 0.0675587347697122 0.0931660671606917 0.260569556359354 0.000288310978853132
0.0578137108572103 0.0810235664602909 0.0877742701863655 0.176189046573374 0.177745649114085 0.167632113284642 0.0606893737424577 0.160670656462974 0.0304616133186008
0.0378029158208101 0.00844989460532688 0.112531714825878 0.0698732266955567 0.032651050148533 0.153828593417213 0.159378557082455 0.229137678075447 0.196346369328781
0.119086187365908 0.0517309123301218 0.102112990449113 0.0968738552566731 0.104663753821701 0.110187322098821 0.136763373436412 0.152908288016253 0.125673317224998
0.145752449250632 0.0131260531175926 0.118963598326339 0.0878742616048353 0.0474676066850783 0.18617946137022 0.00909364772970271 0.218050213650756 0.173492708264843
0.138658043708612 0.134068933812725 0.106129219661148 0.0401682815738241 0.102723070983483 0.176770513762199 0.177436281289298 0.0521829481359685 0.0718627070727417
0.0881601296535564 0.0232174553884462 0.155186739759532 0.100492704527428 0.209422832029538 0.0935342873969538 0.125080162631528 0.124784498779567 0.0801211898334505
0.134540699930134 0.137273508854199 0.0629685014416992 0.102796297613595 0.127470872781476 0.270405880538185 0.0821387804360976 0.0241040062113201 0.058301452193294
0.17621110907537 0.174453496999233 0.157349784327758 0.0520770776095377 0.121276228889564 0.0167202801259833 0.177469602016712 0.0500381141461948 0.0744043068096477
0.0769808079302038 0.114268754655188 0.171295052437078 0.127585817535563 0.0901710342711964 0.100926466903932 0.0860022303139753 0.164797271420298 0.0679725645325646
0.0647215010142036 0.233372970781564 0.0471734109123701 0.0563345804128658 0.258335913871824 0.00895665899265296 0.0409032086902073 0.0952150039428702 0.194986751381443
0.1716586841755 0.123094604362907 0.0321492700258999 0.23297702040665 0.00438203873957575 0.0215784654770571 0.150195538141519 0.0234991397247548 0.240465238946136
0.20221195540204 0.210357985138669 0.0331808494204025 0.0580993220566098 0.160278368820415 0.0530585716429402 0.0114786644877107 0.168416412358245 0.102917870672968
0.109777654820588 0.167275402650409 0.0998068396886997 0.153942000017233 0.0659209597297898 0.141096474461637 0.079034421217583 0.119706081856854 0.0634401655572069
0.0621005057749101 0.134404418804359 0.139663855750727 0.139163947078904 0.123260861974287 0.147722437234218 0.115050940546643 0.0255113580023239 0.113121674833628
0.162905146818473 0.0319778977925623 0.155108862010993 0.150480190859173 0.15309312050987 0.00160397230072376 0.0488712310385567 0.173124922228043 0.122834656441605
0.150605979582115 0.0255268460407261 0.0905988929687686 0.194653304073188 0.00060968191685685 0.200130633081252 0.0413817979198214 0.136249377089607 0.160243487327664
0.00399230386863864 0.15823614593192 0.140094450604472 0.0487614042361043 0.00219956799888368 0.0772012339545121 0.185683530226417 0.179807757876778 0.204023605302275
0.132419286987966 0.145939332029729 0.167941345052775 0.163359915750762 0.0131024581307066 0.112490578253686 0.102932549349339 0.0496291360954522 0.112185398349584
0.151053053817049 0.13218981048502 0.0230502390428853 0.0685620944845585 0.118408453885244 0.162545217813872 0.175668894583787 0.0883747406154658 0.0801474952721178
0.241521047673658 0.203027434592758 0.0164908200830278 0.0961870578866696 0.0735494779813481 0.0507802377581532 0.201712069744366 0.0238110495519563 0.0929208047280633
0.156928217552154 0.0449887351537386 0.229744062581531 0.160865700849344 0.0852398142283377 0.0198125577715871 0.23973854325547 0.0618975262999257 0.000784842307912518
0.165320177515668 0.0791883353868465 0.138972632088972 0.159746426064144 0.0537678186866218 0.121239384478105 0.143398886538879 0.0550198941146955 0.0833464451260682
0.186258083210701 0.00144173856258097 0.0955308376034505 0.0945773797014256 0.161546149291486 0.0488150197142379 0.181729774303241 0.00683696280458418 0.223264054808293
0.187754580345084 0.108352260922945 0.0518591679986464 0.187293370060201 0.0847225406041662 0.114894514182142 0.0908924672207262 0.0822549388069902 0.0919761598590988
0.166667550434472 0.208862357634845 0.0819318371998161 0.017899937443677 0.0249502441213294 0.112946679311163 0.08792895840871 0.0917891628747032 0.207023272571285
0.18728128997707 0.110037526927827 0.0775123838560062 0.000800856379833486 0.197640222612943 0.0900950781551579 0.0934171403332474 0.0234266544204411 0.219788847337474
0.0590180914293719 0.139004137329106 0.0692440439783858 0.0848654524235709 0.102452229933306 0.261373319360562 0.0817746512433432 0.130584321347045 0.0716837529553086
0.191977009067359 0.0452777588590801 0.124211164943517 0.179734571400371 0.184225800778067 0.165465951651199 0.0471983854187518 0.0324828854553999 0.0294264724262543
0.175244042056056 0.158473673248336 0.17528768141116 0.141921959337586 0.066412321717029 0.133583147408787 0.0189782625144537 0.0871729879866256 0.0429259243199666
0.185155060576809 0.0182846136014606 0.240766007164837 0.0799571813794627 0.0394021523761171 0.269833273651355 0.123823641927387 0.0390183829361654 0.0037596863864063
0.174881387130403 0.115609750264242 0.113043525006136 0.00944707261033417 0.0979228810607612 0.129178206980312 0.192325573903997 0.0440991168556604 0.123492486188154
0.0825951048835815 0.0456799513523025 0.0948116750138309 0.0108544864291169 0.149623728805838 0.154669447512359 0.0743961815378424 0.159067941029455 0.228301483435673
0.0695915039415988 0.211965103739645 0.0865461503776282 0.206495676235735 0.0565796124590698 0.0514472148995024 0.207252512060802 0.0901545742878309 0.0199676519981881
0.134763858352119 0.0225926310067383 0.159280122820201 0.172936723660706 0.164537253990733 0.0829808727538565 0.177303212584781 0.0443214272439363 0.0412838975869288
0.19799199761 0.0488063765620177 0.147322660116316 0.0851401003373529 0.132179372195431 0.211202691249382 0.0528337929176746 0.109164432053954 0.0153585769578714
0.176653997699264 0.0827566581589726 0.0912070862313432 0.0958051419541911 0.121379614329421 0.154317560401457 0.0817275118406148 0.0711546575559532 0.124997771828783
0.0145159404269433 0.081204201873192 0.188439825984163 0.179307311025506 0.0922957460617025 0.101085368465337 0.166084503462024 0.113279010148045 0.0637880925530878
0.268764010435415 0.114536489063546 0.0731961924278585 0.0643045477049515 0.0634579122009823 0.00556005259414378 0.140710844560639 0.185553395274197 0.0839165557382668
0.0202378676849714 0.0927374212753905 0.176215058605772 0.154523341735194 0.200693823795876 0.0667850699752238 0.200057625323229 0.0486603774541814 0.0400894141501611
0.108819174230485 0.0536604259264564 0.105324382438033 0.179348129233248 0.0521099090145939 0.168657043650052 0.172981860309269 0.117287922643803 0.0418111525540594
0.145454388726638 0.163925373817203 0.0947265507218813 0.138985293020103 0.174339360187892 0.0544625209082784 0.154248858939079 0.016959290246134 0.0568983634327919
0.122192207919621 0.0824970006780001 0.184999765155552 0.100823109966875 0.180560569156061 0.170501818332612 0.0479779235860773 0.0511302109457829 0.0593173942594198
0.0625425103562122 0.139954723652911 0.245640985788034 0.00269749364936766 0.0196656479133506 0.250727054420449 0.0356640058980921 0.0716327442498047 0.171474834071779
0.0452121475372119 0.219757440343422 0.190345606601147 0.184615106310692 0.117670462554676 0.0993781869242506 0.104971223370455 0.028242499069707 0.00980732728843933
0.0682886107545251 0.236221689166309 0.0809953764043115 0.0436347467876013 0.110729354832524 0.0195672962862573 0.00367922813297926 0.198874207967257 0.238009489668235
0.0290399441616122 0.0775054612117677 0.037281331358479 0.175765754425967 0.195328187154727 0.0896466374921822 0.0961667011881483 0.0833435628827481 0.215922420124369
0.097355281043287 0.211580019972628 0.168521658140973 0.0064977115555423 0.040883237289324 0.151312894330713 0.138259705625127 0.149812056641505 0.0357774354009016
0.302321442958889 0.0323384620700596 0.0648997782588085 0.0825532965766033 0.0215028785095264 0.201503671063849 0.0729751590088636 0.130546267132829 0.0913590444205718
0.113990643455225 0.0352910595369859 0.179374716720132 0.160687339854609 0.0986608959001321 0.135493362924141 0.133947273154402 0.0635742521882402 0.0789804562661324
0.0669057401319882 0.186984058662273 0.0582875900195289 0.0860074724799612 0.14253312547691 0.158850485006884 0.150746406391198 0.129829589247509 0.0198555325837473
0.209239376743092 0.138591498859562 0.134785403840188 0.00587469409759256 0.0932950721696984 0.0138467264033249 0.164353150284049 0.0439444214161796 0.196069656186313
0.271095872353118 0.0652390477412662 0.076509931773529 0.187909804322955 0.00499234787655458 0.060656810321923 0.0997474938832423 0.186373635853176 0.047475055874236
0.186778448884957 0.130373728127386 0.122601096212539 0.0993556632364045 0.0547012519856524 0.0282580777153938 0.187009519840453 0.174077955194341 0.0168442588028729
0.0216736402084877 0.19973449771935 0.21162723760454 0.0912896825784554 0.0165904493489629 0.152786749386768 0.139247338509244 0.0679928287775527 0.0990575758666387
0.072282800344841 0.0305189625823317 0.0274548814295331 0.22317655461409 0.077104175496671 0.12277080572273 0.193680904144634 0.0465984056260345 0.206412510039135
0.205668999940593 0.116205040269503 0.105125786866607 0.115204740945344 0.0565345740674228 0.0980716870658674 0.0640495240598866 0.0255560329801315 0.213583613804644
0.0986061788284566 0.107349902091305 0.0153297268938915 0.100041596082002 0.16623927353267 0.144283337739707 0.154353730417418 0.0991843735929362 0.114611880821613
0.0564341725543554 0.187533295355736 0.0434387128505998 0.166518145547118 0.153653353843079 0.0762584692519938 0.114242283852897 0.0197683739557154 0.182153192788505
0.0185216953487492 0.136503686810631 0.0922153556699347 0.237495689913284 0.255720671350045 0.049573404834671 0.129341046749809 0.0245639354861932 0.0560645138366823
0.109025329249532 0.054595841531964 0.026112164652222 0.142600833285843 0.103654084785032 0.118478173869563 0.135557263733553 0.298348511487653 0.0116277974046375
0.215787173181777 0.037647022733401 0.102724985945841 0.0371142681320044 0.160703199998633 0.044547836434841 0.190658183312058 0.139070339933079 0.0717469903283656
0.177921242578016 0.0690148238589853 0.148350131218521 0.179491191093385 0.167192587089974 0.198292923461553 0.0161582645371387 0.0367818480930735 0.00679698806935516
0.0978424891854613 0.102403018466392 0.218572091886108 0.0489323547098135 0.217393066246957 0.0781920810570086 0.111112682509615 0.0534140421655507 0.0721381737730931
0.0704380378169479 0.0674834200394826 0.136110579507886 0.279944062381452 0.252377580776956 0.10107807514168 0.0258779839206088 0.0580123613078273 0.00867789910715926
0.103157575471169 0.0455258738528326 0.1527841421453 0.166464026718345 0.0794801048871302 0.0706051293028917 0.165333100738974 0.161532843755717 0.0551172031276395
0.176943546669572 0.239957942938758 0.0676094210346923 0.0117312454687296 0.0523720835294699 0.0317141771056426 0.0112315472025327 0.209030641215781 0.199409394834822
0.0629027881840095 0.0145531608997208 0.0415986063055461 0.117616738017746 0.0970665748085032 0.126075219369812 0.203368961444075 0.201206972925021 0.135610978045567
0.0524981805110196 0.129855436575711 0.110044829433239 0.0354442918596768 0.117863088464744 0.0661461148333249 0.1408437367571 0.163396886831988 0.183907434733196
0.168351518446434 0.0366703070244403 0.156570400204919 0.0780674227985798 0.144575534905407 0.0999719689990223 0.134792394666509 0.132511216180498 0.0484892367741905
0.0659281982796605 0.1364438135774 0.00710017601545431 0.125630627208177 0.140696193265105 0.0786973837713667 0.17594315224469 0.135597313960851 0.133963141677296
0.131608281190542 0.176280957951026 0.0078637216020301 0.17031107707161 0.096202283694366 0.124625271732828 0.221168726623298 0.011376244315774 0.060563435818526
0.0598234745554634 0.0333181491256834 0.16753123070215 0.0143824515325597 0.197142122722578 0.224363622139555 0.00139423329301539 0.120399957379244 0.181644758549751
0.188233349802108 0.0471929812638255 0.139148649597217 0.0958375121864932 0.226331383428274 0.20119577653601 0.0519091294735135 0.00286225849155902 0.0472889592209999
0.0507771956330351 0.0913869858832315 0.0533525288366247 0.0303584846855753 0.300583000167447 0.0275872535685362 0.00827322539786435 0.211791360143771 0.225889965683915
0.137705198586286 0.0511732362533523 0.0754996951383065 0.154998177336123 0.152365910154623 0.182570779752605 0.176729066485983 0.000600168099081477 0.0683577681936403
0.173894027213011 0.158298322045394 0.123836108839276 0.0886292899663427 0.0434769192799287 0.0792572463378267 0.122130748838617 0.159846035986623 0.0506313014929806
0.116969764386567 0.119849663047167 0.0367315331706434 0.16530421811514 0.200853810212129 0.0910237742815911 0.0130120739864148 0.179397751197654 0.0768574116026926
0.144588764368023 0.120877446679171 0.0228184383337887 0.131636032930193 0.0460404609474528 0.137294202303734 0.101979025076869 0.131289240935904 0.163476388424865
0.122573623158447 0.0913068617917664 0.146377534372785 0.102753816689551 0.0927097534363782 0.067784911529292 0.181614405206987 0.0536638345639509 0.141215259250843
0.180135555917855 0.0308551508356628 0.0559856370036835 0.216482906202887 0.0515217631518653 0.149363473615129 0.210886355415975 0.0272332373675348 0.0775359204894074
0.0715827755152192 0.124342069932981 0.170358633890492 0.156936590515823 0.153157028223556 0.0819163856666197 0.0535129500228093 0.0810523985734892 0.10714116765901
0.17253932119797 0.132656992449695 0.00053623132680865 0.051936056329908 0.193223276762463 0.161361653791884 0.18288006682872 0.100368921136329 0.00449748017622197
0.0894884269873047 0.161895695385933 0.0356047898052556 0.0527581327964277 0.16442273812496 0.199707077214003 0.121275646118117 0.0927408978749086 0.0821065956930906
0.149367785787153 0.106321391333211 0.102526667848315 0.0991379176694933 0.147459294718905 0.152055377689011 0.0334654721822321 0.0804805525670471 0.129185540204632
0.175412487416033 0.142798553388918 0.0450434344855947 0.124660489684201 0.147571771556035 0.0387311624427884 0.0205101322824203 0.187104382489629 0.118167586254381
0.0705146808548257 0.112934302624611 0.0216009786662383 0.100162005744845 0.159608000206328 0.117819918152703 0.132107795343629 0.134758669401242 0.150493649005578
0.114967496959169 0.236929245379573 0.0734778014902406 0.0799237402383178 0.180938185294001 0.00918400639685998 0.0104512358638958 0.082560932533126 0.211567355844817
0.128498207199926 0.137166826645754 0.129789293657651 0.176348127100031 0.105281943559232 0.00521350710958744 0.165248462487414 0.0837211648189921 0.0687324674214128
0.0233133157622503 0.324474342119047 0.0818556903748709 0.058910729520867 0.0879825879076357 0.0375479657340396 0.253224279881517 0.00111624915714586 0.131574839542627
0.0293563398002951 0.171567706802573 0.0364614858665679 0.0361400376649201 0.0128364739988841 0.312860489876541 0.0356253073702779 0.336450322208909 0.028701836411032
0.0791379400393097 0.00658887161024873 0.0905289208280114 0.178685912477749 0.120471857845275 0.144930855881331 0.0992576140091437 0.012662176322377 0.267735850986554
0.144841716074949 0.0698171673926988 0.0320654679348562 0.073264549233994 0.187685685642762 0.189600167060828 0.155411021271642 0.0416900672326098 0.105624158155661
0.131502248518978 0.157947978333531 0.112978430465837 0.00928350879038636 0.0434518480961827 0.176194566494078 0.140581118300397 0.123453054777877 0.104607246222732
0.0444063510999499 0.124419091854219 0.170802266760784 0.024770824228588 0.146544356570582 0.182737362114731 0.118319320868788 0.0902629202063299 0.0977375062960284
0.0604982664977911 0.175518303376086 0.181127018361489 0.219964249975702 0.102867355474445 0.147242874062334 0.0360081382320896 0.0053202140719297 0.0714535799481349
0.0861599804614644 0.183363392144727 0.0178411956621773 0.243518379618585 0.0688965564954512 0.0948574563998584 0.0695778309650388 0.102061513500536 0.133723694752161
0.125698327145911 0.169318302619381 0.0498103614756601 0.00351414488820048 0.0957534826015225 0.171429373543523 0.138292580899835 0.109892224224704 0.136291202601261
0.0896013100235467 0.120648980590486 0.0199474737398107 0.0529665282622255 0.184852136165379 0.178764146699641 0.186033864284625 0.131366547501744 0.0358190127325417
0.0504539019435224 0.0178509114650853 0.170111981896373 0.0920981258153824 0.227410230751425 0.267589338274091 5.20327111482373e-05 0.0453291717712166 0.129104305371756
0.140447135461632 0.0285883283655662 0.0957654402939336 0.177628406558604 0.0626281884982078 0.155330932447111 0.0554347942411339 0.152724812420116 0.131451961713697
0.134516110603196 0.0511902161997849 0.156464838782418 0.0191057763992836 0.00870685922941928 0.270576391793791 0.00193295280893042 0.117542990105189 0.239963864077988
0.133476690884118 0.035075499347811 0.192863769572398 0.0385643605738206 0.0838309763683867 0.0530892217559939 0.047609134455024 0.248954192178539 0.166536154863909
0.0688065282307686 0.215802430936146 0.00289763535030372 0.0788358641183888 0.0235033549215582 0.0985826795856286 0.146301940525057 0.156311771847019 0.208957794485129
0.0892563204926077 0.0194678343315833 0.0263253619379401 0.170508490827659 0.0964036261770623 0.19564734846538 0.164663769958947 0.163161291001852 0.074565956806969
0.0751865652895389 0.180130593676381 0.0634772694071641 0.180124829881855 0.0103118633968584 0.172034307359121 0.196667884209024 0.0580459508379256 0.0640207359421313
0.147413094635174 0.118952913967528 0.0731389700524229 0.133779503120833 0.0601658616101501 0.160385195081637 0.13279222472933 0.0233882008713354 0.149984035931589
0.0454850737799288 0.121501496886464 0.0579877923829921 0.195173645937547 0.246231880383682 0.197786423433467 0.0174056150357347 0.031068738744409 0.087359333415776
0.0756047755270803 0.0292483474504756 0.235942839392706 0.0417664959144167 0.172264680928828 0.186613199279039 0.16125598721565 0.0226847765117646 0.0746188977800401
0.0279254181564934 0.165916621283223 0.208265219838604 0.00636614162609149 0.141632596470016 0.162354301041684 0.180905245029408 0.0168521424182263 0.0897823141362534
0.163867108293873 0.116974145566618 0.0963496101292166 0.019439643109976 0.146173495531416 0.106590237446267 0.154873989746408 0.00899967119735791 0.186732098978868
0.186912218811734 0.163042259476108 0.16123430400984 0.140174392505876 0.0702965892028029 0.129998275351839 0.0636644882988854 0.0557029607983374 0.0289745115445773
0.224162306650557 0.0485158736854155 0.0655033489125051 0.126914373062183 0.0155372615903028 0.0129335548097503 0.214726926562944 0.0434824629753466 0.248223891750996
0.167625255822955 0.0286662505086202 0.139424672756366 0.107074988712081 0.166617595322784 0.0641011278842672 0.0246408173676564 0.129985993754338 0.171863297870933
0.00688350476384616 0.187669400761904 0.0292529114614537 0.176066761280206 0.0150274258078933 0.0964930656294016 0.193527588192074 0.192363445808478 0.102715896294743
0.111395834907691 0.142132053732177 0.180871118831634 0.0447484946421082 0.0239762000342436 0.0123825703959822 0.15091821205049 0.138603577122416 0.194971938283257
0.119512018760803 0.10835652570652 0.135291606012681 0.154838369112569 0.0440224368504416 0.233112030538244 0.0371028811338159 0.0525949892695886 0.115169142615337
0.00988838561390983 0.101202459795022 0.17300866364809 0.158669523123901 0.0976797920351071 0.0303536624458558 0.15975237733148 0.169180369319633 0.100264766687001
0.228957261165761 0.0140066905743969 0.0553904241375154 0.0678771489175383 0.178047448753376 0.0865865576322053 0.0482881161246006 0.133168424060555 0.187677928634052
0.136595066457602 0.101557064564208 0.0946933668181089 0.0578447040825763 0.172627179729005 0.227897550899057 0.0447358877110936 0.0655976655259756 0.0984515142123735
0.0895460580504659 0.179651328757344 0.128124470236254 0.115340319376838 0.0869980060445441 0.174734426701909 0.0712980164268186 0.120482140218951 0.0338252341868755
0.0815760272047096 0.0191255391779529 0.0695437849000876 0.20252723864031 0.173998607799738 0.0163618348377701 0.155642705958238 0.079242985698309 0.201981275782885
0.221007621073215 0.0611673834915158 0.0837600746364956 0.116061759395783 0.1118129417907 0.0361365583385329 0.0337309048280455 0.170732332517208 0.165590423928504
0.119725579478192 0.273198489365462 0.00276996953257573 0.107610023804834 0.255961213988372 0.0238362951489716 0.0280344913857752 0.136839052099845 0.0520248851959726
0.0243495106775662 0.0219992951668935 0.0600592812787274 0.170581377229159 0.135403891933483 0.171652358721971 0.124185025269138 0.147135831579364 0.144633428143698
0.146709464281298 0.0616487990944972 0.12523842002091 0.133378381162117 0.207794580595741 0.122844189053942 0.129517128071323 0.014599747496194 0.058269290223978
0.232223205347118 0.173688192963607 0.0116798093454236 0.00258358276799281 0.0679562304102993 0.189349056582521 0.145738142661192 0.10299478165681 0.073786998265037
0.213515451193361 0.190985325260882 0.0421175950304915 0.00791028951150302 0.238529938302897 0.117153268097916 0.0724587406777404 0.0364466619547929 0.0808827299704158
0.16546193045254 0.110895633318238 0.0958512881047825 0.136980599712724 0.0297592501888241 0.0852089616784495 0.128295257318342 0.139617719096666 0.107929360129433
0.0305021270408844 0.17322956536072 0.158100425964441 0.110924856820861 0.115268724408833 0.141303844931987 0.073394544844381 0.0939528616645454 0.103323048963347
0.185762063588892 0.0687847892188671 0.20389371604744 0.0256087635700716 0.0264712113201577 0.101235276463073 0.0515469578425248 0.195265758548184 0.14143146340079
0.210044883464695 0.168221029293752 0.0179313019762555 0.0445445864948996 0.196498319108556 0.122924936525472 0.100480106887293 0.089822197158488 0.0495326390905877
0.123356299936172 0.238294287443671 0.126780194914419 0.269699917010052 0.026291183949577 0.0123052820458353 0.148903161522963 0.0197716762893483 0.0345979968879627
0.114727884892145 0.154001790789726 0.0702014132553677 0.0769160113182021 0.112084035365943 0.120876194554391 0.143012692445525 0.139294076169449 0.0688859012092516
0.172071370951181 0.0722823561839911 0.0175395106751607 0.0671549517268464 0.0103135037606861 0.0856619725157745 0.208865472312275 0.175802985679965 0.19030787619412
0.0900508006321446 0.171565481748074 0.102261993539723 0.0884977391097069 0.162049823854743 0.168451214672176 0.118599914020883 0.00702723175666907 0.0914958006658812
0.0438789081467854 0.00976675976314682 0.124078244323133 0.141747293614887 0.127852165028578 0.177973814851466 0.19332961670264 0.0912449376668289 0.0901282599025358
0.253933776257544 0.150875429234619 0.0368388727216993 0.0962593300551307 0.0565396938018405 0.00864813087501822 0.143851453687491 0.0230223469746969 0.23003096639196
0.160981211649545 0.12157384749542 0.139926402455591 0.144640577281855 0.150611542307458 0.0060910217429587 0.0778656943155828 0.0843279446476613 0.113981758103929
0.00221791956090702 0.117074081601016 0.104750177876102 0.180569330365414 0.287231037919099 0.01637734175459 0.0519675645938769 0.0355463776742198 0.204266168654775
0.0370281301377809 0.178028380242008 0.169018917850924 0.0490109813889351 0.160971225949914 0.0527830992233063 0.0724947456464663 0.119406420899845 0.16125809866082
0.103612938912473 0.0413325920058395 0.0940086320509191 0.182779185873011 0.136565018034613 0.163626089826681 0.131860435794518 0.0840838584911736 0.0621312490107721
0.196791641069738 0.0578883920664925 0.0855383131879324 0.0930719680419162 0.0913975976248123 0.128872978252865 0.221686210608719 0.108911934184983 0.0158409649625421
0.215596400125065 0.103076485685995 0.177540586932608 0.0027814132527828 0.102990324179168 0.164167645022084 0.00118955587144477 0.0807533754495318 0.15190421348132
0.143680728358238 0.134502866173648 0.0493648896236339 0.184233197488793 0.0369919340837335 0.117815057784683 0.0219162818904205 0.180470763836887 0.131024280759964
0.0129446693939877 0.115516485325827 0.115962177103936 0.0115702668584399 0.0293297568944757 0.0697191549717602 0.33839776328466 0.119028167597693 0.18753155856922
0.178362949046835 0.0630194082907115 0.117073400394263 0.0769748526402615 0.0119671340454433 0.17947490084636 0.170662767828492 0.135570793800636 0.0668937931069973
0.160598957812421 0.171899860266546 0.0152718663562584 0.087795253583595 0.177605702771915 0.0666697273832572 0.0753233316899872 0.141042427374311 0.103792872761709
0.185087429017508 0.169662030589282 0.0423646454104329 0.00137759075579972 0.132038644329376 0.176895822032916 0.11748792313508 0.0775973755516211 0.0974885391779832
0.210950058378737 0.0536009654103955 0.0510125505918924 0.13948305457938 0.22881162690315 0.0448414742801766 0.0200843892696561 0.107491010564595 0.143724870022017
0.185176613071218 0.119162516620533 0.0463793840054918 0.180420373719714 0.139366010883478 0.121036834973169 0.119028468313813 0.081859647636374 0.00757015077621084
0.131421561113691 0.202423098076423 0.17950250407836 0.196493403184237 0.102109462845112 0.0364177114181284 0.038976450330596 0.108811769620102 0.00384403933335033
0.114180543741531 0.182049383384669 0.0652600152419473 0.109347306549238 0.168179003173839 0.161793214907989 0.0282878305882015 0.0926547396934808 0.0782479627191047
0.00584644035735689 0.0146892168576722 0.212913944518352 0.0628390591668957 0.308027717514698 0.0676243599632299 0.27126823205176 0.0180087962021939 0.0387822333678413
0.00677052072030376 0.0678555678609296 0.0849792287012727 0.183983718249516 0.164178411340004 0.133048191222718 0.117338199404664 0.112191234035053 0.12965492846554
0.00648049530690409 0.154618336038994 0.0730451464332694 0.180943772145825 0.11247343780565 0.0852739109892196 0.169763441715538 0.0625781706035676 0.154823288961032
0.136040694118284 0.11713008951721 0.0266909253822605 0.119719016396039 0.116216896373681 0.116498425263548 0.113192016595552 0.135160011534644 0.119351924818782
0.228302482287369 0.0842898226510789 0.0201146574193236 0.027372133940148 0.0674974291231196 0.115031221406555 0.178176180792195 0.164427673552862 0.114788398827349
0.113946613594357 0.109657613513165 0.133032637352184 0.0445695397596205 0.158543407293638 0.150836855700234 0.175206290541796 0.108302345608346 0.00590469663665912
0.0859345128790134 0.0533208309772302 0.141511405303971 0.129746877003594 0.19943371950724 0.104795231522821 0.0752240361904321 0.121000128157443 0.0890332584582549
0.0697899046174238 0.187877952823366 0.188133917835064 0.0201226938043301 0.106515389617472 0.0800178500884624 0.0720720905580548 0.126349251124109 0.149120949531719
0.20345934789978 0.170860018975171 0.00665951360809979 0.161310859914822 0.175890796606248 0.0548650003118586 0.154028642469559 0.0590349971526497 0.0138908230618127
0.159746729751615 0.0775625352545813 0.0962306374844624 0.149783037473404 0.136221792861445 0.0808235466587877 0.0221550436754629 0.121385549391541 0.1560911274487
0.0514270718951435 0.160273318514458 0.157319014262925 0.135059094825723 0.116321232855147 0.0139729548237137 0.168644119611947 0.182226438964186 0.014756754246756
0.0865628111065272 0.172172298830484 0.0871098221404325 0.150178173646799 0.0677768149680511 0.122907301214275 0.0481127392028707 0.111783755755303 0.153396283135258
0.193821155009884 0.0534834925233159 0.023500986597528 0.161249206974451 0.050567005247156 0.189200916865626 0.0171967638861274 0.203507159162054 0.107473313733858
0.221217545003984 0.0104351339414783 0.0957254058679953 0.0225909994463233 0.00267277445655259 0.166734149900595 0.0894416084375291 0.171685283512141 0.219497099433402
0.0139110360666454 0.0490900559166652 0.122255839432884 0.136509198184974 0.217409422385632 0.186786230661003 0.0690775462424171 0.153731424320079 0.0512292467897004
0.147766688970097 0.273880348348766 0.0254737364619279 0.0646501997605928 0.0168264323968752 0.108833443687332 0.0537016209225494 0.302578036413359 0.00628949303850119
0.0332263502372766 0.0694856398612303 0.142860780626832 0.0793037277723072 0.192792600941041 0.0440812918095469 0.108083590841534 0.191787340325796 0.138378677584435
0.0885649684863325 0.260043985027815 0.0132279589100391 0.0447830991112559 0.197499963627865 0.12719072881835 0.131749394893365 0.0540684833152677 0.0828714178097096
0.00207559921800739 0.108962049022453 0.141634124434692 0.131462125982558 0.150458216479691 0.225053552283814 0.0207739490650378 0.152440368736913 0.0671400147768338
0.0836080388244906 0.0200643499430103 0.114933134575369 0.209780674391157 0.00971671388318679 0.211717934800666 0.117568337435228 0.15511683415319 0.0774939819937026
0.188212108562344 0.131822667810607 0.186721440402285 0.0961058539057422 0.152450199711593 0.0274835071043316 0.0674350236843605 0.024018113899095 0.125751084919641
0.157824425151576 0.107041205174053 0.176612588355135 0.194496130574054 0.0331851452384978 0.0529706132934738 0.0144948285782471 0.0659865492830784 0.197388514351885
0.134322278689354 0.106565627934931 0.0955832427639211 0.018807448476833 0.0510720968856223 0.104201173306667 0.185772893981738 0.216414594883548 0.0872606430773854
0.0361415049814999 0.100338822022781 0.182822162552742 0.222579019834172 0.0314302032207256 0.164668941030244 0.156895450377798 0.0171500447859461 0.0879738511940909
0.122113813966341 0.00686243616412925 0.147779997335848 0.0520180150802323 0.146903101389329 0.0899713783698563 0.176080538114983 0.191192584466341 0.0670781351129413
0.133372144648868 0.0754685266681782 0.0492877465739424 0.139725533902675 0.0472694100913577 0.169646009390391 0.11049560281929 0.187284961860361 0.0874500640449377
0.0382329673721237 0.231872467504941 0.21565544341232 0.0710771493986702 0.0494926214439937 0.0907956971093084 0.0978311428030035 0.0654618208971192 0.13958069005852
0.118508599131585 0.118600017894183 0.086648751547223 0.186895435834794 0.190103563569431 0.0649865330970813 0.0208884283470763 0.107850084601341 0.105518585977286
0.154090651559432 0.0397743001259648 0.0448880377272881 0.0896671605833312 0.149166513052252 0.10895405386562 0.101619371176352 0.155678071000888 0.156161840908872
0.0105576110982173 0.071689392752193 0.0774411837356762 0.0725001808785288 0.201337210010882 0.0760746034823799 0.216558536499194 0.216651058916527 0.0571902226264013
0.0612049642692413 0.0814174085456753 0.182548083953762 0.163078877287939 0.15460112256986 0.0437150118531796 0.197460933557496 0.00382940439547049 0.112144193567375
0.235754017339142 0.00778414613318243 0.0871122307674382 0.0845795218802008 0.0350779504432606 0.0879982520364526 0.0452677818157905 0.236531212200106 0.179894887384427
0.10865672973531 0.187099059174308 0.0290705243597665 0.144367554633207 0.142336075079396 0.158718782685764 0.166823188883346 0.0278079724072192 0.0351201130416833
0.129471739313048 0.173258981931093 0.0730274380915699 0.113081881738227 0.166215842276989 0.0137477810312351 0.0405965121119211 0.192513417531446 0.0980864059744702
0.015508013254293 0.0104129288501894 0.044108088334645 0.160197386790715 0.0858402524829923 0.183923191885957 0.124647283136463 0.178204128301454 0.197158726963292
0.103229356387215 0.0618158609977391 0.164508429157623 0.0646216304330702 0.154240963915821 0.266561014972384 0.0727796698832919 0.088112332880698 0.0241307413721569
0.11583146017358 0.0256470497824342 0.157036649731294 0.17892295758223 0.133209374529319 0.115211212114688 0.0479504591987097 0.19409622438934 0.0320946124984047
0.114993805173874 0.149863181622386 0.0455864773724525 0.0224298646908442 0.144980804166883 0.180016525463347 0.0792716232861623 0.173379353725605 0.0894783644984457
0.203137885899496 0.0399115670151022 0.0730315498224364 0.118318472991097 0.00306758222464598 0.190870183057969 0.103977627774553 0.0961501087784495 0.171535022436251
0.186322607881846 0.0748504117654069 0.239815576057665 0.043172090325309 0.04592361030047 0.129091421045904 0.0476579754804348 0.0278449179556901 0.205321389187275
0.0911058746726627 0.00478290341281883 0.00510384763110978 0.0242529236687345 0.15247515070898 0.177658194776764 0.176138964219556 0.153834509057719 0.214647631851655
0.204356654521948 0.0221371776375033 0.0429104848097873 0.0138606837934844 0.149197247676174 0.227283815316004 0.111741755948719 0.0746005982250987 0.153911582071282
0.00350866397053663 0.0237082641195302 0.103692624574718 0.166845856487737 0.203776064707457 0.166591656478046 0.11398949756904 0.0224749381257264 0.195412433967209
0.10601822208324 0.0070744691815276 0.00317437508124417 0.0816354232223457 0.111240382791001 0.257125319230664 0.211536353841099 0.026569020172381 0.195626434396497
0.0793646970485849 0.0459059010658491 0.00652659764691767 0.19883317634129 0.121761870360337 0.159076221953624 0.106889696947606 0.110946572230784 0.170695266405008
0.151463308733598 0.122619302948173 0.0568205631228159 0.123338738094246 0.0603028590028943 0.107255661572159 0.14487136261783 0.129391200085553 0.103937003822731
0.0233974502283306 0.0102528321213709 0.0216129314096208 0.00198449863114232 0.0482777231202559 0.292147144758467 0.200633874009524 0.115052285428386 0.286641260292902
0.177234227289123 0.103432326057668 0.166105108999912 0.0893947960607166 0.0436622013814768 0.120809631149174 0.0855811812945473 0.0261833668267893 0.187597160940593
0.0827899344488291 0.131855247615229 0.0667493671048189 0.197607792578935 0.208652590761712 0.031565150648722 0.0703182656382784 0.0789427561475298 0.131518895055946
0.163074848600441 0.0111415462390705 0.167834079962666 0.213441292011195 0.0651866250722293 0.104091022757218 0.0762896265825913 0.124602356089382 0.0743386026852078
0.240576861555013 0.141264494244341 0.00508806606445541 0.0821304463486712 0.0963699240479434 0.200747699953703 0.0798205855977461 0.147582332747101 0.00641958944102578
0.242401237480595 0.186991900038593 0.124985321086531 0.0518967382943909 0.10301056625089 0.124023772419953 0.0233706532680166 0.0364623841328132 0.106857427028218
0.00161226958559194 0.0423277689269411 0.0997029155782979 0.186269342456718 0.0648540880452335 0.120075441707457 0.14966200582969 0.196503929599992 0.13899223827008
0.0494004445392586 0.0605386293508326 0.15713170519405 0.0801141450191318 0.0718392445358021 0.108730361565223 0.0765775496704941 0.188349297948828 0.20731862217638
0.0724458123791255 0.154139807337737 0.182993268036422 0.181973302260115 0.135155971262545 0.0062141237505211 0.168338377777541 0.0653252635832686 0.0334140736127242
0.178364575547477 0.130246023572031 0.182991521312729 0.0598355318314667 0.173903657474609 0.106401410189751 0.0151156313312425 0.146951867185852 0.00618978155484216
0.125675643372142 0.127727382223919 0.0629676817010178 0.0520640604322465 0.134647545228519 0.0588453526755524 0.155257533914635 0.213988624104403 0.0688261763475655
0.0413949758975885 0.231258109958242 0.149931656610132 0.0285703331391363 0.195982410234005 0.0894762064197365 0.154004965995906 0.0943748214859048 0.0150065202593491
0.162773024538968 0.102239673239934 0.231854586250984 0.156994483024715 0.0678692581258753 0.0445874890593419 0.0309331629485698 0.197785661028228 0.00496266178338475
0.0149457966573676 0.110984222730805 0.174035325838898 0.00475978800225321 0.15749954338323 0.119355092146253 0.148249814940691 0.18033082358506 0.0898395927154432
0.0646896196225056 0.240366147658119 0.0846191245791254 0.00356953132542997 0.0651679313089441 0.14380559414366 0.18622487559598 0.07800621043049 0.133550965335746
0.16184542197215 0.198786428942973 0.0989123577348108 0.0700834753349382 0.0124391209501512 0.0401990715250658 0.163740103337278 0.0983497512657465 0.155644268936887
