0.142892636809658 0.148740087053745 0.331115475116917 0.37725180101968
0.111725139202988 0.087558253205259 0.538501951029805 0.262214656561948
0.217145194218952 0.226458933044288 0.390008243227697 0.166387629509063
0.0621415365726478 0.281140792943996 0.276929006388061 0.379788664095295
0.116051061801091 0.017033168061989 0.339462214689876 0.527453555447044
0.23975924657252 0.321665640922775 0.238450983296282 0.200124129208422
0.0140801116965977 0.450457094622567 0.157456445697364 0.378006347983471
0.213768999225244 0.282399876437811 0.104657653648229 0.399173470688716
0.275017112880546 0.00887006492354196 0.144958678799757 0.571154143396155
0.476767643711662 0.157708426669581 0.184089132332549 0.181434797286207
0.378586464964045 0.238831817747823 0.0507512431994562 0.331830474088676
0.1458416364226 0.411275712714651 0.0849510093704042 0.357931641492345
0.0340832398760151 0.07379806027702 0.248961331447598 0.643157368399367
0.100048290760693 0.075926988361121 0.390122208672798 0.433902512205388
0.31291629968473 0.356824676676342 0.123717573065366 0.206541450573562
0.603830559916081 0.339298198006025 0.0381914025619161 0.0186798395159779
0.0589015736145821 0.0777642250076636 0.395658787559893 0.467675413817861
0.142173446185393 0.337464667346355 0.15975440551542 0.360607480952831
0.213481990438243 0.380000314384909 0.18418734585331 0.222330349323538
0.0196990521418578 0.0772961580361392 0.704340012718885 0.198664777103118
0.272332958442228 0.240248380503775 0.193256233034531 0.294162428019466
0.291031665981921 0.398752100476164 0.285163290619412 0.0250529429225035
0.0979730082944274 0.362223757240338 0.0117867196367204 0.528016514828514
0.204474351439414 0.267144895106733 0.331871864961244 0.19650888849261
0.122807349088817 0.276754988228257 0.25558996367589 0.344847699007036
0.41382240207475 0.0372706940242769 0.126417340293388 0.422489563607586
0.470001899311429 0.401568026473925 0.0898161906260297 0.0386138835886166
0.257703033631011 0.0518828157903842 0.491211968336478 0.199202182242127
0.375046760028085 0.146453402519854 0.0585601095586355 0.419939727893426
0.251589723096918 0.571623265463412 0.0533850495963866 0.123401961843283
0.339489150456036 0.100496139562292 0.320218333824216 0.239796376157456
0.0803292337897995 0.355868357891772 0.232404591134981 0.331397817183448
0.268069274519612 0.300243498440587 0.288316835548226 0.143370391491575
0.0971597942885836 0.192660471516396 0.283308656402259 0.426871077792761
0.0198385117098223 0.353834212796402 0.176422296225267 0.449904979268509
0.381851710322935 0.243640696572981 0.329473702868099 0.045033890235985
0.363066272007867 0.327344001711477 0.277407321155262 0.0321824051253942
0.152879944360608 0.341267355312198 0.171623043518131 0.334229656809063
0.261954838269525 0.326570539956015 0.111263616434609 0.300211005339851
0.200869237030305 0.0664763858916161 0.637685981459136 0.0949683956189424
0.0209127249250632 0.196880588996911 0.650974684695649 0.131232001382377
0.31901347435226 0.223758579507047 0.343041049803112 0.114186896337581
0.175561554906785 0.228137832843529 0.230821045095283 0.365479567154403
0.321904386304589 0.224589314125476 0.440657043277092 0.0128492562928432
0.10961534158018 0.0415783145344314 0.475695256533525 0.373111087351863
0.0517261817299839 0.383103719709594 0.12050475489567 0.444665343664752
0.524127620477878 0.176005682750712 0.140936377132236 0.158930319639174
0.23925721136058 0.0477917773726566 0.28925961632466 0.423691394942104
0.295954535917234 0.331550692864486 0.0626665396471994 0.309828231571081
0.394363396941629 0.214473385651385 0.0465836231922264 0.34457959421476
0.0195184674496024 0.099120166354072 0.316831617810677 0.564529748385648
0.223429218278021 0.311972939970126 0.0577918537885346 0.406805987963319
0.116087699462626 0.296437718202876 0.251434690548352 0.336039891786145
0.174340349226284 0.359521586855833 0.123631737989396 0.342506325928487
0.379857290445811 0.297072121974756 0.204023476744929 0.119047110834504
0.2834947570533 0.157452197535652 0.421155551064048 0.137897494347
0.341517279317884 0.122791914495844 0.351538772279938 0.184152033906334
0.198683733770364 0.467696560930724 0.0684942725215137 0.265125432777398
0.415693895472528 0.174128374629767 0.231672276991721 0.178505452905984
0.547813262477634 0.322791635288593 0.0949778465241155 0.034417255709657
0.276588579945067 0.13781040681494 0.327854007209421 0.257747006030572
0.318038785976316 0.329793326073788 0.15261865393788 0.199549234012016
0.240364985349841 0.0636260374461784 0.339513218753458 0.356495758450523
0.18193282705306 0.370502485746441 0.332276008516035 0.115288678684465
0.592812382493012 0.0521539717891622 0.0259167235952102 0.329116922122616
0.0611783499321277 0.433302928355489 0.388417903391029 0.117100818321355
0.139957705317525 0.287559299041336 0.275648027261741 0.296834968379398
0.41175387653723 0.187365151574177 0.212107314488106 0.188773657400488
0.107119684290007 0.68703060716608 0.15001714722077 0.0558325613231433
0.317120076533409 0.0264531285313274 0.302625735798106 0.353801059137158
0.111487410736424 0.367162907733534 0.252377216571164 0.268972464958878
0.124924816151033 0.269871794400772 0.312272702257122 0.292930687191073
0.244451033653107 0.389205656443132 0.0258741777549919 0.34046913214877
0.280498587211832 0.0328782141989689 0.385418068520368 0.301205130068832
0.329311815908276 0.266262486080415 0.281792756370422 0.122632941640887
0.5596981939254 0.317612695425202 0.101441421169591 0.0212476894798073
0.00672321422846183 0.22258033829962 0.43552616648298 0.335170280988938
0.476313193505707 0.146852717394253 0.0277396720423872 0.349094417057653
0.0716478857412774 0.187980806083067 0.386374291880795 0.35399701629486
0.171467416936496 0.296154005936905 0.0538229358763823 0.478555641250217
0.171075472121832 0.343913146639749 0.056439959701851 0.428571421536569
0.095885618042291 0.205170593747001 0.107903671538123 0.591040116672585
0.200577351889641 0.114643523800864 0.401149069328369 0.283630054981126
0.00983559775240648 0.363519408541318 0.241470303296332 0.385174690409943
0.145811696712612 0.557053383017846 0.281338786181827 0.0157961340877158
0.177971057784497 0.501172155597389 0.243916345109239 0.0769404415088755
0.337649184660352 0.0470568020403507 0.431376639695846 0.183917373603451
0.128897041262247 0.342890482348114 0.152998739211428 0.375213737178211
0.00961700196419308 0.293726732499387 0.497406483386571 0.199249782149849
0.233441717085811 0.0878699936043309 0.0458380984182338 0.632850190891624
0.69197383103373 0.0897119680541953 0.209395968237192 0.00891823267488337
0.123443682094668 0.436009215096195 0.305869267509328 0.134677835299809
0.163027275880379 0.327158792219285 0.311569743633375 0.198244188266961
0.277286547720768 0.243511100932105 0.169648679904538 0.309553671442589
0.267975904761696 0.404383018355668 0.160507055515048 0.167134021367587
0.500706577035413 0.117361387315795 0.0867092339755625 0.29522280167323
0.0951251199498969 0.211459223951057 0.626410308603829 0.0670053474952171
0.380208586449781 0.0419470506266897 0.358046640546433 0.219797722377096
0.0209567115437076 0.230836562950377 0.24981813990397 0.498388585601946
0.42304999163084 0.428100642703518 0.0972595579277458 0.051589807737896
0.293471205458145 0.17437690854318 0.123399917051216 0.40875196894746
0.11082717302338 0.248429274406584 0.430593496839018 0.210150055731018
0.0965629990708569 0.472958332106407 0.245806367829944 0.184672300992792
0.130696639905533 0.456410734163665 0.0594880326220609 0.353404593308741
0.248658246553008 0.243050105555754 0.493077432734428 0.0152142151568103
0.118489788559094 0.355623155943801 0.460504475156775 0.0653825803403298
0.0214545147348341 0.414178288003726 0.160322228486182 0.404044968775258
0.51605542486346 0.353824108878752 0.102848322321549 0.0272721439362386
0.0825448702875224 0.388484010211754 0.314072367737491 0.214898751763232
0.3835621501001 0.0718218497802229 0.470125219696092 0.0744907804235855
0.28581196634625 0.554451944427574 0.0606196654984375 0.0991164237277386
0.197045635765476 0.275937233339002 0.261322790253233 0.265694340642289
0.522531880131478 0.100075494905915 0.27681523716665 0.100577387795957
0.294988072874202 0.23102017308085 0.286772975663685 0.187218778381264
0.312920680764724 0.101988271607639 0.202235917121793 0.382855130505843
0.274400648436592 0.251720577313081 0.200627854491715 0.273250919758612
0.495075349918135 0.275537982763857 0.107805710871274 0.121580956446734
0.213155690273654 0.247626163312259 0.339037474120169 0.200180672293918
0.0403279883298563 0.152884574345047 0.134461130839735 0.672326306485362
0.213283069628324 0.301071210355704 0.288229342854046 0.197416377161926
0.327101831042437 0.223988771992443 0.225040689897775 0.223868707067345
0.268408619227243 0.357938616061059 0.194571599782847 0.179081164928851
0.0377511823648269 0.379110814282468 0.298831603934996 0.28430639941771
0.288602683031055 0.341732646461656 0.31276869969106 0.0568959708162288
0.179055732148448 0.145534865534398 0.414003165302044 0.26140623701511
0.167938459642887 0.146558849434198 0.27949011002961 0.406012580893305
0.437621663468225 0.213362347244285 0.317492048027118 0.0315239412603733
0.0745647585702201 0.406176019800066 0.0618804416786003 0.457378779951114
0.184944722726785 0.352963768347472 0.257990552472654 0.204100956453089
0.0955359365023415 0.292642397099624 0.353962074664867 0.257859591733167
0.0943613962058575 0.229719674648682 0.295845871108042 0.380073058037419
0.397512050744483 0.0518844725700148 0.136171928482196 0.414431548203306
0.3025260134674 0.406872857698647 0.0462275903323897 0.244373538501563
0.051073921565847 0.202962932931084 0.383053262901917 0.362909882601153
0.213889607316606 0.32345099793925 0.352568403477232 0.110090991266912
0.350235570708043 0.104306861718381 0.0624823347736153 0.482975232799961
0.408614208740336 0.0909754061074495 0.476970973581426 0.0234394115707888
0.289740735879532 0.0703940776977635 0.0174115516212949 0.622453634801409
0.0127928592541057 0.735696891803305 0.13974126788365 0.11176898105894
0.43098485585692 0.0694263830314954 0.135401564160727 0.364187196950858
0.132955995896547 0.32383064047333 0.129587087160682 0.413626276469442
0.127573779208096 0.318960950856725 0.315726899422458 0.23773837051272
0.188934781354965 0.307643380150322 0.193908072589993 0.309513765904721
0.460290991759458 0.300839567899159 0.168557276628336 0.0703121637130476
0.295580342020527 0.208393921630123 0.226722350270611 0.26930338607874
0.143036288591741 0.368374103945707 0.323100431210877 0.165489176251675
0.20315738266444 0.480819586293873 0.0722359442134361 0.243787086828251
0.163535167357492 0.200684379955839 0.376322583475344 0.259457869211326
0.33535543430506 0.174333309737305 0.186144523101585 0.30416673285605
0.525059006369714 0.328826550631075 0.145382330126683 0.000732112872527872
0.350519544351668 0.0995176970512931 0.255950635596952 0.294012123000087
0.0610168637133386 0.359725306237218 0.286786934029285 0.292470896020158
0.212548598980658 0.0238984395637212 0.423971868174659 0.339581093280962
0.378536570886352 0.0181488857293969 0.161504478751833 0.441810064632418
0.0608393276943135 0.0981931721180841 0.474760594170233 0.36620690601737
0.148031417757239 0.0629167127271697 0.297285860617458 0.491766008898133
0.271882050054499 0.345103307812679 0.265536858308214 0.117477783824608
0.377074213783231 0.274713698827451 0.216133751028767 0.132078336360552
0.0359232825789603 0.424709432900152 0.0152852454899394 0.524082039030949
0.249661626261472 0.341245514560047 0.0988064893243925 0.310286369854088
0.374765056342414 0.00379532010696181 0.353246869480108 0.268192754070516
0.247225849071863 0.294259058257534 0.234011375731736 0.224503716938867
0.353498469467122 0.0224991037759994 0.410530026482898 0.213472400273981
0.40947274020549 0.0164417484183352 0.0925798155252635 0.481505695850912
0.059180775984513 0.157657913795989 0.540164857022252 0.242996453197246
0.270876220323081 0.361710751493956 0.144801536513939 0.222611491669023
0.218739080492416 0.0975771698675991 0.217803916436349 0.465879833203637
0.137134122088014 0.0828050473419267 0.339465473626807 0.440595356943252
0.0529302331733574 0.264605403523387 0.324506814184145 0.35795754911911
0.0789981237961216 0.226434949793247 0.329388024636102 0.365178901774529
0.404861517166676 0.100545657177668 0.348392926719607 0.146199898936049
0.322701593122932 0.132709858874065 0.320997885496565 0.223590662506438
0.305073493776473 0.339703937434937 0.336755008210279 0.0184675605783111
0.374798257177077 0.453662688449525 0.13600970904977 0.0355293453236283
0.234629414209431 0.276891899066931 0.193714940431117 0.294763746292521
0.214945897568638 0.268290844646804 0.196417905094962 0.320345352689595
0.19053948636973 0.297091139669151 0.369738879469335 0.142630494491784
0.335113415664725 0.291722216682956 0.123801862439211 0.249362505213108
0.298632851444169 0.04356755658152 0.550723543183124 0.107076048791187
0.0769175295992165 0.396211953664227 0.478704379231166 0.0481661375053902
0.243561848951245 0.387882778497577 0.211322665262876 0.157232707288302
0.149056092673128 0.390857024378402 0.117136864923549 0.342950018024921
0.115706972637341 0.227968701292244 0.277206618285465 0.379117707784951
0.380269182633434 0.185952850108765 0.353392776599234 0.0803851906585662
0.0916595968410904 0.299831479680776 0.163265110053667 0.445243813424467
0.161911152363848 0.230865916070734 0.194188103453443 0.413034828111975
0.0704185916491172 0.314119108419248 0.346879733051691 0.268582566879944
0.427236683554654 0.000908059349398206 0.362705539448393 0.209149717647554
0.207144632910404 0.0306931303418148 0.314484640120111 0.447677596627671
0.486246252542875 0.246459948074252 0.237116776552528 0.0301770228303445
0.263473558358026 0.514419966513407 0.0830537097910281 0.139052765337539
0.206161264662695 0.0931565675868167 0.0333228340733995 0.667359333677089
0.252064501130792 0.277195118299628 0.434515124088839 0.0362252564807415
0.425990941082867 0.125759797621774 0.0938575035940745 0.354391757701285
0.250188074560849 0.0249240756594898 0.167257653128169 0.557630196651492
0.213091984501648 0.299340984996522 0.208979853676122 0.278587176825708
0.0458649788563744 0.203217100641489 0.37337091837286 0.377547002129277
0.249396298541282 0.40646184474924 0.071070882367217 0.273070974342262
0.289833397406904 0.309859107899313 0.271389896285606 0.128917598408177
0.00211465259250886 0.337113380155512 0.399349056253917 0.261422910998062
