0.12512768541555 0.135914512610839 0.110909708689331 0.136204049037303 0.10759835578316 0.010840167499503 0.17527982613317 0.0116861225956362 0.149858893198207 0.0365806790373008
0.057340477351853 0.208765659656486 0.118726561351442 0.145612594040467 0.0289118751294686 0.0648750715701179 0.00713623276775416 0.234292017164504 0.0317810298086989 0.102558481159209
0.0340030749284362 0.0550919742683219 0.00253370461412662 0.158050134196051 0.014479352498598 0.235192860373406 0.142802307687513 0.114881754274538 0.0821353771543255 0.160829460004684
0.108664463696615 0.143151805210896 0.159123596636351 0.00685165261294857 0.0618813630804413 0.0888528617485347 0.167958256822653 0.152604356678604 0.007771876439417 0.103139767073538
0.0759571677348534 0.207599870942635 0.191107609346421 0.0475265487118124 0.0568759830399569 0.19842672460644 0.0527921926051388 0.0177698930163701 0.11176849153324 0.040175518463131
0.124765953980285 0.0774263778762906 0.138503142284696 0.117454119624556 0.0397673196192792 0.107574737184143 0.122324735220446 0.0778341134370788 0.157260636481797 0.0370888642914283
0.074919718055565 0.153222799276195 0.0854952743839357 0.189700476339377 0.0119182408413598 0.0720471605529196 0.151909631530363 0.0433305932736183 0.0469458138491609 0.170510291897505
0.148505337223776 0.126122905321302 0.163909596782524 0.0809548754450761 0.167375883933063 0.0421950875066409 0.0975669262067746 0.0900375908811684 0.0647693792617204 0.0185624174379541
0.00589784143092944 0.00113643994619774 0.0186341843207158 0.117874517836246 0.185393559259129 0.122800680851533 0.137600453587624 0.0906541297552845 0.144671881599694 0.175336311412646
0.127777216820592 0.0437417233134067 0.180097409479273 0.120203998449445 0.0670561497703196 0.125313795104109 0.0949321567076454 0.0571709057657245 0.12900255865459 0.0547040859348952
0.0942905330461561 0.202756610189223 0.0508477272089506 0.0835852520439535 0.0805411793540305 0.117088674951026 0.0475429545313018 0.0981170450817982 0.0417969515259516 0.183433072067609
0.144729147610948 0.119297832186693 0.0265146876253227 0.0502759349128628 0.131507397712238 0.0317691957783641 0.109577578603391 0.159838708247311 0.140877329949323 0.0856121873735471
0.0684881337625309 0.163529439668228 0.121837173932307 0.220616756901535 0.175368680904674 0.133961856598463 0.0262432068998796 0.0336581039853168 0.0276734251181975 0.0286232222288687
0.13431446311887 0.0986667061578478 0.0538613662637147 0.041455536852716 0.101470831867542 0.165226286624479 0.0389634858580343 0.0813977980828981 0.15494986615175 0.129693659022148
0.182730465128183 0.164827983644013 0.0692288258574901 0.0507846790266794 0.148695385292712 0.00557944271309268 0.108693606026287 0.0124349072023055 0.082970253866298 0.174054451242939
0.0719804674227994 0.212335078895972 0.174250821648269 0.0173646434273778 0.0474592466011642 0.0753642789915115 0.0673050404025453 0.0279668674634419 0.101682719712375 0.204290835434544
0.00751276626979886 0.110143787435997 0.154316177476045 0.191716130245529 0.190074919963282 0.0288955252604445 0.0121182319840373 0.139569176635674 0.0682562812837593 0.0973970034454327
0.0205644804188125 0.218663210701966 0.04618204601245 0.0238546750848432 0.0483036632715755 0.078678488282679 0.00117623671674945 0.144204279398537 0.275739813469454 0.142633106642934
0.107372259674603 0.025315364958462 0.121445691277624 0.0486986761677454 0.181928675438295 0.0190122346548521 0.14578644855139 0.213753497482099 0.130165109990437 0.00652204180449255
0.0650139640478442 0.0370457255650862 0.0682089334338084 0.153496441127027 0.0608404083693634 0.175183200175446 0.0239371081509025 0.0977130129951951 0.17670655653174 0.141854649603587
0.25128963520393 0.0544180249815162 0.16955152790789 0.138123032501614 0.11818671226621 0.0214689712624492 0.126212178175121 0.0195931662743388 0.0480939978466508 0.0530627535802808
0.197670108445544 0.0879491587523059 0.132417964379889 0.163259936450133 0.00105314728420717 0.120496107309948 0.042106855725319 0.13686132933148 0.102378109520884 0.0158072828002901
0.0564858113418002 0.0994452421301068 0.197206180340451 0.0627157281827474 0.149600714655659 0.176125586104445 0.00128226617054383 0.0772644996318529 0.171831291617999 0.00804267982439432
0.0471017856291143 0.186368963073593 0.137201425258307 0.0249502856221295 0.0595747615830957 0.159796675643234 0.106074288203999 0.148608143342181 0.0908727949526361 0.03945087669171
0.161949313974453 0.15230978410153 0.0608536894482694 0.0587047340305768 0.0263676672060349 0.0682301108339752 0.131532674045668 0.175048185091504 0.0776623444624569 0.0873414968055309
0.125195406269363 0.162353049746237 0.0325336626462326 0.0377753234959175 0.172680220095005 0.136077191762222 0.0375930428877678 0.145223574063412 0.141026921846998 0.00954160718684583
0.222142998039424 0.0154433925024248 0.0938176426815625 0.11175407683426 0.135457315066216 0.0518988062831069 0.227583825129344 0.0110433845718986 0.0321139772254784 0.0987445816662843
0.154683866527646 0.109387518681638 0.041838156255782 0.0801877359343388 0.143881289814516 0.0833177243086627 0.06478915312845 0.137149535636304 0.0990962445540067 0.0856687751586553
0.0939080785989449 0.0235029642249371 0.0974043861701067 0.0799165637603698 0.130973940879793 0.0707177877558812 0.0864007712052735 0.151934083648986 0.125246500262183 0.139994923493524
0.121367189682223 0.0125724603667068 0.130026368959945 0.0379252038475627 0.0173758404065663 0.245303672736157 0.175473962002862 0.101127786628261 0.0732980326644094 0.0855294827053072
0.0363088503994067 0.193227641797328 0.204072750442966 0.164760629948273 0.0785206660375807 0.0213991218914818 0.0774235753079375 0.0736229435846578 0.0148462049943476 0.13581761559602
0.138082256746631 0.00581893707776066 0.114390477176676 0.164321518600935 0.181367655669988 0.0297110926481134 0.165087186599286 0.102311342381138 0.00192434174787143 0.0969851913516017
0.00990818788420359 0.142451730792071 0.125842511420944 0.141668813667402 0.103704657398753 0.0960594665641211 0.04769772897927 0.153819714187573 0.159369104542847 0.0194780845628153
0.141355499135096 0.00868424360273348 0.18711197076459 0.0413115831448934 0.0358521181836863 0.167179800324388 0.10445843308341 0.136732845065932 0.0908746044792963 0.0864389022159753
0.0954359734887122 0.270686496982318 0.0167915310737153 0.179626687998873 0.0732234566783963 0.232481524454914 0.0253493681552436 0.0474449067637875 0.00103059922790123 0.0579294551761382
0.100731442729309 0.0951246674890793 0.175308809223146 0.165628027220768 0.0116216229369465 0.0521108721753265 0.0761494329065499 0.171358388816427 0.0184041127446522 0.133562623757795
0.183269082557156 0.00803923833451609 0.0705671629906447 0.0219307362121333 0.255584155173651 0.0514963060779451 0.253764072414526 9.35563952825386e-05 0.141782339811302 0.0134733500328432
0.0742906776107511 0.179316244314293 0.0190986267694685 0.135981707351769 0.100858559736031 0.0750508315148975 0.0477549556702039 0.0754763932837185 0.133279878004865 0.158892125744003
0.00194247761482138 0.135626663555745 0.2229806303557 0.15152381027943 0.0977663577797278 0.0212745343310661 0.0816871658544189 0.0932068850195305 0.082783450842843 0.111208024366717
0.124594517072721 0.10024752443159 0.137348022615192 0.0683070433727002 0.0429056591893675 0.117358066748256 0.125915999860282 0.138402123105611 0.0183527050706764 0.126568338533605
0.141069376757962 0.026852162158684 0.0928838544136771 0.0363783998990833 0.172532855341807 0.0052189638811188 0.00189898029517811 0.200188394537468 0.123668351000505 0.199308661714517
0.0856824564757814 0.0192370745872298 0.186663189482641 0.0679014289100799 0.0684117577616379 0.000622206865592119 0.19580967708679 0.202157779573263 0.0790757419605756 0.0944386872964087
0.226219918105171 0.0204649531143193 0.13024442731469 0.110231290735792 0.187995492043829 0.124820066837766 0.0700492663913082 0.0894007925112044 0.0364825463435147 0.00409124660240418
0.121836574064463 0.092944079262729 0.169508992951339 0.0892820091632287 0.171241791723502 0.0535894876585365 0.0999947005577454 0.133042011650055 0.0666704548017826 0.00188989816661877
0.146665125429378 0.0714301244980228 0.0525102348947379 0.195718427169507 0.144271150333356 0.0478842894474766 0.0542186626108224 0.128783239661763 0.0558581796618745 0.102660566293062
0.069615126335354 0.00515627291799573 0.0429090312378055 0.2024904261791 0.0661284981138845 0.142025498258145 0.07726932045142 0.169254986081839 0.0460926809511798 0.179058159473277
0.178901943321042 0.0254946705560399 0.0697233305298514 0.126569102128417 0.0527970466785863 0.164672454908656 0.165617744180255 0.0585171624216659 0.0233622324490097 0.134344312826477
0.166755167363872 0.059371315778464 0.149306331074624 0.122434404788921 0.163518233969736 0.0719719393008684 0.0748833029930337 0.085245099730991 0.0838409699770747 0.0226732350224158
0.130672424732827 0.21646144156409 0.118709576277898 0.0305661642963776 0.190513560368568 0.00602878556668252 0.0913372041281729 0.0297298592466005 0.13059352277151 0.0553874610472738
0.0985884134014314 0.0610083774797292 0.123837171698167 0.160021808196751 0.0356750296822165 0.0308826556219868 0.165999791691033 0.109220637577297 0.155746905014658 0.0590192096367307
0.0966815388521878 0.0143070046437901 0.0692028056098023 0.164689132973211 0.166234666284831 0.105266146234808 0.123627475621238 0.0280763741552196 0.0842801178114356 0.147634737813477
0.0344237390505088 0.0502167278728661 0.170882627186231 0.114394868857379 6.74077367060255e-05 0.115446997440507 0.106341325915905 0.0767155708941899 0.165742040664345 0.165768694381362
0.10898244818222 0.000950472025472634 0.0714333246073161 0.19046577142794 0.0899036369511736 0.115556052825252 0.163533621800161 0.0902450646515945 0.024313542884689 0.144616064644181
0.0663686426158287 0.00429817723558955 0.141388616006371 0.114307841563366 0.122874756048546 0.126060339441609 0.178393019312575 0.122819616508717 0.00298720012264262 0.120501791144755
0.143429199979479 0.0324688637607351 0.194043112522408 0.103842813862444 0.0327829317239759 0.0556074031715628 0.15929155489307 0.00393535052757021 0.137796265814573 0.136802503744182
0.115407032447529 2.60136188128734e-05 0.0840910151361241 0.131334924957738 0.0379467435596647 0.0841056732168995 0.125438409412204 0.180805364256215 0.0265557300046715 0.214289093390141
0.0203867079479392 0.0852283545467266 0.131457891759418 0.0790978048363949 0.173666508217216 0.0807193557701238 0.0952283780689933 0.13317863721182 0.017924115416268 0.1831122462251
0.0890767873298395 0.152759201459197 0.130557776172582 0.0171999290762871 0.111366837352414 0.0512122047998367 0.10929090436442 0.164604846904176 0.128297479796907 0.0456340327443407
0.179316311618027 0.10772685607503 0.133869167297546 0.019451871361734 0.0384516423069969 0.191562232440229 0.0702681434048991 0.0544508859414216 0.187499378590743 0.0174035109633731
0.161327671449708 0.0255552736875586 0.116868341260391 0.144697429286224 0.0324230400052968 0.0322637891257156 0.145342320779345 0.10007980809523 0.0993076498056803 0.142134676504851
0.187347236472113 0.0722343138037397 0.0364362624484281 0.0673007414929084 0.167060342166811 0.164919761600803 0.103007080198278 0.00644495058479575 0.077862432349592 0.11738687888253
0.117359877030289 0.108538066258153 0.0816052992392009 0.0345791390176675 0.0405227619324192 0.0722217969123577 0.159365234352957 0.0835457839830096 0.148336587209947 0.153925454063999
0.0247734717057331 0.194808134123282 0.0618604680905932 0.0854951853963565 0.0457321598122816 0.141604724538405 0.142794882016312 0.0480265860033062 0.0832240501658197 0.17168033814791
0.181468546894149 0.131802469951929 0.107835410475611 0.0400087844487324 0.200141487393087 0.0655803636594787 0.025249600947273 0.105980907725166 0.0582727645934761 0.0836596639110982
0.060883598962734 0.101276921907826 0.222965928226509 0.109213809446229 0.1167486400466 0.0845215527396051 0.0122314791806189 0.0309135161980304 0.20245878152539 0.0587857717664574
0.102560539355874 0.0232226902290069 0.0908349746363715 0.148641624282615 0.192381086358599 0.0341461466944406 0.0724235872585783 0.0699159003362445 0.199016712061909 0.0668567387863612
0.116588223375344 0.0331365244784673 0.0283566110588612 0.154156671377629 0.0972147750823882 0.00866524252202043 0.173246052372959 0.14059091830673 0.13733405558749 0.11071092583811
0.0999539248846544 0.127486376613598 0.180082825021884 0.0838402769273198 0.175248692060438 0.136677052032904 0.0134892398892392 0.0496066113608395 0.1037977379929 0.0298172632162225
0.00735123041392262 0.0871345585277228 0.207977897275698 0.10750330165712 0.19030315893174 0.154463947414597 0.00865663944287029 0.0709351037484729 0.0125871264973985 0.153087036090458
0.1584177087414 0.12103769320896 0.0776201900278214 0.0581392923269164 0.0387882667035543 0.0601285926665726 0.115994793299412 0.232254084928113 0.0185005499621049 0.119118828135144
0.0478232306079537 0.0548894910243057 0.0307811390896806 0.170231817668122 0.109790233495885 0.172071834890474 0.165860502688649 0.0805728156882485 0.0410040351173376 0.126974899729344
0.016121969046872 0.0833242382691484 0.0248730981862372 0.0965333427870492 0.153056269300995 0.116889982230089 0.101156777754383 0.115417273256923 0.135905323666641 0.156721725501662
0.157640744105168 0.14614823995551 0.180787971130447 0.12597778001965 0.00090986314590616 0.0671619129994126 0.156203551738315 0.00304959038382553 0.0779064885631724 0.0842138579585935
0.118442680361871 0.139945438557298 0.0169231617000078 0.0400162359698783 0.211001406467311 0.0780887433685927 0.19292720238723 0.0333836994537293 0.035160707107542 0.134110724626541
0.113246022295488 0.103744699689618 0.114266872574692 0.0232928955598615 0.0915295679300442 0.0845636986665337 0.105674184798228 0.149476629468624 0.0874154897561868 0.126789939260724
0.0561968696975805 0.1583275878272 0.155042193566475 0.020451428943372 0.188661709710464 0.0737034548766289 0.0109037732275712 0.110489475224279 0.219660847949931 0.006562658976499
0.077971193545097 0.144087726041671 0.0154313734763878 0.17805164252463 0.00247110594119322 0.0933998713609591 0.133013779059991 0.276193035536221 0.0201686870955702 0.0592115854182793
0.118152636542076 0.162017520079312 0.138123985740978 0.190416835041301 0.0767006537822039 0.100277919008765 0.00255800884658506 0.0195046514876139 0.0470493060244372 0.145198483446728
0.0331524033569106 0.0574318814202305 0.182801702984771 0.120776740088228 0.0743838459052482 0.192057091022981 0.193460122011433 0.0721610732296925 0.064843059119196 0.0089320808613086
0.061828970733965 0.0853210924746494 0.11068175976135 0.119137945179798 0.120329525644124 0.066701918780423 0.090637016102634 0.0842832058197837 0.123065004837837 0.138013560665436
0.048560254111955 0.168605364942796 0.106922132292909 0.154436082136514 0.106293709788317 0.146463940914606 0.0138429293030572 0.0254677371383513 0.0665978829305176 0.162809966440977
0.180344277100453 0.0459643533462607 0.148107821586678 0.00697766141464488 0.0813537413436875 0.112493532627207 0.119228649660451 0.0931820323233696 0.0441810543567845 0.168166876240463
0.0488921487244254 0.119593153374232 0.126765904552357 0.151317498734113 0.0138215676740159 0.181412715324176 0.0280967817839662 0.0776772399540566 0.166811861237159 0.0856111286414991
0.171840136659413 0.139584991217994 0.127211028121844 0.162302521395506 0.104205042045608 0.0498238787065393 0.0190623785262018 0.172101917996816 0.0262618029476375 0.0276063023824415
0.180463962955511 0.169320782829665 0.114695258426881 0.103591837442925 0.16827170760478 0.048254809265514 0.135629081664051 0.029127026572333 0.0061198068695943 0.0445257263687464
0.0167004230382044 0.141449220434236 0.12546799277889 0.07358525448322 0.112208717832202 0.0795469948609159 0.144004320152228 0.0396912371367422 0.14147766341077 0.125868175872592
0.118303965342884 0.00907011678043013 0.030184629174224 0.140858420741994 0.119559901863976 0.173886630147247 0.0456026025018002 0.131005112492426 0.144392142841045 0.0871364781139737
0.0251154022372372 0.0074954416110025 0.177977284613615 0.000748569239455453 0.140092808594974 0.140545191948541 0.235003711488665 0.155504237603012 0.0915890839906875 0.0259282686728095
0.073635198624472 0.0993744520586568 0.0586758844132529 0.0242053509721634 0.139834394956477 0.0935911455545293 0.2059308824297 0.23316372753147 0.0657731873773524 0.00581577608192621
0.181363102478249 0.0820315824036453 0.157079728915062 0.00779832740136284 0.0660615985685733 0.0848724995339019 0.0981720689919502 0.0871322897761811 0.126997816068021 0.108490985863053
0.102858410061694 0.0475763310443591 0.0380242408403617 0.0709642370940852 0.026178577148939 0.135899666190496 0.174702593253451 0.0795490477200154 0.171873909058159 0.15237298758844
0.00536938802781865 0.109620767988876 0.163317859971401 0.0885325645035313 0.112404520477545 0.11001242360031 0.0869757920633162 0.111151411029127 0.0993202964462345 0.11329497589184
0.188365449458825 0.0161325804941225 0.107527431897664 0.102740588029912 0.0411249299018157 0.126045242045251 0.00156807738049166 0.129457105440328 0.131090944156763 0.155947651194826
0.0102219303244694 0.134008365591477 0.107920489872913 0.156810226001761 0.00632456337743104 0.159583224198012 0.14916101800878 0.0397809398003093 0.194351422064359 0.0418378207604888
0.127009947752272 0.142099927120869 0.0680055020046262 0.0873683134723118 0.0339090845775284 0.118785348833883 0.166607691114333 0.168982879740259 0.0391816935229797 0.0480496118609378
0.172614078597741 0.068264291609628 0.160514684279092 0.124870199942683 0.0556478097919009 0.032655368303191 0.0778476214091016 0.168615110630088 0.0983068037718251 0.0406640316647501
0.154354429886964 0.0421875440347994 0.0971351233446055 0.0843406664379265 0.179410897776622 0.140712900681959 0.175625530857058 0.0108249937588676 0.0971204952194723 0.0182874180017255
0.0340320903689172 0.11009015940743 0.199134966940464 0.134405006464529 0.168267745606352 0.117393820930453 0.0507187426070668 0.0389877379612561 0.0174712251960689 0.129498504517462
0.0428790821110112 0.0901247122889716 0.125277910729729 0.138668565850564 0.0862596920150284 0.134496036136625 0.0826147973031516 0.0628934153388399 0.118935109443968 0.117850678782112
0.0294413724284353 0.0849376473263325 0.216212951477681 0.186278082360926 0.0195988903219161 0.219486565967423 0.0832068936005518 0.0314212876318849 0.0962060642025825 0.0332102446822667
