0.250015049660148 0.0272567242473746 0.113786382472862 0.0471701542382634 0.071272663078027 0.184484159078507 0.22407808723848 0.0819367799863386
0.0663064243637031 0.124537491738612 0.228234672331568 0.240051619486708 0.0340010096913282 0.0521424839437962 0.10184734229909 0.152878956145195
0.0993569848548625 0.237181671655207 0.10352998059975 0.0796818738193385 0.081361400907009 0.102154171279937 0.0914225310236735 0.205311385860223
0.191910723818053 0.137244161423106 0.156006182556473 0.205119989530254 0.188029983485039 0.0911894932158973 0.00129007738485363 0.0292093885863242
0.0878937072190653 0.0970079639962969 0.136647777086736 0.113872125972247 0.0963980356429416 0.165512000996993 0.164959776767665 0.137708612318056
0.107714149395213 0.195785754378252 0.074195754488434 0.17957726209626 0.13260429259912 0.221322450156563 0.0505950486012827 0.0382052882848761
0.04753311082654 0.243532794076105 0.196003248755449 0.138921228973637 0.058890633827836 0.0959437028853491 0.170097641198716 0.049077639456368
0.224684333653841 0.0742828425997324 0.0958445546515404 0.0462676384749376 0.0101744565042506 0.351485126188133 0.0468537717264909 0.150407276201074
0.210126234617224 0.120456628453927 0.109447938624658 0.139174632486663 0.0193158942511485 0.11149810040116 0.145304705831331 0.14467586533389
0.177821258393528 0.145448575240084 0.132267645346665 0.0633069460183832 0.0836745003077282 0.178812808077321 0.108542952182103 0.110125314434187
0.104008030509548 0.326458910295401 0.0853242337505186 0.0126907652522228 0.0990633692591429 0.0900377598495436 0.000799858404375206 0.281617072679248
0.303088712009486 0.0367237853499617 0.0534073010649502 0.0336628838138584 0.0408431713209592 0.15311096665473 0.187819431862762 0.191343747923292
0.177241784750456 0.169690946096803 0.131336418191526 0.167544461882352 0.132131678850216 0.164794904502119 0.0337294969529747 0.0235303087735537
0.31752440971703 0.158040605411274 0.0198574563509334 0.0246091862783716 0.0139542716957166 0.195910173117547 0.176556534359675 0.0935473630694526
0.267012550161377 0.204332827338274 0.183939910093942 0.0973521033085746 0.0553734775529138 0.123291161500891 0.00433510958497084 0.0643628604590568
0.0816461659673803 0.123642707015553 0.164230536767028 0.196229995513771 0.0698615561379895 0.15263662989104 0.133821777666431 0.0779306310408082
0.132674996527471 0.196503701874723 0.181653168318293 0.186068028193007 0.15318059105258 0.0802522982812045 0.0411924628519806 0.0284747529007397
0.116443624777142 0.25097642622091 0.0255871084928652 0.143172818272526 0.282896147031846 0.118511787424841 0.00876304887277354 0.0536490389070966
0.122011730025363 0.197148321781516 0.358916111953453 0.0221491855028575 0.00297014410369498 0.0723047039542727 0.0239753476101169 0.200524455068727
0.0935622040699009 0.0984349366792369 0.153587647127907 0.0232267978057241 0.150991261072108 0.160226627065947 0.162866701909637 0.157103824269538
0.130100692184519 0.0434999625436661 0.00231953845106095 0.120416777714327 0.0758497017201065 0.407175061084728 0.21755083034314 0.00308743595845243
0.151454545733752 0.0757320177484156 0.0664584175939487 0.224584890792349 0.156187263138931 0.0465982601019961 0.118331100663837 0.16065350422677
0.138714796645302 0.182486211415847 0.160785066836405 0.111254917090548 0.101115429808291 0.189331322605409 0.0477588080909518 0.068553447507247
0.0883814305717193 0.22382466536932 0.0829998047645549 0.136742437471036 0.0292599754365462 0.105370645949521 0.272457275182057 0.0609637652552456
0.122473218727922 0.151899027154367 0.0490548941197676 0.0962575624855242 0.189859151279014 0.119796483158968 0.042569778320309 0.228089884754129
0.00353045890421281 0.192549448362603 0.256952579870722 0.023542518615387 0.164702762549659 0.1947824780525 0.0334058782473856 0.130533875397531
0.211456615477796 0.077121455596816 0.19831630484404 0.0203765069336227 0.251361225940952 0.0300660806851506 0.0818821025309333 0.12941970799069
0.0421759374058041 0.0843355987994042 0.052664863801776 0.0375080926683366 0.277365248388303 0.211411366914116 0.0951155314228508 0.199423360599409
0.0333033135744491 0.142650449621201 0.137562004015528 0.213000547616708 0.0972321984335276 0.0882442372025885 0.225101596568092 0.0629056529679055
0.0331480444916934 0.0665763030274199 0.0699759865170553 0.20078191869183 0.197418158533559 0.157055605776338 0.0295593541953512 0.245484628766753
0.13594928029196 0.046387275287243 0.147012304986589 0.0659489734651774 0.17197460980784 0.156039001901859 0.207585986826864 0.0691025674324679
0.0781972455632156 0.0299214437121364 0.0822938519666203 0.128227722814281 0.159171311998653 0.167276686463445 0.230800460240528 0.12411127724112
0.03855261243452 0.18841204378574 0.240664519940875 0.0663871306904597 0.0593628309112574 0.0658346675336004 0.102991803185314 0.237794391518234
0.153983980521556 0.0206474182939006 0.237310657358458 0.221629410396574 0.017347419427246 0.177997921446621 0.155010004003276 0.0160731885523675
0.222036900707826 0.179715832350417 0.173130714612133 0.132484344423809 0.0130496745176587 0.152514787190546 0.0396758026626828 0.0873919435349278
0.106624110944981 0.220758694959723 0.147799391360136 0.0999878778479923 0.1712385693734 0.156828975150045 0.0821502689021212 0.0146121114616013
0.104544078316671 0.0285758105410533 0.0991044373726306 0.0545124479340522 0.259564420129244 0.0603967064674583 0.140106624752849 0.253195474486042
0.0382031407743714 0.237220483138679 0.149224917205203 0.132278099805067 0.034212124109417 0.100277612451736 0.0150715398883893 0.293512082627137
0.146015721682889 0.105285891521573 0.0096799599862026 0.176897155045759 0.13411772044125 0.0591893814265587 0.187996213128845 0.180817956766922
0.207753645983829 0.0381843220735498 0.0220010443605487 0.07485156404951 0.226141190635926 0.134836435386894 0.227016139523264 0.0692156579864788
0.199865350452625 0.0123525497615582 0.0799553455050013 0.00426794031882684 0.224136260849075 0.255132941115705 0.0137341087498124 0.210555503247396
0.0422229627702575 0.161722146916931 0.13217089921762 0.194738628551999 0.0369399425140872 0.0384548657705697 0.180684103330419 0.213066450928117
0.0786899287401158 0.104184219811324 0.16187125112356 0.205222960717144 0.0345349387480053 0.0828632184504707 0.212922565951549 0.119710916457831
0.169251294868727 0.121756334185666 0.04719608440134 0.179135128007347 0.0919953382521485 0.172674000657753 0.0296174178583255 0.188374401768692
0.131443935195253 0.0987811583946919 0.0646624101158734 0.163349735503697 0.0291204922630677 0.233269819523731 0.118354838234361 0.161017610769325
0.0709467390001578 0.183312907389467 0.0207085852907518 0.162694410700146 0.0902991056469094 0.196049497416215 0.12649050243114 0.149498252125212
0.00852433431334945 0.0180848865880821 0.236577045721406 0.149815454197191 0.19830687525222 0.00595377357977379 0.127431305465885 0.255306324882092
0.184661408679144 0.084194766941416 0.0869190841498497 0.0917590614853456 0.143197485894356 0.114091652206811 0.204488182233731 0.0906883584093472
0.0583026533681214 0.160756301178689 0.17038677002856 0.00699559896303524 0.19204164534812 0.104082134878054 0.127179165196009 0.180255731039412
0.107530057217921 0.187696328647919 0.0233989740229568 0.115744752351641 0.110436974926479 0.178095345920494 0.137811688676687 0.139285878235902
0.144686967183386 0.144815459691774 0.177252474055226 0.1542475097524 0.146910666730634 0.120423660419664 0.107314394930371 0.00434886723654436
0.160097748147741 0.149848816778994 0.155534744240002 0.205177636924402 0.0168661646828009 0.00838778178186231 0.204602557308515 0.0994845501356833
0.17757115295457 0.0428484423644468 0.115329449796371 0.104420310619034 0.131471567535707 0.0222684013663352 0.183367937922628 0.222722737440908
0.130156528294051 0.026750356310324 0.157687009500921 0.106064875791101 0.181352907875245 0.162936549740411 0.0865911103799076 0.148460662108039
0.0785286895085386 0.0987333109820075 0.172950187315862 0.188210862862128 0.0557873092148806 0.0631561989504465 0.16695658771651 0.175676853449627
0.107079608220999 0.0943602693243082 0.184716144025114 0.151575737522735 0.120308013387819 0.157272556631217 0.0920684361674017 0.0926192347204072
0.254927249171489 0.191329830357599 0.00211196169222961 0.0525554557836116 0.171829218241886 0.00575583047717969 0.264451875942651 0.0570385783333535
0.149697037546935 0.0464837304356158 0.188860062910669 0.222196104809366 0.0850219061232129 0.181288685579675 0.0445835437388825 0.0818689288556434
0.0274291362954293 0.172748845008066 0.151946606682017 0.100890636336006 0.174164107784956 0.179779336601988 0.108280470237553 0.0847608610539848
0.0843068025389512 0.156811891906696 0.108357832045156 0.0233989867160561 0.0731005742180781 0.0038587410068147 0.272407036314429 0.277758135253819
0.184595351088342 0.116518975639912 0.126199030336292 0.0699234847196122 0.0772135535313109 0.170668481721292 0.0870622033091658 0.167818919654072
0.124435382740482 0.136063053254239 0.212954863700199 0.190411138506882 0.0449843106890542 0.0323901544696245 0.155145561683749 0.10361553495577
0.239680342625239 0.134907206578762 0.160180736918369 0.0431507148632477 0.0106962975822137 0.135122588414692 0.0601692315275263 0.21609288148995
0.19456120991222 0.142747850531859 0.203811540511937 0.0192542739517035 0.195665172022693 0.0165730526080973 0.129376766345032 0.0980101341164582
0.172781669840865 0.128543722869566 0.0639314042986465 0.121804772383824 0.0536738848343574 0.151838928527437 0.171484481375637 0.135941135869667
0.15336180494095 0.0718734293813991 0.0770209386150498 0.00887131039520857 0.357679465625925 0.0524121205293972 0.267888716073577 0.0108922144384937
0.0257470753025208 0.369931524800161 0.00685726782830933 0.255108555827451 0.111915805483272 0.0212166038592641 0.174397857098863 0.0348253098001578
0.109737645978759 0.0787525413754483 0.0751513483947886 0.098336651332551 0.11680685028891 0.161704412746437 0.18377883217874 0.175731717704366
0.147283095000648 0.15945071179126 0.0137321687727743 0.0385837082048902 0.179689095961604 0.0738293412082524 0.201975759423856 0.185456119636716
0.0738487717127646 0.0936176747290454 0.131012499438941 0.193450635656484 0.265210797313187 0.0338275684884104 0.0472579722942055 0.161774080366962
0.0659251834075212 0.0388737320634129 0.221836744898545 0.254992684061467 0.141786357201084 0.229823114604888 0.0134164907219985 0.0333456930410835
0.126822080372845 0.0419814603053366 0.146527698497983 0.16477623700885 0.103205011279672 0.014034843954597 0.194428626173012 0.208224042407704
0.0689224678969965 0.0227442872525528 0.167301721644273 0.180230888635061 0.0286357246406626 0.186281267741409 0.213668845742414 0.132214796446631
0.105318896763535 0.199379306164928 0.159588724023569 0.177730241495233 0.156262103468491 0.00191380303400936 0.0654495309239985 0.134357394126237
0.206025414663681 0.00974295289913523 0.0665510787135221 0.22941829485528 0.181121350311708 0.0811961375799572 0.0386135146786675 0.187331256298048
0.162238462079427 0.10897567578519 0.0158597806743255 0.172601599248447 0.0936401457682072 0.135976691592698 0.20412249058939 0.106585154262315
0.178406659452622 0.120585915362137 0.0186111910135938 0.040797666846137 0.120967919903281 0.169599551406752 0.143440618533517 0.207590477481959
0.244826510800843 0.172023234972502 0.0247025643950987 0.258334231501064 0.044076935984435 0.0137131663727452 0.23149512123968 0.010828234733632
0.00954566569758292 0.161895681308312 0.147117669302859 0.11860904928231 0.143410888451697 0.0210008489109473 0.213895609418379 0.184524587627913
0.163544675921822 0.127146379760494 0.15823137923069 0.122963546243875 0.00490895624501093 0.183399662340143 0.0999473840079853 0.139858016249979
0.0772320387882844 0.151677825947688 0.178760825057165 0.0719442975994955 0.00271316347657319 0.248916243157829 0.236045620704808 0.0327099852681566
0.0925135963393698 0.126208162408662 0.0225274520394642 0.280588941188967 0.0960481033741432 0.117192272450229 0.18973597439532 0.075185497803845
0.0790845043545381 0.164465094996762 0.0573756685688724 0.0982169094648251 0.211046696666378 0.106508315682935 0.21873940086771 0.0645634093979787
0.0444787814282326 0.0509397075017335 0.159693144834847 0.157416811509159 0.107021081133038 0.197128291769067 0.186677262036142 0.0966449197877807
0.0276878367064872 0.180324664885459 0.22509658455295 0.0701233726625295 0.0600381696030009 0.0463092105222936 0.166402038949305 0.224018122117976
0.0160929845065881 0.0867409641853222 0.137280996319916 0.21162020692791 0.125937007381503 0.0245245777166463 0.196874428074734 0.20092883488738
0.15544472266722 0.161446738182488 0.0859842166679275 0.156390140550885 0.0325354563704068 0.08570236784587 0.02586661934582 0.296629738369382
0.0606810074564864 0.0574448333695077 0.199454447057233 0.143180522928943 0.294216653451771 0.0587672785814289 0.0256692835046387 0.160585973649992
0.25554580072874 0.225957177478371 0.161364366299589 0.1019179473704 0.105051647397809 0.0251828647984591 0.0413099154887646 0.0836702804378667
0.0347790097491067 0.210964992614178 0.118111084349619 0.14095235448777 0.0131782585424088 0.15093596910026 0.247437829675774 0.0836405014808836
0.142130818505775 0.0757983318124139 0.215515110193055 0.0890468357712402 0.141821765807349 0.0726735501920376 0.0547253349181178 0.208288252800012
0.151829972337398 0.144524114188683 0.182937671376417 0.0957479360044429 0.1722197236992 0.0679408915101527 0.138521666841395 0.0462780240423103
0.368131349113529 0.0591335951586518 0.0819400577080729 0.0102081492444769 0.0521017577737045 0.212987508813255 0.151113748934852 0.0643838332534578
0.179829303558862 0.0340660746885197 0.144193527179186 0.0779286889690802 0.172423414391508 0.147576135669799 0.113101807619013 0.130881047924031
0.123776607053622 0.0812852881046161 0.0339291238726804 0.0984354117696925 0.167272047640856 0.140847735432664 0.184420520232856 0.170033265893012
0.059457934068306 0.132833365710375 0.254581689728878 0.0220408654010638 0.270518001056648 0.0540117748395283 0.112648850941476 0.0939075182537246
0.142303220622656 0.0757567883164769 0.0514514181062676 0.117855381937473 0.202890448855013 0.217423357556267 0.173354539918109 0.0189648446877373
0.220030971300755 0.0829671891348385 0.062713853578874 0.0873633424228498 0.101391706822308 0.11307385115668 0.216418386904581 0.116040698679114
0.15958276503524 0.233760305584267 0.082741307889083 0.132544670133453 0.186038662153441 0.026350725170507 0.109428470359006 0.0695530936750017
0.19613993095481 0.124025886686584 0.104533369217149 0.126363768937165 0.0311875608273378 0.156044577989316 0.115149136022273 0.146555769365366
0.0788944491226858 0.0109924229956098 0.0626190001541173 0.224011007036577 0.227137831177197 0.220421561938131 0.0839515399114599 0.0919721876642221
0.178062595280066 0.0396702064006482 0.195103451907368 0.0413134045981988 0.0792646340153779 0.165608900373851 0.190325369055887 0.110651438368603
0.163449850267032 0.0786467265302441 0.176044603468859 0.00530091564841144 0.279881311972311 0.182149975805335 0.0182534837748377 0.0962731325329696
0.0482784738766354 0.205798682675724 0.0736374156398204 0.124400400829191 0.0420106051961688 0.205179987191784 0.176639253212045 0.124055181378632
0.0259340348385565 0.0956412173919177 0.0304723476133564 0.193711322180535 0.137812744941945 0.272924088912907 0.227090732925451 0.0164135111953319
0.0307813422540954 0.205617345042689 0.264023096012192 0.198701052630356 0.0548461517458308 0.08942114990251 0.101263407369418 0.0553464550429087
0.0813303846526826 0.0484925056037513 0.19349419598584 0.123549382254245 0.221889420544148 0.014273279431202 0.113031894956191 0.203938936571941
0.165571954960991 0.0900510701534678 0.00673429738812291 0.242706558355312 0.112981881776133 0.157830337495592 0.201586583340587 0.0225373165297947
0.122599890646662 0.151644089161205 0.0210648479614227 0.240878998801061 0.158709660387818 0.0166643440967843 0.0458387190802907 0.242599449864756
0.00367554972231839 0.214908664824567 0.281104352711847 0.016097084242989 0.165561431955639 0.203199584189206 0.00225492316058535 0.113198409192849
0.0809139691446695 0.0517490811115846 0.253476187337849 0.25361849752667 0.00141799141345874 0.324150312053048 0.0110469984427953 0.0236269629699244
0.0141274614582619 0.265836467025568 0.281708390666739 0.108161998706616 0.100958611853286 0.0846838855052096 0.0916131466039266 0.0529100381803936
0.00659120677469247 0.190587777437543 0.057256726076181 0.187668285355896 0.229917216585513 0.188186633005279 0.0417106087796278 0.0980815459852687
0.185952931292721 0.0481884788634164 0.181797825390635 0.0616714614783256 0.035084100567259 0.185930421686507 0.118119239199208 0.183255541521929
0.108806317746457 0.169448842947588 0.222323496849464 0.0275570814179332 0.14752899172393 0.0471847847511032 0.225413528206114 0.051736956357411
0.198834163391729 0.0470651308436827 0.181531892257972 0.200186898641079 0.00805590218878353 0.0687236999142107 0.233242042022706 0.0623602707398377
0.29819047448954 0.0144412069757926 0.175473099929966 0.242241709704592 0.0379113356137651 4.03735947674124e-05 0.187438554516758 0.0442632451748189
0.102234621107964 0.16051191315696 0.128197262354746 0.230294009131819 0.153912024225832 0.0270066437692732 0.0812847618485649 0.116558764404842
0.0478949284983669 0.259930920814903 0.0291449481442043 0.0705324346867227 0.092951623573612 0.126057790152585 0.232054823683927 0.141432530445679
0.127223830785605 0.182864879330363 0.0300199998040324 0.0463244623884091 0.205439272218002 0.216349473093443 0.0962596563475322 0.0955184260326121
0.140606865961914 0.122839938273782 0.149205004484413 0.137357156505356 0.152512164345775 0.127612167311887 0.049214994716817 0.120651708400057
0.0359625419344596 0.212833057291145 0.210830340425311 0.173700128269466 0.118044776601829 0.0726680086992642 0.0608519543228513 0.115109192455674
0.0725732850765726 0.207100079785096 0.117303318351825 0.070460976358191 0.0474135411830411 0.051053728400994 0.21551852668529 0.218576544158991
0.225152751064921 0.0479495394661791 0.207088105586805 0.0262758283332262 0.213776766900937 0.0638240676601018 0.214848163258138 0.00108477772969236
0.160635449573687 0.0546632498401399 0.151935231583998 0.199048546886438 0.0776030223878973 0.170751994510132 0.15413428973416 0.0312282154835472
0.0422651281954378 0.176612161074245 0.0407911432833878 0.121169493315968 0.204718164716117 0.127634037078182 0.143077270241094 0.143732602095568
0.0780478545967066 0.0167205764983156 0.157291990328231 0.159421209327048 0.0796717310762158 0.142026573118897 0.174050987176184 0.192769077878403
0.0460700466229727 0.151617235282776 0.209173474714774 0.135685073506819 0.156459078129411 0.0394190480564205 0.0770811961510681 0.184494847535759
0.1667413011358 0.147319587036405 0.111676798129854 0.193681778089536 0.0722919495395551 0.000361780376413854 0.151163618137501 0.156763187554936
0.0998514062775227 0.23873818931559 0.131920750764379 0.0933173930342207 0.0717913038201376 0.0837654404602525 0.218364439843831 0.062251076484067
0.0385561397175558 0.112651665942732 0.0756636156604796 0.130129871929479 0.169626147472531 0.215616934562157 0.21148701266382 0.0462686120512448
0.116832547547955 0.168086036954361 0.148872347607154 0.153832737678732 0.168737178629988 0.0603818338284237 0.0385698370825236 0.144687480670862
0.194679852451099 0.0842185266758353 0.0852425668386977 0.125101677868146 0.191964028025457 0.0762609904637075 0.0249433000494755 0.217589057627583
0.15737687088201 0.0769381884275562 0.129679994404734 0.0938982966489637 0.169627335836891 0.0929056716660153 0.12815902541564 0.151414616718189
0.26655337058766 0.118750082279032 0.00644824634137153 0.0793661325851892 0.106908644003719 0.105695006533207 0.107345956327304 0.208932561342516
0.312518994082207 0.0551455501054842 0.209468945442039 0.0244359211976859 0.0560216204473556 0.0423948251741339 0.0424383329386132 0.257575810612481
0.0118421816443378 0.118999427408727 0.0891515718438294 0.109928480161115 0.25898975179666 0.109826333271547 0.0995124889363713 0.201749764937413
0.100475671226766 0.0159380565280014 0.0619910470854984 0.33059679400498 0.0198804561452418 0.280050901114664 0.0817073621987366 0.109359711696112
0.189346922844959 0.169762405971343 0.188713249484833 0.112843811445736 0.120252453874432 0.0471040101064822 0.119049370463579 0.0529277758086361
0.081608213676415 0.132140518393029 0.181042914062591 0.131129273118431 0.225091245434984 0.0310774660066133 0.208259483390695 0.00965088591724223
0.111466414090693 0.168936983517413 0.0292217291620888 0.190349933619669 0.154852642122606 0.16770101289218 0.0812978278920087 0.0961734567033428
0.00604242047231311 0.159187725030433 0.206499898526506 0.0640018391908895 0.183599759406055 0.181650917690388 0.14755490004665 0.0514625396367646
0.182261354834175 0.00066998783090069 0.131986958382651 0.143911438290228 0.0564157144497495 0.103118908533345 0.179682855596256 0.201952782082694
0.125746864710777 0.0540984109802952 0.193425242037125 0.202354801619532 0.0789662344697711 0.0394471174712773 0.117539954683945 0.188421374027278
0.0319238129782929 0.0391072223341321 0.347430776242217 0.0642217641707716 0.14675781758463 0.0156715910842915 0.253339776055116 0.101547239550549
0.0828559998231237 0.106514300736236 0.156947297594564 0.134681254295214 0.13228239485163 0.134016179840932 0.0971619454630359 0.155540627395264
0.0277023297753337 0.233848728796686 0.10047433656324 0.0259130756901693 0.211012346273251 0.077139962983794 0.245583465632772 0.0783257542847536
0.201047474462718 0.29122242972641 0.0646416938809789 0.00534176146609381 0.0764837083731974 0.0669213933594466 0.129031791752284 0.165309746978872
0.209849478607377 0.2229647776707 0.0113855695899807 0.0677693329153877 0.19407295781172 0.00906939248450254 0.0417723544112011 0.243116136509131
0.0494058913952254 0.0342172190606459 0.187277251651139 0.152706479173332 0.231539436750033 0.052511785978621 0.217549927549131 0.0747920084418718
0.148154943354079 0.152226387823865 0.0210401868202579 0.219561772482845 0.12123875867333 0.127152479015959 0.0548228379423575 0.155802633887306
0.104368602907253 0.218864797756558 0.101958703849581 0.148020888258174 0.0161132291795415 0.0962112699167249 0.0990536873573892 0.215408820774779
0.132716545346819 0.0906044485418525 0.134948994745226 0.0784079307640667 0.129432739533547 0.060393940533584 0.173418668405394 0.200076732129512
0.197141783834952 0.00435314405535572 0.162691885502404 0.128695214781353 0.0684709015283702 0.166288905956686 0.122591666871071 0.149766497469809
0.187861849806166 0.0282481708075807 0.151041574962979 0.152274668731266 0.131717484801407 0.0933664955803234 0.1235200808855 0.131969674424778
0.0434088850784469 0.162337244361323 0.179824232540453 0.0233530689962356 0.11964248885341 0.143267927453864 0.194151961730047 0.13401419098622
0.13539184836402 0.258132075840274 0.101585883331561 0.0332619139960016 0.00238633828127234 0.28472998799567 0.144245474286123 0.040266477905077
0.0720788255826912 0.0886598457461586 0.192365495800886 0.175060401394066 0.305416120100685 0.0430077213933168 0.0912467669910487 0.032164822991148
0.406616181197615 0.0370802213252912 0.000361962392438309 0.363592294897108 0.00725296963562324 0.0634639519733664 0.0146129949455188 0.107019423633039
0.223108713796593 0.111441441514737 0.146231676611816 0.129826180187501 0.0359222713223012 0.0323990701533736 0.149175474864576 0.171895171549103
0.165240236065633 0.0505883284602092 0.190897874730609 0.106347590902293 0.124119516408084 0.173747855725211 0.165073014973282 0.0239855827346783
0.00735026942062514 0.236849378443334 0.0590093434160862 0.133171301542999 0.18593720375278 0.242066589419419 0.0588599314598067 0.0767559825449501
0.187530151711877 0.191575709699399 0.20670795973599 0.00409369815632718 0.0419129392869308 0.0730635924046644 0.224355550369167 0.0707603986356453
0.190674793080076 0.205779776047613 0.0778087705928305 0.0301595304209317 0.073979725629793 0.183750364906549 0.201487032362422 0.0363600069597847
0.0599782967610593 0.154940441972929 0.0292033088407301 0.093695984821963 0.13096032419294 0.132304560674837 0.198571741249675 0.200345341485867
0.0744715565767109 0.0884606761649457 0.00958331058512156 0.181105629375801 0.0843449667914377 0.273038029837721 0.0851228074897913 0.203873023178471
0.139442704046992 0.0184021134690501 0.146564961234252 0.0550409726172103 0.142830699544592 0.194836590357747 0.0856937456223949 0.217188213107763
0.0526330034234463 0.180625213327868 0.0786030091186168 0.117613329146503 0.14200902087525 0.147535893450153 0.117193869952372 0.16378666070579
0.119843109153641 0.219794512854813 0.186911997151595 0.060347180206256 0.19031915287031 0.0762536458694244 0.131464487346784 0.0150659145471757
0.0184958790191249 0.0760534403544726 0.216450350452733 0.0405586242950093 0.179668698850503 0.115564045897958 0.151815522485303 0.201393438644896
0.123832177251235 0.212456368843053 0.0668877091863332 0.0670742305342782 0.183536992121617 0.200188255310153 0.0256200658619178 0.120404200891412
0.12062493819833 0.166323477481836 0.143417564320646 0.106198349540132 0.161265501084884 0.11075844979042 0.0660335259470576 0.125378193636695
0.181431440550162 0.2022866844588 0.226296679454972 0.0226077000524837 0.0807900589838642 0.193874183910528 0.00838162896381238 0.0843316236253783
0.146267702197941 0.120833489396063 0.23774257745546 0.0281298169355244 0.0296887737451725 0.125815068927199 0.03060370102273 0.280918870319909
0.157882279898253 0.110193831461371 0.125354333393065 0.215956479908136 0.0316367198248939 0.10440782940939 0.0360933106870199 0.218475215417872
0.049658689442601 0.165165665226472 0.0610958644559183 0.0335621765474312 0.169956121527126 0.213916609393827 0.168130243509267 0.138514629897357
0.0750728157772535 0.20687122343088 0.0970940932947111 0.133989589558698 0.14273548086172 0.175837273305845 0.1551420656023 0.0132574581685913
0.154393736429945 0.137366154189668 0.0702794080925281 0.163979486524568 0.0654540341501123 0.0808504815851039 0.181654605989978 0.146022093038097
0.0508500537604445 0.181743762789894 0.118175989178472 0.0687844922120893 0.0702120769313356 0.173259581444927 0.141222556196878 0.195751487485959
0.0839244454141942 0.0511077891530177 0.186519161645945 0.150347766945145 0.162617143726824 0.0483450288897067 0.188866724116153 0.128271940109015
0.0668079735345074 0.205644572976751 0.107404186006132 0.325148875129205 0.0978327541406597 0.175090937738795 0.0123731110346976 0.00969758943925315
0.236535621344379 0.171874283776892 0.0587308350845984 0.111518445506791 0.0507449751277404 0.00924211454255464 0.230204621998954 0.13114910261809
0.267067120563649 0.0464262416043837 0.0647442987909714 0.265469379059568 0.0796349058647671 0.13505971524294 0.0591516886642315 0.0824466502094888
0.138417974489525 0.169351311741459 0.0163508565246579 0.00647134629381594 0.176640285557362 0.0517724510946025 0.216412906713652 0.224582867584927
0.00765566189632604 0.201685414673819 0.0501389080602102 0.215666451060036 0.103782509329354 0.177018231299993 0.0628046175738105 0.181248206106452
0.0934961950857491 0.0961805932846366 0.13371684391339 0.14017853991461 0.134973845616163 0.10102689131792 0.152753095227818 0.147673995639713
0.0324960205836474 0.205687511964988 0.177823502464203 0.0385487631038213 0.162615074704823 0.105082911623036 0.131395317290389 0.146350898265092
0.160850598294581 0.203423001591214 0.0348714206237325 0.0824656345765365 0.162917849947159 0.187728078197627 0.131347981242862 0.0363954355262882
0.142937087214451 0.056611884764187 0.0931471163139299 0.206180272897882 0.153589207160585 0.130911407610205 0.130549077167129 0.0860739468716313
0.1669901883473 0.0501574757081626 0.205592121879919 0.0278991338817127 0.0347664014393466 0.22404535225085 0.282423637296464 0.00812568919624535
0.173221027781075 0.170291683742146 0.0679083723886357 0.197160972482949 0.0786604202979186 0.0737536939713642 0.0840796536301876 0.154924175705724
0.0389787391946631 0.121337787114475 0.168140491791907 0.0677480653981546 0.173093195733619 0.178376799838463 0.199760057252567 0.0525648636761509
0.0211217447877857 0.177302337167237 0.203777513935911 0.0664084838213042 0.14977391921653 0.165096055260805 0.0502947437936695 0.166225202016759
0.226879164359744 0.116621647857175 0.251204199748198 0.109464824908236 0.00525367830203131 0.0255801201896529 0.219694502866755 0.0453018617682083
0.0262143061154857 0.133421426883188 0.199467972342761 0.0284596656485773 0.1685987859586 0.107247500785743 0.190678943340263 0.145911398925384
0.105857410487295 0.149991749622628 0.0739327007572036 0.175300433643747 0.0783399253152866 0.206883950250997 0.0121099634501952 0.197583866472647
0.126918351018107 0.0120728635602549 0.211570531823712 0.0525342774056315 0.0860334897328879 0.104748358015691 0.159604479368645 0.24651764907507
0.15396249660985 0.0773627978878073 0.0983562227151819 0.169790695082045 0.167048601706235 0.191644962899447 0.0950884487393272 0.0467457743601055
0.184120952003553 0.13743164850797 0.227851611568457 0.0298462230838813 0.112755016800078 0.125186798156621 0.0720061355877679 0.110801614291672
0.0265319894039984 0.191260125844154 0.12302982895618 0.174418119869232 0.200267751093086 0.0680310805552699 0.113492751789847 0.102968352488232
0.0411159704625101 0.262101063541805 0.155264962864235 0.104911726135233 0.208560918350559 0.196806836006556 0.011435442218869 0.0198030804202316
0.00791776933843588 0.212570177937896 0.116765223750569 0.0691322025172934 0.15571413938385 0.0677027667163181 0.26564713671439 0.104550583641248
0.203699361882515 0.107214526897406 0.00959668098612883 0.196372537914495 0.143813964582443 0.162457065136367 0.0781273741999297 0.0987184884007154
0.0616904192420718 0.33926219056004 0.0810233251383272 0.202635799341707 0.0550827789107497 0.12960480863463 0.0970643569384011 0.0336363212340733
0.214065438895545 0.156081736098476 0.1817911082716 0.023675034921822 0.0726970482074766 0.132825240193314 0.131095673271712 0.0877687201400542
0.20343979335894 0.0530315405447759 0.0652965605085164 0.120040401834456 0.128662763890637 0.154700551936059 0.030316590208131 0.244511797718485
0.046610137322099 0.0684249318765258 0.0407263456111071 0.168096486175812 0.259796330194949 0.235029039182729 0.0956677532126282 0.0856489764241494
0.0737424665645085 0.0125894583824883 0.241270226456554 0.250878447067757 0.0279158727733962 0.116473928595949 0.214560807961295 0.0625687921980524
0.113044405995714 0.166561600081689 0.116389114444417 0.0557517194388638 0.143318845428141 0.166167210114599 0.132140020398913 0.106627084097663
0.0142061542787692 0.154321394187437 0.222024739945267 0.0140997751638421 0.18288894469816 0.17334489527631 0.129296106925775 0.109817989524441
0.0229712768204327 0.153833953502958 0.12545541380711 0.0695688686325002 0.222503032591417 0.175814813515435 0.00572644469738445 0.224126196432764
0.167889041130016 0.103349241017489 0.162085547231381 0.0407888781456191 0.136440112465639 0.213767550295054 0.140305244416693 0.0353743852981098
0.0595836089998662 0.0791558173635598 0.0384688766261922 0.00942569518691517 0.248522370761656 0.195130431295462 0.30459241399612 0.0651207857702284
0.164104406039006 0.00847035708479787 0.00176403602072609 0.0314311737496157 0.256290239418794 0.244883667047084 0.245579965617516 0.0474761550224608
0.0809539469750749 0.193031274636127 0.113036538620152 0.160968212194152 0.078252460215434 0.083886054948533 0.122555915835607 0.167315596574919
0.0898453495751992 0.188912615501665 0.0216312585627067 0.179640182772211 0.0946956287409623 0.0862189329352133 0.165209172391141 0.173846859520901
0.206143719474064 0.0237728621013712 0.0787591633113929 0.115795846491374 0.181849977331855 0.0633203078148992 0.0863583628997407 0.243999760575302
0.223533784644784 0.169209782457585 0.22235350054455 0.153497831726495 0.0342691504985165 0.127303009723394 0.0261151481426508 0.0437177922620248
0.0335767220865841 0.107800295386243 0.158087191063656 0.254881653844475 0.114057933057517 0.134697533272312 0.018904426162781 0.177994245126431
0.0489220042277324 0.160974589510564 0.00509030057635362 0.107368862508446 0.238888894582212 0.0499516311841969 0.181573128781693 0.207230588628803
0.102847716159814 0.069510761583207 0.177683432584469 0.0846889928227409 0.162227047236729 0.147024139195459 0.161210272914991 0.0948076375025895
0.20459209069494 0.12853186448488 0.0932628616976956 0.0474060049315832 0.137982431966343 0.0188462590008458 0.191311168165081 0.178067319058631
0.246016275587054 0.0618717262911057 0.0320138697122331 0.113890011945464 0.26877672444108 0.184489185805418 0.075610320919929 0.0173318852977162
0.235172756486382 0.166351177209073 0.141583775482072 0.0166182928591104 0.147898909360777 0.113094053242228 0.0446494279734149 0.134631607386943
0.186957154577676 0.155652025589985 0.0958778904589497 0.0640891738171618 0.191668293178485 0.0489912182173872 0.200248332044562 0.0565159121157932
0.0299883835817542 0.0412862667067004 0.271069738312166 0.151934495092432 0.0846039083110944 0.0918971845708567 0.213396114960882 0.115823908464115
0.11469773122103 0.146132332501556 0.0310232387807287 0.1958676134105 0.145485841581006 0.0681033311798334 0.157865536187402 0.140824375137944
0.337953459274139 0.0581432604641248 0.0067023036056431 0.209292234329082 0.097060310152748 0.0497202770307547 0.108900723226843 0.132227431916665
0.178754584554232 0.19779688797904 0.167042594123271 0.148638449541259 0.0308241253478546 0.163601733993315 0.106541330773463 0.00680029368756449
0.398023768432543 0.0326557719328827 0.232721979018462 0.151661087208494 0.0497247143644812 0.0624039551728686 0.00549181760729146 0.0673169062629768
0.00477446342414891 0.102925808079193 0.142881443175849 0.151187272926833 0.169737464967117 0.103424232473874 0.190592735065038 0.134476579887947
0.159914371685544 0.103974973230089 0.0890298073332882 0.0852745003431627 0.266757153163756 0.0720936003808837 0.00200064310872495 0.220954950754551
0.25304105628489 0.0765325000545242 0.161975876816215 0.0271989743469811 0.0585757952026846 0.0305670876183336 0.160701779787783 0.231406929888588
0.105233883887817 0.0948761679927133 0.136655330127129 0.00540948425349212 0.20008776863755 0.0681488987208621 0.175980980968385 0.213607485412051
0.066838644195281 0.0889776281521406 0.0816726002379865 0.167748918126556 0.189235789740142 0.179454074889914 0.216936715263496 0.00913562939448471
0.034174462669986 0.331437765078621 0.0993661044931729 0.152737971102403 0.0421687734871693 0.105386678907749 0.156539288123421 0.0781889561374779
0.132726218754472 0.128706773765623 0.194105808248268 0.108445197716452 0.116215025163114 0.0638168210162193 0.193719670894697 0.0622644844411551
0.120782679343985 0.135125063136644 0.167848546622751 0.0468562246133434 0.0851888134400774 0.189299981935537 0.13109215918739 0.123806531720273
0.102056822739756 0.181653197253258 0.131480222173382 0.0682603876556665 0.157127921379994 0.178968343562539 0.152461214688784 0.0279918905466203
0.0775901965560002 0.202848879450083 0.116094174082272 0.187606965894805 0.012746034932704 0.212187991189998 0.0101844981156113 0.180741259778526
0.113495863014445 0.0995585615399392 0.150004909661505 0.192917410296786 0.139882558738021 0.119070759866131 0.0967835991649972 0.0882863377181749
0.214947386776052 0.154282334226962 0.0968299266723946 0.145838026515312 0.160146279880687 0.071682432350167 0.0896376440983606 0.066635969480065
0.0838695904034255 0.118050102179696 0.0654613111646985 0.208762696214526 0.0277034693161784 0.189922281692061 0.182478315853577 0.123752233175837
0.0159526102792995 0.000307512338615041 0.230319103134986 0.247984070354205 0.0638120351882488 0.154235187232602 0.219949584968257 0.0674398965037871
0.0829734992115817 0.0770320860844669 0.169388353965725 0.106899831425643 0.193381751459788 0.142588401172057 0.0861511274530869 0.141584949227651
0.232388169579612 0.201788060220938 0.0861946734902466 0.162868003204512 0.0498481710287146 0.176890613840563 0.0740691866659867 0.0159531219694271
0.00428003236382291 0.179982599569806 0.0386552105172104 0.182526671049346 0.0604056297633806 0.237621600007664 0.14936527530866 0.14716298142011
0.32967122068961 0.00101735772766724 0.179420365418694 0.00282949795688609 0.00963217622459838 0.123280847025412 0.115308315857813 0.238840219099318
0.0825628180388618 0.141598242184811 0.243462301170195 0.0831414628044922 0.0665712273717062 0.220628681994362 0.00512025798954355 0.156915008446028
0.134343353370172 0.0958593292534962 0.109271520089274 0.0620237063241781 0.213854632554899 0.204635545059709 0.118695508072545 0.0613164052757272
0.0323262614564714 0.135857610941365 0.162411485193182 0.156184164518332 0.0874657718983064 0.181319196235291 0.180384316991753 0.0640511927652998
0.215902666055732 0.0644815946538958 0.0560053507026871 0.165080583440663 0.190524033007831 0.124583966946851 0.121194343929947 0.0622274612623935
0.0694594388638893 0.112195964422005 0.165290939565133 0.106585336289656 0.0465563214271129 0.203246580897609 0.210116493900357 0.0865489246342366
0.235785636235474 0.133317951462551 0.203389077115054 0.00549981970141423 0.00100025727569757 0.0591694711612048 0.165624131903484 0.196213655145121
0.0708062451535773 0.0612035572886048 0.138174146747189 0.0879038620480232 0.173310516608325 0.323787663859211 0.130007914345699 0.0148060939493708
0.0750659726835355 0.0817069447066473 0.11497167740884 0.0831132645330199 0.0907384544174105 0.106516298725126 0.220671701070392 0.227215686455029
0.125816985889634 0.137591544460813 0.0881579678779699 0.121124209101605 0.180367527343185 0.133879991942225 0.160886360593504 0.0521754127910636
0.0385152507076656 0.0161202915722711 0.205784076681849 0.05663747612526 0.242993530714198 0.339622685290958 0.0406153366990821 0.0597113522087165
0.0814550107499356 0.134357136655532 0.00515898440620124 0.175654867223413 0.180260597903019 0.0837594772513399 0.122278912221746 0.217075013588813
0.167837043243826 0.198138150174478 0.133824522645609 0.0598940585946918 0.0937283973122668 0.12812267573814 0.0659705816219286 0.152484570669061
0.163257049067193 0.185522730635228 0.146178852212798 0.110866977967618 0.018133288769477 0.0660819997662749 0.154079720408054 0.155879381173358
0.151815468913903 0.14256444695369 0.101693017095147 0.0873830887689042 0.145267634108158 0.138914297066945 0.200914259124373 0.0314477879688803
0.140806749347497 0.192007807586412 0.185459886505806 0.0855479471469605 0.0642458937273217 0.163438839355284 0.0568133954330408 0.111679480897679
0.0580214968481461 0.185324736380406 0.0308222230643272 0.12737214670693 0.171709086442633 0.164290476103492 0.098240169374536 0.16421966507953
0.0154818105171981 0.00733423199367076 0.0924462163658301 0.193632101352418 0.24514068519743 0.0478411592007588 0.17929434932546 0.218829446047234
0.0782984524453564 0.108103095866884 0.129686976151294 0.110301710660263 0.0533439619628546 0.148879508438949 0.177120940943963 0.194265353530436
0.106870120750834 0.143510125941397 0.0102862760755323 0.0070499859220819 0.145243412762663 0.275354424936399 0.0266107239999032 0.285074929611189
0.0506899807460746 0.13140538571766 0.19091304455937 0.161210012304426 0.188918950000306 0.0486084788549819 0.205151668001294 0.0231024798158878
0.124503110225468 0.193798974577805 0.236761636917928 0.026275104340849 0.0828362633980654 0.0793036796690437 0.0881079266735606 0.16841330419728
0.224211086983018 0.176288734309991 0.211653040074488 0.115103164312409 0.0225724281211424 0.0177516483441541 0.0475470179718043 0.184872879882993
0.00712597078827117 0.194365364649993 0.269685008895472 0.0706279815747667 0.240006348188583 0.0575611262837396 0.151997820002815 0.00863037961635933
0.207982442214597 0.201250340562102 0.103751751867642 0.158749718638895 0.151544125829421 0.108815413438493 0.06360466536519 0.00430154208366071
