0.00498844615640095 0.202589770978246 0.0128672380973507 0.215186675346994 0.225901353030746 0.144663923282594 0.193802593107667
0.15352086993543 0.115739974175435 0.148638178966473 0.117527592297073 0.181420203697884 0.122263589094303 0.160889591833403
0.15757255554305 0.109636424867088 0.182672213110579 0.1414829614304 0.121203529580065 0.1535722881756 0.133860027293219
0.258979114844517 0.0945110342963027 0.0015750745556504 0.20450359266173 0.196578718058044 0.0955310946816519 0.148321370902105
0.16028093292729 0.212187191959224 0.134190562849862 0.0807590427767481 0.200314322567606 0.150807565712561 0.0614603812067103
0.200331380338704 0.0415625913294799 0.0668076260905281 0.145494074611942 0.0791389589653471 0.222245029078268 0.244420339585731
0.103998222316501 0.0801996204230276 0.199433970819872 0.211804736073784 0.0571619514200947 0.232665623870434 0.114735875076287
0.0852652218398625 0.137267832561736 0.101702073749723 0.197526418102094 0.17848258623324 0.234754122159618 0.0650017453537273
0.154908263164854 0.173098980772104 0.146692925326218 0.196859566344824 0.0419251465170067 0.204813442934621 0.0817016749403724
0.22978022438338 0.0898418313154334 0.133109921197749 0.0753892144384277 0.109259319636567 0.111009263440435 0.251610225588007
0.166909594006586 0.108161659118266 0.212032612410611 0.252983828302311 0.132278240116222 0.0337750926600918 0.0938589733859129
0.169394232908121 0.0270301339172497 0.335057308347596 0.0486812317157702 0.010954736878204 0.308514516344791 0.100367839888268
0.210022624109122 0.0244717893145044 0.267580982121763 0.0519091689909042 0.0442780718582335 0.104721333467213 0.29701603013826
0.0298356550488179 0.0421095740077883 0.241405337358172 0.16604420147516 0.0159683204535661 0.299422769516495 0.205214142140001
0.178045246987193 0.43791753386944 0.0255875644031599 0.104905551564718 0.1399373820628 0.00817519326064992 0.10543152785204
0.140577856108537 0.00918173346222828 0.117801683094415 0.164027503426033 0.294199518475463 0.243812882218812 0.0303988232145103
0.154289010672788 0.311218383973132 0.0652425766464199 0.0240210012961719 0.126230817108692 0.0997422622074246 0.219255948095372
0.107652898924422 0.116908725939332 0.192299893294562 0.211269521048216 0.166220148001417 0.141858011214149 0.0637908015779013
0.222821102972582 0.154109807525764 0.260100425856532 0.0923396630821038 0.00982986051582191 0.207245518942201 0.0535536211049948
0.16655543501958 0.0386309996365553 0.16410585567806 0.220275798503651 0.18754122401592 0.028040113102632 0.194850574043601
0.237360468882426 0.0748093011590698 0.0977405881515098 0.0908835950627367 0.220846824117763 0.174339703720873 0.104019518905622
0.267799502753096 0.00385328395631872 0.0695156054402332 0.188116204698063 0.0477765983087036 0.316752295766283 0.106186509077302
0.0980915296601094 0.0895733089283611 0.10802130005345 0.0781522364956272 0.242782579018684 0.274797257072524 0.108581788771244
0.231877968700384 0.0598091646952603 0.0581078386686106 0.198701384283417 0.114612940778717 0.140367633332515 0.196523069541096
0.103998243707796 0.0215908584403393 0.238898677541048 0.0453857451040713 0.328392207553352 0.0776956193281123 0.184038648325281
0.237210973966577 0.0686201778403511 0.00520138397651448 0.0332330007663008 0.0779027697336273 0.177921709636143 0.399909984080487
0.0789693998444453 0.236872238697859 0.16020525620071 0.181523867012196 0.241990923672135 0.00458907830779099 0.0958492362648641
0.0759890900383674 0.025737101850439 0.22175404656571 0.0188539024093544 0.341165092521467 0.277665825323104 0.0388349412915581
0.117959232832384 0.0718126562313817 0.0692262253836878 0.301078665680748 0.136964367362425 0.210416683987254 0.0925421685221196
0.124523066161934 0.154531955117716 0.00111588560808877 0.182421525776862 0.262356008020699 0.129098468845057 0.145953090469642
0.244229126522834 0.0955327894350866 0.236883427580116 0.13536934572739 0.043841491095375 0.190851386201197 0.0532924334380025
0.119060032389834 0.166773779403458 0.220237206895324 0.052649390990361 0.197417446088963 0.066591336908951 0.177270807323109
0.171012277051052 0.219621680196417 0.152060162270319 0.0412432634613372 0.204120510190197 0.00928469899146513 0.202657407839213
0.0201561540836187 0.241671445601006 0.00390015218808141 0.321058810607791 0.0862250771578857 0.300207626750013 0.0267807336116035
0.18619659222632 0.144497107188018 0.00125368264350307 0.218537714612747 0.036122080497531 0.136699975719509 0.276692847112371
0.154753822203226 0.185318664182767 0.210649250729604 0.107051488673033 0.126057842736128 0.212894223935452 0.00327470753979052
0.100878471023546 0.260079739070507 0.0470912234821623 0.265486824825832 0.275613920723435 0.0246554063595253 0.0261944145149917
0.0642538271812752 0.142493385504558 0.134291644659098 0.241564159760783 0.156837235267265 0.0694171277107026 0.191142619916318
0.0210541455795455 0.154432538567045 0.0820068062041287 0.316496328192489 0.0675417132035405 0.118152476336535 0.240315991916716
0.152956025153386 0.0247805376387362 0.278415869231872 0.004520527629945 0.0394299227193375 0.312749195956713 0.187147921670011
0.0193737948591695 0.300533372727634 0.128443458693041 0.0399033748104798 0.279513228171543 0.0198240192368273 0.212408751501306
0.144992380842337 0.301852357761919 0.00480642356552715 0.168525740015631 0.133444786277899 0.233129601085988 0.0132487104506995
0.109561810382469 0.214496224607586 0.160830621790527 0.199971480774574 0.0833687155408465 0.0575134887736435 0.174257658130354
0.0578430184309231 0.0653962614344798 0.132934663698684 0.287016844603662 0.254695834383314 0.0608398803585821 0.141273497090354
0.257219902739741 0.211709494556096 0.158136232386494 0.105554004903415 0.0733091335033903 0.132689137491398 0.0613820944194649
0.290157533942854 0.0124827425052554 0.239673961428189 0.226523965463781 0.115988122146651 0.0491233506690585 0.0660503238442104
0.107271799381391 0.144564536544409 0.157305851668651 0.167150413684952 0.16852677589952 0.0549951729513167 0.200185449869761
0.183724658166669 0.0869814182801584 0.0627898938936128 0.187077305599948 0.153254436090509 0.252603568375934 0.0735687195931678
0.0608700225435877 0.290186838460476 0.0382769255700468 0.0882684924987234 0.264746468682941 0.0735672045530329 0.184084047691192
0.134611825051169 0.143031303989809 0.183963378339053 0.0214779014188242 0.0419802157319353 0.213982008602223 0.260953366866987
0.0619357984520879 0.0437863310103549 0.216861980752572 0.266561526063299 0.136659208134219 0.258302505830901 0.015892649756567
0.150704127091299 0.159306131558825 0.189001632288234 0.0938442568788985 0.165484956806188 0.239435971260256 0.00222292411629975
0.147126427013217 0.238206022459136 0.0346680169602132 0.182549822338908 0.0289492966588633 0.07043630495302 0.298064109616642
0.0353188789840021 0.195537313511154 0.150269439542585 0.207952198006633 0.044016985467479 0.272866130874895 0.0940390536132507
0.0312866397206105 0.255306969217105 0.0747726352009729 0.19491267762196 0.235864267006349 0.0881210938003535 0.11973571743265
0.000728730949006709 0.123096095970616 0.182199507925818 0.0392984091708707 0.219552873776013 0.263988731590002 0.171135650617673
0.0427562785011994 0.0832342267009366 0.163282001102972 0.139912600759518 0.17184905383293 0.177960399029626 0.221005440072818
0.206593357359337 0.176643266564035 0.125957251807547 0.132233298629632 0.293992151440104 0.0507179238928644 0.0138627503064804
0.134548103377545 0.184310157540676 0.1019642532513 0.109608312866076 0.155005535661017 0.169792322012804 0.144771315290583
0.188927630736399 0.111385011475778 0.221471873147418 0.171686971839931 0.154340460850606 0.10971579436599 0.0424722575838781
0.181873587850243 0.0616101077830559 0.0922739765160662 0.137575182898254 0.186524730955897 0.0820285006940595 0.258113913302424
0.135983859828243 0.209205458615157 0.0928552095123454 0.152913276239159 0.141328571705621 0.111705566531032 0.156008057568442
0.0696305499634825 0.0233742112784093 0.0477248585625301 0.144890400625148 0.344755871744176 0.175543524738326 0.194080583087928
0.201429370105194 0.0908524450073002 0.162629658825363 0.165138384202088 0.0893463632026931 0.166336142366018 0.124267636291344
0.168270707215017 0.288727947452541 0.107367611373822 0.192308224391916 0.194899795260562 0.00313091695866084 0.04529479734748
0.0372398832062799 0.311155103863897 0.208974908911855 0.000856019713449786 0.150812147031818 0.00125388050391631 0.289708056768783
0.0356108185228593 0.0637376448767074 0.173852808990639 0.301001223855141 0.206945966529627 0.0598562544633483 0.158995282761678
0.240642899188251 0.219903227763351 0.0857745836821934 0.169886331643032 0.117813117132627 0.121836859382584 0.0441429812079601
0.181261701337746 0.0766067379555743 0.055510623206008 0.223500787677296 0.237637071669988 0.087449285310548 0.138033792842839
0.0196226513976982 0.0667937322797535 0.262865025128658 0.268568064409555 0.242983638871664 0.132087309643913 0.00707957826875874
0.0353385059176405 0.0275496830770523 0.287722035878653 0.0616734980465531 0.0617143114438528 0.29308044915958 0.232921516476668
0.216786979020766 0.106153873960429 0.18225022614339 0.202285647761978 0.0490446999833959 0.187431736204845 0.0560468369251958
0.188350769163286 0.0632328420736757 0.244923398740377 0.0563938291049503 0.222099432039838 0.0636180865503916 0.161381642327482
0.0581344294543419 0.236820149938451 0.199010034189748 0.0582348184199204 0.10492527248081 0.158494164262621 0.184381131254108
0.168368791666461 0.146078556671227 0.155302004348365 0.153685912694043 0.157524836023967 0.147713048549936 0.0713268500460003
0.126471194464687 0.253555869729498 0.324138660987856 0.0402495307060428 0.0313447024252107 0.173227176182497 0.0510128655042083
0.0996323314521615 0.211436906909579 0.155640022395226 0.0856689952498626 0.0540891881010441 0.19883042737591 0.194702128516217
0.309615907735725 0.0167080146428608 0.211372556284578 0.0705066524568556 0.326758065798188 0.0502572567881458 0.0147815462936467
0.24138427739416 0.0775571682501043 0.00995276952233405 0.0262358376998909 0.255546057569403 0.191387304183854 0.197936585380253
0.0339739436876305 0.232435502940868 0.300217526290978 0.100317745245111 0.013462459645549 0.159716895000888 0.159875927188975
0.0249403161325019 0.110640706186873 0.246366519482643 0.11957741529482 0.24435746916028 0.111820540816864 0.142297032926017
0.112915567323118 0.206737857061801 0.0357139693675058 0.184798869204729 0.225625986091127 0.102949364832488 0.131258386119231
0.153362278674606 0.079386165631776 0.166663910044647 0.210497442091446 0.145471479800893 0.160003097635491 0.0846156261211414
0.11964493293877 0.27141042422608 0.104698380042091 0.137558846286412 0.0930532247799755 0.151147237359812 0.122486954366861
0.140958559516926 0.115364420688203 0.143916055519974 0.171719667330521 0.0911220184049248 0.217814542282482 0.11910473625697
0.172027815875207 0.0580957155937071 0.0647117609057516 0.328688905809317 0.283983175901645 0.0505185355561922 0.0419740903581807
0.105448484667208 0.00886951095091182 0.234858287032519 0.0693825379560491 0.155122382417903 0.109815967897875 0.316502829077534
0.300713403634075 0.0913047260951998 0.0299607922492544 0.243836882016483 0.16752637990681 0.0700709481075961 0.0965868679905817
0.00985699192114025 0.115888681069066 0.254480116496523 0.0799635781173467 0.182207454478453 0.24973499045277 0.107868187464702
0.0714598902969238 0.11759950527376 0.109621118419313 0.108569919305653 0.251113743209018 0.084192880972797 0.257442942522535
0.106547853781356 0.103445855940362 0.223584838419057 0.129025803830402 0.0536750108199449 0.207157311595008 0.17656332561387
0.177475939358604 0.0868432938353769 0.00338123193506794 0.279322442535782 0.0706810282111225 0.333639222383843 0.0486568417402038
0.126136300393597 0.172896575724559 0.155478027656665 0.107336640641126 0.159831738596215 0.126554751023567 0.151765965964271
0.130251048480981 0.025584611135448 0.143949007745525 0.0695396793206607 0.225655909472655 0.242679468344048 0.162340275500683
0.0844595534957616 0.096484091846951 0.174337297666955 0.16291386975853 0.217050959119923 0.255068325175857 0.00968590293602318
0.251683499146547 0.030202104755894 0.121679694466 0.125826804548395 0.0044154339435994 0.192686681644167 0.273505781495397
0.186949718686357 0.0524959839786763 0.202768463739138 0.131145080146516 0.15515196045592 0.125422446159664 0.146066346833729
0.0563567966004513 0.0927690251522202 0.146950711286601 0.0694647436460564 0.348796641821556 0.168878800317733 0.116783281175382
0.02190340633679 0.19752207211732 0.370812746192946 0.0505551165416857 0.0138404141320249 0.00136902362341908 0.343997221055814
0.151446106835117 0.0805873203104142 0.187598167129584 0.0691803146720874 0.175865122103037 0.146811172085905 0.188511796863855
0.160016361265954 0.208957996228122 0.148683144269925 0.139182161110042 0.0445266712179828 0.076429306289555 0.22220435961842
0.0997528058029333 0.0361197342018366 0.0358472392622837 0.265456580936775 0.0659950727149916 0.263071486519813 0.233757080561367
0.209442897441759 0.185190361220992 0.0156352459635865 0.18981062778983 0.118943123152772 0.105790379999882 0.175187364431179
0.00761790728794256 0.232232069386552 0.192040482901306 0.153349061106001 0.248054150419955 0.0169269904079696 0.149779338490274
0.248448881054317 0.158958049373552 0.180204439326437 0.031567179205342 0.229320675933123 0.0968632598902058 0.054637515217023
0.125051386142611 0.245846223353752 0.0172206165578422 0.156078826226533 0.25755148951652 0.0247792251330368 0.173472233069705
0.230927274538529 0.174525659338868 0.10573848831268 0.103754450300002 0.0472406527814857 0.221751521358987 0.116061953369449
0.271687857083694 0.22313439738501 0.0986872900115222 0.125230854712811 0.0419270207964358 0.00250752207401465 0.236825057936512
0.238906315687628 0.254292972383362 0.0123677548452926 0.0285805535354791 0.0265454112350194 0.224591770404746 0.214715221908473
0.202177288072096 0.304556329338425 0.00652046284969521 0.112901213313439 0.211119747420798 0.0114437278642955 0.15128123114125
0.0304116037488209 0.208118131599614 0.211492996125605 0.034912978000214 0.175574392041286 0.273733892467679 0.0657560060167813
0.0932579293982232 0.19937718659421 0.0771308716169669 0.126950101414592 0.194248654942198 0.142100020081957 0.166935235951853
0.0595935982723176 0.0464264765953038 0.181288859392706 0.0744001547907027 0.28253659282037 0.109691233324883 0.246063084803717
0.170979501458969 0.208163296558074 0.17104081955457 0.161611670877526 0.0143442517837321 0.0721019547769226 0.201758504990206
0.124652682825506 0.0837283647671083 0.139533736372774 0.182083697100061 0.129258398014094 0.266996139871489 0.0737469810489678
0.170838605887997 0.249487351157936 0.284927733869964 0.106959433810939 0.00531634569124767 0.100041866118496 0.0824286634634197
0.0827669698162473 0.138208181440409 0.0368762294373048 0.31696092186544 0.10816025779054 0.204782727624744 0.112244712025314
0.0509424399478818 0.173103502456994 0.264841720634997 0.0676040311429335 0.0795069165448869 0.2411940902852 0.122807298987107
0.0620911234586609 0.141733318493099 0.147535713494633 0.148848552871042 0.152861147712813 0.161815273531475 0.185114870438277
0.194241698906854 0.109647118555783 0.375211275515113 0.0483305157260333 0.030825512018946 0.0536080003820912 0.18813587889518
0.0715534116252304 0.176031372450277 0.19948411850673 0.0132384145195971 0.0996640420113501 0.29095905458169 0.149069586305125
0.0679819847274872 0.0417426680302276 0.162229232708349 0.186373979437749 0.191732492463558 0.23589181165336 0.11404783097927
0.144689446356912 0.231867426660998 0.0341994599974532 0.0964114440513937 0.0181030681329661 0.273438532834089 0.201290621966188
0.118296329402472 0.201374432673375 0.202523747093887 0.0887110160251636 0.0473613377209738 0.149653707990263 0.192079429093866
0.245236318482862 0.111995027265422 0.16213935144308 0.0638328120002198 0.169429620692845 0.227731918793254 0.0196349513223167
0.189150776026983 0.0642696091220819 0.143238407291235 0.141144743946963 0.0928766209851492 0.158811756429403 0.210508086198185
0.164682243965174 0.0666950833576687 0.172814207667377 0.0706228272565984 0.0530355222334216 0.253827533253445 0.218322582266315
0.0867202766516387 0.307486943670082 0.123746105199068 0.27214187773973 0.0489117510552949 0.0760562454708928 0.0849368002132943
0.214180029109791 0.137193848630721 0.105617942900344 0.206934463230346 0.149413279248508 0.0680253538569894 0.118635083023301
0.0347691765282122 0.0883938032140056 0.165077560672213 0.284666649092091 0.0625962711205184 0.196181517466191 0.168315021906769
0.206422418532814 0.176108363793405 0.0774411609150729 0.117738061439624 0.138704738469645 0.190655026868443 0.0929302299809958
0.204585830033036 0.0388715932011029 0.060283104088329 0.135505105575475 0.206559156965946 0.264037418965169 0.090157791170942
0.133203423293269 0.00152582280067235 0.244829991407334 0.152335353502929 0.0833499971713001 0.1521623525076 0.232593059316896
0.271006650280286 0.0110470013315462 0.0833926208017663 0.163481783801399 0.108885312727121 0.0817083757582861 0.280478255299595
0.030835135578282 0.11072111605199 0.121124135315885 0.189976588306983 0.225564248249053 0.105306088458584 0.216472688039222
0.0962869655984563 0.00236437656457467 0.127080203352252 0.14538658950289 0.115119730729776 0.187889603820912 0.325872530431139
0.162513650119958 0.143372104138779 0.185084922918108 0.0932228829821593 0.110351839058123 0.0939608678933667 0.211493732889505
0.12792905062298 0.15393835405623 0.0301045484492703 0.28263870522113 0.183274866011818 0.196111669515619 0.0260028061229528
0.165270928290442 0.0430722191323732 0.118538737555635 0.190656755919486 0.182182594266485 0.121628924961759 0.178649839873819
0.0351815450159542 0.0618897844789581 0.414379671531219 0.00697650604486211 0.222191207571448 0.167063960662298 0.0923173246952607
0.0237569491990304 0.181690664044388 0.231219562838032 0.0237153997979288 0.216960558390304 0.121579232251107 0.20107763347921
0.174264406334591 0.23396023598541 0.0689025290773481 0.0780687861140374 0.100263875395786 0.135594933766286 0.208945233326542
0.0236448335467953 0.0375865602427315 0.277749475179548 0.242619863880092 0.307715055128217 0.0187851181013649 0.0918990939212509
0.246985474062277 0.138773501447154 0.2426581395424 0.202463006010301 0.0439393160125094 0.00780286549133187 0.117377697434026
0.19036210667818 0.182875184209184 0.0595696376193846 0.124250845613099 0.0627713998318199 0.186719621834551 0.193451204213782
0.0435380706363978 0.283742667691837 0.129652857806346 0.0830612675192117 0.176344750674088 0.0336723094154233 0.249988076256696
0.168126467523996 0.038545690779348 0.0670722518269781 0.186937195800246 0.214029236824781 0.171583489347201 0.153705667897449
0.274518415817576 0.00889578436797868 0.0687022854069793 0.0347426206290878 0.133344108378863 0.217914588346927 0.261882197052589
0.171061661321737 0.228804703625601 0.21795681924296 0.0357564389697075 0.155437289613165 0.180472657329752 0.0105104298970768
0.0135613090066032 0.221286891996246 0.136524500939026 0.210734949444554 0.175869162662536 0.151826237445078 0.090196948505956
0.261994032622001 0.0536596174255537 0.222118922736736 0.0780269711224523 0.167004803665984 0.173941947492416 0.0432537049348565
0.214858099509435 0.13647190074528 0.110178370036691 0.186064937543081 0.127542683039221 0.0742736490505675 0.150610360075725
0.0462265809786996 0.266557553122167 0.223915459717274 0.0938598087266215 0.0179599359613567 0.0559764156103295 0.295504245883552
0.252422841491112 0.0714839037233049 0.090179709560067 0.186375576405311 0.172935635190338 0.201766260221125 0.024836073408742
0.0550834943513547 0.0169375973973546 0.193516773469244 0.121797815002195 0.0369522483682556 0.26849276940361 0.307219302007985
0.0400751170975658 0.0849391654576692 0.260936873958362 0.244612599899369 0.234951463151549 0.0492325398955291 0.0852522405399555
0.0883594269593487 0.111020511194833 0.231802107751413 0.130222896140454 0.183268497034755 0.0217628395084572 0.233563721410739
0.221695264023835 0.137826102175747 0.153003426148381 0.0660409383156335 0.194345889554431 0.00750767304023568 0.219580706741737
0.0939819572544435 0.0671213859467702 0.0998229214516109 0.201669377126839 0.1980536008751 0.228170607348819 0.111180149996418
0.113492181421149 0.0966503154796366 0.174024745961431 0.0751488104036248 0.187574647160178 0.18267664762593 0.170432651948051
0.0600923583859365 0.0285085072162279 0.196768289101631 0.0445439881213036 0.378835594724056 0.0384704251554582 0.252780837295386
0.202539965779797 0.240048855850756 0.0394192411353793 0.242863427388129 0.0841978287697529 0.136531788982544 0.0543988920936411
0.068088077489455 0.27148749382954 0.126930580673284 0.0888555530975204 0.0019951439503007 0.243342586022977 0.199300564936923
0.0531180183400981 0.0249753511619282 0.268930173481648 0.082229330356061 0.00324131589577694 0.213083046230877 0.354422764533611
0.0374393845453717 0.0162651672776422 0.198165075041606 0.152503737605589 0.138623892970201 0.237957465865374 0.219045276694217
0.0120622226228624 0.0948176163332289 0.381278460798258 0.0476532318492925 0.0425675178926105 0.343445704778585 0.0781752457251629
0.19228873124334 0.180629099353191 0.0838055266478391 0.137475359551682 0.165982103029425 0.0717597868487672 0.168059393325756
0.138674605076845 0.222426504270289 0.28491372190877 0.0251445039797935 0.18136448910778 0.0738481408156286 0.073628034840894
0.145483143809032 0.0839264233899953 0.166509014049881 0.194444491887913 0.202439264361411 0.110568253539725 0.0966294089620426
0.0100959768511897 0.262565320390003 0.0441048229274945 0.187213731642019 0.121512769705276 0.325524810054058 0.0489825684299596
0.122240358344474 0.051745311176289 0.332940958579483 0.0772403339819836 0.319656587902709 0.0197816687119238 0.0763947813031372
0.215614995277655 0.102258986476798 0.0116634514598963 0.230867246947858 0.124013402483616 0.0994756064689125 0.216106310885264
0.145241175247744 0.0930624613529034 0.198233356406884 0.128286120236917 0.197571601134813 0.107275930189435 0.130329355431304
0.152488566811418 0.0407620464458196 0.137084863039581 0.203146027486567 0.0373694277228171 0.220156216338131 0.208992852155666
0.0411388449502148 0.152700469025913 0.0817115955605407 0.192106889220935 0.0964601384952021 0.234606333454684 0.20127572929251
0.236806869817054 0.0090828966575512 0.252918910435055 0.0999604856669157 0.126208804653745 0.088964034043119 0.18605799872656
0.034618496584198 0.139533601034683 0.0974850822503252 0.27995232340062 0.0108677409070892 0.205490025070577 0.232052730752508
0.22891983549043 0.154014844091281 0.305277040811079 0.0660598080092725 0.103902947254121 0.0293532347231887 0.112472289620629
0.0765109755314796 0.175707253652658 0.244386846899303 0.132672767225071 0.151895392437367 0.0266460308094649 0.192180733444656
0.052520650441272 0.134524407166707 0.0271493720928844 0.164644098049954 0.231444957129969 0.167537151458151 0.222179363661063
0.107413488983246 0.141273089793965 0.0955156591583215 0.152946318879347 0.0950557107288336 0.22182547567159 0.185970256784697
0.052204413814624 0.156419803093452 0.167974180592233 0.228193312319075 0.195162154569435 0.0376032993569176 0.162442836254263
0.183660143205012 0.145243802815971 0.10482963796291 0.131603647920162 0.223655551728435 0.030567349884377 0.180439866483133
0.142090181146391 0.186875152628903 0.18506885526965 0.0106417785846675 0.119113601312147 0.213953305609792 0.142257125448451
0.0350370930069586 0.18401251708159 0.183258626357655 0.0409151675091848 0.102113553430987 0.140408155233148 0.314254887380476
0.140486705609343 0.0500742735091399 0.0831222243425458 0.0719254820083599 0.273089792429841 0.179395691628296 0.201905830472475
0.134089489308991 0.131192142473282 0.129830836377716 0.170442630309624 0.184442639620268 0.210178491642693 0.0398237702674263
0.100399844055982 0.220495477184503 0.0497280652285866 0.0828042779660101 0.265874107147839 0.00261379867717797 0.278084429739901
0.0287106288298436 0.21633242363793 0.109946768852955 0.0956388065842638 0.146249110508501 0.161368845643246 0.24175341594326
0.0934431823143021 0.214068846008112 0.113167070036383 0.068859341262476 0.136644632430356 0.172992786480353 0.200824141468018
0.197219725086513 0.0311096920658654 0.240085055830427 0.204528178523682 0.186941663496337 0.100840345220482 0.0392753397766928
0.207815642118 0.232247815339756 0.0463786126110911 0.224669801687733 0.145989983609361 0.0163789479386628 0.126519196695396
0.0255660497213351 0.308434542420186 0.353948255980923 0.0701371240147491 0.0900337031824091 0.134565224679492 0.0173151000009051
0.119488682344589 0.234811612739846 0.128563343747517 0.136240455551529 0.206143457411685 0.0264619072772083 0.148290540927625
0.130065299510931 0.205988121482072 0.207547069921507 0.0319722216690066 0.20975539227812 0.198410107792249 0.0162617873461136
0.142954321927342 0.0423482576637879 0.106479773188392 0.262637468982795 0.0175478581550911 0.22772448920487 0.200307830877721
0.00465800304950519 0.249626322337523 0.0607472011624093 0.242061987122255 0.17819419475658 0.151041277077782 0.113671014493947
0.199557237477813 0.0581097964832465 0.099702665038071 0.0693978045608872 0.216335807274352 0.157298689299227 0.199597999866402
0.0664038152693375 0.00238471349737677 0.24320100244567 0.19001120098168 0.134864637631672 0.125746128314586 0.237388501859677
0.132796115872374 0.213588622420238 0.23136612361293 0.109421392638351 0.154119204001747 0.0577406784586973 0.100967862995662
0.318118447383664 0.319943417176529 0.0049716790482839 0.226165154539536 0.0720804848915315 0.0225055041413654 0.0362153128190896
0.154787315649186 0.113691786910439 0.137735602496329 0.160776721795734 0.0670206111178299 0.188612162884979 0.177375799145503
0.00693755328878213 0.102755115486922 0.163180805588359 0.120206830013096 0.131595428104767 0.238208376691803 0.237115890826271
0.0515084988994492 0.129191689463588 0.18362682260019 0.202355132515771 0.193429615864482 0.0622039759855536 0.177684264670967
0.00380881811415881 0.210404189022394 0.0686128670827863 0.185340442712617 0.239416205782878 0.179025825873872 0.113391651411294
0.197313793224181 0.032711479272641 0.0951162479457895 0.251189385976955 0.216710917423191 0.180749909675029 0.0262082664822139
0.321682875441094 0.422377087802366 0.0215931962368121 0.0871433321705625 0.065211967883234 0.0262823073167552 0.0557092331491761
0.283732752743433 0.257797006380099 0.0370710798899023 0.147146969973134 0.0740695265070877 0.111997854700005 0.0881848098063391
0.0126342786639379 0.160484684028579 0.202815375532273 0.0768164328245414 0.160589896336304 0.232100322230585 0.154559010383779
0.141020030977456 0.188543916620728 0.0205606673536666 0.127599061195455 0.242314686086141 0.13159367485796 0.148367962908593
0.189408734541693 0.0687603519676353 0.101235917735738 0.182955820333951 0.207412358371612 0.0599100460652397 0.190316770984132
0.0608313305074147 0.0430383349445542 0.0823482452095629 0.284523432143804 0.229924289694235 0.133934384813681 0.165399982686748
0.23109197851112 0.0872136742334605 0.0441873652057664 0.00172649041604781 0.174580906184514 0.273860046900026 0.187339538549065
0.0861406638851675 0.171065506292216 0.12009979643454 0.166563909909095 0.183954577255542 0.118784012342732 0.153391533880707
0.171505951689042 0.0566042435187183 0.15957493147738 0.109918492237539 0.164705354067188 0.144390785645937 0.193300241364196
0.230851763582787 0.159848039426186 0.0239034179072918 0.102389253678441 0.120872140968306 0.152593730683055 0.209541653753931
0.171194482129413 0.275190750377139 0.185842697811616 0.00615737783040423 0.109765549419904 0.0333890643909531 0.218460078040571
0.0611524624641702 0.157044144878123 0.312578720132686 0.117183208674483 0.293204320922792 0.0324980450840521 0.0263390978436931
0.225526507118165 0.101786644222829 0.209978538459374 0.0712920914533153 0.00184825472251933 0.231622693956208 0.157945270067588
0.274729122121013 0.0583636642034868 0.0201925915688326 0.168117505314461 0.241315163540149 0.0816096586755485 0.155672294576509
0.0102472810096115 0.324358568267387 0.0320311733369287 0.0745108137667381 0.251768464810508 0.0410254095416088 0.266058289267218
0.261205873730183 0.0906368924364783 0.0524543604679723 0.0664739755781473 0.0997361378054238 0.308818868717067 0.120673891264729
0.0804632599291114 0.121525516355937 0.1225907864243 0.199734452307703 0.186917840518463 0.102798956605595 0.185969187858891
0.0378008809376225 0.0433228373240563 0.269579386609005 0.298085292488704 0.0656664264024018 0.177403411330308 0.108141764907903
0.00931736408994971 0.208288352279793 0.186556694059843 0.090674186558296 0.0826108931651365 0.252414867398461 0.17013764244852
0.251713480296959 0.0132819356594018 0.0353039573107643 0.108623870245254 0.153075128986628 0.23335825519276 0.204643372308232
0.223020952869329 0.185366532860256 0.137141226934947 0.182015716147266 0.0608548378232129 0.114194688721597 0.0974060446433909
0.149244489789962 0.0207178445374415 0.243134941309293 0.0751913869651735 0.360229126615407 0.123309289649222 0.0281729211335003
0.143772014846234 0.0110305353575013 0.0445886819906941 0.164891172706898 0.331685437991328 0.287273103735936 0.0167590533714081
0.181991685758374 0.00400582033588846 0.119652825190871 0.211197035062476 0.211780407228425 0.123395980173972 0.147976246249993
0.204864241412525 0.208031188018527 0.178674386292958 0.14641002876553 0.0300566736694521 0.022908617616249 0.209054864224759
0.232496789005584 0.0755033147559817 0.141951596555257 0.0879135982419903 0.22676840663448 0.201986050416707 0.0333802443899997
0.0615266908466915 0.0428355979420063 0.301520007810782 0.228751887661354 0.209571295133846 0.0993739974894467 0.0564205231158737
0.15207946308622 0.121826403265124 0.248259545850165 0.055428885120153 0.243676505981768 0.131162351577322 0.0475668451192472
0.335314268833057 0.0803028665449265 0.0525193685027497 0.246111238077375 0.153017816897302 0.120909923655622 0.0118245174889671
0.123914126730132 0.13434900474924 0.119803773645547 0.0942313276861512 0.175227157745184 0.161841809422799 0.190632800020946
0.169576983071021 0.359434830438627 0.314471129776324 0.0430236874026979 0.049391164203374 0.0185293657979805 0.0455728393099759
0.240191702174739 0.168838891771769 0.0589580938260502 0.156976094340026 0.197127971403559 0.0310252411928741 0.146882005290982
0.241215240418904 0.0349823302627684 0.102185974840158 0.0358166632009098 0.263702996434482 0.052360579017062 0.269736215825716
0.102329170561905 0.155785119242055 0.22895657257888 0.113755646718756 0.208933585536196 0.166271710021247 0.0239681953409617
0.225042285060437 0.196874762384097 0.17433669286638 0.13578920139943 0.03408572208929 0.161729090032208 0.0721422461681581
0.137788643798169 0.261808808384733 0.116385215644626 0.14214389632156 0.0384716544591253 0.0735848328650943 0.229816948526692
0.0671657883748057 0.231695421255906 0.0767020406589487 0.104060900074979 0.0857056165929593 0.245917111360012 0.188753121682389
0.101496576018645 0.193368294337972 0.106634242839084 0.0774388621740589 0.259706128507844 0.150599187487936 0.11075670863446
0.166273609126715 0.215068782139797 0.0255278532336714 0.157426493483266 0.181298249844084 0.0529779804037557 0.201427031768712
0.115486947946552 0.114757642531253 0.236575106292575 0.156091951630719 0.118937943868455 0.226518792707385 0.0316316150230616
0.137214601773587 0.106139517245297 0.176372065411469 0.167784401215168 0.206161797961199 0.168066660029371 0.0382609563639099
0.119296551420085 0.335852462104048 0.0673039973341065 0.00224681150163431 0.212824673986798 0.129235032546607 0.133240471106721
0.266137208264305 0.0204716493652657 0.0506651386572016 0.116991549966888 0.235971195754019 0.207584847401048 0.102178410591272
0.15185694830179 0.0417393756760161 0.10135359434281 0.138815397859094 0.265384256822063 0.0491938867171122 0.251656540281114
0.166788920419533 0.129825637675195 0.0228117256091847 0.158848293783022 0.0823129448760583 0.342347200319109 0.0970652773178985
0.233235407738675 0.0935600470992202 0.255544544176621 0.204703369155412 0.010057107274746 0.0685261289695809 0.134373395585745
0.0286256892114813 0.158288730923051 0.173641059653825 0.167882962675358 0.173027972022271 0.111930710126452 0.186602875387561
0.0700424682840122 0.236791571257778 0.160193611077799 0.0640753376010866 0.243685313145891 0.189032354118823 0.0361793445146087
0.120943265660012 0.124131878444118 0.210015799348481 0.112223719145577 0.198258161443233 0.10854133713084 0.125885838827738
0.0760548640135046 0.15722793015801 0.226107995377394 0.0875915387935596 0.210843009224783 0.0733483244300372 0.168826338002711
0.0956526182521751 0.0301568542840658 0.120926415215058 0.349694946893998 0.00856189267048326 0.164173272365709 0.230834000318511
0.349226322354342 0.0780208381464907 0.0536799599048485 0.166383926123076 0.0424930426722896 0.0994850930915239 0.21071081770743
0.208211891523752 0.0199507315824821 0.146055300768973 0.199039117707249 0.200513241770734 0.0934208493686106 0.132808867278199
0.16760707203764 0.191584298869377 0.0582659816886786 0.0811589546230332 0.128399689813762 0.193345499990691 0.179638502976818
0.244981502118836 0.097874713632103 0.0428100990404064 0.183485638016641 0.146108975199539 0.0929678072927726 0.191771264699702
0.205180632359965 0.254783155445166 0.0754845006038502 0.190252351046451 0.0773592662509713 0.0916163703040776 0.105323723989518
0.150872331258993 0.0771865411651981 0.157123267232464 0.136010398237159 0.1935120473769 0.15066658323546 0.134628831493826
0.0527757176585751 0.306078318498747 0.228204058503262 0.0417615685717056 0.042526150724091 0.0324598454988629 0.296194340544757
0.00180885473551928 0.17102979498791 0.125039504897275 0.205045809432648 0.153264692403297 0.122368502339738 0.221442841203614
0.16464348226132 0.112839539882106 0.0248899293824352 0.0546075606314025 0.218523054622753 0.236372705318068 0.188123727901915
0.022598131579132 0.180003117127485 0.130110106303024 0.182966216199238 0.170957728792079 0.183522997733843 0.129841702265197
0.12402707578846 0.0558847101384054 0.156648044250067 0.211572326473904 0.122226517208887 0.195221537045165 0.13441978909511
0.101663574398669 0.133968210225504 0.177681970293 0.0924152800691223 0.198663844791908 0.141951888471924 0.153655231749873
0.170314657170144 0.305082084603616 0.15896144877137 0.0282519996480852 0.00698600883071414 0.00609835335465854 0.324305447621411
0.231407721576165 0.0836500897762686 0.0130119369813217 0.155834078124378 0.222221112207353 0.117354485326828 0.176520576007685
0.0253632410235071 0.0652487183864425 0.280743311219455 0.0952561223282654 0.19147456447786 0.12375701206995 0.21815703049452
0.265166919013535 0.0126195802181918 0.0492990944721975 0.00579048509456138 0.00170823181899268 0.419356315473588 0.246059373908934
0.105786063768708 0.109123426035036 0.0767474470042169 0.299781439310119 0.234667834019815 0.126973715517883 0.0469200743442223
0.159063217567381 0.210078115973382 0.215728903732869 0.0957535463329428 0.194891047003974 0.032756518317938 0.0917286510715136
0.0589012651732766 0.203575229245734 0.154277472353948 0.189444533636472 0.12243301290223 0.207746768733552 0.0636217179547867
0.148888663717209 0.111937274021502 0.143684789989305 0.129693191739061 0.236554364591939 0.147516268868371 0.0817254470726142
0.155215928508029 0.154343637550245 0.187953264322023 0.182538860745189 0.0119070838019243 0.120395707735357 0.187645517337234
0.311080928530579 0.151381020000574 0.0382998677141002 0.132172240774003 0.110870671877356 0.101577255537621 0.154618015565767
0.191422276227867 0.0116074003432367 0.075271989100131 0.223369090647751 0.141921430594722 0.0919038146567104 0.264503998429582
0.347300154966624 0.0170244557187249 0.115044987884424 0.116861954766245 0.0630114763981711 0.105773910892097 0.234983059373714
0.114095874465244 0.259517492340512 0.0155647130860298 0.146814731619779 0.02277775423322 0.130213775260282 0.311015658994933
0.235575632355582 0.160366470623086 0.242467522638259 0.23474122484102 0.0669157480494287 0.0191375963851126 0.0407958051075125
0.0837259819783303 0.238211253323124 0.113523099501838 0.186283466826794 0.178426482994154 0.150234148590846 0.0495955667849143
0.219325287465995 0.0426293607989998 0.244737709171002 0.189454782499246 0.0579808892456264 0.0503458026305892 0.195526168188542
0.0780810659445728 0.218005876598288 0.125436668507838 0.231572554189752 0.10968713620302 0.0549156733140614 0.182301025242468
0.223823374295666 0.276776885438622 0.13705184059332 0.0753126814491332 0.0200111422554968 0.0494746655266677 0.217549410441094
0.017144808275279 0.179311728878814 0.176676775599501 0.196722802385169 0.223011003903442 0.162372164535787 0.0447607164220077
0.198975338648457 0.116987038104586 0.214535176550601 0.0782536650074936 0.107168975471687 0.154845687808047 0.129234118409129
0.21004369498369 0.203795524153669 0.0988221206738668 0.0164284863385463 0.181429781935759 0.0768774978913345 0.212602894023134
0.21681327228542 0.0982413922717727 0.0887663656749671 0.178401895600929 0.121141976345182 0.0706291427168153 0.226005955104914
0.031561569531333 0.0703338354615958 0.125147711939164 0.0548779193625582 0.267348327990476 0.232725046180119 0.218005589534754
0.182252282145039 0.0328480236838589 0.115960553021191 0.0391274055946814 0.195487558243397 0.20811275293882 0.226211424373013
0.183008811331416 0.270902805950068 0.152326040495709 0.205498274737177 0.0475424165406223 0.0159869788367131 0.124734672108295
0.0971197659516597 0.145524238837602 0.0594502417908056 0.272698843130249 0.287107738333454 0.0739980058252542 0.0641011661309758
0.0565955331566372 0.246029539808663 0.25898939125304 0.000957150910983071 0.204309845115621 0.113218530838064 0.119900008916992
0.0521930708570162 0.315408607500749 0.231119934757555 0.0931406667750533 0.111074866099622 0.0343002339508205 0.162762620059183
0.169137714654261 0.190956873345621 0.158478514163883 0.141437179427731 0.16430617471397 0.0710149431954335 0.1046686004991
0.127257676807315 0.0432752707688167 0.235143068630565 0.184700040725132 0.176268193005242 0.00243586066141373 0.230919889401516
0.115426645715931 0.0473361217206934 0.21438811708811 0.120680986156595 0.157531521479842 0.225121379935149 0.11951522790368
0.00931547327630849 0.089144671064801 0.113516788957835 0.252864717424174 0.273499430150842 0.16899624565191 0.0926626734741302
0.0154097186439241 0.231967360038799 0.0920920510374811 0.167566972271676 0.215874511572734 0.130926952061729 0.146162434373657
0.151976447312992 0.161403403980102 0.207627673396887 0.185301676350456 0.0597760039636408 0.0651322328009842 0.168782562194938
0.177770534385131 0.126566750654993 0.0830958225910697 0.0805788075026759 0.264336331592534 0.0768094728916541 0.190842280381942
0.223251949092021 0.00104060329146723 0.181535175958775 0.00741324541261109 0.270172109458358 0.0755068645849477 0.24108005220182
0.00632435324917009 0.264958995005264 0.135127292172829 0.0906147681379753 0.294537633499141 0.20175008062664 0.00668687730898121
0.0321850556648984 0.173944686631933 0.0439174554252062 0.229122121206 0.205320867630267 0.00422464616053163 0.311285167281164
0.189045839046164 0.156182475375623 0.0853308191789493 0.000614207266800534 0.251075203206235 0.19958452609849 0.118166929827738
0.161482813180664 0.172352855347093 0.00773004792393055 0.134034308228195 0.171089795303163 0.208475462457039 0.144834717559916
0.313944553695923 0.114787778744614 0.0854718919812675 0.0469942014238297 0.131088897617817 0.19744986668068 0.110262809855868
0.245853291900271 0.150313403810872 0.154931019107514 0.0678144181705287 0.218241573747023 0.0958588551236796 0.0669874381401116
0.0683675362476885 0.0704460458341873 0.0946774988550903 0.128930058802594 0.224592914058396 0.157123046407422 0.255862899794622
0.109986373298562 0.230964481055945 0.181218362253578 0.103285086541454 0.155510699612701 0.00754098475386816 0.211494012483892
