0.0957047585405325 0.0384442673840624 0.112778608613934 0.129849103009197 0.112899673916246 0.0704186897215698 0.207319289002904 0.0678810290135165 0.164704580798038
0.0606519881495702 0.17005448719472 0.072736402469653 0.204408143490279 0.0470852047025067 0.0670175215112069 0.0205187854536797 0.107731059267048 0.249796407761336
0.112525703215921 0.0316143689704657 0.00543925294523632 0.0939565539895641 0.100711083027517 0.222325832550729 0.0865335767747523 0.238356172325297 0.108537456200518
0.116273199499728 0.0775974774497662 0.00136369044717482 0.0335696922633941 0.21285382196646 0.142048731582567 0.0456638903775682 0.206019099408386 0.164610397004955
0.150763594206526 0.202678143574433 0.155899451895205 0.0458871919761875 0.00712277659769276 0.0344163377566819 0.166938119061987 0.209853506355629 0.0264408785756581
0.145748662210273 0.107221506902559 0.0132059065991851 0.158965971907626 0.10485520151979 0.148749903040715 0.0127886633976119 0.162976253543686 0.145487930878554
0.00519347533120639 0.0528356610258129 0.182796369344892 0.0971095480528823 0.196611182465178 0.0371066285659533 0.0978756215709963 0.185648506154807 0.144823007488271
0.137799522025915 0.0987866318393924 0.028203381168017 0.0755524035386937 0.0871266776104956 0.167145585392592 0.0489594261569656 0.16303922641174 0.193387145856189
0.0645892124580187 0.171033429252255 0.0998631876435127 0.110777636791264 0.0759583616412519 0.162775048008485 0.0950156691832095 0.102597204815043 0.117390250206959
0.110433544570097 0.025244858082537 0.175791751356896 0.171794890671024 0.0673442595623306 0.226986804219446 0.0171664376468926 0.19906653020487 0.0061709236859063
0.116530445501951 0.178979285347141 0.0379770437630028 0.0289351711208127 0.131214985920079 0.121431320642471 0.183726750270108 0.100249583064324 0.100955414370111
0.141856937910201 0.188031885621169 0.0916599915067632 0.12501377044816 0.0556278044028939 0.0125135057873661 0.0267396164375143 0.125677014136443 0.232879473749488
0.0410113247239453 0.0322379336712511 0.065179377047183 0.146686353278313 0.200388130566858 0.0141841228195739 0.148243300247488 0.170836854985762 0.181232602659627
0.0472022716995762 0.101223626792668 0.0141388362286055 0.1447983782658 0.158904405997458 0.132271419968815 0.0860951274717325 0.151430997025357 0.163934936549988
0.0600337099089189 0.177200940110251 0.166119464787263 0.0169120877107662 0.115937659670718 0.15078863244062 0.143307125623299 0.00238582646757616 0.167314553280588
0.147582740575972 0.166992319179692 0.165566932718076 0.0298250603197423 0.117837864922921 0.0704784238331973 0.0807251553941294 0.189313047667582 0.0316784553886874
0.168063901170299 0.175835843547868 0.104502658550075 0.0952181261434579 0.0770796208326915 0.0173172784610631 0.161682871380995 0.119147230672169 0.0811524692413819
0.230657888946348 0.102735857473231 0.0440669544039257 0.184087514699432 0.130167472172058 0.132487521077669 0.00148414846138758 0.0972325576485202 0.0770800851174291
0.175265952809598 0.17203800607775 0.127020898700154 0.0771791738703379 0.100101232304892 0.151230154300135 0.061665264660769 0.0979514105407819 0.0375479067355812
0.103137575303497 0.219896241310311 0.0731716252789931 0.11563859124512 0.153194130841833 0.0560690766498324 0.144331675474095 0.125474376078533 0.00908670781778608
0.00150341714296336 0.192242373031746 0.117275193773302 0.144057414745504 0.144049034615439 0.0507927693295002 0.100490726325617 0.17029614960754 0.0792929214283887
0.15586564091386 0.159923802590412 0.0292501178364077 0.116365614227885 0.123738641874014 0.161029899714264 0.0322954764552182 0.130668444307961 0.0908623620799781
0.0273735162880682 0.177809245121296 0.0494356305885274 0.114275423602629 0.0780568518455633 0.169362759936122 0.155854693773531 0.0592299603370562 0.168601918507207
0.207004912609397 0.13325643126524 0.204828636134106 0.00119612303943876 0.0581579782459634 0.17474493639642 0.00838987299460203 0.180449135909858 0.0319719734049735
0.103860100349331 0.0970809978160867 0.0409533141842892 0.1527744855095 0.120376378743405 0.0509074613191745 0.131718780310122 0.145636158833695 0.156692322934396
0.0780620315592971 0.0203724347364089 0.125468614895736 0.215671423476844 0.154971366401146 0.131330922386254 0.050226663950291 0.0543899704720186 0.169506572122004
0.217253078459284 0.0425451696088659 0.230289318211941 0.0691435439141843 0.0488616879187092 0.103266757638829 0.0535090446454674 0.0484722076177641 0.186659191984955
0.215319214518944 0.207623370809786 0.105850225720088 0.0917696309735474 0.0137419655506084 0.138714737926496 0.00627112384541861 0.116355670864752 0.10435405979036
0.217402894121516 0.15887857389612 0.0603394799645414 0.201730513239641 0.225084734435334 0.0680471400605636 0.0324879955258535 0.0212899332627806 0.0147387354936498
0.109358244063032 0.0799216469587921 0.0156976338731985 0.178611693500536 0.146301992213474 0.167411632907239 0.0143206285736401 0.13738059508734 0.150995932822748
0.00403374916384908 0.0182469628791937 0.0257563970911138 0.178627071454407 0.0959647840699302 0.204904734615594 0.135312125291447 0.118067191556708 0.219086983877757
0.0204838016097733 0.0150537073896362 0.19777436235293 0.0870957650501178 0.00803314341013075 0.121146454257453 0.1133134132483 0.237235021832412 0.199864330849246
0.012762238135214 0.225461728216964 0.113296118634336 0.0685793179325867 0.122983498965995 0.175374484186373 0.0859834488620938 0.104720071288327 0.0908390937781108
0.0935203428390333 0.060580754505912 0.121277874534133 0.0816543267174486 0.0893832619546358 0.142965704766238 0.050996490582362 0.199223784061666 0.160397460038571
0.080510380045797 0.125636555144757 0.0874306298851396 0.193453991632174 0.130226033513644 0.00820439071273433 0.162696850713819 0.198108114295317 0.0137330540566173
0.0373644676312363 0.158522272919387 0.119754433249444 0.000996278164744299 0.188681114330512 0.107731135018676 0.0669269115091498 0.117608340880468 0.202415046296382
0.138333794530756 0.121463231111834 0.128409667642061 0.119048982995873 0.0945422742638372 0.0379634894646907 0.132896154667143 0.124111817471467 0.103230587852338
0.0893389394666993 0.0724485052723947 0.116933539136475 0.0652772063112174 0.282359048501907 0.0121360952397844 0.0300464759194678 0.276577119890355 0.0548830702616998
0.0779722844537254 0.1941176268332 0.0110271068117885 0.131011446025785 0.0403966319870381 0.204986401622342 0.177068573607268 0.00239666792294498 0.161023260735908
0.0510291984066986 0.0469300807115073 0.11348687355321 0.0136660070985825 0.0596810120205173 0.0175046368954353 0.255844861334542 0.208607996414206 0.233249333565302
0.275582181204578 0.108395614312746 0.0239308052491183 0.153874258922516 0.0290865880813177 0.0566757226167334 0.0356956181506697 0.0691652869868738 0.247593924475447
0.170373375374851 0.12451531400144 0.0820394342905111 0.207196552861652 0.0232768909629625 0.102451407069567 0.176583477395933 0.0846275426806775 0.0289360053624067
0.114069273499046 0.129073493194564 0.083276838870766 0.161583299731516 0.142218790485525 0.133604013337363 0.0143030638595747 0.0671342659725517 0.154736961049092
0.00803659261616564 0.16979119016557 0.113274226085689 0.171344736667278 0.0675464029888177 0.191114858504658 0.0672148908840193 0.146265231914804 0.0654118701729988
0.130634558458883 0.0542244806500129 0.105657760336247 0.104012454368617 0.104595943897115 0.0858625188088065 0.166239257738545 0.103540112841693 0.14523291290008
0.088375945701917 0.197882714692274 0.131388172562272 0.106864102930564 0.121646210008634 0.16850969568294 0.0491804070879691 0.0221364281973703 0.11401632313606
0.0998855223219034 0.215446534042612 0.00720270057130346 0.016268114719465 0.138695650934555 0.0813476116138299 0.133082554600602 0.20863889002573 0.0994324211699997
0.246587476589252 0.234800817842606 0.069538448814558 0.0757880946890142 0.0427407927709723 0.0173388739540824 0.0761418577289886 0.202211682789423 0.0348519548211037
0.109131839210295 0.0508055940836283 0.106343333858102 0.0310722855781459 0.0864924974806355 0.0476224031310803 0.275533016398085 0.0363765672944448 0.256622462965584
0.153394504437976 0.118532965597992 0.195414519283917 0.103174494478957 0.138969751546626 0.126851320243945 0.0429893015324059 0.0849318177522453 0.0357413251259355
0.127251605732883 0.00997589553708754 0.0725209732623613 0.11760652853377 0.132629412356005 0.183062722492573 0.18000877000365 0.0624330341342633 0.114511057947407
0.192712772798432 0.159457065215664 0.128749106576639 0.00775310304849862 0.0147237818414345 0.111596207258087 0.0334098003072167 0.197924899172066 0.153673263781963
0.0747898723082322 0.177782147960888 0.124966274723139 0.128668763311775 0.109611622532632 0.131740138491726 0.175951975561251 0.0693983478024115 0.00709085730794473
0.153038582512614 0.0784798992921977 0.113393411919016 0.0880301027536645 0.167444615846987 0.0953470887141073 0.103252930992586 0.0989027742697391 0.102110593699088
0.0224378727437968 0.0282600598521759 0.192376180235691 0.0391053959331295 0.173937413697177 0.109610011698492 0.078897320527795 0.226073056796765 0.129302688514978
0.142248294294072 0.0592830789724677 0.156070700232359 0.111340529915291 0.162006473646804 0.0395388732523597 0.112616220413961 0.0866025194695566 0.130293309803128
0.141086264713743 0.108711745010737 0.0664193959057536 0.13763271113777 0.157228067762932 0.0352838130465444 0.0729258107615916 0.0906697903422416 0.190042401318687
0.159776894840335 0.0859344540377977 0.230939862593467 0.160146135390601 0.115396031768661 0.00831452652470615 0.114513113065696 0.0765357086383524 0.0484432731403853
0.176409677939838 0.0347084520146083 0.167462060272426 0.13019845007955 0.128656185560545 0.187637512640639 0.0769232694231839 0.0538961096795635 0.0441082823896464
0.161944549636833 0.177008291180392 0.0726631548406619 0.122002893663256 0.0515179499789543 0.149953211812226 0.12197353552971 0.0156586421006235 0.127277771257344
0.126568863784964 0.0936296568333114 0.138021472946887 0.127895813451984 0.121823983897981 0.0470583292611133 0.0881403721092954 0.123357892272405 0.133503615442059
0.0156207118672458 0.0617342859759945 0.152046633850427 0.234098656404506 0.161750855190079 0.0758455765968099 0.014122550294412 0.071634859486985 0.213145870333541
0.238041431429233 0.00231037779080165 0.103949202944603 0.0579197042777591 0.109092311507288 0.169959932529799 0.0250168388396471 0.161386506352221 0.132323694328648
0.171443433144734 0.0602319656587526 0.139722666587212 0.124436706096071 0.103296985119688 0.0804392005083849 0.0422963699092018 0.159794438229924 0.118338234746033
0.0844326394765634 0.106312808756561 0.10008552221088 0.000810208358594869 0.100542440257951 0.154934745282096 0.107370058515035 0.166950745476784 0.178560831665535
0.14865486459986 0.0964373118368507 0.0742475376239076 0.15820407371814 0.122586817825669 0.157863305219372 0.0222958816386113 0.175498875034037 0.0442113325035514
0.13116601356103 0.173186125913776 0.0608547221147383 0.0593329508847193 0.0150729029871307 0.104327202269778 0.149835161336688 0.155033800146635 0.151191120785506
0.112488197012958 0.0528214184337822 0.0802429112834895 0.151389933056111 0.130627961661837 0.0869394633139585 0.123380639403843 0.0729049780767864 0.189204497757235
0.242703695014706 0.000126883717333215 0.0768180722401677 0.0076765393638609 0.193940447467308 0.217060560634025 0.0358691999949516 0.0141904082256278 0.21161419334202
0.132160790288651 0.135037235496545 0.128880568813083 0.192239827919322 0.00476382121828472 0.00973171928571845 0.140553743046932 0.181439091940415 0.0751932019910484
0.241359303127107 0.0357535651425704 0.0423576381303825 0.047508150164186 0.0557038201358297 0.212854636870006 0.0565037468717108 0.184438148272099 0.123520991286108
0.1713389299176 0.0994941003245318 0.15241313632496 0.0449239079330524 0.136025551564417 0.116211782974496 0.0829021179916745 0.080891803655797 0.115798669313471
0.128695172078231 0.147056318033473 0.0577035682379588 0.172404303023983 0.0291611847895891 0.0901763410896635 0.222426676997077 0.00238171996814777 0.149994715781876
0.0774064379352748 0.154341922253573 0.120482217376267 0.101355023096044 0.169012098584029 0.11434246188316 0.00492023495417441 0.114036312964349 0.144103290953129
0.210307824172696 0.0636161779352902 0.113470608381485 0.158391938648707 0.0721090053368762 0.0347173201312917 0.0603762552556063 0.130061220173859 0.156949649964189
0.114161385399277 0.109872051034227 0.158901215799309 0.118581071561012 0.037779342567685 0.0170125694864818 0.131968894068314 0.184048493905449 0.127674976178244
0.0842942324671761 0.0135133104182897 0.0759465799936144 0.128517164805764 0.208044265760174 0.118256810726567 0.134383800116399 0.155559549919083 0.0814842857929324
0.087666231409842 0.156092190904359 0.199012677519833 0.0740670377372099 0.00756352244616833 0.074424641513603 0.114663830581216 0.245911233252417 0.0405986346353516
0.20037364729748 0.15497126177849 0.0931095405117483 0.0550092000374065 0.0435385749421864 0.0931830241486571 0.131466006058809 0.0826443794010553 0.145704365824167
0.164746332733373 0.00365211741884772 0.236451205009032 0.116984965474226 0.00576749506134392 0.0998957877889212 0.0563641035193014 0.100015765327055 0.2161222276679
0.0947881489500945 0.0904572955449626 0.117059909944501 0.0241429649085773 0.141712612923135 0.148389351474361 0.0853941335840035 0.13053904154048 0.167516541129886
0.139002816543679 0.141913168091703 0.0708554594796656 0.0697806871859521 0.117093860260724 0.123342637438845 0.113702905224165 0.144271959210914 0.0800365065643513
0.00409633338099634 0.182373948233857 0.172977914793934 0.0346330771736071 0.163480029348586 0.202699426275714 0.00972164135423129 0.151497475432035 0.0785201540070386
0.0593246011460455 0.141613666808431 0.0688826827965143 0.147896256090041 0.128490026633016 0.175662864100819 0.149776172129801 0.0582693832161046 0.0700843470792277
0.00629389150822657 0.0427287393134511 0.173209285188482 0.130978151177952 0.16363994356516 0.13085795935356 0.200906184222386 0.125928628469909 0.0254572172008733
0.0839709498148774 0.0462881839237867 0.0499810467460081 0.215578128233748 0.207036190673612 0.0189779001660372 0.0750677316880828 0.00721982767819168 0.295880041075656
0.158584422660086 0.0887406577719476 0.17213537239017 0.035161614269799 0.101957782171502 0.0571056353893847 0.188650084847222 0.191334022788902 0.00633040771098719
0.109535986294012 0.125576312620742 0.164350662848735 0.0105797345362011 0.166949512715574 0.139618809086875 0.263997085405522 0.0116675478462576 0.00772434864608245
0.0453957040416208 0.104516346108589 0.147841505099614 0.103372320563853 0.0912448226078664 0.0295135472754227 0.130744312344875 0.179566716015994 0.167804725942165
0.129868607005922 0.102313812353252 0.181352862010211 0.0981638600072478 0.033222546382549 0.145754926943763 0.194106997648097 0.0287511965278826 0.0864651911210752
0.190835798756317 0.130292230111814 0.114960060516344 0.0755807437230721 0.202712248843089 0.0142370006954004 0.107825829211295 0.0416271675468158 0.121928920595853
0.165794551918012 0.106827532606936 0.157667841410135 0.0545493536144002 0.176346765049866 0.177492250228123 0.123603181856281 0.0277945727096752 0.00992395060657277
0.109016818063969 0.219999774064213 0.0464459419011057 5.02525717060019e-05 0.154365437879543 0.212297412029063 0.107188187813531 0.0690661443376994 0.0815700313391697
0.156071477815813 0.091412299522667 0.107880920761881 0.0745778966198538 0.0995408672185465 0.157084844648447 0.0118528892147359 0.180102359281252 0.121476444916804
0.0382915367538049 0.190812316982778 0.155483937767641 0.0769833011066398 0.168341908303447 0.0485476258872437 0.144953767024306 0.130001565995146 0.0465840401789935
0.129913986120289 0.207303505920287 0.281943604236214 0.0689788173076334 0.18299928555685 0.00391592468867554 0.0206295415748421 0.00999449047145136 0.0943208441237577
0.128018365250781 0.114536130116739 0.143950669372873 0.0679454289530576 0.158804231074961 0.0198323812610135 0.13933786266247 0.0965977926841758 0.130977138623929
0.131457472844822 0.0156668020278333 0.00128120091555141 0.0336458812053965 0.228440626727878 0.125688042363267 0.116892885548716 0.233928715924458 0.112998372442078
0.0460937688588902 0.157618236362313 0.0713148767061463 0.163447918319336 0.0299639634847516 0.160287946913057 0.1724540379517 0.0913234370494639 0.107495814354342
0.172620593335487 0.169049330482517 0.00947095647546267 4.18389585600643e-05 0.0692793006913486 0.115353325094865 0.35237112553682 0.00709983356369621 0.104713695861243
0.0597466202071731 0.0800488504881666 0.104633307465431 0.166109268009623 0.0335966115555812 0.151869082015972 0.126312726964499 0.0761787278929589 0.201504805400595
0.165553494185339 0.145939262447142 0.116814100349023 0.132522469288276 0.0548156224927163 0.110781728020267 0.018235685759032 0.141877668229259 0.113459969228945
0.0283488666309814 0.153872453438547 0.177046351040869 0.0299241421247404 0.0463632616792804 0.159023235110823 0.197127271404275 0.0064711968055297 0.201823221764955
0.0325984182667526 0.0236569146610458 0.160361778541882 0.130200480874491 0.102866224398338 0.155113463891881 0.123106350181593 0.109019030016695 0.163077339167321
0.114232452352108 0.0831049917028364 0.0537720339672103 0.189517055802184 0.0348580369631854 0.197925829338213 0.0620313840422955 0.100003989129378 0.16455422670259
0.0318207040073571 0.10173081780569 0.0336372122002012 0.160165773188982 0.123249947836066 0.107943980129359 0.0463582981116269 0.187720739172598 0.20737252754812
0.250279837873309 0.036889073373051 0.0562054503511363 0.142866323061391 0.0198516033858819 0.161990126136994 0.117606437240588 0.130183212995072 0.0841279355825771
0.201813779896811 0.0998512197753741 0.147922426922592 0.0971185592410275 0.194620153757886 0.0682265124369946 0.123406104388052 0.0403726337976065 0.026668609783657
0.0394900071026176 0.12687372183085 0.0570859792384965 0.166429738648439 0.20389547004927 0.13719605175699 0.0764291017547841 0.135214408024457 0.0573855215940956
0.0545830518137526 0.0686653670851797 0.0764924250055963 0.183438271717674 0.156484752840041 0.0897455333189288 0.0617447235958068 0.0987676522507531 0.210078222372267
0.212391714267007 0.0986861995001602 0.102583066063818 0.0326556399941852 0.207919825324051 0.144748959364373 0.0192508609630148 0.107317469444422 0.0744462650789698
0.189165855352347 0.225558217620102 0.0503254309211178 0.00654701621335 0.22275408579479 0.0119806753285612 0.0463997635072677 0.220900452790495 0.026368502471969
0.124186004018883 0.209263457167449 0.0849625435754185 0.0529958160581673 0.0743068974849398 0.16238882609495 0.0611764529984062 0.224566735422116 0.00615326717967068
0.134159449045339 0.290431293337863 0.170703281126467 0.0886953632761881 0.0368213539498788 0.0563711998130454 0.126444901392463 0.0629100148407958 0.0334631432179607
0.147776245017574 0.178714785676416 0.150982161841706 0.0316011586211074 0.0609040088280972 0.0122273459360428 0.156963045269132 0.172802920941299 0.0880283278686253
0.0694588356730976 0.0578457693497998 0.110801447175747 0.142256433391174 0.0747676980871339 0.214463828814106 0.00891958871072203 0.229890563130874 0.0915958356673454
0.076797963625315 0.11161684006751 0.132169296338858 0.0175876091511507 0.170981839074651 0.189306300746825 0.167660375160899 0.127166716553346 0.00671305928144628
0.276083772198187 0.0892307025821929 0.06945143592541 0.0301512936156433 0.100435481657866 0.0234484790106714 0.0916460614929644 0.196117820967964 0.123434952549101
0.0784248527507276 0.168980403608627 0.0352315419449974 0.174040182031663 0.0555112551100582 0.0979775922519441 0.0325271317664387 0.177079701837306 0.180227338698238
0.012564092259746 0.115331879712636 0.249693210836287 0.0633945999883803 0.134500608625508 0.136607608675101 0.120295848924879 0.0961345615757511 0.0714775894017103
0.0712135647703225 0.230981862453083 0.148164831245408 0.0724897542289191 0.0157697338025287 0.17104596933295 0.0442758069829553 0.10574115331425 0.140317323869583
0.0776912201345119 0.0294335739847268 0.015805493956336 0.204088633772183 0.223188629345895 0.127047652106531 0.0755281519560106 0.0629129272168815 0.184303717526924
0.195223588561747 0.238722215414314 0.191010053248501 0.179778267561518 0.0423959136652483 0.102239171252844 0.00179282039714641 0.0376103419922778 0.0112276279064031
0.153099405352578 0.15800104073905 0.193773715250122 0.0360391682139963 0.0636290683770964 0.102660117148876 0.11402356383943 0.0846708268030671 0.0941030942757842
0.0329709801133996 0.141245169496399 0.203632225070729 0.166248850295951 0.118928469398227 0.152350764631873 0.111520167299765 0.00192500317863157 0.0711783705150248
0.285347982303467 0.00854361991568446 0.0521064574224276 0.238179845289245 0.0061655623705901 0.129995228946944 0.00704991495643001 0.205113434032026 0.0674979547631861
0.218573258045074 0.0262448722640317 0.106276765369952 0.216175551071122 0.0331799989629507 0.0650172008670233 0.0770988714172117 0.177253049160948 0.0801804328416864
0.122751112687029 0.0551420817641966 0.167990692376035 0.0818689220736404 0.0102333894763386 0.187700430648758 0.143723859931105 0.0792943261364861 0.151295184906412
0.291731198932539 0.164951339190285 0.0251920559163216 0.176988902263912 0.0277293167681052 0.00234032089188229 0.0876326921928972 0.096642367871338 0.12679180597272
0.0806607412072496 0.13872438942762 0.136622088552432 0.0384045243943431 0.100768348908537 0.0763033134427096 0.190216172998261 0.0963073736043272 0.141993047464521
0.185287026375453 0.0775621829181339 0.00701997113461063 0.148017732250586 0.0474819084635808 0.137480945210661 0.15454650455353 0.117326342818958 0.125277386274488
0.200858611053466 0.0346857569480688 0.0729230511900736 0.201927607152296 0.0912549994882468 0.12565860970961 0.160682057334973 0.0102353772421898 0.101773929881076
0.00161751319684525 0.0783095875052921 0.129629805877213 0.0884514765565385 0.158722965247515 0.0280932900668616 0.142204556394717 0.186454667139032 0.186516138015987
0.0159956812587177 0.0560506403017673 0.0399953065635235 0.154957907500334 0.0630703554969999 0.133607495216461 0.239492723276093 0.124629794145205 0.172200096240899
0.227972010948059 0.0229111575628405 0.0611452213816743 0.00300972315364671 0.223510887006397 0.0940743703728063 0.135242105398669 0.178350335669705 0.0537841885062025
0.143417391930756 0.174271410652911 0.149884278011956 0.0129350664955662 0.000101379272183062 0.0301843365732821 0.172566708236788 0.193562612850911 0.123076815975647
0.0948863663368324 0.225784678798106 0.18762801043044 0.116303008322092 0.132296477350602 0.0306456721400579 0.0229033024269757 0.108402385963534 0.0811500982313594
0.150960154906725 0.147762960110862 0.121546811595791 0.05417945367438 0.0851735312163534 0.0761073901690835 0.0935390313397553 0.117392881876807 0.153337785110243
0.163768526216352 0.0907186061430456 0.0182238306136058 0.170609159918562 0.231754013707874 0.0664635479223396 0.131366841072717 0.107925932277005 0.0191695421284994
0.360449948791213 0.0264587190488204 0.184432289374729 0.0554362715968354 0.168627575167515 0.117646321854874 0.0174339059463536 0.0350040464594023 0.0345109217602581
0.0673482787373749 0.144231551151646 0.0546430138629868 0.095838417988755 0.137369818900862 0.187931674448693 0.189879178921331 0.0612000389701939 0.0615580270181576
0.148551152630425 0.0436744044782744 0.164251674463054 0.12397803291022 0.0395967615999104 0.13994745974731 0.0840309480758662 0.15324748555004 0.1027220805449
0.0240988149102993 0.000531206434227543 0.0272269216252117 0.154634300937799 0.206453787665116 0.142898105657355 0.0357184628171757 0.200343079977296 0.208095319975521
0.0863992860467693 0.240008502242675 0.171958859429097 0.0661445733218884 0.0216209751591487 0.131452436370673 0.0477263037659693 0.120198411216326 0.114490652447454
0.0875141116149891 0.18826405727611 0.136325353581505 0.0464443738146258 0.128618574991988 0.157628572484801 0.0673615564346301 0.130412773270694 0.0574306265306564
0.166713996163247 0.0781322841403176 0.107448015093605 0.108299689247339 0.122519600734148 0.101033669842514 0.0776712169277444 0.143097271327062 0.0950842565240223
0.076109364255061 0.0742899865340401 0.198548255974621 0.102224455221027 0.0929426163836075 0.224348406731925 0.0607174333028535 0.0595128387826314 0.111306642814234
0.164363714328736 0.151510033061764 0.107454868046254 0.0527357430032451 0.148932476965258 0.112105634152595 0.144663296007015 0.0347659455892296 0.0834682888459034
0.0701664162226696 0.146259532723873 0.0421064001443259 0.137297735134344 0.0647252194944672 0.0286851474756905 0.096982860404605 0.245246772324059 0.168529916075967
0.0520493800491973 0.0445465847531803 0.112387299410113 0.0680602292117207 0.0601031456429469 0.117936285069828 0.221548993004893 0.159334068254612 0.164034014603509
0.100789005074434 0.0240723741361005 0.184874933821965 0.186252801709884 0.119202619513215 0.139704607748181 0.130993276124792 0.0402535210062987 0.0738568608651293
0.17564657001504 0.14341677305905 0.186463175175513 0.0562687056018186 0.124256451748673 0.200745505843668 0.104064872630642 0.00351369998503494 0.00562424594055984
0.10310075988995 0.102133740093066 0.104883470798171 0.147880071038754 0.183525196855234 0.0847899017301166 0.037186063373192 0.0955007235407201 0.141000072680796
0.0656375105031301 0.0793866465180915 0.142188908795606 0.0259816424627741 0.0964510435501738 0.123929319749111 0.168420246646589 0.122859604053397 0.175145077721128
0.104660088364202 0.157322231888464 0.165892311202336 0.109170556422437 0.0755619463731721 0.121733697899279 0.188595939027087 0.0633234241729884 0.0137398046500333
0.104832206889952 0.108885388409145 0.124272298724013 0.128682298519654 0.050608474801302 0.123674344242893 0.182198751890622 0.119181312194705 0.0576649243277147
0.0819642164743851 0.0185369763643546 0.0418791702939701 0.184674147418778 0.0564255674948776 0.220140417879651 0.086136639487752 0.208851587843315 0.101391276742918
0.230357573088193 0.138623441909385 0.00265104734916756 0.155552565839694 0.0883585118602318 0.0839313446122051 0.0319940294835319 0.052695339145914 0.215836146711677
0.0391002175026735 0.158112833008048 0.0401565963725077 0.164220180841766 0.0952216248501208 0.0690679522839194 0.188403707810466 0.0937406327619434 0.151976254568556
0.13951609164768 0.111664971587926 0.0285635760935046 0.00822305888152212 0.0733055074034917 0.0650367552501461 0.240357783815107 0.262815633951992 0.070516621368631
0.163456112569489 0.0278547540148075 0.00652324132971468 0.113064443259606 0.0765522936480331 0.0245884832552733 0.163508913884695 0.229948598179711 0.19450315985867
0.0306765776395818 0.0767216417018036 0.117988171449083 0.174001603240571 0.0918698246090633 0.166891176796164 0.146646182207667 0.144711990897188 0.0504928314588784
0.176830246141489 0.124124157141363 0.0594353715640591 0.100009860068393 0.0878694229761171 0.154248138915878 0.15873576542722 0.0248480547247233 0.113898983040758
0.0208503874036112 0.212278163024315 0.141655645545317 0.142580057809584 0.0131412821167037 0.184201298247514 0.0888833106213127 0.0251463656141644 0.171263489617478
0.0032310268681709 0.111749822243313 0.244452812276488 0.0130793518050702 0.190238660733903 0.161136886733415 0.166963576484634 0.0305564336904441 0.0785914291645612
0.116426628153012 0.186521571456947 0.0341132427330048 0.0750615046118887 0.0779547927488511 0.133296833769816 0.137654230882699 0.0383682564402957 0.200602939203487
0.0570030032631681 0.134650586446075 0.0537397953949938 0.135974843285485 0.094171964554375 0.189426139093924 0.0917917107171025 0.0462733694754204 0.196968587769456
0.15486227761357 0.204884684286346 0.101864714909936 0.0578016346146166 0.106269593851161 0.0556813998041617 0.0459081206990345 0.180361379815606 0.0923661944055671
0.0794493686773832 0.18564091213937 0.185897370874194 0.00568492231258738 0.147774038633592 0.0378259584652907 0.072294674052509 0.226058980723612 0.0593737741214615
0.0544952312635215 0.148897845756489 0.123802259993611 0.123166944623576 0.184697183375338 0.125391786373727 0.126315678458271 0.0592785197974686 0.0539545503579985
0.107979435933503 0.073227119527049 0.0799849318333635 0.17773442419042 0.115603581332988 0.182507264924945 0.0968929099671505 0.0270177642451187 0.139052568045462
0.237367016795016 0.0283776769775331 0.20406430955998 0.134058108499232 0.188099692058828 0.0258044126724849 0.128480655119922 0.0189849841196841 0.0347631441973199
0.0590784869791707 0.0929741987451902 0.158121412992383 0.151256330112465 0.0038058287163606 0.170362031916982 0.0950982853366141 0.140200254181475 0.129103171019359
0.179728214445228 0.16300020649374 0.0897097701077402 0.115403028103642 0.136982546755643 0.126447214834979 0.0896450331217007 0.0209616076007552 0.078122378536572
0.0700324272352513 0.11773435381619 0.0447698708336705 0.219320713593041 0.179577653564493 0.0189938449551534 0.0202553206556607 0.142739269136579 0.18657654620996
0.0300626211250048 0.0939591011755389 0.184503724257592 0.145503327311883 0.18159627538685 0.200241354851272 0.0654975891204027 0.0169414388423197 0.0816945679291364
0.161286407383536 0.0174882062853362 0.00990242628152655 0.00224079248937036 0.190063021246682 0.000340055116200524 0.233310181000217 0.227684067031099 0.157684843166033
0.197704377497311 0.123892098974645 0.189497642125861 0.101359140335278 0.0180682676740906 0.163728173804182 0.0964165267717453 0.0726448633550861 0.0366889094618016
0.171157503377816 0.0157815549474091 0.0880502730036763 0.191179263139465 0.0569323731086887 0.0572131245623946 0.035296435487823 0.193232127205593 0.191157345167134
0.174184503685527 0.145704473455936 0.163920001325488 0.0874287094548245 0.0775385131167649 0.145211550366403 0.0486059906827015 0.0361099554512403 0.121296302461115
0.137152699392645 0.152599062546489 0.0495363740201829 0.0303316703594195 0.0916200303975505 0.0874077312858957 0.178967164927644 0.140905921948124 0.131479345122048
0.117890826001355 0.112598550206723 0.123402457795125 0.00321815622714445 0.0246341760434145 0.171589838611437 0.182360368169978 0.108507825349791 0.155797801595032
0.139634380217542 0.0719172915899485 0.217019174785384 0.0994476801769326 0.0812713693756548 0.215293928951457 0.0614206783612442 0.100285609385708 0.0137098871561293
0.176946621148483 0.135285413348097 0.0207469881875615 0.0466627828886078 0.297091189218566 0.194551166401375 0.0502557848371533 0.00414858914778097 0.0743114648223766
0.155919718071113 0.193092645097799 0.108720992073468 0.00130413870773726 0.0422691863051236 0.208304721957142 0.103108228127961 0.00142798497038241 0.185852384689274
0.163225172569534 0.0759185607703638 0.118247866932135 0.121194638759286 0.114346434954016 0.0751531436618651 0.0840590252193087 0.0510208345980167 0.196834322535475
0.204668358006629 0.00852473777774714 0.0483592186256256 0.133397321410599 0.119587332725604 0.156926685578927 0.108538931259364 0.101829606442994 0.11816780817251
0.112176424921256 0.305387300308071 0.0782463918543612 0.0355080977307837 0.0690697788036779 0.0778573912495657 0.244240853377923 0.0487947247299941 0.0287190370243683
0.140829286332795 0.118140369888785 0.0758373568111857 0.0936569327819901 0.143960422094003 0.0562259029857362 0.126047513067442 0.117945404343585 0.127356811694477
0.160676995768596 0.12245079973108 0.0617634650514834 0.102109132259813 0.0707314378269164 0.11244767026947 0.124643296626259 0.12429430705008 0.120882895416302
0.139237789475443 0.0298283229513069 0.159253131684699 0.00718770920289673 0.105471849127065 0.139591898872997 0.113701370718326 0.131765243583522 0.173962684383744
0.162145365210079 0.0203594122452498 0.0992592829989766 0.0590604754214367 0.123166125918875 0.0789620341686496 0.162210999824057 0.17073734082795 0.124098963384726
0.175259808082572 0.169640908391362 0.0965955320255054 0.0649029670126076 0.0524465763585109 0.04866579841516 0.138190209962124 0.142098553817557 0.112199645934601
0.0342805196794229 0.182734880057171 0.175309000268127 0.0480290686555653 0.184594282031388 0.119178145114375 0.0491846312243825 0.141458278421529 0.0652311945480395
0.168071326250049 0.0755548890589105 0.110584262140826 0.00809937607685695 0.0740102022837826 0.0894681956282146 0.191499912364341 0.138233305286725 0.144478530910294
0.0902943472708138 0.0529740481687109 0.214385083991201 0.227374185147032 0.0142214599397239 0.158041090825583 0.090694750865593 0.0442444670034965 0.107770566787847
0.127709226781875 0.0911072526200544 0.0695906772069908 0.141016893951262 0.14517980722852 0.122068178938758 0.0600687203142703 0.0344524257780409 0.208806817180229
0.168491730841648 0.124244321045933 0.139294391769063 0.0119067665841968 0.173053990082219 0.00385714653225514 0.167163359469861 0.00283494509505522 0.209153348579769
0.146088692572202 0.0279918213377185 0.125623414304711 0.0792836176783581 0.15825654803889 0.0994998446450391 0.0496376861319682 0.155783286145897 0.157835089145216
0.0800020459755807 0.0357643291411452 0.194830645909544 0.000501854682199001 0.119632441297573 0.00995887371921008 0.18897367732202 0.189108103502441 0.181228028450286
