0.306526982335871 0.287127837840528 0.0850469729805107 0.32129820684309
0.0769257269710178 0.197946449402742 0.0511321354033744 0.673995688222866
0.384474193143123 0.167976354127014 0.313449879359384 0.134099573370479
0.223523411934583 0.266161976401912 0.062323919208349 0.447990692455156
0.202213422003664 0.271588976434401 0.284873100556882 0.241324501005053
0.340634343534599 0.240305330714162 0.0702577121819411 0.348802613569298
0.290812055580645 0.492225595295598 0.0889908669259792 0.127971482197778
0.00856876238049989 0.813346286354005 0.0660993676696381 0.111985583595857
0.370601718159312 0.469432374081935 0.00389622627448006 0.156069681484273
0.337641438201607 0.346999565177032 0.102367716022074 0.212991280599287
0.188219160573594 0.428052709603124 0.0711822767286405 0.312545853094641
0.273984705861637 0.433690238836758 0.257675741912364 0.0346493133892411
0.379527816559472 0.0739981737843955 0.189489895583915 0.356984114072218
0.0475657591584102 0.192285096245887 0.173803996716039 0.586345147879664
0.23345011020011 0.452736341601846 0.147633434447212 0.166180113750832
0.241743610758326 0.136101877224691 0.467913723709478 0.154240788307506
0.249623417658378 0.105443905941145 0.480254008695538 0.164678667704939
0.362119677273842 0.163844104252402 0.133661523582506 0.340374694891249
0.403148034985433 0.12495274612395 0.0575740830928146 0.414325135797803
0.308992771799237 0.324210032298696 0.0380914629044594 0.328705732997608
0.296778475767521 0.133993256868882 0.278082920459179 0.291145346904418
0.0141522220334104 0.204292418679786 0.319726178129797 0.461829181157007
0.171082305935333 0.247469244619892 0.178502806084519 0.402945643360256
0.204575927134929 0.398051264458496 0.077145446617021 0.320227361789554
0.298899247855769 0.284217535724876 0.310627687882264 0.106255528537092
0.172580930474381 0.216785606708046 0.292533657142519 0.318099805675054
0.33140712042564 0.294632548930494 0.235747922528882 0.138212408114985
0.0511082351712907 0.164901896975673 0.306745446622762 0.477244421230274
0.230252944997731 0.578058194238294 0.0706646722970393 0.121024188466936
0.423483402532802 0.0883717766717378 0.400351941986219 0.0877928788092416
0.320261964315123 0.0627858456702095 0.369418868398307 0.247533321616361
0.293548971097232 0.121603104840553 0.451100266619009 0.133747657443206
0.0504437029544827 0.131579846376061 0.269137839725916 0.54883861094354
0.311949354233974 0.23160773494614 0.396639597274299 0.0598033135455869
0.241856231533527 0.0990640456205328 0.370912993336216 0.288166729509724
0.339605015619517 0.152216096280021 0.140576921681076 0.367601966419386
0.102748006793632 0.190371864268158 0.415511639595556 0.291368489342653
0.33278081385812 0.0063362403713108 0.26370085865428 0.397182087116289
0.237219410213917 0.332550758546328 0.235232978559266 0.194996852680489
0.0442760884789207 0.367137941442417 0.207855930796963 0.380730039281699
0.265200525315797 0.470765949313851 0.112730871211676 0.151302654158676
0.290691143997537 0.199240306004369 0.368325349613421 0.141743200384674
0.186836397388652 0.257405748156691 0.249240317578902 0.306517536875755
0.2830580784383 0.409571377798357 0.281517214156239 0.0258533296071036
0.523039390693941 0.167783495723138 0.0241319044166041 0.285045209166318
0.309962178403894 0.0631332344895219 0.274406555269538 0.352498031837046
0.326798036336448 0.237430663046103 0.291653405360305 0.144117895257145
0.270791639734498 0.518485787510525 0.0422840050100328 0.168438567744944
0.119784770256394 0.502557247429451 0.334622457493383 0.0430355248207715
0.497443918031558 0.0962163477183298 0.156725387172638 0.249614347077475
0.298500040463495 0.20015940174356 0.256660268176446 0.244680289616499
0.331777389471794 0.078537137304173 0.303450475231593 0.28623499799244
0.0567734850852522 0.253804098040027 0.350702883514651 0.33871953336007
0.357858702416587 0.0474917749656617 0.406383991191899 0.188265531425852
0.209413881297493 0.287555614380529 0.327644767782508 0.17538573653947
0.245165464454717 0.170230660470735 0.243322843885992 0.341281031188556
0.398950176059688 0.0965943733389073 0.461673061489801 0.0427823891116036
0.0795494247989877 0.402895572904697 0.494386585824239 0.0231684164720759
0.266451106086332 0.255091869009428 0.142200315998065 0.336256708906175
0.394946632445857 0.174655322623833 0.0385883587268064 0.391809686203504
0.309028094494064 0.244672622220233 0.333339334652012 0.112959948633692
0.0273416190557734 0.377369692297527 0.237200425076098 0.358088263570602
0.412119781893189 0.300997352685221 0.0985684769733519 0.188314388448238
0.0454232119503034 0.141705226445296 0.390975788561577 0.421895773042823
0.0441623029085409 0.280922345552587 0.573963305364821 0.100952046174051
0.170424544090421 0.34538180837111 0.1995423710821 0.28465127645637
0.223765071376279 0.15298543921797 0.45822808343667 0.165021405969081
0.348082171270888 0.232754036743688 0.302739629749256 0.116424162236168
0.0831413633979675 0.239744284733165 0.448407964598346 0.228706387270521
0.166488728945063 0.616227652188339 0.032614977759987 0.184668641106611
0.292292517289509 0.290776932730617 0.220302929306589 0.196627620673285
0.289390764620812 0.325249376175761 0.268439680402497 0.11692017880093
0.0836966151877417 0.0402175497440918 0.425007665592407 0.451078169475759
0.166921425131465 0.180770104463677 0.614021123893562 0.0382873465112958
0.500282845767073 0.318841460616863 0.0193637981688186 0.161511895447245
0.425199849470069 0.149088887815461 0.147692225550326 0.278019037164144
0.00553176478179514 0.336550058186906 0.435761498305276 0.222156678726023
0.167328613900089 0.216140678726998 0.286180152691148 0.330350554681765
0.330859262122558 0.258210284726122 0.0880780558416403 0.32285239730968
0.116815129989606 0.380070548175077 0.359347649552871 0.143766672282445
0.269124893091782 0.322151906943081 0.199905679644087 0.20881752032105
0.165848296222243 0.252037728144056 0.277927605410321 0.30418637022338
0.339598611264787 0.177495101788771 0.33398330442269 0.148922982523753
0.38029207778427 0.022666825286157 0.455365333234906 0.141675763694666
0.368924273866639 0.336834663731534 0.0152380182957608 0.279003044106066
0.0334882924395175 0.293164567960727 0.439123807445556 0.234223332154199
0.0589133982795211 0.197110761569922 0.33906391863554 0.404911921515017
0.163433422048821 0.282231387583231 0.332617454570713 0.221717735797236
0.361777434765754 0.113483940001794 0.379283658827839 0.145454966404613
0.265077463051871 0.218696091517407 0.0735971251614771 0.442629320269245
0.30233958567204 0.367927537057395 0.227500877036696 0.102232000233868
0.629311684352358 0.16224894896814 0.0295830140450563 0.178856352634446
0.375625741528493 0.0876808736149274 0.207022952385499 0.32967043247108
0.101410961491957 0.527197201765591 0.0328406855528933 0.338551151189559
0.232204066514487 0.118996903437121 0.646284211239828 0.00251481880856395
0.207509389467054 0.362668212097785 0.267118294705163 0.162704103729999
0.175111244407957 0.248401007899577 0.363949849742941 0.212537897949525
0.343335730016074 0.318267577385659 0.275983896040978 0.0624127965572891
0.000706248224148312 0.414501066851219 0.29174881410932 0.293043870815312
0.0601630919730218 0.250382112243218 0.395202560981256 0.294252234802505
0.313829261172525 0.102312163628435 0.256533497466168 0.327325077732872
0.513822080480546 0.146061784037842 0.188376992775822 0.15173914270579
0.418231186878954 0.256775484399789 0.291960868113065 0.0330324606081915
0.270578048247642 0.418949740049717 0.0143084938105908 0.29616371789205
0.177001541076492 0.245443621779922 0.159354027846615 0.418200809296971
0.283540557621038 0.421669401095449 0.151336331799548 0.143453709483966
0.135347488903243 0.311310371990327 0.288571231998673 0.264770907107757
0.448542644798196 0.177919807644951 0.0571540773683577 0.316383470188495
0.274028191949274 0.090913923705134 0.358363098168351 0.276694786177241
0.306672787535834 0.0287073233418781 0.227960206215874 0.436659682906415
0.211931186062689 0.310821433033221 0.125732785184801 0.35151459571929
0.322935534563583 0.0158608100817874 0.260826107661357 0.400377547693273
0.200639494329934 0.335976271072274 0.0485594556580874 0.414824778939704
0.0414966724878053 0.0644563721727184 0.503639496634065 0.390407458705411
0.354881942809355 0.314454531325884 0.281973037872695 0.0486904879920651
0.156181823522466 0.30466148306404 0.159353776400309 0.379802917013185
0.0295922339910249 0.335837706237356 0.568537856042436 0.0660322037291824
0.547286635540239 0.0192960048421636 0.397487085960299 0.035930273657299
0.0206196866475163 0.23872027482439 0.220248670296523 0.520411368231571
0.132536239499234 0.0132987807203194 0.35452112242023 0.499643857360217
0.336732625056032 0.185783219218847 0.153468541350311 0.32401561437481
0.0952127021861195 0.353763249827862 0.101169748931788 0.44985429905423
0.12117914950635 0.447463797535168 0.201065369560587 0.230291683397894
0.417787560525937 0.0715493553117904 0.165064474671109 0.345598609491164
0.662746209237454 0.0854500929603147 0.0705404491373233 0.181263248664908
0.152373623246259 0.0242361245876281 0.584873315956511 0.238516936209601
0.149952458879111 0.286305880136471 0.158537549021375 0.405204111963043
0.273983517287924 0.273955966593632 0.287774131262468 0.164286384855976
0.277556448686439 0.201700384761597 0.0666850069322534 0.45405815961971
0.149632923924588 0.370824202768183 0.235650059048104 0.243892814259124
0.067642735586781 0.373449473224967 0.498027720266052 0.0608800709221999
0.318850832740424 0.346592199748486 0.314408937333913 0.0201480301771769
0.153606880023434 0.461839107168927 0.134462982688698 0.250091030118941
0.184212841403631 0.124545587012232 0.467853214748503 0.223388356835635
0.506112604082645 0.0482736378872071 0.251576188086502 0.194037569943646
0.70937651349865 0.148881388728307 0.0384539032393437 0.103288194533699
0.127575029586282 0.309603974904377 0.356817855500774 0.206003140008568
0.185109502674534 0.407112255005586 0.204238742985431 0.203539499334448
0.0981740333496067 0.00587133347978629 0.391301585442875 0.504653047727732
0.420107160084965 0.066203575043377 0.282189308291435 0.231499956580224
0.1075625576741 0.409025999702851 0.327898180528969 0.15551326209408
0.297875915336282 0.180044993690584 0.240225801452963 0.281853289520171
0.416766168180165 0.126997894636661 0.231907448533817 0.224328488649358
0.281452509465975 0.196020367498021 0.43434610316222 0.088181019873784
0.440479409253969 0.048561008451409 0.271263718811268 0.239695863483354
0.468970282949959 0.110102465277037 0.167111496789628 0.253815754983376
0.178856694418286 0.31299402792916 0.310137701362758 0.198011576289796
0.0804089960112281 0.352332374697027 0.281204929231942 0.286053700059802
0.446218513329353 0.372747340776657 0.0837914538604206 0.0972426920335696
0.0282962996810301 0.40627909400738 0.293304581683243 0.272120024628346
0.234015367836978 0.190135899509708 0.326557196128899 0.249291536524415
0.150512836296968 0.32192733032399 0.122497233592513 0.40506259978653
0.169999983095529 0.0690059743981707 0.0021332593259095 0.758860783180391
0.312318120958829 0.179769235038804 0.330076651327527 0.17783599267484
0.265903972834643 0.39421051713436 0.210818673464192 0.129066836566805
0.182702974533135 0.133447167951514 0.232065727574563 0.451784129940788
0.333758768299064 0.1136726645534 0.348412409407879 0.204156157739656
0.100066088739276 0.0845765013806468 0.360878413555678 0.454478996324399
0.00664653648281228 0.349611492464464 0.329426489270757 0.314315481781967
0.0930260207292799 0.278053633584112 0.0464676751330189 0.582452670553589
0.113217941609008 0.270225927488046 0.351784214438983 0.264771916463963
0.543962450474707 0.11820921540527 0.174668584793249 0.163159749326773
0.243860667910083 0.279974317823549 0.261880382845472 0.214284631420896
0.170975057678312 0.141623257220436 0.258880758967927 0.428520926133324
0.115178621927144 0.0743136469432674 0.583393053799973 0.227114677329615
0.358094468588934 0.161744410492385 0.339293870541975 0.140867250376706
0.298212149219027 0.246136623833886 0.10184786938785 0.353803357559236
0.570063322837231 0.0821212521179682 0.314113161013835 0.0337022640309649
0.440905699498077 0.0698541537163803 0.274189019144264 0.215051127641279
0.279848926377985 0.112184672241467 0.571108975491607 0.0368574258889415
0.324770001201252 0.261789969315131 0.317119739854308 0.0963202896293085
0.234476935813013 0.176812190991199 0.422223928178153 0.166486945017635
0.267632341391816 0.17073007807481 0.248323135449991 0.313314445083382
0.371383974047561 0.325891306578604 0.278829986943039 0.0238947324307966
0.250901930779949 0.238016216664302 0.214041539441636 0.297040313114114
0.142344673185586 0.365875652698185 0.146367202202345 0.345412471913883
0.121473634177169 0.247494425228166 0.318645571093192 0.312386369501472
0.442909997932038 0.0417182233307908 0.501931491755696 0.0134402869814752
0.0531801687201975 0.466574667033631 0.244411663899583 0.235833500346589
0.119377566735449 0.558993147364536 0.101258054659492 0.220371231240523
0.0556605842460672 0.391365498296358 0.208412305755948 0.344561611701626
0.168270386719442 0.243279036228845 0.252618110193251 0.335832466858462
0.18479897495619 0.374922230898448 0.075140372621679 0.365138421523683
0.142737763617885 0.390312905722915 0.11615542372074 0.350793906938459
0.0494920135141968 0.305382280742923 0.411182403122261 0.233943302620619
0.477543113433234 0.0336368072221012 0.289137836649138 0.199682242695527
0.173135863619247 0.417766039399857 0.277861302655288 0.131236794325608
0.0767419350337523 0.131175474736286 0.62894027490578 0.163142315324182
0.206785400630471 0.415133368009368 0.0703074072532283 0.307773824106932
0.238225661173636 0.152592720637664 0.309646999048859 0.299534619139841
0.285889327641941 0.243288822046524 0.0542945407873218 0.416527309524213
0.0975347524135121 0.213533091824665 0.312102769352969 0.376829386408854
0.388009807718556 0.352872325007873 0.092559439614605 0.166558427658965
0.0612425910744929 0.316710412246818 0.201772176535584 0.420274820143106
0.270486079452317 0.30899868517148 0.349137628585587 0.0713776067906156
0.0965744734294651 0.413912465775044 0.402088581305076 0.0874244794904145
0.0686208468463313 0.393340105691249 0.0573597147242658 0.480679332738154
0.230819177296529 0.504769275874419 0.105344369903716 0.159067176925335
0.310661089326063 0.108779038960246 0.363358316811045 0.217201554902645
0.314956861792215 0.420377335102613 0.143724525874479 0.120941277230693
0.249429473818495 0.061446035820786 0.221484161529649 0.467640328831071
0.485755708608611 0.046138453144076 0.0809100919005541 0.387195746346759
0.141053884683432 0.309260240804098 0.521821101212213 0.0278647733002573
0.0313450975762981 0.28958134767864 0.381608225213467 0.297465329531595
0.0759739982146605 0.289509674596266 0.436143758880981 0.198372568308093
0.167183102625639 0.350525108127151 0.223064573076298 0.259227216170912
0.301985958165484 0.421965288105146 0.267184103796133 0.0088646499332376
0.27642270725124 0.227783407264324 0.489316351572159 0.00647753391227761
0.0209839661150089 0.477052503365855 0.375380019441532 0.126583511077604
0.446605255533335 0.292095781918063 0.0746577627607487 0.186641199787853
0.0832638985941724 0.638524361962031 0.216167313080438 0.062044426363359
0.0366789574056769 0.269772145057501 0.320920859782424 0.372628037754398
0.402481149018705 0.284734348562484 0.159209785495035 0.153574716923776
0.256102697410509 0.111967464897889 0.235262601686725 0.396667236004877
0.423552132625419 0.239433847155003 0.0425872136206616 0.294426806598917
0.335318917900571 0.173046666629751 0.274377370140161 0.217257045329516
0.301200106796461 0.37274380378181 0.227307321083014 0.0987487683387149
0.255757766029624 0.232406438009045 0.271309507710561 0.24052628825077
0.209383557511107 0.286750581773443 0.225094970416364 0.278770890299086
0.378633294355261 0.404259538436018 0.0987388188171591 0.118368348391562
0.108207266951359 0.431986380158602 0.284228658006149 0.17557769488389
0.250935896215917 0.00586251651522156 0.386720981879962 0.356480605388899
0.521021522440331 0.182305483142875 0.281834257995427 0.0148387364213672
0.285915058320372 0.368047945266166 0.120513203824455 0.225523792589008
0.269577889936797 0.045410629979639 0.217532229039536 0.467479251044028
0.156209203905369 0.1960091035718 0.375306974761497 0.272474717761334
0.1591663053277 0.143061200210868 0.376244774069265 0.321527720392167
0.190579807582809 0.181028066594763 0.327300566628037 0.301091559194391
0.272332275374458 0.583859798665303 0.0785162097339627 0.065291716226276
0.0722276956922705 0.289392113731521 0.308273487724093 0.330106702852116
0.416634709075475 0.325240532585789 0.0732029033349689 0.184921855003767
0.20053793123871 0.0805481756528155 0.25232403456277 0.466589858545704
0.194519127742144 0.348593476920415 0.21004572929259 0.246841666044851
0.129196484141625 0.262540550659629 0.176849706275361 0.431413258923386
0.433856516272269 0.493725530764976 0.00238604210947672 0.0700319108532781
0.157314587491243 0.47982249083465 0.110721182481337 0.252141739192771
0.410440480064514 0.0133021484243728 0.238607432550747 0.337649938960366
0.386574829673415 0.193351451558323 0.348836076159489 0.0712376426087726
0.154946971669346 0.32591861162963 0.336660300620596 0.182474116080428
0.224571187582304 0.344350427555733 0.242085684204222 0.188992700657742
0.380906614744487 0.320483654839048 0.169213480477235 0.12939624993923
0.0150460877073066 0.28668663336442 0.19962434341742 0.498642935510854
0.270567600835906 0.318623825733335 0.117841731974567 0.292966841456192
0.348784940879591 0.148381189648608 0.0591484298650587 0.443685439606742
0.186501647501027 0.266267446829568 0.232478361195177 0.314752544474229
0.205454823009795 0.402213933065501 0.0394321715168961 0.352899072407809
0.230864625634815 0.444351792575266 0.0694893935591622 0.255294188230758
0.193346358469091 0.107893051399278 0.562806620181409 0.135953969950222
0.411686259868887 0.158234278027057 0.388418165331105 0.0416612967729504
0.358767962508453 0.284644320428495 0.106634620286499 0.249953096776552
0.228828184726758 0.173495833514969 0.239810906368551 0.357865075389721
0.473414561213564 0.00445557919678091 0.4202163786578 0.101913480931856
0.377227018945069 0.147276820498522 0.177560295527189 0.29793586502922
0.184979819064272 0.212651071263946 0.265131255608839 0.337237854062943
0.180842875352994 0.200662313091672 0.28800868396919 0.330486127586144
0.0961469548949114 0.566915915820663 0.223654322278222 0.113282807006204
0.159052554580603 0.0445904327289136 0.72904472852927 0.0673122841612127
0.184598654508664 0.582264277904695 0.174282274665502 0.0588547929211382
0.239320744184783 0.388528474932071 0.130426757346405 0.241724023536741
0.280681258341761 0.307467099183569 0.0705894352574982 0.341262207217172
0.178491476183193 0.207356375643862 0.31113600760041 0.303016140572536
0.31106653601241 0.281562982914833 0.140922721180996 0.26644775989176
0.179433767488779 0.0757984763858572 0.633628939992943 0.11113881613242
0.0912486217487062 0.550410953034175 0.196284237969331 0.162056187247787
0.0202453337968763 0.128920769516153 0.538815338218887 0.312018558468083
0.185163418993889 0.355734903051983 0.0107009842291348 0.448400693724994
0.412430065747427 0.111499316675244 0.280007233925216 0.196063383652113
0.223113807230133 0.271847466039101 0.158000259309194 0.347038467421572
0.00690184025416054 0.364145001878497 0.367503539566449 0.261449618300893
0.213695380630189 0.277727281743856 0.28450658044912 0.224070757176835
0.195648335122369 0.331800460083563 0.37625480959565 0.0962963951984187
0.0193464458088472 0.359087148061683 0.377451423687312 0.244114982442158
0.196466055042098 0.44390737433994 0.206766567001422 0.152860003616539
0.507729399406775 0.260422015287295 0.163621730769458 0.0682268545364719
0.60838891790132 0.0616879085673393 0.269158153365461 0.0607650201658798
0.178730207322766 0.124929652021583 0.345024655678581 0.351315484977069
0.165438156087264 0.256755760915871 0.206199825800236 0.371606257196628
0.265559177179889 0.132245495655087 0.114550261986071 0.487645065178953
0.178801580650294 0.372908314305021 0.36297841827543 0.0853116867692552
0.287186098838391 0.301380928618053 0.0919111818218061 0.319521790721749
0.0150726039522958 0.389861351642963 0.372584222757904 0.222481821646837
0.353394205122362 0.157218863750512 0.326753758547828 0.162633172579297
0.695829384268163 0.248800244276385 0.0242042514959828 0.0311661199594693
0.155767760297457 0.163147525927687 0.164657844661725 0.516426869113132
0.153806974220813 0.142461148514918 0.24951136659127 0.454220510673
0.363338288406768 0.108584607742144 0.371404877588923 0.156672226262165
0.0792457090139066 0.245967104793945 0.370518131259617 0.304269054932531
0.198775221450221 0.146393994830561 0.206199218334818 0.448631565384401
0.249532818284146 0.000203220684444152 0.39569909662217 0.35456486440924
0.209770383424886 0.331937781785666 0.00972514685884658 0.448566687930601
0.397318511360616 0.409198725968116 0.068931841884937 0.124550920786331
0.306434417489302 0.182908229165581 0.327777171936388 0.182880181408729
0.0713572512324643 0.30690995485977 0.278111778843892 0.343621015063874
0.305604604770772 0.241538825363596 0.167691921468376 0.285164648397255
0.0240602345453028 0.565555179416192 0.238823049615092 0.171561536423414
0.0228022758969813 0.397877334399689 0.38974544676457 0.18957494293876
0.304630645716957 0.281797945074403 0.0906893453849577 0.322882063823683
0.241334779343131 0.493521844827985 0.0488323152076953 0.216311060621188
0.250968356523309 0.0574297580345622 0.27163252705611 0.419969358386018
0.383541529496173 0.0361379675329371 0.473803533899364 0.106516969071525
0.209666874033844 0.277813121553965 0.26762279579454 0.244897208617652
0.424984523030418 0.159524470590495 0.246435293976321 0.169055712402765
0.157584104771843 0.167462814824754 0.362814512773978 0.312138567629426
0.0522660970028631 0.475069522028535 0.431673694884099 0.0409906860845025
0.501055120992037 0.0197685660752307 0.34194377376651 0.137232539166222
0.584216304523614 0.0406707697972909 0.32279148626191 0.0523214394171845
0.261666894299168 0.214147356427579 0.147980708481525 0.376205040791728
0.311109453627542 0.271465396404022 0.366753465208876 0.0506716847595602
0.13279317186245 0.271479918578819 0.0606218017317047 0.535105107827026
0.12053008557733 0.402234980830371 0.177781402202897 0.299453531389403
0.230787603078581 0.141003403459229 0.216010903469561 0.412198089992629
0.0880362452288119 0.321972582382467 0.547214892009396 0.0427762803793254
0.027140483101872 0.213615473280724 0.480273382756858 0.278970660860546
0.18349299817815 0.185726184644644 0.24484517123862 0.385935645938586
0.281040121281211 0.364273462895099 0.263374847301158 0.0913115685225313
0.286196992711701 0.281281261873825 0.312830595517311 0.119691149897163
0.131692212498369 0.135658032055657 0.259374935580053 0.473274819865921
0.409467252284237 0.207284157562204 0.201036078849632 0.182212511303927
0.430590503524196 0.151801249589255 0.229491173930185 0.188117072956364
0.38142998268627 0.162556295145199 0.116230924662128 0.339782797506403
0.375465907751922 0.244754487023542 0.207554504513635 0.172225100710901
0.0582666794964981 0.324225272497324 0.338650293641868 0.27885775436431
0.108874949080341 0.382297983014534 0.128878382629358 0.379948685275767
0.310647031130509 0.335206745241064 0.30662349605052 0.0475227275779065
0.196550941232977 0.378944650149209 0.0841982651603281 0.340306143457487
0.0192461000094527 0.394730772627768 0.141562737414009 0.44446038994877
0.418272349922297 0.195154681769179 0.318495107379354 0.0680778609291696
0.0753476790433685 0.271017978321133 0.533045932737706 0.120588409897793
0.338799622190665 0.110708057714968 0.321929428648282 0.228562891446085
0.0595932493319802 0.30921233596224 0.203324520595312 0.427869894110468
0.386218846940673 0.0662337588567963 0.156067275267827 0.391480118934704
0.0824802190829644 0.265909323561267 0.359984038351651 0.291626419004118
0.255953608276364 0.199027916991738 0.340568064340589 0.204450410391309
0.541019803561414 0.154841611099412 0.125149213092178 0.178989372246996
0.188378125296112 0.141305242017955 0.271002788670451 0.399313844015482
0.262921098861462 0.241262099883055 0.231382756977653 0.26443404427783
0.344317078901351 0.39566671584116 0.121622883041763 0.138393322215726
0.306989127477306 0.208584459860596 0.174661677225177 0.309764735436922
0.312985816616141 0.0433430039209342 0.322968267725428 0.320702911737497
0.294911865626813 0.0507979480700476 0.35879804571732 0.29549214058582
0.325920271464782 0.11706222732707 0.353791197263418 0.20322630394473
0.403724276864803 0.205463675623554 0.0884630814161039 0.302348966095539
0.318924963170661 0.0511500051927788 0.46590801738599 0.164017014250571
0.346605103503542 0.268911678604463 0.32404248460754 0.060440733284455
0.201940316676227 0.337322175351418 0.386111678022098 0.0746258299502569
0.0861260977084501 0.225107998417435 0.295314371361887 0.393451532512228
0.381004976365309 0.0518845678415206 0.3080286867003 0.25908176909287
0.040114283318688 0.344467341034036 0.164198794056843 0.451219581590433
0.382542441338355 0.233902784632101 0.34015669655848 0.043398077471065
0.185925245778408 0.31960206199919 0.352084441066631 0.142388251155771
0.22029369517953 0.267639826103349 0.12778795935805 0.384278519359071
0.382358824370484 0.0843051934352546 0.157064602254793 0.376271379939469
0.251745546400085 0.311170040609833 0.0219470262938865 0.415137386696195
0.292855740355451 0.256022928329583 0.055309125085041 0.395812206229925
0.0130956410315111 0.110634157559918 0.121089552664208 0.755180648744363
0.289815261389833 0.446419312156689 0.25796560694888 0.00579981950459745
0.195811189501097 0.269235341258917 0.0176359716088617 0.517317497631124
0.255405158237786 0.036002889714933 0.395789578815792 0.312802373231489
0.17991033024643 0.366673338423923 0.266287846783112 0.187128484546535
0.310253242658108 0.460266046926675 0.167181887233079 0.0622988231821373
0.224546510392551 0.215493372938775 0.313297315111143 0.246662801557531
0.121901366468808 0.384015285289882 0.24515669622154 0.248926652019771
0.385318744709817 0.11936501433599 0.275917387171408 0.219398853782785
0.434695974631015 0.180380925140162 0.303465924773737 0.081457175455086
0.225342520610665 0.136986257066884 0.348224029590698 0.289447192731753
0.225030265283479 0.18070726241613 0.21103142244155 0.383231049858841
0.288804711332261 0.0897346708053744 0.285906353581277 0.335554264281088
0.280747606194696 0.252290101175773 0.157142510346304 0.309819782283226
0.264799000505122 0.090290561428977 0.294223269719024 0.350687168346877
0.28516623618438 0.467030456640935 0.0381690546181553 0.209634252556529
0.190736690023643 0.195360310841279 0.243031306061779 0.370871693073299
0.136880037627206 0.20537597265746 0.205554030891571 0.452189958823764
0.184599433991878 0.134072230422316 0.332732774255148 0.348595561330658
0.295925996064926 0.207556521628178 0.0419692256540053 0.454548256652891
0.0941227752763961 0.249247236681854 0.291455990606707 0.365173997435044
0.198740468530183 0.31879815655833 0.385792564012791 0.0966688108986954
0.220912020211049 0.050774893774672 0.344333583086369 0.383979502927911
0.227157619426824 0.157093179678036 0.412322912276954 0.203426288618187
0.304461482365036 0.384033352242864 0.177666309299956 0.133838856092144
0.0659116604737159 0.188659416540904 0.00569431116522217 0.739734611820158
0.496516564510212 0.179335456567359 0.0614830326264746 0.262664946295954
0.427617074339417 0.276395396306309 0.155232474690387 0.140755054663887
0.342575398759479 0.18562426780059 0.185440234749295 0.286360098690635
0.236453043160149 0.231447747484165 0.215640154098755 0.316459055256931
0.281767032940478 0.177888121841976 0.126324395904484 0.414020449313061
0.0226150884288726 0.419713550732856 0.1586998552032 0.398971505635071
0.434550385404836 0.386652043709503 0.155027129925877 0.023770440959784
0.220373589449946 0.00829570587082035 0.384036351839195 0.387294352840039
0.196554068158317 0.200802033688637 0.391750679853343 0.210893218299702
0.184565584659618 0.19628422335891 0.317604248580405 0.301545943401068
0.206049039479143 0.367107148374295 0.417308072620595 0.00953573952596629
0.35389929032697 0.0295587930495717 0.216455997519738 0.40008591910372
0.0987232434276402 0.0289923302370591 0.458589711054867 0.413694715280433
0.239735789751292 0.276155566244739 0.230030330764558 0.254078313239411
0.252816673226556 0.38839682530296 0.319726254777757 0.0390602466927276
0.323617224900396 0.450724177962355 0.220355354275803 0.00530324286144601
0.264040076460788 0.151400346902078 0.338202437384518 0.246357139252616
0.0135383945066811 0.232745790686595 0.403230467080889 0.350485347725835
0.363326995226448 0.0661906837624496 0.222173241543029 0.348309079468074
0.253188986733154 0.151691250760361 0.245741213531093 0.349378548975392
0.0363445351908119 0.283155925276521 0.37772819199572 0.302771347536947
0.175463359951809 0.351055804446929 0.104542933233423 0.368937902367839
0.0916899641606467 0.301697348057418 0.368768720668042 0.237843967113893
0.301995304508458 0.275596321601904 0.100618594047383 0.321789779842255
0.223781936432543 0.282386538660891 0.124658641461957 0.369172883444609
0.32455583102526 0.0730763162474786 0.5120463695484 0.0903214831788611
0.317666629585067 0.493473144083283 0.0892398135771274 0.0996204127545217
0.031009694498489 0.178618820662778 0.249944052568069 0.540427432270664
0.404480397048364 0.362208709628149 0.128178978626889 0.105131914696598
0.123278163056051 0.293718814677811 0.516003432247384 0.0669995900187537
0.0431851905228983 0.339176540166756 0.367702391695293 0.249935877615053
0.240249068326299 0.238192923419962 0.000425641316144405 0.521132366937594
0.434201209967302 0.313579303426588 0.23903294659799 0.0131865400081196
0.359060538079581 0.336849947159026 0.0632080033641341 0.240881511397259
0.347895748285275 0.40596391514028 0.0438573300916001 0.202283006482844
0.36842201281158 0.316520780284471 0.179917064370327 0.135140142533622
0.375990977388624 0.408685705559499 0.182966667361522 0.0323566496903553
0.00514433911953758 0.273284027746011 0.648875193229599 0.0726964399048527
0.201218416575285 0.175490723204917 0.33782918181375 0.285461678406049
0.243664144971979 0.265663101535386 0.258556841938282 0.232115911554353
0.453815084150185 0.0420994299030883 0.0132498660341618 0.490835619912565
0.0377976665433124 0.340056472492331 0.229708531051509 0.392437329912847
0.390516543547664 0.280132569559476 0.29449190744503 0.0348589794478304
0.126029762558937 0.337617681648959 0.352349647516655 0.18400290827545
0.13407830203043 0.217296771458772 0.10906119337894 0.539563733131858
0.322470753848363 0.233012100441112 0.252969481483115 0.191547664227411
0.258335372383692 0.208016541191685 0.340043846853014 0.193604239571609
0.234432254480219 0.122934546413992 0.292510658450904 0.350122540654885
0.3248081115907 0.221491639676708 0.0731464447757935 0.380553803956798
0.327357630997702 0.135618837541154 0.194133634480701 0.342889896980443
0.313266110489125 0.317942168842308 0.080288544477832 0.288503176190735
0.338708018942943 0.0359018823661299 0.341582163311803 0.283807935379124
0.300373654836805 0.182518611209403 0.354511303086321 0.162596430867471
0.134332760431422 0.161594130922371 0.481329162134424 0.222743946511784
0.0613752476630526 0.177689110343257 0.581036056508603 0.179899585485088
0.220787701329764 0.325170928041011 0.136477211590492 0.317564159038733
0.130932347708891 0.0118739934260289 0.537616067139831 0.31957759172525
0.145382190046319 0.295629878454764 0.340044860764834 0.218943070734083
0.209100537555272 0.396865874984546 0.109460029336383 0.284573558123799
0.203369475405533 0.268775290759598 0.316426069700055 0.211429164134814
0.246445471166614 0.10551183068123 0.525740101902479 0.122302596249677
0.0562104639159289 0.352950581834653 0.204309418552136 0.386529535697282
0.198957075695033 0.192120604008045 0.280313143102491 0.328609177194431
0.187158704730501 0.105608351281027 0.324397260720759 0.382835683267713
0.394873328628954 0.244841848741855 0.294707723623921 0.0655770990052697
0.249885331022076 0.284519730044994 0.169334861175911 0.296260077757019
0.469389950186576 0.0096227968715399 0.404563399393612 0.116423853548272
0.513253137920242 0.207974843424513 0.114965617904326 0.163806400750918
0.0769113319514568 0.34189916527338 0.184939144050914 0.39625035872425
0.359587018349859 0.179103497816462 0.196962615832217 0.264346868001462
0.484265730883027 0.490844130511878 0.0216942191836259 0.0031959194214696
0.150193822287127 0.243051566571374 0.358580154287935 0.248174456853564
0.0252493920917004 0.543800438135373 0.252237330498402 0.178712839274525
0.352438109733675 0.28104457382034 0.22357118641401 0.142946130031975
0.222582933838428 0.246596268089501 0.233160309335829 0.297660488736242
0.307183559099776 0.415392608837313 0.155917850099375 0.121505981963536
0.0415759075858089 0.274065510813346 0.400335419110323 0.284023162490522
0.520487207214299 0.118127935378327 0.153528476229005 0.20785638117837
0.235102649243569 0.105069608875369 0.372658962084429 0.287168779796633
0.304502008619232 0.280003006908589 0.0797079145068104 0.335787069965369
0.103545603814342 0.101649048235681 0.239693548136737 0.55511179981324
0.22976209887928 0.34352806472654 0.335409087685887 0.0913007487082939
0.0733197798981564 0.242760738012774 0.326497141337868 0.357422340751201
0.13034605115456 0.17426927831937 0.373121020307108 0.322263650218961
0.362499653100243 0.217609036786356 0.342474392529705 0.0774169175836958
0.233025383997073 0.348855697082927 0.257619233718187 0.160499685201813
0.223948939436884 0.145611920207376 0.284983792622393 0.345455347733347
0.0366931445387357 0.123278341076287 0.444869771623679 0.395158742761299
0.402343345702485 0.340314429244434 0.175887717299918 0.0814545077531637
0.511203808814701 0.0435151294196792 0.0533546279130028 0.391926433852617
0.194790557157317 0.433297496973699 0.342313796853316 0.0295981490156683
0.215265953923366 0.256955083988137 0.226422992742737 0.301355969345761
0.174131911098533 0.141722792616382 0.330183621836839 0.353961674448245
0.245144516042115 0.183910407576795 0.184773193501356 0.386171882879735
0.28347514969822 0.417463744313052 0.108733931925475 0.190327174063254
0.360589214956983 0.126662317172184 0.165365328320622 0.347383139550211
0.325270107424653 0.305859027241256 0.18761040494867 0.181260460385421
0.0325557897267927 0.492994183885841 0.29232960261528 0.182120423772086
0.40763530529891 0.230568508735132 0.18571688254346 0.176079303422497
0.39128546917556 0.104966694641808 0.265970767213972 0.23777706896866
0.251446252999986 0.31966865377371 0.376309963299253 0.0525751299270506
0.0512851345687961 0.0121701912541117 0.598871254035737 0.337673420141356
0.350393786394026 0.148748206230232 0.270470291627673 0.230387715748069
0.196994403204414 0.117057662340636 0.329487176899766 0.356460757555184
0.274485787126843 0.118718134923108 0.40290450220975 0.203891575740298
0.496301290773964 0.163130685153429 0.124893993202244 0.215674030870364
0.333211912995761 0.067441818560715 0.199112528883858 0.400233739559667
0.265898501176004 0.408063663796153 0.227371415355756 0.0986664196720872
0.252185187782376 0.394942094571664 0.262621633806175 0.0902510838397847
0.317888322118274 0.262973116773014 0.195652403253459 0.223486157855253
0.59090520678681 0.05663191680873 0.0151969470064753 0.337265929397984
0.0886047588845749 0.627369158294585 0.138781520377688 0.145244562443152
0.358116086052035 0.224579781009049 0.343863034956877 0.0734410979820388
0.015802096624752 0.525536707415126 0.352640410661943 0.106020785298178
0.25419081758645 0.338779393993412 0.290079655464935 0.116950132955203
0.337581724356223 0.189890986126607 0.0557295961361979 0.416797693380972
0.121831266907135 0.124072818828813 0.48891118456422 0.265184729699832
0.126783080054731 0.352536796435673 0.247020931659886 0.27365919184971
0.369231282863608 0.2661453871693 0.112136787062483 0.252486542904609
0.34636171057241 0.318819485840014 0.148089604258963 0.186729199328613
0.268209462253295 0.313361706543051 0.375038867318117 0.043389963885537
0.424242796955178 0.250846772993046 0.0998501008706102 0.225060329181166
0.163387857803492 0.430028478545269 0.212216948807476 0.194366714843762
0.467841615447914 0.289126286871355 0.0283238724661315 0.214708225214599
0.418278308806895 0.356802361913828 0.0372317902810641 0.187687538998213
0.394121835022003 0.196025283292423 0.161721788855217 0.248131092830358
0.378057357623987 0.30669841696035 0.170159015958038 0.145085209457625
0.308603687039509 0.330316671819451 0.278967426134548 0.082112215006492
0.526400160487742 0.161737615697032 0.152932711860362 0.158929511954865
0.386113795223232 0.0399911372830668 0.200582053809308 0.373313013684392
0.360998594131427 0.330003251381677 0.0180822314225348 0.290915923064361
0.299251482098682 0.127921641422696 0.31704560154915 0.255781274929471
0.284353736362822 0.00986882486642944 0.502182549970628 0.203594888800121
0.23418704597594 0.314591666959904 0.266676893152002 0.184544393912154
0.101576285820043 0.429463253101769 0.0906170528204489 0.378343408257739
0.430558548061284 0.0852320832964806 0.154331930434671 0.329877438207565
0.224884515533749 0.175198409739617 0.331541084931592 0.268375989795042
0.265370460920814 0.262845733137606 0.237440992686924 0.234342813254657
0.454555059160048 0.442962158837833 0.0935478012458276 0.00893498075629127
0.340705403588663 0.526160772717164 0.117553231278814 0.0155805924153588
0.290795158691802 0.0659275474683966 0.318469515926936 0.324807777912866
0.369898015205941 0.327692910763651 0.0129732993525248 0.289435774677884
0.04818397955194 0.222625820710478 0.364969919801048 0.364220279936535
0.242259647758631 0.323116846459476 0.236873899600304 0.197749606181589
0.109724770120417 0.266876898804201 0.56137007109792 0.062028259977462
0.287294405041048 0.228515813931614 0.204061498773987 0.280128282253351
0.263498398825316 0.262974660719765 0.198796737290075 0.274730203164844
0.404753097800479 0.061087669547225 0.164638484133071 0.369520748519224
0.29912506388918 0.526653675391256 0.0913378306220256 0.0828834300975388
0.676191668232178 0.078871519453404 0.131701224188581 0.113235588125836
0.229776612843662 0.22287970788191 0.344304849685476 0.203038829588952
0.410992627295689 0.0798547895895101 0.311522508389176 0.197630074725625
0.241724809213559 0.396295443885068 0.22460263002571 0.137377116875663
0.210902480377495 0.115752827995842 0.445562399674555 0.227782291952109
0.252703901874825 0.0852398700332565 0.63811601421173 0.0239402138801886
0.258200522471467 0.214316331717498 0.187109189847822 0.340373955963213
0.31329428204696 0.0877271951917263 0.449420957899244 0.149557564862069
0.199102601374853 0.136409224441274 0.37405738357344 0.290430790610433
0.336700550187075 0.350640040369062 0.0595500490997369 0.253109360344126
0.433616256306613 0.0164005334397621 0.208914114444426 0.341069095809199
0.256670870666705 0.219031896844878 0.329631361201498 0.194665871286919
0.185697863520608 0.326904788704538 0.000886146740592928 0.486511201034261
0.012575884416482 0.45908429238267 0.444533761707461 0.0838060614933862
0.33701748153698 0.346262909072847 0.170663319699503 0.146056289690669
0.172582477208409 0.239328347170637 0.272329800689147 0.315759374931807
0.629863541822005 0.133100532284759 0.0300772238105026 0.206958702082733
0.397749979355715 0.165604546920155 0.109415943403658 0.327229530320472
0.49802993473013 0.180510555135672 0.0950264167386724 0.226433093395526
0.0903966707127424 0.400202798419698 0.310322716535666 0.199077814331894
0.272602298980449 0.493520168138581 0.0572083447326777 0.176669188148293
0.272633518976761 0.222389465980659 0.296745981582565 0.208231033460015
0.173340231458029 0.0904364917295878 0.311663397828579 0.424559878983804
0.211439721535286 0.358150263036888 0.229565624680606 0.20084439074722
