0.230857896375095 0.190863282393117 0.508082809797131 0.0701960114346564
0.227109282659095 0.246245521830239 0.305269139895438 0.221376055615228
0.159339504239839 0.522426296701188 0.224208002928481 0.0940261961304923
0.0633082587021675 0.111718001408759 0.443834983170755 0.381138756718318
0.329805314770511 0.163938149215124 0.178386181479355 0.32787035453501
0.244164261627715 0.516201409924391 0.237246706637159 0.00238762181073499
0.0279324858927828 0.295586862958139 0.252833094250358 0.423647556898721
0.196830989871882 0.443406377973459 0.206254466504026 0.153508165650633
0.293285369216758 0.222112409740515 0.337474810858381 0.147127410184347
0.0168881709481395 0.285114408214572 0.333904357140368 0.36409306369692
0.224279036198489 0.216372532897207 0.248168653833504 0.311179777070801
0.413455117231067 0.208898675770109 0.164128596761928 0.213517610236896
0.30874257117562 0.123312223146805 0.344292752551739 0.223652453125837
0.378185209729715 0.036832112406534 0.224636277615926 0.360346400247825
0.121930792292491 0.577761042856741 0.176899426905843 0.123408737944925
0.00743583771603046 0.32255642697012 0.197929520039725 0.472078215274125
0.395938360861294 0.100241877320419 0.0953231061221989 0.408496655696088
0.0636582989375123 0.468563338396039 0.294937117706135 0.172841244960314
0.172452542255835 0.25683106517105 0.32982664868511 0.240889743888005
0.607509287494642 0.140923502996128 0.0547785510459372 0.196788658463293
0.564604930653659 0.0450944209286393 0.155790273140044 0.234510375277657
0.309613992764453 0.145589795957245 0.334164123267036 0.210632088011266
0.138371812809145 0.0214219651408939 0.472459503178461 0.3677467188715
0.28929934728705 0.130750940528986 0.39183617848783 0.188113533696134
0.33408481093525 0.386563785373202 0.1035015143579 0.175849889333648
0.138602522233673 0.265102522938033 0.399739418074957 0.196555536753337
0.320185694980202 0.15642495774556 0.233661588824795 0.289727758449442
0.398595738185253 0.273742879603872 0.164437091012868 0.163224291198007
0.284594768364087 0.225424668582037 0.297400782054406 0.19257978099947
0.341308025369518 0.165823516663343 0.252726437588388 0.240142020378752
0.516611478630329 0.0488691426065531 0.314715992257505 0.119803386505613
0.262276210591003 0.327070524448934 0.100958155608115 0.309695109351949
0.195534025771464 0.114735705211228 0.369270823862729 0.320459445154579
0.143873839642213 0.393051095233508 0.429981264135524 0.0330938009887553
0.162128098449446 0.241869515113466 0.377732414977341 0.218269971459747
0.369330979084892 0.304177231207721 0.0390862146029966 0.287405575104391
0.068123170500515 0.0021162571703908 0.546472607871113 0.383287964457981
0.275904881155714 0.196415537309942 0.147233986384637 0.380445595149707
0.37069974707157 0.477580250796143 0.0789301334964888 0.0727898686357981
0.428361626072619 0.254959078766719 0.20918003697212 0.107499258188542
0.00850465064977902 0.409957322652301 0.32227492021058 0.25926310648734
0.0481305059535114 0.284035138913617 0.43904387205426 0.228790483078612
0.42034141448621 0.391348249903041 0.134488880244174 0.0538214553665752
0.0701378937464576 0.390230297318669 0.124976622741465 0.414655186193409
0.330033648037188 0.202845414763822 0.444678963546924 0.0224419736520655
0.227245181241402 0.362827875987723 0.381706833559917 0.0282201092109581
0.325096389674898 0.238326753873876 0.307861764930119 0.128715091521108
0.244733024031891 0.295633538116548 0.199798583073694 0.259834854777867
0.0603002171105393 0.195899008108061 0.316633666084056 0.427167108697343
0.32042734720083 0.000695996524840776 0.25403199741989 0.424844658854439
0.130684010970685 0.628409246271295 0.222531614047172 0.018375128710848
0.545318537976149 0.148437631817656 0.0148854082794787 0.291358421926716
0.114378026958722 0.613338759678347 0.26198291188742 0.0103003014755105
0.172798831108278 0.483650353148682 0.203222489920275 0.140328325822765
0.0869761656588182 0.426893600565272 0.386936927952495 0.0991933058234145
0.451015246516272 0.247186108144376 0.00982972498106589 0.291968920358286
0.514521558362586 0.128410495963103 0.025094110944458 0.331973834729853
0.221985363722736 0.34933797467855 0.2378659322713 0.190810729327414
0.403814613887477 0.250982420875015 0.190546561556749 0.154656403680759
0.267546104001588 0.245338453530416 0.37331342456142 0.113802017906575
0.139536502022867 0.319978997439425 0.248468135783095 0.292016364754612
0.0894945947480255 0.421477608707722 0.314886198408179 0.174141598136074
0.380759238188824 0.267316217666545 0.00668480198592973 0.345239742158702
0.279591663073677 0.278706345550369 0.415385992869353 0.0263159985066003
0.317867706579429 0.630579130023147 0.0258160309131011 0.0257371324843237
0.376059896585944 0.151192915572688 0.234678029682224 0.238069158159144
0.0175851934832357 0.233829191169749 0.325900811906729 0.422684803440286
0.181045651409396 0.187081806681648 0.285450697545644 0.346421844363312
0.251314112210299 0.175068196079464 0.173170397343004 0.400447294367233
0.247667692666439 0.327621632598891 0.140683007897085 0.284027666837586
0.399182669754223 0.0921852132740346 0.351525975149072 0.15710614182267
0.322206932274828 0.135796847878552 0.307818084943691 0.23417813490293
0.147070378395759 0.175785321647091 0.479595186957413 0.197549112999738
0.52767292504658 0.18410857885838 0.120557938890994 0.167660557204046
0.314380875299207 0.276847526734587 0.18277591815045 0.225995679815756
0.35293120738919 0.0661629411241858 0.27252529369918 0.308380557787445
0.0574665275235959 0.354146014683613 0.323887169480958 0.264500288311833
0.315411130271632 0.0444975675582275 0.177446352602304 0.462644949567836
0.179407404231375 0.0017495101051477 0.406341409407693 0.412501676255785
0.0788404139963241 0.380894147846367 0.0885690491661602 0.451696388991149
0.3102630465226 0.105410948522748 0.325821924210596 0.258504080744056
0.00731822168933233 0.39698608023154 0.351563796186327 0.2441319018928
0.307566476026188 0.322078888966396 0.105222636812181 0.265131998195235
0.346677189440133 0.069276640482184 0.355903666691543 0.22814250338614
0.0195108506097946 0.221562007673516 0.326768569820376 0.432158571896314
0.320589647736996 0.30988837028755 0.0390684856565582 0.330453496318896
0.403028407937342 0.105423289623489 0.332605558196259 0.15894274424291
0.0125241060568421 0.159084433584836 0.509817742607271 0.318573717751051
0.400216475793601 0.178541455347118 0.177555803187829 0.243686265671453
0.495732561753759 0.0892522245860801 0.00699368750498972 0.408021526155171
0.477860405765923 0.127423413823878 0.259389893606606 0.135326286803592
0.442278808577134 0.127249686875825 0.148388106934718 0.282083397612323
0.26210464474479 0.242915170950776 0.17418128492749 0.320798899376944
0.141261203639738 0.388797936506027 0.0907117397179684 0.379229120136267
0.082408166865793 0.237262831599858 0.272711859367824 0.407617142166525
0.25231544012594 0.10420168604169 0.259937155190975 0.383545718641395
0.376732924068828 0.181752085379638 0.36813562483878 0.0733793657127548
0.530483313389008 0.156014798882667 0.218837214460369 0.0946646732679569
0.335420383912186 0.0749985820820195 0.271416342422149 0.318164691583646
0.444672723238134 0.00416958190368699 0.255145035119477 0.296012659738701
0.043818896833617 0.36232778579302 0.156834510884127 0.437018806489235
0.429634244341488 0.270313498818109 0.096402025327984 0.203650231512419
0.313976513512534 0.378319904319287 0.0209416839874054 0.286761898180774
0.398587992487262 0.432113448149014 0.0591996233434524 0.110098936020272
0.117228084577265 0.286708853073379 0.297429646280448 0.298633416068908
0.349181983344374 0.326531098837149 0.0236104499410584 0.300676467877418
0.357058288858173 0.258875810007931 0.240852554761316 0.14321334637258
0.29618606515823 0.281521182219719 0.253908548741365 0.168384203880687
0.488971425218605 0.214012763487912 0.00601290612502929 0.291002905168454
0.18877740591889 0.136665073228656 0.146311425995968 0.528246094856487
0.308872407683668 0.215883576892075 0.429700029078473 0.0455439863457835
0.115111426509507 0.348961918240884 0.167352630485742 0.368574024763867
0.20470094682944 0.228367985441464 0.390252231305878 0.176678836423218
0.28265569078196 0.0383386251111615 0.675005767802019 0.00399991630485926
0.291680985017949 0.211572570422522 0.288638497386903 0.208107947172626
0.0984677831059442 0.251932549195457 0.222026284166129 0.42757338353247
0.104973807554822 0.361015869734795 0.231201191074979 0.302809131635404
0.16961023227085 0.328669978880451 0.230739565659199 0.2709802231895
0.198267567159247 0.366847420574675 0.421481448603915 0.0134035636621636
0.304470270549501 0.329743269705225 0.298309400502464 0.0674770592428104
0.0434719618029556 0.436890503489082 0.363210601649197 0.156426933058765
0.350187079626315 0.500052236348821 0.000122030861878779 0.149638653162985
0.161323709664707 0.293054483812544 0.480627407581845 0.0649943989409039
0.332504728292295 0.464362829617801 0.0120498291385106 0.191082612951394
0.245186226792939 0.022344452340155 0.157203834845809 0.575265486021097
0.175369214319337 0.0973268768109948 0.402940115090757 0.324363793778911
0.335261186878877 0.357042202981968 0.283046055266632 0.0246505548725229
0.100741388206989 0.28702328014283 0.469197906928225 0.143037424721956
0.165604857769956 0.287452403373175 0.254227637837853 0.292715101019016
0.336959858255864 0.209043395789158 0.394088933610054 0.059907812344924
0.11946942857708 0.346455418653147 0.195011092908312 0.339064059861461
0.200350564793314 0.305058115699993 0.274303364888478 0.220287954618215
0.0403540188253639 0.613300292932814 0.198837725143739 0.147507963098083
0.102856600836165 0.149969604338614 0.453989181549018 0.293184613276203
0.420887638716605 0.0917223453522671 0.450076042165584 0.0373139737655439
0.0142322058388005 0.627644783149942 0.349227636166928 0.00889537484433013
0.178157845464227 0.256249666766128 0.297404772762014 0.268187715007631
0.14955264532472 0.258984714338259 0.290225114180067 0.301237526156954
0.287071698024639 0.384187960458336 0.0940497801275793 0.234690561389446
0.140051171916392 0.223418143631297 0.292222557421943 0.344308127030367
0.298634330103956 0.280257636610836 0.184235700833802 0.236872332451406
0.261344772249002 0.180665331973386 0.26043096136674 0.297558934410872
0.28813428399904 0.322680890320488 0.145424959530138 0.243759866150335
0.241590630240213 0.40242297132724 0.331149283832759 0.024837114599789
0.249404480792209 0.256524183662092 0.0457965279362567 0.448274807609442
0.0750464398327061 0.362689792178601 0.251200692960655 0.311063075028038
0.467357618628624 0.349621451115362 0.177989165959092 0.0050317642969211
0.384315623732506 0.298913764126786 0.266834656217523 0.0499359559231844
0.401850497999822 0.116541216303903 0.460202865643997 0.0214054200522772
0.352530323390946 0.361468663399196 0.0429998071476543 0.243001206062204
0.273218153824972 0.297339923425055 0.142022709727052 0.287419213022922
0.406307278902739 0.224061556138078 0.349364182864271 0.0202669820949109
0.310922569894288 0.426876757299997 0.13419087356882 0.128009799236895
0.0196640827119653 0.414938363130167 0.201231599381736 0.364165954776131
0.0276817335691226 0.0560027619142435 0.549199348536172 0.367116155980461
0.436295845528173 0.189589782350668 0.0340308519439139 0.340083520177246
0.0482076664235196 0.152739646820336 0.406539059235457 0.392513627520687
0.366592705063677 0.399768403322109 0.110028911674661 0.123609979939552
0.299972397718021 0.33753679394611 0.340813432723948 0.0216773756119212
0.203697486036585 0.286282958904336 0.316021853453852 0.193997701605227
0.346684749129121 0.291282257631342 0.00177859597187538 0.360254397267662
0.263301243478076 0.296889126293073 0.132594849208672 0.307214781020179
0.25150883347244 0.163686915972528 0.268873337645015 0.315930912910018
0.130444267121954 0.330938750986054 0.206911042993654 0.331705938898338
0.201869516551824 0.0196335459131158 0.378977279873061 0.399519657661999
0.228218938343347 0.16836741721337 0.16027760362235 0.443136040820934
0.087377655359209 0.313629180590938 0.317152132641868 0.281841031407985
0.436135753037107 0.127632122196415 0.166513166077968 0.26971895868851
0.276363846234642 0.540077450549533 0.101108761060185 0.0824499421556399
0.240693663729104 0.311796177904277 0.0410221650040093 0.40648799336261
0.329132637241511 0.142780284004664 0.259161373396488 0.268925705357337
0.241227110135513 0.186328193095876 0.110302143034399 0.462142553734212
0.257510383271594 0.221766587585131 0.244332098456014 0.27639093068726
0.210176081789194 0.108915321792728 0.297549592859782 0.383359003558295
0.134916333211341 0.378498862150073 0.277461833872688 0.209122970765897
0.139241422008546 0.0991348362470684 0.455736452141298 0.305887289603087
0.11420656299092 0.373204460422976 0.0589868127415482 0.453602163844556
0.105430212402155 0.267121403492276 0.319041498231541 0.308406885874028
0.0332796427730234 0.422238200167668 0.133683011428317 0.410799145630992
0.191257926245464 0.418426719181121 0.17625568813605 0.214059666437365
0.0578131933023746 0.309005361655866 0.37479580118057 0.258385643861189
0.404760661203161 0.293585609645679 0.135515068161398 0.166138660989763
0.378014560615597 0.172393025533745 0.0517956482653881 0.39779676558527
0.258213827791987 0.296946549129555 0.127252198921243 0.317587424157215
0.143959613858056 0.130088567099526 0.285022388133591 0.440929430908828
0.375703120367898 0.271075982741387 0.22487481251684 0.128346084373875
0.435411248237002 0.325988278885433 0.196670002785338 0.0419304700922276
0.187178708861053 0.293063533080867 0.282671769879671 0.237085988178408
0.48134438741499 0.354097150712308 0.0505950723129526 0.113963389559749
0.0290344478834845 0.171550921838929 0.44410467979524 0.355309950482347
0.333182238192205 0.28288110582798 0.340271008918225 0.0436656470615899
0.335402113333679 0.0828327424856665 0.412337356641884 0.16942778753877
0.0756444909786354 0.300864953870342 0.323216631572401 0.300273923578622
0.319174537680942 0.267573533887243 0.0863172057913105 0.326934722640505
0.263980224394074 0.175605112204013 0.12067956748284 0.439735095919073
0.168342885928122 0.306103835563722 0.100390606165574 0.425162672342581
0.17327134296819 0.0180357320323303 0.799155154262075 0.00953777073740449
0.360956017286717 0.164111438312552 0.149319360288704 0.325613184112026
0.546558078880893 0.0423727177086416 0.382193443921965 0.0288757594885009
0.121891762627571 0.283524179812739 0.220441426850575 0.374142630709116
0.205299663629392 0.221823546497451 0.305318973808504 0.267557816064652
0.131934676758008 0.27580354125646 0.447954138873418 0.144307643112114
0.1967622988983 0.282039439303382 0.317641677185783 0.203556584612535
0.440166130875051 0.0241129288119552 0.34477976089463 0.190941179418364
0.365972934657464 0.256738571664447 0.0309069975836696 0.346381496094419
0.401011989069591 0.00647339826904145 0.440955078556108 0.15155953410526
0.297111905503246 0.0669990984262966 0.342523303572227 0.29336569249823
0.11196916470522 0.293317856717513 0.353205320962571 0.241507657614696
0.537908130676743 0.374345252260672 0.0688391062050907 0.0189075108574945
0.108933631536608 0.395033011610152 0.398554038311244 0.0974793185419965
0.284639192027273 0.0453927493270193 0.358975876772366 0.310992181873342
0.189613476344396 0.358935006210993 0.358007774692272 0.0934437427523389
0.1303807324319 0.156113259504224 0.338050539137222 0.375455468926655
0.183679954114553 0.0524178816473909 0.26241816867685 0.501483995561206
0.265234658765081 0.0765978579972606 0.433847761390418 0.224319721847241
0.136845952630206 0.429239907880206 0.179061698889496 0.254852440600093
0.0212476920693132 0.661707948823918 0.253234600140846 0.0638097589659225
0.265420845063127 0.0638151869610484 0.425791632812903 0.244972335162921
0.291316927900262 0.3597503396493 0.172511636039016 0.176421096411422
0.247188930073432 0.445194042831511 0.112849416691747 0.19476761040331
0.251995851415618 0.357181399265285 0.246986203339669 0.143836545979428
0.372371024169736 0.150123649930408 0.256598465414387 0.220906860485469
0.0666777553425394 0.373584556785088 0.178200147269247 0.381537540603126
0.181542394748134 0.104601449180452 0.3476792680243 0.366176888047114
0.242845907532803 0.127462574332108 0.518560663647882 0.111130854487207
0.23952810713765 0.221670016149225 0.298738358609909 0.240063518103217
0.298644436132246 0.252715111664159 0.302593257719058 0.146047194484537
0.213207552038247 0.488299483584805 0.264354939788778 0.0341380245881703
0.282831472925032 0.222004109113829 0.307535864470369 0.187628553490771
0.210536738649109 0.352909730966662 0.39626565139903 0.0402878789851986
0.431141188375236 0.237013519222877 0.272158260560732 0.059687031841155
0.19589160213803 0.327614355945712 0.472005341701817 0.00448870021444042
0.193851825262678 0.251163352044406 0.261744065440823 0.293240757252093
0.200501131824742 0.280040075854185 0.128410021963683 0.39104877035739
0.355454430054782 0.337417272811858 0.292415279706573 0.0147130174267866
0.342734967088432 0.110830434415253 0.0912530772704667 0.455181521225848
0.29325759775018 0.241101361585528 0.384694145688569 0.080946894975723
0.17665480063843 0.27715685631188 0.330948587489626 0.215239755560064
0.381907094037366 0.0414329694541463 0.186366010137319 0.390293926371169
0.335735676953672 0.110991798574819 0.419270781406369 0.13400174306514
0.331325534008277 0.0171851525643564 0.31975257055123 0.331736742876137
0.3800792154269 0.176729067448414 0.336462247841455 0.10672946928323
0.396857954000455 0.22924516975853 0.133647262492499 0.240249613748516
0.0841221388812844 0.508493903939241 0.273242829148992 0.134141128030482
0.322165554071605 0.413303196592132 0.119565828062321 0.144965421273942
0.398265208358029 0.208949149326088 0.0947479699383709 0.298037672377512
0.307485705193859 0.222949779707146 0.203076989861635 0.26648752523736
0.327857688429039 0.326632267694976 0.217135949411254 0.128374094464731
0.289660123459838 0.409037807182262 0.287764107863393 0.0135379614945066
0.234085877229162 0.167487508590519 0.330971388461598 0.267455225718721
0.229954041674797 0.219528221609669 0.0459615465599441 0.50455619015559
0.128950458721015 0.356092814677017 0.311784928499494 0.203171798102474
0.191996208101292 0.318393200347171 0.38752421588475 0.102086375666787
0.00553494097878794 0.353681943088762 0.329576231907556 0.311206884024894
0.0015333851059719 0.450085002162361 0.336338654571165 0.212042958160502
0.309279798886305 0.224380301683617 0.32169291846802 0.144646980962057
0.302300540258825 0.134586939305344 0.318449886857686 0.244662633578144
0.348829837875997 0.134821603599021 0.170906950065783 0.345441608459199
0.339565592317625 0.0786318050291797 0.315335759550177 0.266466843103018
0.266305434259498 0.247170630701017 0.228618453014245 0.257905482025239
0.0501949351968115 0.0592636842243097 0.37532920520501 0.515212175373869
0.0910096936974356 0.130168143733823 0.171472560702443 0.607349601866298
0.264483814559487 0.136102811529202 0.28306197324205 0.316351400669262
0.0446594117996284 0.0117919424678872 0.532908927237098 0.410639718495386
0.318411987668497 0.200221028869833 0.219220216502315 0.262146766959356
0.184203070550404 0.191951942215136 0.325852514588599 0.29799247264586
0.281157550788724 0.314269442704759 0.331179374815401 0.0733936316911159
0.294678395031536 0.35332126802328 0.287358492952131 0.0646418439930536
0.276031867949783 0.154848404557487 0.302091493911379 0.267028233581351
0.21457250336127 0.136474575541993 0.360186901802392 0.288766019294345
0.429796268710453 0.21686494073951 0.300727214627674 0.0526115759223629
0.224525614551661 0.114120991897144 0.330844097767519 0.330509295783675
0.186916625133293 0.327541660654982 0.24453038623989 0.241011327971835
0.343700479545605 0.215221242443079 0.370541155784343 0.0705371222269723
0.208711122328633 0.279493883657335 0.245117250099039 0.266677743914993
0.266889657173753 0.187378814743897 0.048536709588951 0.497194818493399
0.360252188177181 0.279760847940655 0.290503052380384 0.0694839115017791
0.486587053055306 0.391813757451307 0.0594221965113017 0.0621769929820844
0.0999345996275028 0.17332988651163 0.400035650502837 0.32669986335803
0.167954162642828 0.284709417042989 0.293367740967019 0.253968679347163
0.246695395087716 0.402174633821205 0.222300265684972 0.128829705406107
0.0950547652293936 0.165260438926427 0.366251879280183 0.373432916563997
0.353611659938903 0.136107129518792 0.231475316634578 0.278805893907727
0.0546093666315857 0.288542314327061 0.260421897972799 0.396426421068554
0.123336359212696 0.0322492667275883 0.227393738058021 0.617020636001695
0.213611504527076 0.248347154284378 0.174562163042801 0.363479178145744
0.452589514481307 0.154401630626776 0.0283498418727077 0.364659013019209
0.452784695658456 0.27498137759841 0.0859317702671334 0.186302156476001
0.273238943059761 0.161205344344496 0.280788912791282 0.284766799804461
0.0745319132134259 0.482854483884329 0.402620822984034 0.0399927799182105
0.0220564215934434 0.455165921558538 0.342485440079154 0.180292216768865
0.013746942933941 0.180126917975171 0.485798944303599 0.320327194787289
0.162369652479894 0.0675696918317305 0.411137078912075 0.3589235767763
0.117574707412347 0.194186645639196 0.620101043427399 0.0681376035210584
0.00788287723956134 0.399871240438307 0.100110320068695 0.492135562253436
0.417484253164341 0.161289374902404 0.377063959450507 0.0441624124827479
0.353683216381342 0.322320561675968 0.292260769162412 0.031735452780278
0.28770233975766 0.121046721882089 0.520940224537157 0.070310713823094
0.265201019102349 0.355226937355126 0.292424027743626 0.0871480157988999
0.550282582865947 0.176352713063287 0.0796847609116955 0.193679943159071
