0.145869933357596 0.247134593867062 0.0405879771700587 0.033122688470083 0.0201037013424392 0.149400558813404 0.144545075927266 0.198641358135124 0.0205941129169675
0.126902894756165 0.124210280036259 0.0841056017395375 0.165126613853973 0.156478739324112 0.0682382637909872 0.122635644762561 0.123978059533296 0.0283239022031081
0.0315158372639179 0.133921404584196 0.0579956968619156 0.163409090473531 0.181911479188615 0.0805420132800379 0.0758911910538406 0.10870234926403 0.166110938029916
0.26355664245455 0.0514356536022884 0.0310336174668674 0.152069017488757 0.161942540674473 0.174515672181056 0.0328844345537486 0.0882395987200562 0.0443228228582039
0.165543257781345 0.170612809539646 0.213403206897693 0.0941418219695188 0.116431409002591 0.0821604063591354 0.0293527987302852 0.092937258601858 0.035417031117928
0.0121641402236034 0.13037544726698 0.262111638325138 0.00857948885515794 0.0216634493002218 0.0575698896430682 0.204196354873049 0.18800128451949 0.11533830699329
0.18166413555448 0.1478506240377 0.143410056414528 0.0257987940924048 0.0181476454507331 0.0371993323277449 0.183963395466463 0.128515266127004 0.133450750528941
0.0817015999571275 0.0557923175322433 0.166305777029823 0.160512821797754 0.170417248973242 0.119563634286 0.138481786808917 0.10352644783179 0.00369836578310362
0.108165114270041 0.12782276797937 0.189481767896909 0.0371174132959684 0.0800575747396584 0.179232411539027 0.108909398828347 0.0889924697238755 0.0802210817268041
0.0228219704251332 0.219728611252643 0.117731209618142 0.0349462135799761 0.108020285498296 0.150232209529295 0.00827634201850148 0.141561944447398 0.196681213630615
0.184406714662362 0.181684997710794 0.0127551231600195 0.107588422398444 0.18059856960766 0.0701726467709963 0.170840503965593 0.0154270737293263 0.0765259479948053
0.108233669692886 0.154833201080596 0.0819526691522141 0.119380428689755 0.0132530636510551 0.132041554478106 0.169050841243786 0.16571581398238 0.0555387580292224
0.0547757275652786 0.0782116211003916 0.102085508710417 0.0906866313908123 0.174135731670771 0.0787286512253035 0.10939247903222 0.165698833482788 0.146284815822018
0.009733147367741 0.0929719257214014 0.113424956115403 0.205104180270917 0.132668223191263 0.0114083090142572 0.0752630328924287 0.211196269534258 0.148229955892331
0.189881498758052 0.0865056959053077 0.00983572679807465 0.0166067751494388 0.225875917340143 0.205376131907408 0.14981422955473 0.0772530798387755 0.0388509447480699
0.0928261918351304 0.1610286519205 0.0845179175468062 0.0593919366180252 0.0958884894239759 0.140281866714885 0.167041180993131 0.0447501760958998 0.154273588851647
0.0617190467293272 0.04223135361526 0.0911312737308285 0.182215898900779 0.109897157479645 0.0972448542148367 0.0965948267918225 0.18522695144741 0.133738637090091
0.157330938976599 0.158513758717802 0.0775298840645832 0.143564015977234 0.106160257858999 0.0458983085788596 0.0685156823981736 0.106858149892947 0.135629003534802
0.0956931148785736 0.113687556731677 0.00440954422885555 0.0858951103447436 0.224270973713966 0.18704926569424 0.121411460150158 0.00942478307542543 0.158158191182361
0.0870955236158979 0.181262517313114 0.00867478359523916 0.159894906920847 0.0687553987879626 0.168141207506992 0.0224215948696465 0.140113099541426 0.163640967848875
0.0441810542105245 0.167717051871248 0.0823942438563404 0.136642963469265 0.063253423698896 0.154253437292794 0.139319258305217 0.0638105444886748 0.14842802280704
0.170203811371045 0.151813682262486 0.108475959450538 0.111147969655125 0.120533174859612 0.0909385272984318 0.123002104211877 0.112957004997767 0.0109277658931175
0.125767537199317 0.014075391491171 0.122888470248022 0.165681083264935 0.151601091256714 0.0858013740184645 0.148162108389517 0.0264222446907773 0.159600699441082
0.0708967243262781 0.00342302115167054 0.168221856018365 0.0672764167039279 0.0813368510156568 0.194535529427383 0.259345906881299 0.153247705336011 0.00171598913940841
0.117300492373704 0.105059340386376 0.0744327405452745 0.112695188341713 0.0751864435924598 0.0144761114559194 0.161498743875497 0.166756579992825 0.172594359436232
0.0824348267187673 0.0626187716641633 0.137558409234279 0.14127311304738 0.0356291131844263 0.162212052542305 0.0788224819410331 0.134160374392117 0.165290857275528
0.103389879800773 0.104333865736418 0.124297986106578 0.0818811881601755 0.146382852899943 0.182472251113011 0.131876561025781 0.0556095971751162 0.0697558179822049
0.139807962051966 0.167821339813022 0.0623951143885403 0.0342898577538441 0.0749228351124205 0.234287504842127 0.0877648815882444 0.0913174714827415 0.107393032967094
0.220844450701531 0.125077505490784 0.0260143321148929 0.113970421799981 0.00922547258113023 0.155602894324394 0.103298840677237 0.0789855753199398 0.166980506990111
0.102886347562183 0.148743291675536 0.161766495999189 0.100369569412138 0.11674440010353 0.105890595840656 0.0217931205398681 0.167074264600876 0.0747319142660243
0.102194296109 0.168885884976975 0.000919655107837704 0.133064847984967 0.121204204725983 0.033169054796806 0.133411220744081 0.144829068560126 0.162321766994224
0.18972688237239 0.149703205287242 0.144234335831462 0.10173698281894 0.157969657272486 0.0201078997835362 0.149418559124486 0.0577764492269434 0.0293260282825147
0.149197849935169 0.0478725886846512 0.00658968098829757 0.0707862246241297 0.110893867924391 0.0831664436038364 0.181269384155425 0.180893013842136 0.169330946241964
0.21985233171559 0.11939798858035 0.0269181137146175 0.157092545827357 0.0258970372663317 0.207206179934078 0.138030164879031 0.0823758975787405 0.0232297405039042
0.108597685422643 0.0822568661437119 0.057542192980423 0.197084229624123 0.0442637964678321 0.173081134114634 0.090686783530198 0.0728927124776247 0.17359459923881
0.263043399137667 0.0899802985832037 0.104572564443211 0.0144036487809325 0.110936156096151 0.129514936258756 0.0694218481045437 0.00487847972380871 0.213248668871726
0.209954840060741 0.0800788307504001 0.166197453643195 0.0181701304251411 0.142027970492598 0.00527754981270933 0.143602936197915 0.0464516274874828 0.188238661129817
0.133925475731584 0.104972729154783 0.0698323290171013 0.108700056503162 0.118067189076801 0.0805401206702775 0.15967280793943 0.0702883761717488 0.154000915735111
0.0156261393363077 0.0862143662058093 0.0188577959637785 0.218139659777364 0.177632787478328 0.0669338935260606 0.0794757641791797 0.239058391285235 0.0980612022479366
0.0324070518948052 0.0868540011809674 0.0101878036067076 0.0274601068541249 0.278479701569938 0.150902749232736 0.240374163524954 0.129554210607309 0.0437802115284581
0.0475176343924232 0.0880604687149904 0.0531148894725211 0.173805513016841 0.0497323271123132 0.138859286272738 0.171778737620453 0.193930015920103 0.0832011274776168
0.053031335413622 0.161973656396145 0.0943819248195323 0.124559227631651 0.157689024932808 0.0439339575594944 0.164703362979557 0.0942840295477945 0.105443480719395
0.0173710918096414 0.181072862674815 0.122857712036344 0.170673553024935 0.0885911249137473 0.0787813858704398 0.0704393532530892 0.07876660201303 0.191446314403958
0.0335838737123171 0.0395644910847211 0.154640019033081 0.0242482412160693 0.227992878075135 0.281187243286321 0.0382012492653432 0.0248729939364826 0.175709010390531
0.134562381557494 0.0634721179996399 0.125461863394229 0.156492219726804 0.0785995974887404 0.0708282187326965 0.127868303076436 0.177292905195152 0.0654223928288082
0.126016813346582 0.122702413009406 0.0941484364377047 0.0458208470308652 0.141945408797958 0.166903341555017 0.225938608287837 0.0254882896288467 0.0510358419057826
0.0779905612537282 0.0445644281638687 0.157259267576001 0.00749354044138819 0.164774675494856 0.178155393284775 0.156967853901439 0.139650572828927 0.0731437070550168
0.104094617590515 0.120875196224807 0.0241868571436198 0.145431314621571 0.0292344975352436 0.316539201382562 0.0251484385646734 0.0233949952219087 0.2110948817151
0.0613552377116112 0.0768006645992392 0.0983320352187626 0.0288689547890209 0.229508954879175 0.184638570222626 0.142095977764134 0.136919926411016 0.0414796784044154
0.198691501115382 0.106254800171197 0.0763477039079297 0.0313491255610179 0.0348493656240807 0.136355803782752 0.224222572096009 0.169533061662143 0.0223960660794884
0.0457121276557686 0.181215465990026 0.0761987703564196 0.0248240079075019 0.170787735023811 0.069723109501423 0.194116847194144 0.0440514779735943 0.193370458397312
0.075650301333736 0.167787444356623 0.173927405409626 0.0106281373298255 0.0689002539281948 0.121442103379708 0.147712484498569 0.0781087836021366 0.15584308616158
0.135710528760254 0.216804851573113 0.201841681577089 0.0141323184966634 0.0110205516252651 0.0958075996778482 0.0173484368310827 0.196897752627253 0.110436278831431
0.188786251369417 0.219877456807888 0.0678106543446878 0.171750947696897 0.0473285343620816 0.0519227425417639 0.11492039412079 0.0506288291937749 0.0869741895627
0.191219208922096 0.0471440116484782 0.123151349266519 0.0289799888635383 0.0514186844844621 0.216456323047774 0.0663909665315703 0.176511573685292 0.0987278935502693
0.0360576816226623 0.111966567873145 0.134147202443119 0.0947399832193556 0.111165444988968 0.122401422001823 0.0137222174377913 0.183570726339827 0.19222875407331
0.0583723529969701 0.225842473525382 0.0480817590937623 0.0035173876964951 0.101631606293379 0.118619368509806 0.214641791309394 0.155137221758935 0.0741560388158756
0.060084146964949 0.223420034572083 0.0199752524805871 0.0895484741306727 0.101642710401508 0.0833139126450627 0.0262676632673807 0.175696657129269 0.220051148408489
0.0260769212458501 0.144980865542977 0.241326769248935 0.158659988462555 0.0639935872569105 0.0670571555806544 0.0018576741909157 0.113621942386816 0.182425096084387
0.109502887673353 0.108133791093557 0.0699408706456383 0.0136469660928903 0.215946964525443 0.191997693958003 0.0810680001897695 0.14185802129536 0.0679048045259853
0.169536317368056 0.140333178324878 0.054089071630088 0.139570223531341 0.109482216399362 0.0849252157125663 0.135920701960633 0.0995620209587174 0.0665810541143593
0.074235699664537 0.0479881650915876 0.132851584386775 0.09971468783609 0.241961335122258 0.0699925576529948 0.00167386581832646 0.162463792330444 0.169118312096987
0.0898358716048203 0.150479176596325 0.141653504274622 0.16634571553862 0.00621161381975645 0.0488884742403275 0.154251664161624 0.070129227144751 0.172204752619154
0.029338994240085 0.205785913993815 0.00980841094049236 0.135051378022804 0.0385247580937811 0.211024676989458 0.0774044998787776 0.0931833005651274 0.19987806727566
0.179618500284261 0.0578987973033859 0.146673473928343 0.148221124631136 0.12251809389967 0.175806878464005 0.0102617119925003 0.115948987178109 0.0430524323185901
0.110357506293312 0.0680769250084715 0.0537928325103758 0.167846238292874 0.188547443036646 0.114546630980519 0.0743611432340597 0.107015017986732 0.11545626265701
0.155785900263777 0.0917849948124684 0.0302258145489357 0.222347731379205 0.204512029390288 0.0610799384146316 0.0961094096475146 0.000786913831965588 0.137367267711213
0.141750393126573 0.082130608724725 0.0670993813856212 0.176787809388585 0.0420514229079641 0.139646068671961 0.050148183328714 0.175479931897817 0.124906200568041
0.160373835969412 0.0621371496445226 0.0170456273112749 0.00480469586204511 0.187101357926719 0.194004165266501 0.163036956041688 0.065541890288412 0.145954321689426
0.10781940311512 0.0403787997192295 0.0181033626752315 0.210381197025685 0.132071817636458 0.204613002152543 0.190738704068039 0.0656800622233267 0.0302136513843664
0.15897650384503 0.171677410922928 0.019140489024764 0.174702114578888 0.0310191320890874 0.0078515046932712 0.122711710810925 0.175030162190927 0.13889097184418
0.101981946111325 0.134423450732199 0.0240614730940703 0.14542855332819 0.183753815027054 0.154119492758109 0.170229392991493 0.0177416570447914 0.0682602189127677
0.257988788806866 0.0341469715035507 0.0888704134367348 0.216711832981861 0.00236809776650499 0.220390625047038 0.0562462495116284 0.0187447276722923 0.104532293273523
0.0433469627644001 0.199156708370906 0.13687976998539 0.172688764737051 0.149315753551635 0.102124226140191 0.029728071021436 0.0231787110254692 0.143581032403523
0.045012259284694 0.0120592536798053 0.134582192273319 0.111076039262646 0.186414081500314 0.155595930784103 0.0165294429929148 0.160228297609975 0.178502502612228
0.130311050420879 0.158499999430814 0.0814643507926676 0.0728896184971017 0.0695742892889894 0.235573096878819 0.021218088289962 0.180010239714173 0.0504592666865934
0.0722620637876871 0.156472277536332 0.0138161078987686 0.148387408929397 0.108008875616969 0.18847628868772 0.00853388680654717 0.116388882539402 0.187654208197177
0.197706557812209 0.128557584196862 0.0100610789639526 0.000885189001638688 0.15492838418767 0.0654921299652242 0.133808112836922 0.155523599414108 0.153037363621414
0.0133827214829578 0.0607669035511829 0.0903025607409918 0.101235751990741 0.188763462942333 0.199151284599062 0.0934873768220486 0.165444776902666 0.0874651609680162
0.00124076166026011 0.111962820438471 0.101180565484782 0.0170463691676946 0.0906759137284289 0.23701178725688 0.0238957408112659 0.228422964547212 0.188563076905006
0.0884687620212201 0.194176437146734 0.218373243599692 0.103572693175085 0.0322313498167033 0.0356518144764197 0.174326038208683 0.0456709916636422 0.10752866989182
0.0918231063976865 0.0346391288810923 0.0553357210299933 0.00165017982690971 0.278537001143001 0.072119152866325 0.247532447651502 0.0315757361143712 0.186787526089118
0.109832634036009 0.11128003812666 0.096859973013277 0.00491791210895932 0.108362526241847 0.0978208040838182 0.164089400340391 0.153881842977972 0.152954869071066
0.164218915534968 0.134202706520947 0.134364210705397 0.000261909310175683 0.154410003836924 0.0438161754039603 0.134454024054514 0.0765094479258845 0.157762606707229
0.0407998717525327 0.136619808364953 0.200937095330168 0.152704500010442 0.0393110204484718 0.054826010380781 0.00972404611862499 0.129670600930547 0.235407046663479
0.111199805100326 0.0749476124853932 0.189923945560942 0.184471781741019 0.0185775912215781 0.185396651748707 0.067890385088777 0.139534003309533 0.0280582237437244
0.188016916414473 0.0149251710811815 0.0397780699215297 0.0614357926833958 0.13974779487239 0.158038891316297 0.0311408159067222 0.179355297039107 0.187561250764904
0.133731641058908 0.129692242929712 0.10243126744675 0.240875696253938 0.107856860316874 0.0510396856432152 0.016969254872635 0.0059162395286603 0.211487111949307
0.113679816156023 0.0428152502622295 0.194795539732043 0.207860440775412 0.0528767535054118 0.146574701514868 0.0775813110338678 0.0911627655415222 0.0726534214786227
0.347620670527642 0.00995497967009167 0.140274841544898 0.194388007502995 0.0360538812445946 0.0380983596965097 0.0413728729397535 0.042477452674835 0.14975893419868
0.116932471044518 0.0781848237360361 0.112460695863165 0.127520805767332 0.0950490669373858 0.103406011842698 0.120289561012175 0.215556876043119 0.0305996877535722
0.174546274069434 0.143284182895672 0.0830887493909193 0.133004623114977 0.0346635647583624 0.193663411383924 0.036129429063692 0.0148330457592779 0.186786719563741
0.08427678520747 0.114266822413367 0.122864163478331 0.163727710382737 0.139880890812883 0.0294455653412727 0.126384351865303 0.204447495516657 0.0147062149819794
0.122663857549202 0.0713803630545388 0.0868587522852221 0.140233403098064 0.0930383106931302 0.118463229322902 0.174244148458691 0.0769928756556319 0.116125059882619
0.150213679175622 0.105781435412299 0.0331018810863624 0.0117095091468269 0.101127598556488 0.193766863759188 0.215278078790158 0.129992664533153 0.0590282895399029
0.0500129677394793 0.11161101116739 0.154313976649432 0.177551681502074 0.0966776416837885 0.139852005392212 0.0628460897497367 0.146593929209364 0.060540696906523
0.0889801159152639 0.172962199100682 0.0996428556246099 0.17588214382476 0.0645336308144671 0.120303852510384 0.130818427763147 0.0312510511229847 0.115625723323702
0.195838243185141 0.141669072508717 0.0558416315080486 0.168536474102659 0.0126010289834581 0.189156811932471 0.0824154352635219 0.0761775967257099 0.077763705790273
0.344740262220627 0.0892344786210826 0.0699602788995853 0.0646418870514861 0.137251816167938 0.0534457828699728 0.228375747096199 0.00272398938944245 0.009625757683666
0.0244316506303647 0.100195517419889 0.129399056583112 0.00850841626564866 0.098137296652883 0.137637169915962 0.1479528206665 0.325939591032959 0.0277984808326818
0.0379749560051233 0.0622034020354124 0.0700132227376928 0.217793788350471 0.106647872844108 0.120114033938736 0.0954381333011577 0.200774956323671 0.0890396344636276
0.0286787938272169 0.15236857561371 0.0287967659983409 0.0857329361804794 0.079162983168127 0.019644995951409 0.224802260559591 0.158251261750092 0.222561426951034
0.15801346942517 0.140647144089639 0.13628696981105 0.146528562737623 0.100594797313953 0.038704180504154 0.0996400160914925 0.139732596072308 0.0398522639546099
0.0936439690280571 0.0130136321601256 0.103779990091675 0.000217608399788611 0.170772848809001 0.0781070079101877 0.168325734176822 0.269617299683283 0.102521909741061
0.149013633941813 0.17340723981752 0.00661723234280975 0.11321639164799 0.187503456635882 0.108956489379299 0.0274593371788519 0.0791535479135947 0.15467267114224
0.0117007325414759 0.0922266931585871 0.232429386453295 0.15646612443939 0.033563322017769 0.146922753325708 0.243297156109681 0.000632698740452131 0.0827611332136418
0.0857855332949361 0.102717867756958 0.164280169817945 0.027596575554845 0.0931390058590296 0.155410165012661 0.116648702997065 0.173684419179374 0.080737560527186
0.144420145679056 0.121904573435659 0.139975206397052 0.049072453221415 0.134078860171973 0.00604300587066234 0.147132538068055 0.200456672899343 0.0569165442567863
0.0922686607560543 0.0743736454700595 0.12353406720901 0.149649064723255 0.0135022659039418 0.137949728908703 0.134014336143294 0.127780210684689 0.146928020200994
0.181974729054524 0.084785590832152 0.0366949388909724 0.136716864973262 0.147658787265805 0.0121833118958156 0.0360776628422754 0.182350491149485 0.181557623095709
0.1836365350948 0.182500885218076 0.032269954682173 0.120032038533304 0.0524032716755916 0.0278525201329845 0.0924749173115863 0.118589590253533 0.190240287097951
0.0559698891560911 0.114026184378877 0.144554380954572 0.0193018663516525 0.0596891077944523 0.217189044644092 0.185760444652327 0.0810354649129481 0.122473617154988
0.121803560327191 0.166136841457548 0.15202133232462 0.0183109586453447 0.0391507235312077 0.145444840199766 0.145481755958418 0.0814063061301532 0.130243681425752
0.0791572357657065 0.204248929017613 0.0604898103384496 0.0187167927403128 0.0661814818343621 0.150306138779636 0.207665856936031 0.109786436236511 0.103447318351378
0.180404582521972 0.052456977589529 0.134331962425225 0.172231812513185 0.182739953373216 0.0991018105769177 0.0965006106228168 0.0157805440343544 0.0664517463427837
0.0690223835825482 0.00800999492105204 0.0471681814810573 0.17195449671233 0.186329949055301 0.135360022413842 0.142842001224501 0.142721382685515 0.0965915879238544
0.282194879247942 0.00904892843420711 0.13838032366648 0.0516457142091361 0.118141451689554 0.137327758567109 0.0513735405097619 0.136621641727315 0.0752657619484946
0.0164086042661406 0.179287964270383 0.0623483798006448 0.0925758653184858 0.1263187117563 0.123561167599721 0.0563788836557599 0.159707163400639 0.183413259931926
0.119703241001822 0.192847494391282 0.02341306741617 0.0770405672574631 0.126696739329006 0.060340756810637 0.0231923525171893 0.157567366075138 0.219198415201292
0.098202069474247 0.0443077770130976 0.187436843899755 0.161825816058592 0.0832498748975737 0.0861895785277034 0.0756313846964593 0.226120901256526 0.0370357541760458
0.194686829674858 0.0525898872766926 0.0634019444380264 0.218353734239131 0.21882429140319 0.127643676289611 0.00300352805685849 0.0522286377754696 0.0692674708461624
0.0161027077019537 0.070953006584267 0.159033932212697 0.111279699063006 0.134071157554828 0.162547807355558 0.151941603193514 0.0728731711751098 0.121196915159068
0.193489675500155 0.0404787885847746 0.172887389070918 0.0139450447531925 0.0629489830383347 0.10238607582653 0.175246216661026 0.0870548311678704 0.1515629953972
0.0689707396915546 0.00968056318481861 0.214112286067656 0.102885470584633 0.0461968075377482 0.230281008500803 0.0300587973311316 0.0942808773721898 0.203533449729465
0.11702357468015 0.109833662998424 0.0944501002734356 0.0891577053130015 0.0355076129765236 0.158590972902 0.129277978313848 0.0919694393793141 0.174188953163302
0.150083629107647 0.0039650978807056 0.0405951247766028 0.139354067457826 0.319671056083631 0.211457996972169 0.0483458967667972 5.30414604685072e-05 0.0864740894941525
0.10770261425244 0.050766615882098 0.0148049933198532 0.205482490358335 0.0450203778156266 0.176526901496504 0.206716729102008 0.10277074107685 0.0902085366962845
0.0334335453679534 0.0608159597545888 0.180989992487267 0.108739161063026 0.0615287879024175 0.146989815945447 0.115084621863552 0.0343282153857636 0.258089900229984
0.181097006365252 0.226957243505705 0.00787010756216551 0.0735417217259303 0.00547780698144563 0.1000525131288 0.23214901809317 0.12788106378299 0.0449735188545405
0.172945922753961 0.0633267441018039 0.16017812589686 0.0522973897261384 0.158535117115952 0.220625175823081 0.00548900215899597 0.00501277523835078 0.161589747184857
0.220028414763865 0.084108207797223 0.182650102647862 0.196387693012652 0.0130006427976458 0.0865542619333125 0.169144497789805 0.012226649864246 0.0358995293933892
0.173184339142836 0.0103907668363707 0.120455812114962 0.00328054482672004 0.0809487022577777 0.101499119483537 0.171440635254073 0.175493760025776 0.163306320057949
0.245678640637963 0.0161166985452368 0.0133448325403488 0.00904489701071311 0.121819971961409 0.244285263945631 0.0763214086458713 0.119233176787927 0.1541551099249
0.144954236058198 0.136832818949959 0.118118067591281 0.160777193840959 0.0394268254749966 0.0631454825657737 0.17501851492669 0.148704428644509 0.0130224319476334
0.00383003144622515 0.217697078827021 0.195051176064887 0.163650265227957 0.0608232962408035 0.103838905563062 0.0702421796873461 0.0984651603835252 0.0864019065591735
0.0132882367176835 0.213632027181487 0.0452515136490187 0.182822625904802 0.137033590955923 0.138206193492162 0.11652862386769 0.114660424428799 0.0385767638024344
0.1167998691695 0.106265728928318 0.036144333686694 0.184236523987139 0.188103086721213 0.0670861327340795 0.182529406225961 0.0825617184539256 0.0362732000931694
0.111109013643617 0.0805553594499003 0.0478081379536566 0.124491647512701 0.0835300783939479 0.113903276530647 0.051303211174856 0.212224757560372 0.175074517780302
0.0183429689880632 0.0266154898430825 0.154648171475097 0.165285081697504 0.0435500888286769 0.107918025067225 0.237829115567746 0.065285956872737 0.180525101659867
0.0228509607189862 0.171144049740578 0.14067058530904 0.0543321035409846 0.100676848720877 0.178464703299983 0.183256196729199 0.0801735944786635 0.0684309574616884
0.0632457454961714 0.0677351671324566 0.0828829918090488 0.0992628512913998 0.160809826915461 0.138631757785453 0.130849632605846 0.0921193976129134 0.16446262935125
0.0144309262508405 0.197353581700517 0.180146448510158 0.178197551238906 0.0767158414300058 0.0796584091376753 0.0342146294891824 0.0345901747054369 0.204692437537278
0.0463626718951525 0.153316506589288 0.191513225503474 0.0628867290601389 0.0829558210479546 0.197067311761057 0.00734714379245695 0.106216036347499 0.152334554002979
0.206613056484534 0.123867557360945 0.112841618380793 0.0387839691992788 0.0827159644588991 0.0377472230332976 0.184499033148336 0.153230167911307 0.0597014100226093
0.0577024053114453 0.0698117346905089 0.105684707513533 0.137176152951181 0.154384510287895 0.116726934472812 0.197630474072835 0.104555640996926 0.0563274397028634
0.0883464419469457 0.0885817199160361 0.0958257999730245 0.15429210186631 0.190681571903808 0.12843978404654 0.117936364992765 0.101293694903929 0.0346025204506421
0.152779839643498 0.00478357498219611 0.121041088501497 0.0620683901858591 0.127079454232395 0.240030503600831 0.0966768459297945 0.11960864562518 0.0759316572987485
0.0805944214197165 0.194571593825737 0.0454471173559344 0.0665082236463741 0.104991907615212 0.166373813566898 0.0635640606117484 0.14616741419259 0.131781447765789
0.130524317176844 0.0596565735383335 0.138128502605801 0.0851082125041583 0.178216689406755 0.0133806374283535 0.145180487090966 0.110626049685514 0.139178530563275
0.101615162802172 0.168362022130884 0.101653138466157 0.0668482699570742 0.0154692891010965 0.212517382305475 0.123424478127241 0.044437706066775 0.165672551043125
0.112150307831634 0.147389190827175 0.101531454192661 0.0967937057757615 0.126826903019398 0.139431983249691 0.0988300200191973 0.133979759742013 0.0430666753424702
0.144430216924417 0.17971109341126 0.0615279176752419 0.113098794391186 0.0881081910371658 0.139932964161594 0.187075322004187 0.0350596442882969 0.0510558561066514
0.0424816560052124 0.165392984474998 0.0497851596899737 0.0644950787827692 0.0769288026845565 0.0346840017238513 0.23747160567552 0.188944453687727 0.139816257275391
0.134561223287766 0.119342270825354 0.0652793527111251 0.153736739723274 0.0900174850263466 0.144296648312142 0.0905790626284969 0.132867755135244 0.069319462350252
0.00897235503073951 0.225073716802365 0.0962184053050982 0.0501660179546424 0.199581169598571 0.0841408629324493 0.0167780063894584 0.0215824178575379 0.297487048129138
0.0993846894191192 0.158991127326432 0.0818038984605471 0.164580033731971 0.0391127389380899 0.130113964107086 0.136839022133187 0.0474616334018714 0.141712892481697
0.241818897108762 0.00125296589000386 0.0677885424790277 0.180629335026753 0.0812338977833094 0.0514651522727922 0.0439030811189858 0.166639283440986 0.16526884487938
0.0484818785473737 0.158887817759182 0.0868322677397469 0.191023091080312 0.0478864834999656 0.181632401337752 0.0623737792507054 0.0840505022657279 0.138831778519235
0.123371256452908 0.108058072414958 0.0478917893030306 0.152963658986043 0.13408121507149 0.0965395050583262 0.137355110290203 0.063359776081462 0.13637961634158
0.146587822201947 0.201564315678059 0.0428281572975429 0.136485821264506 0.0941653195843462 0.209154942299747 0.0833987170174146 0.0771517479672423 0.00866315668919405
0.160566148220115 0.182246471257932 0.0633383206348742 0.120494134213467 0.0541713225762018 0.203908042950434 0.125185665215125 0.0762046215194648 0.0138852734123863
0.00319506944060238 0.180420202878333 0.0711634411412823 0.119073137523936 0.064738156785824 0.137631372989539 0.0712036308698607 0.141078063020011 0.21149692535061
0.166347792889883 0.179182638076607 0.0550383521666855 0.0458865472111424 0.0459566392141569 0.159072034037318 0.0297564745431505 0.129927825884336 0.18883169597672
0.221852013645222 0.0519856957187785 0.0227351606118405 0.120813492779453 0.12073169825758 0.0256900634263028 0.022982808115266 0.258877165292873 0.154331902152684
0.157896547832632 0.171545533829013 0.0582368235519936 0.00899481619554377 0.209184400804282 0.0947221833157195 0.0906155741756558 0.171332086160475 0.0374720341346854
0.0466341958415799 0.128980723127431 0.00423151761829167 0.256353309121358 0.0836851612208846 0.0573501090180532 0.161169280242136 0.256717069698008 0.0048786341122574
0.169136118821269 0.150940000712604 0.186615112332103 0.175201216709056 0.213316280139055 0.0584533932480346 0.0142170099807557 0.0219293666009537 0.0101915014561694
0.144360417480615 0.00280285906499588 0.167176591480594 0.0762778344513734 0.0841406188752697 0.0115835560568685 0.229423509526323 0.129970545979724 0.154264067084237
0.142349255476748 0.131334201119847 0.259115526572088 0.013937613907105 0.00731672757618789 0.0647522831640259 0.123177655037741 0.0573012069069353 0.200715530239322
0.0996475577210781 0.177593604221298 0.147471306401631 0.157083975235021 0.0167385054400109 0.180475064026478 0.0720094661794043 0.0209347483043781 0.128045772470702
0.0213690645603917 0.0264003715329498 0.14921790328715 0.132601847255679 0.205282081018934 0.0642314116273178 0.0418181357779758 0.170547440744093 0.188531744195509
0.0101771367955451 0.156351459340721 0.212060178520225 0.211591009478338 0.177224610207494 0.156975484771395 0.0065274092228842 0.0516941354675738 0.0173985761958252
0.0334415252096493 0.248381620608938 0.175876348547622 0.055770295670018 0.0178224689048306 0.163561608884516 0.0284604893019608 0.198488587738022 0.0781970551344424
0.185399086217932 0.152631633679611 0.00131384149005524 0.152816659554144 0.16740223513245 0.0318216219326976 0.00533430573533023 0.18436433933126 0.118916276926519
0.234545892330598 0.0163688852890534 0.172455156227927 0.0757811531850868 0.10664503988576 0.123464337922407 0.0529780075468629 0.000615731351611853 0.217145796260693
0.104406305005756 0.24655337533329 0.0176099713903998 0.00751379093006214 0.0895737125818556 0.234461572590652 0.101224474449817 0.0840605483801636 0.114596249338003
0.115316749552488 0.0233371283137293 0.158653015830387 0.159242182543825 0.157630854899494 0.0815465785769331 0.0773890492253048 0.0834441608172877 0.143440280240552
0.161876648655272 0.196414160739507 0.00919586441385351 0.0892114377566104 0.109332175456325 0.15702187625755 0.0727917032394189 0.202321368700092 0.00183476478137152
0.0130681825878438 0.223165045602884 0.0981532487052844 0.158280174878441 0.0910501552196904 0.0580271337223918 0.0035032055517964 0.189836231996095 0.164916621735574
0.222007793247208 0.0578570340235531 0.136362159524896 0.0195271844172125 0.101105303193975 0.128177378096899 0.228668426872305 0.0334367438067907 0.0728579768171609
0.00571254285137504 0.0900680275182836 0.16935579748767 0.1180036959927 0.0635640323277532 0.0682455753940584 0.145738577403154 0.186863913944868 0.152447837080138
0.069183236491788 0.138778369179102 0.0801652948809504 0.128955023328101 0.0809803122812312 0.129450430065129 0.104145213952675 0.147025678889252 0.121316440931772
0.0252741702545544 0.0577392334695274 0.209195805210952 0.105839183330464 0.205212707830139 0.0837850628353534 0.0367210352945347 0.129520740866321 0.146712060908154
0.259568715600238 0.013768785964096 0.121396348539608 0.197256691277059 0.0835027731446112 0.244828727316487 0.0458111010690608 0.0214695315934387 0.0123973254954008
0.164508096461809 0.0780000189224721 0.0289932729708674 0.0880374879443915 0.0297029448969561 0.128400295505241 0.144651141016153 0.196288424729917 0.141418317552194
0.11890195744281 0.0237567003542907 0.105662637892502 0.087130271839748 0.0213022857618542 0.0149511166735439 0.269381578379632 0.121046823549115 0.237866628106504
0.0358631919278458 0.0551926555346097 0.0455990734291723 0.139708440361024 0.166471727885947 0.220384744402896 0.0149044091578678 0.111184736375724 0.210691020924914
0.0977519726330423 0.16867640716953 0.058327109655741 0.188255835254857 0.160375755565752 0.0731553197021066 0.0561487579386554 0.146999235773123 0.0503096063071932
0.20232505026178 0.167321979407026 0.058248275970382 0.0136311029269724 0.147575140775813 0.0435213396357082 0.00141664807516898 0.207854656259697 0.158105806687453
0.191216153386064 0.13677041196875 0.171063236829376 0.0504841447976363 0.0439880078185972 0.103328664736121 0.0795495030252297 0.00820574653720176 0.215394130901024
0.15410031842005 0.216051800089992 0.0918695445749954 0.144418133727943 0.107735341164573 0.190243799514544 0.0482735722629023 0.00930886199298961 0.0379986282520115
0.175642973378309 0.0950899378447264 0.0911476454191351 0.150672830655835 0.150550833708089 0.111891207864064 0.0172899389711065 0.197773212142575 0.00994142001616012
0.238779118566334 0.0853308148280696 0.0840295214098947 0.259269761364113 0.121509780771418 0.0667428629907248 0.0582967285002472 0.0414226690418998 0.0446187425272988
0.158987443351605 0.185747820175299 0.0262415697807652 0.0426542311444921 0.189421370691736 0.00923736275598947 0.18378200431157 0.146781648633796 0.0571465491547472
0.0657279787450685 0.163097894105492 0.0616594996075512 0.190330226623559 0.211567978538998 0.0210387709966432 0.172805858650429 0.0541847414008971 0.0595870513313633
0.034514898989019 0.14746258417916 0.206010715280827 0.125383872228945 0.00722214929305741 0.138529669510049 0.000145706624283994 0.116731548788166 0.223998855106493
0.18520332459154 0.143859503929683 0.144412542357499 0.0379368595939905 0.0348944082560439 0.182680935226366 0.163694115075621 0.0518983114823002 0.055419999486957
0.00773137399416915 0.0785139273456694 0.0944936926501091 0.178265516040993 0.124044452969959 0.123250167258262 0.215784123830507 0.065265551937569 0.112651193972763
0.2001608139558 0.00197741181728871 0.217758969613879 0.0171566947005131 0.0628212347173487 0.0188052953795929 0.219242434195419 0.180317160776699 0.0817599848434604
0.152569735475081 0.00298216471306949 0.135094830709032 0.195434919263972 0.0789974345560859 0.1015476627923 0.0538318427443659 0.149038622747208 0.130502786998885
0.0981854110859825 0.0656550294970405 0.200441381116446 0.0560281446044215 0.0709005309255517 0.15808224183421 0.156158292568978 0.0532096465302946 0.141339321837074
0.0127583572577252 0.164376647360519 0.114589081122067 0.0236862942565085 0.169606948344858 0.166835621201864 0.0451808320526427 0.175929704344594 0.127036514059221
0.211444703378677 0.266867275533474 0.0335475045608129 0.189277462350438 0.0199752084436055 0.00216867195215309 0.189573176867898 0.0693847270306048 0.017761269882336
0.0874202609595298 0.0191722324484506 0.118063192630516 0.0778132932751505 0.0596311949682574 0.197839841200725 0.221072070501008 0.21697695054575 0.00201096347061311
0.163616401915757 0.111596597925607 0.0636503016835308 0.0952474810783914 0.0901529253005919 0.037491066916483 0.0898606844656611 0.160071598228711 0.188312942485268
0.132933648161185 0.119902745568453 0.0894969258988054 0.0898692514697696 0.15328075523295 0.139286336647823 0.114784557430798 0.159171303924314 0.00127447566590161
0.0783040210329148 0.120165278333266 0.0927846867151024 0.0198558099769618 0.227661270211538 0.0191005746724796 0.0293071184274324 0.2242430805029 0.188578160127405
0.100907301931043 0.0523434949128041 0.185802492181674 0.0440983742816342 0.0915509982744814 0.00106757853240872 0.193434563445115 0.190648286793671 0.140146909647169
0.0646842646422826 0.000300065517576851 0.157542896183796 0.143734548698346 0.176293033034136 0.0945575413392909 0.146390834463456 0.0950191123418795 0.121477703779236
0.210159033420963 0.10795798326692 0.0702523596877925 0.114937399584409 0.0144782121397825 0.1114712137196 0.0993502820026694 0.1616540208414 0.109739495336465
0.151983898706204 0.205880363788778 0.0197546398842816 0.0869501126339302 0.00481460845673742 0.0240677478585348 0.142829173661676 0.142962920515546 0.220756534494312
0.166768286722261 0.131103674334542 0.0217816172756388 0.150664965435531 0.158698349824191 0.0434630763934076 0.158086320037577 0.0885847750773134 0.0808489348995386
0.134082042605119 0.108152765576899 0.100026483843166 0.0585562840271321 0.139576625035107 0.1082717756623 0.144825966611225 0.0493717517643486 0.157136304874702
0.0748437617330593 0.0595817680122294 0.114077647643147 0.140000817702257 0.124360273358862 0.148101661687153 0.212490629911546 0.0854669501373224 0.0410764898144247
0.198212051891193 0.111745831043283 0.149017272133468 0.112531266356765 0.15165432037228 0.199743759636953 0.00426243459656604 0.0147521413148977 0.0580809226545941
0.053727793729983 0.0661082574686372 0.142261499435459 0.158835173065798 0.11865294726669 0.102296018655977 0.0571117410428199 0.158057904106103 0.142948665228534
0.142715027619637 0.140571279133667 0.0531597446167958 0.0931759562279336 0.0447075923486786 0.165917306942977 0.169494291736178 0.157124960367694 0.0331338410064375
0.0305165076083304 0.0942979343814842 0.254182897263488 0.204660360771541 0.19230091447435 0.0035586031372801 0.125101314330789 0.0478965722466704 0.0474848957860674
0.0557431347542421 0.0422817431253612 0.0608422074837357 0.182574277732865 0.190534086153805 0.0727831292501582 0.155421023269854 0.0161781742591701 0.223642223970808
0.208548384902607 0.0174671856312596 0.163289756918647 0.182044128003962 0.200706905097215 0.0264758898917204 0.12994515996896 0.0295198399020347 0.0420027496835944
0.129289702839874 0.111056715798157 0.0662223377556 0.110973363865108 0.206978887062307 0.0290377314726564 0.204122124383528 0.105179885993937 0.0371392508288324
0.0436291316236389 0.0934978409067344 0.109072733498047 0.0602205901525492 0.075593540762114 0.173720843563172 0.0439579005831948 0.185403880388069 0.214903538522481
0.126995054389157 0.19277185483331 0.200131713967694 0.124008482669507 0.0392853763693783 0.062525685857049 0.0102532176152808 0.23322079971684 0.0108078145817854
0.19824729479976 0.237390783681108 0.0332646379404448 0.0108807967539421 0.295552688415 0.0904933257113246 0.0632530140385843 0.0236475440825611 0.0472699145772758
0.100943482834109 0.0442875536174912 0.177433721218735 0.219484747579048 0.00277239216991761 0.0135772911714987 0.135577004803309 0.215226365132135 0.0906974414737556
0.130335090073358 0.141746686191716 0.0479332846721181 0.0316562700969185 0.187909814350833 0.116388446236367 0.00462046232741172 0.179562453581123 0.159847492470156
0.0924858585531377 0.109464166238272 0.118198299589672 0.0378929357776526 0.098170264301629 0.160389362868628 0.156226630794816 0.121969163245763 0.10520331863043
0.0913363146280677 0.150072317279608 0.124897842078549 0.106125277189693 0.157240972740234 0.032889569667666 0.0807429413086675 0.104905402863504 0.151789362244011
0.154967689680375 0.0450146500957195 0.17223334111976 0.200720595365697 0.0600704455917643 0.0182214411090912 0.100373479344013 0.0939181320724738 0.154480225621106
0.095370898553766 0.16441357785586 0.0732022053748924 0.064770263504681 0.0566362607840197 0.165792402298153 0.175227104405313 0.0431991525638752 0.16138813465944
0.111601705853016 0.16740736979643 0.15504832124596 0.110687932579848 0.194990010789229 0.00443675204098285 0.0881676385259551 0.0442498001949317 0.123410468973647
0.122927562443909 0.0438645667797466 0.0354155559470789 0.0408777694782892 0.0971078943064048 0.184988085047779 0.230064115932113 0.0522836032363604 0.192470846828319
0.172230779826115 0.0689750171472201 0.0613983451831646 0.127332356160644 0.0345871795602446 0.165855114142658 0.0989798143227558 0.138690291702672 0.131951101954527
0.157557799407561 0.0834948568726486 0.0588863219350684 0.129360323767874 0.118586828974541 0.100714163622082 0.121153534634777 0.114340006842269 0.115906163943179
0.181888228936341 0.0679194005175319 0.0347268369782651 0.0717394133946721 0.191063849594643 0.0563330901875857 0.167582918706487 0.0937181507446989 0.135028110939775
0.0736560790074439 0.0251926041399494 0.167668335809846 0.0930130032240883 0.17813033302554 0.0585680567397123 0.123861881558996 0.125465351216146 0.154444355278279
0.191978902459449 0.072103925373638 0.218734927353388 0.14636497673081 0.062346797348134 0.0916766243942442 0.0738193046910282 0.0242447468319552 0.118729794817354
0.0908647400392331 0.00414472417928617 0.0865562710104512 0.0658199227968772 0.162736667413959 0.215535965783884 0.170748527022555 9.06822914113606e-05 0.203502499462342
0.105570408702827 0.164442867889612 0.00853093135786688 0.0806062111623826 0.134776547195474 0.0383903412936911 0.105333840861235 0.16986873967036 0.192480111866551
0.168899966842231 0.0494300789377188 0.034641498911023 0.169951672061905 0.201967420960683 0.175003516894385 0.0668262240852854 0.0407079407292702 0.0925716805774997
0.120528865661185 0.157255950648442 0.0293293237307002 0.108845588834324 0.0758109809044467 0.179212633291382 0.0917613843506174 0.0669717830710866 0.170283489507816
