0.225305791934756 0.0417662269188136 0.136050017825494 0.163024016420934 0.153150228480187 0.0613258975605907 0.0615861286798652 0.0892990573616056 0.068492634817755
0.0885129087168864 0.176901897366846 0.0699175677479125 0.036788298033775 0.149889554793789 0.0503252877458543 0.0100631208059043 0.184195893225358 0.233405471563674
0.0644297433397457 0.0365590043052991 0.114220976787337 0.20247691818499 0.194393679011878 0.111299323095185 0.0329495830588298 0.0518093493536852 0.191861422863051
0.128870319825612 0.238311846484322 0.079676045014542 0.148646140479995 0.0783244861919965 0.126201179799645 0.13179192455437 0.0470024153073231 0.0211756423421942
0.156459875457598 0.0815140247751202 0.101419107141216 0.197660964938066 0.0135721156669358 0.156732271073342 0.192233427583651 0.0770689179853532 0.0233392953787172
0.120626719382845 0.141724435414058 0.168111177632187 0.0637132138732476 0.0732308839591967 0.104414956504349 0.125580554513123 0.019859487112478 0.182738571608516
0.150771227291567 0.123007213282741 0.113598598517854 0.0743935267543779 0.0356329026919184 0.158588484167911 0.129245473177177 0.18737680233091 0.0273857717855441
0.173721273372038 0.127844422915982 0.0177000472737459 0.101553412976465 0.128877014917819 0.129554348321783 0.170764378963334 0.090684104777343 0.0593009964814904
0.0563268523444725 0.136208874297927 0.161718761746617 0.130223339564842 0.0644891478471509 0.0949203316902493 0.111185993615882 0.153122512870359 0.0918041860224987
0.162110567590646 0.174497436456078 0.0429342328431199 0.0805116317677379 0.205217380496334 0.10998212208819 0.0914984926869232 0.110478134201301 0.0227700018696704
0.0623948648113868 0.268435306984988 0.0131506194638165 0.217530742528161 0.0557482013700758 0.0240119236334613 0.125711956466552 0.167262563728595 0.0657538210129647
0.237386155808181 0.197532364266015 0.137995938737961 0.00977028770739144 0.0672704719264314 0.0291557910364359 0.037531897262726 0.252514488306584 0.0308426049482745
0.0625329038021603 0.178383970949699 0.00732950658413453 0.000760413464684899 0.0763197867863691 0.10222173439561 0.225012677124241 0.207462112588936 0.139976894304164
0.0495770151679241 0.145912384229191 0.148485434098303 0.186868152611352 0.115698357286049 0.0112790614102302 0.101583449250845 0.182821184121901 0.0577749618242046
0.123613767088482 0.148678442790048 0.163912202093152 0.061347640315765 0.112728090912433 0.137796831222124 0.0122758809547953 0.0620096348540497 0.177637509769151
0.157969713458628 0.0134170819107018 0.0361104317081098 0.191795983293898 0.0492175204003031 0.154807847836162 0.122009919556885 0.144832537437452 0.12983896439786
0.0342244381647147 0.0230034065702652 0.0902450064024392 0.121704541129344 0.0140138256269848 0.14062819247286 0.145250525213835 0.189844360503007 0.241085703916551
0.0255207917013869 0.0749362831698443 0.0199987332892168 0.0362928648689085 0.245207202260088 0.208455251763533 0.0965260571532374 0.161555197509042 0.131507618284743
0.117477391252466 0.135002465581771 0.0365697580389599 0.10951206385277 0.0992675331751187 0.0794658557118992 0.159798824720598 0.141028194820071 0.121877912846347
0.209712902261051 0.135779305672612 0.00567343605359765 0.0589413001674997 0.167581714994021 0.030176837718391 0.208924297830777 0.0764992289287901 0.10671097637326
0.119970393455019 0.000345007068235099 0.248400653620694 0.00492008101051469 0.0393682349444775 0.0600096975089958 0.137617869771997 0.19416231318861 0.195205749431456
0.0562718231530698 0.172033276428112 0.151602184035766 0.103925205769975 0.175164551738783 0.028026826070988 0.085958309801408 0.146673236083947 0.0803445869179512
0.0098015468561646 0.197176153653548 0.161123727595837 0.294790103582573 0.103411818941175 0.0239220234201545 0.0254288257550117 0.152376663422103 0.0319691367734336
0.150359474975565 0.205635893628629 0.0197858024497669 0.0795039213701723 0.173568587322132 0.207791457099459 0.139872158988951 0.0072223044250583 0.016260399740267
0.128252583267168 0.00352793313339224 0.00499623305387869 0.266633209312157 0.0603506376909043 0.0532497840876721 0.161999928927889 0.0147125159565808 0.306277174570358
0.1433222185067 0.0439610043523554 0.200663894232009 0.0275743549030757 0.0311949113131838 0.178394968404399 0.107549187390597 0.0327962571447546 0.234543203752926
0.0580328775952492 0.219059629333474 0.132038369247715 0.0243542006426563 0.167922562815968 0.18207497132449 0.0121765444045086 0.0860126164910053 0.118328228144935
0.0335177471965586 0.0858577511183092 0.154753083091315 0.0271480682610138 0.16381204033983 0.268451318974427 0.12635517832395 0.0596185642563261 0.0804862484382709
0.0745474416417031 0.0659131375838508 0.0375061034084041 0.0871442474297533 0.225255204659079 0.141602540525489 0.0105284758087913 0.301292552798862 0.056210296144068
0.214965674912073 0.0507208595185863 0.236870949310052 0.108587834568121 0.0542435627003061 0.0292090234167055 0.126067968256292 0.0391261481565678 0.140207979161296
0.084030431190071 0.0570883680950855 0.301270557683332 0.204325448486691 0.0394538896482759 0.0762379923056058 0.0224206210613788 0.0130519602551536 0.202120731274407
0.15312789355251 0.121500061399431 0.149023758928187 0.0515557279822025 0.00581965346149171 0.180204669333381 0.00289567924974034 0.181353564052118 0.154518992040939
0.0558067544670809 0.159320090423454 0.152621444703436 0.0848986767664867 0.0203936508719289 0.13648279579578 0.160718375672077 0.194461663761747 0.0352965475380089
0.00920840710831923 0.0872174465442199 0.160805900977361 0.160042683803401 0.0648360027069137 0.216606515632905 0.039877094110778 0.200115116318996 0.0612908327971059
0.0795531744602839 0.070982510649184 0.0920033667881662 0.0442466183974043 0.104125748346469 0.172315299025288 0.151762979991976 0.148512662805398 0.136497639535831
0.176206763879794 0.0876170332309813 0.213417641627026 0.106205613026737 0.202730381304068 0.00724288211438614 0.129191332112473 0.072838816852604 0.00454953585192988
0.0102099659922686 0.209512303038714 0.107009460708973 0.0484240387723898 0.0215463521623445 0.0314584460432192 0.164566982837172 0.204823221883222 0.202449228561696
0.156281239287918 0.167623353613093 0.0553193888555243 0.0596686087366457 0.101307174040396 0.0713531797755226 0.141289732117031 0.169727916249373 0.0774294073244958
0.123145357728553 0.162721995465792 0.0858997226881501 0.152576813523257 0.0986715193088255 0.0961459674559576 0.129382435742755 0.151207324330298 0.000248863756411738
0.107315083591844 0.066977579883837 0.142809375100195 0.130438634758017 0.0127360300515424 0.0242511114562507 0.177105008325363 0.289538442817675 0.048828734015277
0.107726948821132 0.163390997995713 0.0177384852901201 0.162825840297167 0.138553596998723 0.0766822515797883 0.142075757925232 0.13666507687305 0.054341044219074
0.0293759115345928 0.06811446937373 0.124644191995656 0.0124294325990872 0.160327826287374 0.194161341679181 0.068552657091276 0.179290765488744 0.16310340395036
0.0528290122037259 0.174453185071329 0.03345604225938 0.158295794001562 0.148734593351946 0.187422202737839 0.00451048024953128 0.114080996933432 0.126217693191254
0.20862164074562 0.242362510325549 0.00347855503070022 0.210994475617428 0.0921309765313195 0.0529695890124447 0.0583969856148253 0.044235655611616 0.0868096115104975
0.0977967923603164 0.09461384583299 0.131313590486405 0.132202487665596 0.0227597965265554 0.205955694777285 0.100915747860002 0.131778269877295 0.0826637746135556
0.120429133000595 0.109990816012709 0.155430673885632 0.183820649724691 0.124273261517429 0.00826181651014172 0.156917643531229 0.0542941811595291 0.0865818246580441
0.177356008760146 0.148344582192088 0.132524966167853 0.103518352356291 0.0352373768048196 0.135240687022756 0.0870618921223562 0.170008899118456 0.0107072354552323
0.126017357518838 0.163594849175728 0.13157598262662 0.0895236021545303 0.049732167116206 0.0264929210172739 0.131099186967061 0.136104527419447 0.145859406004295
0.0241311366892036 0.0413135011147123 0.172481073991481 0.0308093393261948 0.136753297628186 0.108771599650158 0.107533159344187 0.196481826049304 0.181725066206573
0.153853421113909 0.193057587410857 0.131962888689227 0.0370284725964381 0.0751616482307498 0.13193379696796 0.181599447423127 0.0540654503229162 0.0413372872448158
0.028178432982483 0.0874887496647862 0.0178925044002229 0.152323138551864 0.127023776468173 0.191102830495991 0.290430923180394 0.0190529336723759 0.086506710583709
0.00403134199118475 0.151118643048754 0.0209193424827337 0.206429647831722 0.0335982232314226 0.162184881747217 0.132813072567362 0.14514055741863 0.143764289680975
0.0255695600430636 0.142811699108596 0.0812691282049012 0.0769636755083507 0.0346176342702764 0.08398533994248 0.179836034230801 0.194509531248004 0.180437397443527
0.125176599108759 0.179834318154677 0.0309170036318232 0.0352220277346399 0.114228861258494 0.113273650164259 0.1916311227275 0.200945943848067 0.00877047337177987
0.102098808002924 0.0562194360942546 0.14331363926801 0.0884998420070684 0.270571966628629 0.0518525988673653 0.138460966118588 0.0746864776287395 0.0742962653844207
0.108664852052399 0.0871875656353618 0.00961895259280735 0.17514534756816 0.000187803790946092 0.150106125552996 0.184020194435747 0.116864389669527 0.168204768702056
0.0746277783246625 0.0650457128442085 0.0553441477141504 0.0340576935362494 0.163998310076538 0.110630424292391 0.230970330652021 0.0396307706104408 0.225694831949338
0.156097613414094 0.110520705495285 0.113988522869748 0.135478659540107 0.0407305178191766 0.143170490636685 0.105986588984484 0.131125089484611 0.0629018117558094
0.0917492712675526 0.0800066918355686 0.15497839221778 0.0613440591203529 0.176177051334541 0.15883161342934 0.0328713135744007 0.0608669481093415 0.183174659111122
0.13828439329576 0.170528456900213 0.0490319499303513 0.171011098653111 0.00980533388378291 0.199047937121908 0.0876894189088632 0.0926452405835726 0.0819561707224381
0.185399392566783 0.0522729596241539 0.114306730892066 0.0290432631570721 0.0342892518535682 0.0747775923112588 0.205038498411287 0.15731097197553 0.147561339208282
0.151551016470411 0.118201696245185 0.123905407829793 0.102940989241397 0.0549638917013533 0.138518678040719 0.0398037039616368 0.170791681892043 0.0993229346174618
0.0624880650031945 0.170600616182076 0.140695125245328 0.108890836574621 0.12239742076601 0.0264402865866175 0.197363565423473 0.0974874506068222 0.0736366336118563
0.0867045479172652 0.0066798198720731 0.161938626068888 0.00235179303894445 0.183849930925522 0.182514189428265 0.195560730438561 0.0828343120852776 0.0975660502252038
0.104622472585556 0.147846586758747 0.098181945553271 0.0893237618237606 0.104681735924698 0.0523811510247562 0.108749789232526 0.174035719307235 0.12017683778945
0.0226920640510415 0.100481462676245 0.138425602885921 0.126728655919166 0.119063373928348 0.145913610614941 0.130726752218936 0.182465515215162 0.0335029624902399
0.0757780181060895 0.0167126605030493 0.167629425654895 0.153979375822615 0.0994428500224781 0.111527263883745 0.0398269550794776 0.220336242285461 0.11476720864219
0.156176190743689 0.149258775981953 0.0351272902651975 0.00295352378461472 0.156317328534701 0.0697932006442945 0.176310287990216 0.0925523018468647 0.16151110020847
0.0412676874500746 0.049769194133247 0.186253774762067 0.2110867941366 0.0394918914555012 0.0603732866530632 0.304365375195353 0.0849999535473418 0.022392042666752
0.0896258808198098 0.0252198886638905 0.0546311350731176 0.211903330478431 0.226109508713461 0.0528782787701835 0.0566132451496962 0.162176295800047 0.120842436531364
0.0543425730002616 0.175044088863156 0.0488978717921527 0.19799994447407 0.179176109137016 0.0635381052204078 0.0623614388211818 0.159413132829012 0.0592267358627419
0.0980526764516523 0.140549826320744 0.109913533314991 0.18243113977426 0.167681357000519 0.025593045573456 0.00711165821166367 0.152841808104157 0.115824955248558
0.0342499206944851 0.105384085114388 0.167000545132103 0.147240194378293 0.149433148937259 0.177250367171022 0.0837681912008715 0.0445668778087185 0.09110666956286
0.0049641922251789 0.102363264842325 0.041571672674368 0.126029899603258 0.193380343931628 0.133388235122679 0.182379625300907 0.0462468375173031 0.169675928782353
0.091748523736503 0.0950368324705946 0.0241344757022709 0.192878838958393 0.184438634075164 0.187761160118702 0.0866754380065915 0.0381801879753024 0.0991459089564795
0.0907017179094059 0.29526662528522 0.146282283867228 0.00731385633977722 0.0549784068816338 0.0738341250964987 0.23462752589297 0.0554719874614606 0.0415234712658058
0.0350316607439508 0.101274948726437 0.145353184594646 0.172390591890024 0.0578635712735663 0.103920589114478 0.178161259898186 0.127466356836438 0.0785378369222739
0.13112140228615 0.141778042310868 0.111139778816614 0.0488076493998544 0.0587604889635458 0.189200312973712 0.122179732920865 0.0829241776481881 0.114088414680202
0.156173760255091 0.141241789173195 0.206267287565029 0.0464754228098914 0.055036256124335 0.133488078129977 0.0954510276671082 0.0301367825703233 0.13572959570505
0.181982157256229 0.162354926434287 0.0552035865244319 0.126917792181674 0.0125969197283789 0.119968772677413 0.0356889134207636 0.163458777534998 0.141828154241825
0.184780316822914 0.0859969844270806 0.0812001109820839 0.0186300195081018 0.120490328725722 0.105643394659723 0.129052949744375 0.188762760106897 0.0854431350231028
0.28090239168722 0.153407276728207 0.0781066667939609 0.142061046475607 0.00145008628886122 0.217657404503235 0.0546512050169641 0.0254205002474086 0.0463434222585358
0.149506515859503 0.0398617180268902 0.125494732535313 0.170233129970118 0.0332174742979905 0.191869954505825 0.126049770681755 0.152032583348605 0.0117341207739999
0.0815007754600722 0.201314719242496 0.107868497668301 0.0246703901097941 0.0381658555935183 0.18861862179816 0.171310387111592 0.0620648502315563 0.124485902784511
0.159635811282248 0.0985124154037642 0.0438592396689385 0.166184080442209 0.178319424256513 0.0723610883410213 0.080654741666018 0.102343742817408 0.09812945612188
0.0250863525469061 0.180519519070661 0.060676813356213 0.104496833734559 0.10483681590867 0.131335704156653 0.137812811781915 0.198167768451076 0.0570673809933468
0.163296450721918 0.193199017520307 0.129591210184247 0.123553324161241 0.0413142328119355 0.0549897240450731 0.142948971207533 0.116006452507962 0.0351006168397836
0.111679761888126 0.0970147451928612 0.122979922155266 0.147749166613411 0.123628265833603 0.0981377743623703 0.142332526994935 0.111662286746013 0.0448155502134146
0.175904706319563 0.0249852073361512 0.119262972172351 0.180641389747431 0.0752561894512898 0.0226145579749656 0.130814200226856 0.0786567024472675 0.191864074324125
0.0888624613389878 0.0990561040623491 0.0641271729876654 0.162258099632084 0.12174121515483 0.158923708166679 0.110242422434261 0.00763526651979927 0.187153549703343
0.141503513079856 0.221532883607276 0.0251780325834072 0.045618507214733 0.0557645868333634 0.253568420015353 0.0144685449950579 0.221094820919535 0.0212706907514196
0.0643863419345654 0.0548653764648304 0.171747237348248 0.0880610549128158 0.0314797634216212 0.214368257708353 0.199269474258896 0.082893638011587 0.0929288559390836
0.0398913541386753 0.15594602787874 0.0407847049982606 0.231460452836385 0.0171064806442222 0.187462566274136 0.28600136721519 0.0398749778632193 0.00147206815116995
0.124246596651362 0.0121326633448376 0.0709404169833014 0.120576486824825 0.105459099690654 0.0975734008717189 0.155457202595321 0.170979638558801 0.142634494479179
0.163867374612868 0.172417362661356 0.198865397416747 0.0271606720362262 0.0590705660185244 0.11428260588556 0.0553239049690217 0.0621628848692669 0.146849231530431
0.0303931892690514 0.10883917295713 0.180263612125166 0.0198323358701702 0.11017652316602 0.163179153874389 0.179607789701661 0.0859634749047165 0.121744748131696
0.142681502221371 0.0321224912900702 0.10721061671369 0.0263289098106773 0.204389933092388 0.155360563022985 0.101758426187401 0.156598219800702 0.0735493378607144
0.0269182929319599 0.134679463383098 0.115517553450951 0.130965860252151 0.171842468247134 0.103612819052643 0.185822213925517 0.0317918243656411 0.0988495043909064
0.207126993876424 0.0438533434763881 0.0197483569078997 0.19306742661726 0.138684265903012 0.00604137954514633 0.0139223523466299 0.210969397819877 0.166586483507362
0.150222438532393 0.0441853696053987 0.146347524495341 0.0383459685247754 0.126515577867477 0.157051040251079 0.144102110829443 0.109638185687837 0.0835917842062552
