0.177478660946924 0.0833235471565933 0.163287759228452 0.199952788603522 0.176174311412468 0.199782932652041
0.106227370615701 0.165948739379377 0.251953757276271 0.222329154003295 0.150619248520891 0.102921730204465
0.06796080279785 0.126093243184372 0.211031124953303 0.134548965343693 0.194800330276875 0.265565533443906
0.212059687538669 0.139559575510749 0.0633330435991259 0.0409213234171314 0.265264377330713 0.278861992603611
0.0880343236204413 0.302867596197728 0.338508144031405 0.105902085996493 0.060353362600321 0.104334487553611
0.0952515530314595 0.0991670815383702 0.142063825616301 0.260185241622493 0.167774275337792 0.235558022853584
0.0745067974836689 0.0483033822990088 0.243606941977886 0.049240972207197 0.280051174114853 0.304290731917386
0.0243645745994347 0.268109008546594 0.0263317823554998 0.291347930731025 0.231817858365373 0.158028845402073
0.239201510624166 0.0829283010425549 0.239821982304057 0.181151893537365 0.05040312134894 0.206493191142916
0.0958013308413384 0.308888020585227 0.0484599838388876 0.0118503164198392 0.328491051989616 0.206509296325092
0.24523204028497 0.00214327431694697 0.315458120784047 0.21295633435071 0.163020517178037 0.061189713085289
0.230082738261977 0.269141709295824 0.0995942327855095 0.236450517611947 0.107917255358947 0.0568135466857958
0.128254434411485 0.172224056047867 0.051797484697724 0.230044578909635 0.309277584487722 0.108401861445566
0.104040519624055 0.101506971200907 0.280551378941973 0.195672808062316 0.300669985397726 0.0175583367730229
0.0733500663911912 0.119779916336539 0.248400652803228 0.202181847179464 0.187181078210185 0.169106439079393
0.211740940822501 0.0250223412740296 0.170124014309577 0.20335193054923 0.175612117845692 0.214148655198971
0.206460379567547 0.0393265957859703 0.183441380517343 0.122304614016957 0.200186713931482 0.248280316180701
0.157485784762714 0.157505282438569 0.170878122972449 0.243869720293165 0.0613099090095216 0.208951180523581
0.19983009894053 0.0894815249180993 0.198821674649421 0.0155205090445821 0.250278381436545 0.246067811010822
0.186944143812311 0.0652581272824306 0.21110862974928 0.263175846359151 0.161604877237417 0.11190837555941
0.281932146307183 0.0565244787002651 0.284824759901527 0.123823839461089 0.0543930014730975 0.198501774156839
0.059343152816653 0.241507856443685 0.134927497225633 0.28735275285337 0.25810528837026 0.0187634522903985
0.346093020459125 0.157176533738224 0.0869250216250367 0.0871209896264152 0.0783796678509335 0.244304766700266
0.324922808131167 0.0284827603313942 0.028270708368036 0.374490753859775 0.224994868831379 0.0188381004782489
0.148282615392384 0.081156869954512 0.42507130887442 0.0246553033639928 0.244241780358846 0.0765921220558445
0.277899794010571 0.10619202970613 0.00318804595080737 0.237027932899407 0.166154559970603 0.209537637462482
0.103535963955841 0.222158665283216 0.224776268077254 0.199499184357853 0.0379373705848227 0.212092547741014
0.262005668210097 0.15628684599905 0.0486835726248225 0.164781262680201 0.291613143107185 0.0766295073786436
0.174547276817219 0.245142281467466 0.336704717010957 0.102268984027021 0.0174202938540919 0.123916446823246
0.0946076003183099 0.213886712048891 0.158007333028964 0.132443594696536 0.284641948874331 0.116412811032966
0.139379099371111 0.200239146863913 0.272544947927397 0.24512740892382 0.0517448334091075 0.090964563504651
0.153722788159315 0.25218937208701 0.139230206300607 0.0377925651957991 0.405618365132639 0.01144670312463
0.233683089987085 0.189194232996421 0.027561198701955 0.207407333100437 0.3162957013949 0.0258584438192019
0.0481909551155735 0.0632254707754167 0.22128264447494 0.0685934068778359 0.304143480930131 0.294564041826103
0.216831541475011 0.200677475622103 0.143285583140094 0.0686967567230465 0.236111008596543 0.134397634443203
0.122909246865642 0.0899933219253157 0.282140553678622 0.208009145675189 0.226614198673774 0.0703335331814574
0.312725595797746 0.158680456447502 0.30191927600639 0.0394727917155942 0.0493481452147405 0.137853734818027
0.228186989523647 0.128708310390661 0.202162822321329 0.00798690858570346 0.20933905934731 0.22361590983135
0.0616508767086501 0.292440337058032 0.194608192679379 0.251458340715451 0.0997133263519356 0.100128926486552
0.252893400222361 0.209135102791944 0.074766323411691 0.209889541325176 0.109220631798633 0.144095000450196
0.0567905215976933 0.117296847605631 0.27937558764094 0.0445958889356885 0.297077290493992 0.204863863726056
0.24792082459769 0.113799667803115 0.203475447804939 0.153326007736164 0.0296539607708028 0.25182409128729
0.0625495106527442 0.264889194368101 0.182589427969605 0.304473349624944 0.124977426786415 0.0605210905981907
0.0458751204554973 0.215087942953966 0.0634283350771601 0.306463949412787 0.298081026155996 0.0710636259445934
0.180088959915383 0.165153349988348 0.0329387165340695 0.255952797967404 0.164829348046872 0.201036827547924
0.0954915650641742 0.0975254326176004 0.00358922369615408 0.290237597957634 0.179581645345798 0.33357453531864
0.348880164349709 0.0789431735746748 0.257737938003769 0.109729173655732 0.11054661088539 0.0941629395307262
0.199373734430539 0.0964705316225501 0.176619725416147 0.196210211967434 0.134927186762074 0.196398609801256
0.185192680156076 0.179752172708264 0.198816409220143 0.161631306258909 0.116498002530067 0.158109429126542
0.19933921585551 0.135868786981841 0.466750493918046 0.0140441057159705 0.0601704596696575 0.123826937858975
0.22578781486166 0.0011713235859924 0.213947697682145 0.030989836477272 0.153745249869269 0.374358077523662
0.218937885836394 0.146902924248431 0.293614560979011 0.0365940410140289 0.00920634684843941 0.294744241073695
0.196805375738716 0.183659058045931 0.0579611066174341 0.110790445493738 0.214205932189239 0.236578081914941
0.183759222675507 0.231103775908036 0.174869484806813 0.216902259867559 0.112883827684985 0.0804814290571
0.140188632196499 0.199238492800995 0.222785741948313 0.231414857592949 0.167464324270818 0.0389079511904255
0.180716314267043 0.126252402184494 0.213717939819045 0.134981192335152 0.117008429828492 0.227323721565775
0.0212524579350494 0.148857300061741 0.133073376413069 0.316799894854649 0.103736863967203 0.276280106768289
0.0336485722039321 0.169413773396556 0.278614166573174 0.23487770718145 0.0272745069774337 0.256171273667454
0.268899407504202 0.0656128130005933 0.278607071856572 0.0147257856946682 0.0648984358238063 0.307256486120157
0.320678039706456 0.009371115245146 0.251964158680311 0.0841497835489315 0.0697247532591291 0.264112149560026
0.0500089703714447 0.106327634656238 0.29918922933505 0.216107538024736 0.0997895173118247 0.228577110300706
0.192343333232609 0.0550201701728205 0.0400254332096754 0.407816564747471 0.288849976222306 0.0159445224151181
8.74640203234161e-05 0.176017539145748 0.207637516413085 0.117335539782681 0.255309292045971 0.243612648592191
0.108012016938685 0.222717330239141 0.165590130968356 0.226516368327028 0.152489063149807 0.124675090376983
0.0340453453318111 0.252879616297941 0.130529481403352 0.161101566816362 0.271587888057077 0.149856102093458
0.394011363649618 0.00554205574602259 0.0479945233650039 0.280969871224297 0.239748077020444 0.0317341089946145
0.250507249461023 0.160243207126977 0.139223611906132 0.108280858322279 0.125406560101902 0.216338513081688
0.165013432307766 0.169945952099538 0.0957331511433736 0.205184972285535 0.188829798566597 0.17529269359719
0.161136925680688 0.200106279356852 0.170345933600796 0.108810168858529 0.139559277404767 0.220041415098369
0.199800595892584 0.054795653518529 0.243213731612236 0.195032906543877 0.227484013173954 0.0796730992588197
0.117049471565737 0.179513719369619 0.259778423593672 0.220666947277857 0.0327956886899473 0.190195749503167
0.246087506574088 0.0949573372976073 0.0216835418498833 0.105783439250058 0.209624591653678 0.321863583374686
0.274939392171246 0.171966655190583 0.0202076125888081 0.341573908869104 0.0746326036171461 0.116679827563113
0.139236952167943 0.204307982531047 0.127169177701289 0.123676949224945 0.171045140570946 0.23456379780383
0.127187828466848 0.177922011011983 0.242212492527194 0.229316943285779 0.0207567137581348 0.202604010950061
0.0434988683301288 0.267160305473602 0.205906405282739 0.0787619729976234 0.327134718238798 0.0775377296771078
0.00112735614357344 0.191232823304415 0.189140653297669 0.0681245944183516 0.279367664319721 0.271006908516269
0.168648379066348 0.13488151551422 0.0718694584992354 0.256647617955521 0.23284315497288 0.135109873991796
0.193192329301366 0.201612003636229 0.195241173085184 0.169395762055659 0.204574310588271 0.0359844213332915
0.271092528315254 0.218883235873094 0.209054241031698 0.0689345338668613 0.0298583317167835 0.202177129196309
0.258820641032749 0.187592633423843 0.199268411950708 0.0750011520471258 0.0119314472610395 0.267385714284534
0.0412725076019491 0.307542355142522 0.301016182945966 0.222414794552853 0.0533538107417491 0.074400349014961
0.121325342801332 0.0615841929158584 0.266398210423029 0.144619398332629 0.345170191775205 0.0609026637519461
0.293547685264111 0.128481085922496 0.156251755399352 0.187320495929967 0.151314575661567 0.0830844018225068
0.0732362411058373 0.275237854742604 0.221937177852218 0.165675708838072 0.0296230795617565 0.234289937899512
0.0926667727694322 0.249491993345624 0.0771707125766286 0.0277114213962905 0.321606159524342 0.231352940387682
0.138746115370407 0.0812172458572045 0.250421708654795 0.106885889943355 0.260249111133791 0.162479929040448
0.206951545739822 0.051130605673638 0.11350700727795 0.0489603327302731 0.295297590367202 0.284152918211115
0.14173638699966 0.161581999732845 0.168090172583683 0.194431759162583 0.123034886842736 0.211124794678494
0.236062560020432 0.116205250560345 0.007447882924314 0.0183559426909093 0.329429868466735 0.292498495337265
0.249466765348265 0.32643838363314 0.0404922437564454 0.0824954479939695 0.120973902071777 0.180133257196404
0.076684788000858 0.0374549411903224 0.318683546169868 0.108862688603248 0.232407239715451 0.225906796320253
0.0381103669772704 0.0637164757921078 0.0862221722675674 0.274225584156699 0.146023557833203 0.391701842973153
0.024544152360027 0.318789989273544 0.212999114420431 0.0950436611456646 0.0340723797414911 0.314550703058842
0.317882596881208 0.164601381226561 0.1818122955326 0.124950299283674 0.165217413512741 0.0455360135632168
0.180738968639646 0.176688659438444 0.121051443481547 0.151526932657071 0.143944849114282 0.226049146669011
0.241652343536802 0.283150908629949 0.130981848357323 0.0222668534888397 0.0156005328164639 0.306347513170622
0.12644003411391 0.150680554844855 0.130542574664635 0.0999112050433766 0.0403964849341066 0.452029146399117
0.20733431905244 0.0581829771715522 0.306156366768266 0.0850908654336294 0.290516669761414 0.052718801812698
0.223496992839377 0.038332080268406 0.081032090002137 0.124767189894095 0.274751082623937 0.257620564372047
0.233477376720267 0.237469043308532 0.149176722050643 0.0991642940495736 0.257748805828257 0.0229637580427266
0.0217540311080961 0.321365512234199 0.138057798662195 0.214081615250434 0.297286106641997 0.00745493610307886
0.167187310249939 0.222220046704017 0.211012430636726 0.0263915029848807 0.17024453381761 0.202944175606828
0.111499855366702 0.0929082921693484 0.270407800381943 0.200037827291319 0.311517238433214 0.0136289863574748
0.0673462762262856 0.146780569712695 0.284489340377901 0.177167024701699 0.20767882853577 0.116537960445649
0.00791007525384274 0.132128061898412 0.250692216020958 0.198215287048266 0.261223156666812 0.149831203111708
0.132291935678508 0.297747323507048 0.0956484094166185 0.0606335389970346 0.344486250970621 0.0691925414301693
0.100820142722461 0.238691161001127 0.238570101158653 0.199021475917773 0.102359598234473 0.120537520965514
0.160961266278478 0.207433033426542 0.198893526102463 0.028088858132396 0.227847791244609 0.176775524815511
0.0194003947112615 0.299033236263082 0.253239738899625 0.177623649478775 0.117765166765488 0.13293781388177
0.0939484524022544 0.239763217667809 0.10830847701962 0.20537133839256 0.0408570795594409 0.311751434958316
0.306349101939886 0.0840949370345592 0.0086555349602239 0.0846236827087342 0.186980823561032 0.329295919795565
0.0442267654462854 0.201568720267489 0.310679835292512 0.0150966454429191 0.397811167571909 0.030616865978886
0.161288476244669 0.195571278533427 0.146200814159833 0.142934421413575 0.191250141553115 0.162754868095381
0.179854003866581 0.244882064231989 0.214698436385776 0.120468258920502 0.155364143837117 0.0847330927580358
0.153475562726776 0.1885659714642 0.233154047814573 0.170982539903259 0.226842694724728 0.0269791833664631
0.202496379754415 0.139577865534174 0.0726772405066162 0.199535845100532 0.109745608304034 0.275967060800229
0.210308843897359 0.091098636591193 0.169644017999484 0.166650990497121 0.127200095056764 0.235097415958078
0.228533967486 0.26357937030586 0.23896630567421 0.0622501953808146 0.19657035509078 0.0100998060623352
0.0683606016328831 0.214570927005734 0.208669216418983 0.160270928567471 0.201489204489251 0.146639121885677
0.157666312182884 0.117170219273931 0.0671931802775466 0.131981861143846 0.364329977580521 0.161658449541272
0.0073860438610986 0.233648887501374 0.310550537971174 0.189341809375681 0.0185187950909603 0.240553926199712
0.280852740376635 0.222537287460032 0.000866653714046466 0.0538785892030848 0.363141503253033 0.078723225993169
0.0974806877727597 0.29005646055018 0.196733095440106 0.0215318333517337 0.0717465740899647 0.322451348795256
0.070391423753685 0.123654751883754 0.223146076348616 0.298191097221584 0.234881978814926 0.0497346719774364
0.204907565591268 0.194313985953555 0.245012240596451 0.146146977004281 0.169864880291641 0.0397543505628045
0.23183479000931 0.19749253937008 0.142546833625211 0.179801643166841 0.134504984115829 0.113819209712729
0.26318817899039 0.186536635851083 0.13540655897074 0.107162420928367 0.280753199592843 0.0269530056665774
0.0480894832543057 0.125996328688189 0.251891217180946 0.216997309064914 0.13115378717094 0.225871874640705
0.225819745522598 0.23495053608149 0.374192482910541 0.0672056738911165 0.0728045807546076 0.0250269808396458
0.208861057469048 0.241033701694313 0.230372100771674 0.0145730788647523 0.22237023236243 0.0827898288377828
0.132119397861599 0.0741004335611521 0.257550317466356 0.129009871518338 0.202414421182143 0.204805558410413
0.138415797504407 0.179087603391726 0.191254765263894 0.109147267827036 0.224556279931408 0.157538286081529
0.0486247994167039 0.342966660142394 0.192686409225571 0.190702901423635 0.156105869023325 0.0689133607683707
0.0797113006568218 0.218208184357863 0.179185866102785 0.176537788539151 0.276781154595831 0.0695757057475482
0.310748582682403 0.0576361050175664 0.160062500730473 0.00720793385379936 0.214305700139964 0.250039177575795
0.276394264488144 0.131025363671203 0.18964681911934 0.0143080078327113 0.180154507299011 0.20847103758959
0.176208576089276 0.0753316035039018 0.0777655941657344 0.269233912525045 0.199947124585245 0.201513189130798
0.170617534915608 0.0343365585107878 0.229641857615369 0.1851407940796 0.236148544383371 0.144114710495264
0.217082610378014 0.130375205095637 0.218787406411565 0.0958188985066205 0.28136195880348 0.0565739208046832
0.31186154215841 0.150499165435175 0.0246441592309357 0.119177840904634 0.162762958724804 0.231054333546041
0.149146273396654 0.1821653169752 0.175314876242497 0.38725350853078 0.0688210207267227 0.0372990041281466
0.310688542535239 0.266793371688637 0.0998971843838509 0.0542440396257888 0.131168662702917 0.137208199063568
0.345732881950054 0.0736265138907552 0.171549244758787 0.126265659041276 0.2502333410588 0.0325923593003283
0.0982793930216048 0.200641672413994 0.234647508139129 0.226187919230234 0.098570423468968 0.141673083726071
0.20584587907451 0.280235599066281 0.215263565998583 0.17952135890739 0.107503278345512 0.0116303186077237
0.0477641061095359 0.248050095510942 0.161329744165601 0.2662785538036 0.0434969121136383 0.233080588296683
0.238798555873189 0.396176642287164 0.0143779190943853 0.0727052435704198 0.251122234478801 0.0268194046960412
0.163764991532401 0.0452334781683047 0.345236872590353 0.0103181878883397 0.307300133526342 0.12814633629426
0.0721248029780332 0.100763360130323 0.113505168185786 0.174809082658611 0.341075613475952 0.197721972571295
0.137525155990641 0.19790349206522 0.0931545248852929 0.223455688898105 0.158187754244978 0.189773383915763
0.272709778014264 0.0368623212027739 0.16917447732307 0.104898803009904 0.136266414887034 0.280088205562953
0.205188071344032 0.128705222128864 0.11761784411377 0.177722385757904 0.192636964562361 0.178129512093068
0.236266541381843 0.282989394259622 0.0797060276078828 0.0478035741371217 0.0813016619837598 0.271932800629771
0.0758740242559609 0.084324306758042 0.201286597773164 0.31440375687998 0.268316408932899 0.0557949053999548
0.230786260391308 0.0561751021438715 0.108611027800306 0.39968512319934 0.193252075907141 0.0114904105580335
0.147042212155786 0.378296052775878 0.369528333670711 0.0691016692764825 0.0078606354636397 0.0281710966575026
0.264888766116886 0.200924358800315 0.115344245066757 0.201855464335652 0.126000361365881 0.0909868043145095
0.010016136944647 0.244016941721907 0.0412189669971657 0.0727912142897422 0.413324056351074 0.218632683695464
0.178494417302951 0.169134169703617 0.0397896660556264 0.113501541401326 0.271943040648979 0.227137164887501
0.00655285649285428 0.0754133776504407 0.26681534388838 0.172150424546264 0.300614553202247 0.178453444219814
0.0116989517933623 0.057929500630336 0.252100989138566 0.236746055054503 0.161172891225638 0.280351612157596
0.0421131604069905 0.393539717170425 0.210393157894125 0.0717663913953806 0.22412315800175 0.0580644151313285
0.0705532346764495 0.0911129666931818 0.0501260373557346 0.315846944983701 0.353943007186105 0.118417809104829
0.0804520087949631 0.266076136935599 0.159556306471231 0.0736136901390187 0.25211406490031 0.168187792758878
0.243458635699884 0.250277078230786 0.0806068540346514 0.0854015666242244 0.0383908596029821 0.301865005807472
0.309061845282205 0.274906777049805 0.168781967791319 0.111021546098093 0.0534845656048791 0.0827432981736985
0.0932152699120476 0.254589679572971 0.244532623680186 0.179938268138329 0.030503070682308 0.197221088014159
0.33386639249264 0.138808420833133 0.208871057885367 0.207730313344625 0.0961371176104695 0.0145866978337657
0.090152929418429 0.0286811892470536 0.237399783215108 0.178912823939196 0.276785498336909 0.188067775843304
0.0407468472246743 0.21550120981084 0.0766325965731514 0.276934279382787 0.0093232707762194 0.380861796232328
0.238846089984257 0.124416412732993 0.0816989098526697 0.239514313182951 0.207584103293635 0.107940170953494
0.111440829209197 0.102766063464846 0.242753733883786 0.287273205497626 0.0149902631930815 0.240775904751464
0.00175985937333692 0.0716643403385046 0.352840251465214 0.257097578871527 0.084671385520665 0.231966584430753
0.185693232951332 0.153788343470474 0.0964675050351468 0.191499559316729 0.204611086755908 0.167940272470409
0.116132872967715 0.0565600717394402 0.0467588529921279 0.339481417404379 0.31483988874802 0.126226896148318
0.270452294915122 0.167540319214981 0.0168867584751028 0.120889651698908 0.277424165925151 0.146806809770735
0.134090230215547 0.000826073445924902 0.318360730852105 0.11389712743771 0.0575909051793044 0.375234932869408
0.0209127477218094 0.382912805737606 0.157026592347332 0.145690989938269 0.210710274134757 0.082746590120226
0.190485501973919 0.0966766418884829 0.247198454518135 0.045374224650024 0.19025329978695 0.230011877182489
0.0991340610757568 0.140781040107626 0.0861352217874574 0.0639037490321911 0.103614802855858 0.50643112514111
0.0786819368649277 0.128040463080232 0.196764353364338 0.113394323722943 0.309645430410051 0.173473492557508
0.00704370888455716 0.0813487042587776 0.193394517679106 0.291371478913097 0.119857381897376 0.306984208367087
0.0514776089725544 0.242562663753364 0.220372362697879 0.159602593093801 0.176310982881687 0.149673788600714
0.222402114018715 0.0963435929642992 0.045694492439 0.213958079377147 0.145984169773356 0.275617551427483
0.275432021296428 0.154559286918139 0.241571451657673 0.0974554901041775 0.00370524808184441 0.227276501941738
0.223508159784259 0.254116643879139 0.231972283694533 0.0699530279227906 0.164475351709503 0.0559745330097761
0.237768299001291 0.139426712378517 0.0100769023839886 0.0943864197433005 0.152128898812382 0.36621276768052
0.112418941121571 0.290325952487357 0.157730111371057 0.0363750926388951 0.373174132511397 0.0299757698697228
0.0394381842556136 0.208601627630498 0.106223777215986 0.292400526616029 0.23882487441174 0.114511009870133
0.130079330864116 0.136832489270357 0.00412491392238906 0.334084070937493 0.156392088660836 0.238487106344809
0.201113067693636 0.206037766040506 0.218127659257679 0.0198332178940304 0.164370070290802 0.190518218823346
0.122921864451336 0.195894154213638 0.120142887064203 0.138653759639417 0.121816047702759 0.300571286928648
0.263683401603813 0.0068073979932848 0.255032366538325 0.178874899505567 0.161071994079765 0.134529940279246
0.232993417595288 0.120925245409891 0.0425306272242729 0.263889567181735 0.255018182133948 0.0846429604548658
0.0910656498231492 0.177313006115135 0.224637713891733 0.166180725866427 0.23250247691407 0.108300427389486
0.208718317426572 0.202584699858437 0.0339489090198383 0.261713114977976 0.189430741616549 0.103604217100627
0.0124409555863447 0.161800678387916 0.205585196286823 0.213700653609339 0.23334741108881 0.173125105040768
0.0972191229028823 0.369424950569678 0.0475009830434734 0.411841781504941 0.05452034843568 0.0194928135433455
0.212047595467192 0.251439817463396 0.0917325218629921 0.127093163214547 0.136324654652848 0.181362247339026
0.164995286643009 0.292674741755602 0.0825533088822061 0.0964246362112405 0.252420191257836 0.110931835250107
0.474834501912852 0.0503212808281463 0.148678794888598 0.0031347712299752 0.311621727438846 0.0114089237015835
0.209927878047102 0.222943261452462 0.16265763110002 0.1005569671426 0.281221509084033 0.0226927531737834
0.29268012275404 0.0631469186493152 0.039991924799608 0.0587534895446032 0.302231116630143 0.24319642762229
0.0670477411590102 0.303842064860931 0.245530977955393 0.0972638426377054 0.041727048995153 0.244588324391808
0.164092398687382 0.018809322745303 0.246986909623026 0.079691074986176 0.233870394281211 0.256549899676902
0.010589844941714 0.250751558936334 0.325439310023397 0.183606505943324 0.148713059399099 0.080899720756132
0.00727650459687258 0.193918465616697 0.187668204668798 0.297324054703519 0.0475923378130858 0.266220432601027
0.239740908920973 0.206887050793284 0.0130765649779262 0.246185477226799 0.0529476658137861 0.241162332267232
0.0404108855767134 0.144009657522547 0.366765207026211 0.304176519187609 0.102116697648163 0.0425210330387573
0.141298032663535 0.228584549828187 0.0763264682740512 0.204494156231278 0.215733697339432 0.133563095663517
0.182504913293779 0.256779955285296 0.122677906285942 0.170542710972575 0.160652252608791 0.106842261553617
0.356753448877136 0.0215444717448367 0.282338770172442 0.118483479189565 0.0138851365667838 0.206994693449238
0.218398397721537 0.184623223354037 0.115612241273396 0.246918185582446 0.0819873123431891 0.152460639725395
0.124974543077097 0.228243850708108 0.245399468942658 0.0421461587905006 0.282478797119752 0.0767571813618842
0.2191718094998 0.194468763403648 0.289053352884712 0.275927352364446 0.0211950790277412 0.000183642819653821
0.182456494867963 0.213639430888603 0.0723910009509336 0.10657721082581 0.212033126556691 0.212902735909999
0.120711717423057 0.0491440915208042 0.186144271632146 0.23424524922282 0.217254303935736 0.192500366265437
0.28869184786988 0.320760721508693 0.0867508209557575 0.0268467979598786 0.130520890849347 0.146428920856444
0.006167179601917 0.218083920229347 0.135165113011285 0.199891051093968 0.225335582118898 0.215357153944585
0.323943877648735 0.196034619838164 0.0665739276103982 0.11306649350961 0.27543770058422 0.0249433808088735
0.147047079188462 0.175428057174853 0.159105842483932 0.225604904327912 0.111193681054685 0.181620435770156
0.274017379735988 0.244368684232817 0.227448099720002 0.156424823168875 0.0909456694653144 0.00679534367700427
0.0590895992458333 0.224624121973886 0.198559441903684 0.0604768584578835 0.228915433306288 0.228334545112425
0.193975149203017 0.165503441794869 0.0568909691567313 0.279084508408216 0.25034317747037 0.0542027539667969
0.327937289762737 0.344267520982515 0.017495005009134 0.0454344857194361 0.0998006707180178 0.165065027808159
0.0720858689321686 0.140924424812618 0.181127382098072 0.242282888726146 0.239457858041512 0.124121577389483
0.312451184626828 0.195631077661266 0.264465340301707 0.0982318138563715 0.120609079727209 0.00861150382661914
0.307089726229592 0.352562214697584 0.204011029794086 0.0729385156683284 0.0313592979808783 0.0320392156295322
0.195154342005429 0.176461088490494 0.155003366585595 0.160888646059211 0.203458400290142 0.109034156569129
0.253395043320386 0.00874632312420026 0.228629175399096 0.224129172250462 0.0198796415543765 0.265220644351479
0.279504160036152 0.230314164010342 0.074599102510638 0.188963613503791 0.000965341532132267 0.225653618406944
0.232406270332191 0.0805349620267618 0.142628067177644 0.0752194380279896 0.254929537064847 0.214281725370567
0.0411811478923285 0.160588750833051 0.0974821055468266 0.282530160866903 0.309888115999308 0.108329718861582
0.148836415831073 0.0316759038684467 0.083235241247743 0.265417932831253 0.134633583120152 0.336200923101331
0.144669018071225 0.0641334471877528 0.0658202830672336 0.216576157459616 0.224405713023869 0.284395381190304
0.199894274972077 0.138123968270596 0.19845604642259 0.114049650259164 0.144512633728013 0.204963426347558
0.121403590906287 0.226449864214934 0.259245395521044 0.0630324314679119 0.251630297829925 0.0782384200598969
0.262007026905039 0.271033864752622 0.0445492864154378 0.116052924236109 0.127243075461487 0.179113822229305
0.238504179880214 0.22934967751965 0.144801340481605 0.209368977232052 0.14544825043905 0.032527574447429
0.436209503253589 0.0392054687848059 0.321795399903286 0.0541074640287157 0.0630531636991783 0.0856290003304251
0.13463602569336 0.253548870478064 0.117145370854 0.0568114039367049 0.27852965084501 0.159328678192861
0.00169114149864082 0.241612849803622 0.107676429745866 0.337013763592592 0.106635538651287 0.205370276707991
0.0457363149719819 0.188454520089094 0.256997025837421 0.115350890445838 0.145772727079815 0.247688521575851
0.0418525270851415 0.0167739420999254 0.39866794506205 0.068077881440517 0.404506755335752 0.070120948976614
0.192879887189963 0.185526333861261 0.117296630627252 0.0102400388279934 0.304563423522031 0.189493685971499
0.0812884958278576 0.194478906767879 0.161530159294085 0.0205237039396553 0.308104976294865 0.234073757875658
0.202949672765978 0.158083543721917 0.0754835770685997 0.107507468553984 0.195088154676035 0.260887583213486
0.242289227023248 0.325702343887359 0.127871847525616 0.0351335289659047 0.167764901767654 0.101238150830218
0.178294046621862 0.245626305957099 0.145264773296926 0.00986887469314915 0.310440430064238 0.110505569366726
0.179097023651235 0.0742167823306058 0.301500453350079 0.0180129027105192 0.234061724189457 0.193111113768104
0.116300230114898 0.259196536002498 0.121308020617695 0.113657090773346 0.23250656189216 0.157031560599404
0.13145085065096 0.328752591038789 0.302005765345928 0.0692017081456167 0.128992100842819 0.0395969839758879
0.0937388460459485 0.27860486720628 0.293186494690194 0.0402832286932562 0.205822973631805 0.0883635897325171
0.15776213206582 0.181320608441007 0.120165557800773 0.307863319937384 0.0405028211562175 0.192385560598798
0.20925541698329 0.191628828111985 0.0748012444844202 0.171439905010207 0.184138795001159 0.168735810408939
0.100728585900199 0.00322159364691825 0.24306610782051 0.126601411188278 0.272261818567064 0.254120482877031
0.0297826848353854 0.0633560748841815 0.210889122442729 0.272777492762612 0.417403131609224 0.00579149346586885
0.109962430539986 0.148871046506589 0.0809829662440879 0.233582930122799 0.259513179688801 0.167087446897737
0.147137734238511 0.124518818338555 0.0649487864833311 0.272216608675828 0.118913962756892 0.272264089506883
0.121792322867332 0.180139635812586 0.189009655509347 0.166274236530918 0.194025468393272 0.148758680886545
0.311861994893494 0.108731530145735 0.116852495976003 0.184073791684079 0.267170211718453 0.011309975582236
0.121818742248426 0.276917270393891 0.195181331776659 0.130530252885159 0.17916686021023 0.0963855424856351
0.324349859266692 0.045715305463166 0.0378417465092342 0.307387242849199 0.187127375640789 0.0975784702709208
0.220333073562316 0.0821594758363919 0.0918067182848277 0.311126101648568 0.229445876419508 0.0651287542483878
0.0449054440526835 0.204196396618014 0.42829420578462 0.199387703060246 0.0930942802837388 0.0301219702006972
0.0368679375340344 0.241797526427858 0.162914494809622 0.253030737444059 0.129892971429949 0.175496332354478
0.373285219551292 0.205559264333272 0.0344529220695626 0.348521387253623 0.0360427357792745 0.002138471012975
0.0491762354853782 0.23794905093258 0.115354067125615 0.00630313981157911 0.263161767370505 0.328055739274343
0.252454786384726 0.0349235202060042 0.129615653424045 0.142180558118306 0.284107955906718 0.156717525960201
0.184906948524648 0.0106773020146598 0.330542644055237 0.16883645783647 0.211041477040692 0.0939951705282937
0.317490692718645 0.00834233331200464 0.138922353342685 0.0547447175890225 0.128597643107511 0.351902259930131
0.425617997757999 0.121189085051205 0.0689236315906475 0.106829634764471 0.0840226154545543 0.193417035381123
0.191853258532895 0.182638291834734 0.261455367822715 0.0218606883992568 0.259356978129635 0.0828354152807642
0.0561597655233711 0.21000802941828 0.048526411167295 0.21433227060685 0.261015456710836 0.209958066573368
0.191004477989873 0.0526709162096358 0.0982585281191268 0.137273314625625 0.110094152105978 0.410698610949761
0.027647275125396 0.0839672677935283 0.1165208917406 0.317612114653001 0.295665205961258 0.158587244726218
0.316058965758551 0.125859611046572 0.12775125539856 0.0961972002499457 0.199788329744012 0.134344637802359
0.376441611799389 0.0034092456447918 0.145678362669961 0.0238985641949194 0.300588468384144 0.149983747306795
0.0423813054667668 0.362333647361546 0.0782057666756976 0.358455276013739 0.0867738189939099 0.0718501854883407
0.0660425391415383 0.13904402953238 0.167191067846894 0.261124246158886 0.145697968365167 0.220900148955135
0.167833772865728 0.145686322939312 0.200705929400204 0.060435093124584 0.170942686369751 0.25439619530042
0.0224582114975557 0.255977562847421 0.263974104139971 0.176342747344772 0.130822020399074 0.150425353771207
0.104141848430869 0.121688383047686 0.132894680568665 0.228363976110932 0.307056922704093 0.105854189137755
0.277284110175421 0.0541271075171986 0.277961017439472 0.0154405500847426 0.250009674942296 0.12517753984087
0.150354324224023 0.240566255068708 0.288764456802729 0.0901395955671707 0.115364826891806 0.114810541445562
0.231322439806402 0.0816757990340733 0.00295879870431603 0.358086331628403 0.151079405162613 0.174877225664193
0.161220436277926 0.0916851697935163 0.135229074154286 0.177435155701081 0.181193910843343 0.253236253229848
0.228832791301304 0.15785312942147 0.236073955016857 0.11377162262 0.233588648786121 0.0298798528542481
0.155408164799315 0.0756949948888981 0.097032094859385 0.175413573218955 0.254058340868373 0.242392831365073
0.00301961780248514 0.229937139609198 0.204217847196507 0.185849773621351 0.0161476122571526 0.360828009513307
0.120804927810423 0.230104305130453 0.131470818684578 0.121276766603677 0.174932774367034 0.221410407403834
0.284980613641485 0.0455280472229188 0.145470330591724 0.0883849992171592 0.145109957980013 0.2905260513467
0.0541362574353136 0.181250712401548 0.165942406849597 0.242286416212993 0.155161146461235 0.201223060639312
0.112190372498002 0.038680778295409 0.277414869796722 0.229987831269277 0.0240621173316941 0.317664030808896
0.0328700941824658 0.292822980882403 0.14496680577699 0.164483490776544 0.125550513294816 0.23930611508678
0.266941254358944 0.212425546886124 0.114773809602665 0.178851761309906 0.0164979434038066 0.210509684438555
0.300971499090615 0.203135863191895 0.0888562215805526 0.186145016164894 0.126241887480295 0.0946495124917479
0.247529791570428 0.24901810900832 0.0381745711351144 0.0563903268704364 0.173015705239172 0.235871496176529
0.229227089124404 0.111060128121387 0.130672253531109 0.103810513072091 0.154298017389421 0.270931998761589
0.12327977404959 0.356858631213051 0.333446022943379 0.0310029698387007 0.0860847208245574 0.0693278811307218
0.320301729907032 0.208465503275177 0.0879547254154684 0.0876839251867508 0.0275356838406626 0.26805843237491
0.215430783021048 0.254919304138826 0.0843673217832358 0.1109086515888 0.222067194039319 0.11230674542877
0.0679581079549347 0.415832549334129 0.0623413302941663 0.0113278887171179 0.407654243694237 0.0348858800054152
0.262911739255896 0.0601903726695137 0.303681765175582 0.0169211838108963 0.22605891759978 0.130236021488333
0.00994262595144732 0.339986704221142 0.0300648996001367 0.190384864515595 0.288926446110368 0.140694459601312
0.153230206682033 0.164750143281642 0.183279110699876 0.199688721647543 0.0962023538570565 0.20284946383185
0.00979808748775399 0.224856433150927 0.281217524520932 0.358647803986205 0.0993609567393723 0.0261191941148099
0.0022403240980465 0.211631728261475 0.0294999321064555 0.275566913172986 0.217066163542009 0.263994938819028
0.0725967649727528 0.197262892479498 0.25015553601007 0.0634697237894251 0.258885421034602 0.157629661713653
0.0400929527352874 0.0744676864401517 0.278564453808489 0.0609520706906956 0.327814657842682 0.218108178482694
0.0190741502476912 0.226799079109089 0.234002267593211 0.423025030449853 0.00494685052281014 0.0921526220773468
0.0293918753185798 0.0757275916023833 0.181263628510408 0.316521699201876 0.199238671116584 0.19785653425017
0.0993904497364765 0.121723381966138 0.308812831119585 0.0336283753316488 0.156276589936503 0.280168371909648
0.00176795614254574 0.126268759336381 0.121148702421298 0.215538188406359 0.227829608569585 0.307446785123831
0.350902953272582 0.332046361957274 0.0362007473638801 0.0145175941480622 0.164194145345759 0.102138197912443
0.269210961700874 0.121901708573025 0.0954785485355047 0.0984056171524412 0.0880105698795429 0.326992594158612
0.269113180511899 0.0568804206754703 0.173169974975573 0.102054777147346 0.0920670319006192 0.306714614789093
0.367995925525738 0.012872795291902 0.0549442561816729 0.367039724876321 0.0205415862329369 0.176605711891429
0.242785082672535 0.121486969116346 0.255513017526366 0.0776715425298697 0.0464572016353533 0.256086186519531
0.16699196247729 0.0942818411447238 0.156352600630535 0.00587100057243278 0.223676891157331 0.352825704017687
0.383433992058645 0.0566621672740058 0.254396967719056 0.0732804035772742 0.0474348882296729 0.184791581141346
0.40634255217188 0.0641754575041628 0.434452519816221 0.0247894594113209 0.054654389889652 0.0155856212067632
0.0812215137030996 0.195499181933927 0.150598057392932 0.0048255623284731 0.297616878156406 0.270238806485162
0.241818804928242 0.221272484913822 0.112793891216901 0.14040040874592 0.174711342923545 0.10900306727157
0.340877857404378 0.0542046076971513 0.295944710779514 0.0456658763879099 0.117723000723908 0.145583947007139
0.263900703300103 0.0529477061422286 0.168326362051338 0.212250473933993 0.088369669861067 0.21420508471127
0.311128920000656 0.240431826104042 0.0773288768636073 0.14379846277602 0.136296656501578 0.091015257754096
0.0504854556897887 0.259255403086148 0.258653935582851 0.120315446683326 0.151606207404807 0.159683551553079
0.109107729508847 0.193409060179253 0.218411820687955 0.143718774683822 0.126615587408055 0.208737027532069
0.124155823597305 0.0649627767726426 0.162733693779702 0.184841407338715 0.26449726144143 0.198809037070205
0.205737759729036 0.0577909598089795 0.103603479563568 0.189344064223418 0.258102873834421 0.185420862840577
0.183866412162177 0.0743575722457803 0.350100112928823 0.162825334133728 0.151564445897704 0.077286122631789
0.21231291755949 0.0546373700977392 0.169562871060135 0.316223849402114 0.238159194494183 0.00910379738633855
0.0428667340919457 0.0875013139841051 0.241411249612789 0.0957125995502065 0.24912611962947 0.283381983131484
0.0718448415306983 0.172155503633603 0.254899267080612 0.0913605186935123 0.221466227305109 0.188273641756465
0.15492997939459 0.0237726588101227 0.192263648351235 0.350932214463681 0.0114179354197265 0.266683563560644
0.208790859497774 0.0826626123617045 0.184485848240855 0.240453614808019 0.0833080245458794 0.200299040545769
0.0685921850105982 0.183938027233036 0.176270720054049 0.230379304823099 0.194538032430612 0.146281730448605
0.177050844088592 0.182601912515657 0.226859042475402 0.222595872910283 0.0433574550417567 0.147534872968308
0.243961093253 0.0738553285806473 0.186426480942226 0.065016278946045 0.221885192760967 0.208855625517115
0.147606367286154 0.297149448982415 0.171227549085246 0.225046314908014 0.0565956569128679 0.102374662825303
0.222198135455778 0.139777104288287 0.238346151365473 0.117401898540819 0.0397446540453246 0.242532056304319
0.107104030521161 0.227853407393887 0.239879865442285 0.229108896542535 0.0275107383709419 0.16854306172919
0.17783868348362 0.25357474108443 0.172393143155181 0.0762014844729669 0.0668903273336193 0.253101620470182
0.195537004056682 0.0591390236720941 0.215268036976411 0.248531655398737 0.266048076647781 0.015476203248295
0.0727723375445252 0.150119302889721 0.0580231504054497 0.0855208902321593 0.300565693790818 0.332998625137326
0.1234664305385 0.130478355897613 0.296123214148715 0.148466312888821 0.220773849432549 0.0806918370938016
0.226363683724336 0.228548488493448 0.0403350970453762 0.0792799649067505 0.210536956253412 0.214935809576677
0.223119669372605 0.261312225824477 0.193655907314452 0.204442437426041 0.084078558798681 0.0333912012637432
0.0683666914412564 0.0852206765481573 0.209972859222979 0.286306850174197 0.302931804752098 0.047201117861312
0.228545868592193 0.283777227897494 0.150142166276887 0.0340300576538347 0.272913327647826 0.0305913519317655
0.33247615372428 0.224341603381305 0.0427001533556052 0.0619614763060042 0.140519512247309 0.198001100985496
0.105142455659672 0.405992757300523 0.0151752890836602 0.207648707959154 0.016167866687179 0.249872923309812
0.0178099194935297 0.0472575441688741 0.222121913025163 0.0835608082498131 0.397251555667022 0.231998259395598
0.349540840618458 0.0408318420134169 0.284239746247765 0.251390846048765 0.053783860640917 0.0202128644306779
0.238682960756858 0.0122291146153637 0.259383155776653 0.0770282619786948 0.240191011552667 0.172485495319763
0.0482411288680121 0.210784433513454 0.188257945780406 0.1522990747542 0.197113559708163 0.203303857375764
0.0283128645823615 0.212707775865821 0.084216516133277 0.463629432594462 0.19809029697827 0.0130431138458093
0.0762374110118793 0.0477340398986397 0.241192126727705 0.200253406328651 0.0716968200555873 0.362886195977538
0.324360603715867 0.298694088615453 0.0408596327074579 0.206331861332827 0.0246866481928399 0.105067165435556
0.250498770755702 0.207976712237018 0.212587554884611 0.122088157990776 0.0596701258812625 0.14717867825063
0.0817003088829196 0.00220554487328748 0.353074008271877 0.185355013606597 0.017320416075371 0.360344708289948
0.0796698167914905 0.299094393285974 0.265149510969564 0.196237665450092 0.0531676815210805 0.106680931981798
0.119119055710802 0.224792263851422 0.266314198824626 0.0677708608034256 0.138711627996032 0.183291992813692
0.175990207871015 0.121976952921012 0.15035098491708 0.0786806254825079 0.299343426515839 0.173657802292546
