0.0397725426770717 0.0624254357159489 0.251800558423824 0.000938257599875165 0.0307005571739433 0.158178970194293 0.154423204386649 0.0526991988554296 0.249061274972966
0.110565914119549 0.273292509340876 0.0401693060231833 0.0367332336934249 0.110777428107042 0.0221617092286289 0.0835748558224011 0.027879618813255 0.294845424851639
0.063969607763898 0.147423815659819 0.17727489232993 0.035444942459717 0.153713616799031 0.142140460768519 0.0647624577756926 0.0769668076364369 0.138303398806956
0.1429063193772 0.0158858224379608 0.0684375527905631 0.0163455023120624 0.143817717824238 0.227727309544531 0.0287173321218784 0.147519974812373 0.208642468779194
0.167592363262233 0.0527226053654852 0.168395214215887 0.16929724903725 0.126494863988011 0.0471016979274009 0.102040190874492 0.0735840190634799 0.0927717962657611
0.154908835704876 0.203880371621611 0.0463544496147762 0.0592363239973341 0.190065094074324 0.118968943544153 0.154684983537832 0.0254635523085831 0.0464374455965108
0.0781334313510938 0.121299793612261 0.141671361056118 0.130800176634654 0.143200994667323 0.15648943098987 0.14517929929267 0.010324403699918 0.0729011086960915
0.187249332936351 0.0105996583197605 0.18693844639633 0.102351024195016 0.130425908320747 0.0652607423854664 0.194575025563086 0.0286440204022552 0.0939558414809873
0.106389820450068 0.120447557651772 0.0974968695753395 0.110907017945727 0.159501288914741 0.060687713567141 0.0125765113855033 0.168357960874119 0.16363525963559
0.169751345844039 0.145153318790938 0.112164202686165 0.0953337911197503 0.000587945525800424 0.0270463251863614 0.239462967940533 0.0467368728793704 0.163763230027042
0.106341344805959 0.0756970558519193 0.16125064018097 0.0596158942100429 0.183691883794011 0.0131191080757106 0.175834067451866 0.194406836041325 0.0300431695881957
0.052399387334925 0.115147001069331 0.135767299268762 0.0698780104928482 0.22672694829896 0.0531078984000516 0.0540482049705333 0.0297192537990061 0.263205996365583
0.181637988926333 0.048153966529616 0.139399392650689 0.1396279830101 0.166250354578807 0.0102007141806899 0.0614345381090085 0.0955937607345073 0.15770130128025
0.0329105263460084 0.0691633475830524 0.141253825970477 0.101064000949228 0.0575363938263102 0.168782334043199 0.169927809288601 0.170343633545187 0.089018128447938
0.00565149140877463 0.0284318570799837 0.138071402649142 0.201038570967465 0.29193812531751 0.016895544502213 0.062963567761288 0.204321344417553 0.0506880958960704
0.234214994174215 0.117765683213051 0.0154688367056995 0.214117556744872 0.0338068269127321 0.233670014327259 0.069372914761102 0.00513435862058544 0.076448814540483
0.139241629086301 0.0741189950356437 0.0307891784528565 0.142932240423772 0.00205424186104296 0.153674231851205 0.0964924531798332 0.181629983678613 0.179067046430733
0.167100684174507 0.133260969542564 0.187958389821477 0.0786508662952113 0.139093844286044 0.0243274492753978 0.121145374423807 0.111343001666802 0.0371194205141885
0.111465346957521 0.152505472286245 0.214226084937107 0.212986341684354 0.0253330165871994 0.0163348153874385 0.204407145581324 0.0134823972969145 0.0492593792818958
0.251034547934557 0.0878397935697688 0.0218022530484099 0.0772934479399527 0.163048360897104 0.0552945754607234 0.0181282890411756 0.176643536157588 0.148915195950721
0.00660422748817253 0.153498011879719 0.138449651745357 0.117274122525899 0.129243651063381 0.131976999049344 0.0878027880565048 0.126526251937401 0.10862429625422
0.120811469920071 0.100811636178571 0.218612964592224 0.0886966797404922 0.0912208228591837 0.0674340526713506 0.0503299902483806 0.125291659373373 0.136790724416354
0.24371111806247 0.149022223779771 0.0250307442239105 0.00209796066583087 0.0147394186089923 0.0300279442617347 0.188595617815925 0.25592353369899 0.0908514388823759
0.173977934805977 0.193796969434881 0.0524550003633728 0.00424844107331809 0.108997700704778 0.142314442130364 0.149754945987495 0.143527276903721 0.030927288596093
0.233853318029369 0.18687939302362 0.182728503889915 0.0886839994943898 0.0280721712085753 0.0502906822188059 0.0268578382760823 0.0560411020302202 0.146592991829023
0.0103337535474536 0.0690314838421711 0.145673982692461 0.125227842012566 0.119071335169886 0.138317085809985 0.170645157263177 0.14355364573551 0.0781457139267903
0.0336076008916385 0.0567297765671717 0.0955646294747319 0.163694517497415 0.10135549049816 0.0423905087950318 0.199073691381422 0.174767013925686 0.132816770968743
0.0793506816961954 0.0801942420309246 0.171090879295142 0.0353936266019436 0.153796662672393 0.141696403680149 0.0552477168737295 0.142054625328275 0.141175161821248
0.208499756764373 0.0907394705644553 0.209659586429003 0.145032879743944 0.0107885620283995 0.140155729793814 0.128076404983144 0.0171295453679175 0.0499180643249497
0.00699533348529941 0.0463447271507297 0.135378234303018 0.177614064090575 0.11399742944816 0.15616095334288 0.134287712211119 0.0365842446614924 0.192637301306726
0.151084246464004 0.155158956435961 0.16011426512398 0.00571228468925744 0.100566647585586 0.161276416318922 0.0181343169402678 0.143654235703396 0.104298630738626
0.230523081969943 0.129209528620367 0.000115410278568229 0.217791250883288 0.127167716285855 0.0891461952189094 0.0596883333489758 0.0247532203860042 0.12160526300809
0.0891133730710367 0.063789682484095 0.143925407964955 0.0205254935628074 0.0768865358940504 0.19213643523733 0.19985247160182 0.19429263696875 0.0194779632151563
0.180576506013204 0.0328807757527998 0.10584237918844 0.10419429196368 0.168049353965666 0.128982329590203 0.0705061425628883 0.0429295650648045 0.166038655898314
0.00896011909760625 0.0586586068899527 0.201453547654107 0.303498096240897 0.0465169886102646 0.0844184442729998 0.162997140550039 0.0252561665164683 0.108240890167664
0.0876764461831641 0.162417834688482 0.105794222385195 0.0641455831851503 0.162888428806794 0.0755497228171189 0.116211593492585 0.129806117401054 0.0955100510404568
0.110604749130817 0.010933701416188 0.160671187672755 0.127537002235627 0.166182006523863 0.145429483678534 0.138569356110952 0.096833680842707 0.0432388323885575
0.268478355558741 0.198839441574603 0.0376191805472704 0.12905801362458 0.113179044088618 0.0239745185625715 0.0312201881831518 0.139895597055353 0.0577356608051115
0.147431846245223 0.173359017057228 0.12016223510573 0.194161291001223 0.0154071692484588 0.0456408254427209 0.0418167891618399 0.136960792439546 0.12506003429803
0.194196000793682 0.094836578606207 0.0306918383538931 0.0305277175411247 0.00417181303663468 0.14099649521151 0.184154148060327 0.101486636990771 0.218938771405851
0.10927154983572 0.0884932421401469 0.104734447767284 0.047256229986416 0.169602640654899 0.074404359643583 0.113681722384171 0.0768286118009117 0.215727195786868
0.115050001437486 0.159708456868289 0.111371603046985 0.1480335416824 0.0735776422836718 0.0489086392731785 0.17178867516807 0.134252915939668 0.0373085243002519
0.0362682204835251 0.177794758196547 0.180398613257824 0.13430352922223 0.161526395379979 0.160291744454767 0.0145498369060626 0.00830827093153126 0.126558631167534
0.154966526393998 0.0925752629178778 0.0666340666283759 0.144876537627423 0.116993462774372 0.107371124584594 0.09651875319721 0.075046047593628 0.145018218282521
0.13830145764737 0.0622452672448151 0.173462024338533 0.168318019018139 0.162648253052937 0.0941761548350662 0.0518027399130321 0.129884860294131 0.0191612236559776
0.1920226314617 0.0926097123567601 0.0724296963263141 0.227172731354092 0.0401497598574682 0.127521880578439 0.134638103284223 0.0973375378844472 0.0161179468965567
0.200667278020574 0.082216575103414 0.242001561854573 0.0546386645120944 0.163949676737178 0.00546127922587041 0.0345678663045736 0.19105374123974 0.0254433570019832
0.147006340795507 0.0808617454488944 0.0118135970948684 0.0680661652742574 0.100890608070034 0.0234626608185493 0.175678898475453 0.194236467290113 0.197983516732325
0.195137164306277 0.174642810432166 0.0824198175157982 0.0599978054539713 0.0458127638901981 0.170667598314147 0.0469129690136655 0.0991155604094082 0.125293510664368
0.222546326951938 0.0379138633036499 0.0123436740435771 0.0861587612650442 0.165168826846321 0.174778217054411 0.263141549562454 0.0368693192462216 0.00107946172638275
0.165294753294471 0.103676475800695 0.0165965512492979 0.247158465309303 0.0241587465607521 0.243733369987969 0.069930934636417 0.103007300443073 0.0264434027180221
0.181081515208375 0.00235497916419533 0.100363468533136 0.107278015409056 0.0852280251533686 0.200771481224381 0.0411713395325362 0.105265089100673 0.17648608667428
0.119568694943301 0.174470219031272 0.0617927179586583 0.144411182255023 0.204644894815121 0.0957284963410484 0.0437329858693883 0.0170898607333575 0.13856094805283
0.00717652616817335 0.0901335078063524 0.0984098547625013 0.160799788405778 0.119183960282354 0.0340397529095037 0.242273882599759 0.171589199168294 0.0763935278972854
0.17792359969081 0.126284043507484 0.174507581458357 0.0201409347246069 0.18520907606425 0.197732092450283 0.0347746312699317 0.0151694310738531 0.0682586097604245
0.0667727921005615 0.00578958631006735 0.148811112945491 0.0626140538483821 0.100645681378812 0.122824004496405 0.186539788203059 0.205514667978789 0.100488312738432
0.138028179967315 0.0924169270314395 0.101962400887591 0.103743254948781 0.039485957008684 0.147595381160592 0.133295466788343 0.0640951694152648 0.179377262791991
0.0289310283888999 0.156263463237621 0.155797515737579 0.153497979775563 0.167647471051075 0.0266585188558909 0.0987109764392492 0.126951585567989 0.0855414609461328
0.133944105148205 0.0439936372370795 0.134548475920874 0.145303370900333 0.040646638245192 0.1467225016435 0.174801083191224 0.0110419922907433 0.168998195422849
0.199357430563841 0.0113491600579792 0.0859073663874737 0.216068806624373 0.0234552446703052 0.120788096045837 0.0841674944932979 0.190927574109872 0.0679788270470211
0.0603888481154262 0.0491966980897302 0.217711147786362 0.0320411361079579 0.146028452933917 0.176743360758186 0.146834057755635 0.165378674019452 0.00567762443333489
0.0826203462023553 0.00281301514960575 0.0788787101351875 0.119541574885369 0.169666572075409 0.0907756936400607 0.143218799647039 0.0983907561423239 0.214094532122649
0.243829629758059 0.0819935852503812 0.0260613891180157 0.0234404518215121 0.139781532294865 0.183144544609886 0.0321491727926245 0.137787865736697 0.13181182861796
0.130284774331507 0.0717658925099931 0.0224793346370379 0.100806245138846 0.156735221502681 0.0347128385318661 0.0766878489300771 0.21857006985895 0.187957774559043
0.0740294440713565 0.0398633803041262 0.12331976484905 0.039847109334549 0.0515469168787295 0.219225064911492 0.0634197552342498 0.188129143062295 0.200619421354152
0.186381593321349 0.106429820694866 0.126644349140909 0.075476688375193 0.0121885356228172 0.171609995038736 0.123323552218881 0.0293605603084608 0.168584905278788
0.0577204474288543 0.0856640472870749 0.00956480974195163 0.0976657787476158 0.0970995875688941 0.181817307770733 0.206572773057866 0.128477320943037 0.135417927453973
0.178603849433742 0.00657440741235863 0.0725703452398189 0.126452447730038 0.170163797021843 0.168995593479505 0.141856956512135 0.0863676944679261 0.0484149087026331
0.0401479320049631 0.0291342935269663 0.0903783227101472 0.0982674466037088 0.149660985705816 0.0942336744265971 0.1941934145473 0.175715399081005 0.128268531393497
0.0282469945409811 0.197311884913142 0.0414174175844931 0.139250082015519 0.105691681048232 0.144555414693804 0.083275370033596 0.180304764003798 0.0799463911664353
0.171621458216896 0.112980001967105 0.195174975573059 0.0142971396124543 0.168814512256342 0.0694836051814642 0.184800667576086 0.0694954221710553 0.0133322174455379
0.0251357343531793 0.289221601889156 0.0539137421948072 0.129432622662059 0.0459879642731732 0.21542753128471 0.0358328227918872 0.0605734838189189 0.144474496732109
0.13925745358261 0.0616452437415627 0.0786279748632438 0.0742187407003778 0.153866103576301 0.168635017342162 0.152826873474381 0.0504542708253487 0.120468321894014
0.0138419618491893 0.0694129360113456 0.0978227549557853 0.136584802381942 0.105671352921665 0.224186908813565 0.165639843593235 0.179376384764507 0.00746305470876688
0.150841699402633 0.0582772282900232 0.0679806623762901 0.136109298079129 0.121679844152619 0.150804317589306 0.0337342860533395 0.104626735231752 0.175945928824909
0.0985781676130661 0.153311905177655 0.0406561321870409 0.129376363022893 0.140824964115286 0.0336786315147625 0.150547771973836 0.113945425403574 0.139080638991887
0.17123941287576 0.192714438303375 0.0154885502150048 0.100473435555308 0.0115624619177344 0.119834171931485 0.0083331080702221 0.182206868094057 0.198147553037054
0.219384745907131 0.0419184614573147 0.14512140732835 0.0402668906014218 0.144566458777595 0.00427734923072222 0.0856611718542575 0.206985799814399 0.111817715028809
0.127598018577772 0.0927348195359075 0.159606969003622 0.090719910966163 0.0949835430288634 0.0209014332321774 0.153419263379831 0.176774964799934 0.0832610774757293
0.0682425376663937 0.141765764828252 0.036182729838635 0.144759579425599 0.156090709520527 0.140521674234254 0.0954132956955782 0.124698218243243 0.0923254905475181
0.0801602907449748 0.0141578722220975 0.0787761143372084 0.146209009438596 0.0963245930745736 0.174210137482456 0.160136609276684 0.0878314215951681 0.162193951828242
0.00811827841352482 0.13067511074135 0.0969357126100543 0.0755812400079238 0.242895159668653 0.10711668305546 0.234573467516081 0.0836631111602085 0.0204412368267448
0.101667181709901 0.157850303638502 0.129642359480693 0.158045609885204 0.143578847307296 0.0149606354729908 0.085637878617186 0.163441904446106 0.0451752794421215
0.160295613526825 0.180648011881371 0.138102740130067 0.0027624304149438 0.131469100903993 0.0236822380386887 0.0597724699024406 0.16503918253248 0.13822821266919
0.0645122789270465 0.106810983132013 0.00669587130289988 0.129567160108153 0.140632343787947 0.0884433807713891 0.188838176486221 0.228027979957826 0.0464718255265055
0.163353674173237 0.0478150897208944 0.0427467087511204 0.151180400093053 0.0530208910093801 0.0930909026296819 0.0763856757243118 0.202735758913844 0.169670898984477
0.115775513182079 0.0344624370985468 0.036756734613462 0.138188267748735 0.155409088336452 0.17019864457769 0.174488762689617 0.114748148864215 0.0599724028892037
0.0258114063418271 0.0709953814498445 0.144686926331373 0.126856803483441 0.150875495618752 0.0653014375731768 0.163067695301464 0.14660761871172 0.105797235188401
0.057939231253237 0.0043104543312953 0.107938262504547 0.124882485284666 0.123444649533211 0.182308238668825 0.126283835538969 0.108457377576385 0.164435465308865
0.149149809232591 0.041569781623633 0.190984519200122 0.100171070088149 0.0512074924485435 0.135635035932439 0.230652195547604 0.0876958286715885 0.0129342672553298
0.0946684975663977 0.0465460607343192 0.155865498962985 0.0791832202500892 0.15694911986727 0.258330985145197 0.030820749881241 0.114477067732029 0.0631587998604715
0.0826787530450733 0.167185605988359 0.0826856789694256 0.172157359780966 0.0266523717577929 0.0855824597918518 0.196942337750424 0.0067752359366731 0.179340196979434
0.0716354578175494 0.133038286353021 0.0535249149632693 0.0807295100497712 0.203038692554916 0.0381206396121584 0.0676644782328658 0.220219498946986 0.132028521469463
0.0461155828331806 0.106856045176427 0.169728346446864 0.0464209970715216 0.14583053149553 0.114505097395915 0.148181688028957 0.0705119006642875 0.151849810887318
0.0792153447766968 0.174362915990668 0.0648115458947031 0.219646101215108 0.0543818252158989 0.137368521545803 0.113324909401815 0.0583346591109206 0.0985541768483869
0.124010618894138 0.18751563454173 0.226524536575915 0.153558353325881 0.0546263590901932 0.0340100263706182 0.0418866788779591 0.123309228313219 0.0545585640103471
0.0369998886189385 0.115250988946887 0.0904389760414527 0.0456708680194428 0.0746397076662536 0.173401286167293 0.177267067754967 0.195658288926899 0.0906729278578658
0.142645518995945 0.0185249479334178 0.0319380751813032 0.211751769903709 0.0133451503137814 0.0824815632439878 0.242263031380484 0.159640453976287 0.097409489071085
0.00241314686739106 0.192478415822574 0.0291397582552613 0.0241353411632392 0.25397974881845 0.0774580296684616 0.0269469640383366 0.292677312261469 0.100771283104817
0.0157052948455757 0.0903318522362141 0.07308199980138 0.0060326117812232 0.197070368792145 0.225002406518682 0.0898727052614319 0.0860439819820873 0.216858778781261
0.132120041268239 0.0429896748956798 0.057362557844377 0.00614903108443472 0.199258450129442 0.190608442933151 0.0822005323886267 0.14770850323792 0.14160276621813
0.13571147222769 0.145183429417141 0.162927929046318 0.121678518539506 0.070039659142163 0.116114003369644 0.123034309000542 0.0588251311904055 0.0664855480665905
0.150975984936744 0.100562732040156 0.113742066682472 0.027357149915267 0.127436008653618 0.146550646129698 0.0675869479615805 0.126794154504669 0.138994309175796
0.0116394811257377 0.0821065749422583 0.100895043265967 0.147508232943113 0.155189090876679 0.125270669116308 0.0992793341131112 0.151500111101811 0.126611462515016
0.13889095461856 0.0248088083943873 0.0576521068735669 0.102897730557126 0.136326470239747 0.145985696452371 0.195704504233642 0.0688503148655463 0.128883413765053
0.238100144974141 0.0855245222556632 0.0142056590117773 0.171269128524676 0.0420675044619617 0.0686915262487817 0.065896234582147 0.238817215450527 0.0754280644903247
0.224432631180856 0.00306698330117734 0.083691016202758 0.0351134425530145 0.271322231174987 0.174638625787992 0.0550723427311818 0.0150722925814264 0.137590434486606
0.00194521460772639 0.0147936547965618 0.237129231794798 0.101708259974526 0.203568910555227 0.0153897305351388 0.158478636487078 0.255044932092883 0.011941429156061
0.0212202566947079 0.234906994376714 0.0466051229551286 0.0584452399700943 0.104034368722235 0.15531980664669 0.112788447672166 0.145450156305491 0.121229606656773
0.0158467897610166 0.0905078001209021 0.115093909169007 0.157596506499831 0.0721889114626219 0.163101424011864 0.165444971282774 0.152084355328275 0.0681353323637089
0.127326654907652 0.0485467637410865 0.163681348080999 0.138148760594266 0.0300241567660353 0.152826691355376 0.0860020127129915 0.158443974679446 0.0949996371621466
0.228597691065067 0.234923662487576 0.107947252712114 0.0920188651434632 0.11611980271017 0.136535092052386 0.0254198961993201 0.0314550000425698 0.0269827375873332
0.0162648069765561 0.154906943181388 0.0937707369350893 0.213056222124378 0.145085423952114 0.121091732597507 0.0666683461435056 0.0913901108606921 0.0977656772287695
0.102250011847103 0.129224914420508 0.189325341538858 0.130799303251076 0.200257977522763 0.133174000323891 0.00637779580683508 0.100579792161447 0.00801086312751935
0.208647198778619 0.0587780601618528 0.1143183851402 0.0161819380407979 0.0249668527419015 0.140545216454015 0.119981080621396 0.114531000555759 0.20205026750546
0.132769451987915 0.19598569413866 0.0250643944437572 0.179221952208778 0.038171247452146 0.299531761006351 0.0492903519572654 0.0443567875365472 0.0356083592685806
0.093937424090075 0.187142211198389 0.0949162771083915 0.118108202739154 0.181499046251321 0.00280565657135443 0.160335581040773 0.111693680810691 0.0495619201898509
0.219303815100373 0.0241282763567199 0.0509384464254046 0.234865574440503 0.0169534301508213 0.05293067738168 0.0657061276819105 0.163258490403016 0.171915162059572
0.082232176842718 0.222263179723277 0.184828383563045 0.0501578364147826 0.0379609924699704 0.128786811730476 0.164592181007152 0.0598508332973613 0.0693276049512172
0.151601991152805 0.0474239865049065 0.152548971834721 0.16749481698998 0.121424244814885 0.00242522634339413 0.0612540518878451 0.169643378696323 0.12618333177514
0.151097904960779 0.0701484457081421 0.200909732625916 0.176443742633462 0.0391094835803777 0.0792651963066144 0.140137772955218 0.0280503343270688 0.114837386902421
0.188284788907519 0.0551238094437282 0.00991200522279382 0.0968711580452422 0.0109243911323818 0.13344756963731 0.242269734909094 0.180037388929551 0.083129153772381
0.0780132352506437 0.060280232887156 0.238666553344458 0.0533070595446592 0.152867068954549 0.114924199675939 0.20118913271125 0.0522060994164108 0.0485464182149339
0.234547815206558 0.176136963132341 0.0049088421982865 0.0163653803216945 0.0917494263341654 0.0831009713078653 0.0825309324117753 0.11908851631239 0.191571152774924
0.0683575091090843 0.157691888104422 0.137929712069157 0.00120164988984655 0.183598176647651 0.167422593571937 0.0191531902539134 0.0963536276212581 0.16829165273273
0.135828811989049 0.169146764369688 0.021238523687125 0.14339902083345 0.0952898094853202 0.138607660700809 0.130061025438453 0.0895964506881828 0.0768319328079221
0.180598976483078 0.0355766333127204 0.0238609871444841 0.136041429822347 0.207805642937326 0.223277783164506 0.00985823921538885 0.159838877902571 0.0231414300175777
0.150811594952536 0.1897255884138 0.10735445960939 0.187743800831356 0.116282118820193 0.00309548467560469 0.122054847246613 0.050632498645637 0.0722996068048696
0.144021811011728 0.0316306820437813 0.168833272260015 0.0808769569233004 0.0800368176496207 0.17194546094495 0.177970440547027 0.132315807522595 0.0123687510969825
0.100351618279325 0.221277487594133 0.0369589768346691 0.154124723420009 0.0500714976246363 0.0590647993504052 0.121885401005555 0.217658377016537 0.0386071188747305
0.0991118557329046 0.0287875975196327 0.170143265299844 0.0306206372388406 0.0496125623492207 0.0242360008077495 0.281495702828879 0.236250519464015 0.0797418587589143
0.0357845517088234 0.0156552214902418 0.113044906846921 0.042165782624393 0.253332758227654 0.181204323498908 0.0724411133942722 0.0839670371359944 0.202404305072792
0.0207540330889388 0.240114125491033 0.200755472783284 0.0197827449233862 0.101325547438476 0.0541558438792119 0.109158696027348 0.145546728371914 0.108406807996408
0.0635707143953681 0.0778410296287207 0.140039652937258 0.0255959395233191 0.12803796536237 0.116921049057103 0.15529827631492 0.113338692186332 0.179356680594609
0.130572299752183 0.0332910164629912 0.0643045320347175 0.157880844499963 0.021666315733111 0.206727431744021 0.201464674692914 0.116219844763268 0.0678730403168323
0.188590391024484 0.0152198616243403 0.00120349891720778 0.000789746092033302 0.248697172084413 0.0951276308010105 0.141946626793321 0.30113666104259 0.00728841162059885
0.0798610010736907 0.204395741095446 0.0054482216744916 0.203947509318779 0.0836414952787827 0.144697008616458 0.0259751542644639 0.121769153317208 0.130264715360679
0.178723556628723 0.0916732543577452 0.172688300717895 0.0134444842192463 0.107034077534152 0.0531334267873932 0.136830174092431 0.0456316728553156 0.200841052807099
0.14575017876824 0.0989678903337599 0.163313311642879 0.162242855445717 0.203487886364898 0.114090884018533 0.0864299184133052 0.0218981446708373 0.00381893034183029
0.132405478900962 0.111436532674576 0.135153628831167 0.122970445796423 0.0497222061443291 0.001445397701269 0.177693187405571 0.170078586844475 0.0990945357012269
0.0225873511661973 0.0546808134821294 0.151846718872892 0.136260601903996 0.190536949919979 0.0728487858499117 0.129021850733537 0.166416386273764 0.0758005417975931
0.042100115963219 0.05217201363066 0.0352876459094142 0.213030172533419 0.149459276521503 0.0471194414293842 0.0976475448394881 0.242046876499403 0.12113691267351
0.129746497971612 0.168869525537422 0.0775123073288 0.053651023953071 0.0121059878728564 0.181406832756777 0.0330936535625004 0.0928903848186218 0.25072378619834
0.056015392371416 0.0704788100353801 0.153171282720203 0.182414842312534 0.175535777027832 0.0462138544213447 0.0393241371369309 0.0722493179632267 0.204596586011133
0.163152827166333 0.159566672127727 0.0219156569175444 0.0354480957537619 0.208880576118214 0.176556248846924 0.0332406746412562 0.0559811486546531 0.145258099773587
0.0212784084466995 0.0935786056207926 0.0116194969173022 0.1596353621964 0.168387063956278 0.156380538478677 0.119463386688339 0.0862436639486376 0.183413473746874
0.237252227201181 0.011543040516697 0.0200656539135158 0.0213796673110095 0.16867511505875 0.241081881821666 0.0286600380208725 0.188393461629741 0.0829489145265676
0.170322049452396 0.076812202624302 0.00551381405671225 0.155429792719062 0.0835553154993591 0.1901452300945 0.0280970911362364 0.189833066537395 0.100291437880038
0.179333078876072 0.116612334608922 0.0285220862589295 0.152459870625182 0.161164497246304 0.155365492396591 0.0442258040061329 0.0824717345432623 0.0798451014386044
0.151843113517795 0.161061239182094 0.0306804233734237 0.168709810957251 0.0882854275704431 0.123437338315601 0.0823674580914458 0.0559432479056737 0.137671941086273
0.161574117066773 0.175200253191617 0.0675076051210322 0.0179984755725424 0.114841694203859 0.177179861343196 0.035381565044485 0.0947602712079371 0.155556157248559
0.0514018250246178 0.186948341716001 0.208783246516797 0.153910724734748 0.14696945622482 0.0337755519117316 0.0313544516282135 0.12794011532008 0.0589162869229907
0.028381749451468 0.0815475251436533 0.15371357503027 0.0478559735625838 0.108476586392179 0.115174366079766 0.153864736173374 0.164491098006678 0.146494390160028
0.127178186256706 0.187735952656188 0.00805469633861275 0.0771263874081988 0.197601693718732 0.146406431634195 0.0671336353861861 0.110566218389573 0.0781967982116094
0.125605734020057 0.133431783392962 0.103472295948194 0.131080754729203 0.072019319966242 0.0883664593626967 0.0407653414479303 0.171357502378436 0.13390080875428
0.0172421573967392 0.18244826404923 0.185502158384715 0.0481794500296084 0.181406473037051 0.0769317850469375 0.128835006837383 0.172721159604524 0.00673354561381142
0.249012044479683 0.22695352313608 0.0607434265031876 0.0928486826067927 0.14102112945534 0.0040623817335905 0.0142691351813869 0.0640469577585595 0.147042719145379
0.081816295800256 0.041920252482841 0.0917183225484317 0.145232715845834 0.166088988231069 0.129826727721637 0.0402730612179476 0.155940100292574 0.14718353585941
0.16075161102603 0.00343738974580779 0.194106996686533 0.141593065695225 0.00906428672148476 0.14000587670685 0.0203430844157041 0.174936495988958 0.155761193013408
0.181201207101379 0.0890205829641313 0.00626317628659396 0.0775702716381596 0.076630289405223 0.157811407708348 0.109010240785601 0.125553392066353 0.176939432044211
0.268218852522912 0.080888266932911 0.230078998326288 0.00208154959268983 0.0794816393866984 0.0899509220829925 0.0599623576544114 0.0617180229118365 0.127619390589261
0.196244297035246 0.0669044330488991 0.0636263051261471 0.0524166596718648 0.191682220561323 0.00221176220568302 0.126981441882719 0.208953959763793 0.0909789207043259
0.00853770527740877 0.17514290296943 0.0565782050431252 0.161518691594394 0.115325771984812 0.0717315708194402 0.110460737536051 0.142942838647773 0.157761576127566
0.0274158641099011 0.30500007140628 0.207737655882692 0.16603946748797 0.098686811875393 0.113839271497129 0.035638778626252 0.00967327289982152 0.0359688062145618
0.182724419236671 0.0767145729024342 0.0628141879421753 0.252571461890672 0.0210966647926662 0.00814694851001765 0.259413606686911 0.107563245317894 0.0289548927205582
0.194096870411691 0.0999505317563244 0.106503557369583 0.0375434224502944 0.158157162408452 0.154903819033932 0.133334296830894 0.103465007828768 0.0120453319100602
0.176761563728368 0.177623166297791 0.0848235811132897 0.121547228935051 0.0567608983175696 0.0482165458106953 0.0617523114946699 0.0861442527978294 0.186370451504737
0.156318345634076 0.111442664340883 0.157623308035663 0.0162265240697044 0.0165426255495401 0.145460263708608 0.189941056477417 0.179552050617076 0.0268931615670329
0.154461297148438 0.131381822887014 0.0427583843914067 0.0235500647050428 0.0659895664283875 0.210240925245539 0.0657186541030723 0.176332611626848 0.129566673464252
0.163793482456118 0.129397536492439 0.26252545635891 0.0699299468144643 0.0708437669377701 0.0316485090324011 0.0484895651175657 0.211292991085923 0.0120787457044089
0.14221638969397 0.0762930640844287 0.139830189755968 0.0705698209224274 0.0186431429349458 0.00417275432453117 0.0868795949830024 0.246467393413964 0.214927649886763
0.0234748628899161 0.192622642532532 0.00169595009673854 0.040522225011997 0.108965987928667 0.192353064869395 0.0908897211481619 0.182623378200226 0.166852167322366
0.178260795497679 0.0427897692629624 0.0210068946548902 0.143782599647452 0.164438454410039 0.0239883992276599 0.135579151582636 0.162204169502275 0.127949766214406
0.116781414856681 0.0213938688590598 0.0484295133910756 0.21645886617289 0.127834857698974 0.120573440307707 0.0577364869623623 0.162219901972649 0.1285716497786
0.10612776243464 0.0965874778077907 0.173084824772501 0.0933666361257557 0.000942825168286277 0.163256012439405 0.124153453029435 0.134425226198601 0.108055782023586
0.205074681677811 0.000405236510330758 0.237495849898887 0.0323830239235136 0.00520119268299527 0.0176860072158162 0.00982002662677703 0.240179375379583 0.251754606084287
0.154199071222357 0.0413163283339399 0.216096718713904 0.0719900344423744 0.0909334234806327 0.107102328965239 0.10500215377479 0.1921124544666 0.0212474866001628
0.11555112480605 0.114858937496734 0.0153775532143356 0.1451673747129 0.169097633338623 0.0343279736568807 0.131029535203551 0.11556496168212 0.159024905888805
0.0818631949077776 0.193084500640142 0.20235859267732 0.102128335770417 0.176466164265573 0.0085859367263944 0.0019681128595573 0.204958985250208 0.028586176902611
0.154314488457332 0.138614976472619 0.0429532820247396 0.1375705362352 0.178356389585326 0.0324552565459611 0.173470801601944 0.035995153541709 0.10626911553517
0.108727728822382 0.048719311449832 0.132089177944291 0.206458668173762 0.0566896271010854 0.170030783709119 0.110441434078118 0.061927543695011 0.1049157250264
0.126879893154719 0.0103313727490787 0.104671950714164 0.0883453607750739 0.16103036406151 0.0145137154528221 0.198846335646585 0.142430719739232 0.152950287706816
0.158837024240455 0.00651172127077309 0.0682035043011588 0.189122031847798 0.122711128088776 0.119190463586886 0.0252925664172856 0.0876609909638151 0.222470569283052
0.139256306981908 0.22060949743271 0.0610997678035154 0.305797537046252 0.113641335174048 0.0288429168657272 0.0356513506089139 0.0362149024476257 0.0588863856392995
0.0846405716544384 0.134341925194471 0.0548935722331261 0.0794729608659913 0.14794038809563 0.159699850354138 0.120079125563206 0.120057708400193 0.0988738976388053
0.0741834216220636 0.15432337912242 0.0655502824830296 0.0735996747780974 0.134083521762515 0.118088195074226 0.0791551866605807 0.178927347643529 0.122088990853539
0.127418813182306 0.151614010429725 0.206489593681171 0.170096244000547 0.067820237270821 0.0372718537576797 0.0146490284100752 0.044619611796521 0.180020607471153
0.0189704089426475 0.115522445905902 0.196498185456049 0.204882184832323 0.187833372562703 0.0497492766838077 0.0863690944120037 0.0344773532187641 0.1056976779858
0.0895621479372587 0.0898794377639821 0.100796371060688 0.106323969758311 0.0945259726496993 0.195335533996048 0.184006831571602 0.131336053377377 0.00823368188503354
0.0506395647147383 0.136116698045054 0.105277964164099 0.171273411344207 0.0546113311808474 0.0173891011210108 0.170112541044272 0.15583468012348 0.138744708262292
0.115535372782893 0.0962696612192456 0.0953808023789954 0.138149836961819 0.0328338717092245 0.107073440587928 0.135041635742875 0.160585635262774 0.119129743354245
0.062482912019705 0.183700137552567 0.145733953678596 0.135275230565773 0.169450683919604 0.000113543264413521 0.120433425269714 0.00232025652151764 0.180489857208109
0.104585215782814 0.189646825422897 0.128024166271574 0.142528803776159 0.0278629386307133 0.239436688799582 0.0569303831859575 0.0269723529602293 0.0840126251700745
0.191617312757907 0.0460091051157238 0.138752409209514 0.124924817428505 0.0617094627185291 0.156237249128125 0.0489651559872795 0.0447536775282152 0.187030810126202
0.0635336930627638 0.153317387225455 0.168440493408515 0.179441777926334 0.0676874853946417 0.171042210184569 0.0981641283981796 0.0517323468010774 0.046640477598465
0.132291499193219 0.215543898653452 0.158943877382909 0.181649685316565 0.0272277886894004 0.00935341690080471 0.121933827451669 0.115075535127147 0.0379804712848338
0.170690702724265 0.0610394640479204 0.125083603968443 0.0218059109702333 0.198616291564155 0.124195914416654 0.0746592601856476 0.0360421433862073 0.187866708736474
0.201923179901 0.0187978489604543 0.0473290915935565 0.176306659545594 0.193735694145784 0.0490027906486236 0.103429477262103 0.191170664348501 0.0183045935943834
0.181448300972757 0.0648431969733138 0.159775151993741 0.0423567753404284 0.114185138933939 0.0872576940513356 0.083839609563331 0.226384032057449 0.0399101001137059
0.0829032673897553 0.179788405825857 0.0609761439664693 0.122859596155374 0.0870374374428038 0.148575921430285 0.157764269138099 0.0996419818672766 0.0604529767840804
0.0485230141857898 0.0983686778941758 0.0562873843913347 0.163656854183688 0.0991871849173085 0.0492762575956059 0.235336427099486 0.0206235809975876 0.228740618735024
0.0120632172993947 0.172855833112503 0.0741882095012179 0.136535742853583 0.154290237847338 0.180011083727058 0.0839606057626453 0.103908073433461 0.0821869964627995
0.0243030530208777 0.235649013920276 0.164517376364172 0.0392428240385415 0.205114874217241 0.0886088534286867 0.0409343147439535 0.0715920007215894 0.130037689544662
0.0708275456160204 0.110403741324269 0.106183423371762 0.0518063835660483 0.146086554172986 0.170865950805365 0.0359265083173733 0.149606289487063 0.158293603339113
0.160282185732159 0.10609320664882 0.0890014658703262 0.0299960593953849 0.143898697950571 0.157132689101347 0.12186266728586 0.131688220188393 0.0600448078271388
0.11543631611369 0.0503266507203955 0.11000492438464 0.127884997008668 0.0233899897099925 0.112455298690133 0.139275768339259 0.15103746243534 0.170188592597881
0.214936987738383 0.117583317871075 0.11619662136136 0.17070416579466 0.110144907602981 0.0371005473425672 0.0936251430569407 0.0904486594679948 0.0492596497640375
0.0896570474118216 0.0793006622804532 0.0976512551856289 0.126924728666863 0.0925330457610873 0.0125193844710254 0.0970253623520353 0.263084266599517 0.141304247271568
0.0381842365830043 0.172540979204236 0.115488961417267 0.0399323824441059 0.0855886863953546 0.144237395223605 0.226292091165229 0.0296571607163435 0.148078106850855
0.0724555486885674 0.179438755273572 0.0759372945454086 0.110883062876006 0.174671619318059 0.177424973863112 0.163915237415791 0.037291512280677 0.00798199573880692
0.183556226216551 0.159321109121476 0.139547266230463 0.166618148039507 0.106027255729402 0.11165642208847 0.0576171943450203 0.0606532663345005 0.0150031118946106
0.0920650848111862 0.260975680566912 0.0634502983083977 0.00691007041358322 0.162419361841479 0.0648101536055776 0.270660664742025 0.0449479525504062 0.033760733160433
0.0907445645219133 0.0564143056699514 0.144315332837984 0.144713347355286 0.108448848321601 0.113960163915514 0.153352081238787 0.048362320282926 0.139689035856037
0.162763010217486 0.158526807756095 0.13744904388036 0.0769605644174425 0.0409944371557926 0.131092396040977 0.129871643507072 0.0915075293626511 0.0708345676621243
0.067158674281863 0.164822016646186 0.179490102413345 0.00680969748553348 0.151115347614491 0.0747901306743549 0.037250772178974 0.166530579850423 0.15203267885483
0.00341682042026433 0.0107401567463291 0.21082220831963 0.120145611908992 0.155535440629177 0.190589728376095 0.00690496810721661 0.225585544944002 0.0762595205482937
0.158775975120498 0.0273690410796283 0.177540779927231 0.11625410228662 0.0622655487178217 0.126359372900918 0.0251725537375372 0.18985316431032 0.116409461919426
0.0378694114921616 0.153500000295755 0.0321352222345076 0.0111192469434534 0.147973342329039 0.236738895874009 0.173622359233415 0.0670439037778822 0.139997617819777
0.0322509390707142 0.0489883785987046 0.201395928139892 0.127952102968944 0.147289587853929 0.0847780832554781 0.0991768217778664 0.0376920925212346 0.220476065813237
0.0247685137871098 0.114052452379541 0.0672147099906389 0.142089039111305 0.202636208164971 0.030428802884225 0.0836832796986979 0.172922403740453 0.162204590243059
0.144313114771984 0.0196600244257438 0.148160588475545 0.137241451688217 0.19074272116831 0.0686751388646039 0.0772792070929265 0.0899058851914053 0.124021868321265
0.0132625262109154 0.139710406566157 0.0514790353012659 0.155673223642275 0.173238717008945 0.138614217835567 0.0971342271102221 0.0750689975645961 0.155818648760057
0.141936557597523 0.010001032255451 0.170690516684142 0.130837072331287 0.184853465971898 0.014092620138665 0.139434072013565 0.151869533078021 0.0562851299294474
0.164859153558138 0.15995809377894 0.139912139815356 0.0180307736472574 0.101031454259308 0.121145908386266 0.166638215148932 0.024842469345465 0.103581792060337
0.0233170587968676 0.21060793838772 0.00956389909788246 0.134503396973134 0.145369394668779 0.0222807424201389 0.250535151009046 0.0310840155819034 0.172738403064529
0.127320127210022 0.122351989900284 0.010614704566445 0.0699488820083356 0.148470097140895 0.158413952088993 0.147035392707641 0.0941726548379196 0.121672199539465
0.147915332820566 0.132202776651923 0.141815832934131 0.109395594338745 0.16719211953449 0.14921899200927 0.0404131503530288 0.0815919901730542 0.0302542111847929
0.114810667035112 0.190356352772208 0.146101635461411 0.125207757280743 0.040970682423488 0.0854081501607029 0.0072724655926685 0.0908621698143574 0.19901011945931
0.200638991405538 0.21673240059009 0.081465592905492 0.0961168318970881 0.22206844072485 0.0700914896068944 0.0754379161895982 0.0350626643496131 0.00238567233083618
0.109207376199101 0.0920713384424799 0.164334789661974 0.00646466322352676 0.171134713509445 0.00685208011572811 0.13491934436173 0.139834575959756 0.175181118526258
0.0121781995216307 0.172795602845985 0.0860172228552236 0.0393986050667557 0.126692906932917 0.201534383034463 0.087102975138489 0.073639904974316 0.20064019963022
0.234088123846744 0.0887359240735965 0.000166758892151966 0.0983280465450286 0.145344640976699 0.327359065037256 0.0680440047177146 0.0309480694500446 0.00698536646076602
0.038079412166759 0.186278043156571 0.103847718513549 0.176554226753333 0.151085608531625 0.0523296006322704 0.000469467886462394 0.15219593514844 0.13915998721099
0.118809288956675 0.128326570381199 0.158467507037555 0.0403302459866203 0.0207562912064236 0.150515190652457 0.111261624835935 0.13341068393599 0.138122597007145
0.182270190906665 0.0982226080423139 0.124097855740995 0.167787051408884 0.0458873396695333 0.0907190823095029 0.0638678148109946 0.0611961180553985 0.165951939055712
0.0489541866491443 0.0542307960226661 0.09134260716615 0.122486255538115 0.187480612768196 0.101572617433373 0.183404307457273 0.132059542894497 0.0784690740705856
0.136863853360915 0.128339747904026 0.0686770335930806 0.133285682142853 0.0848685338638799 0.191058139077803 0.0171371998638094 0.0519071965454595 0.187862613648173
0.0936326230574132 0.0656530800930322 0.174912039969954 0.0910417782592468 0.0165321020851511 0.120350607835528 0.137366418623512 0.186694757879436 0.113816592196727
0.110560081182222 0.0656073243403916 0.184964204962972 0.0966709061618862 0.146294983790038 0.102422221407387 0.100058129845082 0.0609047354364846 0.132517412873537
0.198400524555145 0.07560173604258 0.0312538517697273 0.262740579095821 0.00519132065732223 0.201977242402082 0.029139509970863 0.125167985080689 0.0705272504257703
0.0881903448315446 0.0215046516628816 0.112158831981446 0.141935226877037 0.0553500809217431 0.246230581480749 0.199942820649727 0.129780658582625 0.00490680301224647
0.221788935770738 0.0479480401291033 0.0188249290105784 0.203262896490077 0.146274488803045 0.0741912171505306 0.00916974712377062 0.109718901181236 0.16882084434092
