0.534068636956445 0.16187695624797 0.180500696808153 0.123553709987432
0.284849247825717 0.1288510059618 0.274534632232014 0.311765113980469
0.315671077158844 0.0153498788449832 0.258238903095609 0.410740140900564
0.309481496634354 0.276154393539317 0.0563685016905513 0.357995608135777
0.291318534451637 0.0725560003634396 0.405420906980679 0.230704558204244
0.250754508555427 0.310191705772751 0.429040303386649 0.0100134822851729
0.142653780584427 0.21396524453392 0.428060777820237 0.215320197061416
0.334299411978471 0.30679409470192 0.153100682064405 0.205805811255203
0.22804495174799 0.00144166160333809 0.290864018150933 0.479649368497739
0.331326675472351 0.157012874166702 0.208173081479225 0.303487368881722
0.260279111711668 0.2857368139494 0.168340226409423 0.285643847929509
0.237439427234702 0.109316784820942 0.307013941162848 0.346229846781509
0.0302625752484082 0.49944360319487 0.0237119539962536 0.446581867560468
0.464281017540507 0.0770909478727199 0.437805624801937 0.0208224097848365
0.238398202106171 0.177321321447823 0.0697507037068854 0.51452977273912
0.111929864691454 0.0883610874029035 0.458197583475188 0.341511464430454
0.23892534239975 0.216622746842171 0.0867888012211601 0.457663109536919
0.274165630292686 0.26808314272817 0.326699459788628 0.131051767190516
0.275821316094147 0.181895375365412 0.210362078858385 0.331921229682055
0.231601538016465 0.364532166239728 0.139373487528263 0.264492808215544
0.0859563763827572 0.272470336967254 0.403301891277978 0.23827139537201
0.344692164173708 0.403349925811799 0.127423775746781 0.124534134267712
0.18286228714047 0.297697534271885 0.297012983019772 0.222427195567873
0.322828951016612 0.0179625898211489 0.219161736074955 0.440046723087284
0.453587177262672 0.398012290754162 0.045679733619165 0.102720798364001
0.0958466085984338 0.195445167805121 0.654805050147553 0.0539031734488926
0.431502081673944 0.0949209443027389 0.455759973797271 0.0178170002260459
0.424883983721809 0.14258486232393 0.12528433656293 0.307246817391331
0.461168578393597 0.0363601787792795 0.0752544511657494 0.427216791661374
0.248622471724828 0.200074996616146 0.285988486803418 0.265314044855609
0.405432157437964 0.185783541206543 0.118963707597654 0.289820593757839
0.262374815417944 0.180882032544998 0.350870258962063 0.205872893074995
0.239361035082836 0.308891591842747 0.229311798999692 0.222435574074725
0.157927610199546 0.283830120422638 0.23340992909378 0.324832340284035
0.249011920330894 0.0262429421721909 0.326468190127573 0.398276947369341
0.268537070012514 0.293948318134707 0.295329028595552 0.142185583257227
0.358375503947798 0.00908984703043228 0.240396078395945 0.392138570625825
0.116276815970036 0.307177235864056 0.368792149533555 0.207753798632353
0.343261295611269 0.313435418018863 0.24520109291409 0.0981021934557775
0.0654376009867619 0.334331709104627 0.345740926014199 0.254489763894412
0.326848702177395 0.181600097978507 0.348489429759503 0.143061770084595
0.29321164575513 0.0914099006149692 0.40922455290676 0.206153900723141
0.269418607854352 0.581907955553403 0.137646299801324 0.0110271367909219
0.379289782806983 0.345537935023468 0.178775356579775 0.0963969255897742
0.189326121437317 0.41280021451023 0.339958442124449 0.057915221928004
0.318341213410936 0.227941958935387 0.184106902656596 0.269609924997081
0.387977049778503 0.00183684031621869 0.0843294811028124 0.525856628802466
0.261815803425453 0.218717616145308 0.187188698710444 0.332277881718795
0.204383832590061 0.271895316720128 0.272037613823073 0.251683236866738
0.173825577319443 0.327657140963674 0.334086793115842 0.164430488601041
0.289876401286396 0.0302905362749409 0.324301194557965 0.355531867880699
0.203070070388882 0.268709498295623 0.290577341227142 0.237643090088353
0.330881959180767 0.135975702673547 0.377122806785649 0.156019531360038
0.695113187148504 0.105166586917516 0.0654909642194097 0.13422926171457
0.372362336308482 0.0413791856795442 0.313834980839433 0.272423497172541
0.407123423068731 0.225640644293156 0.226142136132381 0.141093796505731
0.481307790164571 0.222046044009599 0.261023517199778 0.0356226486260516
0.278106645833931 0.327163689869706 0.205829098801295 0.188900565495068
0.340194554594671 0.207522086255354 0.229808521677901 0.222474837472074
0.446564602337334 0.178675465609367 0.0258605144734377 0.348899417579861
0.320884140571696 0.0689519239956779 0.263427042815038 0.346736892617588
0.431054197615217 0.0204979766390793 0.484476952059315 0.0639708736863885
0.307600133418505 0.119595931086169 0.457149402476362 0.115654533018965
0.510476603633986 0.0569724858742073 0.390192733020441 0.0423581774713663
0.267987453576038 0.0248460435880235 0.200597587731622 0.506568915104316
0.0414538297746152 0.350027188205539 0.354163514629164 0.254355467390682
0.435142114541134 0.260108163941591 0.123522339942114 0.181227381575161
0.115446654456184 0.424214370423173 0.323810496134026 0.136528478986616
0.185499666954564 0.29854495628519 0.249922276594954 0.266033100165291
0.466623700403713 0.255183186350817 0.264384214038201 0.0138088992072686
0.261198431396621 0.245227790283138 0.297154960994975 0.196418817325266
0.204970754953937 0.560921295329421 0.133718122010782 0.100389827705861
0.339034608139981 0.284750450553262 0.0926401775096918 0.283574763797065
0.351017429588015 0.34530929657327 0.0356083747488622 0.268064899089853
0.22404301596289 0.160101040585173 0.378968532982679 0.236887410469259
0.208111895456815 0.365783274003825 0.13878425346745 0.28732057707191
0.0584346233490327 0.608106691734246 0.229324145323962 0.104134539592759
0.292474716301659 0.587631778815785 0.014959660480877 0.104933844401679
0.306601956744351 0.283380991800324 0.302977580577251 0.107039470878074
0.285668883905011 0.315942724078395 0.291139417292155 0.107248974724439
0.236166870514133 0.428623808785492 0.23482667575619 0.100382644944185
0.360672860724906 0.167750807466896 0.208261835409058 0.26331449639914
0.511311743035588 0.0861984658373006 0.0665657545562408 0.335924036570871
0.108707283340293 0.213429544103701 0.498045649835168 0.179817522720838
0.304757230130619 0.184827939030748 0.311499403454649 0.198915427383983
0.215052296598957 0.1738795253537 0.492207309077274 0.118860868970069
0.169847671621637 0.416601416056781 0.354342446203019 0.0592084661185636
0.180886371318684 0.265979505142978 0.45206576718472 0.101068356353618
0.0385975831984237 0.346408387875808 0.0567329714327993 0.558261057492969
0.378334018337288 0.162697190493595 0.0469796850222605 0.411989106146856
0.532179836289443 0.263537614451278 0.16863125367721 0.0356512955820691
0.0821291415532059 0.330183772854262 0.354399857271637 0.233287228320896
0.0949095966356366 0.0637765250199037 0.600082814680814 0.241231063663646
0.393035193541137 0.0722555563025501 0.0851274099691202 0.449581840187193
0.0991414715979505 0.27077484175635 0.503124790077377 0.126958896568322
0.242538157451578 0.056321244044405 0.413294181701777 0.28784641680224
0.575584795819002 0.156159451670669 0.0928069034393713 0.175448849070958
0.0684460247573038 0.309431161154481 0.399370831841372 0.222751982246842
0.198709886979713 0.111393128629965 0.150072054734533 0.539824929655789
0.262697632630018 0.260766939053537 0.220277840825336 0.256257587491108
0.280126654262219 0.0815767671304479 0.232770924914252 0.405525653693081
0.14102246448622 0.401349475290741 0.155606881859476 0.302021178363563
0.185561595252433 0.260321622256341 0.321408531317319 0.232708251173908
0.344080985912908 0.117459703964938 0.173366259549218 0.365093050572936
0.174759929023919 0.374225178759783 0.0835689070773362 0.367445985138962
0.385467756815068 0.0680799045377046 0.101766635789676 0.444685702857551
0.234671997787374 0.046188315689293 0.609441273915733 0.109698412607599
0.0871631872771341 0.291492450388074 0.325751866084024 0.295592496250768
0.44279391208211 0.421315174584908 0.0148496941364338 0.121041219196548
0.374459731750713 0.128564930720572 0.170979104953863 0.325996232574852
0.318334548070277 0.409391633621842 0.177462333927549 0.0948114843803314
0.159176294565678 0.289083018776235 0.0685970153170412 0.483143671341045
0.293447948906928 0.402118806747602 0.294734888076373 0.0096983562690966
0.337867691772872 0.395546622575756 0.150116939118107 0.116468746533265
0.262844647236936 0.18729873479001 0.0647633088784164 0.485093309094638
0.152805521255881 0.213455910652408 0.413875253947716 0.219863314143996
0.353665089850019 0.0541056182772395 0.421429894878018 0.170799396994724
0.340273901158422 0.147101366777766 0.245802726547635 0.266822005516177
0.142544912657206 0.408069245890338 0.311781124752754 0.137604716699702
0.319389144769502 0.228138134189921 0.139136748068513 0.313335972972065
0.311771769785811 0.160761319843889 0.209866633269118 0.317600277101182
0.294273674467257 0.204312111727635 0.388433729891565 0.112980483913542
0.180441989332182 0.375323742985033 0.0572304941215306 0.387003773561255
0.102854266852217 0.383570116056859 0.395989885667908 0.117585731423016
0.184785618968672 0.235360819107114 0.266694839782716 0.313158722141498
0.0260315769814848 0.0795131564607467 0.124558299893519 0.76989696666425
0.0137373435762913 0.16035340815621 0.0240544806134195 0.801854767654079
0.287919841352002 0.122858820577375 0.487485350825322 0.101735987245301
0.349097714685276 0.207820980013323 0.0787902930156119 0.364291012285789
0.231864865610493 0.171381300058824 0.338142033149075 0.258611801181609
0.283682008229426 0.363198738574503 0.0972312364606647 0.255888016735407
0.0507190424776129 0.380989401456438 0.564599900601626 0.00369165546432256
0.232936243284656 0.360126870365786 0.173916363744924 0.233020522604634
0.321814401446106 0.312097766266356 0.0697152579101183 0.296372574377419
0.318633314065183 0.0962643616091697 0.254428701103474 0.330673623222173
0.159172136020282 0.315569642842174 0.456312160004829 0.0689460611327155
0.0272396692699032 0.241599845130037 0.376283082715564 0.354877402884495
0.370055788152403 0.409895034966963 0.160288462812736 0.0597607140678979
0.171765104030059 0.187232266512591 0.365536825084009 0.275465804373342
0.331164018874219 0.416754824144351 0.210549378101835 0.041531778879596
0.217869733806351 0.21132810690485 0.218290312787037 0.352511846501761
0.186727999601909 0.054477902103878 0.304262301264222 0.454531797029991
0.538642074194387 0.178752691421001 0.123934727412613 0.158670506971998
0.327096187491846 0.246360573959243 0.277720266834366 0.148822971714545
0.449405733183792 0.0108642370901841 0.434322432199715 0.105407597526309
0.312458645952784 0.0913668091020666 0.250854127975737 0.345320416969412
0.309107450997189 0.219072416057474 0.272476159557251 0.199343973388086
0.092479291069706 0.338665846229638 0.0229526819998392 0.545902180700817
0.0710732037499945 0.232462603113888 0.4390454893119 0.257418703824217
0.523436209427255 0.33060993287721 0.0261711500133011 0.119782707682234
0.0831603724963949 0.414786923608836 0.144768767442116 0.357283936452652
0.0906696732494294 0.281069627751066 0.0287574592590662 0.599503239740439
0.515928321964342 0.0415182472985284 0.234375081630131 0.208178349106999
0.246975108119678 0.345794516747536 0.332673650032897 0.0745567250998894
0.294955069939188 0.405624538204395 0.251840980081786 0.0475794117746307
0.418479728507008 0.201119852362488 0.332687184490097 0.0477132346404082
0.223267248798994 0.00710104662772838 0.297323015633388 0.472308688939889
0.31964171258199 0.276058569048002 0.0892854714987951 0.315014246871213
0.147859684509881 0.312531601461233 0.123588755979574 0.416019958049312
0.10187498029651 0.207180150542259 0.0956676502155675 0.595277218945664
0.0955074147277102 0.150895202435573 0.335654508720622 0.417942874116095
0.324364139326518 0.324816035607394 0.341213742926478 0.00960608213961008
0.357620166976088 0.0795796717711863 0.293164241830346 0.26963591942238
0.0895167192025901 0.43212364431312 0.354514985413725 0.123844651070565
0.0893676927305317 0.314404766918262 0.314307510272749 0.281920030078458
0.358548351322534 0.347438625836891 0.0277787626353337 0.266234260205241
0.482457021160285 0.0541201217953646 0.235222440202127 0.228200416842224
0.261097553680357 0.0965478740739645 0.378216363059652 0.264138209186026
0.271276174151782 0.354755212713973 0.182964458261772 0.191004154872472
0.596127311262275 0.0277972858328673 0.230976337801075 0.145099065103782
0.161767545077875 0.352123839131504 0.192547490383381 0.29356112540724
0.2330786155197 0.429055402146712 0.286300353528253 0.0515656288053355
0.308943906253991 0.0928736114547958 0.309190787875933 0.288991694415281
0.163127307324766 0.398952779004504 0.0475796697434546 0.390340243927276
0.118589565144305 0.274699750112183 0.378633401655346 0.228077283088166
0.197842126063463 0.389997683608845 0.0714175501623149 0.340742640165377
0.0245947513325201 0.329957475886564 0.627855228630298 0.0175925441506177
0.0320187366197918 0.760413424415578 0.0365536898600511 0.171014149104579
0.219924906026271 0.343839472692282 0.16371020381183 0.272525417469617
0.411356140328003 0.358804365992416 0.0330876536356043 0.196751840043977
0.300100099823695 0.186567824740122 0.36627629593794 0.147055779498242
0.22926217735793 0.354684585435887 0.0721281923438969 0.343925044862286
0.371815215327993 0.0227811833409198 0.227987903370264 0.377415697960823
0.0296618954489508 0.176331221211827 0.336978057728551 0.457028825610671
0.177669825851338 0.312217737802335 0.176973769594606 0.333138666751721
0.100853488671803 0.26937778632275 0.215284656806594 0.414484068198854
0.111646479391448 0.27653222556661 0.339569209352574 0.272252085689367
0.164944699896026 0.28597702997565 0.532810954631207 0.016267315497117
0.222012149227157 0.121933084222305 0.181884853641934 0.474169912908605
0.327452759155192 0.163163609725609 0.326462634614306 0.182920996504893
0.127649135039884 0.335646951685926 0.28490550073513 0.25179841253906
0.418172073054471 0.195469594678579 0.052520090337117 0.333838241929833
0.297619072997248 0.337519372201239 0.139523814059816 0.225337740741697
0.179905554387445 0.264319719194081 0.0357187067287229 0.520056019689751
0.00959853331836071 0.318739685511622 0.387077161874015 0.284584619296002
0.283947763214919 0.215448887745415 0.298290632201483 0.202312716838183
0.449128073669452 0.189784559645153 0.00203606342502278 0.359051303260372
0.0714897454305482 0.444521099859756 0.0652251086884346 0.418764046021261
0.306698224587689 0.237467789375791 0.21104021721591 0.244793768820611
0.316650332385015 0.326642114347306 0.18944904514258 0.1672585081251
0.0957697334352078 0.193216654977494 0.426205120776086 0.284808490811212
0.0160583920452679 0.361801173248422 0.242893760837089 0.379246673869221
0.142043989474629 0.274174137896229 0.27333605841694 0.310445814212202
0.347076798148103 0.269135822676519 0.0292252960748278 0.35456208310055
0.228105221720003 0.244573025820177 0.197040264079706 0.330281488380114
0.279501394073362 0.252173942919547 0.231842489916416 0.236482173090675
0.442790823418454 0.338096646294103 0.113611889048507 0.105500641238937
0.343917090560638 0.216691657168469 0.312542486084932 0.12684876618596
0.17997065595063 0.437112319588577 0.0914331600343276 0.291483864426465
0.24325180826153 0.531591393563797 0.156319762381914 0.0688370357927587
0.213453004438007 0.19511683044762 0.365036404340987 0.226393760773387
0.157208849031632 0.377792724789526 0.379332152582262 0.08566627359658
0.262785610078668 0.20712924069152 0.0925051984449382 0.437579950784874
0.14810360421102 0.116866391346664 0.340456668221012 0.394573336221304
0.435460163129015 0.334769707369269 0.0819411361900901 0.147828993311626
0.471902715944001 0.161615855772503 0.199200741275927 0.167280687007569
0.0459960684093822 0.223397643533799 0.104719098432632 0.625887189624187
0.152853352493666 0.3635100931008 0.364411960288359 0.119224594117175
0.169493104248601 0.395929654564198 0.361282590860497 0.0732946503267042
0.806798286236155 0.0770120216792607 0.0905975368915658 0.0255921551930187
0.365230650108227 0.244600674851158 0.274821026584757 0.115347648455858
0.310681633423979 0.396262816099831 0.0713362775576972 0.221719272918493
0.133954421100112 0.0170303103824833 0.540704565502859 0.308310703014545
0.442115876470874 0.0696314448018178 0.0701573610694405 0.418095317657867
0.115104982181185 0.515466506174826 0.105028305812167 0.264400205831822
0.267076233335071 0.350415247471489 0.237991364526475 0.144517154666965
0.286477512228078 0.0935087202835937 0.510939435797749 0.10907433169058
0.153476568632981 0.286550712178724 0.228832571410392 0.331140147777903
0.122467152871108 0.0986028438683524 0.51077970398064 0.2681502992799
0.0871659195718205 0.198860738190062 0.282361338834781 0.431612003403337
0.439264437525264 0.307155622711584 0.0231870908620802 0.230392848901071
0.151852713582516 0.292552806438325 0.213443055200969 0.342151424778191
0.102751483906258 0.294232154425301 0.179521225178974 0.423495136489466
0.176238069325327 0.196593369647879 0.185399071557622 0.441769489469172
0.419733484294113 0.102400713181207 0.149686096182871 0.328179706341809
0.211796897184074 0.400666452055226 0.0435441717224735 0.343992479038227
0.309810276722795 0.0940276532832133 0.372644378212346 0.223517691781646
0.148566796939072 0.38484635887231 0.177144249175577 0.289442595013042
0.248694067866056 0.322283187596769 0.152645559394005 0.276377185143171
0.514380886629414 0.325540501167385 0.0628277124437897 0.0972508997594116
0.552307048621168 0.129961114118417 0.0524252896044929 0.265306547655923
0.335573221792135 0.271722770467544 0.224985553157551 0.167718454582771
0.118652093407294 0.21788344497781 0.30868313361888 0.354781327996016
0.245461956918857 0.164941632361012 0.397051089569226 0.192545321150906
0.171429519185232 0.146139214257301 0.256975297595125 0.425455968962342
0.200666737177842 0.0837750064520555 0.628601419556881 0.0869568368132213
0.308566049874127 0.249199403877732 0.435483766819623 0.00675077942851886
0.327595939151527 0.174499618931716 0.162023099319961 0.335881342596796
0.0864979981879099 0.424044695253459 0.341638486066058 0.147818820492573
0.395373700062421 0.123524136694213 0.118072432090897 0.363029731152468
0.30091816053041 0.319177720598957 0.34201916243494 0.0378849564356934
0.33159471204391 0.183209304371385 0.163239597517656 0.32195638606705
0.328506471283312 0.330636163692491 0.308431313989798 0.0324260510343981
0.148762161524272 0.367646150457151 0.2894851798886 0.194106508129976
0.488422369028397 0.0500722415924432 0.305450619891512 0.156054769487647
0.0477405790320242 0.0638418417603019 0.372625150607993 0.515792428599681
0.105917228533741 0.228394115454471 0.389350794150432 0.276337861861356
0.0217698708637027 0.00647071656661555 0.435576307368747 0.536183105200935
0.207695728482566 0.11992570718965 0.363661436303138 0.308717128024645
0.104886887508201 0.415367127392001 0.354153969508118 0.125592015591679
0.0885689201857423 0.0540466959964783 0.0970690062003341 0.760315377617445
0.163760547425459 0.176775053894205 0.290408799332894 0.369055599347442
0.286258052020199 0.315446422547082 0.107902700124864 0.290392825307855
0.39611360000873 0.405704097721646 0.0240374660071892 0.174144836262435
0.276040744070114 0.0490727038504341 0.343778919719698 0.331107632359754
0.507703794396057 0.108383460378347 0.369259152380592 0.0146535928450034
0.108069769581258 0.210522954428391 0.0143787085914501 0.667028567398901
0.380522151092232 0.0179136810155491 0.144843518710325 0.456720649181894
0.0486089262261715 0.401112710458265 0.288067910613351 0.262210452702213
0.00295237486516947 0.283985792044289 0.3121828615926 0.400878971497941
0.0482844245588024 0.363179400285342 0.298211740524376 0.290324434631479
0.592183662328524 0.0208344675430484 0.15242207316832 0.234559796960108
0.390142501261925 0.0841779172991864 0.320605241437627 0.205074340001262
0.474551922990742 0.37008691985854 0.133481267503363 0.0218798896473554
0.254446700379207 0.294840248325151 0.426714476585268 0.0239985747103746
0.609825806245289 0.269006282186843 0.0637601617091134 0.0574077498587538
0.155716912188192 0.0838265217335318 0.318528234947424 0.441928331130853
0.276169188994078 0.113652533422092 0.292805897976043 0.317372379607786
0.0583311052768536 0.580911670755059 0.0257893611235204 0.334967862844567
0.0951539251093147 0.383320885083931 0.279704922128434 0.24182026767832
0.114010007981572 0.426389883401397 0.246919925878035 0.212680182738996
0.222583183617067 0.0613278444517158 0.0442533390663727 0.671835632864845
0.266647765898981 0.0734728479202632 0.4658253138376 0.194054072343156
0.0435267135666612 0.36267200104518 0.151651965051497 0.442149320336662
0.282748701102999 0.0578764184465983 0.463930236559039 0.195444643891363
0.0386534956171668 0.47203345954383 0.26608515931971 0.223227885519293
0.35929648102787 0.393194192220247 0.0384754468080286 0.209033879943854
0.330757947937828 0.0329929947783049 0.441931936081152 0.194317121202714
0.317946009278739 0.0882231574406678 0.270547317848435 0.323283515432158
0.384430362676975 0.213445146770156 0.362908053518815 0.0392164370340539
0.0775715353998057 0.152651566171136 0.393363568540776 0.376413329888283
0.200786504292393 0.260481026988547 0.268038108189808 0.270694360529251
0.0870362682274588 0.108174495925853 0.63706902291343 0.167720212933258
0.348196463230662 0.380904909231253 0.216003828851856 0.0548947986862289
0.180921113515849 0.540737215002726 0.0259717880171162 0.252369883464309
0.283636660720683 0.402015679068482 0.173103055475081 0.141244604735754
0.21517022515897 0.270191165386664 0.179072045090077 0.335566564364289
0.422580114706909 0.0755262878801869 0.357636412478959 0.144257184933945
0.359897065817296 0.157201717478272 0.140744380092659 0.342156836611773
0.412964858805765 0.322125537880741 0.220555516362142 0.0443540869513527
0.199318796046355 0.255978346517304 0.274594655756354 0.270108201679988
0.282354798374589 0.347003561844634 0.0197512421531308 0.350890397627647
0.349016290623844 0.274671413659735 0.360677626314088 0.0156346694023329
0.0939914845344992 0.0939610338106193 0.480207717428493 0.331839764226388
0.287606196232077 0.276961661245413 0.40018068228739 0.0352514602351204
0.281221326727272 0.220009289441708 0.399081322269015 0.0996880615620043
0.362028904679172 0.25707273412938 0.158780194331318 0.222118166860131
0.325519087722215 0.113847468962862 0.35622312469321 0.204410318621713
0.216160129639575 0.17581754125611 0.164446525427149 0.443575803677165
0.101912391191331 0.228489662487592 0.443844461718655 0.225753484602422
0.370714510291265 0.204906805537877 0.392102787663555 0.0322758965073031
0.121890178495095 0.127354598027458 0.161499994397341 0.589255229080106
0.102168255382457 0.155704892736261 0.344874189937958 0.397252661943325
0.47089377313553 0.272376132393418 0.0425956552577299 0.214134439213322
0.895457837043089 0.0254735265751451 0.0415630505101067 0.0375055858716593
0.378491494652542 0.259777026196312 0.130862517173294 0.230868961977852
0.481675558571357 0.214185439212024 0.2459341564634 0.058204845753218
0.490801302892821 0.276256737259727 0.167363563534436 0.0655783963130154
0.00226477391822575 0.651298722728835 0.142369482744308 0.204067020608632
0.310491490168528 0.430474767749855 0.253783448342876 0.00525029373874093
0.230848828549348 0.224065995819235 0.4045787157125 0.140506459918916
0.198615462508744 0.342855651645845 0.259721066963068 0.198807818882343
0.22736742839908 0.15911385899411 0.230318697200274 0.383200015406537
0.00638417551992983 0.00123831541232086 0.508511355133867 0.483866153933882
0.242222656901734 0.00190458956900722 0.421127372643698 0.334745380885561
0.410209015182218 0.0668572754665508 0.0730211715030039 0.449912537848228
0.273971640471616 0.26609619500523 0.307154204876372 0.152777959646783
0.297471400993741 0.179740752454456 0.325854190846727 0.196933655705076
0.131184043559091 0.276744161812238 0.541753935938788 0.0503178586898822
0.323676889451747 0.102360116369271 0.24851558820263 0.325447405976352
0.24181702970155 0.424254732090348 0.0495390662180408 0.284389171990061
0.245797674435427 0.00305593169703154 0.449888454124553 0.301257939742988
0.26856535873628 0.187027199760985 0.225883970018068 0.318523471484666
0.446035386424837 0.114704478615961 0.363985487695231 0.0752746472639707
0.269684325153938 0.133545791489292 0.358064846431932 0.238705036924837
0.454310180007581 0.406487130684647 0.0325169939162939 0.106685695391478
0.0880027680363857 0.0523366847748332 0.336317493049048 0.523343054139733
0.287513749838234 0.414906462825291 0.15196081371243 0.145618973624045
0.226470411114593 0.14830789749056 0.495901485986863 0.129320205407984
0.126164117729375 0.377220769706743 0.323274249432314 0.173340863131568
0.0153921964303862 0.343806076661391 0.300331029978304 0.340470696929919
0.236400219904808 0.236187342322949 0.4549127978647 0.0724996399075426
0.165738181150861 0.217949987825485 0.301039056954706 0.315272774068948
0.347309703013566 0.173901667661631 0.125025157034707 0.353763472290095
0.0910839877520142 0.381000399971788 0.346830438794361 0.181085173481838
0.212752991879437 0.202968395386611 0.27769937318256 0.306579239551392
0.268427567172267 0.191924650240001 0.211341553484614 0.328306229103118
0.361375587862743 0.0851476342636182 0.368708461290428 0.184768316583211
0.231421847578317 0.124195143684112 0.327916983711826 0.316466025025745
0.0977765290763445 0.218668708161386 0.0514616047727681 0.632093157989501
0.316001109241786 0.213003631242421 0.220576157847904 0.250419101667889
0.0712260999810249 0.195159431050813 0.462427389182955 0.271187079785208
0.124180104620496 0.0351586903996195 0.650344511003619 0.190316693976266
0.540050218959164 0.00888624425059608 0.265904787644131 0.18515874914611
0.0817977400053913 0.0586123019940504 0.342494969528016 0.517094988472542
0.181534944048957 0.156436706454394 0.481324196806623 0.180704152690025
0.066282677819281 0.506405424030659 0.197892460365965 0.229419437784095
0.263684369699929 0.430588545254883 0.0787651621632242 0.226961922881964
0.302868552146308 0.107660374665137 0.350313277943256 0.239157795245299
0.237544178584193 0.383454500446181 0.20778549619007 0.171215824779556
0.201772540302307 0.0296078656904539 0.60187498310541 0.166744610901829
0.133958698847369 0.520393582737215 0.136721527059456 0.20892619135596
0.189673554365979 0.163437534865013 0.157331093904814 0.489557816864193
0.200093993274783 0.179649848961322 0.190914850220875 0.42934130754302
0.2503827904615 0.0822712304042591 0.358196702564913 0.309149276569328
0.227364625496191 0.22659200398735 0.229666656162109 0.31637671435435
0.272672625969407 0.38500052442687 0.045039465750139 0.297287383853585
0.303555587343555 0.29950716049105 0.217490860678525 0.179446391486869
0.248491913681215 0.13551570297427 0.295710470797986 0.320281912546529
0.591178125124805 0.0863869281018419 0.127324887856136 0.195110058917217
0.32053026050731 0.104286745837452 0.238302776968037 0.336880216687202
0.386311217106056 0.155515104296638 0.201267627313088 0.256906051284219
0.363772384975454 0.479921124268699 0.0843652256766361 0.0719412650792105
0.0890889013657307 0.457000350627003 0.200466372244832 0.253444375762435
0.26206225213507 0.145718871941903 0.415583288966494 0.176635586956533
0.131970823405114 0.313883651533415 0.29080475372815 0.263340771333322
0.311421765555591 0.337599435152891 0.198701620087655 0.152277179203864
0.149277541117528 0.417108651361049 0.0174770841325286 0.416136723388895
0.482144862816906 0.257199061113695 0.127910736867118 0.13274533920228
0.276670597916084 0.373749590487771 0.340158782033578 0.00942102956256777
0.107942265339894 0.0842869701636895 0.118995101143412 0.688775663353004
0.26118268499236 0.300547898479644 0.352090427526455 0.08617898900154
0.306245381160249 0.221792313545704 0.168284547522892 0.303677757771155
0.346149416060264 0.411272028296674 0.110804276192299 0.131774279450763
0.407673649371192 0.0262058238021942 0.236043558618272 0.330076968208342
0.291959950599522 0.267830719400137 0.100290570329531 0.33991875967081
0.256562836564663 0.442882713992697 0.21493427850321 0.08562017093943
0.291288036537725 0.339967408654453 0.353291936021618 0.0154526187862032
0.338793413883627 0.325563170301041 0.0297169383598605 0.305926477455471
0.533888450767471 0.15383670485055 0.121921056204631 0.190353788177349
0.288712959610169 0.346299804843872 0.189236208918887 0.175751026627072
0.298028980321926 0.0674749574430344 0.0483622701154706 0.586133792119569
0.162241902476981 0.359025614041951 0.317286788136534 0.161445695344535
0.198200544496595 0.444918034996339 0.160713280192129 0.196168140314938
0.243851886156194 0.000956430285505674 0.282214704115961 0.472976979442339
0.0347225029489118 0.163641651613817 0.265978410782123 0.535657434655149
0.381766043506714 0.22457237439597 0.11580810635995 0.277853475737366
0.0865192967064481 0.574346697401479 0.0660260888213834 0.27310791707069
0.377229337999107 0.135896638708957 0.0409313343683308 0.445942688923605
0.280780900567659 0.337703511395125 0.19098663044896 0.190528957588255
0.181847622363169 0.315144386963597 0.434178289548826 0.068829701124408
0.30185129137094 0.424902046358752 0.256259173458106 0.0169874888122028
0.185514533335688 0.0893304502645678 0.222852692218197 0.502302324181546
0.0976505363890813 0.100505821501249 0.51790792896929 0.28393571314038
0.112935013489042 0.24824099660244 0.188070779940944 0.450753209967573
0.3070156641991 0.258326211450167 0.128629407838134 0.306028716512599
0.0289469529742828 0.212844388827834 0.371697022429193 0.38651163576869
0.338709409022281 0.403128696297171 0.151363376467661 0.106798518212887
0.285513620453932 0.239121137616417 0.175027675347957 0.300337566581693
0.192481588687519 0.192778576272908 0.351125693419076 0.263614141620497
0.0929298873983419 0.25360927476994 0.329988117933227 0.323472719898491
0.199860655015431 0.269339030036059 0.365458067798373 0.165342247150137
0.135559117028087 0.497172712827278 0.355941427957211 0.0113267421874246
0.27909293557081 0.330805958964506 0.239118525407706 0.150982580056978
0.251759458765961 0.0784591722403098 0.333974256821477 0.335807112172253
0.120437471476166 0.234610809535051 0.361003624375067 0.283948094613716
0.259282614821696 0.274130876102665 0.12979289125579 0.33679361781985
0.353921937217279 0.13207969590943 0.290548191644883 0.223450175228409
0.100994456144425 0.422970234341459 0.145568006371494 0.330467303142621
0.273311244498841 0.215095614720354 0.387195516858868 0.124397623921937
0.282022492453875 0.314036353474387 0.312106549585923 0.0918346044858138
0.201589872225867 0.33148432398085 0.0604560696278868 0.406469734165396
0.390217087153829 0.017802388080927 0.155365018693185 0.436615506072059
0.380351823740061 0.300971601979373 0.0393635445350676 0.279313029745498
0.210762306956902 0.276741216497932 0.257109930340596 0.25538654620457
0.250842150807173 0.40307975228383 0.191339644558109 0.154738452350887
0.362840121514238 0.370215882968572 0.136027468062258 0.130916527454932
0.271796679423079 0.184902392450674 0.451280526501917 0.0920204016243294
0.0413592533930818 0.318878768528344 0.403885660358262 0.235876317720312
0.0905671265759045 0.486356624857641 0.190259150756186 0.232817097810268
0.321569453475432 0.111261658880754 0.234290117302675 0.332878770341139
0.710329630005632 0.0351154262792227 0.191138085302561 0.0634168584125844
0.0506532663413165 0.242301172745102 0.382398900708481 0.324646660205101
0.178384097308065 0.505162993424115 0.0197273800688041 0.296725529199016
0.404714386180417 0.121503578894986 0.324331021334506 0.149451013590091
0.040873102319707 0.442021975217167 0.184776647365974 0.332328275097152
0.186591683112074 0.36848293705743 0.387936606697476 0.0569887731330202
0.119575316143919 0.206838186893309 0.603238000677012 0.0703484962857607
0.280195530774894 0.428678748995812 0.0808794372073961 0.210246283021898
0.160917832916752 0.385406356164558 0.372877103916068 0.0807987070026224
0.0346243813992748 0.53132958672946 0.208535449134485 0.22551058273678
0.334980014271702 0.393026625299261 0.0456187550590175 0.226374605370019
0.317797201865285 0.0379619476625982 0.300499087570867 0.34374176290125
0.00599305963556774 0.187527869364658 0.0533938760873338 0.75308519491244
0.110525852414601 0.187604182389418 0.326934272485129 0.374935692710851
0.284104584328895 0.204409524358236 0.284805984887144 0.226679906425725
0.360650630862172 0.12865497435944 0.271942286220416 0.238752108557973
0.00440906665976957 0.49373758913866 0.266116717780785 0.235736626420785
0.301697507709814 0.270498231181998 0.0479164129667823 0.379887848141406
0.249711983686412 0.216633267687312 0.26574963235126 0.267905116275016
0.227170296461172 0.0357594796496857 0.430483956215981 0.306586267673161
0.155350389237209 0.207307282046974 0.327922148665422 0.309420180050395
0.232138886308527 0.206561442288608 0.0221891568908989 0.539110514511967
0.291023232344405 0.242960260657643 0.0528045462975019 0.41321196070045
0.127257037131345 0.327925986826413 0.242562735798992 0.30225424024325
0.251379368795612 0.237320525812537 0.13252256213727 0.37877754325458
0.24069700336407 0.189797487606549 0.2076924600668 0.361813048962581
0.308738270542067 0.264990435477505 0.295215591631277 0.131055702349152
0.236733080182222 0.338130855599546 0.377088118459092 0.0480479457591396
0.226327531243131 0.122179061331575 0.431003603174956 0.220489804250338
0.117830077295458 0.530858994291697 0.292996427607784 0.0583145008050603
0.301053145376863 0.168978089972292 0.236719858228777 0.293248906422068
0.151564894975376 0.102718080305059 0.509427532454909 0.236289492264656
0.0217061216460348 0.376444785402342 0.098471127283083 0.50337796566854
0.16640791958426 0.374015273021158 0.437103245518765 0.0224735618758169
0.102137029675886 0.435553109745258 0.429856216377021 0.0324536442018352
0.250894688386379 0.309442557237918 0.208309521630994 0.23135323274471
0.0758000293529308 0.302072407944494 0.524028827441474 0.0980987352611007
0.0711733838730638 0.243911322029176 0.330609347283308 0.354305946814453
0.11192432089434 0.311793452673807 0.358623530835739 0.217658695596114
0.429156441225111 0.337563049715925 0.0646178253761335 0.16866268368283
0.156427385183182 0.361346967608576 0.329307975803835 0.152917671404407
0.442922953297567 0.198110545370571 0.278335446515084 0.0806310548167778
0.399140340229828 0.0927886847461546 0.285405935541268 0.222665039482749
0.405233423614653 0.382614857135331 0.147519662359842 0.0646320568901741
0.425143519048286 0.432244748705334 0.0195387272516426 0.123073004994737
0.0612004196794466 0.45029655278588 0.262128803477252 0.226374224057421
0.1666752735044 0.175517142176615 0.416035299223676 0.241772285095309
0.212197557106479 0.0474751589452767 0.395212580198808 0.345114703749436
0.174345076239034 0.237312327588417 0.321694102865829 0.266648493306719
0.643065377755491 0.143933982582878 0.102038543194757 0.110962096466874
0.341523443122602 0.150596376983295 0.209542255101108 0.298337924792995
0.420899124817886 0.218238678158997 0.139637501683958 0.221224695339159
0.102017450895345 0.347052132849029 0.212748046628217 0.338182369627409
0.269942009043358 0.278673958998758 0.293696135189013 0.157687896768871
0.413579603743272 0.31383837844291 0.00741899625358141 0.265163021560236
0.43389605552481 0.443827710391769 0.0582252404949629 0.0640509935884576
0.431989633801331 0.27417775328656 0.104444393827453 0.189388219084656
0.370091057536818 0.389549271857634 0.23181469231237 0.00854497829317813
0.15512631125297 0.308791345447741 0.179558648777596 0.356523694521692
0.394627786323951 0.164914100308495 0.155845304816914 0.284612808550641
0.164121832045719 0.413544062307715 0.35238359764095 0.0699505080056159
0.295750799499641 0.299605626039395 0.236867902898681 0.167775671562283
0.124558034863222 0.304609248024139 0.127724146934815 0.443108570177824
0.0644559287458308 0.182738097736711 0.377016186369146 0.375789787148313
0.161370156805563 0.00194025475925027 0.372269218998198 0.464420369436989
0.325507766581622 0.319226027446415 0.23041942586053 0.124846780111433
0.115267743782397 0.298482121705339 0.425029580329636 0.161220554182628
0.189539062778845 0.290731206151426 0.085849114910781 0.433880616158948
0.321490240240503 0.138729729570344 0.236634614808211 0.303145415380941
