0.140716680067863 0.268841402107701 0.236988544270536 0.0237982557795041 0.0659763612860897 0.263678756488306
0.275321015132883 0.092461734887858 0.0642165550534422 0.258888869159846 0.0118110097311617 0.297300816034809
0.125314381353789 0.23959664718888 0.0426622613756353 0.212163015845127 0.144731876297824 0.235531817938745
0.0298724760054019 0.041961317219885 0.282005341550038 0.316070122589035 0.285683408088786 0.0444073345468543
0.366711974430737 0.124495911200564 0.172438488558129 0.0365830343478401 0.0604449597168427 0.239325631745886
0.182044576809335 0.153349797607889 0.0940114906058716 0.0613481522834996 0.236951573596249 0.272294409097157
0.0158980079299162 0.383479286924532 0.152069913160396 0.301895265704109 0.132501893372671 0.0141556329083757
0.279935291747338 0.0937393695028588 0.076517193197029 0.390630742749044 0.0611129775097318 0.098064425293998
0.0134988869602084 0.282095861456637 0.244430974601003 0.0342928795998333 0.22490172664618 0.200779670736138
0.127747041651397 0.221130855832934 0.213612775775095 0.136624633990361 0.0505507576472562 0.250333935102958
0.0835226628317419 0.389051777094621 0.292100423604328 0.139032738962737 0.0880888286970359 0.00820356880953624
0.298344849835759 0.100964243603835 0.0915513368223419 0.254927517256883 0.128658046143835 0.125554006337346
0.0935918390439227 0.159535250095009 0.286322172475924 0.11926437605879 0.0499801789888503 0.291306183337504
0.177463683177045 0.0597381290142855 0.0195555524814151 0.258054313332634 0.256874499744699 0.228313822249922
0.167194867535128 0.00214811200753415 0.438642020164718 0.144461123311289 0.197820228106794 0.0497336488745359
0.305585070727248 0.146102427418599 0.036843153482391 0.4063780765731 0.0878088668464255 0.0172824049522366
0.0494880126436797 0.164991473294371 0.147432434210949 0.200985897802609 0.212652318675097 0.224449863373294
0.241544140726986 0.0151078146145866 0.167502049549493 0.189322895527559 0.225682273332322 0.160840826249053
0.106408176050745 0.191859593111347 0.154443140295215 0.191231459130217 0.0901196910541224 0.265937940358353
0.0817701209232434 0.159527081343996 0.226860573201416 0.13146205403197 0.236636068853138 0.163744101646236
0.104459282874672 0.188938007055664 0.205956533100321 0.229945621915827 0.17058116715267 0.100119387900847
0.160101737731921 0.257344796619103 0.0877991208778706 0.141177639973743 0.21476881122374 0.138807893573622
0.240966000443241 0.0368952370472764 0.0930489315021314 0.236139544981412 0.185770913511311 0.207179372514629
0.243766266316401 0.0369186576333498 0.309915552540829 0.189985122813691 0.143499871076633 0.0759145296190959
0.0247616518979643 0.222367373951594 0.169798637924837 0.259922850369249 0.205222708303726 0.11792677755263
0.231173529142532 0.0432650116472825 0.0944452105699218 0.233941542710768 0.185774212582047 0.211400493347449
0.142959121209907 0.106503977064863 0.00828719905717928 0.0742402649016726 0.402295577491407 0.265713860274971
0.131821687783206 0.124379698957828 0.208616025124416 0.102716055101878 0.21543915012703 0.217027382905642
0.0666697331076483 0.306020443777872 0.154788977090292 0.128362073693033 0.0753330274297263 0.268825744901428
0.314090290851787 0.0876187612875068 0.160144374715207 0.137920190370057 0.158429906518792 0.141796476256651
0.136240376421178 0.123222662432482 0.203001153748226 0.198986684683496 0.12805921495726 0.210489907757358
0.257452762564461 0.216134138443016 0.152532048182402 0.135541522120137 0.0556991056909455 0.182640422999038
0.0443967276377331 0.241657015404019 0.201270426581975 0.209839906114588 0.235261214198449 0.0675747100632356
0.00553968005667322 0.13629265549472 0.0626876255073116 0.233078798315422 0.280814022078453 0.28158721854742
0.241178042947886 0.150399845709767 0.19348444379131 0.12256998213572 0.11225694874471 0.180110736670607
0.327915966507008 0.0494534134421911 0.0201357601105919 0.114990187226794 0.343299212352728 0.144205460360686
0.187941641458366 0.225879326824797 0.208230538541325 0.00318899883619746 0.187650722420803 0.187108771918511
0.205462598627937 0.201178502175536 0.140364920694634 0.241544815118602 0.0269731133064091 0.184476050076881
0.265410516022596 0.255801963287175 0.170863925303295 0.036621064222953 0.128597601292926 0.142704929871055
0.193560869088921 0.0873477381143669 0.150697552250888 0.199700426530046 0.0724260835481525 0.296267330467626
0.0725272505473919 0.179660521622983 0.207845506274998 0.189688147785886 0.269670733841337 0.0806078399274038
0.0500524476387607 0.119252040859115 0.283315737711417 0.171742588498224 0.203486130596497 0.172151054695987
0.00975383500487765 0.324145017378184 0.207406307025672 0.0689992099831911 0.283150429345694 0.106545201262382
0.233287946113197 0.248788710165477 0.0190548899249231 0.194927021856832 0.238434225302872 0.0655072066367003
0.213962472367484 0.295119719581321 0.0999506870106669 0.201360390170261 0.0083713420317709 0.181235388838496
0.226019466147017 0.141590872902201 0.184287818095341 0.118111016844017 0.178096387312645 0.151894438698778
0.29618711916929 0.14189596385702 0.0422054126893267 0.0458555233022738 0.212129622224943 0.261726358757147
0.245494606555203 0.116981548494193 0.27175597165712 0.0277557168809939 0.0945914520491079 0.243420704363382
0.0935428634587784 0.0645791168082377 0.30559846311514 0.295782372695814 0.153188164605226 0.0873090193168041
0.144625877184183 0.061792365568916 0.0246647145250482 0.158774683846525 0.204888193282698 0.405254165592629
0.224490350267117 0.0553739695244208 0.126397158976247 0.273811151024217 0.00816306991065222 0.311764300297345
0.0219444292478038 0.228402638327444 0.251813255591607 0.075623037877493 0.227908809921946 0.194307829033705
0.197173495796343 0.186247717160789 0.278001254077331 0.0868546230927438 0.0864918420470053 0.165231067825787
0.184082501955569 0.222961178245014 0.215400544237054 0.200694239368264 0.0388670444725553 0.137994491721544
0.191126744686776 0.210144634345865 0.15324837461865 0.0212444592347627 0.18209015796646 0.242145629147486
0.078462744990666 0.298485451358117 0.102165745598744 0.0128850654485859 0.145557070543677 0.362443922060211
0.290273399376403 0.0843263827780777 0.258071999548108 0.161850332157749 0.10693968262161 0.0985382035180512
0.0266961951399208 0.0138304824226368 0.258996572749481 0.215600527654504 0.213761593965439 0.271114628068019
0.259435969405597 0.340448264642606 0.108077799423119 0.0583926002157267 0.224995734139261 0.00864963217369014
0.141532633025185 0.014658519160714 0.112811097720219 0.0819137143741972 0.26483913215578 0.384244903563904
0.197995249356204 0.0423029478650924 0.186943747250376 0.154534564601621 0.257110160627054 0.161113330299654
0.312436555608511 0.0542330073314483 0.166709312564368 0.12235267931408 0.203120462377701 0.141147982803891
0.00939119980741826 0.00363096120026429 0.409172792575466 0.283073769996427 0.0817681722541138 0.21296310416631
0.127474533481191 0.132169329677719 0.151617571345644 0.174642259544055 0.216334662748391 0.197761643203001
0.0867906184401665 0.163386822308475 0.121743397549079 0.146927274276021 0.287415837229429 0.193736050196829
0.21772001734902 0.030264135216921 0.289579850624984 0.137020072918495 0.145793218762309 0.17962270512827
0.11725964359084 0.30481779619062 0.304809260818182 0.119964458529676 0.00901249137739849 0.144136349493283
0.222036715473065 0.214269878346096 0.20762730133352 0.124024094355493 0.211969312784384 0.0200726977074417
0.132582390201504 0.139252747354621 0.180574599034282 0.162941448510122 0.133016900309236 0.251631914590235
0.237136503251368 0.144615477829936 0.26931862146236 0.266887974795795 0.0657504077629305 0.0162910148976112
0.0794178929669485 0.00634372354465098 6.62856800995537e-05 0.390148300827683 0.273682486109675 0.250341310870943
0.217240895538972 0.0123027778821322 0.169108192299703 0.157294960320143 0.159239726996191 0.284813446962859
0.156250560970009 0.162738313238805 0.156141891599685 0.222871481450676 0.0706590369446654 0.23133871579616
0.213676615116429 0.113067541902459 0.166241799253286 0.0927164675675434 0.251074759997576 0.163222816162708
0.114364374014116 0.175133285794973 0.00426535526891728 0.189538322800367 0.197005097793065 0.319693564328562
0.240506248136883 0.205091913557403 0.238991727139963 0.00569389111261383 0.207464881254299 0.102251338798838
0.228901043252717 0.163301785319115 0.182062847633099 0.10792945286763 0.0918576817899086 0.225947189137531
0.0928478845742338 0.265286350250174 0.0386981560758088 0.275014482644196 0.209944033145248 0.118209093310338
0.18844542332462 0.207044410536121 0.179618771641926 0.0898734497612443 0.19354338376539 0.141474560970699
0.114281428509825 0.273762637318513 0.248450971483195 0.0193584121312897 0.109824352870662 0.234322197686515
0.332035080431475 0.0163950534387614 0.260718674636571 0.0930727962458498 0.189334473482097 0.108443921765247
0.0361300213922163 0.378543428107952 0.296264742944084 0.103611109136468 0.0596500358173843 0.125800662601896
0.141931372686756 0.210509879845826 0.158559920352187 0.18370719021312 0.191006830337918 0.114284806564192
0.362829063673869 0.065569166413206 0.298313053320452 0.0603814259373824 0.188602547225253 0.0243047434298366
0.0127255343267242 0.223455262461777 0.174864603400084 0.20168198962971 0.178219361276101 0.209053248905604
0.232434114417279 0.148168282575182 0.119788950165716 0.244667713628256 0.17261799510831 0.0823229441052568
0.283715120891994 0.0693040010415845 0.192713159274749 0.150900414391013 0.166399533501869 0.13696777089879
0.0693605602854681 0.210455793666314 0.197435704708106 0.00072579674501102 0.325501939990065 0.196520204605036
0.0576188533188952 0.187619562433439 0.22365965134787 0.28645328674218 0.158346230647241 0.0863024155103752
0.294446871389192 0.124146164462421 0.0743385064121319 0.15922357938628 0.242142578623465 0.105702299726511
0.118321419409852 0.180953882470102 0.0988404357682901 0.356178453513563 0.0456292166391744 0.200076592199018
0.236421984685291 0.252834521123102 0.0623136749262577 0.273127385181481 0.0133036684856903 0.161998765598178
0.103124668447466 0.025451029792422 0.238022474707292 0.353599217959836 0.279750961933588 5.16471593962258e-05
0.0181269240578179 0.0598793365071666 0.0382272148537743 0.42547711203329 0.371755882054856 0.0865335304930949
0.25996943554848 0.27575412155444 0.0159103422488968 0.273854498450191 0.139909618415886 0.0346019837821065
0.206231687009959 0.21121933112074 0.13999003017295 0.212474407299502 0.206857110073074 0.0232274343237743
0.150817592308056 0.124758324565734 0.16105428547295 0.0414390402846914 0.249123046509913 0.272807710858654
0.115751824719993 0.0135190023218517 0.187549116747526 0.382267106516362 0.0757384667923364 0.225174482901931
0.214189527590596 0.194041365339044 0.105279663064303 0.0968700512625937 0.156581771453601 0.233037621289861
0.130916015411265 0.0587308957329239 0.185374430156277 0.142764482822288 0.358243094066627 0.123971081810618
0.122550907987052 0.217584771631669 0.0610380579306546 0.294191507068252 0.16948345907256 0.135151296309812
0.287538647825051 0.0448590967094366 0.196933547121971 0.301933025190277 0.127532234926948 0.0412034482263166
0.0471948364576486 0.113913076443395 0.0151624449956869 0.29352181059154 0.136547523882902 0.393660307628828
0.0122797400237653 0.224671323989784 0.0687122468844364 0.287156535608123 0.328958219014459 0.0782219344794328
0.0215620538687912 0.272399488187488 0.176227973066263 0.28710112680466 0.227263377347835 0.0154459807249626
0.222207507796674 0.0647980473253837 0.158075684302839 0.220210673716084 0.126353192063222 0.208354894795797
0.0918178881588164 0.337693682316203 0.308345825006335 0.164490322584681 0.0727355830876439 0.0249166988463211
0.0248630827342215 0.309126582910165 0.0892479474785637 0.0971587768250252 0.253451196251329 0.226152413800695
0.304404892678923 0.267132156851909 0.10704863234119 0.150594051598978 0.0909523013496836 0.0798679651793162
0.283352141052628 0.102886141495861 0.0213996317365541 0.241259732990128 0.129616597067325 0.221485755657504
0.125900015715425 0.16799900691786 0.0514520208513786 0.0985395912088392 0.251970780874165 0.304138584432333
0.175349409673012 0.179438724891122 0.208436742503191 0.0836783783021734 0.195655279057846 0.157441465572656
0.206967799749593 0.233269155786919 0.0238130635123177 0.137528840655642 0.165921262296292 0.232499877999235
0.310402350562878 0.0343539493743666 0.0835784640098829 0.00146193348032173 0.273883297137805 0.296320005434746
0.226122635842598 0.298379917981392 0.00329493094655605 0.0133882854345668 0.252325845374387 0.206488384420501
0.226645934343295 0.213217103083493 0.0925711331731175 0.0234672842281602 0.0353685002226988 0.408730044949235
0.196202689381138 0.339275713852142 0.112971580566507 0.0784240484024463 0.119845719729261 0.153280248068506
0.147856159753611 0.00354755963877826 0.209049315476878 0.132367564816821 0.231481366282594 0.275698034031317
0.0788752023597462 0.166345095675215 0.278133864346132 0.0886407469367213 0.0883361711873812 0.299668919494805
0.137575874697641 0.162661257618248 0.328348394531278 0.0724432281082372 0.168337336933256 0.13063390811134
0.14973084198508 0.183786318852522 0.167036433491926 0.218954171944184 0.0759877702304956 0.204504463495793
0.223115199073697 0.069537770801741 0.134249566697514 0.210589931653602 0.189238246770365 0.173269285003081
0.142102979375932 0.143850822661638 0.15581381397999 0.150078796421182 0.18876521335626 0.219388374204999
0.124251125591629 0.223936490521342 0.230357804485487 0.105317729318164 0.0946940717085587 0.221442778374821
0.164926153268535 0.231428008209892 0.0670395116179791 0.154065517291839 0.220664472977292 0.161876336634463
0.0811805068393 0.239815162774729 0.242664338852384 0.046665921424608 0.322623531215746 0.0670505388932332
0.214392687176228 0.136052734961399 0.139136372795136 0.182877838077748 0.140256884472658 0.187283482516831
0.220375335221808 0.245903433590161 0.0954908833513816 0.146136134225705 0.124543504647147 0.167550708963798
0.213096676944688 0.200780693592223 0.243975734194811 0.0477542919485527 0.0208455561455516 0.273547047174173
0.0732687970103046 0.225867708635754 0.0582031301876023 0.277532848991238 0.102524818484181 0.26260269669092
0.169831649228281 0.143775118006378 0.285446666647911 0.175208726642866 0.20733947320453 0.0183983662700341
0.167713428194236 0.0456452798698274 0.214928790634136 0.0910056046359001 0.243700108626509 0.237006788039391
0.19670069216916 0.127925470369911 0.0504071955273158 0.227140611485195 0.209966929754214 0.187859100694203
0.156411091515507 0.367315226710618 0.0177257067836152 0.0320412114911812 0.0244399691568232 0.402066794342255
0.055121373348602 0.13469271297011 0.206542258178348 0.216741519179146 0.11017995757266 0.276722178751134
0.0185811843396732 0.338358642773986 0.00251078660523451 0.221418290944352 0.185637063426504 0.23349403191025
0.206685426188966 0.219410689565603 0.0340448315802289 0.0882152026862541 0.204756454872163 0.246887395106785
0.165000110156508 0.240337865627468 0.224730908020047 0.164531617369931 0.0793113785685477 0.126088120257499
0.267329274316975 0.0197795854914903 0.204717066040435 0.156262797638345 0.152529185086847 0.199382091425908
0.112255736104172 0.147912525131485 0.266506736319857 0.0632283373459815 0.167695038997338 0.242401626101166
0.278148097356323 0.307849446786692 0.160164738589993 0.116553180306696 0.0968273427720929 0.0404571941882032
0.120274051710746 0.0551297272772478 0.309955517591423 0.238596638825808 0.208115135384025 0.0679289292107498
0.105095339738354 0.147608831335581 0.0220532954546127 0.0432909799086734 0.278630291020478 0.4033212625423
0.173244566546444 0.23717862268374 0.176367242003902 0.0137755846660705 0.121535662594189 0.277898321505654
0.221066467122862 0.232337657812993 0.149540374930947 0.214455904662903 0.0374261112445951 0.1451734842257
0.173899364945884 0.108658351263059 0.153172983444243 0.206552431934184 0.136851380226303 0.220865488186328
0.0220746547955372 0.319543658168973 0.258354398227251 0.0990668648879089 0.11467469595764 0.18628572796269
0.156950645176506 0.204473756486662 0.104685819535924 0.1638470140974 0.30630773502154 0.0637350296819672
0.102670220591059 0.172546356692309 0.246676991717503 0.177519711327022 0.260809826589142 0.0397768930829662
0.0391548424193112 0.240745369366354 0.176660971278657 0.386348580944941 0.0799332680321983 0.0771569679585388
0.102653529442055 0.0716000086660692 0.251507502577071 0.128113605197457 0.266831582415342 0.179293771702006
0.164702706950373 0.0468836653103406 0.212611372676485 0.193793116036082 0.190185300083929 0.191823838942791
0.0397882221341637 0.187458770691194 0.351964793887617 0.181011820226937 0.0824505995002536 0.157325793559835
0.21315948548283 0.072379277837038 0.163779641042402 0.130257144264724 0.323173196826404 0.0972512545466024
0.228913995572739 0.146190541758756 0.108738211896576 0.162222803167429 0.303053783760979 0.050880663843521
0.112872052001467 0.225877027233115 0.407111986430587 0.0257154096461352 0.221891191035188 0.00653233365350747
0.109544067994401 0.215070301165491 0.136262076921255 0.135678832159465 0.233505642666575 0.169939079092813
0.0983560401046699 0.136812104729928 0.262699528595256 0.240154531416179 0.160475865375354 0.101501929778612
0.144987684176915 0.342816462311851 0.0490324210328679 0.14271316500314 0.0618404547581114 0.258609812717115
0.195853769441207 0.247860884380982 0.143541334429274 0.192724806671283 0.00414728484103903 0.215871920236215
0.184705739530938 0.192966638460913 0.0512028179792082 0.190273519480887 0.140783028222291 0.240068256325764
0.179270029361247 0.177261868331296 0.133405569756661 0.20367270074733 0.193513568121171 0.112876263682294
0.126276829625796 0.22299833909682 0.12308932746627 0.152378803046365 0.159024205056286 0.216232495708463
0.216038237921711 0.0252112572909247 0.253871754288804 0.163396922813074 0.036246244168017 0.30523558351747
0.0774916949058568 0.165205135164054 0.223786273085453 0.0777573076350548 0.201671461853677 0.254088127355904
0.294292728155485 0.0973319220614671 0.137663677438397 0.261903209251473 0.00354308980511074 0.205265373288068
0.118899919971817 0.145779880361038 0.23719132172009 0.153101929771338 0.112226263204332 0.232800684971384
0.0840964396431081 0.197671585909597 0.131204166540105 0.119743647591581 0.304725733154643 0.162558427160966
0.284940053652108 0.172332487691579 0.220436830568037 0.125135601340871 0.050876936761628 0.146278089985777
0.279814322242336 0.0891196625489382 0.284997330276185 0.097284915380354 0.1189102633555 0.129873506196687
0.267377871089547 0.0125373966737785 0.0137656472566137 0.155019897216443 0.27857824898916 0.272720938774458
0.127105534771342 0.218251162745886 0.197716297394904 0.183250998668249 0.111665690002399 0.162010316417219
0.125366312992159 0.155394116089415 0.110949901332532 0.231312078287552 0.238187755339879 0.138789835958464
0.0890247246795488 0.0351488972632805 0.295065019624254 0.153064712271398 0.200790385520004 0.226906260641514
0.0296135767124519 0.21657029227234 0.00864967351130261 0.25341440176276 0.232383968926885 0.25936808681426
0.132595691983063 0.272582720006563 0.211467926368255 0.165310331093901 0.0565293115863982 0.16151401896182
0.276961747354197 0.345558620853776 0.0266840673392271 0.111624078152456 0.12571744225245 0.113454044047895
0.0311645784595511 0.141725449785627 0.284557913726571 0.206256570002939 0.257590092325491 0.0787053956998207
0.273297348443706 0.220645217670093 0.108659859967555 0.159606776783235 0.117781032757643 0.120009764377767
0.182798914203635 0.099023892819218 0.213699499510874 0.206466461213505 0.139951884453836 0.158059347798932
0.215539226749864 0.137300014138529 0.22759746517872 0.0123593280801317 0.110784268385477 0.296419697467278
0.0900342503304285 0.126944959512782 0.253310901442458 0.166895997860381 0.180906270652435 0.181907620201516
0.132080820584484 0.191805430618251 0.0406192239932502 0.038213317874795 0.29974577216194 0.297535434767281
0.124824414095042 0.320999562557489 0.192621547420286 0.139899689084254 0.0603667800247491 0.161288006818181
0.22030012287482 0.0287105858144752 0.263595462458022 0.264597070076517 0.185380933553839 0.0374158252223266
0.259463765384487 0.220643214494703 0.323927698453728 0.0144972313993808 0.139270478301539 0.0421976119661619
0.236175140247853 0.226299324824633 0.223873017951675 0.0792386191151382 0.0531925718616798 0.181221325999021
0.0756006350761352 0.18410192186553 0.149209842349669 0.283902938380197 0.23148968561202 0.0756949767164481
0.130402018236857 0.0930570625199935 0.151696316642177 0.0213790607504744 0.282796591063763 0.320668950786735
0.114690568205669 0.253541946301388 0.254133798772337 0.17845388228961 0.176694536562603 0.0224852678683928
0.27486420971226 0.0972827636927769 0.235732383922608 0.222911320214433 0.0217705443511757 0.147438778106746
0.17610792483533 0.298951719108037 0.100660261084389 0.124594903977843 0.102654865945707 0.197030325048695
0.0368224610194521 0.314361827130175 0.323853894626464 0.173362731745275 0.133078346949857 0.0185207385287769
0.143010351487377 0.319587944406816 0.238786812853757 0.0311662138379688 0.0402003949004258 0.227248282513655
0.1104144897552 0.20798904918385 0.204986132528175 0.153256558101678 0.0860683612094858 0.237285409221611
0.393073344877936 0.150678318379415 0.0659966675123747 0.118917306871011 0.114874626264777 0.156459736094486
0.276357023536678 0.0194126766197709 0.339354590226662 0.0244024514258836 0.151252126573585 0.18922113161742
0.0471626359506917 0.241885624166719 0.244783236028672 0.0454776028413699 0.240777592032831 0.179913308979716
0.077788665273788 0.121891079780769 0.243572470829391 0.0664803382555036 0.331867564476542 0.158399881384007
0.0999173162912336 0.0480229343177821 0.320874837524866 0.274233120914197 0.0154689471373057 0.241482843814615
