0.183700910718452 0.0455403607652586 0.217179057915817 0.0625989702538602 0.165395940740396 0.202320999917309 0.00673007409155247 0.116533685597354
0.0124327496513898 0.113517960136239 0.0803982149153284 0.129168496293787 0.2634209282226 0.118736103526681 0.104703472470918 0.177622074783057
0.16037580947361 0.0721347379880444 0.0984917584012841 0.234655114813885 0.158747908440802 0.0271207008310247 0.139366272702143 0.109107697349208
0.0994738803066944 0.0886998923481826 0.108300940140455 0.0363810970561878 0.143114341316414 0.134234790749074 0.335377651564062 0.0544174065189304
0.153575696112145 0.131320173403898 0.107263576585274 0.0932363353967805 0.135884302314647 0.104027261995726 0.143992414091426 0.130700240100105
0.242482820609436 0.0221582841677538 0.101378772941266 0.043123852319314 0.157146028440268 0.14193311588421 0.0428927750624756 0.248884350575278
0.0100710417552976 0.207288226879154 0.0852541285664042 0.270049256221723 0.00426145682785635 0.236902449730103 0.0546058079444928 0.131567632074969
0.0343019925949641 0.0289621832183516 0.0380135602107847 0.195429889129811 0.238560452822701 0.0158243535091501 0.274933099262371 0.173974469251867
0.00568755989618045 0.153721504775668 0.187055790673861 0.0934824845518938 0.184210021567224 0.0800870125947913 0.173927959463328 0.121827666477054
0.186690306844717 0.098972126833834 0.16050073367167 0.0858571271857877 0.170736303447008 0.132553807403473 0.0979954313734341 0.0666941632400759
0.0904269970376008 0.0579286330313108 0.0133553134383649 0.253195241351954 0.128923915576385 0.0788995346755882 0.112552682370392 0.264717682518404
0.22012408844536 0.160959900701405 0.109784520801569 0.0106808319321124 0.0353126406029403 0.216010900128646 0.194645306682178 0.0524818107057897
0.144700515171383 0.16026223899272 0.0484000526945488 0.136496082781619 0.0968220581698725 0.0593957454219329 0.168508217110479 0.185415089657445
0.00177404909301389 0.08336222317859 0.159568588059115 0.182368451354071 0.125326413348085 0.21647534924314 0.0439279558844307 0.187196969839555
0.215890443167229 0.0185613611052708 0.0211914831280239 0.0822496798816814 0.152320856669283 0.1347284750644 0.227842818761465 0.147214882222647
0.111485450510757 0.159324611860128 0.0621408869399745 0.182762751200091 0.091802421418597 0.0428200038361673 0.0461267733618936 0.303537100872392
0.152102043361649 0.102483162019924 0.13833782396881 0.201456617174103 0.112066782777619 0.0777138070614955 0.0753624093401357 0.140477354296264
0.106798866858865 0.123278832127766 0.167367704154025 0.00972027565384757 0.19670559703927 0.274489501595692 0.0732100818024349 0.0484291407681003
0.150973041904425 0.284323186346731 0.0569095654217787 0.0986048019857701 0.103213418626192 0.188005739911415 0.0449595603480117 0.0730106854556763
0.0892634075402543 0.0351600009442579 0.126391815306633 0.127924099638554 0.148108900405249 0.126253326432887 0.176566299739784 0.170332149992381
0.108070825898234 0.277452169733463 0.0753631106068668 0.0455146353066925 0.0497685555940315 0.000234718213833659 0.145240777305823 0.298355207341055
0.160015684309201 0.133977070631808 0.00277343585729329 0.148888229002868 0.0116613944906046 0.212430602116261 0.118896866714254 0.21135671687771
0.102011864929939 0.0111029280923796 0.116125863814275 0.10983938994908 0.272817566111115 0.079634973092911 0.259979747613365 0.0484876663969359
0.215501766107795 0.184067753637341 0.0516518760375203 0.00885683857626487 0.0836487593405993 0.19815079949412 0.124773630150596 0.133348576655764
0.0833281410716653 0.142038686846157 0.188211756993114 0.0393253190422821 0.0576664182760444 0.198263351451178 0.192854626734387 0.0983116995851712
0.0586631486424272 0.226555674898789 0.112313699831633 0.110766356507976 0.0520997425577006 0.198532226265524 0.120991475956527 0.120077675339423
0.0746085863222048 0.0873435766880434 0.216238222032123 0.104248478267489 0.112669226803913 0.139315317699064 0.0817364554683842 0.183840136718779
0.0304408365060434 0.0344226368014649 0.124823635006177 0.176201806412999 0.18056519554643 0.146166364180364 0.130525060328922 0.1768544652176
0.174844504526568 0.13844152576368 0.109165431314118 0.107301663325113 0.154599838714702 0.0976585122231999 0.0505899499516947 0.167398574180925
0.170938876863834 0.165034061567898 0.150986673460707 0.130487193684739 0.0511983963124556 0.0359766831616735 0.163858261341347 0.131519853607346
0.0348192749261154 0.205709677907292 0.00619874413288992 0.121252044364777 0.076564056100617 0.34853304936811 0.0923315399235661 0.114591613276633
0.108941266986718 0.124751145787583 0.0444634438002145 0.155028531537106 0.0893842025233349 0.105228236271898 0.208100271010117 0.164102902083027
0.0801356267494582 0.135698031495288 0.0192185553488039 0.191489783767248 0.184979903950612 0.0872097276664693 0.178301619587066 0.122966751435055
0.169795741731345 0.0107986198763956 0.154914532563211 0.0423090803496004 0.0212643937484174 0.282371653290889 0.289543713294104 0.0290022651460383
0.151741836997798 0.158164517595702 0.0615273482406485 0.186764036999707 0.103731978002926 0.123184390676295 0.0824331587246585 0.132452732762263
0.178640442779733 0.117996123811407 0.102880949202774 0.132618833741131 0.210014453849992 0.0791559262527023 0.125487535434921 0.0532057349273401
0.175613483864342 0.14920746062088 0.0662495327644153 0.0989990366443254 0.140351474971723 0.0433345750766586 0.143555812662189 0.182688623395468
0.0306889810459463 0.129347710233737 0.135231643747731 0.173319255044942 0.124251586615884 0.181206275282296 0.0498545926383238 0.176099955391141
0.106866030791124 0.13971321078018 0.204857151241915 0.0958983362598549 0.0288743157321996 0.166629998684602 0.045634218891007 0.211526737619116
0.162021779670683 0.103251913647312 0.0171686604689667 0.15263286832076 0.105351129204948 0.168806797654924 0.137162067511158 0.153604783521247
0.137488269582042 0.117780419452032 0.0131217736682244 0.0547846564386491 0.230702870863615 0.173683678758255 0.159680359009044 0.112757972228138
0.132563262987175 0.169783759367261 0.13032548809793 0.00550565213613615 0.236287618950444 0.0620562525540787 0.147060525283424 0.116417440623551
0.0310479870219625 0.0569388234302331 0.0297841822474189 0.0216803658719272 0.211260177507235 0.296011392977367 0.0900935730885641 0.263183497855292
0.149299591820035 0.267841126192497 0.0976645536066692 0.0576287554349649 0.114290555249517 0.105657908569095 0.0938792478759337 0.113738261251289
0.179574417355931 0.0781152285686877 0.153934234885027 0.138524847851882 0.0422490252420303 0.124808751535645 0.200526943604916 0.0822665509558814
0.2067710212369 0.0139488946197227 0.203520679367674 0.166377577769076 0.0403135082026547 0.0409394795861809 0.221711632754877 0.106417206462914
0.110028486082977 0.208825694057715 0.069028916402653 0.0730175241121749 0.0504495839833574 0.0272829545917999 0.230748351238965 0.230618489530358
0.00752236251893168 0.0532213873254996 0.116878853886667 0.121378311974895 0.165779029257214 0.12069156581745 0.214519777931589 0.200008711287754
0.0265668949328432 0.26698171020171 0.103998401622979 0.324311761181829 0.0145606849715886 0.0729184774123087 0.0508248198663469 0.139837249810394
0.132435610559575 0.0590604363349275 0.106518598184381 0.114583579737407 0.190460902265049 0.111097272961112 0.18913641846794 0.096707181489609
0.0682095556735554 0.0347164041542949 0.168705809578468 0.173576863932193 0.177617921593296 0.176430758594988 0.0404543777675251 0.160288308705679
0.192548454309006 0.0518557367887413 0.126460502163 0.149980386377965 0.0608345217882252 0.174705743348527 0.186477783146601 0.0571368720779345
0.0969320736729281 0.106404621698466 0.117284270416903 0.208225204360115 0.0480845732895393 0.081823837619027 0.214124548780538 0.127120870162484
0.119539442110402 0.284319269285664 0.0318895543062674 0.0896546672902592 0.0900242865912242 0.0864069026043753 0.0551099912667668 0.243055886545041
0.140017459543941 0.0685445382302549 0.0199312261324484 0.180442003602597 0.139246892319127 0.13010052418701 0.194472828434947 0.127244527549675
0.119220634721749 0.147691898246916 0.171252077793236 0.145037479700526 0.182487449296097 0.139628883360425 0.0264717282334424 0.0682098486476095
0.287921931730666 0.28984848681392 0.0874537885478933 0.00583069567670344 0.191413561785018 0.0115237166873741 0.0591018752570829 0.0669059435013411
0.0694061123850965 0.16735662835754 0.00256741852907335 0.171960223487029 0.15222675417641 0.147184078258061 0.10629199133411 0.183006793472679
0.0749567082973635 0.117026954800013 0.287975319477639 0.262292760358928 0.0641390151578499 0.0127692492568146 0.165224060329244 0.0156159323221484
0.00352802345647941 0.100144745968613 0.272770483985742 0.176991428170113 0.0935575779728299 0.176810786960187 0.117395942635539 0.058801010850497
0.158678018168543 0.161472238529189 0.0846051436566364 0.133131341361486 0.113445348480054 0.158283579035528 0.126783196263931 0.0636011345046339
0.183383253021769 0.0727898301817795 0.134515538769561 0.0629973156092776 0.0794212654061189 0.14563890388904 0.137799311215802 0.183454581906652
0.0669208385346389 0.00513052887084976 0.175708581310453 0.334645811343173 0.0337937901765716 0.103240033476019 0.0567856063845077 0.223774809903788
0.0368879213767645 0.051603124082829 0.224704950680002 0.116433828099448 0.198484879547745 0.117702495188659 0.214078028114621 0.0401047729099306
0.207364485295484 0.142495281337194 0.213498162650474 0.166834922151837 0.0628391196138847 0.00903614467491755 0.093971054484005 0.103960829792203
0.140311437389818 0.0572707927456427 0.0546144235618786 0.139714261371864 0.239190173054664 0.0872473603309364 0.0533541011608991 0.228297450384297
0.184623111328385 0.132752409141575 0.160079130402272 0.0267378008661449 0.139124283770103 0.0695779136433524 0.122399807823858 0.164705543024309
0.221920587712766 0.0267864035456323 0.0383875492029954 0.217995835730545 0.169405408292658 0.11181255962658 0.196205517435192 0.0174861384536308
0.0267670383517064 0.074279779132939 0.0849498507564651 0.15601416191396 0.14298238137116 0.208399905611049 0.277355861199635 0.029251021663085
0.294335873933874 0.0414338189816399 0.100093008761007 0.10441780092434 0.211986291068604 0.144704654433447 0.0290884038509536 0.0739401480461341
0.113797041695059 0.2849783027208 0.0298549979319483 0.108765510184963 0.0169438376672822 0.162044965420089 0.027935808512224 0.255679535867634
0.106917783444878 0.1749702779756 0.10053110245547 0.0710129236666524 0.101632028132512 0.102948310241302 0.191708564626939 0.150279009456647
9.70711238686243e-05 0.0279304598630023 0.20779583334002 0.142922858878393 0.0567526032619547 0.226274324286044 0.197202280271262 0.141024568975456
0.127926589423144 0.126114423431041 0.14629040770796 0.151664095847264 0.0702502926926694 0.123405212939252 0.157206357138063 0.0971426208206065
0.097743493369243 0.0528341343046749 0.178606387083489 0.129027214139737 0.0837119778905007 0.145331220046771 0.178522243381005 0.13422332978458
0.124282939239247 0.16345488765069 0.131470659125498 0.173385859935148 0.0953005540605137 0.0469754610243805 0.169588607893655 0.0955410310708683
0.0478298219990277 0.204495076952735 0.187927984607323 0.204472254999093 0.0886392800927276 0.000761981042292293 0.0887948862693577 0.177078714037443
0.170780990162501 0.0801169813702728 0.159191663890559 0.161143448285153 0.20434563373178 0.108128817030909 0.0237374570391882 0.0925550084896376
0.125838685514778 0.10859317293848 0.216987960189987 0.0730990992036237 0.171560350060123 0.148042662276043 0.135385456249064 0.0204926135679007
0.13116478722018 0.174503857253207 0.0686317302440723 0.00956759712786861 0.18072860187701 0.152122629489984 0.200576058483862 0.0827047383038168
0.198228203677151 0.147678653938026 0.221528242691537 0.00444999484912358 0.0503288484367705 0.14402818980147 0.0478290606702147 0.185928805935708
0.201280313781339 0.14755480451946 0.0581678497582483 0.0445253600296894 0.148177222875493 0.100165677908671 0.191486635823097 0.108642135304003
0.309936180593182 0.0647996977526237 0.083278955219748 0.0336940774845699 0.254127820418953 0.078660061786329 0.0304185829202407 0.145084623824353
0.0157862024353898 0.0913504427204566 0.22104661517084 0.206627361889792 0.187512003478412 0.0660052766304637 0.13200065078185 0.0796714468927961
0.11536381923793 0.179166622838598 0.189184159627307 0.146840351474991 0.158771504657499 0.10465366542895 0.0325062874670468 0.0735135892676784
0.21179520514869 0.227896015261394 0.204827026791758 0.045058545816073 0.0312199935237492 0.0392447628841053 0.202350547245744 0.0376079033284866
0.201229768952895 0.241893393494864 0.0369275892711441 0.000104634461289309 0.0423184751712361 0.107989547941138 0.0590362365660356 0.310500354141399
0.0330240797095622 0.0121873069755553 0.138692208852445 0.0816378981017038 0.0888377411776822 0.261894116820963 0.204537295494617 0.179189352867472
0.0136802103224476 0.166092882185714 0.240610083118512 0.198428883778251 0.203113331272239 0.159221784285817 0.000734605563576344 0.018118219473444
0.205873267103821 0.109531170412957 0.122346916711559 0.0336341860157205 0.217632068522314 0.125459311985607 0.0881674078938602 0.0973556713541622
0.281217494056393 0.0141832821076884 0.235625865252479 0.0279482144921381 0.254413210126123 0.00374258362181009 0.075476621971045 0.107392728372323
0.237071176367958 0.252361631256805 0.000330201023660669 0.0400745739918296 0.068214305498523 0.125832870585596 0.245096490356195 0.0310187509194326
0.0732314809828681 0.246342297979779 0.0650135695527038 0.0689557741332764 0.198059488809954 0.0745969979989511 0.104886590956807 0.168913799585661
0.194182134701414 0.0726460840337555 0.224127569152129 0.107141123055364 0.0982984568454767 0.0581768836308195 0.0269193015094643 0.218508447071577
0.139101716492683 0.0397980008711366 0.197784882746612 0.303150924221022 0.0101845022048357 0.0407201170484263 0.057924420543158 0.211335435872127
0.119616532190112 0.220752171931561 0.0237871035600881 0.172560044957443 0.123734878861563 0.163304793866493 0.0203423815944938 0.155902093038247
0.158760984669839 0.0356549416422218 0.197074268152158 0.0476889255280265 0.133068893740732 0.195983453617795 0.184295383577974 0.0474731490712542
0.198401437741038 0.149677038221208 0.0958091678688996 0.148623285511449 0.108585053121199 0.101987133825405 0.181714686086918 0.0152021976238843
0.104348765479052 0.212785424854612 0.306930906551632 0.00676397388474151 0.230842790006193 0.0693590675418678 0.0597557456160445 0.00921332606585737
0.164312650298808 0.154014266319759 0.0157938229879778 0.0841662525981307 0.0257710511601833 0.174670066362696 0.203321767863191 0.177950122409255
