0.178167711261594 0.0353140542719121 0.099000767183914 0.0764546615243396 0.108836773250871 0.0038113142725713 0.212987016717265 0.10774276493223 0.00585560357395329 0.171829333011349
0.0487120899893961 0.176083747947787 0.166263783252255 0.112322331683768 0.160118066227384 0.0584602101920424 0.00584390716948434 0.0315730236046632 0.0946915864851596 0.14593125344806
0.109633466759138 0.101421979322351 0.0826915387218638 0.0369637884715053 0.103236408733771 0.160293122814932 0.0185802914438618 0.136575299248403 0.111881011752731 0.138723092731443
0.00621264067315181 0.141580195238382 0.00178715451422503 0.160738158186065 0.10672329860146 0.124686650483446 0.147731937310844 0.151631826366736 0.157429838447326 0.00147830017836501
0.105667262637756 0.102212937324784 0.0638014317968164 0.0688230683179179 0.1753121792966 0.0112446585908043 0.14433730367965 0.105774955910458 0.136222450476601 0.0866037519686119
0.0193741111799904 0.0790017628941971 0.104581301173751 0.0824085093821164 0.135805948602048 0.104587091188851 0.176714257493674 0.140483016648886 0.055172360603782 0.101871640832705
0.0514592528422599 0.146103566985921 0.141601661985391 0.020428560741195 0.0282766265589672 0.153968135043022 0.112289339085137 0.205898427061921 0.0141268211983198 0.125847608497867
0.0282290867102051 0.0320003132138396 0.00110984176125702 0.0913077333085787 0.178893564775565 0.147942538986188 0.111414608885177 0.195745518103496 0.0654168641488788 0.147939930106815
0.100017682595909 0.12013088216539 0.043265808922276 0.199148160195144 0.083102223682619 0.0459717695314388 0.0124724522941566 0.068119574550711 0.164407964838338 0.163363481224018
0.0036440988491573 0.081814325076006 0.0751963630623143 0.133297028734072 0.197538630617273 0.0686781205671263 0.197756484964038 0.110815920223676 0.101450021854222 0.029809006052114
0.123510845818659 0.0209541582550957 0.151836570712539 0.143742633463998 0.0424515595557329 0.150600610860123 0.0686098637756836 0.117184712244412 0.0334006264415267 0.147708418872229
0.0550854259101486 0.158953188283267 0.115631416376015 0.139690939018367 0.0359861836463689 0.105423754393341 0.118220922280572 0.0722021874607149 0.107707667571373 0.0910983150598327
0.129031302188208 0.124060484491118 0.0270316548263658 0.133893257892291 0.129532139925572 0.165685390666449 0.109919978376355 0.113466247707893 0.00936990949266715 0.0580096344330805
0.10256796915304 0.0323524091502559 0.175388318863565 0.0937186604413906 0.093479835935509 0.154915905423887 0.0736802456284355 0.152166346132493 0.0969965082433955 0.0247338010280277
0.147294054023022 0.000399121467633931 0.188351316988827 0.00478376298686155 0.134691348589297 0.0601553204683931 0.100329941734451 0.113348995715063 0.151554921209366 0.099091216817086
0.0162738457812576 0.130402075600108 0.0963672221882873 0.0910410259723747 0.104764911078689 0.132696989259965 0.0957563119185341 0.104982626153181 0.0869443808565027 0.1407706111911
0.0244875448837311 0.0569943454432718 0.1360306972874 0.143719311936629 0.11020442711493 0.169769377237927 0.171855889621497 0.0463641697642837 0.105234583465839 0.0353396532444917
0.0464252064809894 0.0280658710233582 0.0465744020169689 0.155556223160665 0.0346125275577416 0.132492091924575 0.12034121395503 0.118516233820273 0.155875412087069 0.16154081797333
0.0278287672000182 0.159732754613021 0.163470697116759 0.018018122394593 0.0752730876549194 0.161873769151717 0.0411982782572261 0.119111254204058 0.0814248108466204 0.152068458561068
0.150715788370346 0.0367696497021719 0.0775949788421942 0.0410583926124129 0.120289568498132 0.0433556144597247 0.162596242080297 0.120973660983606 0.0856120367554513 0.161034067695664
0.164318173148062 0.0160635195771625 0.106407840678077 0.0786428838539211 0.056200694196185 0.0919025071095484 0.0890744246512103 0.178873211514089 0.0409532358475389 0.177563509424206
0.0306474079197293 0.178538115538266 0.184629381674984 0.0907649187511266 0.0343029783857259 0.0168083068587314 0.0843805026684373 0.195524481011574 0.13475679248541 0.0496471147060164
0.151148386487396 0.140694997827584 0.0804081073454683 0.0238223839909087 0.0326031523034306 0.171758112080569 0.0302841217645911 0.0547771359905346 0.154819535999162 0.159684066210355
0.0714375829113308 0.107289991612315 0.0368984854836108 0.025453527739772 0.109470186424056 0.0357386419574279 0.0866014760147985 0.15665558658412 0.182249234289123 0.188205286983447
0.0114985806599443 0.11637412969233 0.088032320036177 0.0416456385544037 0.0284988010337497 0.104744026859437 0.202348112895298 0.0897556387385522 0.145656911591586 0.171445839938522
0.152240849187416 0.214209738418868 0.0454868319566638 0.0413601913576369 0.131804266128407 0.0791752864483662 0.0154396947844773 0.0574948588486652 0.0967013543294356 0.166086928540064
0.029848104120187 0.10067580088424 0.0552141487669938 0.204186952727143 0.134470330157825 0.0576344607387307 0.126702106186627 0.164937744351581 0.0712989222377282 0.0550314298289444
0.145037060440993 0.131249199988137 0.0180274140176815 0.185454612735438 0.055988575337971 0.0450105449938285 0.0719528342501589 0.119643043519593 0.0864210253532077 0.141215689362992
0.0509026258071984 0.0888765844193397 0.0445680747914085 0.153542472237325 0.0707300204873817 0.205078317832811 0.0579907635235234 0.00749137461797285 0.194220873836281 0.126598892446758
0.00286313547899504 0.0310161118264029 0.169229888850241 0.105792646802716 0.179436879526402 0.00477707877041245 0.155801854071968 0.226564308221164 0.0600173288744615 0.0645007675772368
0.0793250023994281 0.00523197156659992 0.184606417105826 0.0334348450827528 0.155133696946611 0.00873735779009779 0.102972070934874 0.180508511665927 0.212640869899714 0.0374092566081688
0.0629548769038304 0.00219192224066064 0.0115190270189766 0.10696194580388 0.143707606790223 0.0702759022616741 0.191970609296111 0.165945753370819 0.102981563596571 0.141490792717254
0.116096971990362 0.133525115238744 0.139156516729705 0.14181753333245 0.0141445057685065 0.0313676854934769 0.0629632264900138 0.147491000226009 0.0836559075497143 0.129781537181019
0.177635204343978 0.0497396073015366 0.00446364141653535 0.0805634832670523 0.112001031382056 0.179933066398272 0.0850467876306938 0.166372685515179 0.122270556836892 0.0219739359078047
0.150952206182154 0.108592085339002 0.082298321160357 0.0888200340462399 0.12979799576268 0.040927106638627 0.120251728198751 0.0588832273732765 0.0793304085722156 0.140146886726696
0.102561993180527 0.0986798842201302 0.0658977455388959 0.135113076477945 0.0469314126140339 0.0638148797858941 0.151022696608345 0.0355203988503772 0.105165624769505 0.195292287954347
0.12503723334692 0.150782834635742 0.0979665275660504 0.006625955993911 0.167931471719431 0.108964594330215 0.0763262255358907 0.074194153490072 0.0420366523875774 0.150134350994191
0.00154202292493231 0.0717906336274857 0.184765532920667 0.127032074437413 0.0959823147283164 0.0833677434901329 0.18723278622868 0.00093781064712632 0.145498965511579 0.101850115483669
0.00897831389768163 0.0674955543107791 0.0976904690723182 0.205643682435316 0.0709090292167428 0.00839626079503531 0.0828772720050164 0.219229805697361 0.127378722772454 0.111400889797296
0.114173739371219 0.06107006138285 0.142936694257187 0.0638362396965719 0.0426582375063878 0.146325398032217 0.119113376619584 0.0689900862049782 0.142580824910183 0.0983153420188213
0.0843714403265969 0.0996762174774107 0.139116710649661 0.143252343622324 0.142462893635535 0.0382676711972993 0.150924056017154 0.105561501019926 0.0461802397503131 0.0501869263037791
0.0492509588321105 0.202923436913568 0.0297004811550568 0.00471633553170167 0.182311151967135 0.0704728630123142 0.0517500864285805 0.182036026043552 0.183269398199577 0.0435692619164046
0.134404573263816 0.0167709424732274 0.171238005405324 0.0750768275036406 0.152433781281526 0.0632144676219382 0.104758022390218 0.10001093743463 0.00490916358958854 0.17718327903609
0.135764464137418 0.058841324653109 0.112189378395876 0.0681467131755369 0.0946555079293315 0.142816815522281 0.0552487011825531 0.0534028445958358 0.140916124541442 0.138018125866617
0.00798105566842732 0.0443398721792982 0.0685694969008776 0.149034257326925 0.0351152744508519 0.133427343008739 0.216900211867121 0.0145141159084204 0.154467880619217 0.175650492070122
0.139560950311763 0.0795866405716946 0.147783335899839 0.121756085397788 0.147479135696631 0.128330856505682 0.0608540516407851 0.0400390950805531 0.084571215629006 0.0500386332662593
0.137104489888699 0.0815927851653088 0.0924649154192962 0.128080788623534 0.0152456354817309 0.0248879917069609 0.106491603679709 0.145938705624251 0.156791075477733 0.111402008932777
0.00415888737606086 0.178508746817156 0.0357648888852084 0.0289298772576127 0.0337445947100334 0.0499573025749643 0.121572658177755 0.0693050976086071 0.227135103740908 0.250922842851694
0.132483772020747 0.179430513774318 0.0881790015531296 0.155417630209159 0.039308170794795 0.02435530416621 0.130386667735425 0.186749233019558 0.0061986508080992 0.05749105591856
0.0482961236305678 0.218859623957452 0.178459481795685 0.0491596894321528 0.0627589628681601 0.0170512869657509 0.0147736462615239 0.130594735899777 0.0391526428997092 0.240893806289222
0.0944387545713942 0.118215526182081 0.0519183247915014 0.103095815563408 0.0848861221249517 0.0851672556529387 0.0721208061675508 0.185889733320183 0.150449492204029 0.0538181694219615
0.106919563638964 0.0883354065306763 0.110864430088221 0.0178506679967179 0.114607126766542 0.0791805912853056 0.184435518881405 0.00286608325573191 0.0578990313141757 0.237041580242261
0.0545210394795956 0.150039165835753 0.00542897187517002 0.0479790473215529 0.213022845099922 0.173530185230355 0.0696057619057577 0.119733000239347 0.12311841260899 0.0430215704035563
0.125745741540172 0.0356473919883214 0.114807835122475 0.0559798891521676 0.143996778873275 0.0452594378417983 0.222251832856268 0.149069404790765 0.0290483305365347 0.0781933572982214
0.092304519302101 0.110173135044679 0.123925332603519 0.0925982710768917 0.0114696827447628 0.153561142838626 0.0778738953312592 0.139049457323192 0.0536920282601012 0.145352535474868
0.0589231063142775 0.0905993143398542 0.137936203669398 0.181817326727032 0.1330326664745 0.143364600797985 0.16687859676048 0.0320536894415182 0.0532641257241622 0.00213036975079214
0.1378133325744 0.121053653505467 0.00211028864117723 0.219196575775239 0.0419226241458779 0.0274681881659718 0.031835694363969 0.166653418473876 0.117210324856697 0.134735899497324
0.11452478480383 0.0345749208024891 0.0519681905300306 0.0193330429908415 0.119866617111626 0.157730357918662 0.151872639896234 0.187318913274563 0.026279634603091 0.136530898068632
0.184344467888568 0.163713565984149 0.0132773641451437 0.105714135159183 0.0141674387626377 0.0778199684676013 0.0435474858412071 0.177036078667111 0.10726094409121 0.113118550993189
0.105052674089332 0.182055726770921 0.0168786736997422 0.127306018267308 0.124393667427967 0.0322182464794221 0.144331609567593 0.159654673038976 0.0635459828707231 0.0445627277880154
0.0865020681779044 0.116569124061431 0.149910079944672 0.0766358020886858 0.0577529406121197 0.110858287972246 0.103025567166831 0.13165996202846 0.104835754748688 0.0622504131989606
0.0511005863404252 0.0529641278859577 0.171073262610395 0.168967943158207 0.0258877123711038 0.0185227896477461 0.0426643307230335 0.151569609440581 0.138862826041869 0.178386811780682
0.055209342666093 0.0863845277133965 0.103186438232802 0.101378451213905 0.133307290334561 0.0663639379876769 0.0679705586030947 0.131821966478237 0.134819032555615 0.119558454214619
0.106757139345651 0.0560103750209004 0.103564919600603 0.134485611253233 0.0177071656035955 0.219336182978376 0.131478303763659 0.114099257533252 0.0701062013183804 0.0464548435823487
0.0867720147013132 0.171433603559829 0.151191815881242 0.126849282717034 0.0204972153730091 0.00607132427052583 0.166151840454841 0.147303079537178 0.0952146253277988 0.0285151981772284
0.159325043710996 0.0155936388206143 0.0628933112589278 0.0815726242324439 0.0221033364942325 0.172423124482826 0.064380426441871 0.0738217886749033 0.183572377921609 0.164314327961577
0.125764710465107 0.0798272031657877 0.161993605787096 0.0310217867837719 0.0618625881178942 0.117415547567726 0.0775477592126192 0.140084280984117 0.0347518753561592 0.169730642559721
0.122830266131669 0.0206725290327188 0.137393669503082 0.0494231438599104 0.161990267411041 0.165225532718602 0.162916697461936 0.0227310842577023 0.0660596015763059 0.0907572080470326
0.212917336523531 0.0665216891143971 0.0663342805058134 0.211162664952371 0.0286653943988856 0.149140376351436 0.064334552863655 0.110613824351886 0.0465138213154549 0.04379605962257
0.0954955900512669 0.0694238405028632 0.1494153069218 0.148601722537256 0.112864369680934 0.116148102762101 0.119941692639177 0.117013721660849 0.0557289446172319 0.0153667086265198
0.081440602453875 0.10528780858758 0.0511218937100465 0.113753635484521 0.105967262990284 0.0500301316826479 0.180431566080979 0.128482745699544 0.00525961724364436 0.178224736066878
0.118107094533237 0.0991313963895288 0.0727415359367197 0.120317815532499 0.0355677397280797 0.102335110604552 0.0905529438338451 0.0780519116129804 0.131673170206642 0.151521281621917
0.0985233148191658 0.0570489843093657 0.107149716581352 0.077377710818576 0.0828649877211432 0.0939547273812261 0.0289324165402442 0.111450066868236 0.151435895264978 0.191262179695713
0.113865120344156 0.148344958925708 0.146456967364527 0.227816964554166 0.0897032235276431 0.146580674453883 0.0174951344814097 0.00286482814538419 0.0101194116262482 0.0967527165768747
0.0128299092841459 0.204458095161428 0.0272941959666161 0.120070681770668 0.0697178034085449 0.0432894230356679 0.132395379789225 0.0116830085879473 0.189909676850992 0.188351826144764
0.00425005796315749 0.0147499469267836 0.160957256879914 0.130508566008309 0.0875869561022731 0.163924225522133 0.0750192539100617 0.143620932159467 0.120940766286398 0.0984420382415023
0.205107354841235 0.134539209159398 0.0645001672057714 0.034173660090138 0.0391172635344929 0.131410075216279 0.0972892011425263 0.147122805306131 0.0466628443147341 0.100077419189294
0.0113128635417071 0.185765749127578 0.193049206512545 0.150723444588363 0.0940264723653216 0.0164136523129712 0.19481502955042 0.136862800252571 0.012626288782378 0.00440449296614488
0.0288929725682232 0.214688951016029 0.141749219418463 0.0805745487404074 0.190534517193035 0.0125587147376541 0.0329718493291309 0.0830323177147942 0.186289989806668 0.0287069194755948
0.173031033879362 0.153667995314833 0.0526290357406389 0.171356337610621 0.128051910509868 0.0600999991460666 0.00787170099776637 0.0228865316859353 0.14236356800701 0.0880418871078988
0.073490180191401 0.0916209735840309 0.140087699621449 0.153966662060184 0.159138708979982 0.0927941599594714 0.0397586566299637 0.0224544378396032 0.150869368875242 0.0758191522586727
0.124144906282993 0.0283351557931943 0.238455749822005 0.0605883855936087 0.0340287168490651 0.0337027303959524 0.0475904735306985 0.144870781816483 0.239761647559358 0.0485214523566421
0.0276011543478825 0.0251842469372079 0.108709547050704 0.0317676490722101 0.12690262878475 0.177177984153024 0.0724284868198009 0.110494391870113 0.210758290656994 0.108975620307315
0.206880886115101 0.180136489481681 0.137157565150974 0.0208645365203887 0.0144701314809099 0.187803677869655 0.0103098081025337 0.075780598149587 0.109261585481264 0.0573347216479051
0.0847783952983335 0.167954649686737 0.0206224587927173 0.109978857295709 0.0938822088560648 0.0540805042645298 0.13761677579833 0.069813963617521 0.157034461067175 0.104237725322883
0.010543585027206 0.164779701123176 0.198543999921233 0.13898410524455 0.183918306850571 0.00180536203826187 0.0589925737755299 0.0305738047966009 0.0401944656392819 0.171664095583589
0.152662180872821 0.000880491403284619 0.114453951902681 0.238002390843076 0.172534786183597 0.111665576808968 0.0737468257572385 0.0776791212315177 0.0171338476170034 0.0412408273798128
0.00764844197044255 0.148925414870079 0.168657199242739 0.0345404797576181 0.16261680542799 0.0411243671980353 0.126055854874964 0.0207137872106054 0.158126528238517 0.131591121209011
0.0763958020795982 0.143424950203792 0.131307009646318 0.142132824328597 0.120270600890728 0.123609861744835 0.0940415101820464 0.0278918719339259 0.0565372799294195 0.0843882890607402
0.0602458776157546 0.176249829311171 0.0444810688664806 0.192870670715526 0.102385281053529 0.0919456137251468 0.0646912175281433 0.196576015955869 0.0377677402091726 0.0327866850192064
0.15132367617012 0.15587361084085 0.033773757192167 0.148820792686539 0.0802269871860411 0.00883436362867614 0.180455702610413 0.0838720059535836 0.139230257169958 0.0175888465616511
0.146047143688555 0.0835171208447507 0.0855762168481457 0.120299589233519 0.113711932628889 0.0940760474133086 0.144503943060381 0.0540663075835407 0.0165487421072428 0.141652956591668
0.113822274299219 0.114913789091186 0.073955482478341 0.115457521311499 0.0627546430622293 0.0954117159311852 0.113221235300143 0.108902608882243 0.0589765044252254 0.142584225218729
0.0690773447800082 0.22324290133673 0.0108606914776714 0.0312788754834756 0.0505165698674358 0.0178242202266184 0.172559666094815 0.176590760493904 0.217660850549343 0.0303881196899981
0.0815747282885841 0.113471807681794 0.135835979582935 0.144926541911633 0.0278839784220104 0.130072382620752 0.0911376609796675 0.138659696154985 0.0195850715394361 0.116852152818202
0.0528318242528204 0.11609710449637 0.127984680568137 0.0707946984679784 0.107830621302153 0.182720507391736 0.161632549758821 0.00664182316337217 0.127851661054369 0.0456145295442434
0.0549010152411896 0.0943228698454494 0.0805112967212308 0.0450454899077662 0.0853144690896273 0.0997565452238342 0.132684873856526 0.127063484774094 0.14111978956843 0.139280165771853
0.09110724833214 0.109039423600585 0.0643663391204238 0.0446052555809022 0.246652812334585 0.112252376181497 0.127708898915149 0.0274329960706298 0.125754663748635 0.0510799861154525
0.119734611575526 0.215575304221837 0.037864404331653 0.0501356012663074 0.0263585494510605 0.0379938201816223 0.18578332237439 0.00988152976054598 0.142711709827195 0.173961147009862
0.197946665518519 0.054937954579215 0.122467961405216 0.234345069399099 0.0112704693836582 0.108562965666579 0.0229388877803055 0.0771552277150932 0.0924078861940836 0.0779669123582304
0.0372670384056698 0.0769279389384279 0.0336283474751043 0.0495084757726279 0.119423083883493 0.114045544626127 0.167483959928357 0.199138870646133 0.0446557909879184 0.157920949336141
0.00345938627431702 0.0247875355932698 0.0158205884461922 0.13272462792758 0.146021718394013 0.121145968842737 0.060727833416357 0.261383197710037 0.101204268529647 0.13272487486585
0.129379625267616 0.139238537483207 0.140503676615775 0.136633546760669 0.0895089645885515 0.132610983219835 0.0625730044629498 0.0799066406765745 0.025164103777527 0.0644809171472957
0.157690219916504 0.0308511084826384 0.144773679767104 0.0161428776009886 0.0167244165116115 0.162713858011572 0.135247717317776 0.0902343743196472 0.162878478438452 0.0827432696337062
0.0838680932204134 0.0535333170465918 0.158387211276125 0.0368186191204997 0.19908302889619 0.010877695272324 0.100121123419348 0.173279761571341 0.0286824877952816 0.155348662381885
0.0251143161446252 0.113935579542925 0.0774954622280463 0.0986417168387032 0.0860582719344959 0.241863087179412 0.06458805346841 0.187075416991604 0.00151017406974262 0.103717921602035
0.00519464320235628 0.0462039268740803 0.275400547299486 0.195533945870741 0.162694390303911 0.0149205179891899 0.0163754886866313 0.169537896602046 0.0181772133919518 0.0959614297796062
0.11024452592726 0.0854201453181393 0.143412848020947 0.0989414432085229 0.0798011578550415 0.0157463614231316 0.160773701785694 0.104507948181713 0.0793998092537434 0.121752059025807
0.0110123139180089 0.104485282587113 0.14708122368058 0.141760336270847 0.109756925144594 0.097307666079752 0.132101344131959 0.117944583946848 0.109454103531805 0.0290962207084937
0.169819559505159 0.0218974684275676 0.157943684897797 0.107594667981207 0.0221965981886809 0.0895347885698843 0.134057082170505 0.180801468852374 0.0511062550977936 0.0650484263090306
0.0165468449020894 0.0525723411028323 0.259148843948665 0.23805498768082 0.0195816805631694 0.230880535993347 0.0491403928538619 0.025047212818569 0.0431916729651493 0.0658354871714971
0.118660667054965 0.0650057977554867 0.215381696972222 0.0453931913930608 0.00178157704876715 0.152857195761707 0.0457474322546676 0.132108480549138 0.0354693406118825 0.187594620598104
0.180973217705838 0.100032834442523 0.0405538373314779 0.0445515827618469 0.152257837261272 0.0576419416989491 0.0169751654495768 0.175505647609567 0.199938983704114 0.0315689520348336
0.217954105296038 0.0872475826885203 0.0171137793665793 0.05922178170977 0.0967999652582271 0.199861854806654 0.0111853667824993 0.0651801791980667 0.196126061670178 0.0493093232234671
0.0814585399768345 0.0549109240181447 0.0947763072924507 0.0314536764432792 0.108984555431104 0.0364995863535922 0.101960343404731 0.115104985363119 0.210519519879046 0.164331561837698
0.0562994481060139 0.0970512482863326 0.100697402309725 0.218894618916397 0.0321059603149332 0.0267239998529966 0.201813821087197 0.0841631820449141 0.127576434667766 0.0546738844137238
0.0262135868384329 0.165011954250596 0.0811024484797408 0.126597509813997 0.0411270817640661 0.0870164688864677 0.0726722762812317 0.264054472350644 0.0206482410005629 0.115555960334261
0.123081160235861 0.0350596287901372 0.104606096425258 0.170629543733302 0.0172728190474705 0.071745425880064 0.106909277151611 0.172298483753402 0.0882528715392548 0.110144693443639
0.136643407133745 0.0102429892909501 0.0340156585307033 0.147482978877289 0.158097516684457 0.161493016757058 0.0935270531944118 0.0960970354070797 0.0681827578536321 0.0942175862706743
0.175231558708116 0.00100766242647675 0.0801416127281364 0.103356772162734 0.112388406126496 0.164773524618758 0.0955238502573446 0.0952578440233714 0.140001598418959 0.0323171705296074
0.193179326786273 0.107780775874755 0.159027198453395 0.0069541308802491 0.196663819976411 0.00558001081195585 0.0848430855212131 0.0370175297744917 0.0244668798336762 0.18448724208758
0.0331787438970871 0.104440333763697 0.16143008334284 0.00502909737683728 0.108429325333118 0.144176290352079 0.112412940666465 0.0374446956147372 0.109303595628246 0.184154894024893
0.128252404034098 0.0253163317932801 0.0553501623040172 0.05564138238542 0.12469065697837 0.194618541654044 0.124150652834376 0.0494981306473648 0.0940029270533296 0.1484788103157
0.0764986280379573 0.0783842224184442 0.178499730163524 0.0731083111834299 0.0814921751011341 0.103715785203139 0.0556071604110008 0.0860658979320384 0.111061210689622 0.155566878859711
0.0573962585040712 0.0822288690330207 0.213342575151698 0.233202388628609 0.0520105505940695 0.0331721214235719 0.0484370550445244 0.0673430331834485 0.153116061093827 0.0597510873431593
0.121028228306886 0.0802264084746613 0.124144620689191 0.0599372743899842 0.12325968670542 0.150206155432874 0.105619449227331 0.0300658906677102 0.0675063422571418 0.1380059438488
0.150540064780293 0.0563210503837959 0.0309915382571221 0.114767858448088 0.106898153608056 0.0225479292106395 0.15644575826345 0.10652245588626 0.121811203409627 0.133153987752669
0.144095749031987 0.115288431730191 0.0422927764437074 0.0476554015262268 0.157215192442425 0.113490102184157 0.0979969957618781 0.0859481234937424 0.0482954702344101 0.147721757151274
0.1211708204633 0.0464011996104533 0.161458669559543 0.200722464503095 0.157565919308359 0.138985997315535 0.0289750684457213 0.000426781087027366 0.126906170515781 0.0173869091911849
0.183181790610488 0.129197467378237 0.0851580220912081 0.0118146238425929 0.0203345661438661 0.136936191105053 0.0959678226076192 0.147910101403018 0.185345183213658 0.00415423160426109
0.204193761618125 0.0877339944649338 0.128571055356397 0.00466654675773248 0.0931824184289237 0.048369508661318 0.137522994735808 0.187883467182571 0.0470259484979405 0.0608503042962498
0.134675630208284 0.0948822335572616 0.149057848995165 0.156669518119265 0.128688349921892 0.0403039856323821 0.0780689626015347 0.111430563800477 0.0713399378563083 0.0348829693074301
0.116997486590326 0.0408365839417617 0.0333934005903801 0.0764412591008033 0.0917850339705078 0.129270621647238 0.040575676830592 0.140103001979957 0.108417481676696 0.222179453671738
0.0293006692254892 0.137373186781276 0.0364634839264066 0.131867954386691 0.0556077075878382 0.138126680304066 0.10886523576104 0.0677111446733033 0.15764734304877 0.13703659430512
0.06259766366128 0.108027797268706 0.184153000497098 0.142635574042511 0.0851836467603448 0.0557607579807203 0.0527918555101157 0.0975825819620534 0.0943735934850484 0.116893528832122
0.00191704142550772 0.140390586389014 0.130176323025822 0.150766654020344 0.159378153009569 0.131316583262744 0.134268306581508 0.126252909702994 0.0139371382549566 0.0115963043275407
0.00476569408601641 0.056118233757146 0.204589542184801 0.00773691609417311 0.0796621652069274 0.0818877918669772 0.149549189108242 0.0425878036421464 0.178399350056722 0.194703313996849
0.103699395284424 0.131051961375772 0.0800478712877511 0.0585883038457568 0.0772024524883426 0.146083150100682 0.147060583393072 0.0849898600266941 0.0396120092242336 0.131664412973271
0.115989699964335 0.0621444195229747 0.0513447063236062 0.0581470466082027 0.0685848399584956 0.149393107304116 0.0695081107442688 0.151588805116742 0.134847649287499 0.138451615169761
0.131087992991448 0.174127648112423 0.0431459697498996 0.140143211933737 0.160041962081762 0.0759254663104169 0.0269082282627181 0.168946937962653 0.046725885794826 0.032946696800116
0.0143215300542422 0.038151583262979 0.0546003136304734 0.315265583108219 0.0295932607623639 0.0746758418004618 0.0738170130703742 0.106982536375865 0.100593471801771 0.19199886613325
0.0797797155299347 0.0564900698585506 0.171074108137703 0.111330202098642 0.013601638135533 0.166605924078927 0.123166465633748 0.0470687634080022 0.170750516623519 0.0601325964954419
0.187030428150001 0.117829449658453 0.0784529695185853 0.0123284697597845 0.0475922682315775 0.0181700379486813 0.182236527835038 0.104759421060293 0.16287205982974 0.088728368007846
0.136013272257187 0.0296936331272147 0.126566423062189 0.0921884673272814 0.138227298322224 0.0508277177496466 0.14212940128028 0.0852960975552968 0.0712377196913929 0.127819969627287
0.12440444664409 0.0226412994799024 0.140020109779999 0.0943937206238039 0.132093669387081 0.146136706890687 0.0276603968128794 0.118450312629168 0.101524015236264 0.0926753225161256
0.0707733744982554 0.0699625033486057 0.0724859776353915 0.112922480540525 0.150734247180846 0.095701846099536 0.0811704005866996 0.111757427650088 0.155473715815268 0.079018026644784
0.137775108547883 0.0462767772433594 0.189272719118653 0.226018507099656 0.0329842874382904 0.193430638561726 0.107856621140752 0.0153346558356199 0.00652488668675917 0.0445257983273024
0.000532493912164105 0.0705367741548026 0.00251942184904621 0.0837397120026028 0.255837937522982 0.245131942908983 0.0100062618430086 0.218331253331567 0.0989378252328336 0.01442637724201
0.115683995239813 0.151476031836498 0.0896403249937263 0.207997095594872 0.0998509662285148 0.113458063140146 0.0855927097180424 0.0423771366803848 0.0839196255778362 0.0100040509901667
0.0434381231451258 0.141650965275457 0.0546509827206062 0.0893501245786372 0.0412668872833888 0.102826333743175 0.0274961712255374 0.138055462649704 0.184395712305093 0.176869237073275
0.107668767785233 0.0249745471012701 0.109773780576391 0.0561833098905449 0.166158798976385 0.103894408050072 0.134610619943701 0.109285420587124 0.0924601726913676 0.0949901743979115
0.103164788424778 0.0382696575937703 0.183300392617559 0.101428928276166 0.104660593756946 0.134812977240598 0.0670896999490054 0.0234444750606458 0.238058760776053 0.00576972630447821
0.0473097960619493 0.0462300820597967 0.0138686744472863 0.173645971620328 0.108980845480887 0.0802048540603998 0.155003439301134 0.155751031140811 0.0590798373910198 0.159925468436389
0.043349313154423 0.11431530516229 0.115236563069688 0.0267907915612636 0.0883640057186133 0.109449912974058 0.184006507247333 0.179517167692481 0.102697685237 0.0362727481828496
0.0996265375343085 0.0760931419507069 0.0016639202363295 0.0640991788087576 0.102563958234087 0.088732690371077 0.1946592671127 0.0841611411360221 0.170868890373527 0.117531274242485
0.0529681145856996 0.0873319372170757 0.0406929397584863 0.0837860917997613 0.144257242937257 0.142204894465822 0.143155688163913 0.0447923288741509 0.138453533358801 0.122357228839033
0.065710924133181 0.0278661604939143 0.0415549843173853 0.0178999347957897 0.0700568895130643 0.131609746799972 0.185942461977359 0.21267369445606 0.116822567963574 0.1298626355497
0.0501407828309245 0.10998515418461 0.0183889298129135 0.161396426441606 0.19375454875686 0.108614451879186 0.111755634228711 0.114611120988687 0.100506395716157 0.0308465551603453
0.0300523389899357 0.0558786797454045 0.150722721397817 0.146883170957515 0.0683665959482869 0.124694991069776 0.169116343530557 0.149939746312081 0.03403887667366 0.0703065353749671
0.164394034585072 0.0603539844422266 0.0264325657878042 0.0342631866397518 0.143823337470948 0.193965051915694 0.176397358196424 0.150456109922089 0.00769284655579655 0.0422215244841945
0.0600254905515695 0.130524491586478 0.069235413356184 0.107718830481347 0.0581013629833867 0.0317363857348487 0.148166068958241 0.0867415549141912 0.199730050636748 0.108020350797006
0.145568543655372 0.144121375652467 0.121102337395766 0.121631129059172 0.0640864366284609 0.149367960514622 0.0510115073740731 0.0428974596152758 0.108010595460318 0.0522026546444725
0.0136931782659812 0.128576542219367 0.0828810888655412 0.0493727212694741 0.075467353277019 0.0861416949488212 0.126232304126255 0.179289960694196 0.169407785252336 0.0889373710810088
0.109451629027351 0.155775550841116 0.106877819532054 0.0755313076195507 0.0818497208799982 0.117855980320168 0.098665069387787 0.0896347594296297 0.0636629205428838 0.100695242419462
0.184401799456163 0.0962691820552371 0.176525267857225 0.0865689016081378 0.0745405438658176 0.13222682034991 0.0240797463807048 0.0929860149662832 0.106461548297992 0.0259401751625287
0.0942128045649739 0.0353366666023605 0.0790012728394423 0.051807728862104 0.124804742560627 0.0753054468073367 0.166035110456526 0.124357686815283 0.0838202565741358 0.16531828391721
0.0237859618991569 0.14284001262872 0.157843536874439 0.0143767157482218 0.196156643105508 0.0767708114677788 0.141074696354779 0.126498703833991 0.0209384907595299 0.0997144273278762
0.0364568243560143 0.0636089489483178 0.138823273571459 0.119505814394857 0.15577429541074 0.0708863905815124 0.0307924649652917 0.17015468805646 0.0898343901960339 0.124162909519313
0.0320170826979203 0.085462298038299 0.0304831533815033 0.202426923693411 0.164075088228948 0.0773212001240922 0.0370537423122195 0.0957655601009714 0.043532416796972 0.231862534625663
0.133933164742207 0.103977973638255 0.0615362734910145 0.170140061542352 0.00617044023253979 0.208357116767136 0.0172097565602336 0.0936654467656123 0.0619308211466038 0.143078945114046
0.168468825246267 0.023460399519478 0.0653165666056174 0.17119812199937 0.170036856688745 0.162489554673015 0.0138456002535312 0.14580340633408 0.0746035240146356 0.00477714466526012
0.137865588671982 0.208895331331959 0.0197820339235819 0.0598078962698797 0.0866750975207548 0.061086025608962 0.132978403755667 0.222583025663078 0.0332993036494224 0.0370272936047141
0.00442972154021963 0.0395815924586693 0.0189626627037231 0.0313716205396457 0.00531917452369589 0.0646668370572232 0.133580759613917 0.22050636167594 0.240406060398296 0.24117520948867
0.129526836442243 0.13860807007057 0.0549565347947142 0.147737403373637 0.05133835048704 0.112054412646642 0.00430959896204587 0.0883078906508582 0.142452911676984 0.130707990895265
0.174855001812516 0.0947439711192772 0.0378628752247486 0.0646937813235261 0.051588200701599 0.213859773067283 0.105160335418289 0.00679695896129374 0.15182891302044 0.0986101893510275
0.0188470053977255 0.077693640982222 0.131100405013628 0.0305824903966085 0.142861826807976 0.0145143887022845 0.0685341619477955 0.149758345675629 0.203117486182501 0.162990248893629
0.115530146212283 0.154679928340897 0.116670597468758 0.0620526820211056 0.154823860341867 0.0806505843039162 0.0197358954893486 0.124096138184734 0.146805778412949 0.0249543892241405
0.0911209995003541 0.125258887509477 0.0039055398553996 0.174887774702572 0.0291711495464783 0.161039243689651 0.128815321635094 0.165142917350563 0.0537551437823115 0.0669030224280996
0.0301781897869614 0.049916825379451 0.0786714516322732 0.0414341100004756 0.0396030879566467 0.0852546347118392 0.141473826514635 0.0801645792646228 0.220922293283412 0.232381001469682
0.100757004094727 0.24968377620898 0.0290495691465847 0.145415661012919 0.079666046473436 0.0612622271737172 0.0576394354697916 0.225742320022022 0.0218053208202599 0.0289786395775632
0.180579775462601 0.12727528803376 0.0317988469961161 0.0566113258244213 0.148561968752704 0.0300947837552106 0.0198251248764845 0.0682614230049699 0.181515544307562 0.15547591898617
0.173993259156997 0.0228904607655362 0.0342262695446306 0.095633207218998 0.02834270935495 0.148895225157025 0.100643828863425 0.152999381451327 0.0834613162483727 0.158914342238738
0.0139863894047719 0.164801564096215 0.10187469932126 0.0910755727076669 0.0346495868395088 0.0696586437523567 0.210637851508998 0.0698181795068896 0.17551694857215 0.0679805642901833
0.11459756650247 0.109864982384417 0.174945826337579 0.150587325955225 0.0786133629925829 0.168258077486211 0.024531766366946 0.0800870866224116 0.0345227610170232 0.0639912443351355
0.00557287241678203 0.117023966584597 0.0875418926193227 0.0309871549902636 0.00776029177711813 0.146663365130923 0.117710756065069 0.215671450446464 0.0672751992350874 0.203793050734372
0.109067167029901 0.134251671291143 0.152920543764949 0.0469515080155724 0.0262649889946531 0.0786644377848511 0.130978869849507 0.15687581296709 0.092431307199631 0.0715936931027032
0.0310793032613412 0.0275261203267755 0.193704233878717 0.134447440372814 0.137964383777026 0.094012820152826 0.0278906791528102 0.0581968267997751 0.13136872448762 0.163809467790295
0.0798840253093642 0.144804541016377 0.12848000207442 0.141565091260259 0.0460586905786126 0.131541300883921 0.0314341236372219 0.140904382030806 0.0930174251406555 0.0623104180683629
0.0919090599152065 0.116357346462508 0.167958416420132 0.00692681204861329 0.0844105659022838 0.0906672812702692 0.175038391946258 0.172322301751267 0.0736817098396649 0.0207281144437966
0.0962813544840375 0.0979199649494003 0.147606462657821 0.0487062256580502 0.0354380283040306 0.082512073081793 0.12884493025198 0.0951160401651988 0.122572443630905 0.145002476816784
0.0310142271716999 0.153385478784856 0.108668361190663 0.104848089874589 0.044633046244967 0.0591729078659006 0.133326233826198 0.142145712930199 0.161944286382625 0.0608616557283018
0.201295503794882 0.0630065236463063 0.0440837806021521 0.0691293781240835 0.122995290424585 0.204627804761543 0.0893266328271417 0.0686163157736733 0.069828395631861 0.0670903744137719
0.149649007825825 0.046092428734357 0.147476931697379 0.0200400488792847 0.16666961603804 0.0812455527179133 0.028267458639251 0.101568365146891 0.110846018969212 0.148144571351847
0.196239432841805 0.0507544700831876 0.0836523637158087 0.185839730158361 0.150532747932482 0.100807529690433 0.061620243341015 0.073750495064492 0.0163593521277517 0.0804436350446647
0.0420217615582164 0.183502227235131 0.0703664131718995 0.0190225356108708 0.0788551104674279 0.0954969625427686 0.189531737307043 0.011584303891247 0.120956923637582 0.188662024577814
0.0921513067229327 0.0557120603031571 0.0644780922582881 0.101997399889289 0.157705801942686 0.168546099284947 0.134217842248471 0.101431790095987 0.0626616613450894 0.0610979459091534
0.00859814375562342 0.207827051626226 0.0372107327555073 0.17873797185776 0.207551858803243 0.0645563266795041 0.0350339071576049 0.0834530917249635 0.124577557470716 0.0524533581688521
0.0329898048199909 0.0996525078896908 0.247980964035063 0.103111813365412 0.0519748680594894 0.0376681859787074 0.0710547531865073 0.0663292759184617 0.24793725766264 0.0413005690840385
0.118839153286209 0.174050044733718 0.0164067950782795 0.10532120767761 0.144531972176083 0.111976841055328 0.0512750978668254 0.0814147020004421 0.136686721863236 0.0594974642622694
0.0942738884152715 0.139407913977179 0.158048489700992 0.00819030463368103 0.161124187446672 0.104946576613239 0.0426291162565857 0.0636989054635464 0.105163635361453 0.122516982131381
0.100784625786664 0.145391084130172 0.024960351632941 0.091496958063434 0.155689595727486 0.0624720792117752 0.163204267234386 0.0252251585999951 0.143129486562278 0.0876463930508681
0.135189107956328 0.108445391950656 0.101745733905903 0.0488751727089138 0.0837627032727143 0.00510536886833736 0.0638772048917772 0.111448790073703 0.125340290912291 0.216210235459376
0.0858229215157245 0.045376881049584 0.0856899295791217 0.104371151356266 0.0351758291519447 0.092436298957998 0.0319837143243054 0.0213997855474728 0.261830913937334 0.235912574580248
0.108906966393831 0.119364678478146 0.0683957678811411 0.158017180795295 0.0708389632230595 0.0700999797338844 0.131104748776868 0.0728537042039784 0.018588619115104 0.181829391398692
0.0575729295089634 0.0902808929841668 0.0827965392204905 0.149746580754735 0.00474069979101877 0.108347634995166 0.151905474942622 0.157845655972178 0.0319926153844073 0.164770976446252
0.0226494329862017 0.205081886396017 0.0216344508403212 0.0893269791971633 0.0532246490359882 0.114485444893486 0.0180424376376708 0.0953995862146867 0.162214592238885 0.21794054055958
0.164027281643676 0.0590847846759903 0.207893933181821 0.114799316131849 0.0139996058604339 0.156311012810853 0.0925807885056455 0.0568657665444714 0.00951921870948224 0.124918291935777
0.194138473812983 0.0756597540303985 0.0982681162264162 0.0419785311202961 0.142548213693768 0.114670776883724 0.132943162808448 0.0556287201053501 0.0968025357605205 0.0473617155580965
0.226374422632304 0.184290437618568 0.088387837540725 0.0324956343226528 0.102481516455761 0.0403983857505993 0.0405697910666398 0.113287668291205 0.0960379475108731 0.0756763588106731
0.0237985371139439 0.110680812332928 0.0393704698740152 0.0676491886071998 0.0863161636545124 0.10778515442489 0.18946049576903 0.209059417865521 0.117394380709827 0.0484853796481328
0.20571570848653 0.0376648266840062 0.068864796729691 0.178015621520697 0.207826984072562 0.0553370583519982 0.0124105422902988 0.0999534764855647 0.0328962207129406 0.101314764665711
0.00894221331146533 0.130445741991355 0.14034115027578 0.0460848349583179 0.0490293813622098 0.139363591335896 0.155564271142475 0.129245156430528 0.0993860192548156 0.101597639937157
0.0418635179388704 0.109948782154436 0.109153965293707 0.011861935951367 0.150149588952495 0.177944538339643 0.138726808231048 0.127411717076785 0.0925696188222854 0.040369527239363
0.0590074848430785 0.212615947522616 0.039311928412106 0.0816129804584951 0.0379216080197551 0.0750082936721213 0.173306721276583 0.132726114888931 0.140760828656915 0.0477280922494
0.0673724385600821 0.0368467286421236 0.0178792744673663 0.169712638761438 0.180913511688169 0.0677925437120653 0.124380930249491 0.135559348022329 0.0736339630063054 0.12590862289063
0.123613384737602 0.160494484051179 0.0791021043663851 0.0373657862188292 0.148602300289062 0.00826586103799796 0.143482632388655 0.135305869028097 0.158784254638465 0.00498332324372819
0.108805879087538 0.0857181509158957 0.000530822041147078 0.238632486881173 0.0918464678770385 0.0856376122526101 0.0575447680373902 0.19305376978064 0.078865240415408 0.0593648027111593
