0.270943545011029 0.084931219212306 0.0115113718340758 0.325181812605449 0.0293579404219575 0.0411782198424447 0.236895891072737
0.220502732919926 0.0452725504561976 0.0113859130598878 0.133781568063386 0.203453826394468 0.222339925223336 0.163263483882799
0.2245243416639 0.216447761581017 0.00644715774606863 0.178182195622041 0.103761905170163 0.0339803513923291 0.236656286824481
0.0190951954315086 0.120861011434427 0.184893932908871 0.244002652699777 0.127445957860426 0.202360416329114 0.101340833335877
0.250745647983835 0.289931830192011 0.119975718427487 0.138354638411316 0.0101580138447946 0.0184891358664693 0.172345015274086
0.0352276907200004 0.210831690759935 0.0358713125268914 0.0924331283937411 0.184946280062924 0.178213198232773 0.262476699303735
0.214993208455356 0.0671481061891857 0.224611374666787 0.1135345627479 0.0683738727927856 0.122692146745455 0.18864672840253
0.143848361178193 0.145644412013219 0.131726241302302 0.115507556429937 0.209824521823101 0.186989635891447 0.0664592713618015
0.172173923517191 0.180774954172099 0.0226476268009268 0.202880280898846 0.0303084430029738 0.158392164225592 0.232822607382371
0.188764131226795 0.180423493083909 0.0868285528101369 0.209228144448589 0.126238557460949 0.094454981464411 0.11406213950521
0.158047125339992 0.0467655382841309 0.13300342089504 0.296265578152225 0.0767882629064257 0.162366978771183 0.126763095651004
0.235055933027716 0.090240663036186 0.291073297157156 0.171595149031315 0.0639181843522428 0.0862448269943583 0.061871946401026
0.157001066543494 0.191229054816589 0.00409857985471985 0.17848144950951 0.183180745214251 0.103148495724193 0.182860608337244
0.216068015138468 0.176746743617766 0.0245608415165909 0.192862657393216 0.203933287900462 0.0640508403553656 0.121777614078131
0.155673600284669 0.00383449136655513 0.0564344951831399 0.101513672478132 0.0743140781164567 0.484046694940948 0.1241829676301
0.164692006369722 0.00791787792912239 0.146727863467218 0.233520059552091 0.0939090678503004 0.187329934451558 0.165903190379988
0.305413784065251 0.0618063730809043 0.0948793490502624 0.0393496606482165 0.192528748580067 0.102641313268643 0.203380771306656
0.171284563125594 0.175329392436864 0.0451839072165073 0.279919793260877 0.0300779806692732 0.127880596708026 0.170323766582858
0.142843301729644 0.107482518438134 0.198851843922504 0.102120029370264 0.165445441442527 0.0761659969013277 0.2070908681956
0.026536685877532 0.0500446532517321 0.0998171134605537 0.152964182636291 0.394458171259634 0.181615006288185 0.0945641872260714
0.138439752998775 0.0110676672456455 0.072314198697624 0.0969841143835098 0.292128864655015 0.133769232034421 0.25529616998501
0.122833073874881 0.225237557254334 0.00645647198030826 0.22402328250355 0.108582322836049 0.0877865497511517 0.225080741799726
0.163185992930791 0.172396297355476 0.14362052131102 0.0904413928238509 0.107292620738979 0.173407800566615 0.149655374273269
0.215546546542535 0.0917213392617839 0.0328750627523419 0.229293203223321 0.162573375122767 0.0803380921144063 0.187652380982844
0.055073562161209 0.166034178758266 0.204596144031283 0.162501431955925 0.182816248760023 0.154740643165771 0.0742377911675229
0.275814515788214 0.0869876438587213 0.105298468105919 0.123715439198539 0.18961688960326 0.158518377837167 0.0600486656081783
0.199047991564933 0.183373873719262 0.0255005794263975 0.260264905260867 0.162723991095924 0.128942003229372 0.0401466557032446
0.281796354946581 0.183737741978337 0.272940940725242 0.0353374391306696 0.0557638847095899 0.0883335523650042 0.0820900861445758
0.147251649461284 0.0706101485112658 0.193384628808243 0.0881579929456261 0.22257886878345 0.23862584442722 0.0393908670629104
0.207177621152728 0.0478587562711656 0.0791122273146217 0.00519069634443329 0.256627280269814 0.117443606554503 0.286589812092734
0.0648633345512446 0.206585683326593 0.18093907924375 0.236886324236406 0.190987378262602 0.0989330199694272 0.0208051804099777
0.0116559032034043 0.23865154832495 0.240949403654763 0.180522783006915 0.14995236580885 0.171883949796683 0.00638404620443422
0.143300825706879 0.163474348275666 0.20135864571661 0.148468794765337 0.183755820329608 0.0946020373670146 0.0650395278388854
0.168642908722448 0.142848474588911 0.15103656997134 0.180236858950273 0.0725519692676679 0.152235216404498 0.13244800209486
0.124688759742112 0.166747822328808 0.128007038831637 0.147922982358594 0.181176644631284 0.0974081001039936 0.154048652003572
0.168356576489688 0.19938445516701 0.0777983782819803 0.205779630774132 0.177148003759129 0.130128627511612 0.0414043280164482
0.109154772719987 0.196842418504216 0.0931367525819141 0.21216861709531 0.0866547031302768 0.186179033756328 0.115863702211969
0.261024694089461 0.145730977192914 0.230005144397435 0.132987095495894 0.137744654931361 0.0314422275210273 0.0610652063719075
0.176872057265529 0.0697767212178864 0.0898943396440882 0.175922692092697 0.155867304298104 0.197215625548237 0.134451259933457
0.0206656998895529 0.108164683396287 0.254954663936821 0.114689318995017 0.241614167905147 0.029761515071319 0.230149950805857
0.11287010835722 0.0686515551762171 0.151547029010923 0.0495309683077579 0.210072195809062 0.188589431283979 0.218738712054842
0.100519643134391 0.146210239027921 0.190571583972637 0.0149306411622703 0.137248452272531 0.162267289033898 0.248252151396351
0.0181124925605187 0.208082885257849 0.259914105704145 0.0241514992564712 0.224388730321061 0.223017546015578 0.0423327408843771
0.018235726695467 0.231514793221838 0.0284638544441212 0.272562543576869 0.111321628720707 0.166486225591457 0.171415227749542
0.0331454149230483 0.065024857666241 0.187197842559605 0.0285961891169208 0.243981077740034 0.244766407667163 0.197288210326988
0.123471596897238 0.0340597284641529 0.11177702367993 0.326485489591989 0.229938274487037 0.0564334229371973 0.117834463942455
0.0229422602212747 0.210584884794389 0.16217990672705 0.022808335286468 0.0137145798348044 0.365806886088527 0.201963147047487
0.0473204567451826 0.20844080532176 0.176000069235189 0.0302312799305843 0.0600788123618891 0.379371703878521 0.098556872526874
0.16774110932096 0.180409111486476 0.0530511811250411 0.219763674117158 0.0980804995974664 0.0286873051817498 0.252267119171147
0.180430619574687 0.00721540348199267 0.179118382365634 0.193688643928556 0.110589457753727 0.127528714888107 0.201428778007297
0.0628397745796302 0.10355596080963 0.220159274115099 0.265406094973368 0.0837892831796038 0.0738432285781469 0.190406383764522
0.136122356957832 0.22864648228185 0.22527525965444 0.215452029467834 0.0167831503202026 0.0528267654785213 0.12489395583932
0.127992673016452 0.195464969208025 0.133876344149593 0.219645247424545 0.0748130647107108 0.044977663075258 0.203230038415416
0.0601677894684991 0.223928016719225 0.0385223826047091 0.197471072071159 0.0598837749635578 0.169041211433364 0.250985752739486
0.12007402395409 0.186531034757872 0.192842765499982 0.1450266524079 0.0399878247661654 0.305414228900465 0.0101234697135254
0.0228910391879674 0.149578971438014 0.426194502911394 0.0112164839298328 0.253201578895364 0.0201320774581878 0.11678534617924
0.0270913214578712 0.389522392309526 0.182516387673834 0.0703243315066258 0.238785592459874 0.0479880965562607 0.0437718780360082
0.164678881277297 0.215711575757304 0.0126269567645378 0.209856934512589 0.194972634785625 0.161632230052435 0.0405207868502118
0.237379385277705 0.207905489696702 0.0954008408460959 0.0115257925234215 0.225341226921284 0.127343333665368 0.0951039310694244
0.200411491733026 0.0826679672255758 0.148072686135222 0.158922974847182 0.0242639723095831 0.150236563970709 0.235424343778703
0.235931952740423 0.097771713081318 0.0656312332142562 0.113217734179198 0.0154616898311444 0.312463882859043 0.159521794094617
0.138344804256947 0.276841996824201 0.283190268596096 0.0018225908479243 0.0276626733233949 0.0611164446940033 0.211021221457433
0.130664039182055 0.187878270698778 0.196535156937478 0.0657098571566672 0.183295235450058 0.131657387755934 0.10426005281903
0.13666148835246 0.182926954368015 0.134992966027866 0.201106757896574 0.0430474929903573 0.206532194612466 0.0947321457522617
0.130010496356818 0.081990355688761 0.158588139773896 0.216676981604805 0.127273652598981 0.139524521428251 0.145935852548488
0.202089581535685 0.0294464665553939 0.10565463705728 0.254959046644412 0.0447576450388794 0.146398823602616 0.216693799565734
0.206650647614903 0.234775570245509 0.215346738057943 0.0103950629801966 0.0366758142307724 0.224293588370412 0.0718625785002629
0.137958671951038 0.134136355061392 0.106570140007483 0.255578963790371 0.185052767251787 0.0694704885754407 0.111232613362489
0.193425241577679 0.190723532893062 0.137509638650375 0.00276570605941487 0.113426464556401 0.218468843833236 0.143680572429832
0.136782949286279 0.0119638675809017 0.169403910085115 0.0628671225510125 0.203971806115722 0.258037120498135 0.156973223882835
0.0240993839311781 0.275410802040315 0.214172324458117 0.0411370596279022 0.146321767773547 0.197071375073782 0.101787287095157
0.251921362891684 0.142510775733631 0.133133747690864 0.0478096117388942 0.159514735180187 0.252414510020488 0.0126952567442512
0.00761932030276954 0.0748804872793976 0.149415020136497 0.167735256043305 0.356037774092021 0.0774435758037593 0.16686856634225
0.0590664149793452 0.0583783318890631 0.103158218113872 0.355554137024208 0.183681920663363 0.159702268139994 0.0804587091901539
0.182162147303023 0.115961337726728 0.135966518265015 0.186688448191492 0.129000187566166 0.121702352744072 0.128519008203503
0.237060140081124 0.0172990108001356 0.121745373482494 0.108490203456074 0.197421935619781 0.0975650353465424 0.220418301213848
0.253622113338985 0.0987537517165245 0.0341777654804538 0.215777490212179 0.159443374319979 0.0380849697005805 0.200140535231298
0.216153017820509 0.150035329834281 0.0872582445221398 0.107172448407483 0.239472750450845 0.0762266182308994 0.123681590733843
0.154013973802777 0.12889195738766 0.0996961392131687 0.247337991309376 0.0940530284883619 0.187551029160402 0.0884558806382549
0.0362750195013885 0.148410313247964 0.262829157906529 0.234184656909667 0.0445610312614321 0.113190420781843 0.160549400391177
0.241999576009652 0.0298815608493042 0.0580685322052171 0.181282093848953 0.395705411853775 0.0593151382888606 0.0337476869442376
0.284467123743022 0.0391156093533716 0.11836393804376 0.051872734240653 0.302080607922779 0.00603973538124511 0.198060251315169
0.251938572330773 0.0593487294950661 0.125020761624592 0.276448529518018 0.00489525356254268 0.170652098846722 0.111696054622286
0.274347376892264 0.0252855427432301 0.132677012088892 0.21646757285676 0.196848217327424 0.0847658618858354 0.0696084162055943
0.125818018515077 0.223373979637112 0.0929241080684075 0.143711242303314 0.0992044835552084 0.184040710821529 0.130927457099352
0.0789768482392892 0.025292946173349 0.0989777236544253 0.103995316200828 0.329711308290507 0.0806971583637439 0.282348699077857
0.194224519966029 0.079754650856656 0.0371772095631997 0.200193208222547 0.096526465361214 0.191606593549471 0.200517352480884
0.0830408175063795 0.114795787672857 0.129031966359458 0.159822601946171 0.111725818703106 0.137685024264826 0.263897983547203
0.0177407649890153 0.206606865773586 0.223441528420175 0.0389073509951715 0.203314853250585 0.1392619903434 0.170726646228067
0.0992317483981192 0.0811818767431585 0.0985939411632279 0.0691410114338032 0.201881928311833 0.222264002171893 0.227705491777965
0.0701334295140801 0.0231627959044505 0.239799001750349 0.114847809080766 0.175355689424679 0.203224841028679 0.173476433296996
0.0940158775771151 0.136889686819769 0.135883698228352 0.214213087097246 0.0475148052002907 0.169968726972606 0.201514118104621
0.0821376498892901 0.0229195830080119 0.160058362325736 0.286615859355507 0.125288317760531 0.129302134276862 0.193678093384062
0.120269453523088 0.126421983221363 0.241678581442006 0.215168759141433 0.220540150820482 0.0326783856989252 0.0432426861527021
0.0538680764205524 0.135238185861092 0.238180881478633 0.0372579509706254 0.285102383496539 0.097969739350965 0.152382782421593
0.143900481957031 0.068394690981405 0.0519365658913555 0.172561856891069 0.189109995244094 0.194384912053217 0.179711496981828
0.0548330287979673 0.024575557159641 0.0161985714984583 0.290987408663178 0.292213230289843 0.188580093949172 0.13261210964174
0.144715680193063 0.141813827725664 0.0999852608619607 0.083681202130731 0.190404794034883 0.170168332222273 0.169230902831425
0.215677686258064 0.114376007586078 0.226013638710883 0.11241046027017 0.0579829334208007 0.0511719475033667 0.222367326250638
0.0514529951207209 0.116128218058998 0.0069439183431536 0.145975291298565 0.157131168635825 0.325676649397536 0.196691759145202
0.139246458721499 0.0246194366299614 0.11105801632706 0.195638416430758 0.198349315265244 0.169009539410543 0.162078817214934
0.115895032911052 0.124645646923072 0.133485043731733 0.219219718748723 0.0548749892483618 0.206961279144644 0.144918289292414
0.400536134507462 0.169500135912495 0.182801906338988 0.0738930385280007 0.0192660756498292 0.106464788769222 0.0475379202940035
0.11241441747323 0.203703900682977 0.158094601553489 0.0808331572495654 0.0877367076158133 0.142477999902746 0.21473921552218
0.105639067939912 0.179889432333143 0.182646564019587 0.172548347527921 0.173127298949296 0.174028141879146 0.0121211473509954
0.0617479026674491 0.233740989285451 0.118546943029421 0.152321922479167 0.122125670507808 0.229757404196537 0.0817591678341663
0.0967214490596832 0.135899727972194 0.0818075883003207 0.156230657551027 0.14512805532473 0.223191307903054 0.16102121388899
0.160927702836715 0.0398684404053389 0.218696916757269 0.078936266806626 0.0667509398139827 0.238322619492922 0.196497113887147
0.236606788457058 0.246698169959378 0.179998181260267 0.0974449900541135 0.00267034161810561 0.137365775815714 0.0992157528353643
0.246659193140927 0.134790595375992 0.123692696447906 0.10748493671707 0.11222183042778 0.00993296297928292 0.265217784911042
0.130417553485067 0.254830487879204 0.196000291689987 0.0561820670189547 0.2516213751584 0.107563615282334 0.00338460948605252
0.058737209597079 0.162467668579708 0.247766813565548 0.11333013072278 0.116960930232446 0.249751419025475 0.0509858282769644
0.0164707808986928 0.133671385417023 0.166925251318861 0.235026119939508 0.256352672403165 0.0106510690242935 0.180902720998458
0.0753151585965122 0.291290389290228 0.324966009391436 0.0425517325935446 0.0559779204955375 0.0142532417143944 0.195645547918347
0.186250064767777 0.197455896475206 0.156284098767995 0.158291772250677 0.08996411939018 0.208326283599881 0.00342776474828377
0.0489732102340482 0.0861233870425932 0.141783276423143 0.149461105668642 0.234384945874575 0.282622549986376 0.0566515247706237
0.0359190301492036 0.209121993870127 0.212662969491473 0.00761310330177102 0.106119495156395 0.198070732545957 0.230492675485073
0.0528904023634939 0.251192692848834 0.0925788300481295 0.145510058798165 0.101204177278285 0.26734278487474 0.0892810537883533
0.265726978202111 0.0478280750678317 0.332706270361945 0.00899195550496571 0.0104482267621124 0.0341894354374455 0.300109058663589
0.221545391999033 0.275530827426994 0.0979233716207137 0.0217315370969442 0.370498047186383 0.0074762223620079 0.00529460230792405
0.177097667520966 0.0843334739529821 0.24043569364717 0.114657462039513 0.175269813983758 0.074344964911633 0.133860923943978
0.201106887242915 0.147244850487901 0.31956584966689 0.0613957328958822 0.142394861584279 0.102040550698292 0.0262512674238416
0.0181688614124302 0.331236997857454 0.118013016219656 0.325220432098453 0.0823085870817927 0.109066000324484 0.0159861050057304
0.0735722178372154 0.142655824001298 0.100762998573592 0.270337914861793 0.317621894229095 0.0224273749423349 0.0726217755546721
0.200422324693184 0.14053241196761 0.166049607744274 0.0394385990078545 0.136108193637795 0.117781704618094 0.199667158331188
0.177531450652123 0.215470862434468 0.0475062280087383 0.0614455518992355 0.132548459507275 0.278346223413955 0.0871512240842039
0.14082946081148 0.0585270790423809 0.261990248971606 0.0872155656585364 0.0710748708070695 0.185680025201542 0.194682749507386
0.20877884295112 0.0839050888296415 0.173269945932316 0.184588961032655 0.0173373758088484 0.15090392507441 0.181215860371009
0.20149392955965 0.202870919352309 0.156895222851476 0.195693104511977 0.195992880451389 0.0314355107058334 0.0156184325673658
0.177785188161309 0.00617866387375923 0.148441010908056 0.154145336752299 0.197330067243013 0.102668812577626 0.213450920483938
0.0913853699664919 0.335589364357189 0.177429108707441 0.027725519275579 0.0119475243928144 0.30207362991791 0.0538494833825744
0.0936208348702608 0.0347519394096988 0.339024006179883 0.0723574829989199 0.100797210046518 0.243172906938597 0.116275619556122
0.201388265929462 0.166225379149488 0.224089576885461 0.0530663806916709 0.0146293751723937 0.188431118493969 0.152169903677555
0.0120738888559753 0.0504865610375566 0.250955444743459 0.178444485608578 0.152596809339462 0.0576538252036028 0.297788985211366
0.0355872470808615 0.122468552608844 0.238208514052442 0.141029102397048 0.0500822847044255 0.0866113180312496 0.32601298112513
0.0961519154175569 0.12467358623513 0.266985017223896 0.129668539823699 0.306549917353654 0.0116607969430607 0.0643102270030026
0.181349138899622 0.148848905073273 0.0739131985370267 0.169176749136611 0.11448250322413 0.175879483863041 0.136350021266295
0.190087930828367 0.190507434528941 0.173559490281217 0.0724192158375001 0.166452249805644 0.0362721102632104 0.17070156845512
0.091461716223147 0.244450951933232 0.0259319971824022 0.13748699166246 0.266433283160063 0.230957757776459 0.00327730206223633
0.0812292507823372 0.178031962108835 0.127108477126269 0.173324472524505 0.189719080011151 0.168854692008041 0.0817320654388615
0.0863587870518766 0.158356104877531 0.183579389566048 0.0685291206230695 0.286204462816087 0.177251177058364 0.0397209580070237
0.238682927207753 0.0894154710209022 0.113451134028317 0.161240836327888 0.162361751808471 0.222221200561571 0.0126266790450982
0.177369818751149 0.163113407199711 0.170660265797861 0.125851132155533 0.160969439876206 0.132453007485823 0.0695829287337171
0.16101446647765 0.189826395034067 0.0320819671865112 0.0747197101582405 0.174566347247285 0.194400726628347 0.173390387267899
0.181598831535058 0.173102168123131 0.108212845964646 0.269602427915838 0.109180227631799 0.103115327737798 0.0551881710917292
0.069880817109093 0.149165903934483 0.0214134605768742 0.226186652236395 0.270915528253936 0.0049271676179114 0.257510470271308
0.228400603347856 0.23781347302911 0.124280951545095 0.0521572147104654 0.100404457141352 0.0222167456418394 0.234726554584282
0.0485780865515792 0.226627582811839 0.065869607410913 0.132117117612922 0.23210588609124 0.174705425844846 0.11999629367666
0.293261205576328 0.252584530975169 0.171265464023977 0.0172344565470722 0.0193961199795752 0.0535761895336 0.192682033364279
0.195279685812812 0.104300399893438 0.187800597986367 0.127725920305432 0.146905019400173 0.177479183438482 0.0605091931632964
0.211274677949078 0.16556148304301 0.151932346574963 0.0349745693112684 0.143323375283641 0.125292336648331 0.167641211189708
0.24974580531676 0.190299909773931 0.013525883170676 0.186985170290802 0.163612318327077 0.127852977386728 0.0679779357340251
0.131101412672534 0.365782394568613 0.101178976506276 0.110972656502997 0.15158428759843 0.0798329724382858 0.0595472997128647
0.0611488595778675 0.148375142074478 0.0761770742859613 0.132445239827643 0.209095830396303 0.159885882952154 0.212871970885593
0.171665488741716 0.209135123800336 0.101315932814256 0.00337362163631465 0.223298864540783 0.132082183247521 0.159128785219073
0.166530611996136 0.0877780206665418 0.0856228131210843 0.163277112134465 0.114958338790854 0.146948415187428 0.234884688103491
0.192870392891379 0.160386950648611 0.163835996131302 0.203947767174879 0.091856268056618 0.145961856584776 0.0411407685124351
0.17158451692422 0.218315089663655 0.171314948455261 0.128552684738448 0.132554652195261 0.100707246306969 0.0769708617161861
0.134010919713614 0.0101538628939156 0.219432602738455 0.183920832122735 0.185564280613378 0.0746979316746568 0.192219570243245
0.109888965184855 0.175030170603237 0.151632022475161 0.176206682292564 0.0479714593979082 0.177906298917593 0.161364401128682
0.101933450834101 0.0929071197563734 0.108000154430335 0.194269996090848 0.00413550997253316 0.235710199858747 0.263043569057063
0.0173700356208542 0.0351700144839038 0.210045947507497 0.132268420982595 0.299154038667764 0.0251901630092831 0.280801379728103
0.220466991292593 0.173728614344453 0.167209919061502 0.0494520454392217 0.201425511894178 0.0804994140771206 0.107217503890931
0.0345452408604282 0.110219417668779 0.136458027178718 0.0715056836545618 0.249939885055288 0.23272280180306 0.164608943779165
0.171780399869453 0.21637754631534 0.132815435591059 0.104400165667092 0.1046846718549 0.122423925770051 0.147517854932105
0.0571397546927313 0.212100304151689 0.156526273916376 0.22392635128703 0.0125598969801532 0.105261818336933 0.232485600635088
0.183350630770454 0.114860650251423 0.160125773295283 0.193177248472132 0.0123203488587092 0.297647884973573 0.0385174633784262
0.269502054851812 0.197065248653983 0.07986175833986 0.065398589739841 0.11642610747494 0.215022143713641 0.056724097225923
0.222339133115092 0.0883146665072867 0.281081051238244 0.00392487461479836 0.357689377989331 0.0105440350381423 0.036106861497106
0.086065251935103 0.123348228222689 0.190122315661891 0.263989291089541 0.0336830903390583 0.128391893243521 0.174399929508197
0.0957746909509132 0.19303463671233 0.167378669274103 0.104698930084002 0.0388621436491818 0.177706227311421 0.222544702018049
0.22308414075857 0.102342020034389 0.0205644171399452 0.205498606998151 0.161167472788283 0.154266619869376 0.133076722411285
0.116420098224082 0.0818570465517908 0.202257601423894 0.0382727672209097 0.175037879453758 0.143914350439778 0.242240256685788
0.14783767524643 0.115648871228983 0.148369918374137 0.188231110929234 0.251715803862188 0.109820297384713 0.0383763229743151
0.107704331368575 0.00319770067091231 0.20324759043467 0.0010665720333828 0.294329076596242 0.231198398858816 0.159256330037402
0.163457437469174 0.297447838388623 0.280323754283326 0.00712591528782193 0.0931160274363474 0.016645321302371 0.141883705832336
0.120745188719266 0.0532037038504427 0.163639902318421 0.143798946477987 0.179514628904813 0.110441427727441 0.22865620200163
0.167205730863919 0.0503007180553109 0.00382969591583238 0.212553556488343 0.152339041707581 0.206813867085786 0.206957389883229
0.0823503570441926 0.191607580394849 0.11429615825119 0.174844675734589 0.0659952198234338 0.231571655614661 0.139334353137085
0.139264742752286 0.158140754305197 0.142433703042063 0.0621118913763284 0.202955793951635 0.191999486914001 0.103093627658488
0.256603351687732 0.170534760573854 0.0772737135109364 0.00934323457564979 0.0544067636342784 0.218993405416331 0.212844770601219
0.0819086863775953 0.207670476026105 0.2346316978124 0.238499942691724 9.19818392064924e-05 0.062047683589361 0.175149531663608
0.00218190299148993 0.252421849215969 0.0968796338742391 0.13235246985418 0.154764343007049 0.240318508254816 0.121081292802257
0.298240229141333 0.00244246204164157 0.229107366958193 0.174474474880988 0.0861608446755712 0.0271578393543662 0.182416782947907
0.0295442873846998 0.251025431120088 0.149952849742612 0.0763814909133702 0.0599687213247846 0.238571699859373 0.194555519655072
0.223648712890182 0.213262151207115 0.0909262126104048 0.176651570175057 0.0233364978854028 0.219936544216226 0.0522383110156121
0.220743910729927 0.0418714874870583 0.086806816459025 0.346350036543494 0.139985756829902 0.132881443682524 0.0313605482680708
0.00748440074682851 0.171843180520198 0.184388223572143 0.28048429828635 0.0678483564468721 0.0460495917192579 0.24190194870835
0.325104988462436 0.0200397372483609 0.00634234788692442 0.201874155845846 0.181852851651534 0.0647400881272106 0.200045830777688
0.202714692361315 0.179166259053745 0.0340615716948474 0.00136115767748221 0.180271329306499 0.190420974485316 0.212004015420795
0.25005919078852 0.15282967901646 0.17308623977111 0.00471950217009235 0.152945829591446 0.0699095129036642 0.196450045758708
0.169191972824107 0.0988391176469429 0.203701047530934 0.0206523562195955 0.200626277764051 0.222716420464849 0.0842728075495202
0.0736274224226067 0.0998286298045051 0.148394601583368 0.0823740293684535 0.252919836319374 0.103590376127357 0.239265104374335
0.237068791338203 0.0441534615194611 0.0704455848740091 0.238649821244895 0.0438828133837257 0.287780916849065 0.0780186107906417
0.153445853748023 0.242920052911734 0.127817552304109 0.204874025325265 0.0217810007751762 0.0643812269362258 0.184780287999466
0.0442355466974878 0.196821110688577 0.212597977929179 0.201069516494698 0.042127213648904 0.18599803132211 0.117150603219044
0.212175944451401 0.21904462079638 0.0986745127990285 0.255461352550409 0.175609401845241 0.00211501515595047 0.0369191524015899
0.187062568045156 0.0651906697450203 0.0944878289392638 0.0996159958311039 0.164733268642487 0.238599762683522 0.150309906113448
0.0573095558079554 0.160770955933078 0.128680263529186 0.173276519819965 0.168378465762991 0.195547823415163 0.116036415731663
0.0412669592208215 0.17914274075117 0.0899505285109838 0.147422172812147 0.221077199410945 0.120181771171398 0.200958628122535
0.0160416665553841 0.159633120044189 0.380754458565095 0.348238914679532 0.017452579211293 0.0683265798098246 0.0095526811346822
0.184125880170876 0.109002936801205 0.197511905527497 0.162084737175288 0.151398593757607 0.0211646398897982 0.174711306677729
0.0565122897569075 0.237058778909319 0.260148861174269 0.0946715216743733 0.163535031635184 0.0751661740255912 0.112907342824356
0.0313830226040398 0.163841834756727 0.0697508216106763 0.249748376078357 0.0745660847633384 0.15675681118562 0.253953049001242
0.141833572526238 0.173030808269799 0.132915667536795 0.158961360779665 0.151511696581116 0.0657988574574495 0.175948036848938
0.144381427531578 0.192247437497572 0.183256761453337 0.168322833352833 0.12223051978686 0.0520040831056033 0.137556937272217
0.163782654782121 0.106862825803253 0.191066592262512 0.066732862053546 0.198752348341247 0.181530353413247 0.0912723633440747
0.127078053513607 0.119450127952912 0.0501732369802576 0.212327374576818 0.138264785131649 0.139393981729143 0.213312440115613
0.0804775491889883 0.0134317817935149 0.232706859190105 0.19561985460085 0.234849801915646 0.0723587625092301 0.170555390801667
0.088980645885858 0.308578500558376 0.168610571069373 0.0816071874628099 0.00587402304192553 0.193049633254734 0.153299438726923
0.234079881235764 0.233662954380472 0.0977985483728047 0.195686858147581 0.0358940012643595 0.0107030746575306 0.192174681941488
0.0934813025495737 0.0355551782287079 0.0432098581723358 0.304601017691393 0.108833744698331 0.190306194145346 0.224012704514312
0.167989496404511 0.00847470810095855 0.0441966322970577 0.21994855756006 0.177057979954407 0.164381639377604 0.217950986305403
0.20507798747225 0.0618155680537053 0.238899078439385 0.00680928252728187 0.139131936121446 0.154324736416264 0.193941410969667
0.0691127143884132 0.208760400856536 0.128969015655294 0.17325762495046 0.129018162865902 0.063950103523567 0.226931977759828
0.12103430654018 0.0943224180023949 0.199462187140279 0.0773116697652087 0.131560593078854 0.200379015966752 0.175929809506332
0.105346009181113 0.227907546174065 0.0620694175923548 0.182308384041004 0.134849715176858 0.0429690806815206 0.244549847153084
0.194764780082397 0.152168217865228 0.110083892129014 0.100157781045672 0.135217325411119 0.0392144533140401 0.268393550152531
0.0201824386739607 0.0229103376345613 0.243546154480869 0.323222050074209 0.120524024184802 0.060586494377582 0.209028500574015
0.164279098685938 0.134601684866063 0.084839277161891 0.186437334319015 0.163269561384819 0.144407600899605 0.122165442682669
0.0101884697294148 0.079485314649611 0.167491558934282 0.218777487575598 0.147451063383147 0.218621631571604 0.157984474156344
0.148786600787072 0.190374857470625 0.0415250905739095 0.185133905499872 0.0784512096040891 0.169448486246218 0.186279849818213
0.0324381580517891 0.249128586845163 0.140982198590088 0.23574011918143 0.155629924183873 0.163845227857374 0.0222357852902821
0.0619034996240501 0.284046453433754 0.106615517518893 0.263594300043032 0.103282169035802 0.060725855323511 0.119832205020958
0.15999287946703 0.184759100589847 0.129954766979187 0.0511717228534376 0.0645258945508272 0.190372434029303 0.219223201530368
0.21455411971024 0.172244540592906 0.182663419201774 0.0739430299672495 0.0250227593050994 0.0877769679725742 0.243795163250157
0.159544360492939 0.395232160063668 0.0795573872178382 0.139156957109958 0.0795521723749567 0.0026440808932577 0.144312881847382
0.229967544257697 0.0541809039704545 0.119700068575901 0.0465754403483906 0.213481544741573 0.165198958244443 0.17089553986154
0.174366744494473 0.337046642968532 0.274423269193377 0.00702436152446379 0.100048909527822 0.103339782691749 0.00375028959958442
0.231250575565566 0.102629544765879 0.0734056975216452 0.227229219142656 0.173245315872388 0.11403819477935 0.0782014523525146
0.103681218349195 0.111576548891401 0.141268726777867 0.157186105236195 0.18209777559597 0.112464970672283 0.19172465447709
0.219151334793563 0.169862119422205 0.140147449344192 0.00609385542620723 0.235739271092464 0.0870448848505781 0.141961085070791
0.0511848179895475 0.20417102660968 0.089311237736786 0.0618184847285264 0.254121031481983 0.158450776346738 0.18094262510674
0.135132852283371 0.163077803643604 0.168311276062419 0.135523225140821 0.137777758333859 0.151740604493831 0.108436480042094
0.182019269007347 0.200694200320765 0.131409043647433 0.18232543970328 0.139387364230158 0.14388498639591 0.020279696695107
0.182131859579967 0.204120708894749 0.170799472556725 0.159020537503652 0.15700869772788 0.114677552812017 0.01224117092501
0.00654619139973385 0.154326033195952 0.173057751638863 0.205488554681366 0.164436156409244 0.105783137636011 0.19036217503883
0.0418726882907853 0.279184087423803 0.259965096945083 0.00135010108315647 0.0253052851678131 0.279023096703884 0.113299644385475
0.216648566230739 0.103020452426475 0.164767084499139 0.154341421280223 0.151859924276595 0.173705938547791 0.035656612739038
0.0537038956463735 0.140275697818374 0.230196988897911 0.0726576356837685 0.100648273016165 0.156960095111084 0.245557413826325
0.374857477878884 0.030401435367117 0.0709561100259785 0.0909532539909138 0.0704639642491203 0.207944310315441 0.154423448172545
0.0783894724069087 0.102676323315037 0.219185671995336 0.0815974027745782 0.244866495789206 0.108412346800135 0.164872286918799
0.0268595178400533 0.191769965925817 0.107900933886558 0.0326250252449186 0.244522136538504 0.149510672054726 0.246811748509424
0.12113286284676 0.0878411864863137 0.207599224878743 0.124471149416123 0.218682757934143 0.056392896721876 0.183879921716041
0.144315549327423 0.187612306633697 0.108082553478193 0.0585286955394231 0.0690413747744168 0.245580213487417 0.186839306759429
0.10237265134643 0.057161195264766 0.230160145086981 0.00784272129173521 0.298690216540231 0.291297776544451 0.0124752939254063
0.0885917997615925 0.109262747906951 0.0641508230576803 0.0806490771782461 0.212690136564247 0.232296867152324 0.212358548378958
0.183478449950528 0.0881778153593872 0.0546575034238091 0.102843020795605 0.0920329335303287 0.179877577254209 0.298932699686133
0.0220917123953351 0.275261883795122 0.206001830206663 0.0799280031333865 0.0157047098415039 0.0828910838900143 0.318120776737975
0.22256929544268 0.0790998376160888 0.186779814111596 0.134732006345706 0.0821679679730344 0.0152649118870095 0.279386166623885
0.234375215432875 0.0778039629793374 0.156739798257816 0.12862112737603 0.166988617446727 0.0598270317242361 0.175644246782978
0.114998568380843 0.178661458722197 0.212952029042433 0.111360356789633 0.1233675585214 0.0481944616295144 0.21046556691398
0.22119258881696 0.159909472708653 0.16991553106652 0.0899537219485775 0.212674570265893 0.0424380668176674 0.103916048375729
0.0858553579026915 0.249572177571432 0.0146400944973054 0.256636287901474 0.134144800806682 0.243496821046027 0.0156544602743876
0.206310013935108 0.111518207664654 0.0518615395842158 0.0288831129612002 0.215685262937706 0.19661435680707 0.189127506110046
0.185785550043538 0.078324617687326 0.031503601019524 0.0305228345256449 0.132282234883927 0.18478538019057 0.35679578164947
0.107151936760924 0.276895619622774 0.032039749033059 0.126644920245324 0.0647267948238526 0.110963796281603 0.281577183232464
0.0940051669214507 0.259141790730596 0.0489477284613031 0.112622315081259 0.111227660238087 0.0179684927952022 0.356086845772103
0.108732247579578 0.218344363129599 0.00477135879313368 0.429814495088796 0.0473591868484266 0.116602989683311 0.0743753588771571
0.163821230073358 0.0763918457870741 0.0586605369870755 0.0715875835511965 0.274175370661276 0.13293253424867 0.222430898691349
0.0247131545127386 0.1777613967706 0.241537837873954 0.0481239850883337 0.247948691812104 0.130528310704868 0.129386623237401
0.0111293949907649 0.0468848021033244 0.200810409392023 0.106495448114664 0.245439828239347 0.222331927637251 0.166908189522624
0.0889226062316633 0.111182982169397 0.166703593711638 0.16477584231392 0.134581513479345 0.166256731304136 0.167576730789901
0.165756719132163 0.0560486176902462 0.233099665377346 0.265641205808292 0.0319128659122413 0.232218192817082 0.01532273326263
0.175110676881076 0.231934476139337 0.231268082702228 0.0684641519726896 0.136030597362495 0.0564396981272168 0.100752316814958
0.040000130668248 0.310481844508972 0.132653514961096 0.238094079725527 0.0211084458562903 0.213583126593274 0.0440788576865923
0.132081530971384 0.129248283824959 0.200567608399959 0.104449483668904 0.241486351830439 0.00348323530121825 0.188683506003137
0.125309499263024 0.0165186604807214 0.190978968540657 0.110126097955293 0.158859260018188 0.229476114023485 0.168731399718632
0.0114625517845351 0.0914604819039989 0.118276303859377 0.213826252233794 0.166374368908577 0.197357149826644 0.201242891483075
0.113409949888437 0.100712089823118 0.0487211122469316 0.256318072380643 0.241720122338953 0.0756952363484083 0.163423416973509
0.250089018902391 0.137124456039602 0.0159079084104184 0.0264727242987676 0.221645194513951 0.147494532421813 0.201266165413058
0.244676027059111 0.00146646173036125 0.0684723236577094 0.105413629647132 0.223365648833178 0.258961721838273 0.0976441872342359
0.169816853977313 0.17580599983661 0.153506160403433 0.0814888096696084 0.183499702126599 0.0567258061153677 0.179156667871069
0.185823798288074 0.13984950693643 0.120488486904156 0.205407753834678 0.00718247747388458 0.140237912664826 0.201010063897952
0.261700858839351 0.255086205660264 0.113928041659776 0.0416143397252962 0.0580047353501548 0.0409422553037821 0.228723563461376
0.145848504827417 0.224712316274661 0.142877420932325 0.233716473389177 0.0205108763056124 0.156193211641296 0.0761411966295108
0.0169105143197887 0.223812710567787 0.242642202907366 0.240086099044614 0.0915883215927407 0.135569274280336 0.0493908772873687
0.0424849545683642 0.138237619077095 0.213585592501706 0.19766386311013 0.19020070267516 0.191660265823252 0.0261670022442937
0.015940514883204 0.217072023146242 0.280729494865872 0.169645870114064 0.170624631815492 0.0829748377542853 0.0630126274208406
0.241821304708789 0.0989418123592325 0.173118979679856 0.0113811817984085 0.126556542543072 0.214093838554801 0.134086340355841
0.191651518779216 0.365081135762762 0.0850149379607624 0.138116896031618 0.168693419654605 0.0171420576245207 0.0343000341865155
0.054830968294239 0.22120792669196 0.183473692394295 0.0972597122437163 0.219001801430124 0.167442668814938 0.0567832301307276
0.200503449123782 0.0101922620078111 0.164080899562458 0.170885480932056 0.230680947659172 0.0288573068586677 0.194799653856053
0.116820172200644 0.0443796423988871 0.188708128772296 0.187408799150543 0.115967686377603 0.311064335283291 0.0356512358167369
0.194919286088877 0.226491155062331 0.252926296716297 0.00711556897032881 0.108051355280702 0.165999863474424 0.0444964744070409
0.161903251099211 0.152343169790918 0.179833346448638 0.0309120761020902 0.0273061329414057 0.215339473305429 0.232362550312309
0.118033492462466 0.220881471508014 0.145039570594937 0.227018576820012 0.00495134550832824 0.0469842043943361 0.237091338711907
0.200091061800516 0.0665597066652521 0.0113092442803094 0.195442668438498 0.0717524541120887 0.191122795214416 0.26372206948892
0.140495146522361 0.280357237502817 0.108816052810225 0.159694786908678 0.105388357700618 0.0658747128018706 0.13937370575343
0.019000901642199 0.264964186700136 0.04285697870917 0.119938225460998 0.06998446846405 0.301177933896278 0.18207730512717
0.119884263331519 0.0254807431751515 0.0344229641402306 0.123945965415797 0.204232784706488 0.228368771060208 0.263664508170605
0.104975815264508 0.0412600393675527 0.249319463094378 0.180133997376936 0.153680298358499 0.190285766532983 0.0803446200051448
0.181453908508573 0.257493869954905 0.0417470587157516 0.0541390904301663 0.171144024183426 0.23105911755866 0.0629629306485183
0.183058056490831 0.234185311229348 0.104680212447508 0.140586504641516 0.0758950887738172 0.253448225590152 0.00814660082682792
0.197833307082212 0.0483995720206136 0.155418048932859 0.157242599260803 0.25588820962672 0.147398965389064 0.0378192976877284
0.253710219181615 0.166504593277018 0.0427946952747672 0.0459874476745982 0.242429394650733 0.201457601244909 0.0471160486963605
0.0289541491359786 0.12569103916106 0.152473552887448 0.0964501356768542 0.235168197079884 0.254530034024011 0.106732892034764
0.1491748037994 0.165138540582894 0.0410797587041357 0.108493499915388 0.0990613408968772 0.22664185707161 0.210410199029696
0.120386699559556 0.195758432129117 0.160102845485183 0.239524504292138 0.103624234333279 0.121260080815925 0.0593432033848027
0.0295387522231814 0.200463390531817 0.401482235298918 0.060794209826715 0.100362500813394 0.0166950035214594 0.190663907784515
0.0779493445422968 0.277485914099411 0.238585928548895 0.123490331828469 0.223396413117238 0.0465690898222379 0.0125229780414528
0.206674835174332 0.215842782777844 0.114147964585253 0.0538624878182458 0.0593724313084537 0.210554559112908 0.139544939222964
0.0074983123577261 0.0986409732093691 0.0201720611547276 0.282303652056821 0.0974418077663302 0.28164032079355 0.212302872661476
0.032896505593516 0.159496019201985 0.14165958002774 0.290611186527032 0.0515547295274972 0.306825066757137 0.0169569123650924
0.142294953624024 0.172798363309353 0.141092661703803 0.166013613310467 0.117166238884055 0.181591062032468 0.0790431071358288
0.115781342504292 0.181639716164644 0.0796322685200604 0.20350367739858 0.0680773539201684 0.222052567816793 0.129313073675461
0.208210474415606 0.199058152252699 0.12114910330794 0.0797963875685779 0.0347488917948948 0.198749119319242 0.158287871341041
0.159063281657115 0.0981972351329673 0.139338205708726 0.222645541005173 0.0988177139377797 0.154744263737004 0.127193758821235
0.193979164973255 0.0258164663779337 0.171160509960121 0.223237532621598 0.0558469030039108 0.261420995490487 0.0685384275726948
0.194989346557 0.0221954763738802 0.236223929034045 0.248607674566301 0.0223499007349896 0.0810024172852324 0.194631255448551
0.03109149101734 0.0441747103500049 0.23142611959894 0.0255048088322483 0.228965158135306 0.242200503578797 0.196637208487363
0.272291367499023 0.0289256591539923 0.0130192882801983 0.192425502138199 0.260577860820097 0.0695177453996303 0.16324257670886
0.126699389421268 0.148533641591126 0.161191332898385 0.155310160080705 0.141919307613339 0.112309528970743 0.154036639424434
