0.0290555926087989 0.0811993093341602 0.0945387969741324 0.255148870216792 0.252772440271112 0.164022334265609 0.123262656329396
0.158202607239899 0.0307035501385698 0.0664425003699751 0.148653857467208 0.259676811630464 0.272909064894059 0.0634116082598246
0.181816393683578 0.0505337692193099 0.169403788876226 0.148148362005757 0.0432646710383275 0.188607588597382 0.21822542657942
0.170959074095957 0.226405364725973 0.00424151294006912 0.193590811356665 0.136293255655676 0.125720092111285 0.142789889114375
0.0129830021530435 0.160695773830664 0.126811073785422 0.370594763804422 0.0214270496931923 0.221840032033003 0.0856483047002526
0.190491956684238 0.116656634844632 0.114961433584424 0.277827220871237 0.150259674526767 0.0122002320311581 0.137602847457543
0.139864268003405 0.0480397234730715 0.110335994591312 0.123557032571353 0.0328686281944948 0.234819776904589 0.310514576261775
0.118939483513323 0.155673138786144 0.116755824886627 0.120387323699446 0.175132821642481 0.156611597285109 0.156499810186872
0.256049525644619 0.0330686378155389 0.102879591269476 0.166877395128423 0.122835352233663 0.222668423163051 0.0956210747452294
0.0308547004956634 0.193518623186586 0.0737695815089691 0.205568846953968 0.0503161299821265 0.192083766761025 0.253888351111662
0.320770718396712 0.340089924035199 0.076676381955711 0.119884596036555 0.0819564992082913 0.0223248388407801 0.0382970415267522
0.0634083626331847 0.275925598683156 0.183756860935603 0.00475980308433337 0.0355750853118069 0.126058814274583 0.310515475077333
0.102564559190423 0.233550894536003 0.241729619423194 0.0155946483899708 0.162324677953921 0.195568749819515 0.0486668506869727
0.146813858857911 0.129219364877927 0.225113056523834 0.00497293707540311 0.146912989140425 0.0754479373150998 0.2715198562094
0.0435403884843038 0.217184713800667 0.152033121629428 0.191071920195878 0.0717101522338963 0.154275143668581 0.170184559987246
0.114560764343675 0.180743096259591 0.201930023768176 0.17897338347512 0.0860923671811399 0.0678063249598019 0.169894040012497
0.13881595827827 0.0971894953760329 0.13111833936594 0.22088312776994 0.234086671201012 0.168202739074146 0.0097036689346594
0.0197382338474737 0.144072373923801 0.282544738108759 0.0852919769073549 0.165558911787394 0.281022618775967 0.0217711466492506
0.125227843527928 0.1914404108353 0.210691646802625 0.242829699850469 0.102488294721874 0.0649677330177076 0.062354371244097
0.154892993806942 0.266056962391621 0.0552447993214433 0.103192061334299 0.134721477088662 0.225957139225142 0.0599345668318909
0.197832157059076 0.0683562716861048 0.170979293875885 0.065859519039688 0.0980114107363373 0.0667339422069943 0.332227405395915
0.203602467716674 0.015415302551959 0.124409950062492 0.221964254616469 0.21787291469125 0.0402109675801142 0.176524142781042
0.199947902516166 0.273151953054387 0.0238413685525306 0.181376040256638 0.0568464657400678 0.102194026211093 0.162642243669118
0.206739675670851 0.206366245455084 0.220230992672299 0.0988135898807927 0.117196910827562 0.0607651076688151 0.0898874778245959
0.011254293204632 0.0752572699137095 0.251863307361586 0.0928799562141873 0.0647770249013815 0.268607409320991 0.235360739083513
0.0701453313852629 0.128841489682703 0.0818426964087473 0.300014457193363 0.0866561809091435 0.24681722094527 0.0856826234755106
0.0328503038370145 0.154267058693377 0.341371477552352 0.0411996605449148 0.104623859201257 0.122358208701978 0.203329431469106
0.0239043065438066 0.143490769272888 0.0869722458382301 0.124036073037994 0.18901170473211 0.22661756003144 0.205967340543531
0.0931042667971455 0.218999860520602 0.0821226100119472 0.0157479164461626 0.28998834708367 0.200657356726603 0.09937964241387
0.141943312437657 0.252615068810548 0.130910718921134 0.105639151180284 0.274684051363339 0.0691081284055387 0.0250995688814989
0.00547011185598033 0.248606668732677 0.16260480576718 0.0260083734293567 0.0375180124129002 0.175182826402871 0.344609201399035
0.173061770720602 0.073429013947342 0.156096419107371 0.122740847945841 0.14517654049761 0.160588492480456 0.168906915300779
0.0241466521120932 0.133708365177807 0.212977119096665 0.202662047554666 0.253659183685542 0.135421694344445 0.0374249380287823
0.0887620927305684 0.195474215006293 0.165588143388516 0.149185553326192 0.191738653757687 0.0289241291880333 0.180327212602711
0.170762706418169 0.0417147226768632 0.155764228932454 0.175701487945325 0.0696755135041219 0.23042454500939 0.155956795513677
0.221734280802924 0.096353595026445 0.259123239607604 0.279184102636392 0.0267610816993297 0.112113071284389 0.00473062894291616
0.120962276938307 0.0208085848324525 0.176445139151559 0.225776553725051 0.121077360982616 0.0973616372658002 0.237568447104213
0.172465267330873 0.20749489653603 0.189157107243354 0.08771826226457 0.0205225323666229 0.139618366371176 0.183023567887374
0.127918648095768 0.178320388744365 0.11838876783232 0.0982509683393102 0.103327836570672 0.158400562894208 0.215392827523357
0.0479345973415935 0.253092114162129 0.0938508571230309 0.271659506187972 0.128169581108331 0.069108354372891 0.136184989704053
0.173952828649688 0.0174086058192573 0.161158301438493 0.190442055549007 0.155743213842631 0.105899115262344 0.19539587943858
0.0420204412049018 0.267569984375914 0.273539745432219 0.158120200130544 0.0886110710942232 0.0650210096751651 0.105117548087033
0.170264772957778 0.0958360885973655 0.225183650914946 0.0913383347799459 0.0163034848222838 0.00376441509191045 0.39730925283577
0.113046256697962 0.0141095639733613 0.183809517335058 0.0906549724645691 0.31064829218851 0.224053629539562 0.063677767800978
0.353153432915832 0.123759088960122 0.0467257648086786 0.175035865683534 0.125700114624946 0.0884796029670844 0.0871461300398028
0.107356690423558 0.257950668601854 0.163281944465249 0.0683443914063106 0.00633859621269227 0.251563626614225 0.145164082276111
0.0744345095007856 0.153533280706829 0.185104266792529 0.257812508251003 0.0491432021874685 0.136817276681109 0.143154955880276
0.0366309964982704 0.193574486349529 0.0630119209681823 0.143123863685475 0.0240840622158907 0.322139825903334 0.217434844379318
0.211075041659752 0.0319125071194563 0.0856388718147148 0.173590933717043 0.0524644419197236 0.209789345635887 0.235528858133424
0.151024742654164 0.0343559969341409 0.0412422627801319 0.145120341470797 0.260693460219805 0.286681581787059 0.0808816141539027
0.100954716243822 0.110718452077 0.200649184075727 0.0294801721616063 0.267307341080278 0.182645682770093 0.108244451591472
0.043825106088221 0.0312798235921145 0.143044362405414 0.180304319140341 0.174001550792091 0.0419139175489726 0.385630920432845
0.118215121963598 0.18231251869838 0.0705189792154804 0.221260879325424 0.119894463886735 0.12297197877652 0.164826058133863
0.316864131032756 0.223482077868107 0.217083649646279 0.0124149560809133 0.138603789505571 0.0813429278479308 0.0102084680184435
0.157055539036706 0.154384806463998 0.159525178550306 0.176386855166437 0.132582781673543 0.0891991896181821 0.130865649490828
0.247053964509467 0.0478203654718067 0.195676406804116 0.0418475241734436 0.230268817228742 0.0141551609834043 0.223177760829021
0.229210536140619 0.00444592295927356 0.141399097156111 0.0968120642022361 0.185910166196209 0.116674922468287 0.225547290877265
0.00513606112651688 0.209969398721776 0.23093217331099 0.0756971979255152 0.168867628417137 0.0228910810068845 0.286506459491181
0.0891529877164871 0.112611252988721 0.075660930968606 0.197061624701198 0.0261218455142848 0.277006059035897 0.222385299074806
0.310847264068394 0.11198061770283 0.0288140956108026 0.283169199844068 0.0415486211942445 0.220765498798291 0.00287470278136873
0.0414985989965561 0.0175388109851993 0.188237028509849 0.306151205071631 0.133551177913447 0.137240552093325 0.175782626429992
0.238085911682019 0.0725783080451573 0.279179097819372 0.253896759007155 0.090473136707986 0.0245250464771687 0.0412617402611421
0.0939573603374505 0.26214834671456 0.0214311749029677 0.218514693112964 0.212709792863214 0.16438830970102 0.0268503223678242
0.0776920360992573 0.0959237093704183 0.0946797739632232 0.194080442756449 0.173309704394929 0.229358297347193 0.13495603606853
0.03305234668632 0.0198523665333614 0.127122647019185 0.241978227996846 0.278329625256224 0.141244692005694 0.158420094502369
0.264699790994823 0.0441816868732913 0.114773554040827 0.255033386177884 0.0406831864737813 0.0570572157009931 0.2235711797384
0.103559347065129 0.264671986099563 0.0729350717604246 0.207391570492817 0.119546550477599 0.168127772391589 0.0637677017128787
0.0024755053852976 0.046413436909494 0.17128902709785 0.00440313380045155 0.259928936629029 0.278627801297345 0.236862158880533
0.246331199797279 0.231805230452608 0.042563926981862 0.0847207318658136 0.137412303949903 0.153832904473434 0.103333702479101
0.179197646540382 0.11600182222285 0.165178475742971 0.110931091035062 0.153910696818805 0.216528815909362 0.0582514517305688
0.150788969843406 0.176020683845011 0.0970547129605956 0.0143756465818339 0.0820964771058288 0.198071158482888 0.281592351180438
0.248646917129515 0.09954039891055 0.215805920391235 0.0340439603538238 0.212502083312752 0.181627825109738 0.00783289479238611
0.0777713718219631 0.0512935831275048 0.154947416970912 0.209056249796044 0.156449867233598 0.149739995869822 0.200741515180156
0.129983860244633 0.131612967987654 0.195873893581704 0.194879929532502 0.103070274708745 0.0290375561206461 0.215541517824116
0.205641446640671 0.211420165561343 0.0147318530567659 0.0568193758918707 0.181329952326078 0.162355718041107 0.167701488482165
0.0632646035902185 0.0593358164343215 0.134707121831678 0.179821437041314 0.146712856923301 0.20704067976634 0.209117484412826
0.157387936671986 0.18202372066656 0.0665914536387026 0.168699180465601 0.330309880671604 0.00236203664602201 0.0926257912395246
0.173440486402597 0.218184914723017 0.120573179655499 0.15969122892176 0.194144807755354 0.0379322604253487 0.0960331221164237
0.228538237719049 0.0882396480022713 0.260934335548432 0.184382199701526 0.0751496522375689 0.14735129342547 0.0154046333656839
0.138367937480811 0.0934419737525054 0.147152196721206 0.0533360349075731 0.291411507900407 0.0604458854584292 0.215844463779068
0.208278808015524 0.0999258876805966 0.156196026850266 0.185198169041117 0.17540898334476 0.112219736166893 0.0627723889008447
0.0959360779995956 0.132305531577947 0.163242321701761 0.206440373622558 0.21150246056505 0.0385820438460547 0.151991190687034
0.214096859713432 0.0588577909001705 0.180694280584145 0.0846156821416598 0.0833465825633667 0.131529526769842 0.246859277327385
0.119468878545891 0.213614237570967 0.104566391668436 0.0998037361191813 0.00710216383185863 0.370723287119088 0.0847213051445783
0.0870839335394511 0.210696253206552 0.306031506489616 0.217516872726507 0.00728702734801408 0.0971741915224083 0.0742102151674517
0.214370976937797 0.203924713398958 0.113894491681401 0.149604384193577 0.245286917348694 0.0134996784751349 0.059418837964437
0.149628528269103 0.224048763072681 0.218017210447629 0.13390110261811 0.109681246752469 0.00943346342676615 0.155289685413242
0.130153905154324 0.0683255827917075 0.177070124440676 0.181931097349849 0.195503982082112 0.206758005189241 0.0402573029920914
0.0199741495746366 0.192283240581095 0.166665032222345 0.181147221041108 0.14791661482181 0.270558531129746 0.0214552106292594
0.222691845479784 0.185597728958136 0.0466480729845732 0.0730294591969232 0.214703915847108 0.154699949654953 0.102629027878523
0.0862652035888544 0.373074163130815 0.033471546590517 0.124405509759016 0.133700037708309 0.166260683546453 0.0828228556760352
0.127073967480542 0.20041687947668 0.13317903695204 0.153116674949872 0.107916519748356 0.0172418710236309 0.261055050368879
0.276225744018259 0.0579333129031783 0.0115118635535513 0.294711485624011 0.170925331860582 0.10224260823514 0.0864496538052792
0.223279003223102 0.129822179124468 0.0962428052109287 0.221188279183396 0.0253300244533559 0.142831589166517 0.161306119638232
0.191058764138369 0.212548286793962 0.201892700264764 0.11178048117714 0.0373963532201352 0.100438371035255 0.144885043370375
0.251094318601487 0.122398238131758 0.0215599977176371 0.161212994870395 0.19746003016915 0.198606464434447 0.0476679560751258
0.295796208757686 0.166034196703317 0.149553776625961 0.104371166476972 0.0820727067882457 0.162608799007083 0.0395631456407358
0.117655286843885 0.202830383090145 0.053958606319097 0.178706173467033 0.217487881048679 0.190317432673178 0.0390442365579822
0.12596241948249 0.164361102155993 0.0941536293290908 0.226072560983027 0.196114327153522 0.0056235189379834 0.187712441957894
0.102628379468927 0.264268419352199 0.4253511184088 0.037604480221972 0.157330071560664 0.00948644494866755 0.00333108603877038
0.15428871763004 0.184074742931642 0.184595046212349 0.157919967634107 0.121112019928869 0.138080228166013 0.0599292774969799
0.0190708561587822 0.112165442954236 0.201926514784031 0.235441949278398 0.0984077523417747 0.246587592749629 0.0863998917331497
0.174808492890813 0.204734068725948 0.018808310926261 0.0952163285719051 0.127281740299095 0.201809628139225 0.177341430446753
0.0869140040873035 0.202816687770707 0.0118679517664494 0.221016121923546 0.203400483805921 0.000280330386532705 0.273704420259541
0.224876713651297 0.00538257986734587 0.240079700357906 0.240298769956682 0.0687381686972995 0.197485006562762 0.023139060906708
0.112105301769055 0.190580500628206 0.0698661979003943 0.196163278784378 0.222568305181306 0.117537745522413 0.0911786702142485
0.251174959803966 0.105585238195073 0.2625636515281 0.00502118118848425 0.0888993494753638 0.0318694695510308 0.254886150257982
0.0649525174790452 0.0958322017183188 0.257119677770406 0.200290823656469 0.255746151161844 0.0155642030948496 0.110494425119067
0.21727206468723 0.208144793878577 0.19806861263332 0.226550461204337 0.0358259923390503 0.10167531135404 0.0124627639034462
0.0631477024633484 0.0750704894473235 0.239579539726671 0.237863140691679 0.0945141250195884 0.136999527522906 0.152825475128485
0.0871217386493561 0.172018415721443 0.0759089360607123 0.219509328966545 0.120469701316235 0.0571315796805797 0.267840299605129
0.0157010803417478 0.285145675041187 0.150493747513866 0.281078960778212 0.0921471917317395 0.118852839290801 0.0565805053024477
0.0327877059087938 0.29223530880491 0.191451658208286 0.150433988726912 0.100960377773713 0.127872952086838 0.104258008490548
0.0583781357273437 0.179032203704371 0.128284445909203 0.095153632942954 0.118333841430873 0.223190623665649 0.197627116619607
0.122454636551595 0.106424572742977 0.128249579190084 0.284298706562982 0.0668426553729257 0.0631173609543087 0.228612488625127
0.20862367459428 0.202611873314131 0.00792451819880068 0.144888474597557 0.0385044781471714 0.277235481869012 0.120211499279048
0.259444681831019 0.025165850587721 0.222218593577211 0.0990248788355839 0.198032578351221 0.0158192167423104 0.180294200074933
0.029929023571342 0.168458519571768 0.350280338486107 0.0514280254079975 0.0693718032566917 0.208334209512573 0.12219808019352
0.16311981318374 0.13096112238703 0.220516814012669 0.0754994532405845 0.105135560156442 0.045800765768147 0.258966471251388
0.202148810401364 0.146330999336415 0.10746025317586 0.0411962596951888 0.20967028017661 0.169177511683434 0.124015885531128
0.166692935667121 0.135301295257702 0.0267244518777474 0.227380154022794 0.139563895110097 0.10936609763576 0.194971170428778
0.0238809948502282 0.12558517524895 0.048899814393375 0.350593890940705 0.25294464819366 0.0673717324368553 0.130723743936226
0.183004034885133 0.149737952425071 0.21402178496168 0.03347601876616 0.0720976531008584 0.208529132178513 0.139133423682585
0.0404109466868299 0.195808424634209 0.180383555959247 0.0196819245713099 0.125513586311239 0.203878865816641 0.234322696020524
0.230719473599089 0.0131824466904654 0.148775426339413 0.239911535921766 0.199417798185614 0.0732649656686997 0.0947283535949532
0.235571831630927 0.240280530288694 0.116376226506618 0.0952146265226794 0.0792351508580225 0.185150675016739 0.0481709591763206
0.151533214583198 0.0923913189266514 0.384849133491917 0.0381282844116414 0.178130426762758 0.119263110375541 0.0357045114482931
0.181369642644637 0.279755473674003 0.144666289304756 0.086439389445366 0.169985974644289 0.0835480848538702 0.0542351454330787
0.128124201475888 0.0201218189429614 0.22869508867028 0.186249000355412 0.276967133481118 0.0362234920993077 0.123619264975033
0.199757668917178 0.041521208567925 0.209889760348708 0.0493724614580378 0.177833459357947 0.181065289548729 0.140560151801476
0.201916889146307 0.171451280860925 0.0669726153223735 0.0870997403895637 0.2193657949651 0.0306779343140439 0.222515745001687
0.116395028910782 0.170100274598348 0.132792830463352 0.189251291349436 0.103084963519392 0.184192759133451 0.104182852025238
0.0756607308471649 0.0766809066869034 0.157687267836739 0.13512781712959 0.247335192007791 0.0526373036147319 0.25487078187708
0.201722271656774 0.0544973593415059 0.0709539828856054 0.0758639740518893 0.151129704829312 0.202049168365453 0.24378353886946
0.118596012181389 0.0416976831311219 0.0224101166122088 0.143126225171188 0.0796295900047409 0.282095133364325 0.312445239535027
0.173518591832186 0.105248039605145 0.0656962427604363 0.117949361458649 0.228032694922309 0.0755049380648912 0.234050131356383
0.158264208643049 0.127052232134132 0.219981451044681 0.0730769901035468 0.189364916003377 0.20874763728163 0.0235125647895836
0.214307687758613 0.0337420750069565 0.1559800465889 0.218042118991869 0.150443071380433 0.00222510732797696 0.225259892945252
0.150321934074937 0.00386406967553454 0.125938627249033 0.0843004974253882 0.265505198969752 0.0261957143786847 0.343873958226671
0.14058625164211 0.148618719415481 0.162720396252754 0.0108844362906755 0.175418467740835 0.298063370088656 0.0637083585694889
0.02910639340075 0.0419934706717213 0.276276766301094 0.221914270011327 0.0300049427658819 0.183761213351319 0.216942943497907
0.138801053066424 0.0665707579553368 0.137967593232224 0.174516808279603 0.144430815245972 0.134223338020228 0.203489634200212
0.076166020992366 0.136213431262633 0.147728240345523 0.16167439080369 0.0184237046629891 0.286630713084728 0.173163498848072
0.0331591331850673 0.0487182558319821 0.0806935353054804 0.182500343728138 0.217024009842196 0.242099114546446 0.195805607560689
0.248593535470597 0.28219368833084 0.0213261360241977 0.117257742190303 0.0835436004261293 0.155974731261852 0.0911105662960817
0.202662541556998 0.163612881939937 0.145703207367921 0.0274093059562269 0.158222474228901 0.0713048436817816 0.231084745268235
0.161042894900275 0.256959790875582 0.0445761109096631 0.181848494142776 0.11384074369102 0.00460667526199858 0.237125290218685
0.301518416068433 0.153770467562903 0.199129588132836 0.20709129904404 0.0138343485473368 0.0309066054583058 0.0937492751861459
0.0854589986265759 0.0337321923467609 0.212371395405141 0.222600594499984 0.212483555839809 0.178436555221111 0.0549167080606174
0.0416618742001337 0.132830953225606 0.296992440383535 0.164461507362517 0.169354968133671 0.163054681198299 0.0316435754962397
0.0366454360800485 0.0251210060069528 0.0401873812661184 0.232956491891579 0.207022528302568 0.309847376267906 0.148219780184827
0.0224790559998469 0.182385121458947 0.0311359023452321 0.0971843674438865 0.0684436389225111 0.280163510010384 0.318208403819193
0.0016636249520879 0.101369542847284 0.175827990795662 0.14366401507261 0.256080027329251 0.197742557779759 0.123652241223345
0.0114770839242122 0.11735598965122 0.240187478606015 0.181233533886755 0.179942391520021 0.233249520422331 0.0365540019894454
0.094260226483394 0.0262993977011766 0.0775542687677671 0.245813388417839 0.19694362745512 0.139512725505424 0.21961636566928
0.173342089112113 0.179119663842221 0.034369519770718 0.230459384102753 0.139898695614522 0.129882097931827 0.112928549625847
0.142864395120118 0.23308787301475 0.0567260395838193 0.0664680371315141 0.105950161472521 0.133764600548678 0.261138893128599
0.142600198362073 0.0216674638608922 0.17967488080037 0.220930867954953 0.108574174283982 0.0980680681650846 0.228484346572646
0.14087028447523 0.226055093562342 0.0209801592572579 0.199079785714468 0.0764786029889767 0.152987993586634 0.183548080415092
0.0212672873219571 0.0869966949163033 0.217965977549564 0.192890692438477 0.202558749202864 0.18586638951662 0.0924542090542141
0.138129741232853 0.0164311252604257 0.100333759322346 0.445303737298902 0.0391682696110925 0.145495092774288 0.115138274500093
0.0597805002171914 0.16195344882467 0.147213399709031 0.195085332969049 0.0639389660077349 0.231866901707744 0.140161450564579
0.307146000952084 0.0790707743843325 0.132244441134442 0.0397411959995658 0.125276362103859 0.216990345727119 0.0995308796985968
0.14840265976938 0.235589891299031 0.0365578529514985 0.198136514951742 0.0265129836940371 0.157667172024164 0.197132925310148
0.0216397545901599 0.0695169131384309 0.181351324502591 0.028542806425535 0.334261099246459 0.267506110947851 0.0971819911489744
0.15394884719201 0.230654583315028 0.0381827181001479 0.2955104866785 0.140700831667422 0.0663589113439307 0.0746436217029604
0.202391445001711 0.141453994387049 0.0843648927497924 0.203869823262822 0.0857632612106448 0.205372164720968 0.0767844186670125
0.103109539873045 0.212709378338814 0.100766234405441 0.285709842341656 0.0325048355065885 0.0902224018196521 0.174977767714803
0.20650375153286 0.176791903225082 0.177596448147333 0.171602227860173 0.0229614532665209 0.156524166499474 0.0880200494685552
0.0250009341290096 0.0845162534053293 0.227887348988097 0.199174737346252 0.119759962249134 0.138389803405252 0.205270960476925
0.0708862932207435 0.240670838912894 0.239490547477476 0.086741189002703 0.184209771538767 0.0507392112055901 0.127262148641825
0.150472543204458 0.246182570428723 0.0713961262425766 0.169917383591443 0.258810202686709 0.00891630949744468 0.0943048643486467
0.064644210419505 0.0651857121143048 0.211085324744478 0.221460243834366 0.221482307231628 0.0468440016185516 0.169298200037166
0.033174855290875 0.0393892741609378 0.222632139484549 0.204547679510266 0.279439651576462 0.149977430357119 0.0708389696197917
0.130008896513465 0.302283520337706 0.244607075910749 0.171312022134726 0.00493969963507962 0.0932658761686651 0.053582909299609
0.181420039681955 0.130393407531065 0.311027913449512 0.0737147630427014 0.10383447090851 0.0315942653946352 0.168015139991621
0.246380093064661 0.165368992083891 0.0849385904584565 0.221227113651884 0.0330578454951375 0.110943304948115 0.138084060297856
0.0175906597677235 0.0267918664347788 0.33277087871663 0.0678252302576972 0.0802815879435842 0.081007834607365 0.393731942272221
0.0588095539944401 0.13220077882434 0.249149586278863 0.0772578050829388 0.193582062461647 0.189662105083811 0.0993381082739596
0.0556208093894874 0.306725513634953 0.36350032979026 0.218674637209404 0.0108047710672398 0.0382510917211177 0.00642284718753785
0.180685896400646 0.0150461065012402 0.0272464168180095 0.104133082135928 0.267875214219355 0.0949472174914665 0.310066066433354
0.207502510472459 0.113750302253712 0.348332870377405 0.0637089926505743 0.1325809622084 0.0114626802741742 0.122661681763276
0.206646059654138 0.0618001622181775 0.158500292407029 0.163901206992519 0.254203708498372 0.0719546645985402 0.0829939056312239
0.102628800109903 0.0335799619180811 0.23631386852103 0.0734418120932756 0.151604579027768 0.271457426550752 0.130973551779191
0.113524501985037 0.0824813399475626 0.283824033710327 0.0481449470910892 0.0316360551353073 0.087648382065399 0.352740740065278
0.0138923460112291 0.164949035675284 0.273933692703317 0.167492548918868 0.24191584029282 0.013984113626926 0.123832422771556
0.216739904511953 0.166460114671071 0.245934922221209 0.0788394530519633 0.106843833262095 0.146951886356691 0.0382298859250169
0.120927853496462 0.206072993740673 0.108440716051769 0.2352001508098 0.174016762937977 0.150391988450021 0.00494953451329662
0.155540902306779 0.0892934195934352 0.00412908485296456 0.265283904404856 0.129920257685454 0.162500912168017 0.193331518988495
0.168956937522641 0.00687605529227213 0.172185523645575 0.255188379360965 0.0612521969419183 0.148336903629487 0.187204003607142
0.18901742716163 0.153900734407398 0.0758348214106869 0.16173295686679 0.156464628473523 0.174258364836384 0.0887910668435888
0.167103545600418 0.111872151873438 0.202723343520374 0.173164010537854 0.139968884222871 0.172142752773952 0.033025311471094
0.280227434519314 0.00563035251486299 0.26602837510205 0.211718303327564 0.103416754016597 0.0552331514144747 0.0777456291051371
0.287350805966287 0.0484543379714239 0.188870114395331 0.0452746970339163 0.0466814245905253 0.328860065176877 0.0545085548656399
0.203190238690087 0.293233439961777 0.0754985826429145 0.239197961932821 0.0678389479110281 0.0190783652009405 0.101962463660432
0.232091917491687 0.113801547457346 0.171745912791816 0.135450715317586 0.0924165878637342 0.230456112519317 0.0240372065585143
0.0872577302424113 0.00760547394634862 0.309823761182919 0.110991769309449 0.108990838688096 0.183271679523144 0.192058747107632
0.105154533949997 0.00945107907720681 0.223841166688946 0.179211461369252 0.119622668185458 0.133797158715593 0.228921932013548
0.230135848117975 0.0274169212273844 0.303819718004436 0.0520231022942591 0.00596050585188873 0.0945622431636551 0.286081661340401
0.132604794981603 0.0762646683421932 0.129521978214385 0.146262492599527 0.0626413459129017 0.31010917129013 0.142595548659259
0.233957001507804 0.166602259211023 0.191687708371066 0.073247822686936 0.046374477748374 0.249767873674667 0.0383628568001301
0.209803776226893 0.172344633261992 0.154501497106244 0.0856795589163853 0.0658636014084871 0.191554383276754 0.120252549803245
0.159691457637167 0.138580504987858 0.176529512020805 0.188331415011925 0.0847326750589484 0.133036926883951 0.119097508399346
0.107341771717784 0.112912261031497 0.416550436520628 0.092391772476432 0.00246079694627207 0.0755060600033544 0.192836901304033
0.241532325313682 0.085370066499141 0.0665309957754095 0.213664153973314 0.268380012301627 0.0271120009761836 0.0974104451606432
0.235378041731634 0.12783378751374 0.128580511633348 0.176032027389674 0.153321999118388 0.0675210259963482 0.111332606616867
0.0193384479755496 0.198825529854531 0.0396054853508549 0.232966647175884 0.185378468684319 0.0893055675060981 0.234579853452765
0.120967232656957 0.198851971439893 0.25073728345748 0.000927642650854296 0.0221939670264591 0.126343562062952 0.279978340705406
0.100392581811325 0.0880774743584864 0.054781176307567 0.335031555957697 0.0970418863468584 0.107281318894202 0.217394006323863
0.112566560915929 0.250212189086117 0.213524320893878 0.011504304595422 0.159499401767242 0.123195140104329 0.129498082637083
0.0515099135610514 0.180947118021048 0.100872772243501 0.233938182346499 0.149643271795664 0.188792281389203 0.0942964606430331
0.2181291078585 0.175781151702455 0.132761340948678 0.0165338776821199 0.245576333341146 0.0514901737505166 0.159728014716584
0.0604990406125575 0.0238480404599221 0.295865453041374 0.325659585995508 0.0601809727708801 0.146272975560987 0.0876739315587712
0.115529726710798 0.18884537203401 0.109927085525769 0.0657278989674459 0.137520617891986 0.108509714635846 0.273939584234146
0.0817287372535747 0.146407125137995 0.171036021014726 0.135255936734701 0.14857750005407 0.202403445201233 0.1145912346037
0.0703131483641525 0.131963244427155 0.186011119048586 0.186085797721396 0.1440675454265 0.15840537706897 0.123153767943241
0.0949448742470116 0.199670943277079 0.204356625898803 0.14012800967485 0.06959618110583 0.107837423651434 0.183465942144992
0.287002467135622 0.278992862752031 0.014778819709832 0.15235753289122 0.21793705886127 0.0229391008221693 0.0259921578278557
0.141203650590567 0.146176794179613 0.165194973278375 0.108187131714145 0.191657513625366 0.131674361027885 0.115905575584048
0.1053046024551 0.1400260210852 0.177918822625263 0.119994689188569 0.150692709883168 0.184743545507776 0.121319609254924
0.277817064592476 0.0493471432861263 0.177572254117195 0.166022273283782 0.0469070188657525 0.114615128157909 0.167719117696759
0.0883407065392655 0.102682276513243 0.153091744126158 0.0779496905047882 0.200172616580811 0.159107125529674 0.218655840206059
0.168483566414173 0.0317029947083047 0.263941960106506 0.179713582657061 0.176539708294625 0.042305752919124 0.137312434900205
0.0958953559072247 0.268339521994839 0.206526057221404 0.106301027585034 0.108048830877811 0.198380905246387 0.0165083011673007
0.192231377214801 0.102043511017881 0.170878430071282 0.139206660719564 0.0406584290513868 0.142284030777019 0.212697561148066
0.00962291694671803 0.548997748965511 0.0786324051195504 0.139963830178278 0.0606981682020432 0.109312192124055 0.0527727384638443
0.0250344123969227 0.290029932536608 0.159554228770757 0.239816867448119 0.017350610908823 0.189031209744403 0.0791827381943669
0.0930373513083842 0.0336239426619093 0.0477265557736458 0.0316889328520832 0.228409350760382 0.15748693883675 0.408026927806846
0.182333474783426 0.199119544728973 0.197442915240999 0.0357360871689677 0.110998508583187 0.185433876234547 0.0889355932598998
0.0146188649082669 0.184997549286468 0.088010406098767 0.107577267997693 0.229082736958461 0.135325405498883 0.240387769251461
0.254184845591176 0.0418847459199339 0.233952287817483 0.0792721665130521 0.0636920708283817 0.146066224943827 0.180947658386146
0.0386882523817746 0.161711829135436 0.129986865281577 0.0674780897163264 0.113978135916077 0.251155918715522 0.237000908853287
0.0545367197683465 0.29796659848603 0.176452995726488 0.110105984396221 0.133265062265957 0.0845544016273922 0.143118237729566
0.206505167251732 0.157848572547848 0.160492457978398 0.169048684261938 0.0102993175037026 0.174989073521766 0.120816726934614
0.147782634529015 0.147054366345527 0.218041910131753 0.116407489874856 0.0706431634816649 0.114796740382955 0.185273695254229
0.091871911312735 0.218775172373446 0.291193179088341 0.17922526404757 0.0837283065756298 0.0706364754215121 0.0645696911807659
0.0596697753039585 0.1671960861127 0.176315851841164 0.188427317799639 0.176114764541871 0.0406678094511084 0.191608394949559
0.0222615829986865 0.166830989718071 0.0942625376827144 0.0209494059175834 0.209341293661537 0.220593166013307 0.265761024008101
0.177435811137406 0.0457248614490884 0.251285533867524 0.154191707059609 0.0187970033721978 0.148743533671189 0.203821549442985
0.164677272648941 0.174008167180267 0.106763782391224 0.169134979948501 0.21612583926531 0.147762140959966 0.02152781760579
0.0655271279480816 0.0158156421323309 0.160814074342921 0.218018258883565 0.209837975100124 0.0527134935165569 0.27727342807642
0.175028797879375 0.255333612134138 0.0742698931640588 0.00237979443991947 0.0682313716265805 0.133552108613001 0.291204422142927
0.19789754115789 0.181892129554914 0.0415401668849415 0.213749169269756 0.0844392911914403 0.238492108599377 0.0419895933416808
0.298513704063533 0.0778206666043816 0.0740227929441491 0.128869391210013 0.168537882124021 0.0820087781383479 0.170226784915554
0.148226652121088 0.177552644174652 0.22694661646619 0.0186790962371908 0.172151564281173 0.0560947889851811 0.200348637734526
0.200642214466847 0.1866460405765 0.185542961432585 0.0449901039354878 0.134034368261582 0.160851103982168 0.0872932073448294
0.18405663307065 0.19579167787276 0.175686042471097 0.11820539566709 0.0471330097581297 0.0792525726309418 0.199874668529332
0.156396041780882 0.131772546506988 0.174263554586087 0.115161697879056 0.111092524693944 0.171784957995243 0.139528676557799
0.177973018733637 0.0183546036171709 0.162752423771487 0.213850459625758 0.0922051307652214 0.108642564785452 0.226221798701274
0.0598686146050664 0.0628171101208307 0.221218518503479 0.218853792833734 0.362916127940642 0.00335036435735609 0.0709754716388918
0.217045257665039 0.051441540449857 0.275886001077514 0.0509829443958288 0.200445983545977 0.0279405124421848 0.1762577604236
0.0844080290999425 0.18650561885071 0.202712752335417 0.0099229343112297 0.209594922177695 0.227578589081464 0.0792771541435418
0.0630422151897139 0.139686347451328 0.15654186730566 0.0381020125976783 0.246261211395816 0.130628290771404 0.225738055288399
0.0652754383780278 0.310313262711439 0.0602055145168954 0.292518791990071 0.0878614015651364 0.120087374966053 0.0637382158723777
0.251568139170869 0.0859121228282029 0.164989630146068 0.18126035324474 0.0184979372063441 0.202128445973751 0.0956433714300241
0.124046627223169 0.35770968876702 0.0889299145813456 0.317100441668969 0.0976323740762514 0.000410752182855148 0.0141702015003893
0.258186289229224 0.101405646203631 0.107247564264793 0.0176060632522339 0.335783759921547 0.0308758725103797 0.148894804618192
0.141024873150986 0.284061545304503 0.127641332598233 0.0244440731546119 0.0392939091982141 0.115391047422632 0.26814321917082
0.184656641091855 0.231403741997326 0.119358336748932 0.177291774917013 0.105001836293092 0.0735101745269194 0.108777494424863
0.00881946041778016 0.155400924927193 0.0691134000679 0.257943305990409 0.234799228980654 0.136223238784227 0.137700440831837
0.171642135373748 0.157132917214854 0.203663945537835 0.0792940318986363 0.0858129928592756 0.123880325965062 0.178573651150589
0.125338200111965 0.0274978801313405 0.0338055056684475 0.240051053263618 0.245470341915468 0.277811697197575 0.0500253217115849
0.0267351501099777 0.10643310731665 0.0443094823767249 0.381443677357722 0.164353164463206 0.0617453132757904 0.214980105099929
0.197614101071693 0.107003977235725 0.194559320291397 0.180202349363709 0.0987530935264565 0.0495963191679906 0.172270839343029
0.0190710013135926 0.247100489058565 0.202249781528589 0.106682924300954 0.18326727339862 0.0864042007363414 0.155224329663338
0.0665408308464193 0.082096813503626 0.183446879460695 0.10341589612886 0.152414901914794 0.199430702971522 0.212653975174084
0.124832750906156 0.225991743401279 0.0754325540019547 0.221251291979926 0.105166056103021 0.00524231314039642 0.242083290467267
0.132773784272536 0.214600242189991 0.0796620691479895 0.0828525923286239 0.125282024108999 0.148530804380552 0.216298483571309
0.146102215133101 0.231775801768879 0.0123373410791908 0.0252338903179149 0.171547676400354 0.196786254313105 0.216216820987455
0.0270224449126045 0.199280594671422 0.200511158939601 0.135287006558611 0.117381967975654 0.18407096784832 0.136445859093787
0.107455151102922 0.0480698679703809 0.065762975080613 0.294355989640151 0.0253492104956846 0.30077685657317 0.158229949137079
0.068767629057107 0.168590913621496 0.178867356000165 0.161669505350847 0.182034438735649 0.127130909512209 0.112939247722527
0.0373478928085229 0.112885406640549 0.175488999832547 0.375577824832271 0.217451805257607 0.0312553703734055 0.0499927002550975
0.152262107662041 0.00466033104595196 0.0435013616128715 0.0352712721702496 0.259991446443541 0.0814791631635766 0.422834317901768
0.0497956376445844 0.128574619344948 0.0854868281231663 0.166418199086676 0.163204327060219 0.229506239534519 0.177014149205887
0.202984526372008 0.0439667095489463 0.216156052782948 0.0493058883102818 0.00190376476736435 0.272633718861041 0.213049339357411
0.149947802483442 0.183947909168859 0.0906603401044438 0.13938649883228 0.18432867789482 0.0929503970858557 0.158778374430298
0.155832462364993 0.167614654682834 0.113960231044618 0.148037522269496 0.0517665775404696 0.148026797591267 0.214761754506322
0.172305318094075 0.0517170158419639 0.136806212673633 0.178229653359855 0.157179094354041 0.175714087710265 0.128048617966167
0.134645695663982 0.233432436344216 0.0490492177025585 0.213823538511039 0.237109359908104 0.0358759776711669 0.0960637741989339
0.226976457138523 0.0873632860496635 0.075149621025242 0.196865212058561 0.149162523456681 0.0606009255694841 0.203881974701845
0.0485157448260734 0.0448897280995364 0.0400830149201266 0.135367754311274 0.205935947972053 0.233459557221007 0.291748252649931
0.13816772520422 0.144317870592968 0.185149433423737 0.156971310420796 0.120714074073682 0.104068942771387 0.15061064351321
0.155011123002913 0.2649102251975 0.183436329975524 0.0134606382271198 0.112294599158167 0.25069576745821 0.0201913169805662
0.2254897401379 0.0582264168169811 0.0936190463540052 0.2618506251641 0.0326164814665597 0.0690685612298061 0.259129128830648
0.0484238547644878 0.0552705905860399 0.384403426288093 0.150679536539194 0.0971585903575755 0.107264111278609 0.156799890186002
0.289907251603193 0.205324691269482 0.032101052162426 0.0740986375740284 0.194007203805107 0.177198336363206 0.027362827222558
0.205912982317382 0.0457295524018354 0.0357166275360319 0.2112231055054 0.359704313123588 0.117188199099906 0.0245252200158569
0.0945730923505593 0.0233764496916352 0.237356986790313 0.215926217694253 0.136820860793104 0.164908689129897 0.127037703550239
0.123151742931972 0.0326890995087489 0.195471114094256 0.2171226222732 0.126338628132026 0.21373821405623 0.0914885790035663
0.165014366688326 0.295410835891696 0.0769575082850794 0.144302628887156 0.0901889109908967 0.082748052915779 0.145377696341067
0.254995572657748 0.060188973450944 0.181849200486133 0.132869416557813 0.225402716419381 0.126863716055382 0.0178304043725982
0.0776989228205255 0.0672834829279686 0.210107935657083 0.00790982525785737 0.273097187157708 0.211848028966751 0.152054617212106
0.027393296705821 0.210872941405795 0.197854109912353 0.0962818772257241 0.198157486929261 0.084002834839121 0.185437452981926
0.135901768043349 0.127606678416322 0.206729615996682 0.103254339117185 0.1884245889371 0.058444260504753 0.179638748984609
0.22323733982875 0.0179236027265903 0.230503370509887 0.044872674929723 0.00372865005526687 0.313990877608 0.165743484341783
0.0548362597804357 0.25939456333455 0.0205284727163767 0.2730367519374 0.106237102853552 0.114782139226415 0.171184710151271
0.0453455329891255 0.285087646861121 0.0640339974936003 0.25158464508392 0.0180958762628251 0.202505213484321 0.133347087825087
0.230806333301355 0.19703540083474 0.0947956395211473 0.256504930121787 0.0212236894222701 0.0926194832896008 0.1070145235091
0.237904444500794 0.135921041944467 0.00810777560878014 0.0597993977549955 0.269068789834015 0.23221927890632 0.0569792714506283
0.100832760490474 0.239662404601026 0.0740334995326007 0.374115385162443 0.00141171238953167 0.109750083705815 0.100194154118109
0.00864901449465645 0.21437808967247 0.226473397397668 0.0973831985173416 0.130039571395931 0.174027378642526 0.149049349879406
0.211943565617629 0.0376791567013531 0.361592665709927 0.0127634870431507 0.106304491974435 0.0182948224823005 0.251421810471205
0.0533898811205434 0.147291710214498 0.368542534891236 0.0378510927371636 0.0396519668401 0.249478535258709 0.10379427893775
0.0467999588280678 0.142749825142037 0.246291856125907 0.0618654288919959 0.0430195613273317 0.164877803038817 0.294395566645844
0.164548923634183 0.207250066801628 0.229675327423909 0.0125218534779206 0.115815262024407 0.198831824638513 0.0713567419994384
0.163209427534809 0.214899158233822 0.230863752991631 0.0671657939624285 0.189202251516845 0.0366138498836541 0.0980457658768101
0.00773410716552628 0.23783699736156 0.282788210006942 0.0388510854022232 0.0426922310939567 0.07684441335066 0.313252955619132
0.216742238330129 0.0737489545982296 0.0791612229753112 0.190196523623366 0.217870673243278 0.0176035221652228 0.204676865064464
0.176027746276444 0.0648670948748119 0.22922965642057 0.0111560858234605 0.25379333052475 0.115345576170218 0.149580509909745
0.235576923338312 0.15772033922758 0.152735619628938 0.111633564072128 0.133659117587186 0.125339288963467 0.0833351471823888
0.197589576712882 0.154400536737545 0.142636184046683 0.0581862430603428 0.00563326597067141 0.231461026423666 0.21009316704821
0.162588228799826 0.196872136491681 0.155664275820904 0.167809103792229 0.153422580613532 0.162028421009111 0.00161525347271702
