0.0667145919844148 0.183760355607726 0.140243996486485 0.00699866530144786 0.214724151047475 0.175419649488028 0.212138590084423
0.267472082302022 0.264512528784322 0.21775866558923 0.0267294170410691 0.0226983610887048 0.0418931855890192 0.158935759605633
0.172683457685808 0.225500456153922 0.159093017045382 0.201639412588529 0.00993526604648934 0.176636784133542 0.0545116063463274
0.133549666369793 0.256754540959767 0.100229214859174 0.0976049631631327 0.147873889739757 0.0523844117127702 0.211603313195606
0.180718587430151 0.175673308965411 0.163071220216868 0.107211347346309 0.163120979492331 0.0318310197487757 0.178373536800154
0.11198834966039 0.0984528355518835 0.0808031501827044 0.255156348373421 0.0377380825635242 0.254660766822116 0.161200466845961
0.0117680901183348 0.300425659649848 0.0297285946840275 0.295086275611654 0.0616719196130722 0.168407625667072 0.132911834655992
0.0715343606181884 0.236157821291299 0.131666961638227 0.0495081330882048 0.165987427291611 0.268838261278353 0.0763070347941181
0.0893419381412237 0.264139206700196 0.134122894510697 0.134734279109789 0.118015311310573 0.0398807437311102 0.219765626496411
0.00161431238322742 0.0392344872490957 0.21435634902271 0.246203162782345 0.0313326335488916 0.197058428687985 0.270200626325744
0.0604022175161317 0.389534689613052 0.311150416098222 0.00202644955949696 0.0185796530998036 0.128590609014323 0.0897159650989707
0.105610008140309 0.249982592994176 0.0684717691741992 0.158160198908066 0.198055422992294 0.135567967885426 0.0841520399055303
0.0142066014522368 0.183018857912055 0.224773861392852 0.242420941403525 0.100369529940456 0.0761596541393955 0.159050553759479
0.244339547335026 0.285287877902316 0.317877418088624 0.0303784131313222 0.0142412133894511 0.0966858019703109 0.0111897281829494
0.201054452082211 0.142052495806761 0.103403754399874 0.0680844573523341 0.181081582632237 0.0891031673248715 0.215220090401711
0.0176285887313055 0.0639840412719165 0.111378185274578 0.320280187497661 0.211847994634896 0.272635378287497 0.00224562430214622
0.14634609036123 0.135698840862311 0.202094516054643 0.124119659166415 0.158843375111724 0.0137600290670759 0.219137489376601
0.371682788123269 0.0360860476695521 0.0638768837633444 0.140863092212105 0.136852291144875 0.114412804997113 0.136226092089742
0.102386110106676 0.234696573392495 0.0608299291917686 0.153582725749032 0.128899804023289 0.105716788154585 0.213888069382155
0.115373308667105 0.0466427517663521 0.223709946303216 0.175589655621085 0.0595258292771951 0.220467112988864 0.158691395376182
0.00435396268624924 0.112844957956109 0.162150244748931 0.197774600296069 0.0646399974286672 0.270449039390566 0.187787197493408
0.136142558747663 0.130846503677201 0.14018742921819 0.0851607640057668 0.168151727223611 0.181989077443 0.157521939684569
0.228983467852227 0.322018649173231 0.284784845588802 0.0322762898277783 0.0644784870440001 0.0386279785508618 0.0288302819631005
0.0602592253865176 0.00324551442113344 0.282530529242728 0.103378323636054 0.232867788238387 0.278741540143053 0.038977078932127
0.256923824670332 0.0302940980641705 0.138875043330483 0.0598860477858617 0.26101338845347 0.221977665796892 0.0310299318987909
0.209210537889293 0.201331642046967 0.0057411207605064 0.0733673444268794 0.194815843194396 0.0181322656769768 0.297401246004982
0.160036179223058 0.113811395490267 0.0999316946711929 0.16115680339017 0.170247019094656 0.166270243918608 0.128546664212049
0.0978584434825668 0.244216483714682 0.139155589280433 0.0196521401974017 0.363449386517064 0.0958015141014122 0.0398664427064414
0.0621559683892072 0.0936930436380241 0.24149201477273 0.272851236506194 0.0849771771191619 0.0632917768167907 0.181538782757892
0.149469969916823 0.0735167070950481 0.0190869292020311 0.173682593721492 0.190983858337178 0.228639335526697 0.164620606200732
0.138863060396041 0.14140264351043 0.164771774895075 0.173776292800952 0.150944363576553 0.189322583825204 0.0409192809957457
0.341470481659986 0.0755714442292535 0.0322612208364794 0.174744070297145 0.0291284604625141 0.230871533846419 0.115952788668204
0.0730509150683721 0.186629149367817 0.146681269433422 0.163193706258041 0.207151353417126 0.091856753677649 0.131436852777572
0.0078374061380777 0.185583805211081 0.134010880431581 0.253324968320471 0.235478602117557 0.14823075087214 0.035533586909092
0.175308326801369 0.0742122698584656 0.112086750096789 0.11238244113024 0.196334470271646 0.163682030380136 0.165993711461355
0.250305338528878 0.227731152139416 0.0664913557011112 0.139927155242165 0.0974081883809393 0.0717345095658113 0.146402300441679
0.0718684235833105 0.077962614833923 0.0829703318719607 0.257091284196355 0.0951098603462652 0.177979644627429 0.237017840540757
0.314231643058748 0.086764088094059 0.029187826794024 0.269121285624854 0.0224367018249128 0.173608114101444 0.104650340501959
0.170895922203615 0.00963458545330348 0.157844048490322 0.174330466137768 0.145315720513147 0.139900193470079 0.202079063731766
0.179147099637917 0.117218936978888 0.220350745345757 0.230394901643995 0.0370521633242772 0.123803864877717 0.092032288191449
0.297063002117352 0.0635755063034216 0.0159640472784971 0.0172815181761029 0.33998553887078 0.128697541513849 0.137432845739997
0.0186903550475071 0.361369436048624 0.0165764311833188 0.13190967048716 0.0644338185716157 0.153805558888024 0.25321472977375
0.0681499440196176 0.184893626717561 0.0377206768452789 0.212944659163797 0.172505988343673 0.31388952916629 0.00989557574378321
0.0899150911928609 0.170073520319041 0.186049119127739 0.118188308362798 0.183493595379051 0.15913291624786 0.093147449370651
0.152734380464156 0.144491912041918 0.222680386241879 0.00919443433326757 0.129933234406608 0.188310541261735 0.152655111250437
0.154003676700665 0.118580841534281 0.0894508277468418 0.116682627529537 0.0924944012086205 0.271096004298998 0.157691620981057
0.145016595830673 0.0917017454948808 0.203092270416439 0.0602343593507707 0.0501550570515887 0.261266118167961 0.188533853687687
0.0570458966595398 0.141659412644124 0.264271394266133 0.0804550330819697 0.118972194729169 0.113717794353971 0.223878274265094
0.085017042691538 0.124362864292191 0.16263986807614 0.0543736688934285 0.269770450764567 0.220510353307221 0.0833257519749142
0.0516315292555664 0.104945979577398 0.201866447453179 0.233580495613638 0.182425267350363 0.0810915933126759 0.14445868743718
0.0560217626052296 0.0896797036336299 0.181578026578144 0.0300270292485109 0.221314671232555 0.224895675471839 0.196483131230093
0.121141692577454 0.109189869546655 0.12725474544732 0.204137844799551 0.228850050777883 0.0510978843571127 0.158327912494025
0.285231592743048 0.0410575169462419 0.00604839895492652 0.0392632307966329 0.10846634977924 0.209257178410246 0.310675732369665
0.0795557450459725 0.243503932988545 0.173976355018176 0.187175268300645 0.00660789499028143 0.29863154677805 0.0105492568783303
0.0528052660158988 0.0613435181826695 0.189471053313869 0.0812999757212479 0.215673242046853 0.201481753130989 0.197925191588472
0.0115297539418478 0.17110922664621 0.167582109157145 0.192913347788859 0.0603545572089312 0.158490662787084 0.238020342469923
0.314782804199875 0.0278599419026428 0.0906435180362402 0.144905642373662 0.208808473903219 0.128374497557176 0.0846251220271844
0.204974958035714 0.251776048918328 0.130620117902439 0.0195001897164059 0.0959537868930195 0.21393135466609 0.0832435438680035
0.0900955801531499 0.0712249647706964 0.0949810647391132 0.140820053614155 0.173426389168869 0.206474359782939 0.222977587771076
0.176065151285096 0.189052721984051 0.00834147929099117 0.153970197780279 0.0974299686795927 0.146842610388192 0.228297870591798
0.177830425026253 0.168975145663574 0.00622532929364836 0.172495121478425 0.142697122186209 0.148883723356456 0.182893132995434
0.0793704471633536 0.141485049588993 0.107436571742469 0.188570645677996 0.259980561617531 0.108353053446986 0.114803670762671
0.248515055286362 0.151070434056758 0.0316058301768887 0.279309359625375 0.19623143120365 0.031000650937101 0.0622672387138644
0.166196217664243 0.128791383296423 0.164270772066841 0.175800303569571 0.0897487982370201 0.169848624365781 0.10534390080012
0.0567727377667766 0.160693223999489 0.0618808524773148 0.180999475739289 0.183377419895773 0.0843978372429469 0.271878452878411
0.210573907385701 0.320805642386488 0.103683796256806 0.0485684800222642 0.0123426113556963 0.166462486833885 0.137563075759159
0.126320739295454 0.19343843550827 0.0566266501052104 0.1697063403198 0.187090720266524 0.143998109621036 0.122819004883707
0.192109643092983 0.0726450992426262 0.156537918139618 0.174210546992474 0.134440836835817 0.171220519598627 0.0988354360978546
0.202431359151955 0.277292640902837 0.0490616674291978 0.116156117528642 0.139708433249856 0.0670621891137637 0.148287592623749
0.21980681790371 0.0881117614719658 0.11521585818562 0.177469582048683 0.0824518993234317 0.154620979104784 0.162323101961806
0.175028446213923 0.0700133215859083 0.209900785681854 0.166355955709579 0.164259552138038 0.106200739045311 0.108241199625387
0.127618047460995 0.200296305007502 0.0993242831606925 0.170270109676167 0.199955618534287 0.0719905400586167 0.13054509610174
0.179420312606029 0.184754901089459 0.00382437423348296 0.150106918956183 0.362024576328664 0.0218798953432846 0.097989021442898
0.260885108895285 0.203211184703992 0.0233189182342377 0.0611627027624731 0.0548048578346845 0.12529243615952 0.271324791409807
0.110341111804061 0.189970952556294 0.304481977048919 0.188321101189012 0.0318920382794547 0.12366846686851 0.0513243522537499
0.261677657340685 0.265026239952698 0.0688708011699652 0.0137891815229501 0.227846023297361 0.100142270633847 0.0626478260824938
0.136236924451217 0.163240253356281 0.144645771599879 0.0627867652258706 0.112186284369829 0.190083932100396 0.190820068896527
0.145036069219302 0.0222612128077441 0.154925459889038 0.202644981154587 0.193149170206577 0.080504671386356 0.201478435336396
0.197440144033206 0.100528095612418 0.193016150015628 0.109342052330685 0.18827995519259 0.179568080861533 0.031825521953939
0.223036269296863 0.134442739191979 0.269533080649305 0.0275714941846816 0.0161541210352019 0.110396682001258 0.218865613640712
0.274085308610637 0.193726444389034 0.0512363049786052 0.0313330172223132 0.250569437346133 0.139862989668738 0.0591864977845396
0.234752062993396 0.165124089473977 0.140392937075747 0.147850255409135 0.12389316331477 0.125773108915125 0.06221438281785
0.207185734492418 0.219990832141847 0.147567934768421 0.131964820687497 0.0955956081625574 0.0935253016075525 0.104169768139708
0.111101129505381 0.0758187318430797 0.0037436232543959 0.305019882569427 0.0986144685838189 0.224764317719994 0.180937846523903
0.116594889982297 0.0378458910701446 0.216064071936223 0.214431676391958 0.215406621258779 0.065981340469595 0.133675508891004
0.0490062773670241 0.252010993252067 0.00941421443650184 0.240464718309864 0.20465367257153 0.0329050479448577 0.211545076118156
0.13167062396789 0.0179403626655073 0.154092518601135 0.206227603619886 0.185869158786787 0.145108995760673 0.159090736598121
0.00633940229219757 0.0579840625919444 0.233006281325601 0.104460455961499 0.278369380158 0.204519840160916 0.115320577509842
0.0588051444556444 0.332426062562499 0.29937872272213 0.032411540127347 0.111703255199687 0.0191108499163929 0.146164425016299
0.112032063066944 0.0497166223547649 0.256192640309759 0.0563286983038747 0.217919057088869 0.129341448286268 0.17846947058952
0.159955476043602 0.202168075969532 0.149852782957843 0.190935733214653 0.00149608004403082 0.222640457643095 0.0729513941272455
0.0592348794606352 0.167902909304602 0.0715626796391747 0.195249099712852 0.0951962558615087 0.305346590024134 0.105507585997094
0.193927151391517 0.0279457319122067 0.232453032928961 0.121723528566805 0.102272636795087 0.112808344606593 0.20886957379883
0.0339818585816734 0.129485703616451 0.0238745463004816 0.114016535804375 0.193430905106504 0.211474887586769 0.293735563003747
0.326638231404058 0.0446348557116587 0.103555094757804 0.0612249601697916 0.0552209124175143 0.271623745638126 0.137102199901048
0.249475436484415 0.263550689874609 0.109379185077785 0.119761465986579 0.0300747107763245 0.181224353460089 0.0465341583401987
0.123158205831006 0.277659118972741 0.345203433367144 0.0602396523469499 0.0807013915372921 0.0162647156563518 0.0967734822885152
0.143195832369164 0.209583773094157 0.0387519868774398 0.11678971016799 0.204786017971675 0.0977190382025895 0.189173641316984
0.12706880160375 0.0914758300230165 0.0904483433980167 0.148753446990064 0.0146372616413029 0.258055958851825 0.269560357492025
0.106957117808931 0.0126453257173627 0.419803139747323 0.0338682804087745 0.128157002094314 0.17686761155537 0.121701522667924
