0.0530978148610033 0.102976608376115 0.203609769935992 0.0355832411960041 0.0962710523903202 0.14165807354544 0.119154761486675 0.137024075146492 0.0423233799882752 0.0683012230736834
0.261557322422656 0.0271786229622741 0.00606718448163142 0.179863166809272 0.0287451959305551 0.0734166488900591 0.0274380655949719 0.0561253115966819 0.0544782268285183 0.285130254483381
0.178652930339974 0.129920304900101 0.172592380759228 0.163554408787908 0.0165663393233523 0.00594053653957418 0.0144811993222938 0.117386362242559 0.143277112455828 0.0576284253291806
0.14404008559593 0.160071508772447 0.125939267931221 0.109718186875476 0.0075261791419457 0.0321037580935937 0.00425804038502382 0.152645691784735 0.111335051613113 0.152362229806515
0.0934502215602711 0.0279661147045577 0.0706668063439426 0.0290707626268557 0.15228771909576 0.186608531242671 0.135923776315634 0.163589881240978 0.116779116313986 0.0236570705553437
0.14015891816157 0.00677712493797866 0.14187971371926 0.0952752181771739 0.00562764944555677 0.190175325440402 0.141494251042632 0.119456167704243 0.149540654106352 0.00961497726483257
0.123460135124978 0.16082529860656 0.0833307373852185 0.0247472292852118 0.0505361130414664 0.20153805780777 0.150751961473309 0.0503049093758543 0.107921966246432 0.0465835916532002
0.0739314067980817 0.176015186431533 0.136519677345604 0.0754602723697277 0.0502169721733719 0.113082754723148 0.0678601904914522 0.137356959512739 0.159903428753419 0.00965315140092386
0.155001292576602 0.0954561779689041 0.00984500464462386 0.0369844367120675 0.108923486679594 0.175244592970261 0.173070293063046 0.178766192523396 0.0545755852348342 0.0121329376266715
0.020902303036365 0.171175807021662 0.0869784852343274 0.0132551773080858 0.13972024513314 0.161307018091387 0.156953563847659 0.0581289533202769 0.134832383595105 0.0567460634119924
0.123194813905747 0.172309382510212 0.0468934648801253 0.0333067760070741 0.183612015728131 0.144057624443723 0.0605997348972635 0.0115250064253748 0.141314962724966 0.0831862184773832
0.0114846051718622 0.154651356419306 0.194529607775767 0.197921219229255 0.0535552856991289 0.0432253540099861 0.0335379995952474 0.0801134852405326 0.109278604651372 0.121702482207542
0.172387193452992 0.0606160616892847 0.139743193834087 0.165467245265915 0.0267785704814177 0.0352424572875338 0.0115470284462478 0.145399283723487 0.0896056698740379 0.153213295944998
0.217167171423811 0.133672684841935 0.132705349747935 0.147701004898126 0.0195291859279329 0.11772194424035 0.0265840469503932 0.00588417599473694 0.14027077187478 0.0587636640999998
0.131189386014918 0.0673078279255261 0.0772750138633837 0.136195832422599 0.124654474154545 0.0694533348149373 0.0472025555192449 0.0997185577403943 0.15170594702003 0.0952970705244213
0.0851560715308489 0.157762048409032 0.0799105676944156 0.159159449070393 0.049864700183699 0.0172733414508824 0.139483489225083 0.146681473346447 0.108026624925264 0.0566822341639345
0.115118870351061 0.145913947872323 0.00506540703164062 0.124577690183953 0.169518715154184 0.172543581561681 0.0635755288275496 0.0908221723443488 0.0518291089705765 0.0610349777026824
0.183674261639837 0.144340315231014 0.168131486940825 0.114189817039372 0.0529300642028992 0.0115704354506401 0.0566819136316748 0.0590689453923978 0.136290062413062 0.0731226980582774
0.0554284160263886 0.0762797921769921 0.0188628542590238 0.169629862477326 0.173059593193474 0.191235337550878 0.0517553731766823 0.0974869308670908 0.0796382146189464 0.086623625653198
0.190725637313362 0.0285054287583615 0.0584364772109472 0.0193587358953602 0.181371669324808 0.0622986836936164 0.128784740491697 0.0901489508821456 0.16396027556012 0.0764094008695817
0.015916566845783 0.203262674397679 0.158323156367818 0.220530903541288 0.0275382094871806 0.0784735879823632 0.118252957462052 0.0819601676666026 0.0308608537933424 0.0648809224558912
0.161095365109109 0.0337069689574487 0.107763552223483 0.137392795791135 0.0708729527812823 0.0266460233813628 0.132555544620423 0.100561327247296 0.197454122480809 0.0319513474076509
0.164632898535685 0.0314175714771401 0.011548149038964 0.122572899088803 0.00835161223008954 0.190776421837574 0.113460929029991 0.13918575512825 0.115599317301628 0.102454446331876
0.166561208526094 0.0115507937497612 0.178304728474011 0.00922364087529041 0.0810246184843222 0.175177841618775 0.0945391062891415 0.114726473198969 0.0422261832384689 0.126665405545166
0.188349557376612 0.0545989520681504 0.00855328229782 0.193539164981366 0.000901273761378204 0.166975542898431 0.137129812469173 0.109880514516586 0.0478978502330923 0.0921740493973918
0.113634125436079 0.0585004499413902 0.0884697398396546 0.000217084375155241 0.198118649600361 0.0515484859846772 0.0434461086604925 0.160501511391279 0.228949377222461 0.0566144675484496
0.00134679599109657 0.0947678787513698 0.0355510460517345 0.0626019716414864 0.0224084641611995 0.199327792078463 0.191169038683046 0.210025498546283 0.0550424631699423 0.127759050925379
0.0912357319408369 0.0592683337333437 0.146451700371387 0.0434682864659769 0.066304284902071 0.128859181200878 0.139069485954886 0.203853608143509 0.0572210986905048 0.0642682885966059
0.0128783155467261 0.211724567017441 0.022849424649992 0.0978452816854664 0.0525953563837142 0.246285206683066 0.0164959650640714 0.096499617197521 0.229017853817092 0.0138084119549101
0.171211888287444 0.0305644216015553 0.0275378854884895 0.191275260385919 0.183933594661505 0.00344850908100951 0.0648946544352056 0.122892293429586 0.0706273344383179 0.133614158190968
0.0964180927435789 0.137901192962201 0.0484886851120835 0.120216315088386 0.0975038315583884 0.124449101162689 0.133429932573921 0.0937833832870765 0.129671508978576 0.0181379565331001
0.0384204541274576 0.0167605244961256 0.219537210216853 0.0670990598757263 0.105814671442079 0.0273654010816261 0.178252213055864 0.0619508693959356 0.119503582357462 0.165296013950871
0.11157399147537 0.0839808529506888 0.148220512671571 0.118367329513489 0.152421237236759 0.148212869777364 0.0108375735411975 0.176663895076841 0.0183842527675412 0.0313374849891785
0.167332956684783 0.16745259880072 0.0906062593599616 0.0116687539906794 0.0992764268885715 0.108246739902568 0.0961169526674041 0.0163250168789003 0.124946577730308 0.118027717096104
0.00402862241444356 0.0269184118607334 0.147796373759049 0.233959057291143 0.136394292576436 0.072192044068613 0.0554528268298891 0.0447169960697438 0.101811787231452 0.176729587898497
0.131636838673379 0.046152798879929 0.125060366883501 0.2154616420827 0.109461676408437 0.0330870057812785 0.0886995211027343 0.00679201277765553 0.0561381968454114 0.187509940564974
0.149369371910037 0.105453887276563 0.115261645577851 0.146617122895984 0.077270793174325 0.0495138173273584 0.130681924883221 0.0693999712281298 0.12950462061861 0.0269268451079212
0.0420819605431327 0.176553292349491 0.0753850133738317 0.0687068491915392 0.154171318492264 0.0907966116766541 0.0878605501731344 0.126647418842577 0.0337597276566523 0.144037257700724
0.211941095631647 0.00827125904977583 0.0731880119579236 0.148738476749361 0.154396802403793 0.154379776480913 0.0309991298253428 0.19008590021959 0.0192447262206522 0.00875482146100133
0.142684488693484 0.0332320858120115 0.0426117053774347 0.0521564037044672 0.0309612665255732 0.197976249624644 0.108559681161111 0.0716413984643166 0.11412846043326 0.206048260203698
0.210078645490178 0.123111618503874 0.0104636311137572 0.0172878478967178 0.0545207740912599 0.0168704911892961 0.232774799213979 0.217055251777721 0.104544798346834 0.0132921423763839
0.14382273381354 0.0818305547574455 0.0495009944308807 0.0976289902848077 0.135854077024266 0.217004048637761 0.033522886800249 0.0439137833058844 0.0332703694426179 0.163651561502547
0.110829613740634 0.149211255959523 0.063966018260375 0.0355949250656862 0.0943635937171637 0.130284554318543 0.140347587776116 0.0989195322152805 0.0375608664783311 0.138922052468347
0.0691737636683052 0.15805685225228 0.00198921368296666 0.0936556478066475 0.173013079796984 0.0617704102781053 0.188178595188299 0.121063903759887 0.102174382820216 0.0309241507463098
0.18840838130904 0.0123503183701144 0.18969352522966 0.0403159680151757 0.0841933216530507 0.0261791070070066 0.165213127314556 0.189043273320539 0.0238540509908694 0.0807489267899878
0.0825323442238603 0.0298521918832568 0.0793924947486906 0.194376138405407 0.0321514202465582 0.0292404335432863 0.182221169492362 0.0732412873133432 0.20445368922591 0.0925388309173254
0.125822505785453 0.0384882740241009 0.116786969333168 0.112564075897486 0.138476457220178 0.023889528377791 0.133241775618258 0.126393808411858 0.071694260805219 0.112642344526487
0.0551163505684804 0.194733886290027 0.00288179868405185 0.00732866225478134 0.19237676476015 0.0512775141817506 0.0405495766536103 0.204749720134581 0.0509948401615092 0.199990886311059
0.067143804382903 0.0195944316394268 0.23554289393785 0.172484081879809 0.151601423103983 0.163470963195303 0.0517633672824548 0.0148128810533887 0.05308860382933 0.0704975496955519
0.174533501254777 0.120572666862439 0.0410461165413155 0.0889453984424468 0.0247510929852687 0.179701827862152 0.0780531726937684 0.143488094718283 0.112472279496044 0.0364358491435061
0.0504595353994869 0.0225644912235645 0.0642236519940538 0.169258944091688 0.110289411305652 0.167187679393826 0.0209491460988841 0.107389002517666 0.18183341345285 0.105844724522329
0.0857503236537764 0.132740882197412 0.00174674327139469 0.0507405646733563 0.285873276972863 0.0616690471218618 0.240004947366702 0.0457923161873129 0.0672265854782617 0.0284553130770595
0.0799048774235617 0.125044902726558 0.0988905952464098 0.0357361948281308 0.121175037059483 0.00558226585937691 0.154043094550236 0.0915790854809823 0.133413270290788 0.154630676534473
0.0970529477322885 0.121244081947573 0.113470032173239 0.00249378545517789 0.127008631695397 0.0450637891652763 0.069911223942343 0.0845763834373898 0.181384533827764 0.157794590623551
0.202890381926774 0.144370609776738 0.106206484343807 0.0165179593775642 0.00746207572629524 0.144292124221847 0.00186472854695329 0.162024068478419 0.131425971334877 0.0829455962667261
0.0643366064551605 0.0163084122731989 0.117448714208853 0.178052532731766 0.117433821915368 0.120380979447092 0.188009359315695 0.0684976025743548 0.00752808341712586 0.122003887661385
0.102109959544161 0.122684259495653 0.0318795052220991 0.056306330694215 0.179465728759146 0.0145598912969335 0.132267594780613 0.0694073125720873 0.191066395765824 0.100253021869269
0.106063183222706 0.177033451328085 0.130222006655174 0.0129528664534606 0.142152516726096 0.0734773285626449 0.126249820308454 0.154255709813131 0.0116707362068101 0.0659223807234382
0.157753844993467 0.131870377659543 0.070596244290589 0.0402618835335885 0.131632477960577 0.152766487024996 0.0367854301653184 0.140724342877406 0.00468080116565834 0.132928110328857
0.015705223800438 0.0790256010966961 0.0597322938982302 0.162956068421308 0.102577050021063 0.152449305850071 0.093641596183637 0.120239502770465 0.15359554813326 0.0600778098248313
0.00446290136755479 0.00861483918233144 0.180407001050079 0.14728483870234 0.0702722443346132 0.162090585731933 0.0243470956926222 0.173323394154157 0.11965166160853 0.10954543817584
0.106554369762358 0.013604712187325 0.0748337003088944 0.186379333333502 0.118354681282314 0.0390820258535005 0.107634029955765 0.287019994669377 0.0176573070659077 0.0488798455810561
0.0986582221178173 0.0296245478903375 0.00891495748167171 0.153337841077375 0.153157354241456 0.116859859367814 0.195960509014673 0.0450667107395443 0.0384561997650939 0.159963798304218
0.0525913171001455 0.115178717860319 0.0859128203061757 0.0704746706272525 0.0449456537658698 0.180772486030343 0.186456814816573 0.0965404654562145 0.150031720817417 0.0170953332196889
0.0305544255913338 0.0815940665414639 0.161803797218981 0.048984021937687 0.11219852110799 0.00463747554484389 0.0830223946338885 0.128937734947199 0.189380112417323 0.15888745005929
0.147678704686443 0.0530466424528285 0.0872885060078639 0.146317637598014 0.134020925695573 0.0767048542750974 0.0205091511703427 0.0729121589037794 0.121461563452924 0.140059855757134
0.0543020910230706 0.141856832086305 0.0111379549027019 0.194723509570641 0.180775824386944 0.0238085210444369 0.00325911618177456 0.000417729096899901 0.205820867135615 0.183897554571611
0.0476905351445456 0.0740512938041043 0.118638449081174 0.0212585729934101 0.122052179763467 0.0619642296645947 0.157609164390643 0.159833256889239 0.0835007390641228 0.1534015792047
0.0597255002770814 0.0646164068381641 0.0704910918836605 0.144415871431425 0.136524834969774 0.137006830418094 0.109257801255963 0.0803669110944861 0.0725581457958134 0.125036606035539
0.0225350880732331 0.0474973082723957 0.12064582877354 0.0763068007619949 0.179885303054652 0.0559237833068281 0.182269743505164 0.151091023728458 0.116184802300213 0.0476603182235215
0.0717888497947215 0.138769887519831 0.165637804057636 0.187363172852225 0.0288194938372545 0.105637674576256 0.125763393424155 0.0675992440341872 0.0902110514627681 0.0184094284409662
0.0506013497990882 0.193916492823175 0.063687281778579 0.135998899614582 0.0661593393934095 0.13046873352393 0.182151961648313 0.0144479462191518 0.146002914355311 0.0165650808444605
0.0577035918747655 0.0822056675280811 0.0995634033001312 0.0871215223539964 0.0661232728280553 0.19870929330589 0.178060804817605 0.00323120222761414 0.177602109400483 0.0496791323633779
0.074886684856566 0.0430624423970218 0.0591068839016437 0.148729198654662 0.119549103579763 0.0064148984579112 0.128108731419946 0.148545639944091 0.134359395157505 0.13723702163089
0.034005531757003 0.11958776695013 0.119142673237437 0.120683523011691 0.136607896330099 0.0223182263835628 0.122296745497055 0.121321125771124 0.0727589949591263 0.131277516102772
0.0455375172607419 0.00819624403654227 0.206653020677706 0.174972565512788 0.10177214948582 0.132482321251137 0.0685535797595645 0.059360764826386 0.185539053351457 0.0169327838378569
0.12799139888534 0.166733189024522 0.0067197342747973 0.149087558806347 0.00191027006894568 0.0904016513161827 0.116646456665835 0.144225900965577 0.0110651867441294 0.185218653248323
0.0821191670996802 0.113800268216676 0.0492131784682301 0.0299465962733117 0.0767488953131182 0.159844970762318 0.150485908251393 0.16395741932695 0.14884861427447 0.0250349820138526
0.153439327113678 0.184404177853315 0.07561665796296 0.0284701228009564 0.128092643365178 0.0301386243575637 0.0691673306445925 0.189814510051622 0.0239813070331944 0.11687529881694
0.0140859093402273 0.219049057775867 0.0803063902106243 0.19973841705693 0.0275863511021315 0.0465092505045886 0.0718463938887072 0.0540337378764075 0.0951041178556397 0.191740374388877
0.0812475809159055 0.115229202825747 0.00847918353102587 0.206076947043239 0.0933409017528107 0.0088300777484596 0.128511047308456 0.198052842426098 0.0690665319852691 0.0911656844629895
0.0875827376257717 0.152961111675417 0.207161401754474 0.101685477828206 0.0126248377740424 0.0401733686806776 0.136363059195424 0.081642309246228 0.127856826952793 0.051948869266966
0.0498555882517287 0.0248911238087044 0.0462017155581527 0.186611080112788 0.0519103138609064 0.0569870986800926 0.178128945245906 0.0140652093532566 0.245205141201507 0.146143783926958
0.185427708409345 0.110694410093797 0.0409513074938327 0.0142783737171247 0.11107761324148 0.0251665407279023 0.0421300900880929 0.270048437290517 0.0578408124923856 0.142384706445523
0.152725055467234 0.167187307971539 0.0727219778134405 0.156537690852793 0.0700829643963717 0.036154126432295 0.108747001861955 0.201952205408101 0.0194670051421767 0.0144246646540946
0.102494191402406 0.004350290713991 0.129099358884353 0.0150267418957681 0.13517552723696 0.163834509865996 0.0175546702375446 0.166865017445191 0.128062039186952 0.137537653130838
0.0741491448090313 0.0040051341468151 0.148460434848321 0.176538937996914 0.0299216113030337 0.13848599941274 0.0057217164677705 0.066034953202037 0.20603239627472 0.150649671538616
0.0956289390022426 0.0729834972435753 0.0958525082392478 0.137033801136648 0.134652187594169 0.0692268047775918 0.106182871825639 0.0758774665268561 0.063506633616608 0.149055290037423
0.0636959653613223 0.150043471352629 0.163192837806431 0.0964334060116906 0.0588871912194779 0.0450942641175527 0.103474180942355 0.043054767354153 0.158988743895621 0.117135171938767
0.0730060017732142 0.124165513485868 0.0835584846510731 0.0500175270691521 0.0845544819723894 0.201085407055634 0.0944977428923957 0.00124614791352884 0.226871606845644 0.0609970863411009
0.0679660715287396 0.0367628543903201 0.175623792702968 0.111764273319499 0.170000913276611 0.114616797536674 0.0402073579859772 0.0709175949520898 0.129413142340248 0.0827272019668732
0.223698177596453 0.107478196099663 0.218221070985439 0.0470880505929638 0.045383625338763 0.0434672015367759 0.0350151422206287 0.127135015797502 0.0344804695530383 0.118033050278773
0.146223486659695 0.138118806578779 0.0460016368869451 0.081752732543757 0.0479166684435933 0.048734080546952 0.141880676861708 0.0975330008004495 0.012772403734003 0.239066506944118
0.0811313037896658 0.151801850249718 0.0661327955906025 0.00788113712290287 0.0882102137448732 0.162101321298837 0.0370616853030516 0.170955693783062 0.151375934030308 0.0833480650869777
0.00219902966228815 0.0287308573113255 0.15646654059997 0.166451425986621 0.101665041407044 0.166282236926339 0.108272208252268 0.0281895114519662 0.149673909750245 0.0920692386519343
0.0897298305948474 0.167904219367792 0.0108935489478411 0.109183021410191 0.0786521525642913 0.105398951078091 0.120696991387902 0.126439523869201 0.0325574963548031 0.15854426442504
0.0344663665953305 0.123227782806365 0.15562592555104 0.108508892832501 0.146251132299259 0.0105307963181022 0.184514773021228 0.020830363328837 0.0485885820747501 0.167455385172588
0.175764437079177 0.18190775584123 0.00462034777735456 0.0628528653451752 0.0245696177037938 0.0412045115658696 0.135372541801584 0.0763984850119315 0.0987866353132105 0.198522802560674
0.0935198654767729 0.000854673398089354 0.153788341992869 0.182470962243344 0.143440891777102 0.183979672199504 0.0437080237533799 0.0339917553015848 0.123499463892236 0.0407463499651173
0.0736529049079223 0.0420369312924427 0.0651343090045441 0.122757626347553 0.0908747855154933 0.169064324907423 0.0797235953123641 0.0560152501193589 0.136164011764065 0.164576260828833
0.0393923881335508 0.1213713462905 0.119586283037405 0.0596651142973223 0.13565464298015 0.00638968135791967 0.131509788014015 0.121552958653407 0.135130482933336 0.129747314302392
0.141176156162095 0.131545973052537 0.120014893091449 0.0960870131566391 0.0365717656999171 0.0288754978644561 0.0724488140250154 0.146449313842615 0.0584476482177549 0.168382924887521
0.000173872992398191 0.0480706501088504 0.145072774753999 0.104247131728198 0.0108503317074787 0.130540604663109 0.12809190410268 0.193422031416861 0.0320194662298525 0.207511232296574
0.0390004575749125 0.173071204238816 0.0211253293101368 0.169707630074704 0.112467733763386 0.0913333625384321 0.0513141481202853 0.0591993741311681 0.0937843046659511 0.188996455582207
0.0891924421712099 0.0137981922649951 0.09338136027567 0.184654808257686 0.104595288684195 0.177074129672735 0.0855478128795368 0.0425090015082884 0.0997802763125167 0.109466687973167
0.0852123221395793 0.0392357972598198 0.00652513785125054 0.166601235823277 0.0678470808909004 0.0751622079518944 0.15182220756374 0.0512985472875331 0.167210082055975 0.189085381176031
0.140261100928043 0.073006057138962 0.125628340508304 0.10432530623073 0.16650600639939 0.0361989615660353 0.0350502703885152 0.135400724549915 0.100325272160015 0.0832979601300915
0.123843014658683 0.17878374048652 0.0649902500302581 0.046768754777989 0.0287384285428552 0.0679378186040494 0.15501454306104 0.00834256058108388 0.183606165036179 0.141974724221343
0.0576132918202995 0.0727055950390048 0.195802988557952 0.115168286062482 0.0813028757671551 0.179891663430029 0.0327587783315037 0.189613089853828 0.0357825149066994 0.0393609162310471
0.0088373942904829 0.0333014003383932 0.0403269016949756 0.0317114985915541 0.0908356834924794 0.20765374453203 0.0529834981877476 0.206505910816065 0.105589855462254 0.222254112594019
0.0653111869304466 0.0618578913579869 0.130901127419619 0.140843861825787 0.11206701441352 0.10413092576368 0.165266657922259 0.00329225852242507 0.0857799911357992 0.130549084708478
0.165497393046289 0.0853931299251997 0.0354514720905261 0.0264180237003304 0.161146462814536 0.148460018125395 0.142923442457859 0.0722372682281282 0.0298751692951695 0.132597620316567
0.0927758694149349 0.208217043998605 0.0689491640074009 0.00890261712937756 0.0243276144301977 0.0453809900749266 0.230980593579999 0.00404757622370057 0.235266957496156 0.0811515736447015
0.114032626064376 0.0942784962704483 0.00338487771386204 0.171623143536094 0.113280366356944 0.0888676412111671 0.00778663918006734 0.0603049084024521 0.162358858407757 0.184082442856832
0.051537699145323 0.154785458932138 0.114285989813177 0.0649785497858562 0.116997157365355 0.0682766538967457 0.117791891100195 0.0822916509072853 0.170165922367192 0.0588890266867324
0.19986090097385 0.0557819454253152 0.0941168962763291 0.184597944560045 0.0818865746452924 0.0307635189882072 0.0810890364624594 0.143898835328371 0.094107823958297 0.0338965233818338
0.0675545883647511 0.122717545595841 0.214862057781932 0.00613207127130062 0.171610425286746 0.0608327233864521 0.0318066446294792 0.0636384830805098 0.172933524837861 0.0879119357651264
0.0349509854502773 0.193723935842827 0.0810658158750251 0.0814400704967833 0.00981838611800226 0.162637438686422 0.0221006085881069 0.132675528124055 0.0581506254836054 0.223436605334895
0.149264212232518 0.0462162138481901 0.00568077720969263 0.0186539301333281 0.188793411120443 0.0765592183255271 0.00702733741237526 0.128908155907095 0.180021000736582 0.198875743074249
0.07736599986511 0.181066791824021 0.0181576129250522 0.2272217303641 0.00327178735847817 0.0719676778350599 0.0561140458346941 0.0675840017234159 0.248486670327913 0.0487636819421559
0.00935989229365971 0.0907054751025437 0.0361092700525874 0.0942585275925847 0.0722550242224544 0.183861718453693 0.0995726169887202 0.156647149194549 0.090002955472898 0.16722737062631
0.0423638325571325 0.0252888893628771 0.0462281138988652 0.145276216765041 0.0732453020461035 0.228694499108871 0.0465659079890644 0.208879716439014 0.066520407173309 0.116937114659722
0.0929898763326775 0.0685269498187702 0.129957388608968 0.0178965488369598 0.0150455478641344 0.0755121032016277 0.154629781224107 0.165941867080535 0.128314567536808 0.151185369495412
0.0876416051042586 0.0129453743426673 0.00871843247426401 0.0207965233793827 0.139252856494176 0.164877651247754 0.146592063326476 0.12397262052995 0.0532153250383565 0.241987548062715
0.115485765092314 0.197240614440655 0.0175847330065928 0.0614493316940012 0.022531682777016 0.118849548751766 0.115925111967734 0.118252074725113 0.0690544433867555 0.163626694158053
0.131892201644162 0.0631431666105197 0.0446433707498455 0.108089232061024 0.163391521314401 0.161083091859026 0.141507350539705 0.0172532399114514 0.107190428701213 0.0618063966086527
0.186676814178687 0.125113152494624 0.159240084408527 0.137767621195326 0.0147304777940663 0.0147597960250897 0.0075208206553488 0.177678369949315 0.00536900542676061 0.171143857872255
0.0687479028692904 0.17821487563357 0.0591262049287336 0.0576517837184241 0.0715069868341884 0.146497933576076 0.172720038261003 0.114743101456326 0.0894804813730858 0.0413106913493025
0.00716039795554698 0.0443936210724825 0.11496984923304 0.0855333551217815 0.145752166404371 0.157682071438534 0.0316205868623933 0.0569441886551917 0.179850749058258 0.176093014198401
0.0716263001308269 0.133460150931769 0.0985795504247246 0.031088719449841 0.0351025649572937 0.157256079800884 0.103134860381994 0.190886471492691 0.0938367824940977 0.0850285199358779
0.200967535606424 0.173402849043447 0.0520748142200684 0.13530121096727 0.0290217651258281 0.0387180551825649 0.0114457221648173 0.0896083096739262 0.10295367752774 0.166506060487914
0.064345478759283 0.0365610508036495 0.174580412212932 0.0193231396958075 0.136080545087528 0.17070287964248 0.0991488850697607 0.106818937866379 0.165312737038299 0.0271259338238804
0.00679375541329474 0.168024701186728 0.156366014188651 0.0772638051963827 0.0889230654130612 0.158693648285172 0.0436186434927621 0.21224687677874 0.0518205440835788 0.0362489459616296
0.0700053081328351 0.0650309747486742 0.0624512002997614 0.126799591294718 0.139933536820644 0.113360309560702 0.12309766862345 0.0685224565242305 0.0885864020699567 0.142212551925027
0.0809954004332682 0.145625732692414 0.135311498924868 0.0390199476334203 0.0888415853144437 0.206259888097932 0.0668441476159296 0.127867836940188 0.0145397870962176 0.0946941752513183
0.0636407966665556 0.0622672322441731 0.119832240519444 0.0511141744924982 0.149164410475079 0.00225123474006607 0.171791347636737 0.145539693103908 0.125823249021984 0.108575621099555
0.0655255083321083 0.178030592159909 0.093773653257166 0.0624935894795862 0.1609432919604 0.135498318259683 0.0498422919948893 0.0465967794197891 0.141788268836374 0.0655077063000952
0.0874202369643404 0.0779585528783754 0.0620172087211972 0.192582650917968 0.00146358701525904 0.0911804073330894 0.113953184848119 0.18648021139034 0.100653492534203 0.0862904673971082
0.0440144613074232 0.151028444884613 0.0630486580611769 0.204455150401037 0.105459560455641 0.0898699664440376 0.162775793867557 0.0177322990766267 0.00901266127058693 0.152603004231301
0.00737670070255681 0.100307259922031 0.0425299827223908 0.178436374579365 0.161492126071475 0.0503303952136683 0.124695620952538 0.136781197396419 0.115276461644881 0.0827738807946772
0.127708227183299 0.136384133798372 0.0193356113636957 0.0614834458336152 0.0344974688812949 0.168855714952173 0.138181500970738 0.00551383528497648 0.199042935482746 0.108997126249089
0.135585693272135 0.112159948817576 0.0101351465686182 0.0996947087311277 0.106247012146172 0.0220048242713831 0.0927672590595618 0.156392968141941 0.118906656812461 0.146105782179023
0.26136979632126 0.113032614203773 0.0102531998941022 0.164604951583477 0.0401897654141724 0.121097960324258 0.0805877567502892 0.0113108605123126 0.136014899272747 0.0615381957236089
0.0767442217472253 0.0355465426114378 0.088087431929909 0.112986592432423 0.124822978231889 0.183394711562959 0.185910326339769 0.106888258323904 0.0114947957990496 0.0741241410214348
0.0739541403111194 0.178013010224628 0.0503391945740429 0.108748704440626 0.175324153735214 0.0899941442477178 0.0672704517923726 0.109008481797922 0.114787363307968 0.0325603555683885
0.2000242247297 0.194366644297722 0.125650247208808 0.015498322348312 0.0722563427492089 0.00256755264988853 0.0174820177571498 0.108739486993485 0.0470326151482655 0.21638254611746
0.0666283480641429 0.0733004022916475 0.0424324837602235 0.146956595505839 0.153965648629655 0.0689374058950119 0.168522481159383 0.0959175044813603 0.136687099918777 0.0466520302939591
0.0985925372445223 0.0859177237388275 0.101857834302775 0.017131316253331 0.118293887456998 0.123221281807779 0.133367792215157 0.11399631228863 0.0598569343360828 0.147764380355897
0.146847325297244 0.138028552279181 0.130755752412967 0.00867973176737203 0.100940291974766 0.0992441615217678 0.0217233938924815 0.136188101888894 0.0790543968008116 0.138538292164514
0.138451542219189 0.0690190693406353 0.0487670339139254 0.145741821192679 0.147934646084287 0.125098093319888 0.0205482155211498 0.119747800374059 0.057874130166679 0.126817647867507
0.071303513522574 0.123931650692648 0.179405131843696 0.151144806805566 0.0391041180483709 0.176066144265841 0.031452068840141 0.132336106796746 0.0229108458470732 0.0723456133373429
0.14661607107212 0.13058189626126 0.101797016241013 0.134992432636354 0.157108115275149 0.0634709625856037 0.0827256181872563 0.103507853514613 0.0464689992539993 0.0327310349726323
0.135346727183769 0.0861942785691313 0.0565458994343696 0.15945641279191 0.0828394023318231 0.146307489713675 0.0548165524456333 0.131939713052503 0.127859046355686 0.0186944781214991
0.0126226398251232 0.150546940054708 0.158709852854241 0.198945251560864 0.00337743152299957 0.107333435962423 0.158792317430609 0.070656716180146 0.0602574146501667 0.0787579999587196
0.0896789700379775 0.0290546158720519 0.104949683764817 0.0248955658515013 0.134057373914162 0.016500960736821 0.0325501341341093 0.217988663138485 0.220010316117273 0.130313716432802
0.00369436421930332 0.0510786885798839 0.197193101299009 0.101412308656565 0.0513622546830206 0.113127554596027 0.198685408769218 0.214425561912163 0.0500497220986516 0.0189710351861584
0.0952630599351618 0.142099467942043 0.142406412624067 0.0117587331395136 0.128580721794742 0.158483544112698 0.0358120965884521 0.110668758843217 0.086022547813135 0.0889046572069703
0.158879474638326 0.103843971630564 0.104415617954667 0.156764825160366 0.0793615807904136 0.0797169647880109 0.0910835659481861 0.0713671357559316 0.0183238485383085 0.136243014795227
0.162278854052369 0.162685869586073 0.125288830302731 0.123127168839337 0.0507373588790664 0.106327274047389 0.132114317419285 0.0584551605791672 0.00230556874101577 0.0766795975535661
0.106319408630646 0.0790519414179315 0.141021762531032 0.0553397250983045 0.0796898275895041 0.156347183965861 0.079479672761494 0.104742110699949 0.0892416112962367 0.108766756009041
0.183133008169065 0.165826934939668 0.0740110008266371 0.0728908907046121 0.190950045052476 0.0445433894032694 0.0159272175909217 0.148574270402667 0.0670858332723621 0.0370574096383212
0.0705094094683937 0.080665367024282 0.0679243073141567 0.0815317976864532 0.174881918999372 0.174736896167715 0.166617532390233 0.103057634125704 0.000387491172230774 0.0796876456514603
0.091239649761225 0.0160792005864322 0.0178749131210042 0.141398453311483 0.0570326837020271 0.205389210920271 0.0737246773820189 0.194480515199153 0.000251039452335116 0.20252965656405
0.0954579143402281 0.168406834679234 0.0801797429778218 0.0541463503595482 0.0618901154162164 0.131228480071379 0.0889315823511934 0.153408530504765 0.0692106722347074 0.0971397770649066
0.141307764489882 0.115046571816529 0.187473213260605 0.0947118984241836 0.000641804110162708 0.0829420601480511 0.0587070894551703 0.113123222923773 0.153989720881786 0.0520566544898572
0.0735640817764671 0.118737172754418 0.0875104936690012 0.0680677736566475 0.0754504355596245 0.0942988448174063 0.109762907029558 0.063346030372953 0.143748118578605 0.165514141785319
0.104333178235845 0.0247806015545019 0.185844796750183 0.0249800239838536 0.0986459399495873 0.050175029922563 0.0973932311632209 0.105932196337441 0.166520041485072 0.141394960617732
0.108433908030421 0.0208429401777734 0.134729182656448 0.0389763937937875 0.176698863625927 0.16334360155668 0.121045209536642 0.0352527752103576 0.156552556744083 0.0441245686678803
0.152794230298811 0.165483351081083 0.0378902815770826 0.0495919747685514 0.1285662554762 0.0230117350699257 0.188317275382399 0.120706136400281 0.0757600682231904 0.0578786917224762
0.114752202114134 0.0834312192005885 0.131955096170747 0.0734415423504314 0.00564907459818706 0.107783027329097 0.0907111709555278 0.110786710396126 0.14820485380379 0.133285103081371
0.177363603026866 0.0217196958141074 0.00556700895242501 0.0699746917846397 0.183297721429167 0.0811257870058935 0.216593908073114 0.0668045008410734 0.0535227522369647 0.12403033083575
0.0842949254777905 0.168596317514445 0.0220454460784496 0.0843382131586546 0.0692768180706929 0.123517543012658 0.0508580501159744 0.215821891102168 0.148473936690608 0.0327768587785588
0.0211257744506311 0.00944945209923545 0.160994902865782 0.156331040263821 0.163133469217886 0.218394425250468 0.0904611117654534 0.136725867775486 0.00627986458675344 0.0371040917244837
0.0750168982348531 0.13911758041226 0.166289416556509 0.0191964660492441 0.114561223579518 0.127593156863166 0.14328175226442 0.0479498228043887 0.157385345267768 0.00960833796787437
0.15380849605555 0.0717120519964677 0.0159607452513599 0.0740322011129043 0.0397092830974654 0.180470874140014 0.188423329601483 0.0814352886115668 0.0398174864978717 0.154630243635318
0.0925912889508355 0.125559035839306 0.0959855228479518 0.0587052219774218 0.042974674558605 0.0453179332929645 0.152864943034547 0.11750314637083 0.157542941165743 0.110955291961796
0.149805799244364 0.0736451744793041 0.0427633516210053 0.0470967572630591 0.148584826106305 0.0318097932396349 0.12538068926849 0.143073310602258 0.114745362620351 0.123094935555229
0.102647597627984 0.0666245829857297 0.210529620456877 0.0260105304235349 0.153464601747237 0.0352011552155935 0.0825151831505573 0.20287776888817 0.0247640068448596 0.0953649526594567
0.109515121319419 0.0311273565597646 0.191727920845122 0.067751237256212 0.0936138435443161 0.0232817015054144 0.184224793993667 0.101421135396737 0.0919909431546883 0.10534594642466
0.0929268055759451 0.0535660887781168 0.171734262758782 0.0878015363506685 0.0237289051272566 0.107699605351179 0.0118963823649046 0.112303255163998 0.161913243095757 0.176429915433393
0.0411479916289474 0.101468883765728 0.122720146060051 0.0898687582271341 0.107032601134145 0.0860488071826395 0.0170247233008716 0.171507613149871 0.0842984588969494 0.178882016653663
0.0563845466028373 0.143245489187379 0.0239076937391871 0.152776417230704 0.0923111236108503 0.158164233904238 0.0416633987637622 0.101382990806345 0.102756618507228 0.127407487647469
0.156165675215555 0.0556314967979304 0.177410717251812 0.110515375359357 0.0337581709145083 0.0734005383626127 0.0225174746670178 0.144222005861104 0.1869543133638 0.039424232206303
0.103676428609296 0.0523236316140567 0.0830523326709011 0.0919167394085553 0.0677831158965338 0.173093880378793 0.121119390200663 0.0735620405816907 0.0126120940335215 0.220860346605989
0.160250363890698 0.0113782314345255 0.198836966384136 0.000314060652048789 0.15948013620375 0.061942923608806 0.135594849137056 0.0119215747089358 0.197797716424574 0.0624831775554697
0.110149999910944 0.149045771152114 0.137600338890227 0.0666918248007967 0.0705857888738746 0.161525791118371 0.0112198336776034 0.0704044421451712 0.200762097824451 0.0220141116064476
0.149760806858203 0.135849004578859 0.103655095784366 0.143192836627119 0.123010800541582 0.0997489051648033 0.0399948221102198 0.0243118311040519 0.136952153287996 0.0435237439427992
0.153584869221794 0.146361278432407 0.12484215308146 0.154214192379769 0.0111717107059949 0.115017412397045 0.0301177682823986 0.136571025228398 0.0150253302763193 0.113094259994414
0.0946483155281206 0.0172327696192724 0.0931756579951363 0.111329236173418 0.0370279557276748 0.0175715142603553 0.187974099283972 0.150650212532538 0.177317140015495 0.113073098864017
0.085681600180918 0.044238143564132 0.0540850662411651 0.0228678487676577 0.155750533745408 0.211132074194314 0.164480568281046 0.00610271815391112 0.181917069361111 0.0737443775103377
0.0490601121573586 0.0233223638645094 0.235395258831858 0.194044562745394 0.151847671521393 0.126518467340387 0.029794672248175 0.0449780420847271 0.128695708666099 0.0163431405400989
0.0464789456471751 0.0774323459187359 0.129872088558855 0.0185094210431631 0.14154573189541 0.102515051897188 0.0571825987333209 0.187171917549429 0.132125757153757 0.107166141602965
0.136730028548188 0.0799948908976681 0.169380593290215 0.0773286591911236 0.0768928926593421 0.169715739363067 0.110618733185911 0.064053935551087 0.0661114144539147 0.0491731128594828
0.125974422781133 0.0826651296171844 0.028720247369705 0.171479628461216 0.090547797810816 0.172232514788678 0.0295221245557966 0.109018631230108 0.14415123237247 0.045688271012892
0.188489428500644 0.134767131440074 0.0815087754353188 0.0615934181199048 0.104133111241872 0.10286941007087 0.0640127548167376 0.0950474681763138 0.032898306634733 0.134680195563531
0.10598353611331 0.125165712951597 0.118475458341641 0.108649797614921 0.116089864602745 0.09358303897483 0.101071757524384 0.0791628573834848 0.0426131397167455 0.109204836776341
0.077139426701604 0.0151295209566402 0.127178818968794 0.0376229728066132 0.156267397549527 0.0594149615837254 0.142211570200136 0.141658643995186 0.111781955764746 0.131594731473029
0.0800942147613196 0.102242216309361 0.163759983215344 0.162860325472788 0.00255022405230003 0.0569020090917708 0.0308855225439306 0.121686316666331 0.122589133141517 0.156430054745338
0.0828392578551837 0.0623478535868596 0.141648435874592 0.0386225195660859 0.131843012592824 0.127728169945392 0.131963355248817 0.191572610936571 0.0463597388711935 0.0450750455224807
0.0339460938635521 0.114456226621532 0.0196047516066813 0.0604921130773519 0.16161225545516 0.199847903503493 0.0823083844347044 0.0289636542057408 0.147713776134153 0.151054841097631
0.0518066078367155 0.184708084783369 0.165863651143363 0.00264873075131562 0.174684954784539 0.129468956367624 0.207052027153089 0.0477279374681775 0.00415216516180806 0.0318868845499995
0.156482692038573 0.113547613577832 0.0833172711808201 0.120197046251542 0.18050058502761 0.0399000847320005 0.14282059886184 0.0652540235726058 0.0782436950298168 0.019736389727359
0.0345075794771198 0.227542450265019 0.0703901529050479 0.146149755500252 0.179035339645255 0.0409099264447583 0.0594957398974568 0.137597849770285 0.101631465093588 0.00273974100121826
0.121434943135297 0.00406036035982786 0.014270384298181 0.133767222926347 0.139065328413519 0.102161724323453 0.129408789686525 0.121913992917585 0.112542220271491 0.121375033667775
0.0165749487412342 0.0230604563372783 0.0329681933200619 0.132962615644837 0.164560606102333 0.155686622381568 0.141941804720716 0.106872886449335 0.0593134964151438 0.166058369887492
0.288229933747046 0.0102191973591384 0.0323492981855245 0.0481156389187798 0.130084586521838 0.013590096700138 0.219165632874622 0.129228236566427 0.063471850720471 0.065545528406016
0.0800758839530604 0.0737576522378069 0.0816017118780291 0.131573831596719 0.121567974668986 0.138378914382626 0.122947650517571 0.0814785437257142 0.102233426688353 0.0663844103511351
0.0901295381956887 0.191979167542555 0.219252192149189 0.143180802053608 0.17199263514562 0.0703006409347359 0.0252653972319907 0.0411422578734766 0.0344738723700361 0.0122834965031007
0.124730920592405 0.00773484806009144 0.152122803228787 0.101529591815919 0.113266900918623 0.0977921682991676 0.157991172334721 0.0786918292470409 0.0859650057339296 0.0801747597693157
0.13625131733288 0.0974544935886929 0.23358584960909 0.0839661268358042 0.0142358310917843 0.218622365034148 0.0291261424051117 0.0616647891705218 0.121202566686754 0.00389051824521369
0.100472674344042 0.0670356976773846 0.0390950427127206 0.141277650662681 0.0224212775464397 0.177539219705745 0.148124299952179 0.0992001511154964 0.170174804927004 0.0346591813563087
0.0570217893354264 0.11791989035424 0.0360125837405204 0.176604861632833 0.0762640830987318 0.140765182049416 0.180078198838953 0.0788669497205295 0.103117236516241 0.0333492247131077
0.0703241180052178 0.155768485858856 0.0484616238971174 0.139283583791254 0.140036911021974 0.0382785363214814 0.138069024536816 0.103586322992249 0.0376272641004763 0.128564129474558
0.1376142074913 0.194138512789287 0.210338056476483 0.0710880758850842 0.0289732378311517 0.0609459009980854 0.0492883923065948 0.101191081041709 0.105369658338707 0.0410528768415987
0.0358126574539789 0.0518277011837373 0.00479669216942187 0.129275238166657 0.110450450441805 0.0257076800711011 0.223455516696781 0.203564337229635 0.0880611572592137 0.127048569327669
0.0274910334568873 0.0954344549401447 0.0460666329943225 0.0782445070620499 0.0289649365011442 0.119923269870294 0.0255812722101141 0.237840938648281 0.257534511087521 0.0829184432292416
