0.191190738083524 0.0732844370782534 0.0178510186841977 0.0455370327933125 0.122749783232288 0.108210086051048 0.17145180287393 0.169641198368845 0.100083902834602
0.210924085178999 0.14818879057652 0.19375301551878 0.0660965110117415 0.118622400230523 0.140761036717171 0.0645143714900266 0.0456215219100149 0.0115182673662234
0.101277499356358 0.167516428564223 0.00302665921496171 0.200328921812229 0.161863138619426 0.042265573838249 0.215545788012186 0.0662041116469989 0.0419718789353688
0.215895711027713 0.134964622399825 0.143540663140094 0.0643122723886485 0.112993071869456 0.0732970427028684 0.0885519540208645 0.067985704729868 0.0984589577206623
0.158515945989444 0.124181454810628 0.206846079940319 0.0717776531487668 0.0576546833169786 0.00254166539809865 0.105644095879249 0.169445771281699 0.103392650234817
0.176232621439546 0.0416879062916959 0.0850166118848626 0.265455698132474 0.00760473868788422 0.187788276926846 0.0189047339061044 0.0396484393305874 0.177660973399999
0.12060453713779 0.0731240494157866 0.0451456215571149 0.152952184761776 0.0803386346306351 0.0598417404972938 0.212470222623818 0.0661149444686517 0.189408064907134
0.132250675316355 0.190787528796654 0.0250596613020466 0.0378203738018562 0.168210286189909 0.120946716051909 0.0944843300306241 0.181643550841583 0.0487968776690629
0.0349148350174156 0.120061209239578 0.0803570330049751 0.15716024733883 0.144455355518177 0.132724455347613 0.170753555087188 0.0716499010242446 0.0879234084219784
0.147086033535134 0.161717187566393 0.0113310059513854 0.102142815631315 0.0657549523277096 0.13775377880291 0.128295001897282 0.167466680640101 0.0784525436477711
0.203421622924759 0.00941153430690977 0.0420441249340078 0.0416479212374461 0.0934955402243767 0.036458448133259 0.21487319864368 0.205627566679758 0.153020042915802
0.167295143866254 0.0900228980815919 0.0793487538154758 0.104537651853686 0.145237053567895 0.235577308532757 0.0806294810231524 0.027410266538101 0.069941442721086
0.209131081706667 0.0957671070543493 0.0332216785340121 0.221813456161022 0.000662620473547944 0.126958024041168 0.0627772789558471 0.210078061274358 0.0395906917990281
0.13517549826615 0.0427948591101741 0.00892666643186312 0.245787379976245 0.0924110473617744 0.077190360864546 0.173067819873067 0.037771776543201 0.18687459157298
0.135199411217137 0.215054918089755 0.00327801682421672 0.0631259448365947 0.0523400619807086 0.206898882290868 0.174178807223404 0.0393354013228568 0.110588556214459
0.12365583855 0.0798861700239991 0.0284557012794657 0.155065887915532 0.0681511180081718 0.0931794898060376 0.161471164419994 0.0606844070963119 0.229450222900488
0.0257822854841082 0.0864546663059324 0.206036693912324 0.193720072878692 0.0823881481263419 0.0292911576031637 0.208936265379692 0.0955823082871026 0.0718084020226433
0.146906678704143 0.0855800893408014 0.0987975413157272 0.158110129875676 0.156840581107131 0.0258061726391094 0.0404692427342328 0.113885541451939 0.17360402283124
0.0112043117663245 0.127589187809622 0.137784105318484 0.0502632469436276 0.173577779257185 0.0562996070087812 0.153020652094276 0.126189600541548 0.164071509260151
0.037423226671243 0.292604744128725 0.0156606521090847 0.143102128961226 0.208484733741861 0.099265756562694 0.0147243166660544 0.0745763256437842 0.114158115515328
0.15673325134998 0.090650105752792 0.0186079067573012 0.142757868332031 0.0798283237605053 0.145852928933564 0.139231815327511 0.115993435781681 0.110344364004635
0.130634457111118 0.00722683046807034 0.203938084122202 0.226357864802101 0.111487134300696 0.0296129915811659 0.0827590589744229 0.10057434684563 0.107409231794594
0.184353510993605 0.174109449447737 0.0100441150109276 0.0512121381997257 0.0582287607416906 0.170510349734236 0.149080842129891 0.108398330174043 0.0940625035681436
0.185755854550715 0.129377313958326 0.0248633457424586 0.119446929918273 0.149776233106263 0.0428313246633877 0.0983075486774753 0.245133449061131 0.00450800032197112
0.0165187206701802 0.15069679522882 0.0865746404217097 0.183286826764771 0.207762968772002 0.166168528610337 0.0405233978224852 0.140618028916412 0.00785009279328283
0.0305587091089419 0.152276176236863 0.154596326196357 0.0272395327117154 0.124384477079048 0.2033122175859 0.0599752921167356 0.10687751681091 0.140779752153528
0.192329872862124 0.124991287586523 0.151294017869256 0.13051862656211 0.153678133883328 0.0484777604027897 0.146289717370049 0.0280766204973118 0.0243439629665079
0.0953980346604147 0.0976362822078079 0.117740418975481 0.0991005344785327 0.166680079033984 0.0423245189155948 0.176119487262316 0.0765483811546685 0.1284522633112
0.0568522313589101 0.162374318516265 0.143878284262481 0.12092396052842 0.0252626472935828 0.146705035630763 0.127697640541949 0.132309662291223 0.083996219576405
0.153428720984775 0.178661998213244 0.0679834402741071 0.0704572879562383 0.152014750493574 0.203510369843957 0.0312907401241851 0.0883232311022168 0.0543294610077024
0.136542495385056 0.0916790618249026 0.0294174027510339 0.195984219075032 0.0481695110400836 0.180535979265318 0.0852114568805633 0.0426427488868477 0.189817124891163
0.00323537688943787 0.132117605924753 0.139159967739301 0.174701391093889 0.0194431995337876 0.123993193480344 0.0829556293349211 0.147954583216508 0.176439052787057
0.216433283412025 0.191268764472928 0.16353810687022 0.0896071738275791 0.0609360201096785 0.00199079468493401 0.0615242471293044 0.0128070075219856 0.201894601971345
0.148677520578659 0.134221078420383 0.179559295143136 0.0961818551261784 0.0696729269304079 0.153967203676542 0.12324731471328 0.0446179516035009 0.0498548538079131
0.114857715445752 0.118187765526853 0.0550229883522142 0.106454610562344 0.0557571454053131 0.144641134554939 0.143808116487128 0.096464059941295 0.164806463724161
0.143865447905949 0.0732923342199479 0.109002639428113 0.209730454168603 0.000877665685138125 0.195851151262359 0.0717175381155118 0.164518261012187 0.0311445082021906
0.112786645138861 0.15098509714781 0.0625624569374361 0.123195050676259 0.0317385050615614 0.17505384745148 0.0174059506769887 0.202727966433361 0.123544480476242
0.0178363606548894 0.188365567602171 0.142165755006682 0.000533694024766585 0.0751235703433241 0.200532459333397 0.163898113625019 0.0965509647019541 0.114993514707797
0.100135141184777 0.171923353490736 0.180594770206327 0.100238839743884 0.020205514212347 0.0848283603433747 0.158997268581448 0.161764550628882 0.0213122016082229
0.0731030574728919 0.0212225982512228 0.198473392966581 0.102609202271382 0.077330504788926 0.299324340989884 0.0109555987965087 0.186921828977275 0.0300594754853287
0.0510764119274505 0.195792908443567 0.148251268460651 0.16949859316862 0.00871141336670048 0.0146368070958977 0.165550148704689 0.128331062972191 0.118151385860233
0.121577310250551 0.0071988679514441 0.117779469828908 0.226123498129161 0.222778168505226 0.0106960262368684 0.196054381345932 0.013058979529378 0.0847332982225326
0.121088373790869 0.194516690827828 0.154597276953699 0.0188971850137754 0.184246235308495 0.104694689912186 0.106452981855134 0.0387992244684195 0.0767073418695945
0.129065412830144 0.130383628044072 0.157565040505701 0.011887092182022 0.0832598564405564 0.13768084111596 0.130724429175272 0.0660278549066752 0.153405844799598
0.167628856931663 0.0641305770729447 0.194320578606101 0.107511791407207 0.115225267464608 0.0466097451260643 0.12889764139184 0.0750659274529327 0.10060961454664
0.206042101056983 0.00808208298277979 0.00409160919793518 0.184397570865646 0.175271746540994 0.0684540079895884 0.0098959454249341 0.283423427286771 0.060341508654368
0.0660840708861825 0.0364499523922069 0.0458538628640464 0.17564038410668 0.102571267088289 0.250315483596827 0.0817979645279388 0.212210471406307 0.0290765431315238
0.0101961104275193 0.154352664822343 0.111392506491418 0.149606414439011 0.244315347620856 0.17075713346374 0.0786937379140364 0.00423668826006946 0.076449396561007
0.0937186806257114 0.148552672089796 0.174034583410477 0.189152553633466 0.104674569806363 0.0542742688483161 0.135834131778173 0.0310272932066331 0.0687312466010633
0.154351481431142 0.145754239954397 0.183450347384993 0.0323020416760761 0.101233965539221 0.160447085369006 0.139345470181743 0.021769444263798 0.0613459241996244
0.00209145246065569 0.185708194326662 0.186391526106581 0.0560409246312848 0.108076092130395 0.127785259234547 0.0820398176981088 0.108786930754187 0.143079802657578
0.098266410987931 0.0706550118043216 0.0111187868585323 0.0921138039136437 0.163451641605777 0.259233101012215 0.082646232481944 0.0277551248024193 0.194759886533215
0.0267028440115782 0.0331757275451401 0.211709694336547 0.0248098655744257 0.093299259682634 0.0872164920092753 0.14492666365964 0.203659692751297 0.174499760429462
0.00422082838721732 0.196030389771918 0.218897595761825 0.0641670915959684 0.0279833378285021 0.165777663914545 0.117809517927399 0.0926947801010347 0.11241879471159
0.0562894732921813 0.194502242242126 0.031798057167724 0.15308469482305 0.0790569347083283 0.0986924429739737 0.0924015959134648 0.188551451108882 0.10562310777027
0.127390319813974 0.118889166366634 0.0295649097341561 0.105553680535283 0.149461760015914 0.0974303522278627 0.131304347135042 0.11694487743181 0.123460586739325
0.0367322241255734 0.218389547808062 0.0966883465119299 0.00571534161468625 0.0388443946651847 0.197147020241758 0.0010731402368977 0.195999715939 0.209410268856908
0.070418669685376 0.162304990683303 0.0491972502222193 0.106423099274366 0.115782198332618 0.104935934805684 0.13449080686133 0.098733565378593 0.157713484756511
0.123857525485449 0.0366258760349677 0.276816564629324 0.0397957400186217 0.0237921710059482 0.132240779698742 0.0784798205717565 0.0265226044325911 0.261868918122599
0.0229596239645487 0.179301576016186 0.0995804904773108 0.0356835198867264 0.210096216955572 0.0946496221633461 0.102862879831042 0.254478804776803 0.000387265928466189
0.0798944054819523 0.0363819271645691 0.10828255470613 0.215071299600727 0.0240497538869842 0.0249240852389803 0.16065338576449 0.153678128931182 0.197064459224985
0.0806364873574132 0.0691466570749471 0.204665522759803 0.170880005816834 0.0432783549368768 0.194485201866205 0.00412350724460115 0.029500781584738 0.203283481358582
0.156573815708658 0.127170117726767 0.127908630091491 0.14984382408959 0.126734906064646 0.0824422690550974 0.0457543634347688 0.155003250648566 0.0285688231804158
0.184104854446503 0.14510281612512 0.0824807150076021 0.0395310308249271 0.0613596982359648 0.192010999243683 0.120386037435895 0.00373704707778344 0.171286801602521
0.0979329794152642 0.146218626827596 0.137253651392583 0.109302768482508 0.0359919863693389 0.066961761936119 0.124296746200094 0.168830532954656 0.113210946421841
0.184843384444605 0.157508121658413 0.0118185205679028 0.0316383746071352 0.16130833477809 0.178715863589769 0.180513797026132 0.0828941050612085 0.0107594982667443
0.0870543785233366 0.116108479156107 0.168060600678108 0.142607514439933 0.164474021578088 0.0310610408177896 0.170726362906523 0.0207852522684972 0.099122349631617
0.244732444618113 0.043246866404002 0.142483679078832 0.0810446016897867 0.0439165978963979 0.118293753577845 0.0907570374915956 0.0791884665117174 0.156336552731711
0.109942859659768 0.103020077764155 0.207344839027843 0.0119277692478167 0.13794332280957 0.00769513954212364 0.0561520478397651 0.231508305857376 0.134465638251583
0.171854107615813 0.0964293594318312 0.197562903323034 0.00378761875033754 0.191052565702689 0.105156101918756 0.046790474645857 0.169989101257927 0.0173777673537547
0.176737159837168 0.166516122509986 0.103104369323461 0.110719233026796 0.133402172092297 0.0676977116789584 0.0891835396003646 0.0221133601199233 0.130526331811045
0.0378709845773859 0.0291297917354819 0.043332561518705 0.24102952358658 0.178237415399733 0.139892263599769 0.187088147080322 0.0165965803967624 0.12682273210526
0.110514208109826 0.0663336977703185 0.168425449491894 0.0752486733016832 0.091139928934366 0.131136289328401 0.163656087614553 0.123085031440667 0.0704606340082918
0.0478674571849133 0.181871107012825 0.164758636626131 0.109857043319074 0.141200075993592 0.11808185670025 0.10396697641895 0.0842283433569778 0.0481685033872859
0.156676448962921 0.0476611369252555 0.13374110851813 0.0249627769494235 0.0697492949184832 0.130045680813575 0.197929585107807 0.167975069932707 0.0712588978716968
0.204927281615341 0.154605588490207 0.0152600212716596 0.0280936467169917 0.0109554159686171 0.158881361039118 0.184998706847112 0.226465640104703 0.0158123379462504
0.0503832752014348 0.0646318854118871 0.172253956911853 0.10635774786888 0.0971618605068897 0.160403168109481 0.156256830411047 0.0504031718317158 0.142148103746811
0.00732816448538614 0.19732925360744 0.102000454215147 0.047773927945966 0.0562934321252861 0.182283338646882 0.22527540345883 0.149784608245171 0.0319314172698903
0.124785785094526 0.127396190420945 0.078653222332989 0.08753094473375 0.1175106174955 0.120687392397576 0.0550250294489458 0.145980632330209 0.142430185745558
0.0792193642722414 0.144011696054446 0.199925982680451 0.0518167041823759 0.118272158467176 0.205418508931087 0.0331189573987655 0.112696085228975 0.0555205427844838
0.206435202699542 0.158251682723827 0.00460314197533537 0.00592942493755063 0.180384226930249 0.00424668809258139 0.202517764884284 0.0850375496677054 0.152594318088925
0.0268348899602805 0.0560459959181526 0.176166803012583 0.0658853798492416 0.0658815551283143 0.180846664657087 0.154734046193675 0.109066000363942 0.164538664916723
0.167683425054516 0.104785220855756 0.233357798756347 0.105579778819437 0.0793588221886417 0.257386074157482 0.000480944965958493 0.0109459474509225 0.04042198775094
0.113722995520427 0.163800134252106 0.0387199418951608 0.171899249708462 0.141704470303426 0.142969484883815 0.046963444994553 0.163028009120471 0.0171922693215788
0.158663925361221 0.0719657522143024 0.101835867479628 0.153409627891932 0.179653332193873 0.0658536133310646 0.0802517174971679 0.0437447595640477 0.144621404466764
0.105364830031546 0.176945315990286 0.114469607524859 0.201000041913661 0.0796312519120755 0.0207915969442516 0.0226177977839725 0.107473979941826 0.171705577957522
0.263073896604042 0.202193908330243 0.158193301785445 0.0254859525904885 0.127206003716232 0.0200753318547483 0.0796404810191174 0.0543108110770392 0.0698203130226447
0.164545075472107 0.0987333674337787 0.086550163749465 0.126038540726181 0.09645549710014 0.117164648540563 0.107443209019499 0.0580486694183281 0.145020828539938
0.00739012703519941 0.149751861933625 0.126947256406174 0.0734778004518578 0.0195274508124604 0.133731716086001 0.158970837863325 0.277095708403929 0.0531072410074291
0.00650499364681525 0.0462203067176786 0.0626725297429723 0.177732043597016 0.101120341056276 0.0912337449558313 0.234152024513916 0.0347672928315428 0.245596722937952
0.137066766574814 0.119710952059641 0.122765900520822 0.0127586707542665 0.150544797969995 0.140918486395895 0.129409336455186 0.0791571772618219 0.107667912007559
0.0357668618678458 0.124629464218979 0.201082446283225 0.0610351458538877 0.0852275341302006 0.028279744912728 0.132459138517116 0.176631066170931 0.154888598045087
0.123588556079825 0.0801801561805026 0.298232258878736 0.0896098803762531 0.0142596447214219 0.0260586705640209 0.0178595505860711 0.108177482184159 0.24203380042901
0.0463840852672077 0.0166327994810887 0.229130706283871 0.188981566303317 0.022496158169523 0.284154882349328 0.110093407777429 0.00839465259715487 0.0937317417710808
0.0949638249383533 0.133338241379912 0.154615999409742 0.144167847783287 0.15988357325015 0.158426973836626 0.00999657137982482 0.0753720637754666 0.0692349042466381
0.0385514149008664 0.108340375175624 0.02521658606156 0.124283100052404 0.00221044964774229 0.232628566016096 0.214657870616622 0.133713585137041 0.120398052392044
0.186262337181306 0.0345144471345347 0.126749093625061 0.198034060931874 0.0899571023578757 0.00976258677667653 0.183494813175133 0.169150302259624 0.00207525655791434
0.03270284231111 0.0521781809482646 0.0085418775404665 0.181822244271896 0.0217886140478537 0.17919945977729 0.177328079433701 0.148980094045145 0.197458607624273
0.143555326361031 0.192851186405999 0.00519421523247597 0.0913295104427056 0.186280032908702 0.0867893631882841 0.0511469306560669 0.100177795866514 0.142675638938222
0.164941897020776 0.00494826000679412 0.0363243198029623 0.0725086981079235 0.121361935615261 0.18054888993632 0.0992290631370765 0.150516245976464 0.169620690396422
0.155989950833321 0.114099627029298 0.176259703944298 0.113038970385083 0.0914863286743157 0.113854091289339 0.0983512265746867 0.0394717728617412 0.0974483284079187
0.0863590707757546 0.0143281438557953 0.201437801134738 0.0692924107859351 0.181180683505264 0.0747361739859626 0.0290471870149211 0.157986459626666 0.185632069314964
0.0736126556899464 0.171947337290025 0.0902200828384034 0.105572397582083 0.0629205039613785 0.0843557442694605 0.190349638142014 0.117163270814052 0.103858369412637
0.174698999571937 0.0847889753076075 0.0986539650260742 0.0393649985917404 0.0927162332663332 0.217235039502296 0.0133080655350713 0.133713933343751 0.14551978985519
0.0686001553474548 0.0705823817781456 0.0435111992389708 0.157325241090443 0.139517651371496 0.156407581039881 0.104768630991843 0.14596124635521 0.113325912786556
0.194259644143279 0.038946878392519 0.0132733825350872 0.0964343217908896 0.0411358030044789 0.213355523837788 0.196860169310189 0.0772062801470189 0.128527996838751
0.227302626824808 0.101727878679131 0.111255564170669 0.0694906580996576 0.0338894408510442 0.0832703672193041 0.0858081376282506 0.177491955920802 0.109763370606332
0.139260202493157 0.224450869358439 0.0714051695279094 0.0675104111735298 0.0606136154942026 0.101953851377891 0.232938161476043 0.035251178545746 0.0666165405530814
0.0644476445250323 0.0601180440576318 0.235221994199638 0.0111999373643786 0.00494862517301459 0.137684697488533 0.251773558493641 0.167149937766204 0.0674555609319259
0.178403311231494 0.0894860759467256 0.123158979703917 0.136033069161152 0.0915061781614093 0.12308445149872 0.0677085645560744 0.113955390745286 0.0766639789952218
0.0648564789035617 0.0499017663636684 0.121234498924371 0.206681557435879 0.0301834767407761 0.200849164548597 0.137840669324117 0.0727692718006764 0.115683115958353
0.0318187811965739 0.144880852967057 0.180741081192427 0.175063810524117 0.0809792351476224 0.185000176061358 0.0280113592031273 0.00146801887309401 0.172036684834624
0.0168630177315183 0.10979375333896 0.128752088531421 0.172867034519379 0.131290495745536 0.154190506209633 0.171098061963744 0.0701181075453866 0.0450269344144218
0.113549049435016 0.109288839679538 0.13270925395682 0.0248438064279164 0.0808040676980254 0.15316658774811 0.146795847965251 0.118014988671151 0.120827558418172
0.179603488643268 0.166343775149673 0.213648335530895 0.153546753723218 0.0477607129863217 0.00196285868027231 0.00221148251253923 0.20152624820061 0.0333963445732027
0.0671165749906857 0.102071782714293 0.0467455101054889 0.0511838443639802 0.203026617765017 0.132879726924292 0.169971511802005 0.11967313595464 0.107331295379598
0.17294858951025 0.093168440749933 0.01619570970861 0.0206842927092233 0.156332828934912 0.196368925807699 0.178285570125581 0.0531079907839161 0.112907651669876
0.141954085839376 0.0386030037112501 0.130531335518899 0.0712846902950612 0.169997004458257 0.0356969357745481 0.107506539948122 0.149815946417794 0.154610458036693
0.167378168242212 0.108844810681044 0.145994785853783 0.14695910521595 0.145206550340402 0.0811089984240243 0.0232411152012491 0.0290718624262141 0.152194603615121
0.0932712749117707 0.0677291697203466 0.0521446547663228 0.160723117827095 0.0726187827788416 0.104707837380483 0.0871196664810618 0.251743126574055 0.109942369560023
0.0811910284831296 0.189557981179109 0.0731156102946548 0.131215737677192 0.129289734531161 0.0387254174913001 0.18102789709434 0.00805030444684269 0.167826288802271
0.172232274798269 0.0502066092625555 0.0877565344586485 0.0901192117764325 0.158836907229597 0.00972905929370938 0.164853214197045 0.108395722957219 0.157870466026524
0.148505512327969 0.0450743863748393 0.0294175037463748 0.167513672489329 0.115329742896425 0.156803631808242 0.132572526804903 0.0930641872516493 0.111718836300268
0.116553459689059 0.105771305011198 0.171002679081342 0.00901130257469938 0.160499881142335 0.00553746209442686 0.155446265128029 0.138245023447892 0.137932621831019
0.0135708943724672 0.213887991489399 0.237707346908501 0.232280568584851 0.0839230441364355 0.0508239943516446 0.0202545068764797 0.0646245601807856 0.0829270930994369
0.0335433675503647 0.181846962804844 0.199776233462567 0.189673344092077 0.0969425350864977 0.087139794201 0.130231096514325 0.0674686600285045 0.0133780062598201
0.10465151402332 0.0759043729783656 0.125563216496898 0.238404669383056 0.0792628291052463 0.0676113418220214 0.0184518656162681 0.0838414766011743 0.206308713973651
0.0439985028741718 0.0103908829445087 0.25323637763338 0.267701407188511 0.0669799843149254 0.117488670675042 0.0287896410860221 0.158403182829908 0.0530113504535304
0.107395174064729 0.138826071862732 0.0714191406505776 0.148722184225373 0.06856185773288 0.122334351751838 0.0514156832813171 0.237863597261307 0.0534619391692464
0.0095804964652568 0.0284274484574184 0.153044359102894 0.249960777765179 0.011252308411449 0.0874979128645917 0.255380415292049 0.17288681498958 0.0319694666515815
0.119409805826233 0.0420494884771164 0.00257716496895703 0.175030764657691 0.159850800244491 0.17179007896451 0.0700800569921212 0.134831936528057 0.124379903340824
0.251259611377505 0.0836469000298954 0.278783014976499 0.0161681635649074 0.00724041069504328 0.145901607997129 0.032438590431113 0.0376151421660408 0.146946558761867
0.00152536159346012 0.134872350936403 0.0904241650071192 0.1134244778385 0.188915353232402 0.157655327531433 0.192803219039036 0.0871932229920575 0.0331865218295884
0.150561380776804 0.155677427965234 0.132014840666622 0.131475817019793 0.0417162487243269 0.0830536622584366 0.150421017051081 0.125490470280362 0.0295891352573407
0.0777179218237342 0.248140992964373 0.0360543671263086 0.159577662833156 0.0738319753763959 0.0141681817030532 0.149261725730179 0.124865933869938 0.116381238572862
0.137123367189474 0.0501448863324843 0.0737005066013324 0.0477170525151089 0.163172361801915 0.192901597443229 0.0246946554852323 0.157635204569785 0.15291036806144
0.0247293067598343 0.0928599476377056 0.017801547072422 0.201464516444434 0.178851057249279 0.0447066448791269 0.103460336617275 0.14883268160278 0.187293961737143
0.13247869603294 0.0611679808145835 0.113186543934864 0.163006045465083 0.21212257250817 0.060672177300677 0.0750568318954187 0.107019370846891 0.0752897812013728
0.195080176307422 0.101797524617337 0.0329805047420264 0.188560432976862 0.0326193356002849 0.162277724983509 0.0393784409015894 0.0780718860279779 0.169233973842992
0.10236986105332 0.0976567121083595 0.121616136075113 0.145135249099814 0.158412019713623 0.0842401862905163 0.0792466869739485 0.0361854263343271 0.175137722350978
0.161153365454625 0.219478736782803 0.15989853024679 0.110136406344472 0.0237834062925953 0.00392258628775856 0.0654003021663702 0.233167408467375 0.0230592579572106
0.0811063154550535 0.0590473977224961 0.185371687036024 0.199609581249486 0.0110116611977297 0.160639371313034 0.0159426337164328 0.136419431732625 0.150851920577119
0.201760978635714 0.179500523022253 0.169530886800267 0.00535462014884232 0.162909556803135 0.0725825863469588 0.132767913132764 0.0404808781418325 0.0351120569682334
0.126991713408637 0.207356060150372 0.135067017109692 0.147626587370277 0.00195529880983808 0.0546475731066775 0.127310782484744 0.134362425844568 0.0646825417151938
0.162846394553086 0.0200224669969448 0.131219627884909 0.168805291373246 0.11567554019412 0.178895794430862 0.0383411071911132 0.0527342068952594 0.131459570480459
0.0501661098363076 0.0100815167698288 0.19643381445661 0.0263545314963463 0.211113872688857 0.0631888780625936 0.144649619707488 0.212490231328596 0.085521425653372
0.0468311452894746 0.0850763646517424 0.00161539710652244 0.24702402972135 0.182436905325657 0.0315454301973441 0.276205478602267 0.0235619131466457 0.105703335958997
0.126624418147737 0.148526554783135 0.1391541637253 0.0844154791972577 0.173783307193894 0.0432524500265076 0.0638779108716527 0.0862441559497223 0.134121560104794
0.0436947747631546 0.040191292372596 0.139977851123975 0.0882850371300459 0.262793471572115 0.13580740213514 0.225451194040941 0.0357603727964669 0.028038604065566
0.0567140212954613 0.0177245943024225 0.25629676565103 0.0766529074663761 0.0855328715252758 0.236709446607517 0.257188023911382 0.00466949104651037 0.00851187819402365
0.0505592056024218 0.093687476010762 0.0743599801375693 0.143893187718268 0.165694657594241 0.135001390735538 0.0236778689983704 0.109395934383791 0.20373029881904
0.146603666045594 0.0118129806462779 0.0725695828703294 0.120530958649042 0.113846965717313 0.124375409172565 0.178790386460405 0.160269600178457 0.0712004502600168
0.109472013192826 0.0747906690864259 0.108748177537572 0.190510235035348 0.0955364868734376 0.0762112294648751 0.129181777993538 0.0668442128406481 0.148705197975329
0.199309049219633 0.10519465074674 0.0605146369453037 0.115848717309908 0.00402870022784677 0.0280686482059321 0.175536884035265 0.20022478531663 0.111273927992741
0.0626448082651214 0.0973342965217263 0.0185282644442347 0.196836897487256 0.181239291090014 0.146786327231671 0.0940920058542586 0.066367124076139 0.13617098502958
0.135439694147138 0.168879312969549 0.0468443887211705 0.0274212734060658 0.145105386516512 0.133288472621943 0.198531306462755 0.0639938189612222 0.0804963461936447
0.0516466824898097 0.191849937779929 0.0955392051643133 0.195484019811338 0.00931755542821138 0.000253582736468182 0.159500586109541 0.101651276649253 0.194757153831136
0.0996571957513656 0.120243446738918 0.105546599541593 0.0735931241228304 0.0181676138522009 0.120104835487082 0.148068932324478 0.174653984874505 0.139964267307026
0.0347336889010093 0.114062292909003 0.0228376248561032 0.187939695163234 0.0660400937876403 0.188066677435358 0.171497075868538 0.124730492321406 0.0900923587577078
0.00593441693020786 0.229238271002691 0.160779211240399 0.0152385714425822 0.00348347111070665 0.188889826381367 0.0727275497962587 0.205877710043563 0.117830972052225
0.0718513697913408 0.00151164433855458 0.0908463859224681 0.147272918953173 0.0986487897610357 0.181170055603999 0.204743264570182 0.102580351344142 0.101375219715105
0.113025903648851 0.13716122617139 0.104425076639178 0.0231499623674725 0.0353256641584624 0.116935921489887 0.164274705058832 0.148108972463238 0.157592568002689
0.0302446609985391 0.0346985736094684 0.214874432613632 0.179390961430737 0.0691864358563554 0.164969792620052 0.0509650805234767 0.157640873569747 0.0980291887779914
0.0147310227324837 0.0381749042704124 0.170687609155722 0.166312065745707 0.097495325902694 0.187936601009861 0.138330186374883 0.00189683516565938 0.184435449642577
0.213620472008141 0.0956983194492804 0.152584493911871 0.094621477925916 0.122184036445887 0.132241886915105 0.174430990632382 0.0077110087865589 0.00690731392485946
0.112424707753741 0.116234488028597 0.166893102177245 0.175561932374012 0.0695380469782802 0.00544913119461902 0.0399715473058522 0.156176060568206 0.157750983619448
0.0676236389609228 0.124096373795791 0.0167631146039398 0.0866727195923281 0.195430244903422 0.126460319396695 0.282286428451711 0.0478586972827124 0.0528084630124773
0.186945193187562 0.00639017380277154 0.177026565626391 0.109107388005752 0.153897983482251 0.0521186354106751 0.0253439615401146 0.198521440791485 0.090648658152998
0.00986089102169252 0.0300256473231652 0.11820966143188 0.175134144103234 0.107874350493064 0.189525474934082 0.147359483016469 0.0167980541224061 0.205212293554008
0.042725069222157 0.0212458331133236 0.0892265957340561 0.136414640952536 0.131485259771517 0.178465581039106 0.196432234442427 0.0416532984969318 0.162351487227945
0.0455552863166162 0.174584167479427 0.167114521710335 0.133540042328648 0.100349320198381 0.156005812752078 0.087858764881531 0.024878992441022 0.110113091891962
0.00648027256453849 0.0345938258817516 0.146731843786011 0.217729814508349 0.199037918634668 0.167335273614547 0.113115225613574 0.0348621551811288 0.0801136702154329
0.0835952215925699 0.154717183284188 0.0293990388612583 0.0197413337158413 0.166119652856013 0.0749764667910449 0.0716870133217603 0.105451228785948 0.294312860791376
0.236541470859653 0.0549454274864812 0.203468786974074 0.0439656894456763 0.186549958968789 0.000487398777247808 0.0526505817020807 0.133928528045072 0.0874621577409261
0.0857279153657391 0.1391818953543 0.107282938350553 0.0496843681021103 0.153830632531996 0.175837202379153 0.164199713855017 0.0497309425378294 0.0745243915233011
0.0371424214133846 0.200869621501252 0.0397200374877603 0.0231585144267337 0.115696727109168 0.153385293223514 0.234280374687346 0.155437246285182 0.0403097638656585
0.172661449914418 0.00424072713005075 0.0114153689926282 0.125998951819182 0.159149604594285 0.234450827235461 0.046033633037051 0.192480244193166 0.0535691930837581
0.162159857094884 0.0795402347437257 0.112160892564913 0.065103367905169 0.163452393821287 0.133860134083055 0.109446176692858 0.101672906885171 0.0726040362089384
0.0733504970511004 0.234321509280751 0.0651616838367072 0.0606402544197539 0.0552078034201168 0.143014537012242 0.0906400315491903 0.0516105866924391 0.226053096737698
0.157858736823247 0.111330510656544 0.111088460718985 0.139360576700635 0.122506557728679 0.132033437481245 0.0515790376930581 0.0771347349280143 0.0971079472695927
0.168571378971344 0.170195929470226 0.0540099212704024 0.108084349497785 0.135764837308243 0.0661599512959915 0.116470611069448 0.0982178307779195 0.0825251903386411
0.00177504285126367 0.0216813018490401 0.00303280997308095 0.0272267456833701 0.127497299918983 0.141812917764993 0.259141630391251 0.187185494671419 0.230646756896599
0.254437280069102 0.0455719621450438 0.025545945800474 0.0857094004202287 0.185326143067095 0.0988583952991822 0.237102788206398 0.0661537123570802 0.00129437263539629
0.132157105700881 0.0312425907411198 0.0516360358772236 0.167031822482618 0.0530974886359862 0.149545618755408 0.19718732160705 0.0178415177420169 0.200260498457696
0.0882544779012631 0.0793996658005983 0.163891547187968 0.0697533571500618 0.0651126690718937 0.153758458062861 0.107373755681657 0.137510716812112 0.134945352331585
0.112028322271378 0.143021112531011 0.0656835391528433 0.123208986112454 0.174835081054003 0.0937789129312313 0.0643533010808788 0.0714899151586589 0.151600829707541
0.172707140182538 0.130611087415638 0.131669173801502 0.164756567975419 0.196368007578483 0.0627228635023039 0.00312187441359718 0.0265136100049558 0.111529675125564
0.0960247874386554 0.0432659647499755 0.17510963463795 0.0279384084513109 0.163865492671448 0.0263505994707905 0.266911369623642 0.103726994008779 0.0968067489474475
0.151022360430757 0.0851402551672635 0.179164907260034 0.142763616983908 0.0123206786736164 0.116709481108132 0.133667592094494 0.0324436597987808 0.146767448483014
0.120330176655441 0.226163237863513 0.13244467270418 0.0502699678331531 0.00847245769798423 0.0144138361443635 0.0273463201253467 0.192186644423595 0.228372686552424
0.0831542252224968 0.0271206989741565 0.0297949960317564 0.138970711477871 0.242012179106732 0.143572738686433 0.0154259841858564 0.208464040407075 0.111484425907623
0.258560461872096 0.157972700653008 0.11850398221249 0.0746981996986393 0.0296241938500753 0.0317127832417162 0.191872368791161 0.100110070321161 0.0369452393596534
0.123013951373307 0.0739960358725944 0.0299549318054543 0.274206545818909 0.0352351738044702 0.114399769402358 0.125557555688336 0.185912185816728 0.0377238504178438
0.158769549664522 0.180649229965334 0.041360875275256 0.0652335986382132 0.18964074441219 0.0520573710807119 0.153897782821958 0.101864541046178 0.0565263070956366
0.14200450073804 0.178831720580201 0.0247765572602423 0.1715876322051 0.177263829394888 0.0041418486179046 0.0537896572982061 0.0729388191496813 0.174665434755737
0.081123581611728 0.138723640098104 0.124471751325599 0.137415855023724 0.0855924061969065 0.0516436686882682 0.183997378670885 0.10129548373402 0.0957362346507654
0.00942688115920423 0.192658782305656 0.137932831106051 0.194593426824815 0.0755044462454278 0.0225284064400754 0.150074852623479 0.0332567636921366 0.184023609603155
0.126018401061187 0.165817221088237 0.147719428183724 0.0479212867810049 0.134833409166953 0.121459488152017 0.00444622698542215 0.0709214077001396 0.180863130881314
0.0518453474722802 0.0815436739144401 0.141267399079849 0.12067817989536 0.153647361107801 0.0869232106520867 0.133952621929382 0.123533249316532 0.10660895663227
0.150058655031907 0.106818349175384 0.103851118548579 0.0281804349671781 0.142089637534705 0.0650295108870519 0.131863312165179 0.128097405491675 0.14401157619834
0.0667593691679179 0.0673759255754609 0.167357532094829 0.0554578197739737 0.126567544700866 0.0776395737522932 0.165353505991651 0.140152305624326 0.133336423318683
0.144310190962722 0.129128940860844 0.0532608791099489 0.170467768996226 0.0157434426996375 0.151276387453228 0.0552007956268502 0.180370973960008 0.100240620330535
0.195948817809477 0.195961768184046 0.0113680099763263 0.119643833745597 0.207754337523809 0.0293528102089833 0.00692782980904594 0.088923307830092 0.144119284912624
0.136548455039261 0.0823874457700995 0.192518087276865 0.00301844542459642 0.192032823030969 0.0754671126514186 0.0928732502625126 0.168472043389133 0.0566823371551454
0.0370670513069217 0.1578181795362 0.0681498432743722 0.0210909401593846 0.155500740714372 0.1267636286302 0.177613062164416 0.0229720113629535 0.23302454285118
0.208247522130944 0.18846856079379 0.0875495969389569 0.10589307969641 0.0317006324679587 0.00326778860174009 0.0374101499697345 0.11336095230468 0.224101717095786
0.165406938422033 0.0592672258410985 0.0260865471228228 0.141171458869601 0.173950252139875 0.104954530332317 0.15802107393713 0.155176814841777 0.0159651584933455
0.202245769731298 0.194284101122456 0.0847108450335366 0.0714338861978884 0.184532006847631 0.14666272262634 0.00334401172339683 0.0141032164579364 0.0986834402595165
0.160240389735989 0.0251756281868291 0.143877934762941 0.230499719101945 0.0731637621171259 0.0928374494861618 0.0302243728372083 0.225977454062973 0.0180032897088273
0.105146762231826 0.205293012421197 0.203870078031723 0.0614554849562649 0.0511512228984079 0.0311456711167611 0.0383292651723891 0.0991011460915427 0.204507357079888
0.141620397393451 0.162576783566147 0.137852049034166 0.0826035694500755 0.140939464297848 0.1690590673985 0.00410095423470273 0.00690819292505358 0.154339521700055
0.0719221660439958 0.0624191910099952 0.268248987946489 0.156362513382866 0.185992041580494 0.0963805578370998 0.0910505394531604 0.050817610132759 0.0168063926131402
0.026783228820903 0.226423456061338 0.155911340024693 0.263712519068052 0.105994587653996 0.040242930165078 0.144454679785372 0.0127157552070057 0.0237615032135614
0.141178690754986 0.136888164082554 0.134582479461815 0.105626992700054 0.0691231765580562 0.0688429296503104 0.10808139880975 0.0921671228874233 0.143509045095051
0.00400867736441358 0.161925523975088 0.0500368564626135 0.0110628346032896 0.27160326852507 0.2598898017563 0.0918233786605189 0.0890742171231932 0.0605754415295133
0.0329723119016677 0.198176435820178 0.0919610581806808 0.0843978527570745 0.0393696248987373 0.193810124970887 0.0286211650582246 0.134460239979942 0.196231186432608
0.0670175317598819 0.141539406074685 0.0272604116309589 0.275051254624153 0.0354192624423829 0.0728247179214943 0.294677725512743 0.022768611079826 0.0634410789538742
0.200130944079952 0.148018962984644 0.0172197994798611 0.0193275555940054 0.0124321234227527 0.213093089176077 0.0961096286880466 0.233669543023714 0.059998353550947
0.00895259570967813 0.192462053387254 0.0237108800401469 0.167307414213146 0.204610783220221 0.0267102519050259 0.172018510569665 0.0340021848559984 0.170225326098865
0.0701041756694052 0.0165466592229859 0.227711363159481 0.0142232395471109 0.155955009358804 0.205691882751978 0.199235212767895 0.0130273006832888 0.0975051568390496
0.0275395082370845 0.160441898213119 0.0806939829654781 0.0515917069709927 0.222242495819863 0.140521397902247 0.175560618549297 0.0952084325473203 0.0461999587945992
0.16166415080997 0.0507268436726337 0.0220840507556064 0.113749686432442 0.192090207028873 0.176109729729788 0.126039184851547 0.0435333968823569 0.114002749836783
0.0879131464312357 0.103286277330298 0.146741685375015 0.153418712325668 0.157963222772528 0.15620794006359 0.0303179502143613 0.0132342347143537 0.15091683077295
0.0028061435621703 0.178507384430071 0.0278318245358712 0.18670354069976 0.168143825455024 7.03359531475685e-05 0.183009601876936 0.0839538618699669 0.168973481617052
0.206383652533337 0.0410064738327717 0.0930377193847861 0.137828879401476 0.0826949329125357 0.178582867473499 0.0980880822201521 0.0175453265821146 0.144832065659328
0.0282080602958751 0.184468456226184 0.123698285867611 0.0728099200712883 0.0772094431508522 0.042939287762694 0.168809607211104 0.0873539566268084 0.214502982787583
0.186066772641845 0.0701036311035912 0.0233129810836709 0.080796904892643 0.130308972298867 0.171171060226319 0.11987454704891 0.0907834066175055 0.127581724086648
0.0839505065385616 0.173476762076742 0.0570349146076727 0.00719213406215207 0.168190988551765 0.172310492836354 0.0952069958181379 0.0742777875064962 0.168359418002118
0.106269146906634 0.0342828492042016 0.1848563726739 0.0970796855892058 0.169671423765857 0.0220177060471686 0.0637675121283377 0.123282419544596 0.1987728841401
0.104658945579922 0.0568829446067126 0.210089343712872 0.0644516425966312 0.103015463633585 0.268871383453038 0.00489209471991367 0.148255383883454 0.0388827978138713
0.0664338286269665 0.226766089093674 0.0445874706700922 0.148606189411342 0.104674390264013 0.0210086722885461 0.0188253501940461 0.223520048146954 0.145577961304367
0.0574477184308983 0.132972013487915 0.243683052651139 0.0541560506601586 0.274091006380175 0.117656877571977 0.0186015275790599 0.022049115008018 0.0793426382306589
0.177876559009896 0.0619255658110339 0.184116421706715 0.0644500484266277 0.0730336560947484 0.147460424734008 0.145143327498542 0.0736350050505441 0.0723589916678847
0.191573224172963 0.0826424239111749 0.157012209831868 0.247172064785536 0.0763454129679496 0.150394318946167 0.0484884521372153 0.0106805436850808 0.0356913495620447
0.0611506917175827 0.153829089979328 0.017483094525524 0.108804267202827 0.166397256756971 0.118034627607231 0.153834266972496 0.144847962888643 0.0756187423493965
0.158403447249027 0.0745223864783253 0.128391037423049 0.0755003668913806 0.0490571270891532 0.0835094212885586 0.140933165521125 0.241116071866253 0.0485669761931284
0.0274662193222214 0.132038633822879 0.159800725034611 0.109039228961537 0.00201330067449057 0.126275690193397 0.163596839512845 0.143064769757186 0.136704592720832
0.083511591078236 0.170123883995095 0.06168377557703 0.146239168343374 0.127983200041377 0.121752592414822 0.0516159562089972 0.178291869544286 0.0587979627967833
0.115373083001187 0.125688154257326 0.0852047552684804 0.0379671358670072 0.0742099866998513 0.196813758137004 0.0957452762440696 0.119378590365447 0.149619260159628
0.0568235964713066 0.0886798705059673 0.146360340466052 0.0211223089375038 0.011674455564133 0.218087726376013 0.158850459231116 0.150514099059067 0.147887143388841
0.006284175866247 0.187303294440487 0.139830279409068 0.199324777294202 0.0346912115921174 0.166184917617678 0.0417136569035606 0.198715649824018 0.0259520370526217
