0.0387058189314481 0.138450834800554 0.0760606352833831 0.170974046180454 0.134216377536104 0.169454759420409 0.102399411228021 0.169738116619627
0.151275769631132 0.0784868317476559 0.0465622881717279 0.266937721636788 0.259852208013238 0.0631630655313069 0.0450839338201583 0.0886381814479938
0.0936166080157594 0.110850269821373 0.10523366647145 0.0719231187982248 0.17051717654373 0.135939473728568 0.141267689058979 0.170651997561917
0.210233429357809 0.00928556995100382 0.127273884326611 0.0565387074769067 0.0247879696029386 0.180703835478407 0.205023532267853 0.18615307153847
0.0205403812092729 0.139327071329813 0.0214286486441983 0.0156639701460632 0.248422952485184 0.213328395238243 0.0488044379061631 0.292484143041062
0.168762309627016 0.223664540786274 0.00707156514903449 0.168877409875374 0.0232193532076547 0.229674501892301 0.155190157334518 0.0235401621278275
0.0145117498502272 0.151335625311345 0.0527078099433978 0.000620309066842585 0.197960858404462 0.226152233232332 0.180900788832415 0.175810625358978
0.21214844283856 0.106942146851004 0.0362412362636582 0.0783162992857797 0.181238810345723 0.232787921537484 0.107026644807998 0.0452984980697922
0.171389624968555 0.160815262875659 0.0715241317024361 0.0693062551918991 0.0834114684803734 0.130259256099746 0.0756262326845256 0.237667767996806
0.150154756245138 0.167479805035015 0.0359894974924415 0.136534375328703 0.0352270743253403 0.174273807871905 0.159786719264251 0.140553964437207
0.122728794221657 0.0846534489674056 0.0852368574014932 0.133517931187959 0.113935570281351 0.256095287944024 0.0854127822655235 0.118419327730586
0.194399802095398 0.0793257158154758 0.0261403623854242 0.11585832421898 0.136282210043487 0.192222735131616 0.0607861641481447 0.194984686161475
0.163637258223706 0.217348691720807 0.191084409770536 0.149990440814485 0.127882020141341 0.113846668359609 0.0250204009759364 0.0111901099935795
0.122453333189256 0.199990894926879 0.0173762899486826 0.182394200004116 0.0151324607371874 0.167444818320578 0.199307894299461 0.0959001085738392
0.0251462714426796 0.142691171415569 0.00482295489197025 0.130314080134065 0.184273193875665 0.225300236854677 0.0869069689019707 0.200545122483404
0.120832142716177 0.22474889801843 0.0279374846462469 0.214883590273595 0.0185161665416489 0.12088295776101 0.122498019429374 0.149700740613518
0.200664954152109 0.000273742876984601 0.137980069788111 0.178872850685233 0.260951201554659 0.027231528102097 0.149979697677649 0.0440459551631571
0.112278308076135 0.140073726607554 0.0780361015816984 0.20777634697812 0.0738374704827895 0.209664544194441 0.178034671619272 0.000298830459990412
0.19337091310176 0.101412980984008 0.048161730299668 0.185233676721538 0.0318174620343536 0.0954512630840341 0.168976060685613 0.175575913089025
0.129578707879182 0.170706859966402 0.0285130054238893 0.113798944733312 0.0234412959519203 0.196519285182751 0.14419417024866 0.193247730613884
0.164841276813753 0.170853925731564 0.177152175440006 0.132490546040396 0.1169898294554 0.0343689826451029 0.0478793594821878 0.15542390439159
0.0680793817770877 0.0793675613517713 0.12166086070271 0.13819363970881 0.187921935354672 0.203608643727009 0.0982252064876824 0.102942770890257
0.0269286935262736 0.06876107340866 0.227424180319087 0.151382288943773 0.153222622681942 0.171026139330112 0.194660036691036 0.00659496509911711
0.0292499008791067 0.0826440816260808 0.202799901571489 0.124148896887142 0.160153275196271 0.132540163202205 0.139180551549966 0.129283229087739
0.23787208449411 0.0248253787349994 0.172027496802676 0.192481761394506 0.100835060448388 0.0980150754946047 0.164883452784636 0.00905968984607999
0.143150250576915 0.221022854799842 0.0390324139540667 0.17069859901134 0.246052741751621 0.0861364059087525 0.0159100087407936 0.0779967252566694
0.043626558102112 0.175925296723531 0.108579429407706 0.173880107588066 0.0631057641301164 0.159519375131556 0.152858261869373 0.122505207047539
0.00973521196517458 0.196899907565759 0.154939796682113 0.121920426287578 0.178874915011755 0.0755921364571977 0.0657689109588494 0.196268695071574
0.183577391030901 0.00863666559079452 0.138806110425465 0.189003074445059 0.0541806488695013 0.0515064116240856 0.126233211759831 0.248056486254361
0.108932431122945 0.00494668814006597 0.195994140765776 0.0410105090993139 0.119120252028023 0.309497585938731 0.128671776746329 0.0918266161588163
0.0296415101827437 0.244040797272869 0.0156827870751688 0.0488599865739528 0.314223421434257 0.050165694473155 0.245176298144196 0.0522095048436566
0.123513367146773 0.191157945098369 0.13678560620831 0.122238977508073 0.126690054462052 0.0157535751552733 0.278896295660193 0.00496417876095718
0.134220161441756 0.196799238337492 0.0180694941109095 0.229429460185582 0.0777368172310305 0.086299022797049 0.0960341398560835 0.161411666040098
0.164887838563445 0.0395629294435246 0.245358532164844 0.0432787944573564 0.0575122861078597 0.106953094057451 0.192257473798464 0.150189051407056
0.180856324040536 0.209417357242155 0.0471734139583699 0.156632644409328 0.18560606970595 0.0853642606254011 0.130881193811965 0.00406873620629618
0.0646787709748184 0.106015981230968 0.262589568513351 0.00946097052094193 0.195518869346767 0.238422930708766 0.0910681042691864 0.032244804435202
0.103027106195258 0.204982662620641 0.189084424273948 0.0782433315764443 0.110685986071732 0.0608549443568132 0.0557895820953974 0.197331962809767
0.127620544391177 0.0848836699970327 0.0998013597288764 0.232230796321365 0.0998120637850264 0.0142352931042916 0.196489568004838 0.144926704667392
0.166604355815195 0.120773433464406 0.0959323041758395 0.098537446019684 0.141730358480264 0.134237949797873 0.172265298525963 0.0699188537207747
0.169992382032318 0.219250900236031 0.0354467423155089 0.15747594430679 0.0521743607452632 0.0537430918203598 0.216208725988145 0.0957078525555844
0.155253666258668 0.150460576895817 0.17798265394682 4.63480531195705e-05 0.0306471422568809 0.0508224750560179 0.26725724199981 0.167529895532867
0.167812878468588 0.159175351712259 0.104343643053822 0.201135402298502 0.0636028901264349 0.0195486960063088 0.0993244605144492 0.185056677819637
0.0529294658458314 0.0531325586342675 0.0590460443977621 0.178732105511069 0.18586439368361 0.175662058543924 0.144954424147486 0.14967894923605
0.136186582401212 0.16356697642322 0.192833301344918 0.0911744138289533 0.088446653376192 0.0789132909055839 0.177512622444952 0.0713661592749693
0.191310175423529 0.104207433491165 0.0882753258759403 0.121092930155178 0.158267564223243 0.112198815906965 0.147247487835865 0.077400267088114
0.159141078576262 0.215735093086172 0.195629634815688 0.0927291873196148 0.175851395896015 0.0115946271851946 0.0229923134113214 0.126326669709733
0.137321812499545 0.160016084814818 0.0317916469612604 0.169665600505413 0.208024676796041 0.150131860304686 0.0511989057349444 0.0918494123832916
0.0615737815323726 0.0576600736880813 0.191784896248913 0.0657110536674067 0.196316127532504 0.204783549689097 0.0223973504629107 0.199773167178715
0.0940680140282959 0.153098107067893 0.152360515822784 0.0353998559983063 0.188117799418262 0.115280464333322 0.0794796638038342 0.182195579527302
0.0860399287726958 0.148663832148999 0.229205711444574 0.167672313949936 0.134959344500811 0.0113179622247336 0.113369343389344 0.108771563568906
0.163627771990705 0.119093013542464 0.18376019763823 0.140042538910676 0.107826462330171 0.0442295854812448 0.107889887192939 0.133530542913569
0.200901395558039 0.0652870776000629 0.055572088434283 0.0459001567147759 0.207408906686993 0.122545378781446 0.131836674559782 0.170548321664619
0.0256796882014324 0.221444101206204 0.0724942587458483 0.0384099605466105 0.265842077364365 0.187208650218827 0.112404919513324 0.0765163442033897
0.0496460646440894 0.201929160963592 0.0652259455894823 0.129269528225583 0.135505351547812 0.0234918693238103 0.289694320706221 0.10523775899941
0.149543650322363 0.186832896908163 0.133317706456024 0.0059389532671273 0.120174766548629 0.139643454165732 0.205050530331381 0.0594980420005806
0.214637607562086 0.0206736374672844 0.0123161540747519 0.210069757534855 0.0875041306044641 0.0358021643595579 0.263376110533268 0.155620437863733
0.12317507186167 0.0247825533919638 0.208773976404188 0.00296939901030409 0.204018641338556 0.208140903410736 0.192972322379836 0.0351671322027466
0.088610379652288 0.164681613890806 0.0425599162241644 0.00533578244509895 0.254829578672536 0.107487754165109 0.193869247837096 0.142625727112902
0.212814588431787 0.15563425730146 0.113043367940027 0.201510299373416 0.0822961152695727 0.00865311704453563 0.0583273511610751 0.167720903478127
0.068038483998318 0.0183025376556711 0.128828634650604 0.0367981771175815 0.209972036796838 0.190519019573231 0.109333350549065 0.238207759658691
0.141510035257425 0.000666603964608379 0.222331932169684 0.0918648470243336 0.164775938961118 0.295142683385997 0.0513347692435667 0.0323731899932671
0.185238813826733 0.164132765520667 0.0749339103594533 0.221101350207438 0.032674514381572 0.0156610724904256 0.0774171876124851 0.228840385601227
0.131735237217973 0.189198879066463 0.1978191464364 0.00299319677460374 0.0830067742905441 0.237307733158968 0.0998206120576588 0.0581184209973895
0.165217761244345 0.159350789334232 0.0327503891930351 0.00688222521093646 0.185003764617766 0.218867178603413 0.0222235576594147 0.209704334136858
0.136962915355532 0.0458651214201676 0.0379484093007617 0.250645028204799 0.207979718370482 0.177750921499378 0.0883596022865935 0.0544882835622869
0.142747789765153 0.112607901483176 0.181254670887994 0.15410828303003 0.0536616456594382 0.169110844830766 0.0946062582659462 0.0919026060774971
0.249098395297266 0.0891809034842002 0.0721363965535153 0.162080944422323 0.139559017968128 0.230241081143207 0.0360880667540797 0.0216151943772809
0.0632278160019988 0.0767023515718485 0.215033883652121 0.256085439708827 0.197178158987163 0.147341789902317 0.005924162251731 0.0385063979239938
0.112850615800965 0.205713995189788 0.160013592992666 0.0937293516965543 0.115536961659645 0.0177440543292621 0.237966821037494 0.0564446072936249
0.0409203290523923 0.181840209567119 0.198289990841035 0.152771986309396 0.196921678961072 0.150137450252585 0.0526917769539207 0.0264265780624804
0.179388656677754 0.177651261955097 0.0527967169191766 0.00403664206881364 0.0244369238066885 0.0666892151038286 0.223944212997189 0.271056370471452
0.0795789567809015 0.0682094644141294 0.0259555977994572 0.330868575911855 0.0183566476970547 0.335601748147339 0.071978826008914 0.069450183240349
0.113387522281449 0.177621853276328 0.0336707651636819 0.202634877216136 0.078961900506249 0.118075776216115 0.125404840259761 0.15024246508028
0.250476245773668 0.223091692147065 0.00145563666542146 0.112041441375166 0.194731200613116 0.0590017259749517 0.0152186067650099 0.143983450685602
0.220633485037598 0.0281551606958007 0.217865289965816 0.18153487422595 0.114799706860716 0.00895682571056236 0.106871843122021 0.121182814381536
0.192912466688409 0.139641652165375 0.0962607133559743 0.0513904128199808 0.144623738563041 0.153172672755224 0.0510289368859452 0.170969406766051
0.10935041863653 0.148801104536478 0.148029547799489 0.135337733654812 0.0373117944038669 0.0530536889214026 0.169245620090655 0.198870091956766
0.157478985882745 0.100258663205117 0.162614670042349 0.115568923738897 0.00631709428588469 0.159394332142413 0.146949824871244 0.151417505831351
0.185336935125353 0.179696364607732 0.18700448547314 0.144747576564245 0.0238035728306944 0.13634044286237 0.0288102544892211 0.114260368047245
0.244591543899966 0.0380757120086454 0.13271286166287 0.248547150820029 0.0291866087215168 0.204433534855331 0.0367723357066508 0.065680252324991
0.0530158534754678 0.063873465635086 0.0975196471165803 0.000985755726204797 0.169377914758786 0.224138299038582 0.202374474553996 0.188714589695298
0.0494310387786688 0.0145212254199946 0.202775614965597 0.106949886095608 0.162763669922831 0.170832554772421 0.0925647326778739 0.200161277367005
0.122953023777809 0.0203312898914687 0.147944183134305 0.299517162211306 0.12592905984534 0.125832010627467 0.038073339592498 0.119419930919807
0.176405913008013 0.021046671014098 0.113458001650984 0.123084225070407 0.138078221965568 0.164451701705822 0.1964535565004 0.0670217090847069
0.0564616379324007 0.157866968717488 0.132771820484956 0.218451287483351 0.120990594617934 0.136883332459982 0.14798476280522 0.0285895954986672
0.100905656902378 0.06567462897975 0.143389236321095 0.0856833657323606 0.159464255031124 0.0945268560231451 0.176128031842708 0.17422796916744
0.159666130836218 0.223915529075444 0.0503069865149248 0.133635176819025 0.131362985082467 0.0241499523774643 0.169967451249092 0.106995788045365
0.0520362707990124 0.112716002104261 0.300270970158551 0.147663020060424 0.0484540916237368 0.0407027543210956 0.0441000682798699 0.254056822653049
0.0156029983557271 0.211734769193511 0.0954215570237062 0.19820295496038 0.0217058708632643 0.217421219110663 0.038882728175615 0.201027902317134
0.0499202216789525 0.0973148609616594 0.024778262162979 0.214176292284278 0.226421264741959 0.0986938466232334 0.239611715114176 0.0490835364327625
0.138640426080202 0.100319971022218 0.208258777891384 0.000185499171906136 0.194388392037344 0.0316711669887062 0.233020047703702 0.0935157191045371
0.0241624107225712 0.046002016487547 0.113949818252065 0.150911033326323 0.122585116158639 0.24808458356307 0.134091502486999 0.160213519002786
0.0352266395594716 0.0942586404283721 0.185800670653692 0.145575784894001 0.0890857433760955 0.130457130656206 0.139671733831373 0.179923656600788
0.0901672074140932 0.191359170443222 0.0679142079873976 0.184663630068022 0.135133472202502 0.109225840329826 0.186244107364061 0.0352923641908769
0.166686173056805 0.0895112797109689 0.168688517238961 0.119362975374067 0.0695875229038955 0.14464834750796 0.0779816578636489 0.163533526343694
0.192152270418788 0.0175223675382251 0.0468028789677039 0.139029457636756 0.197191340108344 0.0607544374862175 0.153579050106201 0.192968197737764
0.0663736230818835 0.100139057315294 0.127759203133838 0.0981463189288071 9.07725391370352e-05 0.175852955804704 0.237513794656314 0.194124274540022
0.122299016922119 0.218532182379546 0.0115513122534478 0.21296918494544 0.165034504269223 0.00839696136035202 0.165661897604359 0.0955549402655134
0.249077793533887 0.0340139670157819 0.192138526533544 0.134660265274905 0.0620326691022925 0.102424029018896 0.0343553946676758 0.191297354853018
0.16197210890332 0.0992804206425855 0.227004456139851 0.177008644190948 0.200996937369139 0.0943403383343821 0.0176081419996188 0.021788952420155
0.205313602314401 0.0046079429127322 0.203960986215297 0.0650188332249099 0.0932661346816865 0.0310865182755038 0.164401226923164 0.232344755452306
0.139484635340493 0.169314130932962 0.0783798201861609 0.145365990947909 0.119203363958722 0.175221681589758 0.0487924441970735 0.124237932846922
0.208100223997487 0.0899326531016266 0.188939730532192 0.156120825294405 0.120118400135727 0.110994834672742 0.00394459878308673 0.121848733482733
0.146255019239137 0.15945345812137 0.154519264385658 0.141645660513404 0.153950091356468 0.171658201257489 0.00292803255992225 0.0695902725665536
0.0554591188738146 0.0137272348147048 0.203746565353639 0.0841402036674958 0.158300844129373 0.170134419814982 3.04650573388022e-05 0.314461148288652
0.248483300088656 0.081926282538669 0.0530582820591443 0.276986526459078 0.0206729210871288 0.153005744040775 0.000598030251233387 0.165268913475315
0.0568642224327016 0.033055665974627 0.25287808519953 0.132621586967556 0.146856347648551 0.101597373414624 0.0969837607332826 0.179142957629129
0.0289597980390933 0.00740703615483813 0.131029389776146 0.16805328339093 0.193473316357812 0.144478722757062 0.146686960426219 0.179911493097901
0.0536122546230983 0.00384711704284518 0.183090030413605 0.208237797386006 0.140807488926162 0.167202810146926 0.0243229303420783 0.218879571119281
0.0940359708052177 0.102092080942603 0.245783289539357 0.19196793956525 0.189411933205302 0.00544923719481694 0.0411985464343629 0.13006100231309
0.0678286873845332 0.250674863032869 0.106891296349952 0.0188370181423435 0.112985735221952 0.215641470823371 0.0669508308500786 0.160190098194901
0.0874346677100566 0.0778678819738049 0.184826589707492 0.228417493098253 0.00922407034604713 0.0103426221355324 0.130285455952934 0.27160121907588
0.212859180087774 0.0798607264638242 0.043749689379847 0.275690760863674 0.0990401861578532 0.10223232973101 0.102779361969457 0.0837877653465608
0.143741033411717 0.0359362086980379 0.152794285288947 0.152553953325645 0.155543683976912 0.118106547093231 0.12448101935445 0.116843268851061
0.275478984141126 0.0532279407690521 0.108570160593899 0.0459172126352925 0.211551259586326 0.0730511299898543 0.198027611363532 0.0341757009209181
0.0874302140953851 0.160508234858352 0.00152984701338547 0.0641279573118604 0.142658444322685 0.114448068009711 0.164511106526968 0.264786127861653
0.0646937779751154 0.237559125687613 0.0374993124141922 0.124424188451125 0.116552260433477 0.237312484034558 0.0343556244952636 0.147603226508656
0.169946226154064 0.0359962623752818 0.183671760173385 0.134778640619972 0.175159482026217 0.148357049687967 0.00605000609746703 0.146040572865645
0.0134514679372586 0.130610286011874 0.0434906776920633 0.186454808439207 0.174179662571254 0.112301327367045 0.181566322477281 0.157945447504017
0.19131572808432 0.237328790184845 0.166250269640961 0.0151743941177643 0.106909438391243 0.085060802270493 0.104190526322668 0.0937700509877056
0.171199780410946 0.142318047882782 0.121999771178962 0.0502546940765679 0.146074460358967 0.194122282041367 0.0362497657241606 0.137781198326246
0.136803921373024 0.188766552392231 0.17051944514262 0.0760975744213681 0.191196858039391 0.194366499599876 0.0284283338488893 0.0138208151826012
0.211398691603226 0.0342504048242467 0.068878937793435 0.104817775490482 0.0233589297005909 0.211714540114849 0.204451734992314 0.141128985480856
0.24194697732506 0.0693679192751743 0.174139381429685 0.226745543892823 0.0387144270175426 0.0707846740514672 0.00031732039008464 0.177983756618164
0.205335074296439 0.134811021790575 0.198265632092503 0.0022829845766741 0.108142281999935 0.00235594738573877 0.143184866985715 0.20562219087242
0.0119582136060391 0.173671935616546 0.0304750925172713 0.144661093278377 0.165315243627457 0.149339050888881 0.191308203322506 0.133271167142923
0.0146468540612566 0.163062726328994 0.12484960585156 0.304040358777577 0.0377513449777872 0.247656600981584 0.0510832366137608 0.0569092724074811
0.0554996071616974 0.184746958828205 0.109912335098506 0.192718505440153 0.070237340353492 0.0745749959135499 0.183784440638646 0.12852581656575
0.0160918497664181 0.0551657681979432 0.123394429575156 0.137233124102835 0.119524047822076 0.249965392698158 0.0853351854167672 0.213290202420647
0.256352667264372 0.0223257853635087 0.0138753032169111 0.0674510078330664 0.246117468910876 0.107986764988575 0.187030400058319 0.0988606023643713
0.123270697446983 0.0317380844708164 0.0587432963168809 0.262428353856434 0.17357418485646 0.200008698722827 0.0442584580176667 0.105978226311932
0.236519154721478 0.122948687419477 0.211059297802883 0.0047377550636752 0.0398768985111867 0.0317215943055642 0.193603938722003 0.159532673453734
0.0791377886893886 0.249084000506858 0.0385293971541502 0.217008874970278 0.0630231381230451 0.0498902122975911 0.0298091074686413 0.273517480790048
0.112691199615938 0.00227543991864795 0.107527944569347 0.114256504461757 0.184797870234974 0.220332452878603 0.198430528290795 0.0596880600299377
0.130709720681999 0.0942321467487814 0.00947006237078492 0.0216430203682154 0.1820326710201 0.244226812996166 0.31215690888442 0.00552865692953384
0.168462772410269 0.156150932330886 0.0271638323624792 0.0113488162561871 0.13994424739025 0.137309912886088 0.289359406108116 0.0702600802557246
0.177487189509802 0.211398627572739 0.198284599371185 0.0217431047846992 0.174747822676069 0.0376945989362774 0.0556193277917356 0.123024729357493
0.111635797790962 0.0490759691091217 0.244286957148444 0.0275514461491365 0.212444768117195 0.250468073704452 0.0609988255493112 0.043538162431378
0.163467518480346 0.134239181174098 0.154462594377177 0.0797751279412094 0.0746927855960637 0.0656372435264871 0.213223162993128 0.114502385911491
0.365121469217026 0.0470888045301034 0.0548370118160425 0.345623360440984 0.0594427187574982 0.0325330258049689 0.0135741674468433 0.0817794419865338
0.121011227096622 0.11490541150406 0.152062854056437 0.160431986414554 0.000808704779346593 0.147230566627108 0.161860777058073 0.141688472463799
0.122560975595304 0.00781898879643061 0.130034436737274 0.0486614323578438 0.209095020204521 0.208692053983108 0.19363184608641 0.0795052462391087
0.108528971478263 0.0719253427399643 0.163943589468187 0.202170251203713 0.18002868990488 0.00336573862393228 0.18914897102942 0.0808884455516401
0.247791061999643 0.132548902092134 0.145269555507413 0.052253148693768 0.0433272957350193 0.141636559173013 0.0468384375844933 0.190335039214516
0.143526845793758 0.220945398496933 0.176542658054147 0.0525629292482517 0.121063576492079 0.0768341445810135 0.054354461220839 0.154169986112979
0.274975641153981 0.305742486546738 0.0469179917462189 0.0599524913606825 0.0647013535943548 0.022844547010901 0.182464654076663 0.0424008345104604
0.0850286371208838 0.144862019215744 0.170978028527654 0.232517646870292 0.046294511426289 0.0282635365490615 0.195491543238019 0.0965640770520573
0.0913743068965093 0.134513523402906 0.0826892926992643 0.19133719648799 0.16202994527912 0.0693499143930065 0.150528677150078 0.118177143691126
0.195065380312516 0.19435500900849 0.132010335581816 0.101696934920059 0.0659732365157165 0.138498739059984 0.015919276895983 0.156481087705435
0.176735887142316 0.252696821903607 0.159315622414458 0.0685142707565038 0.0325799537854385 0.0352206497610304 0.0185438003739148 0.256392993862731
0.0175422271345566 0.0816514212173929 0.131341630148001 0.143536272802779 0.187389678299648 0.00678843637475569 0.177253957077261 0.254496376945606
0.145395437959027 0.132936690005792 0.142417710990068 0.250977923661179 0.0178662855931954 0.0761465916167004 0.0579812297471976 0.176278130426841
0.148118766127121 0.0744085882613598 0.137264988274036 0.139307724851475 0.0381542045997496 0.119509266372088 0.185313609493662 0.157922852020508
0.13232072852555 0.247684213895419 0.0866903566975966 0.160283389874207 0.123648331315339 0.0328581147908302 0.0206228602154101 0.195892004685647
0.133875015214336 0.0514728745304024 0.126266238722199 0.154157302896325 0.0909026633815868 0.274886345116198 0.0179813883246017 0.150458171814351
0.185534768068313 0.013384044603221 0.0743757680457455 0.197020647083366 0.146533313688296 0.106710548715423 0.25100748774046 0.0254334220551759
0.131509578782055 0.192469338420347 0.187370324670384 0.0309437096454342 0.189612783717134 0.119678352469157 0.110151109071816 0.0382648032236719
0.182318513796699 0.16230731817931 0.0718978957272431 0.109597282313027 0.0574702769001794 0.225648134010744 0.0378640156921963 0.152896563380602
0.157363962260784 0.120924445094645 0.02957287877782 0.19304305920133 0.119199537027077 0.0676224643743044 0.134494978076434 0.177778675187604
0.0111809123113705 0.203132945014683 0.157850110296426 0.0119209969077246 0.220593683840426 0.150272067647842 0.206199957349866 0.0388493266316612
0.0107735394252712 0.160163324873915 0.203330390898739 0.190032264402875 0.082139936545727 0.140764868043061 0.162861795157545 0.0499338806528676
0.0415974948900698 0.144232481332722 0.154484452247459 0.152906876236053 0.186871976958959 0.11551988348017 0.026726925552557 0.17765990930201
0.172485398544527 0.101195267225407 0.154951325168539 0.0330698206806943 0.0409972166646563 0.217357723433579 0.086135188318633 0.193808059963965
0.101386175836838 0.0585106344453767 0.10013854130537 0.0616478076076407 0.0717505246235118 0.196692778499539 0.196749447925313 0.213124089756411
0.0307776720635637 0.104172071579274 0.184457213666473 0.209010077903521 0.126492723331329 0.150760279283408 0.0397632319660049 0.154566730206427
0.166621269471557 0.0977362949794592 0.0936769422658665 0.203395710226282 0.0292152644754864 0.0244085316903639 0.235146458555962 0.149799528335023
0.161320851941456 0.121308367858016 0.150712888199435 0.0470810483615359 0.180206682261672 0.172581257013895 0.128217670090076 0.0385712342739138
0.0954748012174068 0.0371798800947103 0.178277461216277 0.173262179334199 0.103550169931007 0.119898781537113 0.11913834605047 0.173218380618816
0.105022927978952 0.174098677485975 0.178237703890172 0.170240982073805 0.00813631292769885 0.169375592324327 0.152314529383484 0.0425732739355848
0.207478826348858 0.0402002128674997 0.155849635677154 0.174090024937299 0.204047554896717 0.0875052318879216 0.0324346556961842 0.0983938576883675
0.0464712217138881 0.117909706278423 0.0282982363607602 0.144209709849427 0.292304251494275 0.017021345942814 0.172700741261307 0.181084787099106
0.0800617526654682 0.0616603350095148 0.0712077238552406 0.145776958973277 0.184128349568164 0.189489320422288 0.134260571761405 0.133414987744642
0.0121640214496424 0.0926540042346347 0.0221824402368797 0.211203682923518 0.0644819240251624 0.210768521554828 0.213511041786587 0.173034363788747
0.172929973213992 0.0854596533378392 0.181038784669468 0.116273985182517 0.137550111795664 0.125743593574683 0.115370967134565 0.0656329310912709
0.037599522060714 0.040325694277099 0.211794866383207 0.16984458883948 0.00518684063220914 0.170670706938833 0.126213532394064 0.238364248474394
0.0910298703131131 0.167409368362893 0.0790612456393202 0.0888451208072037 0.175830271244376 0.113591880443513 0.148890778396287 0.135341464793294
0.00407220367292784 0.025749587923671 0.169674338452305 0.147345144727294 0.152548102559831 0.214576822146453 0.112255629705176 0.173778170812342
0.145461870435876 0.0848494818905459 0.185805609952104 0.210339922033636 0.0954134850075168 0.117621065138017 0.0525088978981072 0.107999667644196
0.196788218808055 0.139646162085261 0.0112805216723859 0.0777318788147262 0.168845458290549 0.353720028865773 0.0392590952751268 0.0127286361881229
0.132063807587081 0.188982922087807 0.150150080992577 0.0673082688177673 0.0624663302406743 0.0857261017265167 0.168251534186654 0.145050954360923
0.134797098952244 0.141667555950576 0.104242278231066 0.0867058010615626 0.0965964555015242 0.228559896462264 0.0631583219560318 0.144272591884731
0.105943180659376 0.180508059851497 0.0916928326438399 0.186265847976312 0.123604575933431 0.02964780340481 0.129129307738907 0.153208391791827
0.187723384120135 0.13718973108232 0.027031202290117 0.0884791577420654 0.189688316914943 0.162137842969263 0.0945058105361519 0.113244554345005
0.147687554948329 0.165839077243644 0.0813933628816738 0.0538033814260374 0.0853128571371018 0.054855475707035 0.207830711151229 0.20327757950495
0.103810913730599 0.298917855702716 0.124854740975665 0.048548352421079 0.190606153842306 0.126538343183198 0.0166245362520201 0.0900991038924176
0.0130514615826002 0.0111296835506074 0.116998878201665 0.227918126985497 0.168643711957551 0.0624338591111446 0.179149212525892 0.220675066085043
0.120195369070184 0.226560781019592 0.135620322794747 0.14711006907863 0.059495941363552 0.103757155411566 0.0313448254147282 0.175915535847
0.0520543751181044 0.198994119092457 0.0224151774308606 0.180457805161233 0.162758209171188 0.224237150734361 0.0119816273719685 0.147101535919828
0.128299408189171 0.0617469243312361 0.154557012214559 0.0509479533066266 0.216141749756772 0.105484671284644 0.229239541168186 0.0535827397488052
0.133558204073328 0.141065028379411 0.0931190464833667 0.122336918273578 0.139131325030466 0.144919205677344 0.0954378500407668 0.130432422041739
0.0567047826665574 0.170677311980133 0.159858479967569 0.0866551597420843 0.209160705445995 0.120149042294444 0.115754454821691 0.0810400630815249
0.0787848261892027 0.125199801750481 0.00824387351328678 0.203202450160741 0.0268245995239444 0.124638075301775 0.200449484685701 0.232656888874869
0.141113550113892 0.0847459966479728 0.0943361545903643 0.188865487150407 0.0831672533398374 0.181410292994338 0.0899033921889463 0.136457872974241
0.0813998959903967 0.136680998956845 0.0337166113167494 0.310117914539504 0.0766228626129026 0.182684248231034 0.164934234367847 0.0138432339847216
0.143569339155487 0.29858390145748 0.121430198781936 0.27569401965497 0.00138543410105213 0.0410353969283501 0.0628729719048535 0.0554287380158716
0.161860417979862 0.10713315244404 0.117288110655713 0.0639361792964815 0.191710975686271 0.176105787460049 0.129790959555798 0.0521744169217843
0.0958162104603181 0.125396229117042 0.170119816927443 0.0184475948496289 0.210764340832093 0.120783145337584 0.239783651788523 0.0188890106873682
0.220262618154554 0.178494230031646 0.126426790037978 0.179198721875082 0.0305473117713446 0.0798702514673346 0.0513709770842485 0.133829099577812
0.196898995135445 0.153439338642473 0.136814074641988 0.162277779532019 0.018220600397266 0.14068557412638 0.10415195400835 0.0875116835160787
0.226528802263544 0.0485396966528644 0.160059887262064 0.0625077987309522 0.280204814423985 0.0833978118266328 0.12326066746062 0.0155005213793375
0.0966716003390499 0.154754783509322 0.156685087279209 0.182325133174819 0.108567472849181 0.0392227248690913 0.0995812232848134 0.162191974694515
0.152588463150544 0.142464069432502 0.198355107994936 0.0550349579157056 0.0718331904856504 0.144746763502605 0.0640377125830195 0.170939734935037
0.0767613957191013 0.0348488248062094 0.19548954062888 0.0781534191520991 0.296057392775538 0.026746972037751 0.0477049077872549 0.244237547093166
0.0193295115300738 0.0971115654651847 0.14260246437828 0.141551402481045 0.150613043430255 0.082830859031547 0.200086740187647 0.165874413495968
0.120064314511402 0.1772815294118 0.177357359780921 0.134025675966438 0.185523888453547 0.0403782279380231 0.0442559546903878 0.121113049247481
0.099496131840033 0.189271341505383 0.252576158417944 0.0462792769277512 0.0222873922538515 0.270654550385357 0.0868760294158118 0.0325591192538683
0.123147097747632 0.203934141560159 0.0779453402109015 0.197279161943278 0.0569375896953913 0.183163730724267 0.0809599301906517 0.0766330079277204
0.128441846743235 0.193638660186576 0.151017500741224 0.0113116227460231 0.188065254847804 0.161186409492776 0.118464040376948 0.0478746648654148
0.143572835089341 0.120678871877237 0.0984187673775427 0.166340582383507 0.213956147008325 0.00641971972688768 0.199299472024203 0.051313604512956
0.198049171451193 0.10455613030462 0.00849971375513484 0.239131439505866 0.0676524146332474 0.224316875166785 0.00100254068681852 0.156791714496336
0.037120732207615 0.0680090437379783 0.011762202922582 0.286356385976626 0.00106715056787266 0.271468073104291 0.306520335886027 0.017696075597008
0.0148088730307545 0.346445772259824 0.152494372797899 0.0537754115193357 0.0939028861504276 0.0523973064017281 0.089620231550188 0.196555146289843
0.0836866581011023 0.146963970625588 0.154058988177278 0.125096971768281 0.132803249882687 0.100123254368108 0.139952008426127 0.117314898650829
0.0662778262324894 0.171205926306099 0.123512841915047 0.182336748109033 0.164087690944034 0.123960394034593 0.0576363347888038 0.1109822376699
0.0914408897176231 0.24872395750245 0.109284808410529 0.0476252019147011 0.116091140288101 0.0495189995387461 0.310488693753908 0.0268263088739411
0.139341566068823 0.200466407623097 0.0787020135035489 0.19212378989312 0.155723047971769 0.0905280545629402 0.0879973824916822 0.0551177378850193
0.112637775512377 0.150517814828288 0.0953551072607332 0.148065683082166 0.123257068669744 0.130001668198226 0.14666778264102 0.0934970998074469
0.0756297075486523 0.098682990205445 0.200178481266292 0.171166227228793 0.0220150951277016 0.10568327717969 0.185996181644659 0.140648039798768
0.0290033519837651 0.0543844934498798 0.20883543238587 0.0220935752496112 0.153542996963936 0.216441033705367 0.166320365587184 0.149378750674388
0.199220249866962 0.20693544032567 0.231883906690531 0.155031707935154 0.0779612586267811 0.00715129275818129 0.0245329813943488 0.0972831624023718
0.104558099943765 0.0891058098650023 0.0597553993974395 0.221951990269002 0.153626660186578 0.0457561513046614 0.136460524026237 0.188785365007315
0.00138651097224562 0.171482780600444 0.240183187174055 0.16498327593666 0.0822347704063473 0.00578430462501156 0.0980767936357196 0.235868376649517
0.199466675610023 0.128436907767966 0.0197677100572138 0.127256573918522 0.14241705500913 0.1342828226495 0.0810869015584142 0.167285353429231
0.0473669744228594 0.277977595513442 0.130025178107677 0.159502288553652 0.152468708946236 0.0471023931448184 0.137309341435114 0.0482475198762011
0.150878463636874 0.239601837399984 0.230359462298951 0.060882018543506 0.23065761089493 0.0312089042427351 0.0286927320725324 0.0277189709104876
0.107046029412323 0.0353081411919257 0.201361887219947 0.0572653057537271 0.20474112882276 0.0995062944835221 0.181347030755528 0.113424182360267
0.0557822372521149 0.118171505985103 0.188945982105179 0.13324534684183 0.0443764140679275 0.173928644431231 0.104769422499653 0.180780446816962
0.180896570349232 0.126456165789964 0.00938954649912917 0.113691788142826 0.115637468622664 0.128810119191236 0.247649285882094 0.0774690555228544
0.0984143686173097 0.0959512739425694 0.163389183007545 0.233358728371155 0.018182810817809 0.145016337737539 0.105536095343623 0.140151202162449
0.151061727078947 0.228938662307168 0.135976036215633 0.225097237880278 0.0464649314177411 0.162137329187461 0.0163696523965249 0.0339544235162487
0.0262772872732651 0.219426349416568 0.123364885368269 0.154840689725305 0.0434617462949168 0.130603232954449 0.217991562319299 0.0840342466479279
0.114815084189566 0.132270922867439 0.220040646969869 0.0916324345394712 0.000232432807448308 0.146552732611138 0.232527637826297 0.0619281081887714
0.0690679086586093 0.160155883737025 0.191381733320232 0.0329115788352077 0.159033429785403 0.171645313513197 0.147011270395101 0.068792881755224
0.179208981359221 0.0569749456404072 0.0188267308639709 0.225078015685805 0.0328536086243501 0.0756019341499203 0.179857505062838 0.231598278613487
0.114311207400166 0.167798806707449 0.265589774343176 0.0398100581935784 0.0324647155448313 0.250260108570054 0.0934993297516784 0.0362659994890676
0.0998363953275811 0.0761750786263521 0.0899197936323978 0.0800644558632646 0.0251298004197374 0.144306763536601 0.304207972012978 0.180359740581088
0.0779008116218137 0.195848434178355 0.0573303833088198 0.159397877502782 0.146691079609916 0.0698813239774484 0.0928224484695352 0.20012764133133
0.234068066545205 0.0975789116258497 0.139246099541425 0.0675503824417916 0.0357569234354922 0.127953742989011 0.225621003098392 0.0722248703228344
0.0755096010170817 0.125934740588231 0.170117701197751 0.078957430622417 0.154433597730617 0.235274969317606 0.0994359386741713 0.0603360208521237
0.159405893908763 0.179254599350632 0.198326621046427 0.11277826400848 0.200846838556023 0.0730142024199457 0.0477569017602804 0.0286166789494496
0.141403580654368 0.314211015109745 0.0260886719482829 0.193788815513872 0.0761199856895258 0.0415277579124694 0.175070896183788 0.0317892769879488
0.119385177623664 0.0626208001448219 0.146252250356542 0.186795544733464 0.200259351822797 0.185801998131185 0.0761006717059767 0.0227842054815495
0.120489460829108 0.219843272495284 0.222844203713706 0.0681908140129821 0.184892575873556 0.156778626158536 0.00539652229144421 0.0215645246253836
0.208596814769331 0.25350294522674 0.103301912345593 0.108358270113896 0.143971165781255 0.0963980332850155 0.059528692978142 0.0263421655000274
0.0779457981854056 0.167084412157687 0.194793214363159 0.0909677033272821 0.162863956480701 0.0186482568995552 0.0965140349777134 0.191182623608497
0.0642764662885508 0.0238387266428054 0.242394971928046 0.0761582128929454 0.0725776005509526 0.141542177828603 0.211781425073623 0.167430418794475
0.129223006600004 0.15004023516437 0.202134003112544 0.226203945197037 0.166114039079133 0.0325085221682834 0.00526844931606235 0.0885077993625668
0.231080784125115 0.168395663931196 0.0488797757588144 0.163092470619093 0.141959782122048 0.135879930421646 0.0916747868599165 0.0190368061621711
0.0599886720657173 0.130689515568465 0.0850051974297136 0.140609041120727 0.137297308196703 0.19991770584873 0.226190324926899 0.0203022348430438
0.230347896943945 0.117233080100958 0.0494597442225923 0.0691274512906273 0.0691188803603961 0.175711431170815 0.0632856075167679 0.225715908393899
0.20236732561745 0.102285107916345 0.20872165646501 0.137454712041656 0.0962441385693619 0.141235972972952 0.0570697636024127 0.0546213228148121
0.022001600081004 0.214064238384563 0.195779266896206 0.193260985520143 0.146405121461186 0.0772273560690869 0.0341783099172518 0.117083121670559
0.0997821903103294 0.184541685546131 0.134443765582538 0.129168473328313 0.0808200902941033 0.118839355879205 0.16433231634233 0.0880721227170492
0.203150946525758 0.115800499739979 0.147762711286004 0.0180962709725417 0.202057245503955 0.114372537881066 0.0754530106673058 0.12330677742339
0.0833403542723959 0.144713981631579 0.127406537271249 0.0324805656274321 0.140868604419053 0.160968543029173 0.161308035499327 0.148913378249791
0.169925109936285 0.20890724784448 0.0799404466861675 0.152907888681757 0.0863716074458175 0.287670360128005 0.00774326822942356 0.00653407104806339
0.066929081411762 0.121984309332228 0.272029077324862 0.00339492473752266 0.170548732286638 0.0457027522073197 0.255568557633921 0.0638425650657464
0.210838445052957 0.109747012696137 0.206422924717313 0.0290104538624959 0.0958391532889778 0.124132381646236 0.00750245100314569 0.216507177732737
0.251691636123112 0.136104526165105 0.110813961035074 0.130734622291534 0.21498988972283 0.0271136821336383 0.0780560583444775 0.0504956241842282
0.163840929901623 0.18705276859091 0.0658279638119091 0.108043504101677 0.0114107660680804 0.120758279095477 0.18545258971445 0.157613198715873
0.0306158119583537 0.123423306165635 0.0456705257843627 0.0879972325979726 0.158778598730132 0.178076754241245 0.206408752083407 0.169029018438892
0.16252899168504 0.0636780964877474 0.0735928289026251 0.00226676789562144 0.238383521914816 0.280726394550294 0.114024403295528 0.0647989952683275
0.13596326680975 0.207865455847891 0.00770895576780151 0.184640761898485 0.0155038714551394 0.20778320330737 0.0307506659192473 0.209783818994316
0.0544781102340218 0.021001678847244 0.188082468564392 0.143275628816685 0.197711025546709 0.183491664573916 0.07859037477017 0.133369048646863
0.143201562834245 0.118971766369218 0.160286440404724 0.107201409229715 0.0841743915291037 0.192675373091342 0.0286910436803236 0.16479801286133
0.086459186189508 0.177174454516921 0.120979483466391 0.113429589408489 0.120553016210719 0.100960746457283 0.102996240748452 0.177447283002237
0.031475564020898 0.00359333299362321 0.172769696182029 0.133369616169501 0.236888840885442 0.143217989381736 0.153483904160578 0.125201056206192
0.0416450721004051 0.0878448182060006 0.150757932148214 0.139173137299331 0.112950456024272 0.175475808984187 0.0658090959028597 0.226343679334731
0.144489713130297 0.127655886410051 0.175756260664815 0.125128274914565 0.0157123059695056 0.0962944873862571 0.116249922756005 0.198713148768504
0.156712497163167 0.143978640425537 0.0968012856602837 0.0347622868723666 0.137743684742206 0.135840240435167 0.175785934318822 0.118375430382451
0.0859020839649175 0.00918552076361369 0.205937124070217 0.132900911755499 0.20049729832816 0.200241349580066 0.114822259244203 0.0505134522933239
0.142549940500855 0.167448032198985 0.0686821422511757 0.202519687055539 0.237512446764095 0.0275130428319769 0.0387176201457859 0.115057088251587
