0.32943297157564 0.297670038458469 0.245904649954571 0.12699234001132
0.243663475125073 0.0161909164016821 0.383824516522017 0.356321091951228
0.3605915825897 0.0479206883709016 0.325599644465632 0.265888084573766
0.214578344483934 0.0767052773149559 0.28400775041963 0.42470862778148
0.398451174648544 0.187951965492078 0.02727226087135 0.386324598988028
0.256162816951637 0.130677204215421 0.393196072516341 0.219963906316601
0.243525863136279 0.443887588109357 0.0912912991794087 0.221295249574955
0.3226911663521 0.252534657435343 0.0119442837488742 0.412829892463682
0.00161686798916301 0.340688220537315 0.154462771212182 0.50323214026134
0.162700253016532 0.248505597326616 0.287687781695307 0.301106367961545
0.166824100624445 0.18444544666699 0.389905857758725 0.25882459494984
0.188627024842225 0.240171580800075 0.348995696047035 0.222205698310665
0.263272130853152 0.140387021597812 0.382933843721923 0.213407003827114
0.333087133417612 0.0178369920608415 0.466022959272244 0.183052915249303
0.112491712457413 0.141413981631089 0.260092285365673 0.486002020545825
0.118479102048646 0.496350839317723 0.0241521015062684 0.361017957127362
0.0972411141588858 0.111941554089713 0.621680321440939 0.169137010310461
0.409469516714622 0.297168261232726 0.202335732207921 0.0910264898447321
0.212117248318899 0.194436475222987 0.410195451056253 0.18325082540186
0.31360340218215 0.161436480373117 0.0781937682995353 0.446766349145198
0.308994287533183 0.171871252089659 0.212880481841975 0.306253978535183
0.425427520596233 0.0591448787323288 0.375783871145378 0.139643729526061
0.0365928397353078 0.546354230408018 0.103909277285699 0.313143652570975
0.177184821800446 0.157221781403811 0.312910198578875 0.352683198216867
0.345933404081791 0.00942251619041784 0.386693813346773 0.257950266381018
0.0196125787316014 0.369395097727573 0.358727730035121 0.252264593505705
0.294865654308156 0.324283164946503 0.318084123849056 0.0627670568962852
0.218695018239397 0.1805678821424 0.44390873683736 0.156828362780843
0.406285323972908 0.117986282333835 0.461328005460006 0.0144003882332515
0.388730639765794 0.221631413848417 0.284038781163004 0.105599165222785
0.40442296487202 0.255136940041393 0.193202751348425 0.147237343738162
0.345974786598337 0.21622669184472 0.334798960347035 0.102999561209908
0.0655183129039058 0.0898090474578944 0.554603903866049 0.290068735772151
0.316991368306461 0.0530150311065083 0.426209933285254 0.203783667301776
0.128773373869319 0.198052139327766 0.287536739290381 0.385637747512534
0.254173385882251 0.333478854873624 0.181769311277117 0.230578447967008
0.643868857291156 0.143241252323892 0.0588802671173755 0.154009623267577
0.114203003142381 0.20579181701039 0.39454696456734 0.285458215279889
0.115199617269021 0.187684100123086 0.394500663550698 0.302615619057195
0.0444493525501567 0.439234229710102 0.332009977561564 0.184306440178177
0.133414439395956 0.231727198434174 0.418885410455077 0.215972951714793
0.411649082198975 0.0245557577721063 0.511024187142042 0.0527709728868761
0.239118319070325 0.280128456159137 0.17746499925729 0.303288225513249
0.361826807791549 0.239795549457525 0.092954332650798 0.305423310100128
0.120875297108394 0.336780954423271 0.272360407552023 0.269983340916312
0.158310375009905 0.325332823052221 0.254824871780456 0.261531930157419
0.00800144736883482 0.589684507278047 0.323617539333412 0.0786965060197063
0.40219751963173 0.192155630886759 0.367093137518304 0.0385537119632063
0.222903735939396 0.265991931058122 0.257062796100879 0.254041536901603
0.247884254821585 0.271604064724682 0.206316000164532 0.274195680289201
0.279526059538814 0.0591385774375254 0.38992825059415 0.27140711242951
0.123809556798546 0.211787026629113 0.356115151367087 0.308288265205254
0.389768718699319 0.260867061619046 0.329446170136294 0.019918049545341
0.184422459968598 0.329897517782888 0.168506183417101 0.317173838831412
0.385154355702885 0.116358097812953 0.158101402468265 0.340386144015897
0.231962385939206 0.38322993632346 0.0457267894810774 0.339080888256256
0.0496473383112693 0.553227740608028 0.154805319712015 0.242319601368687
0.0847196534065742 0.567218303393187 0.0417642410921591 0.30629780210808
0.203046119535403 0.296701159696846 0.215749297725187 0.284503423042564
0.0347316365360615 0.386729170986334 0.231481042258191 0.347058150219414
0.195094042291889 0.407434894278521 0.218906145798156 0.178564917631434
0.287233751903132 0.0872510696765936 0.213285401304944 0.41222977711533
0.204413542957937 0.338423365938539 0.254314194504705 0.202848896598819
0.356744181324716 0.102648366213293 0.220848275963942 0.319759176498049
0.319268600308039 0.268955590342238 0.213054414329325 0.198721395020399
0.214416594486274 0.281096429084238 0.393389396874393 0.111097579555095
0.251722331429675 0.214583081203877 0.234973313964564 0.298721273401884
0.337884383318227 0.285380865945031 0.282639522553868 0.0940952281828733
0.273650242937082 0.200571914575252 0.338772635209027 0.18700520727864
0.242525657805758 0.447011705213505 0.227305922020499 0.0831567149602384
0.484737356714536 0.39286345236315 0.0818854981250252 0.0405136927972888
0.00120090458917966 0.733721309008872 0.158962620715053 0.106115165686896
0.250777268154853 0.199758740818882 0.215120644157005 0.33434334686926
0.16382600701492 0.179339587931148 0.487575295100387 0.169259109953545
0.318729082478837 0.314496266063767 0.222413120135896 0.1443615313215
0.0205727539711637 0.233215366228944 0.287568320741889 0.458643559058004
0.192413253090113 0.253118939593188 0.259999291915972 0.294468515400728
0.206910446566154 0.297181107949563 0.285818956346787 0.210089489137496
0.201461096462687 0.465801264647804 0.268213077293935 0.0645245615955746
0.068109683827188 0.487314681612405 0.0667716576981204 0.377803976862287
0.534220390645284 0.0903795458168709 0.139165743199587 0.236234320338257
0.295734024493168 0.198093402677147 0.484410578163882 0.0217619946658028
0.364442782993312 0.130876111350595 0.355477206238154 0.149203899417939
0.0214402279993554 0.431453525457516 0.022655452724984 0.524450793818144
0.298830747940026 0.248540493481579 0.249322862765017 0.203305895813378
0.288391503843535 0.610555137077825 0.0497711516595238 0.0512822074191159
0.135182620174757 0.494410169212486 0.261558336670468 0.108848873942289
0.459628651920354 0.0419856513301797 0.277639505231894 0.220746191517572
0.212844612659906 0.23922667989214 0.363431945721984 0.18449676172597
0.264481643987842 0.0348770498061173 0.351411476590326 0.349229829615715
0.370412607666142 0.168019239372264 0.227432834901619 0.234135318059975
0.315094096510556 0.462564290753922 0.143596442875215 0.0787451698603066
0.309640005586411 0.174322410650234 0.274871445745449 0.241166138017906
0.304998478897116 0.0111722608938808 0.354497732397139 0.329331527811864
0.284584263578768 0.262572937516054 0.443162121362271 0.00968067754290695
0.00138491422173586 0.140167417851576 0.593126165513201 0.265321502413487
0.52386351964916 0.0388693314199675 0.338218514216622 0.09904863471425
0.193466122158196 0.330552031739446 0.377486662943805 0.098495183158553
0.102595200827849 0.414359658623839 0.275199276102735 0.207845864445576
0.283579164636338 0.221928998967788 0.201001609447186 0.293490226948688
0.408391238392465 0.24173890356806 0.150744517082509 0.199125340956966
0.330745205848287 0.418566433795051 0.225757401087368 0.0249309592692941
0.485244618970562 0.283052817514511 0.0802499640281325 0.151452599486794
0.219589300384987 0.407419233379692 0.348021153017952 0.0249703132173691
0.00739596864720962 0.379649362291586 0.209535569545163 0.40341909951604
0.133621923749625 0.204841347273678 0.0578731344917625 0.603663594484934
0.495333279308404 0.195365521065777 0.133059597414729 0.176241602211091
0.433569796674112 0.346737051843004 0.0756011868520444 0.14409196463084
0.421998508641644 0.272533518655922 0.0102939971604639 0.29517397554197
0.414336045552494 0.162679425031906 0.0356070274445244 0.387377501971076
0.378775013144403 0.163235267628301 0.308510714777301 0.149479004449995
0.0784501590227579 0.495143509339523 0.162586077891797 0.263820253745922
0.274464217867085 0.369214188776049 0.336933265037384 0.0193883283194827
0.307281668764603 0.204873189896488 0.351609309872415 0.136235831466494
0.250861819987109 0.0395384105742082 0.265502633122619 0.444097136316063
0.28072102879952 0.420297454112639 0.238535884832972 0.0604456322548692
0.20387562882295 0.355251062126311 0.155427771364038 0.285445537686702
0.241303357087873 0.0937148324992352 0.347971926998851 0.317009883414041
0.60979363986581 0.113341700445404 0.163661163650512 0.113203496038274
0.0103192391131092 0.329025819827923 0.375672024993366 0.284982916065601
0.203368149737276 0.282227862679907 0.19381150445392 0.320592483128897
0.155522835617605 0.402200459060022 0.337247904333928 0.105028800988444
0.1060951351763 0.225065250104768 0.437350748654239 0.231488866064693
0.319857134826983 0.319749525225023 0.11747337541569 0.242919964532304
0.135229520252201 0.367078927696027 0.214534338317178 0.283157213734593
0.279099022576893 0.395398270775867 0.199943517028792 0.125559189618448
0.28863452829418 0.297513917743172 0.368159768600823 0.0456917853618244
0.12917639916258 0.644073631699747 0.196069922536649 0.0306800466010243
0.177325140532321 0.307880613324314 0.131110276639315 0.38368396950405
0.268216534092602 0.175922807912522 0.178859973285858 0.377000684709018
0.288529275529202 0.147288915298904 0.208149175030901 0.356032634140993
0.0088471978256502 0.270437297853471 0.428392751272878 0.292322753048001
0.369590227596229 0.257768933432864 0.153356141849605 0.219284697121302
0.214372990579353 0.293813408226554 0.275752023665304 0.216061577528789
0.257092313719194 0.211930517011783 0.265787547319967 0.265189621949055
0.375936946667798 0.154468009625899 0.100821946373978 0.368773097332325
0.452206342346412 0.348330466796656 0.0829258371242226 0.116537353732709
0.223576429961055 0.241169755751409 0.171935489729328 0.363318324558208
0.155443211538869 0.347603369209074 0.241053050419918 0.255900368832139
0.107917823283416 0.619555080827857 0.254347625544919 0.0181794703438087
0.358735042835774 0.0967281835347675 0.441588489546914 0.102948284082545
0.575052030514386 0.361231901064502 0.010270442615353 0.0534456258057591
0.40839338334112 0.0151811354419906 0.182998087998889 0.393427393218001
0.0450199423411863 0.326240766812545 0.437097233344076 0.191642057502193
0.272316279885717 0.347894782700611 0.30785015035675 0.0719387870569217
0.286706564863336 0.245875759642745 0.316791764522198 0.15062591097172
0.306619757485313 0.137013457379674 0.267962464346309 0.288404320788705
0.542757814012983 0.000193753830039073 0.141402144912126 0.315646287244852
0.351299443671524 0.017152553673054 0.014986284069749 0.616561718585673
0.0396308905656519 0.560558936371749 0.201143632119178 0.198666540943421
0.257111736810919 0.0564394072090032 0.381275954292434 0.305172901687643
0.0546617495606007 0.487929862466567 0.110622736378922 0.34678565159391
0.321491233867055 0.289511826126487 0.194123386472249 0.194873553534209
0.0890468535883614 0.31695987364366 0.355552698033698 0.238440574734281
0.0503388169677113 0.555308727151536 0.243391786243141 0.150960669637612
0.300820474158556 0.119322785083887 0.229421065141571 0.350435675615985
0.489518074760593 0.423672967333003 0.0610526642328977 0.025756293673506
0.0536363636139298 0.362700092797614 0.377350916624676 0.20631262696378
0.169585152646475 0.257889349954187 0.331013968719867 0.24151152867947
0.119399008431945 0.110222907766061 0.508703165822942 0.261674917979052
0.560440069995398 0.00167638135543184 0.292353429217918 0.145530119431252
0.101514013325691 0.339840717839356 0.477986435561929 0.0806588332730247
0.602210858482211 0.151579191919054 0.20692627925425 0.0392836703444856
0.181865565195842 0.340828356961825 0.358207479605867 0.119098598236466
0.34133389074898 0.180334423322174 0.100869475596541 0.377462210332306
0.194058841517239 0.188743370128806 0.328501621349054 0.288696167004901
0.263536120345987 0.371809089681483 0.202741384870145 0.161913405102385
0.405270445906864 0.00902392330537334 0.0725566230456414 0.513149007742121
0.301818909910691 0.419399439527732 0.159990050864456 0.11879159969712
0.2571412535453 0.18539319108358 0.427519867182981 0.12994568818814
0.152272336944492 0.342730672181593 0.0116698568485313 0.493327134025385
0.161651001257784 0.188603375685566 0.502569418230158 0.147176204826491
0.224450227950639 0.0640591767907511 0.427056705176134 0.284433890082476
0.0540517029921256 0.560175727081565 0.171813378176986 0.213959191749324
0.206173243223554 0.423675264367502 0.338305149952328 0.0318463424566168
0.301893027642306 0.0147604785744086 0.273044002378991 0.410302491404295
0.148786049650148 0.465561484521377 0.0432458547316279 0.342406611096847
0.274646420741686 0.20155583197615 0.345681136172969 0.178116611109195
0.496592689574545 0.310561073539055 0.000432819068537529 0.192413417817862
0.484634126189544 0.0362891149333832 0.113106827049572 0.3659699318275
0.39374546748603 0.232693415482031 0.358319639608418 0.0152414774235216
0.319190044277498 0.240112772906022 0.19298358254151 0.24771360027497
0.253041676846202 0.340990173411623 0.167194209370065 0.23877394037211
0.113121463438314 0.0367884054585016 0.250263292233387 0.599826838869797
0.186032191577237 0.267544062227699 0.413572340686407 0.132851405508657
0.258217661052449 0.483091700753065 0.0483836984951499 0.210306939699336
0.243509220002506 0.249091112174665 0.231420058752178 0.275979609070651
0.352513307074918 0.327705717883948 0.145559920079559 0.174221054961576
0.180366978298852 0.461006722735765 0.156684670886792 0.201941628078591
0.357868159882825 0.251918556601705 0.359024974578692 0.0311883089367782
0.209539647987371 0.0705137834018893 0.308093108187516 0.411853460423223
0.0475550986578055 0.235178415838174 0.508731318547161 0.208535166956859
0.296859998813566 0.3642314460431 0.161806869820964 0.177101685322371
0.388539931516336 0.253744985458747 0.285070728890843 0.0726443541340747
0.331336252230874 0.142788781737873 0.277725258961104 0.248149707070149
0.383448889336804 0.318346863112789 0.28317653265542 0.0150277148949866
0.196361334892431 0.409165702055763 0.221990260654503 0.172482702397303
0.2869105313016 0.172679423477317 0.306466345966114 0.233943699254969
0.00355711766910975 0.564740626038895 0.42834963604529 0.00335262024670468
0.156419491199162 0.345419132922705 0.152215545769887 0.345945830108247
0.342991433365448 0.222777278448483 0.426946728337703 0.00728455984836576
0.446341794582435 0.180433516684145 0.361103972326987 0.0121207164064338
0.375773749875286 0.211333120639422 0.304108440501615 0.108784688983677
0.0674165970293902 0.295195198524798 0.315152399665791 0.322235804780022
0.23773337910321 0.310178915095077 0.222895148972515 0.229192556829199
0.243596774190043 0.282060627460356 0.321841210442859 0.152501387906742
0.324096736764236 0.187105960143081 0.360968412018114 0.127828891074569
0.204219292256547 0.395516595541628 0.0235691910257206 0.376694921176104
0.058964626871738 0.266495184097493 0.378972069189348 0.295568119841421
0.0213461002242348 0.465069279833862 0.178403583498696 0.335181036443207
0.372010747246802 0.264426981493164 0.174996966473309 0.188565304786725
0.191418955322314 0.290501667954644 0.141586716388164 0.376492660334878
0.461142436580668 0.284958845882695 0.00177263483596296 0.252126082700674
0.339750948218845 0.0100354313695387 0.369390391350693 0.280823229060923
0.637707111283147 0.0203177469161695 0.0111781445716559 0.330796997229027
0.308569805247137 0.00026388940465033 0.247956152563867 0.443210152784346
0.276302770924155 0.361291995201416 0.212545993214472 0.149859240659957
0.153397398279091 0.0617569167033195 0.378560801669498 0.406284883348092
0.42108458579178 0.129082950225941 0.195601420257527 0.254231043724752
0.305142434144006 0.00840525892864348 0.319740168946102 0.366712137981249
0.479472740294087 0.158000630831909 0.0769548470757148 0.285571781798289
0.361995536998848 0.048689616371562 0.351107413578167 0.238207433051424
0.324493534370334 0.0845083422240406 0.342670334167385 0.248327789238241
0.565879354188741 0.197319278133447 0.137412436541585 0.099388931136227
0.0519078286805421 0.462524716652892 0.406755673854975 0.0788117808115914
0.0490380479290893 0.38414833022559 0.0772213470947304 0.48959227475059
0.103782199590038 0.340639074976098 0.2901253107134 0.265453414720464
0.140254335771311 0.326672646592556 0.243165045740144 0.289907971895989
0.374481088837684 0.0293003217936304 0.182025244051855 0.414193345316831
0.569478142127172 0.104133451357203 0.218404307027072 0.107984099488553
0.131142584418282 0.261005044432633 0.268697524054119 0.339154847094966
0.433722831357924 0.0634157178778158 0.12319249232933 0.37966895843493
0.259717065611218 0.251687481877647 0.263277538944481 0.225317913566654
0.225578966176821 0.0580426944146166 0.482717816517162 0.233660522891401
0.146590329511513 0.169498253550711 0.342793439627438 0.341117977310338
0.282536896280835 0.151249820411716 0.438263365720847 0.127949917586602
0.369150970132892 0.149032176329309 0.333748925711673 0.148067927826125
0.236626739153879 0.603741572516134 0.0482688225314871 0.111362865798499
0.29776766285177 0.133849456370318 0.166081281165762 0.40230159961215
0.295932935017972 0.231899907034919 0.353773881409721 0.118393276537388
0.150654415230159 0.432589614658372 0.0850959200568444 0.331660050054625
0.45968736076285 0.192731213880693 0.079897046001391 0.267684379355066
0.198000447097668 0.529760657594851 0.14210422716835 0.130134668139131
0.303349962411571 0.141845741202261 0.299020047937191 0.255784248448977
0.0435963096276934 0.48735573591213 0.278922246630754 0.190125707829422
0.293577486512825 0.0076290016812422 0.382461169707525 0.316332342098408
0.341343920241902 0.187450169103762 0.395810877299647 0.0753950333546887
0.177572987751908 0.131411717010232 0.391199477591622 0.299815817646238
0.346874411528411 0.274995001763829 0.121961636411083 0.256168950296677
0.104674938055514 0.19046527455694 0.354786409350764 0.350073378036782
0.0437627978946398 0.257222181412124 0.688317169650227 0.01069785104301
0.210854485141939 0.353136988910105 0.0355021656423168 0.40050636030564
0.266778623426185 0.0882464353331507 0.138547739850062 0.506427201390602
0.167769286672686 0.251851342297926 0.33120976855296 0.249169602476427
0.169924324283876 0.294748774492661 0.284100936990412 0.251225964233052
0.261915065044125 0.324538238301139 0.329577083132312 0.0839696135224235
0.309340353675773 0.42818483823544 0.0816431474766508 0.180831660612137
0.311819082479889 0.190544167137856 0.0942881464156237 0.403348603966632
0.295879756771487 0.38516556629625 0.0943441262605879 0.224610550671675
0.509138226550061 0.063074773841225 0.306576588369932 0.121210411238781
0.360255721127721 0.158722608768353 0.07063245940218 0.410389210701745
0.349913401198468 0.221148072161569 0.355043205756333 0.0738953208836293
0.243605999841081 0.134751048393514 0.276316851610022 0.345326100155383
0.378018803833285 0.0475206118843675 0.366025279929613 0.208435304352735
0.343837835884171 0.275640232151163 0.350016398948932 0.030505533015734
0.545020366532362 0.0789332491470425 0.0248747759985613 0.351171608322034
0.257377464935046 0.480909315324359 0.182578334597074 0.0791348851435205
0.324946746559189 0.260575035370541 0.268214708420867 0.146263509649402
0.0914874023313347 0.41088075095208 0.166600059681609 0.331031787034977
0.346614347046164 0.510219635538829 0.0880427494568867 0.0551232679581197
0.35728953240993 0.16274225584631 0.16764352853595 0.31232468320781
0.128703337721208 0.138867781022545 0.587017225486185 0.145411655770062
0.262481240410819 0.0800883929474206 0.279068257464564 0.378362109177196
0.304064902830074 0.384701274672366 0.121604523935657 0.189629298561903
0.125814470599318 0.284322984153005 0.196994861051074 0.392867684196602
0.263915554756347 0.42571291816257 0.27895525411064 0.0314162729704432
0.470096499185082 0.185171235586726 0.0627214701142802 0.282010795113912
0.272248976587172 0.58063955393248 0.00851424584625349 0.138597223634094
0.336593081393319 0.176387126241282 0.17335044319312 0.313669349172279
0.132040529131942 0.303189845335104 0.269323857621741 0.295445767911213
0.121819854854262 0.146878888940927 0.524343186907134 0.206958069297677
0.40710107452407 0.151574051697046 0.238714013301422 0.202610860477463
0.368890350038045 0.143271982574767 0.277268999243414 0.210568668143773
0.0334621737967488 0.223105764772075 0.177102600722517 0.566329460708659
0.168509629257278 0.280794837482327 0.223242898597227 0.327452634663168
0.298860756415388 0.132924255433965 0.314204251909865 0.254010736240783
0.212746940874761 0.593194658776696 0.00543828465256156 0.188620115695981
0.143400868470506 0.179045725434431 0.204793607207067 0.472759798887996
0.269009181273081 0.313619082916101 0.319694376392523 0.0976773594182949
0.401850777812794 0.236361912150964 0.240254931970277 0.121532378065964
0.274872993826347 0.221757448659699 0.258855062693811 0.244514494820144
0.0244286486238913 0.344293887493069 0.450761166375914 0.180516297507126
0.163092421814488 0.305199722826339 0.375410550057506 0.156297305301667
0.398498827273869 0.162389250543257 0.164268221425075 0.274843700757799
0.307678599187724 0.295700480252279 0.236721146580665 0.159899773979333
0.466430114939102 0.0956849967537401 0.151246155934765 0.286638732372392
0.17984752514314 0.168811530099895 0.297972767206659 0.353368177550305
0.218865663971744 0.216160321021056 0.139707227742516 0.425266787264683
0.263348926647469 0.296372583788246 0.101384241389999 0.338894248174286
0.363183653151318 0.340589079568125 0.286254123157229 0.00997314412332899
0.268626682526695 0.285834270192863 0.187595075678594 0.257943971601848
0.176514552803005 0.350016857202055 0.106382743353798 0.367085846641142
0.32504329002865 0.223550884320977 0.274013365320194 0.177392460330179
0.186918757189685 0.0492774920041977 0.311366984737747 0.452436766068371
0.0783452809319734 0.0973495903724152 0.712266046476403 0.112039082219209
0.117849468966231 0.319777797170539 0.491782447637539 0.0705902862256909
0.475822127162206 0.163686366796306 0.16001417477817 0.200477331263319
0.203739489512933 0.142897991112509 0.235194572036162 0.418167947338396
0.302688096501736 0.19029270402927 0.314881866563202 0.192137332905792
0.0877523603708341 0.280891998839092 0.373529876769424 0.257825764020649
0.0840923132702638 0.390438076608987 0.10140081021238 0.42406879990837
0.374282335494456 0.289519812180272 0.175048790265518 0.161149062059754
0.418265158464321 0.0567072065681075 0.261512106334985 0.263515528632587
0.234703276144216 0.0384038418775452 0.399570690084647 0.327322191893592
0.279041155848196 0.343909293169056 0.317055544144598 0.0599940068381501
0.257290086691899 0.586797252689239 0.15434739308272 0.00156526753614141
0.0106313627847289 0.436222585527648 0.0660779688057065 0.487068082881916
0.671566282212607 0.0762077257752735 0.174530854183188 0.0776951378289315
0.335380030618478 0.209998591563681 0.224887719327498 0.229733658490343
0.0439144263193067 0.387419221001166 0.174263397082797 0.39440295559673
0.280263170114579 0.259259390533178 0.39323886992129 0.0672385694309535
0.229632445750576 0.129734302832889 0.297064213274265 0.343569038142271
0.00219818071140761 0.439516795277139 0.138748641635434 0.419536382376019
0.246161761794687 0.277699604602771 0.156106084583919 0.320032549018622
0.222223017941081 0.225427379427019 0.517638361836563 0.0347112407953383
0.1842044255013 0.237088911364241 0.541118489918737 0.0375881732157217
0.0749451019659594 0.253373692131289 0.122504392614895 0.549176813287857
0.340343344802954 0.221609930352597 0.111334723609941 0.326712001234509
0.375091947202387 0.138275832568386 0.0655784179510589 0.421053802278169
0.0996721853899586 0.184276605074068 0.216630763195023 0.499420446340951
0.249866023156492 0.271993727913612 0.238772548193006 0.239367700736891
0.269131396129744 0.419468209235291 0.200594633790417 0.110805760844549
0.448365276378679 0.303043142435218 0.0167903001382452 0.231801281047858
0.00187599236334862 0.442204337644278 0.545318324284612 0.0106013457077614
0.336618549243679 0.0294620765497408 0.289943138167737 0.343976236038843
0.262037756123697 0.281046102387673 0.283965386092788 0.172950755395842
0.261549630413981 0.322644517687238 0.229533485995318 0.186272365903463
0.0473829824228702 0.172446458257635 0.233882515938315 0.546288043381181
0.0995221429948996 0.170180878676217 0.280614428946861 0.449682549382022
0.254216391629072 0.268837774777074 0.343489110461428 0.133456723132426
0.168221210751014 0.146891257469008 0.322415666910644 0.362471864869335
0.370653236597507 0.171456418312842 0.25546070663983 0.202429638449821
0.300290710972043 0.14675042115664 0.179639288683925 0.373319579187392
0.186374427277882 0.384698890859527 0.00863842607681246 0.420288255785779
0.168576564208766 0.53097205491996 0.0872037072924008 0.213247673578873
0.386821844636515 0.243088044180281 0.277881403248396 0.0922087079348083
0.075152957821622 0.40570830337761 0.0791614647978183 0.43997727400295
0.370117414023283 0.140907085688734 0.0337289318239389 0.455246568464044
0.249237339255496 0.22105468985862 0.503747173426827 0.0259607974590564
0.162665801988997 0.303291381456016 0.263411835890661 0.270630980664327
0.372963436027928 0.372684673216715 0.00396471247090814 0.250387178284449
0.312757672057591 0.111837364049838 0.330281523000554 0.245123440892017
0.293269696523776 0.296091930629652 0.0410569464504573 0.369581426396115
0.428911392921127 0.0620111152574253 0.0166587016497765 0.492418790171672
0.111063200121289 0.188299213402491 0.342437685453436 0.358199901022784
0.0981259168763701 0.310806935041879 0.311243375820354 0.279823772261396
0.488879277931914 0.221287910402904 0.11743796541163 0.172394846253552
0.427858172738913 0.316158574646467 0.173847033266477 0.0821362193481426
0.336954000616597 0.34161332418282 0.00432813242461773 0.317104542775966
0.298529666862906 0.00248587473294055 0.528169182179768 0.170815276224385
0.310023481131499 0.0772902906551759 0.268337372540893 0.344348855672433
0.338669246524197 0.240728092286195 0.069071552915884 0.351531108273724
0.0517501437939688 0.257614422222197 0.351111973938947 0.339523460044888
0.316031884358699 0.45988123394258 0.0918739108815891 0.132212970817131
0.216274150088574 0.638064010781434 0.0108804359864086 0.134781403143584
0.294078679584894 0.00428100479153724 0.309480782848775 0.392159532774794
0.134618200839923 0.495543122156242 0.144997041303307 0.224841635700527
0.191997433225141 0.0509056742863714 0.426881297168043 0.330215595320445
0.346010625948809 0.251884803429839 0.0539336325335819 0.34817093808777
0.384434796283028 0.15955669307943 0.197856196261438 0.258152314376104
0.310346452127293 0.231947040872096 0.291977479610151 0.16572902739046
0.0311234461575264 0.0338822977916474 0.227181088708771 0.707813167342055
0.0185118351686655 0.187411334029142 0.613432706862936 0.180644123939257
0.265591675618665 0.072338286663773 0.207304355913717 0.454765681803845
0.382497143898318 0.162614901552827 0.365283191440489 0.0896047631083659
0.147578412945293 0.0901401165200287 0.35844921130054 0.403832259234139
0.309087672158233 0.367466969615585 0.23017436473743 0.0932709934887522
0.273799471444795 0.156834597865008 0.439633767396146 0.129732163294052
0.259084624240473 0.356233693470402 0.225359606336654 0.15932207595247
0.0651942734278446 0.298298822638399 0.293014231336724 0.343492672597032
0.355553719057899 0.123544847427564 0.143694232968759 0.377207200545778
0.170954979971569 0.216308188733076 0.258475951730042 0.354260879565313
0.398147977773698 0.167987202840306 0.226822869283012 0.207041950102985
0.102134694840157 0.331807083949437 0.190449949923528 0.375608271286879
0.232528439574476 0.195684244340369 0.267565862603951 0.304221453481204
0.148550563274017 0.233430345963342 0.231630285591907 0.386388805170734
0.0814455583799533 0.0370072872267602 0.483428722696005 0.398118431697281
0.140349873946022 0.407990521301763 0.0452707915376827 0.406388813214532
0.438694905157419 0.0493398418741701 0.384766032088191 0.12719922088022
0.232699813032462 0.23251396311138 0.187344298828615 0.347441925027543
0.0235479605579131 0.186278591162621 0.333098256377735 0.45707519190173
0.156505711672633 0.616487825103997 0.0906436267166873 0.136362836506683
0.151772140188316 0.268813787419783 0.257392064712869 0.322022007679032
0.349748866302163 0.379245540522696 0.0742850975079555 0.196720495667185
0.274070206410036 0.18711022792205 0.159420471439167 0.379399094228747
0.320921719934479 0.288130274319786 0.104177093607681 0.286770912138054
0.259090009673744 0.175497242936762 0.270833327970554 0.29457941941894
0.220793197816956 0.425272833079273 0.246026609341384 0.107907359762388
0.236940010811799 0.393551134113116 0.326299597112064 0.0432092579630215
0.210385707408435 0.258268196440939 0.216574714048136 0.31477138210249
0.171941239832792 0.0350244691664221 0.0660929038447682 0.726941387156018
0.598151371495495 0.0931983796292322 0.0345812969266943 0.274068951948578
0.264244773853941 0.0818271638372556 0.148431844173359 0.505496218135444
0.477411106124877 0.102935373630735 0.103881549021059 0.315771971223328
0.261218572391316 0.252303816708081 0.235089588926989 0.251388021973614
0.308042533472498 0.127198186617357 0.0404108664403718 0.524348413469773
0.236662314605882 0.238481945251305 0.146344415343525 0.378511324799288
0.158445177511138 0.391984760096295 0.0533918415287863 0.39617822086378
0.258062819596404 0.0523617049390665 0.263690965423824 0.425884510040706
0.205777308118512 0.378352709272428 0.265588350414611 0.150281632194449
0.161643197165692 0.339231373733707 0.0687286356042557 0.430396793496345
0.261328253742942 0.227488608412534 0.397896427236303 0.113286710608221
0.0403874734358267 0.243106423375117 0.338917472553846 0.37758863063521
0.304067236778816 0.273033022603712 0.141032197642718 0.281867542974754
0.221146155256747 0.470758096030388 0.280541583805554 0.027554164907311
0.0132247503039275 0.335799875905706 0.321897063522066 0.329078310268301
0.334389805840469 0.153930188836729 0.120128286710663 0.391551718612138
0.0655743848629764 0.354526247264211 0.178904421227199 0.400994946645614
0.304954970417785 0.270094610660334 0.025003178466358 0.399947240455523
0.288202022486545 0.309414448339027 0.21810364774555 0.184279881428878
0.40903408759881 0.0614446056634081 0.276074115568103 0.253447191169679
0.336859833329436 0.115218164667964 0.269316063526595 0.278605938476005
0.196097913476216 0.21001363226797 0.244955967011859 0.348932487243955
0.134853362879848 0.137570478813023 0.441411453191166 0.286164705115962
0.0870913477980077 0.333481459405317 0.345337289259469 0.234089903537206
0.118440885830384 0.472044741978791 0.168740323417792 0.240774048773033
0.395580743400081 0.153639630829538 0.243671909602841 0.20710771616754
0.291343294661375 0.233079309780492 0.200272875889707 0.275304519668426
0.407872605668908 0.0972634764390263 0.147452350859404 0.347411567032661
0.053368436478261 0.3607253672596 0.19972372256225 0.38618247369989
0.177934966298294 0.312721626820188 0.0447853912758554 0.464558015605662
0.128170016938514 0.311815138401347 0.127848374199595 0.432166470460544
0.406782689865498 0.324150277429926 0.110744032693331 0.158323000011245
0.146369382048049 0.442775023983082 0.228483141553892 0.182372452414977
0.404424974802525 0.167498988753304 0.0418525174262853 0.386223519017886
0.350473076663775 0.226221454410826 0.0220453505603421 0.401260118365057
0.263159138944336 0.558618302574338 0.151683976810603 0.0265385816707233
0.291403796363651 0.0558011716012926 0.591751754125747 0.0610432779093089
0.34593095912063 0.157497015377748 0.319910927340829 0.176661098160793
0.251652094840958 0.147937574459753 0.280162985727414 0.320247344971875
0.421309749512934 0.260140009353513 0.0894086336125699 0.229141607520983
0.140450543764894 0.058101817254054 0.244770269193125 0.556677369787927
0.607013657328487 0.0168892094840075 0.0223133775736281 0.353783755613877
0.163068275903133 0.303722904893087 0.0623207066990499 0.470888112504729
0.438626562607855 0.0201301205681634 0.446422305248533 0.0948210115754484
0.268502202225268 0.188918406398796 0.278457155349796 0.26412223602614
0.3044359928246 0.272416095950356 0.310834017808863 0.112313893416181
0.499764614786966 0.0164858667449253 0.350458327855879 0.13329119061223
0.0335695648332442 0.603944915200287 0.341449288778851 0.0210362311876174
0.0784149800982903 0.0603430699494444 0.299770361976247 0.561471587976018
0.198987688297398 0.011724872148021 0.501167302893423 0.288120136661158
0.50624185994421 0.389444484234969 0.0586944655229784 0.0456191902978431
0.327923418254963 0.0497419898531489 0.232920451201363 0.389414140690525
0.459390602433919 0.0885435629594368 0.0796944570614924 0.372371377545151
0.401912952153188 0.0954666713010651 0.172559429904187 0.330060946641561
0.390919322061772 0.350656675540322 0.0210341062362544 0.237389896161652
0.0965342249745098 0.43289037727559 0.463659976561618 0.00691542118828182
0.654495748961409 0.0475147307096989 0.171656684444419 0.126332835884473
0.320451327851532 0.16475706318133 0.0906338183184576 0.42415779064868
0.337594784816553 0.277174281301574 0.14615439419222 0.239076539689653
0.509985835529255 0.283608660196855 0.127445710936204 0.0789597933376854
0.00595880256930041 0.431263347822681 0.344716480822677 0.218061368785341
0.159410108490032 0.14536881112719 0.32919051663735 0.366030563745428
0.23741872299254 0.254176470774959 0.37006122244217 0.13834358379033
0.117548707882676 0.333751902470703 0.368506439087508 0.180192950559113
0.320489988964733 0.137075912943442 0.341917595376901 0.200516502714923
0.304138608037635 0.226945581852525 0.317789177044692 0.151126633065148
0.0279805252251299 0.308831011688241 0.261129990693287 0.402058472393342
0.0234976923736932 0.433370978673756 0.322697459056818 0.220433869895733
0.35808276431965 0.19415465456885 0.384050681942593 0.0637118991689073
0.13352226908407 0.78188227604486 0.0135932469170801 0.0710022079539897
0.177542106529358 0.0376919643787293 0.439254641318067 0.345511287773846
0.0638677756958262 0.108414842677835 0.797988619319916 0.0297287623064235
0.377625771225327 0.0417143178618649 0.117382699401385 0.463277211511423
0.235690360507045 0.339221978845444 0.391574234862849 0.0335134257846616
0.444863880493683 0.175683986294221 0.112263667215225 0.267188465996871
0.0596728940578744 0.182844632613173 0.72743057849635 0.0300518948326034
0.307182167728095 0.00625184509648672 0.589866549833482 0.0966994373419368
0.183839437839091 0.41231542873756 0.10117011186786 0.302675021555489
0.338996909002398 0.0125597288459758 0.288940677462252 0.359502684689374
0.108985554209013 0.300450705417528 0.213544530321078 0.377019210052381
0.074541205212422 0.0515909804204982 0.712589850849927 0.161277963517153
0.16601937636356 0.205639337875522 0.464220339400809 0.164120946360109
0.258361684880037 0.316051408301332 0.0899154307598679 0.335671476058764
0.414142390168907 0.310699062738621 0.142985216216064 0.132173330876408
0.231328473801332 0.113130963134391 0.0250274184324747 0.630513144631802
0.237361470118108 0.102169774546486 0.249097711579146 0.41137104375626
0.0780464943897962 0.262563504996755 0.0839668481499579 0.575423152463491
0.359446199541188 0.0906805412916151 0.111924738532769 0.437948520634428
0.303854685179866 0.525046189965356 0.140559000895633 0.0305401239591448
0.236902391098735 0.275906787496591 0.267713689247342 0.219477132157333
0.312704926767028 0.0448084011727567 0.323054872571692 0.319431799488523
0.120524952912316 0.697419002064216 0.142894867337297 0.0391611776861707
0.297435809326066 0.358046625408104 0.0236119308403766 0.320905634425454
0.428395003503009 0.0804037871232766 0.179832032833053 0.311369176540661
0.574183993161327 0.0597684859253398 0.303654498953302 0.0623930219600307
0.112191984062895 0.160055429614484 0.516374363884643 0.211378222437978
0.445900897313045 0.317734180952276 0.0458624652632737 0.190502456471405
0.31210411767867 0.215225802890358 0.118054126865347 0.354615952565625
0.225245592617141 0.172921653622664 0.399338171126271 0.202494582633924
0.217546720004548 0.371228622916062 0.0166849590866214 0.394539697992768
0.282047108149185 0.0810329123320165 0.243879547890225 0.393040431628573
0.184676394332539 0.23499959365732 0.312848236102289 0.267475775907852
0.380772258420663 0.0242417484611278 0.417632306141976 0.177353686976234
0.431998770328055 0.136084413501875 0.293799517114416 0.138117299055654
0.253181903880818 0.300865604088996 0.145474381561076 0.300478110469111
0.31128900261686 0.202678685754448 0.206308258650918 0.279724052977774
0.408379597238033 0.114202039376813 0.0632645603192297 0.414153803065925
0.211770629949847 0.295895019257605 0.241660903062547 0.250673447730001
0.323839258515665 0.344882917561569 0.00516760549653141 0.326110218426235
0.702073773180357 0.183820287623355 0.0896857005147647 0.0244202386815242
0.259230715071967 0.338779107011213 0.138481144069212 0.263509033847608
0.0904327860974412 0.268271851143192 0.435550567063497 0.205744795695869
0.353079480414265 0.167907383778409 0.296511058100608 0.182502077706718
0.342638351224278 0.338917003224928 0.185148797573037 0.133295847977756
0.322404460492961 0.294672388983722 0.321797783403574 0.061125367119744
0.115982696564155 0.324084221079097 0.325931355174369 0.234001727182379
0.291207765858434 0.0812734720303657 0.433427772577921 0.19409098953328
0.131996951180033 0.331400383159346 0.367196122609695 0.169406543050925
0.106440191544432 0.456330021235086 0.159574862032309 0.277654925188173
0.290262719460645 0.440265019332405 0.0842594503360233 0.185212810870927
0.077373029632232 0.0245007376660905 0.605243110352113 0.292883122349564
0.130332334994451 0.198303646912422 0.590365162888477 0.0809988552046499
0.305712209610262 0.219412802352294 0.133964109138475 0.340910878898969
0.392838345487559 0.354291183114874 0.14600923528407 0.106861236113497
0.403483183573772 0.00687116581332833 0.389271659827455 0.200373990785445
0.295280043508478 0.427213929642724 0.235483410177863 0.0420226166709348
0.186859824146102 0.505103309942822 0.0931828431932851 0.214854022717791
0.303785517565144 0.0170238000626778 0.574402892301625 0.104787790070553
0.592507096151881 0.0563232010389419 0.0656629098028063 0.28550679300637
0.165265589965571 0.141614085432398 0.294644312100424 0.398476012501606
0.421210416805514 0.251762233921685 0.245066776881731 0.0819605723910699
0.557392393429916 0.00126354330227187 0.379832425464391 0.0615116378034216
0.361842433540534 0.0591468293810422 0.248619159921359 0.330391577157065
0.017548740382057 0.0664224638223344 0.47205837514625 0.443970420649359
0.301740791695597 0.0683445024365496 0.31634496816048 0.313569737707373
0.134112158780722 0.336837424200863 0.0644361428343188 0.464614274184096
0.28925629044647 0.32783259796956 0.265396592469838 0.117514519114132
0.258443448661139 0.0724561232348397 0.3403866044994 0.328713823604621
0.338709634085317 0.0343239816393504 0.087456097558593 0.53951028671674
0.208463030467404 0.403141632307881 0.068847936211452 0.319547401013263
0.306100156221794 0.409532351737255 0.0443901754841875 0.239977316556763
0.023515603554504 0.19065735454146 0.335159132875475 0.450667909028561
0.1163572392792 0.354992249934751 0.239717466373844 0.288933044412204
0.306490679633008 0.209723365356741 0.389052171423607 0.0947337835866438
0.313079439314911 0.196585881908959 0.231331953839931 0.259002724936199
0.252931115192879 0.201830175447245 0.217348377320728 0.327890332039148
0.203687842952238 0.469390877416406 0.313112800248351 0.0138084793830048
0.318987778619517 0.0288807783151573 0.0381372114530686 0.613994231612257
0.335538896904723 0.0131212238528837 0.106725043732436 0.544614835509957
0.129150840283693 0.260224648804026 0.424264595189539 0.186359915722742
0.162410379268807 0.374347445431579 0.328006625955312 0.135235549344301
0.363347718793351 0.349084983745258 0.249689085059336 0.0378782124020553
