0.0354102202209578 0.135615029807533 0.118402376167448 0.28216242446396 0.184923769144528 0.092185786173185 0.151300394022388
0.0343388549211606 0.312638405433665 0.100014828133622 0.101094065628446 0.068328601226477 0.0756796619977987 0.30790558265883
0.187664917753711 0.020184885134418 0.193076829022249 0.181590032695026 0.170506574613056 0.00674881438060303 0.240227946400937
0.127175017243205 0.195644217818748 0.198568581712076 0.0248315235914891 0.157754082062792 0.140363163429147 0.155663414142543
0.124845042806094 0.211485220719339 0.0574790026740963 0.0209041008915683 0.210596063375468 0.253016094358908 0.121674475174527
0.0943206622366516 0.137518410011739 0.314091567162568 0.0905211231751339 0.17999690586804 0.178419767595136 0.00513156395073145
0.191888651154188 0.186540219924686 0.086199271504615 0.18752619426434 0.0445207420019828 0.0945339905999396 0.208790930550248
0.165863362877488 0.0567794123365455 0.209472327124576 0.26474965540684 0.0518741608059205 0.11639397997344 0.134867101475191
0.132249739767839 0.0494729765709006 0.030732672379434 0.229227401331924 0.200934223697873 0.117566432326452 0.239816553925577
0.245897422815935 0.0910241852860382 0.120174257797687 0.127276964021097 0.134468298658666 0.124274373561651 0.156884497858927
0.158610158733967 0.203878157943367 0.165468989740556 0.151765975027286 0.0317354376316901 0.170875770205172 0.117665510717962
0.0953287496480729 0.219308044695969 0.121753567756894 0.00541326529203644 0.063864487613812 0.1221354429708 0.372196442022415
0.215894016621882 0.122114891157559 0.13188742524383 0.207012970112771 0.0396570973138655 0.0994476337304518 0.183985965819642
0.109365999750202 0.03863812633644 0.208394030396445 0.19658515972618 0.187465504820153 0.168709857549066 0.0908413214215127
0.220439276642538 0.20078421295732 0.0437609212176004 0.0254024207092648 0.211717673187376 0.0815154415804297 0.216380053705472
0.14930591606644 0.234745117038431 0.0499715524987235 0.0485707026268706 0.126227482116034 0.227457940715168 0.163721288938333
0.211839194133075 0.0245834464105777 0.12800199625113 0.199020977712168 0.179473570888638 0.114584237410593 0.142496577193818
0.0544896570675276 0.0738050110006537 0.129492657446489 0.115063447370673 0.221041541736535 0.116092309796618 0.290015375581504
0.138897005391542 0.230157306085432 0.0433058830229045 0.187366728346196 0.166709140738845 0.21570486861025 0.0178590678048296
0.0413410646883626 0.0277938343301339 0.17497724146154 0.226011471315452 0.0953640167719941 0.136901055383977 0.29761131604854
0.123315084991791 0.204775704491994 0.0925015208480175 0.192834923575782 0.149938864888622 0.0541383950298509 0.182495506173942
0.24707895113192 0.232276913485281 0.211796777551001 0.104532850815645 0.143234031442382 0.0513224950788005 0.00975798049497015
0.102661105471285 0.156431550985916 0.0178547767346497 0.228376051853434 0.231599397812355 0.0618792109924029 0.201197906149957
0.122667850884819 0.213605501243093 0.0513303399229959 0.139692183517112 0.121396850900876 0.193837434129286 0.157469839401817
0.0226238191894159 0.244386354607323 0.239353254674514 0.175513579175473 0.150203509632199 0.0778505662004807 0.0900689165205951
0.177204471469963 0.232021208036733 0.176858060659899 0.01178491779641 0.234181401330345 0.0419286049992509 0.126021335707399
0.0221291467258164 0.266622888692574 0.0212095144297457 0.131387118652615 0.250611203269746 0.0666337878788045 0.241406340350699
0.145695605404457 0.010102563780292 0.0912058735441014 0.26356124683384 0.0338104123337075 0.216168873380571 0.239455424723032
0.233839607912743 0.0191931759017405 0.171651831300452 0.230965892327985 0.0196940305364607 0.124182449730184 0.200473012290434
0.20949725752333 0.0340246911092197 0.194020735029004 0.0483397058393488 0.124187837807049 0.280873402048207 0.109056370643841
0.158274695454696 0.0821192027730826 0.243957246974598 0.122415269034539 0.066285200331626 0.133113951538092 0.193834433893367
0.240742485879638 0.0763807355235247 0.0719688991807696 0.14650901136939 0.102220209552339 0.13087508495444 0.2313035735399
0.172894014797338 0.166885197003226 0.1409074311962 0.0992596314740838 0.164024991328415 0.158655089337776 0.0973736448629617
0.247298996349007 0.14994270752849 0.0949214809522368 0.084018432148893 0.230822682134713 0.0473181156727167 0.145677585213943
0.0962262841598229 0.259400694469107 0.0867758124446534 0.1810834832638 0.142894458434061 0.124179578912912 0.109439688315644
0.174640442421365 0.0746685918730385 0.0198570893911831 0.15456126996788 0.278867444692625 0.0274537245265316 0.269951437127377
0.0607464797091845 0.190437120879682 0.167002532458354 0.188959357300192 0.0854002211231328 0.114634164027419 0.192820124502036
0.145129530371017 0.0161168668661163 0.184583691344372 0.144223323815271 0.128387623660034 0.135607525107901 0.245951438835289
0.260351634502446 0.063014094270693 0.0464125820812358 0.134232970573424 0.0875307177087008 0.253343256620143 0.155114744243358
0.0833581555916708 0.00423000435094919 0.157453143842102 0.214178999625228 0.168035066219509 0.164912187242406 0.207832443128134
0.108738503052475 0.118714604180195 0.0412487305767098 0.324128240284253 0.00448654609519871 0.0161996912636273 0.38648368454754
0.222485941105822 0.0806573699455237 0.12438076520103 0.187935985779293 0.0874396410992805 0.214299207106142 0.0828010897629086
0.288398605715462 0.0928087145135854 0.179401098168708 0.116268256918388 0.179773527011751 0.0449260796844571 0.0984237179876486
0.285193953711249 0.0895757355711127 0.266872182900725 0.0292039059207498 0.0432453844342967 0.254966400269225 0.0309424371926416
0.209751445536925 0.069182286968261 0.107034849063092 0.0749298751010028 0.271261724183071 0.252240118329663 0.0155997008179844
0.20136699060399 0.211528993752364 0.163701566106353 0.0577237937246529 0.151662981745298 0.0549031666437742 0.159112507423568
0.0137727395639567 0.153338212701661 0.0739017136450775 0.153354049647625 0.210178960710013 0.224635462357111 0.170818861374555
0.0867491105964602 0.0795929095298009 0.0025956775593053 0.0946547822107347 0.248302667211942 0.225620169244587 0.26248468364717
0.203179169818675 0.31976899264129 0.174309579819789 0.23994786392369 0.0236015270112109 0.0087423145500975 0.030450552235248
0.201955070052197 0.179152118108903 0.00862887762581724 0.000514882769846312 0.22107868176212 0.215641574056589 0.173028795624528
0.171977073375561 0.20125564365268 0.176241513891341 0.107584378903321 0.0566513476137549 0.15494439213433 0.131345650429013
0.0558028285615241 0.185997595692936 0.250071591235603 0.205127507193328 0.137091710459956 0.155117645965916 0.0107911208907382
0.22372926914339 0.0346396552668181 0.188993206542251 0.146862339677137 0.0739702547713368 0.109735565663005 0.222069708936062
0.199247516539973 0.242560333560527 0.235102619207853 0.0953450284095984 0.0032640556747084 0.2184931187327 0.00598732787463954
0.15028643407449 0.168953147208835 0.131943482722033 0.0618495380790943 0.177828075067418 0.225618235343916 0.0835210875042133
0.134306678807563 0.115422261694631 0.0931701912171729 0.0983913237287212 0.196445710021484 0.278564326816887 0.0836995077135403
0.382350684982432 0.237859749233101 0.0268395293284135 0.0986514694808821 0.166902645154201 0.0490607916652539 0.0383351301557164
0.107092758230549 0.0711637159203632 0.290288226614758 0.106816372188907 0.21917768236104 0.0681514278506855 0.137309816833698
0.26575678256965 0.188847473529002 0.050090884159407 0.0427570287413636 0.287630840815644 0.0549826298613135 0.109934360323619
0.229992325256635 0.224135367948431 0.00454206068520851 0.0138531902704252 0.142014700613878 0.175923381487742 0.20953897373768
0.0497766192620233 0.0830340131000736 0.192742679153113 0.134083027571764 0.195964550212769 0.12100631680446 0.223392793895798
0.0698578116032873 0.217222312514193 0.0837528904569342 0.260085401294072 0.0799214827159657 0.158176550702012 0.130983550713535
0.203617894712959 0.0575806660195004 0.147893717738815 0.15798096959227 0.165709512571309 0.261419967147855 0.00579727221729213
0.039910891751867 0.0215660443204288 0.03603278610061 0.0610729030968552 0.376759933856614 0.353888913515604 0.110768527358021
0.216201218072436 0.0723436598173533 0.0181198978048301 0.261848258598721 0.311363342554519 0.108888373074182 0.0112352500779592
0.0920727952197602 0.182510430915703 0.147495823982426 0.0410708026615415 0.315833679326706 0.206199898316531 0.0148165695773323
0.187705454530774 0.229166234578403 0.220380761148231 0.0222533047669686 0.248408301609725 0.0299131606488037 0.0621727827170958
0.194812026306106 0.256457502122736 0.13212060162164 0.200803683322893 0.139402840826858 0.0605285414773172 0.0158748043224498
0.148978877709815 0.293706424089344 0.0174822856385553 0.0979450378279898 0.290200087485964 0.0760810592076925 0.0756062280406389
0.344585059211185 0.0210736371658325 0.0117925354251852 0.203629521522343 0.362207954145737 0.000167115117820593 0.0565441774118966
0.194868828883351 0.143801628095609 0.106831524622974 0.177989076817361 0.14075620679288 0.113191993757446 0.122560741030379
0.171537224484063 0.168553607588671 0.0372445635854766 0.226757825959812 0.106191293838036 0.206302524698695 0.0834129598452464
0.146994949955985 0.261356748644811 0.0741566040613394 0.194177526227336 0.218805417811209 0.0572627944256476 0.0472459588736727
0.0253282452543393 0.230661888585294 0.208643371633299 0.126781054720942 0.263818381196427 0.108940389144131 0.0358266694655669
0.138347177813474 0.277804755337354 0.0215807588929762 0.0322419156344063 0.0679173954868 0.262556074474426 0.199551922360564
0.00661165284958895 0.155301847135526 0.167752269580037 0.0616738370346659 0.21905814938595 0.189524065451518 0.200078178562713
0.271767456851403 0.0123356782549711 0.179040336213276 0.150731926961548 0.0240972140488447 0.210014918918624 0.152012468751333
0.0899808589338505 0.151619237534775 0.268800856913397 0.0372995160246594 0.157883191007331 0.171706738368576 0.122709601217411
0.0264186745857855 0.220695348285063 0.0049524210321732 0.077219191699677 0.234982862381154 0.240511858292601 0.195219643723547
0.0551974528891057 0.0261888009331754 0.322925752176199 0.139835580952349 0.165630212632211 0.0661203700915783 0.224101830325383
0.249100121335547 0.239153160772945 0.0813099038733487 0.00489532595875084 0.127774471656325 0.264685586006939 0.033081430396144
0.317824600918606 0.0792627236973517 0.0330003408117963 0.0547008093489825 0.000351132009144384 0.102404555426878 0.412455837787241
0.0765903030994351 0.0479076562777136 0.0718908425464314 0.255757854469179 0.140876124750671 0.221822649040684 0.185154569815886
0.128637120469035 0.190077614388811 0.126221340337139 0.142228554210418 0.128720636412493 0.110894112633544 0.17322062154856
0.442640069841666 0.0703460343385977 0.114716613772204 0.0744761470516563 0.152113771258117 0.0645052331219816 0.0812021306157781
0.18552727682396 0.0464193803414206 0.0231273280906344 0.175703212064064 0.163482596508677 0.236716298138098 0.169023908033146
0.0243700023315828 0.24555665191336 0.0243477471511986 0.181045221978927 0.0842545569146339 0.264100922681908 0.176324897028389
0.0818289950551731 0.172601963500499 0.228318656267452 0.0507815811964826 0.215592114222183 0.110141816668651 0.140734873089559
0.121880650089255 0.0655714069415306 0.0778743538741512 0.156080722012589 0.224227852588339 0.187434717287407 0.166930297206728
0.256952757356631 0.0632053022602577 0.157444954654252 0.235940232149493 0.231934569506499 0.0514172801345605 0.00310490393830577
0.248649348205238 0.121303876929999 0.228421402121373 0.136092167866266 0.0651028275425877 0.059805196053912 0.140625181280623
0.0394227282163685 0.351567469949284 0.00587775244799005 0.0422003231978745 0.0446943491386442 0.346627143448672 0.169610233601166
0.135153630318428 0.0355044259468633 0.129987155352441 0.285187671202632 0.0415528832941205 0.199443724746865 0.173170509138651
0.237701795700591 0.108865609450721 0.262001707655424 0.0702567121357744 0.0259342179915458 0.0989272036113413 0.196312753454602
0.141122170447032 0.198211530229793 0.179557925471272 0.0918919554456373 0.134639787897436 0.10530159043535 0.149275040073479
0.255041623704855 0.142581216051419 0.3092454113252 0.124025204051298 0.0447733244762456 0.121043176876114 0.00329004351486832
0.0959961606277925 0.152756973718641 0.0133610555259572 0.197579084149235 0.0958875094938756 0.231542228417943 0.212876988066557
0.00493998810524222 0.253828093402337 0.00665449201418153 0.234779661326651 0.217755873735669 0.0951596739924992 0.186882217423419
0.0505182912723002 0.207904209375545 0.123639793072544 0.199229332549909 0.217003034146435 0.0400597218771524 0.161645617706116
0.135733050133624 0.248558394901451 0.147793143092845 0.111830271999026 0.0238886399413871 0.253465567713643 0.078730932218023
0.172167940078907 0.087124100881623 0.0780589740949675 0.176901492618991 0.191917890600725 0.195920130754216 0.0979094709705718
0.221851358547657 0.0746686516710051 0.127569057294548 0.268022054830531 0.0417894043653198 0.21674806028938 0.0493514130015586
0.180498020130244 0.149195767011093 0.151748004684509 0.149262941587467 0.116047918726647 0.104533871794839 0.148713476065201
0.082122646972187 0.0974828928648226 0.110551024990856 0.165209412878983 0.197096376846043 0.202439359414981 0.145098286032127
0.0402794714411069 0.198379600218843 0.143691195862035 0.354999710409055 0.00618189697137564 0.0084094867133868 0.248058638384197
0.20312752354402 0.230053716896266 0.233528754847744 0.082879025950604 0.00856792597116647 0.063914367024546 0.177928685765654
0.0809332265856512 0.0800235739082681 0.209208178252553 0.199447289318251 0.120593429502851 0.159130796226181 0.150663506206244
0.22544029383222 0.0322704097598753 0.156363408279283 0.172333036674486 0.0588464278947009 0.231728017699783 0.123018405859652
0.162689593338485 0.128517008184428 0.051480649829261 0.137043761315608 0.201672586746604 0.19331144633355 0.125284954252065
0.174207167972679 0.115958917972983 0.0655756311194429 0.262696982104742 0.0991188209654857 0.0946714185271826 0.187771061337485
0.173431141038753 0.0100531256590555 0.215076536887386 0.157484788358802 0.175335551568895 0.164884303659691 0.103734552827417
0.0809995121150292 0.21951911533692 0.0236429431018799 0.181772541837819 0.217880681385155 0.0494234442186031 0.226761762004594
0.0210301119803706 0.166194650675858 0.0994072775197938 0.214845527737774 0.21544850096207 0.212863599468445 0.0702103316556891
0.0211424681316352 0.0876772293575672 0.223935708355058 0.0537686872953273 0.211425910493025 0.170404490708885 0.231645505658503
0.170078420911189 0.130714627940461 0.0190807949006462 0.286724824612873 0.29046176398794 0.0511350860685447 0.0518044815783456
0.128510370678479 0.072251092812523 0.176124507361704 0.172871612206796 0.160023465471082 0.159069235290322 0.131149716179093
0.301070114860265 0.0873099601258113 0.026584500950874 0.309850182108829 0.124882574423219 0.0787071148242162 0.0715955527067853
0.0342868538089964 0.369363103419525 0.0227161963331128 0.339095560984779 0.0981373118561755 0.0447292969526727 0.0916716766447387
0.00802734022584497 0.021305925743023 0.211132213078631 0.0205627280342862 0.367397493080274 0.177464489336239 0.194109810501702
0.325471243332565 0.00161267204249797 0.152302189431555 0.125230826918308 0.149071361408533 0.140874234461029 0.105437472405512
0.226845739277846 0.0425029527529861 0.249733991151503 0.150188268775785 0.0906881492799869 0.14142224672198 0.0986186520399139
0.176292433908291 0.139837203613214 0.180730767330338 0.187868336395248 0.0326740620473278 0.190785260361049 0.0918119363445322
0.0718655382182733 0.0985221060424511 0.0952725058976931 0.133645563008733 0.166027182027594 0.214295196083207 0.220371908722048
0.247469707159782 0.0345031697774553 0.162094558283009 0.193435191849472 0.00971390553950708 0.221124189907413 0.131659277483361
0.163401955965211 0.264409872471748 0.196348113232512 0.0480951481255128 0.260395286250105 0.0356284622096887 0.0317211617452221
0.309988864679645 0.113656688511787 0.097259375567761 0.310613575359185 0.00270070544626405 0.0115321038700905 0.154248686565267
0.291424677498056 0.276270397944915 0.0807933470212348 0.0561798337136589 0.0184619327776547 0.0567578136345947 0.220111997409886
0.197354756983915 0.14574771337275 0.189168766192697 0.142566103752217 0.0448599468331138 0.188165156238442 0.092137556626866
0.118607669920681 0.148480182034964 0.0268270071466729 0.261743017589558 0.201292252621684 0.213190384651788 0.0298594860346516
0.117306601203027 0.206740465288787 0.381336052041621 0.0856636552481381 0.142561235145249 0.0463858578673279 0.0200061332058501
0.203975182949634 0.227481940634219 0.0806225023645701 0.158956714070292 0.163286693681376 0.126377220815058 0.0392997454848507
0.24176711773406 0.0240937876521245 0.103016649632088 0.0599369921569106 0.251296661600339 0.297248328824426 0.0226404624000512
0.0562922295906449 0.162726062894854 0.0211825349309463 0.130812810530044 0.109245296061638 0.212973958720623 0.306767107271249
0.17172389101347 0.0325658072991887 0.0961440054082991 0.20452382154588 0.0987694659428244 0.185454169919532 0.210818838870805
0.086009607867788 0.0191945063292892 0.111295227809121 0.353872812090262 0.0540261628496136 0.0860557962689868 0.28954588678494
0.188465684159273 0.196752175046097 0.0851872852991732 0.154128459889905 0.0320030487839653 0.176482138074031 0.166981208747556
0.0983672712188033 0.143679936795509 0.223569284927646 0.189746601407337 0.00985040075218731 0.281403692866158 0.0533828120323587
0.112279746610618 0.046658666873158 0.222798717262198 0.17498922814107 0.254285575384337 0.025481038156568 0.163507027572052
0.0428437980441312 0.218795972570349 0.188617846341174 0.176106281134585 0.0631923626467928 0.178126147459081 0.132317591803886
0.216747120082258 0.0873559622565691 0.127010998289716 0.244478896478607 0.0135945971919267 0.0367756794065014 0.274036746294421
0.0921167912722628 0.100586425210366 0.19800882778936 0.0363897380186769 0.240175201013076 0.0882299408826388 0.244493075813619
0.0473398036001084 0.189113376770807 0.137562441120735 0.0504715568284845 0.190946147399387 0.143372889327548 0.24119378495293
0.00161350839740036 0.222274334859189 0.184958348522862 0.0561372675032722 0.133825662298458 0.176905788793784 0.224285089625034
0.0468199692103537 0.0168248450353747 0.290501874161617 0.309558612332369 0.202187416154478 0.0626153427654895 0.071491940340318
0.056823531944177 0.122014293679483 0.0396304478504291 0.261947819694725 0.103873821312369 0.197860537274398 0.217849548244419
0.164218389909832 0.168127542103373 0.139753596876016 0.214752379956246 0.0522667016680733 0.0649855599767105 0.195895829509748
0.00993311257145701 0.372316727387029 0.0458485864815903 0.0811050846189511 0.305742072593567 0.0270579650541041 0.157996451293302
0.0141727007156251 0.19387052171383 0.0132510368569621 0.156221636470611 0.214647463590482 0.207557625192872 0.200279015459617
0.165757864398313 0.165292440674082 0.164070976115813 0.135032760540498 0.147981304552772 0.119933530499222 0.101931123219299
0.294885995051378 0.300853140412306 0.153446833780272 0.0259196306526895 0.159546591579138 0.0536340742239187 0.0117137343002963
0.0696018025644368 0.106594829133837 0.215809706560922 0.267305132815991 0.229229065756493 0.0233700680883798 0.0880893950799406
0.236153162991944 0.0832282037843649 0.104527240815994 0.327346513184031 0.0139710415717606 0.20686542511659 0.0279084125353151
0.223070952740921 0.0703081162737594 0.199212080052024 0.117832690473854 0.237350939067279 0.048339034164432 0.103886187227731
0.0807484314477341 0.225424952137497 0.329250744996905 0.0162780059362828 0.182716751386755 0.0670242543922663 0.098556859702559
0.184523685329292 0.0685149562190228 0.121042583677256 0.122415007088437 0.174087531124432 0.158067937291798 0.171348299269762
0.158773613219521 0.11086161086095 0.121566091957325 0.158940151875743 0.172721508542756 0.110490188475007 0.166646835068698
0.120967395857767 0.14542509934899 0.148705503107109 0.134268401616801 0.131775708569917 0.0948147738267309 0.224043117672684
0.184591252235676 0.130969126130713 0.223040825752679 0.00617351915485632 0.269685829494064 0.0904662017064479 0.0950732455255644
0.250407129653127 0.105644918195057 0.0609492610289808 0.241523601290928 0.114175706442971 0.182084670952999 0.0452147124359363
0.356588165897958 0.196459054048062 0.134610448860757 0.0433241642793555 0.00736904914977837 0.0494558428634356 0.212193274900653
0.269606088128648 0.189759008417682 0.0960658109761112 0.0609654740844875 0.155923252100027 0.194138882770918 0.0335414835221253
0.229497853214721 0.290087645517232 0.15522619273172 0.0847356730435975 0.127211357579734 0.0198840513218138 0.0933572265911824
0.119067590603476 0.230723471603847 0.0685264323868319 0.131930556424158 0.275687382188605 0.165695651588608 0.00836891520447401
0.170970910546098 0.0551473673156401 0.0113047961987857 0.198175208249288 0.192689612442076 0.0893480679338553 0.282364037314256
0.182753847642981 0.143069456291899 0.111384036639163 0.162837526552396 0.0551231395964895 0.162757774580044 0.182074218697029
0.165736632647821 0.187202929941515 0.0897753966179112 0.032900128397407 0.117155219057084 0.284193044124333 0.123036649213929
0.191806421347774 0.0832477826147799 0.0712381243495174 0.124773383266618 0.266863543337043 0.0746944791125654 0.187376265971702
0.15448628858941 0.123705846238142 0.284093420499874 0.174079782929215 0.195876198763296 0.00797918613179665 0.0597792768482664
0.0758807224650136 0.0382976855022508 0.108927014864471 0.238704309895249 0.17453030042607 0.0123535215280081 0.351306445318937
0.156199835806224 0.127718442062731 0.275494076188378 0.00878388843239892 0.157416858077735 0.160160564962356 0.114226334470178
0.130492485358179 0.125082696410475 0.290384104541569 0.0852827903493941 0.0240469697448002 0.0856865555240636 0.259024398071519
0.0900948015726657 0.179686777404576 0.00986276965446956 0.175329857125867 0.0921373188328188 0.20605985257814 0.246828622831463
0.153948178607195 0.128559255774693 0.0801502995708983 0.0788420385831468 0.330011198056435 0.0806996749441711 0.147789354463461
0.185366454864253 0.235224633319274 0.218904623799163 0.071463937410862 0.0346599821709394 0.196621157627568 0.0577592108079408
0.137689489073564 0.172048141481956 0.0774741325606019 0.160238329937272 0.165459307788562 0.130554079875866 0.156536519282179
0.140856650096305 0.0994517377932911 0.211182331823109 0.0509491608502894 0.102069302178728 0.185745579752861 0.209745237505417
0.0439149192439593 0.130900481769127 0.257991289329052 0.145234809985049 0.277576219368334 0.0908592813051627 0.0535229989993158
0.22797242753825 0.0716514771393818 0.199809964981324 0.0314657877881909 0.248474886474976 0.018563759384587 0.20206169669329
0.108538236219695 0.152798569771189 0.0823383467416054 0.179758609712475 0.148168558138506 0.213525549993296 0.114872129423234
0.194760809118514 0.190122137678782 0.204539800623914 0.0517395667422784 0.17246675755194 0.0648447692059354 0.121526159078636
0.15781163454806 0.0390960875359392 0.0632926481435121 0.206038984922439 0.214106753841784 0.22927493170025 0.0903789593080159
0.193651692174843 0.211412788686838 0.0743466879509604 0.208733878285133 0.211293029322703 0.0737536494748249 0.0268082741046977
0.123244940138241 0.238880204685846 0.230453093721301 0.0537219917239906 0.0943138237837181 0.156955548897737 0.102430397049166
0.20320269470796 0.00987076168443542 0.0222877781061578 0.221073703976236 0.187505522131695 0.179463550659101 0.176595988734415
0.192935814341163 0.223349690305631 0.205366016906649 0.0736080226501115 0.210431156380539 0.0508843651196777 0.0434249342962289
0.167093721015222 0.0117469299633769 0.218615287312094 0.0895736354873276 0.20649201871219 0.0995383475827203 0.206940059927069
0.194541395975528 0.11623338310159 0.133704638039842 0.232631146426393 0.0133034168848661 0.121219668072821 0.18836635149896
0.0772143122519869 0.124094732019884 0.175334167538087 0.131089492444502 0.0597165714193342 0.165936182919147 0.266614541407058
0.127797059415476 0.250171405360072 0.0211209818437271 0.0254316803008815 0.121530089723144 0.243977454510752 0.209971328845947
0.0378768025063261 0.215699037202731 0.218049013910624 0.202753472577918 0.185349034268585 0.0261672553302422 0.114105384203573
0.0269022993477984 0.0509137501676508 0.107050951186445 0.301860491784193 0.447281610493556 0.0345739618781629 0.0314169351421941
0.356407573419676 0.0318292372967121 0.00116761486002639 0.01251744678014 0.129552049371 0.255266866490425 0.21325921178202
0.060846074729014 0.10555823711966 0.151186431249507 0.168757735441682 0.18387334980646 0.163279002264174 0.166499169389503
0.102832661344548 0.143975028503586 0.133055476443986 0.186799935223573 0.083511180187586 0.16222700052987 0.187598717766851
0.0978734902654095 0.0753990528615564 0.000427820333407594 0.159791527755823 0.329970925501297 0.114234697423254 0.222302485859253
0.109743621741551 0.248176164305556 0.0142603469780457 0.175849829207834 0.242945327938904 0.201333462154651 0.00769124767345919
0.108023161935385 0.04012556572541 0.0247105561419114 0.354613440473433 0.383090188312514 0.0328127538001911 0.0566243336111547
0.161476280518399 0.146275676003494 0.124271120543701 0.162498711941129 0.182690784406405 0.195986098835422 0.02680132775145
0.151772779452879 0.0545316263034112 0.230057870085252 0.126735169602196 0.253329812368255 0.150771691088018 0.0328010510999873
0.207720742582201 0.180088848136099 0.0927177048715414 0.00722676252295085 0.233565473777448 0.156203464763986 0.122477003345774
0.187498905140604 0.050330621074165 0.124865397276751 0.168715555121704 0.105281499364167 0.184137537590344 0.179170484432266
0.255231548727029 0.14531593902906 0.149490989195347 0.0619907833908036 0.0747892496856903 0.0791161502112289 0.234065339760841
0.0298685637010534 0.207460354860079 0.104582947288103 0.209616191770298 0.13632082963604 0.167228484587966 0.144922628156462
0.283038571054405 0.0411362664259276 0.136754058268371 0.0304104419866638 0.22667149622833 0.213406035376547 0.0685831306597544
0.0726461111504167 0.215037193710317 0.130406229468649 0.0140741480042779 0.211995300837636 0.184565052670003 0.1712759641587
0.152843547690157 0.223787824040142 0.10341699147887 0.162405393949597 0.0951812171252233 0.0926205914579783 0.169744434258033
0.151363243595028 0.168442405756065 0.0620271051908392 0.131456252812526 0.235041880354247 0.0556950971584269 0.195974015132867
0.209053274738302 0.177068909092817 0.0426143400108206 0.177482572715749 0.0388445665749552 0.190145620972018 0.164790715895338
0.247538771648355 0.118285980401881 0.0853969875852622 0.393536123637156 0.00302890411299272 0.0693573752642723 0.0828558573500807
0.220773661527983 0.0520926296599772 0.119498563254188 0.173294664590362 0.145515174010706 0.0393609619610735 0.24946434499571
0.162256860102 0.240369428586083 0.251558442360579 0.276604780497014 0.0092266189437191 0.0443667575467168 0.0156171119638879
0.0483484280389236 0.093971038659388 0.0465198703916979 0.228955286462828 0.181719501948261 0.243333629659451 0.15715224483945
0.0779796157889064 0.349427959144467 0.192458221573709 0.0732317776899193 0.269886404526382 0.0249349221378453 0.0120810991387707
0.00863206685433229 0.250028087181809 0.0165651374535739 0.292633819110112 0.0487785268165786 0.315901816162526 0.0674605464210687
0.117404654811552 0.247614922197483 0.0948283728262792 0.187812692074174 0.199962819903994 0.0874798603942413 0.0648966777922773
0.104101397783676 0.271126484350191 0.210656936891434 0.0918483783202112 0.166729040388697 0.0189805418891573 0.136557220376633
0.144707315266941 0.123390117374101 0.117060010086811 0.207947255992037 0.106977154335018 0.049406244512004 0.250511902433089
0.204191400058984 0.170466364497124 0.198123600831722 0.154784701753928 0.182297348970281 0.0675281959536284 0.0226083879343323
0.0613806424347351 0.17330581269936 0.246760735832352 0.0385183953676559 0.0598356138747935 0.178847266207284 0.241351533583819
0.0329431212674829 0.111058062475481 0.355926031627495 0.0634253342866162 0.0164002730611172 0.30686868389674 0.113378493385068
0.0520725767763356 0.137116957848007 0.00930083179724297 0.283671115580162 0.144261583943108 0.117203575261684 0.256373358793461
0.108695147295344 0.227020362780517 0.162223286788512 0.133425592109541 0.125749876211474 0.192395802168998 0.050489932645614
0.284233646646845 0.026736109890861 0.183220915197238 0.0672430057343543 0.128837339603009 0.058600856705471 0.251128126222221
0.173388730007588 0.103496871195621 0.230961137727599 0.0400771484189806 0.244404827798535 0.00565048955573105 0.202020795295945
0.0540458816966173 0.250894375308577 0.0566674077889026 0.0932991470568102 0.154853912317023 0.223220890192814 0.167018385639256
0.112768903269699 0.263428221077608 0.0623104142976523 0.239614825889675 0.223753579030318 0.027477393805009 0.0706466626300394
0.267010256294513 0.131151894479032 0.254004788305748 0.204613671890903 0.0756796188118975 0.0162375319275291 0.0513022382903767
0.0665373134920856 0.060852612090807 0.226879830209044 0.24389111319476 0.186372099368632 0.0199336684479792 0.195533363196692
0.157282403223633 0.0424884186524809 0.177291348931623 0.0427945171958538 0.32977101843908 0.00272858256188335 0.247643710995446
0.27513926765528 0.152743270478664 0.159631782479932 0.206263955646493 0.0571408623441411 0.124839725315671 0.0242411360798186
0.136741191657293 0.079395192648607 0.149284683223051 0.178967275651602 0.126876399908022 0.132067188197567 0.196668068713857
0.138687754740203 0.243967521736784 0.0346715254896581 0.142855394652666 0.0633622161445837 0.123453958965794 0.25300162827031
0.0220621298002101 0.250317918664538 0.121823978636119 0.158247145053953 0.105314663429063 0.145104360991224 0.197129803424893
0.241084039327798 0.0678145172801837 0.178280747831646 0.00511803970870509 0.157042283733242 0.186104174169839 0.164556197948587
0.040114471118231 0.206679455878931 0.151985892285458 0.0197953513255138 0.174589008608346 0.165545118475088 0.241290702308432
0.206238247877338 0.0397362130145814 0.260184817428149 0.1482880070602 0.18117433471366 0.0194143007122284 0.144964079193843
0.007847712818153 0.244944912538038 0.114193484685876 0.244349550953673 0.226197087864555 0.0446415369537214 0.117825714185984
0.348089678110506 0.050391243691719 0.121970420548102 0.17003493553214 0.172771669775885 0.124399102877738 0.012342949463911
0.134064138429697 0.0087313377648842 0.1587083547866 0.164932786495729 0.137160103672209 0.310600620659942 0.0858026581909391
0.266262856828176 0.0256783579462542 0.0960491908759005 0.302566568724964 0.0308427225567311 0.132373559020969 0.146226744047004
0.179695157126359 0.13613966622946 0.0701853614617898 0.0792287167029975 0.241705183480316 0.137534949316492 0.155510965682585
0.0372533110669341 0.155483772992381 0.248310033774664 0.117564361639635 0.246201187580811 0.0349235263600458 0.160263806585529
0.151509076699437 0.0185054494680684 0.10774617879056 0.285075916979502 0.140579067753946 0.0981079971187993 0.198476313189687
0.182964616345436 0.195071278308918 0.0306787122805471 0.0506945654253333 0.181466402266232 0.167639102702801 0.191485322670732
0.0952541628000296 0.165117675612153 0.115228714186175 0.166843449225859 0.209902575023934 0.203164341084679 0.0444890820671706
0.0645435991371427 0.109809330260101 0.161447574020723 0.242451088640799 0.261946597552778 0.0486231433670467 0.11117866702141
0.169883667173782 0.157014084506478 0.13117114032695 0.208225891662385 0.0818882715527588 0.167621275669863 0.0841956691077822
0.113738353235556 0.0813280215329498 0.182543554985397 0.263527942654644 0.145630900023142 0.144027610273237 0.0692036172950744
0.108272342547263 0.194740805644152 0.169194660840862 0.221259963319594 0.150514830234388 5.02360695435768e-05 0.155967161344197
0.0787890620162417 0.147025508185861 0.250425460874179 0.165226374112164 0.181810565979143 0.00807877801536021 0.168644250817051
0.188646799046284 0.148470344303621 0.256230681336964 0.151218366443719 0.0410605539117477 0.0763655020954511 0.138007752862214
0.00629690621258606 0.25786175250073 0.281497867825833 0.135157064117085 0.157326351650452 0.139559708042168 0.0223003496511464
0.257769212989039 0.247553498412098 0.0403740739900532 0.110063478749305 0.126600952887252 0.19122276845093 0.0264160145213225
0.361394920011379 0.086843574961786 0.0332346470094367 0.162230126487795 0.0592964286172985 0.0682126695128134 0.228787633399491
0.0433601994432719 0.0875490204306229 0.276313215515383 0.135826906134239 0.143412874877308 0.146251596397138 0.167286187202037
0.212952489078365 0.0965138150355177 0.129211197509049 0.0943737241854936 0.220373319129282 0.0357795101970941 0.210795944865199
0.186636229221828 0.189968205521712 0.0153137907320266 0.188447945983337 0.209507436614487 0.188919556514366 0.0212068354122429
0.166386308112478 0.164531764634186 0.169231095969629 0.0782055029706831 0.168767653287857 0.150490162949521 0.102387512075646
0.180509243582457 0.210338600455687 0.199212378721637 0.123086364388885 0.058712588246763 0.000315250331979247 0.227825574272592
0.117313581086143 0.0770828304283363 0.212464251070414 0.320687457617339 0.0712697693700295 0.167474366650647 0.0337077437770914
0.0727350382004769 0.0955473295995414 0.143871637152104 0.220154413521508 0.191284367754325 0.0986670693316543 0.177740144440389
0.131192503533971 0.126775925789938 0.177511208810881 0.177004399662071 0.1697501587117 0.0247581994419885 0.19300760404945
0.0459314233998156 0.0887804090606523 0.317255169912472 0.212857336003872 0.0724567145647517 0.190571506991071 0.0721474400673655
0.203879008826251 0.170756473444282 0.0314293494071176 0.202937664195295 0.206910168815151 0.01727908070422 0.166808254607683
0.177244080734863 0.157065456004182 0.197124311570573 0.111993034104738 0.162020730301756 0.188894299928483 0.00565808735540433
0.252659705949661 0.108027695495249 0.00663290495402589 0.0695380091557446 0.121446777563822 0.232253822749763 0.209441084131734
0.262547058945696 0.167499753030824 0.0670215559700356 0.0300919558094978 0.282427455534241 0.119862947918202 0.0705492727915041
0.130666435189636 0.0301432171506192 0.283268551999622 0.113031962115106 0.106865157045327 0.0800775813126198 0.25594709518707
0.018090317423986 0.162229013752957 0.25925603862755 0.213902324875582 0.181100359782255 0.0862325311974551 0.0791894143402151
0.110492649227796 0.102044517101546 0.169324370420771 0.237400155425573 0.243357360248795 0.111328483562045 0.0260524640134749
0.228195130025949 0.130621544130128 0.0850514032238737 0.155647774244597 0.134100366897635 0.108129667180421 0.158254114297397
0.243528536786445 0.221594805789815 0.0108428707288334 0.2542073377486 0.136864053770277 0.0273782370923258 0.105584158083704
0.14333932462611 0.157980365226586 0.168743184328192 0.206167630736443 0.129027693132866 0.0319617295907459 0.162780072359056
0.250373943243099 0.152459594202199 0.0792965137108517 0.145536168762202 0.012768580781137 0.0896858389568277 0.269879360343684
0.0674667952961723 0.00408735395007828 0.226022542955877 0.257062821417338 0.0640990786204674 0.209998741184742 0.171262666575325
0.233681879859574 0.165732016784029 0.213582146642152 0.154191418307307 0.197028426292082 0.000703034697091342 0.0350810774177642
0.104646732869515 0.165524176945721 0.067382181812647 0.130202955729112 0.155871709633664 0.160837535640616 0.215534707368724
0.0458064322832341 0.263959145135873 0.0240622583716581 0.234258452096456 0.213024913598936 0.182286055864123 0.0366027426497193
0.0140089112540222 0.0233193858953151 0.202145480585886 0.0937941202440068 0.30329899767886 0.0972794120813714 0.266153692260538
0.059730727754464 0.248679527526136 0.118656064021235 0.103207116705639 0.163875332050232 0.300495114724298 0.00535611721799591
0.213991640996305 0.0416329026408395 0.261369267256235 0.0934919783370107 0.14175752050233 0.00893803731427664 0.238818652953004
0.0575518371637002 0.21953925043012 0.168271103245987 0.161717625719371 0.0843697022430329 0.235586473168481 0.0729640080293078
0.213672544924417 0.00500230250637813 0.250746287709095 0.143012731050931 0.141221689202072 0.00875705880402493 0.237587385803083
0.0905157966341168 0.0890244732565967 0.0567588114373039 0.220877548817369 0.143883389493666 0.190151430639334 0.208788549721614
0.279359102974086 0.273543405414726 0.0167249334310387 0.144264448851784 0.086644781607345 0.144098882375241 0.0553644453457807
0.149137159932474 0.229719901131537 0.00674093330563245 0.224668281948576 0.0614775554989032 0.0969751884729891 0.231280979709888
0.197038169848067 0.112083840158649 0.202756187286682 0.121746114610855 0.103763683437973 0.127816351978847 0.134795652678927
0.189225377418222 0.0629231444207277 0.124746427234771 0.19225951239715 0.0640813969189101 0.175867512050291 0.190896629559928
0.218037553103966 0.131863227486957 0.317774013765992 0.0304898749859722 0.110195046295828 0.106422775876361 0.0852175084849229
0.137455831958704 0.0502457104356372 0.137536053680451 0.216417315796283 0.140202465539967 0.16025336072013 0.157889261868828
0.110947992300062 0.157340075965639 0.0208008477175006 0.20043311785174 0.180024443203431 0.0803623390573319 0.250091183904296
0.268962035754796 0.0326797930834245 0.0555603938303819 0.118549508564506 0.122424802362506 0.239885504806176 0.161937961598209
0.249665476524512 0.178125280965065 0.143693562304593 0.0391430988666404 0.0340868746759073 0.188104608351522 0.16718109831176
0.0982990137829641 0.17873678751942 0.295121133207815 0.121730502427739 0.20067417025605 0.0952685253976431 0.0101698674083672
0.168110428717729 0.170528932663728 0.159048187939081 0.0626374903438309 0.157916292736723 0.132732108395692 0.149026559203217
0.0521638723159331 0.162592614681755 0.229065194558525 0.204082996886749 0.0455487976797562 0.00963187303588191 0.2969146508414
0.323402729393315 0.00469725136158697 0.100545479125951 0.132029439676541 0.175599477754418 0.261863580625204 0.0018620420629833
0.191593887889671 0.155705687427721 0.0965425613068308 0.0735944676087674 0.17994219239438 0.13823290227411 0.16438830109852
0.173809254169778 0.213023938152522 0.0175795228726804 0.220866593558576 0.0685991728271708 0.108326278880211 0.197795239539062
0.0356379613257815 0.20810269156114 0.141170211390452 0.14483629189166 0.26090411304083 0.187048062253713 0.0223006685364243
0.124830674125614 0.0473292536274916 0.217896313931445 0.233496086750327 0.0145753265656519 0.237542279861378 0.124330065138092
0.154749358932779 0.144128598265333 0.0243903671538949 0.330816741482071 0.259090195052003 0.0518797124905789 0.0349450266233391
0.185952078664804 0.0879670616219777 0.296028810305773 0.0272632620853509 0.0230805166266163 0.336908531788967 0.0427997389065101
0.17907986746972 0.132965076786774 0.172642534912859 0.0877328342471031 0.2047892069986 0.0615847352423904 0.161205744342554
0.0421716643352714 0.344205769640034 0.192032164185669 0.0025238742535546 0.000250399337857894 0.321728552340123 0.0970875759074903
0.0949698626665353 0.200616982859503 0.200554433162465 0.0115122256105222 0.148613353259735 0.2011571078653 0.142576034575939
0.132348826926037 0.131768433216191 0.141729698927312 0.1065485827897 0.174543221940314 0.149901484316772 0.163159751883673
0.218143492418377 0.0628712786376068 0.0440181428297397 0.234406873674071 0.22269874473159 0.042839943348239 0.175021524360377
0.106565060228149 0.0821625981142119 0.146312581169995 0.154690330020262 0.176952904984325 0.148018155968143 0.185298369514915
0.127558668259495 0.0463686547318228 0.106629420735281 0.144523589992897 0.0894532932440867 0.195962786511842 0.289503586524575
0.163789414448256 0.0188364737146771 0.176614060185975 0.124199842951312 0.189309192755355 0.234837175256193 0.0924138406882315
0.0912509641434871 0.189131180801809 0.201437920467331 0.128239781017013 0.175443339652054 0.0377327737240955 0.17676404019421
