0.142479756435761 0.0881674317771601 0.232562043403116 0.180144511615918 0.224795518123076 0.131850738644968
0.138060643192556 0.0314147051064927 0.114453815326554 0.308214365492897 0.342618392716236 0.0652380781652644
0.0587468199201 0.161782595138283 0.0610113154874786 0.141158919548215 0.324419168284147 0.252881181621776
0.0957204620070033 0.0536492370762081 0.266769614614014 0.0798677134843383 0.273606033735312 0.230386939083123
0.108743291838846 0.230548124725179 0.029026789473792 0.130499594482229 0.346007532697025 0.155174666782928
0.0129717760307367 0.427248882875237 0.195022194152239 0.223817400264594 0.112196930803831 0.0287428158733626
0.089326550974231 0.325450717289195 0.0399090362796868 0.144208774656454 0.144216571384218 0.256888349416215
0.288447312568184 0.0351049051539061 0.25693220844925 0.225600748775173 0.0685375508339558 0.125377274219531
0.18914332805132 0.220149472040897 0.0305638970793319 0.0127165314707939 0.285634407308091 0.261792364049567
0.248701002737374 0.223324801988892 0.201682760344513 0.206640940230064 0.0253182491807232 0.0943322455184332
0.213863873191155 0.122595116553681 0.0151974436815912 0.282923640911211 0.359459857543077 0.00596006811928548
0.165546702608513 0.0881481187035753 0.209400718720415 0.131882828663184 0.231177604030931 0.173844027273381
0.101784063860458 0.0364177920948663 0.192887996342393 0.101145090659618 0.144377276455458 0.423387780587207
0.243679227897744 0.0247817474996831 0.14186776726127 0.108505462118664 0.0820588841467902 0.399106911075849
0.173030644787965 0.216570608769999 0.154184557460964 0.242241385578497 0.0790467972921167 0.134926006110457
0.19342705706424 0.162479729769087 0.206228406803631 0.224240091585228 0.08934790336471 0.124276811413104
0.165253353995723 0.301014058250537 0.141613356557045 0.226135591871868 0.00736459315875182 0.158619046166074
0.091159481859246 0.111993105542557 0.16888620117231 0.2697962370236 0.245150602349458 0.11301437205283
0.0120090384785353 0.258433368526524 0.205657960737557 0.238050696890857 0.156498066604305 0.129350868762221
0.229145611029236 0.258861150344993 0.227738674677581 0.0197317614886799 0.238344829359139 0.0261779731003713
0.235493786205645 0.0751688523676174 0.230483684187442 0.0457860852715822 0.178148114806937 0.234919477160777
0.00506828138948427 0.0678521110523877 0.0116330336205319 0.362113375478293 0.359070955294554 0.194262243164748
0.124375681447838 0.114806699491385 0.174480447886216 0.157551362496936 0.217545711509912 0.211240097167713
0.0334745400671877 0.157515184163205 0.018078763915626 0.292192992815532 0.2532519262256 0.245486592812848
0.285146214752319 0.134255926484867 0.215376277933725 0.240750893920664 0.109395970763049 0.0150747161453761
0.269241850934496 0.115647403236224 0.227314401289561 0.156716651655874 0.198614995277515 0.0324646976063295
0.148974831201768 0.294718753340763 0.00100089412599572 0.164658274768921 0.242510222947593 0.148137023614959
0.282583069377572 0.0195361798649189 0.0283144376175112 0.0307146951465555 0.307692948768368 0.331158669225074
0.0926826916112415 0.160971660249692 0.219011402326173 0.157465448636263 0.146997310464464 0.222871486712166
0.190398949889734 0.284436944381342 0.130147204245339 0.190660470771517 0.146351532297287 0.0580048984147821
0.262838658688529 0.190942478061328 0.139605143371531 0.0355370737671228 0.11123469243992 0.25984195367157
0.127542041834863 0.115026353042099 0.231397959758037 0.224160354342564 0.242357378122452 0.0595159128999855
0.099119810488799 0.0984492095413512 0.0664254084579399 0.210139752447738 0.247469860701569 0.278395958362602
0.103871257726314 0.217967024937002 0.227293286167981 0.236111750785101 0.00627894499629855 0.208477735387304
0.0767989207528188 0.227673273446341 0.0251747339325138 0.0548879653088251 0.171859965989074 0.443605140570427
0.0762500899251347 0.254291376603743 0.36444678163173 0.0400568960834946 0.0479664319722195 0.216988423783679
0.224296410606141 0.15189016654939 0.0593624993328407 0.325900424062251 0.211051389838245 0.0274991096111321
0.218502491757575 0.0772419173526071 0.20557454489981 0.0688059012244849 0.159633599617258 0.270241545148265
0.0296027301342461 0.10502699918998 0.181821496799302 0.165199779147635 0.28080121952085 0.237547775207988
0.246399390795809 0.11622811769777 0.204461556070001 0.19185018356641 0.0400036987003385 0.20105705316967
0.0478377062602151 0.063777414056002 0.131391625399489 0.227468093275428 0.389080920464228 0.140444240544638
0.0731032684886866 0.484167612391099 0.169543378759515 0.150669946630588 0.0891984806891503 0.0333173130409616
0.173158255411621 0.181122754552121 0.247028315381941 0.0352770506326893 0.112159372133558 0.25125425188807
0.207618023241905 0.0799291135203736 0.16261984614828 0.0595855825317296 0.212099765118186 0.278147669439525
0.289283017042979 0.0436093523210737 0.10451793332188 0.0786225096130147 0.272139291572911 0.211827896128143
0.1573438803037 0.258633045116508 0.251454511839993 0.201832224878556 0.00174538993486758 0.128990947926377
0.0404260079449469 0.13483667945771 0.297683149217885 0.0505704763612324 0.303301917910719 0.173181769107507
0.0220406237683052 0.224070349142992 0.273105191275565 0.166236883981456 0.091475102151398 0.223071849680284
0.266794848647067 0.0738496847062029 0.108688859621536 0.256697256254426 0.241001708811216 0.0529676419595515
0.0444028291842118 0.327062983488897 0.0027999564589417 0.352966262540928 0.00204037805542108 0.2707275902716
0.0911611868173647 0.295374796632299 0.0116522569741989 0.124088191033348 0.27808348491024 0.199640083632549
0.112460230680374 0.21734999280783 0.0755912910644272 0.165433257661937 0.165791142387468 0.263374085397964
0.136453260507296 0.0836428250289666 0.107313722782286 0.210350590766597 0.459520847537825 0.00271875337702953
0.0113585764926231 0.276306113945636 0.10196258030914 0.227904903985254 0.121133246507824 0.261334578759522
0.316059204940779 0.16667442832323 0.133768675163817 0.0450995494066288 0.302382604357847 0.0360155378076975
0.146315241299764 0.325527058319845 0.0513512283938643 0.365001237002039 0.042968782372446 0.0688364526120419
0.136329257317575 0.103457086259113 0.21135078411232 0.230653299519381 0.271804912169412 0.0464046606221997
0.103739500089203 0.198097218517027 0.21942608715182 0.313522695378267 0.0877649658072966 0.0774495330563864
0.275124866797486 0.0108312312013001 0.274240345609356 0.251841037063095 0.0826320721122819 0.105330447216481
0.0767584471271615 0.0351909947752052 0.16115074691346 0.247034818510559 0.357825685821493 0.122039306852121
0.173508683492651 0.208772337055756 0.207413455695977 0.179307549980122 0.0728346171440488 0.158163356631444
0.209652763753721 0.0879300172769296 0.0352964463871852 0.219042011729903 0.266088388835575 0.181990372016687
0.186047776477098 0.15917721469175 0.116803536202267 0.27176939875061 0.157501071927745 0.108701001950531
0.0944695484881422 0.221380842461349 0.0611630133412911 0.160052314878487 0.151750086667733 0.311184194162997
0.298054124348708 0.216437942157433 0.0462065049230056 0.0146516713741802 0.212868497843372 0.211781259353301
0.242386503471084 0.0725349889727074 0.145529674385328 0.0809980851276741 0.219161088783344 0.239389659259863
0.109774874784893 0.162236828547986 0.240733752471972 0.133121495333451 0.234020928840507 0.120112120021191
0.197794901545076 0.2049570230499 0.181295342379889 0.117526081549152 0.175034234430516 0.123392417045466
0.380686950769526 0.0501833344856266 0.0180583911264274 0.231428900134097 0.123058774413267 0.196583649071056
0.195447428553279 0.227045873065813 0.119389359962975 0.0690898788802148 0.18266921737239 0.206358242165328
0.165630419429571 0.247817494376594 0.102055810646387 0.125461281816579 0.156187826428922 0.202847167301947
0.17445648822568 0.253696947443516 0.270549624193544 0.196518378297011 0.0661221408435402 0.0386564209967086
0.00720788215652435 0.455082245383251 0.0498773726631525 0.10837555921343 0.0789579118454217 0.300499028738221
0.07482341979598 0.0768612418713678 0.276823099590741 0.118992371449799 0.356003504816629 0.0964963624754839
0.110965850870481 0.143579056040412 0.247656598467195 0.193169140536256 0.224841775049622 0.0797875790360332
0.0197371465804712 0.0568572339178957 0.0555200893272026 0.0723236348065905 0.312749940249604 0.482811955118236
0.194052473077734 0.117003112341138 0.185781388312503 0.219909117586877 0.218832038536099 0.0644218701456499
0.194533591802454 0.0404528670524245 0.220924307192779 0.0653126860869674 0.241308127659499 0.237468420205876
0.298018204053301 0.147288563921904 0.244383021284644 0.146057244837266 0.076095118455595 0.0881578474472896
0.183506351391413 0.202671165905634 0.203557750271914 0.109996931014266 0.157919632934646 0.142348168482128
0.0756951898499476 0.202376965160259 0.0905197488464979 0.220124298787473 0.284445950266225 0.126837847089598
0.00545745565302947 0.288718353651165 0.00792582750421499 0.244954445618715 0.198618652783058 0.254325264789817
0.12637906806603 0.125154223170164 0.10547098755083 0.0324045099095487 0.310766292243892 0.299824919059535
0.177280257443578 0.20394782818734 0.191632925422875 0.0812692492629278 0.231341217946946 0.114528521736333
0.217457685016961 0.193729624544592 0.181023507527365 0.0173969036269046 0.215675698324876 0.174716580959301
0.0835816573431768 0.106710592968405 0.249470891795139 0.194392683133942 0.226022409104597 0.13982176565474
0.282030637034963 0.0729329290463167 0.146714712378167 0.00976932699269499 0.124649155409575 0.363903239138283
0.161453900383729 0.276540875409967 0.247375889913435 0.251573960562275 0.0530791240994883 0.00997624963110566
0.252015297419657 0.217365342561344 0.0984732178787375 0.198166045522114 0.10951361333088 0.124466483287267
0.0180124709492638 0.259827849114854 0.277090801627818 0.301808593926072 0.0701268836875611 0.073133400694431
0.227025174360545 0.169181593084255 0.246953220236816 0.0508510464642807 0.0794459933673398 0.226542972486764
0.218855488553562 0.217335037443878 0.160970468347959 0.140185141888566 0.107371011889308 0.155282851876726
0.239755115507929 0.211940616557942 0.121350867138605 0.237102913136002 0.064157712350011 0.125692775309511
0.0213602111230398 0.242594892327837 0.174879737058277 0.182818503481709 0.163815483937705 0.214531172071432
0.204290952987073 0.0189214850932285 0.323430776894409 0.0219516262353928 0.294714903161856 0.136690255628041
0.229959947632173 0.10622014037866 0.265482395783693 0.079460700594667 0.130637591084572 0.188239224526236
0.119299821110939 0.0133922551592592 0.0403629561231634 0.289153652359742 0.299050171082884 0.238741144164013
0.202402260466575 0.0192839615047443 0.224075161958376 0.208724083500008 0.149568986377549 0.195945546192748
0.133084989041258 0.111086164493932 0.0546055045644522 0.345961704427235 0.328850436133124 0.0264112013399993
0.175668564897463 0.123244060920318 0.0281837179655565 0.244063529180031 0.355988506230997 0.0728516208056335
0.0377257052203215 0.0290771325488871 0.0330162945505507 0.189437460617177 0.366311072794195 0.344432334268869
0.0581057804650688 0.144431606999944 0.0888338478575203 0.602494193912728 0.0334498179956768 0.0726847527690615
0.0923236397549838 0.312953277743149 0.179909374190513 0.190552510274428 0.0941907107069071 0.130070487330018
0.397220975012655 0.229179979220613 0.00468418220918848 0.0904005726235924 0.248545167080747 0.0299691238532041
0.178437099168919 0.103666849064607 0.226879758682095 0.123085903044035 0.160500696928191 0.207429693112153
0.116772940834144 0.121575331632367 0.219958938816575 0.148851166932141 0.235610076449619 0.157231545335155
0.233621895056006 0.0702077162679663 0.0645133667072467 0.229544300646751 0.288113558709183 0.113999162612846
0.322924165671306 0.269325137189334 0.0855400327963529 0.215183202973518 0.0389433318214706 0.0680841295480184
0.0254597732092672 0.35457527807111 0.0547739199833999 0.276675284105895 0.0216884229739539 0.266827321656374
0.23432230551339 0.0455102970638817 0.170038114192477 0.160823898366919 0.205311481358413 0.183993903504919
0.2141889580865 0.189814572441967 0.139438595677406 0.0694740908068256 0.283735983127636 0.103347799859665
0.375752089665252 0.284072519608154 0.0294794334594605 0.0268302981889689 0.276998693707562 0.00686696537060246
0.234027226695473 0.253441946636201 0.241778796651351 0.0216093465773788 0.0190644334638971 0.2300782499757
0.249815220399299 0.00316777649381581 0.0840765907437111 0.200002672804304 0.241828022462553 0.221109717096317
0.106913543738507 0.112473959265574 0.156578618306675 0.209682602440499 0.192919508542212 0.221431767706533
0.194042283926918 0.0933247286753848 0.0666158177819839 0.245958880653395 0.24482871635181 0.155229572610508
0.0576482464132358 0.296137966119705 0.209305120884606 0.0145553348000985 0.229880802810855 0.1924725289715
0.193921418242347 0.0261607940294856 0.134012225338344 0.302961947998162 0.0251439135412487 0.317799700850413
0.23962056004354 0.23009149479799 0.156826565333655 0.172531537301804 0.182107470915055 0.0188223716079559
0.075567032895367 0.0711460621837915 0.226139870204447 0.207651530333507 0.272266106856029 0.147229397526858
0.0909409671110919 0.195562567937245 0.207348930057373 0.286359124148173 0.146814651530335 0.0729737592157825
0.122306035082025 0.130411794993098 0.437228663546649 0.113339911800826 0.18508003767209 0.0116335569053118
0.10238775849575 0.278992153616554 0.203263093496503 0.13531371892876 0.0968569335304585 0.183186341931975
0.267396420357561 0.0831096855146599 0.119559479099594 0.210459959627541 0.0574908348981833 0.261983620502461
0.1651934234913 0.0486343574721229 0.250853998077015 0.346083439478983 0.0720434348675915 0.117191346612988
0.108439276351044 0.206445566182055 0.158893459132753 0.0557297219300978 0.228353703647938 0.242138272756112
0.24350656439875 0.446937305028841 0.129594435245873 0.00852087424006704 0.167569594542157 0.00387122654431268
0.164349551250486 0.115861967942261 0.160836844266771 0.0626304160233169 0.328330475577351 0.167990744939814
0.153694664353 0.298222253953902 0.038268248037449 0.210589855432123 0.282473868597182 0.0167511096263442
0.0945195503059775 0.0385625610171514 0.239142370403492 0.188147963781194 0.277805229043189 0.161822325448996
0.163669114726146 0.108977596965039 0.162830862218411 0.198477965655026 0.122921156102335 0.243123304333043
0.030503181685421 0.0270993216089788 0.299716438156266 0.305810802698101 0.0596427102557096 0.277227545595524
0.0808835962692774 0.110280063829242 0.224887137092388 0.260613704119624 0.185386691078902 0.137948807610567
0.134203068876555 0.169272821003599 0.142001841438629 0.225177531779136 0.146252556472088 0.183092180429993
0.214356104568805 0.0146470831672545 0.202113153309319 0.29213304476671 0.266659532084502 0.0100910821034101
0.218394774637521 0.212579475133763 0.207057639242261 0.279521975827114 0.0630760706375019 0.0193700645218397
0.291863546734594 0.171049394892628 0.0767573173388132 0.298488610115033 0.0635499664683938 0.0982911644505375
0.00524263025011264 0.221614685354918 0.317468774051015 0.366694034820819 0.0800756625132717 0.00890421300986434
0.0855988921933859 0.263448312510527 0.214624934069358 0.250142601421739 0.127940557618925 0.058244702186065
0.214228929380853 0.0192795169509263 0.368937613120109 0.179948473820956 0.080672873669651 0.136932593057505
0.271437772341124 0.142193140254876 0.0260810916630702 0.174898493306323 0.271875907513242 0.113513594921365
0.238836509673636 0.300284675642112 0.253795773753522 0.0623103936669039 0.0999902832018234 0.0447823640620019
0.0469792501729972 0.318137841899162 0.178021521092352 0.12241022642055 0.115978997896254 0.218472162518685
0.232029378181158 0.0628126238206737 0.24803979948638 0.21101059494388 0.0565412081141026 0.189566395453806
0.187116661710396 0.260171829008574 0.129428902096011 0.111260271671812 0.27868309015131 0.0333392453618958
0.248581190034263 0.0616095882300086 0.234561061547959 0.225212095087472 0.00219821185945116 0.227837853240847
0.25144475147642 0.251636132008353 0.175690820063565 0.0487309930638813 0.00658575832432506 0.265911545063455
0.102270607722731 0.134038328203876 0.289382326247887 0.0651109487683965 0.131515241745846 0.277682547311263
0.114322279935269 0.0474658111035807 0.252505635204752 0.26819102066015 0.0295923393031651 0.287922913793084
0.0557441740240684 0.193884283974866 0.267218885587443 0.105763977566446 0.186280118655794 0.191108560191383
0.271477763980272 0.0438482906171464 0.305798816150783 0.16276163864002 0.137341537719719 0.0787719528920599
0.00811276220473432 0.19745352172462 0.0541013011140698 0.480143216158755 0.166292247346554 0.093896951451266
0.258000597362194 0.0407267260589445 0.27877317451464 0.0781918387753579 0.217895582254875 0.126412081033989
0.020493086675113 0.256431789920382 0.190317301997672 0.214976494617271 0.217107541577407 0.100673785212155
0.0989203723027733 0.0637366187295802 0.215390781505117 0.231523765368723 0.0921384978270363 0.29828996426677
0.0168767263346 0.230100992805458 0.250634326118029 0.257233544118975 0.116108822212633 0.129045588410306
0.0465535969840063 0.280088550799279 0.288476358919947 0.200427947693874 0.147995194469431 0.0364583511334635
0.0158282295101804 0.137810037052134 0.0424874181069807 0.349801889618435 0.0478901525768678 0.406182273135402
0.0499537416758906 0.0545299750180615 0.131948846207758 0.312716942137869 0.28000636451305 0.170844130447371
0.191287541103568 0.163757222731797 0.130884117895474 0.194655254543239 0.145462877762207 0.173952985963716
0.187992968112493 0.0899510685231742 0.234567743890449 0.0289630512901091 0.278642999705259 0.179882168478516
0.225297453814939 0.17399084292259 0.213008208429918 0.127413282493444 0.0420326688129783 0.218257543526131
0.229576248592412 0.317064029840908 0.0993314193262898 0.0619135486649977 0.174095791362168 0.118018962213224
0.0687651957675368 0.00470299318436338 0.228090918615035 0.125838852403357 0.316476638817146 0.256125401212561
0.368926557160349 0.254900296385981 0.00570452193853641 0.0896024595295847 0.260986935127848 0.019879229857701
0.265125806950154 0.0705187222125025 0.0401103648724981 0.176817619580692 0.155988703712725 0.291438782671428
0.344945764337319 0.16664006941731 0.363828215889464 0.0407870453985305 0.0712580470668848 0.0125408578904915
0.209195385287165 0.103715712869433 0.00727782150888372 0.33349382994216 0.337697906130808 0.00861934426155043
0.211652496336407 0.196795046643459 0.071374053845796 0.270004189536906 0.170332312953668 0.0798419006837641
0.103336001966426 0.301511750266158 0.126975012947936 0.150296233744984 0.0855198467532356 0.23236115432126
0.1556205315674 0.325231266790036 0.0697689476037721 0.155760408058366 0.0732228683231504 0.220395977657275
0.0859999522430805 0.104351040237837 0.238863305628922 0.295713101652558 0.273008461879431 0.00206413835817108
0.00576132131667705 0.235612415951494 0.0548487668807436 0.306739356404129 0.296294094862377 0.100744044584579
0.142863379792447 0.119343070105862 0.0489672848591076 0.226572806722975 0.393807434960584 0.0684460235590247
0.0413508001796161 0.414705970625223 0.165091319876959 0.164818503988839 0.0765406540584137 0.137492751270949
0.115960631637728 0.133281411295408 0.173892837687955 0.0788459896506535 0.412269639812103 0.0857494899161533
0.149441067096695 0.268319212920945 0.204205908637004 0.152860052712108 0.110102756796889 0.11507100183636
0.0354121590204368 0.191115448169682 0.255793406090858 0.0547187204931354 0.248748969449721 0.214211296776167
0.207745233358077 0.202019294453838 0.223191867699403 0.201782423449703 0.0302224839008208 0.135038697138158
0.0219421354116025 0.0597991373848584 0.439044937056397 0.0206982572404867 0.000457022233000323 0.458058510673655
0.00802620926129761 0.174292606085243 0.0752844003840639 0.256573406026838 0.207199675512086 0.278623702730471
0.151265082258717 0.149666794394946 0.0664329195559931 0.296201987451228 0.100351065922849 0.236082150416266
0.173280293799349 0.15625253201053 0.157865649403624 0.0738933987221455 0.200180966579615 0.238527159484736
0.126720647921042 0.107388492548311 0.27343087926049 0.266177959001874 0.102734977254713 0.12354704401357
0.167924912185931 0.104001732416914 0.210418241870664 0.187243989862151 0.169060342442124 0.161350781222216
0.363953987852389 0.217525423970718 0.0137195843002732 0.0263435751683289 0.289695972519397 0.0887614561888935
0.21320011972801 0.224559391377871 0.268113200830248 0.0473475312222667 0.171730275165212 0.075049481676392
0.286938447539745 0.137416490422645 0.15342790721145 0.227673502380271 0.1322346012052 0.0623090512406892
0.237972233367679 0.0963225827817464 0.0069251742430946 0.26647412722571 0.102863592059251 0.28944229032252
0.400391547559821 0.269126637848602 0.0599796059629919 0.0398751003257266 0.100326477299889 0.13030063100297
0.246692174758016 0.0560527913072266 0.156788204520704 0.0994017586592586 0.231124431965868 0.209940638788927
0.103377319398406 0.150227667839822 0.257101010842207 0.17466239591247 0.071828116041012 0.242803489966083
0.0330879978421992 0.145187620252927 0.206537667640525 0.245784654449605 0.112322158058739 0.257079901756005
0.259955305098869 0.0283074082352047 0.121401139531085 0.229823677804907 0.135336207031476 0.225176262298459
0.171597707247207 0.127777064999419 0.194479526892629 0.111172315599854 0.217717901244296 0.177255484016594
0.057684463117975 0.0493768431218898 0.392353743096283 0.14651777868584 0.30430039508811 0.0497667768899018
0.204668216313949 0.157554660143936 0.211129159681821 0.0367031352589228 0.186791924610955 0.203152903990415
0.181359158733146 0.0973729268260654 0.208734749777198 0.228649490063411 0.232708250099878 0.0511754245003027
0.413703877320095 0.110175395406659 0.357576780806345 0.0363349022506204 0.030481019074036 0.0517280251422439
0.0440687900882299 0.187335626597338 0.111567535787675 0.0742497793178897 0.335372393886071 0.247405874322796
0.0868227910051917 0.226403716754446 0.159283187601927 0.19826729656658 0.118296592420999 0.210926415650856
0.248302020579353 0.250770391297881 0.059228915988947 0.129641046793365 0.145489604857957 0.166568020482497
0.120886886691368 0.204202599110399 0.136009008200627 0.21469424162782 0.092566200379705 0.23164106399008
0.271092979452013 0.0545181808071217 0.0225390051824086 0.212993940420079 0.27184618363619 0.167009710502188
0.216680679061625 0.13780168106156 0.128180573065967 0.221791216211581 0.232191689865731 0.0633541607335359
0.304558931389552 0.0367891035606066 0.075088402433893 0.251900167084151 0.12901342392089 0.202649971610907
0.182933510270258 0.316961163812531 0.0972231178999879 0.0753083456633719 0.263412676090086 0.0641611862637652
0.24816993707153 0.0946725187461822 0.143340837624563 0.353130921699305 0.157589006463304 0.00309677839511568
0.378517255654242 0.0317584732797705 0.190717277478958 0.0615556284146798 0.1165865128141 0.22086485235825
0.189855354383789 0.0496953628915608 0.276984692946691 0.157403505906982 0.265250652030749 0.0608104318402274
0.134197899512039 0.011382178776079 0.267223294651732 0.135345479591245 0.324310391914949 0.127540755553956
0.104619957599631 0.0973418722169549 0.00286534258367195 0.220319000185079 0.312734125177058 0.262119702237605
0.169019102073946 0.179441147993899 0.156541590101086 0.211973853315107 0.0108411502433324 0.272183156272629
0.0577607987590193 0.0718625632578404 0.198291698087273 0.171078029219341 0.383878143260555 0.117128767415971
0.19163831169591 0.185864368973714 0.0269545697559556 0.288542605549082 0.200092251653272 0.106907892372066
0.229320558095322 0.0935026825706383 0.20686352464295 0.219156960318964 0.0159116693003129 0.235244605071814
0.0640443679748885 0.0429123626609321 0.00571564777437335 0.427409100136683 0.260118720910883 0.19979980054224
0.143022804183694 0.142030038452524 0.125936083757689 0.322716659286034 0.106674054809157 0.159620359510901
0.292131988499344 0.131028313743902 0.0837393835218528 0.185500062791313 0.0865300259676538 0.221070225475934
0.03112344480043 0.0843267790858632 0.0210432564032441 0.397397198870079 0.0100123572256354 0.456096963614748
0.222198026381029 0.165729797429729 0.177481659413251 0.0343776159843967 0.127830449257019 0.272382451534575
0.182167989030274 0.0743283109708172 0.210845831315673 0.200067580914142 0.137783661314848 0.194806626454245
0.313970633880589 0.222372062406765 0.00666173995278386 0.151557786340301 0.227862231919122 0.0775755455004384
0.0978943027715269 0.193130986484773 0.250966373732095 0.113473510267163 0.191754304090074 0.152780522654368
0.104029414610108 0.190922117297947 0.137055880213266 0.219319688006549 0.0667072911042877 0.281965608767842
0.195968516728676 0.0583023572776529 0.0884239767468231 0.260612499969393 0.255528062459347 0.141164586818108
0.0834260972302992 0.255756465335276 0.193909882988214 0.170421741693772 0.121110883755373 0.175374928997066
0.17300453215615 0.173427275641567 0.137596492229675 0.194167934848727 0.151352220369276 0.170451544754606
0.011727309306058 0.248211548682041 0.180629333265681 0.0891141971248522 0.153589137510058 0.316728474111311
0.134164707614221 0.218023814136302 0.0266289017221382 0.0882673511872097 0.161907729456796 0.371007495883334
0.00133594209233152 0.225772891834706 0.253000841671662 0.22750616819997 0.222225946866914 0.070158209334417
0.260110382992089 0.173703676259586 0.00367404541609184 0.319416487234651 0.239106285451491 0.00398912264609046
0.107031110108025 0.0585267417098089 0.103212172366115 0.216888556392225 0.287560766087046 0.22678065333678
0.147145960323312 0.349397569632616 0.0828423969556872 0.138563130748747 0.278384363235806 0.00366657910383235
0.273544559741128 0.210237175000061 0.0637961113296373 0.0932845337185239 0.112430717399297 0.246706902811352
0.160088973409417 0.176114272861768 0.164887187616358 0.206318537606555 0.0885197369512622 0.204071291554639
0.162807213683419 0.0391978129998294 0.0984507091368817 0.00460450180522126 0.402930076172145 0.292009686202503
0.217061123822059 0.186229617440438 0.229533535277025 0.0190367457661442 0.261222081187852 0.0869168965064818
0.0908361586947645 0.00933559917453671 0.222892124841455 0.18900669752782 0.255345682344976 0.232583737416448
0.206274191949445 0.211636426471675 0.155072612545056 0.0340673784312409 0.236939009812477 0.156010380790106
0.0846940860729559 0.0302992025185812 0.351922348974863 0.0283385609440322 0.230494207533759 0.274251593955809
0.161965989157616 0.11958471597393 0.141384086949247 0.17576796608665 0.187362446598212 0.213934795234345
0.185601465018078 0.243014194341466 0.184129320593952 0.0840496864108502 0.258409654547259 0.0447956790883947
0.282036899977125 0.352109205396616 0.0169623520799972 0.126174923480268 0.210713575817067 0.0120030432489267
0.224066826968248 0.140609031182645 0.171255776120529 0.0710944651966878 0.140427605511447 0.252546295020443
0.105087519291714 0.0866751286064691 0.131948852486857 0.125866673436973 0.284982879322721 0.265438946855267
0.3293116516083 0.199883888779143 0.107010908183009 0.0343422468498179 0.0493592364793368 0.280092068100393
0.276604906970789 0.0632090681393301 0.268858924235167 0.0209427493303393 0.134147079133892 0.236237272190483
0.262131400070366 0.198486955004173 0.133200356760027 0.172227473271317 0.0234575319329589 0.210496282961159
0.175301734369475 0.0896810593700554 0.215805486569299 0.191324417019899 0.213515338374174 0.114371964297098
0.107677785139354 0.136428369574488 0.188492377602268 0.226565287225862 0.180096820853686 0.160739359604342
0.00306008292843579 0.280665295342123 0.246803446853589 0.193736809373882 0.0798597328569369 0.195874632645034
0.0788695974326872 0.335452108324065 0.17973019092372 0.121459332665558 0.121367330186006 0.163121440467964
0.143364267951258 0.131016086552182 0.0425187613788209 0.10899346158888 0.257658902354549 0.31644852017431
0.119659700540315 0.151297334775983 0.197991546947947 0.180882693492647 0.172351253385362 0.177817470857746
0.241900469294846 0.0690584144367682 0.158256329788601 0.141073255076074 0.247823985141551 0.141887546262161
0.110146252871857 0.329380236846864 0.335148880065156 0.105069918445733 0.112593414690408 0.00766129707998183
0.0260461488379617 0.119146671511563 0.0600285619926636 0.297937723387291 0.289801041545798 0.207039852724723
0.200126994427899 0.14422331882567 0.100812703240311 0.186118370465556 0.140964273860297 0.227754339180267
0.244875357051764 0.128266620705043 0.120399646140082 0.0146149317565999 0.232555901308011 0.259287543038501
0.0312413248215667 0.248131437492504 0.074692256804909 0.0402469198899877 0.282142459585804 0.323545601405229
0.158487749865928 0.232648425395795 0.121894148416374 0.155033414711824 0.153852353645758 0.17808390796432
0.0324261317613683 0.296490587606807 0.12131528871715 0.0842818354550368 0.359061754524238 0.1064244019354
0.0142037565733174 0.293387650312601 0.26493485675957 0.22463597389789 0.127528296627179 0.0753094658294428
0.135632259096578 0.142535156320375 0.087365379014916 0.178534566617731 0.202111228201238 0.253821410749163
0.0767726859430496 0.144628183879698 0.032949978448286 0.143686893356292 0.342774994262984 0.25918726410969
0.0163519197415401 0.0815755160753182 0.0946439819215545 0.368934559553821 0.0273797805571182 0.411114242150648
0.099976885408714 0.0254450108576359 0.185367851632943 0.233275242511958 0.229823785982759 0.22611122360599
0.180208037434295 0.0386643420391747 0.00317348117582715 0.220094293478277 0.283181380878215 0.274678464994211
0.259478120236557 0.113460340770692 0.194994506800251 0.0338218344929615 0.274567073355455 0.123678124344083
0.0962137748981741 0.233101508618735 0.208469123788886 0.139232646446281 0.215605900068772 0.107377046179152
0.249572641251243 0.287560802978075 0.241729494748721 0.0702241983648167 0.118047282443737 0.0328655802134075
0.219623934892912 0.0696593735743406 0.224421521469731 0.102046285410769 0.14144759016744 0.242801294484808
0.230695930603619 0.16134925635466 0.150127889463461 0.190028000503504 0.0900215024718917 0.177777420602865
0.0959197272446882 0.236018300707862 0.195824623900121 0.0082662447349696 0.244592372321465 0.219378731090895
0.124629394621596 0.236665399861511 0.104999586250713 0.13424731489616 0.165497387685419 0.233960916684602
0.0625157592384461 0.171200497362906 0.0787800495801993 0.242194671045095 0.194412257369202 0.250896765404151
0.0534225103618047 0.178659346251669 0.212103966647239 0.162775607952993 0.184250984401965 0.208787584384328
0.296940083953673 0.0683315163470506 0.0949860529119676 0.444098707551804 0.0250275474786533 0.0706160917568516
0.184858999265087 0.0746693393093192 0.0595485973740423 0.288742172999663 0.252954058884483 0.139226832167406
0.253063256151919 0.0451478420157763 0.175442067051536 0.0319675429978214 0.424198885906702 0.0701804058762457
0.0329896479645212 0.0859487708466906 0.0126800850365882 0.29166621637088 0.317964454178785 0.258750825602535
0.0307641689372199 0.108815608764291 0.211318783040122 0.199125089895337 0.217642803624076 0.232333545738953
0.180360100153572 0.177835971619551 0.141013104098423 0.186211496445527 0.235587521856487 0.0789918058264404
0.251509447272747 0.0470063359345062 0.0923104322606594 0.282942753544589 0.0234185321768756 0.302812498810623
0.334519232719686 0.258594372062816 0.181027481448691 0.0110806909405137 0.113699901559291 0.101078321269002
0.0494717393688945 0.19465707532749 0.163127603728897 0.269856929631118 0.215747588815825 0.107139063127776
0.191863457950033 0.182782433328544 0.258863542215384 0.147148136838231 0.101339792727461 0.118002636940347
0.00473438345716655 0.250983501357776 0.134430678181297 0.241291007833517 0.129116964755981 0.239443464414262
0.0920678322496228 0.0197637065308027 0.164574801684643 0.138078582142145 0.313799332617097 0.271715744775689
0.292018244036296 0.258453028540606 0.0102260262423286 0.205840592115562 0.18481521258095 0.0486468964842573
0.0266543610619987 0.136173430416679 0.211745701325313 0.0293535659221943 0.23085207909715 0.365220862176665
0.349542305594557 0.0142069653973714 0.00558021065579181 0.0762100495008593 0.28952760169808 0.264932867153341
0.139319119675339 0.236464950032117 0.16618102091953 0.250210913895593 0.105423908471731 0.102400087005689
0.285849114530792 0.128134955075784 0.180374095096278 0.278179132453079 0.0209635359945067 0.106499166849559
0.130012574383735 0.232670258021792 0.0779798584320696 0.0719690502365917 0.263682997761164 0.223685261164648
0.060775647974091 0.286767484034091 0.27992025413691 0.10232926257281 0.224221126010499 0.0459862252715991
0.0367580185204102 0.0944600217663763 0.102625081045081 0.265997402375047 0.130454508135473 0.369704968157612
0.0376858161987543 0.0115696476936109 0.16087957981803 0.239980675011959 0.316248877905048 0.233635403372597
0.252229397716953 0.220739749857266 0.0828447764381663 0.105409028149454 0.113809277475038 0.224967770363123
0.246066872951295 0.0976593206956179 0.180478887504748 0.287576939522286 0.0209072873860863 0.167310691939966
0.295052138100854 0.00342899597110053 0.287265331312461 0.0035829092789677 0.172095538420842 0.238575086915776
0.152963287030104 0.171117449446823 0.0227678537679328 0.0269483742844794 0.336696764726497 0.289506270744164
0.235550217334883 0.0757398611972412 0.20628291031213 0.292309772921082 0.114107421910204 0.0760098163244605
0.152274710230923 0.200929766403616 0.0462548368250536 0.053165560145481 0.246432699579926 0.300942426815
0.100824918267983 0.157187210538832 0.261849184922272 0.140305382913243 0.275590303064066 0.0642430002936024
0.12634331238926 0.14144215042562 0.177920534848663 0.23099031825939 0.1656344045812 0.157669279495868
0.0973017338632277 0.258710335674079 0.137291764263213 0.251907470007659 0.229625384781655 0.0251633114101658
0.347774579872168 0.321333259643099 0.142296419305877 0.0180117183935813 0.00818173269559595 0.162402290089679
0.0270038860493304 0.0766340860109182 0.292225991701054 0.0585659881101024 0.295342476265013 0.250227571863582
0.0302598041599873 0.281826883339032 0.0833848855295282 0.288030290028147 0.304236168736125 0.0122619682071802
0.217882373458788 0.214261903618952 0.196872463649734 0.201633532740899 0.0959313525180538 0.0734183740135734
0.178250643629171 0.184859126965301 0.123015716681039 0.237618098122957 0.264082482967725 0.0121739316338073
0.108366016938621 0.165079018937021 0.0463459307260826 0.0645273981253435 0.277717149968562 0.33796448530437
0.0360412034649621 0.241096256146195 0.240538887449001 0.175639945907106 0.0539983639681862 0.252685343064549
0.214761144912029 0.0607372960891538 0.20549323599017 0.166043437505175 0.186393858380314 0.166571027123158
0.0653444189067802 0.231062786427741 0.133994949899857 0.104387342500225 0.299141621027473 0.166068881237924
0.00901484032182898 0.0707038292508107 0.112884239529479 0.564363905842992 0.13921679110654 0.103816393948349
0.076798903505113 0.186146575690401 0.23581965578287 0.1260928732167 0.176935305263747 0.19820668654117
0.22516545893007 0.0616912772810733 0.207014412489361 0.260533341097101 0.0760560184229707 0.169539491779424
0.280327225272141 0.263520593060041 0.130349210556057 0.0925482694385247 0.225533333611251 0.00772136806198527
0.0242175493969965 0.280650841741861 0.262119013455378 0.0215711702350936 0.117707492472439 0.293733932698232
0.342130857971135 0.327210497182831 0.0557682713678302 0.0248358856066262 0.222847441641101 0.0272070462304769
0.281553287715064 0.0737567084838115 0.0472596697437819 0.22873961654087 0.268833762155884 0.0998569553605886
0.0506524765321415 0.0682373108331844 0.195467324992852 0.259518776475627 0.173479683108469 0.252644428057726
0.178920111609143 0.291575031396585 0.268594385965582 0.0511774674947775 0.00365841026512681 0.206074593268785
0.211646316784409 0.094263939357386 0.236295615958026 0.40892993753862 0.0484232272979411 0.000440963063618418
0.169039741675859 0.140958133170927 0.278478120722386 0.303531363428371 0.0151572667902171 0.0928353742122401
0.148786624045972 0.343363858583675 0.125303585564363 0.120785847139934 0.00546068272273777 0.256299401943319
0.0399148810755508 0.0458165108447661 0.179426926956426 0.17823204870916 0.328310409959674 0.228299222454423
0.178352801093964 0.16518276109878 0.0995047873982083 0.157009636303751 0.0803272250316963 0.3196227890736
0.19176065031302 0.0965854871209657 0.316021289734626 0.0851136743114848 0.120051155590701 0.190467742929202
0.0673294275040944 0.1635965794348 0.21222618971049 0.226332721076563 0.0252589662782836 0.305256115995769
0.154168910233432 0.0204426843859143 0.329440506919914 0.258774212332557 0.0488378029550054 0.188335883173178
0.159621762812375 0.19189694636144 0.119084186243303 0.249128709715675 0.116797223087175 0.163471171780031
0.0510951648837659 0.178755713589446 0.324359521521883 0.153007419230604 0.0549731948992084 0.237808985875092
0.0905618457059878 0.293032210864089 0.0973503207520699 0.223067780284448 0.114057115762776 0.181930726630629
0.336749103719367 0.209129233703691 0.204354406460185 0.125398254666679 0.0784498405906457 0.0459191608594319
0.134339417484975 0.157052589800239 0.264413631964994 0.2107546368273 0.0463810399219023 0.18705868400059
0.177908396588114 0.245895786660502 0.150621095160218 0.180140728474505 0.203837710690688 0.041596282425973
0.121437966490271 0.228375750481311 0.150660774052473 0.248608536890257 0.230426554706725 0.020490417378964
0.218737443560291 0.166510166969344 0.0300163747609406 0.129137341268215 0.235019688367332 0.220578985073877
0.151480608270521 0.25539267236135 0.0386826285028443 0.182548105476695 0.225871638794802 0.146024346593787
0.214422206455188 0.0287953086646358 0.00263612347104855 0.0827900309560639 0.411523928403758 0.259832402049305
0.0737538127368723 0.167119030795696 0.172111393127222 0.160826995001788 0.237239076172935 0.188949692165488
0.16771689342157 0.263362824748299 0.192622906788123 0.251355809250647 0.0271726673988537 0.0977688983925064
0.143047216019331 0.265729350358744 0.201932756952753 0.164042413170384 0.177816299405478 0.04743196409331
0.245119484048421 0.138198243802429 0.191760556833649 0.106362975517906 0.128300474181294 0.190258265616301
0.259811792195758 0.139448288303956 0.228817118452084 0.244536833335644 0.00332144007035467 0.124064527642204
0.026664931977787 0.00350708829646944 0.221525468829195 0.402343330315189 0.206950667547698 0.139008513033663
0.214822228742547 0.245679734128346 0.150293723055098 0.0164616229957381 0.259655844863439 0.113086846214832
0.263592131898471 0.0912605562486204 0.068351640415922 0.214611050800886 0.173568288231729 0.188616332404371
0.117537691711659 0.184979112350822 0.189901650711135 0.0493462023076926 0.184248302026848 0.273987040891844
0.190880804777778 0.0876552814188971 0.283562025248106 0.181557425424186 0.139207539274857 0.117136923856176
0.112717143367514 0.0596038616209004 0.127246254942778 0.208210205708289 0.178827876840058 0.313394657520461
0.216821702294539 0.0865894715620415 0.0631025592273399 0.215649300035021 0.245195743763707 0.172641223117352
0.195661868634678 0.168347525615013 0.0120583196869913 0.186115472556939 0.229972929321189 0.20784388418519
0.022263229588922 0.212832271242729 0.266839798298211 0.146667715844686 0.241448910687333 0.109948074338119
0.20016575700317 0.270623446996693 0.227791538885291 0.176024698697276 0.0718789137337395 0.0535156446838301
0.142220780563065 0.154358680025364 0.0974203238666334 0.164350033754522 0.22330882658062 0.218341355209796
0.248923795580735 0.108321055037402 0.0516768707481571 0.105489022862852 0.186391848428863 0.299197407341992
0.369772411052434 0.18923587905182 0.00665117562478089 0.0868035731434798 0.34227414284625 0.00526281828123494
0.105412904895918 0.355449314222014 0.00458866366525136 0.230189052881798 0.15703693756171 0.147323126773309
0.109818458335206 0.0253540323967742 0.244955511984655 0.300562465129786 0.257766985893937 0.0615425462596416
0.308059088797893 0.106376442161406 0.206836143350787 0.114070258230784 0.156997311627424 0.107660755831706
0.0658627345226617 0.307268887071215 0.31715700558772 0.132060070687004 0.165650991800722 0.0120003103306782
