0.186614194929173 0.28042105531296 0.35268236784664 0.106788987200003 0.0734933947112231
0.139350750245137 0.24910169869425 0.180850247241172 0.382746209860524 0.0479510939589184
0.263299121217926 0.135054461082187 0.216954080573698 0.255900806743282 0.128791530382908
0.484005786975678 0.0417677530109381 0.0684874130336328 0.276303826678263 0.129435220301488
0.136638537539906 0.178166011823158 0.31848709604507 0.312537918339955 0.0541704362519114
0.0888328168962436 0.195378497129617 0.289505508059011 0.126131542463421 0.300151635451708
0.21007717209184 0.279850701075239 0.181883952482197 0.0319556760178204 0.296232498332903
0.165250218306968 0.298798703909251 0.11491416501271 0.293922833788708 0.127114078982363
0.268953819788432 0.101525913018324 0.324647497968591 0.297055106206629 0.00781766301802365
0.282157793175948 0.311965321140557 0.267259118777068 0.0572658094507179 0.0813519574557093
0.251159784915782 0.251818279926499 0.214001132049017 0.0340754373345276 0.248945365774174
0.260668494103134 0.16870117883318 0.277188507216828 0.160173060237154 0.133268759609704
0.458748843121322 0.0284422439269507 0.247079262398056 0.0154466776808284 0.250282972872843
0.121525118972216 0.153958843779224 0.2839415063613 0.168381756146844 0.272192774740417
0.277636296915743 0.20709865942692 0.12516530214548 0.279011999403062 0.111087742108795
0.245234813746279 0.207968643107216 0.185350314603156 0.0353889475601757 0.326057280983174
0.178193831901674 0.260350119457173 0.216532415928264 0.114674587148973 0.230249045563916
0.0745449548367541 0.350300295819004 0.293430246541751 0.00768604436677926 0.274038458435712
0.273332429758989 0.296017833666215 0.00996620775400484 0.141261180309757 0.279422348511034
0.250236830734283 0.268636848401632 0.279217925610904 0.00277289312778367 0.199135502125397
0.0524248155439439 0.253662276716425 0.193318039593283 0.426198048650184 0.0743968194961646
0.135041518564146 0.305390325664884 0.147100585652882 0.159532926109297 0.252934644008791
0.256396426938725 0.0858091336726742 0.173187212664131 0.233759205195361 0.250848021529109
0.188626010199017 0.18347374859889 0.246611324097944 0.225635423050137 0.155653494054012
0.308444949728526 0.305866052006592 0.00357851624544767 0.255748109688783 0.126362372330651
0.131587613119527 0.409250487813746 0.0392975895135353 0.00604775186797946 0.413816557685212
0.141522513893676 0.269483830102037 0.256001342933904 0.133212266425941 0.199780046644441
0.353719901793345 0.0203670148102739 0.132342037169378 0.214301086504915 0.279269959722089
0.18248906361346 0.266283035839183 0.366444748466933 0.0106779390652829 0.174105213015141
0.28195404926255 0.265463018643545 0.288788316453467 0.152654444685851 0.0111401709545878
0.143951133728643 0.0692958282592615 0.377156756668205 0.261878014474029 0.147718266869862
0.184485358049981 0.208677384050979 0.168132430176477 0.273383054210646 0.165321773511917
0.181522165139533 0.439958118273086 0.0512595738463978 0.0378460670301115 0.289414075710871
0.208743922816341 0.217700275377513 0.0504935584334781 0.164530219483525 0.358532023889143
0.136609611998088 0.186939460527396 0.257899335152981 0.138617398626695 0.27993419369484
0.201991713648671 0.113000886981318 0.265143715178565 0.271503492111899 0.148360192079547
0.293659041553866 0.203041537064377 0.187505493128154 0.252868220641114 0.062925707612489
0.271647334631752 0.152195839279816 0.202491784709463 0.254868321550353 0.118796719828617
0.133134908492815 0.292720653870146 0.285244384235259 0.237802708885285 0.0510973445164954
0.314702421671577 0.162217247413071 0.0838829584778307 0.0291093454924012 0.41008802694512
0.144571338033618 0.339409465314675 0.0136136361798555 0.343468531230973 0.158937029240878
0.227812050104265 0.094457315242608 0.13002759177416 0.177203787948592 0.370499254930375
0.242416668765325 0.357673130246986 0.122279180392626 0.216320623347529 0.0613103972475343
0.27977862627531 0.124157091567409 0.184492000249799 0.217997848058869 0.193574433848612
0.255484628082923 0.0906231151387554 0.0795574736329771 0.309154710379849 0.265180072765496
0.0927310057804452 0.223108574176269 0.239627227221052 0.396572597385768 0.0479605954364666
0.397409183618455 0.123530182174328 0.00923990920707781 0.4110758580636 0.0587448669365399
0.276693155171194 0.147168160301292 0.188835723204422 0.281252036502147 0.106050924820944
0.234129706596928 0.296381695698083 0.10038291836393 0.0957697421532386 0.27333593718782
0.219884663599696 0.143892569104355 0.217368624766834 0.134996758645792 0.283857383883323
0.165320180099046 0.320444018891907 0.316069692164434 0.0319840572853392 0.166182051559275
0.221367749086025 0.0678296445630055 0.239730950884876 0.119329694284764 0.351741961181329
0.188149481221808 0.144344137345805 0.196762803619313 0.288608054376331 0.182135523436742
0.496169961769028 0.234530522881141 0.105880052575254 0.137748016920794 0.0256714458537826
0.14016814347424 0.201165843680904 0.156108951800755 0.260315724084413 0.242241336959687
0.104637380832881 0.18467351628195 0.313958320343398 0.348635872025573 0.0480949105161981
0.228850908849572 0.0903448514309978 0.290516962724199 0.114294995239064 0.275992281756167
0.0558663371817795 0.250980598911006 0.336417300214762 0.130250947721457 0.226484815970994
0.421219507700567 0.21148808310445 0.00320167659231139 0.0333538328468625 0.330736899755809
0.250959206025234 0.238667253591436 0.243455887543811 0.251143370792205 0.0157742820473142
0.116802104692011 0.325589978006725 0.117579163844166 0.118678331289279 0.321350422167819
0.220075496496599 0.0254855852645311 0.23303057658071 0.309469176073738 0.211939165584422
0.199967909381493 0.226434354448719 0.285292403015092 0.0458780416353148 0.242427291519382
0.339277034423315 0.263186576911635 0.193234074756025 0.086294937337069 0.118007376571956
0.322074863527639 0.088904697549578 0.339365223036147 0.242022122086295 0.00763309380034116
0.240600658828804 0.0346836099828852 0.320443166702519 0.0150900722432576 0.389182492242534
0.345117659583246 0.084625484029709 0.051607306545026 0.340858401230513 0.177791148611506
0.162362678239098 0.127957612652894 0.284204962087711 0.20204494404762 0.223429802972676
0.245747852853795 0.00879941427216492 0.318283139328973 0.234974500042452 0.192195093502616
0.338856401530322 0.073818114070147 0.265558877106072 0.239432725836921 0.0823338814565381
0.0853110890965689 0.0230465631933973 0.414407566877212 0.472639064384671 0.00459571644815123
0.00429552516258525 0.333371749868346 0.333814554799773 0.146509371845506 0.18200879832379
0.067851667849099 0.326253344417198 0.147123198143972 0.111199431197932 0.347572358391799
0.220686714721758 0.232742476792526 0.15886118319253 0.323669518499385 0.064040106793801
0.405577687819197 0.172216315764587 0.00108570199506281 0.376285673549844 0.0448346208713099
0.215662478344107 0.234864546100795 0.221762283134778 0.0317661867894677 0.295944505630852
0.171741154179846 0.114289391998077 0.258187323705266 0.400332118506273 0.0554500116105376
0.353755857040407 0.125142394799785 0.15641260923717 0.246623040763555 0.118066098159082
0.28708172007493 0.102565294101711 0.203106171102976 0.269228185514114 0.138018629206269
0.159011118949812 0.329021534814097 0.13043994403819 0.218754670803641 0.16277273139426
0.0957935654536738 0.302695655229033 0.0799261533713027 0.292253402192743 0.229331223753247
0.0377579564821451 0.314427223656507 0.333218101307924 0.141099658386151 0.173497060167273
0.232968454130459 0.236025560431606 0.0840229338928498 0.139038901662187 0.307944149882898
0.255773981209956 0.178463725285455 0.0820247361625847 0.23353882673391 0.250198730608094
0.302030573286086 0.213495946469637 0.20590848414456 0.145301450593809 0.133263545505907
0.0502691828409315 0.322378647383151 0.103739208549867 0.457131501912991 0.0664814593130596
0.147398583353046 0.0913184927378016 0.266059757081266 0.238407067305128 0.256816099522758
0.332104308739646 0.31766385334063 0.147494620010874 0.00899508069121493 0.193742137217636
0.0635703345463753 0.284078418161145 0.241938107388179 0.192409408901642 0.218003731002659
0.234562928429569 0.248206020041455 0.207500994008351 0.0866973956801814 0.223032661840444
0.0865589237903396 0.0556773099713963 0.302873883083053 0.255312782835452 0.299577100319759
0.263758843160434 0.152883309854644 0.26909459247039 0.0760121725878186 0.238251081926713
0.247365440021147 0.248194732263982 0.0262077955443797 0.249317578808947 0.228914453361545
0.298483058251393 0.29045495548664 0.0329464210841415 0.107795482595343 0.270320082582483
0.0436586809514012 0.106190305971575 0.0478147107968579 0.0851060695585256 0.71723023272164
0.125770501592397 0.300675307799144 0.000213830723714905 0.369450799785958 0.203889560098786
0.025571403640449 0.328148799177668 0.275625377840104 0.342575352891308 0.0280790664504711
0.288538599074663 0.0419661952212617 0.240243693448301 0.244586306226993 0.184665206028782
0.204834367563637 0.352165740992806 0.332414744227143 0.0504704724388844 0.060114674777529
0.378506731078713 0.0567764619689528 0.287846415580338 0.26457661795915 0.0122937734128458
