0.0885902076987856 0.267383799463119 0.198717851374218 0.176147112436239 0.269161029027638
0.192114329924951 0.249495148378171 0.142319973809598 0.389068020575884 0.0270025273113973
0.0823811347865481 0.279909861382809 0.263226113062559 0.14758974111932 0.226893149648763
0.0920597571045792 0.122943028957859 0.275770957240392 0.208833522365517 0.300392734331652
0.144908601182182 0.0963685433808217 0.307375414118803 0.254392085338285 0.196955355979909
0.317800456075414 0.143672168414493 0.25420619391959 0.0487779216791581 0.235543259911346
0.0747382693109719 0.238184755381142 0.278207539800872 0.308222285072579 0.100647150434435
0.169630968184127 0.482152904257956 0.0732031287417742 0.0275360723410575 0.247476926475085
0.00566176931384927 0.0049444160749526 0.439212466137259 0.106897256097231 0.443284092376708
0.344715907348481 0.0223490777966748 0.315742853475792 0.217603398194094 0.0995887631849591
0.261788454859887 0.245963772800209 0.143877958085243 0.218700429651944 0.129669384602718
0.165595712916672 0.221709809536975 0.247663390386213 0.255288505771879 0.109742581388261
0.208272888768549 0.184862988783832 0.0291576494375036 0.257896439769039 0.319810033241076
0.119561159241062 0.321768778685589 0.123493357757398 0.163019653684426 0.272157050631525
0.191020598148482 0.138494089628169 0.145325735228373 0.37994838563384 0.145211191361136
0.325487505280295 0.14193360804631 0.0810266674336263 0.233818379523026 0.217733839716743
0.391048695752216 0.174929980733617 0.312358140220167 0.0410063216009209 0.0806568616930786
0.271124676756243 0.284690592377105 0.1811847418018 0.209066431521273 0.0539335575435792
0.179112344216736 0.210173375726607 0.0408114897351009 0.263541530850714 0.306361259470842
0.164760780263536 0.116070463322628 0.273326226446796 0.281447860075091 0.16439466989195
0.265727822360458 0.299672213738782 0.174106074403671 0.170403725486008 0.0900901640110813
0.13267926845637 0.348933752807388 0.324754069263931 0.125255386984039 0.0683775224882713
0.151470571960456 0.0935946621538621 0.324039238496037 0.255375390263817 0.175520137125829
0.125494235675293 0.142825716618737 0.128216860543313 0.315305888815217 0.288157298347439
0.282303031291385 0.343461292811862 0.0153272654936791 0.164440656345218 0.194467754057856
0.157599223492817 0.190373409167104 0.270119549365347 0.108879305495963 0.273028512478768
0.410360836758426 0.149423194308013 0.124496120414222 0.274199240136462 0.0415206083828758
0.157831022745611 0.302552010279298 0.178215908534705 0.15333281087806 0.208068247562326
0.210373440724213 0.260742258555455 0.0800753922187028 0.260461158171254 0.188347750330375
0.361075633520279 0.111738133073318 0.140999703669361 0.167469814377654 0.218716715359388
0.0507744867567664 0.056202115907922 0.00336867609938143 0.333911646340469 0.555743074895461
0.0152561264977084 0.229277465372119 0.221391223766673 0.229667917263805 0.304407267099694
0.161922093952666 0.206182960723672 0.135602359410151 0.236072202235011 0.2602203836785
0.245362650954779 0.326597007981581 0.161836079887987 0.189822746054063 0.0763815151215907
0.273135464225967 0.0850315037015783 0.103261147927083 0.316892300992667 0.221679583152704
0.162748844325557 0.278901254238436 0.303915534683664 0.197064951878328 0.0573694148740146
0.265801413045701 0.281287950697704 0.139139441685627 0.289176442159987 0.0245947524109816
0.0925193366573148 0.193444008457912 0.239871908076747 0.210056600108493 0.264108146699532
0.21851209640219 0.146258484589514 0.115497495971633 0.210606576878037 0.309125346158626
0.18130264261199 0.304933182478331 0.0954517411945088 0.0391471024600461 0.379165331255124
0.310483247295681 0.100578454644299 0.106170090998189 0.124072094676236 0.358696112385594
0.109862132913186 0.445778674914726 0.209258921253736 0.114155379166861 0.120944891751492
0.0222052542532915 0.340992123874459 0.281029392630464 0.309435243283103 0.0463379859586821
0.316643292173689 0.293861075915643 0.11129729830381 0.175281166608437 0.102917166998421
0.221647558992359 0.114393503240076 0.270097149394603 0.303022419199498 0.0908393691734633
0.213675867279269 0.206501458119308 0.336559741965042 0.0967454924662887 0.146517440170092
0.298543876374097 0.280085974787999 0.263527398533136 0.047384676302372 0.110458074002396
0.0543296753221061 0.187049707431474 0.262604239736232 0.409349091732201 0.0866672857779864
0.104598188204402 0.209256361285192 0.265063829502182 0.215033852115351 0.206047768892873
0.268124455166111 0.0668293991115016 0.264336795603356 0.126701083681588 0.274008266437443
0.243074800927238 0.226952538027906 0.164133425193596 0.122883637200212 0.242955598651049
0.201150090480437 0.0406549189457477 0.398562728798014 0.245575020489813 0.114057241285988
0.39571107804128 0.149768669651521 0.0391108356488375 0.276074176433394 0.139335240224967
0.140821620180119 0.202527347535076 0.250278582326142 0.204932393464908 0.201440056493755
0.0839638640256977 0.0748284411252341 0.294305844845879 0.247150576301702 0.299751273701487
0.159892953911684 0.31576661204256 0.321047110097085 0.153493161766738 0.0498001621819331
0.162280236786812 0.442457824489522 0.191766956672575 0.0656644451778252 0.137830536873266
0.0938713621708029 0.338092833764805 0.0230584190762343 0.227053488715641 0.317923896272518
0.449640972554196 0.0541276437874742 0.330794054125881 0.150215286032375 0.0152220435000736
0.0848893126876587 0.055450450400196 0.60958172528292 0.0641227731940504 0.185955738435174
0.0242100517556118 0.059422432606899 0.281763046725326 0.420907631366615 0.213696837545548
0.438314926595572 0.421113143240641 0.00972486444604429 0.0374954064052334 0.0933516593125097
0.059748634532096 0.156959308009024 0.26063544836215 0.27721715516158 0.24543945393515
0.0078160607248 0.111883099132849 0.257112753626602 0.282010826421078 0.341177260094671
0.184723733429489 0.209936632201543 0.224936062077859 0.370883497477528 0.00952007481358073
0.461260836198475 0.0654408843157762 0.207202547828981 0.0477628416778922 0.218332889978876
0.195874129870033 0.237486380089222 0.26568376786648 0.263966934011665 0.036988788162601
0.283050036398611 0.181081852644493 0.158694793114592 0.0791089725381428 0.298064345304161
0.0466057157943408 0.319170560453083 0.517683990941268 0.107633482621928 0.00890625018938066
0.156023980387713 0.310688647031995 0.0481405270416233 0.23821979317885 0.246927052359819
0.291093248071253 0.201557975684214 0.0514878033590616 0.113599617774078 0.342261355111394
0.113146401283596 0.099009450114126 0.0985197630155411 0.395119704325549 0.294204681261188
0.301029921934282 0.297175214832332 0.0125377594122216 0.0821209281328511 0.307136175688314
0.159617372197999 0.150862766516569 0.178241644566534 0.262973552553444 0.248304664165454
0.382142994267543 0.17625999511305 0.0615040088198095 0.222855484177784 0.157237517621813
0.117268200948395 0.100244301557047 0.196844689862996 0.398629407849771 0.187013399781791
0.137062119030468 0.225312546609445 0.344153545092175 0.265010312438905 0.0284614768290072
0.250261523216245 0.256677267711612 0.229814151923407 0.142371310856013 0.120875746292723
0.308664334245639 0.0761279355918071 0.190135859730472 0.107548747321492 0.31752312311059
0.0867536122213054 0.344757684513623 0.025195342042462 0.22106156763635 0.322231793586259
0.0485915073943321 0.0345404532381191 0.097857102823486 0.409558187770743 0.40945274877332
0.265332221542498 0.199102109888429 0.18784278044226 0.127505143809011 0.220217744317802
0.0608952052999974 0.116086342483593 0.498623229338365 0.0164377983701978 0.307957424507847
0.138232742649718 0.279717918446263 0.251915335555376 0.204921475679148 0.125212527669495
0.339706415663663 0.31863480929719 0.164534005596787 0.142918088166376 0.034206681275984
0.217876807119647 0.100586933505178 0.18056184374542 0.234416895206549 0.266557520423207
0.0727757345888935 0.282614875657347 0.371525495522859 0.00721565128770564 0.265868242943195
0.18336980154404 0.172423142697318 0.0906474151538719 0.26302830719941 0.290531333405361
0.17579132784007 0.139939573944583 0.27067247358113 0.26244270219558 0.151153922438637
0.347437704562664 0.250729874003195 0.123827206442073 0.244550183427332 0.0334550315647362
0.168124386976423 0.188656903421718 0.218857995731353 0.140235805946124 0.284124907924382
0.114973396723017 0.113612660578346 0.0286584413874626 0.523501068616909 0.219254432694265
0.262662558075717 0.271585127049609 0.281274780450711 0.170337194013729 0.0141403404102353
0.228111225339863 0.310074580480593 0.214128558476384 0.245622004427578 0.00206363127558283
0.300089560833274 0.245163360849546 0.110074709905576 0.0211954863071762 0.323476882104428
0.170032935461606 0.291734894266602 0.140793724775954 0.314441696424672 0.0829967490711651
0.233223562904482 0.377841565919641 0.134914070354104 0.104640615228921 0.149380185592852
0.184997153649102 0.315937371885806 0.373749656526457 0.0923513738013615 0.032964444137274
0.0471628339101255 0.33180376380865 0.295173994116185 0.307725732533877 0.0181336756311623
0.22771864778976 0.207510918399554 0.2434622542727 0.247120087197541 0.0741880923404444
0.0766004854652989 0.0147265620618868 0.0305718637496639 0.373511191868673 0.504589896854477
0.520142101767772 0.0253485007639819 0.0948237894507249 0.226519649961779 0.133165958055743
0.1919892888938 0.205811783429173 0.0595987134611381 0.298197326877411 0.244402887338478
0.353508642259066 0.281983752890539 0.10506584165339 0.0253270404196312 0.234114722777374
0.163172258286558 0.268807943257319 0.280827221160379 0.174416907823815 0.112775669471929
0.0571560043723759 0.318188855445733 0.0177781435194518 0.0813543740514911 0.525522622610948
0.0718578540775132 0.302300425897416 0.367387270675248 0.130994178258364 0.127460271091459
0.229243449395711 0.140445233589444 0.0862694291909076 0.217832116753406 0.326209771070532
0.346343181176727 0.0439143193676992 0.26608795826585 0.328862112129668 0.0147924290600563
0.191941785957033 0.312152163443529 0.176647971099521 0.0700988826320254 0.249159196867892
0.0606177061406847 0.454928798849119 0.165653519214758 0.23276601944317 0.0860339563522691
0.000236554701164642 0.175913558985528 0.260638190358283 0.455895277883182 0.107316418071842
0.17642651597071 0.148983412499374 0.257211154574189 0.277991461694333 0.139387455261393
0.167800639756705 0.314609732285993 0.190127360702849 0.0698678681472371 0.257594399107216
0.288615121353142 0.163073992713859 0.251125521502352 0.254855506312446 0.042329858118201
0.224983898608793 0.442574785584306 0.15733467952237 0.0356953165423683 0.139411319742161
0.249163983512118 0.260306440273507 0.0623746390872413 0.269833614104639 0.158321323022495
0.0887749250289278 0.349733395383862 0.206779955996743 0.0322134616029495 0.322498261987518
0.144922681977356 0.0206290219879582 0.346339718666591 0.325614728032056 0.162493849336039
0.308991704477283 0.0178080487521056 0.227642069466778 0.259869810821944 0.18568836648189
0.163734455239268 0.198229461047019 0.110779670486206 0.285927727227552 0.241328685999954
0.233238840890625 0.189845202696161 0.0154240238242238 0.273333118801628 0.288158813787363
0.155647664458826 0.080446950524331 0.324175937355619 0.30455921427123 0.135170233389994
0.0594574560834604 0.0422760083644715 0.246632639189249 0.362326567609645 0.289307328753174
0.271204730886606 0.400292075834215 0.0562425314278769 0.148180181656263 0.124080480195039
0.18014010752032 0.304141258179853 0.239037076635015 0.249052037182256 0.0276295204825556
0.124308979719366 0.223079500742587 0.284235121464603 0.244365683124007 0.124010714949437
0.171415912626687 0.147623225792665 0.04006887667924 0.282709735657166 0.358182249244241
0.196104476181487 0.328186173976727 0.028734884507681 0.216162389770148 0.230812075563957
0.107547320831069 0.140359140226831 0.0566935116480207 0.473528051212188 0.221871976081892
0.0395847443044608 0.371009508981518 0.255455327973187 0.223156435531781 0.110793983209052
0.233620945645682 0.301292979794554 0.0879936407152745 0.315757957371189 0.0613344764732999
0.238773510648083 0.338569181673532 0.126039192128375 0.0455131890627232 0.251104926487286
0.0944474664747284 0.185554682651989 0.244546487273827 0.236621549275071 0.238829814324385
0.32196515370656 0.226280542035336 0.215141375969874 0.122965608208306 0.113647320079923
0.246990180151305 0.243055660771628 0.234486722542386 0.160013584799413 0.115453851735268
0.263584759807345 0.258546346626206 0.105849036503594 0.323212830257053 0.0488070268058019
0.341654784953864 0.13641625891802 0.0864365438794869 0.293214156964709 0.14227825528392
0.29476132580712 0.171493423853553 0.176139664492589 0.257470321314255 0.100135264532484
0.0729148365984766 0.166948867574267 0.376591862353438 0.362080198503096 0.0214642349707222
0.282595320435409 0.014665179903201 0.291959702064666 0.132674009789255 0.278105787807469
0.0283804114186715 0.0675804326209461 0.241670386047749 0.412720228204199 0.249648541708434
0.314286998479342 0.0866204412849614 0.101511697878661 0.376605176326907 0.120975686030129
0.131283189740215 0.0444272953997156 0.494436959258192 0.0715478517616625 0.258304703840215
0.374700115579962 0.152179080702082 0.330472004656855 0.0912257116518048 0.0514230874092959
0.311895962951019 0.0469291328265666 0.184925551139306 0.317413428386726 0.138835924696383
0.214669705587266 0.329889249682131 0.216995290456798 0.185429624982545 0.0530161292912597
0.167597990317503 0.312061402153234 0.134979446479483 0.0483008465700408 0.337060314479739
0.062756692276851 0.321830238889615 0.246169118742982 0.196029426062708 0.173214524027844
0.0102223487179476 0.727429444789004 0.083412856926853 0.132284303781049 0.0466510457851468
0.326573367105065 0.0729889073114273 0.199366528008167 0.344729875933627 0.0563413216417136
0.306148798934788 0.0332818147185057 0.148568881077708 0.263551881236179 0.248448624032819
0.03806701721096 0.0692562634798154 0.212379102715998 0.339330050180292 0.340967566412935
0.127279815104192 0.0205703655564109 0.331634132372787 0.33124577551809 0.18926991144852
0.0258949897612163 0.350482694009861 0.140355913248021 0.298043608430392 0.185222794550509
0.36761760391427 0.156563096203958 0.175249631090073 0.252847894525253 0.0477217742664451
0.213476069005348 0.259314764412178 0.305531103613842 0.127990822714843 0.0936872402537885
0.140248055275231 0.191430146692433 0.239443916658998 0.165552522213166 0.263325359160173
0.226890915441356 0.112252761306475 0.331313450125674 0.271665726199995 0.0578771469264997
0.0116176365354219 0.284087965828 0.501941016700133 0.0686060637297704 0.133747317206674
0.161918008259495 0.247274409464403 0.239568072714968 0.249366825202202 0.101872684358932
0.266434210878828 0.187985303293673 0.284596692640454 0.120938837629346 0.1400449555577
0.229886218884536 0.137276769699123 0.247003554991901 0.112439139735682 0.273394316688759
0.295605726927292 0.281356315717696 0.155004150665661 0.108465931442188 0.159567875247163
0.0379780700324926 0.0853607214961026 0.0938828560795489 0.478307019407307 0.304471332984549
0.314174127546922 0.0215383048002277 0.280940468484028 0.0563444198629169 0.327002679305905
0.130473602674572 0.216560864875303 0.163938494447409 0.313412867607581 0.175614170395135
0.188334160058323 0.16058438035757 0.200125037356712 0.273145428566407 0.177810993660987
0.361075976833396 0.23406151747153 0.0162213757351552 0.341838866590151 0.0468022633697671
0.183642387993717 0.218754997448142 0.0186738586384633 0.304354159088998 0.274574596830679
0.216039254153697 0.118463375409956 0.189613184170922 0.246999070021693 0.228885116243732
0.175691664689862 0.0773580061860581 0.385123895458376 0.0447583390793577 0.317068094586347
0.0601284255977837 0.228616189664241 0.282618899978409 0.208807649594213 0.219828835165353
0.387493959932061 0.00298565622012762 0.0320695444026377 0.247343641104613 0.330107198340561
0.1189343628124 0.16903435967833 0.312337298235687 0.32023948722666 0.0794544920469227
0.0106708435472799 0.257047591562297 0.00269161044518425 0.495912550738295 0.233677403706943
0.108565060805367 0.467429230398878 0.110975292100171 0.26740023729277 0.0456301794028134
0.0034972796553216 0.0751504320048767 0.433119736191215 0.417717476363718 0.0705150757848681
0.127957894162694 0.250963948804813 0.220956021487441 0.101345575863353 0.2987765596817
0.177500501128994 0.169568253218655 0.171286106180665 0.246447058250666 0.235198081221019
0.136527421426667 0.137274819674454 0.0153121584101704 0.193182496055786 0.517703104432922
0.0607473780496372 0.0959268862525206 0.334512354786262 0.162004496029341 0.346808884882239
0.0335542541322371 0.339346425525057 0.378324386155135 0.122700816181824 0.126074118005747
0.0665488678134665 0.307317446241786 0.287595980352796 0.315677306712021 0.0228603988799309
0.218720342934828 0.250987845487149 0.12464917340517 0.27280664264356 0.132835995529294
0.169432251239779 0.0984721817559514 0.128552245927411 0.334833755324891 0.268709565751968
0.05990808418701 0.297445561762782 0.360980828157579 0.17130833240771 0.11035719348492
0.0653413184617624 0.206958615991428 0.149754444077665 0.097225180707805 0.480720440761339
0.221315312865256 0.270820993603447 0.058371222618107 0.0773504705536657 0.372142000359524
0.077691631330585 0.384175320935686 0.00229795800661484 0.26867404436755 0.267161045359565
0.311686387944917 0.130242295153406 0.199496872453558 0.311537167275798 0.0470372771723217
0.0246136091082366 0.288492276565141 0.238147955979726 0.117108994480047 0.331637163866849
0.279485000785338 0.0107259036156659 0.322833646005896 0.266682910748099 0.120272538845001
0.139751412355722 0.373273888458152 0.0674771755840094 0.258805735455308 0.160691788146808
0.207039859428659 0.125745836935732 0.169549956860179 0.366822753351123 0.130841593424307
0.544859820501645 0.107158080677284 0.209147412491629 0.0407597986414692 0.0980748876879716
0.0438510197218651 0.34397028231163 0.255173321137048 0.1045753477167 0.252430029112756
0.240408798647093 0.194097829717659 0.22203942732855 0.27952604037306 0.0639279039336382
0.0426541457517567 0.221666198448819 0.251888831139041 0.292622502312295 0.191168322348088
0.0848628758686995 0.0515909349826444 0.289694045734062 0.519549611021398 0.0543025323931954
0.40587408412198 0.0559941091217172 0.490963392489763 0.00608997086202383 0.0410784434045158
0.257601087858723 0.314415789305535 0.194994273771074 0.193434875596444 0.0395539734682245
0.308748171135308 0.1002602444834 0.22477096498255 0.192738016321654 0.173482603077088
0.371340612184576 0.31438748963189 0.20635700218248 0.0671445212558817 0.0407703747451725
0.0155180323598973 0.389252670523995 0.05724843403571 0.414506920707338 0.123473942373059
0.411881663534194 0.397190545240059 0.0395179471292907 0.00788937488189807 0.143520469214559
0.199102872737912 0.122037893045938 0.210093590650689 0.212675254628078 0.256090388937384
0.0526042662314198 0.211484803063052 0.17319159063708 0.418067497531626 0.144651842536822
0.0237739287685822 0.124011542175868 0.238336804494569 0.309635747267622 0.304241977293359
0.154306642004046 0.345726724100392 0.235129883225604 0.25755308496437 0.00728366570558778
0.123816870697008 0.145774617583676 0.433944525689795 0.258082090852633 0.0383818951768878
0.302235839015638 0.240702766207675 0.258834441182415 0.145163722572683 0.0530632310215896
0.153646891554018 0.131689382596028 0.389200043575613 0.28370987319705 0.0417538090772917
0.0275602018877232 0.105310514834569 0.199510371791819 0.599250801809413 0.068368109676476
0.128694302014452 0.260866922864955 0.312992994711026 0.0496521546183591 0.247793625791207
0.0970063295916763 0.246014255629116 0.192109299989718 0.307808755887308 0.157061358902181
0.108883084491179 0.274494603276773 0.238659207595761 0.0920359063669252 0.285927198269363
0.159196473809217 0.111513124319733 0.427133113124505 0.105579275472739 0.196578013273806
0.124901574998247 0.197079868881476 0.274253402892292 0.256385346316106 0.147379806911878
0.0679113110948462 0.370838954589566 0.33786563425921 0.178915794360968 0.0444683056954102
0.274916736822429 0.282672814854509 0.0919505241942005 0.252383881215021 0.0980760429138406
0.189692926668753 0.166596997136471 0.229337768050752 0.128410468625072 0.285961839518952
0.221595753013412 0.232979920333096 0.217927459981811 0.266895434622138 0.0606014320495419
0.222747547576136 0.298268738691649 0.255447422743835 0.0877873531937476 0.135748937794633
0.216560033025257 0.218131322445347 0.033368628176476 0.243028584590755 0.288911431762165
0.092489555217422 0.579430251932136 0.0464562751929173 0.22150314757468 0.0601207700828444
0.0252539700773019 0.253288921231948 0.0988200309289066 0.388214054386677 0.234423023375167
0.0978280498087496 0.259095148779196 0.0070532251719488 0.272895867378474 0.363127708861632
0.11879584078027 0.463511349095731 0.354214768536404 0.0135861670340966 0.049891874553498
0.0153519919553502 0.315862049751988 0.284974820633824 0.0379981087368106 0.345813028922027
0.13997849346509 0.144256500225906 0.31181030051264 0.00398306904683823 0.399971636749526
0.296321388757816 0.154235460745028 0.277643354480264 0.175811243865352 0.0959885521515401
0.224004540781436 0.272335494856445 0.17156493994409 0.0607491028950723 0.271345921522956
0.141137792593894 0.387825467321618 0.0272478164947782 0.147708471778081 0.296080451811628
0.0635465139973678 0.234917699778619 0.352926934340517 0.115387469886312 0.233221381997184
0.0796801836010215 0.00277805937417408 0.281472846254034 0.355981544708491 0.28008736606228
0.201201864363852 0.284095161388647 0.169699425050739 0.20780767357529 0.137195875621472
0.0533623768215291 0.722201990605809 0.182893775162301 0.0204697182370711 0.0210721391732903
0.345916867966275 0.000131274240785162 0.620112598844797 0.0301227644434013 0.00371649450474154
0.111210695522275 0.244723936691458 0.266907858010271 0.255508836678824 0.121648673097173
0.240833563123523 0.270492117765495 0.279475481140802 0.0913962464685507 0.117802591501629
0.161919237008391 0.0848759230455114 0.0764585322037048 0.299500691803819 0.377245615938574
0.00797738673038415 0.069625837843797 0.576297905470002 0.177786202843064 0.168312667112753
0.213684318323947 0.355470013327165 0.00706233362811962 0.0503915536698948 0.373391781050873
0.0681770912796923 0.0358695271507397 0.390016019189361 0.126838355312992 0.379099007067215
0.176746590644207 0.137096485136911 0.285228976334015 0.0450590708908414 0.355868876994026
0.0493622450509349 0.0808627783032569 0.178832005353841 0.383947738580566 0.306995232711401
0.191216047468511 0.279466319777045 0.281394329907161 0.0683780701216224 0.179545232725661
0.0105531179135076 0.231706662130868 0.194296367531159 0.223719239039946 0.339724613384519
0.0827365712378181 0.34019560391707 0.129122280558627 0.0912594734834524 0.356686070803032
0.191646933581516 0.200089842128555 0.186999189614186 0.260563243144214 0.160700791531529
0.00840936357736539 0.122689294414519 0.252294323885418 0.193273142244967 0.42333387587773
0.244152293098975 0.196709758854939 0.0242725663883654 0.275663698561102 0.259201683096619
0.197946716174485 0.293332174621024 0.240965579145425 0.172695778946857 0.095059751112209
0.187647582447936 0.193218442996603 0.289796651644597 0.0964386566636185 0.232898666247246
0.204149972461607 0.26505258199472 0.335967274183609 0.0618352453599512 0.132994926000112
0.323170825706028 0.0165910386078253 0.262953429101236 0.247565380256776 0.149719326328135
0.410980759970572 0.143617684078071 7.21427387214433e-05 0.371837242122952 0.0734921710896837
0.381155341643526 0.200223389503536 0.0423974986787184 0.0736743291250132 0.302549441049207
0.245814729240366 0.267887487460189 0.306577444908163 0.00119794989584271 0.178522388495439
0.0433538923249966 0.554513542794013 0.0606497941064648 0.200829613032172 0.140653157742354
0.258053464922423 0.00471793295368521 0.294899573211541 0.198606055941212 0.243722972971138
0.262310748094558 0.414470600050291 0.0474668134848305 0.238274882366879 0.0374769560034405
0.24479648275487 0.117764097673549 0.306045090084414 0.0481087670481382 0.283285562439029
0.245431654435604 0.0667699240114172 0.20968727669059 0.266764417598823 0.211346727263566
0.272114607025991 0.227158907013256 0.081614453225795 0.128997763083536 0.290114269651422
0.232698157810766 0.180780434934815 0.234777247631875 0.17175439412135 0.179989765501195
0.328635504822066 0.0353346797473319 0.220037511459483 0.091181426467721 0.324810877503398
0.106178431230536 0.0202861475435599 0.248878988275844 0.311897511605478 0.312758921344582
0.305048626162729 0.114277838959148 0.203895356700259 0.228167796866843 0.148610381311022
0.300054946159996 0.276528256440697 0.171055523400661 0.24760015597802 0.00476111802062559
0.295761020169991 0.259625936889706 0.15472035583667 0.259249009516273 0.0306436775873594
0.235435040809491 0.0551835031529213 0.176705532342558 0.219908629424971 0.312767294270058
0.168995697884937 0.253201092117403 0.201096727656272 0.152601308144303 0.224105174197085
0.619189704516819 0.0266846483561843 0.167388704318533 0.175400810377507 0.0113361324309568
0.131733458199867 0.325515658679364 0.202249461478391 0.11536404337961 0.225137378262768
0.279242706452539 0.242850491623592 0.177565551613178 0.108923564324808 0.191417685985883
0.492605640129949 0.0699230079321591 0.15101710173694 0.0311211808665492 0.255333069334403
0.204885894013731 0.24725623427473 0.213446972080483 0.230688421853299 0.103722477777757
0.47894587095177 0.100944541628318 0.218961494520127 0.110608541385454 0.0905395515143311
0.251493386741523 0.204684644813335 0.0171495511482935 0.269266944715613 0.257405472581235
0.262725849467949 0.187742241694487 0.19518988259933 0.195831731137529 0.158510295100704
0.289363396569821 0.201587602422817 0.0773075116143546 0.120181866751891 0.311559622641117
0.0767521046734453 0.00590345642638018 0.326388435076885 0.350285759666432 0.240670244156857
0.0852807239110041 0.414529038905166 0.00997759707656808 0.166232110139125 0.323980529968137
0.166713140492643 0.00943533430205623 0.362646776252574 0.183721742934147 0.27748300601858
0.260270177561677 0.331480273518369 0.0883938832015593 0.100926590379344 0.21892907533905
0.0883186351955217 0.141638649539929 0.26224879480821 0.165877469552102 0.341916450904237
0.168189569943303 0.280422166674112 0.311642195111623 0.108010641873981 0.131735426396981
0.226178557923651 0.294771505562894 0.107752242283353 0.076716516457737 0.294581177772364
0.277221063764795 0.114930318220916 0.209565530382651 0.314424958139454 0.0838581294921841
0.28869395197939 0.0825163407081433 0.0573462561339109 0.374903274275442 0.196540176903114
0.0418141509269198 0.259486828164842 0.361333012440467 0.0457511672039824 0.291614841263789
0.211295383659338 0.272666868858839 0.0518829049390991 0.264246659518137 0.199908183024587
0.188791926058644 0.229744616249243 0.234372395983111 0.103209535472091 0.243881526236912
0.336857416280193 0.171113251404428 0.141868670270889 0.221305019089261 0.128855642955228
0.0681782343652824 0.392749505488928 0.392327541927389 0.0696474057509128 0.0770973124674879
0.120329886733565 0.241475949848464 0.217136447012651 0.119625623076137 0.301432093329183
0.0697601603150423 0.335277168785352 0.382630122910715 0.0613122964697073 0.151020251519184
0.100798147878576 0.123125514714851 0.349214386308572 0.226773359840671 0.20008859125733
0.293855779551513 0.106378212260094 0.231272538091064 0.183102963545813 0.185390506551516
0.205951594576781 0.102348520612048 0.124524284387016 0.316554235553464 0.250621364870691
0.189112770135001 0.406924353210401 0.0585949738369062 0.124549643634835 0.220818259182856
0.00891636252775581 0.198355683802481 0.262660588054077 0.243433834210882 0.286633531404805
0.340565717464074 0.221322134730549 0.0266961127853074 0.189904760999629 0.221511274020441
0.334066748984783 0.0267381948102017 0.208679172905948 0.4026804798913 0.0278354034077672
0.0570296632181047 0.263340892506122 0.215704502957746 0.229478261865028 0.234446679452998
0.268799488904243 0.147543137636031 0.286640843810173 0.0782809501475409 0.218735579502012
0.27261620001756 0.149452702821058 0.201550232197338 0.264229932543088 0.112150932420955
0.077567408826316 0.292748812414139 0.369003055027996 0.0948814924877351 0.165799231243814
0.185394675247584 0.192095256495315 0.135152176564956 0.182536331027376 0.304821560664769
0.215258573380894 0.000425601344088787 0.114932167729864 0.219902237972494 0.449481419572659
0.215646002448911 0.00506882308288155 0.18448566474464 0.317607968597261 0.277191541126307
0.460739435654665 0.195549962673573 0.0478385038081956 0.290976524077892 0.00489557378567486
0.401847371135454 0.114880884846581 0.143514264731418 0.143403501418393 0.196353977868154
0.25703249786464 0.193164811471194 0.185119270792561 0.105165316905556 0.259518102966049
0.0522395475332596 0.268010466791379 0.276500067546224 0.297762794350233 0.105487123778904
0.204340688058655 0.155983338438837 0.241286404642482 0.230733436259951 0.167656132600074
0.0423393540315356 0.430637998680479 0.118017156208939 0.0226232338403001 0.386382257238747
0.257372179930123 0.239647825947636 0.243580377025049 0.218956179158295 0.0404434379388967
0.0708600677516488 0.342812892724624 0.159040295143742 0.265023920596617 0.162262823783369
0.000785493195655621 0.249526059585952 0.285506941371925 0.359228655915656 0.104952849930812
0.0335101779513661 0.0535510799352083 0.215441208285601 0.305671477869607 0.391826055958217
0.207003766005627 0.167864964151708 0.0606344378953691 0.26803607877878 0.296460753168515
0.115512623754232 0.284894903955182 0.176106360528752 0.290336909145177 0.133149202616657
0.103119128032066 0.0325273562969117 0.306140467588957 0.547057922116942 0.0111551259651239
0.192601674804302 0.355846005228525 0.0726126703912718 0.0953827080488967 0.283556941527005
0.376494973583711 0.159142588380276 0.215547852884734 0.0683471193630387 0.18046746578824
0.245033577290241 0.372601117919386 0.161135826586706 0.0742806868511245 0.146948791352544
0.284194552347259 0.0904280049503434 0.236100484549729 0.282620477218018 0.106656480934651
0.104561429280184 0.0849869178389863 0.361550316224215 0.189834047935895 0.25906728872072
0.270719141740823 0.0232412563310443 0.288275712248332 0.40055471528193 0.0172091743978703
0.0347450705587714 0.3045644743461 0.239268697690099 0.077106878747887 0.344314878657142
0.230430684162565 0.0704822701079426 0.198354342508278 0.290714373374765 0.210018329846449
0.169383734159458 0.142430803473407 0.189722133766104 0.315287995769262 0.183175332831769
0.302069628179331 0.310090948074464 0.159965735086305 0.141374057158434 0.0864996315014661
0.183587740956355 0.201940675960612 0.207124382125346 0.240130199877735 0.167217001079951
0.201508013139122 0.327863521149408 0.0754572709566068 0.280842316809354 0.114328877945509
0.162931289053338 0.202642703810722 0.00452811626053244 0.144682663245568 0.48521522762984
0.274916997840019 0.184053412698099 0.152112770218079 0.119975202549125 0.268941616694677
0.214349308847961 0.00256716918809291 0.206023821078291 0.346853746378705 0.230205954506951
0.00273777120943716 0.110240229178735 0.0581349140174662 0.553038025952923 0.275849059641438
0.0651190315485724 0.17394377181917 0.296008671334715 0.201305811337151 0.263622713960392
0.203102415044072 0.237079657273014 0.068910646434079 0.273323914095303 0.217583367153532
0.0635650588220253 0.0139131163736107 0.466831766044905 0.157935274506813 0.297754784252645
0.219889203725366 0.255821425870094 0.0621843523917134 0.35229613734672 0.109808880666107
0.0154813687545274 0.256702981929985 0.318404320542442 0.277669782670638 0.131741546102408
0.193887889008156 0.270149995072036 0.169550263879933 0.174158382549759 0.192253469490117
0.446273687248307 0.18511307077993 0.0526167989860472 0.295587620892277 0.0204088220934392
0.224800432167969 0.13774221208969 0.0137042077269093 0.119836624354437 0.503916523660994
0.25099604851993 0.171825577568838 0.104767976109549 0.322572327371291 0.149838070430392
0.0178184276140855 0.223567829174063 0.60080924239906 0.0401009412574407 0.117703559555351
0.244129022651253 0.0411914278903449 0.0154035511777821 0.374841901202701 0.32443409707792
0.0727149829608901 0.0893976580911064 0.0917614605449397 0.323339449161969 0.422786449241095
0.296726373971493 0.0170537537249745 0.14022929298296 0.272293739510752 0.27369683980982
0.149148688814262 0.231045470983916 0.206335128735137 0.162124595026391 0.251346116440294
0.316608052248013 0.408047958635452 9.34666016659247e-05 0.251636017700039 0.0236145048148293
0.296431775720884 0.323192140663603 0.0672539717103046 0.0584646886338644 0.254657423271344
0.191949195362314 0.387996317265844 0.0589048341017203 0.195427985502457 0.165721667767665
0.119246652914671 0.212243044224737 0.205939142518707 0.229712075024999 0.232859085316885
0.0348577599337264 0.153351686025499 0.355325706609029 0.333348706792936 0.123116140638809
0.437539924142672 0.186945975794272 0.192721054026609 0.0667959082019115 0.115997137834536
0.0978410028781672 0.204758190636768 0.321528789870499 0.27459237441567 0.101279642198895
0.233615984271782 0.261980872068964 0.12877774732167 0.117225951636779 0.258399444700806
0.139855864696992 0.100125705145518 0.395885708593527 0.148842375389922 0.215290346174041
0.0167300065921939 0.366769541866742 0.102447097788854 0.319984924076688 0.194068429675522
0.391637939853688 0.136817844028191 0.0280779525540479 0.340027657386131 0.103438606177941
0.361515507946152 0.278923997220182 0.0809567536562171 0.0325648023380321 0.246038938839417
0.0997755291935269 0.0282154643155629 0.103758418382961 0.530442235749468 0.237808352358481
0.0975223742196166 0.043086855933398 0.399137386328138 0.0720884651940797 0.388164918324767
0.145698934872622 0.374346468978209 0.254613915550827 0.219651783561919 0.00568889703642202
0.295031638623811 0.0071052649467312 0.455145040351936 0.013804424913324 0.228913631164197
0.119509937628178 0.0505669030507364 0.24628154059244 0.368540155996039 0.215101462732606
0.205730254546801 0.132116351761864 0.229570851788846 0.365251808773468 0.0673307331290212
0.172238229053733 0.289023535199561 0.00911191781293866 0.230278395824794 0.299347922108974
0.299082857316212 0.252828337466968 0.0654586549723879 0.302995960739365 0.0796341895050665
0.0343901253512905 0.301309809232359 0.352181890244779 0.255668157110104 0.0564500180614666
0.103511562035356 0.301834793272988 0.223081580338469 0.124438697585604 0.247133366767583
0.313331636238782 0.0269200085191539 0.34001480249639 0.093361784466827 0.226371768278847
0.371184386907945 0.0518000284675417 0.210132932381068 0.306035839049087 0.0608468131943595
0.0660713493303345 0.196349181909895 0.146140741698908 0.326742472437048 0.264696254623815
0.261606031141758 0.257852416539229 0.192322950706769 0.0801390493095441 0.208079552302699
0.143513820902683 0.294958363093784 0.149470516409776 0.267758729274733 0.144298570319023
0.0894468502112256 0.187754280333473 0.338142587625829 0.121915929879358 0.262740351950115
0.0343232000084349 0.306514948338745 0.202435439528918 0.0535365824365023 0.4031898296874
0.127229234214312 0.251048918847544 0.257192733636701 0.34726471864887 0.0172643946525727
0.218256464433617 0.297196721382722 0.255391961975594 0.105588996270623 0.123565855937443
0.223978379911199 0.428366140660181 0.0156559415264093 0.307930374873921 0.0240691630282895
0.329926364921068 0.109579184737805 0.092651066983808 0.283939885724245 0.183903497633074
0.231912259208773 0.183057918084479 0.114156890149128 0.241789112135912 0.229083820421708
0.177909896943157 0.226213842873986 0.191894274391932 0.194929912140293 0.209052073650632
0.252594685975842 0.250013800916026 0.336738525138835 0.0224421484606103 0.138210839508687
0.00413597022354589 0.187958973947115 0.585753116816616 0.214025351047392 0.0081265879653309
0.330215367729559 0.378072843698814 0.0597894359692813 0.218271931967561 0.0136504206347843
0.231713143444123 0.261722416965115 0.133065057477923 0.243393470194661 0.130105911918179
0.033012238522067 0.102469927792587 0.334524633463958 0.429099496458353 0.100893703763035
0.348194306231264 0.0160975623668293 0.179269825013064 0.35100887332093 0.105429433067912
0.34946477956151 0.250679250072993 0.100211101648194 0.296025080597767 0.00361978811953474
0.350254459463842 0.241525549664972 0.296300797848643 0.00777391385656546 0.104145279165978
0.122854798920619 0.281764273065996 0.351727143346762 0.148972142754003 0.0946816419126203
