0.070367533339636 0.320889957102901 0.347028521974192 0.0984754857918099 0.122784821220932 0.0404536805705294
0.0433624509385655 0.226618263307982 0.218255254314919 0.20666272276471 0.0873289808421407 0.217772327831683
0.153676335944784 0.0250719777614921 0.271513591186513 0.143121769723839 0.108369664076463 0.298246661306909
0.126784115570221 0.217604906981074 0.131890196253286 0.223281526857698 0.0488569342580631 0.251582320079657
0.251324693230168 0.103695098208578 0.263075630485627 0.00883383546553988 0.254636243394611 0.118434499215475
0.203120802701228 0.271791219284633 0.0594631738922869 0.318709206018454 0.129674236760277 0.017241361343121
0.287442249390841 0.109606436402648 0.126358812568093 0.053570707843368 0.306732055800638 0.116289737994412
0.327550722136329 0.256865487708624 0.0169904326255148 0.0954775904192467 0.292928198208551 0.010187568901734
0.160376769306467 0.0565155514733277 0.244453645711882 0.173951176471453 0.0938091084980013 0.270893748538869
0.0569226122549086 0.160689727282681 0.105386555630074 0.179988501570561 0.249422881773475 0.2475897214883
0.0318544425394152 0.311760047162315 0.00318967069954776 0.369633233018996 0.269892069858699 0.0136705367210271
0.213985690334325 0.106302342598524 0.191811963113057 0.184188922758266 0.138075794914004 0.165635286281825
0.4262427748834 0.0545597906119043 0.166464756779764 0.0611555665514487 0.0864349762965178 0.205142134876965
0.0893715989651831 0.0899738256704547 0.0306743653987868 0.146013324327751 0.331014818513846 0.312952067123978
0.177984195426038 0.0890031269342535 0.0840242713091543 0.154610892690939 0.220750749819691 0.273626763819924
0.361242993909842 0.00730008366844462 0.264640469226674 0.203931888133162 0.114632894366882 0.0482516706949956
0.203040548802778 0.272821842375325 0.0158720178144922 0.180484610826969 0.086528659976349 0.241252320204087
0.159114193688289 0.0530634551221183 0.119686054518069 0.195925525059458 0.229572681148473 0.242638090463594
0.203603612503282 0.122805629152577 0.0276946579394864 0.168197585354125 0.33474197630107 0.14295653874946
0.11398899646889 0.105886958780638 0.0717836918228397 0.137680510910447 0.314080769137642 0.256579072879544
0.0274015104150114 0.392659759217893 0.179085754140421 0.213361324624657 0.138211866250014 0.0492797853520026
0.143101912887909 0.07600250547407 0.0281347984679401 0.266482110107415 0.0400264525909765 0.44625222047169
0.112668508699448 0.101117784269031 0.255498919829729 0.151093448435819 0.291112461824495 0.0885088769414783
0.2215185332979 0.294188295459952 0.0567645750147487 0.060779475210517 0.27980996487979 0.0869391561370921
0.348356821036343 0.0307786312505302 0.0129778073499142 0.193343847383104 0.130351843964215 0.284191049015894
0.136741167802118 0.110698549709127 0.162070905293217 0.257104637259302 0.121945311958943 0.211439427977293
0.0511025140585852 0.111921771034959 0.0998373243733716 0.138344432819147 0.280127874607888 0.31866608310605
0.243207804490427 0.186261784938566 0.262384585112025 0.156440977360676 0.0495840982254063 0.1021207498729
0.129255216602357 0.176608930663887 0.0430235020723447 0.220321864792311 0.192037391225636 0.238753094643465
0.235117355714208 0.0077628748066517 0.201768521854093 0.224278759806438 0.203497028998348 0.127575458820261
0.0804817545935537 0.120613233735585 0.15508248330169 0.258685073669324 0.170863287674469 0.214274167025379
0.161326823277787 0.229309500558647 0.0965172167556786 0.264968892619373 0.0768579399883058 0.171019626800209
0.138452883714552 0.198057768300255 0.212370129271799 0.0894982780677537 0.13210008829124 0.2295208523544
0.211668107236958 0.0675715319913572 0.251041198689566 0.1640493115784 0.229965453851736 0.075704396651983
0.176321092554366 0.193276048703103 0.129257493881865 0.150041121583674 0.174181937950743 0.176922305326249
0.171519841654431 0.176436362330808 0.166171288866085 0.173749216202429 0.139500582507237 0.17262270843901
0.194520152045514 0.236357162941572 0.275016630347876 0.0903279418348164 0.137014146837672 0.0667639659925498
0.12389643706785 0.167388787749005 0.220594022508367 0.0356201119547079 0.337111828409895 0.115388812310174
0.060894223456705 0.195690963084939 0.261350744880637 0.225324216799569 0.103842529659229 0.152897322118921
0.0584276233314344 0.0375652286349885 0.220819329005802 0.187543465653327 0.255679529023766 0.239964824350683
0.228326789437806 0.0557058506293462 0.353517863390344 0.112521281566427 0.164266408644502 0.0856618063315755
0.276117253950342 0.19154063782619 0.136258343871349 0.0256306173591645 0.153395140428175 0.21705800656478
0.044906486015688 0.259637057597807 0.253318650021175 0.231256690860987 0.0984441574301025 0.112436958074241
0.0125730836248354 0.0441056229269475 0.23395267845649 0.252085832431368 0.385296583319202 0.0719861992411568
0.0103451558780604 0.0835489820942459 0.211281051717075 0.335917463844492 0.225690531445781 0.133216815020346
0.237659141004022 0.285191599903175 0.0459438385289953 0.259439523529344 0.0496469366991516 0.122118960335312
0.0200018989428735 0.106936941100444 0.23810955292479 0.177346458422145 0.110920756129104 0.346684392480644
0.241736227808649 0.0617348694600505 0.180838630635892 0.108011993900125 0.17152973555544 0.236148542639844
0.102779872837701 0.237744516198512 0.0678398543381102 0.1974329006565 0.184915070000965 0.209287785968212
0.172205822347466 0.146670304335609 0.246886714192305 0.196597300620342 0.141401686757209 0.0962381717470686
0.40742465249342 0.0227385730733741 0.140777984203871 0.0754330311738425 0.0758921201552554 0.277733638900237
0.281782472956954 0.0164385095063718 0.0280669668372297 0.305758604368308 0.240532523304542 0.127420923026595
0.26706158343366 0.238423473197984 0.0991018549641532 0.227567543737485 0.0208499200584082 0.146995624608309
0.034640871507997 0.27881723246643 0.218271848965796 0.024797637692314 0.174845866979589 0.268626542387874
0.211287898611463 0.180898275498604 0.254396511386189 0.0690822979945245 0.266592373285794 0.0177426432234258
0.14309846383393 0.172460123832025 0.200482160452819 0.106157622977236 0.308671734314994 0.0691298945889955
0.162179321488265 0.0727608911371749 0.159098220132838 0.378138137639603 0.00067546725802328 0.227147962344097
0.14863561039079 0.222180077543038 0.208088298757251 0.0784165299012927 0.332957547059915 0.0097219363477129
0.113732096460208 0.123775073863379 0.0800327243883531 0.141494053489304 0.0948839411679275 0.446082110630828
0.0900514353134047 0.133531446899384 0.221171268979565 0.0353430138014798 0.186635931702036 0.333266903304131
0.079642161392911 0.00107241152990636 0.312877883757812 0.114175036517335 0.163369699598017 0.328862807204019
0.208983070801906 0.148560421875149 0.080095362445046 0.207235730891979 0.22967562701003 0.12544978697589
0.198740275481926 0.285738472403971 0.166195745646625 0.0647760627335207 0.00537905936060397 0.279170384373353
0.15193138283931 0.0417222334645981 0.344539950446399 0.209778865997563 0.0648436186601657 0.187183948591964
0.199878049785893 0.219857372448314 0.198560039186523 0.137914393183342 0.151784248951172 0.0920058964447569
0.054883621007276 0.193160358682245 0.321786790282228 0.215017942650452 0.0202481556924215 0.194903131685377
0.0926982013359092 0.355024197519939 0.266202225749673 0.106915986651323 0.145143835968939 0.0340155527742178
0.2437517069528 0.141708044910172 0.237482864323396 0.000685111355648198 0.13485848358188 0.241513788876104
0.0138675309225337 0.24875348419748 0.278902716263545 0.32673260903998 0.0786985163489432 0.0530451432275185
0.208240852357706 0.2796054593183 0.00479577901446188 0.134552373094855 0.0494863561999606 0.323319180014717
0.170413027949129 0.153030371031777 0.0359373253841006 0.202107210015874 0.357850609643689 0.0806614559754304
0.118376512848781 0.0116210330965139 0.263819429736803 0.126792326658202 0.236869892572239 0.242520805087461
0.360481343543622 0.0313359640595317 0.0600388521238742 0.0974467492479053 0.275892121335002 0.174804969690065
0.061631292767799 0.080520462781149 0.358265753112801 0.132639067172515 0.18426630776904 0.182677116396696
0.262005191640266 0.143290730824077 0.206612982766501 0.085480788623199 0.236324562480263 0.0662857436656942
0.192195976169492 0.0723429724534391 0.0199162764196912 0.273739351209219 0.176603836160432 0.265201587587727
0.157293866772427 0.230295367054024 0.272803654679293 0.138212996344331 0.180308501082397 0.0210856140675288
0.149787104446273 0.185290299225113 0.19768172156051 0.0909914096914528 0.266959508879098 0.109289956197553
0.214874639249328 0.243924922251026 0.147405746973845 0.0896315076469507 0.0686791530736889 0.235484030805162
0.0136322362001957 0.0820081878403626 0.00316335841742416 0.441446713850211 0.453410272084171 0.00633923160763589
0.126980718734636 0.12132950194716 0.239180513678731 0.282523131616584 0.00527629344097024 0.224709840581918
0.360214815592462 0.102635798043509 0.0936429900672964 0.070291762271638 0.313352163673475 0.0598624703516195
0.328501608148583 0.183049214069486 0.0837074783955104 0.0691701451556321 0.213867893504977 0.121703660725812
0.160884353091214 0.261682192690341 0.0846439555225891 0.0929582433468192 0.281596736654827 0.11823451869421
0.273596680305166 0.273272046374367 0.0798935291556679 0.15156289860606 0.172168597301972 0.049506248256767
0.219058412723562 0.206337344760895 0.11775690496987 0.112341138328903 0.216136827026848 0.128369372189922
0.19616234516391 0.203656875875723 0.237134966935938 0.18973398328769 0.151333587520883 0.0219782412158558
0.199789019416874 0.128349513712214 0.181894378791275 0.19251543485986 0.191405032251588 0.10604662096819
0.0600693378432799 0.378728811776596 0.222721560410409 0.0432560217111217 0.240207046386942 0.0550172218716517
0.018349186735999 0.193305959443499 0.216519671941881 0.251810210242416 0.15462098193948 0.165393989696725
0.201136381823764 0.160758220990912 0.200423742598829 0.0524328792634891 0.141257712322391 0.243991063000615
0.0225024147872819 0.040636618408579 0.107633208571253 0.197115854671484 0.324378048552704 0.307733855008698
0.0535089762297998 0.248606228396844 0.272454582527073 0.00361506439099184 0.142524610223574 0.279290538231718
0.0111844217436296 0.440847502493788 0.0142540305193732 0.0471187763345153 0.0770684292826381 0.409526839626056
0.215257726228817 0.0605454335044424 0.0325761383993712 0.284714458114799 0.19371378832331 0.21319245542926
0.0962099282616775 0.186606912591238 0.146711526227381 0.195575122809986 0.246446696763535 0.128449813346182
0.102713540863774 0.226880109229903 0.137018046061741 0.307668969512701 0.099190613303301 0.126528721028581
0.289073183417051 0.0607397611171482 0.23407681109523 0.206540336579093 0.102886646925774 0.106683260865703
0.0167109880085414 0.253288895768139 0.128236289029943 0.10405590258599 0.326753383172434 0.170954541434953
0.256733933340617 0.0700020331681911 0.00799230048403705 0.270123904495062 0.259175474294143 0.135972354217951
0.218171253048887 0.203972807797759 0.167544669320826 0.208760831085519 0.0277064768967428 0.173843961850266
0.17620728660617 0.165931657268944 0.0686691209708075 0.242682409808308 0.108892194784405 0.237617330561366
0.207819349053089 0.164993745059759 0.210224396642093 0.135384930043439 0.0791847795917553 0.202392799609865
0.0201277777198343 0.395833919421161 0.0162667263449568 0.0322163505892821 0.0572850925741615 0.478270133350605
0.105649477435728 0.068262396089792 0.235408527090393 0.0800354970894525 0.305372375953822 0.205271726340812
0.277315728418877 0.142600739043557 0.283784520071074 0.148852577053613 0.0534342273817363 0.0940122080311415
0.296025793747627 0.165748402641665 0.0677411726587055 0.284065434655616 0.165568391992489 0.0208508043038969
0.0485009411723394 0.250184905376292 0.345041144535765 0.109925968711108 0.204107947489332 0.0422390927151646
0.0829952780422316 0.199040946001699 0.0248233762484488 0.279087434203388 0.159147639939961 0.254905325564272
0.222802916795427 0.434671045393891 0.0786870592529867 0.115876300100563 0.0145147750433425 0.13344790341379
0.349569147579178 0.0172112052508494 0.156616326689785 0.0356434640363636 0.145791389733784 0.295168466710039
0.123075056755156 0.135082353340363 0.141701776406085 0.0665890789152482 0.19182111397432 0.341730620608827
0.0654828539366115 0.00813740493195304 0.0580802003504112 0.330145269344175 0.0758438592880431 0.462310412148806
0.0792037753262962 0.0831040332516559 0.239872486873509 0.138930730480228 0.226433117289154 0.232455856779156
0.250915496658792 0.0333341655623099 0.264012039612353 0.217130085927432 0.129554699217056 0.105053513022057
0.228909652300462 0.203435453885166 0.148076699021201 0.0290228017581465 0.150846798852576 0.239708594182449
0.232565284326978 0.068039767757135 0.230536522891949 0.0562812436429999 0.186683801280171 0.225893380100766
0.183245928753888 0.1866449321484 0.155401740505604 0.132455404681327 0.146870478175041 0.19538151573574
0.123761835939754 0.293020979386955 0.196553462180419 0.230475803901368 0.137543687461216 0.0186442311302873
0.316523581707796 0.185468102582972 0.075241725126435 0.0684852512675182 0.343007924701451 0.0112734146138268
0.213418043194737 0.283758958160076 0.136135432552134 0.041379222823829 0.178748939959159 0.146559403310065
0.214973283298339 0.154325059832703 0.0841140449702986 0.201583724594247 0.265732602807442 0.0792712844969697
0.0836358228120008 0.182631299618393 0.326049510322263 0.0778158388849203 0.0647400143550195 0.265127514007404
0.211995449796876 0.249940929056861 0.225796599178618 0.0294521111941813 0.12382570679652 0.158989203976943
0.0929969242296406 0.136128137479451 0.224202379350412 0.171027323606695 0.18213197465405 0.193513260679752
0.226615789909823 0.16426052174359 0.0223526272445798 0.288099668497385 0.253619350717443 0.0450520418871782
0.105768533703263 0.187917264578318 0.190148385305174 0.245895281480545 0.139852925818415 0.130417609114286
0.19790663010227 0.0923764163199861 0.0953481689533065 0.19392907162203 0.196469038005406 0.223970674997001
0.132727808567546 0.0371706872196839 0.370912535946456 0.385523415604879 0.000951979209902815 0.0727135734515324
0.226517679620115 0.088217732639603 0.211268458097183 0.163290616798584 0.172541547432891 0.138163965411624
0.0325684023567092 0.254908854295494 0.199507624827295 0.0220418550398014 0.313529075981895 0.177444187498805
0.152587096685191 0.073218671684228 0.236545994902161 0.0603055159657505 0.17590305683141 0.301439663931259
0.109159433267015 0.204255579425345 0.180715838100691 0.160745156849287 0.165734444004476 0.179389548353185
0.174451835611455 0.303249855142506 0.212675265450035 0.18316611592509 0.00946591023169926 0.116991017639214
0.351261389333433 0.1934620767443 0.182851360545535 0.0771728293280507 0.114403618036308 0.0808487260123727
0.216843801017159 0.187411033478328 0.0354975281454315 0.104487336845079 0.314723500703388 0.141036799810614
0.0608975669402378 0.263446826282868 0.250396320795672 0.118630329577988 0.173480177911908 0.133148778491326
0.202798094810097 0.220875083340565 0.125177520972595 0.065442063335209 0.214510930079772 0.171196307461762
0.182529877972196 0.152246610696269 0.22266694571949 0.236058312444383 0.122769407959974 0.0837288452076893
0.111482421700202 0.00522079288892867 0.28253969315089 0.289390836336677 0.132445432108653 0.178920823814649
0.129061765140902 0.2450563619034 0.159284608118083 0.127987652460345 0.311844784405674 0.026764827971596
0.0743405375226436 0.0149412662911718 0.236599173295832 0.236170771594006 0.154536241343161 0.283412009953185
0.158177694355322 0.141751903006269 0.298206176078486 0.308248875375643 0.0854032787657522 0.00821207241852856
0.0597013585053091 0.382152513020294 0.10448913853809 0.125484767952141 0.120444089260631 0.207728132723535
0.0723106329844311 0.30422377640398 0.0903908016768946 0.203115292669004 0.0235587492269877 0.306400747038702
0.175972259793746 0.0454869308077587 0.202037535747538 0.271567480595406 0.303446869724387 0.00148892333116386
0.147840824250243 0.193599054518409 0.158931775433061 0.0797536363253337 0.174212967839907 0.245661741633045
0.218921602401515 0.0511825218151435 0.182514432872007 0.192506469234356 0.175275251869711 0.179599721807268
0.368321704640028 0.0403511982160634 0.218194826361922 0.0079175625572412 0.227927277251252 0.137287430973493
0.240253797613441 0.0434157729140439 0.168081985445691 0.313490011659108 0.0861977948161754 0.14856063755154
0.028967070808098 0.0493101133816858 0.289814861512409 0.227991133708109 0.108351387619209 0.295565432970489
0.20607909308982 0.163954683688675 0.0973074104859702 0.2875446678017 0.13864064008523 0.106473504848606
0.0439020059126558 0.0235652599134202 0.366664269992387 0.261948288749795 0.270381986573159 0.033538188858583
0.117730530214527 0.0849470934904386 0.326962714603345 0.0588545989489908 0.137637684510089 0.273867378232609
0.100202150960323 0.276712486822577 0.190702991780446 0.166783302849821 0.12096368256901 0.144635385017823
0.325600056095135 0.0675027694004372 0.0235269444193912 0.0908985928495891 0.251644636701792 0.240827000533655
0.0786130269556665 0.573889360726829 0.0571134681338884 0.0856867197272414 0.0392757496667648 0.16542167478961
0.160469654981869 0.174030336697407 0.278902923255598 0.235189816992152 0.00797681031583056 0.143430457757143
0.219408432528019 0.268465994241067 0.00159711589397315 0.108083719500184 0.137234460239658 0.265210277597099
0.168083434419031 0.107530442827019 0.146719701856051 0.145489512279724 0.202062179658978 0.230114728959196
0.0775424110662217 0.201320862876158 0.0327969637089599 0.219527358174293 0.235122300544084 0.233690103630284
0.0377258961234345 0.0216223373251454 0.385524288161544 0.162486616947076 0.355939842301605 0.036701019141195
0.089570796704354 0.141053582837663 0.233627451281334 0.322725542375542 0.177197814737961 0.0358248120631464
0.201789090744579 0.0250767149897038 0.105091585271441 0.226421784199897 0.235254042753792 0.206366782040587
0.0974150872186682 0.22668147538547 0.233491326908647 0.00065192441447023 0.307292617106877 0.134467568965868
0.177885908818223 0.206182666714316 0.0331657112560942 0.201639182929976 0.219609936179836 0.161516594101554
0.188882487378249 0.177667660468484 0.101620089315089 0.198752314291687 0.0817394524336156 0.251337996112876
0.185245202559021 0.138506768305066 0.332669873397971 0.107185227783388 0.0369649354730475 0.199427992481508
0.116260445294991 0.297056832280939 0.103173170208167 0.131112057778942 0.27379136914176 0.0786061252952011
0.0731179699152185 0.276122204860877 0.181288162937716 0.104156805319729 0.280348408033566 0.0849664489328942
0.0940322876351088 0.185596834760218 0.18327664159645 0.222717063777011 0.244095914960462 0.0702812572707509
0.274174787786762 0.114572538482162 0.293545404700327 0.0931425486172166 0.179020420549216 0.045544299864316
0.110663566719469 0.0446330592841468 0.0213200688988435 0.31224376948082 0.274241393395732 0.236898142220988
0.105191346886491 0.100731968676593 0.164590267581714 0.169078528095317 0.241074801196907 0.219333087562978
0.26346608976123 0.201834525133531 0.0365712332099281 0.0773516083691251 0.208882461995524 0.211894081530662
0.212529848950545 0.197941470479569 0.19247937050922 0.177739763771716 0.0660159868602385 0.153293559428711
0.161163518994436 0.174371599569475 0.140969896198841 0.166577698345563 0.144282783913348 0.212634502978337
0.129570024407919 0.118773545888985 0.244767247170815 0.241902173314637 0.226969600718229 0.0380174084994148
0.0801819394295879 0.171625359838894 0.219906353658753 0.0989806952019556 0.228618694120597 0.200686957750212
0.0403466036445596 0.34022249339598 0.29775535355568 0.0484977618847056 0.00384420154145897 0.269333585977615
0.102050876105499 0.0539156843052792 0.262655388672721 0.100696315158057 0.241686805770286 0.238994929988157
0.0767103560618871 0.203444261110828 0.184752230557388 0.0598823371253346 0.218815803233874 0.256395011910689
0.127101538544289 0.185934650617025 0.0939758911896355 0.216717595104397 0.298843122855718 0.0774272016889348
0.122302766464924 0.271373632580329 0.138310453826436 0.0256763210889239 0.262356770145636 0.179980055893752
0.290236754571446 0.196894722697817 0.164708117450632 0.046217882573744 0.137415028515777 0.164527494190584
0.257825571049519 0.0931996257291506 0.0811315336100283 0.238518677634131 0.267810125825185 0.0615144661519861
0.203703918532716 0.211017554523216 0.098013097927916 0.247912459579962 0.231171421113658 0.00818154832253298
0.158376106861875 0.158332370474532 0.0707254198993589 0.154838675336283 0.235725248221964 0.222002179205987
0.287651056658233 0.093280503507524 0.0197704054691545 0.163835548297067 0.352826196078817 0.0826362899892043
0.258387530519382 0.154686639551673 0.18281991397722 0.0853551496162017 0.231837703284025 0.0869130630514989
0.0989852814258888 0.00324461795743274 0.0660605632245988 0.276644000614481 0.349100552751763 0.205964984025836
0.0101842800456577 0.0308290325090669 0.320317358981842 0.330137550635375 0.0684710172789408 0.240060760549118
0.251170297218342 0.17308317216395 0.139708845451658 0.0420336697038017 0.255051377604559 0.138952637857688
0.159519830076014 0.0943889982927165 0.267010909436035 0.15824789419972 0.0649850078516037 0.255847360143911
0.061338615002512 0.274441532889801 0.12577508816475 0.00327153315460693 0.29756182873695 0.237611402051381
0.219433672462943 0.253591446259776 0.0973972924519107 0.219774904069574 0.172226345453023 0.0375763393027743
0.368081856295132 0.0824946205855337 0.0355518230057991 0.297460514150579 0.133017048841987 0.0833941371209689
0.18855184885426 0.0698735424601418 0.0768204789180054 0.235069201711168 0.271817012371393 0.157867915685033
0.22564396112953 0.120279438316362 0.136050070356315 0.107565516127758 0.212453373798153 0.198007640271882
0.336232150419531 0.300461168600249 0.135007116377992 0.0532521216295446 0.0209634796446441 0.154083963328039
0.193767384304873 0.199189133449903 0.176551961058493 0.217135776521921 0.191418164900244 0.0219375797645662
0.334011157482237 0.211514105693538 0.0681572218050429 0.113330954497302 0.0510729010361601 0.221913659485719
0.180679402818428 0.248997449427487 0.0329402438457037 0.312822590384866 0.196520845123633 0.0280394683998822
0.292949174825059 0.340538369717666 0.00225931680356746 0.153930069786207 0.107750795739265 0.102572273128236
0.220537420318104 0.0258557761627091 0.186632117909007 0.143300072832054 0.235825391084424 0.187849221693701
0.220249464660951 0.183778080830591 0.0611600392458669 0.282905594677818 0.186498627548956 0.0654081930358172
0.0128800034601751 0.176743021835184 0.192999625969164 0.0748918156837643 0.323404533957952 0.219080999093761
0.232925169071454 0.155239383220643 0.225318803507482 0.130192263443513 0.0782016377638667 0.178122742993041
0.0513955641903204 0.280947145537092 0.0598688331192149 0.136927018863632 0.362850700367589 0.108010737922152
0.339052798989424 0.12809935688997 0.0490078460833356 0.293388508138064 0.0435052553133017 0.146946234585904
0.209533568963573 0.100485094177231 0.00199746046728616 0.375767336014643 0.125327288436392 0.186889251940874
0.231314117646727 0.0818589982010703 0.198687123625184 0.0164686211076447 0.257087718571236 0.214583420848138
0.16028229735773 0.126388698206389 0.0567531922081628 0.179287611966884 0.0462650703187671 0.431023129942066
0.163002027872018 0.170555228341599 0.200043599007232 0.209035109678548 0.0730615039405933 0.184302531160009
0.19100100018574 0.172746741881973 0.138522090731509 0.223363591867437 0.0994713013631906 0.174895273970151
0.182488312531245 0.0956196992333171 0.182230285835886 0.185701422863666 0.156896387582413 0.197063891953472
0.203038403170758 0.180528822081582 0.102876308349675 0.289233219153404 0.0103681380462883 0.213955109198292
0.204294894211213 0.0422729052517518 0.359249636554659 0.159883992477366 0.0558873235048742 0.178411248000136
0.0484796620468098 0.0424551481053921 0.136787316919635 0.153998988709056 0.269486029463334 0.348792854755774
0.224385917958534 0.19219080472487 0.0851336325631333 0.0877117823495415 0.188502523867896 0.222075338536026
0.280947486102576 0.213678368294094 0.2876477678704 0.0484172676194596 0.0521386840815514 0.11717042603192
0.194016874977381 0.32943226444034 0.159225489253345 0.0120578637275543 0.141271043752505 0.163996463848875
0.295753544435405 0.0565001839633756 0.210637602316354 0.12543157874522 0.108799986862671 0.202877103676974
0.036706609429658 0.336676545132788 0.170897413999336 0.155564442048554 0.293326195676699 0.00682879371296581
0.203163973768943 0.260670556889502 0.121459278611741 0.015848865807011 0.194717894198736 0.204139430724066
0.201564469699505 0.287570394563487 0.0786473365505913 0.142578775021171 0.00150256923371899 0.288136454931527
0.00749431112831014 0.251811720734611 0.0934302720174854 0.218562922580453 0.0859879666315563 0.342712806907585
0.0667646767118283 0.056035028789609 0.408401709633101 0.209863176526654 0.120358602274289 0.138576806064519
0.0498289030198521 0.137272248881453 0.208629831359951 0.238262794902898 0.229008572147237 0.136997649688609
0.0186286322009728 0.074073466988347 0.0418961121064281 0.348534328911152 0.339990073876697 0.176877385916403
0.369688438922482 0.00717187285079164 0.130983655927193 0.279376401601207 0.0683479757022695 0.144431654996058
0.0648852650529764 0.0316344949994753 0.264751528644 0.184010137511988 0.18630283953093 0.26841573426063
0.226056712341602 0.217033407139364 0.206464075298895 0.0184761400331745 0.263149240917914 0.0688204242690504
0.0476354484709033 0.0911826863805424 0.339535917880301 0.191040426446329 0.235253308728449 0.0953522120934747
0.232218827246816 0.225999416337685 0.208986835544634 0.212475516398573 0.106452600732182 0.0138668037401089
0.134379508791378 0.134646166358783 0.133619022422153 0.176846323993143 0.15159246450446 0.268916513930084
0.114177638589024 0.290906007528109 0.239757335913273 0.122748863655264 0.0586905203306304 0.1737196339837
0.0586727606779757 0.266382046189207 0.179331849001824 0.247049728823033 0.0138964865029255 0.234667128805036
0.104902116309863 0.0656090118621969 0.194212083414992 0.282630501096232 0.182112607716441 0.170533679600276
0.117679044094512 0.267162245546575 0.183144602265722 0.0807522698318837 0.241475902538101 0.109785935723208
0.146169559163751 0.242470309249137 0.0747585565215176 0.306413528653494 0.134224171694902 0.0959638747171994
0.184449068774035 0.0688789827476129 0.171024363563039 0.2887369035026 0.228514191964776 0.0583964894479372
0.0869466540445542 0.21857890060287 0.285035341793712 0.148192888772536 0.177370563908777 0.0838756508775513
0.145914790356007 0.260756499199086 0.0704525433351706 0.116696078789012 0.243800143703376 0.162379944617348
0.0746851999760166 0.0560542631435815 0.168821091837243 0.227854574940042 0.227023991443952 0.245560878659164
0.236345829190564 0.192120823395111 0.121154917971573 0.12850210070128 0.161022726727566 0.160853602013905
0.0281091929562978 0.387608239099548 0.0646020035129328 0.15963770502332 0.0422448772142254 0.317797982193677
0.0514034709214893 0.0777214278837333 0.29687514504266 0.176099832416653 0.247146556931052 0.150753566804412
0.177521488014917 0.17587117987274 0.00119444562281874 0.291820387858871 0.296812193581705 0.0567803050489487
0.257530874770116 0.304601799153187 0.210284619804607 0.109372126306322 0.0685260595720747 0.0496845203936934
0.280800714461643 0.177807402455326 0.0869594329526506 0.300987970216971 0.0453541366884101 0.108090343225
0.025877472265822 0.457063905352444 0.195059585828127 0.0630614771298779 0.0739338902069314 0.185003669216797
0.249954113089902 0.0940717097436938 0.257053864810378 0.135422141663984 0.0782293949191773 0.185268775772865
0.482700504650588 0.129248427665248 0.0284000546383812 0.0507617780328095 0.120243709526467 0.188645525486507
0.111040756681287 0.437989777721117 0.313562449714539 0.0305155784277563 0.0255713494821553 0.0813200879731451
0.0942584459134217 0.103308082614456 0.244534212576195 0.377180754691262 0.0621125318642362 0.118605972340429
0.239673085970055 0.13920742104476 0.0489497947694705 0.233643011347543 0.296565284162169 0.0419614027060033
0.103981023317949 0.00267726045058132 0.331609897052191 0.148390226960034 0.371493940428005 0.0418476517912383
0.186394421384999 0.102394460343908 0.100576773741276 0.199690312422234 0.228366925510329 0.182577106597254
0.202293437902056 0.193757760277621 0.155533723816088 0.160009814783284 0.159762050599524 0.128643212621427
0.152869889126831 0.119249897330645 0.161153974214573 0.0273519231963131 0.266955233840378 0.272419082291261
0.065625167950675 0.200860666269073 0.32486899019651 0.159204597159336 0.247385864986597 0.00205471343780927
0.0997702021058299 0.158605236290776 0.130305313413524 0.0379961795353883 0.360494423041099 0.212828645613383
0.226748329995125 0.27317564673868 0.192805501164184 0.00596272328309933 0.262595367606537 0.0387124312123737
0.0469594098266614 0.238459885318607 0.29687567120753 0.257232460223411 0.0664745208918945 0.0939980525318964
0.0259939215009933 0.0140167679302135 0.284305698540017 0.282566107073579 0.258201309872516 0.134916195082681
0.383784495992186 0.124722793067657 0.322142869819951 0.0659683243753672 0.0071757431510313 0.0962057735938074
0.167561470577807 0.0766021607061575 0.246530752170957 0.191388203267681 0.214351286142375 0.103566127135022
0.0930835278750226 0.0076071496338002 0.345197229656028 0.18797734181001 0.00493877524933658 0.361195975775802
0.183768905784134 0.327020843727166 0.111572081285604 0.0594172192753716 0.282929457961674 0.0352914919660505
0.289512776933604 0.0621388569136764 0.0705021158650892 0.178116790774592 0.143606663293769 0.256122796219269
0.260323316311695 0.248620336121598 0.177613073720361 0.00542722491903122 0.236598045335375 0.0714180035919404
0.248829584031528 0.128488443712001 0.242010487817232 0.195086508051314 0.0662745391597397 0.119310437228184
0.270425024463919 0.277441109143823 0.0278662467959347 0.125773784162856 0.186102415142767 0.1123914202907
0.157331736745627 0.20826555036652 0.0812723599285969 0.201743581369146 0.185302011052919 0.166084760537192
0.0773639244330265 0.223836621838683 0.181367826733464 0.0825273397650052 0.191653907100817 0.243250380129005
0.111774280170663 0.103323928610572 0.245399268110719 0.0646529735776743 0.242750691549253 0.232098857981119
0.213771721819139 0.172669949871096 0.0426316135741318 0.180517907593961 0.152985020846739 0.237423786294933
0.208145774762429 0.161332836265655 0.220246907672979 0.0629658809102209 0.132537231184301 0.214771369204414
0.215828519836425 0.269384804139637 0.0484292512217775 0.0072124359947328 0.292704874095915 0.166440114711512
0.0214303545659847 0.314739798650056 0.335510112177423 0.0926280477641797 0.139533063405961 0.096158623436396
0.122551583424631 0.0391436409918662 0.244290646598157 0.0707046786870447 0.251378674742228 0.271930775556073
0.121589587233304 0.0203418310816907 0.142397287568581 0.306370615854388 0.28364276099196 0.125657917270077
0.196955480269485 0.215234340099073 0.23730921541181 0.068646473343048 0.100879292097408 0.180975198779175
0.199253295679856 0.0109171497384991 0.18714457813607 0.225484712029132 0.178610465239014 0.198589799177429
0.0953285830512816 0.32650112821511 0.336977590416304 0.0554018722775114 0.150174200381613 0.03561662565818
0.269042024194282 0.0725636399614482 0.244956214875703 0.0339531293572674 0.210745889238199 0.168739102373101
0.201276969945878 0.116245017051615 0.159397137893417 0.20227315274701 0.151512090867701 0.169295631494378
0.210650714066798 0.165750309083172 0.128706894284807 0.118175650534211 0.157881894730227 0.218834537300785
0.269976395829344 0.208419050261059 0.209268838432133 0.183680855115196 0.0178878111656236 0.110767049196645
0.076556883171045 0.351588046616655 0.185553909013727 0.153958974565304 0.13132483787353 0.101017348759738
0.173013625323318 0.132097191517057 0.104134604074104 0.127051382906722 0.278328022403706 0.185375173775092
0.239378433229592 0.199828641422311 0.0782167640010897 0.139719454316303 0.259611411811489 0.0832452952192151
0.162088326854352 0.162112797057537 0.213775736256523 0.0640598937966916 0.0898095259886705 0.308153720046226
0.240565549584467 0.290440391581002 0.0413783468426806 0.14165820054394 0.0557353589002832 0.230222152547627
0.193378318869518 0.223292261025735 0.0469846348119292 0.199273682343654 0.10277071894432 0.234300384004844
0.27184254119625 0.133155920731958 0.351736771020854 0.0171224735532323 0.107541094984137 0.118601198513569
0.206005060712679 0.148004339220846 0.0583606382503233 0.179709530956895 0.183824125695143 0.224096305164113
0.22648695976987 0.135022182347529 0.23429198476261 0.180794578548025 0.165082997452684 0.0583212971192812
0.0531225771207238 0.176574517038595 0.278994254400061 0.0186848505802799 0.283825921962618 0.188797878897723
