0.203217105911931 0.208850411463771 0.0871577932218688 0.0688214005899679 0.103040737488057 0.156243502456905 0.172669048867499
0.0216627444488481 0.0515889091079714 0.223850266593494 0.36351743059035 0.0307577307130741 0.167599745940379 0.141023172605883
0.220515596071734 0.164535400634894 0.0998821399632603 0.242740467628915 0.00268812729754595 0.0286464271484325 0.240991841255219
0.199235179162319 0.130729372444753 0.0558013707016949 0.159651851857755 0.207855198957579 0.0561189722117898 0.190608054664109
0.283266000298074 0.0729094703909731 0.00681990978366778 0.349484078312514 0.164353578555412 0.0925294001037653 0.0306375625555939
0.144485931271652 0.275311146494203 0.028154885126214 0.0368567483292687 0.25990804768277 0.0952047750735489 0.160078466022343
0.22335986081824 0.136610099226674 0.0323955549714875 0.110944379815185 0.245363937583435 0.0561341469073091 0.195192020677669
0.245391667585456 0.244536797240141 0.259048096255253 0.00864535513046848 0.0224803301718886 0.197315752280881 0.0225820013359119
0.152841199910569 0.20386972466884 0.215809860429546 0.190861436651149 0.0418041133667199 0.193999535894243 0.000814129078932842
0.236189672097358 0.0671856141850601 0.220477826447243 0.192766416587216 0.0738855069406535 0.0926674087156404 0.116827555026829
0.273845162090181 0.0232314824751554 0.208227632258497 0.115536463286066 0.155223585217673 0.030644815360506 0.193290859311921
0.340012848903554 0.0668323529533024 0.327258736663014 0.186239820873961 0.0198533899237246 0.00423074708310009 0.0555721035993448
0.22073441196827 0.163701204363208 0.19828971499716 0.145737362037673 0.171497627355248 0.0206006996950998 0.0794389795833417
0.0386786078722174 0.0916841569495374 0.0337317947289302 0.269778550404702 0.131248865351783 0.228905662606777 0.205972362086053
0.0892229607744221 0.109513710717879 0.186578423970601 0.333593829409498 0.1250921434935 0.0674816086032257 0.0885173230308738
0.0384613671686339 0.116530369635857 0.032482331553796 0.241494519148535 0.270270559613121 0.185740527966975 0.115020324913082
0.218521927591929 0.146741025159062 0.0599033444507334 0.211044627952806 0.183606979477574 0.102970487215367 0.0772116081525285
0.212267875894341 0.0634512823485015 0.15456290447554 0.0693658865310823 0.1966313863279 0.119046094136672 0.184674570285963
0.274766224582633 0.0134794541974781 0.164494596213372 0.231098449682564 0.135469183266957 0.0126365230252162 0.16805556903178
0.0931400632662377 0.249566230130341 0.244219055860131 0.185160098582307 0.0799353875719173 0.0436814114041027 0.104297753184964
0.183322745553173 0.062343972636239 0.18240670204197 0.155432401443919 0.16945072355989 0.193310113623326 0.0537333411414841
0.172896342433799 0.0624687801945771 0.194259024008945 0.121982381880437 0.166830541718634 0.212861574174453 0.0687013555891546
0.198349445678662 0.000802482100432295 0.238438381076973 0.116690086273413 0.10411081983453 0.170064034477025 0.171544750558966
0.110140089737586 0.272290493526805 0.1461840640619 0.0898910337501846 0.165490895696587 0.0535274628872295 0.162475960339708
0.310371808302057 0.142585744246073 0.0104252844664733 0.109140304683574 0.303017402993763 0.0946414050319486 0.0298180502761107
0.00499999867288534 0.289679416819599 0.117288378057526 0.168400993033773 0.200091689238852 0.212873251089497 0.00666627308786842
0.162666980414476 0.135324221962226 0.160924500277187 0.176402304220253 0.112528485711604 0.0922562374982227 0.159897269916032
0.0864854176658173 0.192492327727614 0.21526611142969 0.0186564034305109 0.145330909975202 0.234634193120945 0.107134636650222
0.303751573461852 0.0133238037304598 0.282420704510952 0.0668447197972914 0.216907752932062 0.0426755350003022 0.0740759105670813
0.184194314971327 0.105372495202359 0.244337139565799 0.0851715916442602 0.153687791341535 0.207860935415721 0.0193757318589983
0.119090851811049 0.0306154089342447 0.202768735244543 0.247616072791863 0.167197128280753 0.0877933048541009 0.144918498083447
0.109303784588227 0.137521166568151 0.341453764001229 0.0252349126893968 0.18755439732065 0.13980526146531 0.0591267133670368
0.183042054998271 0.078965039188266 0.149180993784586 0.176148526516891 0.174936253717538 0.042046172697276 0.195680959097171
0.109260387081288 0.0411903589430714 0.220127804217455 0.236233277829579 0.229300981365493 0.072678487439529 0.0912087031235854
0.169851675005108 0.0609916253652647 0.233095746695124 0.177759294726627 0.16677932291823 0.0023653864811499 0.189156948808496
0.113653052548362 0.089739408391639 0.198828435604472 0.197086628808488 0.0954816536265223 0.132725856856222 0.172484964164294
0.109635582073974 0.0179576860428475 0.205384677925208 0.203630207692707 0.293095524120419 0.166892283484277 0.00340403866056733
0.129063435736719 0.165942174403443 0.0961776572098189 0.201617477221802 0.214489161002906 0.0478053848630872 0.144904709562224
0.0995576361912581 0.0838602509848961 0.265066239677344 0.258582458921751 0.0983906468644351 0.115856621341416 0.0786861460188999
0.0650201165511631 0.060743840895237 0.206902666826869 0.152921303924518 0.101248519270068 0.210949344387966 0.20221420814418
0.170529468155215 0.238347411825401 0.18715683351206 0.0219052914285686 0.0445231845810348 0.0740860320742289 0.263451778423491
0.187171942556985 0.140076618134769 0.10311893147475 0.114751582054477 0.283105681241181 0.157952938949235 0.0138223055886022
0.20360515150223 0.173563438595607 0.177665175973078 0.0428449030224806 0.118416566487665 0.175021750575793 0.108883013843147
0.0916422990458434 0.238148794988932 0.11768283710027 0.106960101429904 0.269991671008649 0.0227284720093437 0.152845824417057
0.0686785059895619 0.0562503320050889 0.0716368188840938 0.202475669442732 0.148214702471282 0.212912350951739 0.239831620255502
0.0897014097623441 0.258776201856272 0.157609986073084 0.0448130756218297 0.218732029917286 0.129355842064459 0.101011454704724
0.122338606975439 0.146100120074408 0.276617663913253 0.115544147341896 0.0630562187907861 0.0636749075597418 0.212668335344476
0.225698045519991 0.241574823741543 0.0231833636532727 0.20309697788607 0.195024096258695 0.100648916427396 0.0107737765130328
0.149670404926783 0.11171902653824 0.158295117224753 0.102442047318878 0.135707166189006 0.144482700368603 0.197683537433738
0.202901869326378 0.00407091448084809 0.254669678140578 0.185730022190921 0.144038813251795 0.158260658187301 0.050328044422178
0.107751058456552 0.142163276418478 0.235633542878559 0.0635145391135963 0.0117356447348872 0.288596793308209 0.150605145089719
0.207151687367728 0.0748586794383355 0.141798139947658 0.0783406852905709 0.203739573804808 0.154695676690594 0.139415557460306
0.181721508756719 0.0724136629864761 0.241867669375723 0.0524617070580345 0.196312458179908 0.156511780690935 0.0987112129522041
0.225379791518863 0.106715494534711 0.0488782527140049 0.228521169859771 0.126748910554593 0.0509813861619773 0.21277499465608
0.0107966461583282 0.0556576963165325 0.0631666028569122 0.334248354845661 0.0328021397913447 0.289583316772254 0.213745243258968
0.502996330652215 0.236702845197404 0.015714414935756 0.00766485955775595 0.0401876443903639 0.0145463044102563 0.182187600856249
0.238930856197225 0.230596926827746 0.0505617950300235 0.102989044524411 0.0398245435901466 0.216101138048226 0.120995695782222
0.207118128601895 0.0495849420583863 0.122947557940501 0.237743015740957 0.124362461627715 0.0948135017505563 0.16343039227999
0.185591064458814 0.020445888987269 0.0972253403452408 0.00778644081826953 0.185098729581771 0.257713125067533 0.246139410741103
0.129872046249013 0.0771926121954757 0.188770225747124 0.181981352760615 0.124028711706124 0.0777910427779814 0.220364008563667
0.189846055421895 0.0113757140526803 0.207335669703812 0.0662119078324777 0.135798172856597 0.182438532423558 0.20699394770898
0.0234473613021777 0.180151060135115 0.0757780232161225 0.134819974614407 0.138286295520624 0.252755495223612 0.194761789987941
0.0433501373210491 0.00499104923403795 0.242981204974461 0.310328503995178 0.111233530271523 0.19262326075427 0.0944923134494816
0.00544483707433134 0.238236571246447 0.124442999159918 0.14670861193274 0.175569611956706 0.14900580882617 0.160591559803687
0.0205918464168306 0.189752323162111 0.21979968401675 0.0797002058364985 0.113078009999329 0.23451663854361 0.142561292024871
0.0529508533021036 0.086418618578717 0.179840552733908 0.168042475259985 0.197311476287224 0.117659388725129 0.197776635112934
0.123960959048662 0.0919558011373879 0.240760234600694 0.199023981175586 0.165250486318172 0.0756262839375211 0.103422253781976
0.133937429590888 0.0434755285468796 0.0681203411305576 0.191031313368559 0.215863186325632 0.178772056976739 0.168800144060744
0.109055250457034 0.00948617208105077 0.1779196070256 0.199571192521666 0.13101421389637 0.122860923130427 0.250092640887854
0.0608940311483615 0.0799801213701332 0.0906956391418196 0.228342027683288 0.159897488597382 0.157536107957538 0.222654584101477
0.207620768317645 0.226924890652756 0.0029662724994119 0.194486862898438 0.164766271366534 0.188596557170491 0.0146383770947243
0.263828216655222 0.223536704267102 0.0697343656691932 0.107624903808042 0.00151162836296135 0.0431759869847428 0.290588194252737
0.106242421109912 0.177546451590165 0.188899801641227 0.144145768216533 0.172245508196686 0.18667912080847 0.0242409284370062
0.214123179168017 0.316510156735157 0.01248196105097 0.0438096264879451 0.0663629978759239 0.144121931573574 0.202590147108413
0.0240819543018412 0.170769056171354 0.220449834785698 0.108259471281826 0.103495332579944 0.21667208160644 0.156272269272896
0.225296167486304 0.123172057090794 0.203658892808483 0.0106049447697856 0.272012238142671 0.0780206511799616 0.0872350485220008
0.0394489275369587 0.0793076482028566 0.19403883140609 0.182742968418611 0.22795734646452 0.0741311388026266 0.202373139168337
0.057639459084562 0.220604855450351 0.117204993810659 0.0213609640293229 0.0230633092018726 0.276354014303811 0.283772404119421
0.0104096428287577 0.0925993239226275 0.0461651817548586 0.152766586854779 0.185764187441808 0.302568010734638 0.209727066462531
0.0209699937275617 0.25913220248891 0.157035255812317 0.132211806501864 0.0969064424165034 0.225427582167776 0.108316716885068
0.219309489499764 0.03594115364779 0.258816959227854 0.124437919814594 0.266515388953385 0.0291844039768062 0.0657946848798067
0.145841785941954 0.200357570457813 0.0800042996301066 0.189157772583236 0.0739549534766628 0.233817661660851 0.0768659562493767
0.186951626954773 0.0770015629347331 0.0973523883142325 0.190188522174566 0.0330983745231724 0.177715055535315 0.237692469563209
0.284231252542229 0.0763720380351717 0.0230231638761429 0.0307190591920254 0.350094098633803 0.101060798434495 0.134499589286133
0.119418885556967 0.202011430042566 0.131798081300134 0.127959269828126 0.0904039669648057 0.217904358446854 0.110504007860548
0.164631257126483 0.0814801242166099 0.202881222391225 0.114565152437005 0.193796266097936 0.165641686538341 0.0770042911924004
0.244626268198584 0.187859543489701 0.125160716195811 0.0376001741748536 0.0146312829808462 0.139983311262649 0.250138703697555
0.00414830117557042 0.104875426726574 0.105914407866356 0.244019127370668 0.2320617924793 0.0590992830220293 0.249881661359502
0.184381906396444 0.369408587092828 0.0888801385951101 0.0010914217648784 0.317310987526739 0.0227838237634777 0.0161431348605235
0.338128756204575 0.100751145462095 0.0296360041858731 0.135371051312424 0.111921918770765 0.0788312443666961 0.205359879697572
0.339882611496079 0.0258279151271937 0.122926641176391 0.0036642251804407 0.113103697691663 0.195156768915994 0.199438140412239
0.28890468354046 0.258212531230928 0.187340881760065 0.00374154958345278 0.0763308281611182 0.157858427490803 0.0276110982331736
0.214805923851477 0.186277763596554 0.0840636150488307 0.0176671884688471 0.237922723756752 0.233638400084123 0.0256243851934151
0.381031071784553 0.0604915671943047 0.159973630832098 0.149298365601605 0.0766383312691027 0.138022057605174 0.0345449757131628
0.0119519758183885 0.226091768584172 0.063733088901569 0.241248590366628 0.107714966799176 0.212097476448773 0.137162133081293
0.0935917971452924 0.146707847908287 0.165300608247286 0.171266750647612 0.187825372881747 0.227198999360808 0.00810862380896787
0.205360002061801 0.219227731860267 0.215912862125851 0.10819987154191 0.196952378172032 0.011416117108114 0.0429310371300249
0.0280433907331996 0.100545108442298 0.208076835920581 0.213802039199719 0.0858581092263182 0.16450407203147 0.199170444446414
0.166264823113731 0.208749815452546 0.177796443490716 0.188052287372228 0.0258137594029621 0.11303632764725 0.120286543520567
0.169258163549813 0.166210171779609 0.206062206114902 0.00275061037282583 0.287687480649894 0.0693027358188992 0.0987286317140572
0.0940587453272986 0.0982332140994696 0.0267296325726752 0.0387069488973121 0.321284426882959 0.0655630875896938 0.355423944630592
0.213038095839231 0.144093237150891 0.148575262539841 0.118014841712049 0.191726859834323 0.013639702080355 0.17091200084331
0.147886915425291 0.0261626787299511 0.0355199316608201 0.267049067539335 0.266483038568806 0.0186945518273413 0.238203816248455
0.131450525372912 0.19244199824945 0.0559060918697399 0.195890751780529 0.151199644011681 0.102275741232602 0.170835247483086
0.252918739340391 0.202545584226263 0.256172321554653 0.138618633819322 0.0347768989086212 0.0754129239962024 0.0395548981545467
0.0995195524821991 0.106610194018413 0.206973296593153 0.201137587462192 0.117013560577126 0.147330584074802 0.121415224792115
0.29078168327461 0.0182801684340633 0.26823862730494 0.0201546832136078 0.0504118533744189 0.0337252283369912 0.318407756061368
0.12630666321143 0.195317010302273 0.182236383206543 0.0900522541345302 0.153055364820422 0.121666301958581 0.131366022366222
0.112674388347748 0.0660660621314489 0.0987639049532149 0.173727461775746 0.214320022115705 0.199615320434002 0.134832840242135
0.176988091839382 0.178913799470438 0.113965487713271 0.100131939451989 0.071456357372875 0.166647942325778 0.191896381826267
0.135647765825416 0.0865363572788118 0.16198873848713 0.169154052463236 0.0970092500608886 0.12604625510672 0.223617580777798
0.13943791462189 0.148424250390119 0.226818085879369 0.131579236531893 0.2135960349605 0.0680699769176364 0.0720745006985934
0.0847985121560162 0.0942212039162391 0.0270635524884339 0.155506116258779 0.239888353889779 0.300600167001545 0.0979220942892074
0.152903826752644 0.120233588390648 0.0324779125456535 0.223744380083707 0.196755339817744 0.251200427024264 0.0226845253853399
0.203257517596423 0.108321280444743 0.09379413711537 0.225708987041475 0.111743855476747 0.214383150335725 0.0427910719895165
0.00101603649112245 0.0213286276748692 0.248126254697257 0.0576044594679089 0.300128042448177 0.117489915643304 0.254306663577362
0.0684040299898202 0.137262073425604 0.0618223438487575 0.153861581921941 0.277844905659207 0.147089898041316 0.153715167113355
0.244076050928898 0.0406206574761811 0.0803976969864364 0.0850094899579685 0.204391667123196 0.254890552215081 0.0906138853122388
0.159141144796848 0.23035949974196 0.227034768839078 0.0159755072946553 0.170906173229379 0.174423694707363 0.0221592113907174
0.269678940450723 0.251100685183016 0.0288236389127636 0.0752572619442935 0.152075541258497 0.0297203429414161 0.19334358930929
0.28970238037995 0.0417241092982569 0.09130801846788 0.27364960247105 0.21650627093753 0.0599978701252118 0.0271117483201211
0.17501894004285 0.180296227399144 0.081112629344829 0.151139329102942 0.176990864255035 0.191270558839878 0.0441714510153218
0.089188441548616 0.111331072363934 0.216512376796747 0.134890067069205 0.151116982525819 0.0574514357899916 0.239509623905687
0.215076595246784 0.113734743178609 0.0294350384904242 0.116706880786381 0.277509839501724 0.00108393358559612 0.246452969210482
0.116845565054631 0.224161154646784 0.216018359983107 0.103217181251541 0.0157236389592902 0.219133563158394 0.104900536946253
0.0227005243682077 0.132158392347207 0.0417279131580253 0.230138765694311 0.219425141500405 0.167850084210143 0.185999178721701
0.259974507099222 0.207629183380877 0.131086348219467 0.0138682620498819 0.0503760115445035 0.271580795643465 0.0654848920625829
0.149339364128672 0.182974755998804 0.211438730369644 0.163554752488006 0.0384379543814482 0.147742510293254 0.106511932340171
0.194372549796296 0.226253338514461 0.228992334466641 0.146647948595272 0.0739841980181714 0.0512499185155256 0.0784997120936332
0.238730396775095 0.061815858663017 0.0423271313237736 0.0771618571534644 0.0744079294386434 0.266089954730566 0.239466871915441
0.311197083499933 0.0475504989525004 0.151785249589786 0.0468081415885946 0.0440732411707971 0.164613087488971 0.233972697709418
0.336720054045713 0.0339246927075403 0.0734039557569119 0.0962776605229369 0.303108901499557 0.0233446987390127 0.133220036728328
0.158511132663236 0.338543682410646 0.0741673157200818 0.268732265681846 0.00045328901621064 0.100723041912899 0.0588692725950798
0.0955472617648699 0.132258883408722 0.148215116394646 0.161462368963391 0.185815996677435 0.0437789527620109 0.232921420028925
0.273841026237254 0.0232866090054381 0.209169632153262 0.0987831758340914 0.261137418798038 0.113975095962878 0.0198070420090392
0.222211350502304 0.0253257180687379 0.0986979780381525 0.0839950041317601 0.201969466610692 0.153336050058056 0.214464432590297
0.237543398948364 0.0468750095896667 0.000640913492806742 0.193245445308056 0.289466911610372 0.172196308434952 0.060032012615783
0.233657769026702 0.117881128555009 0.0020690384470935 0.180250136816923 0.209593084319041 0.172566749312241 0.0839820935229898
0.0745638968658075 0.192198879504554 0.0858061329421369 0.0961946780130188 0.169876746995744 0.208925780148646 0.172433885530093
0.200638726744084 0.125460835759545 0.0928164328665642 0.251725671868028 0.238227425115972 0.0656996033556797 0.025431304290127
0.223075577684605 0.0957207700087396 0.125806637671289 0.0475041232623242 0.155027073565259 0.106362253645745 0.246503564162037
0.272340925126623 0.250160549032317 0.0278866279710446 0.122900803774934 0.00876359284156424 0.00412920386551561 0.313818297388001
0.217442519365583 0.218737434747392 0.0021407058951927 0.144113681790546 0.197785168448492 0.105701277626803 0.114079212125991
0.145323893196352 0.198231752971902 0.189622411037545 0.173756813246305 0.199188761470234 0.0105773800802532 0.0832989879974083
0.240740561252509 0.0329642984843576 0.128088657502087 0.147790022022355 0.240342221541526 0.0817422990379734 0.128331940159192
0.179471776812408 0.196500890253837 0.119132572736085 0.134180340633013 0.162220248965364 0.019201128621505 0.189293041977789
0.232490542373968 0.256218576755243 0.24874850907765 0.035743802096163 0.125384066034325 0.0488345224473739 0.0525799812152781
0.152891173326311 0.220210066888434 0.0337617315880277 0.181286720399893 0.0510038286566542 0.212596534328594 0.148249944812085
0.320190574920322 0.100512396808939 0.184165930671439 0.00881344867147215 0.209189296015404 0.0559092524499912 0.121219100462432
0.0491262151347143 0.0367611328427722 0.405266810966269 0.0566082755854721 0.154051719244174 0.0620017609184795 0.236184085308119
0.193417092947414 0.206871221628658 0.064018788876145 0.0968004015294321 0.121895985150808 0.128077102528131 0.188919407339411
0.171240928682557 0.166646325044309 0.100088335741783 0.0894876958700346 0.0657645462999869 0.248120536706336 0.158651631654993
0.0085720963222538 0.149322327152904 0.307060128444918 0.14067800001068 0.236322323310327 0.0563716207983846 0.101673503960532
0.12493779487273 0.13834394236207 0.208901045406543 0.0336113280607001 0.135838852080134 0.273744795118753 0.0846222420990698
0.222406834562843 0.219984498146068 0.171466218089919 0.172609956439582 0.0464633421823086 0.164255510976229 0.00281363960305066
0.210006322074126 0.0992799972064666 0.285450865211949 0.0897439955754269 0.1276843253002 0.172599353244214 0.0152351413876172
0.225521225361321 0.131227050441317 0.176485460047255 0.039747294697128 0.210369292057212 0.101532559181343 0.115117118214424
0.301554411537353 0.103204733816169 0.0932732649860433 0.0951858188191153 0.0126898776541676 0.319015355545616 0.075076537641536
0.401362903185334 0.0209295676834086 0.0217297884105615 0.0305433027190918 0.320264062118176 0.0941536355806799 0.111016740302748
0.17052356001343 0.173918569103315 0.298587323910761 0.134083028797662 0.11849404072508 0.0922624828776113 0.0121309945721405
0.00381050687422903 0.16430477539853 0.0775080509528978 0.163638224074889 0.203745054723029 0.129085241766054 0.25790814621037
0.220949517703214 0.191130959672488 0.0173171287794197 0.249918071639651 0.166287629515791 0.0959335245306664 0.0584631681587696
0.107779819624117 0.236240535007258 0.193535651951801 0.163096603617635 0.0513321254468223 0.111466071230148 0.136549193122218
0.163051318172143 0.129559582649188 0.213497650678265 0.0576138708449218 0.169261439027221 0.137347310884431 0.129668827743831
0.0873453186424367 0.14744246841007 0.193035575706708 0.0991379802940758 0.213362915539252 0.00630204056413455 0.253373700843322
0.0126976367650719 0.230787520067998 0.208120864755679 0.0459602340653 0.212108107474952 0.104511918687234 0.185813718183765
0.271622420802225 0.188717146956857 0.208128472131519 0.147630693847116 0.106810450630058 0.0261927474376449 0.0508980681945795
0.277386421968313 0.186103986744209 0.0458802076785452 0.219878672749269 0.257243123188887 0.00546288603255436 0.00804470163822142
0.131135493639693 0.0610258779605895 0.208435905944591 0.21748342783271 0.0457121372438499 0.183600312909555 0.152606844469011
0.106884532586876 0.0366728960262424 0.182264391841404 0.160612186790087 0.246512252887161 0.0843524689719572 0.182701270896273
0.0981346790262219 0.197620872908153 0.212463616471233 0.0982668531905298 0.176970752318814 0.112916650049863 0.103626576035186
0.0818737432369441 0.269608857270606 0.101803870022426 0.301795763309933 0.0855982829535606 0.0779048483438153 0.0814146348627152
0.228784395428571 0.0973315543444027 0.250945465541873 0.176998851557756 0.128179693963557 0.113563003477762 0.00419703568607904
0.262949488955667 0.117504579971476 0.24485045165496 0.046233727297749 0.0446307429866953 0.121767233373606 0.162063775759847
0.0348201578738009 0.116620726641547 0.239047726734498 0.277326770765123 0.159334260710717 0.0115568277680093 0.161293529506305
0.267982363254924 0.0614047698862748 0.0939617013440771 0.130354747023923 0.0139591838666866 0.362918371859048 0.0694188627650664
0.202250030714244 0.0110331529890482 0.0939833808390705 0.127569360043938 0.219844510356314 0.0366697975452599 0.308649767512126
0.242415652416161 0.0181631478774651 0.17712145352442 0.0612550479494038 0.173686980389453 0.224394840928061 0.102962876915037
0.193152092537599 0.0788476143039414 0.094718995963727 0.161757089776589 0.329526691839862 0.080367571846966 0.0616299437313157
0.112346604079885 0.160858088184849 0.117775887140815 0.0959687255731416 0.133391104491389 0.300794912446038 0.0788646780838828
0.261011166268349 0.0475561318508894 0.0678471725229422 0.170449669568071 0.273573413142916 0.116639759369324 0.0629226872775093
0.0583310322900612 0.266506767444497 0.030105949610124 0.262476186380696 0.0328231410738593 0.239198365613437 0.110558557587325
0.181245849600489 0.0935062297525625 0.1823112648787 0.0833660304856121 0.118831403268831 0.173297768643337 0.167441453370467
0.0676664641783883 0.0298727640218811 0.342960045284179 0.320779682979371 0.141010025952076 0.000754345713146382 0.0969566718709581
0.247071385986999 0.0811169482691765 0.167588933999412 0.089657682413379 0.156475451546206 0.010023546450767 0.248066051334061
0.132462255400814 0.218101804976621 0.202554123673951 0.157663772069974 0.017359010826101 0.188110904811785 0.0837481282407548
0.0159166347718084 0.172607678812718 0.16517803729953 0.175110336619484 0.331662793790891 0.0623892408604902 0.0771352778450793
0.156124777748716 0.169164948648609 0.0446119671030139 0.190831563952312 0.102462956087271 0.199108713788793 0.137695072671284
0.107321742923397 0.162260964974613 0.0998512318817533 0.0839156098086944 0.18930572171356 0.152884914510629 0.204459814187354
0.0253150567703508 0.301702315342916 0.172002344907408 0.00649203392845754 0.146738524689561 0.177525551348738 0.170224173012568
0.0613867687726608 0.214523650915404 0.196738347554807 0.0411056559408082 0.162430531035279 0.16822526994603 0.155589775835011
0.174279077388197 0.113210732179687 0.109139797880302 0.212268617318122 0.132175530557959 0.167202084944629 0.0917241597311041
0.246556505706273 0.182987377812991 0.0644389885663671 0.0457017071216976 0.0877980024464754 0.0795667314205584 0.292950686925637
0.120642238625972 0.184005593357052 0.00551918857927077 0.2418658496127 0.107162850425535 0.165346592460555 0.175457686938915
0.20524284879571 0.203474363681743 0.0948514490026769 0.0776640607970116 0.228453901741998 0.177627304386662 0.0126860715941982
0.306493433988207 0.318469719840308 0.0118688212365579 0.0688076438637637 0.172300226377052 0.0614996760934371 0.0605604786006737
0.0659456129105244 0.0745936579215847 0.344066313389083 0.128198712906112 0.258398410787502 0.0540531433409325 0.0747441487442612
0.0305835240472289 0.243284808878219 0.151144282044159 0.0790507780513435 0.0573190889754005 0.209918772867115 0.228698745136534
0.309732016911798 0.114070193896896 0.0410085770745087 0.0162138439996266 0.245951191369582 0.206442631634946 0.066581545112642
0.131895985737126 0.302391017107175 0.0193042973834906 0.0797497395759676 0.0141220830902264 0.28444090759237 0.168095969513645
0.163502309352665 0.126401630706483 0.178853952396874 0.101750974625457 0.19021469507642 0.0474135793184152 0.191862858523685
0.173701249740544 0.0210008112118137 0.0229584693497556 0.289818602419093 0.100408787658273 0.248618503365419 0.143493576255101
0.193611035585239 0.236275661377097 0.121509826551586 0.0829826967645749 0.0984709270096179 0.146407890025905 0.12074196268598
0.145847531164131 0.0766721793182798 0.133999563745091 0.177580269860564 0.213006295711524 0.0918771624117203 0.161016997788691
0.265316515462844 0.0401561645485246 0.114619987682076 0.300952191917749 0.149987274149678 0.0426844740406131 0.0862833921985148
0.137234053823849 0.149718625380675 0.219999931781866 0.222083269489521 0.164725736879449 0.0108271366578142 0.0954112459868266
0.0782765499751911 0.137439175697227 0.140249529777687 0.0949291100919525 0.23762575081921 0.215116677024173 0.0963632066145601
0.0603714674223498 0.221992737686402 0.149645397692447 0.131623175206966 0.0853985090230749 0.13045342305661 0.220515289912151
0.108326739417421 0.0617004663602168 0.143233508560413 0.192022571311299 0.159144242578258 0.128280914151959 0.207291557620434
0.205134032625321 0.0131707373561495 0.162975749737938 0.16405408998986 0.32697382783139 0.0804894571419989 0.047202105317343
0.142786202238233 0.100828609516504 0.0318799903018123 0.298189704096899 0.254303858474872 0.0463567846734755 0.125654850698205
0.193388473753481 0.115070378092865 0.143392778675979 0.0256650128232998 0.198188503969972 0.156033960578981 0.168260892105422
0.0176710480598734 0.311303639531873 0.0966485455993329 0.172195177695718 0.105385064450594 0.190970345589638 0.10582617907297
0.0834760524442346 0.164147309649237 0.00325016653641644 0.146888335001355 0.291753990421144 0.041589434929472 0.268894711018141
0.219034022388122 0.100731897454289 0.239111074661426 0.21916632382599 0.0038372746304686 0.00221222592577115 0.215907181113933
0.014605531082027 0.117381406170126 0.261546691131187 0.092951109211242 0.271609770128003 0.117627213938377 0.124278278339038
0.00746625273451665 0.100465249411475 0.228317517595079 0.211565684246318 0.0890023140667249 0.145602351085008 0.217580630860878
0.213728966754153 0.157173268308658 0.159988248841271 0.175183652089938 0.0863629774638089 0.0478591211666493 0.159703765375521
0.0665825365367925 0.154332931012483 0.0414813338521328 0.219934245934852 0.196599409963307 0.220830874482098 0.100238668218335
0.0686194489340787 0.0866925982328753 0.279360819718729 0.297031673354223 0.125736405218875 0.00267584370509788 0.139883210836121
0.101090778456785 0.0362034816314609 0.33123421423512 0.161654635936386 0.200439871574308 0.160580989070768 0.00879602909517147
0.302289748098558 0.220618554353492 0.195962796920299 0.0128342357995141 0.0203041079118272 0.198735642591911 0.0492549143243989
0.0258353846595589 0.125232696928249 0.233736188241056 0.214453322761824 0.123315605641462 0.0585806784337373 0.218846123334112
0.253520336474567 0.119052429696668 0.0963903529508801 0.131217082327225 0.101709535072849 0.210884930408047 0.0872253330697643
0.0100627135159522 0.149580241179476 0.264478264535433 0.0906664116408566 0.114414397045654 0.22573361831528 0.145064353767347
0.33565779759876 0.055023159298559 0.220588915244571 0.0202284226263829 0.150720799188082 0.13039733501811 0.0873835710255342
0.148828084547181 0.115386079271375 0.000870218131368453 0.190875230000978 0.322992241264591 0.10391690070458 0.117131246079926
0.189631786692092 0.0906428355991334 0.113059085849578 0.164761882883182 0.167229944254486 0.12997344849478 0.144701016226747
0.106266159500633 0.0211968197435665 0.0519179476720948 0.141035726320118 0.181728588578513 0.228797608942596 0.269057149242478
0.186460050352027 0.137902512533323 0.0926889501860384 0.119838442834165 0.170143674725444 0.149874809153229 0.143091560215773
0.0708250333443338 0.0959341397985638 0.254058506565479 0.091888924661073 0.284196972647334 0.136242594707456 0.0668538282757597
0.188056965740536 0.106449416613862 0.0294865844373953 0.234816067017499 0.172126157743493 0.192034451826188 0.0770303566210262
0.188748471447124 0.12313811288518 0.00911993591927388 0.202288671827019 0.117671028846927 0.258425103283642 0.100608675790835
0.138851102920119 0.0543328893008102 0.133818737311979 0.191993703219397 0.111739259171299 0.14531613145939 0.223948176617005
0.181740880670441 0.0251294332059134 0.191097392040664 0.142433471665553 0.200926704446069 0.175475176726763 0.0831969412445967
0.141169501723443 0.154566028311729 0.101821147893502 0.0695395074898964 0.155828460489935 0.186750773205461 0.190324580886034
0.0403189044641275 0.193964459183637 0.166347163677518 0.0878764540408107 0.14197002270348 0.149544630949284 0.219978364981143
0.284515756216688 0.0679960815224212 0.0525951437592167 0.0213577873448884 0.303674149143518 0.257285136130019 0.0125759458832488
0.0334590237285408 0.19411293665807 0.254039515052674 0.171580021666981 0.0377179418677887 0.207024102832361 0.102066458193584
0.175602254433482 0.207215646879795 0.209571949649944 0.239719871382176 0.00712731906968185 0.0570342183601342 0.103728740224786
0.0224534163784299 0.137609509316875 0.0583420162033765 0.209421562153432 0.150820719288116 0.151024311317837 0.270328465341933
0.188848902256895 0.0616568790755184 0.170879032855498 0.153911060284917 0.321118190834074 0.0263287363972681 0.0772571982958293
0.19729363509932 0.0439155296325234 0.239975773191179 0.0674082953665482 0.216863512032848 0.0245769679371568 0.209966286740424
0.12670074600388 0.1613974026549 0.260644552880906 0.0882359810141177 0.215222312199694 0.0104110932734789 0.137387911973023
0.19461779438446 0.183283712519802 0.0786665542426558 0.278015997414501 0.126007608566747 0.122669649850274 0.0167386830215609
0.224684220293437 0.0247284926843923 0.157327559582778 0.00478468455378345 0.235307152034607 0.292545059203972 0.0606228316470304
0.234594577600386 0.0721056582221157 0.119802716342015 0.145946093235474 0.144298010620824 0.0571540235863387 0.226098920392847
0.0982071470370597 0.114103139481452 0.0546007286142821 0.202712327716253 0.188853357159521 0.249506833374574 0.0920164666168577
0.222865049588199 0.179183544003155 0.0829645407946007 0.0990901769463278 0.138409711074294 0.112677450805935 0.164809526787489
0.144401127287522 0.159864198895628 0.189106389230027 0.170332903339994 0.0911021430851953 0.0674027474247848 0.177790490736849
0.0785701745263942 0.187852437916682 0.174232751030472 0.103034003099978 0.202713238578571 0.042900248876965 0.210697145970937
0.139167460021477 0.0930547109965791 0.115988777094061 0.184304126409041 0.234696314170818 0.0606210675202177 0.172167543787806
0.0122184018951272 0.0197352866520815 0.166493501349171 0.181622336809568 0.218923041527755 0.189773438935642 0.211233992830655
0.242553959338498 0.209278792638736 0.0414471294095157 0.00655275135239681 0.134452642257625 0.0385320468789676 0.327182678124261
0.119230166785298 0.121796532871699 0.00870546356232036 0.280929388719293 0.195615678925442 0.0987754773606244 0.174947291775324
0.126091539618908 0.0420109501854926 0.255916235563434 0.157395861791625 0.208024114685473 0.113614671446036 0.0969466267090312
0.0668807847042838 0.215997996834608 0.0188135309944452 0.0225716705356206 0.228885624788061 0.254761915062023 0.192088477080958
0.243347993495263 0.110107306837225 0.244153894640453 0.0281659989538624 0.175584944966093 0.0501115646110883 0.148528296496015
0.101103311881303 0.06859971031149 0.175394318549423 0.263169010298841 0.0578614099483873 0.0429678569535986 0.290904382056958
0.260019099536482 0.0363509031077943 0.0335182378587289 0.24138353025223 0.13196925605401 0.114989875024672 0.181769098166082
0.221046773836392 0.081555276983896 0.165654502351423 0.239467324047545 0.178349394760461 0.0827042742126694 0.0312224538076136
0.0449242895462728 0.202871211983746 0.0800652728888967 0.263167480062571 0.0532616003846851 0.264568626915616 0.0911415182182126
0.162958760700134 0.0773695281537568 0.143734200548615 0.187970656421584 0.26495539485971 0.00211782527808143 0.160893634038119
0.098866044273718 0.164060999243517 0.252091677563584 0.0302750837123668 0.0525968531866111 0.264337247650637 0.137772094369567
0.285444958819986 0.0499620895727308 0.147069124056508 0.142503676744184 0.107824684959138 0.209244976668075 0.0579504891793776
0.260783666742314 0.119526988004777 0.123742835108088 0.253881190581555 0.104956792230157 0.0818703851107097 0.0552381422224001
0.184857631352265 0.115333698541659 0.213647635828235 0.157215243233651 0.0250669949104449 0.056460601377428 0.247418194756318
0.179123018370092 0.211482048757507 0.111553923149577 0.172181732955068 0.0018283061167812 0.236192961196613 0.0876380094543615
0.199534143941741 0.027922556672995 0.124405845889278 0.0071964534649551 0.198232781981397 0.257933423050136 0.184774794999499
0.119098697778791 0.217126103454235 0.164642652476055 0.0382516303998905 0.0175898911599827 0.237602030216058 0.205688994514989
0.0900351973809447 0.0759035170670173 0.211067469502594 0.161612713812873 0.121441079091266 0.139562088897658 0.200377934247648
0.220480854561153 0.172356187267039 0.0155498444651071 0.170631844914073 0.188987507514099 0.219358237076088 0.0126355242024409
0.235789758501814 0.0214955950765307 0.12997816733509 0.0690195852085011 0.160890710651478 0.158468829366835 0.224357353859751
0.103554446193263 0.338840862734739 0.265339405144576 0.0977272068115459 0.0979938643330367 0.0296184840363598 0.0669257307464794
0.299937281622243 0.19631560600042 0.125474344234559 0.142194271429543 0.13898929934314 0.0822638921602322 0.0148253052098634
0.038701804171371 0.191335607200379 0.0254604363725574 0.263123513464158 0.279873293213789 7.9577813729197e-05 0.201425767764016
0.181985226949496 0.185888943394882 0.210843124559621 0.147764881542119 0.0680197260865918 0.185574561599233 0.019923535868058
0.148359939622174 0.0567045073129745 0.0990113255054672 0.334914474069179 0.050784709899129 0.112503014723827 0.197722028867249
0.232348911228367 0.00921591778918861 0.0502189603107456 0.139169276574512 0.244436073646391 0.128921897384025 0.195688963066771
0.183217306811669 0.146856001832362 0.146867004745738 0.0970966342474077 0.0211218549122616 0.123495853278815 0.281345344171746
0.0191792842379085 0.101364289498862 0.14482347564967 0.209619959473213 0.165571112504429 0.0996528853714995 0.259788993264418
0.121788077261783 0.20961537452428 0.0534974643686401 0.207906442618064 0.163091118555106 0.231015718873253 0.0130858037988735
0.0207622419357289 0.222116541160932 0.105841434566404 0.170640436065185 0.181766519578633 0.0436595450024139 0.255213281690704
0.221561455556043 0.206206522927672 0.073507953752189 0.132077315670066 0.139136603101966 0.0826334105446397 0.144876738447425
0.0970600643000197 0.447599278925366 0.00327747541777474 0.209301143148358 0.0300437135720094 0.197628995586701 0.0150893290497706
0.197391908906276 0.0438261710567597 0.0119071520850257 0.207810188413795 0.272810332938897 0.0301328953632679 0.23612135123598
0.0561037983617215 0.301398652462211 0.122393573146087 0.069973107595616 0.125633304510649 0.0421277770009385 0.282369786922776
0.176995805754682 0.0095047461380645 0.210772405281017 0.0625600113540313 0.241665896992129 0.286847606223346 0.01165352825673
0.166193457840162 0.131264606061344 0.248540573856431 0.0795001027154537 0.129905983159869 0.076593489365646 0.168001787001094
0.00966017171438737 0.136284777421416 0.335092939085295 0.0479429571817876 0.0457783345117899 0.34997379280591 0.0752670272794136
0.0253819375489868 0.279322511275338 0.311940078334928 0.176544842413226 0.0719103170330479 0.0969403651702549 0.0379599482242183
0.207534359055913 0.04406436256243 0.169774960634075 0.0818693733322559 0.163755353879089 0.211086156507331 0.121915434028906
0.255659147330349 0.298655955184656 0.104251529921013 0.0719133049004997 0.00328741062323135 0.229098059134796 0.0371345929054551
0.0810505724544014 0.252046995241344 0.323261249558268 0.00996214577550164 0.166131620738639 0.141153211595541 0.0263942046363061
0.192089152573055 0.100827496015605 0.0731965047950645 0.23247284002012 0.0887654835327372 0.11741803697261 0.195230486090809
0.13021845554599 0.283496609667563 0.166816433352264 0.198066964726678 0.0687988035661036 0.0145982269556633 0.138004506185738
0.030299575837107 0.123264326752875 0.114583525340378 0.170638924818954 0.191618554022167 0.120252186587304 0.249342906641215
0.229685646963841 0.0448499316917458 0.107251898467364 0.232898382403311 0.222561611540782 0.023902571301177 0.13884995763178
0.228964666487295 0.157934471508695 0.183991323048245 0.192049716560994 0.0348078964893441 0.0659143180135975 0.136337607891829
0.13359705508013 0.164753603372668 0.0918886432605758 0.10602823106129 0.175511198147678 0.176263550296069 0.151957718781589
0.00238643777614279 0.111664010657244 0.193917014619125 0.0860481864594621 0.19025986680256 0.22982688819791 0.185897595487556
0.0191419138327334 0.213361784638022 0.128152161225749 0.140439169910854 0.132007182164731 0.133679717455078 0.233218070772832
0.110986086761607 0.140966834618654 0.12455131946499 0.193031003309263 0.108937656769918 0.209001736180107 0.112525362895462
0.022291595741147 0.153535888384149 0.136378808262102 0.0953420675986941 0.176263558698561 0.214153838407625 0.202034242907722
0.154760843490595 0.186076968726049 0.0971745398682698 0.144528559597449 0.171098739767886 0.0927496235850469 0.153610724964704
0.203221400592886 0.193230238512341 0.141065770155155 0.140220013545386 0.053852551104736 0.174138909907567 0.0942711161819288
0.0535906879892794 0.173895599879668 0.249219378554675 0.134738522914914 0.172859571994774 0.148919245082346 0.0667769935843429
0.191136777129465 0.164955908466842 0.141901589307721 0.222881513728593 0.160158302088356 0.118555093776898 0.00041081550212652
0.166772116802994 0.21598297851716 0.0600968553981886 0.250854507677059 0.108429661248249 0.0593057908738775 0.138558089482472
0.203815649172151 0.0934936883709989 0.205043482900483 0.13025088437007 0.188428385664614 0.0991720501641256 0.0797958593575569
0.0098533135825041 0.26190601872596 0.151223021371822 0.13409228698043 0.279158252651362 0.128962669789024 0.0348044368988971
0.171883715490993 0.156141722739312 0.212538876623378 0.127242372399897 0.0640087959255358 0.110600465779213 0.157584051041672
