0.179687748738174 0.117466634287898 0.189443416108028 0.0728638315415646 0.0544095329572111 0.143095926208064 0.0988663581894078 0.144166551969654
0.148328468451505 0.0873343021607386 0.036734606898422 0.214131793277533 0.152903808761851 0.0203010220076183 0.222483473105202 0.117782525337129
0.105168776598297 0.0294961940968746 0.00366375759203322 0.269100962803951 0.255612835674338 0.144161668854115 0.103164578221069 0.0896312261593231
0.079723934626473 0.176609490872106 0.0776978730908836 0.181376192279516 0.111179485522448 0.125719450324506 0.216317939483674 0.031375633800394
0.205776149946838 0.161639508741679 0.0504362309084201 0.128667258882113 0.188477097528086 0.107807863097491 0.0351609100982728 0.122034980797101
0.173742452512328 0.14548614841798 0.224201959330239 0.0732729289862402 0.13687891453853 0.14058614968239 0.0915722443492404 0.0142592021830529
0.136190784676245 0.132313080455241 0.100011185165314 0.105602637678541 0.168320706392213 0.0457243445997547 0.165341499729218 0.146495761303473
0.0757273541561985 0.0386415363773749 0.0614273204196308 0.182186849969238 0.0345872425322477 0.0802121302010346 0.385648406213016 0.14156916013126
0.0550043641421456 0.178914420364102 0.062260030984962 0.111207095539086 0.179953968346894 0.113351539524963 0.132843527687853 0.166465053409993
0.0234846955267439 0.0411825279957106 0.0731779999036334 0.0569190068887136 0.236675653825837 0.177067815649323 0.298719386137244 0.0927729140727935
0.193266651668934 0.0960554628834376 0.00562610125033039 0.155425998331559 0.0638142616533577 0.204128887744675 0.033082725293069 0.248599911174637
0.172953803746243 0.199110027891417 0.0988635374542842 0.243664687071207 0.0415798243798962 0.00635939636887781 0.100188353361091 0.137280369726984
0.110453296561422 0.232448494523882 0.139045192039099 0.151959994229439 0.0313392226570323 0.0183347367919878 0.219144738566806 0.0972743246303329
0.103239715611894 0.134078913835655 0.187612727011796 0.369898727863208 0.0170737511990515 0.119508636593019 0.0213486617140805 0.0472388661712957
0.120882064787461 0.0350214292940068 0.137206175576404 0.178439139793761 0.0791819744615467 0.249740667085205 0.0285547454409441 0.170973803560672
0.110053687280733 0.0664039559206043 0.0734317105664348 0.103226431868898 0.19937726521171 0.161601947424013 0.106662775225107 0.179242226502499
0.159981084982748 0.0966919639404656 0.174811720005444 0.192848324228847 0.195377529176551 0.106179329915853 0.0257510286223993 0.0483590191276914
0.0636072386053472 0.153333531112181 0.214335413148863 0.0889257446995603 0.255445038937016 0.0253154041411845 0.0757899939609429 0.123247635394905
0.213362736954197 0.101134974629975 0.138133936303334 0.145470755308231 0.217464211917785 0.0163070914606301 0.149465125853891 0.0186611675719564
0.058778778704806 0.141063957259283 0.167465181378326 0.213213402747292 0.130815414285834 0.112813970804956 0.0507809187989524 0.12506837602055
0.0717519047836118 0.213870218377771 0.0221459381713139 0.0582024577813429 0.231312766730126 0.137594133558483 0.180145391880434 0.0849771887169161
0.206696244832653 0.228964730868921 0.0225805496012647 0.0718012472080102 0.0506588993171325 0.0779379840246918 0.241010206483515 0.100350137663812
0.118148251863367 0.000187210338996034 0.0989846900551701 0.33985433716695 0.0302747115082204 0.0266967210876428 0.0821693058009071 0.303684772178747
0.187651740857655 0.127922690660782 0.0857457685179171 0.166013727192284 0.131114243378387 0.0813078197963353 0.0120741807898927 0.208169828806747
0.145225784132782 0.238674009003008 0.050540275976538 0.233170072124508 0.0737552577188526 0.0572642678964193 0.0261129788863759 0.175257354261516
0.133180318657341 0.196233989785616 0.184012029888148 0.0766636760796212 0.0268696504351311 0.144101489688408 0.0449909938101553 0.193947851655579
0.120357377791213 0.0245230793768908 0.121661201225638 0.252850138105046 0.149640462030787 0.00437861378440763 0.124329992362182 0.202259135323836
0.175324961767171 0.063522024905751 0.200997523689549 0.187810886476018 0.133504243299128 0.0462295686423046 0.174212205793371 0.018398585426707
0.165056640315009 0.054025652914682 0.168236989967579 0.0673863335436584 0.302638106054099 0.0292792955762915 0.189437739415957 0.0239392422127232
0.251600493848279 0.270383718142485 0.0151653104360668 0.00723000693570358 0.232898496657048 0.125701820330695 0.06219049045109 0.0348296631986329
0.0725923199371768 0.114958865350651 0.0489871363599873 0.185358113482969 0.0531123249544898 0.235621416757568 0.0311126358419581 0.258257187315201
0.147976814146419 0.0146772656097571 0.180963550875536 0.184514695975099 0.0319238427688342 0.164190768365577 0.0719421157032864 0.203810946555492
0.0664342858806816 0.1777762618703 0.116111334449103 0.147006448738155 0.122481217442873 0.0595206615110556 0.188849312927082 0.121820477180749
0.25440237150715 0.0238449664636135 0.279311763855239 0.0879227659804413 0.0506546122796456 0.115324894861809 0.0111736774825296 0.177364947569571
0.142063636584219 0.115971777766428 0.161794833690468 0.0299421347337944 0.14111556506791 0.156416674784019 0.143575455885753 0.10911992148741
0.114071808322365 0.200771976131169 0.0894005350465515 0.123565598583365 0.00571370622230854 0.136110946772443 0.229551870383184 0.100813558538614
0.148771822828819 0.0725971874970825 0.0355989940048014 0.0533508484188641 0.156327939099501 0.097353371696007 0.230054534195289 0.205945302259635
0.15425057373148 0.0743311511937662 0.0830158433146956 0.138635282510455 0.130016655981085 0.137746341981738 0.0887762327533622 0.193227918533419
0.121371366265309 0.118459797110474 0.028006617850565 0.184305677359355 0.238375571254086 0.209731208961116 0.0611821361578914 0.0385676250412043
0.0850759241999906 0.0213289444617646 0.0709392719883434 0.127479267168266 0.218142174956319 0.290535807817956 0.0557136957416109 0.130784913665749
0.151264459817784 0.155235618108524 0.100803205372606 0.213715421189609 0.025718383801325 0.153172095537738 0.114550481235033 0.0855403349373816
0.0739075379787401 0.0656315915797841 0.155013304244232 0.176448080002075 0.0944289215701236 0.178801848521228 0.106417365067273 0.149351351036544
0.139335005903753 0.129141460056303 0.00177016100595787 0.202401572622266 0.0334891377902704 0.13193567527088 0.209810653630398 0.152116333720172
0.152786989320374 0.176657243157293 0.201410516083352 0.00911348512622242 0.190427029450974 0.0228152625448357 0.212298678853166 0.0344907954637826
0.0842102860914644 0.192775799424521 0.0880888795284749 0.0406216173237962 0.103953974730836 0.111549553655853 0.194685677023138 0.184114212221916
0.129379678047674 0.00998783434319931 0.247503962036976 0.238073814840387 0.0775493686328496 0.106445337658014 0.0687178838076618 0.122342120633238
0.14647712370744 0.198171478194001 0.144130343728102 0.157922558368232 0.147769327098625 0.00174038079144431 0.116649111873931 0.0871396762382247
0.0517106347073011 0.166634809351807 0.0508022077381755 0.164928072819846 0.253569830175033 0.14437514966948 0.134618317673512 0.0333609778648452
0.165181233150251 0.0102641754481426 0.212180792065587 0.0694343615986209 0.205926211004794 0.127643021043103 0.138997092115033 0.0703731135744691
0.0241163542104281 0.102629774311754 0.0351924915404731 0.279501017645945 0.02521041428961 0.228471475300934 0.0504721570603253 0.25440631564053
0.146413771215038 0.103490957657625 0.122065028893001 0.08917145690315 0.186950695392984 0.194672909655581 0.0654895449900637 0.0917456352925559
0.236558257437841 0.208177476190776 0.237823359996905 0.0110735197445285 0.0404650324396268 0.00790584085271442 0.247899863939896 0.0100966493977125
0.198286605208505 0.0534988351350318 0.168222721123919 0.133732507217175 0.0417689787254396 0.245501901251252 0.0635588563265869 0.0954295950120902
0.101850701671148 0.0345554199870877 0.100832601077651 0.192399474323056 0.106020007975707 0.178756688831609 0.104179089675061 0.181406016458681
0.0692125394103722 0.067952549386299 0.0350701097263349 0.122611506178482 0.161347343407171 0.249377802344071 0.199804162839817 0.0946239867074537
0.0210620578240373 0.131764859872344 0.142447655467365 0.247241215858098 0.033960669921394 0.0478127017969126 0.223853490015349 0.1518573492445
0.0476635493406574 0.271779891432509 0.142335952512652 0.0844350823597784 0.029872551980095 0.0692154480458484 0.11332433319815 0.24137319113031
0.173559457025883 0.17666026341551 0.00796837493936022 0.174757249714241 0.195836423490081 0.0506475345817957 0.13293333151063 0.0876373653224993
0.104686848410392 0.122731972391067 0.174980544097607 0.0542110707392 0.116027478634097 0.216256196235484 0.184707365294507 0.026398524197646
0.168582517596352 0.153730900632613 0.158317714364239 0.0860880464783559 0.160820191191605 0.0948959410281537 0.128084469551626 0.049480219157055
0.0268743900628983 0.168071996098192 0.197103057294749 0.0606502967177507 0.0506250822435945 0.21131321962204 0.124781601751093 0.160580356209683
0.219349657598927 0.123156138548702 0.245532402042376 0.152032071688858 0.0261025043011504 0.162611298673022 0.0302774585869669 0.0409384685599984
0.0423642013053483 0.131844496560762 0.0428302956360528 0.192685891858652 0.171057285837555 0.0841539101988134 0.218632961952892 0.116430956649924
0.0836193553628045 0.162274983010487 0.137657845209281 0.0306127088062848 0.081370866476628 0.221536501369715 0.113730929885375 0.169196809879425
0.113080152406828 0.197752226322615 0.127069648499421 0.21849899420222 0.18291905988438 0.0109821433278703 0.0363939619172118 0.113303813439455
0.085952939774909 0.239970154766978 0.00433740108064962 0.120264614291667 0.0631131048667552 0.241944172368068 0.00901316380179215 0.235404449049181
0.197247346448262 0.175549286875064 0.0225830758811093 0.11824107994286 0.189918486242556 0.0966584486200553 0.15064937651586 0.0491528994742345
0.0663104404733747 0.1174315254017 0.12509491146554 0.142959493336116 0.0822739764490053 0.214418002901608 0.187051900852885 0.0644597491197706
0.136667585113055 0.0255841397354431 0.104566365319553 0.178879484916411 0.127789308507677 0.0776820912466773 0.156543036485759 0.192287988675426
0.171918121897415 0.172989873263901 0.164826235337411 0.0839987509617406 0.0473855769587419 0.137376357695562 0.139577108558164 0.0819279753270639
0.181527265451097 0.211743346213381 0.0512217076686576 0.0251729207198357 0.0475989815910828 0.0682320497193356 0.278682435389655 0.135821293246955
0.120396599555437 0.0323858580447136 0.132569106752876 0.0345563232730157 0.0737172865912493 0.135250191260801 0.221289945716221 0.249834688805686
0.151074414004038 0.0673165774958285 0.00568452816244326 0.0828574788798595 0.225427699522248 0.185387538242099 0.161957830750149 0.120293932943334
0.122493114309697 0.131421176355242 0.0234919127972181 0.149270484473973 0.155907875591842 0.142611957857018 0.133840065943355 0.140963412671654
0.162489230681537 0.0881805920653501 0.273231754187183 0.150423456889105 0.0125473118816418 0.0485038560146229 0.231314117712437 0.0333096805681232
0.0557319660854253 0.0675656032088308 0.138808077672966 0.0554534453597477 0.179014075073844 0.25557615083536 0.1312354823808 0.116615199383025
0.140718397946965 0.00475979144698343 0.100376917438167 0.191490089289757 0.198366195418722 0.101558961285159 0.184434755431694 0.0782948917425516
0.112666584333095 0.107058510023054 0.123402396855641 0.0977967669148417 0.0642031373639059 0.168782322864774 0.160838184133362 0.165252097511326
0.16501075237677 0.114239454662911 0.0599543505404986 0.158073167493537 0.1983862334802 0.0351216104650909 0.0815606507574959 0.187653780223497
0.181598643969811 0.175671388352086 0.116611414717376 0.172057834520172 0.0931693995732042 0.118903893278569 0.127128483163306 0.0148589424254751
0.187902466259722 0.0587234396602614 0.0859470424068624 0.0122973069464156 0.07594793245204 0.308214179126081 0.190725641261404 0.0802419918872138
0.207061440396953 0.0833048111549935 0.184503182336436 0.18909247508584 0.0565671492062678 0.129526214490191 0.0438676236131934 0.106077103716125
0.140467931611763 0.151250825526996 0.193419903541761 0.0646025654106894 0.237475545568233 0.0929665332732586 0.00252850118229356 0.117288193885006
0.155272567530659 0.0972378933408722 0.0320108063596354 0.23709032178004 0.0618992402806995 0.0515035001980289 0.137275455606228 0.227710214903837
0.037705077891249 0.21396843136825 0.0497952149264434 0.178199314622073 0.183727860848886 0.0482375986994381 0.234068693637783 0.0542978080058781
0.0477114230080823 0.202704921609474 0.201419116081388 0.00942099894724675 0.237779263283769 0.074240383544294 0.197107935662865 0.0296159578628806
0.10342530874175 0.134168920482305 0.0485877088190685 0.211585375661608 0.140663836067557 0.110385326465514 0.121994606924168 0.12918891683803
0.221291883620995 0.0277614034809045 0.118219024771826 0.187583540778956 0.183865572521375 0.00457174337047521 0.166664772830865 0.0900420586246029
0.178622098044086 0.112352135982551 0.167277357913696 0.173862999030971 0.0925078774072971 0.0293024930155444 0.174404173940618 0.0716708646652361
0.0662849250640245 0.147851920581687 0.209134330128742 0.195467464318371 0.0606302089416981 0.0700290626219697 0.0762645715303462 0.174337516813161
0.179278605236191 0.0111425092227563 0.161989003641317 0.200962801134153 0.0232374197937725 0.133910802546423 0.107732390775013 0.181746467650375
0.130130436340597 0.0813116970753253 0.161992027836628 0.123525518875122 0.142720006915126 0.159544191405491 0.187747108455792 0.0130290130959194
0.168256670487736 0.182468043847738 0.173387547013208 0.0758253902159755 0.135533845163186 0.119584123619824 0.0844486066784384 0.0604957729738939
0.1441014736925 0.110799202712347 0.0634849861453598 0.176882916870998 0.0974403979613867 0.155940394750534 0.14274350599182 0.108607121875055
0.00683057245255936 0.193802942282458 0.0825605461189323 0.146193389952993 0.0942843100599093 0.0686412786997087 0.205686301484117 0.202000658949323
0.0274771872495567 0.15076692127058 0.251959343112632 0.056351367456908 0.246608270717334 0.118866445836495 0.0481857298916227 0.0997847344648713
0.0891271999910226 0.19714918469267 0.215984553774278 0.0639354766973649 0.159681978701189 0.129064437794206 0.060417248446486 0.0846399199027833
0.0603887043043549 0.165854766857668 0.137428008083013 0.067080698617788 0.123065252211156 0.23259960526839 0.00142458575676026 0.21215837890087
0.156045247501338 0.148331427869394 0.166281630335383 0.103405814063969 0.139391336740191 0.15650775236117 0.0181231867665273 0.111913604362028
0.120976805518271 0.251395314599294 0.0371546817952225 0.117731780768707 0.0408293870780539 0.254112581883873 0.147048182592795 0.0307512657637841
0.239965913994259 0.222230454996064 0.0694177958246538 0.00816691246916813 0.141032810543376 0.0316226313453579 0.0626509393889144 0.224912541438206
0.125766380982827 0.112251065164986 0.207344739564202 0.138789020007404 0.103215327596109 0.206899844752581 0.00802467686463317 0.0977089450672578
0.0353871351267511 0.118374736967829 0.114779235460541 0.169442267967927 0.218767101449853 0.160698857085022 0.00752838848414494 0.175022277457933
0.0772624724030111 0.219658551401754 0.150602400612725 0.190067380893237 0.126664002805459 0.131403611212281 0.00430718885209983 0.100034391819433
0.0926693454869303 0.289283771104083 0.0105072282693708 0.0483213797207124 0.0837726727308843 0.269187408912855 0.0639122371193753 0.142345956655789
0.0812937663925719 0.186447923847379 0.121040186258358 0.168016455588324 0.21556024897712 0.165111851191582 0.0161067354120584 0.0464228323326064
0.131825729569045 0.1639239997424 0.131506512353233 0.138164105546454 0.187132675421749 0.0966763133807471 0.14860160493704 0.00216905904933307
0.0789767746688067 0.156524374864348 0.0146343901834505 0.127765746274784 0.170022067812488 0.140192592147181 0.172476263857078 0.139407790191863
0.0498897511734647 0.174374545488328 0.0785584373272543 0.164001708454353 0.154820978939154 0.0125436229993774 0.173002722777968 0.1928082328401
0.174550600024081 0.144737710060783 0.186811234658429 0.204587249054258 0.0425630968425185 0.11067356348026 0.0523644531628518 0.0837120927168181
0.157290561290478 0.0949620184819072 0.0961003500122078 0.220277640908441 0.0835994029461064 0.0500211953402302 0.211785060206355 0.0859637708142739
0.175364196767875 0.0710419454090311 0.0868669056006261 0.125906546076582 0.185879111584017 0.161673278516556 0.162152802589004 0.0311152134563092
0.148778787289737 0.0267086944399718 0.189131098694376 0.103194295242529 0.091618150855175 0.0564399404617097 0.152157507312173 0.231971525704329
0.0378038176283694 0.198130852262691 0.132085325023481 0.0822385732396735 0.165879896516508 0.0242624980625752 0.167293022055761 0.192306015210942
0.119587263303234 0.092827506364405 0.161915893669941 0.072077589636347 0.170081287301413 0.126781680649968 0.16128058650059 0.0954481925741006
0.15094717030016 0.0352587506572358 0.243055041248308 0.0834000787465598 0.17591734039928 0.120692525502836 0.0972016766996648 0.0935274164459545
0.150061248640704 0.118849264358868 0.183274255245827 0.105438590176584 0.0998186579574032 0.0998867224022689 0.136299555552424 0.10637170566592
0.0666245291939183 0.0302190011668232 0.154180968385878 0.138113556770687 0.190072910742176 0.187167682427417 0.12708818849622 0.10653316281688
0.106551069540512 0.104292927172723 0.0342310261674201 0.0303947493228298 0.15232379312931 0.136003908092322 0.217277259516541 0.218925267058342
0.198616723704895 0.080370335971277 0.156461263339931 0.0190126761703558 0.216594201456979 0.135759421586569 0.0814943811010923 0.111690996668901
0.18654023229113 0.0496367953956748 0.183729867766186 0.208299161116342 0.0975731880364747 0.0876483646545927 0.0538795384925755 0.132692852247025
0.19971364904908 0.142488245730801 0.149827596200135 0.0300949333327689 0.231470557428047 3.74846807141728e-05 0.036459803880966 0.209907729697487
0.162012863933289 0.0656386692828503 0.0290394797806411 0.117925668902061 0.0083974546464141 0.145570691320561 0.225699540882146 0.245715631252038
0.132223589503721 0.125497742387867 0.261166094089954 0.156954356798181 0.0737558716864229 0.0476337661415524 0.189953081279517 0.0128154981127848
0.234038113473329 0.226063651771758 0.104864761580298 1.32339082686766e-05 0.0205688578753998 0.241677666765468 0.0653208416556244 0.107452872969854
0.0640887764580988 0.217131534156489 0.181055491472979 0.107922659985717 0.0809129186707736 0.0385730062039132 0.0884721263383059 0.221843486713724
0.199262058403678 0.128125301124239 0.10725771283476 0.1337748945754 0.011791646626228 0.239850135301517 0.0319144109225318 0.148023840211645
0.19721158314954 0.132847759939474 0.0588118454787176 0.0835174996673897 0.113754269702099 0.152778715040222 0.0904169232232432 0.170661403799314
0.100151359125984 0.19373989329167 0.0130524665394557 0.029358826587692 0.265444404974485 0.226272302812211 0.0254904713569866 0.146490275311515
0.0180990481079019 0.182348339546006 0.105603556281038 0.183318390772921 0.220890786056244 0.183644737948484 0.0837198121617204 0.0223753291256837
0.131436217494938 0.0541911452608025 0.00724185622843599 0.148574515562092 0.225198754205617 0.0749859867299493 0.217120469599345 0.141251054918821
0.04002484895236 0.0388078144706607 0.175349683757773 0.144864813269347 0.0725882474327366 0.157173936249232 0.227340424664025 0.143850231203866
0.0526361853547923 0.246258032144123 0.161315422751382 0.00192630981308231 0.138966928218248 0.199038135302759 0.0832612217724464 0.116597764643167
0.13421114783913 0.142895844741882 0.0532337936594092 0.0722433378656076 0.0919783118023771 0.229414030822403 0.176662987199023 0.0993605460701687
0.0147413241415123 0.0593370130022585 0.0485071651337553 0.104118025528824 0.277908349555883 0.110946675882106 0.1148219841789 0.269619462576761
0.163070191027113 0.100382994110243 0.206217462936148 0.108115254345279 0.000356786584550655 0.0160253448985885 0.240411216664042 0.165420749434037
0.145655789392835 0.103201261087328 0.161462082362291 0.162969089112632 0.0663906939131881 0.130586883603406 0.117988131568266 0.111746068960054
0.162663258656532 0.0370362789760264 0.167968304335849 0.20557692511462 0.215579346884742 0.0753597944661934 0.0120267190012058 0.123789372564831
0.102737920271146 0.208698414544224 0.0737972535070764 0.0243828051535387 0.202990028635606 0.27866978265402 0.00148369355289718 0.107240101681492
0.0272444019396275 0.271226605028045 0.181831438375006 0.0535532505092197 0.113393107409657 0.171183476884721 0.163918864670419 0.0176488551833055
0.213565465227863 0.0103205246046033 0.0704668510019669 0.0906186257397785 0.22461093199221 0.0775871221834763 0.0814884149062982 0.231342064343804
0.0747484827087643 0.0754251366622973 0.253655480161024 0.0916362946012346 0.113778772315981 0.21976802187174 0.0305909257303467 0.140396885948613
0.151851988828737 0.216415436609393 0.0418956760621806 0.023516501740166 0.137358291817453 0.154832485274128 0.113023961720715 0.161105657947228
0.17838167066487 0.0675982991577667 0.15751484691108 0.101597588081013 0.130957878615169 0.0940460460898008 0.17161856928797 0.0982851011923312
0.0299671861654062 0.189803866707886 0.0356238714521519 0.100515598010326 0.304890769654197 0.137474498025246 0.067983059260622 0.133741150724165
0.0938255782353031 0.177148196132882 0.123865478501605 0.0720460974355822 0.178509086710447 0.137520743845355 0.0647364828780092 0.152348336260817
0.153667113091058 0.109417500982292 0.148930141171712 0.0174484293560533 0.149098135914194 0.158498668250455 0.151902812332479 0.111037198901757
0.134897359890441 0.0648936156692811 0.100349031675119 0.0849847242533282 0.0575113756683743 0.226269678596983 0.0548402691460343 0.276253945100439
0.138061837290332 0.17047981406729 0.0577074809226352 0.0622288372562748 0.0889497607266266 0.201698887637394 0.127776484346601 0.153096897752847
0.0463250146532625 0.110965513321231 0.155404646887427 0.106883487700344 0.143425657897054 0.115528578858313 0.160983043963751 0.160484056718617
0.00333566476092458 0.195381813729457 0.228268954700317 0.0398300478612604 0.26597106687216 0.11746494232566 0.0392643645769961 0.110483145173224
0.0432351223304723 0.0115566713214509 0.141932912928128 0.263722786620721 0.187611181878936 0.0322271878143318 0.201579378569764 0.118134758536197
0.0145521227700965 0.206235302352521 0.091561823116085 0.13734033288042 0.101947295670182 0.0877127213487028 0.225396811272806 0.135253590589186
0.101615548316581 0.152606482236882 0.0510826076512567 0.134835397188951 0.144000779458777 0.162445305655709 0.13235045511944 0.121063424372404
0.192390752977433 0.120269871661766 0.000758242604862285 0.238802180887771 0.23151173637125 0.146923263798412 0.00212883845292432 0.06721511324558
0.00187799474169729 0.0232715533082145 0.188131588771412 0.245545193195939 0.110657512056623 0.128451914637334 0.149907741389664 0.152156501899116
0.0885386948854997 0.144009849771502 0.0905690693986813 0.166554950270809 0.109992911277301 0.164544371757312 0.115009337803986 0.120780814834909
0.11556304528827 0.0104201381372326 0.174113758936139 0.210921599254415 0.129756062524309 0.117833108267657 0.0520708711709086 0.189321416421069
0.105381478681341 0.141738010702483 0.0480907153513919 0.0547132579992882 0.199218312330289 0.121772693648146 0.188403541837811 0.140681989449251
0.173260084438358 0.188990600509617 0.174548872364334 0.0325245696844116 0.143785220632117 0.0160241232636192 0.183664883973964 0.0872016451335789
0.136176879518807 0.00724831997441495 0.263160889334198 0.101667712739987 0.00813582691673371 0.233040001830383 0.203351448296446 0.0472189213890307
0.155346241240269 0.158314631813379 0.0580360102227737 0.0965731893387228 0.0874916182066009 0.161339083172764 0.121317713579922 0.161581512425569
0.138481040413202 0.146484803537828 0.112489391764225 0.115899296658726 0.110795064586014 0.158409255607714 0.0593840857589392 0.15805706167335
0.0100772163922872 0.0724924713777306 0.153302758086423 0.0741239693562518 0.247902163513733 0.0846045983664986 0.155937747683984 0.201559075223092
0.22175257353649 0.0388717083392704 0.193953176323589 0.155166968402367 0.074274887475027 0.075159581161053 0.181575400693893 0.0592457040683103
0.120079582006528 0.206590033338236 0.127631396192223 0.191840097873458 0.0574677329305244 0.081701088855285 0.0983949150124776 0.116295153791268
0.0405566331725698 0.0666843515322335 0.0745065632968297 0.218823340845764 0.0459505896762221 0.234649109332755 0.0907536079069095 0.228075804236717
0.0145040767090329 0.238320715640351 0.251189741640748 0.237340938059269 0.0601035093071019 0.0370869182282218 0.12597011175069 0.0354839886645862
0.148594003663598 0.200221155952667 0.179936361058043 0.192660128776611 0.0652512075402382 0.0391476567270104 0.13830786563459 0.0358816206472432
0.0808525419167348 0.190536720481194 0.182887022437579 0.174560055929349 0.0793671846377408 0.0112975328946923 0.149550468063029 0.130948473639682
0.146679504728231 0.180535370012209 0.104949332006574 0.169462490886424 0.102581309135233 0.0182204904446159 0.085744179452359 0.191827323334353
0.178796143129323 0.0223572063855784 0.207941868114602 0.17799676946776 0.0562301569110904 0.0606256917776826 0.255485286949387 0.0405668772645758
0.0264153734302376 0.231141208571375 0.0711663038956777 0.11483142113253 0.226213495224007 0.0151833881552122 0.303492793699539 0.0115560158914221
0.045179138548315 0.0824431307819449 0.27437347959527 0.0724879763932434 0.307275122866875 0.128137474988169 0.0474479210853704 0.0426557557408128
0.166970972947115 0.107282807381532 0.0904476986322734 0.176779859037293 0.106037914582148 0.0876788818848924 0.0926145937107986 0.172187271823948
0.14547810041496 0.202332643201251 0.00974853717251135 0.120223561148527 0.23569375461628 0.0772699118014236 0.102670709389906 0.106582782255142
0.0484889806993414 0.263918533043904 0.22053702719978 0.165740978591956 0.00524914288446179 0.147684636326024 0.0111288468738679 0.137251854380664
0.0615816555025302 0.140277325470865 0.0441313168465826 0.186715170830802 0.203394829172567 0.124099230889366 0.180253995243974 0.0595464760433139
0.0817464961965361 0.106443750145776 0.0303477064257902 0.0856831381283061 0.188532794318437 0.139391237948615 0.151424654526524 0.216430222310015
0.0908192948329465 0.000618866481106704 0.225513681979341 0.0540380835979201 0.164629359097906 0.144821857541203 0.123450797538522 0.196108058931054
0.24700450737622 0.00568981348980132 0.0474392259394349 0.148697963973854 0.0420217118621985 0.124735712481944 0.224999912399752 0.159411152476795
0.0258765917117578 0.0634350595853464 0.273534503701237 0.137971363759315 0.218833186059473 0.185550713037068 0.0103630994082765 0.0844354827375255
0.11839859186876 0.115473599272719 0.0967283949973241 0.0259658556933041 0.140746544796691 0.174024149413463 0.280240886281606 0.0484219776761329
0.0438267447863621 0.209386978721245 0.146204902040031 0.0418326184192795 0.0815568607391841 0.153538087014609 0.175784077162127 0.147869731117162
0.0913846337258192 0.123377713398639 0.0894567633588118 0.150593908980857 0.0736520610432574 0.121688904682935 0.140805056042669 0.209040958767011
0.261466234346506 0.184510957806358 0.105839706645203 0.185387887797769 0.136606412979367 0.00288833711323029 0.0382553945186906 0.0850450687928756
0.0876612701109612 0.178771177503132 0.181434938827452 0.1912510154848 0.0212885992070886 0.231909953046541 0.0931922280219039 0.0144908177981218
0.0835936230376644 0.111473309881068 0.259968758726026 0.113580987463229 0.0172049347646393 0.0961984897703735 0.0719532411033789 0.246026655253622
0.230633155538816 0.0672907375869577 0.0202876000752175 0.170482345228738 0.175558685381359 0.135805235072298 0.160438482340879 0.0395037587757338
0.178274819460435 0.0610386768343837 0.18151869274189 0.152802572390697 0.165385895714048 0.0934866589092533 0.16639348199945 0.00109920194984361
0.255251837670167 0.254217169710226 0.000296323010409731 0.054758541298226 0.114619873302654 0.124589959184247 0.0141207576480931 0.182145538175978
0.194448643302712 0.0705227802949768 0.105995921373901 0.0487011855399917 0.148837188527597 0.169749168480242 0.240871107296996 0.020874005183585
0.0487313099833735 0.156578334235273 0.162255176790037 0.0224640415037731 0.121250942498359 0.0190344138455554 0.29745056192156 0.17223521922207
0.0806537994242749 0.0237890853254572 0.0100186759679467 0.267081471563716 0.250830854063244 0.0560586582207363 0.0140484300416237 0.297519025393001
0.0900799165237938 0.156717915705223 0.231571743187288 0.0311017821580328 0.0668489944162411 0.229091744453965 0.0320835982422329 0.162504305313223
0.108600971979448 0.160977282882522 0.0499887034684143 0.0782917846685146 0.196236196755872 0.147105725187924 0.214366603234841 0.0444327318224654
0.0420280202645291 0.15500666571082 0.105157870599341 0.0241520616731336 0.200429852984609 0.141792847214425 0.13785616735606 0.193576514197083
0.0228134851961837 0.0939107028091254 0.00561091431543351 0.236093061785754 0.22121060686056 0.063972225671665 0.118444481814348 0.237944521546931
0.185104836628951 0.0242682181496438 0.0719542234475435 0.140841502405655 0.125113953792076 0.173881346020637 0.107485275843316 0.171350643712178
0.186518806613928 0.131839621160414 0.163667560844291 0.177294394457675 0.173003227031711 0.0433327695667091 0.0176260071412024 0.106717613184069
0.20549065324924 0.0619540524547279 0.0311602636618174 0.0740551328153717 0.23569140494851 0.174891936110004 0.0889280236534599 0.12782853310687
0.204444009315891 0.0194751600573956 0.136719008506587 0.230346379185143 0.0315884180625267 0.140294632864891 0.148590512736657 0.0885418792709094
0.0561925042026526 0.15031764336688 0.0468550407798499 0.132069224119457 0.357049530407369 0.0375706499517519 0.0822372813107218 0.137708125861318
0.0220982770124116 0.113153875705266 0.0795810580368102 0.201301044989768 0.128898246482258 0.157258840716951 0.0243807496718091 0.273327907384725
0.0963736765555547 0.0192401353598184 0.174969566918674 0.155851019805324 0.0924459966628112 0.167062704918636 0.155836001439139 0.138220898340043
0.132471811422335 0.0373849765097359 0.17087644925908 0.17500499561674 0.0582719027795498 0.18916636947551 3.63362159808531e-05 0.236787158721068
0.11353109790894 0.0753211549613028 0.227968154674192 0.106761756346533 0.0744159247558868 0.187887517055986 0.0564900867704217 0.157624307526736
0.312486114762608 0.126951309668088 0.048476082324404 0.313808367915867 0.0534805890999998 0.0859995018168827 0.0396164405323483 0.0191815938798028
0.0603013677448815 0.0967034494139454 0.11933780131871 0.140026548462408 0.191857113013494 0.300979057989294 0.0902281631291216 0.000566498928144334
0.175097008867532 0.149772331725393 0.151271291191612 0.0855821417390852 0.0515626605167377 0.168982193143399 0.0813219815417333 0.136410391274508
0.126331192816739 0.025987329552735 0.192447198944834 0.200954059797916 0.151241135304462 0.0944614957339063 0.0525203537337876 0.15605723411562
0.0270348068901753 0.272924265127865 0.225645006122676 0.183871298048356 0.0370688274682519 0.0496347977166876 0.0484789119695683 0.15534208665642
0.0147322765189241 0.0351627474869006 0.25029338292484 0.0267027879429344 0.376390832709178 0.0505649500682553 0.178388975206926 0.0677640471420412
0.00965522956361641 0.190576640422508 0.0557455985267888 0.188268160963311 0.17802983576326 0.065598769843063 0.136521455861466 0.175604309055986
0.225061724037196 0.0154732077876835 0.207287620809919 0.187711635659631 0.0293891703237179 0.0807637813996791 0.115964219153048 0.138348640829126
0.196493001816336 0.060665793242716 0.0283371285436305 0.0996255835006199 0.140597538833351 0.217121395633687 0.0564835925550026 0.200675965874657
0.162247392910844 0.0104832714668778 0.0327617412745391 0.169018301146165 0.158925452009135 0.163182433632173 0.156048094883726 0.14733331267654
0.19168626607195 0.060763172431752 0.0206346067886542 0.0908505171935339 0.0415823587553083 0.300702144708201 0.187902198239889 0.105878735810711
0.165582632461794 0.00791712360605261 0.179332112395073 0.152090926595519 0.050333027646639 0.171831789912331 0.144930573454454 0.127981813928138
0.084482256919745 0.225690430283734 0.0831682971447138 0.00940254097956753 0.16102976908259 0.139733204347743 0.238905148025099 0.0575883532168068
0.254914666628012 0.0254304867406259 0.0684218440733535 0.188885313203949 0.18503090608094 0.0238832043360849 0.126319221116219 0.127114357820816
0.13960716628807 0.0361397296812848 0.165437678110765 0.175444485230617 0.0658777984327799 0.119640738546305 0.152531496829312 0.145320906880866
0.00626234325276842 0.252146305471128 0.132846793573782 0.0232766346913242 0.0252035112489157 0.188192893909231 0.0755002763330385 0.296571241519813
0.00444906597391713 0.0699039172687119 0.16037932899063 0.133625318142341 0.0975502124195177 0.146300781685676 0.190107489623685 0.197683885895523
0.116761057380732 0.0365273288761228 0.162940477971857 0.230910392234533 0.105417058007421 0.176681934499208 0.138658288027783 0.0321034630023423
0.221613828595959 0.00214232725014729 0.0862423966696952 0.250901961446731 0.0826580823330485 0.0204030706078853 0.180127115668162 0.155911217428372
0.224899713319608 0.100386396488151 0.0226983587332391 0.265559777722481 0.112733865732924 0.0687236987412682 0.172649416855082 0.0323487724072468
0.181049551624874 0.00505769819474367 0.0884620098185351 0.0850598168433427 0.20365925776419 0.252629662308725 0.13411365735286 0.0499683460927289
0.237729430245212 0.223345676820034 0.145802046645437 0.0639052648090811 0.121296734807209 0.164294833392346 0.0102055027260774 0.0334205105546043
0.136583021500689 0.187877623193104 0.0742037901040605 0.0765944189431029 0.130400369884786 0.152237508381352 0.225393428843621 0.0167098391492837
0.172505454415665 0.152004160237187 0.166171115207016 0.0757695566033069 0.17672322752332 0.0677672636377364 0.0333245307955829 0.155734691580185
0.0345871403392197 0.272551524687131 0.0775638871292076 0.184951796132437 0.0774647291044809 0.285078993263457 0.0437407711025702 0.0240611582414961
0.0417687409654822 0.141029790720882 0.221378096556942 0.24173418989418 0.00110954396974858 0.0441868228970349 0.0581289917366184 0.250663823259111
0.0510465961385373 0.163440748675285 0.0455831564981815 0.0385000223116168 0.273320994610904 0.238184550823986 0.0264760970498587 0.163447833891631
0.140401658439258 0.0184223377290808 0.000337121014098561 0.209288834182009 0.0859368235590966 0.106551059842543 0.262163073928478 0.176899091305436
0.207664787929924 0.18019787582904 0.110389071391005 0.133847599684024 0.171620067597842 0.0549380350241741 0.026025341924671 0.115317220619319
0.0141857534220348 0.015539315447182 0.176746849636658 0.153540161683617 0.219195248251667 0.13946590832276 0.224459480408063 0.0568672828280186
0.185646189935453 0.0407079763356687 0.0557718903634695 0.0776230135900223 0.00830720648284571 0.175129472977723 0.19152004228801 0.265294208026809
0.0688332940532477 0.060055006462563 0.196070144218417 0.150364155952397 0.191312163207008 0.16630130970035 0.126528302653975 0.0405356237520426
0.16967157832407 0.0432358961122665 0.133047802944898 0.0419506365637848 0.0774402052674029 0.195426008614126 0.158006018234499 0.181221853938954
0.250208443691325 0.141024544866864 0.150790811573473 0.107289908634317 0.0139475788140682 0.0749566579420346 0.0869430941352358 0.174838960342683
0.171951051568055 0.122168983560522 0.0276352693993659 0.126231366053624 0.187121567408303 0.158064571183566 0.122109714850733 0.084717475975831
0.247270866376974 0.00161735825857952 0.0644849048372634 0.183292400469316 0.0453140884471009 0.0557832956370464 0.227524353972669 0.174712732001051
0.225571271560715 0.132246318359951 0.121487160800418 0.132369497725619 0.12849410876433 0.0871947745999409 0.0759157523468093 0.0967211158422175
0.0340459457075088 0.188908143579086 0.0605195374644516 0.18601892524323 0.051688969591553 0.174967761481202 0.145799421137389 0.158051295795579
0.142604828819312 0.194613502328921 0.0817899062889734 0.11312473650644 0.191249046560497 0.0969698517837559 0.00857747349289277 0.171070654219208
0.134355288374071 0.157737574099671 0.0530597784220896 0.1336754407075 0.186202828449151 0.181965118050647 0.144933916542967 0.00807005535390241
0.164463431595634 0.209676053255508 0.0192886610817359 0.199887322287811 0.123664052489595 0.0292225434768473 0.151433422922085 0.102364512890783
0.106048802319057 0.109444909544089 0.225564382288978 0.135777237809385 0.0978986957987159 0.00254514283642256 0.0950672541605497 0.227653575242803
0.00853835835074288 0.253087624868155 0.212838085161678 0.232749643394792 0.0211888214015252 0.0151046134549943 0.00455294886994943 0.251939904498164
0.0619297686664392 0.251054131538873 0.0745975750232169 0.306865794978289 0.1834297949564 0.024481492587335 0.0705202474462629 0.0271211948031842
0.16938405817534 0.00657475524937703 0.114863187700315 0.175037111863251 0.167562344161805 0.0796710765434163 0.151803598720253 0.135103867586243
0.194897835790296 0.120010943806488 0.190773594211324 0.00515740231373435 0.176038012343788 0.0373604961880206 0.180614880753239 0.09514683459311
0.0550890824745072 0.148926030830933 0.22993604433556 0.0798068620784426 0.0195897168692995 0.172714464221493 0.191599667702702 0.102338131487063
0.168654640310469 0.153794581774495 0.168923329588276 0.0402692375565003 0.189213179383917 0.177667812474985 0.0139051101530734 0.0875721087582849
0.0732540845467694 0.154258279609534 0.0442445860483298 0.178885103814833 0.179964546020449 0.166019595946209 0.00819150546168717 0.195182298552188
0.0799996886306821 0.274009548135602 0.0761784421891112 0.0856551182684966 0.137543220508627 0.0828131398293117 0.0617208445345799 0.20207999790359
0.162214907462268 0.226476004336185 0.0859031028338779 0.0801615252329838 0.0892707891468389 0.185348365584037 0.149030057356743 0.0215952480470668
0.0299133165671175 0.222120421760442 0.0864669990975546 0.0834953767405995 0.231614976060476 0.0281851415245756 0.046299166049065 0.27190460220017
0.0810272650191509 0.105935384700195 0.194395848172338 0.0485907937259846 0.157407426868839 0.0540011013822143 0.234799743031824 0.123842437099454
0.0232654192114635 0.158295853532217 0.0136329534927061 0.0800999609525109 0.194727405792979 0.16589838959808 0.190332618464438 0.173747398955606
0.12105796709339 0.123832703485877 0.164491004066726 0.138417932410013 0.0442355975402074 0.0522099140114402 0.218091630797032 0.137663250595313
0.111770409719449 0.153083946576191 0.0662482789442143 0.148310038078169 0.100239617588097 0.153250136055999 0.11723323742843 0.149864335609451
0.0172155462929117 0.0438523380077121 0.0202669323264255 0.187964339276112 0.105135401714706 0.21754906942125 0.235182698495891 0.172833674464991
0.0287389944438005 0.020452486167181 0.151991969546606 0.0885425768185013 0.160606837699631 0.146137642102628 0.232016734237746 0.171512758983906
0.0158501068083622 0.0326360181752076 0.215087886317939 0.16913337930264 0.235483517339728 0.128189134840744 0.0759893533624496 0.12763060385293
0.187990660179635 0.0580683338199102 0.140791627266404 0.144100470017342 0.11263255297429 0.204185293363577 0.126191063475207 0.0260399989036345
0.16450297084136 0.217726331415018 0.0206431024087613 0.0386963282612346 0.0562802817408952 0.0497381852917955 0.206379199930568 0.246033600110367
0.0235054409278369 0.200365295798346 0.154706194393889 0.0739882293622944 0.0725124848871993 0.0385757182618838 0.205379437572729 0.230967198795822
0.0477538329816844 0.154107046807832 0.181547759779652 0.193567325687266 0.173858078020664 0.111256177109451 0.0517683469330381 0.086141432680412
0.000359474078008369 0.0728004655744407 0.30334222228143 0.236422591514169 0.0159496135651712 0.0120496656974229 0.0622625944626918 0.296813372826666
0.176798157930665 0.13322977336828 0.182637240734349 0.263539516145938 0.0126910140548074 0.162618103520764 0.0225044853836136 0.0459817088615841
0.117027841252308 0.0371109363190275 0.0719379026241965 0.146256633903361 0.263679781916868 0.111978223907387 0.0916313891452221 0.16037729093163
