0.0600742080574028 0.0142316861006654 0.0809751329356513 0.14686340364336 0.102524783782039 0.147296875113592 0.0710793943815198 0.108445224540267 0.136332205481732 0.132177085963771
0.150427510042876 0.118502055449932 0.0859977896871668 0.0527053653007551 0.0574191888375221 0.0345180352318325 0.152244573730191 0.0865940558712453 0.154588739209247 0.107002686639233
0.0904393987138383 0.0836085732254551 0.100759139673104 0.175604062986758 0.062173472852413 0.140516469101991 0.0565794194376482 0.114718026286106 0.00497448766893426 0.170626950053751
0.0832977522505227 0.198006615664171 0.143517479433767 0.0470345263554098 0.0402141202540018 0.0800180413862866 0.0896682043014995 0.143090778865776 0.0650964940839034 0.110055987404662
0.143895361897103 0.142995208538005 0.131939996201397 0.0877772610476027 0.0939861494657138 0.0354020226136411 0.16932999625099 0.0736215169280161 0.0868856393288233 0.034166847728709
0.182593958746399 0.0767657343111368 0.115021293573675 0.0234465512759332 0.194884219229765 0.14952908983138 0.0430308606374985 0.0234752615416244 0.0766528952859476 0.11460013556664
0.0383630132106283 0.145683885656388 0.129020646312074 0.141615748869912 0.0613957393344414 0.0627405999059114 0.102270013171938 0.0372719715426645 0.138976195586062 0.142662186409981
0.170093554129367 0.0549953951116988 0.171443149259669 0.0111034549660812 0.190154368168425 0.038569950033223 0.150711255573613 0.0767029756356153 0.0371766940182592 0.0990492031040478
0.105541561366164 0.102852566064309 0.178827325749513 0.233115962581025 0.0554980033478836 0.00848607178721783 0.135675213437187 0.043611416412917 0.114525211690659 0.0218666675631248
0.0405665080670653 0.094941685116895 0.0952748292939606 0.0190043428745834 0.1650195551456 0.170881868923784 0.200512155134598 0.0481988941326711 0.147752945767469 0.0178472155433734
0.130614781967302 0.0848413226821242 0.253955539192193 0.208673277405801 0.105514391297557 0.0181357760564453 0.133206239453246 0.0103598528765544 0.00813045747758574 0.0465683615911909
0.083732096450062 0.166628043686221 0.0568246736256706 0.0796112651829885 0.11790431139832 0.160330533856961 0.10335835235088 0.099915808188242 0.0269690006977935 0.104725914562861
0.143754008997826 0.130862690180836 0.0825621894072568 0.0794103231984334 0.110947572424767 0.0935078346003687 0.0537393346608332 0.118875061543561 0.110181256956952 0.0761597280291672
0.1791510494695 0.174229240355069 0.185271662980728 0.04803565800516 0.0716624467540637 0.070533028441577 0.137986879323537 0.0761476612335291 0.0361727559543055 0.0208096174825306
0.109697753263397 0.0167513427834192 0.0902593516550295 0.0249764019141381 0.0492739055617214 0.0871507565560655 0.184428809695888 0.0671671474611369 0.194452012638285 0.175842518470921
0.0452984514712427 0.0303376722464458 0.104852524104832 0.0615688457238895 0.156321724178714 0.143452127943167 0.128707613047427 0.173559886536554 0.0559230627420218 0.0999780920057064
0.0825970888747325 0.0656439632043322 0.0300150834517076 0.195207061013692 0.0405362465152074 0.149239085866653 0.153545194010759 0.121739904337895 0.0976526984474737 0.0638236742775486
0.16543533789278 0.113135347338448 0.0846879030539043 0.171656148261207 0.141313250203021 0.00350753280348419 0.170024085993278 0.0400721701449948 0.0549021424403804 0.0552660818685023
0.0286479785910878 0.129769568755819 0.134841311839044 0.187099214696252 0.13542243156908 0.0218720487978621 0.0166899356043249 0.127919071691494 0.126523087309468 0.0912153511455682
0.159190432799012 0.0538004887085635 0.0659325375237281 0.00954374658674594 0.0754020243632174 0.107870826347227 0.169271414979435 0.105507430399646 0.0982109666913652 0.15527013160106
0.221920786234476 0.100981263943507 0.00516894022534757 0.221115132413216 0.0304273357908134 0.00827025593578965 0.012000681415408 0.168999735107597 0.0960335667404688 0.135082302193378
0.140415465188423 0.141142247603075 0.0522015166946963 0.0475101960516723 0.101752767990309 0.090092465310369 0.103045817040598 0.135689518175225 0.0585551788707313 0.129594827074901
0.0885856014519523 0.110598235849612 0.00314455882303772 0.0453271809494547 0.0909766913786677 0.177327803188562 0.117070357715773 0.0840453810418593 0.0975042586127877 0.185419930988294
0.158828179299602 0.14296431248204 0.120339898673355 0.122123423027735 0.0754025822950356 0.106088061703698 0.0677908916371628 0.00228999926115833 0.134390146215425 0.0697825054047891
0.125562390295572 0.07278072482802 0.00330337146955879 0.175862462585942 0.133037394128183 0.137889979414231 0.0160106172863114 0.117598025076058 0.169024745766135 0.0489302891499893
0.0781961603169824 0.277696821509137 0.0746548325545952 0.00217924340508915 0.0847909866606417 0.0889984508720946 0.0159068414139858 0.110685373812562 0.110579503088508 0.156311786366404
0.0746399411971104 0.195276448363855 0.0280781425373229 0.194851666575065 0.113106266600407 0.020739411685416 0.132493416500383 0.123873897891706 0.0539805607150071 0.0629602479337286
0.160492366665319 0.0789530341062324 0.0425215461116136 0.0410841313038673 0.130943468059571 0.00730465720905535 0.23370394663261 0.0897470190415666 0.0212385388122737 0.19401129205789
0.0391498777818173 0.00215892704227664 0.185963891413553 0.00591166744592076 0.0940066751707084 0.15305228231026 0.224003100404144 0.136437328573233 0.0867037764435388 0.0726124734145482
0.0731058670629169 0.131500951539113 0.162303890340683 0.101573439976743 0.0241473188088559 0.00836315213011978 0.0860760856193062 0.134366946320341 0.150793475754819 0.127768872447102
0.0587432568813282 0.193192895468378 0.0472381350011119 0.143475038452265 0.172501501094509 0.172022296471835 0.0650096850483101 0.0226516554738111 0.111757817672878 0.0134077184355756
0.122310614737474 0.163973642099699 0.0272408941047394 0.0287519167436645 0.0454548606913861 0.134475360933484 0.152489142904225 0.128696052214848 0.117717241617425 0.0788902739530555
0.0216312840113616 0.165225911543049 0.0422114836109339 0.0934877344860793 0.0239690545387655 0.259933144566388 0.0823109951911974 0.0484063407708941 0.173722487754651 0.0891015635266796
0.0864125656769576 0.211084739417094 0.0967789158520199 0.000848137910701888 0.238761427585261 0.0453560488176332 0.0816582018259 0.0103620377537045 0.221212446518564 0.0075254786421638
0.171291932126904 0.0494840934852165 0.245472746349305 0.11913451795782 0.0553772147527054 0.105383410119284 0.0127867718016282 0.00141551665531889 0.10166703230327 0.137986764448547
0.0447072820173831 0.148767469372806 0.078696698973252 0.206392096235039 0.0261999846956315 0.108101910470694 0.155458085930559 0.153034068020856 0.0573352145470497 0.0213071897367295
0.0578922465994923 0.0148352384051814 0.111175712918597 0.161294505909295 0.00194761306188639 0.00429704421741839 0.139787612804738 0.203889455309798 0.0630492306051726 0.241831340168422
0.131541254855644 0.161549551376613 0.144199166117786 0.000221039959534887 0.151526243708333 0.0253100900329344 0.178216821215996 0.140193269103723 0.024272562892062 0.042970000737373
0.0376676310408634 0.0461754375596345 0.123895392377755 0.135424809863089 0.0367258715865385 0.129791159471975 0.101225638307282 0.134892979874094 0.116429064738745 0.137772015180024
0.193753927860271 0.173390414812161 0.118796692087412 0.12919937229938 0.0324855222147337 0.0710901468931379 0.0543918931863961 0.0485776723334056 0.072067927950625 0.106246430362479
0.0326371189220326 0.0231553939002387 0.205983998630983 0.143672415724277 0.194838352977715 0.00400137227455995 0.239202805008244 0.0586408909028951 0.0967386914751856 0.00112896018387019
0.0418912381775147 0.0054424384917233 0.0107999474020775 0.241479544485816 0.242821097240879 0.0479324330508875 0.124910294674428 0.110641961211236 0.132512844787031 0.0415682004784064
0.129951674042928 0.151603893429539 0.077724876493946 0.00328920381430198 0.106336085439693 0.127446097086849 0.0197607361094458 0.0963274682479928 0.120219283864105 0.167340681471199
0.120802721418149 0.22692457749054 0.00770773170192374 0.0090503426911565 0.119979743768542 0.157493834661577 0.0895190386135064 0.209686174612924 0.055835995365728 0.00299983967595371
0.121711548432207 0.0478567661930086 0.0858069057842966 0.0838997727062739 0.0140876046492623 0.160614877503255 0.108345629647089 0.0828527556402916 0.130071677062208 0.164752462382107
0.00213697190424426 0.158149989726223 0.0799001021251637 0.202672743479367 0.0307217506620302 0.123170470442561 0.0353613051167508 0.165360803352214 0.054999129602653 0.147526733588794
0.0265270414093004 0.0662327879013395 0.143472744706709 0.210215360440888 0.20129543256049 0.0732805367686635 0.0310613530830752 0.0323888473088904 0.0949173679429272 0.120608527877717
0.0410033847470256 0.0736271509956137 0.0795296646466135 0.165230960659134 0.0452269255105577 0.126060274607528 0.111527113521843 0.142836657998336 0.161334663606909 0.0536232037064389
0.0521621039841457 0.0384965606949051 0.196975872308866 0.0434836698046287 0.171523364802411 0.0703578850915512 0.017497399841786 0.130091936843663 0.105060451671337 0.174350754956707
0.100337926944588 0.0649242818420974 0.0801935551404445 0.134750463206273 0.111583172612643 0.0440679033044921 0.106438343486554 0.12168665169964 0.10423483099215 0.13178287077112
0.0434966176373948 0.143429879894391 0.143774580140146 0.12967417797819 0.0883689955719446 0.0619939195882958 0.0948881708798566 0.0146224561350519 0.141610240244786 0.138140961929944
0.152857769505026 0.0112462915611722 0.117216930190818 0.188912690525085 0.188963268560509 0.0663228905829936 0.0142623991230311 0.16116356624767 0.015920497536157 0.0831336961675388
0.154392066696774 0.0456294378318807 0.0832658309902753 0.0682277050480076 0.0556614871069838 0.112053434470135 0.142802352109425 0.185550974066242 0.0726808220410959 0.0797358896391802
0.00982839490186414 0.0852721970337552 0.151243875361274 0.187225952717807 0.0363108590428509 0.150227509907628 0.00462472025858548 0.110212836187413 0.105421937459123 0.159631717129699
0.258014583501959 0.0859797632145974 0.126937684987882 0.13314671618434 0.0331847905451209 0.153200497848781 0.10527411465671 0.0341422632103664 0.0110397100766953 0.0590798757735471
0.101238165415541 0.0456359773039708 0.0306270124675482 0.173585304138995 0.143606487599892 0.115021552761827 0.0672450355158115 0.152957714415559 0.138216806513339 0.0318659438675159
0.0933232187107642 0.0629853977162012 0.0965192231838468 0.139851935514133 0.123522864950231 0.141226109731564 0.14763577212433 0.126800766328573 0.0352602958510018 0.0328744158893539
0.0813760385463475 0.0363569550661848 0.140877710402641 0.109240149317742 0.0898434113516524 0.00844700389417867 0.108825136944042 0.16900743058024 0.12207228352314 0.133953880373833
0.141141469001552 0.139009783729273 0.177506174848166 0.0698136728262515 0.092893702478109 0.0509511410296601 0.0725824651945185 0.0494262240895367 0.142134393551584 0.0645409732513485
0.124434373441911 0.107505815528308 0.0302089687516935 0.0350631089851493 0.14926819922927 0.0215389879559084 0.141019934398969 0.145155311047581 0.134022492908824 0.111782807752386
0.167865948427898 0.0289081454000307 0.0161953552017448 0.00185451361925885 0.139018554249532 0.15294341028704 0.128163666940913 0.0624848055873889 0.167358808493926 0.135206791792266
0.173513500862867 0.0457454323527529 0.159229250003812 0.149937152827161 0.0485162346584742 0.145270070889455 0.0608559450591565 0.0628906801866766 0.0825300256928125 0.0715117074668315
0.144965269201952 0.132240166932501 0.101109582838602 0.129394686041515 0.0520805140424943 0.0408709388878063 0.0570923679187848 0.184586755846946 0.145283461265442 0.0123762570239567
0.0381404534134597 0.0617691941956685 0.0367889680854786 0.12711915457106 0.228502296879858 0.148167523775021 0.00852561032931904 0.0904233087404303 0.0842606052940294 0.176302884715675
0.196920835148456 0.128766746764215 0.0946795207414639 0.0489428145010138 0.0556500196862726 0.0600048003878968 0.0404622254786778 0.191262316229314 0.000895932294540462 0.182414788768149
0.00917494207191563 0.0787197802619484 0.0424608390538849 0.0749729614031377 0.133861902732064 0.226299261721934 0.109713361042163 0.135823128689641 0.0267455398573701 0.162228283165941
0.186156665529366 0.15898654783296 0.0994239809762878 0.160702958687728 0.110875764520956 0.0269723732439088 0.0968418483456571 0.0724294693444547 0.0775182893238549 0.0100921021948272
0.171659478265135 0.0280592714469012 0.159370824870349 0.0892038185178151 0.162648810586193 0.135734103749662 0.00665095706782908 0.167138649572752 0.0309365659253743 0.0485975199979905
0.118461391353752 0.0651477999293866 0.171892042376762 0.0292171238199341 0.130843466140547 0.0141539996502231 0.105300353816858 0.112804287102119 0.106441806095051 0.145737729715367
0.0642501957273129 0.114101100317378 0.0827710606673507 0.147971825697682 0.150110492827324 0.0198203321035691 0.0441441423069975 0.110456338221844 0.230694645192978 0.0356798669375645
0.0548526956368903 0.06533509572685 0.111036106070569 0.0849023352579351 0.15550708157392 0.197831772240775 0.0999424638621234 0.124957435577142 0.0849446732026454 0.0206903408511505
0.180188426391002 0.148793698738897 0.149143803905159 0.126530847048502 0.160178647928728 0.0205073370747564 0.0332074166795769 0.000855251876148867 0.173536389156108 0.00705818120112203
0.152335182588111 0.0599353398469144 0.164257600917049 0.0156016584805714 0.0967871785734488 0.147625920488459 0.11579465113007 0.139743659737312 0.0176734716493544 0.090245336588711
0.0128984091328795 0.129794595841644 0.0139689009399804 0.190441202701093 0.0313607558368315 0.149480208734046 0.0763576684253043 0.0388423229678891 0.170203215874286 0.186652719546046
0.0246543114641137 0.116018774551632 0.229192437805444 0.0379898524716857 0.0876609632614905 0.0116156817748159 0.146160467060644 0.0480860764428094 0.0431325349960196 0.255488900171345
0.0899134297062004 0.0748606644443983 0.0629603537141745 0.14720162003123 0.112921561429422 0.099364201050326 0.143293672232045 0.0958373242359057 0.0480071397802442 0.125640033376054
0.155528277729805 0.115786562700642 0.124894668573776 0.0756791947001606 0.159046070805666 0.0214032012242365 0.0229604606506753 0.162119236064995 0.0652190477580917 0.0973632797919522
0.0950790760279215 0.149644672440671 0.144575695334284 0.0348757341053736 0.0734199350897235 0.0811394561003378 0.110690887229728 0.135819110419891 0.102861012689295 0.0718944205627753
0.148688098320333 0.144704443417963 0.00543530264532626 0.165244036028764 0.173587779456977 0.0759068356436854 0.0806659511454015 0.00400383353631195 0.097703157193124 0.104060562612114
0.0192210192736728 0.163616700536023 0.0372370671694072 0.0513528086391285 0.0505205877056045 0.175492280059828 0.170305585132619 0.195978820686087 0.0326124110559615 0.10366271974167
0.1627822657518 0.0395524615096203 0.0942813581557044 0.0695582141633045 0.1538170944529 0.159069560382483 0.124492314501967 0.128348093960168 0.0557993545805095 0.0122992825415429
0.139485480462246 0.117388218374042 0.0598723486310508 0.0727042010157724 0.107313617322541 0.0228482560364877 0.0792237426513948 0.117978370682839 0.156952908628682 0.126232856194945
0.146398847435807 0.032069432359594 0.13448681315469 0.192824707888559 0.160206435122858 0.167579212951409 0.108432438406824 0.0101895742332962 0.0224094943121688 0.0254030441347931
0.111638085304214 0.0927374513041236 0.146767976707524 0.199566989166918 0.0518768800797696 0.0850467900086135 0.0720910402452474 0.0237853520536058 0.157476401524859 0.0590130336051256
0.120790900789916 0.0590501233836381 0.111556602547133 0.120405260471527 0.144995452447779 0.157261265152845 0.0669791964068277 0.0489789487879946 0.016661678411041 0.153320571601299
0.0130045726617884 0.0697329703227432 0.130477827166828 0.0887739486069794 0.0769111813679678 0.160712839373814 0.118153411723849 0.163872604814553 0.0800822939515741 0.0982783500099035
0.136251934014501 0.0974940735419379 0.0186067240900928 0.110265026828761 0.0196481992450689 0.0850728615152829 0.178564233738578 0.00675129997922852 0.160512660324413 0.186832986722136
0.159157240436972 0.175282098346022 0.0885877107702673 0.0839066850777993 0.196393930898374 0.0802243199021031 0.0380005943589385 0.0389682948775916 0.120688583986715 0.0187905413452178
0.140560784586234 0.0196052100543389 0.166657819737115 0.075843597048781 0.17519379244922 0.057371178425183 0.0482258608804741 0.0966332856017176 0.0894169297445882 0.130491541472348
0.0226383762944192 0.0527536245872606 0.118462796825702 0.107462083737879 0.108622525914155 0.130622704690106 0.160693779264138 0.129023792344844 0.111422843784072 0.0582974725574249
0.0321063876364598 0.0105731706907474 0.0390314308839026 0.130317105799471 0.122707366025606 0.1330355401835 0.159215934240148 0.185104197004176 0.0990691148580053 0.0888397526779842
0.0107460233438955 0.129399596982502 0.161242808375569 0.174773750095664 0.0832879498050309 0.00762491139231893 0.0367242008096374 0.10979721013181 0.204415656806348 0.0819878922572242
0.117657599260961 0.11550564274515 0.117834404269229 0.109397873446138 0.116793713050292 0.104612125264122 0.0241886112777055 0.14204551278566 0.125322203489908 0.0266423144108327
0.174483382873984 0.054122715295071 0.158111585082489 0.0309692895560672 0.0991799808978117 0.149466157670473 0.0931195382475051 0.139768285498308 0.00612033687028421 0.0946587280080079
0.0318338921106211 0.0816917887665918 0.189403099049996 0.0626810957647333 0.011229432503714 0.236557763130534 0.0509176880059871 0.14291082428292 0.185369361722134 0.00740505466276847
0.0343915187615082 0.039750464779938 0.0533759552741417 0.0539351078972856 0.158072521016784 0.124136532241237 0.184855300088041 0.121446885764485 0.094719125161162 0.135316589015419
0.105862072608372 0.0266810545197328 0.0876540275737296 0.154994462969707 0.0625369485134132 0.161507498323508 0.0599672562183689 0.0804580362907491 0.150857534421331 0.109481108561088
0.0766198757622831 0.0642440552836055 0.0498495192262805 0.101061192701534 0.13599794572803 0.0668047311768207 0.149684527646389 0.158217096024847 0.0927262077452046 0.104794848705006
0.00777547625815998 0.161926099008217 0.165580610060171 0.122101677093252 0.0102822351060641 0.0648499500714107 0.107073330688856 0.142475788615165 0.178305764148841 0.0396290689498624
0.163057107846684 0.104711788056885 0.0245108314345678 0.10529653646098 0.161616125306727 0.145252684532415 0.144597857247564 0.0154669991899316 0.0312177209257484 0.104272348998498
0.153599591592944 0.0493722082430142 0.159052637364044 0.0409595205998964 0.0694865998467616 0.148202997569651 0.121635403924171 0.00597410622191388 0.129569672448349 0.122147262189255
0.128585383310856 0.115078202210952 0.14342035334201 0.0869137017613468 0.00579961480894719 0.0971307204647474 0.116642033192065 0.163271047165866 0.0245292009036762 0.118629742839533
0.0628659022311325 0.180448127409493 0.0534366729438549 0.104106402866772 0.0203548487764816 0.156309696529976 0.116035043492658 0.0526766295700815 0.15476000575761 0.0990066704219406
0.0920708566909625 0.0682239623812635 0.102600217082493 0.104363547588707 0.138308086785915 0.0669169243068499 0.1310020626184 0.0761196172524619 0.124424354180137 0.0959703711128105
0.109426663234686 0.144263839866131 0.149538526831758 0.0423909638399892 0.18070034808913 0.00510699490129917 0.125470629027138 0.0405357413408473 0.0210661293533482 0.181500163515672
0.179352810026099 0.155046941521576 0.184748755335137 0.0673750928940765 0.0134722056042875 0.0103216833558012 0.156444217805856 0.0359401381111489 0.142427052570124 0.0548711027758932
0.0132505485232693 0.0673888851711899 0.186790159573094 0.092433755173705 0.14090770500462 0.234850332720213 0.0278676377660807 0.0461935296969089 0.147928409292985 0.0423890370779348
0.107755531356311 0.129377106849568 0.130871973531502 0.134768072337731 0.0623235777197427 0.153653923857192 0.00322845288186808 0.0263056679870987 0.0950844489455811 0.156631244533406
0.176198805002781 0.157528968110614 0.0871611493455779 0.104282736814494 0.105814482019651 0.0822356779552893 0.0903730228967222 0.121617997040571 0.0322984525245621 0.0424887082897377
0.149864555885546 0.177037415767328 0.0344978277954534 0.0563089553677049 0.0598497817253082 0.0895217856539278 0.0358637525130795 0.0851968539734601 0.12165549086169 0.190203580456502
0.0045339532341749 0.197649787429977 0.00358050838395546 0.0924148783501725 0.203348560048927 0.0953646851808129 0.0217758803762095 0.221917517027954 0.0313450486134093 0.128069181354408
0.127085488450528 0.092152767847092 0.132671733979022 0.0580802752300267 0.110273927031253 0.0921982153612368 0.162105697713684 0.0788703884722845 0.0235258957205505 0.123035610194323
0.0572119699003555 0.10722462634467 0.0296265479473979 0.153645298527867 0.175807600389456 0.0884015925674797 0.189290474320677 0.0401402697916054 0.085857038321495 0.0727945818889956
0.0485720165097604 0.0964142383787635 0.063495134769261 0.15603126353031 0.0473562758345225 0.141748628667625 0.167828644732365 0.0929967157436015 0.168781551518771 0.0167755303150195
0.0905222201198389 0.0441700858165084 0.0659061757851071 0.163355232059655 0.0485263183146388 0.15229026658851 0.194466075085374 0.0719861375177494 0.167646649217382 0.00113083949523562
0.217048902590266 0.0344384993148388 0.126751706610219 0.0334052536461427 0.0924192167061011 0.19815061053358 0.128782496804655 0.0547243234230548 0.058091924325557 0.0561870660455849
0.0389226948165864 0.0789444895578176 0.083004132941844 0.221887058640008 0.050209827500614 0.105862812041043 0.147282753306185 0.0433749449855105 0.142628790909587 0.0878824953008042
0.128453518541261 0.0971197411202688 0.0542403667931629 0.158770774530516 0.1163354394685 0.0845152337377667 0.0840063345294099 0.125922323006044 0.0485240202809646 0.102112247992105
0.0501875753698766 0.151945494271187 0.106212145614891 0.154288145435513 0.162214540441215 0.0219425235108176 0.0784930993007371 0.0596800453733753 0.162151296668975 0.0528851340134127
0.07674298219493 0.175591019823787 0.124812878279608 0.151810496802354 0.113342267300272 0.111315026742474 0.021738049356816 0.00134324249769054 0.02421984401733 0.199084192984739
0.0771828821591048 0.203680897081335 0.070557353090655 0.0779442650504737 0.0245429616427638 0.151473342526014 0.163293280195583 0.00144825496603221 0.0962249522000991 0.133651811087939
0.0673493659842513 0.297779514759489 0.168834399454899 0.033503043980405 0.0671417909191234 0.0490834779411338 0.11223019600521 0.0432392196047422 0.096166444218355 0.0646725471323911
0.127627754012405 0.141594941572434 0.00139909256466542 0.0398816643120101 0.0981766186931928 0.0750825480566552 0.113065095822386 0.138770154089147 0.128608418309799 0.135793712567306
0.153331648065537 0.185798376627952 0.135451900051379 0.0417003236741462 0.0833957199638733 0.192757671409731 0.0423200197746596 0.000866132374824989 0.118589345159369 0.0457888628985279
0.0790017463455493 0.0968383443976514 0.224435827341384 0.201469094576519 0.0165407408634347 0.0428928382690883 0.0159318975378129 0.215041527378039 0.0656194918512677 0.0422284914392534
0.165094233540591 0.0612723811521811 0.0234811076576652 0.169594910826489 0.11401712401532 0.114453420552033 0.0749238341635034 0.0507661744619963 0.0938137547177814 0.132583058912439
0.0349641550268816 0.182784124691988 0.0379233024069664 0.195399140256111 0.126919416374826 0.0121556940011135 0.108013040575772 0.118027990745043 0.135172194174876 0.0486409417464235
0.14413841732296 0.0643512448083779 0.0133467011565578 0.0210131516093809 0.1511484522468 0.0810616372541462 0.178424136218093 0.0893709921838174 0.191022971618721 0.0661222955811464
0.210139113570444 0.0865677496330418 0.00245799692532611 0.156885101736774 0.135380573619148 0.123152785730873 0.110466871069081 0.055780976702606 0.039872021597868 0.0792968094148387
0.0533123997219661 0.105707247539466 0.153990232481036 0.109499383947133 0.190407616377867 0.0807613914101861 0.0909469879723074 0.0194285136796175 0.153817065118438 0.0421291617519821
0.170236846288579 0.101529276839343 0.0865041538268907 0.0303888175888132 0.0204597298026619 0.16741672142662 0.0384091919572592 0.17871529390832 0.113997527239351 0.0923424411221612
0.0762102561549234 0.139255704468795 0.081400062715783 0.0055643263796939 0.158911838412907 0.0974775798689138 0.162257125385351 0.0320270408629161 0.127961513193766 0.118934552556951
0.0284434690211619 0.152690983388473 0.162817687897709 0.156691842189404 0.100852858326701 0.00783091173768709 0.18263920815112 0.155062912086689 0.0359907399277872 0.0169793872732679
0.0307557309231637 0.082167016902152 0.0488754970111152 0.196663857012625 0.0296643702171507 0.0591781013402716 0.150086555294957 0.207037961338933 0.0917474565072157 0.103823453452416
0.194396766729198 0.0216365706516226 0.18081987682425 0.126969627816772 0.0529663325719826 0.0371090687300146 0.0558191965756413 0.0839178949981277 0.119515430431194 0.126849234671198
0.00445314253862756 0.150954038184285 0.154219765198565 0.00352178386566904 0.176965122984294 0.139675030365278 0.18652925665825 0.0141804937852545 0.0617011720242558 0.107800194395521
0.0346291007781239 0.179904327649973 0.100270000362341 0.125860217522986 0.138650877132952 0.14223758733823 0.0665699814227964 0.0487431476394717 0.145417021039552 0.017717739113574
0.0368112637416478 0.151903136098816 0.0347151289529864 0.122533523942776 0.128569811913475 0.055169547672149 0.147018546813608 0.121648805458311 0.0770856323029333 0.124544603103296
0.0588234405542425 0.150461214405718 0.173472926879274 0.0274049980680587 0.0407968425037273 0.0644583675472396 0.074984729389721 0.204914677709687 0.107137634777609 0.0975451681647232
0.0567679511662018 0.0226639216770186 0.0553461348703468 0.126534496258318 0.165728699730187 0.0928009641884032 0.124882420896916 0.0700781508171914 0.153227099450508 0.131970160944909
0.00758700290177594 0.129382883620506 0.0995622981095499 0.0935234772733989 0.0615881418473166 0.162624645186626 0.130254267402189 0.147203820941038 0.0969709913871569 0.0713024713304422
0.218748428534564 0.0521314164990389 0.260034151209007 0.155106923452065 0.0469333090698427 0.0144757986532722 0.0430738339968361 0.0385766774057878 0.00271246386053797 0.168206997319048
0.12688355808959 0.0416588820374263 0.13922153827505 0.154272719905702 0.0821380930159214 0.0229473797537642 0.0362376436203792 0.136017929308904 0.141185310110343 0.11943694588292
0.18171562626263 0.0646124086465945 0.0681488703966871 0.0600806252725275 0.0424617341547112 0.142465205026988 0.107964399399158 0.13847937298347 0.0954805415542385 0.0985912163029955
0.0255468532873499 0.0734489192381024 0.159039768348884 0.0995730892466363 0.167872438706585 0.0876687459220591 0.0518817905516325 0.0660425680286001 0.0569077936319244 0.212018033038226
0.0047379782970021 0.0821198702095335 0.0626795504238666 0.164085982341895 0.104791863967868 0.135569814477953 0.172210184131308 0.0862279431012612 0.119213102159096 0.0683637108902178
0.185979275313484 0.136785687417099 0.151455361132078 0.0559085183209104 0.0433461344892586 0.148965074782805 0.100654080021836 0.030939620237197 0.0242356795978823 0.121730568687449
0.156586539834506 0.172582952261276 0.0992610764783616 0.109531343001755 0.11984767063652 0.11261514860812 0.0426200777022877 0.124643858598557 0.0217076258739737 0.0406037070046426
0.0860329771463221 0.0510177940497277 0.169881803367921 0.106455333072848 0.0639911632395384 0.0214656928916792 0.1932425471134 0.237893692974396 0.0270820567266515 0.0429369394175176
0.112128731249227 0.0896056912138865 0.0505719069355029 0.0545272884995531 0.0349876558460201 0.138213089229213 0.106037724173555 0.159617386309335 0.114362779861389 0.139947746682319
0.020469594380685 0.101249373203152 0.205561804165415 0.133115174995647 0.00422883279615305 0.0466432607540469 0.200019303588693 0.00219181422309688 0.140397002811685 0.146123839081426
0.0507105985498323 0.1360011492339 0.0816531926505572 0.130975310148518 0.0755436172478251 0.197192251370609 0.0344935685569389 0.0994668961318507 0.0393807140693461 0.154582702040622
0.116836144853794 0.13366917337672 0.166687716605139 0.0139862555236695 0.0311462917055801 0.177775420608737 0.0637203091744064 0.102462937135527 0.15221711510759 0.0414986359088369
0.0439658237879957 0.108226814281207 0.107614808167681 0.147188016516151 0.0596831346809872 0.0983434403257663 0.120422056394804 0.0612293578522075 0.130517795313085 0.122808752680115
0.122907064424519 0.0507946143378139 0.065330784003874 0.0698723849359401 0.178834459821784 0.0618718237265266 0.0277792266079895 0.153760191760002 0.188702736067115 0.080146714314435
0.0443317118136136 0.0921138897385413 0.163301387099694 0.0870262504873774 0.179192021311552 0.143610991178466 0.140532843362459 0.00660283688827955 0.0286554841216559 0.114632583998361
0.016207590132746 0.0711076763058965 0.167464630528013 0.115591061257908 0.0598819052548138 0.0913191861505552 0.0495984422081039 0.00780794043038696 0.211279915602461 0.209741652129115
0.12953007997268 0.146591850170872 0.143431968518705 0.0067930976724956 0.0630219615032434 0.0329730848574152 0.150692783219112 0.210899805606806 0.00177899388445534 0.114286374594216
0.12630776016036 0.0646077623738179 0.072651811390014 0.205009067400828 0.11763022663378 0.0707723586614675 0.0213784459773503 0.146955418861552 0.132310158779386 0.042376989761443
0.118862866867871 0.100498353060593 0.205019401564503 0.0112169356641297 0.0244966717126157 0.0751512353510381 0.0843788598127369 0.0819647727636709 0.200175898797748 0.0982350044050937
0.14093751435534 0.102699636296611 0.110679417592061 0.140474470021491 0.0530249783020319 0.00525210559464842 0.127439984730406 0.171057429587676 0.00297993275625887 0.145454530763475
0.116189894591716 0.0924076944823269 0.145804353448792 0.0115942814462239 0.0498463457307035 0.166895735403293 0.0665876926725475 0.217209057301597 0.0450265541422426 0.088438390780558
0.129444280588035 0.0444380626390243 0.0706731177950773 0.137769877730136 0.134426848558538 0.0269564156865475 0.10551957775277 0.0541445761374802 0.159715082371086 0.136912160741305
0.146581515986546 0.0219073770988537 0.0669886264454161 0.110434371385125 0.142021070749498 0.145548860559069 0.100261395755918 0.0884399883298473 0.0680261725264553 0.109790621163272
0.045481738463234 0.116822409468948 0.0710750506228164 0.114547060499743 0.0804076476827105 0.1572344158393 0.0027400033173112 0.0821815317222236 0.186808915693943 0.14270122668977
0.0965127386188053 0.00693500900217841 0.137534746300839 0.0903133821645457 0.0674886200846769 0.0043174378591952 0.121314329502555 0.163822846258786 0.175600980912899 0.13615990929552
0.0302535372036151 0.103018111795352 0.0788283716467218 0.120652171434815 0.0954298001172338 0.12583529046229 0.0960110679726183 0.0889793615838664 0.126993140584225 0.133999147199262
0.199914436983531 0.00924872756353044 0.117842034991266 0.0370905805653385 0.047221408744496 0.00841350055925891 0.142050527866626 0.131690540258124 0.16376967067162 0.14275857179621
0.129876268937603 0.136129607346571 0.124068072743674 0.142092957605317 0.0675336380396683 0.165757193363348 0.0799810881684427 0.0707926362456707 0.0707523303464323 0.0130162072032712
0.114840326630719 0.115283219962106 0.0776628595138095 0.0424475155217637 0.143062295029713 0.0562864450594375 0.105987395427623 0.140239615400951 0.0172020560568385 0.186988271397038
0.122491118495071 0.0215984221978423 0.150150068008127 0.127041061696843 0.127059232497928 0.00916910512030781 0.162197811692745 0.0871377276827775 0.0665819052531039 0.126573547355254
0.0261549279728136 0.11243909840198 0.0963727361846535 0.168382426582454 0.180231240117191 0.0380490504030778 0.0413217910843679 0.0363921006244876 0.0867650332362815 0.213891595392693
0.0291658467807309 0.119733879677648 0.156393746860457 0.0552661811591066 0.109729666477446 0.0895818272497815 0.122787839829391 0.129675471975786 0.0745431315589767 0.113122408430675
0.137823150422348 0.0304926046239817 0.0955260280096451 0.0935057571931738 0.0854628267358856 0.139236029532875 0.151835193887382 0.0453598502874519 0.138820526370241 0.0819380329370156
0.0259334031891395 0.167627162900013 0.153126648120436 0.0336996186376812 0.0257372440868151 0.117873077286814 0.0777050563004816 0.0894721470384606 0.144082259855343 0.164743382584815
0.133899678976151 0.0704141266190748 0.0968388897367148 0.147170645158372 0.113749206934059 0.0470874302290404 0.0644319662524264 0.143751961188778 0.0324167710631499 0.150239323842233
0.0726129732946629 0.207726305005397 0.039592578088508 0.244334106954096 0.0383651968253356 0.0225627425525592 0.148889374309946 0.163310810516898 0.0386208242773731 0.0239850881752241
0.10057218808224 0.236028256038613 0.00836267378334552 0.136504543167859 0.165505237221911 0.0113724218263686 0.074571239938519 0.129008842390041 0.0565128606688725 0.0815617368822298
0.00829850696897851 0.0698880922547597 0.156360768943469 0.0291877933068231 0.125344804217971 0.163120746070341 0.0910286515248795 0.0606263762499177 0.105660731098483 0.190483529364377
0.102125800002236 0.127430012331395 0.113013389343632 0.0830712603384868 0.0395893995741519 0.143719769248379 0.117172326308671 0.0875624112283106 0.120471451636237 0.0658441799884996
0.180299669361375 0.131232153620738 0.0948460873739301 0.0275015818104882 0.0890476840305905 0.0539688364925188 0.0286420701393019 0.138332984621057 0.140880871641297 0.115248060908704
0.149951652522919 0.0493645332018828 0.136947854244802 0.0302577392709095 0.143996418424194 0.018050733105139 0.129696985676738 0.0958978032101194 0.147496526257827 0.0983397540854687
0.0725262268067863 0.0380666445135639 0.0209377243859523 0.109800534110636 0.173206310220043 0.154506264817157 0.116507444782784 0.151519977796287 0.0366429755728448 0.126285896993946
0.0611840609314159 0.141285912506019 0.12627468095043 0.0503530379684924 0.0348343277968034 0.152320144617708 0.125209613887724 0.106574413164703 0.0775700379225715 0.124393770254133
0.0861982996918766 0.141199116025353 0.10820015826339 0.0375791575084601 0.130443338987233 0.136431064457229 0.0830114623834018 0.0753606726581453 0.123341602364851 0.0782351276600597
0.131304441928134 0.0967216977035105 0.0151990812700235 0.0265017035317629 0.199254172739999 0.042043848326973 0.0734568955493851 0.0627713262860211 0.149448295945799 0.203298536718392
0.0215026817176491 0.0649576373580251 0.126985010455309 0.0445557360422853 0.124572621973677 0.0961733598212904 0.153367638722763 0.15494873730451 0.0342292146661171 0.178707361938374
0.0936034760888183 0.117055570656657 0.205210091714451 0.0286402819742351 0.0715430116977872 0.00521827216995039 0.206115708558393 0.0507997387188422 0.0599674147101755 0.16184643371069
0.092982279820503 0.0642969405702818 0.148405017213598 0.0506866515145709 0.169763834631608 0.145472740457347 0.0871191591131794 0.0458767762884622 0.0533294200621822 0.142067180328268
0.173957388606474 0.0652782763487614 0.120457033474563 0.0900245785270049 0.035614988007407 0.030804808098916 0.126303184904997 0.0849981560613289 0.178309180064185 0.0942524059063634
0.00576411320111714 0.0367379694620588 0.00675916477916848 0.240663043470138 0.113534350062926 0.0308492549012715 0.0482180070391051 0.253499956064276 0.221478101457499 0.0424960395624404
0.0928372779260072 0.175308848033112 0.225832876942471 0.0753515146601083 0.0181480497770291 0.0517202833467567 0.050835482747122 0.142304234058875 0.153277189160232 0.0143842433482863
0.140632142175948 0.0527740311983881 0.039670848015296 0.159044032141282 0.0848110034121498 0.0201917693716083 0.160609951120263 0.11417087666352 0.158136151201796 0.0699591946997481
0.0902760869524504 0.163175808277891 0.0636821446103374 0.155780254165567 0.127346088938352 0.145527150974576 0.00267469690046063 0.0404867266546387 0.0496410729467641 0.161409969578963
0.0983340598562465 0.107888652426206 0.145173179727284 0.123895771976123 0.0369815343717687 0.0957423997012643 0.0491593774090637 0.0612683460959443 0.11776319459849 0.16379348383761
0.0403380664666883 0.199228281164303 0.0579772954838389 0.0235136246631667 0.148997160968649 0.0681134641778167 0.174552194159264 0.17713194000551 0.0709974222635211 0.039150550647243
0.134370719663206 0.15819379459483 0.161614326334983 0.117977700922094 0.0527227107945454 0.0587032303112958 0.146788270489044 0.0560055000046934 0.0808271824884857 0.0327965643968227
0.0261832970870832 0.136066484906989 0.146436480819307 0.020246981263977 0.0384676869638309 0.0907339945096513 0.186168518389474 0.0921181751106325 0.11200631051231 0.151572070436745
0.0980548087654675 0.051827714505821 0.208306283861019 0.0756898243986799 0.000189179644326905 0.1481865050976 0.00683515156172218 0.207446679016434 0.137822723100085 0.0656411300488451
0.0256586528987678 0.230324107992616 0.106802423144898 0.0847496094335374 0.0258476451343138 0.118272683486949 0.142037321826107 0.0344574845771697 0.0394213518659739 0.192428719639668
0.0874829585265583 0.125536728974739 0.108569139729396 0.107669802448798 0.125589260126536 0.056487262474505 0.128084594447904 0.0258157386234183 0.12872817985664 0.106036334791504
0.0334511207162297 0.144902230844039 0.0561147386444933 0.198917169633713 0.00306794281692289 0.0736935912852766 0.079068126783825 0.129250811517479 0.0979430849075589 0.183591182850462
0.0769898226644957 0.133228123281932 0.128036164241993 0.0957275173763365 0.165967539952638 0.052406979657785 0.0917220542707959 0.125041666664149 0.130499589727608 0.00038054216226741
0.178435503712913 0.110710568446744 0.125629317139244 0.0301428007102374 0.0913403849078016 0.126539992496314 0.0922002813795923 0.126676292376311 0.0175965782183836 0.100728280612459
0.024491254912922 0.025888008070452 0.0751203390214794 0.0778282108166998 0.109581932150324 0.182624985567554 0.178750759819988 0.0564720751040689 0.156621373844213 0.112621060692299
0.112976954576231 0.16327072795259 0.135322921894367 0.0539694968472603 0.162324449136478 0.0718200061064938 0.0681887697718739 0.0303061025159177 0.159886108848552 0.0419344623502363
0.117240669296624 0.0886544562907065 0.098426022633275 0.11161828447124 0.05665901794364 0.0999029987062521 0.139949164565448 0.133539816211674 0.0191200220410669 0.134889547840073
0.0739647520855883 0.14737592484188 0.0594896569058471 0.15243708569088 0.151689683054808 0.0705363488442128 0.165563739436175 0.0335335018384345 0.0779446306272475 0.0674646766749265
0.0626182351122788 0.0106454225039183 0.159709289283246 0.199002949908695 0.0235255282100702 0.0234715212818841 0.121983943908735 0.113503352368977 0.113104812571259 0.172434944850936
0.167496468083567 0.1184630423083 0.0440695216326032 0.121731477454144 0.148825451643949 0.0858377568838508 0.105968481433148 0.0984031232538045 0.0880368183044051 0.0211678590022286
0.121886585500752 0.00740622904817011 0.143647472766539 0.0629870021612897 0.0393820294832653 0.0728322205750863 0.220316011969341 0.143693902887376 0.183332717102897 0.00451582850528411
0.0601123205505677 0.153865367052208 0.0877879130983847 0.181851868539167 0.111382680311188 0.0133255655310974 0.03044296380519 0.156461122156675 0.044001855394635 0.160768343560887
0.157461069258703 0.00908779679734736 0.158366601593585 0.125264064110303 0.181300870110861 0.100776302385136 0.143860050003841 0.0288480874484038 0.0491122858645304 0.0459228724272887
0.0380247034911741 0.16691046446102 0.130014115151644 0.144786543331676 0.040724601193434 0.134307828414578 0.135884557631587 0.0175325189922579 0.151331376607371 0.0404832907252568
0.133823233000694 0.0307328576284324 0.0861261231506495 0.10766565299155 0.0580738293563328 0.135924787079614 0.088931669333683 0.0453578541819939 0.138204955547952 0.175159037729098
0.015850551961737 0.13980294805694 0.0766904706809075 0.138738964048074 0.134665488860193 0.0535235275478975 0.183975304865663 0.0879115772173047 0.00787799048323215 0.16096317627805
