0.0508357002070418 0.168093545763544 0.177086975784173 0.110949705167208 0.146282735479935 0.127619200129643 0.0239079109704599 0.0889266990048222 0.0787766023148054 0.027520925178367
0.138662047136338 0.0796569088086355 0.0477002833520806 0.185283356749898 0.00173270531631534 0.0547542156124869 0.128811429418467 0.0631196375469832 0.161877710164633 0.138401705894162
0.00497936164946976 0.09337537980696 0.137920190139666 0.166043929604961 0.0763327504812088 0.0495891618356475 0.184626185081468 0.154197519360489 0.0385287994147508 0.09440672262538
0.198989981131124 0.1931986801964 0.027821840290923 0.038091659498379 0.163526561190192 0.117452566332744 0.108376705476557 0.0391841959052266 0.0752697227135025 0.0380880872649512
0.117848621776619 0.0414732596678541 0.0310905173069009 0.141761906091997 0.195576303702583 0.175332481538718 0.0123260715603064 0.209284482929541 0.016681876343977 0.0586244790815032
0.0782262042742082 0.0519034364317247 0.102648388560726 0.0733612395467999 0.00136919594034037 0.00576283003601006 0.202085633542456 0.169288621147765 0.206021878123706 0.109332572396265
0.0992639989737402 0.102460387054704 0.132524575872364 0.0986250580742972 0.0625243745652084 0.157977441163444 0.0590954014842096 0.122627133081048 0.137386068708954 0.0275155610220302
0.204179279948298 0.0172759816765043 0.0591262524657021 0.00240871777514808 0.131064816318522 0.00994624231400032 0.27319143475177 0.0509650121656696 0.219412924118307 0.0324293384660786
0.103153953651873 0.031939910332684 0.118424523645579 0.104715946341821 0.171657724447341 0.0404869953585553 0.0884028225366658 0.186099003043189 0.144142864766747 0.0109762558755456
0.157709550586005 0.142786565191894 0.0176674602741857 0.130530340908901 0.0662186681882088 0.0758717393485397 0.0444838342350684 0.0447149662196474 0.167568657967598 0.152448217079952
0.0219811620273365 0.146704704998808 0.0043445945895003 0.0718007195106816 0.220672371650006 0.250815128377493 0.088464269625744 0.0198759031899522 0.0762997656619132 0.0990413803685659
0.14869313732458 0.00512962288794483 0.154937402870121 0.0608909575520302 0.0559399516395806 0.0700494502738507 0.164393836976928 0.0919972328315113 0.0955770961482036 0.152391311495249
0.101637605611387 0.146248004104646 0.134505203678378 0.105536327883269 0.152405552105387 0.104172537831378 0.0295814297894207 0.132619582279409 0.088337169068463 0.00495658764826261
0.0800167466187637 0.244962367432856 0.199298911130935 0.0142950083394602 0.134724529583663 0.00740531582729739 0.04025516941318 0.0210955496167582 0.203691657226492 0.0542547448105933
0.131246405095546 0.137674650481117 0.0157276321733382 0.123362243149635 0.124114328593707 0.122471572230146 0.0746375599501938 0.0923713652704167 0.130521903078251 0.0478723399776472
0.182431794349232 0.0830514536888387 0.138845262484994 0.077164344410811 0.138825917074922 0.122973412480878 0.107943795494169 0.0578671088112532 0.0582711955741242 0.032625715630778
0.048705823383159 0.0988001389626019 0.210499358958594 0.0601562417790663 0.057371934418656 0.158921126863232 0.133505066174036 0.00402016435752319 0.119282769351451 0.108737375751681
0.142211071933236 0.0312192099124781 0.129823794311207 0.105901473551761 0.162534846354443 0.114030272713582 0.119259224018096 0.024554780141057 0.135255995682577 0.0352093313815631
0.015555220520685 0.0463811138135598 0.0811119816679803 0.150730828537622 0.128314899879842 0.13139795637166 0.0821855467928276 0.0966012712677046 0.126613415041883 0.141107766106235
0.126857493782245 0.0430952690402152 0.150691595833153 0.12474401543667 0.113312675336803 0.114736944690042 0.0176823016903802 0.110828971948697 0.0393229072919026 0.158727824949892
0.037582007569308 0.0138600581864366 0.079287487914679 0.128644868119391 0.181187837708323 0.0435066217271017 0.15090787278265 0.150693684197995 0.110769793202297 0.103559768591819
0.0247103584531899 0.126950567561802 0.162678203569723 0.103500592742788 0.112373185747067 0.125462398399367 0.110911985595382 0.0495777387264479 0.0443011977433471 0.139533771460887
0.05390674419313 0.069460549982024 0.0403324377876597 0.137795594265216 0.177460862701472 0.195781770141268 0.0287378665561597 0.188222249728923 0.0269414171628761 0.0813605074812721
0.052293002475565 0.00470461608911741 0.204509238180049 0.0280414081865723 0.051460752897949 0.192139953414076 0.105230296377901 0.148121130364816 0.152822390667698 0.0606772113462572
0.167859279243192 0.0806433668191709 0.10868716062469 0.0942660503168447 0.148460413865272 0.0204594871073349 0.0105197587664142 0.143565514123873 0.0678296251950332 0.157709343938174
0.0819040303963096 0.0707719420554594 0.00690332652645558 0.14536039713595 0.10756294114568 0.105947039018402 0.199268524743663 0.126939446252817 0.0253900782529995 0.129952274472264
0.132436157948012 0.00518994955270786 0.131735363928051 0.00169996332329304 0.136802444653742 0.120381262522725 0.169714889291365 0.0265071206422293 0.160676567754073 0.114856280383801
0.189840225535578 0.0551296469279095 0.0739279580513146 0.0364750942818806 0.0581027244701416 0.0194142167074335 0.089581675202271 0.217932451913459 0.201254828054374 0.0583411788556371
0.0149121918946256 0.0917750475009198 0.134471176915004 0.0742444453236349 0.19688120900222 0.0558354537931657 0.0768697209339425 0.0652504071239846 0.130454351513235 0.159305995999269
0.146048968014076 0.0208113415027678 0.0656900581069333 0.152766149923552 0.0131584060674665 0.0634148681388425 0.0384335373413817 0.238111740174836 0.145094997670765 0.116469933059378
0.0848227781055256 0.0588050165076902 0.100555601196823 0.084867585013801 0.155550765591272 0.172602013974671 0.048086484733621 0.146293277367902 0.100105078680239 0.0483113988284558
0.0865168932484382 0.0732446150217031 0.166118263214443 0.0925672741966901 0.155218810766364 0.0615408400010351 0.0907823370716227 0.0684178841053239 0.169500797710502 0.0360922846638777
0.0370806071905783 0.117349197617404 0.16228924800584 0.0331175249091977 0.034387501202148 0.106223780645293 0.200224260164275 0.114020077651216 0.141467423542508 0.0538403790715403
0.154697657555118 0.0402409694784571 0.0545862106841132 0.00129643339800175 0.0151504270299523 0.179303088283628 0.174418384895554 0.135906624219096 0.132505384776015 0.111894819680066
0.0846657595100714 0.105759782138313 0.134830781685497 0.117351083535434 0.0681637229716711 0.0552607035324649 0.184577443557729 0.0133306394004626 0.191757692949759 0.044302390718598
0.0327362472592064 0.0983028248557685 0.0110091914773254 0.188061102070309 0.163236901318312 0.114958814926237 0.0744266712646847 0.0537664436220592 0.0913122183956633 0.172189584810434
0.0150386613791708 0.126594042933595 0.0212815135256835 0.231503142183433 0.155471420170715 0.0554246491525384 0.0531429402930907 0.0268636852882986 0.115520209053247 0.199159736020228
0.0159254203951507 0.108048542204633 0.0305788157097866 0.13376156251051 0.0319611974247455 0.195614262899156 0.144945623669091 0.13545873687728 0.179512369499974 0.0241934688096745
0.122350782035443 0.0707898328278983 0.192836455582773 0.0613476863389453 0.0511147919537606 0.0237485790776489 0.0699717792190234 0.124654141849569 0.135896150948407 0.147289800166531
0.0155750528187741 0.193211837685706 0.0319551015516216 0.0368113057859752 0.198056571389194 0.0258970659053575 0.159749244227501 0.167420176853161 0.0964179766231732 0.0749056671595364
0.0199173462135028 0.121233662348141 0.132847043162087 0.16692761430847 0.107846914222809 0.165616929345017 0.0953450296366326 0.168423782305379 0.0160283763098395 0.00581330214812321
0.0838587828734381 0.017059269907768 0.15578833000954 0.0427761570691191 0.149703117585881 0.0940012170662031 0.171441139833895 0.103102662699478 0.111829130556489 0.0704401923981889
0.102291885608668 0.138384375881729 0.0286491064674596 0.0857819853332394 0.160359476352907 0.0687102852929247 0.201496606990702 0.0461665143132767 0.146325933099421 0.0218338306596726
0.14903857089283 0.0660825680630143 0.125993458511734 0.0685042645380554 0.146027516101061 0.0105301082138278 0.0964869729174318 0.137685598760986 0.121523756091764 0.078127185909295
0.118602416086972 0.148289922660573 0.162762331580506 0.0663698896074879 0.0476600945881068 0.129124425310281 0.172618919489537 0.048259503596502 0.015014298034932 0.0912981990451032
0.172215246313963 0.0846055677336501 0.0661969832090671 0.103693444206378 0.133893511051992 0.0474062561115969 0.0525757626555317 0.17787388195463 0.0510955270209273 0.110443819742264
0.00494816865058278 0.159017106256837 0.068236178440103 0.101478472080481 0.167222948167808 0.0738053180772176 0.141517330188635 0.0297219233216469 0.139607627845378 0.114444926971311
0.0824412858869449 0.0738699272133074 0.123654209467876 0.10871805916223 0.0247889035169466 0.155605605024837 0.177466679789436 0.0800823211370807 0.0369613432209068 0.136411665580435
0.160374294282498 0.115231488634442 0.0066020228273624 0.118760987054233 0.198915298867892 0.0172340772491511 0.124250910887423 0.0822007942566448 0.127979306577048 0.0484508193633052
0.0332594822017048 0.1576073101367 8.984467443416e-06 0.0560458927775169 0.2059290383825 0.0265399750041077 0.111426289199372 0.168480469098543 0.04802109997811 0.192681458754004
0.00937813108442203 0.000337179504624092 0.169173599674218 0.0574982634859227 0.0576625037947844 0.0240747459865652 0.0713786775226729 0.267930819399682 0.156917924387168 0.185648155159941
0.0285401131468822 0.150859224002733 0.143647288354084 0.135835760967807 0.0228951094012462 0.15246231701384 0.0288873954431473 0.135100137909964 0.131917779807732 0.0698548739525638
0.0588112642379105 0.120496701403269 0.106756841097667 0.177843736406329 0.1279205327017 0.120046407851635 0.0773793389242571 0.033241182270438 0.111019700465413 0.0664842946413813
0.145029096236419 0.195327437090369 0.113486338988537 0.106334561346019 0.0183950397334129 0.031491323771436 0.18607993468384 0.0187961838164016 0.12247827059192 0.0625818137416459
0.03996679900122 0.0339761746352928 0.08899940490788 0.0907161410907692 0.149594981562795 0.0988265353236545 0.126236060358879 0.105599991634687 0.113486462986762 0.15259744849806
0.072531294090781 0.104466482945615 0.125553208952609 0.053581221635825 0.0878102663055456 0.208093227524112 0.0264699577390523 0.0839460232543475 0.0460324492749959 0.191515868277116
0.0388233674799381 0.0818981915037383 0.187917502397517 0.00158693342804636 0.261128162519008 0.0896864349903656 0.0624267317814403 0.240833394896994 0.0201929259219853 0.0155063550809671
0.0246155345320065 0.032890587294538 0.183213667667123 0.0500114015863185 0.0389073838148233 0.0761798079675583 0.126515320912967 0.190132588971931 0.0864302915467746 0.19110341570596
0.138873640894091 0.0578258052998216 0.0166497977266248 0.188984624796241 0.0372759792531233 0.14844240963215 0.0465505916671418 0.113559563047592 0.100458162836423 0.151379424846791
0.190372481497347 0.22579871449454 0.0100104780011355 0.0837073123426584 0.204801646725701 0.039594961790386 0.016442026145288 0.0330687707858052 0.0692428541375203 0.126960754079618
0.206782489853623 0.0512972768530814 0.185173791365213 0.043227283732457 0.162325851315057 0.12968924982874 0.00236806766164229 0.0384003106330417 0.0153728724760959 0.165362806281048
0.0950324590049134 0.0245641176761449 0.128529605520339 0.197359444266968 0.137143509455433 0.0567179589383747 0.170836079698077 0.175908414504159 0.000143747261354135 0.0137646636742364
0.108840474907303 0.0495901105449985 0.166967972139721 0.0981575230138104 0.113904457199552 0.0988817891894326 0.126442259541143 0.004332696020484 0.0927023497256046 0.140180367717951
0.154679584400543 0.0544494243845474 0.0148867856158631 0.0492526285347612 0.178055837856791 0.19349208632378 0.0693219106764824 0.12434319691157 0.0956933724610642 0.0658251728345972
0.0959906249865733 0.0872137436252685 0.0366130350548196 0.0203971139533842 0.136310288880239 0.0955128422701107 0.13588851618371 0.0882767015321051 0.15351551792588 0.15028161558791
0.154930687919097 0.145360611232825 0.128841678627263 0.137058093241539 0.0838408000535618 0.0553542363723089 0.104781894880643 0.0361196003676747 0.128982630282313 0.0247297670227742
0.169014780946322 0.0216283254504233 0.162714704056903 0.0669458766679674 0.141592710865891 0.0706952344775167 0.0404914874396381 0.125619248921369 0.113985821681289 0.0873118094926798
0.152740217689355 0.13598485322673 0.0260258478664144 0.0293686485806617 0.151037334226656 0.157993086537781 0.0763378177217641 0.0374833546228417 0.0766362171579656 0.156392622369832
0.00306900256630578 0.0225404556031672 0.059805122923535 0.137562828548184 0.110282390786303 0.165122810751965 0.148597538988668 0.105260413631019 0.0886155089537914 0.159143927247062
0.0958489860053483 0.0831704117854367 0.172200543448998 0.138158318017045 0.176415627430759 0.0817307186649663 0.0589281873067163 0.0841338871921546 0.0372191956225065 0.0721941245260692
0.0263259890266617 0.173800869736607 0.0714223766905686 0.0189650734969902 0.0218195750052189 0.17019014168267 0.0665419713787763 0.180349064968962 0.0926546241770214 0.177930313836523
0.120335608901902 0.0440587478725416 0.110634504615987 0.0179995693798503 0.131008473189589 0.136467686349884 0.16063255659679 0.0946001163866549 0.0921670938931828 0.0920956428136172
0.196007550069844 0.0384486811600763 0.0690527849284749 0.00441841756531085 0.15673067464431 0.220504112903514 0.203233113622002 0.0839222356198667 0.000629674876026877 0.0270527546105746
0.101679799244284 0.180984464736133 0.0580346458026716 0.164494106280346 0.154369483811499 0.0450745617863713 0.114933491165271 0.0111598672637929 0.152985269205486 0.0162843107041463
0.161200421997271 0.0703078091899442 0.112880619228564 0.067770744490276 0.034584947096371 0.124836549638826 0.05013279766671 0.128750209438526 0.0659412060531902 0.183594695200321
0.0733003292693668 0.267894908551843 0.155268284866697 0.226913705994708 0.0196883176237348 0.0274513804809147 0.029750770060085 0.0104385045498541 0.0281135532619335 0.161180245340863
0.065986371349881 0.194966737445262 0.189107854217216 0.19145533547799 0.201855457162869 0.0130180780257867 0.0341027115359402 0.05903008537679 0.0188357308559583 0.0316416385523073
0.138791652628029 0.119774945870124 0.183752032809211 0.150627130916123 0.00392167752482555 0.0626429783704327 0.197404383617671 0.00506170777315863 0.132521493336064 0.00550199715436091
0.0375282454539 0.134792174086683 0.000801656091268113 0.0657678569508133 0.167209749770071 0.197773650947119 0.0345073037099578 0.0583532497236788 0.120830272549454 0.182435840717055
0.158003036974445 0.054112938242916 0.0503182988727771 0.0451066261901486 0.0156010958783841 0.14514661271431 0.135309352577051 0.128117749184114 0.148417776077426 0.119866513288427
0.0290320366763801 0.040090919349312 0.103796722527911 0.136882322665224 0.147128360802355 0.151035543823795 0.164212684451038 0.0533616654382601 0.0598156668018325 0.114644077463893
0.116147784383444 0.0364629922633916 0.10623417742556 0.148944214348969 0.139087495929864 0.0547895809123253 0.228549511051237 0.0234572017820318 0.109148331244585 0.0371787106585929
0.0715751421029553 0.073020735765183 0.0571701931152961 0.157751485599423 0.0545337373723015 0.14548192117528 0.178508031575471 0.0227536006788753 0.182857127065169 0.0563480255500466
0.126027412856327 0.0957290472651149 0.152497495917982 0.00743703853368188 0.142480635800974 0.0720120330062934 0.109811945407856 0.0967971464131896 0.0711482334494007 0.126059011349181
0.0416756592488228 0.101873165543886 0.104937050210299 0.103385603418356 0.121413866028272 0.126732832758798 0.152354926780282 0.00575850156922047 0.167165572146073 0.0747028222959906
0.0579036468947944 0.0967680856598356 0.177399836918545 0.140305502326705 0.119471051148698 0.146719218107492 0.00605939643605573 0.127674824698996 0.0111473114590661 0.116551126349813
0.0669889715442251 0.16277368144087 0.114205578585543 0.119158509932775 0.0842742189180904 0.119116071042944 0.117916565159248 0.0681608404597271 0.00977645418688175 0.137629108729695
0.102960663587869 0.143139033482161 0.114417111461861 0.0701230589025388 0.075114116386962 0.151636756424127 0.0587419603382831 0.11170506028395 0.0710937957642303 0.101068443368017
0.158408532272923 0.041768453837481 0.0882662278994026 0.123720803480767 0.0509536371451086 0.065064275829867 0.128913087802576 0.136246238270117 0.0915720061240063 0.115086737337752
0.0446458788975377 0.170855933032595 0.141535145357895 0.146155633843687 0.0499338309953837 0.0262245230724325 0.181734036238909 0.0629523372236253 0.0746427272549617 0.101319954082973
0.0560317907851321 0.0978017665974237 0.343255181757039 0.0163319050677759 0.0259171162054114 0.0407809788046019 0.0913427230792325 0.0831530541183139 0.230202089753038 0.0151833938320318
0.0177187909734473 0.111213728584187 0.0467261989921243 0.110524752439747 0.0694787267393604 0.186009458158957 0.0967116485057605 0.191450646647351 0.162998575238016 0.00716747372104908
0.0396972346222048 0.202337141727681 0.0409174933076214 0.12067073051006 0.0562545134490036 0.109637539049688 0.02184052682476 0.178288884793357 0.0599124661207915 0.170443469594834
0.0591806343535551 0.0377142050879923 0.254925393465229 0.0219623178219436 0.161641882375217 0.113724975481811 0.0655909477594482 0.020375819589845 0.091004490395136 0.173879333669823
0.165543023842987 0.00229339139915431 0.00283494986766269 0.127809056389487 0.118125266960335 0.126069186746098 0.150458256708896 0.130841133058578 0.170568411493736 0.00545732353306551
0.122359598080968 0.196436785314836 0.105420200943372 0.0900863385295542 0.0934348164784081 0.134154511915181 0.116084019982906 0.020628153379411 0.0842035798019174 0.037191995573445
0.196591344164799 0.08534038061307 0.00241511470263834 0.0130090219183613 0.174866983707384 0.0750119778279434 0.0756483311997761 0.112211123824423 0.194994363347483 0.0699113586941218
0.112503653618212 0.043945580755788 0.171165455544348 0.197475309200884 0.0026584671942463 0.00369818846099076 0.0958626732789794 0.143680963383752 0.201370430694533 0.0276392778682661
0.118393207821993 0.00645936212991097 0.228466738768399 0.00820814375475981 0.144726005066184 0.00597099789537726 0.160814913462675 0.0710550850143129 0.156047047382812 0.0998584987035755
0.214516986846126 0.11982583872538 0.0184654823811146 0.155218585796242 0.211238062065811 0.0136140679742665 0.0481382204379965 0.195093987033167 0.00798079767740971 0.0159079710624867
0.175395767340223 0.0645627063121586 0.0184557451658064 0.165819789390526 0.0487823726549191 0.191915278802612 0.154194861380278 0.00944364756491638 0.00421539813979484 0.167214433248765
0.124340696292619 0.0839097932713546 0.111367543661164 0.0665760088541719 0.100547148766924 0.159194329995359 0.150964928408141 0.11460744180795 0.0421192665520817 0.0463728423902354
0.108445455015687 0.0829961453803868 0.0544288137852974 0.096810307422253 0.14932891619555 0.120844562053835 0.152768146606057 0.0350510442032714 0.0464220310534619 0.152904578284201
0.176638935520933 0.0155527898567038 0.066044670493931 0.146903867029725 0.139901755678538 0.0180236273257443 0.141265993383557 0.0651814532788501 0.146155419138794 0.0843314882932237
0.0769836891358467 0.0443362819138991 0.130067277667214 0.0794085407447284 0.000843884740878447 0.150301984252784 0.142998463516922 0.0332244630673022 0.183136817790032 0.158698597170392
0.0678531047699509 0.0574326427889571 0.193080074197674 0.142713300766948 0.0543113640092203 0.147717803700039 0.140023261174782 0.053732217667262 0.0317599181690545 0.111376312756112
0.0968687042684223 0.0144912825017569 0.136750632940345 0.142431236197396 0.178432410442301 0.176609162436524 0.0239509916478143 0.00877183914232266 0.00997465940250335 0.211719081020615
0.131037209109704 0.0687295859178843 0.179557480415019 0.0222304957028919 0.0897846783147311 0.0547508375328571 0.127432941050974 0.141320633256877 0.12433406418287 0.0608220745161912
0.103843013055596 0.142735541188777 0.113414602517576 0.0439322628227083 0.115352916737835 0.150090421868625 0.0559168397333667 0.0301877301890386 0.0908799815926388 0.153646690293839
0.0129439955205472 0.126494008814529 0.0117319479812918 0.0661929053091689 0.165645621444065 0.135779760763119 0.126329655724465 0.0946175648670071 0.149063470772218 0.11120106880359
0.235326981163626 0.0660998977789837 0.0141901042224771 0.213204699882427 0.0672886734357962 0.0427792669408295 0.00658121323843527 0.166760636932358 0.123098849134773 0.0646696772702943
0.0403135881015561 0.121253142710877 0.204643440195429 0.0811162814097571 0.170116922804664 0.0412347849525736 0.0363145984822801 0.00638665022439917 0.188858541368365 0.1097620497501
0.0881732628567942 0.0433575170105448 0.132713372702668 0.0857113348430009 0.156238104422094 0.127062186312949 0.102356297922256 0.0189368235466537 0.0398625979863964 0.205588502396643
0.0751731865630176 0.152675914803206 0.15725451196281 0.181736847259247 0.0277430755804839 0.126316786575952 0.0226661336901669 0.0553506698973797 0.178476299865083 0.0226065738026539
0.15447872757892 0.0456961279775 0.158490448694152 0.137530792822256 0.0406348925522679 0.180246539246168 0.0147728423965876 0.0865367102620674 0.0886148881498392 0.0929980303202421
0.13667961961105 0.20375180758499 0.149375397542848 0.0075812722873341 0.136934136096893 0.0458339545936758 0.173659076635146 0.137169069121806 0.00415599100607188 0.00485967552018419
0.136276722443231 0.161501566485219 0.0600867694200865 0.149653901557617 0.0318869385220377 0.12537191899918 0.121397054355268 0.127033581040944 0.0587816562502223 0.0280098909261934
0.0115081131912848 0.0567044712921018 0.112073261263542 0.127703398598329 0.194308371286742 0.138061523081414 0.0174255058788227 0.0928957836807069 0.157733768987853 0.0915858027392026
0.126881115449375 0.191930753067672 0.0730750939024745 0.0791077151682029 0.0350250401923869 0.0936610144339088 0.00943839593511807 0.168866006487539 0.0490481678325735 0.17296669753075
0.172974737292409 0.173520927941179 0.117493210690324 0.107866904296089 0.0433672012200644 0.120706521222562 0.0129962664275694 0.146463209152561 0.0361014206040234 0.0685096011532181
0.0711380335530582 0.0718536971581968 0.00379823694620382 0.0164301926794601 0.186822043107033 0.0887454713283561 0.189353655394669 0.162515944443935 0.139464422020275 0.0698783033688139
0.0869686060273949 0.0947082725805763 0.097070423594212 0.0603852476031908 0.113552193213151 0.12315269092618 0.114123089858914 0.119471886788259 0.107001818843198 0.0835657705649225
0.129438376280534 0.0970742708620382 0.0129711678863051 0.288425586858864 0.0440737830494286 0.242119670760326 0.0375305488865681 0.0424446064235847 0.0693782784617569 0.0365437105305944
0.10563809244681 0.0426937381223432 0.0513281343335009 0.165834492619943 0.0398241333431283 0.106337291358748 0.144818601126961 0.119458694510718 0.142187623718138 0.0818791984197093
0.105241963893505 0.115115767902206 0.0137311196588315 0.101077501596789 0.0695053131408993 0.212438906512158 0.0261538505667376 0.0735397864086857 0.233733336763955 0.0494624535562339
0.0179739568724682 0.154971868656268 0.134823644938002 0.174917574501501 0.128573732607063 0.0353039941104299 0.114034168037458 0.13699192367824 0.02312315738296 0.0792859792156091
0.0654306267327858 0.0522972690435147 0.126252177334381 0.109624526162593 0.120311168189837 0.0487586338512148 0.144891800392969 0.0714085271377836 0.141846370437311 0.11917890071761
0.00894079149602289 0.153163466229031 0.0617385332603154 0.169748458721975 0.0418067748571449 0.162044376414432 0.0331521983269104 0.104286424997558 0.122622203167905 0.142496772528706
0.18754524455174 0.128487756718826 0.0457035241144733 0.155810996654339 0.0377688721026044 0.0316573152634433 0.115532971755596 0.0785942049007161 0.0580405506118442 0.160858563326417
0.065720970629886 0.005508871423109 0.143556377362917 0.0209065529047713 0.088124863843128 0.00311493932232429 0.22391338904236 0.214352925893936 0.0504387636473477 0.184362345930222
0.112191823976163 0.0458141180210138 0.00612991477941341 0.145437958120392 0.0953722218415923 0.0838228954774568 0.139394842602609 0.119309417050015 0.117706811121037 0.134819997010307
0.1554035336373 0.120440686537557 0.0613364001789731 0.0790603909975699 0.0543597801563991 0.208100618745347 0.0140796232492345 0.0579663866167145 0.243237758202402 0.0060148216785021
0.0395547228807835 0.177799529099722 0.0741246446479741 0.0140278136920225 0.198019640000634 0.0987063040553266 0.0828441850500644 0.164313080210703 0.0650098504049938 0.0856002299577763
0.032778934815553 0.0131186586039852 0.0458931188435485 0.173982269861178 0.0945592650881816 0.112464014262687 0.0684944570988782 0.171243507243777 0.199334944877123 0.0881308293050886
0.182988673845802 0.121368383168017 0.106606102070086 0.00442791347988762 0.137591746784119 0.127879657310576 0.143014740900419 0.100760561039753 0.0201990174141051 0.0551632039872368
0.104826615708302 0.107706619874648 0.0969625122765958 0.0513991871612401 0.148344885981138 0.132007131292417 0.154260763729888 0.0324856461863761 0.159235792271657 0.0127708455177377
0.0588814516749338 0.0946532883866169 0.0905436672505074 0.113427690325355 0.0927059103711686 0.111727184189677 0.0995383829939746 0.128750408698476 0.0939316813332955 0.115840334775996
0.110221694462413 0.0488939227522767 0.0273129530387553 0.159974365400308 0.133695424749745 0.119116694835254 0.0674880674718507 0.10646842512157 0.12906541870885 0.0977630334589768
0.166529658879564 0.119256053308541 0.0589153147463453 0.172651948172409 0.130023688958725 0.0664658800150491 0.00834177547882914 0.108616914355875 0.0529954362151177 0.116203329869544
0.0343543778807083 0.130416597063451 0.177492821768318 0.247361720707909 0.0201825456004873 0.0156279623857697 0.163382362008664 0.114719944694079 0.0196470790938061 0.0768145887968077
0.153009633650133 0.0438872657262365 0.0635288404655752 0.193848239786447 0.184502437866653 0.0170386827491623 0.17599813901445 0.0238061887913428 0.0877098305375224 0.0566707414124781
0.108911799852266 0.0852625014611497 0.0471798525950651 0.133348592913517 0.11332708216783 0.154880295494307 0.0893688758676294 0.110508252851779 0.155791677767319 0.0014210690291371
0.209849696144978 0.106893070765211 0.031847466630174 0.0954709116818675 0.222345707507026 0.0467740130510425 0.137372251922745 0.0182762755332956 0.123734010881244 0.00743659588241638
0.00160114531342064 0.0990774344206145 0.128651873964362 0.137594365155049 0.118468015245058 0.0663298817834325 0.0936377325675792 0.164340141121546 0.0498505848940176 0.140448825534921
0.113859943238361 0.0356721215380901 0.0950566638659953 0.0605206472252399 0.163260557631383 0.118757431219474 0.055881052908545 0.0449544666008699 0.157396263119797 0.154640852652245
0.183160797563248 0.126129411958734 0.0323610784158875 0.12866178374871 0.183773323472803 0.0459812315127062 0.00787683202123416 0.160320698389587 0.0139707738945583 0.11776406902253
0.159195575389425 0.0276112285536463 0.119417814701945 0.0574202009051366 0.0399605807886499 0.0823468061096066 0.108375751901734 0.161790040663994 0.094377457441681 0.149504543544183
0.185150846237505 0.0718836999268188 0.0699728150667757 0.0788370293281419 0.166111406004213 0.13596988405612 0.111252663627369 0.0299510982611262 0.119453519240007 0.0314170382519244
0.166731046283055 0.0738384279712409 0.128247889430478 0.137079697865686 0.000537637573596693 0.11549193132883 0.150802744886954 0.00279386896643944 0.155695519292526 0.0687812364011952
0.126725659886251 0.0948927818349402 0.0975325564639137 0.0215109432476864 0.0850619598162924 0.0405851225637802 0.167672895723279 0.149848909283667 0.0162056868487675 0.199963484331423
0.156926890514563 0.161423408228414 0.157494468672349 0.0341700862424488 0.169082978606313 0.0650326869659098 0.130392028360054 0.0868405930687516 0.0191842636226581 0.0194525957185386
0.0894882354328507 0.166503632758967 0.115301415488792 0.113605802957196 0.087605013748089 0.127063545328213 0.239152010276196 0.0172317249880293 0.0117719969546163 0.0322766220670504
0.1270860925365 0.0481498910725353 0.15022030725855 0.102186279399313 0.15536372086703 0.0129027359529799 0.163983110501976 0.170754681816074 0.0529949306154685 0.0163582499795727
0.127831078156614 0.149811972777797 0.0141760372303094 0.0292802615791251 0.0645238797602188 0.158264199957121 0.141490789685098 0.146804796470811 0.0899630855842549 0.0778538987986522
0.0875409801768556 0.0535061821260059 0.014554863625862 0.171888516079861 0.0365047902794138 0.197638753409665 0.180037206208247 0.122312796488693 0.0460206755985743 0.0899952360068226
0.182346404659432 0.0387023438681547 0.171578904004773 0.165972335398695 0.144878152723651 0.000482392360822337 0.131930696453716 0.103982086800017 0.056675000896025 0.00345168283471294
0.145961800374195 0.0989327445704119 0.103328568051697 0.0536838090151086 0.0855144623440748 0.0533074902121737 0.0722940172162744 0.142763291711401 0.0923783685511718 0.151835447953491
0.0335521263767497 0.109263849491033 0.160662895844256 0.0653438883450519 0.103100207967608 0.1181232838088 0.14784210293397 0.0575673183244019 0.115293188818831 0.0892511380892982
0.00364482418541488 0.169979104500903 0.0319434989271525 0.157925534213781 0.0385720959244008 0.149600401506735 0.0693598551467825 0.0191769237507668 0.159705895761758 0.200091866082306
0.117637794385725 0.109377147374102 0.0903692058780519 0.131296781639713 0.0987468830885528 0.0194612201655886 0.126339264555549 0.138014190910502 0.118896277005633 0.0498612349965826
0.0230999325976331 0.0722053285742538 0.0858440925636899 0.256014011515744 0.007982518472388 0.157530837454744 0.172932276658782 0.0902315279550718 0.017184575573461 0.116974898634233
0.132893304996697 0.110130744839919 0.131186945202466 0.0598026103234652 0.165864079309836 0.0968037901882746 0.0765021848653344 0.0871623560576719 0.137380068350359 0.00227391586597571
0.115556606519809 0.0476091070854625 0.0869997437089487 0.155589874988447 0.144668818986566 0.045534790510069 0.12470572067569 0.149904859656176 0.0195021329761654 0.109928344892667
0.133301386388599 0.0180900866169602 0.141829792824168 0.0950977762589857 0.184170693300545 0.0386120097665815 0.152711579038523 0.0976751794950519 0.0413970306427879 0.097114465667797
0.170084107958321 0.137096927088953 0.125050761973484 0.13025551113361 0.101280755891805 0.168254091103224 0.0150260532926838 0.0316046165457904 0.114563215452076 0.00678395956005169
0.121005102806948 0.0226160977769569 0.173199138408141 0.00884694646055689 0.0314584894315618 0.153687697317287 0.0464041317394587 0.117988978235106 0.170574158457309 0.154219259366674
0.0571828903788369 0.0504354002971834 0.180302908694755 0.176865348935334 0.139357799923769 0.0678204463762802 0.0376440844340506 0.0197121429902041 0.159541233063514 0.111137744906072
0.0447159617994533 0.0535365636295423 0.239907638289811 0.161133625071651 0.0202628367701293 0.140476832745744 0.0551369283948372 0.0753765271141754 0.0575667532059819 0.151886332978675
0.120543156435958 0.146110322557457 0.0731907129462435 0.160147901155595 0.0890646459917784 0.144368370486654 0.00705973682983615 0.0109196534348996 0.0756625623117863 0.172932937849792
0.122333544397731 0.102945987490308 0.245996480447316 0.0053919791770393 0.00228447777066873 0.00460415798400585 0.189340190490121 0.0224934842314 0.112631290518129 0.191978407493281
0.0686620715032094 0.0704899716091816 0.153944437707687 0.0370481727028426 0.0445825530773622 0.00782464058707372 0.133994690982612 0.225160927571221 0.0675295397730632 0.190762994485748
0.0680714277115177 0.0110480064785436 0.0241762898009979 0.131531455524443 0.0927315640544477 0.19526251455929 0.150340743842009 0.196903799653249 0.0322165033958655 0.0977176949796367
0.154414121189438 0.180007240765872 0.0676251020698533 0.170353060371601 0.0918075553353218 0.0683205109190268 0.0188341403502093 0.0691331445956585 0.11633536127918 0.0631697631238389
0.0598285034757291 0.128344756471182 0.0746022649553783 0.0646011870253252 0.044510067587992 0.0241874650205862 0.12473146792757 0.192918882659925 0.166130601940335 0.120144802935977
0.0700756481838064 0.172819551263721 0.0169010256870277 0.0599450046205775 0.190385898729877 0.183326549310482 0.0855225473977182 0.0536813524031844 0.013556347557267 0.15378607484634
0.0836843384063442 0.00875479313539173 0.123417205829724 0.0807419523126868 0.0434163498433877 0.0175176216990488 0.2061847937731 0.139058146752198 0.163939882795471 0.133284915452646
0.129339523005207 0.117649439562646 0.0758520519465853 0.0771725695907674 0.00516374804606801 0.159307899862962 0.0306972387471433 0.162034124414625 0.146037449205448 0.0967459556185482
0.100059774246686 0.15339668129677 0.0420574719719733 0.0884514745291639 0.132242794143236 0.0160736208423438 0.183342379847381 0.143338318266515 0.0196672008888224 0.121370283967108
0.0850015792293083 0.0387368594079512 0.0552368001488255 0.22767407257787 0.0656374049358022 0.102538134495822 0.0182016095565821 0.134191519536906 0.157838212134667 0.114943807976266
0.0353609818299448 0.159108021781435 0.108003244372226 0.0899238387946475 0.0541653331381911 0.157355575344591 0.108113678238923 0.00234202582120609 0.161156112668808 0.124471188010028
0.0231939241624972 0.0254736437062348 0.14947738899598 0.194132110138835 0.166797021534802 0.0912270843453604 0.133249356551109 0.0920853230349554 0.105887506090061 0.018476641440165
0.209731876215136 0.00734725415871264 0.121728588809566 0.0180445122524175 0.0367549884972566 0.0993980536470155 0.0968087723745558 0.145637274450951 0.091024574537296 0.173524105057093
0.0635300370425888 0.121884427037087 0.0704750287525678 0.11707693905097 0.0201106635594411 0.11201541306416 0.10290815849303 0.138308096099434 0.142925892305059 0.110765344595661
0.0843100080771997 0.100331140429203 0.0488464740655807 0.161591435460206 0.0464096446993078 0.111645556420473 0.0273722768557908 0.156901146737223 0.0790946185926515 0.183497698662365
0.0131402586863119 0.133174603322337 0.0665775013230869 0.00512507301658526 0.0566657317491707 0.127759212842999 0.192398830228461 0.19003154798271 0.0562160627054079 0.158911178142929
0.0550315094026016 0.137240737230524 0.146319622879494 0.0289576140938921 0.112457554440662 0.0562448035591272 0.079013080049486 0.134325891655802 0.131331324388874 0.119077862299538
0.185238442047264 0.113193107889849 0.0231555792056357 0.0349729332013744 0.11701026408217 0.16768580240575 0.0258936113433084 0.0517974361427242 0.0660807885910324 0.214972035090892
0.105172353305863 0.136840322010171 0.112475900922553 0.143384403062903 0.00336638798789688 0.0744089288419987 0.0326582740642831 0.147146560857159 0.0944512791920056 0.150095589755166
0.129440272972826 0.116670906263509 0.098297156901437 0.0602843318789504 0.181264847474619 0.163072642392092 0.0885179890061423 0.0486968386587449 0.100057241423313 0.0136977730283674
0.010904337838874 0.185927671655508 0.122928732573884 0.0113738034298809 0.205989987037471 0.0112802149680187 0.0681716427260221 0.0798531383899549 0.152230834739034 0.151339636641353
0.0746764739039983 0.148870240012039 0.143634406346581 0.0929059514609109 0.188327907463962 0.0677122343450374 0.0992112283487075 0.171283214091062 0.0114408186644821 0.00193752536321966
0.00967127382481701 0.0501085336276967 0.0881454060704682 0.215463549457638 0.114290566646554 0.1364825145085 0.00744734815383371 0.0704158388573384 0.137873022108975 0.170101946744179
0.0188172961875991 0.141910508341922 0.100292675674808 0.0819280156948178 0.212232228980896 0.00278314989083361 0.0421700189571355 0.150686460689133 0.204095423794283 0.0450842217885711
0.126215491439711 0.0729357883166073 0.158389714735734 0.0314470293195008 0.115457383160988 0.0336472926664614 0.151003501344983 0.0978468824719502 0.082048227123569 0.131008689420495
0.0431924529157955 0.0357224694552742 0.073339571730617 0.0235028190254832 0.161540541805506 0.147672502757146 0.0602682524401443 0.0941962551461134 0.143547940590037 0.217017194133884
0.0490116539967305 0.0325943914676732 0.0785424880473742 0.00370162182691967 0.155113764328747 0.174118193125052 0.191124777888367 0.0527067197011489 0.0718937841322083 0.191192605485778
0.0993068063474779 0.131674371987376 0.0722422327354434 0.16225115100152 0.0328625869668097 0.0726957822035407 0.147306174272519 0.0602200245746944 0.176826201273164 0.0446146686374553
0.17573580352076 0.0897957204873996 0.201361827951192 0.00141918879430485 0.0564158705330236 0.108721783792073 0.0658892266459584 0.0224536981240467 0.16761364138026 0.110593238770981
0.119609126613131 0.187825729771981 0.00897645440356339 0.191846235046769 0.197890234950122 0.148106220265826 0.053175332387026 0.0426514473841308 0.0378608555248507 0.0120583636526004
0.161026011296634 0.0771897758108573 0.182897259275988 0.0900260213784941 0.104134530650332 0.11380385253082 0.0831759787580282 0.094388953756685 0.0105531570479137 0.0828044594942468
0.0322586846796457 0.0967363436372536 0.227371423252328 0.124791673921509 0.0328111555541227 0.224635738573828 0.0378715682796476 0.0258779559217428 0.155819499228966 0.0418259569509576
0.0563339900252447 0.17238920348151 0.0486937903776227 0.0921475687699635 0.0920772981544982 0.0237990647061007 0.182226409542045 0.152063568108313 0.12582116553191 0.054447941302792
0.138046394526451 0.157223979690614 0.170349177213355 0.0938441104814472 0.00149509333949073 0.102575008310953 0.07225624195389 0.133695412117426 0.0992366987253164 0.0312778836410548
0.164211271893544 0.151731839603758 0.0598056404854248 0.12374930788851 0.162506884212909 0.011459798253525 0.0563552892564511 0.0480301724947056 0.110471538482587 0.111678257428585
0.0498182560134127 0.0638278503316744 0.140626988496994 0.108876224471831 0.0360609714306266 0.175344263500412 0.143256356625163 0.0579814969504435 0.0813367636274182 0.142870828552024
0.14835197848998 0.166869820484589 0.192852129895517 0.057741411941819 0.19142180304544 0.0211652260692177 0.0328209844822037 0.0222416642140978 0.00245148890968394 0.164083492467452
0.147331891870251 0.135599356457387 0.0887169548852385 0.0791672891871584 0.135990354578288 0.124468614386908 0.14209593390152 0.0548560213471259 0.0167086863041059 0.0750648970820176
0.0405943246421637 0.139269064418231 0.152282568927712 0.0597948650757346 0.0144775171657304 0.178562954764468 0.109863149433001 0.0253071900828879 0.165951781541888 0.113896583948184
0.0189477586236948 0.0755182041319294 0.0709280592263664 0.218593520445678 0.145578950612024 0.0295244921563377 0.0781548491770577 0.108243238309656 0.140151874882382 0.114359052434874
0.111373814400563 0.0685858638982003 0.154470878295288 0.0303555288557586 0.0567531890815466 0.100260663246323 0.112725502241076 0.154538709454039 0.126077466716897 0.0848583838103092
0.095714555280507 0.0996910069521842 0.101743870038191 0.0226268973549646 0.0780842665926288 0.177025888637787 0.0923804216614256 0.121479287926594 0.11793709612861 0.0933167094271078
0.119742576372782 0.160667788334372 0.106263465594966 0.0271825124388266 0.131189625830515 0.0567177036100307 0.0751826751411979 0.0478615436039857 0.140672599255343 0.134519509817982
0.0108436873078891 0.0110837361889429 0.120922274820865 0.133530554220352 0.149688721122574 0.115244762711335 0.112011030117393 0.0325591125680904 0.209629611238699 0.104486509703859
0.13268521117318 0.0687404131954686 0.0658413716150233 0.0415687888866701 0.0937787167199891 0.154501975452772 0.117134168133053 0.138740272020049 0.0848399936055972 0.102169089198198
0.0859911201435323 0.162340096044826 0.0565383030621802 0.064615305860769 0.13992274944119 0.135705210637799 0.0639200945740809 0.0405912537940508 0.128937551466128 0.121438314975444
0.0999157263826713 0.0691037636705258 0.11481875845537 0.00816020781985492 0.0319365663918001 0.169425596395102 0.167228780082026 0.000652208101090865 0.175712200879366 0.163046191822192
0.129671214172705 0.119351648904833 0.128248056236501 0.116479766801822 0.0920529127243122 0.0855583567940975 0.12427922551034 0.0771874657751073 0.0413435387558904 0.0858278143243912
