0.0521718056200359 0.192715745679084 0.111740236143791 0.118536571714945 0.126193321516147 0.131789059924352 0.00853790549913798 0.13828640899239 0.120028944910118
0.0266131825266598 0.184224125615002 0.205090620888177 0.180757071403797 0.0556036013431248 0.0286340335566414 0.227992454062583 0.0419864114749873 0.0490984991290276
0.094070899211561 0.0481860694213115 0.0407952251951817 0.00341066315904574 0.256934879823913 0.138433276465804 0.116781804404226 0.176559677457262 0.124827504861695
0.000142013661418333 0.116339007781519 0.141558237238139 0.189935532912776 0.0936899523312269 0.0821270208029176 0.123805230504936 0.0540542542258704 0.198348750541196
0.199621526146308 0.0706078505341078 0.129226041569799 0.184821440335686 0.0292223092225526 0.0691741947831577 0.0936612363404733 0.193689535379876 0.0299758656880408
0.134729898495006 0.0895396689584846 0.0883337682178225 0.21507627118519 0.0979369559145487 0.0141547355324892 0.0742203055544595 0.203933892405912 0.0820745037360877
0.185348164471813 0.182329047420641 0.026587249110179 0.0794772243032295 0.171270223789966 0.214842512277555 0.111215295148097 0.028229579215283 0.000700704263236552
0.109256275754795 0.0915195001430292 0.095405085960283 0.127362336921451 0.0748837671736471 0.0365674942248155 0.157863184739462 0.150970367827189 0.156171987255328
0.111998526336792 0.0820791705757458 0.0914806372635441 0.200352081829964 0.125379353166595 0.0662606645759962 0.153833398997826 0.148831544494285 0.0197846227592515
0.0911283087868635 0.131963825530672 0.141022144568813 0.105892844243665 0.0537277248746591 0.188729060656987 0.0874512962680032 0.125759532359735 0.0743252627106016
0.161516996456969 0.119701588898142 0.18632857486469 0.0867878213610884 0.138889980603867 0.0360937377459216 0.163731133498004 0.0868832740249764 0.020066892546342
0.0373737503846984 0.0988191087620971 0.0592479737061514 0.122323541265033 0.135854860154296 0.151677543334305 0.130994294024583 0.166958626941509 0.0967503014273279
0.108332262150226 0.165366425824749 0.0379482189053706 0.0948063919437205 0.110574516849095 0.108599959882138 0.126030163445274 0.172120639071619 0.0762214219278084
0.0582317512435971 0.024108538055484 0.123492113181491 0.0731963894970392 0.194176600366278 0.126306057299958 0.0830309208912918 0.242446283431692 0.075011346033169
0.107145398643616 0.191815181413258 0.0210229077535511 0.155024623057067 0.200626853561445 0.100596053310225 0.0196098398530329 0.0342469371759803 0.169912205231824
0.0925625629101327 0.178610210529998 0.0561737229171638 0.179365364867376 0.176019872946109 0.00110119631886206 0.137346946760297 0.0853185733223635 0.0935015494276978
0.0273855997530531 0.0740202833268257 0.0932321984375296 0.190475521734473 0.190317192538322 0.0954504578314032 0.107238008535197 0.0988273149457663 0.12305342289743
0.111237506440018 0.133198867803779 0.112038374757521 0.14126457872229 0.17179735260118 0.0128275301711196 0.197814984298878 0.0543237894637595 0.0654970157414549
0.110086333794808 0.0566276120606613 0.194698563348861 0.185391379750968 0.190485750992223 0.133247069511816 0.0713442105550443 0.0304982378186643 0.0276208421669535
0.160318903109147 0.196896285410746 0.00145451971559125 0.189122844340687 0.102264065272147 0.0148415829357601 0.0388220132116361 0.201916356077222 0.0943634299270638
0.167058776998739 0.11279263206657 0.0136430732167052 0.0810837041033396 0.0601628782685635 0.186406003942372 0.159487236128698 0.105907523155261 0.113458172119751
0.144132013605698 0.117096929400104 0.132418268183966 0.0624812441765274 0.129085764699635 0.157134531885331 0.0807099536444432 0.142799833731337 0.0341414606729593
0.0632361584395077 0.175640506702704 0.119352666102996 0.0502446350307206 0.142126537860547 0.150243635710047 0.0976397174621519 0.00362829697518936 0.197887845716137
0.165584231407255 0.186913810314921 0.0433612760540338 0.176799199598642 0.0245933268395293 0.179028618450285 0.0818300091564856 0.00191767101961913 0.13997185715923
0.122830050154661 0.123246149880158 0.00727742975103249 0.118073004749769 0.117088628541906 0.129304946260467 0.183803040360151 0.0604479866134862 0.13792876368837
0.0525856035534255 0.00314694373939216 0.0334281624216907 0.120969673241199 0.10377814623377 0.228208726138301 0.147519776163113 0.162818939156765 0.147544029352342
0.0732744884952403 0.0650017214866839 0.101478367969634 0.194629707760347 0.197859420619428 0.114952757462151 0.109452654383915 0.0626653314283629 0.080685550394239
0.0921019271722986 0.211604185401884 0.124985916377994 0.0283793374413078 0.0553647287159538 0.197220848520488 0.058486623908029 0.116556576347556 0.115299856114488
0.00888420915785319 0.0574557678102809 0.263908369754008 0.13343656793846 0.228387278392201 0.122514280030997 0.141415295030337 0.0161372398022814 0.02786099208358
0.0325068607844056 0.175169189509789 0.130821815180845 0.217822481188387 0.16307334886551 0.0456889765223932 0.0790621161185014 0.145683515107637 0.010171696722533
0.151520051560792 0.103326488539047 0.0136271210915223 0.184048940538358 0.142782508695613 0.0777944169431693 0.110684615297744 0.103888005052796 0.112327852280959
0.127858398245447 0.1477669753945 0.139801575149991 0.142339232779706 0.111113648245501 0.017120691964131 0.148941040232908 0.103186740334714 0.0618716976531024
0.16247955824129 0.122252839938077 0.157367418585721 0.0102982289762027 0.104634314586104 0.163939289134903 0.141207780757266 0.0763537311470631 0.0614668386333734
0.16448709991164 0.133954785853693 0.0608959732604955 0.138566483925667 0.0685495636462982 0.17212883791777 0.0723344561137535 0.108895041057088 0.0801877583135952
0.18703117021952 0.0757413219861235 0.0656131139594539 0.136916942360991 0.0707610517759038 0.176393371774139 0.0829025401475091 0.0409392544912935 0.163701233285066
0.0941968415779726 0.0206089068276028 0.0330249494742807 0.173471398218138 0.024561478337862 0.0647167296611125 0.206301387450011 0.189989451504404 0.193128856948617
0.0159932516083376 0.0996179987779735 0.242951513529796 0.229952176316427 0.0517397183086049 0.061830431195149 0.00637023098660074 0.0535560579818264 0.237988621295285
0.138267853493483 0.197512730784124 0.182489044255132 0.0719501783616637 0.0811567702268519 0.101501912738836 0.0123965460739149 0.094236692236873 0.120488271829121
0.130420796976477 0.0290573907572218 0.129063775374534 0.153291608976821 0.132785971324516 0.129351323755125 0.0011679000130257 0.180419683869274 0.114441548953006
0.218477305688482 0.0126467080590926 0.205253929777048 0.0863315014175302 0.00125202127096418 0.157880056168381 0.056106783170347 0.235247109935787 0.0268045845123682
0.056049896559446 0.142313181856741 0.119433586717708 0.116828801659735 0.117378182195409 0.136742029198686 0.101966881859186 0.0688568983654326 0.140430541587656
0.222357283578603 0.0433237959269542 0.0543691162612984 0.0550069204537904 0.00203974678529067 0.187441209400047 0.030092165299344 0.319838202330861 0.0855315599638113
0.0065602200794649 0.21548391483866 0.207239351464949 0.00926623794172862 0.0689881132259427 0.0259222803792866 0.170822445888079 0.108619351781818 0.18709808440007
0.152490784619467 0.0843162836164982 0.199123014418989 0.0086190455427507 0.076846427978447 0.13375121443882 0.0639779368411016 0.147091973363124 0.133783319180802
0.0450650944752542 0.209014897154986 0.0871807312668455 0.102305002093974 0.104774024620301 0.155210607398446 0.0256314760913228 0.151268408392583 0.119549758506288
0.131273851186604 0.094771470601369 0.095815504728759 0.00424312344501613 0.191288604658668 0.106169523921201 0.20105569498983 0.153400102619045 0.021982123849507
0.0242922224320242 0.22992527477866 0.202625433968837 0.0699471402228142 0.212329599326811 0.0962520445239007 0.0095581072170553 0.00570628203704209 0.149363895492856
0.0532763237496879 0.160051449596526 0.0904714044472708 0.0905692641680967 0.097976249898342 0.141394815109694 0.0551900527738744 0.15312094058772 0.157949499668789
0.0555380705045013 0.245132756853074 0.0780142102919444 0.204711882676258 0.0508669594642784 0.0878729635828001 0.140661194969459 0.0828883017061061 0.0543136599515785
0.217917518330282 0.0746757349075814 0.0288397368655949 0.157681446718799 0.186065353595394 0.0308832674311962 0.234951893446385 0.0558842249908329 0.0131008237139334
0.120922008872176 0.142755718066995 0.0802097874872165 0.00732817175699558 0.1927048490525 0.0554852782981267 0.137655623832404 0.155865605633817 0.107072956999769
0.0563408496722458 0.158938543685924 0.175781164906785 0.146892686268421 0.0766425850380147 0.110739541541411 0.00685539671694498 0.102316322097463 0.165492910072791
0.0924590390047861 0.177055413456127 0.0509994909955527 0.108698186328459 0.179255315071755 0.149684133903019 0.0400291572615368 0.0482153998636036 0.15360386411516
0.0585250662887199 0.0962278351573835 0.121775837924198 0.212616322768364 0.081633963558434 0.216393279116841 0.0923151156566598 0.0876369534644272 0.0328756260649728
0.0672614773295735 0.143345122815182 0.0615903638141038 0.160908492023239 0.102555123804523 0.0298573961906472 0.106892652858341 0.200708047131111 0.12688132403328
0.146089449488958 0.0249734008528709 0.126764914635922 0.131127529040739 0.046651510603155 0.00185166997153558 0.150107941559837 0.206502497341924 0.165931086505059
0.18928863905593 0.182305083310436 0.00695885242615294 0.0894100032688376 0.140360512813479 0.0919046051314529 0.0138334697106581 0.193449090396094 0.0924897438869588
0.0580437870085162 0.116307261035886 0.166693157312346 0.0352130360250113 0.18015950914011 0.10343037055012 0.142813906450211 0.0290298635717801 0.168309108906018
0.153786134742863 0.109044971102599 0.101631412223777 0.0811885767943012 0.188913165540766 0.126697651028312 0.11988402512542 0.0853955206716051 0.0334585427703566
0.0654526838656892 0.0772485168833097 0.171322884215382 0.127280475310307 0.0959168410010112 0.195478693857043 0.0410704702718082 0.139809947975539 0.0864194866199108
0.0849650574769752 0.0488949161832922 0.136359056751444 0.136293477015948 0.163451320256827 0.0580509322026272 0.165869083961813 0.0641884089805919 0.141927747170482
0.0365417863679972 0.044116793437745 0.0179797792849358 0.179395962191442 0.110839487234848 0.094236631110815 0.0369849572133805 0.156858636001683 0.323045967157153
0.0990891747480749 0.148954848669555 0.14554501486963 0.0379580774187273 0.0327267971600969 0.10776585559274 0.104171542716223 0.176422056058154 0.147366632766799
0.0886483935687223 0.120045504139758 0.172834656996341 0.129990061841911 0.170350828819155 0.144367395290156 0.127560288237238 0.0356418750609974 0.0105609960457201
0.154671903414372 0.0459051007038617 0.181559448581487 0.00563046829466213 0.103207000123072 0.103371779874438 0.111397177576208 0.116123404660389 0.178133716771511
0.0341560832637932 0.181530868078393 0.0769802391240727 0.0571591278311765 0.240818828006913 0.114436859986698 0.135077336173937 0.158418410043432 0.0014222474915836
0.14072785353193 0.0334122319118314 0.0345640111214368 0.154991057764373 0.167739550602318 0.121022627973482 0.138055052332879 0.0888594356897048 0.120628179072044
0.209654275557487 0.0774541462079577 0.00216868990922662 0.00184127080649154 0.207616880671891 0.0686500091251932 0.16692982188592 0.0905558809726774 0.175129024863155
0.0657892140547254 0.225772095781517 0.189281088869476 0.0561333805279438 0.123143341294956 0.034410165143531 0.226231388571855 0.0315876385469283 0.0476516872090674
0.0771740357444111 0.230782760528042 0.0396148311130052 0.000535360745174931 0.074822611689939 0.19455667333377 0.186120879638373 0.167056084339261 0.0293367628680238
0.0817711847395682 0.00374681522704607 0.0991424255932868 0.279881402995059 0.101576948479329 0.207197962432715 0.0115782038133966 0.189816955734984 0.0252881009846166
0.174934124899713 0.00352428269620743 0.0937400793240508 0.0889943378026739 0.169114930847389 0.161552916165186 0.0959016820003875 0.169418335332536 0.0428193109318561
0.0481003071928911 0.150164372336878 0.199459532230767 0.187314821785217 0.202773570140715 0.00319981118566986 0.0969806654330296 0.0848322590955604 0.0271746605992729
0.0821234488766717 0.182746512010984 0.133740297383609 0.0657870639598604 0.113105870557364 0.0341295622047881 0.0932415821452521 0.161649935904189 0.13347572695728
0.0490130543370079 0.169547417280575 0.143000176431294 0.122175162168824 0.103815425877731 0.217399725915818 0.0175000439323327 0.00233532269987972 0.175213671356538
0.0446941765337446 0.222133495404875 0.0946536075630859 0.142113376922609 0.195871808972668 0.117837878920135 0.0607997633636879 0.0120262815141251 0.10986961080507
0.136010535158818 0.143659991985859 0.137559028439757 0.127074992454513 0.119375854941255 0.0761823436174008 0.021191435444776 0.0998454290910574 0.139100388866565
0.173543503391176 0.176899421112721 0.12966796642418 0.0346973097126343 0.00419560662329322 0.132496429308406 0.0688390041603126 0.118479169346034 0.161181589921243
0.167476948671012 0.0880386913160107 0.0402907817321716 0.102662145161976 0.154494787470154 0.0772261891785198 0.107893306633734 0.219634225743157 0.0422829240932659
0.0270358338412347 0.157494265555522 0.120715838224942 0.0948022968716537 0.166761592720559 0.111472683984829 0.185186604798288 0.0515260391318756 0.0850048448710965
0.111950865961918 0.121102506538094 0.0603945285554779 0.177333867175703 0.0436815390579355 0.170550331383356 0.0153336118932799 0.14634829096683 0.153304458467406
0.0950299416919449 0.211384993422089 0.0347504380284434 0.24571230834293 0.226401331535517 0.0921253344443058 0.0300083425225163 0.0424590750734676 0.0221282349387848
0.0250037081563049 0.134339323775383 0.0692114028300908 0.106316716979851 0.143137424849049 0.0667024917455834 0.173705101584459 0.168136702011813 0.113447128067466
0.10691836265211 0.0540083442266364 0.0610991369866468 0.0211271728302373 0.191122458984781 0.198600549633863 0.139062429589422 0.144077227647941 0.0839843174483627
0.213964088222674 0.180274592341874 0.0349478296107747 0.153570071330862 0.0138185812141094 0.154140632441508 0.0216951710150678 0.204944276825562 0.0226447569975692
0.128593502340783 0.0952236463260531 0.0912138158191186 0.211653091703433 0.00136620290995453 0.0521027068613006 0.27766912259591 0.0782177730711237 0.0639601383723225
0.122878148899414 0.0496173715818726 0.135639525722025 0.0258010284432633 0.289419871597183 0.122214645543986 0.111953413748504 0.00664958761815552 0.135826406845595
0.0285625975172609 0.110778966214882 0.165661851859314 0.0300102896157561 0.172185493370209 0.181581144058747 0.0609748462937189 0.0920155695140192 0.158229241556092
0.203084939487952 0.0362792085452249 0.15412883710526 0.0584437724582739 0.176249066817892 0.0490722225329311 0.12052418574351 0.187625669624906 0.0145920976840499
0.0746173548962966 0.128486013806565 0.0747851543509141 0.00509692479759693 0.0462741704231285 0.143315711396409 0.031368153915494 0.198178035336342 0.297878481077254
0.147177619569241 0.222442808064654 5.84733341639798e-05 0.0606599824810065 0.0958566176597155 0.188637183831003 0.0145423327776669 0.0910019478590573 0.179623034423492
0.180960517769705 0.162066134248726 0.0164785552175899 0.0943488113691927 0.0288382895699833 0.152571339392686 0.169059477710883 0.12489298446153 0.0707838902597051
0.123698764558399 0.215632463658358 0.111041734204488 0.148400744341533 0.163750105202417 0.0336414959281361 0.080002408961502 0.0393869425985014 0.084445340546666
0.186902814193705 0.109243286307187 0.0869835257527798 0.0487175240254713 0.0657061130850964 0.19207473034608 0.0636773186056109 0.0840034629890946 0.162691224694975
0.0284290750242745 0.169928753063715 0.0624656768316436 0.125920211827909 0.266625773040144 0.0874524962250476 0.0147459302199211 0.0243507484056131 0.220081335361733
0.168426551555247 0.122765164370964 0.116292021714874 0.173597083069618 0.0233402480295382 0.0285490308256081 0.136291504470456 0.141223195517437 0.0895152004462582
0.0955227911649904 0.15160756035625 0.186704657173047 0.182793700641693 0.0447399676439239 0.133501989323235 0.140279334864309 0.0508200365127443 0.0140299623198061
0.128397605522207 0.200967381262909 0.067798105959874 0.106635326948212 0.0539416721815389 0.119309333590516 0.0315127130379477 0.164870127572302 0.126567733924493
0.0300619905585131 0.136329684515618 0.0375496137417038 0.199729552529359 0.0482126694154354 0.200386765401716 0.136555499243471 0.00679652929667627 0.204377695297507
0.0238154822751641 0.106822280610903 0.122592616254791 0.183366289271564 0.192241302628718 0.113606696090757 0.0390412478873654 0.147256994729717 0.0712570902510216
0.198229896907022 0.0564706525543319 0.00851852308660504 0.0117901914143035 0.0683569555104929 0.128479106557325 0.167833711303787 0.189572591118718 0.170748371547415
0.0636128029559164 0.000683775282973858 0.168320256762636 0.247749233557608 0.109955359667041 0.121092705906474 0.0134082330741195 0.13386278693732 0.141314845855911
0.0489326192462464 0.0213464036536251 0.142495104131252 0.0825338127408239 0.236216590605153 0.170389043016194 0.0778226225659296 0.171167446518686 0.0490963575220901
0.227044836782177 0.154274623581452 0.0409275716144635 0.0489113511830782 0.048114647642101 0.16039556221744 0.113901497764821 0.102645132270686 0.103784776943783
0.023002607455828 0.0766278557333156 0.15385041232385 0.178632686650277 0.173837809991741 0.165102824670013 0.0164351903600053 0.20154318232254 0.0109674304924296
0.103031978364622 0.0135286930547211 0.104994249770301 0.0565143311034524 0.0177793904188827 0.18623395854195 0.193339515547093 0.149907523776354 0.174670359422624
0.0448299149338571 0.0215980151588675 0.184301053132521 0.175797949990163 0.0831725823441654 0.227299185509427 0.0725327450740627 0.0821117072437321 0.108356846613204
0.135431508432532 0.180059523661583 0.0238977403446165 0.0461692007126858 0.154694130424612 0.187039924979452 0.156984898440536 0.0604041666249806 0.0553189063790018
0.099890615368545 0.0824145866757125 0.192783621280506 0.085188801128822 0.0180743441596803 0.0257910844048259 0.175562418087924 0.181788493095568 0.138506035798416
0.0769357411665263 0.161088265187065 0.109273833727524 0.13865330968772 0.0910951069789573 0.0394628238697633 0.115936878900292 0.0211722167356712 0.246381823746482
0.136385260461598 0.0844715838610005 0.151975635136705 0.11103258135307 0.00613102889740432 0.136948093508637 0.0646988250144107 0.154628244517405 0.153728747249769
0.0449407206170532 0.215962142331208 0.0734190348866303 0.123974257029933 0.19305365344866 0.0833852565762767 0.039276301115608 0.0590276368041998 0.166960997190431
0.147946594389633 0.144091921718316 0.175702287690492 0.0965634584085736 0.0878410080109901 0.0219382077085053 0.195724604518031 0.0510652109442371 0.0791267066112219
0.0069798794875082 0.0186862241948276 0.213602486298258 0.191891052755119 0.132196132050748 0.168395590378981 0.146897199997876 0.0619065351456168 0.0594448996910651
0.0574314878141566 0.221770543282571 0.097595797811571 0.120853852640982 0.0989054536056793 0.0760196186828558 0.226687019287169 0.00950179028086844 0.0912344365941463
0.0923257412836691 0.168720616419799 0.155190008113082 0.06410224017366 0.0996922553957501 0.16077883998739 0.150667314252191 0.0250153767004131 0.0835076076740453
0.000654111400648919 0.19625768286514 0.099185178484146 0.0893726627847143 0.0624020586171582 0.159596886726735 0.0881760881191793 0.118552027125251 0.185803303877028
0.106033192985096 0.085069454704624 0.156122256866553 0.125640177886447 0.137527722914807 0.126798020443959 0.150140167105485 0.0340363629970934 0.0786326440959354
0.0605055548784823 0.0783553362398897 0.148113057314581 0.151082447918141 0.134023453590186 0.0901244854297817 0.118966278865346 0.0789297337457919 0.139899652017801
0.149421944603136 0.0901561402179122 0.131705638702113 0.0704649250758118 0.140607376572591 0.18751644189016 0.0699041142532025 0.128306242266104 0.0319171764189698
0.101191901464028 0.0759614709500309 0.100709970493199 0.0595359862427619 0.173892380121442 0.15104726451844 0.0570493422935571 0.211122921112388 0.0694887628041539
0.116025384089153 0.00928675168374915 0.164777313399762 0.190415147514477 0.144406091025641 0.144255134814885 0.0348127790633445 0.0400777849169442 0.155943613492044
0.121485661284411 0.0678986944025483 0.166899319558459 0.000243086005767839 0.0611505847336612 0.190678668062456 0.194382945049447 0.0861798580400214 0.111081182863229
0.152204833663532 0.161834174256268 0.112243688023718 0.173142129823327 0.0228934080511497 0.0969276664545327 0.0397803877143919 0.127614287131585 0.113359424881495
0.139080491236048 0.20716733065241 0.141614299379028 0.132892477988031 0.0775569256355337 0.0114521797212816 0.12496033661031 0.0634084758216273 0.101867482955729
0.0531778243222836 0.148716888182373 0.0962278827099299 0.181821690713934 0.161372268299445 0.00670090763607177 0.199460730582281 0.120942378968098 0.0315794285855838
0.167852709915407 0.0737746255865741 0.228215463536918 0.203669225095629 0.0398431569427858 0.180649653962972 0.0148550499743875 0.00809681510493186 0.0830432998803947
0.112424820748201 0.000476311310825599 0.221309594200137 0.0877537192473466 0.0583180513133773 0.228962484223631 0.171312493951464 0.0402075150632012 0.0792350099418161
0.0905193673584175 0.255455731420057 0.0291261652009457 0.0173278911097814 0.168647754145732 0.146048215126617 0.178555596633858 0.0978640578661401 0.0164552211384509
0.127776918085898 0.0667620580495155 0.190255946664104 0.100234556273759 0.141234636642843 0.184565823402163 0.0716358841134924 0.0323164976030077 0.0852176791652175
0.04621393142211 0.0314419930324292 0.142476198688567 0.0315289658232886 0.208523024357662 0.123933737562523 0.0840338203875636 0.213101198254035 0.118747130471821
0.186512243687972 0.088227592119413 0.000759097382795793 0.0351675996413271 0.243026606322762 0.00506526864322026 0.132501477495204 0.0633796121766305 0.245360502530675
0.031905166254382 0.0996850085273268 0.127842237436075 0.147169240630204 0.139516124717877 0.121310560628373 0.126507169939688 0.151214608699773 0.054849883166301
0.165107327695113 0.125768560336369 0.170144681633685 0.155898941505133 0.0892805252477387 0.0515969637253781 0.141729353940529 0.0482196980605662 0.0522539478554888
0.0586043177444086 0.0753216597896361 0.223015241027149 0.0974237757935468 0.0692701493359762 0.125700967519902 0.0879867379896465 0.0559137584489217 0.206763392350814
0.0268971963662741 0.070061567399116 0.138159837883249 0.204374055062052 0.209988638190706 0.0851379058849398 0.0266914754234925 0.140723414399705 0.0979659093904663
0.113731955930405 0.144415668005569 0.13721447825008 0.138842017369314 0.0575223945235383 0.023803031989791 0.139325310515459 0.121110155421309 0.124034987994533
0.0679021958862882 0.0580250757092614 0.0337959422637266 0.122988060060572 0.052831168877217 0.226793443498385 0.218079158106057 0.219229589206845 0.000355366391647854
0.0266733043561496 0.0677772340748866 0.140554200618595 0.168210991860293 0.210520767156851 0.0760275299648907 0.0180220300004327 0.114763345863959 0.177450596103943
0.176067307647289 0.0929179960506866 0.206545885284354 0.15068142009895 0.00875573100406138 0.00446367773858701 0.167485633921297 0.17476364930564 0.0183186989491353
0.00421458713578522 0.0730434927709641 0.154226483608154 0.207638137489257 0.0779302610225509 0.162666115282083 0.141748147416432 0.125616330972751 0.0529164443020226
0.0104956981279339 0.0539067857717924 0.0578277866107953 0.221116818083424 0.14861834370824 0.248306233268404 0.136594572109247 0.0912385190282839 0.0318952432918784
0.177710146960671 0.0205858032274543 0.135102263041312 0.0833554686919688 0.154444456154456 0.0976349194001893 0.0121513113112268 0.189718847332189 0.129296783880533
0.117243883034776 0.221310794140984 0.125773771231003 0.0175591485533915 0.0256173890707428 0.168660800731648 0.192781143834831 0.0274534162123487 0.103599653190274
0.128437175854953 0.171511615489644 0.0104506093792907 0.0482563309539288 0.233431696390815 0.125155547041631 0.114564772713686 0.0498918863619511 0.118300365814099
0.0632212326698853 0.161179114557337 0.0938538724325713 0.100057601271924 0.112800644908786 0.0403843646761474 0.150504467929112 0.112981759414924 0.165016942139312
0.0440086635121528 0.0711151633025248 0.121690561826019 0.0986819700374014 0.174072847799603 0.0613728265135094 0.157835683642839 0.146635452420781 0.124586830945169
0.187217865185248 0.148840277850362 0.0957805571043897 0.111700542285073 0.0243949069635526 0.150924405118761 0.104015315819381 0.0551402169643838 0.121985912708849
0.0481674848104145 0.00211571760821591 0.146069050236518 0.197115466710752 0.174927767831947 0.03439159587915 0.142741981234013 0.173885260075734 0.0805856756132556
0.0862124527022192 0.110864189036522 0.162512548423851 0.153010966797476 0.117142925027808 0.152992025167434 0.00572638258154932 0.170273565596164 0.0412649446669771
0.161894147143067 0.100054284100719 0.133505523002431 0.062425197198549 0.15744019092201 0.180636159687383 0.0474031832010278 0.14807437986186 0.00856693488295289
0.0267743271736452 0.152570670108154 0.165766649004818 0.196115748534569 0.0372104660208445 0.0581998904833104 0.0382230302518976 0.198355045147823 0.126784173274939
0.133027096845572 0.0910038096771044 0.0425779091340954 0.123376969179738 0.0360801204707442 0.168468792191552 0.173482864126041 0.163671410264195 0.0683110281109587
0.0478920565192016 0.0999229771476504 0.125240736773324 0.0443406036121369 0.186839349974373 0.183164038722825 0.17402057951566 0.0889190128365645 0.0496606448982646
0.152215072096331 0.0604273903138646 0.120194409023989 0.00305339113627125 0.0348995026577817 0.19811269369604 0.206538586947066 0.166545368114484 0.0580135860141721
0.106864884309248 0.135043070485317 0.112033999423097 0.128934727509385 0.173158650279119 0.0332136956834833 0.0173659039973827 0.101701855138878 0.191683213174091
0.0810193118796946 0.0792021100532475 0.0734175748961438 0.19130210259923 0.00599586490799732 0.216707750836038 0.0760969191893664 0.22748590910738 0.048772456530902
0.0861571408868029 0.113892423136131 0.0229526852369741 0.175254939230468 0.00127064949416464 0.0889602646166701 0.115414457290241 0.0831510083903229 0.312946431718225
0.170539665065849 0.111667115362667 0.148823700097449 0.155371982699848 0.055912891588165 0.03060341680257 0.0973993078574891 0.0718636781094278 0.157818242416535
0.0380177600727361 0.0654858653834717 0.188222879342788 0.139289985858693 0.0221827582906392 0.00282261150746886 0.212909023401239 0.160845993031432 0.170223123111532
0.202835798232134 0.0611754234997084 0.123829153414689 0.102691364395516 0.11820661983912 0.107615688737795 0.176054186332633 0.0667180924024456 0.0408736731459594
0.215373445114251 0.0239644318035729 0.224996974160121 0.0518532362417436 0.0621822157818061 0.154884925491254 0.131864013657931 0.096253528557534 0.0386272291917866
0.0108615233991601 0.0178768777112463 0.300115539035625 0.0130102670639468 0.131762811724047 0.26721924372725 0.105310062902642 0.0260776484945275 0.127766025941555
0.182763263819076 0.0132509007462013 0.169792703909127 0.161118065184596 0.153870204994463 0.0187566280203938 0.0509884380460496 0.0503960341185557 0.199063761161537
0.0922303263061604 0.131023881557127 0.055619494802754 0.0908672213575263 0.0408659259994438 0.117195127352061 0.158454410984951 0.169531355733674 0.144212255906302
0.222433620564047 0.0235816512899793 0.0617310233203812 0.0328335977994363 0.235222966766207 0.219027480182018 0.0676129485639927 0.0176650101266278 0.11989170138731
0.163133507426771 0.088009523435137 0.160626767375142 0.155003720120382 0.14494455570467 0.0385185222125842 0.0486153886663218 0.0836247172843765 0.117523297774615
0.0905108925259624 0.0724344121051456 0.128276221126193 0.0873856391389315 0.074639024938404 0.00320127284490806 0.185552898278828 0.231948462228325 0.126051176813303
0.0721709097314016 0.130100472899405 0.0486011317476847 0.206433607253355 0.020293800333645 0.000619079204908652 0.145789551233087 0.172412810834651 0.203578636761862
6.74212117052147e-05 0.11470232426621 0.165208980123552 0.0871407980538641 0.161226094412279 0.0703349076441912 0.142380969190168 0.110441617396164 0.148496887701866
0.178395569248957 0.154324776147502 0.0394254764275843 0.107850147274709 0.0458178638911166 0.159160588824563 0.212696816300975 0.0175672384973816 0.0847615233872109
0.119222095920538 0.109105386593478 0.139919127388773 0.137226644588387 0.15526029847866 0.162520787383588 0.013514955745739 0.115444409809063 0.0477862940917741
0.141240609045395 0.0342910503036219 0.128877072266887 0.0520332486233441 0.150945817461653 0.108942221677738 0.118882756213135 0.1359666713749 0.128820553033326
0.194195896768122 0.21689312613779 0.101462541275305 0.193627342592249 0.0245185548159037 0.0206767965140843 0.0478007140835327 0.19328482210809 0.00754020570492265
0.132841943983597 0.149465964909648 0.147883994966423 0.0806318400517002 0.0606549306093663 0.13787977063979 0.0676078666998065 0.147650638104043 0.075383050035627
0.00834877509665297 0.155988445109157 0.226183705050164 0.139436476546435 0.0706506112021501 0.063008363566322 0.200542379953668 0.0627189498852964 0.0731222935901544
0.17520341109217 0.176628699174382 0.138554272077796 0.0264651454575137 0.138246369307141 0.00688864449001936 0.1713284032421 0.140968340513987 0.0257167146448919
0.121832303494174 0.187937003994252 0.145614672358502 0.0822630791743835 0.211744447168363 0.123045702050849 0.0823977105271718 0.0388772534334518 0.00628782779885286
0.124949699122176 0.129373584784081 0.110676179471626 0.133051555573019 0.0217468994359509 0.118661240002262 0.0357136761353914 0.181833673235289 0.143993492240205
0.0519365865138469 0.171068756377729 0.0460076499798828 0.153100601347573 0.0519331682751607 0.0919690672141545 0.120616018440847 0.16148437190216 0.151883779948646
0.00218151253655748 0.124262495975766 0.138266501879622 0.194818785910821 0.139908904365706 0.143109775429828 0.106130977869584 0.145658043745497 0.0056630022866192
0.0926618049884523 0.0986226801671018 0.0367221019349952 0.199397893270083 0.164257708242055 0.204289334132843 0.0485820404691455 0.140139551076594 0.0153268857187314
0.0518788346446519 0.0438931626993694 0.21732589400122 0.165344569281613 0.0169529908221946 0.198736189809252 0.0257385866351005 0.186859912615328 0.09326985949127
0.0211999679817551 0.0393382171544356 0.200394240820996 0.128779963140231 0.0278139544581425 0.189408731589002 0.150044271620267 0.0812198034845957 0.161800849750575
0.161753810141116 0.0837512215787412 0.0625720838355125 0.0673057850673514 0.0856600674597347 0.125062096101243 0.0785386432046526 0.187446510996172 0.147909781615477
0.0507021739168284 0.173641969235518 0.105273276207736 0.0597912780059375 0.138984843650442 0.198772333421158 0.0720474883449461 0.0159812779853251 0.18480535923211
0.109819521465211 0.0337121587124588 0.0875879383896753 0.272293386823376 0.0976138495886926 0.0364163367162045 0.191471536145114 0.15678294205605 0.0143023301032171
0.0578020309955686 0.161193008775905 0.0729029834995362 0.161290868767573 0.0306066127663501 0.125885771576459 0.1289243600161 0.0935082225416211 0.167886141060887
0.0315221638836748 0.211652452630499 0.195603031571183 0.169041926141684 0.0922545935874685 0.0617971001093017 0.114506280261007 0.0820682065191814 0.0415542452960007
0.170537308773317 0.0535465804912415 0.0153896901019152 0.207492210402125 0.112403042114012 0.172001056019022 0.217941003346911 0.00386615562055113 0.0468229531309054
0.23212434730939 0.116715788718481 0.0574624797214821 0.123109799962655 0.143885987625893 0.0174434380050692 0.0517413912692891 0.0812135921824339 0.176303175205307
0.0642927351947276 0.0188181077992352 0.157042634534908 0.185031146195193 0.080030313357824 0.190046659798982 0.0481434397904744 0.109977335872363 0.146617627456293
0.0698930477495224 0.150443884285358 0.0275569326379587 0.0215970683701468 0.0350281713026547 0.185103107670559 0.218436413540646 0.20131878361955 0.0906225908236038
0.0862173259145965 0.128332060131979 0.00850465662985341 0.0919940655395837 0.12743753063049 0.128670203876371 0.173463347688849 0.139786529842471 0.115594279745807
0.0284689035984592 0.0227876349107677 0.209673002961002 0.0384667172084683 0.0976506810801715 0.0931521914348491 0.151093636799231 0.116323267906278 0.242383964100774
0.127406072647047 0.0785690214951626 0.130939216284855 0.0897964850899057 0.10288296593899 0.145590524426435 0.0554962434629083 0.153098849886492 0.116220620768205
0.146184884724353 0.02040813223481 0.0590503324815853 0.0112820878571345 0.373500382091452 0.0250139017812814 0.0274517339726306 0.215943422907789 0.121165121948965
0.034819864594982 0.07388425772625 0.0521929151806572 0.0862139520210909 0.221403454159224 0.137300010788118 0.220924604093626 0.130350746121065 0.0429101953149871
0.0439642350447555 0.109796417147833 0.0262027343689381 0.187977637440667 0.186541247875869 0.0643621350857363 0.0865579855830485 0.11239560480912 0.182202002644032
0.136751331411162 0.199699120385169 0.150835035440805 0.0941507608145227 0.112102432615736 0.0556533409815257 0.0210804875325713 0.0982252036527611 0.131502287165747
0.0885535938031344 0.115897879767361 0.0680961175477532 0.157785505224793 0.231832205446542 0.123407113362487 0.026009913184921 0.136119739759389 0.0522979319036189
0.0288880077548613 0.219820670146984 0.129554627180432 0.0555715846409282 0.21035171219351 0.0414293945215722 0.0496332771357661 0.0625681773783883 0.202182549047558
0.0223249789063368 0.0694302068438737 0.10216658835151 0.142472893684172 0.0903787551219832 0.193558628596055 0.0582265507454182 0.210405540511375 0.111035857239276
0.0390219393976715 0.141348577092971 0.143234466179767 0.114186065994256 0.150436208293628 0.131593430169575 0.118022440531193 0.112789837610805 0.0493670347301338
0.156783228668922 0.0834329093543926 0.101491902721846 0.0832928232610472 0.16759344077297 0.160381438972954 0.0367692544598651 0.0619828887455004 0.148272113042503
0.168291590327221 0.103954701433319 0.170684582715293 0.110697138405841 0.0349953957254908 0.110392108293 0.0464979137656068 0.0868075875119366 0.167678981822292
0.161249645831493 0.0809080273136579 0.0634948987173388 0.207707424255295 0.00429529500079167 0.210616626073573 0.088801764673338 0.132284840935191 0.0506414771993219
0.0946513914908102 0.134304595891865 0.139710504151953 0.0911159130998403 0.0870060943500493 0.147328747678306 0.204742384580292 0.0601493063098509 0.0409910624470342
0.123934606541847 0.174142053198431 0.0813750211574301 0.0197753323999209 0.117707440431574 0.022213098037716 0.198065821288231 0.163162627916823 0.0996239990280265
0.0847663781171934 0.0386434182638373 0.117731022955168 0.224936864901499 0.0303988227568544 0.199205388218921 0.0518301341230597 0.209335572312327 0.0431523983511403
0.128245331404894 0.0623765957118482 0.0647898427511149 0.135909699171847 0.115500285314613 0.259423349379676 0.0368737798818213 0.064824395318622 0.132056721065564
0.150854759905029 0.234444271875446 0.028187575816485 0.070674040209425 0.0248323669349455 0.0311559939148941 0.132356763425839 0.237125326822031 0.0903689010959046
0.146460919858663 0.125218732656388 0.00864013970629336 0.10134469400304 0.239551156510897 0.0893856933641079 0.168883287303781 0.0529819110999859 0.0675334654968445
0.0870044638622564 0.0994606088245035 0.199131829951255 0.191090942107811 0.0469763648410509 0.106139416221109 0.115268225339733 0.100384881086109 0.054543267766172
0.174796769102991 0.0352706190118392 0.0128576273714516 0.105885793580954 0.0935242096813778 0.157154486294962 0.111249159795315 0.165962573215203 0.143298761945906
0.131048822094765 0.138554425401692 0.173714537076173 0.106039837058129 0.120753271597312 0.0747968322167303 0.0290531395055347 0.095858544122605 0.13018059092706
0.098034338916616 0.153734229152113 0.138810921923954 0.166282855143083 0.0626062241236528 0.0743252560028934 0.111910841150565 0.0561212495487883 0.138174084038335
0.0296542682139776 0.0296612963121323 0.11501900059914 0.086733824848717 0.238092469103808 0.0270460830207368 0.178128609640676 0.255319045406448 0.0403454028543637
0.0319589372105626 0.143154886016619 0.0665326787159501 0.149101604029121 0.149892306816132 0.102492820875127 0.0508938460088865 0.167618887476432 0.13835403285117
0.150087161827385 0.130909303807257 0.199932482210117 0.00523264991148696 0.0617901137891185 0.0466119058843734 0.032409834402218 0.199727262426719 0.173299285741326
0.171563981310916 0.22238009347406 0.100163102349093 0.100538735978858 0.152518933751827 0.0295204380001665 0.111709389114566 0.00642577941373835 0.105179546606776
0.082250973931172 0.217524543555533 0.178423726961791 0.0871271450830944 0.0224157927738496 0.0134322565515036 0.0769352413480506 0.214804717616156 0.107085602178849
0.223910181975514 0.0717980534456308 0.104294561993351 0.0462384702022748 0.149975957124124 0.226238493503184 0.0805222552288305 0.0302260842910372 0.0667959422360543
0.133930835406812 0.105089615786194 0.130264333634392 0.0528528527221033 0.119289784079761 0.137288491433727 0.112923217353556 0.104812217011789 0.103548652571665
0.0895820948701919 0.155382974226573 0.131681972584456 0.15818672633372 0.15731565778746 0.0785690597774104 0.0798705323654691 0.101275971787668 0.0481350102670523
0.0900766126954745 0.147059136992046 0.0591927380664799 0.0528533133716998 0.154571764096777 0.0678911783104225 0.112228361378219 0.159911645476785 0.156215249612096
0.166582470571707 0.0381706158957403 0.215132069559729 0.189171731369016 0.109804207872946 0.0176452580820413 0.122137952612399 0.0897035094265304 0.0516521846098913
0.196741286646021 0.12286596013261 0.0906952719007752 0.0475440304039397 0.0175000444184135 0.093929013678228 0.174765910539384 0.155995203160531 0.0999632791200971
0.0145865856647575 0.17411718959868 0.111089011595316 0.17355970446998 0.0325222987601489 0.182272405536279 0.0733049198301862 0.16525301687577 0.0732948676688831
0.18715089614865 0.0169179008849729 0.0496755068753977 0.0390138338120237 0.0840378434452438 0.128094468284583 0.126077353578956 0.187274641342574 0.181757555627599
0.110255908957157 0.15247973659633 0.151261327449781 0.0636625410742096 0.0848124964550014 0.141598743936253 0.141046113322074 0.0718210933710541 0.0830620388381387
0.0565901853933095 0.144209250409781 0.174384121132445 0.0296844299668298 0.0733290902266155 0.0597255650688801 0.165805875859236 0.116412663175103 0.1798588187678
0.0974175157601795 0.129680890146285 0.144252126974021 0.0817904938026355 0.139657131490259 0.136096942775261 0.0295956813565996 0.100450058383383 0.141059159311376
0.227995565461425 0.134821933872531 0.050587378492298 0.00657702148723007 0.146236831977611 0.172088464601474 0.188510538473458 0.0699317137418362 0.00325055189213639
0.110268384239524 0.242633292422773 0.0378275631253175 0.00351634791573686 0.0661523022539626 0.00151961391522328 0.219503221308297 0.133291401310731 0.185287873508435
0.0892738147575874 0.00910640477821268 0.0310088387290382 0.0897605023413073 0.296298104121345 0.177993408117374 0.0573573438313021 0.238254448238169 0.0109471350856642
0.0584251023702045 0.143463792887931 0.133452092418234 0.0201583285927527 0.0752290985193785 0.184110112501113 0.219745737633211 0.149408426335652 0.0160073087415233
0.179274762083052 0.0540662135776882 0.0815426683246817 0.200487311764966 0.147178566337943 0.106260966524877 0.151076042759492 0.0787340119203535 0.0013794567069462
0.190728517151926 0.0289401994415968 0.0666311556495465 0.115560137835288 0.302484318460666 0.0122609798826632 0.0665483763028657 0.134951409210762 0.0818949060646861
0.0715177518214947 0.0127733813761156 0.236114445861387 0.109062747471588 0.121939373613722 0.00991478213300439 0.22434495019662 0.126703846849647 0.0876287206764213
0.138575440518282 0.0827139931179757 0.203295288463734 0.204878702157906 0.00719388575383469 0.0779006922723054 0.0491391123290124 0.232583462722473 0.00371942266447692
