0.48275892436904 0.00602316453820832 0.19607689715555 0.077134009493992 0.238007004443209
0.051368959014627 0.109113230504559 0.250824413343997 0.345416087828476 0.243277309308341
0.202831038149914 0.321326017788999 0.323407602751023 0.0802227780277337 0.0722125632823303
0.426475264665861 0.206234476992662 0.00302142390600399 0.160966512667007 0.203302321768466
0.114740231671736 0.0644349763511622 0.35301579873276 0.125958531713037 0.341850461531304
0.100316568387605 0.424562001842919 0.0817986020282434 0.0314405569532142 0.361882270788018
0.0962693410262015 0.269935139391866 0.178223704362889 0.196568120394751 0.259003694824292
0.24258157174219 0.248606510604854 0.254641817922689 0.154839130507895 0.0993309692223715
0.333352308738173 0.187740904760132 0.0916475507847248 0.13417389056715 0.25308534514982
0.291769599354287 0.235314354660067 0.113425536098766 0.343001055418391 0.0164894544684889
0.320262051485959 0.282481844682197 0.0971012141770484 0.03746577708486 0.262689112569936
0.200971461328733 0.236118649655561 0.266524548341403 0.247660884546782 0.04872445612752
0.221452269690307 0.282626651400947 0.121141372566397 0.0865497588403537 0.288229947501995
0.408813486718622 0.00129696310776281 0.0104561120228017 0.350414154021163 0.22901928412965
0.251723263214149 0.18286614305429 0.298431100967691 0.162913444995581 0.104066047768289
0.278568589066402 0.142895290279477 0.33529213070356 0.216300089557396 0.026943900393164
0.275409273615204 0.237854759184487 0.192951622547137 0.170818243598471 0.122966101054701
0.0557839815798801 0.355904386740554 0.0117937370954197 0.238194159933481 0.338323734650666
0.109107660714665 0.244286934078715 0.282639193880262 0.105278977747607 0.258687233578751
0.0224544819425729 0.362120559074232 0.211013837394032 0.0335349469357882 0.370876174653375
0.345327413058283 0.391349430302618 0.218324262660077 0.0108928889994602 0.0341060049795614
0.000173932711254215 0.299657353899659 0.0558259644727849 0.267118615181693 0.377224133734609
0.396435124819843 0.497418417014054 0.0825517782695922 0.00586956799042419 0.0177251119060868
0.277118916592913 0.224860134659741 0.235792600202358 0.133856208906846 0.128372139638141
0.177790710979296 0.159937917189758 0.302586109685798 0.297166296246499 0.0625189658986493
0.384695650500992 0.227182260604273 0.138013522682172 0.249884726859431 0.000223839353132083
0.0109313176314513 0.337485176848417 0.209285038575553 0.133670103106249 0.30862836383833
0.279485200490136 0.195514412830233 0.23378414658386 0.0201953094259777 0.271020930669793
0.0509602384180366 0.193604619400966 0.335872782449376 0.10924113087091 0.310321228860711
0.345509340931099 0.0938212384814402 0.381636017774603 0.0632262918882629 0.115807110924595
0.0579192865740124 0.174003140408682 0.260802132274135 0.327756177603515 0.179519263139655
0.0705252225790527 0.00398095426527576 0.265390138154683 0.469827840031144 0.190275844969844
0.337117827496741 0.410892179390842 0.187590408110247 0.0285579149435822 0.0358416700585871
0.451267229379047 0.0886461725274356 0.313000698141828 0.0931544507732401 0.0539314491784496
0.196929493246822 0.275193961248612 0.306716016011931 0.00636724289163865 0.214793286600996
0.0981887049968262 0.150070553098532 0.257688405140191 0.214116594456822 0.279935742307629
0.108579358467271 0.257098525428736 0.25929237218277 0.292849979744532 0.0821797641766908
0.321859828626185 0.014195252468016 0.0725402011330305 0.307670755598277 0.283733962174491
0.154246404376877 0.165868797520125 0.345980707731271 0.170722675185073 0.163181415186654
0.00516942125632995 0.19165625651117 0.261751963100589 0.199329765314097 0.342092593817814
0.00875813677106261 0.338002917892971 0.0801997605058811 0.013434586905732 0.559604597924354
0.0236410728123314 0.165640909288815 0.206134725913236 0.278464916964248 0.326118375021369
0.274882253024706 0.119236021612676 0.161507264921299 0.17170774966381 0.272666710777509
0.0597557879551411 0.418191440074534 0.00622844780189565 0.403004954987677 0.112819369180753
0.126225996516051 0.226191335412856 0.0354966387661781 0.21783254377952 0.394253485525396
0.444985625909137 0.0550607372440639 0.00238493198362017 0.212311209116726 0.285257495746452
0.232978794907174 0.370730115374039 0.271565944808891 0.0884360517362049 0.0362890931736911
0.129960776889167 0.30223600691156 0.0291886545681496 0.0111479242924924 0.527466637338631
0.264516150979842 0.0764811542203676 0.0576107842677896 0.374191707739015 0.227200202792986
0.0576784381367617 0.0418382540440475 0.271695096002993 0.202924335447894 0.425863876368304
0.159047585156683 0.195431582178373 0.321506370207555 0.263209359063463 0.0608051033939257
0.208285231364156 0.0708185334781451 0.298897420878246 0.176209630777299 0.245789183502154
0.105331310363932 0.322318589228584 0.246053268824604 0.138115819879475 0.188181011703406
0.239049645454326 0.161877362821033 0.290418742507844 0.0940961124348469 0.21455813678195
0.0204159239062796 0.126895511508503 0.300894117580978 0.284639774660388 0.267154672343852
0.314887265707955 0.194431299776195 0.309547779373799 0.176527064476146 0.00460659066590538
0.233421609056764 0.163745028724592 0.346658404912467 0.115805960238703 0.140368997067475
0.492795454860859 0.423932664450312 0.0138594213346788 0.00946986425366652 0.0599425951004831
0.122236233780232 0.00469283856713221 0.047169864704457 0.24296051535472 0.582940547593459
0.154285688521923 0.207066477524546 0.286446213417894 0.118086009084149 0.234115611451488
0.303905330224488 0.181313956036548 0.269864364073098 0.146211680840945 0.098704668824921
0.35793874899093 0.011497229762664 0.386002028786049 0.210555343846222 0.0340066486141354
0.080170685519701 0.230829364825698 0.000612989557649337 0.322409424231883 0.365977535865069
0.352240216751454 0.154528163560146 0.207944312463143 0.0210893376475325 0.264197969577725
0.182979662236313 0.353579607820574 0.238809950510235 0.0280945966478521 0.196536182785027
0.129842769274791 0.184652562646259 0.227431566478646 0.152578916148975 0.305494185451328
0.114366327653812 0.268545256679537 0.331606324515233 0.0666644797998874 0.21881761135153
0.350862646336664 0.258384635024201 0.0121071892013699 0.325735713716309 0.0529098157214566
0.264636071399398 0.0659446491478285 0.299321008296594 0.046967547121496 0.323130724034684
0.185506588512461 0.130923349465567 0.239162609817573 0.310894229546133 0.133513222658266
0.106491676241791 0.262214183603473 0.0405009761988946 0.260394216484243 0.330398947471599
0.281464958631126 0.0893223543621621 0.338554860216578 0.248701142908163 0.0419566838819705
0.414572418228757 0.0858304320312212 0.0690717799975923 0.185979175801501 0.244546193940928
0.231782241251217 0.236602125236348 0.180698098281091 0.189969885341622 0.160947649889722
0.14968557333586 0.312732940959602 0.103141811293312 0.185837279700045 0.248602394711181
0.303008323883126 0.0392293893458252 0.0842061046929858 0.166158198104901 0.407397983973162
0.358048310232893 0.197652858886529 0.0998480982861175 0.0946720997997349 0.249778632794725
0.140004003570256 0.199715563794592 0.151724132322342 0.42386531570312 0.0846909846096907
0.0836877935894546 0.310143582648954 0.231611007273534 0.0850358295965739 0.289521786891483
0.326775137304848 0.0699849653181105 0.233174543696643 0.178940183995352 0.191125169685047
0.319240624006496 0.288567028620054 0.215375723837046 0.121312237456314 0.0555043860800901
0.311838600180254 0.0492439744188969 0.345343716532207 0.194509494374368 0.0990642144942741
0.0324645811963264 0.261787656907734 0.11310337454404 0.332593239602027 0.260051147749872
0.219695628391577 0.193981952196122 0.170274891956957 0.213510858608936 0.202536668846408
0.111479071509135 0.0618006766437948 0.364233888919052 0.0884486295443123 0.374037733383707
0.179975647756296 0.228703082037137 0.224936158485471 0.241444572432431 0.124940539288664
0.27666765952747 0.141470457188512 0.230479012888022 0.25557374960273 0.095809120793266
0.21009472416619 0.186845208061628 0.197946324776992 0.0430401053507354 0.362073637644455
0.263876347238837 0.0160198735490776 0.265324690714719 0.219319994230637 0.23545909426673
0.291735717217707 0.0403419725825342 0.180168241918087 0.25893680520086 0.228817263080812
0.319402689929945 0.27943988235825 0.314096481941019 0.0754581329092247 0.011602812861561
0.0360920395291402 0.331728496748392 0.438717339111418 0.0425329561578108 0.150929168453239
0.296614248511084 0.131473005545044 0.301433677877886 0.0308708185660086 0.239608249499977
0.0497808711243039 0.209316435918702 0.348510593066452 0.238222923648805 0.154169176241737
0.15529281549497 0.379035994123965 0.289899724029511 0.152577988022086 0.0231934783294673
0.29107350155795 0.257924428981962 0.202882676489584 0.139893955081665 0.108225437888839
0.223730990924003 0.28706070258091 0.16010073150158 0.266154628874572 0.0629529461189343
0.0125153833433652 0.191984289020234 0.280412810973709 0.234774633149695 0.280312883512996
0.221161360504387 0.344915421318392 0.107097895006997 0.10767879327448 0.219146529895744
0.215946134168971 0.127977362718375 0.244902073213748 0.141300348331537 0.269874081567369
0.23184076103854 0.0356275009243943 0.237217316879632 0.176057909209035 0.3192565119484
0.105927761935544 0.171437099382032 0.197811363508054 0.249288058443402 0.275535716730968
0.157481663056693 0.0128501984535637 0.407820163173386 0.386618616386751 0.035229358929606
0.0345614079814028 0.289775300429398 0.386067805862493 0.249947678431282 0.0396478072954243
0.217413983173736 0.130178101077153 0.306021798846686 0.261976052477012 0.084410064425413
0.213218003618782 0.164740611179331 0.0368154418411565 0.374162091972555 0.211063851388176
0.400793217870516 0.125605055899003 0.105719257856211 0.15662027529357 0.211262193080699
0.133201853650988 0.0281844837150774 0.298931561667682 0.142110703845609 0.397571397120644
0.00128581037955641 0.301496688903107 0.33022387302057 0.295021040987841 0.0719725867089259
0.338269573484861 0.0750394668072762 0.136606798124826 0.13876534726501 0.311318814318027
0.320307580428075 0.0881490064706334 0.00445257619303858 0.31647011830199 0.270620718606263
0.267519113414615 0.196465699678676 0.0481167673073806 0.0639279380566802 0.423970481542648
0.226737652236204 0.188282560734894 0.12421967233191 0.249762771409761 0.210997343287231
0.293076575135801 0.31449431286593 0.0368949746492662 0.305099132539393 0.0504350048096096
0.224973187764351 0.138315592238678 0.244064705881462 0.259281402957041 0.133365111158468
0.207925333407659 0.355378903352719 0.0343583423410182 0.0699251391323202 0.332412281766283
0.19062872734338 0.308987562191699 0.347995494864513 0.0267867466543151 0.125601468946093
0.312586415247856 0.236974325382771 0.0290440358511552 0.086871039723398 0.334524183794819
0.303121316044711 0.0247945904180361 0.19457226460118 0.196238952874938 0.281272876061134
0.253920532726447 0.211078830126684 0.201725169318793 0.126974599271213 0.206300868556863
0.315222663030643 0.242140578783162 0.200711465463215 0.0543026619676893 0.18762263075529
0.179458126008903 0.281393863301777 0.156008780622108 0.158566706528627 0.224572523538585
0.206661531543228 0.14414764426316 0.134169455078191 0.202905591025148 0.312115778090273
0.171631442227309 0.0783199469575444 0.135568708370947 0.393439697399185 0.221040205045015
0.0899568785519459 0.144885572549925 0.0286243082593913 0.412439791486976 0.324093449151762
0.0246916102865222 0.124567186255216 0.139298683255289 0.289538429723238 0.421904090479735
0.0777252010931994 0.302939449326905 0.095160112053594 0.0774222713443447 0.446752966181957
0.348538058306194 0.313945790031916 0.069076007842294 0.126298083426915 0.142142060392682
0.220658277837695 0.294222353501764 0.386364128013516 0.0541437037072833 0.0446115369397422
0.151200303532796 0.250425160417517 0.274522219468592 0.246299304709406 0.0775530118716891
0.207666313639438 0.137278229044762 0.295729037710821 0.0588557260269768 0.300470693578001
0.345322111593471 0.0602002271264284 0.0987568607004142 0.139445096621308 0.356275703958379
0.307871464409861 0.31841782035656 0.0768967067370452 0.145572093719805 0.151241914776728
0.291421691397653 0.20546904711888 0.228741664568108 0.0838066296174652 0.190560967297894
0.00703465385986194 0.0729159404718385 0.446099439103525 0.459887334335404 0.0140626322293705
0.159973333069647 0.242064691938174 0.0813852862587381 0.325398386099 0.191178302634442
0.0282590506171243 0.343981945272241 0.0554725601087821 0.0555805563521116 0.516705887649741
0.208431829866248 0.252807695424805 0.244997953227311 0.248865097854891 0.0448974236267444
0.115418706285848 0.251272748643558 0.441551984234228 0.0526376549106215 0.139118905925744
0.192271911231277 0.257203221174698 0.106142064162928 0.186186991940099 0.258195811490998
0.297463691283836 0.252487856700448 0.209176660980061 0.0375319128338596 0.203339878201794
0.324608265765568 0.155093767865472 0.149708832943316 0.337572732791018 0.0330164006346263
0.175928585573393 0.317773997787283 0.302987622997181 0.0685528945869907 0.134756899055153
0.101679382937673 0.204872769126947 0.247109239465275 0.381361433214734 0.0649771752553705
0.18518018692239 0.207770708480053 0.220306636745013 0.194182305804721 0.192560162047823
0.0639932730159697 0.264077651442452 0.258695524399303 0.209629728599651 0.203603822542624
0.171805112777263 0.278955369903399 0.171257701158217 0.152948705255543 0.225033110905578
0.404129291914598 0.0451861648038905 0.344100461779807 0.133943804125113 0.0726402773765917
0.232884742461346 0.248049757055599 0.2737372080115 0.191241918534411 0.0540863739371438
0.164018126139453 0.173049139291637 0.153535808480775 0.222757623522688 0.286639302565446
0.192296284400969 0.204226478810411 0.316787588815343 0.259393629683712 0.027296018289565
0.195844321013884 0.32042911339345 0.256429077858722 0.0771475612822762 0.150149926451667
0.0961235984971181 0.0580301410178001 0.254482337638903 0.47202816956102 0.119335753285158
0.0632477310617938 0.2792568095491 0.396198276049262 0.200141499500438 0.0611556838394061
0.214887090486682 0.293427265736396 0.298525658304423 0.123964040411137 0.0691959450613618
0.333630839613123 0.275600053381491 0.0850845531668329 0.0700655466934891 0.235619007145063
0.297833839252393 0.209555648045141 0.178140338627113 0.128766368541361 0.185703805533992
0.207663609434364 0.0969331762422058 0.236450935766332 0.270981755199469 0.18797052335763
0.170292286806168 0.357020080716181 0.138293614320869 0.0448858980196875 0.289508120137095
0.0636618055482249 0.173891000326488 0.166375155168254 0.303345989708242 0.292726049248791
0.17748865696039 0.282223936056727 0.103545638378257 0.385411638479765 0.0513301301248609
0.140850528625317 0.110450071624579 0.168680101716275 0.319493448425384 0.260525849608445
0.34919909700694 0.0756850357895768 0.0293975752763443 0.345698251630359 0.20002004029678
0.404940581459202 0.119941638269433 0.188816491607739 0.157198110043267 0.12910317862036
0.351935795045642 0.265452090202696 0.0107557087580062 0.184367080760492 0.187489325233164
0.33753709802915 0.0468732621549823 0.335980625840925 0.131672079117289 0.147936934857654
0.105884772952015 0.300267769508769 0.201750013223376 0.322177560646917 0.0699198836689236
0.03295876634196 0.189229989024005 0.143818258971878 0.337001385969746 0.296991599692411
0.229104605536315 0.13734721031831 0.302785130225273 0.134635759821435 0.196127294098667
0.12527569406766 0.39185749286939 0.128399244137296 0.229666035484755 0.124801533440899
0.140462080921304 0.118585226486988 0.423176897481319 0.0272235256715117 0.290552269438877
0.104315929307301 0.126400833578825 0.190517448372887 0.251516465057786 0.327249323683201
0.0241326948166752 0.661977234486835 0.24230905965494 0.0643383867111097 0.00724262433044073
0.226656042866381 0.315771994194752 0.0418898670659506 0.0346465133968292 0.381035582476087
0.00919080519523893 0.0646032588745225 0.325164768839793 0.150847285678608 0.450193881411837
0.275143017493922 0.372807286297891 0.275332963710914 0.0290493419244547 0.0476673905728181
0.195860168697758 0.11482730464051 0.340168315521573 0.0547297066619324 0.294414504478226
0.25878316475918 0.131362343299441 0.288024279912323 0.126111237383359 0.195718974645697
0.328070745664748 0.257210949643372 0.0656555678452752 0.165232454000616 0.183830282845989
0.247360248888725 0.17834132372703 0.177330515414137 0.295749595337637 0.10121831663247
0.0544971514584429 0.432258587127452 0.188244585832852 0.0538247342179888 0.271174941363264
0.311148082632506 0.342781701303348 0.231041630771863 0.0324309334597904 0.0825976518324922
0.370599010289383 0.0779028286773885 0.137951384726384 0.227365164818736 0.186181611488108
0.32669494560745 0.131092738897757 0.0896094329137794 0.0757978385654489 0.376805044015565
0.12764286745237 0.203898334541711 0.342695041774211 0.161010980661533 0.164752775570175
0.40026905312361 0.388957508835859 0.168409285325355 0.0387110807108331 0.00365307200434316
0.114382399796853 0.241188347015141 0.0819690999749549 0.290981552898613 0.271478600314437
0.190556072555922 0.390974808501937 0.341772977103769 0.00250506972965332 0.074191072108718
0.0923487159285693 0.124600622317768 0.274813972181042 0.163648408360731 0.344588281211889
0.281961931889343 0.300995556872549 0.0736030761227375 0.322868306639584 0.0205711284757857
0.214830191070336 0.331543511979 0.0650828270363767 0.0110949219428038 0.377448547971484
0.1509925050799 0.182247206276296 0.0686020990067402 0.299963202191412 0.298194987445652
0.276478836854001 0.286879146155683 0.00942072594834797 0.267344511102582 0.159876779939386
0.264781647615475 0.101358281555287 0.195176945810883 0.100951076331662 0.337732048686692
0.154940350535253 0.188762898099401 0.267070548165716 0.148703826422226 0.240522376777404
0.104896355743083 0.355021454949409 0.218426508512283 0.204003278632386 0.117652402162839
0.179738381735749 0.145797929201312 0.246555963463496 0.420230827591793 0.00767689800765017
0.32123007411362 0.0207431353865378 0.0459027657260671 0.336941190112031 0.275182834661744
0.10793858380451 0.198866887386579 0.305060262884551 0.309691771317542 0.0784424946068177
0.232955165740127 0.275226906390918 0.111954737796806 0.19442705679163 0.18543613328052
0.0842085102998427 0.315138347377462 0.202433682232766 0.312308697056472 0.0859107630334578
0.0498521072997533 0.142217154276262 0.0337642305536842 0.0811084287836776 0.693058079086623
0.170251077764536 0.24298258610008 0.0689721122179226 0.309387782688171 0.208406441229291
0.27818451744683 0.107435352122223 0.104674142352513 0.331077038925674 0.17862894915276
0.081334931118746 0.396470121748569 0.145815191586146 0.220658683066547 0.155721072479993
0.0348057936327093 0.327254286789906 0.224618199572784 0.360454229942559 0.0528674900620406
0.181625153889405 0.0951794706700834 0.297798733556384 0.170512105129375 0.254884536754752
0.195543923852667 0.290347764690282 0.224368779107721 0.258336242721937 0.0314032896273932
0.00996210530758918 0.0981126799371016 0.0113126078390384 0.21934113541324 0.661271471503031
0.130967396814426 0.12601725964802 0.222748891023684 0.244408830834945 0.275857621678925
0.292923252456112 0.279512674493713 0.140872903678906 0.0286142181344148 0.258076951236855
0.170812813323808 0.0980708687825821 0.308146428438998 0.177844385866134 0.245125503588477
0.020591276264118 0.181595995277825 0.212389237945025 0.280144853884132 0.3052786366289
0.384135421892871 0.0455514828483847 0.245766276736875 0.197538679372512 0.127008139149358
0.291066741908448 0.354340555530491 0.0841693167834249 0.241331738626809 0.0290916471508277
0.0940144675254191 0.16522651558756 0.174260368619825 0.228565426730024 0.337933221537172
0.301066505014551 0.0100626706687024 0.0261343010911412 0.524787751321339 0.137948771904266
0.279214667350258 0.185259722339136 0.119628988258913 0.374081850580904 0.0418147714707893
0.231063527674315 0.289991606718537 0.306532362246475 0.118964144825785 0.0534483585348884
0.24527709612946 0.104123394894793 0.296502605170413 0.227512873108694 0.12658403069664
0.148418598419266 0.229833905331292 0.307824543956703 0.183697078403525 0.130225873889214
0.179723678566435 0.166803290087613 0.277438175066865 0.154570925682899 0.221463930596188
0.38697072920392 0.0402394688316356 0.161303133854253 0.321338070430918 0.0901485976792734
0.152806782462159 0.258514156927104 0.287345307478087 0.288085939788928 0.0132478133437223
0.190322558308191 0.216933302610533 0.120364874676515 0.26919487583203 0.20318438857273
0.0403033441209583 0.0769509611407492 0.304669912655805 0.245437228875689 0.332638553206798
0.224983075615966 0.136410766645251 0.230081534564934 0.209031623439432 0.199492999734418
0.268570769545647 0.259925909123406 0.00764526462533803 0.210517544297785 0.253340512407824
0.540990973467127 0.0267833340775992 0.281641972054471 0.125989890552418 0.0245938298483841
0.108848079966747 0.336860325918732 0.214485749010204 0.209990426741036 0.12981541836328
0.307295612383616 0.06325743826035 0.0491474281753583 0.344972184832987 0.235327336347688
0.23525887728958 0.441349300086285 0.0521793344572937 0.17704476562998 0.0941677225368614
0.303270879913277 0.10002102257354 0.279051400258974 0.113352484907903 0.204304212346306
0.352173185389908 0.194568956656542 0.0458127955260096 0.0933666318792442 0.314078430548296
0.141254037455523 0.265554665887221 0.287682470384731 0.304647715544961 0.000861110727563683
0.299811283791019 0.118706632802529 0.173972190355379 0.323237289268486 0.084272603782587
0.167920518286136 0.310426452610334 0.247067873279675 0.274575830691757 9.32513209838875e-06
0.103740140254402 0.221921614556842 0.255178933486104 0.140344617812615 0.278814693890037
0.132874208427292 0.0313131453935978 0.272641529818171 0.357285366087139 0.205885750273801
0.0879843211348942 0.160499821702581 0.180281892601977 0.249476680145574 0.321757284414974
0.391906544864892 0.014733846907501 0.251112098712052 0.155775534304875 0.18647197521068
0.121948126632879 0.273064614745548 0.227864609312848 0.0990358036848223 0.278086845623903
0.417661493997756 0.155022223898204 0.306098960831888 0.049480046455876 0.0717372748162758
0.455009330812975 0.0623020815633159 0.0249592390458671 0.0885024662611368 0.369226882316705
0.360682721846584 0.115299973719244 0.195023948308419 0.123541326112422 0.205452030013331
0.0758798855449885 0.209196997083426 0.369800150538992 0.205638519593291 0.139484447239301
0.180425791829501 0.19283980990495 0.341773278454751 0.143242762247407 0.141718357563391
0.131156199961277 0.347468413779938 0.206183423550201 0.2129838798157 0.102208082892885
0.15305793415785 0.617553261014249 0.0932018737838655 0.131548844881528 0.00463808616250747
0.27460940871485 0.161321186878702 0.230241169092209 0.142875554968881 0.190952680345358
0.167543766082115 0.0987144896595473 0.277568115802804 0.174830613426447 0.281343015029086
0.275392319702279 0.158067130934118 0.148195162896033 0.133501216463914 0.284844170003656
0.0384463603321158 0.114524399867213 0.158207982776538 0.429667763222489 0.259153493801645
0.0164819718865273 0.268007993697108 0.241484572597459 0.354540430940044 0.119485030878861
0.347386678030884 0.42565120004436 0.0556735280023432 0.166931006656043 0.00435758726636911
0.0528249643768573 0.450054039254417 0.405873696766004 0.0786799117057057 0.0125673878970155
0.311386802751637 0.110859246607225 0.213383217981519 0.345094680842161 0.0192760518174584
0.0797909078183581 0.245379232709821 0.404269401721858 0.154431151063052 0.116129306686911
0.331084811701586 0.0502623864273413 0.271281400962653 0.0766577516039874 0.270713649304433
0.313558780181574 0.276577216301644 0.311889526642644 0.0935669602142073 0.00440751665993186
0.282421949232131 0.182929080590452 0.212747953303485 0.261137533784546 0.0607634830893862
0.0366521445309222 0.0698347134045795 0.0990877892915871 0.503420618240053 0.291004734532858
0.229095017548311 0.0683060649842002 0.147271433905422 0.264668580881596 0.290658902680471
0.259509994140335 0.145996258957795 0.128534619290365 0.234151559336204 0.231807568275301
0.16489868513629 0.254708528412922 0.252597324365959 0.222556901784298 0.105238560300531
0.365993236237355 0.197680900776621 0.247738173611896 0.0935711018705253 0.0950165875036031
0.105985516229292 0.561861049525761 0.106407222491484 0.13190348861202 0.0938427231414441
0.104083084356169 0.162821859366006 0.0033033521890701 0.314851568439684 0.414940135649071
0.174336638411231 0.217402934823389 0.222018163086183 0.229513280147552 0.156728983531646
0.142042509783569 0.055421372825959 0.251272554485758 0.322666667582731 0.228596895321983
0.403651239526406 0.258735372304042 0.0873330846313106 0.147226077657205 0.103054225881036
0.204578835862482 0.192753518301887 0.156046486531838 0.186778331176327 0.259842828127465
0.289290455666289 0.099102684954545 0.098392113383341 0.338466278081175 0.174748467914649
0.123513314326682 0.338919461439255 0.28736895325387 0.0900187828882959 0.160179488091898
0.142006989954635 0.0320088249869511 0.130014325495624 0.389783315420351 0.306186544142439
0.321989326550641 0.13445925511484 0.0962005082328439 0.125692129420822 0.321658780680853
0.22695145047617 0.261311394764642 0.109933051105671 0.200861136884977 0.20094296676854
0.386844872664365 0.383922383219959 0.0635271568970195 0.0486776963368321 0.117027890881825
0.0966037464314174 0.296134657880005 0.176832680473807 0.259291444098459 0.171137471116311
0.223995846315448 0.180673119504981 0.150976758654931 0.323123911642071 0.12123036388257
0.209344303551409 0.0782398524776869 0.112342114960435 0.294828032324019 0.30524569668645
0.217226265340218 0.1409803622351 0.181056815116941 0.294083730953359 0.166652826354381
0.165627021672899 0.366731645176509 0.27600686243655 0.147368747814689 0.0442657228993524
0.276458041782345 0.243970927418894 0.149636831282667 0.088850380888037 0.241083818628057
0.163747585690704 0.176545591407424 0.265314482475958 0.304427603349661 0.0899647370762527
0.24029174520242 0.087944815534049 0.246013779190904 0.171011896647511 0.254737763425117
0.0377436120584634 0.179110385068383 0.231069500335046 0.255923965115393 0.296152537422716
0.260205093252029 0.237831225874535 0.13505765629586 0.158040697721183 0.208865326856392
0.277249574854346 0.215640253178661 0.165684350733381 0.261780063038356 0.0796457581952568
0.26146109178712 0.0350366802433804 0.293748966325294 0.085941105611354 0.323812156032851
0.127755266396898 0.165283210476891 0.322807186792468 0.183517557880657 0.200636778453085
0.352283588056936 0.170023262490231 0.021312424846168 0.43127651348878 0.0251042111178846
0.268756559281504 0.262374360054818 0.0141226400031141 0.23651627742369 0.218230163236873
0.181449022633536 0.0318085825644864 0.0278424540439371 0.319088291390295 0.439811649367746
0.262561774579089 0.192797054590871 0.226666317012334 0.150178316698381 0.167796537119325
0.0214897528693407 0.404629828166978 0.33208231225042 0.0508921840129877 0.190905922700273
0.0249576792260012 0.28629397417155 0.182861129088409 0.154022381635471 0.351864835878569
0.296080890306541 0.110840325800227 0.0367661968776732 0.312785480775385 0.243527106240174
0.0397375802269131 0.415845167950704 0.342623749940344 0.137684013107323 0.0641094887747158
0.239643327728779 0.186265324312147 0.0665322431420803 0.435222456376326 0.0723366484406683
0.479908099921435 0.0437130127797726 0.061617686128639 0.157501221379273 0.25725997979088
0.174256632467723 0.200815944333922 0.0988129133233965 0.308131239592542 0.217983270282417
0.406735247738785 0.251201413415412 0.156063466448371 0.0654123346778185 0.120587537719614
0.0350052238935738 0.309746263595683 0.268847030960109 0.00856781381126406 0.37783366773937
0.230102837777085 0.012727192135206 0.164620355798127 0.316393592459324 0.276156021830257
0.160340686967454 0.239779186645776 0.138027616766382 0.316195127922636 0.145657381697753
0.0147340484471237 0.340861209781182 0.032233117839695 0.41189044417784 0.200281179754159
0.118013341007004 0.220487894761108 0.2911784936185 0.112819627406281 0.257500643207108
0.265012152159879 0.114991443647296 0.0981410279700237 0.206462274971594 0.315393101251207
0.0764525528227951 0.335666065350894 0.248716532249662 0.141616868066079 0.197547981510569
0.117369204734094 0.0396413647310365 0.205210138666339 0.358483884747409 0.279295407121122
0.152838742603588 0.296494495231977 0.00187504491143112 0.255108148295601 0.293683568957403
0.319958832588059 0.092099303517603 0.140000831192705 0.234751565246071 0.213189467455561
0.167698690380787 0.157669557818483 0.306404322008697 0.218450578103274 0.14977685168876
0.161558260905267 0.310650193296619 0.050001459596676 0.225907843691899 0.25188224250954
0.264614565898194 0.178908552612635 0.179573564456709 0.188659745830304 0.188243571202158
0.123098994960173 0.126626329969738 0.216581812035678 0.375514996651284 0.158177866383128
0.124754347145309 0.241693370584077 0.361621925430932 0.210383292573806 0.0615470642658766
0.34799343446676 0.108842741010273 0.197002235432695 0.234030332546464 0.112131256543808
0.184835028800889 0.191750457006178 0.213220110738143 0.221097814548195 0.189096588906594
0.130508745234756 0.16921939332539 0.311960491193372 0.237332072909736 0.150979297336746
0.334769939492597 0.113677303257079 0.0671879960137859 0.264416008324922 0.219948752911616
0.310989373958117 0.30279358516331 0.168949497872328 0.189727900780941 0.0275396422253039
0.172340916296532 0.073961263025109 0.237774274304872 0.340540470480109 0.175383075893378
0.222070372603983 0.117143243071432 0.247015487250198 0.377682714483644 0.0360881825907433
0.220675958796425 0.188101863713396 0.222319501207235 0.132930558906086 0.235972117376857
0.189400172894959 0.380588093621542 0.0953606612307572 0.316459226950754 0.018191845301988
0.19738522204461 0.310089265772366 0.10727073955492 0.109697991275614 0.275556781352491
0.303269998379175 0.329734046655421 0.239641242746314 0.119019521807501 0.00833519041158973
0.166900433601453 0.0737206023395414 0.096653171602626 0.417534780561513 0.245191011894866
0.454962459812233 0.265839242769599 0.00280845932380642 0.241682094647632 0.034707743446729
0.146871039612499 0.102484871633696 0.217621037707574 0.231279756582841 0.30174329446339
0.179932622973508 0.0028872761437428 0.218034771533245 0.341732957729835 0.257412371619669
0.0336345067250413 0.20410517655515 0.0603601441897194 0.353448654041411 0.348451518488678
0.0971587346134509 0.252072817814695 0.279001942134883 0.165443354887311 0.20632315054966
0.371975948265474 0.442507911364377 0.0994424117175374 0.0470414068662581 0.0390323217863537
0.0428092493662363 0.318830929321833 0.0786535102108225 0.506181070799591 0.0535252403015166
0.0234765331635022 0.300612422607591 0.101420101051665 0.256138080597814 0.318352862579428
0.100569991600413 0.0968227028192085 0.0229658315686101 0.415251251048698 0.364390222963071
0.410840806098405 0.286233288589995 0.203532840979545 0.0437488503295249 0.0556442140025308
0.0983213709701588 0.221278828313573 0.205383295015994 0.191290335857066 0.283726169843208
0.204753328767581 0.228673130879449 0.202004968790916 0.27103869796679 0.093529873595264
0.166774282381783 0.330709628450773 0.00510776408543454 0.246014876476267 0.251393448605742
0.0376045202918172 0.0255172419655901 0.378773377895806 0.346172630475449 0.211932229371338
0.276662944260126 0.12896955452231 0.21907632957061 0.152785610757425 0.22250556088953
0.0370774556956211 0.356318916054875 0.325519706934329 0.270388362156841 0.0106955591583342
0.0592830749091843 0.247364585601536 0.172176152950752 0.303420723156941 0.217755463381587
0.362086565465198 0.125871145992603 0.0304056694614511 0.156358779318698 0.32527783976205
0.129914313004315 0.325680882394142 0.030394208927967 0.224497743830513 0.289512851843064
0.25222035193333 0.262891299109796 0.00898476296776556 0.256173012687696 0.219730573301412
0.221117342381359 0.0398886239349027 0.292004442382079 0.287879530936567 0.159110060365092
0.205897823313613 0.242425836975446 0.244109496930308 0.161432715323451 0.146134127457183
0.00112173274007242 0.43055871761621 0.296224134412145 0.127758874680958 0.144336540550615
0.117432916802446 0.136315768683249 0.245410083171511 0.258814892757811 0.242026338584983
0.314348522471224 0.230533333748638 0.313492825407179 0.0381546999865553 0.103470618386404
0.382765341612832 0.369387818627285 0.026435876238968 0.207179129586605 0.0142318339343102
0.101770765343371 0.344995462684151 0.204112049520771 0.0862083828027953 0.262913339648912
0.077834366531213 0.217121623968547 0.196024455910441 0.20913693272124 0.299882620868559
0.0110109473096125 0.131417607747349 0.123737563745173 0.374472490123836 0.359361391074029
0.275831944601995 0.0320620280114597 0.199985627043189 0.28366809816131 0.208452302182047
0.0333570160075789 0.119793227449057 0.389566950525288 0.0784100233504256 0.378872782667651
0.339442819733536 0.0664085618026455 0.354916004575999 0.118828595458269 0.120404018429551
0.138919960785501 0.131762413033495 0.351442498557986 0.265208983326602 0.112666144296416
0.335188148900422 0.0812394048763533 0.128383139473228 0.38126594214631 0.073923364603687
0.234608727412867 0.150370167057161 0.211357453303601 0.111486032477378 0.292177619748992
0.32029834138203 0.288632084084603 0.155223551249802 0.153981011506383 0.0818650117771815
0.232876650536527 0.15223027165285 0.08435246286922 0.31030839333711 0.220232221604293
0.0748807401721952 0.16381251900837 0.304259704654309 0.266105693312844 0.190941342852281
0.109688185020736 0.244175461254402 0.0184375695653728 0.213937555705224 0.413761228454266
0.0605689010787932 0.2439416626996 0.261385213369133 0.10046839762901 0.333635825223464
0.090301403324758 0.178626448542599 0.0215104382921822 0.305585206181707 0.403976503658754
0.425359905601026 0.0565661089385133 0.343298015341169 0.124834502102446 0.0499414680168464
0.154580758744238 0.107356843299236 0.259918375999216 0.255382071650626 0.222761950306683
0.0842774446682848 0.217840193847347 0.00980164514415659 0.332792429211112 0.355288287129099
0.12492841179766 0.353127764582945 0.353520448808774 0.087832771630717 0.0805906031799054
0.338217187798353 0.321002070147532 0.138580475591654 0.166618654607903 0.0355816118545578
0.0533872970506997 0.251457619498759 0.217787170609239 0.245070725105124 0.232297187736179
0.0989308582393386 0.045429019688005 0.376566743304311 0.396129393866282 0.0829439849020632
0.157968482153298 0.352860798351701 0.255585531762152 0.0700578719158635 0.163527315816985
0.160824838864327 0.173922558650877 0.0838756381204635 0.309971399321815 0.271405565042518
0.160807960374192 0.284166196190131 0.0674191651327148 0.0296063407428723 0.45800033756009
0.369319732499957 0.275921764027982 0.0244515012577967 0.249202433497437 0.0811045687168268
0.299082567025145 0.251662287104227 0.11458256114775 0.194441404527606 0.140231180195272
0.291094423706688 0.00698178693035773 0.24546109194236 0.156126117754144 0.30033657966645
0.0533257826430773 0.356984065181638 0.124830068176902 0.170184461384112 0.29467562261427
0.0471991770777948 0.403500234791194 0.360945037226701 0.0486576773756629 0.139697873528648
0.134969947772028 0.335792937163279 0.137092663149687 0.205645518053779 0.186498933861226
0.299636515534406 0.0770216654634384 0.253000626923562 0.0645831596186366 0.305758032459958
0.274435522534856 0.11462703183344 0.123128642821047 0.165725206805516 0.322083596005141
0.245229942834984 0.197759985629983 0.246978725650018 0.0994487870231675 0.210582558861848
0.252079737817842 0.252916240045943 0.316457956409281 0.119149415176384 0.0593966505505495
0.118810890610512 0.205523368551702 0.41632759878506 0.036950480762881 0.222387661289844
0.245464272115771 0.125315034209666 0.108412711468367 0.349778990274843 0.171028991931353
0.244184358900043 0.234841285885629 0.224893633736465 0.136456065045561 0.159624656432302
0.156561604607999 0.191003378827924 0.226995788098653 0.136743352979563 0.28869587548586
0.226258389096135 0.0600442043194905 0.235023228277306 0.469562546638277 0.00911163166879118
0.371875246360383 0.107899297789271 0.302950356676791 0.00176194928753422 0.215513149886021
0.21031194322602 0.25639974389365 0.306873061057552 0.0281900499777724 0.198225201845005
0.0308961812803214 0.333944072055337 0.263546610579085 0.179213945809975 0.192399190275282
0.380447866417159 0.402808782920356 0.0640285314189034 0.0373941971460792 0.115320622097502
