0.0965979011575833 0.0740890856993594 0.231469195148553 0.0285169796281955 0.175092829280346 0.0176606665974422 0.0388708526419394 0.337702489846581
0.0336001835194134 0.198414150128104 0.112615975521049 0.179645511587194 0.105695571052408 0.00106285282999843 0.263305181395334 0.1056605739665
0.0805896358266288 0.182636809720437 0.116577387714749 0.164935253669187 0.082362465267179 0.0951115105844728 0.194585596149852 0.0832013410674944
0.0451869606103552 0.0820538034949714 0.15890388887655 0.0691969687914799 0.105600383307207 0.122560970713261 0.187716437123741 0.228780587082434
0.223367594923939 0.178772603660505 0.174251437171959 0.145299469035755 0.095602758975103 0.0236957519630511 0.122286821608944 0.0367235626607444
0.227400259278165 0.144546554848061 0.20060975088366 0.113893763628093 0.00481167229449982 0.0845091768277183 0.0688073959809846 0.155421426258819
0.28583008490443 0.0496526786910064 0.148776513195688 0.0763254797806447 0.030639995070136 0.270197831678647 0.010638485005599 0.127938931673849
0.16050592747745 0.149955635298384 0.0760891994545395 0.075006339307101 0.0605144570847999 0.20497744974312 0.178474657727433 0.0944763339071726
0.0477466323879348 0.190948443903175 0.12903227663788 0.196468012768689 0.133345076011437 0.107596145937953 0.0141989668553728 0.180664445497558
0.102787509347736 0.100735607798226 0.0978021926448939 0.140819517360177 0.117727217761532 0.1399656834312 0.140485418581313 0.159676853074921
0.0954742890310252 0.0189111693664675 0.0631807766887239 0.152114963651039 0.148888286289912 0.243501047983554 0.073368667447397 0.204560799541881
0.192953432037693 0.07613887261274 0.130625624525427 0.151793879287142 0.000975501384963625 0.170438854733003 0.0370278066132014 0.24004602880583
0.122235353470641 0.0510530214740679 0.137756147813969 0.283881265663021 0.278442353805767 0.0346271548901504 0.0100399131719407 0.0819647897104425
0.173076247645115 0.0905428208617629 0.222101171489457 0.0646462550417779 0.0410014831778753 0.224142580444696 0.122990143161602 0.0614992981777139
0.251852473198255 0.086542503992566 0.228303210933049 0.0477815580591789 0.0714999486285734 0.0782825514357413 0.170479540563652 0.0652582131889843
0.170149195208048 0.226401782557876 0.144050353588466 0.0102144231824801 0.129729016118741 0.0329124513374166 0.161112980828532 0.125429797178439
0.226580550508897 0.0911968222058173 0.169269031421613 0.215552082798702 0.000464726194792629 0.165262690497049 0.0492376627375703 0.0824364336355593
0.253929394068382 0.0453463092374266 0.0842696210079434 0.0991341331164031 0.246317107984449 0.0780188362585868 0.112531607605663 0.0804529907211461
0.161540266020887 0.195403252211164 0.0991843059228682 0.16255673172568 0.129531394456683 0.0825113221946757 0.0568462296477059 0.112426497820337
0.106792313340331 0.00524807949366679 0.0662925043959024 0.204584614695522 0.0285124937951955 0.0358356205064735 0.178494600803851 0.374239772969059
0.13127579163341 0.212400233107827 0.0527298480581233 0.138601671462977 0.0902260393743114 0.070664186324401 0.180933796579631 0.123168433459319
0.0572837776595271 0.294082804711153 0.0846349748503394 0.260270365651341 0.0312880969136199 0.00862148810462398 0.136022744457195 0.127795747652201
0.213706009828339 0.111066561381831 0.0290628262329513 0.0814353569308811 0.212327868560909 0.0282023122337005 0.205106952523883 0.119092112307505
0.0933841147385924 0.227889309631612 0.0986641959108094 0.0054621470776501 0.128752555835964 0.208635305293576 0.0522361046014971 0.184976266910298
0.170779398051232 0.083825548013525 0.0933669619731628 0.0792708476310759 0.170205702758989 0.150974246401467 0.182738707602293 0.0688385875682557
0.141027651596583 0.169940542201334 0.184735575986873 0.179408983216692 0.00672358527086742 0.203012742719512 0.0239855952343282 0.0911653237738104
0.0693686713963999 0.11686387613196 0.0511534292571467 0.186396885849954 0.139394691153547 0.150607859590804 0.139738322897407 0.14647626372278
0.06838850918544 0.0444251330248356 0.182410725155116 0.25596763722135 0.0687688936100538 0.0098701440059027 0.274694047415933 0.0954749103813684
0.0243640073785774 0.222610449806543 0.215002267100733 0.0151815335194505 0.20466765693266 0.073214893443578 0.0292286566874838 0.215730535130974
0.154836585055513 0.190683899128889 0.152706534404331 0.163324017260103 0.111985165078554 0.192137540905401 0.0112171388567106 0.0231091193104981
0.0231022819981329 0.0983411343569906 0.215487553017398 0.0946356808987223 0.194282905357263 0.146929722318208 0.109793546569846 0.11742717548344
0.00981746271989247 0.21102357161795 0.0554557094274204 0.250209385873361 0.227345587442961 0.0727581347729344 0.00349844858224257 0.169891699563237
0.206989102985463 0.00504666235399611 0.11195739190279 0.224228546161528 0.101896029138486 0.111735023935736 0.179717613033633 0.0584296304883689
0.0219865286623703 0.117887167264142 0.0708808850496171 0.0675109926802347 0.101754061741578 0.201438587426656 0.166433128326496 0.252108648848906
0.0940204840562013 0.16095726348384 0.112703635721427 0.0543055149907568 0.127087828773374 0.190056148587275 0.185401436161195 0.075467688225931
0.0763658829010949 0.0398380317576935 0.070815878702715 0.205201938513689 0.235484012508307 0.206187925622832 0.0731821661420878 0.0929241638515808
0.14126871191457 0.0576378559878282 0.00676895331995287 0.288824013467674 0.0655067976568895 0.106466724687356 0.114440887851066 0.219086055114663
0.12631521910051 0.142463985994935 0.0346488406720069 0.24803631637208 0.0450068675815735 0.0318158280920723 0.145288955727507 0.226423986459317
0.159258824050441 0.0306709939605232 0.227770376192547 0.0899557565108371 0.0989729348504686 0.12575685994003 0.243204263575616 0.0244099909195378
0.0942109087292018 0.0998337725548921 0.117752118300026 0.08223407228377 0.282405426804294 0.0657496144547304 0.0272240046161025 0.230590082256984
0.153034541255101 0.189508056994327 0.155116357779196 0.187931657673844 0.00293198856326861 0.214485228309747 0.05501320185457 0.0419789675699478
0.131706699046012 0.161799228066045 0.105108515339929 0.22153437391388 0.183595135679281 0.0768804902541035 0.0711165617102061 0.0482589959905428
0.144963299648101 0.218122495202931 0.0622702528842363 0.162071979549305 0.0353121673207514 0.115418227553091 0.176359905545845 0.0854816722957383
0.242402643190985 0.0530952896243933 0.29483007235074 0.216966712562131 0.0118714277180863 0.00642558503821102 0.147709742690415 0.0266985268250382
0.234383211109155 0.150437994107239 0.242451009115658 0.243434070021853 0.0356889207089467 0.014128317195173 0.00625900429983347 0.0732174734421415
0.154338316692929 0.212138535495959 0.120855608166439 0.0151126284310906 0.21834554331601 0.0469822911721814 0.17091710198855 0.061309974736842
0.175816738018656 0.219376750485629 0.0876772789739905 0.0431324403036378 0.136400180989475 0.0961769443055805 0.201770718730346 0.0396489481926848
0.189379010647349 0.137649929040739 0.202424617970176 0.0125525296568745 0.184550734981364 0.122031412525801 0.110905846449622 0.040505918728075
0.168183161390995 0.143571542809588 0.116710466256168 0.0419699315063395 0.0682527305447713 0.194517264121525 0.209795850955129 0.0569990524154853
0.125302272227696 0.264563990059903 0.248287357840375 0.0384655159399612 0.0956247579409091 0.0622380145845968 0.081636910453285 0.0838811809532738
0.171370673601961 0.0200849934462191 0.0365119117371875 0.238470600334958 0.162621725918751 0.190155018877263 0.0167600457200851 0.164025030363576
0.0348287463107334 0.118790278486457 0.227792685462443 0.214077104425051 0.0906932738299664 0.0106995751312691 0.0764024707342196 0.22671586561986
0.216544504007414 0.0483166141134905 0.0681995395507152 0.17113635165729 0.134656966138249 0.0341514130460154 0.123642931987246 0.20335167949958
0.00128969937969015 0.0419707935910642 0.117224813420941 0.0963643116269031 0.138419993056926 0.208254270779555 0.15372440092233 0.242751717222591
0.191556519974064 0.132261129821629 0.208417597224849 0.106097130722419 0.167401829232842 0.0750521717979518 0.0753285579944814 0.0438850632317637
0.085705013561626 0.0979002429697364 0.0708354376864288 0.163751728109731 0.170552452693248 0.161697606274642 0.0224337909777469 0.22712372772684
0.0954490320035342 0.0750134103169844 0.0650239555333146 0.141701818206487 0.0305109877211582 0.140924261118603 0.223822886380329 0.22755364871959
0.184361728932637 0.025762906053883 0.0102874587103871 0.162231559377829 0.181358461374362 0.10357035330149 0.176868256019939 0.155559276229472
0.117025430913995 0.0725190309875103 0.141190753429822 0.0735682749690575 0.241235528167708 0.276414782674364 0.00346134482168729 0.0745848540358552
0.205673691941502 0.147874808745569 0.203294014436937 0.163366545067358 0.0304606513720885 0.0321233761536633 0.0874638900575874 0.129743022225296
0.14438063940381 0.0852841949375242 0.0614566371691208 0.134386053545815 0.168939371810375 0.14149144193926 0.117034196464904 0.147027464729192
0.0424625530298207 0.045032570083476 0.183904646067464 0.0156854726770168 0.0192125321274479 0.255055487552385 0.159031248126039 0.279615490336352
0.0394117574976081 0.182713420716577 0.0262308027093179 0.199254757826271 0.112637408647432 0.188815326047501 0.0516277639901547 0.199308762565139
0.109101866750833 0.258893283595334 0.0624616905675686 0.247015038241375 0.0113851994104952 0.262829287960002 0.0210101300985754 0.0273035033758177
0.0979079142535628 0.154502017476026 0.061256664851883 0.167656822590349 0.190565986837456 0.0928861260430755 0.162849012537801 0.0723754554098469
0.0260913959532721 0.00885722159634851 0.192689564070684 0.201048462154774 0.0466356068496903 0.245333892810159 0.146139889177901 0.133203967387171
0.108284167415868 0.223134079716033 0.227437358038543 0.00436844425923664 0.0505347049947921 0.214860382294749 0.111085127806329 0.0602957354744478
0.174758324868277 0.128902840604617 0.218042354296461 0.0596476143066992 0.150792795927942 0.0580281869561132 0.00907694963723417 0.200750933402656
0.0607493074327647 0.0975131489167899 0.0255175550624616 0.283971971092079 0.281181828921959 0.00817145339749979 0.163274574001398 0.0796201611750472
0.191476912941509 0.121167261953247 0.167767710157619 0.0637815361703613 0.0590434011659705 0.119062314040778 0.196329174706723 0.0813716888637921
0.154209541275669 0.156271020753064 0.0554635271918726 0.17045423634301 0.204046587254034 0.148034383435938 0.0781510995654288 0.0333696041809832
0.0827566064963994 0.100320703162802 0.171803125455916 0.10409907199901 0.11411741737511 0.127979196298274 0.0766016741195509 0.222322205092938
0.206600934905118 0.142142604644035 0.158837699466619 0.175399539206217 0.185969484379994 0.0276563196402494 0.0207345011914792 0.0826589165662876
0.00800715407625571 0.18894514022932 0.10109247167438 0.220877061724582 0.0136476838957454 0.142092496225859 0.0794978186168972 0.245840173556961
0.0880682283941028 0.120588009410657 0.222432187954345 0.223781364249995 0.130900116821168 0.0959744791761353 0.0212749598598558 0.0969806541337411
0.19013822577079 0.1608681703151 0.06242675297036 0.193499015812223 0.0987929887357335 0.084198627839201 0.0551722431892223 0.15490397536737
0.0104629179091697 0.0336689125070593 0.204069578849489 0.0982069602912532 0.166964777394497 0.25569349075236 0.148404363660546 0.0825289986356256
0.220509981417447 0.0716733497578765 0.0775970495781783 0.153037093393316 0.171720774646868 0.0692134727145529 0.0550282445966483 0.181220033895113
0.129860531565174 0.193137067371795 0.299157459559257 0.104015479166167 0.0026970340021651 0.0135289177406442 0.226969329932822 0.0306341806619766
0.152587842255366 0.169349122222012 0.171571463643548 0.151523376148364 0.142437686055404 0.0977518552623338 0.0807926207567838 0.0339860336561873
0.156789287656581 0.205351901365478 0.11152019369262 0.176913608769745 0.0881954320061065 0.0494535571959864 0.160882790195348 0.0508932291181345
0.212650437697167 0.167580515918273 0.0617323341654819 0.0637225535449477 0.178404800138857 0.0587017723329071 0.0421628318840046 0.215044754318363
0.113393866112352 0.151978674917358 0.211037342442645 0.0470288665598563 0.0345341354281232 0.201239911042921 0.0663575806370389 0.174429622859705
0.182317359134714 0.130677485649387 0.164663719978796 0.114208791306798 0.111192307630087 0.0416572267659484 0.0647074205676249 0.190575688966645
0.21762316840642 0.109688238564834 0.188773142900231 0.064885703879039 0.107903510740138 0.0479839303792488 0.154230301877885 0.108912003252203
0.149918385591884 0.150641722972304 0.0621990005938198 0.152244712468881 0.151410291827963 0.220944013928828 5.84528016888301e-05 0.112583419814631
0.356012393252817 0.0201445745151677 0.0546896398870205 0.0435724711117482 0.162234578673329 0.143520379857435 0.151570779856148 0.0682551828463343
0.0950626659968193 0.154302770812472 0.0463204531243709 0.101249456814178 0.238180477834019 0.0770526395488575 0.173042251520896 0.114789284348388
0.170386703096916 0.139420897057044 0.0480948206052439 0.140781313549748 0.255340957270521 0.0591044801617262 0.04451910400231 0.14235172425649
0.252444002536158 0.0431135266888277 0.182222263867561 0.246249155810181 0.0133868360917614 0.0778306004562963 0.01807214913611 0.166681465413104
0.0971715107190505 0.0691938282976733 0.0892431183962836 0.153626869213187 0.175245597531364 0.161979183611376 0.161914500991488 0.0916253912395769
0.040405645840841 0.119401959901136 0.0408120283726979 0.224062460826014 0.1943681305629 0.0323667951745991 0.225922943445612 0.1226600358762
0.0492290218304203 0.057628208004923 0.0832564210904209 0.105714252541738 0.0744626720723722 0.249922119148785 0.328828680007117 0.0509586253042237
0.152584325948362 0.040141503718286 0.171246160023613 0.0463365792301956 0.123826062942813 0.343188398947668 0.119396884457449 0.00328008473161354
0.0627112712896715 0.18526216973487 0.00433238941356718 0.186475676646128 0.121282876653526 0.103723565722427 0.239587622700729 0.0966244278390817
0.000637582677475585 0.0506174719879408 0.119337685705774 0.1184563563633 0.135051860153273 0.147195255394042 0.205273511940981 0.223430275777214
0.262115745924116 0.124125270183508 0.108693099397445 0.0246665337509397 0.0214050360265193 0.202336094706196 0.0967827874295325 0.159875432581745
0.0367165251615393 0.210395783208826 0.119664848089458 0.105733840903067 0.0140375237992828 0.223032273560165 0.140956078000245 0.149463127277417
0.0207695807824455 0.0321980520382572 0.0620009744164639 0.237099291804727 0.160501878752114 0.171927447949533 0.0833306166207031 0.232172157635756
0.16585730227568 0.00461116093964303 0.148736568058683 0.0824324720824231 0.179354731619424 0.242720031147842 0.119176005054678 0.0571117288216276
0.17043345785589 0.195400223735883 0.242047274635612 0.081204918916439 0.0278234296301278 0.137093461218384 0.0284283422021381 0.117568891805526
0.197331128109777 0.0203091588025582 0.146685771032131 0.207990427979586 0.190104092291541 0.043721458244131 0.0928301605940112 0.101027802946265
0.133161646479108 0.0198329906769777 0.159813719561895 0.00854358759996671 0.128247196719664 0.0229597727502076 0.269485618702552 0.25795546750963
0.00328706643103031 0.190757988961234 0.141902214389624 0.14893837060371 0.0792088987274682 0.244291952095735 0.0510514491822231 0.140562059608975
0.0442858878543263 0.0325552681073055 0.0708233849848337 0.0869384984052211 0.193382774369291 0.323911982862876 0.0421309590648072 0.20597124435134
0.0687805056467981 0.106701948416016 0.118913118977511 0.179525839879584 0.0754786340994253 0.0376949290090538 0.00974650759979636 0.403158516371815
0.0364832927844261 0.0704886770781762 0.221544813812063 0.0171964476649434 0.169818084961394 0.181977323280012 0.160043332764213 0.142448027654774
0.19509901497909 0.239577289066744 0.0806825507548712 0.193527530399908 0.0621823689978489 0.0954672460999217 0.00962261968623439 0.123841380015381
0.0859825220865339 0.221123289281629 0.174088524799126 0.123818769735197 0.119164331190348 1.63028338184212e-05 0.154387109167009 0.121419150906339
0.0485791162436449 0.199229248537003 0.0842111525210299 0.105172572560083 0.121550093125773 0.0428721064094451 0.196721618169202 0.201664092433819
0.209206750494315 0.191856886455305 0.110681478599007 0.045719637415631 0.0350733748381777 0.186827489629781 0.0360290164300965 0.184605366137687
0.182535954969865 0.161037199543395 0.197663289930776 0.0323363228059675 0.0916487552446332 0.0704315846857511 0.149274440610815 0.115072452208798
0.142212606609182 0.148833213751893 0.175117482882666 0.1202486902685 0.163656413655608 0.0542112122684086 0.0308812240373856 0.164839156526357
0.0894276490031218 0.166660239097015 0.0764131248497852 0.0894342284479842 0.168818961236912 0.176654362752357 0.155965052656373 0.076626381956451
0.083803573282816 0.231852297492113 0.210181703958692 0.00156028105298584 0.151946237559068 0.0793202450982723 0.129504632807965 0.111831028748087
0.106257369371567 0.236815836996347 0.05958261499715 0.0243561342658537 0.105268868258019 0.150859763294241 0.170406911735285 0.146452501081537
0.142924749358068 0.12489716289739 0.0465005117857505 0.190283716576653 0.0766732355672914 0.0119217456961461 0.18622718980494 0.220571688313762
0.167720315745992 0.203582155266448 0.145917556486091 0.0524808600328762 0.198535571148448 0.0601619545186897 0.102530597697619 0.0690709891038362
0.143314913798341 0.213914918002071 0.0362740307780504 0.195210256539943 0.0546836675878209 0.0420950635859646 0.181616641516344 0.132890508191465
0.0822173196037929 0.190820399157087 0.0140601476180499 0.2240567124475 0.000271827791659504 0.129669296623197 0.149019166311018 0.209885130447695
0.162210129438916 0.103348239081095 0.19804035099044 0.0824899812853745 0.195350281996542 0.0355687271071097 0.16680988378758 0.0561824063129423
0.133312414084899 0.172642113691329 0.19042678700048 0.0645400261030444 0.00983912986013241 0.228416352869065 0.174426002093353 0.0263971742976972
0.129926684777426 0.17034770827708 0.0305204153287923 0.178070679367689 0.246174606143603 0.00785178692665085 0.234090906104613 0.00301721307414587
0.191188922857276 0.143183705268476 0.0438100251805891 0.000334094026046977 0.130053871452756 0.140311612993212 0.255704032729013 0.0954137354926305
0.0998012230106326 0.162895952429206 0.0944686685228478 0.140144440393254 0.138723737217707 0.107545375430999 0.157221388000608 0.0991992149947457
0.167068203616948 0.15345033817627 0.17672164207911 0.0312787063686378 0.00379965729271174 0.200379072489445 0.136330811547281 0.130971568429597
0.178154208652736 0.24296472507912 0.100805080781437 0.0920747956606778 0.0064389934084376 0.200753680078243 0.0180208076986828 0.160787708640666
0.165861558114812 0.207767081871178 0.0464545914546526 0.0828669872950973 0.0862747140220522 0.0567151175258824 0.148891224436072 0.205168725280254
0.0368340431421338 0.0582613851775123 0.0217578445001524 0.210833162306845 0.314224972277537 0.080634222204568 0.0343644848250424 0.24308988556621
0.0690730690742779 0.00732148129428435 0.219680351176857 0.224735237054919 0.180729511876587 0.0765793962031874 0.16659251141005 0.055288441909837
0.0456407475801565 0.183911657080778 0.103874892539493 0.108538316132913 0.142264188121576 0.104103116096055 0.16053743362887 0.151129648820158
0.194302073859537 0.0543272843091187 0.201386470901805 0.0711754979548404 0.174144336797548 0.140793049190167 0.15924733512248 0.00462395186450562
0.0412197511097708 0.149908059412099 0.167957890715324 0.125327158213569 0.100992199384518 0.103784780485578 0.107909737554066 0.202900423125076
0.038131770142301 0.170114207502856 0.239485671609479 0.0389415538391505 0.000983333171500275 0.281285606942975 0.0356519445765465 0.195405912215192
0.153482677617434 0.212138784050535 0.10469605591379 0.211242713337983 0.1215878742653 0.105512100102156 0.0686142860143658 0.0227255086984369
0.0100988263543185 0.180026353825666 0.0469249952681818 0.242497231858969 0.0189450046937581 0.00616227228528676 0.186151242644347 0.309194073069473
0.210461042612651 0.143103399269126 0.059696067328316 0.152527638135963 0.0722505728430207 0.0657576871557225 0.195061473011129 0.101142119644071
0.222651081819534 0.108780916807259 0.109306773270125 0.0754937029133186 0.0655618891246343 0.0465037281760583 0.240382017466051 0.131319890423019
0.0415742586678292 0.196625269123331 0.0114079149568053 0.2074846134041 0.158578920305854 0.0645906987698498 0.119910657942929 0.199827666829302
0.268048818843844 0.0187484110992039 0.0368552866718141 0.0867749743531829 0.159588144879686 0.120613151125762 0.15169353769191 0.157677675334597
0.173257835313424 0.0836236651953208 0.112183523445067 0.0182988879993923 0.127788509538441 0.187532340857298 0.137807242509977 0.15950799514108
0.158856451050204 0.154879429693542 0.181678797952345 0.0862582768098501 0.00376691276980329 0.145409157902085 0.166029172648277 0.103121801173894
0.175803142990665 0.189749136364553 0.0798077750257839 0.0263154703514488 0.0839254403247076 0.141930997091513 0.173780898856568 0.128687138994761
0.0254700197242398 0.197834087194096 0.0683196101145773 0.0377083032942872 0.218551672455444 0.153101466854129 0.182779289585849 0.116235550777377
0.00960905675648793 0.134208397805254 0.241122080929956 0.14153957197221 0.233102927620865 0.0566551028845558 0.0381716497006698 0.145591212330001
0.0909669837555478 0.0436444235785939 0.275885682325414 0.230297672018629 0.170467361663037 0.0778985630127668 0.0238853158202854 0.0869539978257264
0.10386118131543 0.0944092313993891 0.0413280209281134 0.14759793728387 0.176234864681746 0.282665767172011 0.0887048337571441 0.0651981634622953
0.146347898885009 0.15032523070412 0.039589682428079 0.0143607096005345 0.0223563124707719 0.178594570896617 0.227033059767572 0.221392535247297
0.171866288875892 0.189022468206765 0.0659094586333195 0.0721615528699869 0.218560984912181 0.0577188495722872 0.180579183117019 0.0441812138125498
0.198092402502554 0.153768370064596 0.163746852472713 0.0662530258369591 0.117233410740755 0.0942976213176608 0.067094934497048 0.139513382567713
0.048629437321911 0.141237943374852 0.115418573344453 0.0967481228087586 0.221056531777774 0.0761994090389917 0.211384476792554 0.0893255055407056
0.112383519290349 0.0215365476335612 0.132954849378522 0.170215800451553 0.144263982021836 0.0938867455131286 0.161680714096457 0.163077841614594
0.225363035902964 0.0262062588968317 0.0315271694969637 0.148101949822074 0.0957426598032539 0.105533136970359 0.184947883653847 0.182577905453706
0.193858831417653 0.0906539228182882 0.018766603594932 0.253895089385314 0.0352723090751502 0.0531410665117437 0.186448480394928 0.167963696801992
0.14801994642247 0.223665836900107 0.183030308400724 0.0157405354404724 0.134050786288475 0.0762751291426894 0.201274841423003 0.0179426159820593
0.132006409213204 0.200229696828523 0.217861937488232 0.0302044690965249 0.095809357212447 0.168921951338052 0.143311585966898 0.0116545928561196
0.0692471057943833 0.258877052280973 0.0357278136690706 0.0471031553919526 0.272192365453474 0.17574426765068 0.0491731624302181 0.0919350773292485
0.195755395114605 0.0956388544050259 0.0252039662505475 0.141177590694728 0.109686528722691 0.135545529048132 0.105667546252311 0.191324589511959
0.0685526472424791 0.10795324035556 0.169626963585734 0.101543580583729 0.0386232193318043 0.147265325230856 0.171168376292533 0.195266647377305
0.0276106577039118 0.255624561388196 0.170075325361352 0.0911674374930273 0.0698584676299164 0.0720016943913581 0.148000981710025 0.165660874322213
0.208284973127321 0.0712502477901622 0.168396938248434 0.192015104020928 0.104717248270576 0.067845993463119 0.0636686483949138 0.123820846684546
0.193384627659875 0.100737536139151 0.0164938944859776 0.167432211440805 0.145956616703622 0.0921620823711152 0.156190637091467 0.127642394107986
0.11910220051574 0.148924502135259 0.0336449667208156 0.238691482119177 0.0423587413688353 0.226527970693822 0.106214645211436 0.0845354912349148
0.105296854597449 0.253409881597226 0.061078861308194 0.160155904468416 0.0347606979996449 0.11647528330165 0.0113538755224876 0.257468641204933
0.0615868237684642 0.177418434837181 0.141825419160752 0.168979794989752 0.121655324863438 0.0160878722221321 0.11190964831762 0.200536681840661
0.146794431698644 0.154241360490985 0.154768966826902 0.0652327173384312 0.104891262200146 0.19212604481903 0.0740330837588549 0.107912132867008
0.173103681298932 0.0258200087665802 0.0143936339597321 0.158225185347942 0.225808319045141 0.0290699943804848 0.239954099899756 0.133625077301432
0.152634991938725 0.143832974798671 0.152225913805243 0.166132766772068 0.0519895375804676 0.104287789630028 0.107975174807107 0.12092085066769
0.144226159911561 0.0882657767808936 0.0325220689817649 0.115052462737217 0.238220024263357 0.224163018152664 0.0512926881221653 0.106257801050377
0.180872559778108 0.115048255492827 0.246085491763242 0.0480678683685678 0.0647059810807406 0.0150147092712677 0.10479070165022 0.225414432595027
0.155112605379845 0.166576935816265 0.0732687160631744 0.0401405936997882 0.0904877032087386 0.175244441141527 0.135013593229663 0.164155411460998
0.27117913907595 0.0343893906872251 0.00985484736835149 0.111134144117889 0.138640172744382 0.0733181586015827 0.190650464424778 0.170833682979841
0.120458880312888 0.163303408968847 0.109106308780963 0.106196877017067 0.157602324899198 0.0366376351038616 0.14120066385991 0.165493901057267
0.0952655769637119 0.148367018252529 0.109238452105372 0.258650311231582 0.0228591885880492 0.00614672046902513 0.211277865483429 0.148194866906301
0.110660836909104 0.00107435693903488 0.141200538366327 0.208686188078476 0.139316540585574 0.217474199334232 0.048322466460004 0.133264873327249
0.124583127013637 0.195904148736726 0.169187194137083 0.113224928725007 0.136896514991937 0.193539570617973 0.0406163982738759 0.0260481175037621
0.0179907960311233 0.146160560647407 0.160840953027315 0.0670389204692789 0.240807700031033 0.0477237070849678 0.133851872053548 0.185585490655327
0.0700930608148298 0.170664342299737 0.211214513132582 0.151816126291461 0.146407000509809 0.0714411406452246 0.0632614855958381 0.115102330710519
0.130145153120635 0.106903546230418 0.171955018683827 0.125576197108934 0.10781147592799 0.110817976923494 0.153114330912246 0.0936763010924561
0.156835877404109 0.0470430220387818 0.190488425055111 0.0399272254162217 0.102798939560594 0.185773007977509 0.149466473142073 0.127667029405601
0.214721340434426 0.00111701996093879 0.188523359872239 0.082662719451136 0.0175992480461363 0.147230309767007 0.0969705238115876 0.25117547865653
0.0366266444751021 0.0774989375647821 0.0203047868215972 0.0754193228191861 0.2505426723286 0.126505457027166 0.276005538782232 0.137096640181334
0.176454945764641 0.05955413473972 0.14051889492147 0.198991364144707 0.147669711707562 0.181952602221885 0.00575068094331892 0.0891076655566954
0.228873736098501 0.191573913064038 0.151231055328597 0.198270174159727 0.0211227166832478 0.0728518414961775 0.125155403156827 0.0109211600128845
0.0502732126307076 0.231892160908839 0.261854873356633 0.0783071421363231 0.20364430053135 0.031827612370219 0.0207363175829398 0.121464380482989
0.0393807880090339 0.207832083267996 0.0322872496834135 0.244825926322563 0.144723564240397 0.0207034057106322 0.238491594888076 0.0717553878778886
0.0933953488143039 0.0759808921435485 0.157043786074825 0.173062681694334 0.0304258598677288 0.106045333467891 0.212491087827109 0.15155501011026
0.180604366667446 0.189498545094571 0.148390695114397 0.128433364715046 0.0897642363118301 0.014851411236968 0.194849083556925 0.0536082973028172
0.109285643335638 0.0677018880230282 0.0500555557510131 0.0341297047855885 0.217942285771051 0.130848635712444 0.182295022786021 0.207741263835218
0.205280125417475 0.0714516276566748 0.0294634705204848 0.274458115272198 0.0303174936255346 0.138998128329446 0.0813868343944607 0.168644204783726
0.239335206678551 0.141085385700258 0.0719908389686411 0.0594764358701428 0.113032598653598 0.113161183257719 0.164321435953184 0.0975969149179053
0.0889512393508911 0.157868560377005 0.0560700091072306 0.26870226595649 0.0566159967084673 0.255084730300396 0.00582355023253848 0.110883647966981
0.20440116054116 0.119433567400981 0.03908989384804 0.206856483420589 0.0733620274449684 0.184264693253052 0.141609976945381 0.0309821971458272
0.147666955878687 0.180503941754223 0.0473161065148133 0.199258849341936 0.212471298314293 0.00935995388360794 0.0850235259829143 0.118399368329525
0.158524644297234 0.113275937326919 0.154886202898644 0.156522584359656 0.0450775615730733 0.0653714632760586 0.152526108501091 0.153815497767325
0.0357020023909911 0.213496705178381 0.139346418621456 0.214413160963374 0.06690560545546 0.108846345810044 0.126502902702564 0.0947868588777311
0.169950274675193 0.182617821816689 0.00214497953418392 0.0734078679171875 0.0886734279885312 0.10279013855698 0.346333277601475 0.0340822119097597
0.356857983291838 0.0105984512215995 0.0241686562842579 0.0240984911383629 0.0707492929833183 0.155924806964536 0.0240534997551194 0.333548818360968
0.169585634593695 0.134443705026907 0.111018214750712 0.155520823306491 0.0427318175548336 0.0603453925796525 0.170234009455179 0.156120402732529
0.0293867267965405 0.21167171796324 0.0172932650249523 0.176517859679921 0.224906034278963 0.0956214603632034 0.150034486845058 0.094568449048122
0.156535336466485 0.216406567565938 0.004980628709665 0.138007233571295 0.0405616878649118 0.0177688613670615 0.202587250681688 0.223152433772955
0.173386553278358 0.0828507685117409 0.0987467888410632 0.179962052758611 0.145149991751552 0.181891017828667 0.0827578494141629 0.055254977615845
0.0468867548230916 0.236132143538698 0.00447160138360099 0.197819076865446 0.111958829195337 0.212711381196927 0.0914351242231715 0.0985850887737281
0.0945934996702214 0.20969335400754 0.0370705500443078 0.173863429983098 0.176621194864301 0.0638831996439823 0.0554441116748533 0.188830660111696
0.103593763722206 0.0032005788433224 0.137467145794451 0.157694704464745 0.156816168571476 0.032079178400432 0.180193200843811 0.228955259359558
0.0699418788967618 0.158474187269932 0.174053337320475 0.136662882691888 0.0646575844696967 0.0833625396656166 0.13552990718407 0.177317682501559
0.0236102239001574 0.202888839178778 0.13009982810959 0.159442889695387 0.0172801350466968 0.140850598838956 0.159372370362927 0.166455114867506
0.208564149447963 0.000516730130242801 0.178533081462917 0.214149213644486 0.0109322424023621 0.102216719809136 0.0371477201112293 0.247940142991665
0.175474185335259 0.021711306167887 0.151033845264426 0.0693704932101658 0.162629379449137 0.183737985759986 0.173296872655672 0.0627459321574664
0.138584440761071 0.138125953566633 0.208795721230154 0.0268874183321256 0.153698958733929 0.0884990670316921 0.207887034738809 0.0375214056055871
0.134786854941714 0.114769175222871 0.186388547171557 0.072106290322087 0.171325414400721 0.178202500789566 0.0785026312483617 0.0639185859031217
0.245056531792451 0.0908874425934935 0.188563159794107 0.106122531139949 0.165179565608898 0.0534344220309744 0.0892856848952758 0.0614706621448516
0.3186103589873 0.0174555897973984 0.141357875497268 0.120511447119439 0.139252431760209 0.0637126146075407 0.0802290572154488 0.118870625015396
0.0697342430576254 0.208630268293851 0.190381173102528 0.13249310246908 0.275846522289975 0.0964851836696752 0.0248750553257829 0.00155445179148221
0.19966234217509 0.214997208503332 0.00337379375597731 0.19081638771325 0.0479492224076344 0.0347893947709715 0.130282712673658 0.178128938000087
0.076831146421885 0.0543666154937324 0.0914111250023834 0.0961689812944036 0.221697470089182 0.213980595956241 0.12599271513572 0.119551350606453
0.12862651938829 0.0877638994085358 0.186290545972711 0.173046979533861 0.181672888856895 0.0151221735623991 0.164823442098583 0.0626535511787251
0.186191718607496 0.0107466076723997 0.231034907490743 0.298058319724903 0.19000448398942 0.00844713001543758 0.0429851167832018 0.0325317157163995
0.0572217478392163 0.0812148377158172 0.105983671924137 0.190363977027819 0.183475690201997 0.122782724173694 0.181221189618776 0.0777361614985433
0.099148729363902 0.00117740687698522 0.130373565696872 0.186910878117887 0.0803009888761121 0.00780060356264323 0.242225297802326 0.252062529703272
0.262786386358972 0.174657352388817 0.0609855118445134 0.0518092562133058 0.188400252870942 0.00562050344835301 0.070617154986107 0.18512358188899
0.112621310341722 0.129873601358158 0.16188895246866 0.0574803832875083 0.0298720860519433 0.259572540685855 0.180417876444838 0.0682732493613153
0.142972855295771 0.0493634465899608 0.178602751229752 0.0805760234153893 0.131157357850974 0.130121070435488 0.118912190030071 0.168294305152594
0.214084999787789 0.146666545541656 0.0271504934683217 0.00863234947987204 0.24020850899235 0.159963204269406 0.082807088226867 0.120486810233739
0.0877544416874861 0.242822056295156 0.00438667621940443 0.00280021891182749 0.165089730789202 0.0546057130762565 0.248040300614545 0.194500862406122
0.27242158757619 0.246943339079664 0.0314423137938112 0.0449973058741378 0.0361376080448715 0.0742830667354186 0.168441534424059 0.125333244471848
0.122437520149436 0.28977171124404 0.00607124341139693 0.195228349714703 0.0598395492896558 0.0205238826480953 0.115204577317667 0.190923166225006
0.174816111744887 0.0655708789151465 0.0782087631785481 0.0691459124812197 0.183036339043688 0.0601669421926871 0.0967597709130012 0.272295281530822
0.160065263318412 0.0880206651782934 0.100427458900221 0.173327599784091 0.189834193479548 0.103082080716421 0.178127373407221 0.00711536521579272
0.129235609497505 0.271346129201914 0.15877802014157 0.0813303159295294 0.0558983930968675 0.152469887300784 0.0631467575333086 0.0877948872985209
0.184943082868552 0.19040256537037 0.196145532177013 0.0665129031534304 0.0115834534792427 0.147177401993012 0.160821620284707 0.042413440673672
0.166143278127677 0.144340493725317 0.0413115732752891 0.129532818799036 0.126583308421111 0.163824562643696 0.168077731683978 0.0601862333238959
0.126663781053961 0.121632217697747 0.201010341901975 0.212617044705538 0.0788864692350572 0.0281950715701456 0.207680830396523 0.0233142434390523
0.000593806244670994 0.169829432447237 0.0919180126339193 0.14091374814829 0.0781777887145769 0.186144999435331 0.119191080970717 0.213231131405258
0.0183995322206981 0.225079374278915 0.0359178388606134 0.0413779693058856 0.0450938184599774 0.106750484936863 0.275546877855584 0.251834104081464
0.0637801474799275 0.0809695765072146 0.00501466640765054 0.153344045240177 0.205052967007278 0.14554229079341 0.204341654763504 0.141954651800838
0.207969719850255 0.0472059383719094 0.242405010378254 0.235855293960498 0.000439986233463444 0.0136733910455971 0.205912677320149 0.046537982839874
0.11202164129145 0.104411655205397 0.0685711107894869 0.10126869540805 0.174807111717974 0.169884654158108 0.144616218129329 0.124418913300205
0.114769759174074 0.00958833587187279 0.123146682837759 0.232726736151607 0.0528320440784604 0.305061949791208 0.0816845792868985 0.0801899128081204
0.180470366487603 0.209021365065656 0.00912690054578739 0.242014789744509 0.156158553211738 0.00576643075208494 0.129837236300158 0.0676043578924641
0.073431387592624 0.00527785494715396 0.15932141227739 0.150267218567955 0.109458309121289 0.0738065737936455 0.200239057298482 0.228198186401461
0.187410904990746 0.167360992035831 0.0584716034726406 0.0318676251875181 0.176151496969851 0.0409072506208652 0.202731303146746 0.135098823575803
0.223086711340307 0.0703482478114775 0.0138881725195558 0.112020135429871 0.183745521381993 0.0554556603733557 0.226826533552022 0.114629017591419
0.200429043588883 0.0940204841538188 0.18670714932601 0.00995786748594879 0.15635852448126 0.0484933024352465 0.154407316094572 0.149626312434261
0.196376632935305 0.195840871818506 0.0838538973241781 0.0204653181988151 0.00680537117840924 0.172068483175855 0.130051181627188 0.194538243741744
0.157790264342397 0.0544043870537347 0.207763454582777 0.128509276003604 0.0556227645618378 0.0884475353904731 0.133878188212015 0.173584129853161
0.112846764259066 0.0629154541409488 0.171410107124934 0.174173022818656 0.103151753541206 0.0828643759553044 0.091329694557253 0.201308827602632
0.182057035650743 0.204244551645564 0.0144328178407381 0.104850871356695 0.184613742358905 0.0550754784406456 0.201032606704042 0.0536928960026679
0.213155803491048 0.0157663915802748 0.116878782227905 0.128536834319492 0.204523827052772 0.191542297575144 0.126522613872591 0.00307344988077333
0.121532638180722 0.0458396619956747 0.258152837903627 0.243683450716654 0.0124323384301442 0.106610266034127 0.197727345933589 0.0140214608054621
0.181675752052788 0.18503897211834 0.00663261966406447 0.161795786848694 0.0245628123414489 0.118817082337134 0.214767466080152 0.10670950855738
0.165023039715891 0.17295215544867 0.173693602960149 0.109923881695653 0.0840595772971558 0.0515284609575134 0.17214667730616 0.0706726046188072
0.0146042187196802 0.0372928646870632 0.213521872558849 0.188641225123878 0.013643672129934 0.203968107082538 0.237894443182702 0.0904335965153567
0.0407986810818115 0.190232027288645 0.223900972854122 0.198899368778797 0.0471109036503204 0.128517639744802 0.0325876973802014 0.137952709221301
0.211035216156679 0.235529561884211 0.0796466326031655 0.0095883813356664 0.0464274521356845 0.131708459824519 0.232703298249392 0.0533609978106828
0.0421847357137059 0.340194471666908 0.0577491056922916 0.00369938389423753 0.25712938018041 0.0759406449228912 0.219379709849338 0.00372256808021754
0.145919672392675 0.0815125836355645 0.102787593103601 0.182706481802626 0.119658291334058 0.0871911862451046 0.22075113624047 0.0594730552459015
0.188849668200871 0.172900923974442 0.10479976046231 0.102263916617351 0.077897977115538 0.124063860405736 0.193820793416296 0.0354030998074568
0.162494663776785 0.180189781558659 0.00619761707213004 0.0823355554326127 0.130208872213932 0.135635226212979 0.145032885377962 0.157905398354939
0.271553758366656 0.103946532231923 0.146890782024528 0.0490580883393229 0.063443317893216 0.191199273219659 0.0916767213178045 0.0822315266068902
0.076096764556407 0.316300759883238 0.00661264996478108 0.0968978779784812 0.0195057164512037 0.17827708289789 0.182232188083499 0.124076960184499
0.104495989192792 0.139690552841906 0.204496379319406 0.0742421692457836 0.0470675187426092 0.0395446043628361 0.191132743040541 0.199330043254126
0.14779975035201 0.185548932986908 0.0857187687322752 0.168889147455342 0.00530245652846847 0.188275921153703 0.0234734505077991 0.194991572283494
0.10294448191812 0.155385905184255 0.12684404529572 0.154935997075157 0.119799927365463 0.0360210927094097 0.128978305805424 0.175090244646451
0.118321283213176 0.057277228659325 0.0167753423852274 0.0912134591384654 0.254046180354445 0.122811774384237 0.241128583056263 0.0984261488088611
0.036911875329074 0.125855565183373 0.158079897595208 0.0575174500367202 0.250541005841509 0.140714172727906 0.106422604998009 0.123957428288201
0.10494984229078 0.0717832267577047 0.240315040656022 0.110131680891907 0.124696591570792 0.211947673210184 0.0477385707414604 0.0884373738811507
0.154027886850623 0.129535117841766 0.144126163765387 0.144413861140603 0.159864978311825 0.11089937952497 0.10375986676964 0.0533727457951847
0.018645493403837 0.0560115308271479 0.31188915475929 0.0129834838850915 0.0939655181470918 0.0517499885186419 0.300906462162918 0.153848368295982
0.0457318294805795 0.0282294496394923 0.0767740152684583 0.0178514603859435 0.282718414362039 0.199171590822148 0.293685543898908 0.0558376961424314
0.0639874706217401 0.145623461774559 0.178054589335508 0.041452504809631 0.22207075796295 0.0564113209220649 0.0870383046405402 0.205361589933007
0.160414408438238 0.0902673274395242 0.159982799261444 0.148165347341792 0.0980694870072497 0.00198929151313875 0.178842122590778 0.162269216407836
