0.130628221077758 0.125084232633934 0.117214131868008 0.266951185635612 0.255991769113389 0.104130459671299
0.209196909133625 0.196424988689799 0.0844783516772643 0.0316304465554305 0.270828920643714 0.207440383300167
0.294086612108507 0.341422341749726 0.126513331602978 0.12940803838611 0.100757906339893 0.0078117698127864
0.217745735826469 0.25527304141327 0.136069299151591 0.210272878115509 0.144684455098174 0.0359545903949875
0.246036626308034 0.0884954645087668 0.00380257704808207 0.265414472851986 0.19393190047301 0.202318958810122
0.127175004249385 0.178049664842877 0.00713285224780063 0.293371791668769 0.124150921763568 0.270119765227599
0.221482122940349 0.112123380736161 0.141914919408876 0.183643830192106 0.0918158331149562 0.249019913607551
0.264523412351884 0.0748620321510081 0.0584549285306317 0.0177448389434262 0.276256654740179 0.308158133282871
0.118870953566657 0.230803634729796 0.20145715235266 0.202081478782746 0.210523840335858 0.0362629402322841
0.204619979609531 0.154981221926324 0.182079748349668 0.0273727130808957 0.232625882489844 0.198320454543738
0.303935829695236 0.0222880491417305 0.246144487374486 0.0616072135062739 0.178388768483244 0.18763565179903
0.133141408760401 0.222223379353407 0.305821362339684 0.00604758966144491 0.0727941694034827 0.259972090481581
0.253065778292489 0.0662588923622099 0.179679353026933 0.194724906032633 0.120847233736555 0.185423836549181
0.00489977935257794 0.235365158803207 0.195969712769973 0.226514138641255 0.142276158836651 0.194975051596336
0.197866251899012 0.13774321852679 0.280351791342251 0.153319595928865 0.148763980062431 0.0819551622406507
0.281121847751424 0.235059022578406 0.0806152847781851 0.124434148463058 0.200525019260316 0.0782446771686115
0.0379694196219065 0.182498550100899 0.233080851869771 0.308987746794237 0.206779239524637 0.0306841920885501
0.140789088546992 0.102564346895422 0.196387587263091 0.272891272879515 0.185280057748289 0.10208764666669
0.242160954621357 0.35375635026311 0.0323961316833157 0.25415430508054 0.114966306448432 0.00256595190324558
0.00833173560568803 0.212580901008397 0.323457632642102 0.0418501953238647 0.0341432337443443 0.379636301675604
0.0837055166401737 0.127089537854908 0.186439974336281 0.225767606854089 0.14519429868042 0.231803065634128
0.231098211153998 0.163776213656761 0.250698691503893 0.0508516403173732 0.0755400432589269 0.228035200109048
0.249446450709134 0.00866656736948252 0.11864620587101 0.223982382355314 0.136673526746118 0.262584866948941
0.318060952738569 0.308281629660353 0.123210581668763 0.0325048215210499 0.207158823383712 0.0107831910275534
0.141690013757795 0.180277927399861 0.287591897874052 0.129885889718231 0.123565072941843 0.136989198308219
0.236417086516667 0.0869287526910771 0.245628118363575 0.228128698212344 0.00389118828266497 0.199006155933672
0.368524623083707 0.364201615877823 0.0336921715576035 0.0139332514593605 0.0169097914480841 0.202738546573421
0.0823054707340458 0.145299513413624 0.204357439381251 0.194388636308987 0.220069890333989 0.153579049828102
0.0633731006476551 0.242013334686333 0.287638593506741 0.117570717302237 0.0534803706539546 0.235923883203079
0.00064198002818017 0.294015791088516 0.287137900501657 0.0182490863345306 0.139144956995842 0.260810285051274
0.172605690933571 0.19816946861952 0.0255581415797709 0.0132488583049322 0.243992920065194 0.346424920497012
0.0735579656134613 0.268261966559761 0.025573953336759 0.1543384608969 0.258606428589373 0.219661225003746
0.120802585412291 0.207669774221747 0.0690863828270675 0.172967393741238 0.212186050943952 0.217287812853704
0.32852921186856 0.238408975026709 0.113547218983549 0.0304928312954823 0.149765432044655 0.139256330781044
0.183603466827382 0.142824705315247 0.139554395831762 0.162060855784572 0.172608746239464 0.199347830001575
0.238590944320905 0.00161602502588138 0.228090014929259 0.206575117877395 0.253629976968826 0.0714979208777333
0.00382079233302448 0.0999422360149054 0.309876006142845 0.201365683361102 0.107395999066642 0.277599283081482
0.243924542279968 0.298453076919006 0.0506570587684939 0.103533839415197 0.233494444415564 0.0699370382017717
0.116184031550883 0.27782299576062 0.268810192437658 0.00615306218025454 0.304952946443827 0.026076771626757
0.139116893554778 0.155185886917661 0.249574642605437 0.150195323010916 0.251921775368315 0.0540054785428924
0.164538730186421 0.223783701124047 0.0847202637735292 0.181592485339736 0.141957819541487 0.20340700003478
0.209014542783067 0.176035094281749 0.253867885484199 0.094108707188704 0.0821346539917084 0.184839116270573
0.198740037827629 0.130005024056519 0.13823990530007 0.169317042080691 0.160163533870151 0.20353445686494
0.26263951487562 0.22615779688114 0.0538672876273411 0.227606078109693 0.173729107036901 0.0560002154693052
0.583077387309994 0.0134631428316895 0.195184216180125 0.0837570877872997 0.0682180009201148 0.0563001649707768
0.223904501734473 0.0474589334213046 0.0543869209690086 0.260057215175263 0.355839909657162 0.0583525190427887
0.353333043822662 0.0837927075102921 0.0470003213623296 0.0351807946623998 0.25035689943713 0.230336233205187
0.0853020982302334 0.268033002594101 0.205424743290274 0.18052365860644 0.252047289727142 0.00866920755181039
0.170969420754726 0.226492253492038 0.249686214477398 0.110387862457352 0.222203390786643 0.0202608580318412
0.323838450458286 0.0240953023844867 0.211570302981521 0.178216009339176 0.157907963845587 0.104371970990944
0.0957160629287379 0.235020055874449 0.056354182687351 0.270409304567692 0.0338338093507683 0.308666584591002
0.290024725175884 0.108074139838437 0.0187863651013508 0.201271897507495 0.065342522606603 0.31650034977023
0.222936432261794 0.26486494622502 0.350059334887341 0.022907271356176 0.0220194188943464 0.117212596375323
0.288104766340312 0.148910203595515 0.0312353414639626 0.12171527580563 0.209845911099364 0.200188501695216
0.0186973773412848 0.0760403267078389 0.330625575264953 0.157701238154727 0.161013433033606 0.25592204949759
0.0599944291518743 0.28692969822352 0.121083111253403 0.150763193813001 0.0668170897419328 0.314412477816269
0.105152418733436 0.0195954597942258 0.190082003282496 0.198701509928039 0.271234203682961 0.215234404578842
0.00725431284356842 0.181051822069761 0.298396445595052 0.103114118882313 0.374801819401061 0.0353814812082448
0.247541689645935 0.276398584401542 0.017626818441829 0.291234614078768 0.161436364692191 0.00576192873973442
0.23843402518461 0.195852962086459 0.00213181920279966 0.256826233214391 0.26159522834958 0.0451597319621607
0.25470877093076 0.0360630360143207 0.212995436491424 0.0385356646498401 0.237284202627305 0.220412889286351
0.197038036751293 0.260659954166376 0.0773451493011174 0.178707832565187 0.0576500232270676 0.228599003988959
0.274754157988915 0.0111811369307506 0.121581568771298 0.384938099044986 0.175642307348997 0.0319027299150543
0.188444717797015 0.13870740595526 0.156837705356309 0.156130713559449 0.211572784318975 0.148306673012993
0.144346983538913 0.00724255713873572 0.324196832672282 0.283499720832199 0.103527843957799 0.13718606186007
0.244270512783049 0.013790807694209 0.0545139065007809 0.179320281550878 0.194534561607277 0.313569929863806
0.36938784521875 0.127396324562255 0.160153573336658 0.00172593472148581 0.17131363500766 0.17002268715319
0.0932939694923067 0.0454190336336714 0.0507307826129999 0.369699573817757 0.0107724758995999 0.430084164543665
0.134487270527885 0.29244602826893 0.000757673439517712 0.0522089493492738 0.384770426175062 0.135329652239331
0.185527970114109 0.0194586281269311 0.350655142677844 0.080919378665009 0.0726671226123494 0.290771757803757
0.249810997641999 0.152853562490355 0.051287497676726 0.238102274726592 0.176279014801472 0.131666652662856
0.144037076217464 0.218477549300428 0.327702135372394 0.261329859446481 0.0427200100413181 0.00573336962191424
0.165721103064797 0.238891858981351 0.168189575974873 0.112986221136595 0.198032879987817 0.116178360854567
0.0686482436505305 0.311241963930242 0.289901143442041 0.188390829754095 0.0190492724283787 0.122768546794713
0.0925198706026372 0.412310298924874 0.0342902435204338 0.14154412316182 0.223581137838239 0.0957543259519966
0.283913601428594 0.27007392168883 0.0935216734694708 0.149458431559249 0.0556789794590841 0.147353392394772
0.155206504189615 0.246999817961044 0.314148122309481 0.0179654678673356 0.0565200044557856 0.209160083216739
0.0571494919241483 0.087198599618581 0.260314198625669 0.112550330840706 0.154660191342056 0.328127187648839
0.162353385417337 0.153285811458183 0.0761329384308256 0.13842142864857 0.346878097031909 0.122928339013175
0.201141725608586 0.167053305108636 0.218402771353181 0.158142995083575 0.226473076686623 0.0287861261593986
0.242974639608553 0.0897373283882045 0.161016473638701 0.154509691747141 0.12685279649443 0.224909070122972
0.227959444988084 0.255974977193034 0.0539313072926599 0.396181086070668 0.0503774355783417 0.015575748877213
0.228377947380378 0.132543599394467 0.0597587144899239 0.202534183004211 0.117962215272058 0.258823340458962
0.221910343212576 0.199695137520043 0.0391048005576664 0.139238371892979 0.269957225723625 0.130094121093111
0.109320778838671 0.150727783534019 0.311423866398502 0.215431391806559 0.00674242962218275 0.206353749800066
0.00137106337626401 0.278034128429887 0.275331940000718 0.181522610602179 0.00210371431866725 0.261636543272284
0.0851921756021261 0.0327877156572809 0.350100473046585 0.128320140409755 0.046988577366396 0.356610917917857
0.230891533630371 0.218873374561731 0.00549587827830044 0.245717561300516 0.229778602217874 0.0692430500112082
0.188403594585773 0.309184436392865 0.280244415924918 0.0227861812508828 0.11233151514241 0.0870498567031512
0.00543873263136301 0.315394086552677 0.316386845665797 0.0132499026072436 0.0149038037525005 0.334626628790419
0.0187795548012666 0.132366803050763 0.330803953440164 0.222436013714997 0.295398137202024 0.000215537790785488
0.141201673161275 0.273353183697275 0.164487192973963 0.133760387620622 0.186589933976267 0.100607628570597
0.363655688033591 0.335920861229656 0.0754882216133676 0.126230954093163 0.0894089868325122 0.00929528819771107
0.00964029197398925 0.260318940635326 0.198141022352891 0.203201537568793 0.216989465689423 0.111708741779578
0.0789353389196471 0.061397791220715 0.326989506610125 0.192488501503448 0.108413648333617 0.231775213412449
0.140299503814781 0.164265777652896 0.12529675891827 0.266419810431543 0.283740526532852 0.0199776226496576
0.141770155133234 0.197964056521709 0.210936178551182 0.22835216739349 0.165331009423812 0.0556464329765736
0.0824461798940851 0.0766154847785287 0.0391940234171359 0.204122532775682 0.00120775701537966 0.596414022119189
0.268964312934704 0.191822176256799 0.0930219032397221 0.0266945627794248 0.133415561810178 0.286081482979171
0.179756808730667 0.00295943329846429 0.288272197288557 0.317308860606378 0.0992012935751232 0.112501406500811
0.185074520224187 0.217346363065244 0.193191772660676 0.133340365242179 0.0950339790530858 0.176012999754628
0.195377908624516 0.155340867120775 0.0643131668840821 0.337561356649946 0.147056976332231 0.10034972438845
0.29983463843052 0.0227583347992322 0.0462154371692825 0.121993077014138 0.205793186931856 0.303405325654972
0.0394372028775441 0.250200096541776 0.126783622464976 0.209378868897051 0.293702793803624 0.0804974154150287
0.197887412589105 0.118766457434506 0.150580971338641 0.195950311666754 0.130155419719166 0.206659427251828
0.0425920802076064 0.267285069815467 0.186041446357422 0.0149431130380958 0.22648999785508 0.262648292726329
0.0624664269728778 0.0103143812001384 0.28107001586567 0.204413113529915 0.0855325651742147 0.356203497257184
0.106278042508104 0.176476249667479 0.331453453119177 0.135274580646786 0.106596926576551 0.143920747481903
0.133860128368983 0.0822773259574731 0.127410809800986 0.0484857666598162 0.381229132910228 0.226736836302514
0.00798446146489175 0.0959445635998425 0.0861086951731988 0.296116780934011 0.287689521101481 0.226155977726575
0.23303853448475 0.0731708230203849 0.239361121319032 0.220741435898392 0.19599124943011 0.037696835847331
0.155942996758896 0.174259318807528 0.174727305528232 0.243023964973921 0.226861548710147 0.0251848652212759
0.112695266648385 0.391351253440752 0.42862169024461 0.0403388322464615 0.00473657790477224 0.0222563795150183
0.184170238601084 0.122924480975022 0.242053743383807 0.0796674265874972 0.250901258691692 0.120282851760897
0.191899982959158 0.153059000380848 0.194498151894921 0.22795039073407 0.108806772014285 0.123785702016718
0.0186299525773647 0.0414271424311916 0.394947789088765 0.029323184115185 0.316064013313157 0.199607918474337
0.164521603900052 0.249609343390069 0.170970058105362 0.124105738564139 0.0143763213466753 0.276416934693703
0.308646805255576 0.176027376848141 0.136387490107873 0.0778545545702403 0.139906367551271 0.1611774056669
0.236331250517673 0.0665342683797304 0.152538886494769 0.242800445436629 0.231939870127497 0.0698552790437016
0.411346448621874 0.078802314758501 0.0928279318981218 0.0264261728834545 0.0912630112783448 0.299334120559703
0.110921783119476 0.0772512294006746 0.254786500344457 0.202752266329675 0.327343522121548 0.0269446986841698
0.163783378571236 0.182903250166661 0.194999285168404 0.11891209313313 0.237143815633595 0.102258177326973
0.114818720484938 0.0914655959884845 0.14799682729926 0.160978448236049 0.254380579717386 0.230359828273883
0.316897422097032 0.0456703133851566 0.172809894268926 0.190866652944806 0.268640930228486 0.00511478707559399
0.138706466981767 0.236761410044017 0.164820464721045 0.230944660050047 0.0628978956013055 0.165869102601819
0.173598303615856 0.193189521636166 0.0820950173692076 0.187468162795037 0.162377843672261 0.201271150911473
0.211201721391904 0.168838163487524 0.210185612438842 0.171295022219816 0.178164477156926 0.0603150033049887
0.151704701165478 0.150153986968915 0.0466227727397905 0.281468434966184 0.1928682576386 0.177181846521034
0.13035055325873 0.318120003291525 0.0340028695833176 0.135761465241261 0.272047193851149 0.109717914774017
0.0428027375311149 0.251792281361248 0.0178733126157065 0.0969343711983391 0.209891444020818 0.380705853272773
0.135032610913244 0.172417838557649 0.195690704560298 0.179272462181877 0.227452323865138 0.090134059921795
0.266590949400393 0.286499023977815 0.281225174315369 0.134260207134201 0.00475971057592624 0.026664934596295
0.25977723106803 0.179862801994382 0.15673011301166 0.233877557073018 0.151418897362329 0.018333399490581
0.0241894587281062 0.237400495620479 0.111196311943082 0.404813370803876 0.175297648114268 0.0471027147901892
0.250544469254449 0.151507113611272 0.0877005618116628 0.225345338754465 0.0361782146041819 0.24872430196397
0.210876093133456 0.209396041694992 0.206996026644332 0.0797438864785665 0.185641594819858 0.107346357228796
0.00950622410386472 0.0561099923452573 0.387141332352922 0.204710202845912 0.10035268433833 0.242179564013715
0.124938779474841 0.260171736327262 0.177551512275886 0.144511673849492 0.111413412434009 0.181412885638509
0.258026913433875 0.160785387470522 0.189385597976327 0.113960777611002 0.109134553855035 0.168706769653239
0.251767711687401 0.0234571764991514 0.342561685554194 0.186728402937214 0.0806696519880872 0.114815371333952
0.182781869743507 0.26666386520031 0.121751275507172 0.22769809092357 0.111226506451496 0.0898783921739447
0.313640248919128 0.296588114532276 0.0478817348819621 0.0374250547683939 0.260774420473123 0.043690426425117
0.222500238535587 0.209670542291488 0.258103552749209 0.161729907409254 0.0364959722948129 0.111499786719649
0.298910442248489 0.213599297705373 0.11589192920506 0.143622152922891 0.0410723296332963 0.186903848284891
0.161867315935568 0.117002983488253 0.224260551948488 0.177327010431707 0.138634051545922 0.180908086650062
0.217513005913395 0.166457966516036 0.239902496757093 0.121606185946768 0.115100116475036 0.139420228391673
0.311029622316698 0.00546140861662919 0.320902480234805 0.11824896818428 0.0897870901231176 0.154570430524471
0.0489679264159102 0.240356552041429 0.0888440168401659 0.141791604269626 0.254884589672052 0.225155310760817
0.0116524271877533 0.0279939531033427 0.0158843083669837 0.170541456472864 0.289535076830251 0.484392778038806
0.147350577169446 0.194816302611402 0.0119119191188866 0.232529697581351 0.188038463304953 0.225353040213961
0.0853244845107228 0.21921759649787 0.127876890870287 0.00288971980185625 0.430990778302849 0.133700530016414
0.459333636237023 0.0370475489797614 0.180457060918687 0.143098020270501 0.177922475889018 0.00214125770500925
0.0719870882324027 0.535151389767373 0.224345927566793 0.0239426685619326 0.130114071635858 0.0144588542356402
0.336034874720938 0.00866715621445158 0.303802827830328 0.0483823515356121 0.204168131304288 0.0989446583943828
0.269968179238464 0.182712278608904 0.102581130942336 0.128611274782268 0.177115476346856 0.139011660081173
0.120203615322369 0.318661809265666 0.0612936430226141 0.0437597974894139 0.152787750879852 0.303293384020085
0.0504958264586902 0.212013110247438 0.240608930125545 0.260750791330801 0.106325472435149 0.129805869402375
0.467491124700068 0.0309867084357271 0.00590354600896222 0.151126329949011 0.299935694476098 0.0445565964301329
0.238888347998324 0.0886808325691314 0.0130920212237893 0.206784581760761 0.268097316565119 0.184456899882876
0.270704148842717 0.150485839878638 0.148106636551547 0.253432001498498 0.0484880135158385 0.128783359712761
0.289202815825513 0.152526824788749 0.121765340913727 0.14261306619651 0.106556150819517 0.187335801455985
0.266214812135433 0.0991480490840652 0.107994169431904 0.170791095047035 0.255825183699772 0.10002669060179
0.177081806286208 0.0446274480634242 0.34976517005055 0.188930118410035 0.0135219306092629 0.226073526580519
0.172469227484369 0.182851603274427 0.137593370111514 0.0381112872001919 0.382064625097109 0.086909886832389
0.244122189045185 0.122258707181447 0.0763051871034324 0.154516398787002 0.215113743087751 0.187683774795183
0.237635198858597 0.230768187243046 0.161992189433565 0.164411079560601 0.071513915147073 0.133679429757118
0.160901119415243 0.349912789745161 0.173555169250957 0.196370930589223 0.0376829271097895 0.0815770638896259
0.0520420331895741 0.0982093562060309 0.0744274606152987 0.376788186828862 0.316512931579372 0.0820200315808619
0.313945496146273 0.269350526723908 0.143441482336498 0.0473206057282977 0.0866241464772568 0.139317742587766
0.276689905448796 0.19966073662876 0.264849959491219 0.0198109679361045 0.217543871942138 0.0214445585529823
0.346878097457963 0.17513285590835 0.12012095735293 0.0576705341375813 0.166213458549993 0.133984096593182
0.0921049540158262 0.0622521130375565 0.0836866414138263 0.273953721376328 0.241226336139651 0.246776234016812
0.298745754582158 0.159620842639558 0.014533811428221 0.157658234237185 0.346591338668607 0.0228500184442709
0.163252955842927 0.171624088400524 0.186838296286384 0.24220490219346 0.216219897480788 0.0198598597959164
0.0444779277603611 0.144320694031956 0.205737378276202 0.38381503296675 0.186626364829404 0.0350226021353257
0.25946257573945 0.203818100396209 0.146416144064377 0.195595606902131 0.0430584753472843 0.151649097550548
0.158766268272417 0.23057958051703 0.229563302993124 0.249239187391209 0.11817590227749 0.0136757585487309
0.0903797149235355 0.0998838899179594 0.213820463979447 0.0632925302803033 0.270867770869251 0.261755630029504
0.206850956845254 0.231282468290862 0.166589469884013 0.166797295027527 0.0846175235028104 0.143862286449534
0.453846499338965 0.0454129507865396 0.169386344320311 0.00930461407388267 0.0196272861485106 0.302422305331791
0.121491980361891 0.107909395813463 0.232622903041345 0.209889955196997 0.212720240630876 0.115365524955428
0.229381638637489 0.0325968833047159 0.172285869102231 0.162294926697468 0.0620162957006864 0.34142438655741
0.0356055323541658 0.18833285794642 0.216786673686531 0.179501952577401 0.168212443285168 0.211560540150314
0.0879784887016301 0.182789315371952 0.264308866377835 0.0102191098035092 0.268783550028724 0.18592066971635
0.17118078537583 0.084359198242509 0.0826145291917822 0.230503575225606 0.285987112594131 0.145354799370143
0.124817005971073 0.202682135838958 0.136774688635255 0.191416468336141 0.136655039522981 0.207654661695592
0.00688276584541938 0.266623487822548 0.158480772541052 0.0314309428511601 0.230916279696777 0.305665751243044
0.0662192575705039 0.334865282913875 0.325251215259341 0.149291435976242 0.0504039343151048 0.0739688739649328
0.0825928254965144 0.221235671407411 0.0761246058276471 0.289863239662647 0.177696350545816 0.152487307059964
0.135382895577922 0.198659951359765 0.236902211888516 0.0904038220854217 0.130250623017676 0.2084004960707
0.0222114374272842 0.232998440006713 0.366332159314339 0.244710230878659 0.0294959561714409 0.104251776201564
0.105020613370296 0.199651261631587 0.0461048570909094 0.246581659382818 0.183780814667623 0.218860793856766
0.223243504721005 0.186493117402417 0.101975900155136 0.212778496547058 0.116246149733428 0.159262831440955
0.356579861490281 0.0188440144498324 0.0949261727569809 0.218881661507381 0.00458610931364906 0.306182180481875
0.399233142295406 0.03092153605666 0.0860694505462481 0.210698999704853 0.0277783387213934 0.245298532675439
0.0428330179600574 0.333004681104463 0.123596910700894 0.281102109802035 0.140542287837889 0.0789209925946624
0.168140072962287 0.00326785605318821 0.0227609110368041 0.345594533825358 0.0605592317290334 0.399677394393329
0.232968123887684 0.275292485191808 0.227652682193108 0.0186054625771543 0.187800938399452 0.0576803077507935
0.0873458594666678 0.123113332710888 0.265551950878595 0.11187847621221 0.0675578632688872 0.344552517462752
0.0232448194384753 0.0579655515640122 0.245959019166267 0.164215314590791 0.0636844639760146 0.44493083126444
0.175573757246583 0.0162622952203431 0.141509392228052 0.0155332215617774 0.21198889150629 0.439132442236954
0.310714128679466 0.147918045804583 0.222760067371369 0.113099819958914 0.094164789279656 0.111343148906012
0.106692996883195 0.343064630355959 0.347053157301429 0.104581467696119 0.00987772353789435 0.0887300242254041
0.260612412090223 0.027989497876556 0.244347625704022 0.188833359654274 0.273056823891738 0.00516028078318605
0.0143344604352685 0.174178324990491 0.140787426355791 0.197666189907397 0.182617312488571 0.29041628582248
0.285610236099872 0.272605438020174 0.157500399909098 0.0199746728385858 0.0703007387674802 0.19400851436479
0.181574406913139 0.158895105038187 0.141119791857312 0.0993066620917409 0.347341305725538 0.0717627283740842
0.155868328402461 0.132973468058485 0.0671171775298982 0.346784903034465 0.168543767876746 0.128712355097944
0.0507543147983106 0.0638406906175074 0.326805862387492 0.312172819305724 0.243734365584699 0.00269194730626673
0.0125209443624835 0.343985556439142 0.0255913056009514 0.252448478462284 0.134625720690012 0.230827994445128
0.12422657539837 0.171042620018971 0.296756427041948 0.205050568111921 0.111516724676479 0.0914070847523101
0.222400347627576 0.253568615965917 0.000490277740593579 0.18622220684707 0.0455721091146735 0.291746442704169
0.063365357974722 0.0865370877469821 0.054771591680012 0.261494941771708 0.25564038475221 0.278190636074367
0.131735845570393 0.162175754647721 0.215535507367549 0.216323942497878 0.0673475871774936 0.206881362738965
0.154926884909849 0.0557391553761056 0.34679932777748 0.111014983080239 0.0718229258328487 0.259696723023477
0.136829546774461 0.226017881492108 0.00696491853784628 0.239313262464028 0.187858037502645 0.203016353228912
0.293840133550982 0.0873715415299098 0.284652463371635 0.123621378211738 0.0815571752231628 0.128957308112573
0.0182742813767068 0.181032728210238 0.00994214825830602 0.504895416252542 0.0843528848786757 0.201502541023532
0.0477209382757455 0.0551524777455634 0.294442112031614 0.280343836998147 0.291598404187284 0.0307422307616462
0.144887872561239 0.13639430688004 0.125217911025642 0.260974571083823 0.0528146598808285 0.279710678568429
0.237376161673932 0.264402738205741 0.00319696768618281 0.12582114670861 0.283961601391339 0.0852413843341946
0.244226380681613 0.273222276190603 0.0758978339886791 0.227994252384324 0.112938365324152 0.0657208914306292
0.213583861755076 0.0854902291024639 0.234414668966652 0.189111621289726 0.145342888212931 0.132056730673151
0.0934732935864433 0.0272382423520745 0.368158805199683 0.063853088448805 0.00584093445616393 0.441435635956831
0.240795718771792 0.27188951021897 0.207596871824694 0.00258760069650595 0.215546482486151 0.0615838160018867
0.234586393191671 0.104106188708989 0.119987174389493 0.153629098363835 0.177374124649256 0.210317020696757
0.0178774572902113 0.372715126726336 0.0788066866316043 0.301823132141671 0.0803004490182137 0.148477148191964
0.0225372951485284 0.0770140091386649 0.287465403933274 0.106092983912778 0.367193678369793 0.139696629496962
0.14477223310713 0.148326012029041 0.0715653585534008 0.240959562820533 0.239512003623087 0.154864829866808
0.121739280752687 0.333266520110888 0.077199844769138 0.182735493164664 0.0977723461899879 0.187286515012634
0.148120468579822 0.161681067149966 0.245414974520566 0.0178074345331834 0.242372002382728 0.184604052833734
0.292794338303434 0.102582701584583 0.0527741703542227 0.266162370871105 0.0494540138031502 0.236232405083504
0.123948776770185 0.244372668795996 0.127619503643904 0.0560974649811911 0.0945951952163343 0.353366390592389
0.275133562158158 0.232181603604229 0.0538011387296491 0.235107244226504 0.125011758471057 0.0787646928104041
0.362841894582277 0.231948190712762 0.0679950636657973 0.192771377352931 0.0658634423656721 0.0785800313205607
0.288279613950389 0.0774686228766956 0.126213695232847 0.235190401871863 0.204237636151814 0.0686100299163908
0.254237492704692 0.217637660686382 0.18348140034846 0.083797950048487 0.170192439426776 0.0906530567852026
0.278866849575227 0.182054292376862 0.165881944325535 0.0407821068871028 0.099772732082123 0.23264207475315
0.0393684288040863 0.0392108291648088 0.2031976386624 0.0416032723418322 0.239932424864713 0.436687406162159
0.115708993441764 0.0168155937045943 0.205945267042371 0.203982692054601 0.391839961262604 0.0657074924940662
0.0464851033024272 0.168060203920458 0.334622028305292 0.160708143432312 0.19929118867515 0.0908333323643604
0.138833226879097 0.194251699948298 0.115560471574932 0.146369142143139 0.196497919105291 0.208487540349243
0.176938769715696 0.0865278077825069 0.12783053816127 0.205987183413118 0.161430807880383 0.241284893047026
0.271143615576729 0.228853380757839 0.245091341673095 0.00547386268253221 0.0330772609491688 0.216360538360636
0.315780313519038 0.0954616584511176 0.00623502661190282 0.172512092601032 0.0824963237504845 0.327514585066425
0.211790290355626 0.157794510987416 0.207167156527229 0.114781433170217 0.0846680570298731 0.223798551929639
0.191869214177407 0.0952244489984618 0.231058550089879 0.15694286425168 0.204735061712459 0.120169860770113
0.159879861131759 0.120767673070033 0.279827577567511 0.168604800162526 0.00441546816426146 0.26650461990391
0.221796982056787 0.0571962525258714 0.178516720950804 0.204716661634924 0.0966659571053123 0.241107425726301
0.177875703287044 0.284893558923927 0.0512886939010177 0.0400336053282964 0.228993073943305 0.21691536461641
0.0899406960290497 0.453436946865624 0.0522635773757497 0.011449908871569 0.275092618088178 0.11781625276983
0.323990468591237 0.083530131198719 0.280666670410391 0.259088781142762 0.0219732294039292 0.0307507192529617
0.230894645504526 0.202619223296715 0.147077056936772 0.0793520220830274 0.311392059751338 0.0286649924276221
0.241297029761242 0.273662742852356 0.024082594170126 0.26667138047626 0.0905932002637918 0.103693052476224
0.16992565088849 0.159217840939862 0.18531373181943 0.0540099608268535 0.19973202675447 0.231800788770895
0.239991002049619 0.290472366607834 0.0954792585782148 0.132654890944534 0.111459714992853 0.129942766826944
0.232859024011531 0.278898439386877 0.220869776887486 0.0473984516788509 0.142053393381354 0.077920914653901
0.333574870240469 0.0347877351754214 0.184790369127868 0.165092769365461 0.251393790879169 0.0303604652116111
0.0176284020176263 0.231691866950111 0.170830546173934 0.305206269523557 0.0130766115268671 0.261566303807905
0.0497105436484096 0.295043672095226 0.198682048170055 0.200504853144722 0.0310853190095281 0.22497356393206
0.198891529316362 0.207144373959636 0.131294126924839 0.222847583091913 0.010140906491325 0.229681480215924
0.294436397382972 0.0495856865188721 0.229508557803209 0.229980061473279 0.175011295090298 0.0214780017313705
0.145826060308731 0.189057020311786 0.146758095262885 0.106716353040757 0.244945801025831 0.16669667005001
0.209104834184607 0.150185924684324 0.118733905684647 0.2120139064575 0.0874532036984544 0.222508225290467
0.175455769772833 0.138075623612684 0.0137998490958668 0.139219406867731 0.292598079427085 0.240851271223801
0.0839003960976868 0.28334963947133 0.21549784818729 0.149933602708523 0.0988119181457872 0.168506595389384
0.0953993151932857 0.118063700335189 0.00368780099183845 0.309996430588801 0.121917377904229 0.350935374986656
0.299786064185869 0.0579588035993637 0.185100085857032 0.00201047866278382 0.240343667975169 0.214800899719782
0.0122639296446464 0.060626783630253 0.249842751941276 0.20066893381613 0.208606980026287 0.267990620941407
0.0932311743106782 0.166999838146861 0.168984187500638 0.215101466137053 0.199389616575823 0.156293717328947
0.192869569353502 0.0296861429225924 0.0849724924913173 0.356456394273678 0.230961838880216 0.105053562078694
0.0797570127954316 0.278074855423156 0.0211482189204233 0.290957101677018 0.0830985047199602 0.246964306464011
0.305988302588634 0.2091317024223 0.125923432877078 0.202313113196984 0.14945759029536 0.00718585861964403
0.0525618364502528 0.0693604650479868 0.20469145783093 0.348857459186393 0.0839503215155791 0.240578459968859
0.266210843632024 0.165183315600577 0.164861601564945 0.168388796472312 0.086840674374928 0.148514768355214
0.197237416500167 0.0716195821561271 0.0296367695484084 0.12010237632863 0.319735734565258 0.26166812090141
0.203775583732045 0.0536550222090152 0.229031378640991 0.240316085430054 0.256732630555418 0.0164892994324781
0.148466528653407 0.20131288845646 0.0731755825082051 0.00259823775006268 0.288731978042263 0.285714784589602
0.0335090126669701 0.0940825069579362 0.193553548168253 0.131389151004209 0.197257127166743 0.350208654035888
0.177273546084477 0.121016316071788 0.215754083915674 0.167497561848216 0.289876622969843 0.0285818691100016
0.352795502015417 0.190875513763492 0.125457834560947 0.260232148581862 0.0375117357623166 0.0331272653159667
0.415958933379619 0.00201507304192229 0.070647353832582 0.0185011176122989 0.338927454498438 0.15395006763514
0.24822524408039 0.0335505224473685 0.118475854008567 0.170181351054183 0.239835598418397 0.189731429991095
0.196873419657321 0.21053083773323 0.178821253389322 0.137960076075093 0.133683790155707 0.142130622989327
0.30285270753021 0.215490409704549 0.218853715209415 0.0335795353065044 0.147225094324325 0.0819985379249965
0.134543224526057 0.151798067674091 0.25121709716634 0.0962499775300493 0.0736124310058322 0.29257920209763
0.339416174934365 0.0766829018738907 0.250355067865023 0.00722602169902996 0.0407811318458109 0.28553870178188
0.107951210058744 0.106053538245964 0.123345631956757 0.210241655040927 0.333534305477077 0.11887365922053
0.24406363843403 0.211216566180466 0.229092862919627 0.0266686590327415 0.192173267839597 0.0967850055935389
0.21873029997197 0.0848935320261932 0.124438755151141 0.0855986171557674 0.266684542686102 0.219654253008826
0.160694419203072 0.231386937469842 0.0808956747671963 0.0524824848412722 0.242620774643919 0.231919709074698
0.0713670064889858 0.254205788258705 0.112889864101353 0.167498136267679 0.0970167722538558 0.297022432629422
0.242691799241595 0.22218827473662 0.19459944645767 0.0386804993800182 0.14129494230876 0.160545037875336
0.000116755950245795 0.115554164863746 0.115567743880809 0.285463319518927 0.220778325041199 0.262519690745075
0.235334505769028 0.125601898575828 0.101228027011906 0.285956540495311 0.194122060852845 0.0577569672950823
0.0709856599905064 0.0539659203788414 0.231624440224961 0.293571003413932 0.0927231646502296 0.257129811341529
0.0375628078719023 0.22657650590436 0.125528726623027 0.41311799235756 0.0270352897759881 0.170178677467163
0.149154345640568 0.0736412771435262 0.118093266170978 0.306885684646188 0.118971005529468 0.233254420869273
0.259610842643275 0.199441817259557 0.181349270619226 0.29044588259265 0.0565857180455853 0.0125664688397066
0.120403184664593 0.0368707172816973 0.315904554663574 0.300312053301803 0.0752153307256532 0.15129415936268
0.0878366427468359 0.318439277591425 0.11104200754666 0.328108282600196 0.121533051503679 0.0330407380112043
0.152710580487129 0.323346641503795 0.129254301024405 0.151821592721678 0.208497889133851 0.0343689951291418
0.243767964083515 0.202762053333769 0.158130793784332 0.0424109462125007 0.125002525574908 0.227925717010975
0.0122418949017998 0.217564268274375 0.17080255530016 0.271194613760091 0.281614390760016 0.0465822770035586
0.286869865601813 0.143318828212308 0.0433769373561172 0.205398860138377 0.260985427294004 0.0600500813973804
0.040088072541319 0.203772479972322 0.0452944592047317 0.123324090759868 0.0339555060846097 0.55356539143715
0.208393925888859 0.255557619567747 0.23026433796643 0.110191960104833 0.142849611697835 0.0527425447742971
0.20126424651008 0.0257228334049613 0.239086364627334 0.0329239612488499 0.0542474903500187 0.446755103858757
0.00683498264509722 0.0376782254855942 0.247594683926764 0.17704882550972 0.233947071481622 0.296896210951202
0.207293787518751 0.188151244132136 0.18581536984398 0.0785803365977865 0.0458350422555805 0.294324219651766
0.195081433922578 0.126381721100941 0.238105807357543 0.0051780631944887 0.224669244010146 0.210583730414304
0.172195898341307 0.0332282319191723 0.171975527872407 0.236869872151961 0.0691847631555049 0.316545706559647
0.192432684312521 0.244820864938749 0.156876817708742 0.195745184932181 0.13185248695869 0.0782719611491172
0.129047945297669 0.266907868084609 0.304793864715766 0.239486218119556 0.0314402641349554 0.0283238396474454
0.122285211781295 0.125552018487095 0.0649683869877088 0.235374960885147 0.201796505327082 0.250022916531672
0.177692380101921 0.185592747514493 0.042961400063065 0.178930782763638 0.22963620610578 0.185186483451104
0.331079949473029 0.00548136795074752 0.174445810172451 0.221695819370063 0.032568272905313 0.234728780128397
0.322472927190071 0.153902867569499 0.0528173817186345 0.305592443952085 0.0092935319059066 0.155920847663804
0.296180419368348 0.09343402830818 0.0954025792923597 0.0154425800034925 0.301754707589497 0.197785685438122
0.0580089774544171 0.172443918500855 0.0719260235497653 0.166951447032753 0.300607092515576 0.230062540946633
0.0283350464166252 0.301701401722006 0.151501925781144 0.0113556284330644 0.157529260302905 0.349576737344256
0.258182873751118 0.071434901514643 0.126460429216708 0.261695001888876 0.157792558962091 0.124434234666564
0.160734304596221 0.0502009907918947 0.290719233224821 0.170632076974974 0.0555887059446314 0.272124688467458
0.13858563199286 0.0758999415570975 0.251616031611473 0.211336957305567 0.20887767286266 0.113683764670343
0.363402562469876 0.012665468203168 0.273036400122564 0.052357187322426 0.280940739896301 0.0175976419856651
0.0253710582068448 0.0356184051280349 0.188698151428256 0.0421668873655614 0.313591403349144 0.394554094522158
0.242768965645039 0.146080514007314 0.178237714023601 0.143850438297268 0.00709759667344464 0.281964771353333
0.0826974195507461 0.143474118061259 0.175262450259317 0.271919697414685 0.263880284433872 0.0627660302801201
0.055277000452579 0.231934376241114 0.243698153829976 0.318284181249995 0.144210008914039 0.00659627931229622
0.268425779518574 0.192163212069473 0.2282437122902 0.103037930850634 0.010146997773283 0.197982367497836
0.0240450676265435 0.440650467792187 0.248589132279347 0.0934554149974294 0.015307395923204 0.177952521381289
0.227555232703216 0.244660910481801 0.185889651762583 0.132828397024996 0.12928682514609 0.0797789828813143
0.318342672470591 0.226384729973971 0.0231664531156453 0.0298193977097949 0.327188069942648 0.07509867678735
0.0638401165795942 0.119243350596188 0.263476706625003 0.201399029099571 0.167225364630161 0.184815432469483
0.147854276461619 0.12701581526129 0.190445850950547 0.203218399356544 0.15555444208166 0.17591121588834
0.160156780817767 0.181821291800634 0.190182761818579 0.0610224157860664 0.244710984792126 0.162105764984827
0.0341085784455923 0.316252862602224 0.0399121353992256 0.127228603168827 0.193318572530507 0.289179247853624
0.204353084826132 0.178474111803108 0.152353530576272 0.138049156262261 0.184912619534539 0.141857496997688
0.221541078049255 0.0235640039325476 0.29784626065842 0.199362866567443 0.0015241233621479 0.256161667430187
0.176599852351492 0.157677639700448 0.34055307316611 0.0106760109240042 0.125230989847486 0.189262434010459
0.0412607130927393 0.0844668111387935 0.219203660337862 0.186879137452155 0.379565790146771 0.0886238878316802
0.315741825904454 0.0419395628243636 0.254264154451245 0.187000788528618 0.193680516356112 0.00737315193520746
0.0382852017673188 0.196445957954629 0.201809008185925 0.195239435073249 0.169186608927946 0.199033788090932
0.134492196851214 0.0637511185762703 0.2924841377859 0.264939778378929 0.192589539983431 0.0517432284242551
0.234486589263997 0.110026519165728 0.0597276440559601 0.176053235529213 0.218008219315825 0.201697792669277
0.00908075753204927 0.126822097837711 0.0711779995088234 0.138486683230165 0.338954711873061 0.315477750018191
0.254120155605799 0.190632156404519 0.256236221880218 0.144972821774528 0.0626181853402424 0.0914204589946936
0.0687978797753657 0.149907176366631 0.257117739792814 0.116817327953064 0.192348929404328 0.215010946707797
0.0986871050554305 0.10937205448344 0.297412564232485 0.149967829189507 0.0505058995254887 0.29405454751365
0.0557622226204747 0.331524428111902 0.0696891690723463 0.18983416184959 0.147016296763685 0.206173721582002
0.0870210551431089 0.272852418177421 0.0866311271881738 0.209446850150743 0.291674926718466 0.0523736226220873
0.105656019374422 0.00459555478877551 0.332085450656175 0.124025820923412 0.102712404331983 0.330924749925232
0.133373308150885 0.155302599609962 0.0354474686107692 0.0280526016352639 0.391400612043474 0.256423409949646
0.0956253539150396 0.122298749544846 0.032588539727573 0.25795346487258 0.192991343949585 0.298542547990377
0.270092818789954 0.323174081970926 0.0872310073937103 0.0366229904927233 0.0349114664636575 0.247967634889029
0.00533263258821844 0.0485120773962019 0.387913036753404 0.110795794370502 0.400146494433788 0.0472999644578861
0.0464391686130871 0.0138078743542211 0.347727354919143 0.123311171935969 0.33316433017201 0.13555010000557
0.0689496173350863 0.296428688204635 0.297226290316618 0.063099442143507 0.0566779123053209 0.217618049694832
0.0719229634912359 0.0504562301404356 0.12921904250914 0.325688315158428 0.118283348546245 0.304430100154515
0.159700043776935 0.208679842870875 0.102887652341969 0.110060121832144 0.25204821687752 0.166624122300557
0.27166932988188 0.242460996989296 0.102428579653932 0.164981469531171 0.073553364887699 0.144906259056022
0.216129853580088 0.0588686379575206 0.188648452196945 0.231988756717283 0.115967746771394 0.188396552776769
0.0453614193688043 0.183045021258578 0.0601943462020678 0.362919904165449 0.109809035626001 0.2386702733791
0.0327931705622465 0.13588677671321 0.108695670020976 0.266976488907518 0.32370441687418 0.13194347692187
0.156955441131563 0.229663391753261 0.0971134258262982 0.0543830790464131 0.25990917708359 0.201975485158875
0.271744821534209 0.150670508504506 0.241809128763572 0.0041762946496935 0.116330669619895 0.215268576928126
