0.0710274234825856 0.134831588268003 0.147688622587642 0.0726703897811029 0.122935687967258 0.132643590981448 0.136261299663422 0.0292062981802835 0.0100408829355015 0.142694216152754
0.0769767537171702 0.15153822027514 0.103478572685979 0.113212526174204 0.0138857686682042 0.0831471512373091 0.0494218243849021 0.0681057745081835 0.173357040900522 0.166876367448386
0.0657650174269031 0.0240480848284557 0.190411109245143 0.0292681551603049 0.210522052556352 0.123714050185605 0.156833410309496 0.103672857732442 0.0485105864476383 0.0472546761076583
0.00185263813165754 0.149513240333566 0.0208235617008201 0.0371884939611538 0.133344590233595 0.155934870346454 0.120106218170956 0.153153424948822 0.106463885820313 0.121619076352663
0.0839696019106205 0.100926271614434 0.0629113042140497 0.158365279891174 0.0567924022455389 0.146094527606891 0.181494674528203 0.0808404258309054 0.0617514626371404 0.0668540495210427
0.126132607201843 0.120891090688661 0.150451219026412 0.0389847217308649 0.00558909138625816 0.143663999317366 0.146493118573969 0.0461606138112714 0.163609941323002 0.0580235969403534
0.10419883617923 0.0688784309528832 0.154064367692223 0.0632973399868228 0.141171166706679 0.0528269228241839 0.149863382779148 0.12141586967393 0.0583368532306204 0.0859468299742798
0.0632467700517477 0.02885869299068 0.0671710516336466 0.0875139686532042 0.0926843512468089 0.1587749078882 0.114182847848692 0.0923343499419377 0.173564920747056 0.121668138998026
0.100282822546046 0.182145202858511 0.185086564873426 0.0122622591281849 0.0849282669290462 0.0632945950914956 0.0605382188698299 0.132533853826473 0.0103282184489714 0.168599997428016
0.175857012558367 0.0539424596793473 0.0148042565386011 0.086088861273353 0.141999183127278 0.00181260073358655 0.166692366003886 0.163023706961262 0.154362174349503 0.0414173787748172
0.151762582256582 0.0619044744416983 0.116330473164275 0.10629984777841 0.150780320304775 0.144813826905891 0.0641589849870885 0.00231787287007454 0.0454386918558509 0.156192925435355
0.170103611119073 0.079092356532087 0.062434726220444 0.111600341540612 0.162573871507156 0.151819240565785 0.121980038264836 0.019557466333615 0.0604276767122391 0.060410671204152
0.00428526101386203 0.0986942334486366 0.0551526663198428 0.146586459173887 0.0831691981955058 0.187964416822047 0.148726471321983 0.113777656634358 9.78749521696626e-06 0.16163384957466
0.100475222382898 0.128829199512606 0.0678711192864104 0.00360816552076388 0.0381321246373132 0.180674385740708 0.161735227000755 0.0388074174849299 0.168299976811434 0.111567161622181
0.0946426802199895 0.0705390134469229 0.16332515414842 0.168339360143519 0.0185998439660906 0.138725203024724 0.13120770811175 0.08642533363946 0.0408077750148553 0.0873879282842692
0.15821166670377 0.133250368127606 0.0869503024446956 0.022507474777501 0.120009824776129 0.0317130563149978 0.0970336774573345 0.137825294471429 0.0590783257108789 0.153420009215659
0.0254094222872966 0.224518661766526 0.145538226784306 0.0613221496296688 0.158792427561315 0.0504165943461599 0.0345298737417857 0.189987127792397 0.0817443225811229 0.0277411935094219
0.0569374760584327 0.117136687627578 0.170727723908427 0.0498765394436207 0.0595154040099055 0.128377539277832 0.0891657881314759 0.136107525430672 0.116848894438322 0.075306421673733
0.137620156866311 0.00486912445333223 0.00119640423730946 0.138587627576708 0.136620077058046 0.140525278888035 0.123393223140435 0.101301269748361 0.112949980853951 0.102936857177511
0.00128546223885477 0.0669239005072374 0.111542908809737 0.0487683473961469 0.0814838318200889 0.175289956352426 0.0659423430030964 0.0659943926110451 0.182384517980548 0.20038433928082
0.112149021385058 0.032346874993618 0.176323282076042 0.162539280779735 0.0762265296130157 0.15356451289439 0.0772542889647075 0.00918931043237427 0.0354372325331943 0.164969666327865
0.0484551137820149 0.0976231307704369 0.040354231007705 0.128270694820738 0.0235370316556784 0.244549800046915 0.132276802498458 0.0935955377526432 0.0143877069382101 0.176949950727201
0.0808914460608452 0.00414886427570806 0.19390032479687 0.134713465014756 0.111197543618159 0.111119811730678 0.0157336402736729 0.125114120191303 0.0930002784816159 0.130180505556392
0.11650834422708 0.044636876124565 0.211776095705913 0.0448922939689511 0.238914600264075 0.061753122655418 0.0145260722377727 0.0282448480131735 0.0635417365284287 0.175206010274623
0.117589611132601 0.188009575703286 0.080003639086585 0.0550116842722162 0.0501996656036863 0.172463892763086 0.0692731590183233 0.0654039268428401 0.0333854228784308 0.168659422698945
0.218537763089056 0.0871873871460065 0.09716392558459 0.227723454813328 0.080871308256874 0.0490191053413554 0.18428164423108 0.0333183777200162 0.0116606738067587 0.0102363600109353
0.150084401300597 0.0206405374248496 0.122270242225634 0.112065616679662 0.0951086784837013 0.01387955026377 0.00403936110711756 0.22639008954387 0.220001492161363 0.0355200308094354
0.0912815427931511 0.119002412036345 0.0572494298228395 0.0413759585478642 0.0895113294516016 0.130857197090254 0.146112909603008 0.0773446472712977 0.11355449789932 0.13371007548432
0.0881130632422739 0.173654063034485 0.00792278714937781 0.0913266492411408 0.0784304362627585 0.0385796285787856 0.0722601416556915 0.125362822740066 0.197675456320789 0.126674951774633
0.0300751508760118 0.122885748291409 0.00572373293770643 0.147036759723524 0.088887905853749 0.186530342940168 0.168125245491226 0.0732528604723756 0.14141989060273 0.0360623628110992
0.0622166357459921 0.131309853180884 0.134550021089655 0.111445044757967 0.117852313903125 0.101231496335774 0.156869812438222 0.0184334847200548 0.000324204069455232 0.165767133758871
0.148638215241199 0.12346679864033 0.0698366821191446 0.150735486707005 0.0285318483876319 0.144703286775509 0.102429650087442 0.0649580720682645 0.144339494450943 0.0223604655225316
0.0515656034137629 0.158718825376142 0.0923401913993716 0.132892263082932 0.169342446017311 0.129179893152899 0.0902215726419412 0.0908408337186664 0.0430230146597725 0.0418753565372009
0.0963346627204075 0.00678650189581146 0.111775689931436 0.106297909699505 0.130979988378894 0.1249275179869 0.160304052460084 0.148896655533619 0.113457616260592 0.000239405132751567
0.0802036434669584 0.0768500283575596 0.0803497989872396 0.0454599188373721 0.135641852980185 0.163956524137981 0.170769931085296 0.115936481775838 0.111746668699657 0.0190851516719132
0.175850840141913 0.158548824106892 0.0690349305031938 0.0257712906677988 0.162014830742262 0.0397637500701539 0.0335958642210919 0.0534028239409022 0.160597652075231 0.121419193530561
0.10397193530705 0.119697094363592 0.127447960673348 0.0148585754293781 0.139999741341976 0.0914970825965085 0.156461672954055 0.125885186443706 0.0627959078882769 0.05738484300211
0.113057256889513 0.122827156162316 0.151735259967683 0.127177623868929 0.0983035921832975 0.0157432058228493 0.0707349367137951 0.152797166341368 0.12603260799179 0.0215911940584594
0.144405722865697 0.0370740454962297 0.0441004492215418 0.0174178519487461 0.14068229539535 0.140966693383191 0.0909659553228661 0.0984695032356836 0.192706310586813 0.0932111725438804
0.0309902389016297 0.00327044282117997 0.160080472089337 0.149376090136036 0.13344031982971 0.0238341347923998 0.145286419590156 0.111508970611078 0.0836670139993174 0.158545897229156
0.209493027127971 0.194489521576463 0.00723306147785902 0.158959797894548 0.0713688246640158 0.0455657555759181 0.0501364999124054 0.0679882868565915 0.142350516621651 0.0524147082925774
0.0296319461697054 0.151690945095015 0.0739144210495985 0.112524600711024 0.0996268973633901 0.14821219577259 0.0736870896132453 0.14500677186641 0.112521322517989 0.0531838098410323
0.0753930796872884 0.175997890394709 0.125655348704747 0.00688389720283335 0.230960105288623 0.0905649426016312 0.0139484341152765 0.0251718373963362 0.0649794576524551 0.190445006956101
0.0250581346835711 0.169877260995529 0.111949126635838 0.186852759288436 0.0135342920106229 0.194639781221401 0.00443549106391748 0.15983668194365 0.103177246635396 0.0306392255216387
0.0156565756308623 0.228497316653728 0.11325231931898 0.0730621704193108 0.0648196634431736 0.0270162848422079 0.0401849376269804 0.225049455261567 0.0776155845113509 0.134845692291839
0.0612997396076539 0.0974209531463417 0.0547466118915246 0.166822488838111 0.13461564676428 0.160196360546541 0.149086843660368 0.0151398442399661 0.0692798892765749 0.0913916220286379
0.109917858618218 0.0596499888199329 0.148250703245629 0.0629760797693637 0.0423294327958528 0.109368908839571 0.15383577046712 0.0786857666167741 0.0954992213188373 0.139486269508701
0.0427747460737636 0.171442557999471 0.0361268319637924 0.0214993345392096 0.104631783108524 0.173912652106742 0.135770438243439 0.117180197373566 0.135752589754423 0.0609088688370694
0.0847715280660512 0.0158483626963936 0.0482068479824865 0.0944594627602745 0.0203659789687093 0.00894645803328444 0.182464531348806 0.147812495524313 0.201228238609807 0.195896096009875
0.183565679310479 0.103075745454957 0.0380760693279037 0.0472624482470431 0.0488127892781861 0.0652120374734198 0.183975069978803 0.16382881543754 0.0876041524118754 0.078587193079792
0.0752296289539148 0.170630568734331 0.137413803587323 0.126078861457228 0.0454785333860812 0.0737949841687776 0.198746973693714 0.083723400857077 0.0393093519627337 0.0495938931988199
0.164643259257414 0.168250019859275 0.119154529189601 0.129036362262239 0.0241648076575764 0.0137581891819705 0.132767221045954 0.0449699372200656 0.0422348817675751 0.161020792558328
0.0677330721992946 0.0957911364892696 0.0364263923688461 0.176544933905031 0.131470009909842 0.179437449068477 0.107663557544568 0.037750592143777 0.0444683018540084 0.122714554516886
0.0645935351577164 0.0581848958860634 0.223134044839441 0.0551515348820212 0.00907619264179856 0.0562900755294689 0.0947777178253199 0.120920252956526 0.209997637423477 0.107874112858167
0.011624924791781 0.189000860370865 0.0630449109474065 0.0298557564204462 0.185086870993172 0.108069819222965 0.156012399519494 0.0451183895433079 0.109174911973496 0.103011156217066
0.0640774418711804 0.00514745841303261 0.177906985924891 0.196349984079393 0.0688623566437358 0.168234236923197 0.00556786686928862 0.170897396912902 0.049132202493743 0.0938240698686366
0.186140964009826 0.04956725711601 0.0719259089290102 0.0226051859751551 0.104776523005963 0.141161642121828 0.210804689600511 0.119200317103278 0.0731366889441599 0.0206808231942592
0.0744255045694391 0.0863965856866167 0.0314100300313135 0.119491641805636 0.149491761155287 0.135376310418392 0.124867050345475 0.0863527027196823 0.160099127850493 0.0320892854176655
0.0935034328505083 0.227878367020977 0.088323975807352 0.0731584784287644 0.143267714040043 0.111168308658065 0.0558114654340175 0.0695695931049981 0.00591692683799902 0.131401737817275
0.032073591280916 0.25245575978421 0.0282593691745384 0.00319980840676378 0.299195732946534 0.137281130266194 0.0509888258220531 0.0467497213749318 0.0204831521590271 0.129312908784832
0.0959308337096293 0.136362911917747 0.0161391726187614 0.0449068576955967 0.18554143034593 0.0625496817996092 0.0779550871350503 0.160442945328152 0.132917288775952 0.0872537906735724
0.11078874143039 0.0502493157651306 0.0787593874986396 0.139544361723169 0.112608566211427 0.10952407452882 0.125457674099219 0.0555143293925665 0.154907193259246 0.062646356091391
0.162915062062442 0.0403103279569629 0.171048459849339 0.0117711505725242 0.0670207648083806 0.0753234708090023 0.0957588100602636 0.168594684951292 0.136834417859459 0.0704228510703345
0.0123445880929055 0.150096323987409 0.0449135265016164 0.160163640647152 0.15873639912021 0.0773648223068371 0.173599278378608 0.078348733455799 0.131803842147352 0.0126288453621115
0.218887956477586 0.145923945344975 0.058663141526921 0.0128400084705011 0.230027722560655 0.0692318672388523 0.044970730751809 0.103973974525605 0.114257326793555 0.00122332630954005
0.147107702445823 0.00507408313401667 0.0738555018734344 0.128693678664532 0.139750034116821 0.157758650164809 0.0462469755430856 0.133980233885769 0.100557703568695 0.0669754366030141
0.0671836305137703 0.130802473988173 0.107580359181929 0.131907115421554 0.0525074929334356 0.0941176355486746 0.0939257641682144 0.126831520141696 0.104827992492999 0.0903160156095542
0.141585849480701 0.0297804900394184 0.167683901575722 0.0223743382267336 0.0686986617103049 0.0208424405006476 0.117936574536763 0.167225499151423 0.098205723458697 0.16566652131959
0.0174479511421056 0.0974905700901579 0.0602285780038924 0.0685247894302636 0.0242659564214183 0.184410284477141 0.0721168580936733 0.204550277120312 0.10932143825298 0.161643296968056
0.17348945205489 0.0914149686983578 0.0210071161596494 0.164596371159097 0.116004574882085 0.180346758182842 0.0828227837129547 0.0453258220770965 0.00542069442786163 0.119571458645166
0.161231381117649 0.0457619783121865 0.0144195728451187 0.0592255057840281 0.114309509863483 0.145707295090195 0.146589366439158 0.122100856169013 0.0356793765792689 0.154975157799899
0.119290605780975 0.243405985809887 0.0278355379116152 0.0167310525469995 0.0825318479094075 0.00299743538665001 0.0514500824678187 0.00771019091924371 0.343349821697929 0.104697439569475
0.162661245609953 0.0869627629700989 0.00809939332321442 0.116314377359329 0.152144403526964 0.245678667383427 0.0166566223441183 0.154831121984836 0.0170781570499881 0.0395732484480703
0.0841326267587331 0.0843091447793203 0.170305430188189 0.10737677945706 0.073391464530837 0.11454387830594 0.161376461878196 0.0876936938839206 0.0950860204250197 0.0217844997927856
0.224690485196748 0.00281466061753783 0.152141223778046 0.219358959429611 0.062969069219798 0.0518189571037705 0.0461959146908465 0.116514278068865 0.103358872226029 0.0201375796687484
0.0204157638616688 0.0556561440203369 0.182795283907987 0.177714761843794 0.0283857308811982 0.048931767450116 0.0292527892318516 0.214509861958392 0.193677768573547 0.0486601282711077
0.0375759877276981 0.11575945510562 0.0264562786815689 0.134333633655692 0.00494797108165953 0.0599780044984602 0.104254326509522 0.169500517614915 0.202863187706386 0.144330637418478
0.0632820988696046 0.178192196631938 0.00520110145070671 0.18177072986155 0.120228616830645 0.12725399906305 0.195999831773475 0.0278216534173222 0.0307014637913803 0.0695483083103288
0.0782518640448826 0.0539140390631919 0.0647577108479612 0.136222018014307 0.0613517551165884 0.104345927029384 0.0910904295694071 0.158128258484214 0.126935554728054 0.12500244310201
0.134352954965072 0.126375367683581 0.146275790265078 0.0367441783616637 0.0817485540084527 0.111805039823068 0.0145940489150292 0.153509688695303 0.0547743928274306 0.139819984455322
0.122182946890158 0.120537523889812 0.21453946285278 0.0796417446167565 0.0573799298893057 0.120469350905535 0.00785647362993124 0.0819780664629712 0.0928064530941737 0.102608047768576
0.030432055428944 0.157979327504848 0.15308736880084 0.0288479792238915 0.150112607546533 0.0491987645664897 0.127137680108367 0.145832645862224 0.15346220987257 0.0039093610852928
0.0628050104422636 0.142350518537634 0.113928849680148 0.069530305356138 0.0164382018730499 0.136456764434357 0.0232828972678381 0.168781482643061 0.0764053729824413 0.190020596783068
0.0714161225408703 0.0405716871398287 0.145756337092247 0.196037708255584 0.0335767291591411 0.0395196563511206 0.0298044164472758 0.145535487218757 0.211760410946056 0.0860214448491188
0.262725423110414 0.101233585719204 0.0107748540326688 0.010830593189899 0.199991799704275 0.0490479326915786 0.0195400196910152 0.0839850947395164 0.0673322875946896 0.194538409526739
0.15494011869059 0.0768698577573792 0.152432273669868 0.0232205713883749 0.0627580519763501 0.00408118378125603 0.14912294311816 0.0731918094570214 0.161923183715187 0.141460006445814
0.00655024421122431 0.0103403481462386 0.0961535952170281 0.0585000647450996 0.090269694903895 0.0586884128772063 0.142833087413292 0.17498946188863 0.173010671656666 0.18866441894072
0.100660302246057 0.0911236875630718 0.0473937981806605 0.1246037223822 0.0519462570126538 0.0729141905377049 0.166622672614817 0.155331118897644 0.0124328808210965 0.176971369744094
6.81776574946883e-05 0.0821002342201735 0.155825673561237 0.176961258628321 0.187828450988605 0.000791496301617075 0.0514184754780253 0.150759743953981 0.0138101463476591 0.180436342862885
0.150355961383755 0.189644628243889 0.118039993442727 0.153736817274288 0.0595840367910504 0.113643086764407 0.0906684441049724 0.0250078368997916 0.0518680034229546 0.0474511916721654
0.00787615336581853 0.0211170889407417 0.165530851986317 0.191296996666978 0.152621376875398 0.0261526428088646 0.0250821998050255 0.0761966808652144 0.171329825082037 0.162796183603604
0.185665391566977 0.135238619220811 0.0558422844132374 0.117573685276076 0.147214475439513 0.0781414593751699 0.105050924202814 0.0142940123569438 0.0632414304449676 0.0977377177034907
0.111318200604419 0.0387261479676994 0.124266198703941 0.121427219943098 0.109882382504301 0.148640371292549 0.147864601618105 0.00558735408464872 0.0596532435793497 0.132634279701889
0.165464406846175 0.120261629968685 0.00141474582213801 0.100213426505217 0.0574283729924768 0.230115842332993 0.161351400616196 0.0900849424076075 0.00646098462251263 0.0672042478860003
0.131520374234101 0.127330336575195 0.129694285075355 0.0312943734843247 0.0824927788250993 0.0912001618179147 0.116568473009626 0.167559246911802 0.103144139768773 0.0191958302978089
0.0697220530737917 0.210095994801339 0.0324221442373012 0.0731123778290305 0.206042209388171 0.149775576609861 0.20143229152539 0.00950513951919061 0.00588566679111587 0.0420065462248093
0.160170030186999 0.00764798771062101 0.142411195359548 0.130135842968527 0.0582371498192091 0.124953697451031 0.093016615303285 0.0745648142132394 0.0735179204951746 0.135344746492365
0.0186279296952714 0.183597421944034 0.113718956901668 0.051695725825022 0.137812995339633 0.170635455698777 0.0209457545162615 0.0858992852129854 0.0303989200420266 0.186667554824322
0.169304081357066 0.15815896710301 0.0361854845143102 0.0798334702437545 0.190452428053739 0.000413097682466707 0.223548910188379 0.0725291856473361 0.00409775753760215 0.0654766176723375
0.168668082918687 0.163677825622202 0.0244635292017234 0.152743729988836 0.125900696127848 0.0924893142371986 0.0522517667472766 0.108186988304608 0.0306337226663136 0.0809843441853067
0.00358293944563868 0.0690413570745682 0.106137035783593 0.198166436240788 0.0873544366750337 0.0336065867116508 0.00507122261331456 0.216812593902539 0.116074869900462 0.164152521652412
0.152416281503689 0.114195710181813 0.0296188179280038 0.149253369392741 0.084823884473051 0.00812942093304547 0.13036273947753 0.126977659905738 0.026970494881717 0.177251621322671
0.0677962399389029 0.0992880815977595 0.114813846437095 0.182378516708139 0.0329080112870975 0.22687554642567 0.107746489396813 0.0271182987373251 0.036876694211638 0.10419827525956
0.0608288502057218 0.0526031191680586 0.119006606539413 0.022058126992986 0.201995489720562 0.00233987919969954 0.191978315178208 0.169412329094369 0.0127162414254789 0.167061042475502
0.114241741146362 0.0364743206282635 0.00276801849027854 0.0167871258572687 0.146830464143887 0.0177224756337366 0.199507707151342 0.180818327913525 0.146263331817542 0.138586487217794
0.16530837872175 0.0826796344368239 0.0541657230463202 0.156949571903876 0.193508514608511 0.114450804778053 0.0104823970283574 0.000762107010346956 0.128965533583894 0.0927273348820674
0.156409774975164 0.214797848419885 0.175876147701526 0.0679533075772737 0.00559305470112033 0.108165809259141 0.134814557656088 0.0392736012970657 0.00323498276143611 0.0938809156512999
0.0863316723239108 0.100381434748946 0.202560145211708 0.16927146225389 0.19152500615114 0.0266702789930735 0.0342912122000824 0.00565745059686707 0.0866592267503225 0.0966521107700595
0.191261639957716 0.128872068908436 0.101930128652864 0.00341270756333356 0.0552668266855245 0.0684219461482615 0.0536570256872652 0.118562960919567 0.22041949389031 0.0581952015867224
0.0451832507841138 0.144075437887897 0.0849913322552847 0.0406668297965614 0.227410683123145 0.0015124985572324 0.154830306907954 0.106633355252809 0.0574414053389168 0.137254900096086
0.0497297720551025 0.0735421190409032 0.0638358405760715 0.0670285492302312 0.15935677406237 0.0634474441695365 0.1724110403858 0.058874464524188 0.173259720035883 0.118514275919914
0.0892432636329287 0.148004640795645 0.112763340197986 0.103584139114303 0.0651286923509516 0.101151023808446 0.0678306301336091 0.107920968819389 0.104013411495367 0.100359889651375
0.127475689511394 0.0898090820386239 0.141472922261527 0.106327827434892 0.136769041088882 0.169213828234011 0.0384887265068548 0.144554037238434 0.00702065829071472 0.0388681873946673
0.16084470669565 0.170357894640894 0.00953640639993812 0.128339909760105 0.0363484784696582 0.0844466070937463 0.0965957791905763 0.140018928392607 0.105634491164005 0.0678767981928204
0.0832714852149207 0.0214327000226864 0.17482917083393 0.206327939272041 0.161460847202309 0.0740061866441746 0.111527376572687 0.00521702822944589 0.00324551500773688 0.158681751000068
0.159703337630014 0.114397561855661 0.0985525735727054 0.0479287470428846 0.133045956562015 0.0997281699239344 0.128549315644575 0.0640287672972366 0.140995720743366 0.0130698497276077
0.0139081135608557 0.0852744855754681 0.00419929957526172 0.0626911045026648 0.0118282544874398 0.152199104765642 0.282155766676885 0.0580281168509305 0.137417193342937 0.192298560661915
0.0743901904114409 0.102583326018856 0.0477131131931485 0.00535233097544956 0.132671788477469 0.09089066356973 0.183834234158059 0.120603811054758 0.00826501312433391 0.233695529016753
0.0666675217799798 0.0258705930276829 0.140379071544269 0.0855753192134994 0.00226233654050896 0.15480816718966 0.147442424660024 0.0698856515500468 0.203339434612703 0.103769479881626
0.168087670839524 0.180140441767139 0.101705388126303 0.0619100033928148 0.077402822103016 0.0892206305596071 0.0487895796092713 0.0642486127424113 0.148523667076233 0.0599711837836806
0.0703416464926604 0.111432447619601 0.0776814096293015 0.0988479739179672 0.066198285987563 0.120028772361294 0.128953847486496 0.0771933794806992 0.123026359862639 0.126295877161778
0.110513929484119 0.0635179269959873 0.206203622414129 0.0336182649791252 0.0580247340721532 0.0606840111415825 0.0457395101955704 0.201045803106983 0.0760386065649233 0.144613591045427
0.16738094677076 0.0575778245716837 0.190484388318977 0.0747586061473391 0.091224156514667 0.0714917125300095 0.0834327323284793 0.0523982804111228 0.0826522381865932 0.128599114220368
0.12656478741105 0.0281352412050559 0.0938853910958393 0.0461231921228956 0.201068307837818 0.142926624840712 0.00396780094207317 0.196795135774033 0.0624992435512832 0.0980342752192399
0.132317690231559 0.119961571610974 0.0652615576678333 0.0781096634134662 0.134129405731533 0.129585122527587 0.131268948066562 0.0808254315656551 0.0179821361878109 0.11055847299702
0.186036526944747 0.0683085093794598 0.106610796519452 0.0537365030519736 0.0363163026412173 0.169340152425448 0.110804112042607 0.0955714149551745 0.0199252470424518 0.153350434997469
0.177813587032216 0.10428474518065 0.0230089137840228 0.0256144843475771 0.162316571979751 0.0255768994295835 0.0874228144388796 0.116464102439501 0.113119092154974 0.164378789212844
0.00280877237462955 0.0911583936197537 0.109043692478919 0.15337153977722 0.179840822763714 0.1239640296742 0.0123112250790206 0.144136083093615 0.104874960814609 0.0784904803243198
0.0559384406540341 0.121512261545694 0.0946386072989145 0.163554141969205 0.100128579851477 0.157829395816851 0.00718229846740053 0.130748602286486 0.135759324178952 0.0327083479309858
0.11300453755398 0.112533456745632 0.1044510420871 0.12620668297711 0.169191771021528 0.048408532693839 0.184830196173196 0.0148434774109008 0.0791155793267904 0.0474147240099233
0.191756143166836 0.122761034271981 0.0646332930607046 0.0364896528541546 0.0939734023244052 0.0562335384682017 0.150357170588325 0.128705769396165 0.092387914208983 0.0627020816602444
0.0878922892255692 0.132554331995385 0.107351737644313 0.126764954514736 0.106514423921855 0.147493097008036 0.00510778932113486 0.0601843752552281 0.134506202964655 0.0916307981490885
0.190652830642265 0.0728217688613828 0.0407636632134513 0.108988757569337 0.109554545862195 0.00162244336388155 0.245452048250743 0.0944676626359375 0.0748889731001399 0.0607873065006677
0.104554299323895 0.104772639894815 0.025938104209286 0.00715806109536242 0.12177635338682 0.117542184927439 0.134793545519831 0.122504453102433 0.150597399690668 0.11036295884945
0.164901061413144 0.118427382566851 0.0735053797064209 0.0911149772909983 0.00815136411800321 0.112315014278402 0.0720057464869384 0.116500906662875 0.184694462502162 0.0583837049742056
0.0536462196756285 0.00823453289248913 0.145504162595238 0.0383699418365654 0.173167469975784 0.136288701128918 0.0672945945564284 0.12689168079437 0.146493771905169 0.104108924639409
0.0502470652947529 0.110282223728265 0.1051463126308 0.0737424001555636 0.107084111596729 0.0509102129376138 0.169835438565446 0.127845331706186 0.126623947353198 0.0782829560314454
0.107518282777595 0.178582636751087 0.045353224745443 0.0178494965796235 0.0430397932937909 0.138649315490128 0.0826554010728796 0.0105298402571764 0.161944781480491 0.213877227551785
0.146327457463887 0.0750971058280526 0.0658706530955614 0.0187573499997842 0.142533497980733 0.144474782639649 0.0704374400479235 0.139354675281643 0.11678703640249 0.0803600012602761
0.0305505611598081 0.150712677778191 0.184331227168256 0.0858653430257374 0.141782646775172 0.0594198393550728 0.0998325977344231 0.137658074368628 0.0257807714587311 0.0840662611759807
0.0929737427478796 0.0258877560804169 0.146517915000881 0.15338117183675 0.148577155144271 0.0357712435303035 0.0125671081297592 0.162676853596511 0.13334499543867 0.0883020584945587
0.156468723541376 0.0555473733644367 0.00624842014983416 0.0668973968745897 0.20321736318185 0.136692406970543 0.0102761433236633 0.122051508475238 0.208296702016217 0.0343039621022527
0.156045359363698 0.0782115536327654 0.0918012491373731 0.161965693569712 0.0281168906315917 0.0179522824864075 0.0708960835182224 0.0872290618836983 0.147998114478662 0.159783711297869
0.0263159298115967 0.285638676064081 0.0869671518678239 0.120332795632593 0.0020548148295055 0.0939016460338299 0.0200525972683919 0.141854702907843 0.0817957879133441 0.141085897670991
0.0708129068902073 0.145750124187506 0.0566590467167974 0.165171165767924 0.123548816534768 0.120247668155112 0.0401373664131006 0.168692175886163 0.0271838337174022 0.08179689573102
0.110828944264286 0.00517580290695496 0.127921760281658 0.10030495596098 0.0957045692730067 0.112656453171625 0.121959518778438 0.123472916170425 0.0990418901096564 0.102933189082971
0.125195642536392 0.107385922140544 0.11819007225543 0.0255322761339622 0.055487244877831 0.120574309981293 0.110271663518727 0.150714157753563 0.0215729527847812 0.165075758017477
0.154152948021245 0.196605043080747 0.0247286908586471 0.00426488080282579 0.137028426056332 0.0858289014963303 0.087662894999819 0.0808899813231249 0.0512972811111139 0.177540952249816
0.139033173423205 0.120838753817326 0.137909346614488 0.100240124916149 0.0561949674867974 0.0165583618196092 0.0139599156179018 0.15182007118133 0.116269859247518 0.147175425875676
0.0807018470854845 0.186783934690404 0.0834864495263044 0.0520112088735602 0.0710630594797005 0.138841387171239 0.13223243653935 0.156735551580012 0.091441149286051 0.00670297576789476
0.130484440321538 0.0671929263582553 0.0652348810692975 0.203503847173966 0.0316873035197468 0.185731129021778 0.088445789544502 0.0261637929375142 0.101175692462232 0.10038019759117
0.0614084302447938 0.189577858504436 0.19750869825305 0.0355551348517776 0.013051383536519 0.0765083981365125 0.106546428906795 0.0541235341529088 0.193524934345758 0.0721951990674493
0.124336745840285 0.0874234707744637 0.00868943564351641 0.189974374756493 0.224082237901112 0.044614178157916 0.0357365501520617 0.00597498166162278 0.222281801778724 0.0568862233338053
0.0309882019810162 0.16191771053833 0.146685972856705 0.211526916284396 0.0148681505815254 0.131302528218455 0.008158164432329 0.03590521211679 0.105095530008035 0.153551612982419
0.0637040663753174 0.120977971841462 0.0777879128309047 0.00533792603211061 0.0551533908205011 0.130603562749219 0.0355641630097776 0.19248521060733 0.168028942116258 0.150356853617119
0.167656635355268 0.0330487223207739 0.0700984346010767 0.0347499922653151 0.203798412020786 0.125788906042761 0.139682580245835 0.0520201576200994 0.0666635935572783 0.106492565970807
0.139801661566062 0.04350510445212 0.0844875011361823 0.146157356497501 0.0582771316221661 0.153978095957689 0.016153920050117 0.136709731382034 0.11977993214861 0.101149565187519
0.149308161470968 0.060172055800978 0.0648846253097911 0.0826249363731865 0.0461342730752635 0.154904464965066 0.158658461099819 0.00598771518816085 0.140839344112997 0.136485962603769
0.00571313855233235 0.0192933129489442 0.168844414133405 0.101779467828801 0.0261038476455823 0.119634399293219 0.175472464802093 0.189012583211263 0.124576539428217 0.0695698321561437
0.0167797446186116 0.13895222397344 0.248088020516758 0.0188668858568849 0.093981459953356 0.00633236252858976 0.0308760228188193 0.148387033004348 0.239022766062766 0.0587134806664269
0.12155287729775 0.184069179127681 0.0792198376519219 0.0374933645979238 0.0401403702336336 0.155566144359747 0.0925411799572078 0.0616893639486554 0.053993383511442 0.173734299314037
0.0874847038259642 0.104877606154395 0.055372645883712 0.207345100066364 0.0853197770247179 0.0629472165087997 0.0670888113690554 0.138959852123455 0.0386349348615741 0.151969352181963
0.112908864251065 0.0229281758924717 0.0502467873086149 0.0375903982989114 0.171851010817745 0.22713004280711 0.0573368231461943 0.259063536612601 0.0509467987536149 0.00999756211167158
0.000594815297053777 0.110257470983828 0.0520200487182886 0.147000194965224 0.144213820257062 0.123589430810187 0.209353918660719 0.0578238735549815 0.085757415314323 0.0693890114383325
0.094164916519954 0.110468721599902 0.103229936839427 0.0753572353362914 0.152391389680926 0.153017987980053 0.0284989902045026 0.0854369120133731 0.0723862703674146 0.125047639458156
0.141837268958899 0.042395222716027 0.0173568081388348 0.116840331467596 0.0156358129251312 0.108316006936076 0.191225211889357 0.129006470487619 0.136852184780228 0.100534681700232
0.0963451782222027 0.0794639114024793 0.101746107913225 0.0600269504045357 0.0298355357723471 0.128390339783396 0.135359039615551 0.164825316833398 0.1460651222797 0.057942497773165
0.158272957739157 0.144838976079298 0.195967465735965 0.0719792364119693 0.0545334004590669 0.0732188545355982 0.0175919027076381 0.0835071728271151 0.177122462338527 0.0229675711656649
0.0842059522851388 0.0297797906041933 0.0818616039188317 0.0489236663233984 0.125460363058088 0.200972968000382 0.0952808014865172 0.0963044759694741 0.171675832573756 0.0655345457802197
0.129870531436767 0.0922487952726189 0.00986434472289935 0.174302564100124 0.114116377656409 0.174994352271186 0.0889792218784988 0.00810628985383646 0.0453316882811273 0.162185834526535
0.0194290122668549 0.137611688602431 0.108971763863026 0.0974028184149349 0.144336298778435 0.150304937186983 0.0854840897430903 0.0840601266342021 0.153318925848821 0.0190803386612216
0.123148703313669 0.0630223983861835 0.0252126078786087 0.132828826305211 0.101611471331897 0.0424066723166064 0.143338586485545 0.203496163229714 0.101964340665248 0.062970230087317
0.140348757280268 0.189721438191718 0.0791911819900449 0.0788983780713008 0.0453250318463441 0.144105625675406 0.0643460396141412 0.018493919602907 0.124115325701395 0.115454302026474
0.0931319030533101 0.145214973091039 0.0361695115124391 0.175589180199475 0.113126235615846 0.162547643988829 0.15640945091598 0.058118075938733 0.0523902541968411 0.00730277148750839
0.162226930734065 0.122399481402521 0.0141994418048446 0.016858815783511 0.079021061626945 0.16345686229025 0.149654248600865 0.140809379552656 0.10773059304159 0.043643185162752
0.15707628751922 0.0373154320010001 0.0108876146758051 0.0885955363137506 0.0405202436999368 0.0626878522286234 0.1593692993618 0.172043469240427 0.0478338488535054 0.223670416105932
0.108632282334858 0.0329765007148194 0.146559028184207 0.117687512026281 0.051981956275708 0.0885243849823266 0.0745893391572618 0.0412304363711556 0.16335646615019 0.174462093803192
0.0142279089969938 0.0473722799848397 0.150051236501112 0.16428184108543 0.137526417396208 0.0552551371286047 0.0965351296998892 0.11862774737524 0.144442912782291 0.0716793890493917
0.100160689572008 0.167998376292357 0.112391298957758 0.182692565210693 0.0664358276572968 0.127416821488568 0.0343585520515188 0.137964864543962 0.01282759353791 0.0577534106879291
0.14405994449822 0.0342564533540827 0.0948733986875949 0.159180181679445 0.0453325947778127 0.199399154439297 0.0462661568540504 0.126695651574183 0.0448193650069715 0.105117099128342
0.110694947430477 0.150877632118426 0.000825421288348753 0.0404139246876236 0.0876138453862603 0.122758750892294 0.128483946082287 0.126773544821792 0.150553575449379 0.0810044118431129
0.0118032449616223 0.0785795782219486 0.103376338479208 0.220671917156235 0.350971367075418 0.0377983062596953 0.00787897031785285 0.00465487390381511 0.0773372715763852 0.10692813204782
0.10003585977746 0.126648594644352 0.100806978868879 0.122583222468487 0.172409137597636 0.0572783555113244 0.00750610610012376 0.0776508907573453 0.135534114555265 0.0995467397191274
0.185107277528194 0.0311375699933926 0.201069218601538 0.0283987193075797 0.0493355335794247 0.0712629561960294 0.179779840965255 0.187702276007446 0.00484127682073197 0.0613653310004083
0.118008012120695 0.113769236941247 0.0566998562072778 0.185112061341012 0.10449763438418 0.0990887250508376 0.0344275342060971 0.0466784358533679 0.0926890871042659 0.14902941679102
0.107134053692534 0.179155835837251 0.0466509337729087 0.169726725174272 0.0672661145248466 0.160982447526717 0.0498106857646008 0.0781021823301445 0.00118676176328226 0.139984259613444
0.149162769948199 0.134386043714385 0.149475457195942 0.129209538489582 0.0345881227627022 0.0763446232350665 0.109848086091219 0.0706620891591682 0.0328047928980018 0.113518476505734
0.102446600427049 0.0250328374199321 0.157556186234237 0.0674656958475047 0.159713890404955 0.078095475957395 0.0234041589005605 0.170726701181569 0.0399313932082904 0.175627060418507
0.13612888568715 0.0246813919640785 0.133221664987771 0.136085752139191 0.0546759260051794 0.143062690869852 0.113780235436393 0.0854114483112866 0.038849480373349 0.134102524225749
0.0130271944048666 0.125323168311585 0.116548419693452 0.081726269299096 0.10017299795606 0.08135349832823 0.0704655951113545 0.118507149916165 0.177693503357843 0.115182203621348
0.0602969493220994 0.143036086473902 0.0144783325653489 0.112152343747656 0.113884034686267 0.179164132815866 0.155531738980733 0.0544911309858042 0.091484520960128 0.0754807294621958
0.144910818643686 0.0638410294379378 0.166086031543113 0.0730793795735412 0.0388732495562263 0.177810391259283 0.160841870047999 0.0696809428114603 0.0451130525591505 0.0597632345676028
0.0814249426703115 0.215052397683428 0.112472642547834 0.139776961098619 0.0857335944083495 0.0466138546035774 0.137007245868215 0.0966198340050646 0.0556413680123896 0.0296571591022119
0.0266797991564531 0.0316545987814967 0.179036731011598 1.34749874758382e-05 0.0190202637646833 0.0581096897982325 0.212428120737383 0.219441164894145 0.0129082956102072 0.240707861258326
0.105035569373451 0.0877889703412194 0.0336426445804613 0.116209447250384 0.0903970302883607 0.160730666642414 0.0164639411069181 0.104381804619302 0.119203076937797 0.166146848859694
0.106238458843475 0.000387550124654182 0.143968371072153 0.177650305027435 0.0811312914181108 0.0400603687843019 0.00898595302294128 0.123717154846725 0.146583707636552 0.171276839223653
0.20860341669099 0.122474963262913 0.017957133124579 0.192176407992354 0.0636079968146005 0.00307255238811058 0.151021543381385 0.0165042910263612 0.219417250413172 0.00516444490553498
0.0332275787991066 0.0940897901304106 0.0707363095289872 0.171076503118053 0.0218922024438235 0.0618175977056836 0.164431208856213 0.0501686832240313 0.137779987468419 0.194780138725272
0.0572812748412826 0.176388001754462 0.17713024599427 0.0959561054441684 0.0253738961403314 0.0523845723310862 0.0778869730597721 0.00195346122883392 0.160551776506332 0.175093692699461
0.0409137382292434 0.119503247327672 0.084819385494746 0.114762814731678 0.0769229615983061 0.00279222490161554 0.111928855879736 0.161612225156878 0.150695261909603 0.136049284770522
0.0520689263500175 0.0715032126463458 0.154651142735589 0.139538384493808 0.0465631732869902 0.127741892600437 0.156586347836653 0.0858343280211694 0.116684401885849 0.0488281901431404
0.173134563798626 0.158203607614934 0.0216432287740444 0.118719322570202 0.0946647491559882 0.0996488580322133 0.0342507150478107 0.105874453245027 0.189803979220352 0.00405652254080278
0.146191734032065 0.15180186959588 0.0855939741430761 0.0242560646080358 0.14205125253708 0.114308642904166 0.067642055647541 0.0371558168202249 0.10500622975631 0.125992359955621
0.00590249792477133 0.180197719953739 0.187755883198428 0.0574643790358756 0.0443280668190583 0.0562666115343655 0.101679280562074 0.164147421489605 0.130741374168759 0.0715167653133247
0.0941950703871382 0.0196149399743245 0.164184715150749 0.0540058584602397 0.20155209285038 0.0891258240328605 0.0878282449737825 0.0308029843701708 0.0958863228394799 0.162803946960875
0.0262856488420115 0.0835396721069788 0.127551289086866 0.0259680703490688 0.0390690907642569 0.210168425726459 0.16009870270829 0.109843576862126 0.0809642890854693 0.136511234468473
0.135091933553016 0.109927403269121 0.120383876916024 0.0889682491330461 0.134671548817348 0.0844232848513265 0.0709270709421605 0.13513380692796 0.0426230136955683 0.0778498118944296
0.185555145238234 0.136534366240234 0.154596024209508 0.101829094085193 0.0650886732578771 0.008881606104189 0.125592823586669 0.145982831554977 0.0669583147410646 0.00898112098205345
0.153534029815202 0.0916741469568761 0.12294189449095 0.0520911909194725 0.126355794892714 0.184703428503995 0.00021426282347952 0.0205620044068552 0.193379942221531 0.0545433049689244
0.140776663908511 0.10467472831393 0.0829201898051154 0.0330028169034732 0.0880075286896566 0.133848348992921 0.128551814220753 0.138343893195117 0.14128445516694 0.00858956080358164
0.151930282651936 0.00233827887272203 0.146094801770204 0.0892194546950757 0.13350602419363 0.155951126200941 0.0808051653453227 0.0528832547776634 0.16017227799004 0.0270993335024666
0.0760160148593765 0.233838958322761 0.0757137944641981 0.154863768855348 0.124060960548342 0.048767049887473 0.0737756370966056 0.165656519977022 0.0131577141139905 0.0341495818748832
0.0808000176798109 0.141029650984709 0.106144545636861 0.156992362451467 0.122189971014785 0.158746227876654 0.0120706141058962 0.01867868284416 0.114994576875596 0.0883533505300603
0.0511382731494028 0.0682975562095718 0.0940565209529399 0.0492043187342804 0.136317050181814 0.125989353266194 0.119112841737246 0.142448904344482 0.0867322668839204 0.126702914540149
0.161792368240189 0.120831716954975 0.162086399631083 0.0242797689675137 0.148702055442369 0.186658327396214 0.0534511788925766 0.037767597987812 0.0901422021925375 0.0142883842947303
0.032333719412898 0.187394996073078 0.0156715036371737 0.193597278383984 0.179454242020233 0.0244067642933799 0.194322076466718 0.131436049161547 0.00337178428523327 0.0380115862657554
