0.382199347668062 0.00944834499588098 0.010149388905012 0.0552743674174484 0.155385647839423 0.387542903174174
0.00837967868263298 0.334585248853206 0.06787748368593 0.159624895864331 0.351409215892709 0.0781234770211903
0.264650834800096 0.163505702055657 0.128526803323439 0.0493218898252323 0.288268891085667 0.105725878909907
0.182214596421818 0.107776277810164 0.0602966675276138 0.248250109111964 0.16298237126023 0.238479977868211
0.15823885941712 0.142037188444327 0.0796431592505331 0.151049374271211 0.45476152146071 0.0142698971560993
0.0688557487856888 0.258070858003383 0.28103340202568 0.16805326446002 0.0907225152820346 0.133264211443194
0.333290624517859 0.111234634362885 0.115378384324126 0.275528476112655 0.1067110749414 0.0578568057410753
0.172089985887955 0.180059269305166 0.150766686821889 0.238687943242058 0.228560776048477 0.0298353386944544
0.223746775281272 0.206492130018031 0.160122744958021 0.101603065577794 0.18937135276656 0.118663931398322
0.195181804483937 0.178228309662457 0.20200501057789 0.133254047315225 0.0514787463076767 0.239852081652814
0.0675807935143547 0.266668150846805 0.179052868082348 0.279998391003608 0.148988151508297 0.0577116450445881
0.0149557298600683 0.243817553191419 0.0527248065085758 0.167971268837526 0.257408447955858 0.263122193646553
0.125650503530628 0.290349811247625 0.155414501095593 0.0697042738188856 0.12813678917027 0.230744121136998
0.29931228691466 0.0869081158645275 0.306704383030407 0.0469122802815218 0.0153185019835727 0.244844431925311
0.0953852464335371 0.488385825304037 0.0922747823167897 0.117860629896641 0.0209350414370778 0.185158474611918
0.160919033210175 0.00575994485987871 0.319417665973931 0.180311634155471 0.060057278260253 0.273534443540292
0.321559757967928 0.304218745793462 0.147502738821267 0.116971829534401 0.00947940481562268 0.100267523067319
0.0764255317027794 0.313238485819627 0.0824963294271336 0.255294222841246 0.189333567544818 0.0832118626643961
0.0137280191095373 0.14563902758868 0.13120593011204 0.183076531915519 0.237585194138005 0.288765297136218
0.154903277063858 0.198764415538262 0.0400119279555967 0.240262779743525 0.115399711346647 0.250657888352111
0.050766805908007 0.0162415355308666 0.167211945890151 0.162932360195491 0.317739345814138 0.285108006661347
0.257664945277533 0.295940870891115 0.0275055921279453 0.0106040653519519 0.216274611445106 0.192009914906349
0.231646701695117 0.237618776585212 0.153903016221912 0.00662787687557763 0.231943039908581 0.1382605887136
0.267339068997438 0.206915345946834 0.0568981339295389 0.123397598965256 0.167310429523486 0.178139422637447
0.178301776596721 0.269760909451234 0.204813347825719 0.162283657119463 0.0276242022101509 0.157216106796711
0.360380974150625 0.0256878980197733 0.388021505056505 0.094868614155157 0.0827367218172699 0.04830428680067
0.212960933007283 0.147373292473279 0.299269744796437 0.0177716429599361 0.149312533798433 0.173311852964632
0.28485715312443 0.316499785086159 0.0120714783930767 0.168234073067914 0.0998098952027045 0.118527615125715
0.160360725019218 0.139634892466972 0.00890283591544375 0.265525935903693 0.270020191974296 0.155555418720377
0.363673101136621 0.135206055024148 0.0721137883397907 0.238089157169395 0.142093569178017 0.0488243291520283
0.282497716784202 0.0689772121042017 0.0562910351459381 0.268615488264793 0.0812277224272537 0.242390825273612
0.117497608968342 0.0665551168196738 0.191852979853411 0.279102584499741 0.249743767465736 0.0952479423930952
0.0295067381137391 0.275488559050087 0.133903219190458 0.105372331044735 0.2271083097709 0.228620842830081
0.217067797447139 0.180392523438409 0.102325230859878 0.215472188274196 0.0936124957955677 0.19112976418481
0.242924686982667 0.216742322227863 0.226603830631628 0.0752454030633181 0.0720686553846626 0.166415101709862
0.0876486960359673 0.275469626694062 0.0427293230164692 0.128562774140879 0.108468640476165 0.357120939636458
0.222009457448752 0.270641833762345 0.00958299134624784 0.184218617479096 0.306933692390171 0.00661340757338849
0.172382807824529 0.135760411148943 0.223243465940562 0.110040475769316 0.17466887687016 0.18390396244649
0.146997323087379 0.228148349947628 0.257406203095986 0.0951951881000045 0.0548238470874929 0.21742908868151
0.030050947711622 0.143751707611837 0.208296603182127 0.226283185835911 0.100104016204829 0.291513539453675
0.293475791061214 0.166646329008436 0.138899505094595 0.172813640897241 0.203935250990396 0.0242294829481178
0.246187397397901 0.0803501155758536 0.254306010311884 0.218827526060666 0.0629267719187844 0.13740217873491
0.0934552996521774 0.142555489176469 0.0469874748878792 0.323839279237415 0.318126595066467 0.0750358619795931
0.131998212172779 0.0643825820803108 0.215123593043124 0.259027458364219 0.0334897293989113 0.295978424940656
0.211161944659982 0.227704282480054 0.135508932443675 0.0985877610606562 0.196489251803406 0.130547827552227
0.286316296061873 0.146197886956487 0.0526740016349259 0.094239222258805 0.252652832037485 0.167919761050424
0.0297088170887647 0.017800943851302 0.374771656700883 0.0870876043089847 0.235027280965991 0.255603697084075
0.285132624754436 0.270684290563654 0.157591387073784 0.227694169505001 0.0314253808266631 0.0274721472764621
0.147016639612729 0.198039754341193 0.249437838711897 0.225601590982285 0.0953306262849479 0.0845735500669473
0.281806544617859 0.160683006919427 0.151986232392869 0.120721120661819 0.265465967483721 0.0193371279243046
0.163876558333844 0.295022365746879 0.130742796870868 0.00137839576280654 0.158989376942089 0.249990506343513
0.0216197397859721 0.142451423051074 0.0328396964422404 0.266312489779035 0.256672498605869 0.280104152335809
0.238720520688207 0.241092377001474 0.229418095091894 0.0156119022482018 0.252197159797453 0.0229599451727702
0.201782590469032 0.138884719080437 0.0568492182613191 0.355081708875697 0.0511755850181904 0.196226178295324
0.278103689227272 0.0592857813352556 0.110791597960305 0.0812808663723936 0.279435325331104 0.19110273977367
0.0680679693934318 0.278864895902783 0.107557485433456 0.0853515525223632 0.161277763126237 0.298880333621728
0.10729433815295 0.0817258905244783 0.0285539978805064 0.103991564799026 0.298411958168915 0.380022250474123
0.163876302416046 0.136254139440667 0.124905853115941 0.288612862507225 0.113454626026153 0.172896216493967
0.0843425395810266 0.16344254561374 0.188442560146829 0.160912841011194 0.200749443869192 0.202110069778018
0.251032318813153 0.0977532298157858 0.17253177530403 0.110804028162563 0.12312652326728 0.244752124637188
0.257484136636558 0.212618318627214 0.111744928006214 0.215571276152613 0.136045734519158 0.0665356060582425
0.28357552289278 0.263888793864156 0.230404860056383 0.0394244723766681 0.12427315868123 0.0584331921287839
0.250568958498255 0.0597888121757627 0.332469643536622 0.10966672992664 0.0246212506807693 0.222884605181951
0.26493588092998 0.174711627298707 0.0779987144333754 0.195256078937062 0.136320948351255 0.15077675004962
0.0275766684672536 0.394621970892989 0.242126192414421 0.206951475311699 0.0717460227114777 0.05697767020216
0.308976964228792 0.0730917604668891 0.016299643322358 0.262266516816186 0.073700487117689 0.265664628048086
0.295946507192973 0.109442737654448 0.0387461634769725 0.100530051107119 0.263963602194337 0.191370938374151
0.222348241932251 0.132903441046025 0.156826013711248 0.0497762772301681 0.221457299918205 0.216688726162103
0.37342171066595 0.208271173309527 0.0244014558727405 0.0458808357539849 0.179823716834947 0.168201107562849
0.232027872050306 0.227832301562895 0.231171265354832 0.0244590756617255 0.180770909453413 0.103738575916829
0.0969665384361119 0.221142725932941 0.134640435690491 0.198634555011558 0.287256613853623 0.0613591310752751
0.335580243575413 0.0819856860275678 0.0666986544290881 0.253352836418328 0.082899507326606 0.179483072222997
0.0559247549830771 0.195700025565549 0.0121055790983852 0.396675270228158 0.339377038260011 0.000217331864818727
0.370614317951901 0.0288936570779417 0.193818456512445 0.146839939887727 0.0911284695593048 0.168705159010681
0.0577538534313296 0.296847094126915 0.0217704057430223 0.0480256837631488 0.230557813841007 0.345045149094577
0.308581666274647 0.00344123444040453 0.0986774311932475 0.227869894282076 0.240627605585125 0.120802168224499
0.272155267183962 0.164626146637554 0.0703539235269397 0.140436080767305 0.11830408114372 0.234124500740519
0.0591526746544183 0.0502401616564403 0.213881026790495 0.236396539903991 0.164402415257136 0.27592718173752
0.329802922328036 0.138137144519614 0.136623805646188 0.144519176319094 0.116742721237524 0.134174229949544
0.00309980159311519 0.242660873779527 0.160555732253339 0.253937446281598 0.095128037396918 0.244618108695502
0.171501975585236 0.123325890618218 0.0361595629714873 0.263620358744915 0.165945810558063 0.239446401522081
0.37988771020086 0.10446354295581 0.0622536992883564 0.136160247268361 0.00914461317230579 0.308090187114306
0.213907790882993 0.106372242661771 0.0602676818327922 0.180530210039208 0.220394897475533 0.218527177107703
0.0329342380623473 0.278643867014432 0.207560069745861 0.249447868802995 0.182569734332289 0.048844222042075
0.226026042929292 0.110842798788778 0.230816363798508 0.223812731998163 0.051340225158568 0.157161837326692
0.293963354421744 0.0432959179970525 0.159836365052515 0.396300149439076 0.101292671670978 0.00531154141863526
0.187099514331732 0.145430719905675 0.00256814576876155 0.264140162943175 0.226207077209144 0.174554379841513
0.182310616096216 0.0278014030801179 0.0673210465280525 0.288284360970304 0.216931453801958 0.217351119523352
0.165963185689864 0.424173202162308 0.0033430044791195 0.131256833958689 0.208500040764556 0.0667637329454635
0.175290328414007 0.175323579963607 0.208972667239924 0.212665630011322 0.145996886710901 0.0817509076602376
0.249366585773981 0.0231507645972738 0.255174586042117 0.139307889115387 0.137948675407364 0.195051499063877
0.0500827827983119 0.129941136214471 0.335779204748902 0.189976797941833 0.274245496248311 0.0199745820481705
0.188320243469847 0.141022196198077 0.291921178795033 0.327495853055262 0.00604784970315304 0.0451926787786287
0.182246537670859 0.204359136995468 0.113155433742166 0.159410213769755 0.207020742119517 0.133807935702235
0.0310731866895437 0.0624178722739479 0.206256590965766 0.341731073382947 0.332739711311955 0.025781565375841
0.133307926398028 0.052933086232832 0.185566250368974 0.2576336905316 0.280150585500167 0.0904084609683996
0.324887803711098 0.0159329813725031 0.198891364379204 0.13572881543948 0.0691917792724811 0.255367255825234
0.109527552068734 0.298258384594233 0.336770824005022 0.0121041576475422 0.151429515849208 0.0919095658352609
0.0813429677889087 0.0753631961361695 0.281319592433014 0.285130820053841 0.0363930728175345 0.240450350770533
0.0187837330238303 0.210060964919509 0.192498785600949 0.38804942054367 0.0298101805032595 0.160796915408783
0.231733776219675 0.122551583461889 0.114420405702824 0.290870018175074 0.0610868141223025 0.179337402318237
0.214408842424965 0.157445278590681 0.077786525775301 0.396426398554941 0.0944266107879521 0.0595063438661596
0.10867170042461 0.066974636517859 0.161912385590498 0.110030205676299 0.303194557453706 0.249216514337028
0.0661013089904069 0.0110518945599792 0.190785823300891 0.199575882406403 0.258936356588692 0.273548734153629
0.0819693263556613 0.284567682964089 0.0454801656995331 0.295722492028372 0.266791648855895 0.0254686840964489
0.0019394190979572 0.236975023141845 0.292131614426278 0.127185742776657 0.199049255612525 0.142718944944737
0.0584833222867208 0.00440405974454979 0.281166509108573 0.189544989024387 0.24518365566602 0.221217464169749
0.227471102380092 0.211372423190191 0.160179142064204 0.118505146326119 0.0609194387847166 0.221552747254677
0.0126514162184947 0.110084833350782 0.267922207280115 0.332345076593123 0.199048074007265 0.0779483925502215
0.195681580035676 0.206249543127359 0.154525071167745 0.246464404023472 0.100890090505825 0.0961893111399235
0.123620532033519 0.0464172756782642 0.395583183422935 0.0370239189229939 0.0432778413705973 0.35407724857169
0.0651491687643598 0.236696948452757 0.223506176439781 0.0557947844740282 0.0390283005461281 0.379824621322946
0.0199298388152229 0.220834023579185 0.220747976564733 0.195161847172867 0.0880421672021085 0.255284146665883
0.236974033444581 0.0129551461298985 0.174590921438596 0.177534774993314 0.154265396181855 0.243679727811756
0.181002326239232 0.0933351136346095 0.338489134114116 0.123642476137436 0.259356876914109 0.00417407296049739
0.209659510111742 0.240093209965611 0.026769117063332 0.229737930071651 0.0603692450082363 0.233370987779428
0.189527013268493 0.24161498764168 0.0433622027943691 0.144463762593213 0.300926357150991 0.0801056765512528
0.0532468945677521 0.14290819352456 0.22203480125211 0.190832669546111 0.276524302061774 0.114453139047693
0.242120290550149 0.0303224269955613 0.097617997893263 0.311275133382056 0.263503227563596 0.0551609236153753
0.0568705430098261 0.337643004479163 0.200931678571986 0.287384209994422 0.0530871842410501 0.0640833797035526
0.216519471392486 0.242075060967365 0.300447062415171 0.0786218426345561 0.0197742236424189 0.142562338948002
0.178356926061693 0.104266214075366 0.227072436725361 0.204713675408726 0.0723112435038006 0.213279504225053
0.255945266717099 0.0235132815846635 0.243529753916971 0.25069051948976 0.034416704965539 0.191904473325969
0.0191167221356515 0.20984591482112 0.307361833725308 0.217301623691914 0.183982642366565 0.0623912632594417
0.325181237768183 0.183790949351204 0.0328165626430026 0.31476684952428 0.0519699812487769 0.0914744194645524
0.130626189826641 0.112758360339326 0.214441396083853 0.165491342460628 0.22010151367256 0.156581197616992
0.150482886610634 0.267855354270406 0.226531208819146 0.132770231156906 0.213036739526417 0.00932357961649105
0.00959382253610876 0.350186865727278 0.11850442716872 0.382130869162999 0.0598244558841786 0.0797595595207148
0.211643356733412 0.101811449536131 0.246033380361662 0.221058422040166 0.0888741304873402 0.130579260841289
0.294652762033251 0.188755458887594 0.197174254324431 0.0296319635926049 0.0612085084714536 0.228577052690666
0.338139547869238 0.137168087517462 0.088363932149094 0.0094020939345122 0.365946762838882 0.0609795756908115
0.134778780774633 0.282294046533073 0.14319589879142 0.00172909935537165 0.15957807050946 0.278424104036042
0.12576094614947 0.269463563001912 0.0199668937099497 0.317850457525528 0.0743908728339827 0.192567266779157
0.074227643517695 0.0110462137469654 0.310200178319747 0.159458834277944 0.171201500088758 0.273865630048891
0.196384233541611 0.103757223582069 0.108217918010909 0.19888028068317 0.202794512905131 0.189965831277109
0.124468695623923 0.173743027621443 0.0795888876023291 0.187505095569383 0.191566261281913 0.243128032301008
0.0519907826146762 0.240721153382275 0.133214421417357 0.155191768045152 0.185457259436324 0.233424615104216
0.0912192495304068 0.232449593509795 0.12479084711356 0.426035127089294 0.0456230631917652 0.0798821195651797
0.137714163814455 0.133409933389699 0.0388049251691901 0.370592976596901 0.257078093695192 0.0623999073345625
0.185378889225936 0.180065968223738 0.194144302261354 0.0817980374257544 0.166421198819019 0.192191604044199
0.174276082247146 0.0517633654916865 0.232208713566899 0.0598086656581796 0.222037381087614 0.259905791948476
0.107730207484276 0.036445739140261 0.225107811394771 0.167165193202754 0.149712558689324 0.313838490088614
0.0533017172006599 0.358924390665539 0.147842906330595 0.230532161711913 0.168200229057443 0.0411985950338505
0.318799539859225 0.321357823359443 0.121160821112132 0.120591467912427 0.108196935963059 0.00989341179371432
0.301700382514552 0.110394512239053 0.190244664879134 0.0867408212356314 0.21787455389912 0.0930450652325096
0.000963905636424594 0.0950921909214544 0.215275497710774 0.276673195541544 0.154675334066978 0.257319876122825
0.264752231468784 0.294363518604634 0.00385484067083692 0.175194184545957 0.208421945076371 0.0534132796334163
0.0907998335409018 0.280193645438833 0.21385536596073 0.255376847952536 0.120680110240894 0.0390941968661057
0.041249379102381 0.228784630720509 0.225209371853063 0.291083910306739 0.0765307672299231 0.137141940787385
0.11077176347335 0.0341150282572353 0.13099668709817 0.318272906209055 0.275200374055561 0.130643240906629
0.00479151617847152 0.328495931696169 0.115095302034285 0.15345178309569 0.109893194019349 0.288272272976035
0.17727980543414 0.220459560357813 0.246625781485147 0.141133237012713 0.151901141412107 0.06260047429808
0.202627617928849 0.0662777541838225 0.0398787263280466 0.228370632071854 0.27073035363808 0.192114915849349
0.0114446951431883 0.0918893260327336 0.160773976757469 0.164177308212526 0.288495735454171 0.283218958399912
0.213810198325723 0.204833658383843 0.217916910545184 0.219852018981707 0.126895473656064 0.0166917401074794
0.231440471473915 0.187911134162788 0.1931750594736 0.200568177321719 0.0953935929833297 0.091511564584648
0.0195900323926762 0.145650712840493 0.00339477167278916 0.193505058593001 0.299997466201604 0.337861958299436
0.262136859496084 0.193627922920482 0.00860621485469199 0.129416189252048 0.236662713986017 0.169550099490677
0.0870268396381765 0.187981129254477 0.0671933218458263 0.167285768095911 0.388029813809472 0.102483127356137
0.405765160612393 0.0220739389062727 0.283147022452824 0.112876087238697 0.162338406543102 0.0137993842467115
0.153256759123441 0.233902017647388 0.201461856157303 0.233608526853572 0.0583881665979826 0.119382673620313
0.232662630170738 0.0288634288286127 0.264874929784544 0.200589090010482 0.164614670063949 0.108395251141674
0.249163369205319 0.23629335555965 0.162459168671418 0.00543416232429735 0.285673553088668 0.0609763911506467
0.152547306445302 0.112302728043965 0.25701263237761 0.0167017315869536 0.274469175167956 0.186966426378214
0.0863964624389625 0.129916804978781 0.217401551727424 0.312181188601816 0.0155293960538336 0.238574596199182
0.250449861127315 0.170469237122241 0.162244807589616 0.128441075436147 0.233637192125677 0.0547578265990049
0.10952169497156 0.165243925582048 0.247971401342974 0.394694244005277 0.0737757676041463 0.00879296649399375
0.00910263646533303 0.239689706594417 0.0992557693828142 0.251226236782786 0.308043207061157 0.092682443713492
0.139899102601316 0.228132902153589 0.0204690940241712 0.25927297327581 0.238280504069171 0.113945423875943
0.300493182916949 0.127507192672636 0.160120389010421 0.131330356658412 0.203814794261891 0.0767340844796905
0.033905995047375 0.213224646138329 0.245214008302402 0.195941240332294 0.292806223416849 0.0189078867627509
0.213724674385152 0.173156776033798 0.111728501396128 0.146686467408336 0.0164784597861208 0.338225120990466
0.162263010427047 0.269164927260496 0.265889487546481 0.173489726756495 0.0603562544964167 0.0688365935130642
0.126451795994872 0.218459607617876 0.183219920876654 0.117489969919625 0.0897229847108378 0.264655720880135
0.527431606959236 0.138260290863561 0.176544280396663 0.0980220913989402 0.0409564236893799 0.0187853066922205
0.0659454483547122 0.263215370353929 0.0585362850297779 0.14552325124824 0.168325275708456 0.298454369304885
0.0204643046571673 0.0466666260794136 0.207501366641081 0.344619743233881 0.282106771422976 0.0986411879654812
0.241444712096101 0.0159105786902562 0.10296631826803 0.42764912872379 0.103825409781124 0.108203852440699
0.0278491484284708 0.128099533497538 0.250684608142887 0.0141863787841631 0.25060194994329 0.328578381203651
0.212850887728388 0.145033282495542 0.217060400708327 0.176773238750446 0.118352416702847 0.12992977361445
0.169296822222833 0.158407219009778 0.106532944507665 0.111022670395239 0.246808348024554 0.207931995839931
0.0698115341125923 0.262980539934189 0.144346310800214 0.0643496843961351 0.217867714487012 0.240644216269858
0.155531113913623 0.056086586124919 0.160207863027933 0.290753348773487 0.326417423884403 0.011003664275635
0.371576088034992 0.0610355381291968 0.0818384590294596 0.0591905391198268 0.295933496762678 0.130425878923847
0.110923917012716 0.132654555349119 0.220035152810431 0.147200914620751 0.303002440240727 0.086183019966257
0.0600990125459147 0.451617204289579 0.0938519454516465 0.222284473397537 0.0678896821803834 0.10425768213494
0.205559741014038 0.188685774527595 0.21263006416813 0.202807984188834 0.17204339702244 0.018273039078963
0.133793220120785 0.231893552038301 0.00878495285949914 0.302617891717654 0.160904218117848 0.162006165145912
0.257273284068959 0.0249661828025436 0.103148412359871 0.152225144299131 0.27876748861215 0.183619487857345
0.147187747250203 0.146391276981288 0.223804758992406 0.269824028902847 0.202786383843718 0.010005804029538
0.131361777913037 0.284809060771982 0.272692753693264 0.199222838820761 0.0480375966655599 0.063875972135397
0.168304457307367 0.203794247841944 0.0432680907840147 0.255639283926107 0.160508807842749 0.168485112297818
0.13877772226027 0.0355150342919511 0.124340301027119 0.221708213471256 0.236049799810284 0.24360892913912
0.0332582724954444 0.0285141282799603 0.151800877835489 0.3470321552851 0.383058833011346 0.0563357330926598
0.312768954823916 0.0319712737437169 0.158343621100927 0.206238412134665 0.0916074184265786 0.199070319770197
0.0919040430040981 0.277839717382332 0.202813774958239 0.0526112660863165 0.125581375797541 0.249249822771473
0.233972388241653 0.180504567616572 0.134617510606434 0.134893125932777 0.132436031874617 0.183576375727948
0.272489691112229 0.303572510825652 0.0177075259581688 0.353455530787931 0.0345204844698703 0.0182542568461489
0.203673722501638 0.196977118917526 0.109508797083284 0.193810719310535 0.185947684760512 0.110081957426505
0.135019955307835 0.105226189031574 0.203841850016341 0.366822847191859 0.185915590346568 0.00317356810582212
