0.0703892976213602 0.0363817565744522 0.276678997187766 0.00143245434814163 0.290926304156892 0.324191190111387
0.267493119451667 0.143012046148214 0.11612754115464 0.155716552942066 0.23203241855017 0.0856183217532422
0.2494298705713 0.179356334498379 0.142615799697924 0.0569839120733829 0.104259644504532 0.267354438654483
0.20212194796923 0.0577308213256283 0.271584710990442 0.0694583149358652 0.233879354587401 0.165224850191433
0.181945747139905 0.126310628047672 0.259513394086595 0.0650518046162973 0.0640625241574722 0.303115901952058
0.0862152147503741 0.297568523833825 0.200690479212944 0.298445384085258 0.0141474109236413 0.102932987193958
0.0074781781183008 0.138070313236061 0.201081626585711 0.144389872644732 0.257503976069522 0.251476033345675
0.0526928635034196 0.0772286509517071 0.159627005470156 0.244792857116985 0.259459917389682 0.206198705568051
0.25539826255494 0.229331444244107 0.0182855038415512 0.00595357299156548 0.268691253271195 0.222339963096641
0.0229903580941682 0.263180932502326 0.260725346177573 0.0390380427924763 0.135996346433636 0.278068973999821
0.0159156171035619 0.208217075041219 0.201806934986579 0.202402317454607 0.224271461990204 0.147386593423829
0.0614400636106906 0.25620711833667 0.282971184096043 0.0244034505996485 0.172265584088809 0.202712599268139
0.200736501935292 0.264946562466335 0.164649741038624 0.211480817613063 0.130197599579712 0.0279887773669732
0.204066702917458 0.0357197533208979 0.204797562010856 0.152388637348187 0.204416448931975 0.198610895470627
0.269522495406199 0.118770931225545 0.281121932641763 0.162257646297343 0.10919160003181 0.0591353943973398
0.0156464105600585 0.214931228680063 0.252468597923768 0.179443869197956 0.143896206234952 0.193613687403202
0.276658472161613 0.142028320421203 0.31430382738192 0.188124572544892 0.0126061928003118 0.0662786146900601
0.0259618496273307 0.132555343145428 0.229225821713128 0.201178025271181 0.232231548283048 0.178847411959885
0.200659131295179 0.397054470500308 0.0512943849158508 0.0851409105818662 0.051242690785796 0.214608411921
0.181285468328201 0.200234630944421 0.220328307194821 0.106603279655432 0.253289117653783 0.0382591962233422
0.242855426742292 0.170061322559385 0.103470522833894 0.0158848846107265 0.223760545581477 0.243967297672225
0.0739068399883766 0.127197350809347 0.232428228496963 0.184800426565049 0.121150690133487 0.260516464006777
0.0636232828393387 0.159247629384694 0.127597451249607 0.067150359377675 0.265723824907495 0.316657452241191
0.126849386598834 0.02870381124301 0.268952800420842 0.0449891429099494 0.259062622626789 0.271442236200575
0.0501958273485465 0.135420395240935 0.0848745039078563 0.363174003779623 0.320663435663357 0.0456718340596818
0.243632300138406 0.0392331427557173 0.233874759482707 0.171476978147133 0.153651129709929 0.158131689766109
0.0474107090952617 0.334805623686621 0.235579075237057 0.0958834936138051 0.229998513887282 0.0563225844799729
0.0420269011658689 0.134073806923983 0.119288056091663 0.230035565638814 0.232914523156784 0.241661147022887
0.258606688798148 0.165781697286012 0.111060493908688 0.246594712527161 0.212767379384639 0.00518902809535165
0.187933629541404 0.270234521166457 0.0788055510535932 0.215397839033297 0.0908633884937152 0.156765070711534
0.177468387229478 0.243067594722701 0.00533708690191337 0.266699933322468 0.242064544653567 0.0653624531698714
0.305692350657634 0.177544554938998 0.0442837893863878 0.054606379854535 0.212278281190645 0.2055946439718
0.0222543141752255 0.0522587852869069 0.0485617316351573 0.259667656069021 0.179789368784862 0.437468144048827
0.0531428182010671 0.173805593462565 0.158943943548357 0.255186108907522 0.203337938001423 0.155583597879067
0.163821022635185 0.15745162053945 0.274384706746128 0.166948085176154 0.036816048284362 0.200578516618721
0.104001952830294 0.203370142516108 0.00146975833515124 0.260491464128672 0.259927001652651 0.170739680537123
0.333547853708694 0.233904764309618 0.108997800210019 0.206601278356633 0.0818308858988713 0.0351174175161642
0.199905980924571 0.217737429689318 0.162421569757566 0.0847708734919029 0.205925515339626 0.129238630797015
0.209471829838655 0.228573641895007 0.0109478133539859 0.137659012622302 0.184887341265894 0.228460361024158
0.145562692570218 0.262464062305344 0.20457057350574 0.14634420110726 0.119602784339792 0.121455686171645
0.0256704189571202 0.0889084270656652 0.236671427366761 0.425848760795675 0.0921588633751175 0.130742102439661
0.0198294962594876 0.238091324218622 0.23920421792193 0.192481483417081 0.121924122716485 0.188469355466395
0.133740337070277 0.277314734140663 0.158085093889332 0.232430255145744 0.0291704263293335 0.16925915342465
0.146476186822967 0.219490670339337 0.0776821555825103 0.109963725594965 0.206979025787208 0.239408235873013
0.277513069133404 0.300476871266427 0.15319746946706 0.061117101121371 0.200314294843351 0.00738119416838805
0.0418451731207252 0.220091884276154 0.139665889591253 0.0573174775565686 0.263746015802946 0.277333559652354
0.206955414711806 0.00989560372506464 0.143005812819033 0.182908407835509 0.21589458510213 0.241340175806458
0.256214233322364 0.112178666370117 0.168841372350067 0.190824037841245 0.155149263065658 0.11679242705055
0.0700350636487671 0.199122423378988 0.0370339040584111 0.237918805166163 0.231702435271311 0.224187368476359
0.26233689711426 0.0458596386677891 0.195353137562618 0.237356032660347 0.254447735356117 0.0046465586388679
0.225391284898361 0.0060939524326564 0.202655739109142 0.252380872549869 0.131221648517625 0.182256502492346
0.182919742101951 0.151923156438746 0.196022595062255 0.240183077466128 0.228018011992886 0.000933416938033393
0.0291282245762821 0.236941904427625 0.169752108950975 0.230296834976369 0.190398525155089 0.143482401913659
0.104754470254131 0.257437928121055 0.0795108906541725 0.251536545242291 0.103224161066811 0.20353600466154
0.154572023475187 0.196510377449405 0.115837756414301 0.0367173457148878 0.286304337127248 0.210058159818971
0.192246089037482 0.0802027443356914 0.272922499929394 0.239756499699679 0.00702746623199934 0.207844700765754
0.153333989982771 0.092426655538961 0.213311772250426 0.113023093109073 0.283391369005945 0.144513120112824
0.214143307800144 0.187313827358641 0.317538367747971 0.169890324585948 0.0137617692392993 0.0973524032679968
0.0598597888942816 0.286836184968284 0.223958008816586 0.069245227346163 0.258029423444219 0.102071366530466
0.236688542254808 0.150985841698008 0.325567716911577 0.157359018848508 0.117392021538758 0.0120068587483413
0.169188597480461 0.108584664764892 0.178170200311553 0.179741108060669 0.277544684900229 0.0867707444821956
0.243147340694817 0.129874954135019 0.316678406633723 0.0891217877151602 0.035428422441578 0.185749088379703
0.339675086629987 0.105667708380231 0.104425467176157 0.205538215474755 0.164647833292948 0.0800456890459217
0.0274261983196989 0.231144877385053 0.226104118349139 0.091531824483567 0.146777873450049 0.277015108012493
0.0901139889444664 0.195070788757041 0.217973887275155 0.185684964349068 0.0932960168217803 0.217860353852489
0.222766842674143 0.132389519264563 0.20795062969545 0.137527739726336 0.253500198269599 0.0458650703699078
0.211976176195534 0.00479082026433064 0.253987180019804 0.00265306040036422 0.159749277462606 0.366843485657361
0.107680727687178 0.286311978766378 0.224265588053462 0.108548159382856 0.265567524915238 0.00762602119488873
0.213295295080579 0.0376648262252101 0.342646222385418 0.120808383131175 0.0871143335340182 0.1984709396436
0.0929596088041603 0.209419817790076 0.177133947210177 0.191208497926692 0.152447606336218 0.176830521932677
0.0238607778473762 0.0622534706148341 0.247981291535122 0.278559348780156 0.296437523662342 0.0909075875601707
0.152224737626649 0.0794594709014219 0.312626419075738 0.305931244155745 0.0929136221580508 0.0568445060823952
0.279172802994251 0.0664354862827615 0.117560893218941 0.0494670802630767 0.139586787289722 0.347776949951248
0.212418841659494 0.0067307750613526 0.239121568569677 0.231206113076905 0.234044735445751 0.0764779661868197
0.255516667922609 0.32973530026642 0.00277180971559685 0.149046949876873 0.0621345038344954 0.200794768384005
0.144530934108974 0.306813747267075 0.233716559097392 0.0541095589986254 0.209566854223661 0.0512623463042732
0.254509711557564 0.251054548940765 0.0107422738018177 0.0511763010381411 0.140721079781892 0.29179608487982
0.346733974045576 0.012339996697011 0.125942618783462 0.306867240264718 0.017191423660812 0.19092474654842
0.0631692192494753 0.307241237367622 0.0642197860035626 0.0167792788011164 0.269853712682527 0.278736765895697
0.230662514250359 0.0980851016593631 0.23476309416637 0.263547900690962 0.00788523907686856 0.165056150156077
0.253612707897573 0.118098920653995 0.183241158150087 0.0598460522844045 0.15125528158472 0.233945879429221
0.126281026559059 0.251430390507984 0.107829954694479 0.206022668693996 0.204960725458399 0.103475234086083
0.0571482958619826 0.115269978296941 0.0604305188020197 0.296926990291528 0.192836552146996 0.277387664600533
0.244729797785782 0.132856598474947 0.141538797719404 0.277436049953613 0.0332027174312305 0.170236038635024
0.132205386399883 0.269372625559883 0.27353935912151 0.0437542515170745 0.275159536417655 0.00596884098399462
0.182948093357322 0.230126381116219 0.0691414375538272 0.110927707541557 0.223769803242606 0.183086577188468
0.00281146375371244 0.195885442043992 0.174534440293693 0.198846147269205 0.257855259405446 0.170067247233952
0.04522296366975 0.222791196422221 0.069958319813411 0.178279769781313 0.263512793069175 0.22023495724413
0.202981791206813 0.149057628162913 0.255957801466901 0.149924359701979 0.224668491480603 0.0174099279807916
0.250096842640906 0.0905020708020326 0.171487214169824 0.124930751903493 0.243279697874054 0.11970342260969
0.0826508755571505 0.107890390194021 0.089855435473304 0.374492745604306 0.0541853654938609 0.290925187677358
0.231166848751734 0.256197740058303 0.151766877184317 0.0732292838754202 0.0498300863703479 0.237809163759878
0.187303670187355 0.0971355198444847 0.10137852878287 0.193710858449699 0.20135321081726 0.219118211918332
0.225826897835593 0.253049438569921 0.217297249111075 0.0932901803138393 0.183518264788829 0.0270179693807424
0.0352170030400242 0.237422852927944 0.129351705642916 0.250444925512512 0.210057006078422 0.137506506798182
0.203004401731291 0.162013296521368 0.125986365615977 0.168668255849689 0.119981397908892 0.220346282372784
0.175427468233834 0.0322456445063246 0.260158634059629 0.125514308818977 0.085336319767217 0.321317624614018
0.150281539968082 0.187657569212502 0.0593723778343916 0.213277044700218 0.240575290512667 0.148836177772139
0.152747811219058 0.0869169033001857 0.198037608734636 0.196986770539906 0.182138486245866 0.183172419960349
0.0303071897045905 0.165532245842981 0.111192337702097 0.266910569733519 0.11144311329717 0.314614543719643
0.150355029369992 0.188759837057415 0.0368879477867181 0.177361043815526 0.238706768850011 0.207929373120337
0.133696312845169 0.294284524041793 0.300019156197175 0.0703123180743956 0.111613304053625 0.0900743847878423
0.00177509420816275 0.214068856067745 0.272763227640933 0.236671001524923 0.0893293055839995 0.185392514974237
0.128655089218793 0.26803814696527 0.00444962576027722 0.335443252961715 0.245738569019176 0.0176753160747683
0.0827115215364405 0.246252100172238 0.249493443157985 0.205198241770605 0.150656926816648 0.0656877665460827
0.248503332317838 0.0202402026664359 0.237091703062572 0.0869989156198157 0.129364150542769 0.277801695790569
0.261644541419062 0.00792493916216909 0.333007034603067 0.0783861134168136 0.135374055585218 0.183663315813671
0.0735977915983489 0.0230201460886521 0.345964911076113 0.27204509516182 0.0927493693862678 0.192622686688798
0.0377971185853514 0.13204227800335 0.22544649275108 0.235997778604529 0.191954814087798 0.176761517967892
0.310392740417039 0.035100568236612 0.0667298000493576 0.0693332798486132 0.394476848519471 0.123966762928907
0.0628390437767154 0.2281993414234 0.226496610136018 0.325671267011195 0.0301142189196865 0.126679518732985
0.0979009004883384 0.250707771923932 0.148643736364823 0.342636732112224 0.0190283545971159 0.141082504513567
0.226086722413997 0.0453763347372507 0.265728405584911 0.239884750180191 0.0133392952971973 0.209584491786453
0.196997249074394 0.190275546446109 0.0791323122782723 0.157484927929074 0.201004799185673 0.175105165086478
0.345191682166153 0.0364007806321705 0.177595245149452 0.201080144707572 0.0964102066872428 0.14332194065741
0.240670445221396 0.0890712842323203 0.263248878410554 0.0455754049409141 0.167272378275023 0.194161608919792
0.254432741119349 0.0962979197432782 0.128838566007947 0.267838653922568 0.189424498406584 0.0631676208002738
0.177327361634042 0.217110897760807 0.224353338958722 0.100224619869545 0.2118218378517 0.069161943925184
0.172292515438734 0.230929274319514 0.15173274617045 0.206993325569166 0.0866007531486873 0.151451385353448
0.157369762332366 0.170595487194617 0.146889484016136 0.161430760154884 0.187414638636216 0.17629986766578
0.203485479669765 0.214024157794228 0.221070872360057 0.0911906780586139 0.239114809315211 0.0311140028021252
0.205648248720646 0.00984320404008003 0.0141244939857204 0.180235920583217 0.284005391104966 0.30614274156537
0.0803195402581648 0.0921895494730058 0.246683451701031 0.0590375482838877 0.253778303746759 0.267991606537152
0.0106218646925412 0.250595521576695 0.479999145190136 0.072505268432999 0.161603316041073 0.024674884066556
0.0802961776077594 0.216515797725589 0.179993022264509 0.292585333785271 0.225358215069493 0.00525145354737911
0.267323351198072 0.171704133204859 0.250587704334383 0.0509962662290756 0.00162717743119685 0.257761367602414
0.199609556050297 0.146680261647426 0.185400153590575 0.169754582268282 0.095526544770945 0.203028901672474
0.233583019152994 0.0768571145872424 0.0371211630270684 0.283496541227166 0.0840093404448271 0.284932821560702
0.242403218645622 0.286483074010336 0.189074726031505 0.0309564114953703 0.0838717954480239 0.167210774369142
0.14551370025063 0.214887793561742 0.0777096014638854 0.0395172465756504 0.119782343545231 0.402589314602862
0.204029894112485 0.252504985701931 0.0701757129391345 0.326710596459236 0.0796742794810477 0.0669045313061652
0.055773975970767 0.256627765535924 0.0854653745824714 0.00545230164486287 0.217674396737577 0.379006185528397
0.174525079793001 0.0657229180781854 0.0760294299055386 0.310034001806389 0.110806145376379 0.262882425040506
0.180610468085661 0.138626448372819 0.188790674275139 0.145249294076265 0.170789186864049 0.175933928326066
0.0487676995496031 0.166854711682404 0.23941442399951 0.231470565939795 0.227644986149398 0.08584761267929
0.159416851819702 0.210864051817796 0.164911711838841 0.233422629803365 0.0551391532832434 0.176245601437052
0.117822213180295 0.405241031643377 0.304832448010821 0.039495791167485 0.0942732310365234 0.0383352849614979
0.185412399009779 0.183570908609601 0.11791596175194 0.124188503612393 0.223356772511616 0.16555545450467
0.0264482072913222 0.104675160251771 0.165526471741869 0.170422803275244 0.497474402122372 0.0354529553174215
0.231477070591326 0.0408991460843867 0.168081082885767 0.0843057548525102 0.193571655817686 0.281665289768324
0.19676123044601 0.102315451782128 0.0936116266596127 0.160523952186808 0.122837330972144 0.323950407953296
0.237250613093725 0.00534853128981303 0.349220250826734 0.206240718975391 0.0749000845511537 0.127039801263184
0.140602672442735 0.232220612173729 0.1380120760491 0.0346589683234374 0.276030771287435 0.178474899723562
0.157160125171163 0.171553695857935 0.301289830923395 0.0572396364848335 0.128843654608612 0.183913056954062
0.185501236548095 0.168549591862493 0.19465244972453 0.132915363726047 0.185589949926413 0.132791408212422
0.0839886380282728 0.0248906327108518 0.087862121883259 0.288061345146565 0.295420097133434 0.219777165097618
0.0828830422355021 0.244897562695792 0.212449492503946 0.2540850106677 0.00516443261761426 0.200520459279445
0.157395039395581 0.277813048232307 0.0415603567117246 0.0925371855834631 0.194613019194792 0.236081350882133
0.164769534747111 0.168746946228105 0.0929871773697558 0.170205784984627 0.247230557527148 0.156059999143253
0.281869189259213 0.189957831426537 0.0789977346643206 0.193009360178375 0.14264515991308 0.113520724558475
0.00903358803659651 0.33446244109304 0.181622858353854 0.251159075687407 0.182818303209878 0.0409037336192236
0.143711708611953 0.229438876826757 0.239565148264306 0.116987637120103 0.11459306905289 0.155703560123991
0.0300426439364287 0.140806995484224 0.194178398824876 0.310361348565818 0.226973227848249 0.0976373853404043
0.436290446776257 0.0490284069162293 0.206188437208209 0.0222606368922562 0.232450087124257 0.0537819850827914
0.0392723635577755 0.172593116026128 0.18256267140785 0.272147542972774 0.116421660664677 0.217002645370797
0.168793608010403 0.22063219930069 0.16117096651561 0.0580310311192551 0.180358212889097 0.211013982164945
0.195466895560595 0.0714304630919598 0.168636227261639 0.0768585308098725 0.236355511616133 0.2512523716598
0.0379745463058116 0.0673824372323215 0.206460335191725 0.215697630997918 0.221183654861215 0.251301395411008
0.20508903871199 0.164382992064967 0.176521319379784 0.047395372069114 0.175532757153106 0.231078520621039
0.00972511202111138 0.0342012009833902 0.236113317955443 0.0168479409282109 0.583980289391367 0.119132138720477
0.0969430558358222 0.0518409219724998 0.155686693032289 0.124815662761187 0.292818949694415 0.277894716703787
0.129120135361148 0.0016103434392056 0.349961941635941 0.0646936015300115 0.103386391038093 0.3512275869956
0.205044087308072 0.119525930292111 0.190956092087366 0.188033265469383 0.0299265767266597 0.266514048116409
0.0307597432358425 0.0721638293362789 0.14123147918404 0.311246416919152 0.266262932265399 0.178335599059288
0.183574317691939 0.159207851174785 0.1167857478596 0.250747835224864 0.223487980545153 0.0661962675036593
0.0345618826148959 0.120813456010137 0.0845720922492963 0.197880871282692 0.32186407624676 0.240307621596219
0.0133072654000716 0.184831774844545 0.291405282261687 0.136774513601324 0.25127660706609 0.122404556826282
0.0546176709078377 0.0273613498079396 0.266093179102256 0.236278512507375 0.294713655892534 0.120935631782058
0.184621092120702 0.225569116129651 0.104458217883135 0.0847053490750935 0.108359724557781 0.292286500233637
0.130141251196059 0.116061365832114 0.0845906597091903 0.356453773511613 0.22767367813864 0.0850792716123829
0.243349589559774 0.00955611003798671 0.104178406366286 0.192097640751224 0.298631024766672 0.152187228518058
0.0885529218653545 0.200034831657137 0.1603943311738 0.212162028415925 0.157534332965483 0.1813215539223
0.0129400078291767 0.293168811276483 0.208140917434198 0.0250459182088407 0.301441918909138 0.159262426342164
0.0452158549055277 0.307037840728453 0.0908617959643454 0.156302387102523 0.167479872705208 0.233102248593943
0.228880998709921 0.117486324499896 0.0574884894077828 0.232166246744003 0.201555220982158 0.162422719656239
0.0792591705403777 0.208997216197105 0.220858792075307 0.147337560733216 0.205602091781375 0.13794516867262
0.168711932702042 0.0867348622673413 0.25878539112495 0.0861222688896433 0.183761744995593 0.215883800020431
0.00322965662280405 0.168079602411903 0.255850030784021 0.255673389303418 0.0807778550336548 0.2363894658442
0.0329842926874737 0.27992850275944 0.0772060943196034 0.237671027889335 0.245558332932337 0.126651749411811
0.334997353163868 0.187324033097453 0.00383587256866615 0.117742176895702 0.200659833009805 0.155440731264506
0.123214938824356 0.200812090086355 0.237813285424025 0.192382271645729 0.0831009938699345 0.1626764201496
0.0018937673566076 0.177685234694237 0.118641624059874 0.546936012341485 0.0789897224274374 0.0758536391203597
0.263707768896181 0.200856223824776 0.0140070693622021 0.157945437237982 0.27489759342303 0.0885859072558284
0.188369309040859 0.137723688966328 0.015768966068154 0.300584063735796 0.145067699752451 0.212486272436411
0.00739683445041355 0.136866450304959 0.197142518972487 0.111257660884396 0.2620111303783 0.285325405009445
0.181494726864332 0.0250606357902179 0.0553842281276827 0.182495736569083 0.320835687627516 0.234728985021168
0.00213531139130181 0.354329193503983 0.271553984736658 0.246890936051988 0.0435860045968564 0.0815045697192122
0.0012481979909657 0.128439997835316 0.292643777017637 0.215343223226108 0.127068961968296 0.235255841961677
0.124472214883785 0.0298790324753816 0.253148381602718 0.238796434163146 0.303481231180808 0.0502227056941603
0.201325468959703 0.114097140371024 0.262459263265558 0.0869105939736276 0.220505694364437 0.11470183906565
0.148963169625163 0.376674210051127 0.0253665629542872 0.12634171323158 0.190201048821959 0.132453295315885
0.306445834109234 0.0735761549928357 0.342461375640818 0.0208729388468536 0.0434318815203472 0.213211814889912
0.0534349195904543 0.291975298009112 0.181608975199772 0.253829815744799 0.110347481347627 0.108803510108236
0.231992762412604 0.246890011714595 0.119768188685559 0.0073276092112008 0.128556061582904 0.265465366393137
0.278423115623377 0.145248842704039 0.0667223617232777 0.22366976495203 0.0939022686457264 0.19203364635155
0.222440303332252 0.163262806200191 0.229468057576745 0.079049460698001 0.199265980712091 0.10651339148072
0.205866497539121 0.0222031398378554 0.392939742920848 0.0837760017947769 0.0537229903375703 0.241491627569829
0.122799744454588 0.0712666945425938 0.00863001924447558 0.302316438017069 0.134117296137026 0.360869807604248
0.236861054078079 0.0730456114519583 0.275822316882298 0.268179732491169 0.0318905356261676 0.114200749470328
0.110914900996922 0.170966950945878 0.242522215576255 0.0729143849220606 0.230762335542689 0.171919212016196
0.447470470402172 0.0666991783668539 0.0359476227460457 0.115311462283983 0.0759408552805832 0.258630410920362
0.22568591151483 0.309163113972845 0.25934618229671 0.124366633049653 0.0514826851152038 0.0299554740507573
0.14653247804346 0.0249977428693207 0.252694699785594 0.211333647829029 0.219092453668925 0.145348977803671
0.279427704262292 0.120457401969125 0.0402375120610445 0.103418015561529 0.139828739559631 0.316630626586378
0.14238814254328 0.140336180605959 0.265428234534339 0.35033304068039 0.0689991963229502 0.0325152053130814
0.331911088348824 0.290898912094406 0.213709203803629 0.0474771382342274 0.0788957841714495 0.0371078733474639
0.121912400683206 0.225607201912845 0.0238206314458806 0.137737767166169 0.213502372704126 0.277419626087773
0.0836216964544358 0.198718495716968 0.221491798318087 0.183736230067614 0.209259749275304 0.103172030167591
0.101617998830034 0.265400956710214 0.0277756029613821 0.259697988457726 0.201935492914875 0.143571960125769
0.379906214777335 0.0475382126164168 0.20510315530946 0.0904061926649713 0.0441022829468326 0.232943941684984
0.13066681256954 0.211442127961178 0.28572161373664 0.0413831567191829 0.0663612592461652 0.264425029767295
0.158021311712792 0.00634467210001118 0.0973981027032451 0.412634981025244 0.147128864188262 0.178472068270445
0.0237274160419869 0.297431266669771 0.0416290106096281 0.156901960565488 0.250227611923599 0.230082734189527
0.226380296871968 0.164078756954658 0.00162453807944732 0.0281822632453101 0.339945815070518 0.239788329778098
0.313225855044529 0.145153033084477 0.0220757207126097 0.276116439977201 0.19197490204997 0.0514540491312137
0.147878065801187 0.104220549941406 0.116548496201776 0.156661090364963 0.299646921888441 0.175044875802226
0.306307649728714 0.0305253416272512 0.351755570967402 0.0814130020109923 0.0847266213954033 0.145271814270238
0.26500993652195 0.185057192744122 0.322886746685399 0.0412560176146197 0.0116520404667407 0.174138065967169
0.117289399202769 0.0960654413625178 0.244983882222573 0.222904450751792 0.15389922523499 0.164857601225358
0.23408818215674 0.109019870690135 0.315651288219699 0.25884397866903 0.0430246933717512 0.0393719868926453
0.191219700703214 0.273235125409852 0.00430509952858844 0.269226853509579 0.035560363573072 0.226452857275694
0.0417652130674063 0.0951745679235818 0.140416244114934 0.206350861930692 0.208688926009177 0.307604186954209
0.230433344447751 0.134964851869597 0.0228211565536918 0.0216853816637285 0.294144277770251 0.29595098769498
0.207481277710406 0.261626462286927 0.207990564109294 0.0344092762908374 0.176543722102218 0.111948697500318
0.0574159749501869 0.135148309127672 0.262430001062152 0.129848300306858 0.24485417821434 0.170303236338791
0.14570020382883 0.170207938507369 0.00536475495175034 0.477396754372934 0.0855103229137 0.115820025425417
0.0743708336555673 0.150796338707696 0.147931523069305 0.187011342951664 0.230100201367388 0.20978976024838
0.218087439335467 0.0686993743837926 0.129724888726306 0.21354198591999 0.230566206234958 0.139380105399487
0.105175844035784 0.233201501566676 0.258003843322553 0.019036076534303 0.248229839080117 0.136352895460566
3.78575893040563e-05 0.255170733172054 0.00070395917640794 0.162506314927825 0.389993625355138 0.19158750977927
0.198245501826654 0.152651270572259 0.255664730946636 0.0874876941803278 0.211495938374801 0.0944548640993217
0.157654910871192 0.109797142180121 0.198833336770787 0.0754330666010911 0.232159026839196 0.226122516737613
0.00882499307483621 0.224196260223964 0.306801899328447 0.338577638070135 0.104638072839676 0.0169611364629409
0.0758995801007848 0.272852341047682 0.0274623325113623 0.118021977303522 0.380621042084214 0.125142726952435
0.230563742959655 0.0581703926801533 0.235376826923481 0.200761315324993 0.0996770210801181 0.1754507010316
0.245289642377183 0.27810952031706 0.05725539934748 0.228549226957479 0.144274629526751 0.0465215814740456
0.150295769640576 0.230802134965157 0.0488700364105019 0.278397904763011 0.067773219184736 0.223860935036018
0.0674255939304361 0.00462203825719327 0.355213788916599 0.0774070357183991 0.0976760093484059 0.397655533828967
0.160809386738216 0.216092495185813 0.148776614663724 0.110651064718317 0.141904974946262 0.221765463747669
0.112275265244876 0.252864388575984 0.2183230638931 0.0478766518778147 0.230380575588264 0.138280054819961
0.115858588663803 0.0478989591423407 0.324880742194245 0.247897218515278 0.0686606695439441 0.19480382194039
0.142335308129681 0.0409802545511172 0.219009019603743 0.0314727624236739 0.199726275189004 0.36647638010278
0.199876681662751 0.0523565075330336 0.192456784433316 0.227210762486575 0.249134693805888 0.0789645700784373
0.153487359863126 0.237441302159226 0.110090118750679 0.233360257046988 0.234046714280555 0.0315742478994267
0.0112297552717548 0.0804463745957386 0.39357862244474 0.0355861672697218 0.320991049134093 0.158168031283951
0.134013315487916 0.113347720560498 0.179808913311149 0.207562987762989 0.109380282474608 0.255886780402839
0.0629745358564573 0.307566203572631 0.143653051643818 0.294447824148059 0.189731147423458 0.00162723735557588
0.132324376467943 0.125081038364058 0.20325709965745 0.20529761922618 0.105158876045507 0.228880990238862
0.305635797051657 0.181295589728304 0.0553344361616989 0.192407248859263 0.240742328928665 0.0245845992704126
0.299243408095773 0.0692491786275539 0.104031927820365 0.234835541862423 0.0745696677980383 0.218070275795847
0.297076642908559 0.222469369236391 0.103107052644083 0.0316273733075859 0.217092804112187 0.128626757791194
0.234524430136463 0.399010999357234 0.02605773348124 0.131708473126953 0.0128016456726315 0.195896718225478
0.0807337671683597 0.137948754367167 1.58247928689687e-05 0.039527313162188 0.280904076674254 0.460870263835163
0.272287973894691 0.331688778745478 0.080864092627764 0.0481296635468795 0.0681916041027607 0.198837887082426
0.297356203428416 0.00754683876030944 0.241310567443644 0.159774077904812 0.226083241514433 0.0679290709483855
0.122533003112773 0.284498723888176 0.0880376975837654 0.0204707298641235 0.281511886073859 0.202947959477304
0.1367042408615 0.0811593349452161 0.286386685813249 0.193375861604141 0.291064898848675 0.0113089779272194
0.26722284735861 0.373674274200007 0.0281763242851364 0.183376291869235 0.0391546991421036 0.108395563144908
0.16266031307638 0.128686853918638 0.0467811535418528 0.201987260364329 0.283499279903426 0.176385139195374
0.1871469373516 0.207780786243675 0.129563342106569 0.0275048719742361 0.2038342554836 0.24416980684032
0.100947948705931 0.202159816334492 0.187708536400824 0.171365092954555 0.172478369877338 0.165340235726861
0.243866785661962 0.104820925308151 0.117571211563512 0.0548400576283339 0.269733115870493 0.209167903967548
0.206069367657966 0.155251656304494 0.198803079359012 0.192691869066077 0.0339309127775186 0.213253114834933
0.320734797288873 0.266517444706374 0.213593832062805 0.0159492343671904 0.167759415712356 0.0154452758624022
0.219495529160172 0.33154973838461 0.283902310052665 0.0201670730091718 0.103636574203119 0.0412487751902624
0.153578816006141 0.323548639803512 0.155840812225573 0.0319561053739619 0.170728753256589 0.164346873334224
0.185112121469145 0.309906677535257 0.0714067474261052 0.0674162510008471 0.300899610449197 0.0652585921194484
0.0353119545256748 0.0885737023238694 0.235323981234438 0.0951054779652172 0.193589283690173 0.352095600260628
0.09849340786291 0.149572626079774 0.187372339576637 0.0993929424578416 0.264614416109339 0.200554267913498
0.194409123208569 0.110705687143161 0.150361449708958 0.222407294242551 0.227812223273792 0.0943042224229692
0.24272613405198 0.205576229455271 0.24240330444718 0.0917857733012162 0.0851802024473467 0.132328356297006
0.0414436533308672 0.264230964832728 0.238482484511911 0.253747078961626 0.123078221577149 0.0790175967857199
0.268038001143123 0.066647743526427 0.258295665760322 0.152209993145354 0.014488021082501 0.240320575342273
0.0876190777534172 0.178579543290062 0.227652431242951 0.141896736874156 0.206733518629745 0.157518692209669
0.109911205612877 0.1576845703225 0.160777555051406 0.226394759470979 0.152043002889986 0.193188906652252
0.167340875531277 0.231895985570745 0.0799636860204886 0.24930082505665 0.119353788544049 0.15214483927679
0.013231531691631 0.201183892573362 0.121310531945 0.256980822734148 0.187064503961041 0.220228717094818
0.29178151806945 0.0669227174922942 0.27298087518276 0.0661139463718679 0.00772689688603996 0.294474045997589
0.220601475831873 0.120302293349557 0.0267512259347921 0.269992445274761 0.176437547347927 0.18591501226109
0.0068555265304333 0.298707594372844 0.284641207948561 0.0590447991787587 0.0284511847717572 0.322299687197646
0.0846176381497429 0.210898938986624 0.145658397484753 0.174652325865891 0.265604327809595 0.118568371703394
0.112715629153696 0.229671462741707 0.121786717339459 0.197831688690577 0.188671564557611 0.14932293751695
0.0241287783809192 0.29551315803288 0.246531505556631 0.00535600043380494 0.144737709637667 0.283732847958099
0.0418521350305844 0.164231885996371 0.35091041269276 0.367570142136707 0.0358304677892275 0.0396049563543502
0.116777878799502 0.198967038918338 0.263868912581457 0.119609279130463 0.0530254751508652 0.247751415419374
0.160716960150572 0.117364833318922 0.218480424555221 0.209349766675912 0.125254910795652 0.16883310450372
0.320444021305775 0.221089855518292 0.128449632752649 0.15861433911845 0.0106228226081101 0.160779328696724
0.104260788923032 0.0645094041186656 0.121195111187264 0.240298296835035 0.225994433766558 0.243741965169445
0.244600039567929 0.0913981825196043 0.0725345696318896 0.133856159722694 0.226674033062696 0.230937015495187
0.104382331565986 0.319671246817253 0.445097041567078 0.021497512886761 0.0711716649895674 0.0381802021733552
0.277784770629033 0.197553167268295 0.12885272139612 0.0443493576811515 0.291940823852675 0.0595191591727244
0.264761836221034 0.0426534198423042 0.107834562716766 0.0782591493128535 0.229839416771989 0.276651615135055
0.22833992939794 0.0923213048110392 0.221943367400698 0.20865634660153 0.0948156841940467 0.153923367594746
0.170899953947084 0.0374840999578492 0.245004671932485 0.343140986324292 0.128278544030453 0.0751917438078375
0.203560112931065 0.112671055353472 0.209798449942968 0.194166084078575 0.160998587377657 0.118805710316263
0.0512719421571525 0.311589770958405 0.16640431672635 0.419535952810142 0.0443849005322079 0.0068131168157425
0.258262082637741 0.161318497089236 0.0625035207252764 0.0695376575359818 0.25706932790551 0.191308914106254
0.0793553471904394 0.174366853068468 0.104356607975 0.271241707500722 0.177830446690693 0.192849037574679
0.147846119099313 0.159073647907528 0.211275982960701 0.0822661968334737 0.243781624279684 0.155756428919299
0.220086712102919 0.190217775203599 0.0955312809255722 0.089019620605366 0.192177114117449 0.212967497045095
0.122472842089468 0.0842023311121165 0.275585013863857 0.142159341867783 0.111320660027395 0.264259811039381
0.125793087616527 0.135107253314282 0.215474416131027 0.302498921528653 0.00880286851713986 0.212323452892372
0.223678805215407 0.0662665253394416 0.17375018436251 0.233483242119847 0.300637616842724 0.00218362612007073
0.316336576939444 0.166428058025343 0.285198510669783 0.150773215694059 0.0285099557938048 0.052753682877567
0.249864897324873 0.234873526024565 0.0681488763864252 0.147068618528664 0.0866605725500324 0.213383509185441
0.260441096216373 0.125214802706759 0.22304398378894 0.187223496339601 0.154819867530247 0.0492567534180795
0.17749890983566 0.160148140942017 0.0574060905226198 0.228467711842327 0.230120477105094 0.146358669752283
0.196807557441722 0.221179403421615 0.0887631339030207 0.110409082392108 0.224792272135013 0.158048550706521
0.160721315141026 0.0721865061359812 0.429749201648688 0.280064894276587 0.00212641241888587 0.0551516703788322
0.0497956586784899 0.486264069288992 0.159567860637495 0.0778019142426905 0.186468516821265 0.0401019803310682
0.202723368266993 0.149885361111115 0.152730283529022 0.0481940323134089 0.246215056628881 0.20025189815058
0.101542120350465 0.152612657607672 0.0651317295473333 0.173914087092646 0.226954621083587 0.279844784318296
0.199695065993045 0.306243962904773 0.131344292928082 0.0970994646900249 0.145223516792283 0.120393696691792
0.165800729582174 0.137857486100786 0.171786372955855 0.156742055606773 0.140915757651642 0.226897598102768
0.153060075165421 0.122233184342459 0.225090585231426 0.0751537724300785 0.241651253405559 0.182811129425056
0.229995390489441 0.149355190470118 0.0248357703781003 0.109274348389654 0.298324945403274 0.188214354869412
0.104433359480894 0.38367956459559 0.0629916016285401 0.284638397560065 0.0912010379957382 0.0730560387391727
0.0835115622516071 0.0552122168363138 0.138509829314195 0.185729422485231 0.478775591665135 0.0582613774475192
0.174091139758147 0.146089615881206 0.0897381334892094 0.158325361954906 0.276878132308942 0.154877616607589
0.127645853384176 0.157488466867729 0.137334633258818 0.245189123105816 0.159311025808678 0.173030897574783
0.249329280048097 0.0979701744814204 0.26628331140964 0.0640378254966944 0.211726709942101 0.110652698622047
0.0372310992626867 0.218231534627227 0.267048834018261 0.0458392682604582 0.191603890265431 0.240045373565936
0.207889058033341 0.209233832737814 0.224992274205643 0.215466808257485 0.122648940260977 0.0197690865047393
0.263864519786199 0.00875034454137416 0.147867727040611 0.151032183523891 0.282642218075049 0.145843007032875
0.146360768573298 0.120743749120329 0.137375768395886 0.137994799711372 0.203587787798642 0.253937126400473
0.201138936805087 0.00482668868766201 0.149997284566113 0.247099428706954 0.270424552723985 0.126513108510199
0.265179753644799 0.176235976156914 0.00413863537059226 0.278997044720504 0.0483229774860632 0.227125612621127
0.103498282682806 0.0781046075539093 0.271880917268158 0.238801589813616 0.0123644366525152 0.295350166028996
0.127938397987246 0.0692345509248236 0.122913327417624 0.28306232370975 0.20404510678927 0.192806293171286
0.18110625530177 0.162191998118591 0.0938835843170397 0.285850329067258 0.253565180892012 0.0234026523033293
0.226914072832481 0.0751158639931978 0.107062993817791 0.220333168533085 0.2147598602147 0.155814040608745
0.0921167525289129 0.361081608963372 0.0707541586804097 0.0643284111907786 0.0299507880038914 0.381768280632635
0.121890322336316 0.320163465791061 0.21128715500199 0.0114165325040368 0.317606146611147 0.0176363777554499
0.320160691459672 0.324658659967344 0.0921445610956967 0.0147128926663787 0.149856359726288 0.0984668350846197
0.0348387375218028 0.249423308563944 0.257837195027406 0.162669454040873 0.228411322096593 0.0668199827493814
0.367142656844103 0.0601344760053346 0.340081317570677 0.0520065992123254 0.111341567113403 0.0692933832541562
0.0730006187098764 0.0355422938164989 0.0176493337746794 0.322996531518155 0.166704847847321 0.384106374333469
0.070905579565393 0.258236329268634 0.222734773947774 0.0448669381188488 0.288667746143127 0.114588632956223
0.0999976424118242 0.00729726453632682 0.00753973940548731 0.386203613343274 0.329711914346211 0.169249825956877
0.16040767138781 0.197043913884132 0.200709505603867 0.0751428170245528 0.223589960689899 0.143106131409738
0.247536147162789 0.0953639935838135 0.0935460773492082 0.0248660681457517 0.28259195018847 0.256095763569967
0.303695558002981 0.266667332979817 0.131822485323148 0.0345874478266497 0.0963343098046418 0.166892866062763
0.190609942771873 0.124552603853641 0.103112243497606 0.110399056021624 0.241009081823133 0.230317072032122
0.0705615298490504 0.206157120905124 0.0767020093432068 0.135881997065821 0.239389493247268 0.27130784958953
0.0585892904856337 0.0968319889918157 0.4322846229118 0.070281773198713 0.271031642288759 0.0709806821232784
0.21456169504646 0.215513864638626 0.0892351150826818 0.278251285067134 0.0148321540665061 0.187605886098593
0.187488565762676 0.137262044867295 0.23578238894974 0.0564411858133606 0.0938882679589512 0.289137546647976
0.162551329954858 0.139882094341593 0.0548451381176457 0.199422253587044 0.232756982734197 0.210542201264662
0.10376357053079 0.159043953998874 0.183105948466889 0.212928992840144 0.134755311033153 0.20640222313015
0.251003783463213 0.114226489216755 0.188066100204798 0.197188432070037 0.0772182647935293 0.172296930251668
0.280960257713445 0.125807449969177 0.300314153627022 0.0707225638035663 0.0841876242554051 0.138007950631383
0.0803748439148428 0.124093611625179 0.238136483952317 0.308940026917825 0.124416686637145 0.124038346952692
0.0919787831844312 0.20406328562465 0.245846878054733 0.130633102336446 0.0913780064933147 0.236099944306426
0.172734846910244 0.064010814292303 0.454966500904709 0.0362668631233146 0.173333453897164 0.0986875208722658
0.264584990416429 0.253931775124278 0.22768510650034 0.12567360045419 0.0728145509568146 0.0553099765479476
0.265282994442384 0.0490606060706849 0.260685939675864 0.0696023892924225 0.210393326045744 0.144974744472901
0.288843185277318 0.106335411918551 0.183129905007945 0.0268297871318048 0.135891190826617 0.258970519837763
0.0777849762706081 0.0754969164935415 0.28771234951151 0.244931769862226 0.308101407660961 0.00597258020115432
0.0858009639581174 0.101204581504438 0.30668464252771 0.262687991286443 0.0589694348581682 0.184652385865124
0.260467782804157 0.260921392606886 0.0714594337399411 0.0910786127878457 0.101686009367763 0.214386768693407
0.299210331209773 0.136840850880319 0.129530450727186 0.0741822793844832 0.265231102662958 0.0950049851352803
0.0414612175209441 0.0797461166443235 0.32511681540208 0.328906292011435 0.181930218137387 0.0428393402838297
0.040864206509849 0.300477582628936 0.149418922364476 0.154302695593746 0.230031099329839 0.124905493573155
0.0532602509690823 0.263924148554208 0.427546732604605 0.108873314105336 0.101106742327549 0.0452888114392202
0.202865227017656 0.0691092730576207 0.166269858544289 0.0937457160149844 0.29210097539498 0.175908949970469
0.00480664203606316 0.0269845391453061 0.495828187531146 0.346126700829884 0.0592034948041272 0.0670504356534739
