0.073614897276625 0.0069249566723381 0.168436805917078 0.110534788413104 0.0739528547926657 0.190353430251552 0.212589172696684 0.127533984142696 0.0360591098372581
0.00802862190303685 0.0450524941193357 0.0132897557546758 0.170799220643478 0.0367789656326097 0.123046749606323 0.185074819285023 0.12310192638966 0.294827446665858
0.0845604895361744 0.0760606620343338 0.160555706910344 0.105544311392705 0.160355028217976 0.172738039736189 0.0346366214946307 0.179347100979239 0.0262020396984072
0.0818160423716003 0.0578952714108245 0.319837550477799 0.186915760168493 0.0197908082168745 0.164177582007978 0.0419562087543279 0.0346584198177173 0.0929523567743853
0.0895097515590186 0.116905168784335 0.0584008956287875 0.0968933626789944 0.18163529428004 0.220104550029641 0.1186583399621 0.0603826476855757 0.0575099893915069
0.0890465711551634 0.0588769921043004 0.190779481071802 0.0166596202778617 0.0383566001239139 0.085444363673534 0.159278849952518 0.16258352530433 0.198973996336576
0.117950228938279 0.0506896243050371 0.167397113674098 0.0778279345017105 0.191521262374971 0.135706649175404 0.112620521202506 0.0583975799014197 0.0878890859265745
0.0695416939270044 0.000227211651594999 0.347426813787083 0.0401662472560048 0.0341507275344298 0.133383658983762 0.171040007424053 0.133285427488087 0.0707782119479813
0.101541754555125 0.0309546388721023 0.106994347358693 0.111628520389817 0.127177299519877 0.0773220496127954 0.152617403109323 0.171106412846025 0.120657573736242
0.121223048084746 0.156585880785411 0.124607691967402 0.0281725381699952 0.099892728111093 0.188475968461219 0.167577629896218 0.0256559846182252 0.0878085299056898
0.133529496421198 0.160123521596857 0.103776089568812 0.138827884441699 0.10242956987597 0.0205287309525123 0.16101721820519 0.0388754492236128 0.140892039714148
0.118281790311519 0.0909467915372559 0.141630797960338 0.128713154870719 0.134969983718086 0.131046135585834 0.0794088928734817 0.0424102318759301 0.132592221266837
0.0721747220719678 0.133803237280842 0.114971902042595 0.049230177703885 0.0542801141801496 0.119464759640854 0.13480580954137 0.167111986924587 0.154157290613751
0.13335847118549 0.0594244590251801 0.162927814555568 0.0433466684108051 0.0855831143657997 0.151581434587795 0.0220480790828623 0.0933277253641079 0.248402233422393
0.0794509422247716 0.141654983274952 0.149352263898261 0.152625685823672 0.106101007193779 0.0100301402148315 0.19654866147403 0.158263465676392 0.00597285021931122
0.0575542435987706 0.257508100846151 0.035876112629275 0.250973868055193 0.0504540493750394 0.227271242038882 0.0482518222559564 0.0248219986129339 0.0472885625877983
0.0952596555518548 0.0915609094609389 0.175846296370289 0.00363236034819598 0.188543945798282 0.0502507272920381 0.190365307750662 0.16535398465921 0.0391868127685297
0.0847507843979202 0.0909328554736144 0.217741254593579 0.183414631744095 0.0900981263908016 0.164533369346318 0.0178905288924199 0.0372098608859933 0.113428588275258
0.0774846878020484 0.182221106052065 0.0685725233691477 0.0968055980144504 0.165513479915434 0.077772649485061 0.0491711765866207 0.109600356988783 0.172858421786389
0.162381765448728 0.255669916136757 0.0585160042393646 0.00474975812647409 0.051801500587698 0.143968184494746 0.0801352143695172 0.117432179263366 0.125345477333348
0.026945789878747 0.0891266590153396 0.0981616999239634 0.0416579442356923 0.303653430406249 0.116227521963478 0.0588914963399922 0.215731497493634 0.0496039607429044
0.251818601703865 0.00332848771790749 0.0232188016408331 0.00207159273934885 0.0430680592446284 0.17811629922672 0.0816229394686454 0.137468766467315 0.279286451790737
0.0552048224655217 0.156040337997868 0.157348392871772 0.0201956151659075 0.215500945774766 0.12876903630689 0.15878615193618 0.0285230754015015 0.0796316220795939
0.211317387899278 0.18806793639305 0.0671555253852703 0.0114292739825383 0.0719563867888976 0.0988971166742867 0.0533587754404723 0.194418431427434 0.103399166008773
0.100071869247705 0.159715039826341 0.146019947915494 0.101451562758617 0.0607111115404028 0.209778536948041 0.184505886325979 0.00822516368591803 0.0295208817515015
0.0512850397462793 0.0263311845871276 0.201865680512183 0.0357635082067716 0.218799473131658 0.150546655660984 0.106380622452448 0.121316716378181 0.0877111193243669
0.175427644293652 0.0938661138437252 0.022949341681936 0.186325628953187 0.00811562438868381 0.0500834308123579 0.183242974782981 0.100942134629751 0.179047106613727
0.0749476316264887 0.00318933388405757 0.0635175594594421 0.124059309499172 0.0249316584923701 0.0074055203209227 0.243856435577474 0.23957889052133 0.218513660618743
0.0517405372739096 0.00351155965853214 0.126971945883247 0.151775212007835 0.270948052620743 0.104780972420793 0.0841445741492721 0.152000580355864 0.0541265656298045
0.0302652801476514 0.125643934162001 0.103179121214437 0.129185665366236 0.156699597608981 0.125518529593437 0.0512426879036403 0.151545649846755 0.126719534156861
0.189774287156533 0.0064111818394765 0.160161535271472 0.185455277288648 0.0174056039296524 0.167272594386883 0.0408432326382307 0.0828508011395261 0.149825486349578
0.0521680324255894 0.124894933222275 0.00452734339579026 0.11304446477289 0.172937469210826 0.17150373672841 0.161995440654793 0.143444272418513 0.0554843071709145
0.174777910130607 0.147314366457108 0.00792890581291005 0.0109586980092464 0.179087567729096 0.0699871038936778 0.21365398692323 0.149083554708087 0.0472079063360384
0.191246189671424 0.065857878553743 0.0719627048931774 0.0977837120325336 0.0554156525885337 0.207781653013252 0.0335234510173141 0.105912327918368 0.170516430311655
0.145146466993646 0.215754097540913 0.00739916717018301 0.0882351710221411 0.0537377602681096 0.0365616100461538 0.218308384779524 0.17577663065786 0.0590807115214692
0.252107215335282 0.109432039399278 0.200523376051593 0.0511355901263621 0.165214325995603 0.0257337107235281 0.0362280313918939 0.00713548358812784 0.152490227388333
0.159925634717385 0.0906407483844131 0.15493167350676 0.0615742496521184 0.108636647312351 0.0641989765177137 0.0838324511422792 0.172147355926664 0.104112262840314
0.116493209490335 0.109728083538317 0.190191047295139 0.0761450376335171 0.0894417123480267 0.183547876412945 0.0974688035149866 0.0243424962898266 0.112641733476908
0.245150198658833 0.0614720079411913 0.120958754870165 0.0665188957081695 0.178508418128414 0.133760365028607 0.0328168915442802 0.131182213227174 0.0296322548931659
0.131250374953978 0.142514317750727 0.102917392624232 0.000140678305952064 0.194417988505448 0.139532165556532 0.0756990573223193 0.0705292758697729 0.142998749111039
0.00499479590694812 0.132055658664572 0.16434453694189 0.07355802602588 0.0916479989969497 0.144169932095289 0.0190129668204911 0.127131940597692 0.243084143950288
0.10171946986252 0.113524182580991 0.145287706285847 0.0826048457597195 0.0662686728907603 0.142901344938184 0.0817339817952397 0.113327198009858 0.15263259787688
0.0552724276113213 0.13292211003689 0.183316514272838 0.0460614343068523 0.0643579386232575 0.186790427952592 0.120321634185856 0.0250427754726304 0.185914737537763
0.11176639519349 0.146695371983666 0.195875850703278 0.0589872133591303 0.0575207264011472 0.120273715942083 0.134140007154284 0.123540540502094 0.0512001787608287
0.158570976893315 0.185125011325996 0.0504928059436748 0.0496950606823041 0.147218086701078 0.205572454676514 0.0594611364479734 0.0108087955554511 0.133055671773694
0.0959071252553181 0.16461218746207 0.0736306184696117 0.173712441923894 0.0580803577694767 0.0723112533835272 0.11684565813644 0.186958818045412 0.0579415395542502
0.122520701368764 0.142037449380357 0.0155331515636389 0.121276781436277 0.23381693891142 0.0291173749740754 0.109845221749842 0.162990770486872 0.0628616101287537
0.11735975617266 0.0970171381077491 0.090435307079585 0.0147965338373403 0.118471771407436 0.126242315002368 0.122469509013176 0.130313204741654 0.182894464638032
0.178617811904553 0.0516905025666514 0.0962629989896266 0.0785671349191772 0.180963164778904 0.0720844998649461 0.165452715787895 0.0197099069378258 0.156651264250421
0.247852533065189 0.0710777014798853 0.0357370436989026 0.0669846893691273 0.0879350210385378 0.170998407770735 0.0528118565439137 0.245947197846217 0.0206555491874927
0.156845756815609 0.205821413611882 0.169599691867337 0.0132143414038483 0.00531386555509468 0.170167637631821 0.116282223265467 0.134963233637278 0.0277918362116627
0.147274636863325 0.0950799091346176 0.0785311415437647 0.0874873619567291 0.114918223842241 0.182102567259162 0.00374582101458189 0.153589036591224 0.137271301794355
0.160322975709208 0.0780134171021942 0.0104987761086341 0.157923157258363 0.070031039770657 0.0975988329534693 0.12829799567648 0.135408304592334 0.161905500828661
0.123049196261446 0.321415640964317 0.0597346300390152 0.128838770923448 0.204860649246594 0.00382148438367282 0.0267237168260135 0.113062809448678 0.0184931019068156
0.137810234195265 0.120350089331456 0.144521467136105 0.148141069247355 0.0682355182462446 0.103996948336806 0.0615693399369093 0.102393325203527 0.112982008366333
0.165665587863992 0.0499232212514597 0.131757472187561 0.159403322118625 0.0540442686760215 0.0223516383034958 0.155458847553513 0.0968098489750224 0.16458579307031
0.138315981024356 0.140342475224177 0.166213162606547 0.17371433375921 0.0909500108548421 0.0182370294000487 0.061068478245425 0.165792728466269 0.0453658004191248
0.18085139321326 0.0460089077694011 0.163031166506741 0.00654489852457348 0.0249671733124203 0.235717627550633 0.0356830095841717 0.0878285226866613 0.219367300852139
0.182878924816342 0.000438041016007117 0.221048832597707 0.11691770517923 0.146274299103622 0.216971216781919 0.0337984287180768 0.0631054766451155 0.0185670751419808
0.0870822282552165 0.171069483170811 0.1738540600141 0.0116132907846328 0.196525975222114 0.0591819326896068 0.151008439731354 0.0383541520808025 0.111310438051361
0.119902119033938 0.00122981290788003 0.193582948977418 0.240062669795933 0.126456356558344 0.00939811329356445 0.0506213133327241 0.0751232544939344 0.183623411606264
0.192342932847329 0.107764396351601 0.135056554871759 0.106721069732691 0.019076152092891 0.121336150186906 0.0615252181369167 0.0381527914724514 0.218024734307455
0.171045247018573 0.125234475625786 0.160979047697004 0.0859677414285261 0.0976505969427674 0.16617821840563 0.168759392195042 0.0176941821009652 0.00649109858570649
0.124032736632385 0.0483668238416248 0.0903239341677769 0.162242818812222 0.101866277303228 0.14998851329566 0.0979708305065933 0.0995837277535128 0.125624337686997
0.0763799151546902 0.00510520358883489 0.214090475544003 0.120289031601444 0.202226216779376 0.023687033053722 0.167573669778722 0.0638284975854563 0.126819956913751
0.13601687765871 0.10815917745426 0.073461788084225 0.140227992927771 0.0474374059219049 0.0464334576003568 0.0033066637404467 0.223874256032464 0.221082380579863
0.181587691492308 0.137120564461714 0.0181160597099672 0.0841986565906081 0.0163037528256063 0.222046763356864 0.147102809581322 0.123338862946886 0.0701848390347249
0.149876275170475 0.113908781702176 0.0394222764112321 0.130941722375802 0.171085070623722 0.121778989080304 0.0765031539071553 0.0868628216440063 0.109620909085127
0.114921556957011 0.279360603112973 0.0249378292835971 0.132303468747785 0.00498808846429151 0.0222054524045556 0.169721462237004 0.146892392584931 0.104669146207851
0.17440544420223 0.0722004852226362 0.152812578376371 0.111040051785471 0.110095099795553 0.0422469391865241 0.108533156783626 0.155363462686666 0.0733027819609234
0.104244291229282 0.177130251643078 0.0126404499406688 0.175056557491824 0.112825902553129 0.177880093227223 0.00490086811831624 0.183061141342607 0.0522604444538728
0.140911145966623 0.0455025822300513 0.234319065137119 0.165015226960338 0.0284773598658035 0.124123668471146 0.0496071714016383 0.0694383931206799 0.142605386846601
0.124991601147498 0.11327149016902 0.129666007516605 0.055998955846869 0.127025303376802 0.0817196544886423 0.128577327985655 0.134245931850011 0.104503727618898
0.160276602783127 0.0213184337650952 0.131716010605744 0.0579374715579562 0.149891494484663 0.159421924077717 0.124370756849113 0.0512198816062392 0.143847424270345
0.0225855324522371 0.206009453995781 0.0392487413468805 0.208763067813032 0.149570637820357 0.0936370177324422 0.128957251154512 0.0228171032310522 0.128411194453706
0.0807386725631484 0.272671921213495 0.0784426877574094 0.260664787258873 0.0890889777643741 0.0362334707086499 0.0309777126889114 0.0021377424937364 0.149044027551402
0.0139742240334956 0.103452234738045 0.0948526491977903 0.0742701627871645 0.018137102864538 0.242880553845399 0.211016784411532 0.0610725178815288 0.180343770240507
0.213008803670323 0.111116825274706 0.207308870622536 0.0852538447523255 0.145236828045418 0.069766044541201 0.0155995236956732 0.0814295938243686 0.0712796655734485
0.218623429512272 0.179774758847621 0.0117155049865372 0.017849302990733 0.149720577380745 0.0915811126657401 0.0101178454463038 0.1452711930745 0.175346275095548
0.131972333781511 0.14654934022088 0.125705206648841 0.170270616889722 0.0701283810937118 0.192884316484948 0.110135661249667 0.0426047450299232 0.00974939860079655
0.0821158266235323 0.0242033133128238 0.171579069621862 0.188890856687392 0.0846419184916959 0.175666740975922 0.0597690706725883 0.149635469850393 0.0634977337637906
0.144401175622626 0.00144787608288721 0.162041477379038 0.171644164903818 0.0697327579107686 0.160749438931531 0.0118488309614777 0.141995059303462 0.136139218904391
0.0172194736374059 0.205102482654303 0.156266528758382 0.0777368368713406 0.0437190815122042 0.127628280405132 0.130492914253227 0.209138378224802 0.0326960236832034
0.0666111044017038 0.0145632711781834 0.195350913261625 0.119400188958405 0.140684112234062 0.0707968092523121 0.126317192131277 0.149717863605432 0.116558544976999
0.121925458923394 0.0189103490811807 0.125357360295234 0.223684943232274 0.181292696552761 0.103487381175492 0.149693178314794 0.0697007999528706 0.00594783247199929
0.124160639092307 0.110575928572656 0.124687186293759 0.131963343328898 0.0795735934035727 0.168392870376655 0.0182088661826358 0.0786296441676534 0.163807928581863
0.0823106305529854 0.0739717292063964 0.0949053324230595 0.100788924951982 0.166618782849218 0.154768722738392 0.118101391015933 0.0636097816953212 0.144924704566713
0.205049859726699 0.186001248850275 0.0574749654685758 0.213946628272383 0.093502423391022 0.0545634773064093 0.100909414607896 0.0609730182085537 0.0275789641681859
0.122831706435603 0.0390949795184047 0.180726358585843 0.143627732720648 0.0399159258454713 0.0941400597187075 0.0994271131252771 0.169084520744003 0.111151603306043
0.218099178081863 0.0599282559745605 0.0771310435288583 0.186695260174701 0.00020556660397856 0.176392834970441 0.0409230245936903 0.0627135447191457 0.177911291352762
0.0876581725846098 0.11868323818583 0.0732111558237483 0.143780566466271 0.105570937105975 0.13196753952172 0.1462440093364 0.18933244635855 0.00355193461689692
0.162678587144623 0.150093239491302 0.133066973825093 0.032992739034844 0.0777213192419811 0.121098941493672 0.0888357112074048 0.151994823466161 0.0815176650949189
0.0936576571610114 0.0762856241630055 0.16831669750704 0.0915016987146334 0.113951568862087 0.152662391854579 0.105459975669827 0.15219059695925 0.0459737891085679
0.101922354437296 0.130321422666136 0.196808654059471 0.0507090628146058 0.0829292587720795 0.140165468416221 0.0264397754507464 0.172802827779755 0.0979011756036892
0.212939858052216 0.175317219711593 0.132474269315469 0.0325496607051581 0.116747673183943 0.0750821329155233 0.0516951295105146 0.0282153685201322 0.174978688085451
0.0851598230978224 0.0749014489720078 0.113348485067035 0.137983828780275 0.0318653192501829 0.188715388162601 0.0839487547691423 0.156728585267215 0.127348366633718
0.173365920870846 0.0308511541281677 0.230596563507339 0.142728498856936 0.172756227474974 0.0192721141254221 0.0434365831255505 0.140714645403753 0.0462782925070113
0.170993197373492 0.201862716281037 0.100838145008983 0.21889589954417 0.00531109121044436 0.0518145515597785 0.0140836858420121 0.0180321452186023 0.218168567961481
0.131281893502944 0.0306136788303064 0.148101581788616 0.169558891269236 0.0587280114222538 0.125386070389183 0.0113508304745649 0.166978595927216 0.15800044639568
0.191298178470585 0.2042158614132 0.165051038495705 0.166689578569999 0.0859061655016911 0.0653921566318272 0.00876381884493267 0.070270036702871 0.0424131653691888
0.123185541161209 0.058223385728629 0.112876746124626 0.132942864168434 0.0545640237829102 0.11528026784411 0.201667378303557 0.168923144103587 0.0323366487829369
0.0763462498993272 0.0575997958975264 0.132657782711323 0.120015797614331 0.111892663141254 0.133185655477324 0.130272640995941 0.127506560072548 0.110522854190426
0.0927511042055453 0.0780937758459621 0.199447167982222 0.156858265968572 0.115026634826292 0.150597689689196 0.0201430468239418 0.0250860991382514 0.161996215520018
0.0129920426255218 0.119609556065814 0.138590414327943 0.211584022856287 0.0954959685323557 0.178362997261135 0.19942098603179 0.0279122772624528 0.0160317350366992
0.112175141950391 0.0987793886181223 0.189727162442051 0.0354911010571413 0.0620048683878289 0.236276826001338 0.0534494861536196 0.0962430690794136 0.115852956310095
0.1156733304938 0.169664260405008 0.190214892050285 0.00402424546443628 0.203164542066735 0.0105810679060232 0.0603246848321697 0.0432499809664573 0.203102995815087
0.096630485676283 0.0518668374794477 0.0632490986901426 0.204656947874419 0.160897856055248 0.0909391526356153 0.164607674719516 0.0282891839402075 0.138862762929121
0.16504119504527 0.144921126865721 0.0894748761249574 0.209747544083036 0.158706310757727 0.0587444917077129 0.0497608306060302 0.0447676728293743 0.0788359519801722
0.048758791645365 0.105800786054042 0.107691406509418 0.158103206611163 0.157332739924644 0.136271973491599 0.0876340958512323 0.173911026519978 0.0244959733925588
0.0995975127662161 0.0499376440647773 0.182203920492784 0.134001748392814 0.0926038916345643 0.0249563077567583 0.0583535988835712 0.17437750999342 0.183967866015094
0.132080215395826 0.139352668033115 0.0183536314673041 0.0444914821164624 0.00890345778271382 0.22209806223 0.0787884890776889 0.248549096950394 0.107382896946496
0.142858623053102 0.185184184046479 0.0649274125273754 0.0370486407566051 0.0141931499503025 0.216726297691327 0.134603363547072 0.0605678670541891 0.143890461373549
0.175195004380903 0.20005051892912 0.0126130412361515 0.127136489457701 0.145267036522743 0.0541291660787681 0.0875998403237406 0.0770305538481013 0.120978349222771
0.209176960422145 0.140813187655032 0.174779055407731 0.0711901620252605 0.0962326273547028 0.183654605373833 0.00550553966359299 0.105379505727144 0.0132683563705588
0.053664423254786 0.140050245359086 0.0633628810334625 0.0331888439878871 0.148339427147686 0.0772462386716264 0.147133974826663 0.135968693575033 0.201045272143769
0.0803620228196188 0.169755023726152 0.0545467194218961 0.0698096425914128 0.0144998049934689 0.250610291098851 0.158192024660895 0.183495984450839 0.0187284862368657
0.168167516976349 0.0749420937043343 0.238056428694398 0.145140817666034 0.033097360055563 0.0839844764484416 0.116377561066187 0.0809619174516212 0.0592718279370725
0.0982099937628266 0.0445559080557852 0.14643643846821 0.161249289709652 0.150928213438049 0.0723601715454818 0.111107017883307 0.0849353331051342 0.130217634031554
0.0998363733662204 0.163451529713401 0.156799590060741 0.0609168753521213 0.105757702876899 0.105996924365662 0.130999761459436 0.0182119620255871 0.158029280779932
0.0151786287991043 0.173071659526987 0.00820945528655067 0.162580982057145 0.110048082339745 0.174251123096149 0.0928693673957003 0.118348376446942 0.145442325051677
0.115164687777639 0.156155042797356 0.158938815260535 0.0103684790115283 0.176731851091501 0.073788494078333 0.0768492301529361 0.116292939265945 0.115710460564227
0.246389835820202 0.0625404593383554 0.180635416358738 0.05437175007342 0.0409368831711397 0.078229771491821 0.128515284683867 0.055226629246557 0.153153969815899
0.156766080461091 0.0374079600440767 0.00178484669446104 0.167733348270455 0.185160677166594 0.10006701406875 0.127459995730386 0.169314805633907 0.0543052719302795
0.0226290811370249 0.0389219448443507 0.0492490016094208 0.180410959788676 0.0902314656499011 0.189187922387409 0.139588365246169 0.151277996552662 0.138503262784387
0.1553847420186 0.129619731308343 0.15320565927405 0.0920856259673648 0.036458074430354 0.076346732816354 0.159044287863179 0.151113878085866 0.0467412682358898
0.0455687089968806 0.272936626334249 0.0247571185493125 0.287917949175388 0.0553592087559696 0.0219107819026515 0.0703204965996018 0.152823292592822 0.0684058170931241
0.0427212596131569 0.174150388907068 0.112394895847136 0.135652700342189 0.155662760432395 0.0373702734525809 0.146835115158219 0.185456091063951 0.00975651518330394
0.203884878402047 0.17173649654162 0.0474310305781864 0.195815228013272 0.00436627449364162 0.169837773148724 0.145543116563232 0.0435165710904182 0.0178686311688579
0.104909168173944 0.160154278267247 0.090033740788792 0.0367137985146381 0.137210076917193 0.106470043210756 0.169424383328686 0.148287048711323 0.0467974620874211
0.0582614305457036 0.123951587334179 0.162502689136997 0.120723643709274 0.0397523215519407 0.179363247430431 0.193661710920671 0.116208007566201 0.00557536180460145
0.206414986230975 0.186282462865682 0.00448503752871595 0.13340383920897 0.00613493476867385 0.100466018563719 0.0463884606530936 0.144056044527224 0.172368215652946
0.133044976384463 0.112811342492854 0.069595238159411 0.146888126556521 0.110800793654258 0.0236025234334516 0.148821041314452 0.123646313093776 0.130789644910813
0.269072507933436 0.0682687764036786 0.0727398550366107 0.237325439232946 0.00931877446058616 0.113523841307127 0.000407960162741681 0.187424197525337 0.0419186479375366
0.114116189515796 0.0698094899691283 0.168710694708343 0.142532956082744 0.144996466445852 0.133380360818136 0.0267384176812499 0.0559429754990421 0.143772449279709
0.0821433289435341 0.0406709418276878 0.115624948792151 0.00522345135198937 0.225195780246537 0.22214047447011 0.12317505646287 0.140139503089574 0.0456865148155463
0.105801939711892 0.108754887064628 0.0607306254775563 0.154404368458737 0.133471958219604 0.0885381910558513 0.0342253381249281 0.135787978171985 0.178284713714818
0.0624365696082479 0.134898991955297 0.241461173537911 0.0453048036434566 0.166877936777569 0.0248964242676935 0.104275043222753 0.0941794377921421 0.125669619194929
0.175034927871775 0.0704718077100059 0.0284552359762998 0.1954217615685 0.042331511074672 0.205337406142233 0.214445792385854 0.0355293390091958 0.0329722182614644
0.147227606081109 0.132176339706503 0.11105566743622 0.0903063145755287 0.179375778553586 0.0216237545236004 0.107045632975775 0.148059093018893 0.0631298131287847
0.129818874883077 0.147643183744867 0.0767627018409565 0.108726552219719 0.152121770547099 0.123919297687711 0.079972408279848 0.0420913248572924 0.13894388593943
0.123351950215664 0.0473381309432497 0.15278180288132 0.156423782082228 0.160971060001076 0.17658321372322 0.0690322603322914 0.0640404148720566 0.0494773849488949
0.0859244214837384 0.130535976944039 0.138322498116529 0.121978055667301 0.0791953106419776 0.149907567701371 0.155791248294698 0.0950360260894012 0.0433088950609431
0.160137464144947 0.0649146326281159 0.074130279123595 0.0874864905609535 0.0551280195488372 0.17796913160203 0.170346937552279 0.0854301456200337 0.124456899219209
0.160420922634187 0.219939855835455 0.138727238896481 0.00052255277402029 0.0953804261855673 0.165243148213278 0.0783116520153381 0.0964850612773727 0.0449691421683012
0.132002035034859 0.183543186027136 0.0192153234722423 0.103211740115045 0.0798735697405821 0.126099600999246 0.13667755033763 0.0584604092350435 0.160916585038215
0.0155406937525993 0.019606295201135 0.00862036761977876 0.1935732347053 0.230512424137728 0.213295169458008 0.0908573219793619 0.10489549449014 0.12309899865595
0.113142099374773 0.193997816016232 0.0820849348223373 0.107166853393302 0.113105366101528 0.206768318764187 0.0119940634053237 0.0981951857857126 0.0735453623366037
0.187985270605132 0.0464728184619778 0.080997538996063 0.165768830927002 0.14679712537283 0.0275987180410464 0.0328474087862083 0.127949339685534 0.183582949124206
0.0849615452974516 0.0383857548298758 0.120619784148492 0.104305789980529 0.0164328299305223 0.191160986034704 0.224077517305847 0.0316394064666736 0.188416386005904
0.167195728064959 0.0357603610642509 0.0290858980222063 0.15315984854571 0.0438665740740508 0.299553454064497 0.0201188513136714 0.0369474940443651 0.21431179080629
0.192534600211744 0.0143248118003784 0.194428018101019 0.101741669028368 0.00662087951755254 0.196019153727487 0.154566390985284 0.112065829462148 0.0276986471660184
0.0671225360496776 0.126792190092417 0.15246427796636 0.0764095309672358 0.111535966401395 0.149898922974269 0.0941718665056041 0.0518914954774746 0.169713213565566
0.171001963531814 0.0173871420207881 0.0951814023550442 0.154864896286721 0.16639532992297 0.0130297542646865 0.1030485323067 0.127296012300887 0.151794967010389
0.119717199479102 0.109625812161452 0.0154707105611766 0.144104250095365 0.0538065470800292 0.149851351615888 0.0225322591985713 0.11564290132941 0.269248968479006
0.0967140136071653 0.033371412855955 0.160109619216555 0.000167879638326701 0.163287619363211 0.121548870789506 0.101266256562149 0.169787124754914 0.153747203212218
0.053187012174747 0.156907996819679 0.142136474417703 0.0636401694404003 0.0595425113903017 0.227368306199008 0.081123911274187 0.0524863169351573 0.163607301348817
0.0176257988139624 0.0287187278696266 0.150896748428075 0.158019827841393 0.151245708445335 0.127684110880595 0.168636254601044 0.064771731645467 0.132401091474502
0.148251409100295 0.0779993048676616 0.0899590033029421 0.0834907385743445 0.173006916456807 0.092469479544642 0.17129467377219 0.0290775752830404 0.134450899098077
0.211634181656285 0.0617071746037973 0.0718637329957326 0.15403195180394 0.112316595839489 0.0109586207812847 0.172565510362262 0.0179317660787022 0.186990465878507
0.102587007093407 0.178940156072961 0.000245451505293432 0.0888093054699032 0.0793477944560166 0.118267964091277 0.0997722152436826 0.104311018821495 0.227719087245964
0.0322283647165487 0.112590073984129 0.0654916990490785 0.0299181733822744 0.257784243948111 0.174284832195319 0.209092524949617 0.111868565800895 0.00674152197402782
0.0990339719810463 0.120899893559073 0.0211908674881034 0.0348525129935323 0.101048090173214 0.0958942437481613 0.17542236629102 0.178798433384951 0.172859620380899
0.253172141741128 0.0838888503993803 0.175624478530922 0.0986781370368171 0.063119330890275 0.0946493069656775 0.0497007227596363 0.181067490342636 9.95413335276797e-05
0.0668520872718484 0.0988212811245871 0.190286015116492 0.162209202894359 0.0249616611063029 0.0719532449376319 0.00716692964104045 0.288395335291534 0.0893542426162041
0.110137658372721 0.0784627054768262 0.155704421699202 0.0878916323433088 0.0964585399402963 0.091631537846778 0.123847898443535 0.141185326615621 0.114680279261711
0.151681668436895 0.103265125440237 0.15665676901175 0.150415739496015 0.134667589349097 0.142720493322532 0.0874534134819458 0.0308867189234262 0.0422524825381021
0.15907484485566 0.196981479104298 0.0437774839416709 0.17229129712392 0.0620920021341441 0.166573242384697 0.0683409517899358 0.0918963683000409 0.038972330365633
0.140800883977925 0.0410658771798773 0.0195353653563321 0.0624347593800589 0.0729477955927498 0.20301250924234 0.116078419061829 0.204573173458328 0.13955121675056
0.158938766391557 0.202945386617545 0.105853166432786 0.18838886362291 0.042241003276303 0.0924663028920014 0.0890053295535184 0.0886904016791124 0.0314707795342672
0.115341054665188 0.0138489580657965 0.0667863762977355 0.000391664215254908 0.0861165565980639 0.265114503338723 0.16558177807131 0.0424246844045663 0.244394424343362
0.0250080949168569 0.176867346405509 0.102823332433716 0.16235640664495 0.137604328723992 0.118583371516823 0.092217958919175 0.158793827299232 0.0257453331397462
0.0188064625139473 0.0723388881845234 0.109613982142918 0.118502694316303 0.186400939219964 0.1721845766262 0.116424725845637 0.0360478352596077 0.169679895890899
0.084513799820426 0.169292696299152 0.109295241770971 0.14491758270917 0.152456175821744 0.0799840739497077 0.0630698142815997 0.0377367762224746 0.158733839124755
0.0365208664957356 0.10857633330657 0.126474517288688 0.16496007320395 0.242710275526041 0.036089528028095 0.0173877720818749 0.202272869312308 0.0650077647567382
0.185483917147271 0.0759058957459966 0.0164460509049755 0.16951946338986 0.00967731567890422 0.116746167982845 0.108330891257328 0.178960143414706 0.138930154478114
0.0543148281770219 0.0194963829149128 0.0655397235814378 0.250685421136209 0.0932217818836225 0.185701876513223 0.201371115642919 0.0238487763790633 0.105820093771591
0.129191495872481 0.00268764212170326 0.162870198447165 0.14595312144918 0.154026670526886 0.0278300551222231 0.121810491160153 0.14403393689653 0.111596388403678
0.103233554698427 0.0470416769995846 0.185530156348244 0.0643579066847426 0.0460001221178715 0.150139428938176 0.180280397457364 0.158245104312182 0.0651716524434082
0.0827156245673432 0.0489151467416206 0.199873445436918 0.174612925203812 0.159954525541176 0.0197833138537152 0.193784724209962 0.102426085984745 0.0179342084607072
0.207377968913572 0.0507305746068097 0.0555893890843302 0.14765539759335 0.0552846311521125 0.206346301251416 0.0267617426936046 0.200144008605635 0.0501099860991689
0.114116300240258 0.107942296921131 0.018171480050635 0.15611507185093 0.171007313851969 0.122160606617538 0.0700527525125714 0.124381070816849 0.11605310713812
0.136093443088214 0.031293927980586 0.128617139171856 0.0784792840339457 0.144139299640389 0.0678704285853323 0.170541706363873 0.0154241131371107 0.227540657998694
0.125494441933996 0.100550863893472 0.0676686535763932 0.146154976603004 0.143692121680509 0.0806997771786498 0.128070785675309 0.0836886535570962 0.123979725901571
0.0777220968554553 0.00267037267803935 0.173623122403127 0.172362427878208 0.155635843937573 0.134602093700406 0.0792672942748532 0.0972299117779415 0.106886836494397
0.255952184003891 0.208964882687362 0.0617074593313366 0.149735713159119 0.0641949959754647 0.0457653655436824 0.131545289451158 0.0715110934771199 0.0106230163708664
0.13868749342167 0.0384944032176542 0.181766263061733 0.0566386184711633 0.0993342285113786 0.0673687159275932 0.0468936130590135 0.169600941129995 0.201215723199799
0.171597188241034 0.148740039546023 0.0437980719247885 0.0630330429395495 0.00289533834067019 0.14490207733671 0.161161123393448 0.0931255672654245 0.170747551012352
0.163219829028391 0.1278260238069 0.0994531398985672 0.0165816926879296 0.137095011235743 0.173173415237052 0.0504103162694355 0.123712648639912 0.108527923196069
0.180775440549001 0.0305209774415523 0.115325532432209 0.00932053134867183 0.142998712233157 0.158434176027198 0.0852922992286677 0.141640775486877 0.135691555252666
0.0961629500760957 0.156318396666082 0.202801909988991 0.247421075771626 0.0591569412602713 0.0094105573468238 0.0562885142081324 0.168480754995766 0.00395889968621222
0.040187228250387 0.150511275206803 0.150525156220166 0.192733678934742 0.188032158863742 0.000628362601279395 0.100107996414452 0.167878340681323 0.00939580282710507
0.194173499762698 0.0346305626327525 0.112267234558932 0.165672949861054 0.00380924448847458 0.101930232289353 0.169733919404372 0.0943360695925683 0.123446287409796
0.22126695461209 0.092061521317632 0.0460129032443976 0.169156090975121 0.0316678650500694 0.104444078018013 0.0997330864448092 0.190929161813705 0.0447283385241631
0.108615719732574 0.175859827671397 0.070344046326879 0.125108404208273 0.141880623337985 0.0587893338714215 0.00165629006620418 0.136773191726082 0.180972563059183
0.131153400638193 0.0459690073082481 0.17455138861005 0.0576265569633665 0.18048445558852 0.120773270914509 0.0340368941023198 0.139070512144393 0.1163345137304
0.0253801665595868 0.0636665773796262 0.103780060238953 0.00855227437575668 0.0750375283920271 0.215188511035681 0.145393830369923 0.183361568929494 0.179639482718953
0.195024787082107 0.0108928715768076 0.174510726424321 0.101363916753059 0.232471224932283 0.01666832002844 0.121288247154433 0.0403877365854519 0.107392169463097
0.209887036558268 0.216273992439794 0.0894501571879474 0.146467068394302 0.0465637513946622 0.00940107125373632 0.072643287151605 0.0663983001082642 0.14291533551142
0.0494543823089473 0.22331162646136 0.0574148796877724 0.0395246719258443 0.179320162280467 0.0389221364585177 0.128642306217933 0.22657700796591 0.0568328266932476
0.089926543153457 0.162742960221796 0.0536929369917001 0.000227043417124225 0.162504645908201 0.181141667132171 0.185083150149144 0.0263894038192105 0.138291649207196
0.200660123939005 0.101050500377262 0.193310322941247 0.117318639241074 0.00696602622094596 0.152614945944039 0.0793737699219547 0.106853460388231 0.0418522110262407
0.151108346287316 0.0587448864255989 0.145372095583411 0.12871387236908 0.127291082046068 0.163677301364478 0.0864034111508888 0.00262572082711057 0.136063283946049
0.127940488544729 0.0750477553859844 0.179945498996653 0.0368094404561892 0.16537399538782 0.101902266796423 0.0611941345965109 0.144703983645603 0.107082436190088
0.101086311139689 0.222961145129397 0.00328898637998553 0.245169525421506 0.153789788675675 0.0767612916680828 0.0468989225832857 0.0786057437908937 0.0714382852114849
0.153542379633138 0.261845990864269 0.00379679321946793 0.0179044367640248 0.12662533374535 0.0152424095700631 0.216873377739449 0.0929816347595246 0.111187643704713
0.131532566592204 0.187320179027998 0.0264541108720675 0.159830971529572 0.118723022398148 0.0260930065814419 0.00665432636576245 0.191998719895551 0.151393096737256
0.0508723694140338 0.00905361414578208 0.153676705914319 0.138083173228865 0.170694067238705 0.0964990194485487 0.110133139998618 0.130489713794526 0.140498196816602
0.0604504916339934 0.0958383864476099 0.0346924010065149 0.0461473515441737 0.0242254800632562 0.2955060882473 0.187373174826437 0.165700287286521 0.0900663389441934
0.182768222543579 0.0416560272864611 0.0384566274332012 0.086186998218911 0.143587016133123 0.00548176087021557 0.141623556869622 0.185334775928171 0.174905014716716
0.0272082856805555 0.0986175550046126 0.0242980232277747 0.187825869446707 0.276104246064459 0.0998954407345562 0.0152688330520787 0.0502942504570244 0.220487496332231
0.00227340760831343 0.160118567835462 0.131138518020967 0.0160533031121221 0.191778932622189 0.177769442593534 0.148338670114644 0.020182211598133 0.152346946494635
0.235182901875893 0.0905235576938926 0.121149731069932 0.0628261994135969 0.0351664552821608 0.0678057959030256 0.19221661005294 0.108987894159604 0.0861408545489547
0.115397448294046 0.0873897984797604 0.00362579365215806 0.246291429100307 0.254029925478319 0.0607293839480029 0.108622065872125 0.044283030250363 0.0796311249249183
0.0941531537036616 0.135420350006451 0.0785860766527815 0.184260682183709 0.069131504981977 0.195961427899866 0.180685818403931 0.0117503831921019 0.0500506029755211
0.158371331958883 0.0523287635484428 0.0427797031209588 0.0398394262429971 0.0570351628489988 0.123509142550191 0.18266699073269 0.168396332652208 0.175073146344631
0.184719512813314 0.184370665193881 0.0899067282633962 0.00960889793624474 0.126082755895751 0.0830261159340534 0.0398840736816838 0.179155198444658 0.103246051837019
0.0723425519655835 0.0138720522881422 0.251649643610098 0.0171210828005101 0.0945272584649503 0.161538025145111 0.123036458134106 0.128618802304537 0.137294125286963
0.0432140267488197 0.066856414869383 0.227447125879355 0.0360200139737162 0.130372689391189 0.166075186264753 0.0601907739626178 0.115529499424385 0.154294269485781
0.229845721254922 0.00552981708960089 0.035912520226736 0.0366204159474561 0.269179374403272 0.234222455190572 0.00466544464361514 0.174961541679952 0.00906270956387381
0.138201179419802 0.150355833341191 0.0587594765161972 0.164573236952558 0.0775660190684784 0.138424691377793 0.148331559855795 0.110084817838713 0.0137031856294706
0.155876263538258 0.196875741816971 0.163406419837948 0.00757101969862606 0.0634293386738027 0.0245336990472822 0.15742566463882 0.0548684182452644 0.176013434503027
0.0277437308290092 0.12183673641465 0.16309383438148 0.0815214276868526 0.158189629600809 0.102884284845918 0.206011862111663 0.0289997592347093 0.109718734894908
0.0437167317448375 0.161259038003149 0.159434897365278 0.128926151530773 0.0240835446584707 0.0812732042913855 0.0753077011478409 0.170532912813453 0.155465818444812
0.0689002017122304 0.0972340890562339 0.078411000514608 0.14032990623604 0.0526509691620216 0.358638609926859 0.0522042572479155 0.059889411457432 0.0917415546866592
0.169079224661685 0.108185899813729 0.0274263591745221 0.166396270095795 0.0549876967503932 0.128007899182763 0.150871755175331 0.0287789139272377 0.166265981218544
0.116853249686642 0.0546833666693001 0.166418547375932 0.147947086888558 0.0695267206219269 0.113752711230116 0.0535791659667077 0.120755948270293 0.156483203290524
0.140463440591258 0.175050672976403 0.188871645421137 0.090833756142504 0.165864411141221 0.00185032129379912 0.071928557118349 0.104169924909463 0.0609672704058671
0.163118056712321 0.0377805216981855 0.185297388981074 0.151181939440688 0.0175864860786265 0.0537675151275828 0.151041436330377 0.114223659562698 0.126002996068449
0.172873435644277 0.023160210925603 0.0421665562272971 0.115676545047052 0.041750585873876 0.210509874416427 0.182867326651337 0.114139439967703 0.0968560252464269
0.0830714342514118 0.0964376595746961 0.0577692672771174 0.229055832746217 0.0664360294763189 0.00474310600508976 0.10287030945308 0.230855941675454 0.128760419540615
0.107991640569254 0.0613426388680958 0.0344030991175123 0.135355790411255 0.190092507034786 0.260970693112375 0.00257230377919349 0.0937091764476148 0.113562150659915
0.149112739958014 0.240942860300119 0.191582219678495 0.110653765093573 0.1830179934971 0.0123854676333386 0.00133847061784892 0.0494033531252249 0.0615631300962862
0.154447042288835 0.207990520455796 0.085770945170368 0.0943393060241585 0.0161526000660255 0.0177518009817725 0.0951030704520633 0.188966963500392 0.139477751060589
0.0307161837856401 0.132385783258284 0.0309914545079806 0.0974645531025482 0.251846546267665 0.0805673064127226 0.146772627659669 0.210476902506879 0.0187786424986115
0.190121887903275 0.0558569316370115 0.0317309078435319 0.100526605281774 0.151813972370104 0.146465838717614 0.154499912693814 0.0320949962142539 0.136888947338621
0.0905628073370568 0.125132752906114 0.000629844623624856 0.125089647159711 0.166753948729104 0.1565662623095 0.135290590550927 0.0885513575449439 0.111422788839018
0.166845777920024 0.0820351926772284 0.087379064921123 0.0666463038412577 0.195694705833625 0.161537178896516 0.0677357849492395 0.142821141932511 0.0293048490284753
0.151719043504575 0.188043538786601 0.0671568925168409 0.0172282482250096 0.143128847475456 0.0441347141514441 0.213512730507276 0.167812452765005 0.00726353206779174
0.143540988711156 0.1386677268333 0.158391786582162 0.157272116285555 0.050880859109386 0.0517690651466174 0.0561125215384039 0.0500524854346952 0.193312450358724
0.192916576736892 0.206541376978261 0.0744915379353025 0.0156565764447203 0.106157849362453 0.179644330988011 0.00735609811332958 0.146406545282158 0.0708291081588728
0.0590211702946027 0.016324598908751 0.150796636065999 0.092555845834768 0.0361747355471394 0.164273188022034 0.160890046820581 0.168919890338479 0.151043888167646
