0.0649249997351622 0.163151453276424 0.167606516062746 0.145588601874461 0.0403256628263309 0.183575103454362 0.00815433325277337 0.0499755633750971 0.0505170875364965 0.126180678606146
0.194971128719384 0.0155758106540779 0.178097637363163 0.076287280468965 0.151644172782062 0.0255356077422237 0.0608006178064006 0.0824293866765893 0.061075761933552 0.153582595853584
0.0602661124310927 0.180743110873538 0.00350324029759498 0.0641736605904558 0.0136733313139731 0.183546846659802 0.0936209431309876 0.12613049014592 0.135380563494168 0.138961701062468
0.0776070803150281 0.150695196867729 0.124163355403141 0.0550918165821315 0.0334464958392241 0.0314446254926385 0.126644695979753 0.0714249158971249 0.164794789079146 0.164687028544085
0.0657023313492052 0.155092129674703 0.198401823381617 0.0757396400141677 0.201899122247565 0.166673401733074 0.0345030987244108 0.0138567490817035 0.0211357318105998 0.0669959719829538
0.0794238387696952 0.0429262498210125 0.0266977073643991 0.127735976802997 0.225716840459434 0.0321452265614918 0.0461505535314584 0.136915579079499 0.0754366478941414 0.206851379715871
0.150065774860049 0.179468482507007 0.0855495298113036 0.0775875547157229 0.181250067206771 0.125134671009936 0.0874467244259001 0.0392442841733749 0.00967739955670273 0.0645755117332318
0.145215170865711 0.142323483985599 0.16624742834994 0.111833918677026 0.082037317425491 0.00396916876349068 0.0161145580916843 0.128234505322367 0.141799721536984 0.0622247269817074
0.128720885023691 0.0709235257975356 0.101631706915615 0.127005168617344 0.0703831273709972 0.00431486714284409 0.135285707112336 0.0315442802239753 0.144303917722017 0.185886814073645
0.0841211833587975 0.105248762286825 0.0965706495342655 0.0602862388621757 0.15168778590439 0.119736398780749 0.0830912199650748 0.136336378108312 0.022223346050997 0.140698037148414
0.124805888721368 0.175542902826263 0.0605890511245274 0.0423746671208075 0.0577903999754689 0.00435719174505405 0.0184931747273495 0.209550888195274 0.17940445020058 0.127091385363307
0.153202175102592 0.207070494390485 0.0955970095237687 0.0308275243021866 0.00575243168896562 0.162896577355425 0.0251510729470195 0.0712545446983431 0.20885215424098 0.0393960157502356
0.0172090414885876 0.182235240395426 0.0712090882911585 0.0688211814887804 0.114449797163876 0.0896720267666624 0.159757577454708 0.0727400020316804 0.123369165956511 0.10053687896261
0.0650013126827754 0.0950186882803989 0.100803282654735 0.0910298745690989 0.1252628318312 0.0275426660068731 0.107163907510849 0.131205112708608 0.112592876387321 0.144379447368141
0.0784730051084076 0.165136074130859 0.139083745928485 0.0686247735507954 0.0249176528674833 0.0651544016931097 0.141227283721128 0.1057590736801 0.113329941640701 0.0982940476789315
0.127521011549804 0.108095139078612 0.145526640720519 0.0143868815532388 0.116251547868263 0.138554414549711 0.124765654892692 0.0656599994476978 0.048125791427189 0.111112918912273
0.105728591562049 0.0136792416938811 0.0251962371409531 0.137928223293124 0.125005119808665 0.0824701831032663 0.104712526166518 0.13080602609326 0.140803991170977 0.133669859967307
0.195928481287627 0.178043692923556 0.0436154714917917 0.0514844528001169 0.16988187155173 0.0373784801871369 0.0887631988577063 0.0886972222822986 0.0639625944408043 0.0822445341772328
0.0841342701960365 0.020544122216003 0.183197778946701 0.0113026129942109 0.0799793924610506 0.12461263672638 0.163351050190084 0.00445785804649117 0.136966394231572 0.19145388399147
0.242871714880388 0.00697490627285035 0.236275016637738 0.0365362220124005 0.290154425233097 0.0271470542744605 0.00733226370855292 0.112150801603997 0.0105295306000035 0.0300280647765118
0.117653197460485 0.167003587995639 0.121530013231495 0.0315422590440898 0.0165524318793277 0.151960540423267 0.0156440948682436 0.184551131890474 0.0834456856020887 0.11011705760489
0.0602561359370951 0.0960542677160788 0.136717438896762 0.108175871392762 0.0427898048960585 0.134419074182391 0.103050282845813 0.107694781744356 0.0996814475418027 0.111160894846881
0.0818352078025979 0.0363049412122818 0.16897188890261 0.105379709785779 0.160336854305368 0.129110369129758 0.0866746696126183 0.0620618335666595 0.136523089746045 0.0328014359362832
0.0980959844750711 0.154855889967755 0.171881160833754 0.0386930538763433 0.0504145349179732 0.103249449394536 0.165301818978663 0.127780789701519 0.0549805092117242 0.0347468086426624
0.191608226230407 0.0272201715340468 0.109362076271749 0.150910847757327 0.001423675473593 0.0800269516159261 0.191998157821676 0.10507368865017 0.122284790437651 0.0200914142074536
0.00914710349857898 0.135767749065827 0.128224731893499 0.10567438407991 0.1317205687339 0.0886407073631931 0.106514973854361 0.0190262533044693 0.173513072552493 0.10177045565377
0.13404743157702 0.0615731167616785 0.0835983457601935 0.147843432882398 0.151302816582359 0.0933931078662653 0.0291393237565176 0.091700955125696 0.139204119974016 0.0681973497138569
0.152580716908258 0.136946635341604 0.137601340185111 0.0754700661974067 0.120201040566665 0.0327867055292217 0.10812753717979 0.186468159887995 0.0263777057951387 0.0234400924088109
0.0955463046248179 0.0636046618332379 0.103290212813797 0.157671948628718 0.0539864548926427 0.0371875746922144 0.170226047866594 0.0779216694104487 0.12993934035727 0.11062578488026
0.101901813701828 0.138259730444292 0.0758946871250914 0.0469221976045287 0.136726361438349 0.115923664636853 0.123686794715277 0.0223126014247387 0.102706008627834 0.135666140281209
0.0868556053172386 0.113536091653427 0.065603133278803 0.107198942197308 0.0939732444053937 0.140800315050992 0.0834154719767967 0.0829102754131518 0.0919599515887379 0.133746969118151
0.0242734079269087 0.147617851162914 0.0805957698306913 0.152349894395567 0.173745630483255 0.117147209312795 0.00611971657239747 0.108818521906869 0.0776255918963688 0.111706406512235
0.176172976069251 0.0632788744156061 0.0161343046954251 0.151092356190809 0.0826322711273085 0.0224037584994757 0.124912099520535 0.147484307404078 0.161127923477176 0.0547611286003362
0.0686438174105307 0.0765232685059719 0.0233448427341448 0.155572421509714 0.123274092153344 0.156461698824243 0.105115356709008 0.057143505883692 0.15742449998503 0.0764964962843215
0.0277198997774558 0.103117286574633 0.163328584377785 0.0205506362035088 0.00421520552098485 0.0693434030970481 0.109663391263952 0.159399531151533 0.241305129425727 0.101356932607373
0.0986951793149885 0.00410714522618671 0.178803673297699 0.0728477893731526 0.109720349544291 0.0425757473682676 0.097852763348145 0.123217094934455 0.0853002404967548 0.18688001709606
0.150890103333563 0.0846856712800453 0.119452006357701 0.11902893820196 0.115728368964755 0.0180089647903766 0.0829872155695058 0.155859836676617 0.0376056295477834 0.115753265277693
0.0129430216503381 0.120338913931384 0.257245957095533 0.0596059914175544 0.125307536129193 0.163339004695835 0.038977610524388 0.112946870328848 0.0622141071740493 0.0470809870528775
0.00869218156289829 0.17014930794733 0.105494732131332 0.00532890206916101 0.148591674726301 0.167845535263665 0.0686190091686869 0.0560717705700539 0.155173445826399 0.114033440734172
0.148807683635454 0.0187254255407297 0.0953070177194232 0.136052726554345 0.0516483398929003 0.148535830659048 0.122815206229324 0.11073762998434 0.118325360178568 0.0490447796058679
0.156630549854703 0.0250210217699304 0.0976145797929682 0.0642434232080006 0.057508739888119 0.136375606505493 0.169740526613597 0.151260412380264 0.0175476804719472 0.124057459514977
0.0505256484156202 0.129035612585955 0.13741630881585 0.122333493075116 0.102796158428178 0.0641130080681695 0.0900595609772654 0.0178789049752267 0.164242444461195 0.121598860197425
0.0548268396740863 0.0493205671978278 0.0204231958205445 0.159765117599134 0.13256803788659 0.139980948660675 0.126790533294827 0.0631167761477515 0.0895773489007502 0.163630634817814
0.104005471366693 0.199373754080436 0.0578683241598995 0.0424164244843622 0.0412706706298278 0.0901047484018121 0.215813194127263 0.000128108187504031 0.163849637270212 0.0851696672919901
0.0999723431187392 0.183376159212593 0.0190661058160342 0.0901255354493446 0.034211657536729 0.109688003421993 0.185891322560473 0.0280553315106116 0.14801761079825 0.101595930575234
0.158069428736261 0.138815922219236 0.146850638998221 0.0612734109557516 0.0858270315906744 0.0500991127299214 0.0843418935462339 0.15462004186949 0.0851643929961035 0.0349381263581076
0.194209507344563 0.110762278140308 0.0487850140172143 0.140225736626319 0.0555650811236822 0.0874495742744593 0.113285465998228 0.0177316587211502 0.0621486886369823 0.169836995117094
0.175626891840726 0.0763401297127177 0.0560795625530644 0.128475090389946 0.10343484125968 0.152640944348829 0.0717472218224688 0.0743394210571213 0.153538676589799 0.0077772204256486
0.0892009824055455 0.129102017821384 0.116677413757789 0.0373269865986677 0.134163008780486 0.130835329367343 0.116292481016018 0.0520761042497324 0.0933613682426847 0.100964307760351
0.121864366304906 0.075920762140407 0.0536048160932457 0.14076258646379 0.121775915925774 0.103368887973105 0.0593853476925388 0.0661003328984629 0.155671622920426 0.101545361587344
0.113805058397864 0.1635798451835 0.0255486377433626 0.0519483636656169 0.0205153952169816 0.240107734865069 0.119339775085922 0.0168500848736865 0.054080790068762 0.194224314899236
0.160261602245457 0.0375337210643828 0.0418080450294685 0.115574432939717 0.149383555560087 0.059051608413095 0.133276500031156 0.0966184002498829 0.180006261500349 0.0264858729664039
0.11234883264426 0.0809401321401515 0.0138092753632296 0.177347401092828 0.010834855224459 0.0321824620558347 0.164872013354682 0.177060387602675 0.134552454265132 0.0960521862567483
0.128306035827162 0.117919383878191 0.118706108001816 0.113584477930371 0.107574798018619 0.129288629206089 0.0830729091319529 0.0483828937368977 0.135808208730609 0.0173565555382934
0.161982544313708 0.120157383955567 0.0109932539192793 0.176605828339391 0.184520010885687 0.0313979064271563 0.0120531229908899 0.128897066161212 0.121252117782461 0.0521407652246487
0.0175510297403891 0.186675756944388 0.162653370391549 0.00487501046290429 0.196015471760651 0.101878418517391 0.0412921497888966 0.128828438559829 0.0899789455686316 0.0702514082653707
0.119004487484979 0.0508324306145238 0.134446381896393 0.121026572982125 0.0723248132259702 0.109102728403848 0.0351058980612394 0.160411016424025 0.135505499296174 0.0622401716107211
0.0813550336620067 0.0704968097046674 0.0753913198593116 0.0554633597974533 0.155754085779049 0.0920849506026241 0.063823323558224 0.165943771987739 0.169487083109629 0.0702002619392957
0.0959336196597864 0.118203854193806 0.108481606039668 0.107353240071224 0.130289226989311 0.0643684185213747 0.102331811921046 0.0198565816962829 0.135162158901581 0.11801948200592
0.141920725603361 0.141645488733046 0.00402515342919544 0.054584539338549 0.125355378718292 0.116526513916783 0.0933647417149539 0.086844820000261 0.123798443569467 0.11193419497609
0.00461122039568978 0.0210378097070122 0.057993033033714 0.0807293062225463 0.124434271916181 0.16551416195524 0.143889429647598 0.17197661054853 0.122431769584878 0.10738238698861
0.0755387761114985 0.0754678994477255 0.147668315011369 0.0814611644864441 0.206123498881 0.126041477560368 0.0775873597900354 0.101810481997071 0.102061398048207 0.00623962866628209
0.105958163539279 0.143606177778279 0.0145203126166222 0.0821548151898589 0.248581501745579 0.0483225455416101 0.049247882231661 0.0350744085221203 0.12990761872936 0.142626574105631
0.217397011902885 0.115015677439252 0.0821389590590429 0.00932014308997276 0.0921931327639209 0.0797927480966499 0.17289695553688 0.00251106387406288 0.1859352835718 0.0427990246655341
0.151318588207966 0.0604603759615576 0.0450530672539843 0.153283933645965 0.103178261767533 0.0390367665675842 0.13845100286646 0.0902283068219454 0.0682468252002303 0.150742871706775
0.0931021991734176 0.0154293220991896 0.183208482710667 0.0682598464856824 0.0934811319511278 0.147661921665481 0.161858132677664 0.0455901824478307 0.125722448149196 0.0656863326397428
0.014160153118847 0.0997148090449928 0.131742712202645 0.0146471334923376 0.0263418675372382 0.185269014748022 0.178930595919856 0.0514075360691146 0.1717436012824 0.126042576584548
0.179577232629621 0.061896363793474 0.0255449637800171 0.160878477260488 0.177194762338156 0.086732165367481 0.168787605042541 0.0424458521523562 0.0284941200520437 0.0684484575838214
0.0869425338525003 0.142374496024408 0.0727622812449765 0.0106985976732128 0.0915485391217413 0.141945238165648 0.0509402751037876 0.137153730264534 0.156866749746442 0.108767558802749
0.00161080886016735 0.131161458054411 0.10528132483657 0.1541123102487 0.141806319368816 0.0485305466066912 0.0354802764846627 0.144969724446111 0.0909919706288795 0.146055260464992
0.0231775202045233 0.116340601154488 0.0251869041566665 0.188954984032529 0.0919201487687744 0.0228049842324312 0.0850763988170088 0.0892189711514219 0.136895168240959 0.220424319241198
0.178800668576717 0.0218902312026212 0.0872659799383578 0.0810389852671318 0.0846439631501354 0.0423639644393095 0.243149056239301 0.107036789499613 0.0395472581666213 0.114263103520192
0.126235900672928 0.133900612769797 0.0436328821932679 0.0697888416499525 0.156733356204502 0.0354071106201631 0.0811509110607089 0.0415134013381707 0.16407352436027 0.14756345913024
0.0706457775152635 0.0174024154007995 0.134033133728599 0.0266841011799176 0.170072212614035 0.164691820598162 0.0852847346854735 0.11745736360411 0.188033284368524 0.0256951563051156
0.0939288937931149 0.0322907651790634 0.0641366426038964 0.179656508029681 0.181407167428998 0.188387978965136 0.10750607902686 0.0607887809013225 0.0487582708510127 0.0431389132209145
0.189218158867659 0.119712424850888 0.194626921085869 0.0445218375470729 0.114728876530684 0.00364862223210852 0.0707067836249175 0.0777899585198811 0.00104557136860529 0.184000845372315
0.0454287362281975 0.119822016036564 0.0768856038236752 0.111073924588477 0.0455142517301125 0.0769747466368567 0.122501540788522 0.119436736583008 0.104325597524915 0.178036846059671
0.133582694178244 0.0538173124362938 0.15776326192791 0.103268748042865 0.114120447546473 0.0601615231794833 0.0240731229298036 0.161150575049631 0.136087804965176 0.0559745097441199
0.0278716421269212 0.0210102477712711 0.0889711332736902 0.125963720204505 0.0204966965336198 0.0197278147908967 0.195662022322363 0.220743430415243 0.186589745965752 0.0929635465957372
0.012383175034842 0.163007483808328 0.110462057280358 0.137510878527995 0.112107431245348 0.106144297062118 0.0893315306743879 0.133394472995018 0.0398390702258705 0.0958196031457346
0.00085334740426345 0.0407005089557624 0.164258207905678 0.0593681909867994 0.101491288961998 0.178811253732687 0.154825715537782 0.158006947988956 0.0860259432233197 0.0556585953027533
0.0137827246298839 0.128166915373741 0.183104625332479 0.17888004793789 0.0041416654337463 0.152181180428765 0.0205053046990066 0.0324659462055198 0.153716320358663 0.133055269600307
0.132972299453833 0.0848098210219563 0.156366362925176 0.136337547646995 0.0302473617235204 0.0429687714920339 0.164561089250236 0.101376378161918 0.0725599648514252 0.0778004034729069
0.190398275437973 0.0682007915090314 0.0805184225157658 0.0670573857785934 0.0774448325476006 0.11780827858639 0.111406930118045 0.0411659946841881 0.120875451185135 0.125123637637278
0.0285594364804638 0.171434203252723 0.0969601223099189 0.205581458109031 0.162752664480828 0.0654085245603172 0.0145264471535701 0.0357531657214929 0.0732027954356123 0.145821182496043
0.116816985123911 0.0644892502922548 0.118105649551177 0.0162596484228421 0.11614479082176 0.116381953897502 0.144363067009981 0.104633857950674 0.138564422642257 0.0642403742876411
0.178857600520023 0.0574552750187672 0.0993233870508681 0.0491218507526504 0.0328739664324328 0.063231583828397 0.0925033933686613 0.190568817532292 0.137747042940957 0.0983170825549522
0.0844943196345747 0.0979165124568711 0.0480605201421566 0.11368662574994 0.181172338394095 0.104513017236356 0.0509041727564573 0.0223285249723369 0.217713572179679 0.0792103964775342
0.114391684699144 0.018269631225813 0.165511154821354 0.09832349429819 0.0264732225144351 0.191079422962082 0.113794371007823 0.0801210924540364 0.0979142986845036 0.0941216273326184
0.0409216605091493 0.0122476380101287 0.103313919124188 0.0436077298740647 0.168155006774289 0.205487630173343 0.0677502387108426 0.0535444125876569 0.155975445242041 0.148996318994297
0.138102363696264 0.0745715442045456 0.101948986472363 0.175063919780835 0.171898396002863 0.0387941254341954 0.105230235198078 0.116395975461099 0.0659804038141916 0.0120140499355663
0.12450538434621 0.123962378680057 0.0747547976585336 0.0519318999060273 0.0470224732595387 0.101525641632578 0.133739513055654 0.145078450471137 0.124081039193305 0.0733984217969602
0.113765423695168 0.182106756881828 0.0348058520526252 0.111959040269976 0.10571879779288 0.0718424915320026 0.177641552804189 0.0405522630108475 0.00956084173950325 0.15204698022098
0.18598326394306 0.15502387659916 0.0243274954000774 0.03438132595347 0.0832086026912409 0.137545594088958 0.0152979198993569 0.1847476941626 0.0819304309712883 0.0975537962907879
0.115338676377779 0.129441153976466 0.182681140371088 0.0343798958683427 0.120826152720875 0.15492902163567 0.093335092852334 0.0529969282967466 0.0626573849807903 0.0534145529199087
0.0742264231398246 0.208597654860121 0.0781017198570117 0.0167810582422937 0.00907423549408025 0.0814012027584084 0.151352923252614 0.00739965595639454 0.200972297231507 0.172092829207745
0.108543180164037 0.0060744904433037 0.0872565519410402 0.150286051776324 0.0996610428099489 0.230582214140234 0.0546822933012767 0.174734252390825 0.0407856410217675 0.0473942820112436
0.0580105213984029 0.00897578329330499 0.193229958370476 0.138754277431098 0.0641791469917653 0.178434265313903 0.10685385365592 0.0374637156582384 0.120058177113573 0.0940403007733176
0.0488853117053491 0.0974802081798253 0.107345680290866 0.126440628883682 0.0603958722055575 0.0751811322070038 0.130443665413218 0.16532693791719 0.076285631361523 0.112214931835785
0.208000210305435 0.0211617476878618 0.0054744410261608 0.0816089430349744 0.200579238372883 0.164992211003447 0.150557671818533 0.096780013947793 0.0137538634269255 0.0570916593759866
0.14059424632268 0.129843771785096 0.148491212559321 0.000586337751731827 0.123006330484817 0.105976763766267 0.105998651159037 0.0478662725112518 0.0788979178328079 0.11873849582699
0.106965936937571 0.125103074934105 0.178893492200382 0.179018117589349 0.0744996633200904 0.17375693201225 0.0878111756744724 0.00385382020832775 0.0183295999972614 0.0517681871261903
0.181477176023745 0.0430545242529252 0.138595967536571 0.0423838418588616 0.0328570783022935 0.177108384175542 0.0127850411705311 0.114757584310378 0.0922504867008307 0.164729915668323
0.179765268365136 0.0589426912560635 0.135388404325203 0.104197439044092 0.156310480075579 0.0317180748981074 0.0405088093262967 0.0254029732647814 0.0989532560779895 0.168812603366751
0.0520872763531574 0.0510935380907758 0.142051511531979 0.0308167702718679 0.0100836289924377 0.0723199235279991 0.207750318290269 0.172517607249272 0.0599891614546579 0.201290264237585
0.0827658274382628 0.140890028358118 0.0732846960343604 0.114128875039998 0.0928390986984116 0.110840110875104 0.0293398083430954 0.117071966498596 0.133702116202839 0.105137472511215
0.105594069898536 0.00556541361678293 0.176201516181355 0.0628946558090527 0.029686033669244 0.128038062551381 0.243863901385019 0.143227113327579 0.0490561966499288 0.0558730369111215
0.17992606724309 0.0981863026964719 0.0788545309082687 0.0595267171982418 0.0433042156647897 0.059033318015588 0.106835757939545 0.124839568603243 0.195964294312333 0.053529227418429
0.0849961834006553 0.195080372774319 0.0972311560336371 0.0924053366846276 0.0279147500250602 0.0449655775574841 0.0494877943890512 0.0978016933668114 0.16129112030464 0.148826015463714
0.094208470849168 0.040929506948344 0.0916655498455128 0.100319701396036 0.232798275478704 0.123532530015049 0.115321920087273 0.00601546735127917 0.15406506955984 0.0411435084687946
0.0288105905876666 0.121325681988881 0.135544723029494 0.0981344377510166 0.102789147425973 0.117418391269599 0.137599968553678 0.0898640847599186 0.0603329742230546 0.10818000041072
0.150196113130726 0.0793925332219184 0.0910838755141058 0.131472047504684 0.15278630082671 0.116951574953969 0.044643795547095 0.0345234065486332 0.0119684426009987 0.18698191015116
0.0893288591529133 0.15071718895984 0.096191204113058 0.0964366665945214 0.135390756277657 0.11227637460676 0.149648299411732 0.00652052993096785 0.0962540294392144 0.0672360915133362
0.0954250928308066 0.0638424171579052 0.113774308286866 0.00539537840370008 0.0754998749520168 0.167547118734424 0.118666712935263 0.07637951837123 0.163323694302352 0.120145884025437
0.155860266514137 0.162044603911994 0.126026235966918 0.0402318855804509 0.0332219748961889 0.0513847220052024 0.120443946555388 0.0817319468734918 0.119929996146543 0.109124421549687
0.135997408741377 0.12195388729401 0.101309889670717 0.105786768093364 0.117145716668895 0.0020026524696315 0.0543918945284883 0.138196433330549 0.140400409732266 0.082814939470701
0.0318272035730152 0.126456570307253 0.142861700003391 0.0834131834160283 0.106742766740027 0.178335164110384 0.0256128383961086 0.192390123718503 0.0218816170346552 0.0904788327006359
0.0252441707531582 0.0243385753655226 0.20753668936492 0.248480898990801 0.168359220048171 0.0307584024840394 0.0654055010722009 0.129519669039028 0.0765107269726211 0.0238461459095378
0.117560200905298 0.0706116453822101 0.0309248733752747 0.189933419288537 0.158621940413839 0.0173632684319538 0.117738421097757 0.181737871424127 0.0785518198187826 0.0369565398622204
0.1553253808393 0.144308955072453 0.0773453483702246 0.0216678779590127 0.00379657685687061 0.181817669775213 0.181953499342066 0.106939131455578 0.00436732530396007 0.122478235025322
0.0585041422942287 0.153393125226088 0.134091731995236 0.0132118697586471 0.0376413504900642 0.13293745163788 0.134719323069342 0.0678481048026362 0.171477439623081 0.0961754611027963
0.0287274081524936 0.146044671683919 0.0234336730853191 0.0386451240988182 0.0200148172276524 0.148128948057153 0.131372515722171 0.185891606663438 0.0924190216279581 0.185322213681078
0.0271999506430792 0.131292253770979 0.0815390432689679 0.0150472732208221 0.166318286936344 0.0112768844395768 0.178375699699447 0.0641445420542289 0.180970808940568 0.143835257025987
0.000543012963968848 0.0865289145076445 0.216715962175025 0.0376166864399798 0.0311752442056909 0.0608610947789373 0.229222458121155 0.00557125105570297 0.198343437600616 0.13342193815128
0.0635533122872112 0.0472628766618176 0.131038276618144 0.185965561435488 0.00111859166203372 0.154758116289676 0.0145332220424589 0.012066084940321 0.196614595968788 0.193089362094061
0.0919048497295116 0.21600561055147 0.0150130219153499 0.166080665987705 0.0199303765540226 0.177632131876172 0.0272941929484933 0.0467533932443907 0.217747077189547 0.0216386800033378
0.151813455198598 0.0102430324360369 0.00342935443230544 0.164250889264813 0.158912223519084 0.157638101798291 0.167561336026807 0.0462660254704454 0.0565816087385931 0.0833039731150266
0.132700538470967 0.17012811352645 0.24172173118638 0.0868485880870425 0.046066243188377 0.0240184782673016 0.148558548734418 0.0370857794036352 0.00935313465355192 0.103518844481877
0.135156931288818 0.0222316855762309 0.168285436750329 0.0576647763989829 0.0156361814490322 0.0942931351757854 0.164970611702168 0.107054448513905 0.0971645950193376 0.137542198125411
0.106388297497933 0.125880534664177 0.060218751759863 0.116745229538074 0.150673380396799 0.0918670566417475 0.12396956653438 0.0795646585178885 0.0248383602876131 0.119854164161525
0.209744575359337 0.00417082126470741 0.0860129006916354 0.128247742161969 0.0823451636379581 0.123293163407763 0.128648314193677 0.0637290339064257 0.0884701940725395 0.0853380913039874
0.145134502891694 0.0989722140633563 0.151111759991963 0.14292549300622 0.0604091822783518 0.132217144053628 0.0417886064260822 0.139812279670049 0.0119581085056182 0.0756707091130376
0.121365961314148 0.0964311866492013 0.128626881167811 0.147999550951927 0.15032630365294 0.119896979842058 0.0509720964610993 0.116165801628359 0.0169667744744668 0.0512484638579903
0.0936064934256988 0.0804103697937866 0.0224345204401881 0.15927239885143 0.189139451915353 0.0795089606440029 0.0859053368287266 0.107828762532742 0.162060632826287 0.019833072741785
0.174363214450574 0.091428593900521 0.139675008358672 0.18451838669931 0.0104793150409901 0.0167913798287546 0.175616912823894 0.132935104644263 0.0408044033573126 0.0333876808957086
0.134873616179769 0.0573442044769008 0.114889194806784 0.0752659490722296 0.133082060098222 0.148597746382078 0.0117507262173527 0.0593300908080128 0.0952465565394123 0.169619855419239
0.0186944960362523 0.218835413662167 0.0275340244257936 0.0999945995254938 0.118913420218054 0.101952276257627 0.0920144128716946 0.0987052767273654 0.168058464934445 0.0552976153411074
0.0667329365349986 0.129795653886735 0.0758136193147092 0.0923365272138758 0.0786157261350551 0.20299437582184 0.0874691706031291 0.015478330477648 0.149479968952274 0.101283691059736
0.139215948457505 0.0326560222083895 0.136993363968839 0.10623344933657 0.071148517095381 0.0529562963655044 0.0878971551450371 0.112976277247508 0.118512157152257 0.141410813023009
0.0194211403046352 0.0900385658749223 0.103434379310181 0.140704003734931 0.0497795883371255 0.163961573456305 0.112457286310301 0.0906908884920763 0.0756724275357963 0.153840146643727
0.102067372723593 0.0976029560675108 0.130449865846742 0.0320552770171527 0.109835669786476 0.0754208223123104 0.129817242785758 0.120373939473732 0.0682813186655385 0.134095535321186
0.209387139516971 0.0598802263765147 0.0707419366373526 0.0788329243154012 0.0383540967341823 0.0433271082959963 0.00264895100679606 0.211023372384883 0.206338526338746 0.0794657183931577
0.0330592010285167 0.253054793982774 0.117827291437739 0.100898737645545 0.0292237855004608 0.111102859066729 0.0801902016624308 0.0554624999107162 0.055168911581197 0.164011718183893
0.0130277462272966 0.0521318211792354 0.136793189414678 0.142924447618767 0.148527369022848 0.0811778936829837 0.0999181927510734 0.148471044422216 0.0294212369651964 0.147607058715706
0.159316436966468 0.194393641491067 0.150485866648838 0.0564541211875347 0.0328286024997719 0.113129004061421 0.0319428320856441 0.0946454533710055 0.00479697725829299 0.162007064429957
0.0283688288254632 0.0144380734550019 0.0445979607479256 0.112193981900572 0.194180540132175 0.0576988234205551 0.152824468803351 0.0469224028178214 0.158226599349983 0.190548320547152
0.0207312417356621 0.217720465680414 0.0658697706958594 0.0839646782967343 0.129074388641092 0.103987821889644 0.199958272785869 0.0128362255004559 0.125092780618217 0.0407643541560522
0.0694733850636539 0.115422447866199 0.164767846596943 0.134377538028163 0.110098743174616 0.0147633123787689 0.073662360862157 0.0436667179835667 0.102945337036823 0.17082231100911
0.185965718401024 0.000212499542682209 0.178459558513774 0.118114349635943 0.0419321055739031 0.0951896538728904 0.174959779598349 0.00174786534223795 0.0671490575589954 0.1362694119602
0.190388386963058 0.144720139735111 0.0697336851794659 0.183337636420144 0.0777810678570605 0.0391600684788544 0.168693751264458 0.0280538857768882 0.0617443235864245 0.0363870547385358
0.147927506697358 0.0915724066960831 0.0588443046308799 0.144881503432655 0.133360680383416 0.101336945828256 0.119406040172499 0.0860526151040453 0.0442451480105997 0.0723728490442085
0.0595772142973882 9.16639460043505e-05 0.072638066326495 0.140223717338103 0.0995808979538912 0.079477545906871 0.144501317387049 0.141812780356056 0.162935992942469 0.0991608035456728
0.277199951483898 0.0527680980209003 0.0639513165535493 0.0671009228727282 0.0329312678493165 0.0230507163110465 0.0182722469013488 0.186158734436943 0.0916188910351635 0.186947854535106
0.133706195367387 0.0604530361086009 0.104744698208105 0.0652391740109726 0.137112248737021 0.0870299071962521 0.0949873028226317 0.0783301281997615 0.14051826829546 0.0978790410538088
0.0597252997883538 0.103300979538114 0.144822631775727 0.00686941689700678 0.144186152299278 0.143551727747453 0.0826583666064616 0.0427324322887371 0.155720399350465 0.116432593708404
0.0478484319346412 0.129822606745697 0.143822831649181 0.101301991326585 0.129825024831054 0.0912236820828994 0.0458173682540767 0.138293770673873 0.107987441682036 0.0640568508199559
0.142278380572643 0.086741243377598 0.15408690937112 0.00398439694603973 0.145821761152922 0.136500522891738 0.0136565169747725 0.0165903007335843 0.142991775191062 0.15734819278852
0.0554728398647972 0.074332003316791 9.93115483384298e-05 0.123262632799879 0.180708061084804 0.183201071693887 0.0751748647277576 0.123513907570672 0.0618726179661685 0.122362689426905
0.0388324028715397 0.131012912353727 0.217545319462242 0.095922850482305 0.141282708917818 0.0785525061902806 0.0711011794981025 0.0153305139682928 0.100479368817732 0.10994023743796
0.233556589992553 0.0493585825149646 0.0135006825934307 0.0137295397924478 0.151893987078706 0.126872447921663 0.0761261006951005 0.194525717960344 0.0854009059116347 0.0550354455391564
0.0919401998674522 0.114769953277205 0.169774587919656 0.0672753158101655 0.169850980768717 0.0690183289155156 0.0578238768159213 0.0140415454801069 0.171284973241929 0.0742202379033321
0.11440017061326 0.0267823080989693 0.144639952083745 0.199608937876412 0.1578148663896 0.00934213502462698 0.161343455984632 0.0167015128278553 0.0512377321469077 0.118128928953991
0.108396985170366 0.0883882148564494 0.0627149276861502 0.0775683584027139 0.113702888583865 0.0821399208440695 0.110714997204763 0.0393109350681806 0.200823689847303 0.116239082336139
0.13816951270417 0.0711019988506277 0.0109536589191875 0.124714889061138 0.079991341061017 0.104366338541669 0.0351076098419933 0.157042539586104 0.166787636263526 0.111764475170567
0.0293298535155278 0.13832057642501 0.0643105605200277 0.14699547416619 0.100979953717536 0.119679134255885 0.102978545118069 0.227663286718412 0.0174729421027996 0.052269673460543
0.149042494160079 0.0986798414371312 0.171217626356996 0.00494161519318216 0.0391563762427081 0.0184889190591593 0.149949183931736 0.105677448976699 0.178017888490483 0.0848286061518246
0.106272900247487 0.14723526404341 0.111920495335556 0.095291222728511 0.13440133822579 0.0787611043181013 0.150161339861464 0.137692769571762 0.0206988669129372 0.017564698754982
0.132743402264589 0.00874248254968085 0.179975663626875 0.0948440684915982 0.0462427309633622 0.0208697082895551 0.117038713442412 0.09742530633133 0.211102724562198 0.0910151994783998
0.122757657747282 0.0498914847123031 0.064825163722167 0.104955626075494 0.0980152675351199 0.138097301490821 0.0806199112396306 0.108702698346052 0.0995596003432195 0.132575288787911
0.163622639136102 0.0188143485795459 0.207524035203286 0.119954786291805 0.0486056434047592 0.00899443765960177 0.0145328876040272 0.144889563596853 0.101203791380129 0.171857867143892
0.137592542561983 0.14674301933471 0.0982927042969761 0.0582936026944502 0.172407210981552 0.0613242843046517 0.024810897918594 0.127073470730349 0.0318819445058936 0.14158032267084
0.169391117819587 0.0852909856778687 0.167776051415295 0.125579906838678 0.00847012171575987 0.156851169870734 0.125006569075183 0.0906442700224851 0.0191823147672175 0.0518074927971915
0.129250632826869 0.144388839689264 0.0270947172413083 0.116140067240186 0.0322264817136833 0.111434251475069 0.0973994199366793 0.0875684561944899 0.0903022635694274 0.164194870113024
0.0574806890522936 0.138215756954915 0.0469912296604484 0.133175587456625 0.130357636194651 0.029065055067263 0.0850266730121886 0.171624057239932 0.173856703634845 0.0342066117268382
0.0774733544381427 0.00754728814632586 0.142523738873819 0.100841721989702 0.0674092556173068 0.100391777656496 0.127289740077805 0.152581465143262 0.106607851975022 0.117333806082118
0.222288819825855 0.027721612865222 0.0378669317182833 0.225392764579589 0.0381516611101796 0.0445383881464082 0.0911866512380748 0.0490387325346305 0.118621716076579 0.145192721905178
0.184559029061458 0.0937976969148523 0.00946166562045123 0.172910748289418 0.0902764515413544 0.132281449641177 0.0886840719153991 0.107672036746898 0.0123449961326012 0.10801185413639
0.0598881091448176 0.181581488012003 0.0757487393074665 0.173243105052476 0.0568534531106618 0.148552998014948 0.0864048336808925 0.0655632498366206 0.00687489325863821 0.145289130581476
0.153868220524181 0.0729021660026285 0.155442624029753 0.130843680580833 0.021359163758062 0.131068557612277 0.118423282485353 0.123186605995645 0.0714397190618113 0.0214659799494557
0.171523738906795 0.0750692239676716 0.0425394395384072 0.169542274137565 0.139344085088791 0.00674948055666871 0.0390303529978082 0.109432429807182 0.171049335324478 0.0757196396746333
0.119393696573065 0.105715013526352 0.160489490376676 0.165226325146723 0.00323516286819624 0.0991765274220525 0.0790557280653642 0.113801004756073 0.0564560596028325 0.0974509916626658
0.154345899114455 0.1228736729215 0.0294072056168586 0.0221167717358042 0.0934235337580376 0.0168411933755037 0.147736589998625 0.162439763285455 0.162507797203725 0.0883075729900355
0.0887930278636226 0.105156137271959 0.0134422490633863 0.160239430944637 0.14106746589627 0.0871812661005768 0.0126321069127493 0.119408177231352 0.147652135571481 0.124428003143967
0.153854160113796 0.00350850414959694 0.0547539069012973 0.162882638205108 0.167422271924126 0.149937540316968 0.152261733694846 0.0425430623470067 0.0679906924552198 0.0448454898920352
0.111433890146808 0.149661471185908 0.143366021662295 0.0852601795684009 0.129237608397445 0.113468057863456 0.128281820414102 0.0583036340317591 0.0654142995614894 0.0155730171683376
0.190762425450219 0.0112750556311639 0.0351041933064625 0.148258514007764 0.0630750566640638 0.264404728022185 0.117646555751058 0.0988658802754386 0.00810596627182984 0.0625016246198144
0.184976332242652 0.230730761794048 0.0063847683591101 0.016165905835099 0.102501130475414 0.0314484269095462 0.224670926243884 0.00402583257010219 0.042738434087617 0.156357481482528
0.150012372960184 0.0695551231835347 0.0845747827458949 0.0878121727140677 0.197355555022744 0.0729614691763703 0.140887751415392 0.114533189551483 0.00927836721181776 0.0730292160185123
0.0818224536927235 0.0684795882537702 0.178301152502633 0.00966054751041965 0.184893492040536 0.0602269331782711 0.0696539032598527 0.0592702813845834 0.199993813806238 0.0876978343709724
0.0393449024454217 0.20174703026457 0.140950562696931 0.0533726036823945 0.0949925029505894 0.17575687438527 0.027632494378844 0.0265463308267078 0.0752818719075402 0.164374826461732
0.0636489177950879 0.065899247382128 0.182705760296301 0.135815001241104 0.108614982773436 0.07172101983133 0.161679105552937 0.00732069044640058 0.118056264475914 0.0845390102053614
0.0147378988654792 0.148322449071609 0.0265592384649275 0.268940611484296 0.0787837685900756 0.0224865515324893 0.0819533103969301 0.0601953730823357 0.258720768165882 0.039300030345975
0.150794615462983 0.071897799716526 0.0258129864401606 0.0722914860479606 0.14902872656264 0.14459644433994 0.117739113663291 0.139787019690636 0.0699377880185817 0.0581140200572808
0.11573978721358 0.155322845322525 0.022674889142312 0.0379089911154758 0.14117561417255 0.105346364091614 0.115522527182465 0.0711020982699408 0.120508359911455 0.114698523578083
0.137120737938534 0.0496486193613228 0.0788001204814809 0.134348710774645 0.0986509844848946 0.0631916666020046 0.194915263150655 0.119634864843086 0.0154528560153942 0.108236176347983
0.0534650701936411 0.162671152062719 0.00656160383071953 0.0769131690278667 0.0945665149312712 0.118372251032601 0.0746125867946248 0.0775780209169433 0.170923064953881 0.164336566255732
0.0727065245055128 0.0259229411851038 0.016333180136385 0.162831078057137 0.0961468432855771 0.130682600512591 0.126704378947114 0.268436762945178 0.0475079536195738 0.0527277368058278
0.0124490354816018 0.177498451131725 0.00825222848637456 0.0016678955062854 0.139081036542488 0.127103257925072 0.0441645877968255 0.228643439640205 0.201344542791488 0.0597955246979355
0.0813705853060599 0.116107238628752 0.193923003981514 0.0590028736839096 0.189187982078171 0.0767689961254182 0.0810929395199955 0.0908551149376697 0.082903714464789 0.0287875512737214
0.187052128669861 0.011100579597352 0.14024849859615 0.132049012192506 0.0196098897196607 0.0649195171839133 0.146736541202205 0.0712794812066917 0.179868816018371 0.0471355356132908
0.0286141175347497 0.163051324851057 0.0414639441548786 0.114046706962848 0.155287757387217 0.0656248083096145 0.0518323261292915 0.138057569560242 0.139307099264133 0.10271434584597
0.0835652157331654 0.148664318653444 0.00881221926285359 0.0352518810669723 0.241032520937703 0.00326563940727301 0.139716799581824 0.0598482728666148 0.120577886492272 0.159265245997878
0.0393093665275615 0.158591952743919 0.0905814122587612 0.0220065020136302 0.0999414911551177 0.127710034191724 0.186251845122467 0.0999513147915391 0.063160320206032 0.112495760989249
0.132913841893828 0.113424866176502 0.0805645708314586 0.0682416447762939 0.111727229418759 0.0771861708702422 0.0816928749828884 0.120091374787464 0.0984016776357397 0.115755748626825
0.0915487597111823 0.0743185548163397 0.147381152012559 0.171465156154532 0.0683784059486287 0.074587715708592 0.0720533963806538 0.0884890540611964 0.0894730142335232 0.122304790972794
0.0779308449551319 0.098394542100361 0.00280551072001335 0.00914060380791144 0.170459102453265 0.154830399366925 0.123918112921788 0.0771796193369943 0.174590375911326 0.110750888426284
0.0361793970927717 0.0151842852043851 0.074168139210953 0.00917791554917351 0.205546925662066 0.106796913436184 0.124187573772497 0.134290550815943 0.121474141468171 0.172994157787855
0.145125555011647 0.115854455106728 0.112819356717564 0.0808175529498618 0.0251527849459273 0.0502886888756878 0.0389574725320065 0.154986910869081 0.115107659153133 0.160889563838364
0.0842483321723845 0.164737890278082 0.0941813371234627 0.188462273140488 0.161946252494137 0.0606230047314346 0.0781782498619112 0.0315354235171141 0.0372817382254543 0.0988054984555318
0.0780258645898969 0.117528543326646 0.194899520969368 0.0111157833958921 0.0158919928838765 0.096177599291021 0.0957446913180921 0.157533797424338 0.113092646917783 0.119989559883087
0.168570859559775 0.085342476772137 0.0566421975104221 0.0920486831096334 0.144709225150983 0.153433724221287 0.0673361259006243 0.00215245200385304 0.135367699172046 0.0943965565992398
0.154442208875581 0.112873070518665 0.0401426788571806 0.00236867320212175 0.191032545034106 0.141036644842109 0.192603765581603 0.0156091061088381 0.0667386923288114 0.0831526146509831
0.0245856766557101 0.131674256136684 0.183191918215494 0.0318964169412199 0.0555126658253395 0.174397515378469 0.130099477060662 0.0887668508903859 0.0907774510527701 0.0890977718432659
0.0322356528617684 0.197378075748254 0.0838454771331544 0.12034694873943 0.0700120136044978 0.0448201605817362 0.0799936534507641 0.197849756484374 0.156916954330928 0.016601307065093
0.00582048217687758 0.0752346699265777 0.167534122608726 0.120413993736609 0.0849573975445089 0.116578041517571 0.143468309377913 0.139489828641329 0.124090887987327 0.0224122664825605
0.00218357493729403 0.0442411960144017 0.144343148907844 0.0221806332333303 0.133962732104425 0.149715516807882 0.0574871482940024 0.149292328752133 0.140857729949967 0.155735990998721
