0.330020688243224 0.00907771091570114 0.158369467827885 0.000150461723107729 0.502381671290082
0.120209328874322 0.145858659410491 0.127959033087456 0.251402159130701 0.35457081949703
0.104013474584185 0.0819908607720748 0.248342037604724 0.170731788241093 0.394921838797923
0.0172717382521045 0.285880098737414 0.210060038112269 0.187786815667099 0.299001309231113
0.225980526596908 0.345567577827258 0.0392360297711988 0.0847123617473783 0.304503504057257
0.168546641913338 0.279022651249662 0.1651961172014 0.0568677125569405 0.33036687707866
0.392402418105389 0.412209568182153 0.0801312586171458 0.107540170948242 0.00771658414707019
0.0331025752158173 0.0423003770386917 0.244611685512962 0.410527810292308 0.269457551940221
0.257375807606048 0.323023984018365 0.276379453887416 0.104427243634741 0.0387935108534287
0.174752219171671 0.111515065511877 0.263880244948984 0.254013384720174 0.195839085647294
0.0549939624009836 0.0974458220274099 0.311491126305845 0.296403219510946 0.239665869754816
0.237234552632876 0.178135258547319 0.27996524379569 0.00441342671831333 0.300251518305801
0.375760068194765 0.255221437052721 0.0870336345873708 0.165196688927458 0.116788171237684
0.129214463008298 0.241615508309839 0.256430506720752 0.225267967462038 0.147471554499072
0.316615875011252 0.316653634454666 0.0450101667912801 0.0951769893203592 0.226543334422443
0.197356714031472 0.13298325986015 0.222661931640338 0.307713876317696 0.139284218150344
0.115664744027761 0.279431491652952 0.462331258440152 0.123961572000702 0.0186109338784333
0.0428519737516969 0.211638324777506 0.221100650084004 0.163031882981391 0.361377168405402
0.186566227638037 0.146785774856084 0.0567457237197265 0.504244533898886 0.105657739887266
0.111046188227156 0.203146936809484 0.150702319972685 0.229283394052721 0.305821160937954
0.217421390887435 0.258713973745601 0.311351050163608 0.12994419947045 0.0825693857329058
0.168572844445285 0.0624678707704527 0.160488614921522 0.168825902436101 0.439644767426639
0.296826993836067 0.00470986740872893 0.155445480201954 0.262398255679826 0.280619402873424
0.14935295701634 0.227433111634791 0.320878110120259 0.294911066719784 0.00742475450882677
0.128986175150653 0.0402884422230063 0.0348928719177497 0.246675560359937 0.549156950348655
0.32045562021512 0.218531021349759 0.148530180397914 0.119389931751646 0.19309324628556
0.108696865734501 0.228570222976283 0.355909478134501 0.302951461356105 0.00387197179861019
0.00938562891092821 0.114356223720613 0.363004723677244 0.455804005320577 0.0574494183706372
0.345317360149069 0.351386016784159 0.201561545424022 0.080181778672481 0.0215532989702697
0.215914439865297 0.237795487991099 0.156789937010658 0.214003002732437 0.175497132400509
0.283960713649208 0.111284083757914 0.263715374659324 0.246925896428676 0.0941139315048774
0.234113034468178 0.2341926725794 0.285582855776602 0.00356062928993295 0.242550807885886
0.059403704061583 0.171797630825047 0.324831278120868 0.127000382841275 0.316967004151227
0.262979618586601 0.220200899080987 0.25746899942741 0.189463121738253 0.0698873611667496
0.284435729156039 0.331300980732002 0.0677094456572172 0.0672875071588517 0.24926633729589
0.339966143456075 0.247884782729827 0.254565969320094 0.0466547289650018 0.110928375529002
0.265693140398739 0.226652090969151 0.243446184174303 0.219638197235321 0.0445703872224854
0.24599449017889 0.142974195153034 0.172891719639603 0.261232972445223 0.17690662258325
0.145443226734609 0.410905613785564 0.261483829232072 0.0764643185623367 0.105703011685417
0.309428761699197 0.314657282616406 0.252948836510795 0.116749130411676 0.00621598876192603
0.0419774434798423 0.205486372158117 0.182861575913716 0.0798336227870887 0.489840985661237
0.278198508863483 0.231022099925157 0.194187201583341 0.00976043945543583 0.286831750172583
0.0149510303107679 0.222348891562916 0.107232173581381 0.279099378395502 0.376368526149433
0.270107100695492 0.281807306779426 0.039312161310102 0.274977917338544 0.133795513876435
0.22425512321705 0.430816514110204 0.202964103980496 0.088957675932752 0.0530065827594977
0.235617686358952 0.17893060456829 0.10887003580872 0.290355720140622 0.186225953123416
0.264837080929129 0.119992795137201 0.178346037112797 0.275357138142444 0.161466948678428
0.385680094187786 0.0329247521575055 0.0311818452899541 0.36937120720914 0.180842101155614
0.249208206934159 0.250760691071602 0.148202024941156 0.269624229060652 0.0822048479924318
0.159659242386538 0.219385669896021 0.300333495520682 0.198864942958173 0.121756649238586
0.133544614775094 0.265425209866581 0.200471410727422 0.11735684981838 0.283201914812522
0.0705842781544048 0.327152701649619 0.439714101007372 0.0420228455704601 0.120526073618144
0.249735163652556 0.265214687275719 0.155803579390323 0.104512765541528 0.224733804139875
0.21277552627121 0.00590420517105618 0.264198484295876 0.257876780132028 0.25924500412983
0.127521707305311 0.275219274013182 0.0998805195657596 0.250429298006666 0.246949201109081
0.154528251844099 0.216063509366345 0.270252327228206 0.187564897729849 0.171591013831501
0.342842111240883 0.302893333949072 0.17358102289436 0.0229784475214136 0.157705084394272
0.13504087280754 0.330650731795744 0.157409254942105 0.0726804671102607 0.30421867334435
0.0479842455167797 0.125840524384197 0.411793298081968 0.296420218592888 0.117961713424167
0.361247674909765 0.401734822917187 0.00714772596911279 0.209660255249756 0.0202095209541798
0.0326491692473926 0.148231409607219 0.211616175506014 0.341386272724755 0.266116972914619
0.435114974587468 0.131969658853651 0.0668032099030168 0.276017541183078 0.0900946154727868
0.0835774660145457 0.219832886701977 0.0673063589776343 0.11012585472531 0.519157433580533
0.192956748890661 0.34183774564796 0.178487649050394 0.0129337291139213 0.273784127297064
0.255540782002687 0.178164655735715 0.241353118984336 0.0697205463270133 0.255220896950249
0.241116305802879 0.134897094036682 0.243214013167916 0.132105530086376 0.248667056906146
0.0490620511707142 0.00717724159903324 0.185956554857691 0.0205377185441687 0.737266433828393
0.120496380507637 0.170862106819527 0.249290894976265 0.273515190543885 0.185835427152686
0.17285266157375 0.219346979976453 0.207875562199575 0.265324181145142 0.13460061510508
0.288657019653744 0.0178887703047349 0.206170657285906 0.251741546083519 0.235542006672096
0.0214741190004075 0.499241857124366 0.370684980047008 0.0727255268772231 0.0358735169509961
0.107607716200347 0.182049904357211 0.199899668965349 0.227269235801112 0.283173474675981
0.0067372091204818 0.286541759597224 0.21556192644708 0.0752990017445854 0.415860103090629
0.20210083894481 0.249903853893885 0.110664565749119 0.248716609893275 0.18861413151891
0.349552718162073 0.167029214800331 0.0101415956417775 0.349627076085632 0.123649395310186
0.268035519137703 0.194246178531444 0.161384354610392 0.111056111004758 0.265277836715703
0.0313396847262491 0.338797697281114 0.33832777669834 0.0427585306705464 0.24877631062375
0.335684044912444 0.0219570369713288 0.34908151354401 0.0910256352039391 0.202251769368278
0.214234284007107 0.239219253436819 0.210901135024266 0.0784329240699026 0.257212403461905
0.255237077048061 0.191418104516081 0.259061296032086 0.147788794161418 0.146494728242353
0.16355577929166 0.128321472638258 0.0249992183631491 0.338237250182189 0.344886279524744
0.0102978949187156 0.356195777698375 0.171939549615696 0.0716859684284923 0.389880809338721
0.0625763295930975 0.216232368634267 0.20431219331718 0.374522998718658 0.142356109736798
0.035772369579773 0.0147689331192723 0.217968885578915 0.237440033647723 0.494049778074317
0.077207451996741 0.246748265105102 0.178301712125532 0.225079090605167 0.272663480167458
0.158508922812156 0.269747823556566 0.289074273888372 0.00227141700262711 0.280397562740279
0.117221091090995 0.461541094050707 0.117043643419647 0.291894448656383 0.0122997227822672
0.322476078340265 0.0612792454274038 0.330796392077663 0.176757476696705 0.108690807457963
0.0679784860492458 0.233429689025399 0.261523111763155 0.135525182855218 0.301543530306982
0.0506396600158218 0.191687248125126 0.138330162534719 0.466827266322881 0.152515663001453
0.00928545997267041 0.00285878706546507 0.338700633644049 0.304051064871653 0.345104054446162
0.357512296829985 0.0631691858775036 0.339035053909355 0.0954504765305479 0.144832986852609
0.196913963003491 0.0959763903078085 0.231213701367216 0.409944241967235 0.0659517033542497
0.266009670838062 0.249491084198417 0.154782799075385 0.112150930504007 0.21756551538413
0.40739505782994 0.204563758685208 0.216793852314233 0.0689806091343376 0.102266722036281
0.320062603624303 0.353211325826882 0.0446045829853535 0.0254569482200858 0.256664539343375
0.262117005395622 0.222288795406429 0.158093873117753 0.129768759283031 0.227731566797166
0.381940745022897 0.147135435225839 0.235363163115709 0.0974310925134214 0.138129564122134
0.176838350997764 0.0999276166876897 0.328190735142736 0.223972846969893 0.171070450201918
0.313863679112911 0.32075667891303 0.0624477294311312 0.288939339204342 0.0139925733385852
0.231146421187127 0.248821583952763 0.139264104685868 0.257110024098722 0.12365786607552
0.139647746851197 0.0716413137928786 0.520625711426517 0.0591828463125742 0.208902381616833
0.116501006446393 0.347207702686043 0.249179153245463 0.00909144681022386 0.278020690811877
0.364794901713384 0.0447053068566344 0.396414630999923 0.167246228957713 0.0268389314723454
0.00603246501164912 0.125526493515959 0.198056002487749 0.338055564594528 0.332329474390114
0.00972292829172986 0.252130327912436 0.256819488165784 0.260935692757629 0.220391562872421
0.249279471147333 0.0754518769676538 0.203687499676847 0.306815519589802 0.164765632618364
0.311737652923313 0.220937757303579 0.324654914956378 0.137798685405749 0.00487098941098126
0.272847969079422 0.0796636677734721 0.229577523489733 0.00239199215809397 0.415518847499279
0.128320664050524 0.365123242263603 0.0522530285371053 0.415809039565329 0.0384940255834394
0.19449286408362 0.319255690998843 0.27417816700729 0.147239657029789 0.064833620880457
0.204850417381351 0.269580684727302 0.21147083651327 0.239791463485133 0.0743065978929435
0.00460384044166396 0.172680387935327 0.219487167359439 0.299775018054546 0.303453586209024
0.217303149126063 0.307878910372874 0.203174521294198 0.00767586107654328 0.263967558130322
0.223171644061673 0.208904823351521 0.208795134713511 0.00216612655161368 0.356962271321681
0.100609672022664 0.0112976445016546 0.227114704312008 0.269195472806522 0.391782506357152
0.0626495197464026 0.44108374121409 0.217694562640874 0.278276027801959 0.000296148596674399
0.280289809641238 0.15063366553883 0.120533984974785 0.230413990897083 0.218128548948065
0.219170755422283 0.297639877230903 0.039709276853068 0.149419975312061 0.294060115181685
0.149435567598477 0.315035336891573 0.242689587434544 0.249467203547384 0.0433723045280225
0.0121438075953672 0.320315644320873 0.465772907470221 0.045695767348304 0.156071873265234
0.195641047299404 0.30396618196289 0.265843744005798 0.086198662378236 0.148350364353673
0.208606002396116 0.219879909765512 0.24351570905163 0.138084663836455 0.189913714950286
0.227477566506864 0.251719814112237 0.271041675067969 0.108909576094682 0.140851368218248
0.120743832648894 0.326914770125896 0.0123040066950709 0.0965985432597237 0.443438847270416
0.183038078877843 0.228036132554037 0.229238499439724 0.192795771816834 0.166891517311562
0.120115932278193 0.324066246672401 0.0117442244611161 0.289832244638903 0.254241351949388
0.215077564223365 0.235079203064967 0.0882417615217009 0.260316935198709 0.201284535991258
0.19913931226516 0.0196723190499981 0.601998906921111 0.153638621736017 0.0255508400277135
0.165237723002708 0.327030034797356 0.0335086800066189 0.108469630365356 0.365753931827961
0.247598001467196 0.253466837632413 0.207537898193391 0.197551039128637 0.0938462235783641
0.271816898080213 0.121011472143298 0.201731990103501 0.260153471686976 0.145286167986011
0.402684580527265 0.18127322885805 0.100602957246094 0.17665069306715 0.13878854030144
0.0929153805019584 0.283363469846058 0.271917050341187 0.319067316775895 0.0327367825349017
0.303381410133334 0.205552730871695 0.0936397300856419 0.148004265024172 0.249421863885157
0.156145884867091 0.222533210478567 0.219623599905189 0.190785599878132 0.210911704871021
0.226271438709353 0.262432562837174 0.206697472541748 0.105311424294797 0.199287101616927
0.0990020049828575 0.111134101922588 0.350639121353263 0.172105456871527 0.267119314869764
0.173194022428703 0.357994283693054 0.0366855090751232 0.309801711487476 0.122324473315644
0.0481497974538537 0.0319710320481745 0.151569520200916 0.0115381269892454 0.756771523307811
0.185088154223014 0.241442222496841 0.104561757956213 0.241228296520523 0.22767956880341
0.208431230099572 0.144593095102062 0.221949711246552 0.334824151646183 0.09020181190563
0.0799989413111078 0.350545879972175 0.153074087797357 0.323033583045607 0.0933475078737528
0.193665175774585 0.215789541591291 0.244981491672803 0.340123907676472 0.00543988328484902
0.177607663383267 0.146659358903273 0.334480803023812 0.281360193802133 0.0598919808875146
0.185490636035154 0.278176677745639 0.24042474438965 0.147016732245556 0.148891209584001
0.10227311483021 0.436150744740018 0.10297270200578 0.00615275140002993 0.352450687023961
0.156698640796401 0.384026145681309 0.0255089573902796 0.37164165017504 0.0621246059569699
0.396188445397805 0.0859205671960268 0.0581149465189229 0.385623790482872 0.0741522504043732
0.107818135330425 0.227113543411914 0.351278723479741 0.0919444362382408 0.221845161539679
0.228088065061015 0.108196342371309 0.264488303182864 0.211799736159223 0.18742755322559
0.215042345022383 0.0331750686735619 0.160175991743472 0.290502061114085 0.301104533446498
0.141289746205547 0.015631160466262 0.19013362325155 0.447722208256077 0.205223261820564
0.344787796844766 0.0253280056565736 0.231568252855609 0.0290820148313653 0.369233929811686
0.36702259827804 0.00346857568572474 0.102388231716515 0.168280631293435 0.358839963026285
0.176295292209133 0.132602947016898 0.224206169660332 0.184309799376958 0.28258579173668
0.170487809642721 0.0243320642060077 0.318584370469801 0.304625555059583 0.181970200621887
0.0114122973889152 0.295000380176362 0.265730473576958 0.401934700875032 0.025922147982733
0.253657560150463 0.440767797807976 0.0834364609380516 0.065483280205812 0.156654900897697
0.324312781280859 0.285616697156172 0.242038281197607 0.063064356310238 0.0849678840551238
0.138947307917457 0.26546588250552 0.107972499216468 0.299648857386346 0.18796545297421
0.146390082654424 0.406845489285449 0.106549870193478 0.311105266535133 0.0291092913315168
0.123061241433128 0.106668781981408 0.231964147535648 0.501443238106651 0.0368625909431646
0.135072701996622 0.166317767090243 0.115387919137047 0.297528981788609 0.28569262998748
0.34345343471613 0.158462981724965 0.271246744196751 0.123315790091211 0.103521049270944
0.211363964215494 0.138278460352009 0.232121751393279 0.227420750538319 0.190815073500899
0.0468837324218128 0.322425590398859 0.426128556428582 0.120700244954523 0.0838618757962231
0.259273577984265 0.215537334104194 0.168636818482899 0.257451448545811 0.0991008208828318
0.23144104381644 0.254292570186003 0.410628780004071 0.0171365315993339 0.0865010743941521
0.33477111413039 0.0562864314050607 0.164079087658904 0.232155909513306 0.212707457292339
0.0605242994505811 0.164162802970017 0.269935582501493 0.24250499987659 0.26287231520132
0.362011247392384 0.124909161793629 0.241581921081006 0.124603455746036 0.146894213986946
0.191052245724956 0.107552557500043 0.289059691091196 0.382240472572408 0.0300950331113973
0.1820959901417 0.0326013933875782 0.268990560472951 0.094656226502528 0.421655829495243
0.142769240916901 0.0809301741650735 0.166357407444375 0.251434113761494 0.358509063712156
0.250321421999977 0.118160018946327 0.249445146902948 0.252022941538517 0.130050470612231
0.159356664640381 0.303344962789368 0.186373001496632 0.331089991712655 0.0198353793609642
0.29428960923441 0.0714712936073327 0.115876484848408 0.449356824232485 0.0690057880773651
0.219807271858085 0.330233487377238 0.0431296127295011 0.322242503972052 0.084587124063124
0.108423120497533 0.505623754959449 0.0439649453731004 0.256790773898607 0.0851974052713109
0.0464179495493144 0.251179572518599 0.30543243237543 0.189581970529979 0.207388075026677
0.353963349828362 0.0891502427113847 0.457945388630091 0.0180583406965409 0.0808826781336209
0.21949029393128 0.100620028391774 0.349813987233449 0.270707122342392 0.0593685681011053
0.451779732568086 0.0400528019464619 0.0591061278615644 0.352774713461981 0.0962866241619075
0.367505644919451 0.225874382602794 0.330627455321713 0.0387190538064736 0.0372734633495687
0.0297204088341494 0.2732897910164 0.0579858261292308 0.343229724662175 0.295774249358045
0.0464386860777176 0.330510629570525 0.0842321380200273 0.249330649527451 0.289487896804279
0.258798393829331 0.120850064301872 0.127279002686318 0.130220766499507 0.362851772682972
0.279895767139362 0.386867278756989 0.229736247459014 0.0996435021119324 0.00385720453270202
0.167453255143071 0.4224527531873 0.0843223867769675 0.0527444936048112 0.27302711128785
0.167596836279797 0.0695461457949794 0.314322401897163 0.133832746455043 0.314701869573018
0.17839222318045 0.16477811929269 0.139466876247044 0.381074031671983 0.136288749607833
0.265365809563126 0.0973932261740318 0.376965057174619 0.101031299062855 0.159244608025368
0.0223944924051205 0.140849113410531 0.167623351700197 0.263466634753112 0.405666407731039
0.136159032170788 0.294473197567818 0.273656267327016 0.0359538545273781 0.259757648406999
0.148753629021508 0.0939796557002688 0.369866349558451 0.05657428614156 0.330826079578212
0.305162408806783 0.185993382072915 0.0894521261019228 0.167466392517749 0.25192569050063
0.264812307765261 0.141018911752682 0.220178489160429 0.183522603318209 0.190467688003421
0.0811925543742247 0.177758026400583 0.176379499038851 0.324936114318631 0.239733805867711
0.059905031136247 0.313023490324323 0.290790765436383 0.0786405557217889 0.257640157381258
0.279566494712702 0.272673436368362 0.0753655610129018 0.237887523808962 0.134506984097073
0.078835177596745 0.0429870675997042 0.337578035159107 0.00330110375037918 0.537298615894065
0.0576925384801175 0.22704804092548 0.1051294782905 0.343218776297815 0.266911166006087
0.271721918830399 0.333807889393692 0.161907540480312 0.128178744509815 0.104383906785781
0.328839490297863 0.0907519913047601 0.208333801518009 0.193165208873405 0.178909508005963
0.117068114898207 0.322212432711148 0.216862527580415 0.254819978162142 0.0890369466480885
0.259729680316493 0.241167259650583 0.0311062592523937 0.0645323733419378 0.403464427438593
0.393588910812501 0.376128124412272 0.045707414294606 0.12370291277435 0.0608726377062709
0.118301571012499 0.21542596334078 0.161887782632699 0.256638904489319 0.247745778524703
0.0721470925106161 0.050949567105983 0.152948347173045 0.309187592982297 0.414767400228059
0.216094671699291 0.154203841090277 0.129488703829867 0.289592759988047 0.210620023392518
0.131221446658877 0.213867394684969 0.205388104426257 0.209082926024367 0.24044012820553
0.133866145402222 0.277949625573374 0.00366539811737265 0.321023401183159 0.263495429723873
0.0941058601442308 0.263516378620885 0.174781637640818 0.279345831975849 0.188250291618218
0.808892712513058 0.000985060398705911 0.168366937432819 0.00744776492366157 0.0143075247317556
0.15100106952344 0.388896754794857 0.274586790843027 0.149374701333837 0.0361406835048388
0.355043679748851 0.204778193897382 0.169557240755453 0.0853996080949543 0.185221277503359
0.0826120482009066 0.184243204034547 0.239904913106595 0.309613743417948 0.183626091240003
0.345963733079461 0.0773131500912116 0.33654991836802 0.026083075416675 0.214090123044632
0.234931686432239 0.112373933893158 0.178970657263037 0.223852222959652 0.249871499451914
0.0926468492299069 0.343640466695722 0.204565540204267 0.2322835297837 0.126863614086404
0.227414943786267 0.314412266197171 0.150692163902605 0.00514768827236748 0.30233293784159
0.100820711221113 0.43521238603117 0.231628113401834 0.024583712658041 0.207755076687842
0.255587813201356 0.00734802196649402 0.371252827893611 0.22602645794267 0.139784878995869
0.0308585079280661 0.108105130066964 0.477406534424235 0.00609309871290231 0.377536728867833
0.0169299282300911 0.422607824580504 0.177894301558368 0.0995531029448178 0.283014842686219
0.0676752451910005 0.209052014278528 0.288356900690908 0.432776816208629 0.00213902363093472
0.152836957522681 0.297331925551483 0.243910551983383 0.158963306380571 0.146957258561882
0.187090169292918 0.116781063182312 0.291647206292822 0.182703438787173 0.221778122444775
0.0433221831273973 0.180126834133003 0.0631528330977954 0.144586827976466 0.568811321665338
0.211350812295045 0.217844892137923 0.247542930823496 0.21436257395326 0.108898790790276
0.143979886360427 0.0997140579949689 0.0932683354854069 0.597463025798502 0.0655746943606958
0.0605029901230615 0.225369401049353 0.345273976975963 0.260677430216571 0.108176201635053
0.139623597116377 0.195182047503393 0.242739006923016 0.242531820083143 0.179923528374071
0.304475005616358 0.292873200636884 0.0450626927335195 0.0886756264787688 0.26891347453447
0.267285177155741 0.00544036927397095 0.234092620456898 0.0340577906922037 0.459124042421187
0.203665441349436 0.213935906646901 0.261092015982366 0.262375665460808 0.0589309705604877
0.15404411222117 0.0874167934320686 0.218638104906463 0.264184727309956 0.275716262130343
0.306348305741917 0.217680055741319 0.139300346406137 0.21217820492833 0.124493087182297
0.318367923599815 0.159996408484413 0.114501809471897 0.292793639417258 0.114340219026617
0.196737749009091 0.270005947002096 0.0311780606618325 0.151522706940777 0.350555536386204
0.196927947373835 0.207482100510239 0.0954562159673205 0.248482200536804 0.251651535611802
0.264507461930607 0.171836513390316 0.162012763524062 0.160154682030069 0.241488579124946
0.261861929253814 0.298380082282661 0.197593526785291 0.178779636930458 0.0633848247477762
0.205374095528708 0.289837973657425 0.260286334122917 0.00501854690338443 0.239483049787566
0.197741826591975 0.351889875691714 0.0469234318887432 0.340819999731812 0.0626248660957548
0.231612713748132 0.114638313011969 0.056101480138295 0.401091367704355 0.196556125397249
0.008808347231156 0.0548527498794429 0.413809246954754 0.513584915195047 0.00894474073960009
0.0414732812629972 0.414513149837209 0.0293196200584237 0.144206883257581 0.37048706558379
0.0578405917764561 0.324568149464299 0.202304113558624 0.102128723180937 0.313158422019683
0.144061061438394 0.231085827748955 0.406925042014794 0.0626407948463151 0.155287273951541
0.115664138682328 0.428783386665508 0.311783525222269 0.0202005694358128 0.123568379994082
0.0889967841554961 0.137262369192323 0.417771586307659 0.29072177587278 0.0652474844717417
0.362623754213241 0.190472652327077 0.1190199510453 0.246758714643851 0.0811249277705305
0.279836844706711 0.253821946550406 0.0587413670545038 0.302230023576238 0.105369818112141
0.0643364674059152 0.0972067067746664 0.371830925492993 0.139593780914918 0.327032119411507
0.164818763800619 0.0416073271564616 0.224727366884204 0.302539333526266 0.26630720863245
0.266642010142014 0.101845957762154 0.518643041530336 0.00646675857801034 0.106402231987486
0.127614126209982 0.0581894051889821 0.254965022570587 0.215210902330023 0.344020543700426
0.154377425874426 0.239375744904738 0.0442515778881496 0.0114446655743803 0.550550585758307
0.255324558253376 0.280992970083996 0.231719145048307 0.160317495968482 0.0716458306458391
0.430782827494229 0.00459455245887028 0.0501042564566329 0.0318791404790564 0.482639223111211
0.149117332030259 0.028034158191215 0.325244452418975 0.29019940444389 0.207404652915661
0.238960943406045 0.302406302683898 0.273636610829747 0.0892038054572318 0.0957923376230785
0.310568421172658 0.175020211250829 0.228556634512532 0.0553063842714516 0.230548348792528
0.0520696024955073 0.153123182452161 0.0337404688514425 0.180538078519071 0.580528667681818
0.256983402364706 0.0134959909251115 0.215522553721787 0.319218653526282 0.194779399462114
0.123112323741609 0.355379061817852 0.048146044242858 0.31363342986026 0.15972914033742
0.211045617223593 0.195419575607719 0.283144525848242 0.0312570895821196 0.279133191738326
0.0343597117181942 0.504198006128412 0.267275301129358 0.153006213462981 0.0411607675610544
0.0144733005849129 0.0387190148176756 0.134358065936623 0.385693523698481 0.426756094962308
0.0343713581986665 0.363542564556093 0.437334168290639 0.046910259863583 0.117841649091018
0.371495482835502 0.125477714971398 0.173850910781715 0.258884912738059 0.0702909786733249
0.38652040486168 0.262388316629583 0.0106165772759569 0.14457106708923 0.195903634143549
0.240196841102429 0.248636599762878 0.084595479238896 0.40136397105881 0.0252071088369865
0.222183330398252 0.248212535749022 0.206481620269243 0.159030924243254 0.164091589340228
0.258684376194224 0.19634822834287 0.165970085857379 0.163646758313386 0.215350551292141
0.453597212205768 0.0780626957085103 0.0263356717811505 0.386616699319679 0.0553877209848926
0.260219297235507 0.0790149650644408 0.217142068970262 0.349412459243672 0.0942112094861188
0.189275437420001 0.258304872177138 0.190260865123929 0.195528980708316 0.166629844570616
0.259925799386769 0.242809556301699 0.221415935317563 0.206268396762041 0.0695803122319277
0.164487833292129 0.311154569090633 0.261724263569099 0.251511636844752 0.0111216972033863
0.184573145477465 0.38877259533491 0.0122792265644708 0.0458619190944679 0.368513113528686
0.302995400060047 0.120329368390014 0.274595245256561 0.0349305617515666 0.267149424541811
0.375248243843687 0.182100415233124 0.282897628488604 0.144502394149752 0.0152513182848336
0.0480216538684453 0.410656761157702 0.141670694532679 0.396500837802903 0.00315005263827067
0.04013481832523 0.202488019533204 0.382628527371981 0.294525052582991 0.0802235821865944
0.0561918176192576 0.164894480461889 0.288993152752293 0.314742582933698 0.175177966232861
0.201071529181814 0.265137321372082 0.29330319390152 0.217663600665824 0.0228243548787589
0.0474915987675179 0.342913202212907 0.118231414310681 0.163122628390929 0.328241156317965
0.239799104537462 0.157365738451177 0.172018833254368 0.262511721842937 0.168304601914056
0.254047676501965 0.187725980993904 0.00578415057819124 0.274871275713097 0.277570916212843
0.355048953739778 0.224302898941037 0.14801305272089 0.0691137922315686 0.203521302366726
0.0193468565865704 0.239523363255697 0.232235763039189 0.252283406480901 0.256610610637643
0.217740628024769 0.341669069972579 0.0367585124426138 0.018121852525456 0.385709937034583
0.165511500739687 0.112769803811733 0.248893843271242 0.175022070941547 0.297802781235791
0.272413901597066 0.0250907502929077 0.338347228391693 0.0374257833107868 0.326722336407547
0.295295668817447 0.321643883855955 0.0300109241336878 0.107031221991963 0.246018301200947
0.138702772423608 0.480346304962008 0.128891362794043 0.0856763262439803 0.16638323357636
0.305358814707643 0.0638439315046102 0.318721531095333 0.109515697263261 0.202560025429153
0.310211628131749 0.369676006836589 0.0475036484651075 0.241335189442396 0.0312735271241579
0.0887048309714583 0.0830277890261838 0.236088705903993 0.436489458743577 0.155689215354788
0.0878714208342744 0.227860759956822 0.281458638804898 0.233237719119673 0.169571461284332
0.176107329322103 0.181118783306884 0.335922663664563 0.264861416484393 0.0419898072220569
0.279855277864851 0.0398717719113343 0.190481959501112 0.438827723617851 0.0509632671048519
0.0360837688893496 0.183461603734965 0.450206466552531 0.272078368207353 0.0581697926158017
0.293471663983367 0.158327614965539 0.273354255454615 0.032723288711595 0.242123176884884
0.465751943040541 0.000801839554492023 0.0434201290565203 0.330438344447833 0.159587743900614
0.0668111139878357 0.425805149154117 0.00645611896866565 0.366047593132519 0.134880024756863
0.0785149122784589 0.0679137948377368 0.118617528832678 0.269238754079185 0.465715009971941
0.35472004001315 0.183894734230928 0.0695087350637629 0.174057263563556 0.217819227128604
0.105091330931724 0.177606253220673 0.0826703748714887 0.465689410147619 0.168942630828495
0.231704048462709 0.282178827539059 0.208928853762111 0.233672389353411 0.0435158808827098
0.26006460429415 0.14477228435952 0.238192515188683 0.194751061810347 0.1622195343473
0.058633989772182 0.261113700457724 0.160254511673951 0.262082571718065 0.257915226378078
0.276132711479614 0.157896606240615 0.143312426996359 0.194245030515518 0.228413224767894
0.0217948738168032 0.0383016677555831 0.50767219651299 0.274881788357325 0.157349473557299
0.335643890230002 0.306742257044317 0.0176866792611953 0.103244798774008 0.236682374690478
0.367473564399918 0.289026296437474 0.0407642312585759 0.21251768157364 0.0902182263303921
0.122561356402061 0.0293309116492409 0.182384862371942 0.346509123574928 0.319213746001828
0.0220895904241039 0.21759024139585 0.412898040702341 0.298524126683284 0.0488980007944209
0.143967465928948 0.357481624151373 0.153490511914666 0.122921807228046 0.222138590776967
0.415067927925393 0.10560449472545 0.138074065387773 0.0797726713821238 0.26148084057926
0.104158713858025 0.0996404653373642 0.157384489761159 0.352577159334851 0.286239171708601
0.263440643913141 0.246067936442647 0.308641557425776 0.0329372128813349 0.148912649337102
0.323930587379499 0.275429937064686 0.31542477584343 0.0381379938718341 0.0470767058405507
0.249858185711036 0.255750758288923 0.22643668838145 0.0343615162656201 0.233592851352971
0.326287224910019 0.296189278190288 0.0488841319727222 0.187171255516445 0.141468109410526
0.229867948159318 0.202579601313819 0.0744727052500677 0.186555377264915 0.306524368011881
0.216761834753459 0.107597562423333 0.257359600094648 0.230920782143377 0.187360220585183
0.095871099101287 0.180724710863019 0.139790700662309 0.209493330760069 0.374120158613315
0.164818525904744 0.252011708701559 0.126378237986879 0.0666637293716473 0.390127798035171
0.29276175440731 0.178565443533679 0.197843344314967 0.146522752372179 0.184306705371865
0.362190734170318 0.100145813591278 0.143659376093245 0.0513325333357962 0.342671542809362
0.285251113832128 0.211782249219534 0.29909033764465 0.203359339704442 0.00051695959924613
0.241494472329688 0.204994331065413 0.0862907523431861 0.244012832392886 0.223207611868827
0.417928100071773 0.108503982815443 0.244594145051643 0.00311255593710559 0.225861216124035
0.417841285146331 0.0313260855502268 0.155291116448893 0.0169030991078387 0.378638413746711
0.0540240520772702 0.212748458755873 0.233179679931537 0.47138500682763 0.0286628024076898
0.0921829184286837 0.337029871999783 0.0418358701253829 0.0587295290932991 0.470221810352851
0.163438349888348 0.138183734285152 0.225035009030635 0.250770358241209 0.222572548554655
0.047773945656376 0.338370778098093 0.229946740935765 0.170590091964338 0.213318443345428
0.186671688314838 0.212225097350696 0.107058517736422 0.112239711282504 0.381804985315539
0.286981553758741 0.14888321940251 0.0431696505676123 0.300268540832748 0.22069703543839
0.257325733461847 0.00801664005127176 0.107866125215412 0.381321736640417 0.245469764631052
0.168399427765887 0.234369580293897 0.259026074567835 0.131108633344419 0.207096284027963
0.274555436637775 0.284146710087554 0.0623731624958639 0.142510080522608 0.236414610256199
0.320246628004322 0.148181132790832 0.11649959756787 0.357015219298704 0.0580574223382719
0.131836709479 0.350564079624153 0.0672422049051028 0.0837982135864502 0.366558792405294
0.148231514964331 0.367837359336985 0.158993855198517 0.281646555443337 0.0432907150568294
0.160395479984014 0.310559209325982 0.104275114593354 0.338149540173093 0.0866206559235561
0.255935844165489 0.0568717723551781 0.184404563296348 0.224802917999115 0.27798490218387
0.164770804776364 0.25369509574493 0.407855220251403 0.103054514623291 0.0706243646040118
0.206980464905947 0.229630771717189 0.0998055389894311 0.212980963357398 0.250602261030034
0.221073773926251 0.216124503781557 0.00691637239993302 0.344044966481775 0.211840383410484
0.105351178219707 0.094905319674123 0.273038715926093 0.101504066643795 0.425200719536281
0.35035522952277 0.0861104048792171 0.141190838451474 0.249970584063539 0.172372943083001
0.286660541398893 0.0564752825317085 0.249825543782748 0.247389885927337 0.159648746359314
0.211224353387718 0.316734061873663 0.215871397372409 0.15355051776457 0.10261966960164
0.272163576971993 0.295831725180847 0.262719951821117 0.140243332320986 0.0290414137050574
0.136084826506488 0.256196365919663 0.0910082429058396 0.244822068213542 0.271888496454468
0.110518368996046 0.212416891815973 0.216161447694091 0.187427302489404 0.273475989004487
0.21768284015131 0.20235737863843 0.220263774927447 0.165353965161947 0.194342041120865
0.296576535073459 0.23851944223869 0.0760851305308814 0.354081502819112 0.0347373893378574
0.274623618005154 0.115333311199648 0.146415102668498 0.295980838896673 0.167647129230027
0.332996546540307 0.316491751396863 0.0679428151976637 0.204835516288652 0.0777333705765143
0.26729446422664 0.196253809939201 0.0444345728351018 0.228541751186782 0.263475401812275
0.132105641560897 0.295008892188298 0.391340132719469 0.113926026335455 0.0676193071958802
0.235895197582793 0.312187765398338 0.0133896490611641 0.198451113333992 0.240076274623713
0.399043218561179 0.0540641680524774 0.224067056630266 0.039910100035617 0.282915456720461
0.323237308949108 0.237566681503544 0.247273498920449 0.00492826124323234 0.186994249383667
0.225731324856098 0.0652665664840583 0.256726860275765 0.15170237569758 0.300572872686498
0.335244121767819 0.0610199058510096 0.222018709866359 0.206412301161315 0.175304961353497
0.324516214109967 0.327692994324882 0.0855219961468824 0.155426080775479 0.106842714642789
0.379328233343073 0.0724423906057895 0.360174981786945 0.174825438017675 0.0132289562465173
0.0158681937556022 0.264051693793122 0.136861335142048 0.346816004799163 0.236402772510065
0.173246618174501 0.267461321662848 0.142964840221841 0.225576276824293 0.190750943116516
0.0129820071703743 0.00908781961820627 0.357501668590043 0.350356721379887 0.270071783241489
0.179252735886059 0.0116278125697016 0.155140960992671 0.430135082656412 0.223843407895156
0.251059760110979 0.310439066231294 0.248539599552444 0.091134729371148 0.0988268447341358
0.222306987351242 0.179189615668742 0.0750476307107288 0.452440952096047 0.0710148141732399
0.221354504853403 0.0670163865435745 0.101678273289753 0.301123948017484 0.308826887295785
0.074457884031168 0.34333894073784 0.318651300961822 0.256200356051937 0.00735151821723266
0.289227881007378 0.0161679781570395 0.213354522184925 0.246058719359696 0.235190899290962
0.25745911687954 0.321776420281911 0.0918813202048876 0.114900083736656 0.213983058897005
0.288139682781408 0.220541670990822 0.114224389935435 0.22985590244724 0.147238353845096
0.230714579989663 0.0962388805098173 0.103696342204403 0.282730182887991 0.286620014408125
0.270066537594523 0.261612597964908 0.107365966817983 0.138782252362688 0.222172645259897
0.0738600011438623 0.0540210303499208 0.21347258335062 0.251868621873765 0.406777763281832
0.115049235837672 0.0689188907636972 0.134872799752209 0.272856919081657 0.408302154564765
0.236441688879498 0.245595591982899 0.125415065813926 0.244709288261541 0.147838365062136
0.175117201009298 0.0854831897309077 0.272671097211417 0.160844184860056 0.305884327188322
0.0797443577927925 0.405363451207577 0.106718875486803 0.0921306979883851 0.316042617524442
0.181273952346867 0.193844429924067 0.261968408988652 0.159582560023317 0.203330648717096
0.276239630532956 0.0563337574068734 0.177426693589741 0.419068869472785 0.0709310489976449
0.192653285215801 0.0994539962768846 0.230078227534954 0.253717508762776 0.224096982209584
0.29862052494875 0.217591481688287 0.103977068199089 0.143858752041248 0.235952173122626
0.349235480506643 0.194835448539672 0.389546833434174 0.0258759926058416 0.0405062449136706
0.151480679894507 0.0603335281584709 0.0197807084281712 0.423126597445331 0.34527848607352
0.120869271750751 0.368705627334653 0.250272804150736 0.174517132693714 0.0856351640701459
0.319291337579013 0.255943999747268 0.00799741041860952 0.285115914542002 0.131651337713108
0.125857682960609 0.30704792303017 0.168709315880601 0.31850856679616 0.0798765113324606
0.306869509927776 0.291837495742261 0.0015751056122535 0.199573501733976 0.200144386983734
0.0961141890012103 0.248526534633678 0.24139432706036 0.055661759213537 0.358303190091215
0.211557495704736 0.327521602539641 0.260987395917251 0.0392184712171262 0.160715034621245
0.178055077595677 0.0263828341894011 0.455753116759935 0.193429289924049 0.146379681530938
0.0765678071791961 0.304824235988502 0.105055532962816 0.266298127170109 0.247254296699377
0.216740410531182 0.0865579960851188 0.174206369217561 0.21401203941738 0.308483184748759
0.174168800604456 0.32393551172764 0.454096273475809 0.0363565601010545 0.0114428540910412
0.309348084336493 0.341378288591126 0.0330412785343774 0.111450081975922 0.204782266562082
0.122503958560561 0.152143707925592 0.523014196248725 0.00268505710944933 0.199653080155673
0.156971486602004 0.100918106190996 0.364393822841001 0.189686734287169 0.18802985007883
0.178032580993223 0.107569862960008 0.208465268389455 0.331422178258214 0.1745101093991
0.178767123572202 0.366532687634501 0.296789398432613 0.0256702787040937 0.13224051165659
0.0215760455660528 0.348365979460411 0.270798526997488 0.111374699504373 0.247884748471676
0.031509692989843 0.0590924381997123 0.516473737471202 0.0761838230984578 0.316740308240785
0.0771523486226689 0.273182596963319 0.104256148280742 0.249892916942809 0.295515989190462
0.0884336382811656 0.173765255160179 0.181335923454577 0.282516981214696 0.273948201889382
0.206154932368665 0.220469968040825 0.147947475166207 0.134088253952256 0.291339370472047
0.185781763002285 0.0636973754139775 0.0384829251612453 0.359135274760231 0.352902661662261
0.131469542251686 0.289664270119302 0.0376957051513728 0.38408809393663 0.157082388541009
0.169619699150158 0.246611568424586 0.248358202427363 0.0723923772575199 0.263018152740373
0.12200797481664 0.401211919548979 0.131919148419733 0.00642734143308604 0.338433615781563
0.349640667639582 0.0025243923109115 0.180233119287999 0.372604729476236 0.0949970912852719
0.124029739154272 0.386672198557422 0.294772335625126 0.0408747327044118 0.153650993958768
0.0695220696993439 0.294341702384029 0.267739525433716 0.316763646550535 0.0516330559323765
0.2276388533999 0.0432190422719359 0.0867173104502829 0.352139715909675 0.290285077968207
0.526486906867349 0.378439143566619 0.0264458571570117 0.0124898188181058 0.0561382735909148
0.30619064751935 0.293494580895665 0.051303029021515 0.125525048673843 0.223486693889627
0.283118958133922 0.0572886740391961 0.354192092129284 0.303370972957795 0.00202930273980282
0.225204599886654 0.15101312737769 0.100865064616559 0.346795945325487 0.17612126279361
0.1911358579831 0.35294914827462 0.0139232176102475 0.299620100768977 0.142371675363056
0.271862866803397 0.205757768860074 0.206184970768834 0.164793261466983 0.151401132100712
0.260285652766403 0.164581442553644 0.207397301180861 0.140029743821197 0.227705859677895
0.0628097003227592 0.0374721809814185 0.226161850911933 0.361185481970482 0.312370785813407
0.0890658556870729 0.344611321267549 0.46662980570932 0.00415366700669674 0.095539350329361
0.0500134832653003 0.250384424941701 0.279367530017129 0.120457748935647 0.299776812840223
0.00516970948070604 0.233639237644237 0.25923471326889 0.304206704934275 0.197749634671892
0.185352011613473 0.233869913773943 0.186764355236369 0.137835973824198 0.256177745552016
0.341928321037699 0.252539764700054 0.0259787461127218 0.0838099618850304 0.295743206264495
