0.136013731474815 0.1268425195908 0.114237708295272 0.0990497510797042 0.0947812357959981 0.0113389273266918 0.0432552409637575 0.131866501678733 0.110426034073563 0.132188349720665
0.135727505132542 0.113574635203315 0.077101632027063 0.0391711469576611 0.0477448678744518 0.115445785688178 0.16650086186173 0.164388758961705 0.0755117128302705 0.0648330934630841
0.0406931143923306 0.181135887629028 0.0218931113090908 0.134106426888477 0.0417078673205588 0.14167016752084 0.0588640568273139 0.0207771357533015 0.18282146386571 0.176330768493349
0.0786983308526668 0.0728916792662606 0.0752666779448548 0.197900892382747 0.191974585752084 0.0914979425279234 0.0398528345933848 0.0347603709111911 0.163446746506452 0.0537099392624348
0.022841297735578 0.143412930864974 0.025137908106219 0.0297316901101902 0.160090645761068 0.0842198917414418 0.150900008560329 0.150444427330737 0.148718245126417 0.0845029546630459
0.0487508845348714 0.0942181848265606 0.0255697804965726 0.167377871077496 0.0542722923710206 0.114084124497725 0.0731741424075568 0.213484043627229 0.146359912045859 0.0627087641151087
0.165648640687717 0.0547353730841931 0.0980549716475901 0.0227617163981754 0.142146572141511 0.0901609554372214 0.178216302288471 0.106098489477724 0.127875072323032 0.0143019065143644
0.0729189758669296 0.144394823387576 0.157144739315734 0.0409012230948406 0.0786221804664352 0.031135628252905 0.0628901700389735 0.124033700307047 0.117935219606225 0.170023339663334
0.110079453326649 0.192544350606331 0.112235487629609 0.189208178612933 0.00637702068222682 0.056550232800115 0.00310488997845337 0.135196602167964 0.145927181215735 0.0487766029799831
0.133180626523683 0.000993804702702711 0.0647254665699358 0.10280264784072 0.0355565395648553 0.17482615700052 0.160457807752202 0.10718383527285 0.183041569750442 0.0372315450220888
0.0972913778050168 0.138448044609237 0.160075872831821 0.0457943760370877 0.122358243870619 0.1588552461077 0.0641565974018781 0.0774043484206168 0.0288844472897565 0.106731445626266
0.0854188490317436 0.201701244606062 0.0528175292065776 0.0256046737750909 0.0525262312617232 0.129538109619165 0.131627766095273 0.0182996929950419 0.152141323679736 0.150324579729586
0.0821634638181985 0.154993069466565 0.0208579597435318 0.138210751481835 0.112090825182248 0.0590335717553737 0.116895950209707 0.129762304440871 0.00217225967502752 0.183819844226642
0.0899608236847073 0.259771273486501 0.19787971576373 0.0308229888246769 0.0026536173107658 0.0797771448071321 0.0233373825756103 0.0357518540797241 0.126706938808955 0.153338260658197
0.0205856316937715 0.174952082430108 0.15220266992679 0.00284843924068335 0.053172932922531 0.129479181358865 0.0430659641210645 0.0992079523866428 0.157630233774936 0.166854912144608
0.120543489634619 0.0857935325083878 0.0569854147349202 0.137148247133884 0.0886211587077056 0.0742700281826407 0.0619077685288788 0.14094466217678 0.109772447879674 0.12401325051251
0.162131672391066 0.115503501388288 0.0512540318657098 0.113637631945936 0.0890956169747409 0.101786412349211 0.149897069550198 0.116090273668029 0.0275312363499055 0.0730725535169157
0.128082739508205 0.0340666485933562 0.140906255043063 0.0449141622633083 0.0135520485967088 0.125677938589246 0.175437416467821 0.0888943351672234 0.0871090783428636 0.161359377428204
0.146518780936049 0.198304011200113 0.077285557311783 0.029212876018535 0.0817212999705434 0.1245826622344 0.0412485651122069 0.177906268342342 0.102230622660727 0.0209893562133002
0.182749486166334 0.0421147616009071 0.173191393729784 0.0611354121142201 0.0309475696818007 0.0666315585224477 0.149256487699938 0.0845675218081652 0.164907065683452 0.0444987429929508
0.218374406899037 0.110923358866574 0.253742686573079 0.0446738414014753 0.193440984915198 0.0234080882704653 0.0214897787528846 0.0208888414552622 0.0992155243940375 0.0138424884719862
0.00395995726169887 0.225345196164522 0.109732929982199 0.0958288270034344 0.167457321929293 0.113418710439988 0.0781458689645627 0.174710697530743 0.0281576010386569 0.00324288968490151
0.0727722228313629 0.0154003568412864 0.17114763009242 0.158686131122059 0.0612308691633011 0.164175820692171 0.0691727901814828 0.028971462735744 0.148790251186308 0.109652465153865
0.0544777392319699 0.0176000024648812 0.0855153017838807 0.159471526900025 0.0679187567826164 0.182695240216889 0.0555581877785513 0.100052726657233 0.0859143835260845 0.190796134657868
0.0846454497501778 0.116901407062801 0.13464476366632 0.15224055040707 0.0351356727814125 0.0595268718530145 0.148243152625365 0.160537209289358 0.074694690781357 0.0334302317831249
0.125812009272032 0.0441498203579075 0.0704828376312328 0.124663163927375 0.12197362996798 0.0423875864585582 0.189461316530175 0.061912338966136 0.20090981835657 0.0182474785320326
0.136742621195823 0.167865342123284 0.0868699995588532 0.0745162738099374 0.0815841047926548 0.00263058603291828 0.0536283882739817 0.0517008032079506 0.232092043390029 0.112369837614568
0.200848122270724 0.14661392810912 0.069275699273362 0.117442642939168 0.026061516767981 0.00863508705409684 0.0184440028789079 0.0279411622803433 0.160189085196483 0.224548753229813
0.17872380519845 0.183247882449599 0.00444360273695137 0.152907288272251 0.00135905768616303 0.121278704437644 0.0638070523545308 0.17889625235539 0.0514606928890579 0.0638756616199627
0.137805846585529 0.0484889389778408 0.102042915122356 0.131247269033155 0.049370620677559 0.145778830514009 0.0501619802084513 0.147567665822901 0.14208654724019 0.0454493858180099
0.116744316441281 0.118002051180349 0.160547334514691 0.103780243895798 0.00470098925831279 0.0799466142390742 0.149277960170099 0.109214560262582 0.0597469762299386 0.0980389538078742
0.161365646103698 0.161490062692917 0.0365302491350209 0.128754346096161 0.066937698670131 0.150585233060132 0.0782603076981801 0.0649054568977817 0.030254794743906 0.120916204902072
0.143895259859132 0.162109602200345 0.191897954481029 0.070691283186728 0.0464020313654401 0.136086866807914 0.101728365663144 0.0426205398592846 0.018059777485941 0.0865083190910423
0.0362014600453542 0.149526370339862 0.0194643867242496 0.0496025278265911 0.246932677858458 0.00809661456803966 0.134786814497726 0.041616621462868 0.111576810526674 0.202195716150178
0.129512309649168 0.0865171700001606 0.0205139342265842 0.153205193045597 0.0112522973467179 0.12238150130336 0.127908193471174 0.0880484733555479 0.104667316057685 0.155993611544004
0.165849897431463 0.0134763876455876 0.00656022035603509 0.0679110428250961 0.150415335323415 0.138729184714905 0.166487149247668 0.0936487568309703 0.0998878651647774 0.097034160460083
0.10594481607985 0.178827542386043 0.0338621507145903 0.114451660331289 0.136563354060417 0.187375375728024 0.13393891192039 0.0831119557980731 0.0103055185265471 0.0156187144547758
0.038976537468397 0.204603551381128 0.132728337574519 0.0153312853936125 0.0910763738367446 0.170572053823097 0.000176763062131906 0.0753702695219182 0.17910426380994 0.0920605641285111
0.105292584160247 0.0384917304238185 0.016156012028368 0.137593534135787 0.0641225266131674 0.161052133740499 0.165803607680509 0.136196524622952 0.0647061226178164 0.110585223976836
0.0736917104366038 0.156410680718758 0.092691978255472 0.164408394446549 0.0863542535128259 0.0365656252906477 0.00534780240369032 0.146985614303009 0.0507566020284694 0.186787338603975
0.0768693232994753 0.172353340639576 0.163628797605081 0.0135728020614667 0.0815537894366177 0.0899910994208656 0.0862482676376183 0.0675583840959833 0.210710200596095 0.0375139952072209
0.0979981581952055 0.0344796739010751 0.150087509064098 0.142415245769349 0.0788312989854158 0.0706899699796374 0.124859154026107 0.0657274371157048 0.123167922088041 0.111743630875367
0.039753025524663 0.0342396139646872 0.195795672226339 0.138442628111015 0.0812258739223967 0.045145023272914 0.157648772112784 0.0243757726197251 0.173449512622466 0.10992410562301
0.190432110021485 0.0835084611613164 0.190532956917167 0.017699712489141 0.0368074240681187 0.145538128287196 0.122950737382396 0.104856335762605 0.0475604767898349 0.0601136571207407
0.112514448495798 0.0126911541645301 0.0195842147540263 0.101139989281715 0.188284718314993 0.142664782335971 0.192635508276056 0.010493213882751 0.108923365043008 0.111068605451151
0.100494572963604 0.0545085243636916 0.0683196756972448 0.0718115686183542 0.125175786198059 0.0429889702075466 0.165202196223825 0.0606714673135348 0.146693405649973 0.164133832764167
0.206805466180768 0.223041601680317 0.0420418951996086 0.0396445394693643 0.0461751096247019 0.062348602989115 0.155080362106835 0.0322671786336183 0.00717401590592673 0.185421228209746
0.10781187628505 0.141193497456392 0.112141935862495 0.0468023553388322 0.0902766199392481 0.100785776851256 0.150053517961526 0.101274799986588 0.0829201788605735 0.0667394414580382
0.132965676760461 0.0496010520333702 0.176308379449799 0.0465426517573638 0.166791598337396 0.000146361113094696 0.0692342041695443 0.0870352090042746 0.17773164214439 0.0936432252303059
0.069851271588732 0.198439003207021 0.143296594856298 0.0369050497545607 0.0189498105250594 0.177261150117842 0.00995001749928148 0.0785731032416273 0.0539721800892148 0.212801819120364
0.18083705521744 0.116792154185354 0.0739469195231281 0.0954061727078706 0.0210354262876065 0.0307040268235332 0.0709241417253521 0.224704945635251 0.0448758279711726 0.140773329923292
0.0687004891029818 0.113468810136947 0.125377337177613 0.0911093706940771 0.102776228915444 0.0281565658583789 0.13538637974384 0.139477231786788 0.0627967830016796 0.13275080358225
0.101495901325464 0.128164138110405 0.00789425432385943 0.0806816396528194 0.184911312971721 0.198599783948715 0.0367735731496127 0.00927194331147096 0.181186301832003 0.0710211513739292
0.0374275673187295 0.21983402252426 0.127120701208881 0.103597060260063 0.055283563663865 0.0934752394165712 0.0324744582446999 0.145706714838245 0.123015345599129 0.062065326925556
0.0880788431568161 0.0611814728461592 0.0831043079819454 0.114171216731649 0.110112255374863 0.116210636992811 0.132472409399692 0.117212952996171 0.0801135702321428 0.0973423342877501
0.0862021189124609 0.173459268224372 0.015723568772216 0.0158974485390308 0.0234945080059037 0.173795167481493 0.138213316537965 0.268551153191713 0.096868960123584 0.00779449021126056
0.156966271962578 0.108674623800514 0.142089424314972 0.0882017442408009 0.0175003564879058 0.0276469240792092 0.00336161096653274 0.179663832511522 0.177631287156711 0.0982639244792538
0.134857557223595 0.0490054833175606 0.0669889386403756 0.0698315520444559 0.0906429280936541 0.0951445142105093 0.0596041085847053 0.127228667756792 0.143595949251216 0.163100300877136
0.12683621948774 0.0328206168523568 0.148821474689029 0.13246810459613 0.210910823957058 0.0125653732310773 0.0369416418740332 0.0483945382306554 0.0720181218693372 0.178223085212582
0.0263201492223748 0.122034098710005 0.0728092733708853 0.142772769193011 0.162440594127366 0.0736713959171852 0.0483285082882302 0.135669911813412 0.126709294609703 0.0892440047478287
0.12842942181158 0.0388524013572723 0.0942218116206472 0.0685591943760965 0.154350900374449 0.137337640624096 0.0765579319294277 0.0622598309005829 0.169196401860364 0.0702344651454834
0.0750480030635404 0.195030034956437 0.16478919787418 0.0260749196455341 0.000798220232064227 0.124027719195177 0.0859580175678753 0.109675349362748 0.156899948809009 0.061698589293433
0.112292810063352 0.108820809783837 0.122905206802174 0.121751376282747 0.0801312275639858 0.0977184172733775 0.118222948051552 0.0954247610519467 0.0578770740147248 0.0848553691123032
0.140306575479814 0.133213910589989 0.0886187140086725 0.136636895408536 0.00918801697429304 0.0544337639464193 0.138996300231616 0.0740150856864906 0.0909171829679689 0.133673554706201
0.213738209162391 0.081241338692087 0.165372475366398 0.150814521110273 0.0199220295722368 0.00122398724061166 0.186901274975468 0.034469313970788 0.111737446536508 0.0345794033732385
0.179880665993444 0.254341303864563 0.0773607027127061 0.0389330720348354 0.203049270259214 0.0108413780678302 0.0455326365605168 0.0647083836043169 0.106049486027821 0.0193031008747538
0.0133198567224827 0.100789793003575 0.243064419377573 0.223166014601462 0.136292534225641 0.052449822664865 0.00384303763326653 0.0412953747277006 0.0060083920754388 0.179770754967995
0.147943018114665 0.0606548002729035 0.14687463532491 0.164823409006427 0.0744334897039262 0.0938484332030928 0.0684645926663307 0.0293415187554318 0.141887156028055 0.0717289469242571
0.0275569285214298 0.194591904997001 0.201453448936095 0.0292019760056127 0.0774398189539288 0.201772035110008 0.0556714595933744 0.0457909536414893 0.0330686215000555 0.133452852741006
0.0214383940860877 0.0966944441582895 0.117968414760406 0.0502500379168929 0.15448462289999 0.119462761702179 0.0376922482751855 0.17473546820817 0.0543748632461721 0.172898744746627
0.0184611951467954 0.197392966927083 0.162295384762767 0.0650308080748485 0.179111992076109 0.171450922104583 0.0696107251999994 0.0355160095197374 0.0928973555142279 0.00823264067384921
0.0655023228885605 0.0875175492204327 0.0861639452173143 0.00431492274154234 0.110411763098567 0.157206785932774 0.0441570918822924 0.140960853435651 0.126364254922054 0.177400510660811
0.0328717407370827 0.16732757981295 0.00861181065318831 0.130566183448804 0.0867253168006645 0.17920550772379 0.0230662070937114 0.0490715572623566 0.169136616837637 0.153417479629815
0.0268057471866402 0.16030946440253 0.225265872075208 0.139312926641893 0.0700637233303659 0.0191946527231713 0.0612309229605994 0.219649229606551 0.0137220537587911 0.0644454073142492
0.177009233862765 0.0813276309063635 0.100079948841884 0.122608253116716 0.0416120232341928 0.0712345658732944 0.0695659792427861 0.10893848131699 0.131847217892156 0.095776665712853
0.0296473748848931 0.127403716091199 0.16051248591244 0.0723446052545367 0.0887394750884192 0.194519999241227 0.191903054381282 0.00296324215649579 0.0561282235720419 0.0758378234174653
0.0194567171101393 0.0852174062111384 0.194648952091784 0.0361487427970327 0.0116420272130028 0.213470166236926 0.221726016823586 0.145865647460887 0.0661690707247231 0.00565525333077963
0.116667936763772 0.118557044709318 0.130733259741225 0.0144383235429098 0.00169755724636417 0.218336781606095 0.161364587652539 0.0120360178617506 0.125625538860325 0.100542952015702
0.174657122175722 0.0297544997129357 0.124645932756652 0.0839489718276017 0.130163797798792 0.145589502395419 0.124591369980591 0.0579027718895966 0.0378053062425529 0.0909407252201375
0.181548183831763 0.185905450630098 0.0683216232880489 0.182768068299076 0.0802201123829425 0.0787882480890097 0.0434414912717114 0.151888450182187 0.00176868004167693 0.0253496919834861
0.0611179301688431 0.158530521681203 0.0729817656173312 0.153449006531633 0.0390609618697208 0.123921489275009 0.135954594407558 0.126327508698997 0.00960117440719038 0.119055047342514
0.0990727459994039 0.10256703749877 0.127447579094341 0.120783436449756 0.0901271362113028 0.142834061993161 0.144192954545521 0.0328451646794472 0.127690989377482 0.0124388941508153
0.104934802325349 0.0135920436392998 0.153017403243256 0.152561520946841 0.0887860014547961 0.10920850800065 0.10997910309301 0.15315433821099 0.102889083269517 0.0118771958162919
0.102817419468876 0.0370142319053719 0.0510409608991265 0.00410350517405751 0.143173826798383 0.0211279960951311 0.206803189218882 0.166228918264954 0.0891307658432587 0.178559186331959
0.00691910429635038 0.0931237280948409 0.1103736497197 0.149023977872164 0.105288945534112 0.180420753406977 0.0716354491070795 0.0501096396512254 0.212408779819178 0.0206959724983724
0.109025273030169 0.100780824103728 0.154578148386283 0.140850281503064 0.154598045251689 0.0494494378964801 0.0151399367704004 0.119288161203027 0.121835364193309 0.0344545276618517
0.0617619187775 0.163849738565424 0.0587347963677042 0.0520194171704004 0.169313309684449 0.124828765620292 0.125227856151096 0.0473029962317581 0.101127634300726 0.095833567130649
0.0547742813337504 0.0772768499564078 0.11620215731516 0.0960918985784696 0.071552057717169 0.118228262987107 0.133285269382223 0.0789695249074025 0.130358668111357 0.123261029710954
0.142760175444266 0.0813620298293386 0.0210313901192979 0.13712996330217 0.108554579815552 0.12142855573002 0.11396655523658 0.123756631154482 0.0832770566718385 0.0667330626964545
0.0456126570383709 0.132642510920411 0.0969013937536023 0.124691383587297 0.0574043144747893 0.0578023655910453 0.113441076839402 0.123787580860575 0.119234498172019 0.128482218762487
0.00390717622436898 0.0563432455003827 0.0816288533381392 0.160467120671942 0.103650727994163 0.0936185125621887 0.0567810771929306 0.100613980603443 0.208282395615606 0.134706910296835
0.011740676341826 0.139977313316113 0.194237505396103 0.0376997427447768 0.134719823580432 0.157848901471608 0.0911857278621822 0.0287497126550588 0.105748465600025 0.0980921310318746
0.140036668133767 0.112459494531305 0.0256957799867581 0.131364303956434 0.00525317080363918 0.123504756530089 0.149701801917803 0.0914350200283194 0.150842333138725 0.0697066709731613
0.0538815071952925 0.218874521959746 0.171598072187774 0.0548590803056136 0.0483062730153291 0.0583820656281007 0.138788457330609 0.00784042937286657 0.209254124823985 0.038215468180684
0.0337901247517795 0.165108674337498 0.145146564647204 0.204076210703416 0.0630803618072776 0.112510771700396 0.0307429894362572 0.158612702088047 0.0742912978248906 0.0126403027032325
0.0539225508229263 0.12906472598874 0.150254370758187 0.151851339793453 0.129759492961612 0.0576156696547962 0.125648235514031 0.0551891434544489 0.102040248771912 0.0446542222798936
0.0205559271258591 0.0289997418738612 0.0763969634853017 0.227628477181621 0.175905980825228 0.000415447638442646 0.16831360844108 0.0414391666714866 0.0972450773512323 0.163099609405887
0.0925785675047639 0.0927542684223591 0.153547091046959 0.0567711772346706 0.0302709421888539 0.158416739747092 0.00317392036842328 0.161232346825522 0.15701111544561 0.0942438312157461
0.152900483002185 0.119819973249208 0.0941526388516424 0.0453167607834664 0.146557837464039 0.0729918649410162 0.0488588803894675 0.126236700636748 0.131446792760446 0.0617180679217812
0.151129043675252 0.00929412798037658 0.0976067252507499 0.145352778481645 0.163391048071443 0.126426909582439 0.0464873828697965 0.079521234260127 0.134366833944839 0.0464239158833322
0.0233312810367886 0.134487156651152 0.100055439476832 0.013536570615801 0.156134834289266 0.134320298673586 0.101689344953141 0.0674782678479454 0.159383020732396 0.109583785723091
0.130194047213936 0.120002691705092 0.0348875309616677 0.0681766005776164 0.16848528472869 0.113388278651629 0.0792104856679034 0.0728009804051915 0.143813247602083 0.0690408524861916
0.037405336348818 0.18332524024707 0.0501626336035958 0.182994228039966 0.179311602589322 0.176326426640551 0.0828854106626339 0.0349192270570695 0.0678227394431027 0.00484715536787071
0.00637957554680689 0.0835581266881556 0.0502081750988028 0.0743075189335341 0.133966093257581 0.150992364858817 0.191937927783158 0.142371719387752 0.0392890370994799 0.126989461345913
0.150762036150168 0.182455214773092 0.0920839584408923 0.038618952494403 0.134841060420217 0.175933559883291 0.0159911649064764 0.0900225328953967 0.118326628587338 0.000964891448725511
0.181563342674218 0.0358622456784847 0.226090604325829 0.111678233741304 0.11401993731799 0.0383079666570269 0.158082170617094 0.00148084910923984 0.0401009844920768 0.0928136653867373
0.00747666155560929 0.0842534646436755 0.12719065110619 0.0722790414919508 0.113448035824002 0.151802574870255 0.135508950600124 0.0240024269634341 0.160028870581033 0.124009322363725
0.0629343640848482 0.0512923141056314 0.0288017494682025 0.0411965121872064 0.060903577860571 0.211068475472751 0.205903740985562 0.206340682601534 0.0220747853848154 0.109483797848878
0.0463758480445536 0.0964246739631458 0.195228115274242 0.0784677232763984 0.201947354106968 0.0604402068369769 0.03686821751449 0.0283689149946329 0.165386171440529 0.0904927745480632
0.0112745043421822 0.267610893121245 0.0148920880947185 0.119180907274912 0.0609419959477352 0.0116198290053467 0.253224369972666 0.156149370319296 0.0656430629510836 0.0394629789708152
0.0592266659303066 0.0935326784499591 0.0513108949491055 0.111886281678428 0.0756018740772601 0.0152543703132332 0.157441401636825 0.170644141951776 0.220465546767411 0.0446361442456959
0.0454559633532096 0.0246021269412073 0.13798153587152 0.0751125462078592 0.0911778077253231 0.06828275118466 0.135354752055755 0.166542672453112 0.243689046497772 0.0118007977095822
0.0703396868529835 0.115521868080566 0.129019139002082 0.163722590705433 0.0386896456848375 0.0376687636266397 0.0735322506011091 0.0950311403909101 0.122914050807958 0.153560864247481
0.0401162019783794 0.141906249313408 0.162270755059241 0.00077102376069642 0.180604450605976 0.148720689397744 0.00287476730427409 0.108803178062745 0.118173527334641 0.0957591571828948
0.137376644599043 0.119319969099551 0.0329453771985041 0.12717038440799 0.136268284728421 0.0741109735107845 0.0585268570283483 0.156917219544631 0.13441049871478 0.0229537911679469
0.0255423820456063 0.196222300380534 0.0582308894623342 0.186846982662947 0.0639892826345995 0.0881558642443599 0.190040001710158 0.00337096976681567 0.107248705424149 0.0803526216684954
0.167174926054181 0.139279450233548 0.0102303439768228 0.0084626981653221 0.071103625955641 0.108712054695372 0.135850678997959 0.00408110168860927 0.125920856505839 0.229184263726706
0.0452415394702283 0.192788346281093 0.137541547014088 0.177197086727417 0.0115782357971554 0.073580744194702 0.0934432943401379 0.0379833490429943 0.126249968217846 0.104395888914338
0.0793736388076159 0.162252333716025 0.00458907342808992 0.210278227839785 0.206908789546456 0.00244355406190172 0.213529027699222 0.0351597900404862 0.0296875861075592 0.0557779787528587
0.0171139665628366 0.163962570092169 0.138044569276947 0.0730979558476842 0.0701576561488331 0.104525103726533 0.152194024030495 0.0447442677636344 0.115184256772604 0.120975629778263
0.100155764484368 0.177422585208699 0.0372554352852437 0.00919213063554486 0.0115912037573299 0.209455030140798 0.194391518728825 0.0480268220277626 0.0573872978772467 0.155122211854183
0.0400716549021116 0.0202253409158981 0.184448048584615 0.170959271940132 0.199798259491092 0.0875071473341146 0.0965960322577337 0.122175161274518 0.0220497163766564 0.0561693669231289
0.0753401500961612 0.0207784636746919 0.206676330257356 0.14076144291814 0.160383388370549 0.205700917200313 0.00476558470544691 0.0215869718552131 0.0413903648569944 0.122616386065134
0.170907069490116 0.058209935733295 0.107476002789987 0.19383357305174 0.139816647029051 0.0783094887992728 0.00689746033462943 0.0590500303178106 0.0910771776485515 0.0944226148055467
0.163279308000198 0.116942289005449 0.175121834290638 0.000461585141472217 0.0647273911310218 0.0415628109590253 0.171613531927904 0.069988510089279 0.105128921655874 0.0911738177991383
0.00289563011348469 0.0754869307236849 0.057290888341347 0.218249671412713 0.164429720617048 0.00692582681437394 0.189027282440838 0.0636516781061552 0.109746865943385 0.11229550548697
0.120582700424329 0.0891621294637565 0.108390515631788 0.0380306485708706 0.0946272894992609 0.101782456037565 0.109012296873772 0.154568567704446 0.15859374624863 0.0252496495455813
0.0628549691766157 0.0383137985388273 0.0487761739645906 0.092342123091219 0.241744714005143 0.000801121348526752 0.209243185266287 0.135864549253579 0.0487093769737349 0.121349988381476
0.0824528044438113 0.0558788116162769 0.0315034833166871 0.115174531497684 0.149637450372285 0.069098110926479 0.118519772558126 0.0912826368835953 0.124401464974424 0.162050933410632
0.0285714533549989 0.0719648711290437 0.188876588557644 0.171599826901583 0.0822292698282298 0.12699049454392 0.0908703338463664 0.148022705686196 0.0595704881369458 0.0313039680150722
0.123813086597086 0.139964616526799 0.136646190771904 0.0640499125848199 0.073232322182981 0.0538670727733431 0.0723323029036247 0.0849788832977255 0.165635401243796 0.085480211117921
0.0498189709362577 0.123955033289953 0.0171557198418451 0.0699099990786378 0.137461436559152 0.141025187613604 0.12366770106987 0.109303478934211 0.113502909044821 0.114199563631649
0.0928210206221794 0.13438811407463 0.0498622328438713 0.128969056598492 0.130526979700126 0.104455979325717 0.162464023924583 0.0425927668421524 0.0674997702349256 0.0864200558333238
0.0409524392670342 0.00591172653489171 0.140699646814784 0.202449349843494 0.164506259617446 0.22495572408456 0.0509852801382076 0.0611453215007874 0.00174402360125044 0.106650228597545
0.0946793969686651 0.0924721206272235 0.128362964991192 0.14697430399695 0.0606908800446071 0.0434033233085399 0.0814691082225439 0.123906900267635 0.112622430467621 0.115418571105023
0.201944080782249 0.0435811560398196 0.177477324914297 0.148375922846413 0.0195239484681473 0.0321784694689945 0.140019769043079 0.0757180390274176 0.0951932417964138 0.0659880476131686
0.117709694588938 0.0603703649667063 0.137573990510418 0.0824975034198833 0.0934170684159431 0.0846636759344405 0.149217746741356 0.0913246064690272 0.081015980210847 0.102209368742442
0.0951232899382134 0.139216180175752 0.0598708606573459 0.0364193320194543 0.165949865209633 0.116943996904307 0.0993044426300349 0.0691897723611307 0.0820932330503406 0.135889027053789
0.140703922743281 0.144996102517986 0.0447180816946862 0.085632877808522 0.0932035681333376 0.182730954207265 0.0797591687656566 0.0480480002205937 0.0405093015592011 0.13969802234947
0.156270443890916 0.0727219556224765 0.092141883146058 0.0895952927339243 0.126459301421328 0.0482054828736503 0.106931105273997 0.109594710325296 0.150256862659272 0.0478229620530818
0.124826868573492 0.0640107010380617 0.041163494249067 0.0992245070068745 0.132983552749679 0.170534880190743 0.142414008257781 0.151272352165457 0.0197129421344031 0.0538566936344418
0.174992782304043 0.0362200946454455 0.120965282221691 0.147031368471651 0.000977305655880235 0.102295709168316 0.173697067486309 0.0837458986349638 0.0894802717443332 0.0705942196673675
0.0278204528511313 0.133679663280129 0.0310937635114421 0.134340245012358 0.147900201754494 0.0491826187023278 0.0854277567097425 0.0942219597449643 0.135312330156374 0.161021008277037
0.13573984458324 0.208290322530168 0.0690168858774339 0.0603705282250332 0.231462476130808 0.040361866615783 0.017625380691229 0.0650176362977267 0.0891786789185452 0.0829363801300323
0.158040034626284 0.0214857743549617 0.151770796716526 0.136828420689979 0.0148670454028928 0.232819304273174 0.0431335973383058 0.0555256213007941 0.149112248224899 0.0364171570721842
0.00267400489837288 0.190114797634787 0.0507394148624091 0.135819163463645 0.00670039938593994 0.153499999107236 0.081348860773215 0.160838874291191 0.0890351503862143 0.129229335196988
0.0236021522381638 0.146268489824201 0.139742754560382 0.129219330434149 0.104754716801057 0.077603744502878 0.0663814385152476 0.0991821366201058 0.135120277591635 0.0781249589121811
0.123068110848063 0.00459201242180133 0.118738607755356 0.170345185064293 0.0333225161014762 0.0532769655070082 0.0493820620516507 0.225098860505275 0.200134687358124 0.0220409923869527
0.132082183231719 0.104187183743036 0.0757656824228592 0.00352902077591538 0.148383727942831 0.103248701839955 0.113362884962749 0.076424359329314 0.111846703059274 0.131169552692347
0.0958570557861325 0.0684077189569222 0.163266242733141 0.184795034388183 0.0403747384865833 0.065632763425134 0.015713985642075 0.100118036663558 0.119691400357725 0.146143023560546
0.139832901626541 0.207307143983852 0.0916783677258259 0.11048370873345 0.0570201793337678 0.0217144738426363 0.0313295996796956 0.206896543524667 0.0394397091126478 0.094297372436917
0.153929914106425 0.0220330996341377 0.109898308471752 0.0390995889644435 0.136705235254863 0.0426476943938286 0.108141441712304 0.134088119778373 0.123394765234818 0.130061832449055
0.0586976515360594 0.0276651624254489 0.0906425860443113 0.0149050120560351 0.131795107272502 0.130411710234655 0.149109333189636 0.132829438729065 0.0846335126122029 0.179310485900085
0.107912533914276 0.0274892578080042 0.0345140673525145 0.0386526483662092 0.0388146760486824 0.292672866999733 0.0508628393137207 0.0945241307348398 0.0190132054999644 0.295543773962056
0.0778876097412226 0.0704213752372865 0.0148614402579071 0.153077412302385 0.0608371560765946 0.15255388441686 0.108785373467183 0.170845579820499 0.0576542210861413 0.133075947593921
0.0110128131985238 0.122285897720299 0.0732611338940565 0.117491500094592 0.135474837087375 0.118037022238907 0.0151985119000218 0.158902875397123 0.0787395367781783 0.169595871690924
0.071827800873135 0.139423853549674 0.15905942844547 0.0155098972669129 0.100092034299049 0.0286213420622578 0.146112776138639 0.0507741560681491 0.136309750630583 0.15226896066613
0.150614615792747 0.0751556641115681 0.162363316427945 0.0399755733261126 0.0264167618104311 0.116509144588576 0.0386270742938514 0.13558825074182 0.0492493636512545 0.205500235255695
0.0194466691938968 0.122932737857939 0.138052820120992 0.173627134573281 0.110604622111491 0.0999526774240251 0.13746717831741 0.0791491987901101 0.0513204755956316 0.0674464860152229
0.0414497712841116 0.0719344396272072 0.126029453501094 0.140933990439244 0.0679046502310791 0.0863652535200944 0.0574837023059325 0.117111217858786 0.144224693722591 0.14656282750986
0.0598037878321815 0.106857251675908 0.14488223326464 0.0960986095644742 0.154505897153893 0.101056293923814 0.102314222186862 0.0980307735289043 0.104410848156907 0.0320400827124161
0.0654649154108835 0.116904881393131 0.0483732000007149 0.0786551760377826 0.0315138778368709 0.0704148212403065 0.125637128325967 0.177318205292565 0.0758627267134984 0.20985506774828
0.0480669297585621 0.153213638548269 0.0339809488983715 0.0373971549595063 0.125291659128016 0.0879306420880728 0.0266265165350986 0.194287554975383 0.0414023595060461 0.251802595602675
0.071674912984323 0.14350223365451 0.0486408353534695 0.146348847457184 0.0400567890143663 0.0480811783549364 0.151229047705518 0.10193306851768 0.126295318585389 0.122237768372624
0.0755536203272813 0.151380044316746 0.102642339954055 0.0124215975717555 0.123380415400128 0.0511897970113071 0.115221344234887 0.123423573751837 0.137207359154987 0.107579908277017
0.27694818853236 0.0444410269132423 0.0581840344481758 0.104475336803498 0.0193821899510603 0.224613486597322 0.0337875891324224 0.0640913135183178 0.101366780413141 0.0727100536904604
0.114925056924914 0.073146197810932 0.124654375295189 0.126836353436431 0.108449666051589 0.0722702251754506 0.06327706662069 0.0529904942324213 0.11655565439721 0.146894910055173
0.0344653121729281 0.14147067106429 0.161333595212329 0.134714838076639 0.0724694283322593 0.0372306027857721 0.0479107963462562 0.169372151537632 0.144535401058025 0.0564972034138692
0.0364861842200347 0.00827443849271276 0.0488929530704413 0.0487003256463117 0.116896344994345 0.127713474215324 0.0855617303004714 0.176940188686626 0.142196506580148 0.208337853793586
0.0983039569822265 0.0662450751002781 0.0589210343431778 0.00559626376613607 0.196355097182936 0.179617500926258 0.080685053630268 0.0805814051262339 0.124419576688631 0.109275036253854
0.170733069448693 0.180814495282034 0.211505505656855 0.0224997099506536 0.0830092601999545 0.0154098967778102 0.184799975548528 0.0098012902960121 0.108693895914996 0.0127329009244629
0.0728210795934767 0.105436561476963 0.125535981363132 0.140026082657023 0.0650368606976482 0.0761674242998866 0.215168691100784 0.068112495265348 0.129754236125208 0.00194058742053119
0.0744430463957464 0.0749897859328108 0.143111894498468 0.1463707751062 0.142931833888485 0.0945270176706407 0.18583766727026 0.0380011024053472 0.0644234118380812 0.03536346499396
0.016085913495109 0.0453128514540533 0.0168715534342249 0.0421828250231073 0.0714258335729139 0.141303860250868 0.199619182317273 0.138488977193915 0.147387795596776 0.18132120766176
0.163453813379323 0.117830218737928 0.0850580552332387 0.141152132255255 0.0327857823434585 0.0759426794700175 0.120159172642961 0.0930891154135605 0.0489121406615071 0.121616889862751
0.124966935436557 0.0048217397307163 0.167907819431625 0.00109777990701521 0.0623631260534771 0.0452232168463473 0.0769198016577581 0.0874966983656659 0.270034059960362 0.159168822610476
0.149338521523692 0.0912908421589848 0.121507527765463 0.122263255757512 0.112287942222605 0.140301259707444 0.0195186336291588 0.00464758822010363 0.0986616754196241 0.140182753595413
0.021174758075081 0.0950112675375093 0.128263082724956 0.112704209722248 0.16253135212448 0.180253104701222 0.088726286361448 0.163014875277217 0.00366081731418231 0.0446602461616567
0.155372805339561 0.109197018063497 0.112290113617467 0.112772462561774 0.100373863210129 0.0511224456117351 0.0862867345976451 0.119775859803864 0.0876522849016445 0.0651564122926839
0.0168172803963195 0.0911529393428345 0.0308523715210669 0.161023553970531 0.152082429816024 0.106729883677281 0.124082835492981 0.120865342978138 0.177089751257181 0.0193036115476426
0.10655469572186 0.0711540754711371 0.0943194398590341 0.154896850747547 0.119989149986962 0.0830847390923346 0.0572943919297674 0.0308130407847554 0.158970686599281 0.122922929807321
0.150614772827205 0.051959038798806 0.021330739325626 0.151037776276241 0.0210767484750493 0.00745616285653507 0.173494696226387 0.168880918407308 0.114656973125232 0.139492173681611
0.12862046285473 0.0375929808863668 0.0773314089986485 0.0387746669734439 0.152868267779067 0.1059782775356 0.143996941861023 0.106868943425603 0.0898858006357004 0.118082249049817
0.110103321920201 0.147220247848056 0.140632606529678 0.0929134130595073 0.0442783239663593 0.0601289189910317 0.100515926393552 0.135354303986082 0.0227059921857374 0.146146945119796
0.122494565891851 0.190294442604611 0.174708542620214 0.030212725278465 0.029956230828256 0.125717960397896 0.0860565380631714 0.0973355871533813 0.0822707513273842 0.0609526558347701
0.135175964947122 0.162908898665063 0.00642582801031668 0.1415945048328 0.0212637963441617 0.0344021815017626 0.0355058974474083 0.185219868398893 0.135617363436291 0.141885696416182
0.147190222942319 0.15374753633886 0.190362191542212 0.06950123812225 0.0719340538532408 0.026666611396782 0.105208167156177 0.0786914638407632 0.114255842037918 0.0424426727694779
0.167092080883969 0.0471996715552053 0.165474864943251 0.0533601820149104 0.169712769049396 0.126461472344926 0.0843495596502882 0.0335424928083167 0.0618791141836637 0.0909277925660727
0.0375233029700045 0.0541287587022174 0.0698432779959313 0.166715994345367 0.127611121193102 0.0279267266757414 0.111635067960761 0.176041664533346 0.118124590710409 0.11044949491312
0.223247143614752 0.183013119834724 0.124700303797628 0.178040928101971 0.0823434921587214 0.115573709137234 0.00652123325053476 0.0542910234300956 0.0162729806312085 0.0159960660431311
0.160444714536587 0.131798837632437 0.0896949492921475 0.138766823910611 0.0376687518695477 0.0585516150814012 0.0406438695072029 0.0270699527586733 0.156955151735609 0.158405333675782
0.0624962898194726 0.0746521194487396 0.0669540151818485 0.0664184642445669 0.128728582285438 0.169540612269951 0.0926310201101246 0.127373987022607 0.143962334828333 0.067242574788918
0.127217188518502 0.0485457595582088 0.180807111347614 0.0401046460960109 0.110322736408373 0.0330728540035447 0.0209342813521732 0.247414679814352 0.0957351940279993 0.0958455488732232
0.0861290431124599 0.0572165470244475 0.121231594301095 0.0797255346845376 0.104001275371253 0.127456501280528 0.121921372836759 0.105014497101056 0.0528182319011036 0.14448540238676
0.184915706392253 0.0785276474713624 0.0578389552385255 0.10761770856717 0.086924054678783 0.00246548028177163 0.0966876009646805 0.109073750406478 0.152327160566184 0.123621935432793
0.156046420898821 0.0683163141702658 0.0808220593526211 0.050134801272983 0.193859198312379 0.0188095409433842 0.197611380286296 0.109915452284489 0.101440876575002 0.0230439559037579
0.1443698422491 0.0357103715787337 0.0251836559272336 0.148032614851333 0.0522401678906005 0.128959155337269 0.127908457191219 0.133316415764279 0.142630669931699 0.0616486492785322
0.111812432318963 0.148241714040079 0.00410049018287051 0.159029113323073 0.0757853250253905 0.154495348304227 0.133512722902111 0.0159038330234794 0.0731236711907183 0.123995349689089
0.0517558946111153 0.0545922336810538 0.0205274766393722 0.208779705923846 0.219911569733908 0.0388719690773557 0.193328436093664 0.154571298142836 0.0435706904233013 0.0140907256735476
0.038710642628983 0.129796612790066 0.124603676526899 0.0599303394336293 0.0704882677132039 0.16323711303197 0.0915894047903467 0.0704196957204534 0.13140140030072 0.119822847063728
0.118780367740162 0.114196990603679 0.172098154702735 0.058148841804232 0.0563962400369451 0.114035293542776 0.17259886989293 0.0779397407522135 0.0486798078498218 0.0671256930745064
0.0257744389867456 0.114233544225287 0.309148525566958 0.179285464716851 0.0291773876784463 0.0749682803325876 0.0321085861934559 0.207814645337589 0.0260604635108512 0.00142866345122906
0.147191298813644 0.142230643830163 0.0314321484284355 0.0239175280527285 0.0216305204895723 0.0937272118780988 0.13259956705582 0.147617957313987 0.110998302034688 0.148654822102863
0.0874267477649529 0.174221297505457 0.181136972747144 0.0117352478424411 0.155966371052799 0.0761016379618868 0.100209158098263 0.0144316417012562 0.023943626985683 0.174827298340117
0.109219476766419 0.154973851732849 0.0450787114503477 0.0180959560820993 0.201934099027241 0.103995742463098 0.20162480463742 0.0376834020809881 0.107933773972667 0.019460181786871
0.113244808630697 0.121433592530889 0.118886564285842 0.118348867498692 0.0557477113699012 0.0678495126411782 0.0065810817586493 0.127683284601559 0.135154701591047 0.135069875091546
0.0165535067169173 0.15096361490058 0.240387055336955 0.041216022507819 0.0933860288977145 0.030897580770346 0.224562641108788 0.0167030500616097 0.157615766834416 0.0277147328648551
0.0184126769512132 0.103588311211341 0.0457901547898767 0.131151540839113 0.0133798105774577 0.0777763738212159 0.177230355777652 0.152403956621561 0.130688817730622 0.149578001679947
0.0529170851761916 0.112170185579541 0.138522815113865 0.0638930683802233 0.08591453464583 0.0741225129766218 0.052317503972688 0.165504632951231 0.11807386029578 0.136563800908029
0.118362179686132 0.0348126137904997 0.0473622237236411 0.0101421031264407 0.167147662556807 0.0193960809528275 0.167491088542645 0.121436873932392 0.162631000889221 0.151218172799395
0.160785118550575 0.0158547873868259 0.188786526936904 0.111251491557953 0.00707938635225307 0.166921628402498 0.0926277387768259 0.0169980707371794 0.0474007438590253 0.192294507439961
0.015633446003306 0.0711525824180095 0.222065965536311 0.00986950908454279 0.100914409425949 0.18368227617483 0.299787366478425 0.0591965451344988 0.0231068641126363 0.0145910356314911
0.0623317147022552 0.201019792759008 0.0112652046338363 0.0299040364792117 0.104011549598008 0.0365874030486744 0.163803198414681 0.0841503799145313 0.154824001225933 0.152102719223861
0.080625745550354 0.141407720865425 0.178202125300167 0.00220000779835381 0.130936958600919 0.169215388793883 0.00555714495443265 0.16245455646151 0.00978759154806656 0.119612760126888
0.0509412927140814 0.170937757621729 0.0962854451612341 0.157282116353842 0.0045531331711881 0.154482863997597 0.0536839864519218 0.0373001321619323 0.130474770211532 0.144058502154942
0.149237219651279 0.222369121250133 0.0766892903772863 0.0174242815275001 0.176517528608994 0.0310757279332234 0.143929676865877 0.0359054694673436 0.073406881278222 0.0734448030401425
