0.426329922305117 0.230378462670123 0.313966272315151 0.0293253427096092
0.188396125846658 0.267374105089865 0.458806528325702 0.0854232407377751
0.521689535782222 0.384522087386079 0.0435370897695104 0.0502512870621892
0.222396894128685 0.432399548940808 0.0219769955267521 0.323226561403755
0.367272273673916 0.186220938695693 0.171982293202663 0.274524494427728
0.137659636035893 0.454634325065423 0.090633494333727 0.317072544564957
0.246010853154194 0.405952086170554 0.278267941558265 0.0697691191169876
0.610549117210119 0.0669354764221073 0.175297802460016 0.147217603907757
0.19251860638359 0.364934040747977 0.0771634404783905 0.365383912390042
0.26024433943643 0.196752681034492 0.36028831168115 0.182714667847927
0.261355013413582 0.195395926625257 0.146706513987327 0.396542545973834
0.0572446959882105 0.309374352767016 0.37650552791784 0.256875423326934
0.477879522751269 0.138382213542905 0.127170889351852 0.256567374353973
0.26179790282696 0.244968655241656 0.218880560180959 0.274352881750425
0.0513868044644059 0.126596508714987 0.478948550525953 0.343068136294655
0.0238523245428778 0.312743758089982 0.296506231561976 0.366897685805165
0.00955491791168701 0.0887513927421765 0.118694604265851 0.782999085080286
0.125991507806188 0.326355109357054 0.180753817765917 0.366899565070841
0.263817386356878 0.348060576563313 0.276596675153116 0.111525361926693
0.371260299647628 0.123332989421397 0.298433487682995 0.20697322324798
0.329825072060199 0.221479174186682 0.157014605941799 0.29168114781132
0.206936228426904 0.0444125501195541 0.0102752536309102 0.738375967822632
0.489614897275003 0.148519809650666 0.291545704197846 0.0703195888764848
0.100719946620619 0.185444847406412 0.268314880058099 0.445520325914869
0.160582079346036 0.0756140692407216 0.271682890166568 0.492120961246674
0.305767434716576 0.134239208877062 0.349318851861748 0.210674504544614
0.180062656988043 0.275953452663089 0.264286585684158 0.27969730466471
0.239532855828998 0.348647012506788 0.300097969554168 0.111722162110047
0.411731141421335 0.0637077127408278 0.456796286609219 0.0677648592286183
0.373598874865488 0.166628039284247 0.192333616772287 0.267439469077977
0.0870192430921983 0.139025143326845 0.374846253599897 0.39910935998106
0.206654369432802 0.456076389953391 0.280840451895506 0.0564287887183006
0.247049370141303 0.142737247947774 0.155391348750184 0.45482203316074
0.048499854487216 0.306709406007245 0.413714566738412 0.231076172767127
0.338622912340745 0.346393722872336 0.0136783764394771 0.301304988347441
0.17292093800454 0.195523514901775 0.275288204232786 0.356267342860899
0.340619019775844 0.159096496979604 0.00821110913499947 0.492073374109553
0.368588468348329 0.234493197693691 0.379310164496864 0.0176081694611173
0.340373160423302 0.147608887516786 0.234320813480191 0.27769713857972
0.113164639273613 0.570948845266143 0.0421650896097709 0.273721425850473
0.568922262656618 0.0788330622974913 0.218168853857338 0.134075821188553
0.163747645019089 0.281233812709565 0.232401543915427 0.322616998355918
0.412890202097803 0.00819222945220467 0.28094449138355 0.297973077066442
0.264580264789983 0.0877559630184088 0.157953963085289 0.489709809106319
0.595541963539264 0.0179138989729853 0.0670877633240949 0.319456374163655
0.0911176949485908 0.196133864986301 0.153691022536574 0.559057417528533
0.0193261950290926 0.25897324913215 0.175443911073339 0.546256644765419
0.179229453827577 0.163876717336367 0.349507155831422 0.307386673004634
0.198000325852919 0.426009841320012 0.133438223019901 0.242551609807168
0.0639206068507036 0.235593719627226 0.285452121020092 0.415033552501978
0.0424454053289015 0.269857982391451 0.454314632540307 0.233381979739341
0.440524852224894 0.409645925473457 0.0138165966339243 0.136012625667725
0.10663124334865 0.171188356647826 0.396930558430967 0.325249841572557
0.172642492714026 0.392046638756246 0.176733839547286 0.258577028982442
0.229481331657531 0.11712401464311 0.324851133858991 0.328543519840369
0.0238576977754455 0.208453336669522 0.64076995854095 0.126919007014082
0.271799046667243 0.221115689479836 0.268778649634333 0.238306614218588
0.278878705179388 0.0909616240203229 0.217667128477478 0.412492542322812
0.260251358506689 0.0201583340741742 0.520531648172919 0.199058659246217
0.354837683693427 0.275744915823049 0.144472620910467 0.224944779573057
0.409592874081983 0.548857712636253 0.00683185170995282 0.0347175615718115
0.206591397678125 0.266334019683411 0.276573998441228 0.250500584197235
0.105444909118625 0.444685159496388 0.118418360492716 0.331451570892271
0.0457651132178496 0.320070341682 0.327509208971651 0.306655336128499
0.0149449255906086 0.0385908038828413 0.543814500758282 0.402649769768268
0.0302955164876344 0.510666802734991 0.0441657755958431 0.414871905181531
0.348197813780499 0.470736524283107 0.136946025001752 0.0441196369346424
0.64583655712208 0.122911592710976 0.0778096614603144 0.153442188706629
0.379991536681321 0.179413627487423 0.328186902225442 0.112407933605815
0.312710154750194 0.332599215319549 0.33631561538078 0.0183750145494764
0.247161597995137 0.135509518772218 0.294049173927474 0.323279709305172
0.165640772457247 0.330922944187503 0.108021351122714 0.395414932232536
0.250494444302599 0.368808221726833 0.353629162468703 0.0270681715018649
0.0704271205560845 0.226613826354535 0.454821929999433 0.248137123089947
0.184772348397208 0.243578471450138 0.303442372001619 0.268206808151035
0.200846953823175 0.0506538068283479 0.295714912573593 0.452784326774884
0.482946801421225 0.414973873860293 0.00810360096630348 0.0939757237521778
0.0872894206866891 0.515132725957848 0.0132163559516633 0.384361497403799
0.202693629538134 0.224355905716173 0.314157930171887 0.258792534573805
0.410991916238165 0.380575643132309 0.202767785444097 0.00566465518542925
0.110979181333573 0.294625194721786 0.259197904202992 0.335197719741649
0.204419203695391 0.285412753463411 0.454174332849252 0.0559937099919465
0.395821435085334 0.166198608861748 0.415049001558591 0.022930954494327
0.0478203766488357 0.134603770979174 0.0547933907865952 0.762782461585395
0.0502281844195171 0.492977322875285 0.190015612850501 0.266778879854697
0.260621306034906 0.22825893271056 0.177882274662986 0.333237486591548
0.142933518910412 0.352957225228349 0.451864137496099 0.0522451183651401
0.152826556432723 0.415683070586743 0.300700427252168 0.130789945728367
0.355281417343923 0.0834843764533574 0.168821592547141 0.392412613655579
0.241758484758592 0.254589812750476 0.23362616817209 0.270025534318842
0.263249336254564 0.184788009795194 0.0605495060874195 0.491413147862822
0.392207851547518 0.0288128793750362 0.13399309128109 0.444986177796356
0.219036502113392 0.0533390956798086 0.658213744825299 0.0694106573815008
0.126881309648224 0.274972662036764 0.298824332068624 0.299321696246388
0.216952013714379 0.386633766654129 0.201509045535379 0.194905174096113
0.0177073784280959 0.0913360996789179 0.65140085121202 0.239555670680966
0.151284920187801 0.0512787148260123 0.439857155069785 0.357579209916401
0.158962689213754 0.538610840779564 0.290384152195927 0.012042317810755
0.282467368246311 0.163431823212033 0.302575746009677 0.251525062531979
0.280064601910067 0.252361930761338 0.0750481506151663 0.392525316713429
0.389898769733237 0.0671977153413983 0.119681517527493 0.423221997397872
0.337853494436515 0.108522159609863 0.0237157468194161 0.529908599134205
0.218654417496535 0.338298859632639 0.302461242644489 0.140585480226337
0.830859686114184 0.0264908373220609 0.0271121984137521 0.115537278150003
0.489728811631419 0.40797751275024 0.043957627160695 0.0583360484576465
0.316820606064205 0.168465165665138 0.190949392230679 0.323764836039978
0.00258516503743582 0.118401662314434 0.868093014447244 0.0109201582008864
0.341164390698266 0.257340919584243 0.231367692523092 0.170126997194399
0.040993115645874 0.553674196152651 0.296968564650886 0.10836412355059
0.242185077016243 0.0970654838883932 0.393217460855189 0.267531978240175
0.107637628576471 0.17004222097712 0.412350736083402 0.309969414363007
0.341815814349167 0.207662607206237 0.236677669431293 0.213843909013303
0.211668659671 0.165763950787432 0.321735521694306 0.300831867847261
0.370464171710089 0.415645881671255 0.143418485061935 0.070471461556722
0.365335045995105 0.439342322736558 0.015673414281114 0.179649216987223
0.0688048063375475 0.147908672834171 0.46617135153198 0.317115169296301
0.252961650524655 0.324247449995497 0.218595129699788 0.204195769780059
0.278024993502579 0.148347259129729 0.0341053119302684 0.539522435437424
0.0833661349946104 0.315179419267646 0.163469894820619 0.437984550917125
0.409840085360587 0.268493517214974 0.276965466476507 0.0447009309479318
0.372636217497048 0.321066938706639 0.256027786947015 0.0502690568492979
0.233904095959593 0.410189209036231 0.0217458877799413 0.334160807224235
0.25892510225942 0.239530851231389 0.308744480400177 0.192799566109014
0.306979910690819 0.0839971944135533 0.275447194744599 0.333575700151029
0.228132178097974 0.214398233583275 0.424723164726072 0.132746423592678
0.294465384205728 0.132296450197552 0.238836986545146 0.334401179051574
0.313016429575543 0.298110452835352 0.154503312533475 0.23436980505563
0.0955971183870545 0.63550341438962 0.059224039878069 0.209675427345257
0.0139723259556249 0.13131094645279 0.466400128584282 0.388316599007303
0.0617949693807446 0.452264298826471 0.358239683840376 0.127701047952408
0.698023776703765 0.000572217648418112 0.13403247262583 0.167371533021987
0.366739626765999 0.16313799443303 0.37906614282633 0.0910562359746415
0.518093079955477 0.258542898771482 0.21017794585529 0.0131860754177521
0.168214410955817 0.160178901053605 0.51399824222747 0.157608445763107
0.369097240808954 0.22101812255954 0.309245391808975 0.100639244822531
0.0621334745027465 0.375891529064999 0.402515726098923 0.159459270333332
0.264268303652001 0.0960878088142508 0.282219043618879 0.35742484391487
0.0421223902347 0.433919507281254 0.244337836923974 0.279620265560072
0.14049375335402 0.308206259905644 0.263621888081631 0.287678098658704
0.121394525725728 0.068668984915258 0.513181177961613 0.296755311397401
0.439219453787445 0.237734963982221 0.00768297975122698 0.315362602479107
0.296709649546359 0.385925730145551 0.228593157504842 0.0887714628032483
0.138971313114765 0.295332298027194 0.371206290705126 0.194490098152914
0.127474250079431 0.360655936025939 0.17988006602185 0.33198974787278
0.287251455692058 0.379552638664018 0.0294338580518097 0.303762047592115
0.123491723107979 0.276905962231603 0.484302389994993 0.115299924665425
0.471395188021667 0.0962874681064504 0.185043963106565 0.247273380765317
0.158097572753575 0.550364431947265 0.288779038826448 0.00275895647271218
0.447228123582573 0.0395485951626274 0.289501883259911 0.223721397994888
0.499926775890155 0.035791971143484 0.293731554881198 0.170549698085162
0.173905944667641 0.369687199730843 0.22524296158904 0.231163894012476
0.441731679305646 0.164943920545808 0.13160814067399 0.261716259474556
0.383331162496924 0.156045539346047 0.0607738809021202 0.399849417254908
0.445221559213563 0.137976910439525 0.21105749524115 0.205744035105762
0.0438908632614241 0.264444132874869 0.376990635392396 0.314674368471311
0.00284322108127382 0.340485900054001 0.203671718411667 0.452999160453059
0.190162717152305 0.366890929694744 0.442391055848022 0.000555297304928697
0.206524996291673 0.240064911632206 0.0145931562123701 0.538816935863752
0.738975977496797 0.0725549418471044 0.0892512492462052 0.0992178314098931
0.216703216925268 0.220892832953909 0.229494809200684 0.332909140920139
0.346647433010985 0.1088575819691 0.0949825980710106 0.449512386948903
0.0314897935181656 0.307896985054633 0.195533480990518 0.465079740436683
0.318319975976197 0.370387547115037 0.18644129210207 0.124851184806696
0.387019750490787 0.299172284413095 0.0826334533776522 0.231174511718465
0.242585024917954 0.476043395416488 0.0817712620045185 0.19960031766104
0.876360055765805 0.0516518653009211 0.0467838324305204 0.0252042465027539
0.27872637424368 0.288356116780578 0.108195195633147 0.324722313342595
0.18859394047107 0.416400868215947 0.329029657604542 0.0659755337084409
0.158759443603395 0.307123941540779 0.193779820418057 0.34033679443777
0.442024990060264 0.209331809297242 0.208568804445581 0.140074396196914
0.0543450101440969 0.416787353725475 0.0945938846934883 0.43427375143694
0.31192308834844 0.0719429509686893 0.256741835741864 0.359392124941006
0.0858454898961297 0.238222788722956 0.567444879859999 0.108486841520914
0.153015943447287 0.367941303762449 0.033726387065085 0.445316365725179
0.185133430375667 0.323778814833558 0.141929967693591 0.349157787097185
0.403858671747207 0.128186276822397 0.156863844821269 0.311091206609127
0.0783720278976984 0.364635551538979 0.114396390488568 0.442596030074755
0.0704038772750454 0.509775410070078 0.36523415963298 0.0545865530218962
0.334072958083286 0.240220539002799 0.322561891029495 0.10314461188442
0.167991896160586 0.218516426833106 0.306651894888357 0.306839782117952
0.100265841665334 0.402164303869461 0.15798862283961 0.339581231625595
0.280643338387974 0.260329919282159 0.2665720511472 0.192454691182667
0.112362982941274 0.0740391752793238 0.0415100714351353 0.772087770344267
0.264813878437511 0.113531881692653 0.27032583182067 0.351328408049166
0.0116065767658163 0.111098447235865 0.429411762848335 0.447883213149983
0.269225084230918 0.430490320989049 0.227671172571113 0.0726134222089204
0.299196290102142 0.463278904273339 0.103888919934091 0.133635885690428
0.295704488272885 0.228194523655836 0.0636449328494624 0.412456055221816
0.332030856100155 0.00295376120975775 0.356773906700945 0.308241475989142
0.430882750514347 0.396547431674444 0.1606230027919 0.0119468150193094
0.461089581987424 0.116289438239133 0.397233184273116 0.0253877955003277
0.46922213617107 0.0975756387331742 0.259023431471854 0.174178793623902
0.100487729098009 0.209273633249231 0.405354259529147 0.284884378123613
0.33276831238088 0.137955800330719 0.200786381437634 0.328489505850767
0.324831445879624 0.0732496058905014 0.342912932495625 0.259006015734249
0.217834215074474 0.232151374473745 0.314570379953481 0.235444030498301
0.493686757995276 0.0308842793120648 0.155817518328658 0.319611444364001
0.275294543273552 0.295618522218027 0.12171225820134 0.307374676307081
0.286835698297593 0.302613847579057 0.149367155350495 0.261183298772854
0.0457351723797621 0.430337272684396 0.0545550202628589 0.469372534672983
0.598857270754328 0.292505343108869 0.0851080629885186 0.023529323148284
0.1886228255281 0.305523336609777 0.247413092932646 0.258440744929476
0.17165960866264 0.290432953222297 0.266654821135187 0.271252616979877
0.0989648966235039 0.418643303163351 0.0751841794006581 0.407207620812487
0.131143678648616 0.46560493308384 0.279259877913941 0.123991510353603
0.157237823306352 0.417821559498111 0.190409770684617 0.23453084651092
0.377287026055758 0.210827890989368 0.342790200685482 0.0690948822693916
0.224948992490144 0.311857301318806 0.000541659620160557 0.462652046570889
0.332111796491699 0.166420084255514 0.297446229643768 0.204021889609019
0.198880177687287 0.19476878075164 0.557516133852549 0.048834907708524
0.312105946426572 0.274996022853146 0.332943587923239 0.0799544427970431
0.148920524658771 0.129944037346948 0.127602402939204 0.593533035055077
0.0571081056885672 0.58754799067894 0.134114064316588 0.221229839315905
0.11557454914794 0.364717004565663 0.234551995187605 0.285156451098792
0.00674924756421575 0.26203428753798 0.554890957860708 0.176325507037096
0.377250237299215 0.231119584492585 0.0670309418096018 0.324599236398598
0.32512295177276 0.15135432052896 0.269656067813734 0.253866659884546
0.0281560820519335 0.292005778780575 0.378817334318567 0.301020804848925
0.23376860833859 0.126136172472728 0.32787064985638 0.312224569332301
0.795458291192532 0.0570885729907201 0.00696676277220844 0.14048637304454
0.373013964797314 0.290433864128575 0.0373973403373991 0.299154830736711
0.0107011624859642 0.222587411918866 0.367372316984355 0.399339108610815
0.124885126288112 0.249229007841747 0.441619667601364 0.184266198268776
0.131928492852436 0.355852571287798 0.463487506397888 0.0487314294618777
0.273414582216597 0.375137260286387 0.17104139521317 0.180406762283845
0.172141886978982 0.39422572102859 0.0768602397140037 0.356772152278425
0.152775688927885 0.312771088888794 0.409200731188725 0.125252490994595
0.321951591670628 0.338681306006048 0.206718672676955 0.132648429646369
0.213985239240461 0.396045973329987 0.189522337987638 0.200446449441914
0.287978559402372 0.311486847790623 0.208074024146936 0.192460568660069
0.0857669080547764 0.304723249832576 0.475041222389958 0.134468619722689
0.845911306721017 0.0188112273398902 0.0672209447475891 0.0680565211915038
0.104863834409591 0.409212967531377 0.0936065952488349 0.392316602810198
0.164535139958729 0.246793146253498 0.377671088046809 0.211000625740964
0.152530631560091 0.432678589164173 0.228778649340232 0.186012129935504
0.0695060188851139 0.420213262856015 0.359440734129402 0.150839984129469
0.382581818343528 0.285621385678232 0.127515648583021 0.204281147395219
0.491379179894554 0.202821224335586 0.262705943659663 0.0430936521101977
0.344211741259108 0.0695612247260333 0.470391400643231 0.115835633371627
0.333650670008595 0.0545652033409777 0.111118694639351 0.500665432011077
0.286757849629269 0.205390670486524 0.333719511868858 0.17413196801535
0.0312238702812293 0.395239133586664 0.371073429800524 0.202463566331583
0.340450810538492 0.320687670301914 0.115489518748859 0.223372000410734
0.290529939691271 0.193021504175234 0.3316534043581 0.184795151775395
0.043798410878268 0.526737115189086 0.0967507080643407 0.332713765868305
0.0310610958913204 0.266512782075609 0.259329129584447 0.443096992448623
0.216774540154514 0.240288464385782 0.418253335331316 0.124683660128387
0.130604341687444 0.407649035155357 0.268047636532289 0.193698986624911
0.296634052160819 0.235417677809766 0.156948825149751 0.310999444879665
0.181520160159107 0.626626384560031 0.136225938003484 0.0556275172773779
0.334136642243534 0.354366909188948 0.248899839144424 0.062596609423094
0.00436448719006719 0.339551928513571 0.332961464773348 0.323122119523014
0.146896192466613 0.123780313310578 0.427415056394114 0.301908437828695
0.520045676631546 0.14523621060637 0.307203219006005 0.0275148937560797
0.332382382730616 0.217505215745662 0.0739661041226622 0.37614629740106
0.0831352109505377 0.39043795995512 0.182789253708133 0.343637575386209
0.41783495198656 0.423022033166359 0.13822705087925 0.0209159639678307
0.445976515304716 0.0325842410032841 0.0828409695907534 0.438598274101247
0.404264696643393 0.210973978815978 0.0215159846612908 0.363245339879338
0.862795454648703 0.0217919315236601 0.103329890456563 0.012082723371074
0.170327113694723 0.0532107934740375 0.362502772583907 0.413959320247333
0.175238266696181 0.38148479358775 0.110056855485173 0.333220084230896
0.15452821278342 0.678604359544675 0.103709478185013 0.0631579494868916
0.291706407871966 0.117656914466797 0.314469209453076 0.276167468208161
0.0250927464811729 0.512898174211285 0.17431121641929 0.287697862888253
0.462557242344182 0.235132309416515 0.191718170114909 0.110592278124395
0.00878840659676496 0.355974152531753 0.353381577377702 0.28185586349378
0.372026358938651 0.386348072313014 0.20674369556683 0.0348818731815048
0.302709670397979 0.328628679515354 0.240554895987332 0.128106754099336
0.197759587718006 0.0486196397211499 0.58771663394091 0.165904138619934
0.270727661919969 0.429337443247855 0.189179281332608 0.110755613499568
0.0257826879359611 0.390915802450096 0.481901206575458 0.101400303038486
0.350021325542606 0.317416839042601 0.206552995931105 0.126008839483688
0.408314862454561 0.11953740540519 0.00962541958817829 0.46252231255207
0.0627847055930158 0.365186771841171 0.356441054268929 0.215587468296884
0.0757785618768883 0.396515373903439 0.31043165523507 0.217274408984603
0.453554446813035 0.173652722873185 0.0623279695958168 0.310464860717963
0.403367432148415 0.413614955985843 0.143618217586842 0.0393993942789002
0.205744732223677 0.334808984447112 0.12741977266778 0.332026510661431
0.0454881252779037 0.387469948980915 0.194200438502281 0.3728414872389
0.486864275682468 0.0603343340517821 0.404841558175702 0.047959832090048
0.407073819093802 0.155385296897222 0.241909278168779 0.195631605840196
0.267033577366478 0.427371368702708 0.139386933140807 0.166208120790008
0.387085247825989 0.00575466082358369 0.193093492867628 0.4140665984828
0.347252799097788 0.329488305793975 0.305975146921942 0.0172837481862948
0.3983904584536 0.000910016406464059 0.177756487414985 0.42294303772495
0.163634633319783 0.352719439781263 0.250751005924045 0.232894920974909
0.140368821072798 0.236540601569145 0.0177013555316319 0.605389221826425
0.23485992892875 0.442577615645017 0.0574884129453028 0.26507404248093
0.258238536906686 0.310306654539711 0.302081719683988 0.129373088869615
0.0079535934429088 0.271144845048608 0.409989817070972 0.310911744437512
0.321135913617015 0.196654817495277 0.161694067568987 0.320515201318721
0.342854937854529 0.172584521609386 0.308402572073194 0.176157968462891
0.0657100827868924 0.180317598056732 0.345649473948459 0.408322845207917
0.272997046749092 0.138033033224671 0.120364684242108 0.46860523578413
0.189410768585955 0.187554346870819 0.362922989044034 0.260111895499192
0.205607017124589 0.467220817519951 0.198113822938348 0.129058342417112
0.260706040909235 0.148942196548417 0.0499663019198234 0.540385460622524
0.183765307720576 0.195749614233419 0.13995685389483 0.480528224151175
0.30944233531192 0.379043897377328 0.242330839486479 0.0691829278242731
0.0575297708592136 0.277043376587496 0.331236632682729 0.334190219870561
0.262038496699053 0.323322048380923 0.310372801200682 0.104266653719343
0.36200830092617 0.330016168920006 0.0323358109322666 0.275639719221557
0.295353340268176 0.191279173534454 0.156549583859032 0.356817902338338
0.294735669635032 0.185364939893974 0.158759639462469 0.361139751008525
0.248926584036992 0.336910556308229 0.163163298104458 0.250999561550321
0.290597855219776 0.276451522446408 0.129437106281837 0.303513516051978
0.278993930049289 0.0747233244124906 0.244198564799264 0.402084180738956
0.0747662521543728 0.261089948993906 0.287280706526017 0.376863092325704
0.3193698903088 0.248618394814154 0.0751265088004704 0.356885206076575
0.270229642812414 0.219578727001596 0.164594737904838 0.345596892281153
0.231690062328395 0.501375843139558 0.206731582350456 0.060202512181591
0.440278563733415 0.130147980948007 0.329236911285828 0.10033654403275
0.334767455989067 0.227500057229183 0.13728084319026 0.30045164359149
0.219751746854436 0.298266200197986 0.143807618346269 0.33817443460131
0.309223357653796 0.247882102536353 0.405909756392977 0.0369847834168741
0.32040245411869 0.109528920039132 0.364373185994006 0.205695439848173
0.383709687173189 0.274596171477297 0.122574376929089 0.219119764420425
0.203371174036068 0.317836815707888 0.129279946508797 0.349512063747246
0.371213155449689 0.222674970013768 0.00116690701397527 0.404944967522567
0.305174246527088 0.288191281993895 0.169521765589514 0.237112705889503
0.0618421372182005 0.394447796774863 0.247610194179645 0.296099871827291
0.215629791433047 0.108007085637742 0.367874962505398 0.308488160423813
0.299145001579285 0.325824850020921 0.2123219850531 0.162708163346694
0.142370786722288 0.239879920195871 0.38507367076548 0.232675622316361
0.138683294749543 0.196691139706656 0.343780914234763 0.320844651309037
0.0926503643769086 0.120060925123863 0.392399987035521 0.394888723463708
0.26741347698777 0.318538417370691 0.243185843534147 0.170862262107391
0.266453875688124 0.139204457272361 0.310046100945445 0.28429556609407
0.205072030490757 0.213607201973951 0.352248157003984 0.229072610531308
0.33493725002322 0.116806645469781 0.192872765412581 0.355383339094417
0.409787953175221 0.528328711473287 0.00657770534449537 0.0553056300069972
0.033242972058741 0.216061037211024 0.718520107798791 0.0321758829314445
0.318087958779286 0.101949616100985 0.200043223235662 0.379919201884067
0.141755317731137 0.426960729431256 0.173035969965602 0.258247982872005
0.424520888401654 0.285592867112755 0.170000624433229 0.119885620052363
0.292191557443712 0.171417464149646 0.275815118025623 0.260575860381019
0.323610312394751 0.10617990645553 0.327214071034093 0.242995710115626
0.503242625130622 0.236273889345583 0.00599512189556347 0.254488363628232
0.0606356935638614 0.337605676624967 0.192066210233957 0.409692419577214
0.24492210427228 0.0587499847931305 0.481539888661462 0.214788022273127
0.288185255708372 0.286901994118803 0.314006463867445 0.11090628630538
0.611027211579201 0.0747370403679159 0.00735381703538378 0.306881931017499
0.126590862996455 0.230667650832395 0.279884432115081 0.362857054056069
0.083047763304094 0.357227707968761 0.252158215336875 0.30756631339027
0.0947815808579333 0.309266140512965 0.377537477029486 0.218414801599615
0.451225870890134 0.351733314015931 0.121152495545137 0.0758883195487983
0.181114581816604 0.329310634654301 0.301219452367645 0.18835533116145
0.254176061596685 0.302859625110957 0.17483512814141 0.268129185150948
0.321336895990666 0.098206458379583 0.37850836927056 0.201948276359191
0.530420095438471 0.443475273994772 0.0135618475498962 0.0125427830168611
0.333841284037896 0.0214086422324871 0.252223754020081 0.392526319709536
0.0704141288324043 0.143585353157854 0.416335987620941 0.369664530388801
0.364399842631526 0.156052807033282 0.412767859733758 0.066779490601435
0.339397376323887 0.170151551825365 0.0596101979814938 0.430840873869254
0.244780777042201 0.151001898682491 0.453926887266352 0.150290437008956
0.189368294641154 0.0690466556465404 0.476380617868631 0.265204431843675
0.513269964217027 0.0624905597567005 0.190589892096821 0.233649583929451
0.336309354827977 0.0157164782961866 0.306536160390213 0.341438006485624
0.802969600832639 0.0372595945194608 0.0453827632801615 0.114388041367739
0.440214589483464 0.297717242133637 0.106408972856402 0.155659195526497
0.239814176311991 0.318184762032405 0.221084802209879 0.220916259445725
0.304186682609892 0.433894041610414 0.0361988064625341 0.22572046931716
0.236196877251146 0.281319204215928 0.306158061231993 0.176325857300933
0.160343353878718 0.137328810330054 0.405800376147816 0.296527459643412
0.238364343268285 0.336263385811676 0.314993707990621 0.110378562929417
0.151098495759506 0.239506245264546 0.240048069013209 0.369347189962739
0.289447134163211 0.26928156813736 0.322262908632986 0.119008389066443
0.0685217426703686 0.37808408424337 0.405684043660342 0.147710129425919
0.0341721505578107 0.0050670903960024 0.469124466697096 0.491636292349091
0.17322095283807 0.452915385567362 0.178011497218737 0.195852164375831
0.238359415281223 0.206998310000183 0.116501785761395 0.4381404889572
0.306302008433197 0.0119667995070182 0.338670868682716 0.343060323377069
0.386461543745255 0.458434523493012 0.0656395109595072 0.0894644218022251
0.189509567949332 0.22318082248593 0.278524805160347 0.308784804404391
0.280311799968643 0.337038684882037 0.319302681990203 0.0633468331591167
0.211431088520031 0.206338885234824 0.123256842598962 0.458973183646183
0.116490879232527 0.357158576923726 0.168829889155248 0.3575206546885
0.149927780680766 0.304565018545124 0.34253347951123 0.20297372126288
0.287910773798505 0.108895498968059 0.378921457419582 0.224272269813854
0.406469434543434 0.0621753668528827 0.139179012395693 0.39217618620799
0.410822004292417 0.178537753006669 0.0695961902341952 0.341044052466719
0.115270448943978 0.288905574943349 0.580760834110742 0.015063142001931
0.24795160222284 0.144472359607134 0.295809883854518 0.311766154315508
0.12858228731636 0.293340511338678 0.210256455520144 0.367820745824819
0.301263350845263 0.0816208343764977 0.294648724886431 0.322467089891808
0.119820127335562 0.476021290339953 0.352382640836406 0.051775941488079
0.122292900325528 0.37245712497754 0.140701021509682 0.364548953187251
0.241257974612797 0.131228676770322 0.23487000166965 0.39264334694723
0.0386978147306538 0.274647152446267 0.403748739021915 0.282906293801164
0.279803277073549 0.446014214069127 0.210353094756736 0.0638294141005878
0.165793674239117 0.32170055219603 0.331533461451589 0.180972312113264
0.313777486194316 0.0319712497922395 0.329266388517814 0.324984875495631
0.141189822309999 0.278197415991222 0.291280289389911 0.289332472308868
0.339254211045904 0.350721485213135 0.11273174136296 0.197292562378001
0.396879550570359 0.0203516161832256 0.2504737969874 0.332295036259015
0.242200814712963 0.134415635655678 0.387353135484343 0.236030414147016
0.269885500264741 0.246681345275999 0.237769469630517 0.245663684828743
0.0613924631941829 0.469896587682142 0.027125388857378 0.441585560266297
0.645499462480096 0.0214730654019624 0.108740532569147 0.224286939548795
0.384855389228958 0.192433718709957 0.378631220622879 0.0440796714382053
0.0144259011390815 0.401222323082699 0.396959856659312 0.187391919118907
0.282326503317337 0.0336102287143535 0.259941029954723 0.424122238013587
0.0247899635818806 0.481388791667543 0.124055308019885 0.369765936730692
0.272371196817663 0.0882633919937576 0.179853591610074 0.459511819578505
0.524929990472728 0.173315955559987 0.019823241016888 0.281930812950397
0.277538262360318 0.144098229216764 0.354341872740154 0.224021635682764
0.215262837782571 0.329424197076952 0.3529051053142 0.102407859826277
0.376739777052897 0.206339167776369 0.165408630329026 0.251512424841708
0.0593303868660119 0.389214121583411 0.346758128024534 0.204697363526043
0.388618332560081 0.365609248273851 0.172835601615969 0.0729368175500994
0.129738064561933 0.231214143330036 0.619153077669344 0.019894714438688
0.145681637466149 0.261361298697365 0.29389925954423 0.299057804292256
0.148433348410439 0.426435629618109 0.150860847163674 0.274270174807777
0.0284655456258163 0.412888712269917 0.175276778354968 0.383368963749299
0.0772556914448649 0.600398308482706 0.037207867829924 0.285138132242506
0.246359156809693 0.194791684851403 0.149694781880875 0.409154376458029
0.23357737354065 0.217536885342825 0.369430299997359 0.179455441119165
0.277541060604686 0.279432990386765 0.376475264729961 0.0665506842785884
0.0130955472852294 0.379740847648078 0.235795315315088 0.371368289751604
0.229193425264236 0.235461982510742 0.276567193257146 0.258777398967877
0.445818836191381 0.505787156452439 0.0436996604280863 0.00469434692809422
0.26886259191906 0.291239371790697 0.257611952715913 0.18228608357433
0.206478082945838 0.210926955003636 0.283395899390573 0.299199062659952
0.501735895222188 0.160668540030517 0.0695909914532733 0.268004573294021
0.336572588501486 0.262310792111803 0.128596730843992 0.272519888542719
0.120358902540311 0.202666733063748 0.255418765749723 0.421555598646217
0.547756985818477 0.154669086892649 0.138940193010253 0.15863373427862
0.169554204894207 0.10811224380719 0.0304659010533578 0.691867650245245
0.0628557705109598 0.472057198807495 0.11024843198979 0.354838598691755
0.368646756897796 0.0885487748840634 0.193271986786568 0.349532481431573
0.329250912583012 0.447638457618542 0.193441969784251 0.0296686600141951
0.116602690674973 0.182911203225941 0.245686481563382 0.454799624535704
0.441314350688257 0.0232675614549495 0.488272333721144 0.0471457541356496
0.109096457348239 0.350689389445531 0.118304192919882 0.421909960286348
0.265654458005933 0.316677114341128 0.111521488274288 0.306146939378651
0.287663124500169 0.211288846334743 0.227902839836249 0.273145189328839
0.276798591124708 0.0284500715569037 0.335791459197825 0.358959878120563
0.0250889441509053 0.56455782287772 0.333864996749256 0.0764882362221181
0.21578789810222 0.112397256799463 0.377896145519963 0.293918699578354
0.547224405799445 0.0467948509597856 0.356544956624026 0.0494357866167435
0.323240705233046 0.16837873343113 0.0117841205679097 0.496596440767915
0.181523771186898 0.104924164258972 0.212036660061858 0.501515404492273
0.312504701301498 0.379877920273418 0.205187637332863 0.102429741092222
0.33115417674997 0.210310963762187 0.29518629746734 0.163348562020503
0.123926797313235 0.2734339507593 0.300332315730128 0.302306936197337
0.289900573446035 0.343270871024508 0.184972111447056 0.181856444082401
0.312066164787646 0.313311394325746 0.118570150413671 0.256052290472937
0.145146971358939 0.273489065143764 0.504499723815406 0.0768642396818907
0.302411612495829 0.607918258465567 0.0866698857314622 0.00300024330714119
0.259403472384677 0.0399215298204661 0.263308293398606 0.437366704396251
0.19281567142714 0.09977325625878 0.207089351592353 0.500321720721727
0.181847701590264 0.351348844715697 0.220624715354994 0.246178738339044
0.225875968067384 0.135811716792124 0.203210308625018 0.435102006515474
0.340384039172248 0.361891008386461 0.169910035506011 0.127814916935281
0.195968501824443 0.290324013171211 0.279899266068145 0.233808218936201
0.249911858227444 0.07092972675956 0.233328639085546 0.44582977592745
0.422546662320355 0.0752904654234132 0.172408970750061 0.32975390150617
0.351379452102932 0.0632108094553579 0.091325730232396 0.494084008209314
0.226190819954877 0.370101015414496 0.157310729216217 0.24639743541441
0.204728273263097 0.265999001200762 0.450369885025326 0.078902840510814
0.0189868368143876 0.261317831794881 0.303385643581995 0.416309687808737
0.280418655455665 0.28559469363361 0.19085855714731 0.243128093763415
0.0857228690783269 0.393375963645845 0.163676545677703 0.357224621598124
0.307638591327909 0.127971921134733 0.307302057771675 0.257087429765683
0.171505106504415 0.219279632886363 0.253068499895969 0.356146760713253
0.13655119860879 0.102109205041456 0.499668833856044 0.26167076249371
0.189408296503863 0.349924736065851 0.13403124299377 0.326635724436516
0.313262384048677 0.334141564811678 0.271512026320432 0.0810840248192129
0.178817336953371 0.31320752436782 0.27044768923179 0.237527449447019
0.0220187588798875 0.174173253931973 0.343624307943954 0.460183679244186
0.265147582248835 0.0134651912186589 0.307140007176478 0.414247219356028
0.495771340563562 0.0463006533290787 0.363816017627492 0.0941119884798667
0.110394080708205 0.0867867213913493 0.119704692638677 0.683114505261769
0.0359593199764998 0.317130610789857 0.556215822160025 0.0906942470736177
0.299480116235873 0.398299731897624 0.229112576051682 0.073107575814822
0.48178313675486 0.10894594056761 0.223299564283302 0.185971358394228
0.125852202608263 0.21093769012212 0.129478723985014 0.533731383284603
0.530219088842874 0.289794624942182 0.0238285120925855 0.156157774122358
0.0129899228233365 0.0207335049431714 0.381727053597707 0.584549518635785
0.0442723705788825 0.359046451316152 0.438417992752672 0.158263185352293
0.262652321826356 0.221590073589615 0.249944947419379 0.26581265716465
0.335401670108625 0.104582751146502 0.293945545824183 0.26607003292069
0.0854909704510462 0.327053845765696 0.0500823223588533 0.537372861424405
0.0762965549333426 0.0536010667151252 0.618337642480129 0.251764735871403
0.0495482820236987 0.220474172233696 0.432057266802814 0.297920278939791
0.335889324777315 0.443628035632326 0.166985938231547 0.053496701358812
0.153059457802162 0.349337240250938 0.394191587056493 0.103411714890407
0.322950878328162 0.0679272345954118 0.369019020617942 0.240102866458484
0.131799393705356 0.133520281416259 0.360589158729915 0.37409116614847
0.249784512570525 0.206273294395425 0.203114476160882 0.340827716873168
0.00429658379769151 0.232974415537662 0.677312147430108 0.0854168532345385
0.303569430382603 0.334422592620614 0.0699409396151575 0.292067037381625
0.0857696786553459 0.354631282832821 0.115904998839093 0.44369403967274
0.370870213224745 0.08456035000631 0.177342262143472 0.367227174625474
0.297750125021606 0.303828013329841 0.11401359692432 0.284408264724233
0.229707064928532 0.411191855054004 0.336480478924885 0.0226206010925783
0.238161284804979 0.253500246170704 0.501674242958715 0.00666422606560137
0.184256910321733 0.345393257656761 0.31875401028886 0.151595821732646
0.226467901256985 0.0460298743284762 0.480864546338545 0.246637678075993
0.558157465589452 0.0142136942838166 0.00210970084593269 0.425519139280799
0.157664348930373 0.278747539131743 0.243855033336421 0.319733078601463
0.597158070955087 0.162397559415438 0.0140929976297321 0.226351371999743
0.464989275862781 0.163902345193205 0.148529828683938 0.222578550260075
0.243390229071447 0.0239662928816836 0.411966959509445 0.320676518537425
0.0198990686153122 0.816059518340313 0.157939285727063 0.00610212731731154
0.339777131110208 0.249034747739337 0.286174530422886 0.12501359072757
0.0693778261055807 0.360780892491719 0.202967457281332 0.366873824121367
0.306830099347185 0.126468285299362 0.138062439044379 0.428639176309074
0.0174607578354688 0.633210606579799 0.267844994067438 0.0814836415172942
0.335772384567164 0.161556175855783 0.213452434052892 0.289219005524161
0.307506989082081 0.208132761701255 0.292877604322479 0.191482644894184
0.25761559260977 0.281771808437427 0.248852924997352 0.21175967395545
0.335259180704666 0.215384106595523 0.183065385283439 0.266291327416372
0.596355300885441 0.241433276901502 0.0249492491638835 0.137262173049174
0.254149965710561 0.185168312419235 0.352330581309034 0.20835114056117
0.107481869549153 0.399721284508287 0.340378939523661 0.152417906418899
0.215970034420322 0.204717906508994 0.46451950057029 0.114792558500394
0.214376355794238 0.0363409853191172 0.383845764246976 0.365436894639668
0.277799603253753 0.148444590233615 0.460776139167973 0.112979667344658
0.32803010919558 0.336613935466257 0.278120128528685 0.0572358268094781
0.362903745358036 0.344087296332743 0.262638889605432 0.0303700687037893
0.102729135283645 0.492563246315714 0.0785554081260869 0.326152210274554
0.276103584513441 0.201442114609155 0.36780731855047 0.154646982326934
0.563774665857388 0.107444766705429 0.160682020196437 0.168098547240746
0.559490173737351 0.368329370726047 0.0309545489383038 0.0412259065982983
0.21783025535981 0.403556588253201 0.356190967396501 0.0224221889904879
0.0404848569495809 0.188119205846547 0.274337778998146 0.497058158205725
0.272411830878646 0.364418840304304 0.228569823449855 0.134599505367195
0.203773995737315 0.564556214899827 0.178275963498114 0.0533938258647436
0.311068849762408 0.170404965604883 0.366557049216791 0.151969135415918
0.119994985682062 0.447338979842727 0.150273294750823 0.282392739724388
0.224700483688814 0.282317986809625 0.103313450120332 0.389668079381229
0.0530720286691709 0.366013398235826 0.340210951679947 0.240703621415056
0.23773370367557 0.401156496419776 0.292930912720757 0.0681788871838963
0.422829370023795 0.295020826796536 0.0619075164759125 0.220242286703756
0.296909722836003 0.0986412662112002 0.204745756274263 0.399703254678534
0.285473816966627 0.117769646344491 0.213562674969089 0.383193861719793
0.092606708020197 0.0400971845309808 0.420062685838247 0.447233421610576
0.16748178707865 0.125879507021271 0.381608962928901 0.325029742971179
0.406412584635508 0.257290284470383 0.073219495926363 0.263077634967747
0.430501548766554 0.189580597844528 0.267277606311221 0.112640247077697
0.347191420426807 0.369723009916038 0.011884298479193 0.271201271177962
0.130531773738263 0.362623313480232 0.115837987773613 0.391006925007892
0.492185649785786 0.0926021003477015 0.232580344732513 0.182631905134
0.142403704473871 0.330915507027151 0.253067279034529 0.273613509464448
0.231548471250085 0.117705923577379 0.318576680624172 0.332168924548364
0.0130377157850582 0.635605008420728 0.278456758086587 0.0729005177076264
0.355613900186255 0.0894977361135403 0.388185569677534 0.16670279402267
0.286047253438617 0.241810723697823 0.192737309930306 0.279404712933253
0.274760993973976 0.297172184591284 0.268492390842356 0.159574430592384
0.304848065016203 0.0895939812077861 0.542799999631753 0.062757954144257
0.0712067701339131 0.317609540937188 0.377467888237777 0.233715800691121
