0.0545383271619171 0.180365461610299 0.00676015771494052 0.0561741450214586 0.180816145520436 0.0356582268331794 0.20147548885656 0.160185459649684 0.124026587631526
0.0271326705517232 0.0673854027212579 0.0585004566071632 0.0875795196761149 0.201394485931816 0.0742337760922145 0.121597655302258 0.204482053440285 0.157693979677167
0.0659128594616375 0.0588690414091029 0.205405158662054 0.176091572984308 0.0281078835246804 0.116636997948107 0.0401050080025253 0.138218587292609 0.170652890714977
0.0812819761834409 0.0996495837547381 0.125884772839435 0.123510303407624 0.146662311261993 0.0753101315675109 0.189056551692197 0.0139699088002599 0.144674460492802
0.182454599187837 0.00200933158766007 0.178770709939747 0.165351950799855 0.180339046905394 0.0139827768601768 0.0521352917560973 0.072421435733197 0.152534857230036
0.117529249784971 0.0677741368452916 0.0839344053120702 0.0379754848941614 0.13229283363947 0.122418796321624 0.133804407742838 0.107466138648979 0.196804546810595
0.0884663210105541 0.0343163722949041 0.0566399908536315 0.100578653099579 0.0659566706569829 0.202506272348564 0.254383530653262 0.162741223700486 0.0344109653820364
0.0785254078086594 0.234295489248736 0.0190242915263656 0.0928110365672453 0.0191150194243201 0.147887886998624 0.276202965924817 0.0320842524297004 0.100053650071531
0.0196063510440806 0.152881289332639 0.21413663677593 0.0876840802924344 0.246599071221672 0.204145898918957 0.0454067974622238 0.0163333257618022 0.0132065491902607
0.0586100873905491 0.174247952269986 0.163400026019313 0.0623913373086585 0.107252716523809 0.108422676183251 0.101986010092505 0.0572132439087681 0.16647595030316
0.139706504826792 0.162109391253072 0.069815589843413 0.0837701889412249 0.179668307757922 0.0208998564189804 0.0595577943188923 0.110834222197331 0.173638144442374
0.0700195647833944 0.149852087218391 0.0267783266043228 0.10110858216265 0.0627093059559721 0.109671584535298 0.196898695621388 0.200017013444324 0.0829448396742599
0.203411874806438 0.144945122019192 0.199894349046715 0.131859584396146 0.0227806131932519 0.157669126869629 0.0270520427364395 0.0964675376599393 0.0159197492722492
0.002421995049869 0.193387780724185 0.0238207918766565 0.113707290583295 0.127466388161718 0.122437524769917 0.0756944127027673 0.193666047458497 0.147397768673096
0.033464891794204 0.0919214787722606 0.15181855095935 0.044657906198286 0.148239486499615 0.145599056010975 0.124172159967522 0.146048634213112 0.114077835584676
0.0361174775993764 0.279167304432701 0.0609363737397265 0.0241914760860006 0.0661453451355237 0.119369071167071 0.161328936814086 0.252018919495201 0.000725095530313241
0.194754619920428 0.069781049152969 0.0297540397385255 0.129357490720862 0.0377885884158771 0.0446948978926397 0.195561642248836 0.162482491547786 0.135825180362076
0.0384095787323762 0.109691605156769 0.158424520956049 0.247880237061269 0.0279083789765982 0.240435676935151 0.0150935952532568 0.052367678391116 0.109788728537414
0.0960013824237818 0.18812795984585 0.0550841024723897 0.119785814224731 0.151936355594955 0.188867411399384 0.0113418653120732 0.127585211701442 0.0612698970253933
0.0161113124107307 0.0551058079322927 0.197790252356208 0.16591737688847 0.0593396814195173 0.0393659636641184 0.229140484730435 0.0945124153365421 0.142716705261686
0.121851408152195 0.113001355501927 0.0313097378113312 0.195993736443536 0.144050782925302 0.127814491267547 0.078198914257587 0.179555215916435 0.00822435772414034
0.174852042917614 0.224683592165894 0.0627356157867509 0.1024611714148 0.101444008947846 0.0819530465723427 0.153271388487566 0.0384531763520746 0.0601459573551112
0.154160402592819 0.165196341296483 0.0967976594805012 0.0432774505179742 0.173377158760757 0.154596860118804 0.000174486586994512 0.114502083668215 0.097917556977452
0.139309595878152 0.193026290910518 0.0940735828835481 0.00931129593687515 0.106048343751391 0.161187431761802 0.14088005334464 0.0282867201872396 0.127876685345834
0.203642594071679 0.152459564914165 0.0913507190808565 0.137945625151136 0.126713305815183 0.0388385398027373 0.0213398930981683 0.13329976216605 0.0944099959000257
0.0704288202033969 0.0282015278368672 0.0945593638483452 0.146934001884667 0.137513446176661 0.18945345133922 0.0146383945222164 0.189709196521953 0.128561797666674
0.00409973478563955 0.0533443180331182 0.130474844067728 0.00421125381756203 0.123233208510265 0.156432510492007 0.142846408345525 0.174390818717819 0.210966903230337
0.118595632529699 0.0875386361755026 0.145955703750792 0.159754523594809 0.171481794592572 0.118960655568324 0.111197095599547 0.0193576344283312 0.0671583237604234
0.117021117396297 0.0428479448150913 0.157215442915314 0.175338690799019 0.0898840752067106 0.0780025646146038 0.132725863976424 0.0644409810234671 0.142523319253073
0.152429103922195 0.0381652723770105 0.079549969849318 0.178151989215245 0.182538053378602 0.164526673842273 0.0739896527151463 0.0441087341580836 0.0865405505421253
0.162048234123933 0.0927740872390992 0.08185555010265 0.0667345910660424 0.155621687661395 0.0619309425314366 0.113599217485679 0.132780292261039 0.132655397528726
0.0645747827629131 0.13584637251588 0.0713140946393204 0.145423485662109 0.127481044839286 0.131723259413993 0.13992238905689 0.157945999844869 0.0257685712647399
0.0603218663495267 0.0870673780675908 0.254655091294244 0.209380445108144 0.0643915722441828 0.140615008684393 0.0458992523769573 0.0323121952841901 0.105357190590771
0.000383050607439785 0.139923323999957 0.0611651959597725 0.16722635468667 0.201940481123665 0.195742823072302 0.0637977270938723 0.10331552647211 0.0665055169842105
0.0380595425988474 0.195941801237661 0.207192114271015 0.124031124258313 0.0404573817616354 0.005532728924338 0.218579904694677 0.119589221790329 0.0506161804631828
0.0677099856992403 0.210057916100303 0.208339488266638 0.0929112472301785 0.0873045487009523 0.0140234226950091 0.0168122208123458 0.0662021056851143 0.236639064810219
0.147928590272764 0.0265948994243321 0.10610726760093 0.225910333740455 0.0174403415688654 0.160677935217444 0.000716187153099092 0.121331225830159 0.193293219191952
0.143108037051904 0.124542529526777 0.0897486971214318 0.0282217450772441 0.166959887103513 0.163777761768979 0.0699220543152402 0.101934365620165 0.111784922414745
0.0776987918349433 0.091115215366021 0.0758793864896388 0.244668518262864 0.128062092265059 0.0255727910254489 0.118118230746706 0.2133528297576 0.0255321442517194
0.127117774257082 0.183116790263984 0.0323849924254632 0.108010808952863 0.221677560293221 0.0764253691499455 0.148531953701317 0.0354418604664698 0.0672928904896547
0.103944491707686 0.0619995852490825 0.157350353535171 0.132404964921916 0.13687510793907 0.119080832291261 0.186190794796229 0.0650607886721189 0.0370930808874655
0.176488375487061 0.130831006618567 0.0700562207329095 0.101771088653243 0.110076301460002 0.105690105283796 0.149784300062237 0.120022992485429 0.035279609216754
0.180254095825128 0.0873432764702037 0.101176684385714 0.154397750376909 0.101487331457135 0.0186009498831459 0.160701074901778 0.136972349925326 0.0590664867746618
0.0265216465263161 0.165061293251369 0.217067875442558 0.125171285012405 0.0225699771184593 0.182716336663359 0.0809111916168471 0.0667597217934656 0.113220672575221
0.042077006023998 0.144515279107653 0.0668060816077699 0.0252028380660686 0.0785034872644884 0.149268648213706 0.0986120646671348 0.138737281067115 0.256277313982067
0.021842112283169 0.0478356253727014 0.0676430481403151 0.0456992089141436 0.275909540436061 0.110799298989627 0.0678437169810544 0.250727288902432 0.111700159980496
0.152248059949971 0.0935966147874587 0.0995747638193394 0.0794677381792908 0.120045909013942 0.221292476092208 0.0523072063297876 0.166394058330202 0.0150731734978013
0.13825020408372 0.218917587538383 0.0231693860862244 0.0818624587462707 0.159021973961046 0.0658306155677876 0.0897813089617713 0.114639784180888 0.108526680873909
0.191162610394444 0.00530942233567637 0.169867582213187 0.109944116667659 0.0697257147132973 0.0794902545486008 0.107924858767034 0.0459474061824915 0.22062803417761
0.12513489912903 0.0607388517691618 0.175490265826085 0.10910959359139 0.116907350128316 0.003416449695254 0.0921210705516164 0.179108775335444 0.137972743973703
0.221353519392369 0.193797527468484 0.129374078508692 0.134375273480515 0.0443504374333073 0.0754071749589085 0.0239416446748759 0.120164429616054 0.0572359144667951
0.0824196609695997 0.137250775705686 0.036898631673334 0.0788488945309421 0.197623317174575 0.0383274866466444 0.161566474001101 0.174010040556251 0.093054718741867
0.0416507494666374 0.178245117058736 0.0840808629374409 0.0229541932966814 0.140784664271341 0.172103704278806 0.121830896356814 0.109107491435164 0.129242320898379
0.14752865430798 0.0577064198213667 0.068718640669165 0.0738205668796259 0.169147128906384 0.162816932892614 0.0161282995904969 0.135110406178334 0.169022950754034
0.0476047716231912 0.170905611713026 0.18695662070587 0.0841449207420069 0.131505953088906 0.0909996028322951 0.147329111097792 0.116901142434243 0.0236522657626706
0.0439367727953863 0.0978112047718804 0.154824947718992 0.183000549419369 0.0931195985791686 0.12945143126015 0.0250302189799066 0.135981674727825 0.136843601747322
0.0295387193103885 0.0183806510116383 0.157868832369619 0.185324695117802 0.0749845518836175 0.0379669108932916 0.134819669059876 0.174399394612836 0.186716575740931
0.0736113916601759 0.190129351290686 0.197838565825661 0.0687476742987493 0.0490200688034368 0.140259495392672 0.111777736312153 0.0700011340268228 0.0986145823896426
0.0960011411097436 0.114867106295189 0.0336162678935134 0.17449447114445 0.188056054568549 0.0030088150693289 0.190501975471661 0.123506164202819 0.0759480042447457
0.178249145843895 0.110511354410294 0.0260610418475501 0.016413663266344 0.231296208691207 0.19965211095207 0.0923833883929169 0.0692081876659735 0.0762248989297491
0.144925684519377 0.0775609673770628 0.16894905962667 0.0413398450804954 0.0442773353389023 0.144089287813781 0.180842340811847 0.118195462260298 0.0798200171715672
0.181776159190675 0.0727941243907348 0.262785660152229 0.079395279350316 0.0650867430533817 0.00133647852528217 0.0947731790976755 0.237167210361899 0.00488516587780644
0.0607258190244542 0.0413892796187348 0.11738509343669 0.0643033742878778 0.194204146256994 0.0533898132773002 0.100074671266237 0.172153951654578 0.196373851177133
0.0252941974803026 0.188450905494987 0.144005645557656 0.156655571380784 0.0473707255053404 0.202723195178927 0.0418448666303644 0.0722834402351102 0.121371452536529
0.166932164588822 0.115248378757836 0.0191741272152875 0.174883467878954 0.115267955671328 0.185117777634871 0.11879052099579 0.0208329041871541 0.0837527030699576
0.133526720047589 0.055526931658937 0.122437136492044 0.130106229116885 0.0379588626244483 0.0557925353841203 0.153381655239689 0.151051189666499 0.160218739769789
0.159689132011288 0.115130352960181 0.159903974174392 0.193628160215389 0.152694710034162 0.0402667834177355 0.0484971514345168 0.0919047489539404 0.0382849867983957
0.161792190869504 0.195207304978273 0.0303680326884344 0.00106685905591165 0.0524473934181495 0.159706103661757 0.109927835193808 0.183709394162271 0.105774885971894
0.129730746724236 0.194100417778486 0.0677470436174156 0.0414333776012967 0.0752580059302789 0.0465155036816031 0.230738701395709 0.109112117233455 0.105364086037519
0.259275704224705 0.000861873616019102 0.123782669143992 0.200806670482728 0.0367948280811863 0.033921134024754 0.0275938952990229 0.0712558144019249 0.245707410725669
0.032528386896173 0.150131567711092 0.056080216667233 0.165791352854168 0.150205142961547 0.00708173041142748 0.167589770863217 0.189977156573934 0.0806146750612081
0.0864633676793367 0.132556681536644 0.161722112991207 0.0976032770938999 0.155188598657633 0.133112761213991 0.0220715075482924 0.0340199540008704 0.177261739278126
0.00677815750361129 0.126868342952934 0.0928070950092188 0.0102149452393541 0.0101225450934253 0.183878278907673 0.080187416230549 0.280179267796612 0.208963951266623
0.223482533837468 0.069191715390296 0.162082432912324 0.0905680521534992 0.0390113544236055 0.19992015692953 0.0375974127475358 0.0981069012785998 0.0800394403271429
0.184647883788514 0.163110418195326 0.0801031866852712 0.0597604886567959 0.07160228285139 0.146334015736473 0.0563648431494195 0.0928908218654851 0.145186059071325
0.122861598891114 0.12487732171057 0.14205777831303 0.0718394344735605 0.129906751344056 0.110559193985862 0.146578539142798 0.0324137696462587 0.118905612492751
0.170093820874617 0.103401255449461 0.110518568059775 0.0286625753519312 0.17193169495008 0.0976382064086576 0.140835277445301 0.0466281461920645 0.130290455268113
0.26707457959684 0.0364765950950011 0.0449596524728871 0.213424500542251 0.165600918496084 0.0096632908474847 0.187153067877149 0.0197749796727887 0.0558724153995141
0.240577295370902 0.0135218882284104 0.0639816327218152 0.191462421231789 0.0198167276934928 0.0565311089255125 0.150886442365189 0.108266085391039 0.15495639807185
0.0786913477779805 0.0835102787847158 0.120769304460104 0.118801406872721 0.10993354457564 0.153032748157002 0.117665522129609 0.0835284446719394 0.134067402570289
0.00988943134860286 0.132975885863756 0.0525331966428722 0.115153777773881 0.0739404951986538 0.169408568204064 0.107708338846014 0.180322624346846 0.15806768177531
0.144359059696735 0.0286916368262081 0.212675493761597 0.143701508561902 0.0900940800647706 0.111720896771327 0.0767178956492274 0.188672923910723 0.0033665047575097
0.108490171762305 0.148049543696045 0.0234139932861429 0.00734264008514164 0.195840491103195 0.12462283733653 0.169583867917456 0.076899360703362 0.145757094109823
0.0499869900203129 0.207152582056705 0.107975637713895 0.151515631526304 0.142949424361971 0.113818498758366 0.0194784710297431 0.0297812252406663 0.177341539292037
0.0637138014551775 0.13832010282137 0.177264645513865 0.001082941984912 0.177846262766289 0.113412382673027 0.104157065694893 0.129628682097902 0.0945741149925641
0.131136059395418 0.186257774267529 0.0706751277184506 0.00465055344844171 0.0454884790507577 0.0499106276349489 0.196581616787682 0.0991081489040038 0.216191612792768
0.249886579522929 0.18243256865712 0.119185925457466 0.0322305171439478 0.0285781242017393 0.170036866422089 0.148942774643954 0.0600446953446924 0.00866194860606268
0.118067808334009 0.141602553370475 0.0494122682151636 0.0915849100860877 0.115556570872043 0.138313858990559 0.108053901239215 0.0596327812500929 0.177775347642355
0.0895625307904731 0.0680472963510228 0.185997208092153 0.120901372778521 0.148492233937012 0.0123382681192128 0.157170569562304 0.203908054274458 0.0135824660948446
0.152253558058446 0.152527906905071 0.0459745645311139 0.147134781953904 0.0782225081689042 0.0781813540953214 0.152509472559347 0.0486772178232417 0.144518635904651
0.0646419124264726 0.127963155946323 0.03174451022815 0.142483236843304 0.0714571991629664 0.138402509026893 0.123454979368284 0.155626175320864 0.144226321676742
0.0899477908957818 0.0506993088350521 0.197761043934293 0.192132358162968 0.0832415224974095 0.155466011423125 0.0934600711429857 0.1003664965098 0.0369253965985847
0.208630569392545 0.171533613045175 0.32406470450042 0.0932218299008619 0.0439467217826647 0.125293786313739 0.00688436727497242 0.00392290590110563 0.0225015018885163
0.118598196325068 0.0665987630873422 0.178468446566312 0.0675149112578674 0.117864918325517 0.0683517239681456 0.158417237699705 0.116282280513783 0.10790352225626
0.0788827206664418 0.0891151530734525 0.158570701300528 0.171626552320894 0.110228841919189 0.0749069834915451 0.15239250200295 0.106968378313182 0.0573081669118168
0.142878331671519 0.0436313900705893 0.191305368560584 0.126004133823843 0.0967093096053485 0.170787504806101 0.0240459456238503 0.10008250380875 0.104555512029415
0.0660959773903573 0.0484910663764158 0.12120438541391 0.206346700949319 0.126165601990067 0.0767113285730076 0.0972333165120051 0.192447819651431 0.0653038031434874
0.161540022230591 0.0282992010518946 0.0308583785378047 0.0330748853803617 0.143982429619005 0.247977780225164 0.145939120101925 0.0788913249220478 0.129436857931206
0.148218678842517 0.151493311794257 0.193573177433696 0.0593231607265303 0.0546352283692744 0.170498068654461 0.0817325946726416 0.0592468212296685 0.0812789582769543
0.00524341710049 0.198987390666974 0.0243786588615564 0.123042969042378 0.188674480893129 0.0641374870222663 0.100946933941424 0.0852771335005123 0.20931152897127
0.0631276841965256 0.15780954225237 0.136331969052061 0.0069569912053011 0.151543236106042 0.163318372257932 0.143163446748477 0.164770268068877 0.0129784901124151
0.0193054665952015 0.0995708191393238 0.194678758672064 0.085412346388542 0.119754117374744 0.0845517214748024 0.062737951134195 0.15289972654093 0.181089092680197
0.0595074964645981 0.0905336942779422 0.090625160123367 0.131091079741601 0.144793120308266 0.15611234395804 0.0805074884913106 0.143371226917368 0.103458389717506
0.0782195194519694 0.107650498542708 0.0771772813310437 0.0456710148172387 0.187417225518267 0.145851379801698 0.173889037933928 0.133769399286741 0.0503546433164066
0.0384567033880041 0.0935072862590305 0.035023733455167 0.200319195750492 0.0483716166685093 0.197014523550275 0.104930901794214 0.0958951017992329 0.186480937335075
0.126501948637985 0.0976507804834681 0.0501531803365278 0.101066549184966 0.114500952012421 0.127222001606522 0.120703207618902 0.111237932806373 0.150963447312836
0.1227196102857 0.0531819966057898 0.0484598671174026 0.235431343778571 0.115255092893574 0.167787355921372 0.0149771517000309 0.029822309190258 0.212365272507301
0.144992111916357 0.0103435764231552 0.0982008195240938 0.0342028792683342 0.117422427932441 0.0946794526807364 0.168165947583642 0.169266722512217 0.162726062159023
0.164651409879814 0.119918174758164 0.141611338710303 0.0257615919310694 0.180617185329046 0.116933404466374 0.0964356622911928 0.0362693828364521 0.117801849797585
0.0215807706333293 0.120857894930781 0.12730374373894 0.0325750246963598 0.172770327068923 0.13066704350793 0.0249208057401518 0.195421016316235 0.17390337336735
0.112160667456556 0.177316217105585 0.0948089464873837 0.0331552165692144 0.0644879127226806 0.149087019754446 0.0347030892158038 0.201934406923223 0.132346523765107
0.056601749054381 0.0719309769248548 0.014090003385264 0.19690655379097 0.170866761552689 0.0140279128350113 0.0742823194509793 0.221066775859029 0.180226947146822
0.095954070420938 0.161885312048805 0.071583985556128 0.0682519323331029 0.175013311280896 0.12652902929805 0.0526053479709619 0.116953140686446 0.131223870404674
0.0163494133719954 0.194948851244276 0.130612861329089 0.0914984020799117 0.0542744563965729 0.175972268304161 0.0103308082844059 0.116694101839201 0.209318837150387
0.198685149961745 0.0990775836196062 0.0638175152494226 0.155787771664884 0.120240267482176 0.0376191515974077 0.0021309386908611 0.152478007927669 0.170163613806228
0.0846442011132316 0.13603170088408 0.0835395225637618 0.1644761416048 0.165833046920918 0.0564864819883626 0.0309258731508394 0.16497392271004 0.113089109063966
0.149735475338152 0.0891788810376294 0.00455654517713576 0.0126548691711925 0.128174988219337 0.0924470657542011 0.17967381724255 0.150571619718319 0.193006738341482
0.00971338145587587 0.165450945440841 0.177796784878982 0.139513837275549 0.177411721477681 0.0688714445002676 0.0980693816734004 0.136710382276701 0.0264621210207021
0.238006729253497 0.0030543513170647 0.0660317216936713 0.148937937868866 0.190196662082369 0.0535373366435093 0.0608478997565784 0.0291014748319171 0.210285886552527
0.0576021065936153 0.00492620814299724 0.108826504661735 0.11524061296041 0.231675249861448 0.0665726072093279 0.119967476615551 0.0956923944354377 0.199496839519479
0.141784684419671 0.0851041327162955 0.0177693445733693 0.127507782718208 0.213187022318938 0.133812035835454 0.222489607737455 0.00136883545845151 0.0569765542221573
0.00825957415097905 0.14985545350127 0.0892800576011388 0.111863253750939 0.0761740377505885 0.19938189276843 0.179319578511143 0.122984837619072 0.0628813143464393
0.00897270063943631 0.201305952334298 0.0963390958035904 0.196917181718803 0.0220708250426766 0.174269354613728 0.190141363891089 0.000471603970165217 0.109511921986214
0.0287721548001323 0.141515999661815 0.114734193524843 0.00283608932755712 0.156480781990063 0.0911942564119194 0.157362806528016 0.160518698797929 0.146585018957725
0.0884493292016675 0.15174493556941 0.171836304222017 0.109269088136212 0.0509014241434502 0.00274904544950663 0.165489263672968 0.124876696330978 0.134683913273789
0.0353229792787709 0.094014423255993 0.204278500121495 0.110329717290233 0.116440397379043 0.0246847363376083 0.204395836478692 0.0468321677723775 0.163701242085787
0.0188294265234384 0.0157395624277473 0.0612829933766869 0.215088848201282 0.0604233566364891 0.301374896616618 0.0864363812059414 0.0117090733884292 0.229115461623367
0.124991434755494 0.162562404753628 0.0955203359119957 0.0980388443293909 0.0575326079010228 0.162326336116495 0.121353127114446 0.0424589907104454 0.135215918407083
0.0686339624819198 0.116790181559621 0.122932352146476 0.0626636195104019 0.11983446005504 0.0424838739626147 0.108839078413356 0.239723438622967 0.118099033247603
0.154820261777055 0.214402185891898 0.0478359164446226 0.111882520021071 0.140559556308129 0.0962159391345828 0.0488911910724837 0.107800611189068 0.0775918181610901
0.0255857172699713 0.0188601018407818 0.159318896441932 0.1586492650796 0.1468891584489 0.156450859942351 0.0910291134864366 0.157583042859787 0.0856338446302402
0.0627046790827659 0.0476483665881375 0.0996305253987227 0.0243247386663474 0.209447745407659 0.185657319590958 0.206678365792658 0.1426165604435 0.0212916990292507
0.083904990347235 0.10470311148865 0.0324878542723121 0.173883044586605 0.0213498422878966 0.202970527589091 0.0830969208723424 0.22741637195995 0.0701873365959177
0.16235251930837 0.120317255592462 0.120123474076799 0.0803677978501626 0.0645118416557379 0.127916807279507 0.107700769564045 0.157308271532896 0.0594012631400209
0.21513259603617 0.0740207569060231 0.0298698334461436 0.0805170402472532 0.150760977863915 0.0984580444065665 0.207853348332152 0.0515348846857499 0.0918525180760268
0.127661845511457 0.219995918710169 0.238035362495284 0.0461457450706165 0.146895942439639 0.0811322807227886 0.0989610532840901 0.0099066521521472 0.031265199613809
0.0262007695307852 0.124499704986426 0.0173052593059086 0.222959595898558 0.214149675960772 0.13246574042823 0.0724568254752777 0.156358899359059 0.0336035290549838
0.173176491356746 0.0440504506087378 0.150039389716496 0.0592968662967766 0.0505455070365729 0.211207048429312 0.0310980687000707 0.150337095945369 0.130249081909918
0.221429269254426 0.0228927468290761 0.078915385143691 0.0734604801533139 0.0793880293888533 0.155314147098617 0.116070004603507 0.140792021424658 0.111737916103857
0.147561481697313 0.097852336881333 0.142071562344941 0.00283573495670136 0.030537126836137 0.168611568670431 0.187512432326491 0.159857845417794 0.0631599108688594
0.0347184556787282 0.0152999141471012 0.0318446682234214 0.166224832058384 0.16295843015486 0.13298269346179 0.121118356481043 0.14039012080808 0.194462528986592
0.0448484814341071 0.161430750930467 0.0135493965609882 0.189874294308599 0.189675605915188 0.120020973594056 0.156466669900896 0.12026376062194 0.00387006673375993
0.0941017287582101 0.145211905659075 0.133971704451131 0.0172266405812245 0.189442541872468 0.140179129372759 0.0618654019348448 0.0358735705323897 0.182127376837898
0.182673599269918 0.0562302106578915 0.0544373991392026 0.0194639717126156 0.151007379886871 0.114160479773903 0.191384266214756 0.099757150362109 0.130885542982734
0.301700954420401 0.052605390659899 0.0708081171122724 0.310447445645196 0.0192291349641469 0.00590656539105623 0.0419176012290769 0.186717849106992 0.0106669414709592
0.250970524370782 0.0752197696198114 0.00883207010752634 0.117872883796713 0.194803221717633 0.00331574652898558 0.0210628280821146 0.141973287317625 0.185949668458809
0.108330443513229 0.190121742545759 0.042848510787516 0.122321012019305 0.01642552357552 0.148797912485632 0.0376625544555196 0.136711095304626 0.196781205312893
0.163150858418389 0.0978195785804194 0.0857421362566115 0.0723460544832723 0.00966258468797359 0.226644179074844 0.24659202692095 0.0110158536754319 0.0870267279021082
0.153701398977846 0.175640723284425 0.0273116954206201 0.148216659174297 0.122098077203549 0.156831522653394 0.0288210117794652 0.0816402233677516 0.105738688138651
0.0412056956650916 0.0807063624110873 0.171405026181637 0.0748594236964124 0.123942401356714 0.10227894389528 0.125423920305545 0.172402268593921 0.107775957894312
0.12518993986059 0.0495684649984281 0.17235576272146 0.119980790672989 0.0396055688384673 0.113167353823766 0.141714536200664 0.0475548012861815 0.190862781597455
0.123739885747161 0.0355929141810369 0.154513465694081 0.132942589201465 0.0448330081529381 0.101817602980838 0.143605555238821 0.0970255202705336 0.165929458533125
0.0728602026639158 0.0614322625807691 0.155006819029643 0.0587947512645191 0.13103661350539 0.158481615151168 0.109725538335272 0.190483648079305 0.062178549390018
0.0953044712955773 0.101345165477123 0.0202550109724725 0.120695039689285 0.147153073508749 0.0351900634043272 0.239341989293166 0.183605421504368 0.0571097648549326
0.05949650449541 0.17569757219791 0.0999646234963557 0.00830180598892637 0.0444875630989267 0.169648844111055 0.157868656876953 0.133892839359271 0.150641590375193
0.1329326949589 0.174964868413502 0.138672826771417 0.0924391394169279 0.117478206713249 0.0812158058449429 0.163665346128765 0.0928902717196629 0.00574084003263268
0.195602837856435 0.0705102315664568 0.029168412837573 0.164165308454933 0.115254247827653 0.13051740748786 0.104554367436359 0.177778294662579 0.0124488918701508
0.117249418277209 0.110005408341632 0.0880999296626664 0.035403039061807 0.0841879549369177 0.107314755253905 0.237237838906569 0.106005640842837 0.114496014716456
0.127691849451245 0.20780157843343 0.100083778349045 0.137362248348614 0.100379956965844 0.196971442443694 0.0670244713311541 0.0594277156173985 0.00325695905957487
0.121389887014757 0.085727570088209 0.199419651710818 0.00714009761388753 0.0423701115476449 0.150740722927121 0.197147702636184 0.132111872080405 0.0639523843809732
0.0664464478934369 0.141845022183507 0.149348388743166 0.17379663490047 0.0172562017343968 0.0626825768194997 0.208207381206131 0.13256707796954 0.0478502685498531
0.151795682164515 0.029205445797691 0.0790886507625063 0.0323192457716149 0.209962820728431 0.0207680295260396 0.189907985800691 0.0809491040931843 0.206003035355327
0.162450177233441 0.078180187744682 0.0293758243640288 0.180771938508328 0.116324203783737 0.16841784766197 0.177134113987153 0.037270859666772 0.0500748470498885
0.125644204862371 0.0527083370774097 0.112786392025251 0.140113625848192 0.181439638765598 0.132953856446057 0.123934095435258 0.0937558740640102 0.036663975475854
0.117248972360249 0.0888379900485498 0.0360117232062759 0.0882045860837272 0.0937796006066388 0.17307069832231 0.173815605036688 0.178074630502659 0.0509561938329018
0.091277316757721 0.00145012178863786 0.155925645399464 0.172729789876555 0.000820141991826891 0.128970822734276 0.150877316527146 0.180194069777265 0.117754775147107
0.128708967201427 0.14845426039255 0.0766088704311477 0.0641381039687028 0.0429977551445787 0.176576561219112 0.179303687318265 0.0434530255955407 0.139758768728676
0.00832184383692038 0.131752654010026 0.00635618517867435 0.192358236583457 0.205557325298972 0.0872366801183689 0.102434108922714 0.14244084289196 0.123542123158907
0.0910078161503234 0.150595134629942 0.14741259746091 0.157265340606214 0.0938963533383369 0.114089152654642 0.0822668304124227 0.0260302734515269 0.137436501295683
0.214691385205537 0.0625028025867205 0.164058283707394 0.164357321630325 0.0176776101653546 0.0335992391916705 0.20157055304251 0.0293322451224405 0.112210559348048
0.0811472818565908 0.0720444093077631 0.062445558853394 0.0629728264376243 0.112844436806894 0.169022880996941 0.182362747891612 0.13849963316207 0.118660224687111
0.210181599539862 0.0313879411761361 0.0448589406131158 0.0470794590390792 0.0361182529308844 0.147251740292242 0.21911394992882 0.241088346978169 0.0229197695016913
0.0402282229850345 0.104801873401017 0.153976206137896 0.191308048743598 0.163118564121077 0.119550140948264 0.00165181650080888 0.108205335947065 0.11715979121524
0.0648199907251716 0.0946327634709038 0.144532563494995 0.0491389536061525 0.236151269507842 0.0459433257332651 0.120742402070771 0.11746763663821 0.126571094752688
0.0174279769916023 0.12492457988819 0.150923884681468 0.153559183622579 0.0202431922257961 0.0403869568257371 0.165185021564249 0.075443049211143 0.251906154989235
0.0418867027834783 0.126148141094976 0.112769323081238 0.191363220634008 0.0125454360434006 0.145146256349142 0.140436175099578 0.153378281826987 0.0763264630871939
0.0145549891463038 0.119866451553603 0.169987674225733 0.00207767814653992 0.166874087559915 0.127317569995391 0.123914516145702 0.161388475986934 0.114018557239879
0.076741578110049 0.226080282664137 0.0411740522784255 0.221267651853312 0.0467379963784549 0.102142645855286 0.010423597772879 0.20345082502387 0.0719813700635872
0.0572373754088416 0.172157209447359 0.0510826695989429 0.0480500596436803 0.222636144106594 0.214243096776399 0.0328281922507826 0.193375340562885 0.00838991220451617
0.187214829542697 0.117496806075389 0.147888907847224 0.00971287245840912 0.182042662201542 0.0255927354188145 0.136858789711906 0.0377073908140022 0.155485005930017
0.0611098025253895 0.130217107846456 0.0468814307942339 0.0311335158966578 0.114211927773362 0.26922005710215 0.0200662930231778 0.151830464022027 0.175329401016547
0.0659076900921196 0.196869534098017 0.0158211606861853 0.0839478928745317 0.153223936440869 0.0252941398825247 0.108599259301713 0.206033927874172 0.144302458749867
0.203262174848572 0.0440335734291075 0.0420635154026358 0.102884946351613 0.0136368121220712 0.189799606824405 0.0995838674494373 0.156475036734206 0.148260466837952
0.193375359571802 0.201534333381574 0.249906134301597 0.00942360260981018 0.135858359330574 0.0450066386829002 0.147490898459075 0.00165904882094179 0.0157456248417262
0.155670456898824 0.171803625967141 0.0962869451479369 0.191419981816683 0.132595195291984 0.0256371876617725 0.10609332887252 0.112343183546346 0.00815009479679241
0.150947765092933 0.105132551390846 0.0556510632414532 0.0586673614966043 0.118467058426071 0.156804301326604 0.129985305783268 0.155880518492853 0.068464074749367
0.126078514971525 0.135253052542573 0.111049643049905 0.0877835890543623 0.135706665384224 0.133878593303505 0.0286699915787343 0.136791425846513 0.104788524268657
0.119532303163066 0.0703256273399551 0.0321621631861342 0.253473971248819 0.184205264087338 0.0909877376624774 0.103384877444735 0.00750907313770028 0.138418982729775
0.166098399587097 0.0403900674011288 0.218271977883568 0.118656756242298 0.0192139275330789 0.157198463730604 0.212449436015089 0.0404390367867157 0.0272819348204209
0.159632489089514 0.183206949972944 0.0924006495758941 0.0967359536578083 0.101657998547267 0.0558731185833283 0.0477354201231766 0.171751863739392 0.0910055567106763
0.189083270822352 0.0378954329248607 0.0838334065616187 0.140035419725099 0.140116218898305 0.0714551154455884 0.110235238264366 0.0654579252785439 0.161887972079266
0.0110200117995416 0.252960775526296 0.114147162691984 0.020695747371008 0.224875127784992 0.0957967145373275 0.136126900307734 0.0884205447874919 0.0559570151936241
0.109262053109131 0.129594840301575 0.0509236298989421 0.0874769674472727 0.265768825675781 0.0883300586017166 0.0440462483830448 0.145099489942159 0.0794978866403784
0.25291064867776 0.124507930507643 0.219500021813455 0.197828429841167 0.0545254660452703 0.00538010731451112 0.0600218852000784 0.0276159706566374 0.0577095399434787
0.00955148261252683 0.187679071466195 0.157843202353549 0.186581033637482 0.0666671341361398 0.0247735377782465 0.171254295089517 0.0538403443014366 0.141809898624908
0.156687663573654 0.0774556689771195 0.0300001496254666 0.180748577600975 0.0360820096111426 0.112597908106762 0.155497217339868 0.206957618843796 0.0439731863212161
0.0516758852768542 0.095769857216522 0.00282405395767473 0.179347170907862 0.188616048864289 0.0801339629898246 0.0485124082760196 0.171624075330987 0.181496537179967
0.15139274286366 0.0615957540038681 0.0473251350099203 0.00556858169138213 0.164699375809104 0.177532622047959 0.160107099726601 0.0847870798183867 0.146991609029118
0.157357527127671 0.109622499679757 0.26800251306475 0.105513027377292 0.0101622745846214 0.0895683040962392 0.160822157545638 0.080981447101233 0.0179702494227993
0.260602338218781 6.53188017275053e-05 0.0508736310333147 0.21837477764937 0.0702739262337594 0.164106592914503 0.0115443067280223 0.206469862941414 0.0176892454791079
0.0403913094465106 0.100022601427122 0.171081545325614 0.107340869400348 0.170240104848639 0.166968587763274 0.091316312847087 0.0429287592959081 0.109709909645497
0.0763362640251203 0.105060062913617 0.036174072583678 0.0948287844657017 0.140689303770476 0.0455961047541998 0.182285330617802 0.13495187046975 0.184078206399654
0.0536182313369801 0.165714575144823 0.164998137006402 0.0163557615720893 0.183435917007535 0.0576220396348901 0.160205605006294 0.0752283067650026 0.122821426525983
0.165423823776126 0.0704953132915892 0.17338034543564 0.176585108076816 0.0807633816085868 0.150503693699687 0.000654826968634976 0.146515951376576 0.0356775557663442
0.127424583572839 0.02285743454564 0.00956280448142047 0.249189838723811 0.0207706538521236 0.199136090004319 0.120644270049081 0.21816153882362 0.0322527859471455
0.0568079580615522 0.137752019938145 0.207869603404062 0.128903282137127 0.0368845416389657 0.177910333286444 0.0438753972086269 0.0817926052275045 0.128204259097573
0.0129889074918791 0.146492662842028 0.0972164541381793 0.0177141101670496 0.108800470924917 0.104123204334397 0.122774604505633 0.190320711644391 0.199568873951526
0.171051734766405 0.0483331536520372 0.18417113549729 0.0193159363259104 0.146183784692139 0.160049084093479 0.0669381661593076 0.0624318149582228 0.141525189855209
0.147063511962854 0.0942306716336442 0.154691222698929 0.110245516628321 0.0245799683660931 0.170428289651346 0.100799748668856 0.12397244862363 0.0739886217663277
0.117169624709312 0.0137110905562762 0.0816795755231911 0.039849738459312 0.118208988202753 0.160181722241112 0.153235557089122 0.154562085259191 0.161401617959731
0.0052281766976051 0.0745459933467717 0.172829739515572 0.20011071166754 0.212793555504473 0.190894719516929 0.0193091181356999 0.110217391629518 0.0140705939858905
0.0771424544260437 0.165830398122053 0.0626425145238793 0.141590281000643 0.164312590964719 0.0175092977403703 0.0284444010949172 0.170568848309168 0.171959213818206
0.110141438328819 0.163527189661566 0.106918422290798 0.200894013284335 0.180502322511389 0.0852270600759277 0.00481458809020213 0.0248657804203476 0.123109185336615
0.153534569845107 0.171105844241487 0.0297644198326947 0.214422365086523 0.0139840637996175 0.180712717507454 0.0487755483335674 0.115894950984063 0.0718055203694861
0.145046005625505 0.108151998074096 0.0668510130356052 0.183246150682968 0.13741386547944 0.128553891359465 0.0193608866782747 0.0143116732484243 0.197064515816221
0.202911818995746 0.0341670204870572 0.148493174324072 0.0315196146197298 0.233557796258985 0.0567499670300971 0.189133680973922 0.00935396349673786 0.0941129638136537
0.195569341282274 0.00255620522171139 0.188976152057627 0.0798624764743785 0.116621291455984 0.170414120986277 0.0829043593309935 0.0442012840586244 0.11889476913213
0.0792984308414887 0.162992494752759 0.0465160510682038 0.139712740068665 0.0867768210960107 0.0466641665874066 0.189553509201881 0.087683995770267 0.160801790613318
0.152287297157421 0.209920864670618 0.0377713803143015 0.0553101834382937 0.0717096577293603 0.166959005626641 0.112127518051822 0.112038257166308 0.0818758358452348
0.151389249192138 0.0428735398592225 0.0705522189264305 0.110756788055662 0.000383276916190917 0.0770906701637169 0.165634481190101 0.152110444528037 0.229209331168501
0.163405263436601 0.0850257670375645 0.21715098746454 0.0455809933067952 0.0532719972203514 0.0607002924227652 0.157300302498555 0.00964373660384439 0.207920660008983
0.14619297227461 0.0935389847019 0.0232095747723041 0.110235244330199 0.124524833537002 0.159271641869068 0.119736514259662 0.116064134617011 0.107226099638244
0.300999883113283 0.0996836823420059 0.0280575619958346 0.0853154888521322 0.0772756064621979 0.0581694962320944 0.188278616991188 0.0493331122388973 0.112886551772367
0.186354304186586 0.181247859686708 0.12063760023397 0.0342745908666575 0.00340065571682617 0.146179545828708 0.0947517134598704 0.0586992484068702 0.174454481613804
0.0858390364061859 0.126672402368455 0.0813965008020004 0.202222023345969 0.0898886713359722 0.196767706716916 0.0345784509312319 0.00625898617146263 0.176376221921807
0.0745817261388375 0.0361931828622337 0.0261980715348938 0.281740980986268 0.0298777857379177 0.129940946896196 0.0773860853106967 0.12285271588088 0.221228504652077
0.0615733770649762 0.229489003145277 0.147134201423432 0.0705750400543556 0.0226453111051707 0.132598468375244 0.0412684728471562 0.084155596492807 0.210560529491582
0.143676832746918 0.21684757402236 0.0206342416206339 0.0930456150588736 0.129244061862637 0.0652879671923672 0.0827939395473349 0.199133217401179 0.0493365505476964
0.242873755067602 0.205505441266344 0.239860858514913 0.0225222445062959 0.0571024341839632 0.0179371022041291 0.177305610829538 0.00112656219390398 0.0357659912333106
0.0844836164714166 0.118045495577511 0.0417522757390692 0.134248909451609 0.187363467437816 0.192538507150446 0.128066527207162 0.110008670201568 0.00349253076340273
0.0502790343923714 0.11831004382872 0.146258621227047 0.0930611665874262 0.180869239543406 0.0049041343117009 0.0857797436189855 0.181211622046716 0.139326394443628
0.110007400098218 0.167802562255695 0.228916054655274 0.139785898797076 0.0903664117318781 0.00763781838994537 0.0290030013514754 0.0573374584577542 0.169143394262683
0.14411160592866 0.0214721218657088 0.134410410983828 0.00596789584556146 0.17351488801755 0.193453816317671 0.116587050352044 0.129425622058988 0.0810565886299877
0.129362461362946 0.142529275015687 0.123015624335823 0.16719679515103 0.0878894169744697 0.107331410824667 0.0026319582635044 0.124792468607654 0.115250589464218
0.0472167527281476 0.0222210189418182 0.137422602506831 0.108027547651448 0.222918610672362 0.0948989644420379 0.0878344781091245 0.120946353745145 0.158513671203086
0.156841488394392 0.0622282802285884 0.19906257184043 0.018163351302348 0.0338120465503168 0.188003898297734 0.142203751542778 0.0955617134910526 0.10412289835236
0.145233912655006 0.0760370026777738 0.0661186561809634 0.188042493158963 0.180255145942728 0.175909329910431 0.0263947152867771 0.105724747444719 0.0362839967426379
0.0700992693152589 0.241569175890259 0.0543046910459907 0.0737539926714524 0.212689891427979 0.125632802281263 0.016619241416825 0.184378096772663 0.0209528391783093
0.111912034803534 0.065276326282891 0.040739029822609 0.00164040245183008 0.0344829752887417 0.0262390373987512 0.243507759132302 0.239030956119477 0.237171478699863
0.0321777305047943 0.0859534612272132 0.0740031437685672 0.16338124817957 0.0477747148270043 0.148663707514067 0.18802563972075 0.0905347087213223 0.169485645536712
0.0247511559959702 0.154497076452704 0.0412254984063488 0.124912486104947 0.0301025818914704 0.130314221437985 0.121811987733244 0.123991032554591 0.24839395942274
