0.172316011276744 0.22289054363922 0.092455559737833 0.239220348731987 0.273117536614216
0.181027612451255 0.249772624650849 0.141044443283777 0.151355391192839 0.27679992842128
0.172183708554393 0.154692984256544 0.293593245126809 0.290833996469311 0.0886960655929427
0.0410532997440256 0.271413784284253 0.289951756268144 0.285525038955018 0.112056120748559
0.156147612654244 0.0438953745226616 0.37126124796643 0.141523198797186 0.287172566059478
0.32753099522853 0.0537878599227772 0.0730755577129413 0.300814654625409 0.244790932510343
0.298405330031501 0.353659491073704 0.0624871722693565 0.101795403236328 0.18365260338911
0.112875575313702 0.332467284000529 0.173077559697945 0.0772670053253216 0.304312575662502
0.264315635109071 0.203422929152947 0.0248797063836882 0.25046937069269 0.256912358661604
0.472615624256195 0.352233952502621 0.00517302415207717 0.0172804339036715 0.152696965185436
0.323245857993615 0.136291199348696 0.234575075677277 0.270202138958616 0.0356857280217965
0.199755075954784 0.236194171568511 0.13760152882473 0.196669846498967 0.229779377153008
0.206574022431286 0.489440794004328 0.227443790593884 0.0595985067244368 0.0169428862460643
0.0927841336766421 0.694986886058909 0.0961804816294947 0.0314745982621129 0.0845739003728415
0.0689617119405618 0.311439764703978 0.285215523897158 0.214236414380764 0.120146585077537
0.35324488720071 0.154469029582657 0.204803808602278 0.0590257634958009 0.228456511118554
0.0293799608627549 0.386737957924181 0.2361773896897 0.17782985445624 0.169874837067124
0.311006193126127 0.285282341657575 0.166154486696214 0.0338143194775422 0.203742659042542
0.20817000879234 0.159755476398471 0.197930203107864 0.218925626741081 0.215218684960245
0.26434183117211 0.223069300207483 0.0904834372262036 0.0784365189882321 0.343668912405971
0.23939054750303 0.218282447369415 0.172468750082003 0.210528694918668 0.159329560126884
0.0102404235524379 0.360933873705729 0.369439175544872 0.0381042301863421 0.221282297010619
0.281022359220239 0.0489527829028966 0.35148048642245 0.290034283960382 0.0285100874940325
0.175794690209793 0.256105392587221 0.155997326520314 0.342220934936677 0.0698816557459951
0.227063422337284 0.112878749642761 0.248617745000219 0.29045067673015 0.120989406289586
0.42323280000158 0.151262862640673 0.00962963583600697 0.366943227164801 0.0489314743569382
0.354406360787592 0.3341074616107 0.161717113706312 0.0654903232262659 0.0842787406691306
0.164672908123508 0.0167464681579147 0.165055293095554 0.245430807178286 0.408094523444738
0.063387282274354 0.262101123460695 0.132310156169132 0.302422591439806 0.239778846656013
0.180132062814855 0.204846390247784 0.184858166756278 0.120605109694556 0.309558270486527
0.0756706594226847 0.161139572562652 0.24571441649747 0.225286123405539 0.292189228111654
0.264552745281486 0.373654058309169 0.00107622254698164 0.237893269529124 0.12282370433324
0.237502910049416 0.240716821753102 0.231373331175406 0.244949816323193 0.0454571206988828
0.320351282223653 0.335547120557051 0.125883002876026 0.0522308104421679 0.165987783901102
0.233509061951796 0.0967181665982996 0.300240614951863 0.0985119093270898 0.271020247170952
0.277276418928601 0.0402378643163128 0.170377660253652 0.136635766437813 0.375472290063621
0.149690083882907 0.0942764990283063 0.464740943528766 0.12425664689614 0.16703582666388
0.224094783675355 0.185040537898137 0.0305333687486859 0.487035400355917 0.0732959093219053
0.199040291407611 0.229936345902948 0.182317236897507 0.0589086642149394 0.329797461576994
0.315595839140952 0.160250331167468 0.222570746163267 0.21778715982645 0.0837959237018628
0.296416855821763 0.273452527267681 0.268380968497456 0.0989551884366725 0.0627944599764274
0.129174064358157 0.191538774908717 0.272599490220369 0.0216898756976306 0.384997794815127
0.286321896648188 0.251349382473844 0.165167416399397 0.0877314639502143 0.209429840528356
0.226435429172503 0.120340014509648 0.249136971188969 0.335554258563059 0.0685333265658213
0.114239452899355 0.0245203906476805 0.323629250316892 0.398748499959887 0.138862406176185
0.26069019668914 0.130181761591551 0.196222557389477 0.111582798870881 0.301322685458951
0.328475860649086 0.0767839823392863 0.325796721940266 0.261939227797964 0.00700420727339788
0.139379362668475 0.0448172222244988 0.406597707993756 0.387503324480478 0.0217023826327925
0.0225082152679164 0.188097279892381 0.315092385450765 0.308553551701581 0.165748567687356
0.134600530023149 0.139531313832809 0.154720504247773 0.250705034887496 0.320442617008774
0.255985552028795 0.437011475502891 0.168260396122844 0.000993858988931537 0.137748717356539
0.0987850782003224 0.104008864703942 0.221829026535072 0.252306593711236 0.323070436849426
0.169166762274172 0.0723956164523251 0.344337053383195 0.323032055915289 0.0910685119750182
0.0511394791439081 0.23242730322204 0.277424743792311 0.234031134135246 0.204977339706495
0.279511119293421 0.335738091070333 0.0299683740349172 0.190850540872794 0.163931874728534
0.110038102949882 0.273789231893099 0.159559536564014 0.272710104160733 0.183903024432272
0.332557475934529 0.320745413356732 0.210032007557743 0.0723827663707326 0.0642823367802632
0.12737352123663 0.299433380929154 0.288667703981193 0.042727903051197 0.241797490801826
0.0728109400182185 0.318865237633167 0.238710377708878 0.00784185741670077 0.361771587223036
0.18769125643806 0.276406133515557 0.0620278051887291 0.188680547409736 0.285194257447918
0.336999987358385 0.0602054871310148 0.163124903201049 0.15018364777922 0.289485974530331
0.0900858481138416 0.388823766591987 0.203416417608666 0.156708075635421 0.160965892050084
0.276549988289502 0.114984453155516 0.24602354735007 0.128687302224583 0.23375470898033
0.285971616568621 0.110982793017551 0.0223836937631554 0.319068169762334 0.261593726888339
0.13428998347548 0.268844231897068 0.345059780568066 0.0616716798481182 0.190134324211268
0.0713704752043678 0.295288187975435 0.340005013433991 0.186994340005415 0.10634198338079
0.110627054722028 0.0492328454835239 0.387991976835901 0.190175097887819 0.261973025070728
0.00773380608287141 0.318026354329141 0.0644297770386103 0.107917999675204 0.501892062874174
0.244468934020092 0.112860700620836 0.394116895815983 0.197374476914556 0.0511789926285328
0.41681045693445 0.0309578880731798 0.213925081395767 0.295524946829426 0.0427816267671774
0.102629508289213 0.0774879115521858 0.201624014806465 0.0405570746068174 0.577701490745319
0.127184738419356 0.130210636233365 0.266095039677794 0.262060975243117 0.214448610426368
0.305804261901452 0.186881188862969 0.395278551965416 0.10129868741661 0.0107373098535528
0.0485146262250119 0.0393772396322081 0.47153595170485 0.173950235392485 0.266621947045446
0.110036632189697 0.229575607699462 0.26523462198109 0.10757539339181 0.287577744737941
0.15281455243431 0.388876451927896 0.0166528166406288 0.135940039832409 0.305716139164756
0.198737016053551 0.136600689572848 0.1947519989874 0.248666574203781 0.22124372118242
0.300532798270551 0.36285003910837 0.0993613762746907 0.15828339019115 0.0789723961552381
0.292869386041244 0.218308327393768 0.103013639201897 0.212630133824911 0.173178513538181
0.214620328730646 0.131896589229052 0.265258101606209 0.254060113639884 0.134164866794209
0.18935085643813 0.158603386252097 0.232932874841743 0.310231514925056 0.108881367542973
0.0810072309993387 0.0554597374473889 0.236616520047363 0.361034443455873 0.265882068050036
0.0401482788520107 0.337426572787352 0.205822650814686 0.191841423591721 0.224761073954231
0.36468955086488 0.168616553178214 0.0439127771134527 0.136122162048911 0.286658956794543
0.071414528615344 0.305717429370193 0.159834560985823 0.14893875768023 0.31409472334841
0.165316122810728 0.194325105073701 0.157044136558486 0.137053159628974 0.346261475928112
0.444844273761467 0.294356885669227 0.20353871410267 0.0366622596096071 0.020597866857029
0.106000974911762 0.242781159790133 0.0822790065028927 0.298139714602738 0.270799144192473
0.310089432061364 0.311803170375658 0.0480029841907913 0.110674720811319 0.219429692560868
0.367353555345078 0.00582984340651011 0.0880977636869398 0.208269112784517 0.330449724776956
0.000697115565849003 0.0763871399849952 0.330481961190765 0.258525395450849 0.333908387807542
0.0911420649124142 0.258148002805957 0.0416350731747903 0.149270392798483 0.459804466308356
0.0534680340333777 0.0264806241125898 0.314397485149934 0.264634845792633 0.341019010911466
0.211196604278374 0.0203919546279706 0.163899966657121 0.291241800970157 0.313269673466377
0.268690260381432 0.0276820952501309 0.16417143088256 0.240803934264073 0.298652279221804
0.0747279045367606 0.122354677334501 0.0749980192386588 0.226997656449089 0.50092174244099
0.435135909255917 0.0777924834503014 0.321259733612146 0.165641296398603 0.000170577283032527
0.0382984695278781 0.138545533415005 0.032325357205796 0.178847496536993 0.611983143314328
0.27003585567028 0.202309446654905 0.166370436460872 0.071983038796005 0.289301222417938
0.389181503900115 0.0535377379900327 0.210265613478233 0.0776295503131543 0.269385594318465
0.358679968292165 0.126536784367961 0.166300077400163 0.190457442717718 0.158025727221993
0.100525783404374 0.213180300874257 0.314374503061737 0.30238821935635 0.0695311933032816
0.104322986557339 0.133423301226545 0.162633385596758 0.316132568288065 0.283487758331292
0.10973333493512 0.367362243250656 0.198162063196266 0.296426407220213 0.0283159513977447
0.206070294493709 0.0617043225772736 0.228527742837907 0.28366388491033 0.22003375518078
0.069015728404321 0.125554036106414 0.293791269938989 0.182657343018884 0.328981622531392
0.051382384856585 0.0689196960856339 0.494104084887536 0.171170607853418 0.214423226316827
0.129005364987228 0.0912297835788096 0.192490715512496 0.181494988575545 0.405779147345922
0.297424003562779 0.164914838084451 0.21973689933781 0.212261635863893 0.105662623151066
0.301763171239883 0.134672683391542 0.023461359140478 0.24460703633566 0.295495749892438
0.0974648919657048 0.225076812869376 0.131151979656159 0.281451226726352 0.264855088782408
0.254335653665269 0.24292832060962 0.147278151198185 0.00164932672317371 0.353808547803752
0.311350419644048 0.30863216185199 0.247214455089435 0.0919510959052686 0.0408518675092573
0.436333044197204 0.0736760296917326 0.146727072156826 0.32887552919579 0.0143883247584481
0.244864427468353 0.158960015819374 0.214182161695411 0.244214063072665 0.137779331944198
0.256340557269985 0.211001630849142 0.122722942965046 0.334774679019388 0.0751601898964391
0.248392337658974 0.183021369145406 0.249304152271111 0.130890722527264 0.188391418397244
0.0767629739562677 0.22044501628096 0.297410288392992 0.299812760008342 0.105568961361437
0.148846893494646 0.0907507774406105 0.311582503401292 0.385461725835921 0.0633580998275302
0.0375591961974664 0.431531563722637 0.0139081170813909 0.150577372242899 0.366423750755606
0.251732357612424 0.200182503746459 0.270280617490755 0.254432507848235 0.0233720133021275
0.0598485502170052 0.278726269730225 0.29851649822168 0.0967084858858476 0.266200195945242
0.0700048692126586 0.202397097462994 0.174437445118074 0.295191557319619 0.257969030886655
0.0970072485718381 0.0586493477838669 0.25597237320269 0.0842046152118555 0.50416641522975
0.153188562854097 0.21509882456848 0.361167425167547 0.0716144043608636 0.198930783049012
0.288194841246462 0.040788956260261 0.154083589288352 0.205039969177439 0.311892644027486
0.219401008565148 0.0142125029331789 0.104106576530694 0.27958718953434 0.38269272243664
0.150030932118054 0.0915599644174894 0.168411873526908 0.106996535379191 0.483000694558358
0.183830044259761 0.24594881621345 0.248315061057254 0.296965368369677 0.0249407100998572
0.221615918885903 0.22236455688787 0.25377757742158 0.151604183827183 0.150637762977464
0.32207629459161 0.0893548239058511 0.0526791779144286 0.354082100944697 0.181807602643413
0.345636488808842 0.199208295812468 0.0375858445660305 0.125793922029178 0.291775448783482
0.168884335650253 0.288442834554709 0.136605364601858 0.393747154421635 0.0123203107715447
0.134439596293508 0.250343279405005 0.136646309262268 0.17454873187696 0.304022083162258
0.294722210020089 0.317638765533402 0.167001673217012 0.0517792720479182 0.168858079181579
0.262753840179733 0.112619890913836 0.2379803234876 0.210478522980104 0.176167422438727
0.291642796096159 0.191178320861541 0.207616077292693 0.0978456873260983 0.211717118423508
0.0366899728868403 0.0401726295794437 0.31243483863063 0.385459307498108 0.225243251404978
0.210184022169464 0.340676798093909 0.336330507403532 0.0822368127086602 0.0305718596244347
0.254983211016357 0.257695648394671 0.313886580028709 0.161053391632979 0.0123811689272831
0.223785155474912 0.0182541675495872 0.485603722173958 0.218937525828678 0.0534194289728652
0.034026724314001 0.223180557424421 0.0272989708264977 0.260532843412082 0.454960904022998
0.146191758310089 0.0193694541567837 0.0396062661397567 0.43674798778456 0.35808453360881
0.0834750234798273 0.0816047219634192 0.188708715720598 0.292710655741414 0.353500883094741
0.185868083598467 0.15047931940854 0.111156295793938 0.27431890746678 0.278177393732274
0.0483663014131683 0.343610356102979 0.241860687811685 0.193511227205875 0.172651427466292
0.329409790481806 0.103238378905601 0.242389561019871 0.264569972755602 0.0603922968371207
0.201949852597985 0.194231120418838 0.263036009526573 0.0452894200557612 0.295493597400843
0.14316557771343 0.358523459141665 0.308942174867482 0.173435962166521 0.0159328261109015
0.312873542414036 0.027769247417304 0.119399529984723 0.24506014987563 0.294897530308307
0.431466009244255 0.0105457665762918 0.247895380333049 0.131049668125887 0.179043175720516
0.0823774886480714 0.0328402122222361 0.345548626143984 0.343856112412659 0.19537756057305
0.178982184619204 0.120188207949449 0.224937627292227 0.20089215714573 0.27499982299339
0.142715254458358 0.394094353673247 0.16914384973636 0.0942162510923857 0.199830291039649
0.134474463033041 0.215009111219901 0.382170908752177 0.107043463831056 0.161302053163825
0.312960022511817 0.314936009096614 0.188971807389137 0.181384472383234 0.00174768861919793
0.270094451985971 0.204283147389115 0.241739189630727 0.0667430090570186 0.217140201937168
0.0608466633208248 0.418941252400759 0.266954476041876 0.119032657319699 0.134224950916841
0.114497069121663 0.203677644423551 0.103155663462679 0.445496977397113 0.133172645594994
0.0569405630243183 0.388792656790919 0.0225727679936489 0.239730459453841 0.291963552737273
0.114894316823375 0.251933486609241 0.340942420109567 0.0647916412829011 0.227438135174916
0.231450423955779 0.213884222378701 0.043706956469381 0.315491035995588 0.195467361200551
0.191113870232024 0.156213623281646 0.277598081380876 0.270343490055787 0.104730935049666
0.0421520271349319 0.238669446348803 0.275760787892738 0.257421363537473 0.185996375086055
0.232459669051143 0.242212832634486 0.20129945071212 0.075813816901116 0.248214230701136
0.256078309132701 0.246793368815516 0.0651278656353187 0.274142129735316 0.157858326681148
0.125989106569353 0.42059083129926 0.211645217094828 0.133408724897076 0.108366120139484
0.0192060113562995 0.252223976605534 0.081330024359357 0.377933441971673 0.269306545707136
0.113115535765264 0.265933764895218 0.217586849949489 0.350469303308104 0.0528945460819246
0.251899233117589 0.289226801262382 0.00242672628391204 0.200396963028837 0.25605027630728
0.328162681344085 0.172643408239466 0.164288030491082 0.328545533708031 0.00636034621733616
0.202284458665803 0.236772573137257 0.202018315425388 0.121213121937686 0.237711530833867
0.245853629015218 0.151787170420214 0.209108927022086 0.152378563253047 0.240871710289435
0.307865195782655 0.271270257824399 0.0438223081855307 0.0128520757354549 0.364190162471961
0.17140367309693 0.024659203467133 0.382838170536178 0.0588693761577089 0.36222957674205
0.344911383517574 0.0618720463192587 0.326840458306476 0.218928716352463 0.0474473955042269
0.162331348770261 0.219757626383105 0.197548436956653 0.405069970639067 0.0152926172509147
0.278428244537711 0.0670967165942767 0.185996267609114 0.349959638840451 0.118519132418447
0.0158730869277133 0.536710202818346 0.341588240936664 0.0487914137256107 0.0570370555916666
0.0592904930644315 0.0573364133555539 0.287331388236702 0.469494490079346 0.126547215263967
0.173740743268975 0.131508744363518 0.117834188469157 0.533759409182092 0.0431569147162578
0.058978414394311 0.137493447657612 0.212243380846992 0.240481289010053 0.350803468091032
0.255426823288747 0.310545475561763 0.153854882877301 0.121125756718704 0.159047061553486
0.104435251055871 0.136124563935816 0.253837302793813 0.207249565802231 0.298353316412268
0.382546604553663 0.0608907295246744 0.152103845909735 0.0126022859683892 0.391856534043538
0.124795848926469 0.116603909948406 0.322623193603269 0.28168906171593 0.154287985805925
0.0538584345615305 0.0954988472232974 0.226230067896528 0.30514329461957 0.319269355699074
0.124714413050191 0.248368916886932 0.138038336763636 0.304408469114045 0.184469864185196
0.23598350796134 0.403137966685158 0.0508639925356814 0.139281730607127 0.170732802210694
0.0046632789292434 0.241639545623992 0.362955533859045 0.287847877829369 0.10289376375835
0.235988247728141 0.115596432497621 0.33062989520204 0.152956792244806 0.164828632327392
0.0325237729536328 0.261307551346481 0.348868387885221 0.346186144388035 0.0111141434266303
0.431299292628637 0.23430525705392 0.172177222330656 0.0434300018386208 0.118788226148166
0.297984648779712 0.0143870391773474 0.175310906955823 0.19224130593839 0.320076099148728
0.225845217775148 0.117395710206619 0.248556276976927 0.188026016265169 0.220176778776137
0.113987887936177 0.256867389759387 0.198540559749748 0.268728394667862 0.161875767886825
0.215237382252031 0.186966152368366 0.230629398692143 0.0847216503131656 0.282445416374295
0.106294561850941 0.308818724891491 0.107088098890991 0.234873738687713 0.242924875678864
0.269521579565022 0.163030530419941 0.0580117722337653 0.421045462352686 0.0883906554285857
0.210176723149545 0.400174463164032 0.139452569296122 0.0146702116177925 0.235526032772509
0.124681957716609 0.323344796451507 0.0197700058296827 0.325648626720914 0.206554613281287
0.115717758046722 0.498102191299233 0.126246485127907 0.185551623020961 0.0743819425051769
0.0982273627505927 0.277808158368298 0.252452846851717 0.234029792535363 0.137481839494029
0.286162365802947 0.201269305577528 0.283629553440916 0.0587259503699808 0.170212824808629
0.359515189596835 0.0806832477022474 0.247966083507176 0.128127218136057 0.183708261057684
0.184371691054429 0.237872915076564 0.0745552955038826 0.179217977805095 0.323982120560029
0.223677033205731 0.0382333161918658 0.191420680422642 0.225462658532736 0.321206311647026
0.121858235884315 0.308729713291272 0.00788001694038743 0.370439215346198 0.191092818537827
0.155429392957114 0.215498448402105 0.0735831075499781 0.259758570483416 0.295730480607387
0.501432621105782 0.221011789049615 0.0655750311142412 0.127940598819708 0.0840399599106534
0.104325345665542 0.326237749107228 0.0895014030890084 0.24615964332874 0.233775858809481
0.23942990488236 0.348643088844331 0.099589469678051 0.0498975438500853 0.262439992745172
0.321563636525881 0.03083187405315 0.142660631055936 0.155530765671334 0.349413092693699
0.255778189900333 0.293666045073513 0.339816201872907 0.0788656295414676 0.0318739336117798
0.0780240371548591 0.238521317481781 0.168909535279256 0.29672765761317 0.217817452470934
0.25229831661796 0.30465416118384 0.215417029260038 0.0242333880930733 0.203397104845088
0.16628867450098 0.0104711411429409 0.293797683309083 0.239196924064289 0.290245576982707
0.00933895575958317 0.194274263762582 0.103726480351707 0.238270729731601 0.454389570394527
0.173593689049091 0.188800979042786 0.0905420233210371 0.311912239418762 0.235151069168323
0.446236110853425 0.0273807738493265 0.0101091423273354 0.17895874563236 0.337315227337554
0.0214168985802858 0.383175544214056 0.0431517604208031 0.218533436777776 0.333722360007079
0.159204483439695 0.333734568275374 0.0440802139324553 0.194581261096552 0.268399473255923
0.173770313959756 0.142717962981564 0.101432678246804 0.450597810799028 0.131481234012848
0.18761110585234 0.0897207869964238 0.193129136722358 0.301679742963383 0.227859227465496
0.187785399761109 0.279280091544044 0.183379419006872 0.243428761154475 0.1061263285335
0.178592016998708 0.30141017281236 0.150082978439135 0.32068113658581 0.0492336951639866
0.471886282656191 0.0290255710659107 0.0825805420790505 0.231796531072152 0.184711073126695
0.197944487827266 0.167191817059593 0.431166323687537 0.164105242436014 0.0395921289895904
0.161041249323296 0.243092335002817 0.0141041999168713 0.260261496801535 0.321500718955481
0.240499396317691 0.161106859521354 0.191467371965906 0.0473314387037928 0.359594933491256
0.320326637870267 0.0105239744870459 0.319831999471643 0.0263500241866178 0.322967363984426
0.0927968116340018 0.19487991618016 0.324019768374202 0.173032598155869 0.215270905655767
0.383063116952826 0.124586424958968 0.250323920697016 0.119538287630214 0.122488249760977
0.412487183922059 0.257608487842357 0.226740184522807 0.0782041898735214 0.0249599538392552
0.31030962411746 0.315743309534839 0.0832705786992055 0.231421310598669 0.0592551770498255
0.0287708341941666 0.242484011280168 0.255029052134686 0.260709316968975 0.213006785422005
0.495941499718481 0.1775117512477 0.0632953114603194 0.110506072409597 0.152745365163903
0.203227257147168 0.279252136381306 0.0025616990619977 0.375389105507526 0.139569801902002
0.22624797832087 0.0099986997562641 0.449234119274322 0.170310244802329 0.144208957846215
0.149277009473909 0.133487266729809 0.299958476903651 0.166761282373538 0.250515964519093
0.0508219456878987 0.232245986181092 0.148555660145168 0.32263692126974 0.245739486716101
0.0480809976055358 0.223520260176393 0.493748543197771 0.110358048681068 0.124292150339233
0.189507092726794 0.0988432495137895 0.399688568233256 0.0886970922999021 0.223263997226259
0.236103393975733 0.190795171396662 0.245687571728635 0.0385549239603732 0.288858938938597
0.189396808052034 0.288401226232288 0.085441720565436 0.248277707752336 0.188482537397905
0.325728405840613 0.313924097789912 0.092119517633435 0.0584844599525339 0.209743518783507
0.339247607526408 0.37552846190142 0.0838664735275179 0.0790850031335713 0.122272453911082
0.211604584502263 0.235585616524481 0.188233709260475 0.2085745263475 0.156001563365281
0.283895660655879 0.284609871150727 0.0483321471748887 0.157612800516878 0.225549520501627
0.314647877701236 0.238193164580151 0.0267759268896204 0.156409362587464 0.263973668241529
0.395126567132556 0.242005450006762 0.0125778936487574 0.310621819351388 0.0396682698605364
0.0476608179690419 0.0863381753415108 0.497199941349831 0.0230346162033791 0.345766449136237
0.0666847416625175 0.218978208342484 0.197039051338731 0.255190500932664 0.262107497723603
0.033683203697743 0.0546703991643383 0.30488786261374 0.275559028744166 0.331199505780013
0.38121346737098 0.0819341457099559 0.11682916256854 0.134304101519734 0.28571912283079
0.0875222977771288 0.244516668492326 0.621472244906168 0.0284624396388527 0.0180263491855243
0.314948395459147 0.469532682594299 0.144895347619445 0.0357926249294596 0.0348309493976495
0.102431246449021 0.0393324550223547 0.265816601405067 0.405196019002041 0.187223678121516
0.0575571683780851 0.13623808453867 0.47828768659162 0.150809030581758 0.177108029909866
0.134028685052234 0.0770119116842161 0.308388565595511 0.20773334370763 0.272837493960409
0.318026563622441 0.00239453700586963 0.296196397895229 0.318996986207578 0.0643855152688824
0.110070084729191 0.176459189812446 0.11362875225477 0.473878985856086 0.125962987347506
0.342145857368164 0.345059978895893 0.186882070262674 0.00709461114212354 0.118817482331145
0.0401639837167565 0.0739494942358686 0.0619223754704372 0.412100164157874 0.411863982419064
0.175774649353322 0.219316000992267 0.19490027323513 0.197070638600299 0.212938437818982
0.105710446324849 0.248576044150006 0.341426881056024 0.0636071402615105 0.24067948820761
0.255367736045516 0.0737940338912225 0.030780340956043 0.279115213393001 0.360942675714217
0.349669247160367 0.407715249008091 0.0627329904971218 0.0360874825858893 0.143795030748531
0.0167865389062719 0.0701460876256141 0.32654785411212 0.379478515771831 0.207041003584163
0.534857619709454 0.119889622479763 0.23224820655389 0.0586528691359737 0.0543516821209202
0.256301370419166 0.436882536950476 0.0799547625466829 0.122698848699933 0.104162481383742
0.0569407202139376 0.253561206696776 0.14955381438182 0.325007070071304 0.214937188636161
0.267433665889644 0.241623522254603 0.278478721591525 0.00112779865989714 0.21133629160433
0.121476627177162 0.262709376887503 0.0474545209132443 0.180500770955753 0.387858704066338
0.334591633109345 0.0139434079171403 0.303728488741121 0.150591001514336 0.197145468718058
0.0954585756489642 0.231025127885392 0.210332525204401 0.246558313510813 0.21662545775043
0.31777020588924 0.312544147556022 0.173226357348795 0.152265600206909 0.0441936889990339
0.240388493488312 0.113158583755054 0.263139273189904 0.19302347401459 0.190290175552141
0.121241944112338 0.278570232048862 0.254333017742326 0.121381870821007 0.224472935275467
0.394224964920328 0.324895903440828 0.175019790130834 0.0895091411792138 0.0163502003287963
0.305591894782907 0.288433029400651 0.0553348728291448 0.250026419185988 0.100613783801309
0.196686996942263 0.245995821571315 0.0985854046829996 0.310214484814425 0.148517291988997
0.152640972320379 0.282713321231083 0.271071052539025 0.206247584307932 0.0873270696015805
0.3415411151051 0.245097728904517 0.0834906148270474 0.0851796468409717 0.244690894322363
0.0828569246395907 0.0981330819512382 0.357799277144954 0.266685580342579 0.194525135921639
0.363277193944433 0.115081824782543 0.0866335983487422 0.232823012868013 0.202184370056269
0.448895134577101 0.473651281191675 0.0408511791801428 0.00101253783964742 0.0355898672114344
0.143957551727844 0.421179550901794 0.108269812161643 0.176739560377006 0.149853524831713
0.0857431182666986 0.203903953947922 0.260107328875029 0.308955377417973 0.141290221492378
0.207287142305186 0.263437455587456 0.1206787245134 0.0747821637523674 0.333814513841591
0.226508083699171 0.140774681849143 0.19845164075875 0.247545944910747 0.18671964878219
0.303063094712624 0.273817815861678 0.284760827081582 0.0398462102680065 0.0985120520761106
0.239824835428878 0.248903807385311 0.203628170623964 0.21637185915223 0.0912713274096162
0.0461672114374123 0.0832844422081989 0.000834769693068322 0.485311046402471 0.384402530258849
0.199755531707405 0.000858190323543239 0.210806566049081 0.512911047033601 0.0756686648863701
0.30275353094186 0.101170519367775 0.0252744190140611 0.174715434944337 0.396086095731967
0.356927833759917 0.00858613454782342 0.163042249413394 0.387225822322499 0.0842179599563657
0.0974757723212759 0.308094416213237 0.324506077163177 0.173794685140098 0.0961290491622125
0.262197033758992 0.0741918984142955 0.327642693095957 0.112071474594401 0.223896900136354
0.207815474101765 0.23102334978275 0.17047152726877 0.0520164053111898 0.338673243535525
0.345827501286954 0.107258382350765 0.0438207126214843 0.268403695982314 0.234689707758483
0.203482681316842 0.0436821664135856 0.358360643255045 0.353153183428312 0.0413213255862154
0.256667556022607 0.139359170896866 0.188511372629202 0.135415061933214 0.280046838518111
0.0572855775917583 0.260950729890303 0.387831236877463 0.00312736690046504 0.29080508874001
0.286244459027751 0.314991908008875 0.149817631435607 0.151148963011256 0.0977970385165108
0.204837514124032 0.034104376939017 0.00830852234222546 0.404412103721528 0.348337482873197
0.149616983697833 0.259955942359667 0.172944296624158 0.281795265508656 0.135687511809686
0.31115147947121 0.307992836341904 0.209065682675964 0.0548337937946107 0.116956207716311
0.321844555286606 0.152800764643023 0.122005368495258 0.256185033238668 0.147164278336445
0.160216126847731 0.105233101691552 0.135526604719465 0.48582028640065 0.113203880340602
0.241169635333798 0.250151910551922 0.198385627827812 0.232774545209239 0.0775182810772292
0.277172835414368 0.185745834144623 0.134512363788982 0.0343377259239264 0.368231240728101
0.167635671293115 0.155947494054172 0.222715220127246 0.162802652467843 0.290898962057623
0.175122062037903 0.12025315585317 0.113097531298407 0.353807239960609 0.237720010849911
0.151997349875432 0.137220159259152 0.287291330826998 0.25739541527257 0.166095744765847
0.246961774578073 0.134145618300631 0.206627142570198 0.229617068129993 0.182648396421104
0.0670797056013128 0.289622234476075 0.143988870805336 0.366088729468032 0.133220459649244
0.308843121876938 0.266812068251085 0.00400078984005839 0.238740827134223 0.181603192897695
0.0973971627168037 0.252626021962908 0.268168323165996 0.259333295246918 0.122475196907374
0.121288146413904 0.380006316948039 0.120275478462592 0.00582062017613496 0.37260943799933
0.0744804170782347 0.305963838305114 0.154074968774529 0.15079932352201 0.314681452320113
0.210469316243438 0.0785349306080392 0.240466586810772 0.184674395198203 0.285854771139547
0.0809538664232384 0.332706378508615 0.45574497005702 0.0267190672891235 0.103875717722003
0.124866310827431 0.0877029552250061 0.464384482832646 0.0775924515790046 0.245453799535912
0.0709486524859906 0.47804798478872 0.000540454294318022 0.341798931501006 0.108663976929966
0.182614566311497 0.304447630006393 0.121041032687469 0.102908328175136 0.288988442819506
0.257699235365825 0.180100057233685 0.158035865033234 0.173806126616437 0.230358715750818
0.165223963602635 0.29345365874528 0.265949135163169 0.0352039587247356 0.24016928376418
0.220616644647201 0.420179867886387 0.111241829891219 0.0928430421808498 0.155118615394343
0.263167400643942 0.20041026703286 0.13242383647962 0.16589961011584 0.238098885727738
0.229216293343384 0.166786277946625 0.0124069121214634 0.316652815841208 0.27493770074732
0.379498760623882 0.171829161236792 0.305567556975593 0.0154139899816046 0.127690531182129
0.249349307261675 0.144641683811461 0.179135717871328 0.303768565778863 0.123104725276673
0.255548022983912 0.27192461987059 0.13321991860899 0.165310808201191 0.173996630335316
0.110509386464818 0.346709197268684 0.255768108006966 0.257747897770609 0.0292654104889239
0.251645568396616 0.28927570899354 0.189396835798452 0.187931511344461 0.0817503754669304
0.0593776361348642 0.415226265914213 0.0509197471617436 0.250237278911425 0.224239071877754
0.00469789040895355 0.123488451920411 0.486908104793942 0.0967053967895837 0.28820015608711
0.411164412201337 0.392815142573882 0.0657248553909072 0.12548427629861 0.00481131353526372
0.212511014450947 0.0622940852131721 0.118041474296926 0.469265005460335 0.13788842057862
0.450301183780615 0.110757504833262 0.0720864155778535 0.266369478219966 0.100485417588304
0.247943653846161 0.258443835177138 0.00965945248754554 0.244156174045667 0.239796884443489
0.252206946218975 0.289605185362687 0.339839971700378 0.0481637175460094 0.0701841791719504
0.290068548058281 0.374765983087654 0.137167956646114 0.0743276378520587 0.123669874355893
0.0421503778013536 0.236695657856293 0.22820983397537 0.228248807534022 0.264695322832961
0.315962108124902 0.311855880987444 0.215389234593799 0.0494819650452562 0.1073108112486
0.156784861651494 0.283390351483273 0.304549454279279 0.080055904960613 0.175219427625341
0.0174741074503724 0.0291681021369965 0.33522737721543 0.290071693846214 0.328058719350987
0.120330322135192 0.134397588586658 0.183574500978456 0.263678953311376 0.298018634988318
0.107805118425868 0.415975219898631 0.145917394126768 0.161974593271573 0.16832767427716
0.246365036545231 0.324650281525766 0.0958036505001713 0.0351904010271899 0.297990630401642
0.0933449082668618 0.273345517864436 0.178078160003272 0.386914982067055 0.0683164317983758
0.111123844717167 0.223540506471438 0.211167036661014 0.000849074315534197 0.453319537834847
0.25615281810726 0.273938133611313 0.0958128742693887 0.181762324772545 0.192333849239493
0.0174595061066911 0.168946005076259 0.316441279246803 0.16309312462689 0.334060084943356
0.399101350907372 0.11115544756133 0.384041935279752 0.0740289389595882 0.0316723272919576
0.0649882227650757 0.217880249346236 0.270450985007193 0.221055460622792 0.225625082258704
0.250771272005013 0.0980371552919794 0.249043972794465 0.0204303207453519 0.381717279163191
0.180240635652763 0.0891588012485214 0.148674295924474 0.32519764924655 0.256728617927691
0.261646222334588 0.0770607562480022 0.0818132585660472 0.249387598419175 0.330092164432188
0.104914857806831 0.260210062232942 0.307108220717017 0.236607304335923 0.0911595549072868
0.185228371408806 0.100899650565488 0.379025978952147 0.0709002295750334 0.263945769498525
0.211696727333779 0.326156566762044 0.102558175196653 0.223860460367001 0.135728070340523
0.169541290099155 0.32297317162934 0.00258092606572745 0.179071540029876 0.325833072175902
0.213467987328077 0.160653752364978 0.220874202136663 0.31848878880072 0.0865152693695615
0.0881754180033361 0.305139737045575 0.0538985897393966 0.241858890503225 0.310927364708467
0.0452926335055546 0.119972892284531 0.0476112545320251 0.208757854550725 0.578365365127164
0.252920651105188 0.121565520661182 0.238017254355665 0.153548934761964 0.233947639116001
0.168025738244674 0.194841982321105 0.162438638054083 0.225381033443009 0.249312607937129
0.319139259077219 0.0183744931815169 0.192608439576174 0.226231231242458 0.243646576922632
0.133238013282664 0.18196209724627 0.126143380234965 0.234571015484464 0.324085493751636
0.430074919082654 0.45431747011265 0.0193633489945884 0.0696290138225376 0.0266152479875693
0.141954120431949 0.0159583830069312 0.108664088665919 0.628754160115418 0.104669247779783
0.250584421282861 0.230095826698508 0.0650318313669192 0.225766822335038 0.228521098316674
0.228108367635076 0.361198092342344 0.204503104384472 0.163020741769532 0.0431696938685761
0.367412913869775 0.0762834093071924 0.40706059846052 0.0995755131460533 0.0496675652164594
0.205725847130137 0.232117010246089 0.208836357916787 0.14404790012529 0.209272884581698
0.306845508169198 0.0234631134396261 0.360185474270733 0.267850240650041 0.0416556634704017
0.0651320946681186 0.148088794750944 0.079288375669396 0.362202541210192 0.345288193701349
0.348189098617239 0.177884614242674 0.145071760271473 0.237448045931968 0.0914064809366459
0.285938260388221 0.321559558859971 0.192002356234152 0.136519979706191 0.0639798448114647
0.235200520840837 0.0566544319629675 0.249680856113655 0.162803988040204 0.295660203042336
0.0839905800625711 0.131399917060979 0.497353577106477 0.136489620010755 0.150766305759219
0.0933609379945639 0.0985789649908597 0.250563187114418 0.489481119839636 0.0680157900605222
0.249947740362697 0.262095947880518 0.258376847209674 0.036594495375235 0.192984969171876
0.0505087805278112 0.173214107198214 0.309353911262278 0.174900948738789 0.292022252272908
0.0054287555798637 0.371309138425599 0.108727444271698 0.258578584726895 0.255956076995943
0.0149466573772786 0.373753870173898 0.0480584854015369 0.368143176057434 0.195097810989853
0.160001182572609 0.0423870742515148 0.134473400680808 0.390980303238145 0.272158039256924
0.157632373046152 0.165987731462142 0.1949568331984 0.299434973911887 0.181988088381418
0.00729488702620395 0.18461653551413 0.436297896617761 0.0789171335702579 0.292873547271647
0.293584482318135 0.191888937855101 0.285356220604223 0.129718397992243 0.0994519612302973
0.313861093789333 0.251971773510893 0.254391452425746 0.0129345183991618 0.166841161874866
0.270393868034502 0.104607209900292 0.190299056002105 0.152524821325336 0.282175044737765
0.239104985230029 0.0584438395373051 0.327573550993 0.150166992168887 0.224710632070779
0.174771863855919 0.106200306092186 0.216365977346276 0.245741648652504 0.256920204053115
0.235812690701311 0.0645014536835561 0.375822154261578 0.255426657069092 0.0684370442844633
0.02019227994966 0.0028114895210996 0.336072021300279 0.22401785026254 0.416906358966421
0.189454611258951 0.0802951592586884 0.120738468115064 0.414091223950354 0.195420537416943
0.304812240550919 0.251260343460535 0.294258375621648 0.12908204715317 0.0205869932137267
0.0836314357841657 0.182481607302513 0.230679835782495 0.0306518162007656 0.472555304930061
0.271943877585899 0.256194615709273 0.255729199982982 0.0416475442061981 0.174484762515648
0.145224685750376 0.308200765305773 0.0426489938253341 0.255401368885888 0.248524186232629
0.0590854743064094 0.246387056808307 0.0709832623700172 0.295486645972817 0.328057560542449
0.208255698856968 0.335168045454883 0.0986727557392779 0.131530926174998 0.226372573773874
0.359672745455578 0.1776815848965 0.372895888908185 0.023691721105665 0.0660580596340711
0.0533922231157271 0.165005127105176 0.106603424936988 0.422065420095464 0.252933804746646
0.0889471686496467 0.345178186023341 0.285281671028504 0.124483826791286 0.156109147507223
0.139939204630832 0.241968248505848 0.0704652606694237 0.460716827172817 0.0869104590210795
0.190487982555016 0.123461980588414 0.410213359378125 0.254323765604394 0.0215129118740501
0.263367257085061 0.299902755239575 0.169508330357795 0.0123169364522217 0.254904720865346
0.00695832084687585 0.339617761968727 0.375017252765237 0.0257220178572872 0.252684646561872
0.144750462157163 0.080606678093905 0.111993783218603 0.31748969748349 0.345159379046839
0.184942877372278 0.0986920715468624 0.413056723282737 0.163477331965994 0.139830995832128
0.302748250498186 0.277376208213578 0.0364460396803819 0.363208107171075 0.0202213944367788
0.152716218223184 0.247941969528124 0.477422148934343 0.114251036003261 0.00766862731108801
0.138649107652392 0.418148882899094 0.0728496305160996 0.259316092674163 0.111036286258252
0.255820263483874 0.065497021825168 0.124041410241187 0.373299878393485 0.181341426056286
0.119405149002925 0.0266132595458788 0.334646947870998 0.37034645789812 0.148988185682078
0.443095828706697 0.0303680263184413 0.0848909494106155 0.134498591759655 0.307146603804591
0.0368865563297105 0.282167572114537 0.245859934685153 0.196295902458554 0.238790034412045
0.140298805719594 0.228256487802882 0.300504786480622 0.194285948101515 0.136653971895387
0.326904457226412 0.0888713749099 0.370036415886252 0.198029799811239 0.0161579521661976
0.0386087691990254 0.0905062256350956 0.343270713115281 0.222137256129931 0.305477035920667
0.3365781658503 0.0914524001483848 0.195553771344252 0.269448143752443 0.10696751890462
0.267282394235574 0.00327297800369125 0.413955050109693 0.27182272249479 0.0436668551562515
0.232329526378629 0.111654021715465 0.344238218012635 0.164628455109839 0.147149778783433
0.289458879342221 0.322059040435264 0.214451787333383 0.121067713478864 0.0529625794102684
0.421364159084311 0.0867784624434355 0.257725032017102 0.0698540106744631 0.164278335780688
0.118472525208787 0.0779386391188709 0.256471375857468 0.281993647684255 0.26512381213062
0.267211746345938 0.250195756903402 0.133340240220616 0.234380533301616 0.114871723228428
0.194549852393325 0.205201647061317 0.322732902633692 0.22803710535219 0.0494784925594765
0.476342550046753 0.00695581452527415 0.0514016528614636 0.312769085089514 0.152530897476995
0.240969922388589 0.154941242246723 0.220468722575847 0.156705531966691 0.226914580822151
0.388997397420923 0.408740781294512 0.10940175483553 0.071435815423692 0.0214242510253438
0.151785669452029 0.0310197730372002 0.249972535376506 0.196283607663602 0.370938414470663
0.0729084651832181 0.206242803358654 0.276457530936402 0.424589958516142 0.0198012420055842
0.227843293594056 0.152317248823792 0.131006897690504 0.222672426079257 0.266160133812391
0.262049793350888 0.267718910533862 0.153879006803059 0.130809109679343 0.185543179632849
0.189572816884887 0.0981674446686466 0.15025701398769 0.30625399287828 0.255748731580496
0.0423802658776004 0.183531218231119 0.325307106669509 0.186337264356731 0.26244414486504
