0.194724095128511 0.175789269907879 0.18919590313034 0.188510950437961 0.0452211848704698 0.119069968899249 0.0874886276255905
0.186188639619647 0.0338749532038 0.0917069670534209 0.340540497891369 0.0162228154559368 0.264399898878264 0.0670662278975634
0.0668353788689505 0.279038700410927 0.0228148743334279 0.179764499480879 0.204167800682937 0.201469539686993 0.0459092065358852
0.0992587489955135 0.009359376757592 0.26446309948076 0.00485367602916127 0.273663695311047 0.245275938056087 0.103125465369839
0.0601928150043794 0.194186395454978 0.0443037856282915 0.175431664481571 0.234902045440994 0.0933405037926698 0.197642790197117
0.052099285553623 0.292336392736104 0.16378289779743 0.100539537112031 0.229564971081264 0.104015477774006 0.0576614379455412
0.29866597390119 0.0102044746105618 0.128016230053909 0.00925023782381697 0.157051515002064 0.0031036080038856 0.393707960604573
0.14945617054437 0.0951821243922598 0.227550926822045 0.0949182567158574 0.0182935808379846 0.189151164965238 0.225447775722245
0.24315603755997 0.21198063985039 0.0879583581115857 0.00778259199257326 0.243238209105756 0.149752789129259 0.0561313742504661
0.186551256879096 0.16390599002137 0.112566445451039 0.168559111268619 0.131095689456544 0.108951310451512 0.128370196471819
0.0615884726202352 0.148627682638087 0.258801387640686 0.125440578230631 0.0445217635111062 0.0602937906277542 0.3007263247315
0.0363601432823396 0.183187921901624 0.0781563920786928 0.0741912135638987 0.209946874138842 0.404494008807316 0.0136634462272868
0.0862634755015988 0.0341431886048738 0.154415982517641 0.217200790008944 0.305825444001111 0.185891877428482 0.0162592419373494
0.0527311927198849 0.0341528195545469 0.270275080242527 0.286490324108148 0.165572952618175 0.0585770699510593 0.132200560805659
0.151137278684171 0.067738171445818 0.148603473305604 0.0873231346393639 0.223268974044449 0.177676461627198 0.144252506253395
0.00471169181461762 0.326584931548612 0.177838092452148 0.253598507953604 0.185727386283599 0.051039388397915 0.000500001549503411
0.12958939543979 0.0664043204459134 0.250927406424045 0.153773299493181 0.0262606087801893 0.120829752104082 0.2522152173128
0.0916032139827931 0.084000547329214 0.0620352916746875 0.184057653529924 0.0318238806455653 0.286532023914809 0.259947388923007
0.177254489631946 0.0241046823117112 0.105786056879431 0.0716609124751057 0.208751177199421 0.11580221526499 0.296640466237395
0.104873802325992 0.600498377283253 0.0564699874748681 0.0735685189808137 0.0336252104206464 0.0839804728631176 0.0469836306513092
0.178602191451659 0.253542412456072 0.0795949381984403 0.188468757532102 0.0320500063560353 0.16793808867672 0.099803605328972
0.231129171090579 0.0338178829512419 0.113016784382071 0.213360677391417 0.115293148166033 0.129533524176707 0.163848811841951
0.185137181028815 0.147189025390079 0.220122027038905 0.194572472637587 0.180574510340886 0.0604893263522417 0.0119154572114864
0.140504359385741 0.26707687670584 0.0447719489818155 0.151733486782508 0.0145012180760041 0.242258364896628 0.139153745171463
0.0017987714977848 0.0985339715970318 0.39719961747569 0.259148573047266 0.0678809397515645 0.00648551151322875 0.168952615117433
0.162658097619634 0.176785386940868 0.174163811817729 0.183529232891158 0.228947649285914 0.030453461900451 0.0434623595442462
0.0441050408222626 0.0932977307889367 0.089888210875361 0.194878230724215 0.154208111664388 0.291697319553979 0.131925355570858
0.184773580282878 0.300067038295268 0.039459823424494 0.00637146599392841 0.0416229997746507 0.311889755331922 0.115815336896858
0.284771971563247 0.087317912885278 0.222944018632513 0.0928090405548036 0.0398632062261098 0.155388739438118 0.116905110699931
0.174070330685369 0.17951256031391 0.19352413651391 0.105540756153562 0.085828595687041 0.0735292422071595 0.187994378439048
0.0706637342172216 0.0612290197219531 0.280751285865018 0.106131276177761 0.228116314580802 0.119550935615298 0.133557433821946
0.189759526035333 0.146667152038531 0.104629521225737 0.0710953837642547 0.0496119480119136 0.218078783692765 0.220157685231466
0.07767913594469 0.192063622310911 0.067763271472067 0.239325452205166 0.133394354224387 0.226756152981134 0.0630180108616445
0.0741226397824218 0.259274150870974 0.0807536999420722 0.142118801929734 0.243154372379525 0.169607408233387 0.0309689268618859
0.11151941960465 0.171962956482662 0.172595570858091 0.136877052544473 0.151962579258313 0.0422433682586079 0.212839052993204
0.209878366328156 0.175452784115213 0.146760758422659 0.255899649089143 0.0766245333478917 0.0599805326762279 0.0754033760207097
0.0562501330232368 0.123869242590899 0.288827015867861 0.0255439249306264 0.131833615323364 0.0112937954470615 0.362382272816952
0.157127562354286 0.159696074483529 0.0221513437101678 0.226930574841381 0.116017927867627 0.238604164782366 0.0794723519606437
0.125273557266069 0.197286729597146 0.0608098636437523 0.148192080645538 0.215347475007983 0.185841169749886 0.0672491240896257
0.0737710424654304 0.0330239661215007 0.0342561967053382 0.152874141500921 0.149544526590717 0.270832358518016 0.285697768098077
0.126270630796234 0.157141342516083 0.240677446643951 0.0413399245520741 0.131726624196455 0.0437083609140178 0.259135670381185
0.285143923163136 0.0347501600047554 0.311857037060791 0.123118998349806 0.123922118941592 0.111263929930491 0.00994383254942991
0.147262115004232 0.195673297953877 0.253944247676131 0.0457129963493777 0.08019521515683 0.0452964473529858 0.231915680506566
0.248431781028495 0.123734803406551 0.182834193975657 0.186297023294719 0.0825708877856237 0.0861460547859705 0.0899852557229843
0.180873233419711 0.0869383618645076 0.169009020755557 0.236269434549838 0.187342380865451 0.119825596017151 0.0197419725277841
0.0320965186061199 0.242068235381823 0.161744997017249 0.150883737417929 0.131361715168701 0.216303931063157 0.0655408653450219
0.0911650261589981 0.236681642644007 0.274216654331976 0.267718000099525 0.0491843715732833 0.0541727825034231 0.026861522688788
0.288779566246012 0.137777399971744 0.0742958340356333 0.252063811487329 0.197862394263785 0.0476500237682556 0.00157097022724138
0.114559335239618 0.334244031693133 0.143747189851201 0.138306648283643 0.0339262709050789 0.126687669543467 0.108528854483858
0.188561267115371 0.0226792312618994 0.0981756822528757 0.0941920607126099 0.19001506691054 0.21086021887795 0.195516472868754
0.269441718991321 0.228972153228613 0.0597370394899319 0.138669575789331 0.0992370308146817 0.104824767876178 0.0991177138099422
0.00782742358456721 0.2112224575045 0.263683821279685 0.149002668953014 0.0868688663643868 0.180563478779242 0.100831283534605
0.0574058726562434 0.188889421377006 0.179674127797863 0.174306942758727 0.151273374020238 0.208108757645811 0.0403415037441118
0.0741495332609357 0.183138627409792 0.0927758317167242 0.26438946587113 0.202003336809952 0.159388487651253 0.0241547172802124
0.147337619162173 0.199289554169735 0.0944122731239802 0.0318578019240708 0.213373686979665 0.140214079721828 0.173514984918549
0.265913740580837 0.133038463262659 0.266894811998969 0.0701632774109217 0.00997678051328188 0.0486264435704619 0.20538648266287
0.137057057401606 0.227052341319451 0.110150067647719 0.242098269020075 0.185628948302263 0.0305759843550449 0.0674373319538422
0.068313365304489 0.153988059457787 0.266426557951536 0.00402931174066666 0.24071661558048 0.0932526845504351 0.173273405414605
0.255707508066042 0.229593068546242 0.161633074791814 0.0907126992376052 0.0409172559586618 0.053216238753523 0.168220154646112
0.304751586408217 0.338818977435177 0.214510495613082 0.000612469692687386 0.0641838945764994 0.0142766215549827 0.0628459547193546
0.0213819265870445 0.0865561340648469 0.203358612619341 0.2137227697972 0.234927465687949 0.206758611035325 0.0332944802082933
0.258782028156341 0.039444631504612 0.0308829697532736 0.0807469895396344 0.11964405428618 0.178865625547195 0.291633701212764
0.0935044193394279 0.153681214860296 0.258326746122056 0.116706791852986 0.0240799373366005 0.323708653477422 0.0299922370112115
0.0853952457842915 0.0648849528982558 0.26684233149185 0.0710007151986863 0.20253616640293 0.0438296291217591 0.265510959102228
0.043359829338062 0.189898512870422 0.169593553228958 0.00464637382235981 0.228265336141227 0.0779703410957579 0.286266053503213
0.214267489755786 0.135007372358203 0.128402273602467 0.176683927383963 0.148772926831606 0.180975111925478 0.015890898142496
0.10318551750675 0.00756356073509221 0.111679196039455 0.234233706679194 0.0568207115738258 0.227954804090985 0.258562503374699
0.466701491193863 0.000844641294534015 0.104424377547482 0.0729904770406104 0.186826685232763 0.121178267019779 0.0470340606709677
0.28536119702535 0.0088678043381095 0.0142493399391055 0.0651794413254903 0.115402461687486 0.379223165592584 0.131716590091875
0.1033105850358 0.170973739563001 0.0547301369304329 0.312166028063691 0.330110905311884 0.00325780603969513 0.0254507990554969
0.28798353601466 0.273605582053414 0.0139495099162063 0.0168846049095983 0.152943967195248 0.0321823161729706 0.222450483737903
0.0654543345183126 0.258707639005049 0.276604391037328 0.0735733839773124 0.0030305189498727 0.0188394509618496 0.303790281550275
0.200234109323882 0.244917922066984 0.109015102391346 0.152856747086015 0.0765765571457118 0.0569523877703877 0.159447174215673
0.203831800331066 0.197121636673223 0.191058092336845 0.146783012063011 0.00824829830875421 0.0705894156007426 0.182367744686358
0.173442690140372 0.19364516925435 0.220089124838994 0.257060275510252 0.00993895272437544 0.0553115468121731 0.0905122407194826
0.234023864716987 0.00289769361621662 0.254792116249191 0.0152919420405048 0.104041993838611 0.179300766918079 0.209651622620411
0.151100438221667 0.0803853241335664 0.276751915647476 0.221330645238095 0.0594196474300982 0.155068033808966 0.0559439955201319
0.200661603721779 0.193427558098399 0.00274064070962933 0.04845315668386 0.0318652999879353 0.198090909552446 0.324760831245952
0.110109585828458 0.180948922307857 0.0192684585058745 0.160891259004321 0.179276870051203 0.120045860526444 0.229459043775843
0.169389282074548 0.223406727923495 0.157502905270037 0.244536722496283 0.00269828955141501 0.179165411764629 0.0233006609195936
0.089250862066935 0.155211763644874 0.242618461200397 0.00416053881264678 0.15152046849586 0.230657337079221 0.126580568700066
0.136663999759497 0.0205392392375653 0.107657627773946 0.331759631304958 0.114115162190878 0.0934761260168614 0.195788213716294
0.0508503351977964 0.279254915140439 0.0671154159390575 0.236420665136275 0.258565085186509 0.0724593527973065 0.0353342306026173
0.215821130280543 0.174942138962193 0.0313101574068472 0.0774212544856767 0.204669001214318 0.042211552717597 0.253624764932826
0.210858345036526 0.0814554016286634 0.202592445604277 0.169048439591096 0.112763614104861 0.0957450896484947 0.127536664386081
0.110977504574388 0.0842222289699177 0.169974015830623 0.000459329056874506 0.219152133532495 0.189728266901453 0.225486521134248
0.108536346483239 0.0824120256735175 0.261853764041428 0.042542927208602 0.24578462680075 0.135287052927545 0.123583256864919
0.0300037185156613 0.0642596012783135 0.245265469583123 0.059283546818851 0.181045751388946 0.172065196631296 0.248076715783809
0.152113924472009 0.217590206477681 0.0925754393148731 0.218593105674495 0.099050898972946 0.00519874394495363 0.214877681143042
0.0424445881636242 0.0631048417054839 0.0715426723586687 0.235482707531283 0.160852095992157 0.112568114467385 0.314004979781398
0.119922388306941 0.22859808693928 0.145746145438858 0.145430557480238 0.0546321525001578 0.133286046535774 0.172384622798751
0.174155454854771 0.214858455859085 0.130228203296554 0.128035924282188 0.0975163257479263 0.211637482737207 0.0435681532222679
0.214199895147489 0.243772001860505 0.0631469869601134 0.148752058486814 0.135711155972111 0.136804539383672 0.057613362189296
0.124174539495953 0.148994010121597 0.164811834868869 0.0334082749362149 0.222451661120055 0.0504826870500639 0.255676992407247
0.121180850075373 0.0724652768435039 0.180012162992498 0.150468315034012 0.180586808526933 0.105861952314299 0.189424634213381
0.0434087489631525 0.254239881387277 0.15451853885873 0.0277592393534112 0.334752313827008 0.158875426843338 0.0264458507670828
0.204271797592088 0.16699235907608 0.134485773086815 0.0545702792492535 0.142224342172047 0.155271919344968 0.142183529478749
0.333943378371333 0.110114138077843 0.00284360203308063 0.190556720713157 0.0148096915134194 0.156098633256951 0.191633836034216
0.10817292747528 0.19988849486878 0.153691853455923 0.145562550008743 0.207534288611494 0.180658892046166 0.00449099353361419
0.014218257667976 0.171933560714475 0.221742809045995 0.184779669357639 0.131335282352286 0.056836818148607 0.219153602713022
0.200033769744379 0.156248200529635 0.117875418932973 0.141950553997088 0.149039664921216 0.103324372440913 0.131528019433795
0.180757011039529 0.079380464499699 0.133313822906322 0.167732666961951 0.130573169481335 0.268141673996634 0.0401011911145294
0.0534588570080841 0.0764562675045214 0.216139739518066 0.126071350600775 0.218959866297939 0.185728568056669 0.123185351013945
0.0198893450327721 0.164494474647398 0.0969749729883924 0.152627781953578 0.201206559524153 0.184575838756997 0.180231027096709
0.131227593184474 0.068904762496753 0.255092175173324 0.0646897978519353 0.160493159740667 0.161865786582269 0.157726724970578
0.203943680281503 0.124311531497179 0.226022084627236 0.17457548390039 0.0502550129270582 0.0611277097916498 0.159764496974984
0.18580545768082 0.16778451733088 0.183104634406646 0.132338228368809 0.0750522730713173 0.136478115052862 0.119436774088666
0.192508772061868 0.193953794251416 0.0785860170467528 0.0921409090896171 0.197595441058354 0.184746898780671 0.0604681677113208
0.210190434839118 0.0320625222057005 0.168150219346165 0.0624285089875803 0.17953490452863 0.147338055812389 0.200295354280417
0.123746944385463 0.0869682963728356 0.219663838966648 0.0759975132194008 0.0438299790169002 0.268073056561062 0.181720371477691
0.223482948730235 0.244384178468707 0.0441957434850631 0.12334882224722 0.181681128131939 0.107325128118191 0.0755820508186447
0.0941356386445544 0.195002891774709 0.174412383225606 0.0590769723123609 0.228824643929818 0.00156902926329432 0.246978440849658
0.0600151742726517 0.0304822181503468 0.194989242929329 0.19165735085818 0.120942442246552 0.283587930410727 0.118325641132214
0.137447268517442 0.173091090409186 0.153386018153301 0.158201915096747 0.122018941035228 0.169869294524347 0.0859854722637489
0.236459026025804 0.138148935892251 0.154281408524482 0.0294756097436368 0.198437452070041 0.230741488442894 0.0124560793008908
0.178982298063149 0.128018454247945 0.069564385764455 0.0827819062657561 0.199289881873152 0.155966209733518 0.185396864052024
0.0990520045344713 0.267507804757734 0.176628351620194 0.0596029088214558 0.197302824030789 0.128845968688005 0.0710601375473511
0.0559973156728172 0.138110542991172 0.238563915602758 0.108237325596793 0.152521829874408 0.0909516685912957 0.215617401670757
0.226083626790006 0.0250536721507536 0.270773135107135 0.17984393522075 0.00722998629838214 0.063056450422697 0.227959194010277
0.250563720894808 0.0399546628267994 0.009684538312428 0.290139451870523 0.0896406304746828 0.099967377221313 0.220049618399445
0.161491934010835 0.224652674967529 0.11481168777572 0.180573994374241 0.00739467085263794 0.163711063317014 0.147363974702023
0.0746137308218998 0.0657139292382826 0.185966867943129 0.142924522463363 0.163501860897091 0.178761386546746 0.188517702089489
0.215071001758134 0.193501886535425 0.0841479150054397 0.068890719507531 0.17764485383594 0.0610535642292923 0.199690059128238
0.1122997776406 0.0621704637657052 0.173039929512259 0.176830215326561 0.0854156092390709 0.191558717264738 0.198685287251065
0.213579899095942 0.136938519201737 0.191421995284441 0.172983138321553 0.0830572214664654 0.146688213457048 0.0553310131728129
0.243622403468656 0.0538943481083017 0.243038918895512 0.081242595611254 0.170685721799677 0.0750233968110148 0.132492615305585
0.220469618610846 0.0991883898784129 0.0988141791318025 0.115442857213048 0.163126073286622 0.230095409483385 0.0728634723958832
0.0787438823121184 0.398275734412014 0.0348199111083139 0.0356770896989022 0.278845425558736 0.120757892173612 0.0528800647363034
0.225404457202066 0.08961810697541 0.203191583968886 0.0246936904172385 0.102434665954512 0.171890604362542 0.182766891119345
0.170064513108443 0.164108502135968 0.189425545786474 0.0791515661159621 0.186755435685173 0.194838919709938 0.0156555174580416
0.275149428746407 0.161435582146933 0.115774197400989 0.12002697458611 0.0837966579154689 0.0597845110208035 0.184032648183289
0.222921668689276 0.164119435347817 0.0641783736106628 0.106990415517165 0.107108142487938 0.15645944886797 0.178222515479171
0.146971196883181 0.0305735426648301 0.168164507404073 0.109322363493596 0.117744781355211 0.236335856905286 0.190887751293824
0.114212259543153 0.0233367075847713 0.136521211408492 0.269754585473171 0.160716835002106 0.23201579497507 0.0634426060132375
0.0164688540531279 0.07777498146789 0.264516359268148 0.127835020120556 0.106108762638753 0.15941365255481 0.247882369896715
0.0153617659052616 0.0689370401413003 0.314556510979223 0.0418726614197179 0.0770508827750472 0.207083424603782 0.275137714175667
0.165243423913871 0.0341088071253801 0.238011106102458 0.216223179692771 0.200483401347786 0.0288860908135722 0.117043991004161
0.290777681940853 0.234196819995952 0.0110675516349805 0.151626180222303 0.0321384167893102 0.247125163822392 0.0330681855942091
0.073670979187187 0.172887445025717 0.113464544641401 0.173980691617669 0.100745985053468 0.181482258991424 0.183768095483134
0.079974707501662 0.0541393749053761 0.150533855756889 0.179694719973008 0.070616385765054 0.238079867751639 0.226961088346372
0.241037881509311 0.0242252570337373 0.116712490515309 0.198519507680087 0.180112540127262 0.00775089351004611 0.231641429624248
0.0885341739988106 0.0155192129437058 0.0158293682107213 0.254899167679259 0.280191960531038 0.0934223167059639 0.251603799930501
0.153850305702888 0.122287088427654 0.231220531428879 0.123683249063574 0.23078784326441 0.0431795090407568 0.094991473071838
0.0868547683755852 0.0897902317496524 0.139729221496249 0.209837626197077 0.118965988673932 0.208476593481707 0.146345570025798
0.0456639713096173 0.223657568928392 0.172704735551933 0.236483475427663 0.12154734592535 0.108197217942727 0.0917456849143179
0.282365211896678 0.237372452967237 0.0887931443141955 0.0409182853548058 0.17646545231203 0.00897115725203439 0.165114295903019
0.439983952920141 0.0114340043920292 0.0585854202075067 0.101645207750733 0.0698774558855148 0.0726595669919882 0.245814391852086
0.147558805932651 0.119474336576145 0.15338070743115 0.0939788997079443 0.234198627157872 0.00957908214751027 0.241829541046727
0.225556481838877 0.0150423370915286 0.215994545059852 0.155860815107342 0.190223763539588 0.104881037821098 0.0924410195417143
0.245972861279733 0.174884012913069 0.0531451626254629 0.0322928194441328 0.203100742727726 0.10490549071863 0.185698910291246
0.192768417652558 0.0331362497698906 0.119341060417027 0.237338092235195 0.244449927225961 0.122181407091738 0.0507848456076293
0.179957036107541 0.112046333021337 0.0322096693364764 0.111095133369198 0.237996769088835 0.0711286316241944 0.255566427452418
0.208366642460714 0.228092226204888 0.0456896807745599 0.131896066603658 0.139225483865345 0.0111365541883872 0.235593345902448
0.044276056989474 0.0571918239163718 0.143839126148888 0.20294639788929 0.250193026827877 0.0276772402794829 0.273876327948616
0.0120561091618723 0.0727566379467401 0.138663762001388 0.113859799856169 0.15384458527217 0.247691025524693 0.261128080236967
0.0666366336471847 0.20662636849866 0.15077468770917 0.0789043727127331 0.242132491241603 0.0294778771372754 0.225447569053374
0.0291170879164792 0.322765540293423 0.0206295273202567 0.130545792745686 0.0173655317408161 0.22855817769836 0.251018342284978
0.134412873469628 0.233837733121352 0.157134578322065 0.0424010246359637 0.0751846660159193 0.262864088615236 0.0941650358198367
0.210142511544408 0.118633534505251 0.104194044582992 0.227735004083712 0.0747298558732132 0.22400095817361 0.0405640912368142
0.25677798999328 0.0904754472467919 0.031524015832666 0.242583822352393 0.160676056391225 0.171316187358799 0.0466464808248451
0.179232064604878 0.0161057401951457 0.149506456897748 0.210572369434654 0.0556470031554732 0.16492282975535 0.224013535956752
0.0963504752716583 0.224665514847289 0.0565123108451155 0.0790985657965834 0.221842097225813 0.124569562842956 0.196961473170585
0.0597208923068075 0.0488733232454889 0.25480603961785 0.280093596649762 0.128861564699103 0.106167011140769 0.12147757234022
0.183502085715485 0.201740699012974 0.0296091362495884 0.194048122404531 0.210657593576823 0.091026453391602 0.089415909648997
0.198595801330137 0.114346936052769 0.143141068595719 0.228300905194059 0.0610708224885654 0.0046624385366313 0.249882027802119
0.0849233058688124 0.144840720509181 0.195095138526591 0.150947896699634 0.084318790637132 0.180431013708101 0.159443134050548
0.163331783358532 0.07368402772016 0.188864096425527 0.0389096943884412 0.180843997794334 0.149728604793704 0.204637795519302
0.000671727556813831 0.105710210698976 0.143159315999903 0.210127187713331 0.222656268015826 0.217670374361639 0.100004915653511
0.0085044510851161 0.212116747941661 0.228167958027371 0.0808281875753319 0.109356618131047 0.123440708050301 0.237585329189171
0.119790593458248 0.196898189044861 0.177884212430999 0.0454150920783152 0.0424739161620088 0.193316946357958 0.224221050467609
0.163763668063702 0.0287228144753908 0.211892310676158 0.270189326179113 0.173424075556161 0.0284388055589205 0.123568999490555
0.238370468851211 0.11007246995815 0.0454903014492179 0.175893167420833 0.00763059250376626 0.248797786444937 0.173745213371884
0.0955991001528018 0.185192573342163 0.184790882558016 0.241382642473162 0.0701022816498745 0.0935031908640188 0.129429328959964
0.207403627761345 0.212554195184098 0.194449562279083 0.0726401571691051 0.20749579241783 0.000968581674155729 0.104488083514383
0.263736648015189 0.00355353933145835 0.0443441193421028 0.26897232487037 0.0448816262763515 0.332413782502242 0.0420979596622866
0.212887965510311 0.159439276266206 0.0899434016334903 0.041499996598881 0.191958161534234 0.104659167309937 0.199612031146941
0.111315527430393 0.0394834630366129 0.0970172693262194 0.222733603458459 0.199210381487095 0.165009218306484 0.165230536954736
0.125127764000525 0.252212372440416 0.0533610607052429 0.168664905544729 0.0692854944750942 0.187927309281756 0.143421093552237
0.134199702916872 0.0780749957767732 0.0099060333014764 0.221265085380431 0.390409323368366 0.113034751991805 0.0531101072642761
0.381678065324632 0.028447710878967 0.0057250024469379 0.123013746558573 0.0754658877700016 0.0118966177220502 0.373772969298839
0.125254829202631 0.204616128572647 0.105032507899545 0.061942690207653 0.0701305027967187 0.215288129662944 0.217735211657861
0.139890703886326 0.0635346304855658 0.265783521419019 0.00519247216730101 0.0191486629399945 0.265121363654797 0.241328645446997
0.267894965683013 0.181019549478267 0.066702394213533 0.214443761156395 0.0843010328233554 0.15681363479078 0.0288246618546565
0.0839225049722665 0.334943831877907 0.0234135739610066 0.0810026860445755 0.182154021010338 0.20722034149822 0.0873430406356866
0.289130398026869 0.253381614898235 0.0174672136031053 0.104722435178894 0.0753646809444361 0.0464348412972496 0.213498816051212
0.0328138932613707 0.106643975445778 0.19306037222924 0.0608067619316816 0.000573046738466348 0.304684116311926 0.301417834081536
0.246904811691635 0.0451791792671685 0.0817168309320321 0.0420631029557255 0.163437440793853 0.311926949627826 0.10877168473176
0.299113077400645 0.0940791012399918 0.165348413118143 0.155098339578194 0.195032322384708 0.0890989927037739 0.00222975357454409
0.0193506460204703 0.139372113556974 0.169172177544163 0.196599174634785 0.149079352075894 0.240310727922043 0.08611580824567
0.0365104771122308 0.205255497393326 0.375931163089543 0.0273294488330543 0.178918509291261 0.0608430803649402 0.115211823915644
0.00333649342150923 0.0403814425756595 0.47519186825792 0.0202496556061342 0.00377982447318817 0.200910478015695 0.256150237649895
0.0694952581315029 0.0525308802633366 0.147069601293884 0.284939658713139 0.262553268247962 0.144790848731 0.0386204846191755
0.189494882621598 0.109442379745951 0.0566152697691772 0.0178510824432873 0.243678689901979 0.225062522800976 0.157855172717031
0.107132565241436 0.053754538038781 0.0990462322270398 0.161159964005806 0.196669370183964 0.304719143595558 0.0775181867074147
0.176368568075521 0.212406607107042 0.165995104943264 0.176989143249717 0.0449596005375208 0.0563440181099749 0.166936957976961
0.154014091489142 0.146209684050568 0.127221342770964 0.145029304994109 0.157232608749675 0.14863978853009 0.121653179415453
0.164337414538422 0.148405953713956 0.043674653181278 0.274034294336962 0.00562102269603081 0.139538304397426 0.224388357135925
0.126514951911816 0.0949028826428697 0.226166046902694 0.172843487818817 0.100348386976471 0.256857122787744 0.0223671209595888
0.145788423885777 0.0395115113657649 0.304284486926091 0.218349138320988 0.202263361097086 0.058323486597691 0.0314795918066022
0.0246139371887196 0.0807720678578521 0.141134704116386 0.0109166705588902 0.274694652385475 0.141970054391945 0.325897913500732
0.0924506821091195 0.147749321472061 0.0660744246343428 0.313642278303631 0.307855227678754 0.016717708427903 0.0555103573741878
0.200405075064527 0.208584607232429 0.216778803513983 0.083361368349346 0.140266654030796 0.0901234024393569 0.0604800893695617
0.116868632072651 0.191984729924504 0.142756652326707 0.185511840733067 0.0632402291392801 0.0976023952842129 0.202035520519577
0.127205930080817 0.183700984112438 0.282404075721463 0.217681892589867 0.020440301454082 0.115029662443175 0.0535371535981582
0.227114864338172 0.168072756040231 0.301915242381773 0.101491021999834 0.125765902596482 0.00818579997587817 0.0674544126676288
0.150662270103719 0.114005888599179 0.0561509318597865 0.177248001860457 0.0504375881630715 0.208749032670411 0.242746286743376
0.0852082681710543 0.201351190287953 0.313515748319052 0.119746546433117 0.0209027340845431 0.127224274363858 0.132051238340423
0.219302044156392 0.0934798539980068 0.213877292517721 0.0415585193915836 0.171843385906783 0.20661691659955 0.0533219874299638
0.0551211920399375 0.169858694030206 0.221160684987248 0.115874395376608 0.0283956460617301 0.243285848202673 0.166303539301598
0.187382333716766 0.141933812003847 0.0360969747897265 0.0791983940032442 0.214815968182484 0.0681939081530219 0.272378609150911
0.210108159416032 0.292461866880566 0.0349834422187704 0.123650029529808 0.0816960132440476 0.185588703339365 0.0715117853714118
0.164559354215745 0.102889243961261 0.204942735535869 0.00504457209640162 0.117322084701482 0.206030053719265 0.199211955769976
0.0369869938421279 0.334996788133506 0.0892222105186861 0.195856738718566 0.126872144394565 0.130888059753709 0.0851770646388397
0.18204694432068 0.169921572945448 0.235331524502992 0.110989505555499 0.0386864834580127 0.0743359560660246 0.188688013151344
0.123367648090662 0.0325603057877258 0.191718588997886 0.133146852309208 0.188854206200825 0.167976539454133 0.16237585915956
0.222384768769555 0.215032612009653 0.146814727373125 0.0146327129993786 0.0921004496043189 0.203034993701512 0.105999735542458
0.179336070273324 0.223673594457036 0.1816338823378 0.0971601365870628 0.0594452090938376 0.0952818550510157 0.163469252199924
0.250172216149856 0.269032832857173 0.0422242308059544 0.0603572702597515 0.027026635767426 0.164221838836763 0.186964975323077
0.0144194162332294 0.239442941496023 0.199734796513209 0.173620706660711 0.182027569390951 0.171399337463017 0.0193552322428594
0.126650429832699 0.101135070585017 0.197577597142382 0.0457544991766351 0.305226942720533 0.115830496488099 0.107824964054635
0.182439806713108 0.216461123196348 0.216657159251419 0.134979978653178 0.0740835954982937 0.140568720542136 0.0348096161455169
0.193399685365303 0.284902744661713 0.0462923571685509 0.173254213735368 0.0882632324850658 0.119607574459999 0.0942801921239996
0.164513492361532 0.156084429977912 0.121865652424846 0.173800526911796 0.198761648414931 0.106475699551482 0.0784985503574996
0.0156117072530128 0.0320046526290369 0.0848571255061805 0.051252454107845 0.314331946711504 0.42103438648263 0.0809077273097908
0.205142699962001 0.184206013526053 0.0615558852924954 0.242379579131486 0.0315447997126969 0.133346902384508 0.14182411999076
0.113298708041343 0.183981759007829 0.109546418867827 0.205733138568525 0.231863563966618 0.129961084821724 0.0256153267261335
0.0635102753375959 0.132881487277251 0.118450494172629 0.316532133506084 0.172360065249372 0.0521975936083373 0.144067950848731
0.215274868103018 0.0859147277385213 0.182100279223989 0.29579394362552 0.0851302845704374 0.107568256809261 0.028217639929253
0.115843569274487 0.0822986450015877 0.236094033860345 0.108335212262028 0.0647344727547061 0.277188856978351 0.115505209868496
0.187290364636656 0.0430943203436237 0.189861954959384 0.116191601195818 0.148735472218808 0.222401221892629 0.0924250647530821
0.174182978514771 0.235825420877633 0.260795016977812 0.0585727805539835 0.0339913404738613 0.0978929017520993 0.13873956084984
0.0676955471110157 0.033385418262991 0.163999039034395 0.263342276731562 0.205251757432964 0.257239678627337 0.00908628279973453
0.0299319798352031 0.0203577120865747 0.389420549757563 0.0938187072499015 0.407191769568614 0.00771616454700781 0.051563116955136
0.242798973140946 0.239168402298254 0.00969898124247701 0.146667578545048 0.0318752639238293 0.148093360215862 0.181697440633583
0.233950670096362 0.08175343007871 0.134116286351608 0.0997094682407997 0.161170372611698 0.136915470372873 0.15238430224795
0.212271643184145 0.0966336612822625 0.186795481812011 0.118028706865822 0.114645039023933 0.0739911502332261 0.197634317598601
0.176834140532577 0.0242523631781904 0.184604454154346 0.135657769040647 0.190553763373888 0.149890649268371 0.13820686045198
0.250338756805927 0.245805947336463 0.129372306088106 0.19160991925928 0.0517997984936208 0.119726251585308 0.0113470204312951
0.185009943167962 0.157242370157633 0.00840977025316693 0.0447275723876485 0.172642279349639 0.23430061863521 0.197667446048741
0.135361970883038 0.261135382308981 0.183628402229614 0.0726415665986199 0.231998761459759 0.0635069079579427 0.0517270085620454
0.0597446443677334 0.0407087538639948 0.0919976301331863 0.151680524309442 0.224319216162925 0.286876601117198 0.14467263004552
0.197422994365297 0.124871614790702 0.0112074859543761 0.134436293273302 0.174351563897278 0.209483258733002 0.148226788986042
0.15185869504884 0.0831387110775807 0.0292853492823081 0.142041988636656 0.140766491814823 0.290670062252118 0.162238701887674
0.193795759645606 0.0990400691406562 0.0528771589346709 0.306607194974532 0.049278044661811 0.178388753221894 0.12001301942083
0.278456646648001 0.16913667231387 0.12356101284506 0.18009822818464 0.074610561953041 0.0194173910354643 0.154719487019923
0.104765571323702 0.0505574780427152 0.183320869523927 0.151020327635601 0.197861916509182 0.100775297343454 0.21169853962142
0.00350003576346207 0.200942757693974 0.00553862296663453 0.206166005996833 0.126537981823198 0.385836294568188 0.0714783011877096
0.125388178130307 0.16900384620252 0.219332816805605 0.189786255200129 0.0075030245226833 0.238631281305029 0.050354597833727
0.300481006801059 0.24375171461136 0.0951916668441697 0.158978106266239 0.108999700243977 0.0794446586414674 0.0131531465917281
0.0627371359350514 0.173027599952265 0.12567229681997 0.133790417504589 0.173834121633781 0.150982745042261 0.179955683112082
0.25518675437063 0.0577462657418569 0.0999235939388179 0.100280928183367 0.07137809724978 0.253392008255456 0.162092352260092
0.357320302610465 0.0624684781743623 0.17410923241411 0.259655764596589 0.0305277559872597 0.0108964193877404 0.105022046829474
0.11297467738248 0.18951600157514 0.0697947415832838 0.155949062812389 0.28233900182611 0.131892160155478 0.0575343546651187
0.141433257475952 0.108464319311431 0.176617371415889 0.238351408051907 0.0032222620071683 0.127615264704528 0.204296117033125
0.192612908452737 0.194127655780742 0.0273708186812573 0.187011746193964 0.168948381511988 0.0969064956006135 0.133021993778698
0.239894807025279 0.0109290937944256 0.0733147566513758 0.198400523868392 0.147432818094727 0.0909311620982637 0.239096838467536
0.0660151882376872 0.0946772085829694 0.180595160198777 0.0426018919725678 0.198653992399161 0.168713803322739 0.248742755286099
0.167043951029298 0.0704460532972601 0.115361763992432 0.225372510963259 0.187633490168668 0.071040755560417 0.163101474988665
0.170312859941697 0.146308443107427 0.0640686231125019 0.198997859036819 0.0766111911711562 0.144820255849811 0.198880767780588
0.131648348431816 0.0398332397326775 0.232243619397006 0.146430865253066 0.172918318098559 0.214517660870152 0.0624079482167239
0.182926883338575 0.22859567078144 0.163218116941122 0.183544683845496 0.0352889227322605 0.181867882569059 0.0245578397920469
0.0848452364921421 0.0299312695918276 0.143342931511039 0.211652917676978 0.205056071528061 0.155701201375749 0.169470371824204
0.0373128137406024 0.202191419902915 0.102275253176159 0.11988878585849 0.170962349563037 0.178892281937946 0.188477095820851
0.0407311139508585 0.173810625219981 0.177280932850063 0.130450094201479 0.171515170816729 0.129201421674261 0.177010641286628
0.26612523604588 0.208604800314831 0.0195011423016609 0.131707148278633 0.180582228379703 0.0465499176723309 0.146929527006962
0.239259997429844 0.0177272951788442 0.273864351084207 0.00227097386867346 0.155551446253417 0.205511605347354 0.105814330837661
0.124807401206014 0.255603418744839 0.222112992546657 0.0531553241388568 0.0526029035484809 0.137553703377225 0.154164256437927
0.149308866350693 0.152418951898913 0.0901701028277521 0.0860783518578238 0.198594430073162 0.146821663289368 0.176607633702288
0.186822349625484 0.0895373307995707 0.233728699834156 0.0448674355214823 0.1764463669744 0.152419485523635 0.116178331721271
0.11386123010193 0.216648356904386 0.0764914204086612 0.0403413693033111 0.180881456089325 0.212216909779195 0.159559257413192
0.0906371549958482 0.236416657589796 0.141322350332036 0.243335826002019 0.034775343723665 0.192639095477597 0.0608735718790396
0.195445163412474 0.245629707343701 0.0686791538890797 0.0608801479465347 0.0365963380598643 0.143220498428834 0.249548990919512
0.143110158189628 0.139132194771482 0.234290284928415 0.0188439994962715 0.232914386024076 0.124120077981281 0.107588898608845
0.134261982460422 0.0111069733966673 0.183192895812761 0.207096495650521 0.187486969685505 0.200682255352915 0.0761724276412077
0.143963140271754 0.157830622294367 0.0536702530849883 0.162780412589369 0.212721046200564 0.130573371296417 0.13846115426254
0.0133127888884503 0.40464828182287 0.233466782539818 0.111364725206412 0.0681077591650704 0.00057362620013029 0.168526036177249
0.0718993822057896 0.0628872679225554 0.221295641917871 0.0901066125387983 0.258863450818786 0.0597220231768743 0.235225621419326
0.0876335240166369 0.0811740398075558 0.0633569744184176 0.191344347383012 0.190405818685769 0.200831118321858 0.185254177366751
0.242417900746119 0.0218526934690767 0.0861095929778575 0.143175802063265 0.259780892954186 0.188083136950844 0.0585799808386522
0.0458727557774426 0.122304050266825 0.246664441546845 0.178164691352801 0.279936810762021 0.0224061288277562 0.10465112146631
0.354647029634842 0.105690388847687 0.0187001580906385 0.0585324193604073 0.16490713425038 0.0343410918687834 0.263181777947261
0.0952606675397024 0.23267171675932 0.145233773630377 0.100018355946925 0.0660956392675254 0.143863195297331 0.216856651558819
0.286292552560994 0.0180725340348232 0.308868634673281 0.00268707054636262 0.155864131542339 0.0318953427314908 0.196319733910709
0.0239182575481953 0.270212738400804 0.250857590978819 0.205465072666708 0.176419706023967 0.0667177283323172 0.00640890604918895
0.01432015729375 0.0846801499804656 0.0456737415552127 0.186612450700938 0.213709382826285 0.300764040118657 0.154240077524691
0.225933072080042 0.182565223001657 0.121360460812976 0.16058313810886 0.228635896748473 0.0389536457563506 0.0419685634916414
0.271058257504715 0.0796802794928107 0.149879863296271 0.14926503375914 0.288523094109371 0.0119097883782727 0.0496836834594213
0.205603224995731 0.145866410888764 0.153439277644369 0.00957046150767755 0.142863377384707 0.306352220267128 0.0363050273116227
0.160129484666991 0.159671784194647 0.157720629011867 0.0166279574446152 0.168572064541608 0.146711931201853 0.190566148938419
0.097974961657169 0.274781353305396 0.110449109261114 0.253948260633661 0.217550860206409 0.00269508863155339 0.0426003663046964
0.285135160243843 0.135210357721134 0.130120609003209 0.0193641250310769 0.0558800552238294 0.134314482502053 0.239975210274855
0.154013651314209 0.277852859686741 0.253138933398265 0.0500933883502815 0.0416876122217954 0.0851814761458066 0.138032078882902
0.117557188020615 0.175032058355 0.140546510416194 0.251092989121183 0.0309094453406925 0.185269637753231 0.0995921709930848
0.00750667964668398 0.132304185750331 0.267665554231843 0.214979746075963 0.0360490226177765 0.158710216583218 0.182784595094185
0.21062494546148 0.091118412553161 0.150115215163294 0.18539553923813 0.027586502836235 0.130935570077074 0.204223814670626
0.184461823213083 0.00721582196552876 0.0346422483438511 0.287891269672879 0.211219238838645 0.138779861018925 0.135789736947088
0.0308887400501214 0.126584469535923 0.122260376145277 0.13459221119197 0.176205619266556 0.217294910110101 0.192173673700051
0.166756783878592 0.144248591751503 0.100247568485842 0.145238661844788 0.276629035011884 0.0612595137642668 0.105619845263124
0.152953750007017 0.0795537146407788 0.194617947900772 0.181712271841052 0.19553913193984 0.076987838197292 0.118635345473248
0.139673742430695 0.096373292552676 0.0583790914965975 0.104990512307418 0.127016638965969 0.246993371307472 0.226573350939173
0.196121285006268 0.215768224275327 0.202023952899029 0.013189403072365 0.131247750694271 0.155347535630005 0.0863018484227353
0.330497641136079 0.150098327075149 0.0723473831903125 0.0168840826057502 0.174480741661611 0.058242253908748 0.19744957042235
0.254451213793088 0.267085654574457 0.0405152380952836 0.116747163743202 0.0443793229266355 0.0599383508899986 0.216883055977336
0.142042061099613 0.0135811733342463 0.196131844518687 0.268019076105768 0.194718178533498 0.0523108549407442 0.133196811467443
0.0876651789501341 0.118775168105309 0.0033163626403695 0.0265895225149385 0.223417848519248 0.267886175059613 0.272349744210389
0.013569770120943 0.220370954417798 0.0676756945435332 0.0944054798086831 0.244815560540911 0.145292031118647 0.213870509449485
0.169688808333404 0.168276092438444 0.118644444054294 0.176384407089509 0.132124729506167 0.0485288377629871 0.186352680815195
0.238355211187051 0.260102610074463 0.212990436183147 0.064073934322522 0.0450573466404194 0.0715498009191547 0.107870660673242
0.322352375491932 0.0551447443142011 0.253296119627983 0.176610440811349 0.135830999594777 0.0240224218730657 0.0327428982866929
0.238885421253007 0.199362308019075 0.256977998962971 0.220526645194647 0.0496700022394253 0.0287396579772703 0.00583796635360436
0.140936060913591 0.170803014515579 0.16796428601094 0.139082257461826 0.120089820614162 0.207524406224488 0.0536001542594128
0.027227139124741 0.218718370176533 0.116454712329252 0.129496854334698 0.246579301396047 0.00241019279277444 0.259113429845954
