0.350805140141518 0.410677145664261 0.0310538051378275 0.207463909056393
0.49164486005467 0.170776254462219 0.267488898520034 0.0700899869630772
0.21514943234343 0.463870271351372 0.114541799032473 0.206438497272726
0.0294922709821914 0.324887872094106 0.403402903868052 0.24221695305565
0.275769793945128 0.265663779688127 0.184883921271583 0.273682505095163
0.174475589642945 0.049252140235264 0.394947563509738 0.381324706612053
0.0772649816783444 0.276708173880888 0.406376353149549 0.239650491291219
0.4403102619067 0.129388694408369 0.37230301344006 0.0579980302448703
0.349106255880476 0.258535036814327 0.388394427984168 0.00396427932102885
0.124879465534902 0.243254719601829 0.295686838626207 0.336178976237062
0.232080816019123 0.36675874969199 0.0851588964857449 0.316001537803143
0.196604648966121 0.0765491635929383 0.45887000169148 0.26797618574946
0.32190265272048 0.183589428989986 0.385484023601875 0.10902389468766
0.0139271486494802 0.1196208511018 0.27659861239548 0.58985338785324
0.296772169376259 0.328035268948369 0.144834379794391 0.230358181880981
0.345773738117191 0.289035422690288 0.176898503617323 0.188292335575198
0.344367871984981 0.134156666509242 0.231118125046547 0.29035733645923
0.0800603874550011 0.307574704626282 0.310458016125591 0.301906891793126
0.197932227676307 0.236435049325422 0.260995101378884 0.304637621619386
0.409903145317879 0.0110536671632195 0.570510421770872 0.00853276574802888
0.161289807916277 0.406766023317719 0.100541767800097 0.331402400965908
0.359743663630447 0.0560617740921411 0.282435971515633 0.301758590761778
0.0883440571994774 0.162493440544897 0.718673563624693 0.0304889386309332
0.181755881255769 0.361825440118134 0.386180649603176 0.070238029022921
0.408390570382457 0.240387129960586 0.216831655864506 0.13439064379245
0.190243095105627 0.267867799163331 0.245819749197667 0.296069356533375
0.257388579470861 0.547145806731775 0.183205472197063 0.0122601416003008
0.132190535538795 0.347831792212692 0.439657484272804 0.0803201879757097
0.185685852367381 0.158364057431195 0.375107432477231 0.280842657724192
0.579022489208345 0.0485509568054015 0.175569757750637 0.196856796235616
0.116957003986095 0.402947118075194 0.215924340867393 0.264171537071319
0.362322337569791 0.166624937323549 0.262912097133941 0.208140627972718
0.373409504233771 0.16341416808248 0.0762812307281069 0.386895096955642
0.217472279395959 0.359671052661562 0.417446186341782 0.00541048160069708
0.286602126528305 0.244731047146106 0.114837493448735 0.353829332876855
0.338565644667976 0.0158475184771819 0.36033410502301 0.285252731831832
0.239070990375265 0.275559001461319 0.36623314063278 0.119136867530637
0.0807788983038791 0.378925292987723 0.176800681732161 0.363495126976237
0.061121790113823 0.222583746894152 0.442932367979741 0.273362095012284
0.271130565383345 0.505796604189098 0.0607455802775871 0.16232725014997
0.286165747102223 0.349752883643129 0.056993323263127 0.307088045991521
0.231736875509318 0.190065475251255 0.309516695395261 0.268680953844165
0.0754628929194928 0.120857461963504 0.391194731027347 0.412484914089657
0.13187146791565 0.286501157241451 0.204013320719599 0.3776140541233
0.175409895533648 0.292314483836008 0.10997456082708 0.422301059803264
0.384793657801329 0.0549512852002381 0.18012715740435 0.380127899594083
0.346291003011962 0.160923964507522 0.259439785141586 0.23334524733893
0.354767273668465 0.0429759898283797 0.56450064685608 0.0377560896470751
0.305482812812566 0.185519913818801 0.319413290427346 0.189583982941286
0.20956834087361 0.213505985690728 0.413620858133321 0.163304815302342
0.203923375116419 0.234077761308806 0.427106805355275 0.1348920582195
0.158639416267998 0.357480210303546 0.32189527479171 0.161985098636746
0.272274242429096 0.0707141491626644 0.507322621262358 0.149688987145881
0.350192428545776 0.514497233709469 0.0348043341210959 0.100506003623659
0.417255905318873 0.106622803482057 0.276450786444443 0.199670504754627
0.384908411646612 0.00769898049764543 0.212187459606445 0.395205148249298
0.0569747990344034 0.471625537000731 0.102486582152689 0.368913081812176
0.524067220341475 0.0132139757646689 0.198693677420298 0.264025126473558
0.366188239798285 0.136125048797167 0.45500725387086 0.0426794575336875
0.424717434284181 0.0769771466733713 0.213453630436516 0.284851788605931
0.0674529198702436 0.387383928888227 0.0633724955654058 0.481790655676123
0.457741239643982 0.400253350879775 0.0580631254789383 0.0839422839973044
0.0432601806638373 0.447196150665748 0.103128644206263 0.406415024464152
0.265344432765865 0.243276778915851 0.227426327291128 0.263952461027157
0.293312675973514 0.105328041539365 0.235709978899366 0.365649303587755
0.27845350525647 0.29049111998968 0.163968309706056 0.267087065047794
0.383726566856639 0.208302151894709 0.345911180258937 0.0620601009897154
0.0257999444762838 0.250174944636683 0.353483528522328 0.370541582364705
0.255268567388562 0.283658478821996 0.120182572679035 0.340890381110407
0.0665170568398849 0.435155335736848 0.287642811761701 0.210684795661566
0.325351669945596 0.178799694426601 0.264424342879099 0.231424292748704
0.110892013008721 0.460662763999119 0.0453001973692869 0.383145025622874
0.0772655490522069 0.161581080718767 0.311786602676772 0.449366767552254
0.477082405692122 0.166362283508442 0.192134633302641 0.164420677496795
0.0989816928235892 0.280005088957301 0.29809674888051 0.3229164693386
0.207492596630064 0.20711540506799 0.345271265294997 0.240120733006949
0.222574076925303 0.387692358558794 0.306817678359725 0.0829158861561774
0.163238450962398 0.370596603656185 0.20855111109707 0.257613834284347
0.0938841361301925 0.0346929913371302 0.446844864470442 0.424578008062235
0.277854488680437 0.0159391002121437 0.358393713766453 0.347812697340966
0.258670075236935 0.274429326331315 0.214523548363052 0.252377050068697
0.0298873513053091 0.73155705067384 0.040199890307887 0.198355707712964
0.160374204804008 0.223860991673473 0.318800387809238 0.296964415713281
0.227470504718648 0.350238603539221 0.37481460679465 0.0474762849474805
0.459719568364936 0.19676457050201 0.258098448461668 0.085417412671387
0.15717998732323 0.163075128053943 0.255201349024232 0.424543535598594
0.326373136446075 0.0548336673714291 0.419671452938994 0.199121743243502
0.288080490912988 0.278822458058878 0.207731994339348 0.225365056688786
0.0933823839098723 0.365990351045559 0.257236192297868 0.283391072746701
0.354616259795653 0.247757471259969 0.040340252770326 0.357286016174051
0.22011920975638 0.300875726181596 0.0838417588092827 0.395163305252741
0.273780557529214 0.395330492283791 0.201184888918429 0.129704061268566
0.31584347158037 0.291045218095319 0.149269543534679 0.243841766789632
0.137033627469937 0.406048867030363 0.265309173182718 0.191608332316982
0.136284684700774 0.183888057033174 0.469427917540595 0.210399340725456
0.188217059431702 0.240783671445177 0.210087648373763 0.360911620749357
0.220322661751125 0.289199378123489 0.22870440320169 0.261773556923696
0.20163626246484 0.391680457621059 0.229909188818143 0.176774091095959
0.406163477720078 0.170844738721354 0.154954701414681 0.268037082143886
0.327196642789241 0.29818616169945 0.0415864886374242 0.333030706873885
