0.19760176769457 0.210148223571971 0.187332374757989 0.077275898490309 0.12659769290476 0.0723816434042786 0.128662399176123
0.0350620900864706 0.279515906175102 0.0553756301775387 0.158258444634153 0.199119992720496 0.0999922919023235 0.172675644303917
0.190661795736587 0.141633578026493 0.209292370589091 0.0290485626405055 0.244278851699651 0.176397074607658 0.00868776670001465
0.113452115888372 0.143297929651164 0.0982405113452457 0.191138535753815 0.208850465632202 0.0897696594867849 0.155250782242417
0.212608673500417 0.227992971939589 0.0646501181181339 0.0974925743419048 0.123890751360111 0.0563449799677332 0.217019930772111
0.223448049174645 0.113543434488047 0.00412747305585809 0.260334913836751 0.00419801285095704 0.215396981442217 0.178951135151525
0.144596000433358 0.152526334803463 0.0835846206266843 0.0328264097874577 0.0561016387305947 0.266956455403355 0.263408540215087
0.00129739283802877 0.0116468146587769 0.167628197823665 0.281092028804957 0.258898404051338 0.254449126973762 0.0249880348494709
0.21083211701404 0.185828171998399 0.158390686516355 0.0622318756305547 0.0486617809112188 0.20167229397236 0.132383073957072
0.129793510644946 0.182081240130634 0.0188836959448714 0.188343955746911 0.161112844932979 0.0996676852009709 0.220117067398688
0.226138022707373 0.222055879609231 0.142249491681211 0.00995534658032647 0.0609111712349599 0.113273168279784 0.225416919907115
0.165205368620065 0.228519109203401 0.0509702789683461 0.100503027968595 0.231410293888196 0.085608022271234 0.137783899080163
0.146376520819295 0.104706999245657 0.270250758729873 0.0561441777346359 0.0878670480426832 0.260627380250249 0.0740271151776074
0.0980223975224729 0.103656242165715 0.148624813724627 0.126170232342891 0.160973331319509 0.165909521385737 0.196643461539048
0.163761110507799 0.0254269076326192 0.136068744761488 0.195456593305143 0.201003525412965 0.0902833770390349 0.187999741340951
0.126748154258012 0.113344517542597 0.110053834829693 0.083187684215554 0.11277930229883 0.25024970806139 0.203636798793925
0.092064586598146 0.23857354295193 0.13991755865279 0.0587842484783838 0.00476896450812464 0.126173548512381 0.339717550298244
0.218844584174229 0.0485014377003644 0.211800981692533 0.0062801537578392 0.253187828933812 0.172186603704991 0.0891984100362315
0.172275207633683 0.101586188010699 0.271694339362516 0.0975292268449452 0.149070532499722 0.183462842157054 0.0243816634913799
0.0605443947409122 0.167944792925972 0.0705769522127799 0.0196751110783878 0.355443328275752 0.208405273058816 0.117410147707381
0.164898156786845 0.0768667030172507 0.174318141590527 0.202614022354527 0.171692375216475 0.0464024633116356 0.163208137722739
0.235571717811839 0.0710636210675068 0.162247633273121 0.0973645419901517 0.176682409702624 0.019935136830094 0.237134939324664
0.0917105733481705 0.0766964409732023 0.044361011432418 0.149180030085201 0.107898446844349 0.225403102544936 0.304750394771723
0.262736331100354 0.0211365033009816 0.147805036046615 0.0600390667985732 0.223307505620428 0.102634407437305 0.182341149695743
0.176897876686048 0.0771391784315315 0.144193543863912 0.0373009838007673 0.187080736220638 0.171722970588546 0.205664710408557
0.123266654651698 0.0384518937849915 0.0705492315086085 0.166519411976702 0.296331553934855 0.247802664705515 0.0570785894376301
0.0830393364318746 0.106919487709457 0.0261108752394704 0.226688987348432 0.144581407143966 0.171898527278409 0.240761378848391
0.162265541193311 0.0252328269168644 0.0950776523340263 0.146397124383103 0.218325463939771 0.157706155309564 0.194995235923361
0.256531710638854 0.14699311485578 0.246680735338657 0.00691358447908155 0.0987861317839275 0.13900306604695 0.105091656856749
0.166597097610448 0.00795741168475186 0.0797593745842595 0.195328038455323 0.07758475923737 0.213282825757368 0.259490492670479
0.0974950080671014 0.154101749438069 0.13523890928497 0.24769923082064 0.271290395540475 0.0738932215125604 0.0202814853361846
0.232020933755506 0.0589106923919709 0.0767518680863581 0.271931622582386 0.00324328579565053 0.120792532886445 0.236349064501684
0.202781751457713 0.0477991791967297 0.151068598707331 0.0495039220701796 0.183299164147864 0.149840832286444 0.215706552133739
0.0180986337956774 0.282401979497716 0.185349686204442 0.0314419412876977 0.0372412941790636 0.409139233271076 0.036327231764327
0.301778034926764 0.0825197243080017 0.14091311233144 0.092701031023122 0.114620310067567 0.0230930391253663 0.244374748217739
0.078865626701624 0.0121605731237001 0.0556360709804074 0.223903718741904 0.248473052957227 0.253735472861405 0.127225484633732
0.217628964665715 0.0405575936758656 0.167709680829149 0.134987867854236 0.142243400654918 0.0353973799316894 0.261475112388426
0.252925716708241 0.0771822540755063 0.0286612747204799 0.0082770792845211 0.0473439282732866 0.289212831135064 0.296396915802901
0.0303633179072297 0.238848283946366 0.222504000850229 0.240956973778857 0.0317177662391154 0.118416122931511 0.117193534346693
0.00858171400514401 0.00890579125281499 0.324922274323968 0.384523747261385 0.0899162223577777 0.0789013367702103 0.1042489140287
0.016755209025681 0.101972159122976 0.25711565817684 0.0235727205656576 0.233234960345215 0.181724821246452 0.185624471517178
0.250758652327479 0.0584062659769569 0.264702246043849 0.0306547632697377 0.28781895658685 0.069430016463707 0.0382290993314209
0.305038748978062 0.162161987992646 0.149273948442606 0.0677063154355069 0.0470623023275287 0.100061533182553 0.168695163641097
0.196672929929053 0.157821385814173 0.116402957145048 0.134620828121842 0.0936050096857523 0.0525125648095936 0.248364324494537
0.153725917788434 0.174907528305216 0.0373268069730491 0.208115623678751 0.284320350880905 0.121022261812087 0.0205815105615582
0.253589982001873 0.141563898467508 0.156775105586408 0.0942446033592894 0.0331817665878902 0.216388353178176 0.104256290818855
0.269562601703887 0.0607235977218196 0.0840831845095441 0.0977516662414371 0.111626566212703 0.273333096527981 0.102919287082628
0.134985443886983 0.163334598611026 0.0831475682655018 0.182151217654205 0.173017614825967 0.192888666963256 0.0704748897930608
0.0833449583499258 0.278134076218549 0.026570445670573 0.113148339259115 0.249722084204311 0.00602090413455441 0.243059192162972
0.180952788358661 0.116494563971119 0.0775153305127681 0.149544737873669 0.176013595161417 0.206339042033259 0.0931399420891061
0.370880291836005 0.0666096558805003 0.129505952492723 0.0152733549112703 0.142479041206659 0.0135008251925401 0.261750878480303
0.0952825914174225 0.00927529314329969 0.188613735623941 0.26099056499134 0.200845498660674 0.086116768614733 0.15887554754859
0.208597208351006 0.170799254282548 0.0428219415757808 0.191190712869579 0.153769433954239 0.17780753577578 0.0550139131910681
0.183949444181192 0.0865953107263095 0.182146375479559 0.235889679696937 0.0672151222808475 0.108716532874229 0.135487534760927
0.120948144972047 0.276907682500435 0.132367751360368 0.0637584047950302 0.226957111734484 0.091396700639768 0.0876642039978674
0.0798830112320806 0.283075785662889 0.0519428402817048 0.205538922325355 0.093443442909351 0.190589887057614 0.0955261105310054
0.272795013612703 0.209638506854513 0.254752866518893 0.0947091588288527 0.0492198665875315 0.0659625611928046 0.0529220264047026
0.210844072507867 0.214429791946939 0.0200879046930567 0.00532383794389787 0.188484055606978 0.233562303707422 0.127268033593839
0.0808334903447163 0.201410778810949 0.219504747961736 0.193958302412594 0.0863690012690446 0.209450832417467 0.00847284678349195
0.176651459596421 0.0518010329466007 0.0062186783150638 0.174360943600412 0.24258455716422 0.112730426228338 0.235652902148944
0.233672882452708 0.195094929601017 0.0515204533873749 0.216728777266118 0.0114089052709925 0.246940027943425 0.0446340240783648
0.090516536085744 0.0918985580850733 0.00500676068935894 0.295180300965352 0.311663861867223 0.0997082948385466 0.106025687468702
0.219499957438947 0.0618403882096745 0.114854442931715 0.208661753793355 0.189904319060826 0.0756571458485658 0.129581992716917
0.123515632346869 0.155895661412006 0.0583712796046715 0.0387624554335624 0.225688925872401 0.289248958780857 0.108517086549633
0.0423709933238971 0.107033746477543 0.101708775448724 0.0524307293188872 0.12704805051063 0.314849392815931 0.254558312104388
0.286961962610007 0.0615153410239453 0.00977309373014789 0.283626146394296 0.0725108381164813 0.0675480549123397 0.218064563212783
0.216651050566205 0.108176901965961 0.222347631757936 0.0907005953748278 0.0583321024592741 0.173833448310337 0.129958269565459
0.0352598007394034 0.228063585845533 0.131665771922241 0.0799624200887345 0.250954045815424 0.0326247197713444 0.241469655817319
0.0382246940451986 0.161479607767267 0.226837905988944 0.270368498677924 0.0529171913302506 0.226079930622519 0.0240921715678968
0.0839855149499204 0.087742058640232 0.113758898191035 0.254985731536788 0.241723040702406 0.152076898645952 0.0657278573336666
0.0692739109298052 0.165339993092795 0.117951075813079 0.313734290232809 0.0722320566320154 0.184120984763002 0.077347688536495
0.232437266750077 0.203805686270555 0.144114507341664 0.00246679695157424 0.0187075052393894 0.120299143696043 0.278169093750698
0.202179502306275 0.121922755388004 0.346096143350761 0.285095981151202 0.00502361711026465 0.0269176902976442 0.0127643103958491
0.169371596521969 0.191336333273489 0.0477914712160559 0.10457045733205 0.26503289258866 0.123299987531382 0.0985972615363933
0.147744081177581 0.167259620529558 0.12572902320715 0.057536584364919 0.235787326722107 0.216016451703766 0.049926912294918
0.115548538695232 0.227802608045955 0.0886604685677337 0.0371842712025742 0.166440911377122 0.274466530849659 0.0898966712617242
0.20152620467651 0.101641239127404 0.120803855187746 0.101609475159057 0.162894565312955 0.164537461599044 0.146987198937285
0.0755785743722248 0.177009331063035 0.219804078530641 0.181606975931835 0.0996071815808144 0.149907823166463 0.0964860353549872
0.158035612758396 0.0589327967539251 0.24484794203205 0.0647534325625806 0.274670800148525 0.0408165843486466 0.157942831395876
0.0797455574564283 0.0842415513976992 0.113167076732465 0.323751448245278 0.154038123628145 0.103478972596185 0.1415772699438
0.0982984651992728 0.048425596167945 0.202681382223198 0.199004559313209 0.15802793855648 0.0820802254920989 0.211481833047796
0.173760500513192 0.0735853995081163 0.179500787355143 0.0420500874424491 0.137942549135851 0.199505618931475 0.193655057113773
0.202255052702682 0.172968919265905 0.12804981712453 0.201062767728148 0.0943629905950919 0.0331550257078116 0.168145426875831
0.0924476546479035 0.0923002324458852 0.0763429414364999 0.333045960580536 0.210407151563224 0.0580324043266058 0.137423654999346
0.111378279554513 0.174147581279926 0.250761350868567 0.165532947167519 0.0276512526446622 0.150092953988777 0.120435634496035
0.0191880436507663 0.137494514862838 0.192237706047975 0.146831727478871 0.162951468955364 0.251621885345406 0.0896746536587798
0.253923606500635 0.00721665144617897 0.14077172966922 0.2243215410511 0.0656796523166804 0.237235963273074 0.0708508557431122
0.00620316847986197 0.115896516807544 0.344257898446781 0.044705387966407 0.0202599446586435 0.138966729758191 0.329710353882572
0.00178005890852651 0.0297032503897216 0.18684075171158 0.213238818395548 0.233594216855728 0.165587782758862 0.169255120980034
0.107543943736355 0.22286643364573 0.0875293520229822 0.22985527212987 0.0571509641284514 0.0781147944046401 0.216939239931971
0.119127291035313 0.0566550484188235 0.324260684616599 0.0404248549567342 0.0734086961371246 0.334542780951256 0.0515806438841505
0.038497968359996 0.126208071939403 0.145893214537345 0.190596649573546 0.14659984717319 0.18330419699848 0.168900051418041
0.139515486372141 0.129815217398 0.0441070572796611 0.197231001983205 0.00650098179676862 0.183772107790298 0.299058147379928
0.193621463466102 0.165926827562118 0.0705370628949459 0.186691212178374 0.133399792297024 0.055849539338039 0.193974102263398
0.243008085985044 0.0421848999245733 0.00495469746206502 0.180454992627251 0.212226723130656 0.175785822615243 0.141384778255168
0.122107132461239 0.0792396650156174 0.210893496409245 0.0919478931306631 0.0533499615394557 0.199682440853254 0.242779410590526
0.19805354876955 0.203984531057838 0.0549687397792182 0.188046442749048 0.128563648895786 0.190356617321082 0.0360264714274775
0.150676606533342 0.112196672573173 0.21534109991061 0.225568601508132 0.0296098382256818 0.11178098788959 0.154826193359471
0.102593556255244 0.175208592510779 0.115184649562092 0.236303580651233 0.136951179382258 0.203075220609119 0.0306832210292744
0.0563899051544405 0.166675121770933 0.281453341024407 0.128704163642651 0.0694538893277953 0.087791335113679 0.209532243966095
0.114872337962588 0.226982694361338 0.03055146789269 0.183618982016323 0.11034481303723 0.104104774229072 0.229524930500758
0.259353171340233 0.0113461638160586 0.145471542234556 0.0888909683862138 0.159672642455814 0.0877626097046068 0.247502902062518
0.0933282096420491 0.209361037699363 0.200528258957674 0.112068053245653 0.133550316704743 0.10860154966723 0.142562574083288
0.0209981533767885 0.155406529071456 0.145163567674354 0.0469670677590854 0.222429784249791 0.264666965344893 0.144367932523633
0.179394456621729 0.164990730499924 0.0657965187360717 0.159959349437652 0.0216408821832457 0.22375482411961 0.184463238401768
0.312254300197446 0.100908795990444 0.0244353780228459 0.206045541221909 0.304884344190238 0.0261565329699986 0.025315107407119
0.302072134751157 0.287203442099285 0.209737350538241 0.0113150686047074 0.0225511016703254 0.143175459614269 0.0239454427220147
0.102211732471851 0.263412221767934 0.111119048373064 0.12984219009721 0.183665888716713 0.0314827980801602 0.178266120493067
0.120969464843121 0.203622305418888 0.020822043831355 0.125153853692217 0.177486252499447 0.246411443444746 0.105534636270225
0.215053058633512 0.012760147981672 0.122843201759942 0.0568110951219554 0.240868659126775 0.171128271494859 0.180535565881285
0.241136943422856 0.112304052763447 0.0711859093745586 0.104188139070875 0.225553526658526 0.134627267076441 0.111004161633296
0.269778509051438 0.15271752239871 0.0220126167630916 0.186521365010253 0.10784026596974 0.0407280876437141 0.220401633163053
0.00396794228625659 0.205544780114718 0.185619612306898 0.0606517369067614 0.202886596804251 0.198891832599346 0.142437498981769
0.136314894781895 0.197842692045811 0.0419753403948571 0.189215615211329 0.209957748114458 0.105000197985919 0.11969351146573
0.0687842790636708 0.246158950499964 0.00615667479678345 0.219573923498702 0.0511458222781581 0.291952447123235 0.116227902739486
0.140441729213519 0.148919046716713 0.242715389258241 0.083297832709156 0.240796174022193 0.0689279517328556 0.0749018763473229
0.175616780380789 0.252935271257023 0.0802650556741357 0.207633380436967 0.0528552896725948 0.188938037921932 0.0417561846565579
0.185736450244214 0.107318096774481 0.13064767268196 0.221818043933712 0.218068577171965 0.0613779721726622 0.0750331870210059
0.134218802050189 0.133428951034687 0.177665308742546 0.207525232857553 0.00684712819264207 0.271719588177017 0.0685949889453651
0.241892049960256 0.0977177038153706 0.077920130561904 0.224013011079597 0.191733431531141 0.0204988972047682 0.146224775846964
0.107476707333326 0.216828732675506 0.191674750572104 0.16045740174101 0.210098358012234 0.0778507189299832 0.035613330735836
0.274034296624911 0.00814811739591735 0.243812175422922 0.155691164219776 0.128473285866643 0.0185736587623264 0.171267301707504
0.00920683478969895 0.180166352011538 0.0751569583739041 0.0805002396970433 0.11881800542375 0.249560225177288 0.286591384526778
0.177849197214901 0.010183975090632 0.028424127612322 0.223224730115294 0.214587561393963 0.120312633949296 0.225417774623592
0.1334904622008 0.178485497676449 0.0797327977859726 0.0671812876355204 0.139192827390709 0.227361298458079 0.17455582885247
0.0858226610780517 0.0470706915627981 0.204383306114869 0.0726756990983703 0.224562299167558 0.160414240733079 0.205071102245273
0.0471962681716638 0.249334279932614 0.0739713444891233 0.24650267742008 0.169129963369747 0.0464591395469863 0.167406327069786
0.0906821009790941 0.145793036881362 0.289159460282292 0.0753290359736378 0.0846419417878105 0.0247560560649993 0.289638368030804
0.16340273451608 0.00243895378647727 0.256577741253392 0.250079941920943 0.0722370361437688 0.157009097598146 0.0982544947811932
0.171476355585591 0.116031799327091 0.161752318812855 0.172404946124577 0.126910180077691 0.132389636209297 0.119034763862898
0.17772487481248 0.20667590492076 0.00805480849742759 0.114937654176614 0.116179648298318 0.129274140538642 0.24715296875576
0.0519782685799045 0.116533915528369 0.085799812284394 0.121953398219243 0.319894963972137 0.265135940205967 0.0387037012099842
0.218948996076529 0.164073578625571 0.170536248160927 0.13791401726339 0.0653646439858809 0.0554760173485378 0.187686498539164
0.0876483963246218 0.03060703310595 0.167323906778051 0.133503918707921 0.147588099401313 0.198990077995475 0.234338567686668
0.043582328439772 0.0237701690185506 0.148055164006388 0.197734476296273 0.181743804119363 0.192614144005016 0.212499914114637
0.0869839702430503 0.261331430894866 0.110224663031428 0.0412968313016741 0.172575473286512 0.213124768809674 0.114462862432796
0.075459047210456 0.0846121643153928 0.285866578030049 0.222593975329072 0.00917718375632692 0.176809396005339 0.145481655353364
0.127143225563188 0.0713954722172763 0.15348346627798 0.264560388737566 0.0480684979918773 0.125630564664577 0.209718384547535
0.0144838942642455 0.123954687637557 0.169004109127723 0.0712262021450537 0.1483996482739 0.23131907365799 0.241612384893531
0.159824724969841 0.042895576525758 0.280765593040319 0.222691035762406 0.0891442883226539 0.0116247254412847 0.193054055937738
0.0889604440775087 0.236561084759425 0.275676026631826 0.0161697271068931 0.257519075065904 0.0141971611799216 0.110916481178522
0.181473808402247 0.0857145056975211 0.180932333035386 0.0822481189482502 0.147346057198953 0.0737114764072371 0.248573700310404
0.203170233224422 0.20640653384326 0.234407034591382 0.102187334048699 0.100470962226401 0.0111972442936837 0.142160657772153
0.205539884664641 0.114915256365473 0.137592910506801 0.206195773013662 0.0650317675801075 0.115152560691297 0.155571847178019
0.0832723314404757 0.0927641214975397 0.225961054343264 0.212037144903202 0.238678312329344 0.096289174938089 0.0509978605480868
0.0715778451529155 0.195370740335058 0.282036279658492 0.0138757635168004 0.103081675683211 0.161971505475547 0.172086190177977
0.184270324598771 0.10833250648286 0.0634304724390928 0.096419438435837 0.189760934391794 0.263650199898594 0.0941361237530521
0.311721947400706 0.00239699657678393 0.193215048095436 0.177383156852681 0.0526671852362479 0.118003074132428 0.144612591705716
0.138802705458929 0.192840718383839 0.108807011565282 0.205924873154573 0.158656243148256 0.116293281139896 0.0786751671492247
0.185909989014872 0.223168591807168 0.0874533498599956 0.107557531718814 0.0350727199610478 0.184195538856917 0.176642278781186
0.249624328064655 0.175959352899908 0.0976451933423353 0.0205491402576431 0.236616287572774 0.161886018459677 0.057719679403008
0.040473532871734 0.154734674839669 0.175788361339687 0.194040960360233 0.12738362333728 0.230876454640203 0.0767023926111937
0.180816543785919 0.0215687568880738 0.242993571909669 0.267517570551928 0.119441188818503 0.131861954671715 0.0358004133741912
0.0839977558494756 0.078004388903251 0.136826947670434 0.118214092752136 0.302497381023549 0.206625101755022 0.073834332046132
0.0743216486740803 0.106362128779514 0.177696940161153 0.218720417301852 0.0897926056472614 0.148708707256819 0.18439755217932
0.129011397616079 0.0133358900362926 0.173329942617508 0.207227578755906 0.0931474767681308 0.276538324531894 0.107409389674189
0.0847453462555871 0.0111858209668381 0.118109200263017 0.188731814562152 0.140132891785377 0.153982260358833 0.303112665808195
0.181034343946407 0.268658946230879 0.0210986302301271 0.198605743191311 0.18773858632009 0.0977374181835845 0.0451263318976019
0.156294384690614 0.113736615265147 0.14543768603251 0.0374475075484581 0.169405298314567 0.222859713655157 0.154818794493546
0.11221282660619 0.247025725102374 0.132851584728989 0.218762658441565 0.0442566525619915 0.222144783226885 0.0227457693320056
0.235679860328338 0.293110268910849 0.001909012863869 0.173570113155844 0.12767029960872 0.0959670506838015 0.0720933944485772
0.0161056200464825 0.0478284208437156 0.254607335228935 0.128433946135107 0.175084484122453 0.0418824496039367 0.33605774401937
0.0753940531495006 0.217378643152361 0.0567589385664115 0.166881113844888 0.0578143762507725 0.269951637497425 0.155821237538641
0.121060277765677 0.114343469161095 0.0864708566087008 0.196752256966625 0.267047776362591 0.0336655628144569 0.180659800320854
0.13202207313323 0.0732639714024242 0.216601656420129 0.10364184584469 0.154628739780772 0.16136543234194 0.158476281076815
0.266500541814248 0.104733274302335 0.28883827734525 0.0184813460452682 0.111609620357491 0.189867324086459 0.0199696160489486
0.315831513757616 0.028442538169732 0.0931127804789376 0.246686583912453 0.0818155552596959 0.060046725473092 0.174064302948474
0.209724506426836 0.121374339381078 0.125442130632083 0.0422757230256284 0.00526649735779261 0.29213997022269 0.203776832953893
0.148345441700247 0.217746464885259 0.191203759879635 0.130112924495155 0.093753040843646 0.0242010883354883 0.194637279860569
0.226696466278509 0.0850788748046106 0.141114395977491 0.0727115075726464 0.0908084020862611 0.213734657989576 0.169855695290906
0.0443628742594882 0.157339646346856 0.218557413417643 0.234122000612197 0.0149994402775329 0.158954734899249 0.171663890187035
0.093887924824411 0.274761389396647 0.167820751953091 0.15669682583388 0.211435296911589 0.0742314670065904 0.0211663440737904
0.225874579753777 0.202150071147804 0.0269072105720068 0.139322851858172 0.161743976054773 0.115180665866031 0.128820644747436
0.103873582418995 0.0182497980138178 0.214463026523064 0.277056712354538 0.124687928584688 0.204906711281126 0.056762240823772
0.12473721741234 0.158594550282654 0.174294199625628 0.119508970733306 0.1974708452617 0.00474797872641326 0.220646237957959
0.101506616906491 0.216075115122655 0.176081972803491 0.176537022463475 0.234988575812159 0.0928621439025585 0.00194855298917125
0.268247870610629 0.0989904070364674 0.216241685305171 0.00831072954864825 0.168882243976516 0.165959086915293 0.073367976607276
0.148153387360499 0.133522949138001 0.2339765173779 0.12676928978327 0.0977564009916762 0.188667370242691 0.0711540851059623
0.205746958316244 0.186500030124889 0.0728084982206929 0.157875441001262 0.0253759227170805 0.209707827579637 0.141985322040195
0.0825346025282454 0.0705680918466468 0.119003534870654 0.102178351987574 0.215867844593335 0.278069226840063 0.131778347333481
0.153713795700359 0.184502148555156 0.103857026758444 0.00127227549530114 0.223487015093049 0.243145117608668 0.0900226207890231
0.0926744451609779 0.0773972699500889 0.251150391459775 0.180139462537909 0.0192981916006335 0.166938617774578 0.212401621516038
0.031988836605293 0.0154128095851491 0.118647049621435 0.243262845181053 0.178730907426186 0.237944494634368 0.174013056946515
0.101663943195095 0.200630379742604 0.176373366630594 0.170862987792858 0.14343797633822 0.0486303416253483 0.15840100467528
0.271484872301904 0.193278256146953 0.0750611882161999 0.0875583864149118 0.171747780030046 0.153100708964294 0.0477688079256923
0.155881025407335 0.24562386500081 0.0217079074769441 0.25465155877921 0.131328019407581 0.0704694385137795 0.12033818541434
0.127203282830203 0.16419648989069 0.078758358036489 0.160909516273105 0.165378877111276 0.187449821510083 0.116103654348154
0.274974094293028 0.151080711528764 0.257714231217208 0.0831817103477492 0.137249201794182 0.0454612499089341 0.0503388009101344
0.221081514210102 0.0375539440133989 0.219792965308756 0.336696105662836 0.0439703631077199 0.0403434831540759 0.100561624543111
0.235898070308785 0.0173051334338199 0.0843564315228078 0.118716097146425 0.0926999129055896 0.254887323372604 0.196137031309969
0.180486858300727 0.199647421592567 0.0652777672413561 0.0712803300875093 0.18120527110911 0.187537984072781 0.114564367595949
0.311619952386648 0.0106970288442466 0.0152974135073188 0.0162472506030647 0.0656463624260012 0.376656142165022 0.203835850067698
0.0395148067684688 0.0655802946537703 0.0425580623380348 0.266750765530652 0.217371571425073 0.261769095887001 0.106455403397
0.100153807966266 0.0128800193619826 0.0464890077118258 0.297349270042584 0.252552747674828 0.223428386584566 0.0671467606579484
0.122512003022575 0.0506381530697653 0.210836546074643 0.194286896034963 0.0909746538098201 0.233222112922209 0.097529635066024
0.253856467075741 0.19079152969366 0.0292632747164904 0.121833646035114 0.157872046932187 0.0770125316107215 0.169370503936087
0.100494513897789 0.0489928096386708 0.106446230556747 0.356431497813793 0.0817094340637094 0.301481465462435 0.00444404856685667
0.0499772478676794 0.221104401241148 0.259247377368522 0.0237044352452268 0.0669129979677921 0.167369383950807 0.211684156358824
0.099589847290017 0.306949400315328 0.0149232277299075 0.100496119272392 0.162461403829751 0.192436338999484 0.123143662563121
0.181381153016749 0.189241335582406 0.141598588754609 0.18201062631709 0.0574382234803641 0.194192333684311 0.0541377391644714
