0.0534015987828826 0.0613130201780212 0.189334478269184 0.0258262924826415 0.181485965835638 0.121658647525366 0.134590086270436 0.0586402257989591 0.173749684856872
0.137359422303063 0.0994826989595639 0.138068871235348 0.00566384800910492 0.08156636263018 0.162127451146291 0.152361150940445 0.091934686671082 0.131435508104922
0.20509459635753 0.121208124074041 0.161524808054193 0.144532102101866 0.0203602520061703 0.139692112907313 0.0681637707854205 0.0560009143225905 0.0834233193908761
0.0578779945773019 0.106506559165137 0.184456738622757 0.164537970623943 0.0645333136592699 0.0712791557903214 0.155173318761188 0.0153923929892392 0.180242555810842
0.00262475467101639 0.0858019443514803 0.112767031894229 0.128619580943361 0.0264529922448954 0.151583283764648 0.0992056660713276 0.19698938450192 0.195955361557122
0.174901513950005 0.0140152284384231 0.0961427332787129 0.100648653089474 0.132451724177339 0.146336036502541 0.11823323280165 0.138331268837454 0.0789396089244005
0.096552041421862 0.172366683894929 0.084307454486203 0.116138387129189 0.136321345322871 0.11389350037446 0.104215666739301 0.0991500893179431 0.0770548313132421
0.122286487464937 0.165390957954492 0.10034997838112 0.00328508155569633 0.192460464025274 0.231467237443734 0.0847342273181221 0.0633381191335386 0.0366874467230863
0.166149110894495 0.0392616401870795 0.123726913887779 0.166490981687317 0.0228615541486896 0.179751633966019 0.195531477512231 0.0463976735852778 0.0598290141311136
0.219231011564209 0.040304153542753 0.0266074755227953 0.00309789783614381 0.117268908729483 0.207077990252403 0.200077346652532 0.178287309022346 0.00804790687733463
0.169701473776952 0.0288585859769294 0.114269866412754 0.17895279114656 0.106644248221741 0.104258733485697 0.112553296517319 0.0440346922574011 0.140726312204647
0.168655412006812 0.0514243480088302 0.142785559006609 0.0375913807498505 0.00450347113697651 0.12147469860893 0.0876650614087898 0.227955528601599 0.157944540471604
0.142611763902 0.0168649647570132 0.0743417163366259 0.0759765942518018 0.0849778250923655 0.174329360970001 0.184074978733587 0.131841344345488 0.114981451611117
0.205319740334711 0.126197324584833 0.193911684627911 0.187801834513725 0.0196365565193965 0.0958646737209266 0.0369132559431437 0.0505216421676288 0.0838332875877242
0.155453187476146 0.0227277586573549 0.223085321064783 0.108277257939216 0.216016393565907 0.0213954389646364 0.0505000551198245 0.0486955652448275 0.153849021967305
0.0806425856707536 0.155961807553165 0.127047401077349 0.0918067211972812 0.127980790585615 0.125234583612412 0.106238038878499 0.144189850276532 0.0408982211483928
0.0826771146657064 0.0257497590153027 0.16426639891035 0.0706794384006058 0.20179432237711 0.144397886377275 0.125470307109962 0.0616398074043802 0.123324965739308
0.0859884558592675 0.17535199546518 0.0779766697674517 0.0281399976142924 0.137259584270464 0.0291807640061419 0.179916750022259 0.176336388382084 0.109849394612859
0.183780233863122 0.13719649784413 0.0312407696049353 0.147454149356567 0.183112388597887 0.0105831858236336 0.179325584488597 0.0487326355449534 0.0785745548761745
0.160942186873993 0.0669828268309541 0.0431969128680822 0.143428639724617 0.213011628689442 0.128113144453446 0.0585015742707258 0.126887556222905 0.058935530065835
0.130396901389805 0.0289769084879367 0.097578070385095 0.15453825945496 0.199478107247489 0.119413602096868 0.0897855076257718 0.0387736111240629 0.141059032188011
0.00320083096496553 0.164327717756515 0.170152084295078 0.143209002367611 0.116916862195337 0.00448325458148158 0.171805777974673 0.10751462319488 0.118389846669458
0.138667030463036 0.169196007561919 0.139366568441722 0.169955094339533 0.0975418761651194 0.112213786326656 0.0197549602036444 0.099699502082975 0.0536051744153963
0.0493057616260425 0.162584597807846 0.103628036091255 0.114339202851928 0.00812060744325552 0.145488716324739 0.174501423331271 0.0689920658294052 0.173039588694257
0.0536521699176604 0.184586698143945 0.154502067270196 0.147406650682956 0.00578538298136517 0.162169030897535 0.125250457807749 0.122991686456392 0.043655855842201
0.159028741361954 0.188195427390346 0.0504806015754422 0.0479007505848145 0.113743026183275 0.181188894687047 0.119278729884648 0.103620467483391 0.0365633608490828
0.0309495347181578 0.00243765537798235 0.247369091874107 0.00621991926367398 0.246975768618881 0.160057176103107 0.0149070208853368 0.176407125031475 0.114676708127279
0.128545261135325 0.0577414733471943 0.14974917528939 0.118312912074891 0.143090725119617 0.0392818996756725 0.100719397314554 0.0931907454637767 0.16936841057958
0.140600575196352 0.0493782167207573 0.0897553456316609 0.15404342603545 0.146453087839333 0.00844121159914396 0.181380443311338 0.111117048785848 0.118830644880116
0.148033020734901 0.1346492334169 0.161642640833075 0.159742094251208 0.12491829718089 0.0717634928914355 0.0427389063970609 0.101132028144408 0.0553802861501217
0.215510508246688 0.0159534870233458 0.100177694138915 0.113239305177553 0.10414958478246 0.229248848825903 0.0549777427740603 0.10362837378561 0.0631144552454645
0.0428247375016852 0.110867386389872 0.100829171564895 0.0398943355883843 0.035353060823922 0.167122693179372 0.202071527031808 0.167666632415241 0.13337045550482
0.119696055642242 0.229801475557369 0.0794365951760728 0.0446871712719011 0.00544833292103319 0.22738926638866 0.0642415520649042 0.11349108247116 0.115808468506657
0.0455081666615472 0.173593759534563 0.0743050405759198 0.112670343394721 0.0736015767992857 0.120963500638378 0.120754740005314 0.128905868558885 0.149697003831386
0.0859120836825345 0.0988608628044046 0.050736347586791 0.0485398203369959 0.119840984521604 0.082675329254117 0.129352333193793 0.185989185382726 0.198093053237034
0.072063732671827 0.0204938580584682 0.0992410005454999 0.171001270837043 0.0134817227513997 0.213204846026025 0.166913502704396 0.0353464589627358 0.208253607442605
0.130668640235862 0.130067133930845 0.0127108791830572 0.00364226687021183 0.161061440735352 0.0911728781049664 0.155980387997822 0.121265873689289 0.193430499252594
0.0583268359500689 0.0302092330134448 0.0376755276879155 0.167488589588719 0.0288131802715465 0.170804070602973 0.172415488112101 0.247441555485702 0.0868255192875292
0.0249892918771644 0.103190870190737 0.119948561392789 0.0835348774573726 0.137911847889511 0.0750207346903657 0.154634897398285 0.119475227511217 0.181293691592559
0.199766386554569 0.179566202616077 0.140450202836587 0.055192779617114 0.00282106322513568 0.0729495148595284 0.0164032301910296 0.165139722351532 0.167710897748428
0.162170641041797 0.0683644623804193 0.0118529996814112 0.212341606292013 0.020353498517182 0.116093458562368 0.0211688086847621 0.241255394199914 0.146399130640133
0.198792040541492 0.205818433799332 0.0459678476713871 0.0271076818437429 0.0274591494635516 0.14840399305435 0.0313586433621742 0.0709285980190108 0.24416361224496
0.17966854756807 0.0375409085485908 0.122353228136707 0.165171017254076 0.0489875880539713 0.13102266971839 0.161519543665181 0.130426583058384 0.0233099139966294
0.227029644925218 0.0239401625659223 0.232817391591683 0.0296556211324405 0.0350945300204402 0.10546170109589 0.015965741590494 0.157608536654553 0.172426670423358
0.0154680289901359 0.109785569935333 0.207901474060142 0.183960035395088 0.0220067547927746 0.0435159054620821 0.0946034984976868 0.111934043326413 0.210824689540345
0.113519307625189 0.0787521519115204 0.0689212978961861 0.174641275089086 0.0414194020618478 0.24221797200271 0.0609413772348594 0.0615143477345415 0.15807286844406
0.209607010087968 0.189234604854716 0.0640314223415436 0.20516464644405 0.0394627519342482 0.000492030954245259 0.104190752536268 0.0087582929457848 0.179058487901175
0.180430069940997 0.0489795794651226 0.0556958141997337 0.212924201966031 0.0746907265118444 0.177246836533501 0.0181494342986106 0.143812286506597 0.0880710505775633
0.0547557276771615 0.00965417948292822 0.128476564978572 0.171096952299717 0.17742395668595 0.124305324564166 0.0407870681243582 0.214972065092452 0.0785281610946953
0.121048107677149 0.11794685163723 0.0707210464740168 0.167486952494441 0.140884067948631 0.0687620480990896 0.111341402177512 0.181578613180612 0.0202309103113195
0.0240749889269107 0.122073005105462 0.121316222492034 0.109109803181661 0.153298585349278 0.137142501383304 0.170053476829487 0.105902920485387 0.0570284962464758
0.210416848928317 0.107192874883899 0.171936580430305 0.0245083837025682 0.000978503420093711 0.232631255581951 0.12151846809066 0.115125456138644 0.0156916288235622
0.0843637345069066 0.164781524466565 0.0683473266845574 0.182934860823367 0.0926126243760254 0.192777772903259 0.0110763721663889 0.106519257422019 0.0965865266509111
0.120298677816471 0.0899368545448272 0.137879299246472 0.0961819460343252 0.15960462061935 0.0504109923281988 0.147094253613221 0.161474639419916 0.0371187163772199
0.0122273676970128 0.0558197422894789 0.241807527873395 0.148137047002477 0.0424527077917532 0.0359752740422954 0.260922656488818 0.0343899326586804 0.16826774415609
0.112992715868295 0.142298713534458 0.0219913381225596 0.109210900122846 0.171802028213675 0.17674023061436 0.04427325039191 0.0283215554547377 0.192369267677159
0.0592896399391399 0.100269206523511 0.168600615625134 0.0655908112405846 0.14520133465513 0.19778493364812 0.014832572262598 0.0972561257152905 0.151174760390491
0.153072588677422 0.109362818293481 0.0443316257866376 0.134076146358064 0.13389592665436 0.140020300099756 0.119658811944236 0.145117494997708 0.0204642871883367
0.0681369733001477 0.102306867182008 0.122821773355105 0.0812518027256721 0.170254902293188 0.0234574304805363 0.165884252437958 0.148672207591061 0.117213790634324
0.147124571287185 0.151874565295636 0.192464263994021 0.0818025376431004 0.0911517047595999 0.0953340156929895 0.156948160627906 0.0686227974275389 0.0146773832720236
0.0932999481504354 0.204557351378584 0.0748477456872513 0.049260883357785 0.205355612540582 0.0812983773475687 0.0405003048142031 0.194258955241088 0.0566208214825018
0.1777131447616 0.027422524155225 0.0774744559691209 0.0987852705680253 0.101310468372232 0.10963247260487 0.180028375179513 0.0803912021697034 0.14724208621971
0.0713757345605974 0.134275039720575 0.153515783153436 0.152753044773855 0.0239255888836968 0.145638661480237 0.0874644694689378 0.133293977912757 0.0977577000459077
0.179249347972942 0.0175582885766245 0.0644471314409467 0.11086685919282 0.230938383189927 0.130042671796376 0.0423773622260682 0.111433712304818 0.113086243299479
0.109433539292903 0.0685766049654686 0.0684686565877364 0.13126932767703 0.154413197103702 0.143997893392728 0.164769954309418 0.141900993542273 0.0171698331287411
0.0588735214624116 0.0369440717414051 0.215610840393744 0.0308208914336334 0.0486528775309156 0.206719551494562 0.00542973108232837 0.207658932058948 0.189289582802051
0.145048797284528 0.0947110300025347 0.194130041923656 0.153462500460922 0.0336125488032812 0.0343741594648245 0.206186470538781 0.109373003988709 0.029101447532763
0.100641127207015 0.179917140725617 0.0726015941173137 0.0681662347881625 0.11885304635191 0.00758851399167761 0.172019431351342 0.167750061670159 0.112462849796804
0.00493571193863053 0.120028265520162 0.135758134868875 0.0219739209351268 0.224369545122142 0.045421339173785 0.133631564575284 0.106367551159129 0.207513966706867
0.0757132324550456 0.123973684167913 0.0482685496309085 0.145108909715232 0.17657529828721 0.135910083476829 0.103309544508739 0.110077295125703 0.081063402632421
0.157455387939822 0.0833197727919491 0.118518561302752 0.175155107434938 0.0134175048899306 0.159955718440267 0.16147953634024 0.0878267401985594 0.0428716706615432
0.0574320526951769 0.136917784111585 0.164598770745288 0.0569121147118836 0.107072144976153 0.0358987514507662 0.152355367219625 0.118601301596191 0.170211712493332
0.129011003312292 0.0409392580927621 0.0837650996642967 0.100075359397317 0.143966612075576 0.160593278343003 0.145314961936986 0.0399877673031489 0.156346659874618
0.093580331188246 0.0166880948359955 0.0756213995364911 0.217364180534898 0.148309954274088 0.0080407526794974 0.0895130622436879 0.216729354827891 0.134152869879206
0.0383969599915915 0.0196718867098425 0.100202163344181 0.186356320240519 0.179006931801802 0.159844880359097 0.187136661005544 0.0499200900113423 0.07946410653608
0.138773023383167 0.100916790696585 0.114639778781424 0.131589689265838 0.0317858041456483 0.105029536327769 0.143726035863034 0.103846289761355 0.129693051775179
0.00987113642837693 0.103227538381525 0.09017173867167 0.0996600311000003 0.0145360968677238 0.325865791933838 0.281668752449073 0.0548765131319128 0.0201224010358806
0.162826686466302 0.0279821663976217 0.142008661573384 0.0896368390305107 0.109679078962691 0.112760474924501 0.0827193006810133 0.132216914412839 0.140169877551138
0.118781984275865 0.0419716298591074 0.0583710214819274 0.0970072304968534 0.0224383774279132 0.0749002584718774 0.157379768939564 0.260827284761331 0.168322444285561
0.18929332126436 0.194221964993153 0.0418878572072288 0.0420880852383268 0.164205279098375 0.00125383886169265 0.184748632366323 0.133846464706888 0.0484545562636526
0.00529436951763226 0.0888528019866269 0.131060381348163 0.104664081466222 0.0798898680845872 0.17985245663691 0.130525130643935 0.120870561816116 0.158990348499808
0.0707138034495978 0.141638809516279 0.16827602088044 0.0297402148426913 0.225142368861252 0.0858383080103205 0.000880201283387404 0.218588394908677 0.0591818782473553
0.135390813951211 0.0221021029448275 0.110522515562265 0.195941975222938 0.0774089094943318 0.178276908134383 0.19637709078669 0.0454697741996706 0.0385099097036829
0.0764231656801766 0.214816347763307 0.00896456194486791 0.0826776309394646 0.0763912589445517 0.12289711069701 0.148898400147303 0.251878816244127 0.0170527076391924
0.0809388389004763 0.0569147612850842 0.0594176954031099 0.118653584955133 0.169414199153887 0.244679038891847 0.0563041063806518 0.126681002779469 0.0869967722503424
0.118667645769077 0.019464834860617 0.0375961682871894 0.168995808594187 0.015733106146421 0.141479807277497 0.0983632741488388 0.151407125386811 0.248292229529361
0.0486580065511361 0.151296365481305 0.063267558935778 0.0281414309194488 0.0542928153982449 0.184586168292569 0.0481961224121754 0.208668357678213 0.21289317433113
0.295349968488205 0.207237827484075 0.0069746856159933 0.0413710649070419 0.0359851347244977 0.0659834508122108 0.0827718540714386 0.0600532253828419 0.204272788513696
0.138778867542353 0.0603669591524417 0.140833273538598 0.124984605099651 0.225285381737418 0.229261602341319 0.043485962484934 0.025211206608508 0.0117921414947771
0.181104892617065 0.0956850419817956 0.142776036485449 0.161462573781859 0.109422314325962 0.0217020069016202 0.0641351573122476 0.122238249293959 0.101473727300042
0.105004575974105 0.14826854589244 0.136924769412228 0.0248151162741818 0.169530006979426 0.145037151950157 0.0735280129806875 0.0568790288091415 0.140012791727634
0.14906454499352 0.181994467043438 0.0810207417014884 0.120867098108057 0.128095599904204 0.126233293481754 0.114767227302232 0.0200185249916927 0.0779385024736152
0.0054595748875173 0.0851388180457897 0.155184304766282 0.0983009600953554 0.0681098302110211 0.165511513575723 0.175744573366467 0.0243274828716151 0.22222294218023
0.292272997497307 0.120194553589953 0.0416238417908664 0.10978226627928 0.0690003113054799 0.00256833750998377 0.161663652214046 0.144664351797471 0.0582296880156127
0.144521282824719 0.169432537468609 0.163216170189185 0.139511344485306 0.16328169742768 0.0625988972172823 0.0980488976687493 0.0296629116218727 0.0297262610965968
0.0442616889237716 0.0806720609890561 0.1085781425086 0.135141723866468 0.0487721219541888 0.104257710687621 0.218774458078765 0.172224907885829 0.0873171851057003
0.00636935377681656 0.150251075407156 0.0579782645559485 0.0677818075875922 0.219556091220774 0.229425551928713 0.158757536329855 0.0638974074949593 0.0459829116981854
0.154985752452418 0.157834800812512 0.117999455121663 0.0439507169648393 0.0493025326868091 0.130889590269751 0.116982857655682 0.0788779150830934 0.149176378953233
0.153780978999123 0.0955032214978032 0.112377687806844 0.279228063742988 0.1348835158723 0.131043840154968 0.0328263554054705 0.00158154898184379 0.058774787538659
0.0339175191972859 0.0604512675480932 0.181912404286843 0.164764823120026 0.0540121211148543 0.0948906116416342 0.152962569508637 0.0952654033547987 0.161823280227828
0.0745839391649857 0.141788373924407 0.0256687301002667 0.0099703045855351 0.152084968792033 0.180238945289834 0.158266420753761 0.0789618256610354 0.178436491728142
0.0156324232551414 0.145200773893062 0.173663058981909 0.181371138720281 0.129267855735637 0.126349911645076 0.0173677290348035 0.0349767467452589 0.176170361988831
0.160520095178114 0.16327125335774 0.110962142304225 0.0460767266241853 0.0644970276304007 0.0490604263490633 0.095271065158374 0.117902445894107 0.192438817503791
0.102545201905851 0.05734996776055 0.0463618814269332 0.168721870343586 0.15178033548691 0.153108572556792 0.135401602796732 0.135530720879353 0.0491998468432933
0.047655372405921 0.100768520274072 0.0894608321926822 0.186449147859891 0.0684993312067989 0.098098995649631 0.180357816965369 0.0900026570772628 0.138707326368372
0.240700355539998 0.0192673593906365 0.0696405131529273 0.0536683067852266 0.0562433456087595 0.164671813107352 0.0523795418042003 0.233317577948443 0.110111186662457
0.119322681708714 0.0798669914808992 0.148020584693469 0.0745606664511575 0.149565658352427 0.0677062495282075 0.0986041312814524 0.183779790835377 0.0785732456682955
0.00547385212493077 0.190070851464868 0.191711692525421 0.187090672670346 0.117459428283531 0.163768233696613 0.07949951943 0.0219403957375779 0.0429853540667131
0.171434653296098 0.178360316807508 0.117944759554434 0.0581312104650767 0.0982070672670472 0.160675843511885 0.0530172897391614 0.0205435042838228 0.141685355074967
0.145223636607807 0.209179333397131 0.0616941750590866 0.0109039971927394 0.160670417482167 0.0772196778385822 0.0835876630042636 0.0455630061526993 0.205958093265524
0.157553800365552 0.0061674531887383 0.162039618769317 0.138762560921524 0.168813283135583 0.0018244532757048 0.115917436634288 0.0538684354593422 0.19505295824995
0.0653627220460404 0.100177083527883 0.148006169303836 0.104665113450573 0.154001044545837 0.126099337924981 0.0740342124890735 0.105609259506497 0.122045057205279
0.136844867818066 0.14614963551455 0.0908654917636323 0.0645754716847771 0.152269826189196 0.127465256104952 0.120622172279646 0.11311326491535 0.0480940137298302
0.177840580145102 0.0246603622610619 0.0478810297002775 0.0436058887664544 0.116482344759557 0.0866616309024721 0.177176684656284 0.151255043188224 0.174436435620567
0.037538150188931 0.0597556261118935 0.149982062823922 0.10324381507431 0.127279692953421 0.121799210211527 0.152632560731749 0.133958897394306 0.113809984509941
0.202335872559595 0.100597214070317 0.177777187020891 0.0288738233351556 0.000478196090874402 0.0308785140112495 0.0250177230472866 0.241818232896764 0.192223236967867
0.0919164944714436 0.173994791051305 0.0535808316960381 0.143221007111443 0.0164330620379271 0.184665163595988 0.0349643514126351 0.144968515380304 0.156255783242916
0.129811539498654 0.00645815288629311 0.173618379752565 0.00952951993930707 0.0948508670846641 0.227379044164252 0.181060417473505 0.0178396232396247 0.159452455961135
0.0882112236701129 0.118924898773259 0.137003390245846 0.0452192621606895 0.16650921137304 0.14429764657753 0.14469356604138 0.0700330167119335 0.0851077844462094
0.0164213571077766 0.199967177726878 0.00934526020481716 0.0469082644425575 0.148774108899511 0.12420259488621 0.320872288047667 0.0541749059562083 0.0793340427283748
0.172012927316627 0.160834176891713 0.128797398674694 0.00115190298318948 0.107743762035195 0.0371730519933007 0.111577182014466 0.195185069432829 0.0855245286579866
0.144938509586361 0.0328920216435912 0.0812611087618171 0.17015768309866 0.167177953044722 0.098048143388128 0.0132735058488914 0.18330555609748 0.108945518530349
0.1159980811724 0.0634646243789645 0.126123934898748 0.0366969507119679 0.184623624369238 0.155808785524317 0.177384254546239 0.058626219044312 0.0812735253538139
0.193551207135681 0.0844979206035217 0.115274304895206 0.0314885143200009 0.0780174358689082 0.123715826300966 0.193782869927089 0.163781803645747 0.0158901173028797
0.104532385930715 0.0986681849213225 0.138685836873798 0.0937513589050287 0.110693824360856 0.0999175268833535 0.110261855536981 0.121742744320195 0.121746282267752
0.14841439750902 0.0737725513895309 0.208696139582558 0.138178784163806 0.0877130503266634 0.17815503788072 0.0789609188852683 0.0399991860468273 0.0461099342156061
0.037407464525138 0.13862864241263 0.0190496194902028 0.0486373072043412 0.193468704739419 0.203875882165609 0.164677911321558 0.11566671162356 0.0785877565175436
0.254330108254264 0.0913861398803039 0.0442637311149075 0.0733037205445809 0.115338952163902 0.11608865019947 0.228230204715433 0.0709446335740006 0.00611385955313809
0.0645725665279975 0.0696042858963351 0.135759352769981 0.22926841740491 0.08392974025482 0.22883550463857 0.0224915816897632 0.0400035155024933 0.12553503531513
0.164417750510818 0.165575048383816 0.167380778525459 0.0466464992051088 0.0477039478458327 0.144322662425832 0.0176191649806893 0.0634264285359847 0.18290771958646
0.095137604428981 0.216257959974852 0.0876038677324473 0.123029374505998 0.0599346926853906 0.072899914663787 0.152352916720304 0.00880249360189694 0.183981175686344
0.0111352270996114 0.0878845073861321 0.0689634569502818 0.16030862517226 0.170398369788781 0.105594905358605 0.0288553371516938 0.190921428974366 0.175938142118269
0.201165342483877 0.0271398342502844 0.0137545046834964 0.00739818202695611 0.152631775005604 0.0833627790801693 0.161120508936019 0.0582984685356958 0.295128604997898
0.185394989798621 0.139448775050318 0.0421706913924461 0.024693586168911 0.181735835983988 0.0520352290014448 0.0162478128236017 0.16921571473763 0.18905736504304
0.0650165427884813 0.229285875547443 0.149801582043795 0.108921695392068 0.0242185032026349 0.0757346276639699 0.12368251751499 0.054033685446626 0.169304970399992
0.0930721418154402 0.0684913147738193 0.05372403372519 0.0649945851005016 0.185292878071857 0.0548532343226557 0.190287329817531 0.168078681227659 0.121205801145346
0.0689433310468857 0.107305889290549 0.0822513560122176 0.045451925349852 0.128806509042207 0.0898881423580114 0.191594882100211 0.117956097047441 0.167801867752625
0.156966746654106 0.104615331120019 0.139623589914489 0.144614268321117 0.0198842505425082 0.0339079293270708 0.16150334545613 0.123483646978683 0.115400891685877
0.119604203751046 0.187257549104636 0.162250700689166 0.0607090807917144 0.168408179902987 0.136732741472721 0.032278879901334 0.0530020560523591 0.0797566083340361
0.0843947584828526 0.134566752636168 0.0425881237071662 0.042229520102473 0.179518257010282 0.174634551738476 0.193522766940227 0.0674185796595888 0.0811266897227663
0.15825589598163 0.101712752390751 0.0787713335777971 0.073163728999627 0.152100133929284 0.125355777818456 0.150206236838838 0.147401573261215 0.0130325672024018
0.0270074385776114 0.0223866750448686 0.168946970325349 0.0994367816335552 0.0345967597947127 0.241930224803039 0.0736825241861201 0.106540104611907 0.225472521022837
0.171003605728684 0.120511951821612 0.0253911217619412 0.146154033970261 0.0758619582314656 0.0539891299132326 0.189537354923937 0.0541252368398178 0.163425606809049
0.193744406115574 0.160147924992784 0.184543858200886 0.182239164135657 0.0013519943328014 0.00623434935989088 0.107411540074664 0.15429177435047 0.0100349884372729
0.0929743185624923 0.0280118026524936 0.129008104037799 0.0024752442296039 0.184732403275251 0.166328639116012 0.190420958420044 0.146482524289222 0.0595660054170825
0.154667942131856 0.155369194448281 0.170378593946619 0.0149528651431134 0.0172332516369777 0.163353723713083 0.110846487358172 0.0763353143050739 0.136862627316823
0.01499421860934 0.111977546662532 0.192734731555857 0.0810504424724297 0.0821633217134766 0.104937049726747 0.200324191274429 0.181290834007562 0.0305276639776269
0.0974108146968008 0.0525816912362281 0.130596087096264 0.0341189669048144 0.181595968538868 0.0121136373936371 0.14416528488108 0.216663326180956 0.130754223071352
0.156786918852123 0.176264134134275 0.214632930927838 0.226312425623295 0.0469657807023964 0.0117701882650352 0.0141989053783423 0.00291543921442175 0.150153276902274
0.153379739354081 0.0815208762584333 0.166760694578826 0.110938530520528 0.117483558081943 0.104259414956674 0.0399852998376274 0.114960037495578 0.110711848916309
0.0645063119941265 0.147950474287144 0.0528979878827278 0.0960993066986858 0.141869584941154 0.152044543640516 0.0597724901672362 0.093309105779743 0.191550194608667
0.0726742296816622 0.134547843160636 0.214546800252873 0.188656235575259 0.234207511367697 0.0815652976014975 0.054162378804301 0.00655807793154345 0.0130816256245315
0.0176169764884795 0.124849630858296 0.0152952425242613 0.169988137656277 0.172724311473051 0.101193111661735 0.0855792240333686 0.139011658339911 0.173741706964621
0.147738345739559 0.184618029678119 0.0437846520952871 0.127013111873116 0.161674000703991 0.0213677491412398 0.181844057930271 0.0355190165260393 0.0964410363123774
0.171261478363024 0.00788245128252555 0.131870096330735 0.198645391705902 0.119177991769301 0.0568310742566706 0.216749361791702 0.0561175877582727 0.0414645667418675
0.178185460179136 0.183483789831437 0.079709513954412 0.0662821381803365 0.0746495888349543 0.167464775277241 0.0112682247690922 0.0583757932265317 0.180580715746858
0.155704185760999 0.137805780705635 0.0429943471399611 0.0241496485848435 0.173002937459093 0.077848647371036 0.098998310777595 0.182952133595585 0.106544008605252
0.137192353371835 0.162545266182193 0.012741545984671 0.127641318786678 0.0645593759026964 0.0836643604148104 0.190606921002829 0.193782606579813 0.0272662517744738
0.0670771194227531 0.118088094500145 0.0458694286755911 0.0956777879480225 0.0990435054206935 0.200518604679165 0.0282124959234578 0.198417780929014 0.147095182501159
0.0500193706825858 0.267710878948519 0.105916809610275 0.0275754569779558 0.0297750262912864 0.110969879356237 0.141125455078753 0.0686062401648447 0.198300882889544
0.0802207894558852 0.0564367424326947 0.155189580511929 0.113002853583367 0.1773170106848 0.0346647576751989 0.102303082193726 0.112055119703224 0.168810063759176
0.112698585153376 0.0381465232056562 0.19182530120319 0.0342597826137039 0.184992128863279 0.162636498700093 0.158328911581609 0.102456302693701 0.0146559659853936
0.080082970737493 0.0452850231102751 0.0964207795402821 0.223794673606125 0.0347253274078562 0.17798511147937 0.125879095011737 0.11931722114101 0.096509797965852
0.259626547121459 0.0278899977396005 0.303204698514492 0.0323283234845331 0.0704281062974809 0.00614680107755739 0.097355704066317 0.154152259632857 0.0488675620657034
0.128336429334994 0.179357368882634 0.0994096220907275 0.0528987295752339 0.167354448321113 0.0349187335607812 0.144856476675273 0.179070104721715 0.013798086837528
0.211412429218734 0.191569519497191 0.062495625560012 0.124012686445929 0.147782445038982 0.0762106979105081 0.0166612138764019 0.143190760401237 0.026664622051006
0.179593630874647 0.121379891529356 0.0156873418767943 0.189545639673172 0.121589122729542 0.0337666334502506 0.163564229721564 0.142440061875969 0.032433448268705
0.0535891114667132 0.0240450083529461 0.091706256922026 0.0986005102991841 0.17400905817121 0.087312276283916 0.183580557052455 0.066751352402385 0.220405869049164
0.0908638376694367 0.0997230269996881 0.225961152023155 0.017551917564247 0.10583693543354 0.0433935554435058 0.0410016467273217 0.217732936808492 0.157934991330613
0.190332604409532 0.0435643598149472 0.127978282668378 0.0108692313618479 0.167208502882062 0.031864751723349 0.171856354577458 0.0662344591857251 0.190091453376701
0.209612870368673 0.210917789201923 0.0242417288485072 0.124388509613911 0.0688724631931023 0.141126478050906 0.0628288382883331 0.0402304505588542 0.117780871875791
0.194514289993344 0.0991660692313743 0.0493396889466925 0.0117875195082161 0.170066728507627 0.0197002117530915 0.10704914375107 0.282623024941591 0.0657533233669935
0.0784910345942241 0.132785146042517 0.2132748246776 0.0125116290084475 0.101460373127426 0.115170759608222 0.196971928786649 0.0956865538800171 0.0536477502748977
0.181715036577475 0.105865795796964 0.0514496966162052 0.189729407493079 0.296588943898934 0.0371432944267793 0.0230846533586494 0.0111105676086388 0.103312604223275
0.0753626684078195 0.0707127357653325 0.0882249061558623 0.0233138698504843 0.0531787597928213 0.195837803731846 0.251099090228477 0.158157057085704 0.0841131089816527
0.118555025163787 0.117788369286979 0.145063627139162 0.110858606178248 0.157831348491259 0.0836014721522691 0.151479680904485 0.0374847682073627 0.0773371024764491
0.109698572450056 0.132499311114103 0.0828352375621607 0.10787270776471 0.112818154818537 0.105446775153593 0.13465826619706 0.130847801680512 0.0833231732592691
0.103613180816165 0.00354598178263929 0.0609768378977837 0.0401985334300223 0.0648159484501007 0.182721054955758 0.261311037926476 0.0338062432683495 0.249011181472706
0.174343563852159 0.0255050074500314 0.0804970654499222 0.201566567107252 0.0984787375163081 0.0618664760307097 0.218589072124689 0.115612549202143 0.0235409612667861
0.0287081338388362 0.165696622398891 0.255385505408001 0.0196341324936349 0.0928654090070241 0.171976651659142 0.210362791262507 0.00571434326016988 0.0496564106717945
0.00552166965103029 0.182934889099794 0.144658893681709 0.055587778069666 0.0810935830302914 0.158920527471253 0.13240060056382 0.0563703982621891 0.182511660170247
0.0547688093030191 0.0339790846658563 0.102235820647425 0.153539591392652 0.197851117545204 0.048062672945574 0.125314545990858 0.16082911205047 0.123419245458942
0.221385190804526 0.0545022152665429 0.197586745193144 0.0381078114919466 0.190827402896879 0.108285684981365 0.114782273202008 0.0643343836039436 0.0101882925596449
0.0292876138515522 0.1819309609857 0.136065849281085 0.132517493416277 0.0136615963743454 0.182902777444253 0.125444526759274 0.160304357807974 0.03788482407954
0.0579342766668672 0.410006624916869 0.119810223738147 0.0196339961890345 0.0994519973314309 0.064144203679079 0.0371639675098178 0.0582600113386572 0.133594698630098
0.113415018460975 0.183320800528494 0.181657097251748 0.0175476078940188 0.08220023287787 0.189559815083205 0.0492900650314516 0.0840856620070873 0.09892370086515
0.20634232565751 0.134936762778259 0.0445020015718638 0.0476036150505733 0.1736046699146 0.0512166559008839 0.188971526997958 0.127299509005311 0.0255229331230415
0.0700760541119073 0.11294514607012 0.0480759792550424 0.0971320248811132 0.13664867657029 0.0939829344694767 0.151245541925168 0.13767267809842 0.152220964618461
0.0810582648161435 0.0573745433479134 0.142630893415617 0.126033109258886 0.133505057987999 0.131498309381788 0.0848870330069261 0.116999054697492 0.126013734087234
0.245267438253133 0.145481966914118 0.104846946821156 0.0987620182092405 0.00798598072142678 0.0977429220662023 0.100016044647721 0.155589452497971 0.0443072298690311
0.0766121073347851 0.0849977597243103 0.000622077345042123 0.181870421332015 0.119586120430045 0.0834868822566397 0.151293543901241 0.158214743142309 0.143316344533613
0.245529129160752 0.110723917836844 0.100238809035906 0.00123224811733585 0.250079910701503 0.106797665484833 0.0484732016659869 0.12890794473807 0.00801717325877008
0.0648530368109182 0.00341079895243226 0.203360704224175 0.0691718964954123 0.0350938114892232 0.157537914412245 0.093533224853722 0.203609766256576 0.169428846505296
0.118424457241057 0.141515063671382 0.211680560310296 0.0491655800958529 0.203701921219582 0.0368131067286329 0.0265764922606546 0.139303988454052 0.0728188300184903
0.110672677754465 0.155091812747453 0.0888703398328104 0.114829988363669 0.158714944356536 0.140648337870181 0.103602222239441 0.121810677151208 0.00575899968423605
0.166228784928246 0.124050387105384 0.0403621983063794 0.10069325911137 0.147444621404722 0.146313781801003 0.196329272363452 0.0155382501388442 0.0630394448405986
0.0239017259694372 0.072030960703768 0.243700950616195 0.177032129877629 0.0664267924039626 0.0394769796643598 0.186715461492386 0.102294179644906 0.0884208196273562
0.0548354472217735 0.103270927797606 0.00973012548607829 0.0971160273173104 0.208501477503659 0.137451310683758 0.201798317848783 0.0725837856464195 0.114712580494613
0.0336138188287047 0.142790867794319 0.0441311825013032 0.152752597442513 0.208237303824325 0.031514740068225 0.165901879046867 0.2090155015505 0.0120421089432434
0.0752486160377334 0.149553617682981 0.166254195084354 0.10793286108336 0.071072034211001 0.142068306558087 0.0297264336692891 0.118730432475119 0.139413503198076
0.103161989286995 0.00359458119780838 0.0267614136043274 0.104268913538535 0.187469972365054 0.170032477563355 0.0974986051940622 0.178335200239316 0.128876847010547
0.19323362984667 0.101138311161261 0.159624058219897 0.0278552694918937 0.0548644374626525 0.0505835769717956 0.194417624551265 0.198082705420566 0.0202003868739994
0.0417025409237366 0.00770313339942377 0.0137698411793616 0.288396041484743 0.0862878867109334 0.0904383217390203 0.038872371714442 0.290564148267681 0.142265714580658
0.260056145690886 0.108790099065826 0.154891476200344 0.0106562952524988 0.106702080319607 0.0177526931701305 0.157868182130189 0.177228871472095 0.00605415669842439
0.148178868810477 0.161215521517727 0.0191670739955562 0.0646886837002283 0.142586301780605 0.0583850698679595 0.179565476377412 0.0428481475234094 0.183364856426626
0.122167422298786 0.0313086304966849 0.15453172967986 0.150653437411181 0.214934535659782 0.137965044708944 0.0179098766076246 0.0345083091480235 0.136021013989114
0.250193366673926 0.119212438082594 0.196161505148534 0.000114336117717435 0.0227875273608574 0.117009735795349 0.0119283897891513 0.151088940394871 0.131503760637
0.150770547598723 0.0203240778495353 0.156579313222538 0.144310285221937 0.151940277951082 0.121863512173019 0.0892344893613184 0.129532526090892 0.035444970530956
0.0914006166076964 0.0766983746683866 0.161633385869435 0.158096444865107 0.0449968251375545 0.0615696016000169 0.16165934479837 0.142283180975288 0.101662225478145
0.155049060711687 0.162894016603309 0.130373586100324 0.0919190366356763 0.163261512637546 0.125109801237199 0.00387845303669217 0.0874928829207604 0.0800216501168058
0.0384023705048403 0.0799201175327012 0.170084422411062 0.137529938867852 0.136048567276739 0.047224792693404 0.147805516628013 0.0397146960790729 0.203269578006316
0.231481663606471 0.172128079614168 0.0741940495721843 0.0728557373351221 0.228252893863517 0.0816258457949096 0.0919696351073886 0.0244828479457619 0.0230092471604767
0.160166529951889 0.0178728556158677 0.0557302336049376 0.1770197578176 0.161843491290533 0.115033694559662 0.0311958358940627 0.0656941340724325 0.215443467193015
0.0460572559728244 0.134453524834824 0.203868147481844 0.104101336182485 0.0698343897463551 0.0261773436562526 0.178336277308322 0.199028370910669 0.0381433539064228
0.152154002946083 0.171264673583352 0.0538873440857652 0.0253209048936262 0.098124225803443 0.073141019396243 0.172520069385937 0.0883068962326229 0.165280863672927
0.11940829649976 0.0998420719732366 0.203559946116133 0.20408175291578 0.181049749533593 0.0135819314575182 0.134100866814648 0.0281519419580814 0.0162234427312494
0.211868663964726 0.115731172185654 0.0634061001983814 0.116134432882982 0.0216768623434566 0.0994852430914474 0.0842968439003398 0.0791497934189088 0.208250888014104
0.0667313810437445 0.105051939938938 0.176287490711919 0.158771517797807 0.201037487125166 0.158780591790241 0.022130530842696 0.0276860689873714 0.0835229917621167
0.127895782241488 0.182304765101662 0.00160617595968264 0.0686490548030339 0.15524774344117 0.126419417170031 0.162785228745424 0.0775390827757782 0.0975527497617297
0.160952193957268 0.0973936133194323 0.177823493205093 0.153379654389404 0.101604795341785 0.131379031027867 0.165745917961578 0.00699362874696929 0.00472767205060275
0.0301864359943926 0.16853558299769 0.0843197320217952 0.0270550860674184 0.144134719139759 0.0744071067940668 0.174924631811105 0.172646790299662 0.12378991487411
0.040719594305645 0.201018835076814 0.0585755897200265 0.0404219085913434 0.112702999604753 0.198859537041025 0.118502953111477 0.22200159021655 0.00719699233236641
0.188438944485481 0.116985559150647 0.0997348398521332 0.0170618562761262 0.216982124414714 0.0643556515257768 0.052844147494836 0.0504119904191304 0.193184886381155
0.0160517339396809 0.148939934629833 0.146224884539235 0.0834166130257013 0.104105558269206 0.0927508766364799 0.0864460517366009 0.144182950256699 0.177881396966563
0.196355845842037 0.193086344324613 0.105301571197102 0.0952711671359334 0.0689050238147336 0.0139033169490847 0.138562396184873 0.120497582386236 0.0681167521653869
0.108964010942204 0.0212205356125871 0.0428147025841876 0.0957106743589802 0.186487296160216 0.0150901335950299 0.151956479815272 0.209744529837583 0.16801163709394
0.0253725099068432 0.135922027855059 0.181930281944575 0.171356024958174 0.0286487805598497 0.0813557297214233 0.194754504346883 0.0106974569290986 0.169962683778094
0.138018220408457 0.146085644483423 0.0546349348737011 0.145236627264024 0.0988965761355279 0.0849879923990011 0.143272783191289 0.125388854277606 0.0634783669669719
0.0900541370051445 0.044591496012568 0.246850576725138 0.068438830719589 0.167364714642694 0.0469907216206783 0.0910330534148756 0.0463023884128071 0.198374081446506
0.104590691397452 0.0808481721950768 0.0600438082934179 0.0549619808376004 0.118906522830692 0.022348984643167 0.182448233090295 0.199565226181508 0.176286380530791
0.126956068780243 0.187102162311706 0.00741846616204797 0.12090844686648 0.195268655587878 0.000705656692817588 0.0284052945164468 0.201945075551075 0.131290173531305
0.132363188488183 0.0777602731481985 0.168325962023581 0.126612484059813 0.124195989971636 0.0706314773513244 0.177885851586269 0.0198089827296275 0.102415790641367
0.192437106269714 0.0240865520232629 0.111447114555991 0.0678331418396529 0.188484761050694 0.163978599566686 0.170848233924755 0.0251270229717281 0.055757467797516
0.179591763093226 0.0432744805557257 0.108216301861479 0.103572364779559 0.115861744112687 0.104998888472829 0.129630725965669 0.0719794883012273 0.142874242857598
0.0863806590020424 0.146284215075117 0.0845704738879709 0.137141089673233 0.154465372892504 0.108651924689806 0.0736926148411276 0.172120919997322 0.036692729940877
0.162384280722161 0.204488659971472 0.0538076449271844 0.0949650817920222 0.0450161033015349 0.141246912274618 0.0295280414842394 0.0685222005464227 0.200041074980346
0.176884550254239 0.212837179264385 0.0301148402985544 0.16163491263007 0.218196676043802 0.0226593228804129 0.00647486277277552 0.1489907876692 0.0222068681865625
0.0663186738352912 0.16542327705958 0.124501413777051 0.00985056971553531 0.0121464977335754 0.191178115233723 0.134583969052973 0.200149139439179 0.095848344153092
0.189463577205321 0.0453526833245221 0.130041760070925 0.115530755822529 0.0184929272094348 0.171208711912747 0.181662216070179 0.0850779033044848 0.0631694650798575
0.128140841778113 0.0331888773263824 0.125858759438145 0.14340929192589 0.0467914067022257 0.251744942015073 0.136590858098638 0.0608455358372065 0.0734294868783275
0.0855878068907403 0.0208392064049643 0.275460472431552 0.162011469774425 0.0712344651131883 0.0868833599725722 0.113749745233099 0.166540297585278 0.0176931765941817
0.214608233148206 0.0603910825253752 0.0597674435292494 0.147810737522592 0.0632173827538818 0.0489065599453951 0.0906793734289655 0.158955869875878 0.155663317270457
