0.0954721983629289 0.208110441638158 0.0648815209576937 0.147937730572251 0.0695482153232837 0.0722823346382998 0.0351531317513177 0.0905436621741244 0.216070764581943
0.18228114114096 0.0957338579315698 0.0529381229286938 0.161006311591417 0.0704992519330343 0.113534170670669 0.15452622066498 0.0586595946365146 0.11082132850216
0.0489318421737016 0.0875645556175359 0.136935885614365 0.221293806389133 0.130750026395421 0.0520688952829118 0.166572441981362 0.152816997077202 0.00306554946836706
0.0406435424717743 0.155011537376716 0.040467018288297 0.14217973299599 0.0243456429807076 0.125234641632755 0.193347268648867 0.168119490218982 0.11065112538591
0.124547684632902 0.234665299776532 0.00516607733206221 0.0267124516943469 0.0039360204640418 0.107130797587889 0.183343084153376 0.0990278145107007 0.215470769848149
0.0232828431178041 0.1808223999631 0.121742588832824 0.105183689165304 0.175378304621165 0.192883808866529 0.0981317266081763 0.0936361388004589 0.00893850002463847
0.185616476338523 0.188146124987546 0.0602179325507527 0.128522531110681 0.0933941098596595 0.0414271711783681 0.187327879557147 0.0160607729179166 0.0992870014994051
0.22788012277049 0.0313524787952242 0.131916982503357 0.221212148037013 0.163636642936921 0.149227198121148 0.00131395992101139 0.00182729409415336 0.0716331728206824
0.0801326285185385 0.146032557833932 0.104662362673624 0.0626552981248522 0.0596147228337964 0.124534304675123 0.147419184110825 0.146165515481133 0.128783425748176
0.104805982113492 0.143017586128648 0.192131902802169 0.142916458616204 0.0496049577540371 0.134978324015055 0.119146732438192 0.0906666454749996 0.0227314106572028
0.17259718434255 0.100790533558459 0.0205354679955364 0.105598592120392 0.149258535623184 0.160515156290045 0.123883291614403 0.0692034389367878 0.0976177995186432
0.0910720473862516 0.15966032662897 0.155555343446626 0.126175416486069 0.0987333288954169 0.0131126345088419 0.0819666063247025 0.142304860876189 0.131419435446933
0.0746861910867698 0.148322579672425 0.0426312764608573 0.147352731570231 0.0785177228822056 0.186664504280016 0.0310942638983062 0.0768372962713934 0.213893433877796
0.111033967726602 0.0146690317392801 0.154445257592201 0.111345130776262 0.164038085138528 0.198969423555787 0.0326888389446358 0.00810647231940334 0.2047037922073
0.0829861800506971 0.106327683293401 0.0623416095127368 0.145141280634928 0.221282002676384 0.123774792353224 0.00612466187799206 0.134573933045464 0.117447856555173
0.127302537280581 0.0389869225928722 0.0887170857318289 0.0628911871836898 0.0877271546208085 0.22891999616178 0.0956494990050038 0.0918148807706079 0.177990736652827
0.119247875889655 0.209561399769955 0.0558607812206883 0.0372182438620036 0.0531532785832604 0.17752294423277 0.0817614917501097 0.0882914655436511 0.177382519147907
0.119886628343077 0.158421977572621 0.0499485925807995 0.0275084453692403 0.15293635519667 0.141124711823525 0.123607615233336 0.10208806424297 0.124477609637761
0.170612760047255 0.00252879404942093 0.0930219163659126 0.160114721264947 0.10324303563765 0.0493261967329116 0.155416125226612 0.0836394806847979 0.182096969990493
0.151871591459556 0.139948332955216 0.110039439969667 0.140674541945837 0.029233701642755 0.0829725050574829 0.134149152443793 0.164693885776484 0.0464168487492084
0.158164606783091 0.00529253336548097 0.032735621265271 0.230794613543537 0.116510780065598 0.192245102148734 0.0987885253121472 0.0822280359879596 0.0832401815281807
0.0690144769759283 0.0674980285678544 0.0457450622262319 0.110440731733764 0.157640787791176 0.028409439994026 0.241574073564821 0.109813081812378 0.16986431733382
0.012198273900109 0.126629068853254 0.229583617080484 0.316637340323523 0.0816309749970168 0.137105295131478 0.00579824739159377 0.0487145694800351 0.0417026128425066
0.0684375885743568 0.132447981928191 0.12437766930733 0.0640910135477734 0.165527224543264 0.0636181429383199 0.0958513385913346 0.199247392639396 0.0864016479300351
0.0354175730693652 0.236265172275407 0.000454722052785865 0.0712771609477168 0.0236541321603161 0.325437203843252 0.183871808321403 0.067661671463811 0.0559605558659425
0.1326117939002 0.104852764357335 0.0581970362488806 0.0436013489722781 0.168302994509347 0.0970534857553695 0.126156089452019 0.16927820186384 0.0999462849407309
0.0559799999733055 0.111082438784547 0.185146027408606 0.121987315719903 0.171322347467965 0.00857161982407804 0.00071363098204005 0.192525552496734 0.152671067342821
0.184625061133148 0.0500657736469909 0.0351372894503548 0.189797868570069 0.293711890609068 0.0278926228194921 0.0229360355393067 0.0634095084201921 0.132423949811378
0.0299466585172012 0.021922364505158 0.0590738984753064 0.168261866664386 0.120158988626107 0.156409793472979 0.154656165558494 0.0780162645514476 0.211553999628921
0.0401016956436843 0.185247449286301 0.0969139910485365 0.0208683604900901 0.191966869542701 0.118518208955457 0.128112741458192 0.199881009095227 0.0183896744798111
0.0307184500255781 0.063107319333683 0.00473217979352372 0.129883979757947 0.105742939120335 0.153334719898263 0.176402660265015 0.164811102616861 0.171266649188794
0.225100296855605 0.0322088279722663 0.135336191942637 0.011180715583228 0.225507084807786 0.000749379450757098 0.240412469052146 0.00307661501244437 0.126428419323131
0.236322738292398 0.021883503978616 0.0292125906586919 0.150923849562268 0.147919808352403 0.160278148684589 0.2001212918628 0.0441069812575828 0.00923108735065164
0.211054653628481 0.0323142178618682 0.103775159890373 0.17736206602422 0.0125097770698338 0.172462890070255 0.131037325447493 0.0880224027688259 0.0714615072386495
0.0990317002557811 0.0496632486514756 0.196389939297865 0.124844423221067 0.126886299654664 0.183189358152882 0.0142776691131192 0.0561693535933998 0.149548008059747
0.0895980445727157 0.0979983690047259 0.126571721013328 0.0829612904469118 0.00783153567997961 0.179030154865168 0.048897532184434 0.132434417764727 0.23467693446801
0.208927552664316 0.00828777859800656 0.13515899323292 0.056268923190784 0.125204732970373 0.0532021644796321 0.0681296278571785 0.177551397324533 0.167268829682257
0.281339351193679 0.0108486345121489 0.011259355667113 0.154422305951523 0.136126087709959 0.0607396738751912 0.116914811478449 0.166523781302767 0.0618259983091708
0.13689899161348 0.19906679344825 0.136345715099217 0.166215490741561 0.00593301320834027 0.126323331948053 0.00905343636831025 0.0188663074789547 0.201296920093833
0.017896328786876 0.178759862829216 0.0506841781607325 0.0929511937435476 0.0723149969597717 0.0957597537788475 0.00713779118880292 0.285543837828987 0.19895205672322
0.0655011540087606 0.104294441098578 0.0552687574198233 0.143581378786988 0.183508403391804 0.0340704552743649 0.176411315038555 0.211950542239475 0.025413552741651
0.0366067139440993 0.0399059267623436 0.294580861898115 0.0418312859624095 0.136943251235455 0.107216256321296 0.00440073994989388 0.288743254306636 0.0497717096197523
0.201525517038069 0.0115587916301567 0.0804545922042083 0.154568447571736 0.0685286879063756 0.159802785906371 0.18834990652918 0.0874517776389717 0.0477594935749311
0.124051684528437 0.0467848904786562 0.150588825854453 0.139312906640104 0.108167028415144 0.167258261358309 0.142876147505855 0.115138149070174 0.00582210614886745
0.181878319004767 0.124100007534665 0.0916216082812162 0.0773546069512511 0.00628192882995371 0.0428535454471636 0.277651515242905 0.13838088031007 0.0598775883980087
0.0486123906688781 0.0768857537738182 0.155288672924893 0.139986117933645 0.088690612464003 0.0749039013592729 0.110533736071046 0.138275654548561 0.166823160255883
0.283154658797802 0.0168974639603571 0.184605596164341 0.108363389009946 0.0149988850021231 0.129245387981924 0.212957239943273 0.0109774273540998 0.0387999517861341
0.150111889881085 0.185896753137792 0.0589497337903232 0.0688587364300591 0.188433362641492 0.0626913918205412 0.00410336767674207 0.169760651986366 0.1111941126356
0.0814189420184059 0.195266186175487 0.124275735406006 0.0999957948229295 0.116241528867589 0.00593053972647465 0.128104364404417 0.0487313192918253 0.200035589286866
0.208092657156309 0.0919253112185829 0.106562802859309 0.163478780639985 0.0676056748862807 0.216182572247565 0.00266632008201848 0.0756986126417278 0.0677872682682226
0.108490728510425 0.0279547511629387 0.159113937518427 0.0860867500182112 0.162265427775148 0.0250923994014569 0.172935836931399 0.164647850667 0.0934123180149939
0.0191027653171205 0.000301334360738111 0.130377689730487 0.0695020734567158 0.160853696449189 0.167150714237907 0.152471029078674 0.113449317973967 0.186791379395202
0.144651967381013 0.0795649387706581 0.187466428410944 0.144002508656317 0.13378293674966 0.21649365763392 0.0338263022305009 0.0217232723532748 0.038487987813712
0.0477000741434498 0.199925191861098 0.0324147435697522 0.109971223154939 0.133569700136868 0.159106711656865 0.146809120426297 0.138582633128077 0.031920601922654
0.00510384789006571 0.17887597669606 0.154664196265891 0.0830214076560981 0.105186355614734 0.121858565053897 0.0902228754248501 0.150700484986759 0.110366290411645
0.00276928036182366 0.198561976754051 0.212815850521906 0.128261473054161 0.184412704921788 0.144612171588218 0.00116946391264447 0.0404713395125595 0.0869257393728483
0.120826337885797 0.0761398523259067 0.12765180652278 0.193550477206341 0.0432313627675791 0.157752511222346 0.0744027195677173 0.166811746109705 0.0396331863918284
0.18709159465631 0.199274608291769 0.104925801245583 0.0192112072852628 0.00119638589926079 0.186766289180352 0.0476538677952355 0.0798253095785436 0.174054936067683
0.212476999118501 0.0728006673672607 0.22672499754039 0.0802232586185383 0.0734318797959534 0.156596531088506 0.106994398494722 0.0341785574382247 0.0365727105379043
0.0378421815921055 0.0881812613831519 0.00742396979777233 0.218029557898782 0.0181194106129762 0.156692853446811 0.141345612177947 0.105185086396191 0.227180066694263
0.197159576453369 0.0642120488200548 0.0854123508343395 0.0388630447457502 0.180959831955359 0.174489943416572 0.00837678390559087 0.109446364951239 0.141080054917726
0.166664945646175 0.00799129437934467 0.0847443201166682 0.108749668232295 0.179804216086968 0.106362198927865 0.0172040200061764 0.210942080653078 0.117537255951429
0.142553995987025 0.164597343579508 0.0842428203270252 0.0244350998191511 0.172946756875266 0.12791417267265 0.0765287491352231 0.134989530639822 0.0717915309643286
0.158167699738967 0.121455859018103 0.0588975739456883 0.156328417794914 0.102787192570877 0.0182484865285358 0.132251054930964 0.131994155527721 0.119869559944229
0.228766891177433 0.168557693067799 0.0737954702819916 0.0687105509143793 0.197279214365284 0.158008874222919 0.0383178554995835 0.00279981524155506 0.0637636352290554
0.162911512630155 0.0845573497232395 0.0988808342649409 0.0395199681785119 0.174415343744912 0.086459884183921 0.0714116162408731 0.121596931481745 0.160246559551702
0.0697470353268298 0.0541368912087186 0.194183655303429 0.0797038142042398 0.17755542434248 0.0125011102457003 0.0945388188829167 0.0668323197690661 0.250800930716621
0.160201525704278 0.170766092176115 0.0361316830814432 0.100420433134931 0.0270571289444652 0.0778753263145961 0.103533482485614 0.190683220140569 0.133331108017989
0.180640767983703 0.116049182143851 0.221880680240855 0.0783729726653933 0.205326756879057 0.0485278735384441 0.0657554196762083 0.000193955125209539 0.0832523917472787
0.154979036159549 0.0256934327930519 0.0420126604524675 0.0610929517660339 0.197961576234671 0.0238575381969297 0.15113036955228 0.176718139246807 0.166554295598211
0.00343433883427254 0.07588331474582 0.178264672086327 0.0796427750086245 0.162850829492443 0.138262560900903 0.00297976760554894 0.162548458935386 0.196133282390675
0.129930383465463 0.210307958490409 0.134056496347227 0.0538467265086313 0.135653293610818 0.145903691068825 0.00202619611615256 0.039820260220663 0.148454994171812
0.0712421954661779 0.147878249243496 0.0747043012671453 0.110350003789922 0.163723328565008 0.0401767862445559 0.133692707312529 0.138339335582698 0.119893092528468
0.197471297190258 0.116193945534775 0.0855148627272519 0.119594292000123 0.109794234839739 0.182648751937267 0.152250263379406 0.0220886967209554 0.0144436556702257
0.144955159837769 0.168340794826379 0.0157351836101333 0.0450023565787787 0.0258192034064035 0.00217420190688998 0.208249135668658 0.124567442653019 0.265156521511969
0.104204543220357 0.0240184527893529 0.204030081901777 0.0369310494574549 0.163962661007436 0.0794789674475992 0.223475918898692 0.0420166174104613 0.121881707866868
0.170044267560985 0.0860935827920791 0.141346737586074 0.0784985597019826 0.25403620294035 0.0392801225206806 0.0420369021429531 0.171423412751613 0.017240212003282
0.119763050843828 0.0728359879981656 0.139530381350219 0.0117656232958515 0.170717167856284 0.15470595772356 0.172296316691355 0.0895575528297532 0.068827961410983
0.107091770807091 0.22135830269572 0.126424465053063 0.0904474446684372 0.204417759148773 0.0231568195322427 0.0484503013278991 0.141434435933365 0.0372187008334088
0.0540225486947912 0.0793244719235355 0.133713317561974 0.136036211682021 0.105216989224917 0.065633597312507 0.25427755945569 0.109535721180705 0.0622395829638597
0.0788419021551394 0.0555174015974613 0.114714278440158 0.186185853006124 0.0827650373922056 0.1134960470357 0.0324192441582812 0.154109850920993 0.181950385293938
0.162170666966049 0.0303091718834615 0.150041499899942 0.168583004012574 0.111201354290481 0.0850898143210393 0.147906185166474 0.0462642209751349 0.0984340824848434
0.136512860229441 0.0216455446330306 0.122575638036518 0.185760088020629 0.121980362381015 0.143633571257294 0.171680277204005 0.0809538865773357 0.0152577716607326
0.171646811756709 0.0630100139579 0.00729252344576368 0.0586063775000252 0.1359989462433 0.116232679268221 0.161194127488504 0.076206071652934 0.209812448686643
0.10283418919823 0.11619980422953 0.0866235736349482 0.185948241520284 0.13013842721824 0.0576574528024335 0.0591367775080714 0.184386349710998 0.0770751841772653
0.0535786503494557 0.12642190310479 0.168479341441367 0.0633399877117828 0.0771261004697607 0.0818970177385857 0.17205886153199 0.0599411451833352 0.197156992468932
0.156170442486832 0.161256725354456 0.139492050027588 0.102903282036605 0.152989482725063 0.106657955408334 0.00688378651066491 0.0844825718922704 0.0891637035581875
0.117460479636493 0.141378422534724 0.0212948701947456 0.000432327526145461 0.0426261665020871 0.235616696272061 0.233234122124673 0.0519425914971035 0.156014323711968
0.164236627819514 0.153675246195345 0.0391912615104794 0.115782353432026 0.154283767316811 0.110037866688554 0.0756307549587469 0.100113419442112 0.087048702636411
0.000938016533180265 0.0638506372660579 0.175827751375596 0.0287012270379466 0.197813799203371 0.0488897604920148 0.218356699997249 0.130327874406176 0.135294233688409
0.0875204732730386 0.066263586716044 0.101629824180533 0.0160627565478113 0.209033330699083 0.0709785933498298 0.224906113632064 0.124901757657084 0.0987035639445121
0.125810842418188 0.0422473301401919 0.0663410466985577 0.146641471394828 0.0992063661549835 0.18079045911743 0.110429525332236 0.092075148934043 0.136457809809542
0.0651291795262789 0.19579217303329 0.154622896840498 0.0740556971705036 0.11156497658401 0.209754468035489 0.00615942185959997 0.0652733064716757 0.117647880478655
0.220934223222394 0.0667841810427507 0.0452303714131438 0.273306654350814 0.0246655266967168 0.0279914040433139 0.0608737788911499 0.0558432243698357 0.224370635969881
0.0178779635623129 0.244623644354137 0.033241052028161 0.0252985938757861 0.188705146302291 0.158137525543518 0.26033436899767 0.0378190484887965 0.0339626568473276
0.017454659773239 0.148862244792133 0.0638828186281881 0.205949850613996 0.118733512886396 0.0254904775177557 0.0193764202248367 0.276706161046306 0.12354385451715
0.167480359107798 0.103405824067068 0.172348874766263 0.101490013063538 0.0735200244553444 0.0295423720010442 0.185058241613083 0.0330324826304617 0.134121808295399
0.172311239868607 0.031116972175194 0.0762517537589751 0.191358871632379 0.11699895095044 0.10069789048454 0.197280024582394 0.0677935550291075 0.0461907415183638
0.226717730066843 0.216901227690683 0.14850509051667 0.0227219585997498 0.0113277277320251 0.103974993600356 0.0207117772179039 0.0644209344969053 0.184718560078864
0.111165162350864 0.043012094235741 0.0291916197346774 0.140781134527074 0.0709331225400348 0.189797433216634 0.178530199347714 0.146997638533774 0.0895915955134869
