0.308388705182882 0.210794385494245 0.143801253757334 0.18126001593675 0.155755639628789
0.207862311637266 0.109622268163868 0.120200473965148 0.301759465317601 0.260555480916116
0.289362149932133 0.0340407278384647 0.0111295798816304 0.37250841486593 0.292959127481842
0.144960892655912 0.113789831173661 0.316449591645411 0.356865963894268 0.0679337206307478
0.178315288719639 0.257398674122131 0.1112284652179 0.32759008240546 0.125467489534871
0.160068688626661 0.312799910588941 0.077688748180818 0.186101977316654 0.263340675286927
0.355974098243206 0.408882867695826 0.0305093613710661 0.112664651330772 0.0919690213591293
0.416240951110829 0.358881211981695 0.00663599249659955 0.0207644261081896 0.197477418302686
0.0255056419086562 0.0413509497791362 0.308762064252647 0.187988533837271 0.43639281022229
0.31518126707204 0.0795014135478287 0.257837643268399 0.149191551583213 0.19828812452852
0.180510468324799 0.290216288173113 0.194927604775495 0.0300101613330953 0.304335477393498
0.292041457257567 0.0185171795779262 0.270091282264629 0.322773944521551 0.0965761363783278
0.216163740012446 0.159277975877027 0.150855806245207 0.186377921097645 0.287324556767675
0.409633453036716 0.117466396378857 0.236426657517328 0.0412035387803755 0.195269954286724
0.318928224038789 0.221167926152917 0.267437846151473 0.00557745715327344 0.186888546503548
0.101097397622719 0.0119488104090586 0.266710921568477 0.322617137563607 0.297625732836137
0.0965647917141083 0.232376685259762 0.211185947878652 0.188218636311259 0.271653938836218
0.097899563984861 0.259132943912021 0.462372183778324 0.163547821938162 0.0170474863866328
0.0866629846835089 0.359864063656743 0.323322624087416 0.185835192697466 0.0443151348748657
0.170902785894886 0.0678262955942743 0.1372566024391 0.285056192256814 0.338958123814926
0.211453970346841 0.218812487980664 0.217612053903203 0.22470261297535 0.127418874793943
0.301683575303356 0.412331432259531 0.176507722977393 0.0135546184009631 0.0959226510587564
0.0850537359911185 0.214466399331599 0.139731689668467 0.360291066191864 0.200457108816951
0.288716026546299 0.0972130530376793 0.237175825278374 0.122387706552449 0.254507388585198
0.270496768413326 0.251797080805381 0.164338531689067 0.0316036217312311 0.281763997360995
0.128220523841334 0.224244477883231 0.180397621123981 0.365835130868351 0.101302246283103
0.318750807022079 0.116360143636314 0.175115890982527 0.0782438121601063 0.311529346198974
0.228458515478337 0.228156489854354 0.200534422235252 0.209785141866841 0.133065430565216
0.0779755925933924 0.134318380743186 0.373098640752019 0.275618668552645 0.138988717358758
0.271860467202 0.126422270721187 0.158922356202918 0.219316747546277 0.223478158327619
0.310435786565496 0.156758894227123 0.385814690042947 0.0228475747610094 0.124143054403425
0.316334654853261 0.155933790723909 0.121933131927496 0.334900148341095 0.0708982741542394
0.205490141772103 0.291774875584846 0.0811146603827163 0.0618861664565394 0.359734155803795
0.26334842937119 0.270882803387037 0.247478207421305 0.0872823554270268 0.131008204393441
0.151451586459814 0.172069882920307 0.255118698709998 0.141864403945774 0.279495427964106
0.183478202420211 0.372694509747624 0.0129023682181934 0.181995893377481 0.248929026236491
0.148292443228915 0.26894147226139 0.0969677351002498 0.232846760125664 0.252951589283781
0.290573667741022 0.274679734232249 0.102894787567249 0.175207344672037 0.156644465787443
0.0871816002058503 0.186508922393552 0.291853280319106 0.318218933200279 0.116237263881213
0.0835176605291807 0.238569344288388 0.216858355092325 0.343256156916673 0.117798483173433
0.323914775164754 0.324774602405039 0.00314078483712406 0.0864495893041381 0.261720248288945
0.275141765859153 0.291154426694641 0.0680683862369409 0.167607981480803 0.198027439728462
0.162650090019262 0.266742143076929 0.111946749367867 0.22143165163731 0.237229365898632
0.160122395944869 0.0882323045335901 0.270167008448991 0.210294426257695 0.271183864814855
0.0436915789617111 0.229879384806065 0.31189145972309 0.205976973178314 0.20856060333082
0.0705276791529768 0.000828774266634206 0.466911195783959 0.373739040311462 0.0879933104849673
0.209031164123195 0.226248748591229 0.157131155313975 0.183673949353124 0.223914982618478
0.378516543389512 0.114049548171173 0.172387662756976 0.15790988692156 0.177136358760779
0.30197635478365 0.371882859731698 0.229174307882761 0.0206259950002633 0.0763404826016277
0.107053818635095 0.107195039116342 0.17264849608123 0.321770602795344 0.29133204337199
0.168373710443996 0.164040246769267 0.210742474770038 0.191034169176606 0.265809398840093
0.0672442356849908 0.0832774739679899 0.348980336977457 0.3635626879378 0.136935265431762
0.0451617293049061 0.314418183011415 0.362411036699226 0.271224705272069 0.00678434571238403
0.208412905160421 0.0185627494280516 0.33750788227946 0.141510930576237 0.29400553255583
0.261348410860458 0.360025423626276 0.151944868957057 0.1527653155965 0.0739159809597093
0.0396286551757504 0.116659425718231 0.319044007018319 0.502716728846788 0.0219511832409107
0.242838374794405 0.274651529843272 0.218682973731145 0.0541051435628125 0.209721978068366
0.24529324044319 0.279320056915345 0.0370869484403799 0.191201797422781 0.247097956778304
0.292880777716534 0.157886096858383 0.193009232347668 0.0865143106379937 0.269709582439422
0.263182064472635 0.215208725634552 0.0523183564790361 0.236245611126355 0.233045242287422
0.318768485561204 0.208500249430404 0.315806206652813 0.00300896308716741 0.153916095268411
0.346117399406003 0.127316176570714 0.0693565775564305 0.0960370132060275 0.361172833260825
0.199754023824364 0.180742601762211 0.147878261246273 0.314376969717926 0.157248143449227
0.340912575455888 0.095953181030752 0.491567358763861 0.0660023258079479 0.00556455894155071
0.325857670224587 0.0479359421215935 0.0154839713097285 0.398306565573454 0.212415850770638
0.224705185832567 0.228024715774976 0.191544994820974 0.166498748809407 0.189226354762076
0.339393867208433 0.307138603294869 0.095123582184537 0.0982170231105601 0.160126924201601
0.0436502437748513 0.293964839720883 0.254324943213243 0.171504389638661 0.236555583652361
0.0073815509734798 0.199038445812945 0.253058750305308 0.478044049453441 0.0624772034548268
0.0917113428404331 0.310512764355454 0.330715867634722 0.227067281128915 0.0399927440404759
0.188089221171953 0.159759725256848 0.264429199791845 0.0855665770092657 0.302155276770088
0.124877797969292 0.265702358902631 0.28349297475928 0.0421868036924624 0.283740064676334
0.249808142773111 0.214476224219962 0.226180122186854 0.103840259896704 0.205695250923368
0.413977128973186 0.348927204283004 0.0567562649120845 0.122391736640941 0.0579476651907846
0.38340717320731 0.223405095744058 0.00614836146635927 0.169022752601703 0.21801661698057
0.108518480405899 0.379657120807323 0.213260349605978 0.257898976077351 0.0406650731034493
0.143113211722092 0.141954676391257 0.250510025062897 0.233347473150124 0.231074613673629
0.107854166631918 0.365572158215331 0.0620994547577903 0.161298874471238 0.303175345923723
0.0540671690771099 0.0743007640181596 0.594203150069195 0.0844538142198966 0.192975102615639
0.264314520695536 0.322444344836711 0.365116394569993 0.015018702773392 0.033106037124368
0.0602841804908278 0.153495079395525 0.383904553919141 0.257276582066565 0.145039604127941
0.175695359654539 0.341873423833516 0.0346889606669308 0.262240115779068 0.185502140065946
0.172442895909281 0.200107247697281 0.319076752340837 0.242650921724465 0.0657221823281353
0.130776970638642 0.348233480610427 0.0952955298118119 0.19548320648989 0.230210812449229
0.292617334070355 0.174978089271768 0.12759846801969 0.237583633738009 0.167222474900177
0.193874170672003 0.350232543563132 0.130689634454467 0.115582312328292 0.209621338982106
0.288111058090717 0.0667975406763192 0.254125816477747 0.289097707373698 0.101867877381519
0.0721544597302902 0.283844200896339 0.282743708249013 0.0629700005411337 0.298287630583224
0.208845861311636 0.142338640934539 0.312699238694167 0.308449691651492 0.027666567408165
0.109310631010177 0.0659066196281536 0.280885527399461 0.274060315307712 0.269836906654496
0.151725297352251 0.0067171773988988 0.14328566820952 0.201858687077396 0.496413169961934
0.220775952306623 0.334530174963119 0.0872724699930893 0.243609926498657 0.113811476238511
0.245690261846815 0.234855186711085 0.114877382481794 0.198128625518094 0.206448543442212
0.0257333662610427 0.0110722228033587 0.316527374607374 0.370385508327435 0.276281528000789
0.288797583954065 0.037692628413134 0.291810129082722 0.188682622217634 0.193017036332445
0.0775187762004754 0.48131285166696 0.0215844742855482 0.1609699840847 0.258613913762316
0.186622485448154 0.176423777322981 0.273704681006627 0.22514613320545 0.138102923016789
0.072494546588961 0.308601350021193 0.307372237912661 0.0598878638827941 0.25164400159439
0.40220116973058 0.216608549515079 0.0538134432908702 0.0482646460642033 0.279112191399267
0.246043597039587 0.293419733323983 0.360862778484602 0.0932701835449264 0.0064037076069024
0.207399852421453 0.261141529062835 0.0374642504481391 0.142570699637859 0.351423668429713
0.190243992932556 0.278741906861289 0.177750147776367 0.254592561444233 0.0986713909855548
0.121976826176344 0.335955950554114 0.112626803174163 0.0673282806932956 0.362112139402084
0.0945248885738747 0.149436677088615 0.417009441160404 0.201379901610371 0.137649091566735
0.258195168550982 0.170947671476816 0.328525110564288 0.102221228985133 0.140110820422781
0.0629996312146403 0.172117215259117 0.189088742812279 0.336110607046937 0.239683803667027
0.128713177723148 0.194618754961016 0.295986349280287 0.327523633502518 0.0531580845330309
0.112030078745456 0.233171439924769 0.277681208347766 0.114960371428912 0.262156901553097
0.20190941812607 0.169567172649329 0.11283906114809 0.482135566002796 0.0335487820737144
0.0841139371073857 0.172542602232049 0.432198876803291 0.279348068857521 0.031796514999754
0.258316413827178 0.160891857329295 0.243542640420791 0.324594237345418 0.0126548510773184
0.141450520785065 0.180879095262821 0.157670131629677 0.234601514622991 0.285398737699446
0.243466773174935 0.281318881060806 0.199719923786331 0.0226271791411771 0.25286724283675
0.200245602881215 0.0111810792750106 0.311983096547836 0.252077809713853 0.224512411582086
0.0781990146250475 0.184603038774658 0.273389147372058 0.193785342337956 0.270023456890281
0.141081437502844 0.191117155663352 0.276040792224815 0.384835518985095 0.00692509562389425
0.122154126047281 0.168019437449491 0.271795052407979 0.261021686341232 0.177009697754017
0.238929243224836 0.127921929025054 0.248221213639006 0.0838527107913681 0.301074903319736
0.343581732296195 0.246101021728219 0.108548064726344 0.14931123800073 0.152457943248512
0.03393748725509 0.147058994891712 0.356922175475488 0.0766478327763746 0.385433509601335
0.0514618733371934 0.210077774695996 0.337517444476135 0.267503612324162 0.133439295166513
0.212887302315397 0.25061310423123 0.132258967898635 0.0526809463045168 0.351559679250222
0.200724251879255 0.157480863317248 0.199414794337722 0.394938888828626 0.0474412016371477
0.243136152314935 0.189572537237258 0.223898685166368 0.0217134675287889 0.32167915775265
0.190538240963639 0.339152355207257 0.125403937944315 0.0808902213197389 0.26401524456505
0.0852694978259999 0.228428395125324 0.0768115918151112 0.285298123891279 0.324192391342287
0.117546548631457 0.0893292476314817 0.204224090405125 0.28450358611433 0.304396527217607
0.355415205485271 0.183912313060512 0.383660500854566 0.0737702329298362 0.00324174766981573
0.101696378392522 0.344503047087661 0.29977027785156 0.185804578876678 0.0682257177915796
0.215140442699529 0.0939548519297531 0.29257658433076 0.23196325484249 0.166364866197468
0.0733578565805775 0.300340731786241 0.0912770615983591 0.24610548334424 0.288918866690582
0.153685251022963 0.289907593808799 0.239784143704336 0.049774191655426 0.266848819808476
0.225133008600974 0.150174368058514 0.218298259676659 0.158082123188907 0.248312240474945
0.14010849303134 0.300207570389148 0.0356064634428861 0.163679429515222 0.360398043621403
0.124878234083743 0.146803577737985 0.0593715068792633 0.234777259478767 0.434169421820241
0.354113604897143 0.429734308018813 0.096765631281668 0.0016926076743476 0.117693848128029
0.124728852266144 0.319216019592207 0.307608395425227 0.177039773151574 0.0714069595648478
0.170850666640472 0.174702637456934 0.271041991007035 0.205644436514525 0.177760268381034
0.127383191121035 0.193765227798918 0.267159397851146 0.166214378574845 0.245477804654057
0.19798401267215 0.258140864156604 0.274676209042916 0.0450579326807411 0.224140981447589
0.142860709530535 0.193136477009698 0.188198725890883 0.278076647943571 0.197727439625313
0.172537413380209 0.342499308618227 0.0858164439083795 0.353965403847507 0.0451814302456763
0.208666508525109 0.274583789413132 0.117441555728309 0.128205603631852 0.271102542701599
0.223991364543501 0.273855747127514 0.0983027734880197 0.13405017057622 0.269799944264745
0.359774087242419 0.186788672670543 0.345875332491314 0.0711481997963078 0.0364137077994158
0.12830978123087 0.261322318413151 0.204772883402633 0.341647365024612 0.0639476519287348
0.0336225963628429 0.269292522020549 0.0683710660645809 0.27625875798038 0.352455057571647
0.30742360651094 0.0343656323095511 0.207848953302504 0.227107998893412 0.223253808983593
0.294774327566692 0.146711529566815 0.151291100504669 0.242648988074774 0.164574054287051
0.0989168486879951 0.274085737541327 0.037224633391721 0.145204189974892 0.444568590404065
0.135328809381199 0.123843624583663 0.370312747480358 0.17793065703183 0.192584161522951
0.0878729580785862 0.233229882281974 0.244948380438144 0.237006510647548 0.196942268553748
0.329416471260702 0.15369014856264 0.104760174729387 0.316488696849713 0.0956445085975588
0.00478889876167832 0.0433016808878509 0.300558478017252 0.182845679755274 0.468505262577945
0.20333180384377 0.266096167197542 0.309781142395411 0.00238020541559208 0.218410681147684
0.209727731389068 0.214825805930781 0.203277892741809 0.331123204309978 0.0410453656283645
0.172466726758647 0.257359774857168 0.184428397012147 0.290948000398137 0.094797100973901
0.372357794973274 0.0951226527409102 0.316909756664006 0.143688014192034 0.0719217814297761
0.266161224242191 0.280240665491688 0.0572808749775745 0.130985259761333 0.265331975527214
0.160074712970846 0.181716800473849 0.419507461127013 0.231881001000978 0.00682002442731415
0.157639693453776 0.27275193726529 0.247659081297401 0.128804178020103 0.193145109963429
0.244508880108667 0.208367807635587 0.296980548644264 0.112696557033651 0.137446206577832
0.169202869767971 0.23508475013472 0.0495778669316104 0.255471346574631 0.290663166591068
0.055901872771186 0.353454439627528 0.261656148129267 0.155909694684375 0.173077844787644
0.0201478266462297 0.229259539869412 0.27310208656561 0.15091828651212 0.326572260406629
0.195647256163015 0.198316816844083 0.141385587230556 0.150437901080968 0.314212438681378
0.203548859212176 0.192890416853115 0.228805150327136 0.247569813793962 0.127185759813611
0.118814694827113 0.11535944714903 0.348540798518728 0.0451772250940901 0.372107834411039
0.247981609815882 0.351915059768807 0.0742545262635235 0.0586525525420862 0.267196251609701
0.180493609502093 0.218265360657225 0.232911668879685 0.195823113719015 0.172506247241982
0.369789418403801 0.236874655555015 0.0958397407583754 0.188636875468598 0.108859309814211
0.134225435757635 0.242371524615933 0.203144121817775 0.208058387776808 0.212200530031849
0.0655781995815474 0.336946101913256 0.333525468470469 0.0923394128886904 0.171610817146037
0.304663801830523 0.279457786166417 0.198967792401919 0.0273652966348742 0.189545322966267
0.0270474587523369 0.248818453788378 0.0670850390102282 0.426661027784002 0.230388020665055
0.201389724416291 0.187637259099534 0.222193648943585 0.192132495307282 0.196646872233308
0.0242049123779856 0.298659171592609 0.302275534595914 0.075549820093247 0.299310561340245
0.199209008117369 0.248859295256929 0.268694900120113 0.188361203469848 0.0948755930357411
0.444963094642722 0.047515840006113 0.30645031845121 0.0635035870968139 0.137567159803142
0.196311674889885 0.318114589187226 0.0680316326149136 0.101973278306126 0.31556882500185
0.368971378266413 0.338711744109976 0.087848741372455 0.0203956755701342 0.184072460681021
0.231312369461481 0.173985719172324 0.222316675399926 0.271522381904735 0.100862854061533
0.120000332523568 0.148937410595572 0.226950168350603 0.437754069710818 0.0663580188194376
0.210484986609617 0.0886315268282655 0.132478555204078 0.29857786148768 0.269827069870359
0.234465193636304 0.300768037551352 0.358916380729211 0.0224881972873249 0.0833621907958081
0.372162156120517 0.0541276704902416 0.142315611033224 0.387783090146107 0.0436114722099105
0.383453814286154 0.15428844955338 0.0148880590629108 0.174687934072978 0.272681743024577
0.199122055357561 0.246948640705116 0.149142339608077 0.189152126453306 0.21563483787594
0.250633419078026 0.0960197909635111 0.200433064304436 0.235941601045479 0.216972124608548
0.267133740925046 0.184523508975827 0.26333928131414 0.0954950285564896 0.189508440228497
0.0957168560306094 0.143800260131385 0.160859857788964 0.291113087418108 0.308509938630934
0.00494609010673409 0.338232274536616 0.402445193990231 0.195762351635906 0.058614089730513
0.105307257563859 0.0541094859745587 0.309131412752938 0.219044812541319 0.312407031167325
0.199180478924143 0.137083100758815 0.19641741578976 0.321864311181783 0.145454693345499
0.188314463945687 0.101706874430979 0.405493464919117 0.115468216652602 0.189016980051615
0.0968895702971349 0.196607918142192 0.198031446034583 0.403420824810972 0.105050240715119
0.211431311424747 0.218837644766435 0.0975205703830102 0.237285653398506 0.234924820027302
0.213326184014019 0.312480467923511 0.0130529787662181 0.0751732362990937 0.385967132997158
0.171573884586577 0.311452304982086 0.0316595512304486 0.16883602180873 0.316478237392159
0.0359331300366389 0.234204838686412 0.0441669186591504 0.41836196970404 0.267333142913758
0.379776533354353 0.0182100901401562 0.293532820578513 0.0653791502314782 0.2431014056955
0.375049597758127 0.16467140785402 0.124310420279794 0.295602634749864 0.0403659393581952
0.213700223065008 0.127176244879218 0.286689087534934 0.255653714973018 0.116780729547822
0.133754145614499 0.11440615371648 0.0740789715939799 0.344213712191599 0.333547016883442
0.343545722701435 0.279301054034299 0.139769034528547 0.032361249631461 0.205022939104258
0.224833650374455 0.00509467787241806 0.278195205371183 0.476046080388118 0.0158303859938257
0.180386145525526 0.26014776420819 0.0462241697408331 0.0871486848701205 0.42609323565533
0.258014456445189 0.303348293587191 0.0449957157338972 0.388500666013709 0.00514086822001411
0.0882589914501611 0.0380317520339591 0.285230677547052 0.253974330284704 0.334504248684124
0.0378556578468444 0.423462096450569 0.0146468396448953 0.178726046186667 0.345309359871025
0.528019729061447 0.165719056419984 0.17994367177654 0.0881471602579719 0.0381703824840578
0.0499623358680034 0.348419987728628 0.55094838620809 0.00437543725814481 0.0462938529371338
0.237403858354571 0.175745766912993 0.242062656753404 0.203161237227614 0.141626480751417
0.229901191826246 0.014330376738376 0.344547862260819 0.0750915039642444 0.336129065210314
0.0575295805861694 0.25154074906253 0.296492454807804 0.0797532260572579 0.314683989486238
0.173112576690845 0.0166028702640894 0.185458642696918 0.314619799915962 0.310206110432187
0.0573213955247684 0.396251013524613 0.463821700697822 0.0304209707340539 0.0521849195187423
0.213457874204619 0.276940009636973 0.350997834825527 0.0491089276564452 0.109495353676435
0.100047594729443 0.134524682387269 0.349657426066623 0.311250401800399 0.104519895016266
0.391548136140483 0.258482737872293 0.194263883257611 0.149202975533393 0.00650226719622032
0.34577351454178 0.171313809868602 0.0995132284576633 0.272283487962508 0.111115959169447
0.111331120277383 0.379319189279432 0.225062730372891 0.264069135742085 0.0202178243282096
0.178378698395847 0.289250460250428 0.0638899030594734 0.127034930158691 0.341446008135561
0.0828742770440222 0.288629737801218 0.108659219175648 0.36257739890517 0.157259367073942
0.162383412784028 0.0165772773277868 0.371642974452702 0.0758932242748192 0.373503111160664
0.184768092398361 0.206659351612014 0.222121397698244 0.191177302030579 0.195273856260802
0.284180885934793 0.0819427973021206 0.290298394757784 0.20186080983676 0.141717112168542
0.371682708482347 0.162458633063232 0.123902532871979 0.107118254213443 0.234837871368998
0.203230641105915 0.264804687435402 0.0588688034533009 0.243566544399264 0.229529323606118
0.23700711863451 0.36372794742695 0.0561811176583979 0.176623590167685 0.166460226112457
0.260603004218653 0.301829518016638 0.296018034159662 0.141283234652668 0.000266208952378105
0.17069945296662 0.0632706743704421 0.0878217613674877 0.352970437999488 0.325237673295962
0.301039457662762 0.483757242971689 0.112043037020748 0.0033516896636233 0.0998085726811783
0.352469612344781 0.424526648909193 0.10156918836762 0.0452323250123653 0.0762022253660408
0.196136738811175 0.032467876564067 0.396403046846407 0.225249774972199 0.149742562806152
0.483348650481916 0.0494205416633526 0.0914672413339175 0.156756847579872 0.219006718940942
0.256057425293165 0.161717592143138 0.173864437415004 0.203735524780479 0.204625020368214
0.175101918651726 0.0438715555243078 0.211516813911079 0.196271996861312 0.373237715051575
0.305810092289143 0.174737980914305 0.0147139361096776 0.177341933370627 0.327396057316246
0.397198489450315 0.00723816876476471 0.306483961928401 0.143506473526884 0.145572906329635
0.0610809868925285 0.214281859975646 0.357900377284778 0.132055482504849 0.234681293342199
0.142435158571526 0.169959074911749 0.256321126349089 0.221086004361566 0.210198635806069
0.0713691250199397 0.166339125041121 0.153375355160682 0.208787627756931 0.400128767021327
0.330861737604031 0.206991352159935 0.0568326223573978 0.103254926033504 0.302059361845131
0.0350191403627266 0.0549459590681259 0.487673532944086 0.0260987220603077 0.396262645564754
0.218193240206469 0.182729332287101 0.15020617474362 0.0651999721063884 0.383671280656421
0.0308258180305094 0.0103948992061558 0.118540680876675 0.428955384758087 0.411283217128574
0.00553528683155735 0.0510757673477414 0.298789957848688 0.310053051528469 0.334545936443544
0.194645349603454 0.101560846181792 0.235256124521128 0.19293724671478 0.275600432978846
0.301269633740495 0.0192000540171739 0.300090638968159 0.316170947712863 0.0632687255613101
0.23497472452255 0.0259707573376607 0.259884579606103 0.163885517263694 0.315284421269992
0.20989031215243 0.0413074072137184 0.255618671076581 0.231829531925488 0.261354077631782
0.195350530276852 0.0307121241715497 0.239290529424148 0.352556215148392 0.182090600979058
0.267211635570974 0.25588369815007 0.112694729098243 0.198111877834402 0.166098059346312
0.402099145768795 0.0344740473275712 0.180775476625283 0.375679080652026 0.00697224962632478
0.187806556417737 0.137802470348277 0.352882768031069 0.167113997503109 0.154394207699808
0.123122981944123 0.122654596367935 0.224411561435857 0.261452618360941 0.268358241891145
0.159550959372211 0.321150709223047 0.096306523165979 0.178711385244965 0.244280422993799
0.193122510459148 0.279169229644216 0.385674045815865 0.0389215629301022 0.103112651150669
0.104527179566963 0.210206906847494 0.245709368278604 0.330668932146229 0.10888761316071
0.0803823814484472 0.173210902201009 0.188926208752377 0.312522136534433 0.244958371063734
0.24655671228602 0.410687017357273 0.207405157781136 0.108944569765542 0.0264065428100287
0.239342705985967 0.228635670732311 0.16582796354041 0.260524638302751 0.105669021438561
0.379178441386619 0.15495655884058 0.10989052378871 0.0409546075926846 0.315019868391407
0.189383551230539 0.255741033076354 0.31202792470001 0.0892029414655935 0.153644549527503
0.0509910237705973 0.467328358045104 0.131610208475064 0.293291004774533 0.0567794049347011
0.226715067547021 0.127347910001547 0.0903868686872262 0.19641589924577 0.359134254518436
0.0470374147218761 0.408217727264446 0.315291962983174 0.0709561850619838 0.15849670996852
0.0649952953054133 0.360572222301594 0.252584917499967 0.152530938357024 0.169316626536002
0.120785278974524 0.304210480895917 0.214989301192709 0.297444962853268 0.0625699760835814
0.326681628723689 0.0191472717841879 0.0493722120782961 0.535634210846434 0.0691646765673929
0.207352184086469 0.240729534040873 0.212961134009576 0.196278609956913 0.142678537906168
0.5790068094667 0.0257949859582824 0.016092139953573 0.311366593411654 0.0677394712097911
0.202937868236656 0.175817076492886 0.410613826231247 0.189316628478268 0.0213146005609428
0.241756344310504 0.342455048826067 0.0689775981311451 0.0529453312443347 0.293865677487949
0.293289194278483 0.228179296457377 0.264766057806624 0.0515915326558853 0.162173918801631
0.393327875347741 0.0455354424469144 0.0070374962857173 0.165812167228136 0.388287018691491
0.0796535276556708 0.329761204547011 0.180936781184316 0.100012702695166 0.309635783917837
0.252994814170679 0.130021277786785 0.243243759286398 0.180109499362169 0.193630649393969
0.04445715443026 0.110421011689342 0.376054319460569 0.204035839589715 0.265031674830114
0.0921590083470546 0.391351049117253 0.318605764764783 0.05298821664795 0.144895961122959
0.180850033913288 0.23889734597673 0.229754735666441 0.340964687907631 0.00953319653590981
0.188394144026246 0.11831037639049 0.317303203401225 0.317147478606644 0.0588447975753951
0.144300988377563 0.206046681864792 0.366342443212618 0.0462919968570954 0.237017889687932
0.070412645031782 0.331623888085717 0.18684196378638 0.0787046782056881 0.332416824890433
0.29994814986834 0.115683134471725 0.25874055785913 0.0206196261545745 0.30500853164623
0.269897891061694 0.130846327611736 0.12043535391114 0.106775824806207 0.372044602609223
0.0883168052857486 0.199545618957602 0.31370155866427 0.249728629691057 0.148707387401323
0.076456747100839 0.288776434573224 0.111111790443658 0.304678277168016 0.218976750714264
0.0934742116308683 0.251708211866294 0.430797454520055 0.222353729162154 0.00166639282062772
0.187432095563269 0.125277217796058 0.0937227201653319 0.154800368804546 0.438767597670795
0.194161918187954 0.426743704052501 0.123933940695762 0.165101417897132 0.0900590191666508
0.0694684973857998 0.252920449329846 0.0590954007625427 0.305019969383675 0.313495683138136
0.220683079256785 0.0995523309727043 0.215400226423143 0.219532158442886 0.244832204904481
0.374115031087546 0.0455816903706477 0.0995444491491109 0.234993987920396 0.245764841472299
0.164217242632469 0.0752589677541716 0.303641993078832 0.300773199151525 0.156108597383002
0.226904858851124 0.203868941217668 0.225739036308113 0.188695680241644 0.154791483381451
0.0155606564615457 0.168019135087998 0.360076610498034 0.339365505971839 0.116978091980582
0.232534868398535 0.440159219547603 0.214346638335879 0.0278274489671411 0.0851318247508419
0.242778538500893 0.236518253822058 0.0200660907903477 0.476199831108763 0.0244372857779387
0.0293017205307848 0.343001936337709 0.197720360581182 0.0815865362976755 0.348389446252649
0.331099751595532 0.155831103698885 0.0635565514759405 0.0920663219797688 0.357446271249874
0.0849925201862592 0.117748692732295 0.427172637155976 0.00122362179330497 0.368862528132165
0.00224332656408958 0.0178518972111254 0.429437629376271 0.238106790297355 0.312360356551159
0.278423444361134 0.201010262239725 0.153588385969314 0.0816296043263076 0.285348303103519
0.213456473434616 0.497765266969642 0.112576974892321 0.114914345252972 0.0612869394504487
0.287813300425648 0.0115615619302153 0.141202262830981 0.351346366740261 0.208076508072895
0.218512154561225 0.0604386052630563 0.232924562179134 0.225390807237732 0.262733870758853
0.295060243904605 0.155958974366005 0.119087007086695 0.422187705404278 0.00770606923841638
0.170430907955538 0.106767561959446 0.334088171089834 0.106636552085446 0.282076806909736
0.302639430125556 0.319805588191856 0.0240829793360458 0.235242950959773 0.118229051386769
0.263595938867718 0.145292699650485 0.273910168152687 0.0121628555640552 0.305038337765055
0.245263683009196 0.119978661785943 0.297904608553003 0.146783852868183 0.190069193783675
0.31757296833101 0.371080790413964 0.25224334966803 0.0444217587759268 0.0146811328110688
0.184865152910934 0.243128322175593 0.116881089411875 0.22496458679113 0.230160848710468
0.233813479283142 0.147226994549421 0.271178676874764 0.283390179679778 0.0643906696128944
0.444718902696888 0.12966634192922 0.102063846378792 0.15217423160703 0.171376677388069
0.254791742693361 0.104945981834218 0.229558390285449 0.115282027388232 0.29542185779874
0.250946939057825 0.248831455586954 0.0825010662862889 0.351312545237134 0.066407993831797
0.125764457062435 0.0150167559718063 0.264068166955821 0.263657197520562 0.331493422489375
0.317379730334027 0.120856058082829 0.177869357701482 0.227569430481155 0.156325423400507
0.196683336339019 0.248808993565822 0.249392884117844 0.0696313859642771 0.235483400013038
0.280422612752569 0.245844978677881 0.0803297069117632 0.205980059199632 0.187422642458155
0.349561979584231 0.416270259291097 0.153544035707673 0.0789460333922171 0.00167769202478135
0.49189955749925 0.155527235326174 0.0946799968361141 0.191588294785363 0.0663049155530983
0.251256177839643 0.249594454961206 0.252937193545922 0.15678416181678 0.0894280118364493
0.173518669557197 0.317872191614511 0.115955134812113 0.136703011638166 0.255950992378013
0.0622196973292995 0.183663110382532 0.602698836206678 0.0173870634113577 0.134031292670133
0.176956968477158 0.171458808188142 0.0636276966174989 0.293599327219109 0.294357199498091
0.0708132372541789 0.42542489816727 0.263144272281232 0.0903322192461692 0.15028537305115
0.0735890017313771 0.277549458243612 0.0958469172252904 0.253817768308873 0.299196854490848
0.300575367332756 0.244894546346629 0.295919177262342 0.0569623907708105 0.101648518287463
0.174424550156414 0.193601029934819 0.0131541492635733 0.198326232244183 0.42049403840101
0.256399946218216 0.144437820668663 0.109974234982645 0.287570292265623 0.201617705864853
0.230223540343618 0.24601285720468 0.0493685170567239 0.209934469115037 0.264460616279941
0.316720515116305 0.177403482662267 0.199558318044647 0.260051616946274 0.046266067230507
0.409036675030528 0.133615354329695 0.281682289110566 0.0383880422066004 0.137277639322611
0.0516149188348783 0.260741875815842 0.337025099597625 0.176928172068462 0.173689933683192
0.135074139437217 0.305420808891748 0.278911824171377 0.0354018521012758 0.245191375398382
0.0855281817341089 0.111958124606416 0.376672321170411 0.0322214093259491 0.393619963163115
0.297998912897119 0.183180959418821 0.0858575070411974 0.125786970657852 0.307175649985011
0.167040308664166 0.00859957143953993 0.150081068656453 0.293963184611835 0.380315866628006
0.12149645468271 0.0297966716861137 0.241765728968494 0.276480789661761 0.330460355000921
0.366019246689493 0.260312679580179 0.0733500647253008 0.264428697818419 0.0358893111866092
0.434262155148599 0.0973052742393105 0.0863185716202914 0.313062502540131 0.0690514964516687
0.154994716235318 0.0871885268572833 0.245850882013161 0.363165122194791 0.148800752699447
0.00899489950160663 0.358686333073254 0.256076377228229 0.0556245409566064 0.320617849240304
0.23942421927514 0.0492821553565673 0.101999188283695 0.0319024550471455 0.577391982037452
0.167179465477676 0.248083489407106 0.164696625622734 0.258184579755261 0.161855839737223
0.201812398670238 0.111599266957006 0.127837323228398 0.271956849434137 0.286794161710221
0.194560501499559 0.193046448989647 0.178784230954449 0.198067561814488 0.235541256741857
0.0413838760778237 0.183159966054748 0.3172855557022 0.313756893653346 0.144413708511882
0.2283569909334 0.214340498360659 0.255342831029152 0.115574233823857 0.186385445852933
0.0705687179743488 0.0616728032992371 0.404781076138745 0.186178603462415 0.276798799125254
0.329927502042613 0.118315337211021 0.217072301646373 0.307741681868924 0.0269431772310681
0.237165346152102 0.0307873086717051 0.224816820719075 0.246062725688748 0.261167798768369
0.254270180119934 0.0257068991411927 0.327164851478403 0.0486118729734658 0.344246196287005
0.290632691962309 0.275799148548989 0.0205138025452524 0.0482958189906062 0.364758537952843
0.259955795218956 0.324980103160132 0.114093598492623 0.0184800808876047 0.282490422240684
0.461998043460903 0.0216283869351442 0.427536003588287 0.0401712881480995 0.0486662778675666
0.288663908241881 0.0133123807268736 0.345220534489826 0.155315855945372 0.197487320596048
0.201807504795824 0.202753352388069 0.264603447756288 0.0990179105777247 0.231817784482094
0.513527873585072 0.149291826346418 0.016088440880338 0.224301991240684 0.096789867947488
0.148445539816185 0.0997757960896031 0.0246370300825685 0.0816879797052134 0.64545365430643
0.0370432810068653 0.00997128911355351 0.289691876096668 0.439873571754221 0.223419982028692
0.172114782310164 0.122037979861395 0.0497593805494103 0.4519179147237 0.204169942555331
0.168606292030061 0.174156994668896 0.0893661639286483 0.321417642283863 0.246452907088532
0.285643606202994 0.0574604567657782 0.177638024441428 0.268381084643558 0.210876827946243
0.128952561674447 0.219542110923711 0.0940949609315161 0.220703752331579 0.336706614138748
0.0363290824427826 0.204144957589299 0.240196224071446 0.251891475786129 0.267438260110344
0.300949446721004 0.446072359683664 0.138074821405687 0.0161160181094092 0.0987873540802359
0.369400809558789 0.218909525159026 0.332549522827013 0.0105670158209783 0.0685731266341943
0.233408431597641 0.28059760293993 0.151266797509101 0.260033793711015 0.0746933742423122
0.370348336428461 0.0696817934664505 0.271695736653426 0.0986011016188301 0.189673031832833
0.0395398037961354 0.283838705270352 0.116218909004982 0.283988599285129 0.276413982643401
0.242728368238536 0.115212403729397 0.347791000801157 0.0669760200146969 0.227292207216214
0.252742603279966 0.0950137208671397 0.154990878267781 0.243452488672056 0.253800308913057
0.244815580863717 0.253344610541103 0.0214036697418077 0.228355737386229 0.252080401467144
0.0365172582440296 0.413199902261194 0.0553637204624875 0.434210786594103 0.0607083324381858
0.264510549857573 0.087076884385599 0.262419965319117 0.264642461084319 0.121350139353391
0.164076920630259 0.0728664460161535 0.352760299245603 0.319706924046987 0.0905894100609973
0.102537273960479 0.25539763068275 0.10697181099812 0.0678546932776883 0.467238591080963
0.0323549237672499 0.112103646416749 0.72368956260537 0.103013982602701 0.02883788460793
0.336988429210616 0.273012531755273 0.33256890825573 0.0280960184498006 0.0293341123285815
0.0927270284777306 0.218384342979911 0.274867928119687 0.214648827283839 0.199371873138832
0.268132180353034 0.121970271592826 0.162541212335213 0.171096915262224 0.276259420456703
0.134293322993407 0.395833696242369 0.146570916788681 0.305019102718657 0.0182829612568855
0.121146522910358 0.300238532026035 0.11681405386212 0.305395975449885 0.156404915751602
0.173315901448567 0.306629345304205 0.0958654207396465 0.178632345366438 0.245556987141145
0.188902744038625 0.357677311158985 0.214960902464005 0.0383515257049883 0.200107516633397
0.144837382106206 0.26844475869385 0.117886370153434 0.331577201445435 0.137254287601074
0.00693548628718954 0.386829426900332 0.1923944670916 0.0782698455618056 0.335570774159073
0.322879871188446 0.0391993935432191 0.363220306905839 0.159225591169742 0.115474837192755
0.255013964536357 0.233006262183325 0.146815438422408 0.220872376419365 0.144291958438545
0.138369927903796 0.321684011451097 0.355374650820243 0.0505820298818147 0.133989379943049
0.232780902037517 0.300114842713824 0.109021731190188 0.0688137072012809 0.28926881685719
0.000585373808557038 0.351885681465941 0.227790955764336 0.314016145269573 0.105721843691593
0.277236232836258 0.343168147610955 0.154615592438072 0.0777740615046255 0.14720596561009
0.280829982156144 0.199240456109139 0.157617456669793 0.19290715708996 0.169404947974963
0.153702434752777 0.330174003196182 0.348791986948967 0.0133978298314096 0.153933745270665
0.120943052373736 0.0440343818793302 0.454078800451686 0.0106303091429783 0.370313456152269
0.0836065701328471 0.301078000786829 0.190470297235372 0.245145697834115 0.179699434010838
0.0149714505078459 0.141187682791655 0.193375955741946 0.298115535303225 0.352349375655328
0.371310139938927 0.0483939468941013 0.154466531153664 0.161432747966525 0.264396634046781
0.220980806203403 0.239195335942746 0.221794775064266 0.273730270886749 0.0442988119028361
0.0184305949838075 0.0712176259222453 0.146822913512577 0.349493833479827 0.414035032101543
0.33294636020093 0.245884305992783 0.242933773674838 0.154147716444022 0.0240878436874257
0.168868844051238 0.1919883197293 0.261978047010476 0.230161588364598 0.147003200844388
0.00572370158053622 0.170874229956266 0.0768204660190289 0.257597954232624 0.488983648211544
0.0277429025504903 0.399130729344229 0.136138104824127 0.179485307363223 0.257502955917931
0.408485954302221 0.126350940594404 0.321897472182156 0.118427691092858 0.0248379418283618
0.0738285821119308 0.0348742202690566 0.40472829480088 0.400048225108146 0.0865206777099872
0.326392424537065 0.0726343405448975 0.30575100886284 0.0528843124536401 0.242337913601557
0.296988502732049 0.273467100227585 0.165013323435396 0.220023039789674 0.0445080338152954
0.0615420695235158 0.35664857670301 0.0857627946272825 0.265416256585818 0.230630302560374
0.154841657354644 0.114923428066408 0.0939218332832013 0.144298998780562 0.492014082515184
0.238575856960413 0.10251440425616 0.151348117718134 0.301836557433998 0.205725063631294
0.285195035990153 0.00131506546649361 0.304525068912213 0.210282658478692 0.198682171152448
0.322502309581005 0.299107629229503 0.122334877792897 0.0820391999723194 0.174015983424275
0.0434041750202393 0.33201319304935 0.129143862120076 0.234259758217471 0.261179011592863
0.218541576659592 0.214214431194909 0.175821947959524 0.304213273482193 0.0872087707037816
0.051651471201732 0.228099992322099 0.267428880770022 0.013015623769024 0.439804031937123
0.211054524871832 0.0952677794760014 0.182129894170717 0.167197246058076 0.344350555423373
0.158633182641771 0.00213224116587542 0.110444062163487 0.411756610228852 0.317033903800015
0.233194226656089 0.117384207208329 0.0451364488398149 0.123448659868567 0.480836457427201
0.285278508014098 0.035286041680227 0.397904746396181 0.0556314680842484 0.225899235825245
0.281119158541636 0.0872977659117831 0.00307490531540641 0.354375568030316 0.274132602200858
0.0384260125619356 0.186680871007304 0.313127176989646 0.292490858221807 0.169275081219307
0.353231171166659 0.25465888531887 0.0319084311770661 0.000193373489454205 0.360008138847951
0.262047249489493 0.270250518386018 0.105277732489268 0.102567971492299 0.259856528142922
0.291155838968942 0.0850112153063074 0.0865299620624159 0.154932681230897 0.382370302431438
0.168261173970762 0.125163810492359 0.258403405769062 0.235431527410875 0.212740082356942
0.0323733928337151 0.0762350980859181 0.139681220348091 0.585127235463398 0.166583053268878
0.0756939607816778 0.27582997136847 0.339696843644269 0.0490359942466602 0.259743229958923
0.0225015668636578 0.40956383873578 0.214647506999887 0.146973533202305 0.20631355419837
0.194958608325978 0.240792831579911 0.142159142930628 0.27507375692318 0.147015660240303
0.112566708000578 0.370991114105252 0.0302549113132434 0.228812171979915 0.257375094601012
0.0533957949946309 0.181460798716091 0.413955219044956 0.227759834484599 0.123428352759723
0.311362234882284 0.0141787493893604 0.263305818306187 0.0477972953041574 0.363355902118011
0.245974754100482 0.194029591369156 0.0536330785256768 0.217676521876073 0.288686054128612
