0.115977120864189 0.0863832392179913 0.0620037163840872 0.198829160274877 0.0828531324565047 0.0616253980569463 0.0491162453494475 0.123952375297793 0.137230437537487 0.0820291745606767
0.0354704710762951 0.061554698696426 0.0421100550877326 0.0225147189241283 0.113871890913722 0.145829273302765 0.0542672146710197 0.239749288843743 0.172777874341031 0.111854514143137
0.17021629809845 0.0816372111272865 0.0735887327199042 0.0154041154177136 0.0276287043788525 0.0703416560361336 0.0604123688151564 0.215555521466804 0.121638701479057 0.163576690460641
0.0909618265968776 0.151696385699081 0.103299999579294 0.0156806344072569 0.0632674598108643 0.103700907380171 0.113159244894024 0.0758510627962492 0.0947737611322548 0.187608717703927
0.138478928913339 0.132485549602918 0.165324079220813 0.134314414710781 0.088301969195192 0.169601236469023 0.00556515727011301 0.117270263208426 0.00349359427483925 0.0451648071345552
0.196417169896602 0.0282320935485134 0.287582037706274 0.0179585376116451 0.042170029005234 0.0443900839478988 0.224276858300257 0.0681884812811006 0.0508621892448626 0.0399225194576119
0.218626824331198 0.11838557169997 0.129819721812607 0.0258879544711708 0.0416307942003245 0.0382795192448377 0.100084734296676 0.082419297313474 0.220038932495584 0.0248266501341564
0.134436091411557 0.00360416068511983 0.103223736496726 0.0510753307497206 0.00746603643167715 0.0074958145314537 0.14017460552343 0.186505250259186 0.18385705019418 0.182161923716949
0.201917840382715 0.0529751603812236 0.0467580725044758 0.141987570638166 0.024113783117732 0.146318100029956 0.0884402328695305 0.118413669333386 0.0897417995347876 0.0893337712080278
0.15961832780105 0.0135593713146567 0.0264430222596641 0.111225739381441 0.129382609010038 0.0679707508359343 0.118779421127424 0.155083583622835 0.0629653415277678 0.15497183311919
0.0328574864493971 0.0105065811973845 0.143587441263967 0.123137328967655 0.0363145574357703 0.138445839353669 0.0734119697181955 0.0590252682180208 0.19166422968425 0.191049297711692
0.0991805978976661 0.157319910469603 0.100987224518919 0.165596568145897 0.00277340521605498 0.134775952236452 0.0833322423485047 0.099234831862813 0.00292076686441073 0.153878500439679
0.105178613233405 0.0908204071564658 0.0483722404191486 0.157193112559962 0.0819567704067871 0.173274800386697 0.101796232399333 0.159611649203716 0.0361633529172987 0.045632821317187
0.0332696751741111 0.132410897369448 0.0695586303666378 0.136379089298246 0.042591301132076 0.13419922880509 0.147369848138951 0.147164137375885 0.0774539581156155 0.0796032342239386
0.189066558561786 0.0995908802522252 0.212561108149228 0.184602176458689 0.049658719078475 0.012686927642282 0.129707415248356 0.0582776910420608 0.0236683146893318 0.0401802088775644
0.072245039444821 0.0909532448659793 0.162396165354737 0.0855403493379867 0.152691494003539 0.158969278144772 0.105993382338006 0.0699913858127559 0.0204035962723618 0.0808160644250405
0.00475387897947317 0.0134334953969197 0.200040820997768 0.0902535663577588 0.159918944481472 0.0338753613096983 0.114667834227937 0.171325965440173 0.044235483106701 0.1674946497021
0.182335999519472 0.0782418429095323 0.172705912556031 0.156534798262316 0.00954184524983863 0.00890468520650901 0.0464378141976692 0.0718221186951565 0.175741235934119 0.0977337474693574
0.0236465597230462 0.131821132324761 0.103764054184128 0.0553320360305526 0.134844532330415 0.118937017871879 0.0353088138466838 0.0461415055061188 0.224572115724121 0.125632232458294
0.0931555647138747 0.0256955897651494 0.116910684634472 0.207831451670977 0.0393629459904256 0.173224127930452 0.0885388972403242 0.0118210970606785 0.0756415466063388 0.167818094387309
0.0838099317037667 0.145429971722737 0.0483736764663186 0.0710893720108937 0.191413751896215 0.0295341704704644 0.115158616140649 0.114106442764756 0.136464676009136 0.0646193908150644
0.139328768995446 0.00267942436594993 0.126018572665286 0.101887480996691 0.155968585706801 0.100468700914636 0.128760422791831 0.023673226708601 0.145618661875956 0.0755961549788011
0.0703560295314646 0.133304158998164 0.0567314042930445 0.131830659362956 0.107845999263707 0.124255178951699 0.0949334672833992 0.146104447282694 0.134196421791981 0.000442233240890122
0.153728387705912 0.135545692751313 0.0808317083312292 0.132816648620602 0.0283678480758292 0.064971866596523 0.0192226899301785 0.141887238385249 0.132061489973046 0.110566429630118
0.0645602609619226 0.0844097412250215 0.0817189492597473 0.114554766896156 0.119518310720325 0.00470112849409665 0.102851691534098 0.105313230593839 0.149002303855327 0.173369616459467
0.147643013574512 0.118688256402929 0.133535010117689 0.00255008467366003 0.0155336643223439 0.041979223051028 0.11872442427394 0.116463108131638 0.0848569782443659 0.220026237207895
0.0661793422797612 0.0630728999318721 0.188225094565446 0.241464327902096 0.0264516803640451 0.0406757209088066 0.0260514245477993 0.108243618999736 0.0927478666951584 0.146888023805279
0.170879380651077 0.202940281270399 0.103528842084584 0.0527843783297837 0.047407439182812 0.00865150817488927 0.126814486755466 0.0516207952349384 0.0625702672631825 0.172802621052868
0.131583615979613 0.0220588295306628 0.0721676819188117 0.0317721631934901 0.1341786795242 0.0703825994872979 0.0602339749210424 0.174202877453898 0.180197227656022 0.123222350334962
0.125120884128282 0.0127827607761067 0.0763231896039214 0.186370526734096 0.0979373227932309 0.112054588748762 0.174906684951984 0.0230710398545477 0.169599411734315 0.0218335906747543
0.0951460351190905 0.195524323384158 0.147125689642472 0.131810572221714 0.000201238315857287 0.0721948561939673 0.000764448623198896 0.0844244302126007 0.0930710227169665 0.179737383569975
0.136505903513846 0.146877748459596 0.111228878058119 0.108563671825898 0.0654755285721215 0.151517411897969 0.0334650453547227 0.0519310378844081 0.146436958541968 0.0479978158913517
0.0625459967371509 0.203128549973172 0.180021540612105 0.0276316919236788 0.137439912907567 0.0754773410375629 0.0199108476758333 0.0762546661203042 0.0861808508859151 0.131408602126711
0.138707607554761 0.0873379496856102 0.119945386796541 0.0678595119260453 0.0846461330421338 0.00471792071973315 0.105603437659039 0.0235921947130188 0.184623679436844 0.182966178466273
0.161641316360956 0.0769050445314877 0.0451259478332832 0.0304443135049957 0.00773119508596247 0.159009575001059 0.0700884525532264 0.200855106032191 0.179742602707467 0.0684564463893728
0.0423425403516495 0.0788596443018677 0.118682492099991 0.0720154709017471 0.106440820956639 0.116274235832116 0.127882735877235 0.144625705497202 0.10953683576035 0.0833395184212038
0.0556028809272142 0.0733592328849183 0.055714716796813 0.105852797171197 0.0241309751699293 0.195805528220679 0.0582049579058323 0.122471931732424 0.167809888484509 0.141047090706484
0.0369570120234268 0.114975528585279 0.0906028061579949 0.0636088104124005 0.141996240353113 0.0720543326854209 0.0448270021401398 0.0726271336002778 0.15049160360017 0.211859530441778
0.0937745651014788 0.0435743367594534 0.105955439156461 0.0125902581395318 0.028120125072153 0.216118131632634 0.080934811163064 0.145718416029623 0.114782984574733 0.158430932370868
0.0216072577124649 0.136184170285342 0.182091239732801 0.163423904692891 0.103904571022423 0.0798396120021533 0.00529003735187256 0.0846373836529121 0.0480006340340548 0.175021189513086
0.0727121271053949 0.113688702094539 0.0272434716134764 0.119069551051925 0.0317244166969172 0.162323651738262 0.0612914589115355 0.175658972880652 0.0668061368617528 0.169481511045545
0.1229661651132 0.00286847457241661 0.155089635718046 0.114398142094422 0.0894456759016647 0.144290720006699 0.162678060706326 0.0166152509707228 0.120606378278511 0.0710414966379923
0.106853509679229 0.159227331570867 0.0355588315904881 0.185172897308722 0.105853158731827 0.115832564282398 0.00113266539116276 0.146212507286765 0.0668171775955322 0.0773393565630082
0.101432857145081 0.136335709693637 0.123128245232065 0.123286253893368 0.132877123334608 0.000238930974180998 0.0755064790091984 0.178378617190695 0.101472267255905 0.027343516271261
0.0231557722903238 0.138966808017095 0.186324423476123 0.243112585819127 0.142910166814455 0.0672916524096269 0.0725504153019931 0.0209213814513951 0.0205302251721901 0.0842365692476705
0.0952748110913125 0.101503979305893 0.143311807780662 0.10067280893875 0.151876691651684 0.0748026389738913 0.166544742207932 0.0632796280950043 0.0249129511982778 0.0778199407565927
0.0931633192813345 0.154266498752508 0.154733097552435 0.0970546361547071 0.136192462158006 0.149622934694746 0.00944239494918676 0.0279701501529475 0.168304424294649 0.00925008200948024
0.101919898248419 0.0705022503712575 0.149320501023345 0.0640309701455928 0.0035837083509507 0.139115799096494 0.080030820450653 0.150799479328849 0.0943360179524072 0.146360555032032
0.11747011631773 0.163456024686437 0.0939978737117215 0.0105729222967739 0.00497711447638923 0.152382728555153 0.0313410115511716 0.117400905039422 0.17234830955333 0.136052993811873
0.0341398491442767 0.165569349497203 0.10204150759298 0.0915842208013008 0.0124282395716381 0.0567427548833321 0.055649788070794 0.214695322833344 0.144766605744496 0.122382361860635
0.151933544193969 0.114574266929204 0.0929111521247958 0.153425467626432 0.0444930258171949 0.0324681841057311 0.0943341856353419 0.059676868816666 0.153677087238005 0.10250621751266
0.134176244503543 5.26823881925546e-05 0.170640628820736 0.103500365570729 0.00340387929445059 0.129707462478967 0.168173356940164 0.0556785640732557 0.125340472836036 0.109326343093926
0.157688953250307 0.0790234306965558 0.0528749417889634 0.127395292148539 0.0823843675252011 0.0575661640198575 0.08385712428667 0.107801447234476 0.211241036161406 0.0401672428880243
0.0746755720933498 0.106424207644061 0.133905433821924 0.175463928028645 0.0570161178592318 0.127068219198111 0.170918801847951 0.034852675721363 0.0361584553598791 0.0835165884254851
0.134211170368197 0.0352106652105539 0.0820914391043301 0.134359290068955 0.0650230131321548 0.112854896873732 0.0897614746895585 0.0261401132099535 0.112328495734674 0.208019441607891
0.121757422381229 0.000235383095273062 0.126280745855555 0.0309238223326251 0.0922169122075875 0.0244348909005766 0.121402432209008 0.160825306326434 0.137710679797431 0.18421240489428
0.0108057011595394 0.0190421934307936 0.183304784214297 0.0311383360418156 0.0868619551403016 0.0887992978550295 0.185278776909364 0.103797362142089 0.156219653237903 0.134751939868867
0.0703500483328812 0.103844495991729 0.0269632733900139 0.1693679077118 0.0626492086464363 0.0619182779680026 0.139555892141681 0.109271594569245 0.0699212960446194 0.186158005203592
0.187688663224559 0.029717505912691 0.00803407311403027 0.0977699005798287 0.217223707486818 0.129346499801262 0.0446140736981453 0.0565816820405722 0.0723385809160958 0.156685313225998
0.179289101742827 0.130178145305316 0.0658031137536869 0.000493155638881121 0.170704186717649 0.138146199049848 0.108929500747232 0.0527521244005678 0.153604129129553 0.00010034351443867
0.090116738039402 0.152484744210548 0.197975822868664 0.0790281494368059 0.111568156131682 0.0869079079402873 0.0111256768058002 0.0346046041098234 0.194006594924636 0.042181605532352
0.163567823054266 0.0177040451934534 0.157553267080104 0.161632733967909 0.00559334210976917 0.120384664803243 0.114986503915306 0.0553473120981422 0.0939002267302968 0.10933008104751
0.0672978661605941 0.115566921617661 0.11798081667351 0.140843429890692 0.0852835056069123 0.0718728088107724 0.105304969915136 0.0153703285492433 0.163863567533561 0.116615785241918
0.173863517634435 0.181988782205272 0.0258243828260072 0.121526186934331 0.141784817884277 0.0447718268649322 0.037546132602249 0.0826275608500585 0.00302449036783203 0.187042301830606
0.15369372776245 0.149329850343216 0.0547228838255702 0.0565454384818039 0.105986531508421 0.0652172689998536 0.158484282646119 0.0692039343281151 0.0349960176704971 0.151820064433954
0.0167728620750405 0.129408389855256 0.0737176228199639 0.056477000366666 0.152540806534004 0.100088685883684 0.120107293706143 0.093924091490569 0.0786402877556901 0.178322959512984
0.0700971746966906 0.038597117874998 0.121104984028262 0.0205790589848816 0.197980718929365 0.210356244396282 0.0152551343814659 0.0740772692334896 0.0239021475016683 0.228050149972898
0.0835560898728078 0.0635054805547833 0.156155185243228 0.160403207196015 0.0726525910137089 0.105392457231697 0.0829675024321772 0.0462444181959651 0.1148498510933 0.114273217166317
0.00219426843363091 0.0416561863246514 0.026474001402612 0.229927702061696 0.123260105390198 0.0582616344627101 0.0984897261679267 0.136875058299089 0.206004467150331 0.0768568503071547
0.102524267586852 0.112813097714201 0.0893950801134527 0.00664860578528228 0.18877977363759 0.0437217156231508 0.109321850930756 0.176287592395102 0.00188775997748612 0.168620256236127
0.209761022816752 0.112413281522671 0.155837005800835 0.0774990477052638 0.00684283574909067 0.150993478903217 0.0311384628886438 0.0816816843874855 0.144516180261438 0.0293169999646037
0.11142531295915 0.0311015932484738 0.0326220138624144 0.0498264730828456 0.192388092561804 0.175019526874894 0.143490609017534 0.145276302373108 0.0645952655537231 0.0542548104660535
0.164795477743492 0.190101425106678 0.0487471936234616 0.178445490853014 0.107331212661905 0.0541505702845278 0.0297051858662513 0.00438585976450279 0.187696463586089 0.0346411205100788
0.0920625351789285 0.0566199308472725 0.0868275486748189 0.0221775690786068 0.100226136513208 0.164381522160473 0.130713231175293 0.0365643667198249 0.141168590251557 0.169258569400017
0.0126690357297438 0.0212455222497734 0.175865184551787 0.209844277642076 0.000850375235908257 0.102044089026237 0.174741710839522 0.0366958325053943 0.0137986994330825 0.252245272786476
0.0375809012047123 0.0323756026342834 0.151215862738642 0.159351117666745 0.0257226376665928 0.1629344664832 0.151736338462965 0.119189887977266 0.028618437123843 0.13127474804175
0.135268836526189 0.109481813909279 0.0896327406088789 0.108455153534946 0.034189476750211 0.1557795850606 0.0894532719716118 0.0496542608647974 0.166519259499719 0.0615656012737692
0.00353660916678954 0.182927645978795 0.177070588662021 0.208243882610991 0.0258785468613027 0.187074414923341 0.100833941120033 0.0289537441353458 0.0634674548741499 0.0220131716672303
0.0954368377760042 0.10445761767535 0.177441468653909 0.167788941935078 0.125804433536791 0.0446758169137643 0.0169288280181865 0.151814515670784 0.0511616495319695 0.0644898902881648
0.137694793929066 0.160508115916629 0.0127060621311673 0.0577121240040464 0.127820079566921 0.174260080462664 0.0843948935713839 0.186677682747466 0.0560421479905723 0.0021840196800839
0.0200770970873958 0.0436895873869238 0.124625388366281 0.116553640343536 0.00978495114981747 0.160971213706675 0.0864711115787863 0.196848916073402 0.170681125362349 0.0702969689448343
0.188319082628243 0.0252440743425251 0.00162562970162044 0.0225594251549205 0.170620223759057 0.0161561656237664 0.138619857188917 0.186040082792463 0.132847273406014 0.117968185402474
0.116696393868532 0.105474482335711 0.130177654637276 0.230798025489736 0.0105316317037839 0.0125213604732209 0.211500180095696 0.108133585635401 0.0734232192419539 0.00074346651868967
0.11744454126759 0.052234626363758 0.141971170675664 0.076438055172008 0.00559178935343253 0.166434893935693 0.110881447690746 0.0986559785706808 0.132548171471059 0.0977993254993691
0.161093381803416 0.0659534602263708 0.158062782293274 0.0157775745150036 0.0683969948259194 0.134794191456271 0.168803658333485 0.0592276628851514 0.0141148412413852 0.153775452419723
0.149028414596345 0.0210460560066314 0.0328020384092952 0.186713638942986 0.120310960563165 0.121215990064288 0.103775731323601 0.0108482529786892 0.163002690899977 0.0912562262150217
0.0158762148567365 0.16548811658379 0.128630378652414 0.107510428497296 0.0971505462526889 0.0519800201820417 0.159473938758061 0.154048279518274 0.109746064510639 0.0100960121880593
0.0541444258315015 0.268718420694447 0.0114213448835212 0.101550471815933 0.035394408292169 0.0208730827924275 0.0840750014058492 0.101328270290641 0.242128126556842 0.0803664474366681
0.17325430525123 0.101352016075956 0.0175509059085258 0.088744279624566 0.108309830737166 0.0920807843928444 0.123626507229555 0.0897075155573331 0.045861853866911 0.159512001355913
0.0486363942774391 0.0780213370964893 0.122773001913062 0.15587326631699 0.0678863681897346 0.140668385225494 0.0584846919282283 0.162411861278223 0.118584602237777 0.0466600915365619
0.103606398532697 0.0328553215490994 0.143279939882338 0.0428118216494039 0.0878594039447289 0.143571683900008 0.138420236748516 0.04876942549924 0.140465035501054 0.118360732792915
0.234033038354916 0.00808602330552648 0.0032974198153269 0.132627975006396 0.129627980855053 0.109467957923731 0.0520276224966977 0.129217968645969 0.0298367089762803 0.171777304620103
0.208565969520898 0.0384761183806366 0.0559230930910062 0.0238307899175568 0.0157820659380419 0.135008288373258 0.238422739571892 0.108016804136608 0.145919260488231 0.0300548705818724
0.0692066212066931 0.150560865157614 0.127301861179497 0.032178445438006 0.0360782910780482 0.0675250734402514 0.145509757166591 0.00547456436215826 0.176402504170206 0.189762016800936
0.109715811604613 0.153240865321255 0.0325304845340232 0.0990732995811439 0.0706129944883004 0.0467042462026388 0.151765438623465 0.122669340531772 0.0565056086728771 0.157181910439912
0.113268060300902 0.114963303040021 0.0829891677285503 0.149681254742424 0.167934821509156 0.0569764186321171 0.0963299484838799 0.033965377161372 0.0842778914997725 0.0996137569018058
0.170967556028462 0.131385085142602 0.055257299329247 0.0274621085970632 0.0926137504290837 0.10587446765177 0.149998572654873 0.0370031234393857 0.0809295581648073 0.148508478562706
0.197540781509161 0.0225568046240329 0.0666560238179668 0.204594860576633 0.0740388786460884 0.0344651684989669 0.0982462263064111 0.0859661256172511 0.210982322594236 0.00495280780925295
0.0334583191878531 0.150038771499492 0.121308328305966 0.0168700827136199 0.0728625622456751 0.104566062651438 0.0634607279664798 0.126063440435972 0.139126941146846 0.172244763846658
0.1379624586794 0.0745021525483793 0.122060820678129 0.135809542371384 0.0534588660485317 0.138515202709161 0.0753884768277463 0.112502048646494 0.0509058073964978 0.0988946240942771
0.0266803002174418 0.0740706027794499 0.125149555369827 0.0473994570898543 0.235356604159578 0.133050671494067 0.145942638300384 0.175406104023969 0.0227714290877696 0.0141726374776599
0.15645829962742 0.0108404141486395 0.188047853877045 0.103640609043739 0.167094876701181 0.0145657488438132 0.00830320104573468 0.15083781912265 0.09338835440406 0.106822823185716
0.0288805866403694 0.123836368512903 0.148566025036394 0.0194210306614478 0.0760466769156044 0.135405072861644 0.195295663425802 0.0687576991055459 0.0984769130002879 0.105313963840001
0.117948589126541 0.165902983864401 0.125738780746291 0.0920644061566815 0.0336146004621053 0.0141133524901806 0.0969556283714927 0.14534054204432 0.0107631695135056 0.197557947224481
0.10609435298583 0.294127608956383 0.139573897019698 0.0362768801900803 0.118177686026745 0.0355527193618524 0.0487550924540757 0.0626580122140138 0.0306750328072457 0.128108717984076
0.0986293537308964 0.103009823966408 0.0576939680659744 0.0310377008212068 0.108935209034592 0.0594383745082462 0.0812535379116769 0.188965473934586 0.193174323502278 0.0778622345241361
0.153371269681413 0.130936900627334 0.152791646628558 0.0271068142145539 0.0689588050558495 0.0777040757308479 0.128632304767564 0.121564316257206 0.117831618161981 0.0211022488746912
0.0907308028540411 0.147764332429433 0.165060208849553 0.0647761345739579 0.106631832789968 0.0180706207812045 0.185453377845964 0.0100633588703979 0.0593945198338595 0.152054811171622
0.121276469371528 0.0250712159835303 0.0960873891582423 0.0244549423689295 0.0782217162032376 0.0548096701703894 0.210582399085696 0.238455797320652 0.0292516101842811 0.121788790153515
0.11010420969802 0.134751055527001 0.0181898431828154 0.0471281880681317 0.125038602905255 0.105618945402798 0.0875461885792205 0.118176448834814 0.128621033131208 0.124825484670736
0.161809624625228 0.175469830644343 0.0696803898308553 0.0288977545266833 0.157544477350764 0.168527550808075 0.0103864507451678 0.0715981093735246 0.0147064555363733 0.141379356558986
0.0657233045982021 0.0646411003727806 0.149920045653142 0.13218438320289 0.0236504764074065 0.0983807338216134 0.196056236044272 0.00832093345381961 0.0162736515576165 0.244849134888257
0.00537154805050355 0.150991888410227 0.117523234649345 0.155708171892577 0.0219034958070728 0.135685011936563 0.11871537266798 0.0598838561892698 0.11774344892709 0.116473971469373
0.0352068314380286 0.0744822888928607 0.188249071668389 0.213848941477739 0.0212582475172339 0.116723324826495 0.00804136436306228 0.122275572309595 0.0353887261725647 0.184525631334032
0.150615571964673 0.0512015674403233 0.100318276073059 0.0299829738026796 0.0587873707531359 0.160917588048828 0.153375243112878 0.152656710783512 0.0395186596112441 0.102626038409666
0.127112058063564 0.00466262637963317 0.0536141235477989 0.0871085032348105 0.15461650607674 0.134319389064768 0.00705686302503573 0.119661173037002 0.145460864890262 0.166387892680386
0.146666123552442 0.0354771824285787 0.0271044331879892 0.162095086035682 0.113848275868165 0.0688929023183593 0.13059697397978 0.144731509559028 0.10475760352753 0.0658299095424461
0.159540785672239 0.156161936246433 0.0805290359917838 0.10151596068812 0.141543041570531 0.110083392607753 0.0281850639542925 0.0761121455083357 0.0293017813406152 0.117026856419896
0.115599333132343 0.155528746852869 0.0843633748796077 0.0518840962785551 0.157719853838441 0.0224616482545484 0.140738460586083 0.0848608900848786 0.0903439535814744 0.0964996425111999
0.0575999711265052 0.146029425146175 0.16705796293103 0.116425794354371 0.149182004115915 0.161801754650564 0.0419322408265021 0.0072615957483681 0.0506510507950319 0.102058200305538
0.0334640799365343 0.0728465666931565 0.0145448129677826 0.123888165496292 0.126364860174287 0.180108620251624 0.116701054768469 0.18973417385861 0.0475648398701808 0.0947828259830638
0.136961803057407 0.168205952538971 0.161752118147459 0.0544754253029931 0.0810843474383941 0.10478051773294 0.0104777944985902 0.0520705534963992 0.0994480513478418 0.130743436439004
0.0690436322190284 0.113902190702668 0.101851981938886 0.102172334538988 0.17055007433891 0.00165692891331166 0.139990532964774 0.0659624273428739 0.148253052222557 0.0866168448180036
0.13193988989552 0.17343717745261 0.13713124672166 0.0895286768381026 0.0480457913853263 0.0510934157705982 0.104608977521963 0.0971713101638514 0.0514502821268333 0.115593232123537
0.059989094893924 0.169119173381205 0.0690164504384879 0.119286732509742 0.107170383478013 0.17195411188 0.13632278932561 0.0483791912720654 0.0183081039522831 0.100453968868669
0.0812170456318435 0.144787015452461 0.104577315257779 0.070967906506156 0.115957336255815 0.0348277965864961 0.00837726134716142 0.188765062041427 0.189113432055405 0.0614098288654564
0.158997749706327 0.106119600576687 0.128088559453363 0.0752363225700424 0.0206607984456003 0.155699819676776 0.0952122761444189 0.0532196035804705 0.185724673817191 0.021040596029123
0.015206716984801 0.071786017619566 0.0512597179773164 0.0203418429524695 0.115669790937903 0.226653290798409 0.132077248528006 0.170942389794139 0.0951806046324851 0.100882379774904
0.115487178894237 0.115353226476039 0.019316536385029 0.113888791758995 0.0666645594727694 0.178957299041696 0.154647189418825 0.107369000406482 0.00317386479205491 0.125142353353872
0.0597803792450377 0.174666144384368 0.0646642551468684 0.130039341855396 0.0768144884938046 0.104757371588643 0.0594540246136528 0.0890058296755614 0.15273967688399 0.0880784881126775
0.142492663543968 0.0690352355756771 0.133900306572953 0.126649120467061 0.110314448553524 0.0833332436220219 0.125802626751241 0.0432656332281412 0.138483507628075 0.0267232140573381
0.0852483020090572 0.160175539589549 0.148832254787455 0.0431932036653448 0.130223689146582 0.0813400743552789 0.117416471161582 0.0667429180045412 0.110087182512549 0.0567403647680616
0.0972261421212853 0.0662329630614831 0.0991196897761437 0.117632105592288 0.12946746766603 0.00624317798493968 0.126878765077232 0.147796051949186 0.0861452249366415 0.12325841183477
0.020934890265162 0.108259521974358 0.024962880597499 0.214586552629738 0.0731626234509001 0.208226718825456 0.0170013075622405 0.0182060578315154 0.151870765425562 0.162788681437568
0.152831401440864 0.0372222988310721 0.19118077718339 0.14239114315292 0.145045329910298 0.0395155404861217 0.00152105185909962 0.0610013637191619 0.188402935740521 0.0408881576765512
0.0598221746385662 0.148736490840008 0.115413614325457 0.0467759321791269 0.0424249236796162 0.15252075575085 0.138217811768502 0.0825496637342222 0.0792668622720071 0.134271770811645
0.12589232530522 0.15372964910693 0.074997533657227 0.134326661334592 0.068780844274469 0.121449548980979 0.0496502522327484 0.143678164089047 0.0332506359313857 0.0942443850874018
0.0982651837213515 0.102361532775663 0.128151903233539 0.122229808194831 0.087530756077349 0.11199500676185 0.128571799227038 0.0451005594970724 0.0804267591195709 0.0953666913917351
0.0258505100321674 0.109248674109196 0.163446187591411 0.119607904640199 0.163830665621046 0.145635669678557 0.0528710849266413 0.175780482287755 0.00471495772360197 0.0390138633894253
0.0216184227863034 0.0228212202018265 0.11482741591245 0.199753969943881 0.00120395057834191 0.13585527340621 0.103477677323447 0.181568013569561 0.213611983236262 0.005262073041717
0.0627013570411596 0.0527006843845741 0.0170281490072262 0.0781530363186819 0.154107916160861 0.163857529587507 0.116643446797078 0.0497729620414278 0.172687517290923 0.132347401370562
0.0902459363608634 0.130871914046762 0.163539602365146 0.0272269752717288 0.133777581514278 0.0762258629726674 0.0587545715793729 0.102185251802513 0.0563657387799193 0.160806565306748
0.153015870649036 0.00301921455260792 0.132956135863974 0.155283792695005 0.014441832112761 0.176150327281178 0.045450494658975 0.0458953504849294 0.238316777360773 0.0354702043407605
0.138149721147987 0.0987426739115323 0.0197858264762232 0.123547216537833 0.00819911007714195 0.00493497430569468 0.196269420802651 0.111169074868032 0.20094322845162 0.0982587534212849
0.0116548133608431 0.279350494816365 0.0567945129947173 0.0571442370993607 0.0221483806828311 0.131202396609233 0.00475175386462415 0.143338067796494 0.263341421817057 0.0302739209584744
0.0392376340575505 0.0785534737186422 0.164596214268894 0.144571113538443 0.12504860718752 0.107753697294615 0.0474300727593203 0.00860101244366763 0.157424050447491 0.126784124283857
0.0416178508671842 0.0571966229570707 0.064897682053101 0.116550730312233 0.039538390841422 0.127509662832036 0.200020565548969 0.0646574603919543 0.199645217345219 0.0883658168508107
0.180862804612722 0.0639974295874116 0.0688259916250335 0.151414443027848 0.148016429365362 0.0397895346924223 0.14734540241791 0.0249258092721396 0.00204222050388674 0.172779934895264
0.0105752740908894 0.149804163467087 0.183688996617773 0.183746215492632 0.00177209641822107 0.194031866607824 0.0305083040190246 0.0419898161938317 0.0768270099434856 0.127056257149232
0.0346967547121024 0.106578532215648 0.120832820105901 0.0997887769324351 0.00227930752314483 0.177697835771338 0.152618792858018 0.0870703428594143 0.0895056686460974 0.128931168375901
0.197070259782893 0.13391362331274 0.0609149283422876 0.179849483122351 0.112496573037243 0.1721132681093 0.0231029354196345 0.0497080799275903 0.00157781498212741 0.0692530339638333
0.108796412999488 0.106090625639284 0.070306778763348 0.105277235662482 0.078679439471624 0.131706527993273 0.0747062283641956 0.174081718632387 0.0436915807353105 0.106663451738607
0.118442463396521 0.050903803980047 0.139653068688061 0.120026999395935 0.0881344878039547 0.129379648385786 0.071674140674185 0.125206384893416 0.140452797723302 0.0161262050587925
0.188747960621353 0.169740815673976 0.0349959323399064 0.126852679137558 0.125665675884418 0.0555133461951286 0.0572086461494076 0.09437817126828 0.00703289241816351 0.139863880311808
0.00132006233502738 0.173785517224595 0.0099609594623869 0.165783179458234 0.0637687409624058 0.0631492077224106 0.142758583897179 0.0965503636401307 0.105715170528601 0.177208214769029
0.0103399274326523 0.105912389606173 0.219226074623049 0.149675291176703 0.0597225948695977 0.0216384206964171 0.177235099642291 0.0744259925079028 0.114228701573217 0.0675955078719965
0.0944887024955843 0.0496163731570719 0.107030157734851 0.00477840200117477 0.131003023586276 0.162645712554405 0.0822016607920426 0.201247495352424 0.0176140787388668 0.149374393587304
0.055831430765989 0.0762570383330295 0.134811799165902 0.0483059858911981 0.0186487625360118 0.137277475457794 0.1349093220058 0.118889646425941 0.129792590526491 0.145275948891844
0.16356684840629 0.117751946813723 0.134032923059021 0.115771469919363 0.00952598088233968 0.0764700819746212 0.0747934520118516 0.0707253678330761 0.169246256523015 0.0681156725766994
0.153933169250271 0.074021017964167 0.0550369990202771 0.12173191690848 0.0935208191865533 0.063935922770359 0.139583178489444 0.0150350918052661 0.0629580012247951 0.220243883380387
0.13376182156148 0.131181120162813 0.12021316043732 0.0773121450013183 0.0701438765100593 0.0793184492836176 0.0206761194519351 0.15349184669372 0.0651492838828005 0.148752177014936
0.11777966945659 0.133325016474301 0.0822016425133976 0.0245181504594269 0.118490933193593 0.0883641841795934 0.099847697362508 0.149051074699687 0.0626481273138376 0.123773504347066
0.13237878555806 0.0761689630278705 0.00443694112447951 0.0449887739367733 0.136513573379459 0.14487354258309 0.136748655572376 0.0614921690844682 0.130056318611077 0.132342277122347
0.16376405935495 0.0418909407611703 0.0314856008875551 0.170649004891061 0.10756784129574 0.138417336137368 0.0674464427288834 0.0956221119416756 0.1557553464657 0.0274013155358972
0.148712497811825 0.0330606994985643 0.111383742531484 0.0900708403598743 0.121167413117767 0.0965470786573721 0.0535748721718473 0.092093470452888 0.164279733332659 0.0891096520657183
0.0159701177372974 0.115467662758443 0.0283158849933847 0.131728406338015 0.185411396019301 0.0782198508522946 0.0363533136309531 0.0958661855549605 0.179104905349651 0.1335622767657
0.0911469820879817 0.160533787482059 0.0775360093587143 0.172807736191012 0.0210189673445488 0.159026453113455 0.0519030899012989 0.0908468397597312 0.0374891931007946 0.137690941660404
0.0592470850246427 0.0676670617778632 0.192091897584701 0.0175238845676861 0.221403065094312 0.0311799582035618 0.0641070388899309 0.253883335998799 0.0899674267595853 0.00292924609891787
0.0838582821381763 0.144781117255372 0.075648100029622 0.182417852393593 0.052572939073061 0.0644866851685301 0.140423231394291 0.11492308866409 0.0884054166868646 0.0524832871964
0.0107219034658103 0.106543918061501 0.138494879535772 0.15791439896828 0.107406383044541 0.122876470649528 0.112410153415891 0.0718140089361181 0.0302589488495038 0.141558935073055
0.0974827276010192 0.0358918850210995 0.0755468424913982 0.12698326721071 0.0069964883777324 0.15223582776833 0.137863600411647 0.134988216973636 0.00677384764117358 0.225237296503255
0.108977670151418 0.0442856945268771 0.133311120895014 0.0394280893653146 0.101281975725762 0.143019139287085 0.137336946722169 0.0609366883526604 0.129334777251598 0.102087897722102
0.0271798904153475 0.127550862066539 0.159434846251557 0.10783614791859 0.0238100511755306 0.0694723078466703 0.158548839994216 0.124771600872519 0.0429055865698075 0.158489866889223
0.166776254234428 0.161376068448555 0.104185268115356 0.0118654588289905 0.153072590090526 0.118559847005564 0.0289196100521511 0.00571494800180412 0.128009440059747 0.121520515162879
0.0719128966658525 0.104267870353392 0.0757233972008908 0.125024802494179 0.060268616903753 0.130995185508223 0.178673694989066 0.0256350749549829 0.125282764735579 0.102215696194083
0.0267732481129184 0.0983662574122286 0.146391612745642 0.115386172659415 0.0507953882259614 0.150776067701924 0.039689100090904 0.124504569030692 0.040596835359625 0.206720748660689
0.190316965474127 0.00589499543718493 0.191102706436987 0.173683157766005 0.0157245037120467 0.00193844770815662 0.141675198329104 0.0500034290836787 0.0532102445584168 0.176450351494293
0.207234250239196 0.245474387578305 0.0562222471170597 0.163641536852596 0.0627712549427074 0.0296289333832811 0.00968030070171863 0.0194673628695609 0.195939851287659 0.00993987502791511
0.25513986937678 0.169841325538185 0.120875316939261 0.0593148942861243 0.0184695007567466 0.0675331755482898 0.0964325910173026 0.054960148629396 0.0222156995126317 0.135217478395283
0.0363606420228132 0.0472758700157914 0.0180505775810874 0.109383204923649 0.0546983544488765 0.119066397923829 0.175306064610397 0.151174905655481 0.113914844835383 0.174769137982692
0.0925513123140754 0.0750638559005257 0.170102125436319 0.0176246007325251 0.106183894048978 0.131594067187713 0.151949661282298 0.091741814815454 0.0199799730728821 0.143208695209231
0.10056623169788 0.078498819882086 0.0912708693843893 0.140411043817907 0.124880435486476 0.116160275963264 0.00941332172498169 0.107036085729086 0.141248125487627 0.0905147908263019
0.0506279526733709 0.0144732238744031 0.155297317753043 0.00999171193875925 0.1331502547131 0.107378086557427 0.166337265993609 0.0147251408412939 0.140229128352407 0.207789917302587
0.17465155660672 0.0874842670580951 0.129631005568618 0.109414647559453 0.0265006909476893 0.0889463803485246 0.144600591781428 0.0622354886241164 0.0361688911656215 0.140366480339734
0.0762004495708613 0.0935189843535152 0.0697170231949053 0.126140436009945 0.175145881286817 0.0821229835348019 0.0727053492726476 0.162884655084199 0.119137804158043 0.022426433534265
0.0314591724403632 0.14458437019848 0.144189474295678 0.0227770093532143 0.138609558894296 0.153407088268211 0.0812640296246803 0.133153100517699 0.0813299142238233 0.0692262821835559
0.0266464416715949 0.126438830377157 0.0223503485451736 0.0285895777414765 0.0544324366693684 0.133298597029336 0.253476318207713 0.0937737842842984 0.171281668391502 0.0897119970823798
0.0530228341650505 0.0689249923786494 0.143042335980899 0.123887297967309 0.014246334156771 0.156351359304361 0.0831894720645987 0.136239205465358 0.140562591547376 0.0805335769696284
0.095892302844466 0.130854665693189 0.0929258123795057 0.149234237431573 0.146140707509003 0.0794502067043465 0.0142494745957415 0.0565742158936572 0.0630820979212719 0.171596279027247
0.0613768712873997 0.0977942755334973 0.079549643412876 0.184299044144282 0.170803205143587 0.102953237725618 0.158021577926029 0.0917391767495844 0.032315412788014 0.0211475552891127
0.0618677786965575 0.184068763178819 0.0910776410326826 0.145083246479486 0.0890242858003805 0.0387362820890734 0.0504324525354248 0.077111944933735 0.118034913734846 0.144562691518994
0.149566069423482 0.139027845426354 0.144683954817253 0.0626589904341592 0.112540001451004 0.0364465672219081 0.0602930623159113 0.0625976718528067 0.0952497339851587 0.136936103071963
0.0166619882989875 0.0575457920032478 0.0703959792379887 0.128076906879188 0.225751856597197 0.150179202002718 0.0653446520687334 0.0530388649231129 0.0335061234350814 0.199498634553746
0.125233776566036 0.0882462880363539 0.00923188721086361 0.159858649986526 0.0874853193378358 0.187971320889999 0.165426879748014 0.0644660777609303 0.0691114010000659 0.0429683994633763
0.00720568853550958 0.146606327658226 0.0151720945638826 0.0284719543340917 0.166191912587742 0.151134036216721 0.100911131946424 0.10421781678432 0.117542895763328 0.162546141609755
0.0703288953261128 0.0706640770908933 0.000863815114620168 0.0608573951919807 0.0990684017808664 0.146379907920937 0.103978176767042 0.112221167499424 0.189626455449919 0.146011707858204
0.15563548255806 0.220122931292311 0.0690986710439868 0.0133075645536833 0.10913309138745 0.220208230325373 0.0288483909060929 0.140768514485788 0.00244242846013503 0.0404346949871207
0.11018526202581 0.134123080185891 0.0466983572879368 0.101644218921526 0.0876209182712294 0.132554664212412 0.0694906685610631 0.130044001753117 0.116501124981099 0.0711377037999158
0.0177628976649076 0.0198066855989866 0.209516304751871 0.110220934787878 0.182620521971406 0.150645148937902 0.0530397768322948 0.0144282181811264 0.215289884809407 0.0266696264642207
0.105628562114213 0.0534841010234613 0.0209107044888885 0.119218759583242 0.127193520245486 0.14044665226832 0.149064183004114 0.118139553698789 0.12977813303249 0.0361358305409959
0.106495693465245 0.188971691578002 0.0741093179900002 0.0991183933836586 0.0582836715513788 0.00468639123594265 0.182604733155892 0.0778972539072731 0.101527207664821 0.106305646067787
0.0802123885833265 0.0901218875175927 0.140397971326725 0.0984760307992505 0.0615019740475335 0.142557542061643 0.123767097746178 0.126364125527763 0.0771211500269129 0.0594798323630741
0.135845770551573 0.102161170114267 0.142424428983123 0.0599978469243722 0.00544983329240248 0.0688967503574569 0.135492524818347 0.140890627162881 0.105545602600245 0.103295445195332
0.107772132326429 0.152136813927793 0.0646283531125757 0.0626785093503893 0.0143577507907162 0.119592889508358 0.145692753377824 0.136379199563808 0.169099815406335 0.0276617826357721
0.118674934260362 0.0652390446705587 0.0134784351880371 0.125282414041236 0.0830286877500017 0.219197150181446 0.0815507353723825 0.10970774712449 0.156539043315275 0.0273018080962097
0.0373828361543303 0.0450539186026264 0.160823802282585 0.159276805241677 0.0224200337361944 0.110750234562053 0.0756175581980569 0.129152914267973 0.1437639957142 0.115757901240304
0.143099197082727 0.170277420711802 0.0144668533217233 0.203312318792944 0.00435541920853552 0.0284465245529586 0.0510338996088943 0.159553451274777 0.12958867182608 0.0958662436195577
0.166740623182942 0.136301496664695 0.0030608132987306 0.154195317080076 0.0804380310177326 0.0368859687249957 0.0526591666008339 0.0193634677455105 0.17919459402172 0.171160521662765
0.13885207723804 0.183431726007714 0.0798432897121646 0.0752253393769585 0.164677866589624 0.1851028706918 0.0228394436131145 0.0687540203331662 0.0582294015571784 0.0230439648802402
0.0588875998558821 0.184145484835743 0.0105701708096987 0.147040818016368 0.185256948558008 0.185440014788416 0.0658760756289692 0.00248481044765602 0.154338743855656 0.0059593332036035
0.02033882383069 0.135012612928243 0.0322432483644586 0.0360217169245392 0.177362317666512 0.0812325633387281 0.114547130675294 0.0613829104749915 0.178209723456861 0.163648952339683
0.120360791360002 0.102765106769803 0.049237349917373 0.0665320425587592 0.0941906367451038 0.163591287281795 0.0641788019809163 0.112316917805162 0.0827281417463958 0.144098923834691
0.0444778319196435 0.0922100450585645 0.237631330220435 0.0258536738149271 0.0735434727538957 0.243613674345073 0.00784682355667896 0.10914139162219 0.00272043718184762 0.162961319526745
0.0530497717674723 0.120752921887739 0.0378085066727864 0.173220846084331 0.00566902713484241 0.135120739224528 0.172425284929512 0.121808196756912 0.0823947056747163 0.0977499998671617
0.0567438656395081 0.0451454323224989 0.22705655594859 0.00599384320664556 0.147875758818516 0.104171873441541 0.0907672741099404 0.0257108061281148 0.0812369691301418 0.215297621254503
0.110780631858759 0.0407183230959355 0.141006536395875 0.0746369508226013 0.121098479813068 0.137176213038552 0.174844811497839 0.00512224182753826 0.033909356040192 0.16070645560964
0.0467965610036388 0.0620280069172731 0.04311043490813 0.205009462405501 0.0170036808885528 0.204139905148948 0.0902018087662605 0.212372705147898 0.11847816077585 0.000859274037948123
