0.331080325822441 0.403879417303042 0.253660717831044 0.0113795390434733
0.383028955942021 0.321734486348824 0.128044884773971 0.167191672935185
0.372401187598106 0.555358016159433 0.0332741931146536 0.0389666031278075
0.503655108549152 0.0387799312302129 0.143196279862435 0.3143686803582
0.276129023249654 0.291363896098373 0.228943202882651 0.203563877769322
0.235460508685086 0.213748755402992 0.235740534218814 0.315050201693108
0.276964503641344 0.363503277150911 0.180279729920972 0.179252489286773
0.0549000509291209 0.171050875596475 0.34814404348069 0.425905029993714
0.0960083692591074 0.121648822057657 0.393746544224467 0.388596264458769
0.194735998060068 0.0607905331407337 0.253990703945386 0.490482764853812
0.0959411190458523 0.12747843174589 0.0621467907978035 0.714433658410454
0.0539593866279441 0.432945375368076 0.412897211504514 0.100198026499466
0.270589055836667 0.340748742956429 0.141849245836533 0.246812955370371
0.0287145566461065 0.289281123591322 0.356317275147951 0.325687044614621
0.357321508278095 0.169149151679236 0.359063590147928 0.114465749894742
0.222680628586432 0.312702233935642 0.0828397661909912 0.381777371286935
0.274841112448749 0.211139158454235 0.0298897793319846 0.484129949765032
0.0180929255588218 0.613814678248448 0.0380005292925249 0.330091866900205
0.172317643388646 0.166270755711778 0.257987107435988 0.403424493463587
0.175706146376371 0.261450461413331 0.245697320531234 0.317146071679064
0.13531351090099 0.253614991379435 0.165951197211047 0.445120300508527
0.295224958231493 0.0523074476202697 0.342723629012915 0.309743965135321
0.04461109239078 0.340172500997524 0.300317120870829 0.314899285740867
0.148550968066349 0.271663375390085 0.142404730273532 0.437380926270033
0.192236966125793 0.312729366815515 0.425869444982892 0.0691642220758003
0.264423901197922 0.117988954914912 0.231104818294994 0.386482325592171
0.267785307953497 0.315926248180694 0.393296684399585 0.0229917594662235
0.39306395001181 0.0635428341193314 0.113489817340666 0.429903398528193
0.279156659331942 0.42676624086651 0.115714638248923 0.178362461552625
0.210188518458621 0.242909494404302 0.284055950609779 0.262846036527298
0.114935955035146 0.609520804668249 0.109746826480983 0.165796413815621
0.105832739927901 0.0597393995355479 0.483371038057897 0.351056822478655
0.187065896227206 0.457457061119925 0.0824074530607884 0.273069589592081
0.692789348073487 0.21841524427027 0.000661560587605343 0.0881338470686376
0.310538702393372 0.381372171661599 0.268111048288135 0.0399780776568949
0.189190884485819 0.153271930179894 0.434586979305114 0.222950206029172
0.196539021142144 0.350856361884676 0.0918802155006996 0.36072440147248
0.264370920212997 0.138445504438423 0.274187798943545 0.322995776405035
0.273838720317248 0.109693857133878 0.414234142170005 0.202233280378869
0.353947976060774 0.207233582610527 0.129208695881265 0.309609745447434
0.27166708490167 0.269579903026363 0.116361584050195 0.342391428021772
0.124671098443664 0.210683474205446 0.299998866954195 0.364646560396695
0.22719088904519 0.100050030644493 0.377723003768653 0.295036076541665
0.229478319409667 0.0140282323428144 0.405625923650711 0.350867524596808
0.327118883588533 0.101446054730954 0.192162967184108 0.379272094496405
0.343315170603055 0.355598288246269 0.0602609013088994 0.240825639841777
0.318046214782693 0.239930667863247 0.131057776070933 0.310965341283126
0.28258298138515 0.290104304028528 0.273378563834968 0.153934150751354
0.0125567990144038 0.631554643991288 0.122865280720177 0.233023276274131
0.460474666941283 0.341732958513368 0.109415073701053 0.0883773008442954
0.299076778850342 0.125874692296097 0.254853007488182 0.320195521365379
0.392416885077302 0.108509613547423 0.333418207991345 0.165655293383929
0.228665900991578 0.322535759426823 0.193695546414101 0.255102793167499
0.428197279335004 0.199909418852116 0.183915793029323 0.187977508783557
0.029043720187024 0.169284124805551 0.390535034575707 0.411137120431719
0.272823594246432 0.287932431563965 0.279923787211305 0.159320186978297
0.0940562816307037 0.33589874011936 0.170841333047001 0.399203645202935
0.155364396359217 0.293241345126561 0.254336824191076 0.297057434323145
0.376507770991087 0.371396834862627 0.160499646327297 0.0915957478189886
0.370809276651577 0.401457775708889 0.117744229664936 0.109988717974597
0.263956793267045 0.187306384637332 0.313320670483218 0.235416151612404
0.301348983078722 0.308050730606311 0.231119185850906 0.159481100464062
0.449644468637164 0.316492360361349 0.220231139545742 0.0136320314557457
0.272166357538396 0.187430423717744 0.0996991109884408 0.440704107755419
0.472102995410806 0.351734809143386 0.0631652707695117 0.112996924676296
0.183738389111524 0.261141223550634 0.0695743438205487 0.485546043517294
0.449196259791566 0.000432797481919369 0.169482535200487 0.380888407526027
0.391333852239331 0.255956319739233 0.151452717254038 0.201257110767398
0.255469845252622 0.0865484138471052 0.326046959246332 0.331934781653941
0.344907097454526 0.262553344788354 0.346383959767704 0.0461555979894153
0.163670694466786 0.260762231091093 0.313383570372475 0.262183504069646
0.318762386582032 0.252489596575988 0.244733186839008 0.184014830002972
0.0519297948336994 0.0828726882380132 0.44233402119148 0.422863495736808
0.375297206284765 0.120008244748806 0.229265728098503 0.275428820867927
0.172489003232503 0.276608836159246 0.532665563533479 0.0182365970747722
0.183597263921453 0.319210563274764 0.272453485720872 0.224738687082911
0.146568006948768 0.447690480040037 0.281851251591534 0.123890261419661
0.310970844189972 0.333578833751763 0.0836140038089675 0.271836318249297
0.497684985242354 0.238011344029971 0.189413444873669 0.0748902258540063
0.0388111582214797 0.350999272481435 0.536822115841442 0.0733674534556436
0.276770321756365 0.634000065094011 0.0866484839784262 0.00258112917119775
0.114624464354598 0.339722446697753 0.229777691808057 0.315875397139592
0.435971461236632 0.339559036424518 0.176466504985269 0.0480029973535819
0.284431503530413 0.208038365959232 0.052063449965141 0.455466680545214
0.321812005459676 0.331842829702696 0.302048583597329 0.0442965812402997
0.0985972591320052 0.337446647408906 0.470220494982399 0.0937355984766896
0.452330649106156 0.26743793153414 0.26684195248546 0.0133894668742432
0.246774281915312 0.332581382591667 0.337969574481169 0.0826747610118526
0.135617627429457 0.321049719200784 0.213862308456508 0.329470344913251
0.0788465060073124 0.342450525022734 0.375871768463849 0.202831200506104
0.150679699971198 0.300744332809435 0.193520191105408 0.355055776113959
0.185790357024222 0.473640525205042 0.32739146895405 0.0131776488166874
0.28236410337625 0.216185854772377 0.420748660820466 0.0807013810309068
0.129965332188951 0.0686456951367855 0.568532324889766 0.232856647784498
0.301760845172689 0.29108311397632 0.161066903358334 0.246089137492657
0.120427241798382 0.315870015376608 0.295705237701217 0.267997505123794
0.030726915589991 0.200993268614173 0.343363592162761 0.424916223633075
0.210398890635919 0.30820073804817 0.159357472296942 0.322042899018969
0.276512920224106 0.124357907828339 0.380534894998481 0.218594276949074
0.202749155609302 0.237897972781416 0.265503348717025 0.293849522892258
0.2973142510773 0.31149170046161 0.0152718493154714 0.375922199145618
0.358736497671483 0.366217595051857 0.237988357951887 0.0370575493247725
0.146323457449548 0.46481110493228 0.339042455819198 0.0498229817989741
0.351702309653437 0.325351303406105 0.117810937316632 0.205135449623826
0.38866262949003 0.148809076674122 0.354914780199705 0.107613513636143
0.0469856126459404 0.401438605485853 0.256251601076852 0.295324180791354
0.416861499435167 0.0944282166785817 0.25608914599843 0.232621137887821
0.0402144279852262 0.325538112565419 0.593479694898192 0.040767764551163
0.322295621091113 0.241228653999924 0.207794523020172 0.228681201888791
0.535898146684834 0.00823811533374722 0.0690235679408167 0.386840170040602
0.221646875850777 0.279368152856203 0.258322635193269 0.240662336099751
0.347321760104631 0.223792465895831 0.35845644259462 0.0704293314049184
0.345267662706334 0.112890867797972 0.422341489496229 0.119499979999466
0.24458789915269 0.040446438612136 0.409333882318488 0.305631779916686
0.444642091877202 0.0216426853849557 0.226599297370188 0.307115925367654
0.0276403018846484 0.224670603449176 0.460968416936683 0.286720677729492
0.254447728371143 0.194886521325751 0.520169992112954 0.0304957581901525
0.0498162942323942 0.372297759002069 0.324455306797051 0.253430639968486
0.418625689010439 0.0971499405722216 0.399294372139881 0.0849299982774588
0.44659680006377 0.00731565556537094 0.183049056696653 0.363038487674206
0.410907113977689 0.0335713217474679 0.403814926497307 0.151706637777537
0.342999355634892 0.200565889684691 0.196358028830809 0.260076725849608
0.153572673120198 0.316764934460685 0.288471684602898 0.241190707816219
0.415344828805278 0.0178200064242744 0.277713984832755 0.289121179937693
0.290152438960659 0.340521358279413 0.259840503455717 0.109485699304212
0.328081028870406 0.325930935903433 0.000302354341962547 0.345685680884198
0.265837681520452 0.228574875138752 0.193440514366288 0.312146928974508
0.222560582049966 0.356722565184387 0.362841534125162 0.0578753186404852
0.307046266774293 0.159372163780632 0.518728381081762 0.0148531883633125
0.155772015369876 0.559391416902189 0.207218122228754 0.0776184454991807
0.241516248829014 0.231372369849995 0.298366670585438 0.228744710735553
0.0120765691708969 0.214423135326525 0.472713628191819 0.30078666731076
0.0758794839883502 0.45288574030063 0.0626737408887756 0.408561034822244
0.132759969531238 0.4034505038748 0.19335935313272 0.270430173461242
0.263714696530325 0.0171645181098933 0.359917367884059 0.359203417475722
0.387569574534895 0.14161906811763 0.187459955934553 0.283351401412923
0.144702355204763 0.434129106325926 0.149131506520938 0.272037031948373
0.111337620123773 0.226884098986517 0.389633870157523 0.272144410732187
0.345356545987574 0.0977788486416823 0.170300507736133 0.386564097634611
0.133440769920191 0.301959652927494 0.248538373700084 0.316061203452231
0.50116537070147 0.16403147110861 0.0596380398289504 0.27516511836097
0.344493774604835 0.0999718187482238 0.240819397796817 0.314715008850124
0.321932711506653 0.234052784982021 0.176733762034784 0.267280741476542
0.391599815745102 0.149314005172109 0.446904646924843 0.0121815321579462
0.281166091549248 0.464975760811589 0.176944153995584 0.0769139936435793
0.630176741167437 0.063241701750575 0.10444502039383 0.202136536688158
0.296563327547431 0.305570046278867 0.370648972213835 0.0272176539598671
0.163692950301449 0.130375629537364 0.556232329356429 0.149699090804758
0.320738066354261 0.229537313150814 0.214167240453118 0.235557380041807
0.415812853521982 0.299844281398242 0.193185293083458 0.0911575719963174
0.295364101336242 0.122697100094496 0.420135818435099 0.161802980134163
0.406349872625413 0.298249996059335 0.224569095104545 0.0708310362107076
0.324264632923431 0.209122499770235 0.3963855567408 0.070227310565535
0.318614509566315 0.260426818034496 0.0916345996238224 0.329324072775367
0.146188059736353 0.107368438822171 0.317424232759742 0.429019268681734
0.201652491710351 0.309527061963828 0.31582942851095 0.172991017814872
0.0524355140185025 0.326345124792743 0.479720586286785 0.14149877490197
0.450870404217088 0.0921889020289333 0.166564544851287 0.290376148902692
0.271372758353636 0.30490538419152 0.202820005534689 0.220901851920156
0.367996447495155 0.385751774386123 0.00675295924396979 0.239498818874752
0.472200046228173 0.016263762885741 0.189156949473608 0.322379241412478
0.23317773769017 0.23649451712265 0.234457132197899 0.295870612989281
0.329508520790092 0.308532867842123 0.277024155924023 0.0849344554437625
0.37399924256382 0.427744763531255 0.115443524745652 0.0828124691592725
0.17700211150795 0.41576349182453 0.162442714574855 0.244791682092664
0.199632244865316 0.23222419147025 0.475706882692108 0.092436680972326
0.221440270896413 0.27317283336514 0.217665173049603 0.287721722688844
0.0372216235344461 0.285046215395334 0.365637194046953 0.312094967023267
0.0150339293984192 0.224806475925184 0.32049688887018 0.439662705806217
0.301833908936511 0.0428635126987355 0.37450445222221 0.280798126142543
0.256164634919584 0.237567092060682 0.324477427154758 0.181790845864976
0.199086485832066 0.0844861643058817 0.636849643599278 0.0795777062627749
0.431951761253463 0.223951169931285 0.166722841003223 0.177374227812029
0.204341710757861 0.386479400916246 0.0482178353008699 0.360961053025022
0.359676329328782 0.262001287370537 0.196676391678533 0.181645991622148
0.267770414827734 0.349103217349142 0.284271717517247 0.0988546503058776
0.168858539042548 0.327417560115918 0.378386560343619 0.125337340497915
0.146262825628306 0.322287491069347 0.167011210472327 0.364438472830021
0.31129390689748 0.393724870642611 0.0449983521254451 0.249982870334463
0.0761353702101587 0.152947665913271 0.486248350650085 0.284668613226485
0.117420113269658 0.538633849945902 0.307226143198494 0.0367198935859467
0.142733937996133 0.119700202061474 0.455320576967646 0.282245282974747
0.0329439732176757 0.6113679197066 0.296357807838355 0.0593302992373693
0.317688106051386 0.407315082695342 0.133417320247027 0.141579491006245
0.297470692561534 0.29046802524676 0.10860453610285 0.303456746088856
0.00211370820478289 0.144411488302186 0.820017892240881 0.03345691125215
0.381537101236294 0.142604230099649 0.270084361338322 0.205774307325734
0.379130486208735 0.12197343090485 0.347198946967516 0.151697135918898
0.0927105238263982 0.0216784249404053 0.516498132458115 0.369112918775081
0.365856168496408 0.281232985575439 0.270937138166936 0.0819737077612177
0.191724617878355 0.204297510699955 0.170302316627245 0.433675554794445
0.160038068347174 0.327728412588749 0.172142764916137 0.340090754147939
0.0954168730212329 0.135107688870353 0.342639885646251 0.426835552462163
0.0331184769378463 0.434947406527111 0.201576514319143 0.330357602215899
0.535773742276312 0.0996654963219652 0.0583356670563691 0.306225094345353
0.778411473278608 0.005948972512018 0.101437358780332 0.114202195429043
0.308362301242778 0.183530130606793 0.399138721141637 0.108968847008791
0.245268400266091 0.157309445796428 0.171596184809126 0.425825969128356
0.490256966312606 0.00508264350558161 0.334091168844448 0.170569221337365
0.139788558720982 0.444365137301501 0.0358115070240624 0.380034796953454
0.483736751816649 0.128231479321509 0.195281684758123 0.192750084103718
0.178199294594674 0.00437805699296484 0.394474221727788 0.422948426684574
0.113449329150668 0.366597655180357 0.0571076439655709 0.462845371703404
0.246404089093564 0.288369767924298 0.100177109376559 0.365049033605579
0.34518247314091 0.332952737897907 0.0432907567447269 0.278574032216456
0.28288187220209 0.246834289713664 0.255625292482008 0.214658545602238
0.24329370539101 0.327411570071029 0.418393419392879 0.010901305145082
0.297876813576552 0.200843429484884 0.263298246408962 0.237981510529602
0.308133920850184 0.292197252351989 0.132818464039981 0.266850362757846
0.334414178425397 0.212480476624341 0.129831266469649 0.323274078480613
0.141431375646096 0.283501004616357 0.291996790546089 0.283070829191459
0.335187392961294 0.207954587709797 0.166048648976814 0.290809370352094
0.307124361350581 0.306280965151449 0.267006604651784 0.119588068846185
0.251375928215727 0.208223928415435 0.325253152732743 0.215146990636095
0.288427958123801 0.0992032933097145 0.364775620118529 0.247593128447955
0.375256238101782 0.329415683153007 0.0163555477058717 0.27897253103934
0.32658568877413 0.0912668220408951 0.147639362389315 0.43450812679566
0.131106425616597 0.173515106807971 0.177362363407999 0.518016104167433
0.0791235901699434 0.292415588117128 0.458083839459547 0.170376982253382
0.038645887259976 0.391693518574208 0.376790654342873 0.192869939822943
0.270576886908407 0.291540858308234 0.117404878111657 0.320477376671703
0.283377890495093 0.0483283465145156 0.454702785251721 0.21359097773867
0.118493088021201 0.39313958270053 0.122620994976984 0.365746334301285
0.183020415860851 0.253260328559128 0.135215899825728 0.428503355754293
0.400769451282392 0.00296104543794996 0.352270694429465 0.243998808850193
0.24689146026118 0.24723270372353 0.225857448656161 0.280018387359129
0.164736717735443 0.307027703509284 0.0479149811922144 0.480320597563059
0.227258568701108 0.260479777696608 0.384230657636241 0.128030995966043
0.565593611967527 0.105408618434045 0.191177412210504 0.137820357387925
0.0756839240606404 0.328056433642108 0.231750037198313 0.364509605098938
0.316846356792982 0.0144526991705948 0.273320774970419 0.395380169066005
0.0250661387189474 0.43513655401769 0.310908569014445 0.228888738248917
0.179231433649728 0.531593545738856 0.161635996988435 0.127539023622982
0.403978898269964 0.361758761426467 0.131882540068753 0.102379800234815
0.108203728414996 0.231978865259407 0.41507949826916 0.244737908056437
0.276341191888181 0.390711028928067 0.0693219249873754 0.263625854196377
0.392818601064783 0.201510903451695 0.311938639817366 0.0937318556661561
0.24141710496543 0.24958039666518 0.224884184202455 0.284118314166935
0.17258183427274 0.303352557562841 0.298851617832083 0.225213990332335
0.0584548565730315 0.306454592585653 0.224389591438268 0.410700959403048
0.339981374995488 0.322855416756567 0.230179373334319 0.106983834913626
0.333449834870791 0.130944947153785 0.470700018725537 0.0649051992498872
0.451200495616342 0.219948212192621 0.263546132677717 0.0653051595133204
0.183043088196328 0.282333834487676 0.326127730186943 0.208495347129054
0.55319531053348 0.185342435182824 0.0546799006015723 0.206782353682124
0.0103370433725408 0.342003494740654 0.399369235243831 0.248290226642975
0.325584978555927 0.107030537656091 0.267583177261127 0.299801306526855
0.568859633371576 0.0838529711799596 0.222535473005261 0.124751922443203
0.242655061881262 0.196529811049562 0.249173892236126 0.31164123483305
0.0663756189384065 0.341519524843366 0.307241451414469 0.284863404803758
0.387793479612718 0.306147539711496 0.0934707272130981 0.212588253462688
0.478093869953941 0.232870499599224 0.222063979031223 0.0669716514156126
0.277407361380546 0.296077290378737 0.110189893709881 0.316325454530836
0.146067757909253 0.146630541562624 0.413880566510808 0.293421134017314
0.353654417548578 0.00532674962285936 0.278110598511782 0.36290823431678
0.452096831476113 0.0297754163013979 0.342588049743333 0.175539702479155
0.376848678993007 0.250879598166973 0.337210685840509 0.0350610369995111
0.298615734472104 0.215224195456006 0.173870854703921 0.312289215367969
0.678478164272746 0.0526852269800093 0.227067591331151 0.0417690174160937
0.505824168325609 0.0673096061871544 0.00132255388361196 0.425543671603625
0.124179826401702 0.0362849617913907 0.0580619151222272 0.78147329668468
0.0268181423127895 0.472126609179406 0.32628961857097 0.174765629936834
0.101970276855292 0.423418766614727 0.194626429684642 0.279984526845338
0.219369215614759 0.401391691864733 0.00506264906399784 0.374176443456511
0.318292991014815 0.210017629067672 0.0288976233606326 0.442791756556881
0.255455625123812 0.170389610361608 0.271264869907315 0.302889894607264
0.236016124003601 0.319722329987344 0.163734028435911 0.280527517573144
0.356708993542865 0.154471464332222 0.354619945176323 0.13419959694859
0.488163022839859 0.0638866982346069 0.191513527100247 0.256436751825287
0.0722481887884203 0.333720766904556 0.284677955541594 0.30935308876543
0.24278931680716 0.397070711198889 0.208492584524224 0.151647387469727
0.387444907125689 0.0597852252814347 0.00810491363214234 0.544664953960733
0.435136233232844 0.285229848241751 0.179124087936799 0.100509830588606
0.00949312641399886 0.511646058276932 0.22121274757162 0.257648067737449
0.344526189976123 0.193764393535416 0.25119629192817 0.210513124560291
0.449777949595474 0.130187300711395 0.290033479393465 0.130001270299667
0.557722139499113 0.0515333517881538 0.0329284901451644 0.357816018567569
0.458260005021333 0.260431572826348 0.0748998004899747 0.206408621662344
0.364486886611744 0.183534691297205 0.0273416397103555 0.424636782380696
0.41347244149688 0.105222708821964 0.277510135013809 0.203794714667347
0.16668586880663 0.36059132022797 0.256992321856877 0.215730489108523
0.279793582687669 0.414846461222448 0.264494172128274 0.0408657839616095
0.369753082853773 0.156455555143784 0.127370553562921 0.346420808439523
0.318459371869233 0.28663304942661 0.067946170460591 0.326961408243566
0.0778748669367753 0.290051857108793 0.330720917354927 0.301352358599504
0.370665694072725 0.0456448124463257 0.265024284696055 0.318665208784894
0.0748534636177529 0.228479556380067 0.381819946807719 0.31484703319446
0.260199830783775 0.324257660877176 0.0412543151278411 0.374288193211208
0.0175575111731963 0.442226853143905 0.365533478213813 0.174682157469086
0.333052205002964 0.156601325579164 0.403406376707035 0.106940092710837
0.00612294876003757 0.349975352311695 0.214680302380436 0.429221396547831
0.579591314405157 0.140676974532065 0.117782426243427 0.161949284819351
0.142401292654948 0.400919916755518 0.00324650357658527 0.453432287012949
0.0711683051523619 0.118380068942279 0.764173956633747 0.0462776692716121
0.154389431371573 0.292310002612399 0.311067797363441 0.242232768652586
0.0022832945002021 0.207874013556266 0.485280954004848 0.304561737938683
0.0726668946751243 0.215244988312923 0.391847614184557 0.320240502827395
0.132239706926475 0.245928284833003 0.336167481816669 0.285664526423854
0.0969070830811888 0.113389024340468 0.396545726604202 0.393158165974141
0.192673049015603 0.20738677619147 0.228798473277878 0.371141701515048
0.213008788454703 0.115910966098636 0.405135776678276 0.265944468768386
0.221018469039742 0.0876497544958055 0.318895436802832 0.37243633966162
0.24656388154943 0.250322111127679 0.228479591101966 0.274634416220925
0.552423390591796 0.0184051368377867 0.176766649959011 0.252404822611406
0.0851170988898808 0.211061914208419 0.571853920844463 0.131967066057238
0.275892290369632 0.196569933034031 0.464882431052208 0.0626553455441287
0.229827252496765 0.074102482936669 0.327673730859896 0.36839653370667
0.111192452282729 0.299407314685922 0.254098539471323 0.335301693560026
0.336007928076107 0.162796880572862 0.320364085859139 0.180831105491892
0.000223709189541801 0.592792279482975 0.352245137456769 0.0547388738707138
0.0820693938510534 0.380007143854548 0.361867828452268 0.176055633842131
0.353046545446782 0.249079022209382 0.117877701470305 0.27999673087353
0.095174319463193 0.296362390360453 0.350139874598596 0.258323415577757
0.251548468713275 0.20461442604789 0.266094466287827 0.277742638951009
0.150727379996541 0.272159588764855 0.35354672984863 0.223566301389974
0.347067069067486 0.37816460083614 0.223214410103378 0.051553919992996
0.553672990434083 0.0711068135818402 0.0162526857676844 0.358967510216392
0.119729474263345 0.0498264899136154 0.369402748062586 0.461041287760453
0.313223433614797 0.315306589212026 0.00135957189674513 0.370110405276432
0.250457117993667 0.322840520602971 0.189711550245279 0.236990811158083
0.159993366685413 0.389080494458552 0.445907785561883 0.00501835329415198
0.111597078170871 0.25824921658216 0.304264816815042 0.325888888431927
0.266439606174002 0.347561507994224 0.144484119702242 0.241514766129533
0.030144852264753 0.428607247852631 0.421026464022434 0.120221435860183
0.332627414929227 0.367214779461999 0.199144544205534 0.10101326140324
0.121586795608073 0.35223988238038 0.188819669376578 0.337353652634969
0.217649148384242 0.0887578483159716 0.316268437794613 0.377324565505173
0.29676623780892 0.419192653729418 0.125398094896096 0.158643013565566
0.350169545979325 0.0647224739031131 0.447246839869954 0.137861140247608
0.389328092255888 0.237465393171997 0.286365379315981 0.0868411352561337
0.322640201184061 0.426773900250781 0.0246953798838045 0.225890518681353
0.257803544276267 0.240037333700934 0.0507957000409257 0.451363421981874
0.0865059437350633 0.330588359652266 0.459984038377207 0.122921658235464
0.102384248178206 0.428667928915393 0.200299521901288 0.268648301005114
0.45285345954823 0.0274519660326252 0.0291040888741558 0.490590485544989
0.425190054913102 0.131940936892767 0.0426674291771897 0.400201579016941
0.0256511104664189 0.00455361205065306 0.431009333404576 0.538785944078352
0.302572689482213 0.312582945725119 0.30487975489887 0.0799646098937986
0.0445438929165825 0.213389576323224 0.385416031464403 0.35665049929579
0.246082689314669 0.252592505384816 0.12595499482135 0.375369810479165
0.163060485870979 0.35427357580278 0.212430461638333 0.270235476687908
0.141339807878936 0.235002324475533 0.297215785597377 0.326442082048154
0.0251616404626717 0.380885200473668 0.22590020294441 0.36805295611925
0.27597780428636 0.266150469775677 0.169538453228347 0.288333272709616
0.213524989901323 0.424430807691193 0.251048695317833 0.11099550708965
0.374027542776604 0.350471678232717 0.274389557470907 0.00111122151977253
0.336007409566698 0.24244894850884 0.319130739886795 0.102412902037667
0.275677587716895 0.139629718115982 0.282979251636845 0.301713442530278
0.117476822031484 0.412168152132818 0.426850417494802 0.043504608340896
0.337128009313477 0.161922908533604 0.289330043597205 0.211619038555714
0.22139770069998 0.367635145551619 0.231718221851012 0.179248931897388
0.472443847767734 0.194587412940013 0.287297682819519 0.0456710564727339
0.173520673288935 0.409531682008202 0.270672713635967 0.146274931066896
0.217069695557126 0.323669169168731 0.209680415670002 0.249580719604141
0.0502595838975745 0.525157955229997 0.138978621585555 0.285603839286873
0.300653782709537 0.255153755731496 0.366740326065452 0.0774521354935154
0.0566745308537155 0.296658835980713 0.257513921806109 0.389152711359462
0.344007889030379 0.233263032169086 0.288220884382067 0.134508194418468
0.377879457866154 0.29513144725086 0.186672523227987 0.140316571654999
0.318703859062928 0.341330614240296 0.278287077171119 0.0616784495256578
0.431586204353199 0.38748694620204 0.167578430517822 0.0133484189269383
0.223417179585548 0.245395223020281 0.330751608883224 0.200435988510947
0.474360318202165 0.261018545615101 0.18142835059995 0.0831927855827846
0.180670994788682 0.0582071106068042 0.601623920429554 0.15949797417496
0.320855927406242 0.0672233740942323 0.325934257654392 0.285986440845133
0.648942647850586 0.0059378510304561 0.341022947358606 0.00409655376035225
0.2276086981247 0.262357711689552 0.1558681772921 0.354165412893648
0.402312520101116 0.217787583234588 0.0970153984857805 0.282884498178516
0.15148917029913 0.283104251748253 0.183977438766572 0.381429139186045
0.270690179523257 0.323428036590687 0.238072048423568 0.167809735462488
0.483467360678854 0.137668783438476 0.373468285288964 0.00539557059370659
0.28096140962827 0.139334161284022 0.32777840983089 0.251926019256818
0.259588110710482 0.101236056563429 0.259352766666224 0.379823066059865
0.514497094903508 0.162299545000103 0.0258226364136012 0.297380723682788
0.0360213298728363 0.0168936713313937 0.219234352841744 0.727850645954026
0.455318438051582 0.339971447868445 0.101611298712239 0.103098815367734
0.384050901885703 0.362297297896516 0.0631251502948251 0.190526649922955
0.242545980801277 0.537259407409188 0.0836573596267972 0.136537252162738
0.0643773959113221 0.281797964597975 0.192593299733267 0.461231339757435
0.0932101882437136 0.319257690668068 0.300255754764486 0.287276366323733
0.24553204514653 0.122005343116376 0.387924432576944 0.244538179160151
0.181950145391492 0.435372051973138 0.35704954652341 0.0256282561119588
0.331102667664864 0.480648334281473 0.143308272384671 0.0449407256689923
0.356945700627582 0.367893504175247 0.0819728616847763 0.193187933512395
0.268874673845048 0.294521698011841 0.0889733916865321 0.347630236456579
0.0455144790880665 0.255044939547763 0.33828392016572 0.36115666119845
0.243718835324832 0.334087133526731 0.260269584865194 0.161924446283243
0.312000650469532 0.383388428430846 0.226105042108625 0.0785058789909969
0.0746876843198142 0.43724483864367 0.0594818660272837 0.428585611009232
0.14340539104332 0.375173651536626 0.155195092419623 0.32622586500043
0.352178946627455 0.0171355040714048 0.247280287975975 0.383405261325165
0.152208857561603 0.037497883707385 0.477916653889409 0.332376604841603
0.424000986638906 0.167917552521733 0.357169614449058 0.050911846390303
0.232587169501513 0.35731377427921 0.366239683570222 0.0438593726490554
0.231624725660782 0.597155740422885 0.16713442004669 0.00408511386964303
0.459178436571815 0.359935938188889 0.157151723042653 0.0237339021966425
0.131804329226874 0.106146310376697 0.537791998739587 0.224257361656842
0.451351169093566 0.292399473354841 0.00589714122144667 0.250352216330146
0.32374497382406 0.43714645429738 0.0565024034601858 0.182606168418374
0.370062463941342 0.0759385600225158 0.546764459370317 0.00723451666582445
0.182679957898601 0.114467858871508 0.0793495402379492 0.623502642991942
0.0781401583252779 0.316223947129451 0.207924398791376 0.397711495753895
0.352163675344614 0.0604659706825315 0.29379528029386 0.293575073678995
0.0955535243691168 0.22557936165926 0.330900170818473 0.347966943153151
0.228684306386962 0.263810037010987 0.216414895279902 0.291090761322149
0.04437360039979 0.489752702691113 0.315132511615841 0.150741185293256
0.195076116533057 0.0850452075872463 0.335958978645666 0.383919697234031
0.377205129065473 0.0548440719350515 0.0712312597595261 0.496719539239949
0.360981111140951 0.157243624040687 0.45366440677771 0.0281108580406527
0.0940119373810757 0.290512557318301 0.338288698846928 0.277186806453696
0.104102753122207 0.556184962096966 0.146336670516931 0.193375614263896
0.413005845162777 0.0280564744247486 0.128165696712146 0.430771983700328
0.469360587467931 0.337189488783774 0.00460416504599009 0.188845758702305
0.29124875437848 0.143332708495612 0.21941406542599 0.346004471699918
0.283742455282404 0.314773579243874 0.248992011908238 0.152491953565485
0.314187542248133 0.27158544784587 0.0419315897851067 0.37229542012089
0.401856856612012 0.277970778387153 0.0269984499996818 0.293173915001154
0.0918926273499852 0.59144471614406 0.0360303475713984 0.280632308934556
0.144266597847801 0.457474925921955 0.323922663268849 0.0743358129613954
0.25611069328742 0.131692613802788 0.312652602942156 0.299544089967635
0.294545969708852 0.193564838687216 0.194963131385023 0.31692606021891
0.222177133921973 0.347286524730156 0.293955574927506 0.136580766420364
0.119426261061463 0.302510076012371 0.305743091561722 0.272320571364445
0.199282993958311 0.391627450052839 0.0299840810677249 0.379105474921126
0.104650570604476 0.0148502684233357 0.350856287559049 0.52964287341314
0.103297047927042 0.45591531561705 0.397473379327755 0.0433142571281526
0.372049484116403 0.188652143820228 0.0149903586434685 0.4243080134199
0.203186780599111 0.281967859354403 0.153533494326067 0.36131186572042
0.104584323069486 0.304811374955917 0.174831911999399 0.415772389975198
0.373981069310162 0.0546400064632869 0.434508051097991 0.13687087312856
0.315622557821922 0.0667948290557844 0.342263435977083 0.275319177145211
0.467532199858554 0.229516580234769 0.0882780606047587 0.214673159301918
0.423968738305801 0.19471304909425 0.375210032270598 0.00610818032935089
0.637061958770581 0.182397655074805 0.152783906818113 0.0277564793365001
0.446689387337095 0.0619180199263092 0.110039880018647 0.381352712717948
0.314817665601104 0.0725598465613853 0.213251422014763 0.399371065822748
0.118961562836979 0.319356762157668 0.404635086888345 0.157046588117009
0.462659384399355 0.26059106787896 0.00743451556794211 0.269315032153743
0.574919895908661 0.324458023907684 0.0369501705000991 0.0636719096835561
0.165358509420971 0.31504251021516 0.253950917336658 0.265648063027211
0.318881983265993 0.194963902934091 0.329867479670341 0.156286634129574
0.00993705293536217 0.397787327525705 0.211837190506765 0.380438429032168
0.00659269249409873 0.215830586332014 0.304732983776783 0.472843737397104
0.420709599907588 0.298361097817115 0.198671104791465 0.0822581974838316
0.391074376861077 0.275671423506647 0.0118906457504908 0.321363553881785
0.0326665581497367 0.150933530374606 0.436224774787502 0.380175136688155
0.051304965769516 0.425679402953492 0.0718616711481615 0.45115396012883
0.219771714092027 0.282338266787806 0.108615727713664 0.389274291406504
0.114464172858789 0.449726587343713 0.17913738167371 0.256671858123789
0.249934620067036 0.313729531900547 0.35825589107593 0.078079956956487
0.424554681667724 0.355953768995219 0.000413938037423201 0.219077611299633
0.359398634433086 0.311992282345451 0.2220710789136 0.106538004307863
0.466984662078396 0.098012655972971 0.351625259756931 0.0833774221917027
0.451342570064311 0.0892275089710028 0.16684510926674 0.292584811697947
0.261952353509579 0.296269402505178 0.0857793384018695 0.355998905583374
0.611726700815129 0.210015988446714 0.110884518764169 0.067372791973988
0.21479560303177 0.327700689058837 0.237825686190226 0.219678021719167
0.109759538059666 0.315396015012244 0.397463162589491 0.177381284338599
0.315390289912553 0.109204683860101 0.424036657823293 0.151368368404053
0.355140551700348 0.0195804306271617 0.308288523781177 0.316990493891314
0.0483066763490713 0.172497754779646 0.174261288618628 0.604934280252655
0.478904676434971 0.101732995659439 0.406643892954542 0.0127184349510479
0.232426436442923 0.279497564868747 0.221677757829218 0.266398240859112
0.300604661044804 0.131882327838132 0.30313156747957 0.264381443637494
0.400297586708563 0.158521823727824 0.399241697681274 0.0419388918823389
0.415941589865825 0.284321694978314 0.144529502836094 0.155207212319768
0.458207970637371 0.102049744573156 0.249191914222483 0.19055037056699
0.451647176830177 0.0932612443158216 0.394575100031503 0.0605164788224978
0.145365771585636 0.378156368009469 0.441901586333336 0.0345762740715586
0.177573299351144 0.150462010921059 0.197015668604256 0.47494902112354
0.346607480467932 0.001607627733184 0.276315744574132 0.375469147224752
0.192540923051137 0.26741852553453 0.462696745818972 0.0773438055953613
0.312268565094362 0.452395256699189 0.106286151801893 0.129050026404557
0.179228128299744 0.277674865310037 0.179074447767897 0.364022558622323
0.146526186512254 0.175500917938836 0.391825905690697 0.286146989858212
0.147112149137722 0.154081984313441 0.371306099056034 0.327499767492802
0.285538789356388 0.2331987885013 0.018718841098228 0.462543581044084
0.181426261212954 0.0629819756256962 0.597293357903781 0.158298405257569
0.00842539101281617 0.338330703513362 0.42732118141242 0.225922724061401
0.165564035326976 0.36442403652837 0.340704966053996 0.129306962090658
0.417724255778497 0.122241010726919 0.0354181411536629 0.424616592340922
0.33157948482943 0.355458746968182 0.174501932584588 0.1384598356178
0.161291132988288 0.319924183804975 0.40958784642757 0.109196836779167
0.288220792281214 0.307918092663557 0.138501775194898 0.265359339860331
0.148012870004854 0.352524966617215 0.334577255115231 0.1648849082627
0.26868774879699 0.0250611059235221 0.203851969027428 0.50239917625206
0.189942427480733 0.0242437130877622 0.175997036045604 0.609816823385901
0.438148817761283 0.0684702020515584 0.488949828742504 0.0044311514446542
0.021443037969155 0.116364063632626 0.436373369966516 0.425819528431704
0.359851810731351 0.194496998031327 0.208301145808427 0.237350045428895
0.0496202523131757 0.531128351148304 0.0417116757262866 0.377539720812233
0.217057158536902 0.29158986964639 0.267184907109776 0.224168064706932
0.0651697015247261 0.24933385033853 0.334089642734155 0.351406805402589
0.422163109526641 0.10397165404848 0.0268959320850771 0.446969304339802
0.226878025335659 0.33633504445642 0.138037544855997 0.298749385351924
0.0975949628087179 0.251820155836993 0.0427629580714985 0.60782192328279
0.3516185811356 0.00741185742384831 0.40863747032411 0.232332091116442
0.0953985179465369 0.253291651084281 0.341295247820228 0.310014583148953
0.00506843982965732 0.147430430852495 0.693691734122371 0.153809395195477
0.33311144294503 0.301798844776043 0.299440239071331 0.0656494732075955
0.35061745213748 0.347600877664406 0.232366745762158 0.0694149244359559
0.104193749756749 0.283445839676736 0.278717385707197 0.333643024859318
0.328763483546391 0.379999912839295 0.273439202427137 0.0177974011871769
0.601816251367457 0.153178909455742 0.0464924112345486 0.198512427942252
0.227017789579364 0.203854142980107 0.116648173265702 0.452479894174827
0.157557251995537 0.490153432544246 0.220331067659748 0.131958247800469
0.238399833402656 0.401873985838684 0.239622848982085 0.120103331776575
0.184764089099969 0.445486768733416 0.339653365170151 0.0300957769964628
0.359939697679378 0.0442711937924427 0.27520144695531 0.32058766157287
0.20238436382355 0.292290406210155 0.204656918970858 0.300668310995438
0.339410138973583 0.121419815537124 0.191092093191347 0.348077952297947
0.140896708901513 0.331306204072275 0.377969575573724 0.149827511452488
0.0188610936723724 0.330246800050538 0.307367624013459 0.343524482263631
0.376171274105798 0.190220084936155 0.397851671873337 0.03575696908471
0.532537713547909 0.301814658512715 0.0302378261418225 0.135409801797553
0.103037244438666 0.380028023493735 0.159175024051478 0.357759708016121
0.132326650811716 0.269854784090914 0.344153177198073 0.253665387899297
0.130873716547091 0.285769118644503 0.203291904826005 0.380065259982401
0.17352972798154 0.0720387669504808 0.199327874982543 0.555103630085437
0.102726849401241 0.349593889141057 0.453104069562069 0.0945751918956331
0.499155394598991 0.0768128627913762 0.149914017758406 0.274117724851227
0.0228028824671495 0.317391857016107 0.186396173630612 0.473409086886132
0.312778527017163 0.20973731062449 0.325350484148522 0.152133678209826
0.350286831393805 0.252184909100144 0.104038615637659 0.293489643868393
0.0138864602969359 0.386415838858786 0.38616302427286 0.213534676571419
0.288820598528966 0.271062966337284 0.181297168693967 0.258819266439783
0.0805327008348039 0.361050684609598 0.0602606336496044 0.498155980905994
0.182957251442486 0.478801954580551 0.0660929086931485 0.272147885283814
0.219774764581416 0.180645242276458 0.411772366091186 0.18780762705094
0.496281381137702 0.0189872413202743 0.204807936166265 0.279923441375758
0.270392788218528 0.2468461214444 0.251979899693548 0.230781190643524
0.0541701151057483 0.400828978326697 0.381027847794609 0.163973058772946
0.404236251232573 0.228738985271953 0.341901126068388 0.0251236374270865
0.338702811349633 0.128781745725129 0.000363638606977 0.532151804318261
0.259654371665108 0.353275032650519 0.283109205372585 0.103961390311788
0.693980245526448 0.0369376586855701 0.0358638129714983 0.233218282816484
0.279201430626951 0.28610600350923 0.29346683836371 0.141225727500109
0.42445474975237 0.236243307098855 0.0329297186243921 0.306372224524383
0.407033089983184 0.345624257150594 0.238678288866098 0.00866436400012424
0.376048733997079 0.0810305403774978 0.0701722668701749 0.472748458755248
0.167815626160411 0.14914430939324 0.414326857632845 0.268713206813503
0.580754215825871 0.125290853984797 0.197498821458017 0.0964561087313148
0.105669875367886 0.409491520551403 0.289641988296147 0.195196615784564
0.565477631833278 0.287481073442216 0.0852957633050616 0.0617455314194445
0.330078733089945 0.0968422859413693 0.349581383373788 0.223497597594898
0.258187252981151 0.0185181156635492 0.388819919729792 0.334474711625509
0.283010073157298 0.0941397350760202 0.371641750169422 0.251208441597261
0.37547669810495 0.168034523979446 0.0348502608370751 0.421638517078528
0.257633166448358 0.321973263971731 0.189771958229958 0.230621611349953
0.202139869229178 0.154571874838169 0.00341810817849093 0.639870147754163
0.201891717815196 0.312569667110968 0.463803079649823 0.0217355354240127
0.0144509839693839 0.39580301521604 0.0642481416290859 0.52549785918549
0.133732447659616 0.336661991172537 0.213074138496344 0.316531422671503
