0.0902777014600736 0.153893291910259 0.174390876637557 0.0964579344541568 0.0109676664434013 0.0317232341269347 0.113546178718743 0.193495721170217 0.07509611704021 0.0601512780384479
0.115977808452419 0.0158871923965661 0.0237103824701287 0.168783819800851 0.126926062685143 0.137256001218254 0.100673073349286 0.188051561997221 0.0832690079358706 0.0394650896942596
0.0141866200132564 0.156884543899423 0.157972823283519 0.157506812305875 0.0720893866327778 0.144432970099477 0.159202384605621 0.0740699793044746 0.0141817909387017 0.0494726889168743
0.177562337558429 0.0731909618485273 0.158045586062301 0.130205675578449 0.0363499079611238 0.132985853182408 0.16724124197846 0.0206393495157503 0.0936433604168631 0.0101357258976887
0.140504931979409 0.154796460803096 0.0179639270813462 0.0881363855977778 0.271779557230105 0.0245616812001638 0.0648733244778335 0.0252860151732417 0.18985330999457 0.0222444064624568
0.0356102041999969 0.0545827545515221 0.141705243393186 0.126458372953886 0.0890867109753064 0.112883922175075 0.0812387975621383 0.13951469788801 0.0890886948785827 0.129830601422297
0.109064793769358 0.0274155044196612 0.0928253596528967 0.171299085669327 0.0330322051217583 0.161103188976725 0.0273779532086785 0.171692926142521 0.104351245947421 0.101837737091652
0.0108962785851842 0.0148917406627689 0.168373828765879 0.060780411401113 0.137098767612982 0.126859150639054 0.15741544347641 0.101919538641162 0.162098991018682 0.0596658491967648
0.176684078427208 0.0784166103028131 0.199400255742979 0.199290550968076 0.0270116572952444 0.0743555944584683 0.0899611706677635 0.043971190671738 0.079366802742766 0.0315420887229434
0.000753363866200514 0.113547558515865 0.123105392086496 0.15335078994841 0.143397763476168 0.0163981759454507 0.00628323455336421 0.145449880066561 0.161106233909938 0.136607607631548
0.115776229792538 0.0401681161869974 0.136379962460864 0.181100143694268 0.107466525756869 0.133565557554348 0.0113403259552661 0.0271647148078402 0.11197197519537 0.13506644859564
0.080050573050898 0.159037135063524 0.0112157183273536 0.130545139402408 0.123636779148356 0.0605820162040388 0.112054955149732 0.100799955011892 0.184457932056669 0.0376197965851291
0.0959028463551083 0.124607299343146 0.148896616099603 0.148326194773736 0.0518024200449417 0.136719018103286 0.00851449375142377 0.00352528815348107 0.209993246923371 0.0717125764519034
0.159485789881323 0.103840573587311 0.0711892130022374 0.0439645373428215 0.0117839252283589 0.202670031385766 0.00173963567463086 0.171593165290188 0.0965916475208835 0.13714148108648
0.132628215087356 0.119153299261495 0.0250181032188326 0.0624097813670623 0.0550731632396224 0.100778405830285 0.137235289887226 0.161968454373951 0.135554375151168 0.0701809125830011
0.176495068348132 0.183792540093782 0.150911561090314 0.041265911337555 0.0393170851312835 0.108630119657313 0.0879047849042514 0.188633662272505 0.0134941007854702 0.00955516637939362
0.0464042439956929 0.258789832676922 0.260630520313391 0.145867689282254 0.0230598273852012 0.0758641438611367 0.0225809275286463 0.0902114428869612 0.00243649500087677 0.0741548770689171
0.0527996976610872 0.0553020701787196 0.19005550189949 0.0225167469640362 0.167376185715908 0.0185035743211378 0.0745825224577882 0.146202878538218 0.169532721941461 0.103128100322154
0.0592528675051697 0.134983186840885 0.172187706940698 0.063209527164765 0.0700346419371529 0.0337752839247847 0.0852387493133108 0.171479793349664 0.059371864695134 0.150466378328436
0.1245686226677 0.119672129069564 0.0926778099324483 0.145307053247501 0.121545914079839 0.0543050718927552 0.0926235206929808 0.0560053239041991 0.0537933739841145 0.139501180528898
0.0238509435094061 0.108487255664087 0.0299193681736818 0.0885825642986436 0.0648369572695649 0.16848729342717 0.091614083158028 0.162978271547286 0.191438288662276 0.0698049742898559
0.137003427882628 0.052815856762819 0.142279952346692 0.0143083544094813 0.0939548128312663 0.108479569899892 0.124335365383868 0.0926048647602833 0.0659544818294349 0.168263313893634
0.135317262220823 0.17694025943907 0.173604614055501 0.109381601290829 0.148636054866356 0.00943050981168529 0.024391310515698 0.0492581324778162 0.155343662656903 0.0176965926653177
0.0874966574620878 0.137181026512658 0.173023403479017 0.0820513410855646 0.0423765930670054 0.00941038796333513 0.117359565999903 0.157016198185329 0.00048012879319435 0.193604697451906
0.154333927380608 0.0965341052360247 0.153115617636492 0.148734042649806 0.0911676596327586 0.0457015986621449 0.149189567041711 0.122580551952623 0.0178654785573297 0.0207774512505017
0.088060708721732 0.100358546042014 0.130117947979373 0.0960797219564374 0.142577799352429 0.0872348811380448 0.0197620128640955 0.09844172158628 0.113044851954195 0.124321808405399
0.111109929804122 0.144123289048462 0.00415742179003749 0.150397200911899 0.0624833924835719 0.187871097985365 0.101912122612732 0.0655869888882793 0.0725751058671976 0.0997834506083334
0.102027021435045 0.145337171619825 0.146752619673203 0.107865296011414 0.12038975499255 0.0389537120389106 0.0873030075148187 0.17625863337346 0.0250837255994196 0.0500290577413535
0.0393522997217316 0.0435311062274889 0.00744027973946097 0.159119031477118 0.124278483062118 0.114705743367669 0.1752207829971 0.0793297472093315 0.0891751444036605 0.167847381794322
0.00689648356504322 0.117428254153452 0.0886167921089113 0.186553653723137 0.047200048812492 0.113824019310831 0.0737681497229952 0.169294282633806 0.0835684507358034 0.112849865233528
0.158162328827987 0.0846980784563895 0.14986745542163 0.0208151402567327 0.162166923447453 0.0495393497175807 0.151031729161531 0.132666461838374 0.0787035343081931 0.012348998564128
0.172721518894372 0.0897285216034665 0.19539536932993 0.0291138833162154 0.124512510781501 0.0606211261449518 0.0318853922220214 0.0846317054141376 0.173869494094593 0.0375204781988108
0.00113476215604592 0.138437042300102 0.0261583324324691 0.024888829751926 0.153081498111513 0.125184451293167 0.147841443905958 0.147030355113451 0.116736214975395 0.119507069959973
0.0667506436863291 0.16247863047961 0.128935670415077 0.130421176936155 0.135366162697242 0.0392938466329985 0.0637881933121473 0.0609765638090114 0.157023228588189 0.054965883443242
0.0789678127038444 0.173616688217744 0.112578531260281 0.0540289851396926 0.0883419993581983 0.101607217933318 0.0330558358522498 0.0833776939429192 0.180909053185579 0.0935161824061738
0.111000835092409 0.0430698379875924 0.12888001523676 0.119285252169407 0.135605009724197 0.105023713757214 0.0281132984133533 0.0937068168330668 0.128616210024548 0.106699010761452
0.0620318583874842 0.0489681395898247 0.0995888156813333 0.13552015362732 0.000827570517630047 0.0801134305993358 0.258725646481025 0.109756543584101 0.0160152492616779 0.188452592270269
0.0486682646294477 0.0175602602391904 0.0586136209004751 0.128476164605918 0.130305348100259 0.148237168035607 0.218806535134272 0.188836310510712 0.0504181737807623 0.010078154063357
0.177175434742039 0.175776093454409 0.137255614325712 0.00689616485865692 0.00307469126257951 0.176811126599954 0.0345365593913678 0.0466371647387971 0.115535131073908 0.126302019552578
0.161203037432976 0.0911425193645772 0.155367692274388 0.12459534205227 0.156068763534888 0.0599835636913664 0.0648653406858465 0.0927719617590871 0.00373011683300823 0.0902716623715927
0.125538094288153 0.0302365051308695 0.0740814702341169 0.126063664304833 0.06469768605581 0.128383796060921 0.112947395565229 0.0657723006010187 0.144586936084471 0.127692151674577
0.0656721874091129 0.155407689485065 0.0196816033370572 0.0543720048158186 0.153115844748167 0.107019071359943 0.048874563505892 0.12925397032746 0.147934975114423 0.118668089897062
0.082234736364108 0.112522692277805 0.170145168550387 0.119692298342347 0.076033671185959 0.0183177550363331 0.0884592944277228 0.0891589334169847 0.084337103924845 0.159098346473508
0.00765198932845146 0.0614264257043559 0.169920964007331 0.0477619766539135 0.0920320692821713 0.207548400651516 0.173335813805001 0.00278139218993913 0.235667344969536 0.00187362340778579
0.0635301732216954 0.0125392380373737 0.0714878776422376 0.196140825704193 0.134748404819615 0.0473370578368702 0.128543046325484 0.0295621486255931 0.226945075149369 0.0891661526375703
0.14104729296866 0.0324830585397584 0.109195795999328 0.154033760028466 0.0967696656559917 0.135338669942708 0.0281372036058021 0.0688718292819184 0.18459658212516 0.049526141852208
0.123970648992101 0.120633107082846 0.147154620843559 0.111503599503374 0.0715597500092983 0.017671778535575 0.126237017535401 0.0524665943951343 0.092254448541451 0.136548434561261
0.00206229431134948 0.0897210691249873 0.121166912281277 0.0642662861099387 0.0891644617360245 0.153171222973157 0.142703806659101 0.13013082383575 0.0612604983394956 0.146352624628919
0.13259829271068 0.0315908057899471 0.00133595544733908 0.0233539046897517 0.155881656024786 0.138521638816236 0.0740634249259858 0.161921630337664 0.152055152102646 0.128677539154964
0.118298162354627 0.0456322501719844 0.0930662101266149 0.108567770161774 0.0098107962826529 0.11398180366489 0.114153251070352 0.11624970843047 0.236200729375764 0.0440393183608711
0.177084904411421 0.152104103054988 0.10280145089133 0.136981426119344 0.0273428736854385 0.0270029774829146 0.0914504550372401 0.0989039806463364 0.162018975696869 0.0243088529741185
0.183924127772348 0.0902356056669759 0.080445228775606 0.108181603842681 0.0725348200420434 0.122752306114743 0.115307438068808 0.0975192471586308 0.12247284620423 0.00662677635393318
0.126172402693113 0.096633522915649 0.0303721115758515 0.0204052772276171 0.138169737029 0.128089213034748 0.146677704987585 0.175198960577948 0.114988288615871 0.0232927813426168
0.131200215668937 0.152560303300116 0.0645916383472826 0.14301175591228 0.0620550426405094 0.0253109025831501 0.126306393207282 0.103954532736002 0.0621488399785084 0.128860375625933
0.135281228511081 0.0902859706853233 0.223895239053233 0.00216408320393326 0.146148987899478 0.0535429099094896 0.0364202816463308 0.0299393050169632 0.0368116777253623 0.245510316348806
0.0255985599215574 0.119775732876503 0.185548330197664 0.149498649988992 0.0115458713673946 0.0536956627034331 0.185668347232677 0.144182625711648 0.0253188596334237 0.0991673603667076
0.144927793742776 0.124482878749255 0.157182116173799 0.0613911200834279 0.122894254573983 0.0748591134528666 0.0786773743804825 0.102969598257269 0.0163849821742881 0.116230768411853
0.0275638781422521 0.163290653917042 0.140197173897096 0.112173877137967 0.0516275024269638 0.197272757124695 0.0360813365425348 0.0182975254598248 0.2021320995344 0.0513631958172254
0.0743446938444122 0.203705676365841 0.127462614777882 0.163688702257949 0.0562126565411474 0.040554442314276 0.123114136383249 0.00476479013113713 0.00919102261469581 0.19696126476941
0.1381272551784 0.0305696107690214 0.141843147607875 0.0683474421666144 0.0746493504528597 0.0890391938784443 0.130879785481795 0.0922163346668867 0.190965505871148 0.043362373926955
0.136571344410777 0.0981150597350063 0.0405582248111076 0.152542857257344 0.0911335396053169 0.0497673656127959 0.0233329661995848 0.140114100712578 0.113356931999653 0.154507609655837
0.10430845080902 0.0606972446432867 0.0443044957252863 0.154869982421126 0.109019464233223 0.12887058979834 0.0489978513467274 0.151906137148367 0.176456543982856 0.0205692398917672
0.134393127419093 0.0638000702608926 0.138606532274755 0.206383666961118 0.0901848770786332 0.180963393638652 0.0588017153278424 0.0257381450119327 0.0930277375348954 0.00810073449218542
0.150144841598769 0.116598138774465 0.150601783508785 0.127735673206247 0.0423695148190456 0.007457107610363 0.0916850305085495 0.104217349437017 0.0524389962690026 0.156751564267756
0.0630992915669231 0.134790796010512 0.130294845169601 0.0547669502203788 0.0813319922773242 0.0901715214141616 0.122874348834776 0.139666796391873 0.14293916655907 0.0400642915553806
0.0757420322647506 0.0479073288934973 0.190574994621472 0.128503890879996 0.306548448501115 0.0185317689392237 0.0349154763874456 0.0977350763090172 0.078953812565456 0.0205871706380264
0.0450746963168145 0.117730224990722 0.116911884087344 0.0532639659296854 0.0233488171339773 0.136358179399948 0.155781804965566 0.122236343603945 0.0620362672565601 0.167257816315437
0.205482590636514 0.0847445627223048 0.00483313291436381 0.0323397102982439 0.174017040793627 0.185687655715234 0.0355186392710299 0.212537441504494 0.0363089867605226 0.0285302393836659
0.116609094901252 0.0670262196834148 0.0629142900055694 0.130820311243865 0.162332768576689 0.0584121999846915 0.110812945589651 0.0808912379068019 0.0278989252586461 0.182282006849419
0.0212650869965131 0.0454181026266949 0.115711166488803 0.138592981944346 0.154009869090256 0.0503307829353493 0.160024767430755 0.0375924126809316 0.140453084666291 0.136601745140059
0.175890250596764 0.0247731450685735 0.0990424623368844 0.0680597233023537 0.142923468739288 0.0468438337756474 0.0169411418021216 0.0244183864520212 0.172871018151439 0.228236569774907
0.0786787051322457 0.0931757153596204 0.122425118036085 0.0581732950257872 0.0497192969700881 0.112581382473705 0.0377045605076309 0.152446618426862 0.132968603385495 0.162126704682481
0.107402020827786 0.0134878093299478 0.145889377074745 0.116171428316415 0.129767750138667 0.130779215427802 0.0687157447121575 0.168485319620994 0.0479880636596877 0.0713132708917989
0.00241910551760622 0.182268957180639 0.00177189080710865 0.0955657589773344 0.166535960577298 0.166116421969829 0.137262545166044 0.127273389884064 0.0771242921867914 0.0436616777332858
0.0830095144778383 0.128871553802288 0.0475239210410499 0.120237546817556 0.122566782431801 0.108064451971329 0.0402970577822044 0.127558537607671 0.0777886287352394 0.144082005333022
0.121136309169923 0.0219396996589064 0.0718194800094503 0.174760378952431 0.125008408057073 0.036059151464289 0.102195285675645 0.07766031834369 0.185323960011122 0.0840970086574708
0.0123486569635387 0.0930581467438085 0.111961290261071 0.158948285445222 0.146811309261375 0.136650487207509 0.054138699272279 0.0286880883510205 0.05666522623493 0.200729810259246
0.104768606678383 0.082027610699583 0.0798795692622458 0.0296111326570766 0.10508401247956 0.0105934040950535 0.175705681843097 0.173951618037284 0.13128866093211 0.107089703315608
0.202353626167837 0.129199569180279 0.214838727764707 0.0243482169323424 0.123238857246171 0.0507808349716785 0.0953713935066902 0.0146854062088421 0.0675866344755902 0.0775967335458632
0.0470079776126507 0.137186964619218 0.0723428164669163 0.268724244810434 0.0571706495158898 0.0445398226748573 0.00559834147561615 0.157108606467825 0.0463298378683819 0.163990738488211
0.183023240967449 0.0530247919004259 0.039293489974101 0.0172300940895259 0.165183919664063 0.123491381918112 0.0104460868400048 0.208470044234726 0.173470888671541 0.0263660617400513
0.181208721644899 0.0128215293998516 0.00785115755547575 0.0277152111000964 0.115447742310981 0.24838015428058 0.025772684122476 0.112002371926577 0.000175695180901371 0.268624732478161
0.113094943891833 0.15238634875701 0.121853666008214 0.0961564332535293 0.107403412734884 0.125909787287111 0.0314709368446462 0.141348644258446 0.0844431022803407 0.0259327246839844
0.0741475673735898 0.121330281423377 0.105363535443469 0.124538479420425 0.128978833502404 0.0757389066955402 0.0642346622311651 0.108246598486752 0.0794683269761025 0.117952808447174
0.0599897067831444 0.148952398188894 0.101675360644104 0.11712361385493 0.0374870544390142 0.113207859263377 0.166951801577946 0.178535679578055 0.0129206768350186 0.0631558488355172
0.145950391229313 0.0306558014915035 0.138071242471646 0.0648164819358336 0.157048770917549 0.0563267931863527 0.0865659810865338 0.0930715608880939 0.0901290658242773 0.137363910968897
0.141485492216161 0.0697462875552043 0.100976735216202 0.1210971759229 0.0254419133431972 0.139701825821455 0.00371938549406964 0.138942414625917 0.0848139500430758 0.174074819761818
0.0992215969913938 0.162566829462035 0.123631593405301 0.0805150075231677 0.179364974194809 0.0529049511041961 0.047389566235161 0.0519351767543123 0.134934988059157 0.0675353162704674
0.181692573536855 0.00494072928431596 0.121267649002164 0.1125602101014 0.124223332914343 0.1306773783005 0.000888061822615491 0.0962717015559462 0.114037582380268 0.113440781101593
0.0512221000099813 0.176365885575749 0.0244908266893278 0.0178842919577527 0.072275096140877 0.210099186218989 0.117074301765939 0.0484012472786084 0.136756083166911 0.145430981195865
0.11678880477837 0.0366635687839122 0.141108892480284 0.0349319227357201 0.0598352261506769 0.0945566220385199 0.13486270893631 0.144072742571726 0.09432549000778 0.142854021516701
0.0630243693433241 0.0593501558937863 0.0762702847631776 0.186985192021358 0.249468324037832 0.025135133868323 0.0559700638692616 0.04257319190879 0.207864691701842 0.0333585925923047
0.0407313384991407 0.0501925807904094 0.211998476313355 0.229036910163145 0.156739484448172 0.176571981105187 0.0702663553289343 0.00255768487226552 0.0486927592352783 0.0132124292441133
0.0690995749946955 0.141716161847994 0.00275899517738753 0.0230990158352067 0.132982907425492 0.108417567410497 0.151218442595543 0.130374667554709 0.217256069317342 0.023076597841133
0.14417461719344 0.186225941846112 0.066653916105251 0.0708626105781256 0.0127210622417027 0.0609046806708267 0.15527684701836 0.0833716482842173 0.0188914143124134 0.200917261749552
0.0928400590556529 0.116911530303163 0.00671551277354823 0.163161255385746 0.0669843360274858 0.078193638235674 0.0833353699883432 0.136823459504055 0.132344145524118 0.122690693202213
0.16312603829859 0.121400960851301 0.20196582780611 0.161546069113543 0.0279167420307482 0.0141420068006082 0.0634227043719186 0.0376150941951299 0.200818312276395 0.00804624425565544
0.114489468583031 0.0177794908174912 0.155135926322138 0.164202222527018 0.0843842845536749 0.053438366949477 0.0760636633397277 0.174599402649527 0.148410819159043 0.0114963550988716
0.00592852101474382 0.143745879029389 0.165679020168827 0.112348605840013 0.157615517982123 0.129182235717327 0.0651102524122538 0.018009678879989 0.16721049535706 0.0351697935982732
0.135136169160426 0.0358822710708263 0.176779408795515 0.00236370369015377 0.0976251869137983 0.158539264167447 0.0744634341776621 0.127397549061913 0.140118041058579 0.0516949719036783
0.178565903156864 0.00437583973414441 0.173449348841017 0.0590654901775856 0.0121934995548241 0.144619235157626 0.152699958489407 0.137710694532556 0.0636197199788436 0.0737003103771327
0.18530754616711 0.0363364278301453 0.00996303353484332 0.0550644497885591 0.220184707708315 0.0905123298585019 0.05020331358431 0.137483271327711 0.0749200965055273 0.140024823694977
0.0280972240360282 0.0437871917603735 0.0645554253248196 0.105817189052053 0.170267415269232 0.0125171426442105 0.141881564860595 0.0409319815630176 0.241109380883444 0.151035484606227
0.127693896804636 0.135326248428479 0.144762178373751 0.110193164121194 0.0950141523121354 0.0926609007045208 0.0174914068261018 0.0943060291160045 0.0890054481791885 0.0935465751339894
0.060521468362809 0.132648051518256 0.0710706861591352 0.181101895650241 0.184337474230324 0.154405727973752 0.0357464167144043 0.0158106715436293 0.0858278327630551 0.0785297750843933
0.0488821345619112 0.0578440024456826 0.0104772723259217 0.165692400359395 0.0324635811710165 0.0231054977434154 0.18075656826046 0.0699278172966924 0.219125884624242 0.191724841211263
0.0867071813346023 0.0422752134415766 0.0807965214698889 0.10905615128029 0.0805705606137988 0.110496183111565 0.181534243012804 0.173622341580882 0.087075450145157 0.0478661540094355
0.0830464990487087 0.161758692540283 0.134152810525477 0.00715133112673379 0.0781247842130562 0.0369350689790337 0.0567418772948235 0.172206115760959 0.0918553808786354 0.17802743963229
0.118474670119809 0.0381549400532823 0.0530391308018884 0.0962691385086678 0.117199682984063 0.102030031414186 0.0160620623838842 0.16984672842185 0.156323831937771 0.132599783374598
0.0534424950983003 0.0998823529702633 0.128008460500725 0.177182343741215 0.165163497844266 0.0398236871827416 0.0927274896274134 0.133648368508743 0.0807522760149545 0.0293690285113772
0.161608699807146 0.154727733463822 0.148120581235754 0.148665387603569 0.120692295157351 0.11673025235213 0.0220961944922104 0.0222675473616744 0.042293972600052 0.0627973359262899
0.033991960782357 0.0966876780329185 0.0431948641951122 0.171097683607967 0.0551779796899585 0.0971966110594786 0.164891882497732 0.10924262753064 0.131749811863326 0.0967689007405088
0.0391077204513984 0.0457673025508872 0.0504002714380706 0.197547563198945 0.0230401776522272 0.0438810373745963 0.20589002183349 0.0172589991116884 0.0823803854420176 0.294726520946679
0.131245188174911 0.13644075444713 0.0787794444232312 0.0681857464350634 0.125491844698989 0.0838702031809154 0.0936562899325044 0.0659064406305393 0.141900433694353 0.0745236543823635
0.0102133186203013 0.0665625695430581 0.0698720351298583 0.121837818863226 0.16613875321119 0.0541843733308874 0.17066507594492 0.160709501648607 0.0578263464831493 0.121990207224803
0.113157772537547 0.00277710959100387 0.124544247567438 0.127071384126606 0.0114356719527156 0.122429371122017 0.0198309930352337 0.142101146813868 0.173748320472656 0.162903982780915
0.0230566082918742 0.00497989296148961 0.175392052364249 0.0633836475004097 0.15641017589511 0.125895924503169 0.156954231345757 0.136643346722356 0.101323078596089 0.0559610418194974
0.018797893581194 0.11691790093706 0.0724061867975251 0.165151856350528 0.12967943130031 0.193751528992642 0.110504669499266 0.0222222426086986 0.0290585582398686 0.141509731692908
0.157942496007211 0.15032139124891 0.0401076994179307 0.111551623872939 0.0489178278542581 0.0176556799851234 0.0651414415674041 0.147568456052277 0.145929104531405 0.114864279462541
0.186981936280621 0.109656056088002 0.131736603968625 0.0802652995838875 0.0919176316934952 0.056531182297315 0.138767819988985 0.00537678945551584 0.173605096176085 0.025161584467468
0.0841119310602637 0.074749978516922 0.0656219864898364 0.109881122522026 0.167523844125621 0.0925031941060697 0.112303719670752 0.155738285197706 0.136902519707818 0.000663418602985488
0.0388367480214542 0.193988832965825 0.141385684342221 0.102964395545529 0.0293284441351608 0.0708013187193166 0.0812260697775922 0.108284259229369 0.0959290846862936 0.137255162577238
0.164039181103261 0.103360737069261 0.0841365816114082 0.0246609086213063 0.140046450578389 0.105077018151886 0.138212858141369 0.0275881953101389 0.0938099720602569 0.119068097352723
0.163878565883654 0.133637388464125 0.138976365626307 0.0759730455826159 0.127533733771601 0.0776009669184513 0.023144773103506 0.0242374099755301 0.0685588446865887 0.166458905987621
0.0582423354559408 0.0691293906641464 0.0370838783964886 0.0963575904536854 0.0446914045741898 0.198604463651255 0.158422676796477 0.0508123385922703 0.212568135466497 0.0740877859490495
0.0844823213589754 0.0630624681533006 0.160916560434604 0.034211997360156 0.118725330972313 0.114423095708729 0.0210890006614485 0.206557394805589 0.050434380434193 0.14609745011069
0.174813799648968 0.125502568394115 0.153831515422627 0.014950024885165 0.0164896632923466 0.0635762817331814 0.137296137479352 0.105814034552325 0.197423344479575 0.010302630112346
0.0221144904692504 0.0375697576650005 0.134605469136197 0.192120563575989 0.00650168450697304 0.0614018124849128 0.152343043487742 0.173358485229801 0.194743871465451 0.0252408219786834
0.101643626375382 0.0986624638764031 0.0315220963811908 0.101669569420455 0.0955146318441442 0.108543871394476 0.199260543605261 0.0565265231726242 0.133214995534474 0.073441678395589
0.110823836412338 0.110658112153563 0.20999717058863 0.0138531727925194 0.15434450631018 0.169079662711897 0.156025574206764 0.0457257085993987 0.0212083599128576 0.00828389631185232
0.129079115155946 0.0770492134675875 0.0913161723092682 0.0553131118749067 0.0948728396006772 0.0427151841721167 0.148388018712803 0.178854350372787 0.00129938830935341 0.181112606024554
0.123428460546537 0.108996566644384 0.148228897344084 0.140240486183599 0.0285582613414184 0.176361957425146 0.0282445949992262 0.0533645445406649 0.129105215810529 0.0634710151644118
0.0462484594464338 0.0102971078193526 0.0329150097712664 0.185100857180807 0.202723203620721 0.0462793115772501 0.00107651882127007 0.16619993995835 0.227375514735822 0.0817840770687265
0.182772940076421 0.000995791520607731 0.14965419749607 0.187244414984903 0.0577049508360629 0.160744262836247 0.133744802351033 0.053777368087669 0.0312635612486591 0.042097710562327
0.129275202997912 0.088778128273818 0.149786815433954 0.00859889320568191 0.134587352447823 0.140999154653457 0.113463373174297 0.0482971986436963 0.109121205735358 0.0770926754340028
0.0455517657314634 0.136285660948453 0.236352147150735 0.0581983525438513 0.0830603497153339 0.118266216772371 0.0173945571702227 0.00120110633172818 0.159675455583215 0.144014388052627
0.0645357344428673 0.0320862752058556 0.0151502250320452 0.0981678816002578 0.146310089973461 0.02687222461896 0.156365107100997 0.166627328343147 0.165381316482196 0.128503817200213
0.183014758545144 0.0298613781136578 0.160021505511187 0.00900966532589656 0.0538051844727645 0.0649997399685317 0.201999437929047 0.0174061129803328 0.195655057919804 0.0842271592336341
0.182500796298859 0.0900569936763792 0.0277418269396344 0.0658979940554133 0.199575074345207 0.126568109595134 0.04083676951135 0.164112807308544 0.0305482177049746 0.0721614105645047
0.0738936150182967 0.07298222395801 0.108821070106152 0.186901264976332 0.105340687172364 0.0112310692248609 0.0396228990110064 0.121854825211075 0.117094922420982 0.162257422900921
0.12139234182381 0.162680973579504 0.059686589532972 0.0997196512144646 0.175445667082282 0.0613643883975852 0.0436673417556757 0.000390687949909131 0.102190472431783 0.173461886232015
0.137165610750974 0.080755491317407 0.0829409611859915 0.132210800309375 0.116827915114492 0.0469329004399954 0.0816749215778716 0.13547685547422 0.0910719186341055 0.0949426251955677
0.136652661921335 0.125409234862392 0.164053346106609 0.0511431385621967 0.0340214610318549 0.14799821242738 0.039296113438035 0.161485272256397 0.134011307050746 0.00592925234305348
0.0815692338415688 0.0785930447387121 0.0894849266501479 0.0141287542552252 0.215723694900082 0.0177771901531087 0.0643053196050683 0.066579215165849 0.15595492508292 0.215883695607317
0.222420075963479 0.127857480457661 0.00900849124828931 0.0533084709672286 0.0894717507046676 0.0527276534748366 0.0871334780066082 0.0652823055840316 0.198595395082871 0.0941948985103269
0.10388026702698 0.108273843731269 0.133812011541854 0.0727886545979103 0.113228936334373 0.113762719442926 0.0682376169114715 0.133573825216419 0.0295739282620245 0.122868196934773
0.076488435418486 0.0783166858502431 0.15494457260372 0.0169541910527752 0.166298775714581 0.161014363031074 0.0978654202571653 0.155363311630687 0.0383398154831811 0.0544144289580871
0.101989545014436 0.194789663998473 0.0145320019724806 0.00205732399898559 0.0507299319584108 0.140423232569372 0.0184608111467159 0.188016760534292 0.136349176349788 0.152651552457047
0.0424768391769746 0.0997428267947591 0.104657298377982 0.0759016327199304 0.104209845746372 0.156855110445549 0.0495208072637986 0.219462621574044 0.0920947514893742 0.055078266411216
0.232565561736801 0.186732251569727 0.0160191678737125 0.0616793792168033 0.169813250184299 0.0211935705110514 0.173630075702733 0.0421920431194592 0.0716506202646458 0.0245240798207677
0.134100490529755 0.0820873608971787 0.0440005777503241 0.112219680025322 0.077826688933216 0.130567608263756 0.0900403249113417 0.143579014887817 0.1030246692099 0.0825535845913906
0.0223775773399143 0.152523006572035 0.127866695567663 0.137588664068568 0.152394133467052 0.0794588233886218 0.0274579603432175 0.0570352637733237 0.116539774531482 0.126758100948122
0.119182513311381 0.162282969373248 0.0232237595182483 0.115945755871792 0.0494224749682823 0.0847424492709728 0.0774461045605446 0.180511323548776 0.0259781091271716 0.161264540449584
0.167296709025033 0.286413625036811 0.0429003130021279 0.0966755456110452 0.224678867965967 0.0438996190722979 0.0477415081569181 0.0254344649669493 0.0627735963413575 0.00218575082149348
0.083257553347369 0.0745778464739164 0.0810852654406953 0.149257165407221 0.114054026279211 0.0623080009444329 0.125701835775906 0.0569270883056146 0.150082411884366 0.102748806141268
0.0459317319095248 0.0183339632681766 0.192909637075511 0.12739345893873 0.0949988516240516 0.0551504051863695 0.0982765754530291 0.0871181308542491 0.21019659456863 0.0696906511217279
0.0193619635804286 0.166446706542307 0.136427405692909 0.0959206067658378 0.00263826336884528 0.0221280756134542 0.20423550742439 0.0712064198717114 0.275563786277895 0.00607126486222118
0.138779644483388 0.0250641999849788 0.0871484822225273 0.101787104799694 0.140973061213777 0.140648190722576 0.129897435862005 0.131286277894809 0.0775200174674535 0.0268955853487912
0.0373232895539847 0.132706759911682 0.154611592586071 0.115497542303672 0.164583092007326 0.109233071072762 0.0445999794011653 0.165570815848189 0.0146141622211119 0.0612596950940372
0.0205449878294791 0.106616122996797 0.0929986216914933 0.148145838931759 0.171345036434572 0.226839175333534 0.0256830850104174 0.0766230834395052 0.0107328367546589 0.120471211577784
0.0922610303131891 0.0892753540701404 0.015763742183457 0.0995404880515769 0.105633835250888 0.157343650637765 0.126867028464419 0.050290420130916 0.125082550080548 0.137941900817101
0.210001927084792 0.066785158953395 0.0182670100588726 0.096472918591556 0.175424167769821 0.0216822516020523 0.0175771336781357 0.088922803840203 0.0911182483889573 0.213748380032215
0.0668852645333612 0.0562997752076997 0.159155484421075 0.0894591498932217 0.100411549049877 0.0669885124640828 0.141449344603984 0.0390260819975552 0.136142432831538 0.144182404997605
0.219511672590612 0.0711717022403353 0.0493311621783895 0.126590498909993 0.0775802270032498 0.195186226195922 0.00672325847455894 0.122487193823797 0.0678514387803152 0.0635666198028275
0.123180735459831 0.139376485933959 0.129358386395808 0.102882557030711 0.0910851111973376 0.0187350418524602 0.104112122232567 0.128472164552277 0.136788146294958 0.0260092490500922
0.0154434126597084 0.106529052528925 0.186200355656959 0.073055817645167 0.0940770872376476 0.0148554413132001 0.118959832074557 0.0765105328160752 0.181242880751386 0.133125587316374
0.127945160773177 0.138652532505411 0.206664317733136 0.00254061407798523 0.0507012859854114 0.129597959860119 0.0374090773178962 0.0617051139607003 0.0893865774223387 0.155397360363825
0.115548813880849 0.130574076026974 0.133047039231903 0.00168862523553931 0.0619185826284799 0.0164357377896298 0.0964553559103585 0.145544069960611 0.148443144120014 0.150344555215642
0.189897709076385 0.0986328544995326 0.0768028259910443 0.0855707777853543 0.188614900444507 0.0694772576101442 0.0632763341897283 0.0671731744368926 0.157154585397786 0.00339958056862533
0.0728970366185101 0.154598032119028 0.0240189198995701 0.138128153928286 0.154880002837131 0.10430619688024 0.065116381229525 0.0846477477499897 0.132149836462214 0.0692576922755055
0.163340070577157 0.02928866957189 0.020420384231933 0.057759778636517 0.160066703070975 0.205971610311019 0.00177396843349809 0.181142769886322 0.0590883955711755 0.121147649709513
0.167439256959519 0.0570866005789307 0.0839626473539312 0.0421717393690023 0.0781385435960063 0.0750814693110233 0.0787918656305236 0.15288757918921 0.174553634499876 0.089886663511978
0.132818525864527 0.158505719640346 0.0331773117828876 0.09713806146841 0.142373251102178 0.147490986237445 0.0837490191235929 0.0244602895312801 0.128019424588729 0.0522674106606043
0.169296169696363 0.0193842348567184 0.0408829345398812 0.214405385269195 0.185826506212507 0.031104866590429 0.231665079200958 0.00223458079532545 0.0776318767701084 0.0275683660685139
0.0976833079811706 0.131305079859591 0.0766310454648745 0.122422777643619 0.00126086052151697 0.176062989903288 0.0959770382612666 0.135888460791263 0.110860915033013 0.051907524540397
0.0218185587900026 0.118847388297934 0.175632542020397 0.125302193345318 0.159689501589624 0.187255241100201 0.0104078288036331 0.0236637933123608 0.165077086306744 0.0123058664337859
0.115488885910955 0.0652676281890683 0.104319206868332 0.11504301751665 0.139509910379286 0.0148741680168435 0.118789733609114 0.144671703212407 0.0493346135719359 0.132701132725408
0.163489566768871 0.0368610049115825 0.017309012926527 0.0656652563876583 0.052974953352567 0.133886315871067 0.157015061231414 0.0168334122110119 0.192262874877393 0.163702541461908
0.116063295018741 0.206312766167193 0.118854013045917 0.0461025243120753 0.0771807384283469 0.0475325043551824 0.130378843635372 0.139189078646484 0.000122060186250916 0.118264176204437
0.0748529387472944 0.164213613964348 0.0269762555406252 0.179120456813634 0.0138849381346953 0.0459441768655377 0.150240395797561 0.0673343737479861 0.155935080254513 0.121497770133805
0.13929110734822 0.133683082160478 0.0665601612862676 0.104380957334825 0.0654217349528051 0.145485895382089 0.168297896599288 0.00178172388140881 0.105827847218849 0.0692695938357695
0.0867078482740366 0.0269779843128998 0.120330373045752 0.129300426712847 0.156364151165769 0.0852530168790679 0.0528011099334851 0.16042854726141 0.0138751925147745 0.167961349899957
0.134551836626843 0.0364017545895547 0.21764745025145 0.207168370267168 0.017613843779411 0.073854589742085 0.0730979733036802 0.00180476941687184 0.0817675729404547 0.156091839082482
0.0679777788277637 0.0955828559944695 0.0197522567142484 0.0659978566973143 0.194144874834017 0.179083327657173 0.147289920852969 0.0571083142663433 0.126762125193848 0.0463006889618546
0.136527605710222 0.157697782051468 0.124002257443021 0.0218369079275648 0.103978114999875 0.105638360511789 0.048992799614811 0.157263373857949 0.092854422631026 0.0512083752522756
0.0547223858767621 0.0563810758582962 0.0718504776646265 0.0553856967559719 0.104622512073507 0.154330294431089 0.157916738752362 0.136559390796243 0.154108437388872 0.0541229904022709
0.117090997490781 0.0586234225146932 0.171194653025915 0.0177853133881256 0.202771203695405 0.159499699125009 0.109202515129578 0.0805845436007953 0.0620393870206315 0.0212082650090656
0.112092259841824 0.169930598474474 0.162173382200543 0.162164527286635 0.0825958980107681 0.0973060403589835 0.00715071006588003 0.046642730393699 0.0836542577535924 0.0762895956136005
0.125596872425205 0.0402815892442094 0.116843032622439 0.157853214525224 0.119752935988047 0.108018414635385 0.124589610230716 0.0298225776206404 0.109841706515305 0.0674000461928303
0.154168459523639 0.00388958247630678 0.167019037726068 0.137030503635742 0.077147063894042 0.0589800845306191 0.0676291695875497 0.0605132940877356 0.139267624508287 0.134355180030012
0.0742030394046078 0.128319939740581 0.0641800199621505 0.0765892132745636 0.114095739647717 0.132551589652367 0.12947704776473 0.0403758536953019 0.0914153231272572 0.148792233730724
0.08307819618334 0.0867253092459232 0.148691099442642 0.252646870824984 0.00685398918423222 0.132708410360434 0.117181878150961 0.00921482083942571 0.00568680030613715 0.157212625461921
0.119927412683319 0.0790655115218254 0.176232825328024 0.164904534364362 0.187702072665318 0.0483053616163159 0.0736335828527052 0.0915354597355361 0.0305074391265222 0.0281858001060721
0.0804750241843703 0.207665590421228 0.130077403067592 0.183539503308873 0.0431312527109272 0.0220601796268953 0.0919877403309433 0.119715177803499 0.0175341480462736 0.103813980499399
0.179816096049209 0.0513708754689022 0.091344038222238 0.0543620763123867 0.147619092393313 0.0946058845272457 0.132694577850621 0.0973887887397573 0.0179938790943775 0.132804691341949
0.045167066144486 0.103044508934515 0.187653704143797 0.0911998457796507 0.00801860015159683 0.0120881981618997 0.0645325986610233 0.18111384569868 0.203865267626618 0.103316364697734
0.158622902451292 0.0321948848709576 0.120454591908577 0.0689553160665666 0.0939861560568047 0.0964481531517155 0.157375604403455 0.0656431228949814 0.0477092509924196 0.158610017203231
0.104631806380761 0.0964441225261224 0.0993331036659327 0.103523020014715 0.114797765109282 0.0178181505609534 0.0445016498833653 0.128529592739371 0.15264242776507 0.137778361354426
0.159745279893039 0.102670698409377 0.138399856300506 0.0744373423492929 0.0351309146736397 0.026006731820305 0.16373885796292 0.0739699376644516 0.116982594283011 0.108917786643458
0.0450873210509528 0.151040554549146 0.102979377329378 0.0637545704332478 0.0032356634273633 0.109639795562667 0.161509249388124 0.114202047068593 0.0825217090221637 0.166029712168365
0.255017071309247 0.0342712494568222 0.138445815883924 0.173590575416396 0.00174476865816971 0.0584207516875798 0.138947190352086 0.0162782337480609 0.0630330782742246 0.120251265213491
0.0896946438180039 0.0699844563044979 0.18059534761661 0.0582663074042434 0.109258146232985 0.108610265387782 0.14000910511084 0.108485245894593 0.0799099490878962 0.0551865331425486
0.21007282971537 0.0510211468648151 0.0363600070569981 0.0505762090046366 0.220623993207019 0.151462882372003 0.0847677215649641 0.101376736685459 0.0505342254844713 0.0432042480442642
0.0398324213208988 0.0328559962195208 0.00325294467561809 0.179251554942703 0.153647827070462 0.148116564572332 0.157205281432879 0.142998801735536 0.0467764227970146 0.0960621852330345
0.113655473948957 0.119814803902261 0.0952812726741366 0.136867841092139 0.184066841040995 0.0637809024464424 0.00109242474243072 0.0451999826110529 0.149887468257445 0.0903529892841413
0.064424382912939 0.191726755832502 0.0515133084434535 0.153146543427703 0.0355900470605937 0.100483689074879 0.0258292523804839 0.125054615034228 0.105851607761542 0.146379798071676
0.104056263684693 0.095263602189899 0.0801530763339907 0.13483582559641 0.138310083115225 0.0311951604779667 0.142347875780138 0.103430838449893 0.0670422767225567 0.103364997649226
0.160399483553313 0.0501956536671682 0.0665675002298224 0.0476488357471867 0.0881049434049746 0.110647947413903 0.152504996895395 0.0770838682881413 0.164562894448462 0.0822838763516338
0.121506917590171 0.169050115585685 0.0302083305449579 0.0438150507640903 0.00347528088639495 0.204314032966103 0.242635172826211 0.0324773603830957 0.0964350050174284 0.0560827334358627
0.0727045703191418 0.00273783024054338 0.101000472232619 0.152340235684892 0.0720971764066649 0.0416321395852734 0.145715154917545 0.178688207908479 0.0581334797796908 0.174950732925151
0.179072642182919 0.154708475014588 0.0594976506536476 0.100855625190951 0.086234458296979 0.0297852092672775 0.0325976983597949 0.168956421983152 0.0936366336129767 0.0946551854377153
0.00549959354647175 0.123954958912398 0.157476805979592 0.153179604944773 0.150707484356509 0.0539010954165378 0.0427233247497558 0.114626453081939 0.0450906389046014 0.152840040107422
0.087101326346134 0.0507860851167177 0.113441106506427 0.151602209269102 0.0274273795685794 0.119274864036749 0.103274419683464 0.125204105796313 0.0835050798601483 0.138383423816365
0.112986940059783 0.099209632122753 0.0794533234986053 0.128518960532564 0.00916162180060489 0.0578427586211503 0.132757959900558 0.141143560341064 0.0929105687566443 0.146014674366273
0.0976871396344619 0.0636727657269455 0.113438741347759 0.147993119276823 0.0622145711841449 0.0878210296459273 0.137444942916598 0.136611407870468 0.0051215994541421 0.14799468294273
0.0610802001146525 0.0597296456947843 0.181303318492248 0.154234115150091 0.158519417381076 0.162895818142136 0.0167391956012291 0.0543334396225369 0.0958048924544423 0.0553599573468033
