0.258918899047571 0.0506180017848406 0.297585793250783 0.392877305916806
0.374114855179107 0.200130078830856 0.293045961195241 0.132709104794797
0.0611277362735519 0.298374041285984 0.433454296985679 0.207043925454784
0.291664284890391 0.263151123539906 0.39466965723623 0.0505149343334722
0.176558852190169 0.0171181284491008 0.275542927414426 0.530780091946304
0.00990689716152967 0.281090530866064 0.26777781990411 0.441224752068297
0.330228701675207 0.367834983783081 0.228801508234419 0.0731348063072928
0.350625450495163 0.0473316062385189 0.402443258022089 0.199599685244229
0.216402918750175 0.21932204452575 0.332411406609209 0.231863630114866
0.0863257891647599 0.325311628372882 0.556934634194806 0.0314279482675525
0.396601224632021 0.11551600159447 0.228816295039646 0.259066478733863
0.129243566972762 0.344247499325381 0.319187123183958 0.2073218105179
0.132782463819423 0.476776909169952 0.22124954667674 0.169191080333885
0.409407463008164 0.368601405984279 0.213487790094838 0.0085033409127189
0.193070892671735 0.260625529057076 0.288469944660213 0.257833633610976
0.351845023498341 0.0729291801399335 0.263674358966056 0.31155143739567
0.384005836605484 0.372144342851525 0.181293625167676 0.0625561953753155
0.257458166769918 0.172700736261173 0.422526416601608 0.147314680367301
0.195814105622794 0.185084586635037 0.272042315176125 0.347058992566045
0.218946133470197 0.384368069251224 0.318612173204746 0.0780736240738331
0.28270446377881 0.208627542639798 0.277485620925885 0.231182372655507
0.34841804763899 0.165127994450022 0.264957852155951 0.221496105755037
0.064386593251596 0.515392614451297 0.221114725113846 0.199106067183261
0.425922328175563 0.310778046512222 0.167397262792686 0.0959023625195295
0.263171227356544 0.00930757501737803 0.264821302547787 0.462699895078292
0.285470157044938 0.0641883393848751 0.410878367696188 0.239463135873999
0.316764191948383 0.0204266090440278 0.209475728368328 0.453333470639261
0.279907901114189 0.0655787129458927 0.206907177766198 0.447606208173721
0.350255729920805 0.125207173474774 0.05267818532757 0.471858911276851
0.00203304486801069 0.377264094197927 0.415246062949941 0.205456797984122
0.450516735414375 0.0549064555156173 0.0445801466773358 0.449996662392672
0.232616165941731 0.0265245621322239 0.333854829485786 0.407004442440259
0.0527230018665702 0.180093663451954 0.63814686307861 0.129036471602866
0.549323344545416 0.15367742276719 0.0959713752042864 0.201027857483108
0.328988456330976 0.354471293999838 0.210050480130047 0.106489769539139
0.260904199610659 0.247424151025124 0.247991286090881 0.243680363273336
0.0959441491599228 0.206580966278282 0.36880170824524 0.328673176316555
0.35978721147923 0.227216261692717 0.351054857803887 0.0619416690241665
0.164179463691175 0.249305025978924 0.270138860542687 0.316376649787214
0.0507322988219285 0.0872975610463157 0.323011508446854 0.538958631684902
0.47337078033684 0.272531397136398 0.23011349088896 0.0239843316378019
0.100898476898727 0.0685127404564286 0.321750629878802 0.508838152766043
0.263498767612228 0.340706152200252 0.214849139009284 0.180945941178237
0.272162722178825 0.199453255462783 0.201491773260983 0.326892249097409
0.324165544493859 0.213572329857266 0.266670943505298 0.195591182143577
0.174765846970947 0.360888307553826 0.307708035451284 0.156637810023944
0.767589948619736 0.109503820674924 0.0110441891368905 0.111862041568449
0.287753082407977 0.149517815121673 0.202164190213791 0.360564912256559
0.0437542686933953 0.285838022202211 0.382760215526754 0.287647493577639
0.421342021632556 0.473374035588473 0.0503576580561064 0.0549262847228648
0.661348040431059 0.135551284272723 0.0317204294656598 0.171380245830558
0.0531449357707689 0.252610692545167 0.348710977474336 0.345533394209728
0.117550404464123 0.311847684522668 0.223147669923318 0.34745424108989
0.171850628789829 0.329011679289036 0.194407512681728 0.304730179239407
0.0391982593638891 0.110800075702688 0.198250913927582 0.651750751005841
0.324605354879468 0.290564418986633 0.354494567267413 0.0303356588664862
0.210487553405363 0.0581785828443138 0.347828518274612 0.383505345475711
0.258986802766762 0.429504362052094 0.114014823619112 0.197494011562031
0.347036609304154 0.207353864973232 0.302215986625148 0.143393539097465
0.247940499691833 0.243416916449008 0.429133181312459 0.0795094025466998
0.218952988423075 0.0195874336461641 0.444830539024207 0.316629038906554
0.325207019749164 0.113305474401486 0.208925720433917 0.352561785415433
0.12727489532786 0.312712170226008 0.523060320422599 0.0369526140235326
0.318985175216005 0.261139318209142 0.187304827848359 0.232570678726494
0.359342939860805 0.353140900820591 0.264480157624473 0.0230360016941309
0.275291205612159 0.396041056857829 0.310060437536668 0.0186072999933439
0.0958872500287875 0.10737152748684 0.499161870401032 0.297579352083341
0.266866774451429 0.149019330167577 0.320741972440175 0.26337192294082
0.550690005110257 0.256020364737809 0.0210399579464076 0.172249672205527
0.432010208013021 0.143020677886121 0.0392018050698804 0.385767309030978
0.214194025609057 0.531398283722999 0.0244020651825777 0.230005625485366
0.28182398399504 0.07109254805837 0.313250446784602 0.333833021161988
0.185613104580676 0.276519283905917 0.265461561353998 0.27240605015941
0.0299681675660169 0.404487114343744 0.389378263068037 0.176166455022202
0.257077570806364 0.455942692731825 0.283517588191404 0.00346214827040738
0.299553910875349 0.181721311576215 0.179736890644486 0.338987886903949
0.350356286404728 0.131452265988796 0.245304152214677 0.272887295391798
0.301122141883608 0.476140389577367 0.101351570098517 0.121385898440507
0.3490820444648 0.0494620999810022 0.314966204518617 0.286489651035581
0.370316728407487 0.282946648736147 0.011642842798822 0.335093780057545
0.53288800471305 0.454948416698697 0.00938498941564339 0.00277858917261009
0.279580513285482 0.381389003035268 0.143388410844589 0.195642072834661
0.0744345307955611 0.540423659404161 0.255287589807748 0.12985421999253
0.0903902261432293 0.329812328624167 0.232011542868977 0.347785902363627
0.234618781428934 0.0662579836146345 0.375008190515788 0.324115044440644
0.204213409279788 0.484957932849605 0.0443255211265862 0.266503136744021
0.33272119163937 0.566059829523329 0.0675941726860582 0.0336248061512433
0.0505653273487253 0.0139608988312792 0.430378646340394 0.505095127479602
0.246050368681512 0.286416737469166 0.314188293125667 0.153344600723655
0.391975217222534 0.349578362015368 0.106094315121231 0.152352105640866
0.352683703145072 0.242996701765273 0.370638325363464 0.0336812697261906
0.208956390504005 0.297651810801903 0.395035521051421 0.0983562776426708
0.258453399854705 0.209119919956381 0.431661485614181 0.100765194574733
0.0766065339134222 0.370021749433896 0.208823116844061 0.34454859980862
0.343491542677262 0.31860583488148 0.0849667386573791 0.252935883783878
0.143913169155542 0.335652524047256 0.212832648800119 0.307601657997083
0.233395149775427 0.134188368148281 0.372398469755217 0.260018012321075
0.0680520846038579 0.098922423524843 0.247464928795815 0.585560563075484
0.282006829490241 0.302990442278116 0.0206766126377777 0.394326115593865
0.162264963609798 0.296190579626322 0.302300891894845 0.239243564869035
0.124909084776416 0.142381046124409 0.412567256800953 0.320142612298223
0.301565739323015 0.115265735157407 0.436159771421799 0.14700875409778
0.293662028499454 0.179022779199556 0.282320934978725 0.244994257322265
0.102613125582642 0.421900783789032 0.408286125158129 0.0671999654701971
0.336204524467092 0.218001201904211 0.225302742237555 0.220491531391143
0.427055219550008 0.399225012820931 0.0320850589524302 0.141634708676631
0.302594580688143 0.386924182872401 0.0804499274066781 0.230031309032778
0.348558888670376 0.108145072550465 0.334781339111888 0.208514699667271
0.191326625009274 0.447425764266242 0.029430775249355 0.331816835475129
0.381061403486643 0.342892554358684 0.256923761279954 0.0191222808747186
0.206324629453507 0.346615509321757 0.330131929217261 0.116927932007476
0.0644726210099805 0.290854814458754 0.262950279681193 0.381722284850072
0.233278197813161 0.372134329470409 0.0692043681514687 0.325383104564961
0.342666068962313 0.290471696290141 0.284072376319347 0.0827898584281993
0.284971648248999 0.234245808023328 0.35940511376427 0.121377429963404
0.261366310122226 0.37085008039587 0.117530382678239 0.250253226803665
0.247446333820194 0.365726445415069 0.180695784486364 0.206131436278373
0.252209694556873 0.104103712065189 0.299615865448411 0.344070727929527
0.11989574087668 0.553148881387875 0.299617824915951 0.0273375528194947
0.448245065567973 0.0126902555436549 0.352282797124345 0.186781881764027
0.289506937043713 0.195096787625617 0.265385053199634 0.250011222131036
0.0523792624249005 0.374296141687908 0.313030482949176 0.260294112938016
0.346126265159916 0.0297898518306341 0.0158106446075702 0.60827323840188
0.605186663070096 0.0320877595000037 0.157815663429315 0.204909914000585
0.0605202595872094 0.170186879344067 0.2372233575262 0.532069503542524
0.018226195926672 0.121155685264871 0.430895956128558 0.429722162679898
0.326774057444299 0.267887585091801 0.283263144914221 0.122075212549679
0.340936666184728 0.4242136347489 0.0845333521010579 0.150316346965314
0.244582447418494 0.278724698566807 0.344914166761325 0.131778687253373
0.444581594181587 0.0012015108941004 0.471353109961582 0.0828637849627304
0.0740859344249291 0.430599821829096 0.0657102565381339 0.429603987207841
0.246192542093188 0.0631486256709088 0.391262564411141 0.299396267824762
0.0146354498055404 0.44029145225725 0.211155437705525 0.333917660231685
0.366404271799083 0.0953487945256032 0.254223816416336 0.284023117258978
0.08955852845325 0.136596846631062 0.609225959885347 0.164618665030342
0.200957305308985 0.0951183419347049 0.138573564834168 0.565350787922143
0.159134352109212 0.0953767639443782 0.402752852125034 0.342736031821376
0.324959969392723 0.190933457998484 0.199207128860278 0.284899443748514
0.193001299047425 0.557457657132411 0.0354127301882749 0.214128313631889
0.0909042175154199 0.745586831611877 0.00656661311386058 0.156942337758842
0.0387708956171836 0.396324433234155 0.227271839970149 0.337632831178513
0.334192312868154 0.127129535734006 0.0273086541074634 0.511369497290377
0.331063845993235 0.101639237695429 0.432614038336036 0.134682877975301
0.3821280315095 0.107978108704825 0.0442284791798188 0.465665380605856
0.404112162140672 0.198917746198785 0.0908638422120681 0.306106249448475
0.351940978339857 0.299393200739885 0.145758628575914 0.202907192344344
0.245554604298775 0.362940571823318 0.0346490206546658 0.356855803223241
0.191350598037507 0.272454431492693 0.407453457961926 0.128741512507874
0.651440781661371 0.291816215803785 0.0498912590239656 0.00685174351087834
0.262280910887969 0.297247988224566 0.165622478676918 0.274848622210547
0.105271164555408 0.209570847611733 0.374976143150876 0.310181844681983
0.0627422857816811 0.258950787067733 0.0521002110832662 0.626206716067319
0.279970564203361 0.178994372045989 0.234618095264445 0.306416968486204
0.154571416310795 0.172758853585663 0.227550301501459 0.445119428602083
0.0749407258134289 0.171397328272341 0.585262497007956 0.168399448906274
0.198872800970299 0.230345735484958 0.134826166061377 0.435955297483367
0.299840420741496 0.322484415323791 0.0185482526583489 0.359126911276364
0.130911796422884 0.363368412236605 0.25399057702168 0.25172921431883
0.231071861818887 0.192454271858992 0.253826570973083 0.322647295349038
0.301653607440582 0.121182398776782 0.163321024092944 0.413842969689692
0.306364044358501 0.147466526880894 0.255823177987598 0.290346250773007
0.224248834430105 0.190625692832379 0.33033074577147 0.254794726966045
0.339522641804303 0.114886661212207 0.204833464252458 0.340757232731031
0.306374869012043 0.285763052298392 0.105704619036913 0.302157459652652
0.290130578761839 0.30410398659356 0.180151140660593 0.225614293984007
0.159464258112044 0.288681174464178 0.25816717285267 0.293687394571107
0.0675448172271332 0.398830588770792 0.376019805061103 0.157604788940971
0.31492968731221 0.199702415205482 0.335917564356498 0.149450333125811
0.0835605237121352 0.210103721590008 0.36727892305325 0.339056831644607
0.361737270490266 0.169440789122319 0.170842066233921 0.297979874153495
0.305428501753741 0.136177679782121 0.310035797738125 0.248358020726013
0.203376757983362 0.277286414717988 0.214347128546479 0.30498969875217
0.342616857064656 0.184495510244337 0.153253352254128 0.319634280436879
0.450868606850394 0.074134386184029 0.421481832513393 0.0535151744521833
0.108783386632026 0.389117452479448 0.294818416629645 0.207280744258881
0.385289498884136 0.0376663726235468 0.276154011704901 0.300890116787416
0.0709503974776411 0.27786952447366 0.421047894167403 0.230132183881295
0.264763887873748 0.21843786557025 0.203130976347806 0.313667270208196
0.26923679275908 0.0764612813742126 0.377193553941354 0.277108371925353
0.188845903118495 0.0560852209797501 0.244780318669003 0.510288557232752
0.166481301121957 0.337277408396284 0.263736430852678 0.232504859629081
0.345217277407785 0.195226509840597 0.123212908700565 0.336343304051052
0.310106488600069 0.314501133666306 0.2164017116457 0.158990666087925
0.32188660466278 0.252903532058393 0.12498617116745 0.300223692111378
0.10925688022851 0.271933291616856 0.310407274565866 0.308402553588768
0.068243030722266 0.0938846256665298 0.534653468655888 0.303218874955316
0.311222972656817 0.298184064689254 0.220398356185432 0.170194606468497
0.00761051408367369 0.132056122284086 0.437568287642616 0.422765075989624
0.328429760052481 0.324284591375145 0.131239294533277 0.216046354039097
0.278734003627679 0.152723779711945 0.33013540865272 0.238406808007657
0.337977420640283 0.12282420414786 0.0462710842886802 0.492927290923177
0.314677998837191 0.283656693279743 0.240587965488193 0.161077342394872
0.231960865800625 0.457727808175608 0.0835180628991506 0.226793263124617
0.281107577463375 0.129289127963258 0.262653258266613 0.326950036306754
0.199529572782723 0.344603018269919 0.298927994263258 0.156939414684101
0.262164165341309 0.281998361764791 0.268917919286724 0.186919553607176
0.325718812215553 0.19134899874308 0.0495397660462049 0.433392422995162
0.338470602543431 0.2356376181554 0.139209870609062 0.286681908692108
0.0715447076643776 0.316491720143933 0.298682926708686 0.313280645483004
0.418738235990618 0.0181066922347258 0.416023985531765 0.147131086242891
0.26661789011248 0.203423935178438 0.207335481225978 0.322622693483104
0.102368732099161 0.0490320872779476 0.442552915454639 0.406046265168252
0.250974032706314 0.241676498392307 0.110537896744612 0.396811572156767
0.308150026801013 0.30976610085458 0.106810207534705 0.275273664809702
0.329656320558663 0.297847873821123 0.00856312170770739 0.363932683912507
0.332530574536455 0.195385329128618 0.134894144547503 0.337189951787424
0.39065783910192 0.187842132469386 0.201951038975452 0.219548989453242
0.171825851127266 0.226699205128663 0.340888524230288 0.260586419513783
0.231221594302931 0.143557192769902 0.324744009797553 0.300477203129614
0.316642219122749 0.26921732018127 0.314388931494824 0.0997515292011569
0.034545215405206 0.153050335741827 0.284802113830005 0.527602335022961
0.202381777185084 0.494346298057195 0.0691348065919423 0.234137118165779
0.304629644568119 0.182254844501678 0.366080372939106 0.147035137991098
0.265273519485389 0.032401348561103 0.450418322342362 0.251906809611146
0.337588341056041 0.474383518475083 0.0931759408930209 0.0948521995758559
0.29798686610716 0.30053003622719 0.280652803097089 0.120830294568561
0.181742683463937 0.250226548362868 0.375524128982916 0.19250663919028
0.0884371177196418 0.397945897241579 0.387446733491686 0.126170251547094
0.330902027683265 0.15288721380846 0.230730856079995 0.28547990242828
0.472940492856264 0.37097189966654 0.133884392753778 0.0222032147234174
0.440995014271685 0.335796868699262 0.158537975072011 0.0646701419570417
0.152490563282667 0.266238787987909 0.277434586043837 0.303836062685587
0.190156500138993 0.0613418993744565 0.359022085773751 0.389479514712799
0.300259998043616 0.321135841298302 0.190902174974287 0.187701985683795
0.609020697760833 0.0694582490903092 0.293200181986108 0.0283208711627497
0.139655942740646 0.0358937920751856 0.485467574119802 0.338982691064366
0.0428835434200849 0.571527719892642 0.0284362297664573 0.357152506920816
0.08156095257577 0.350292062198479 0.168407501436796 0.399739483788955
0.338516294908945 0.16869437803665 0.174604922702014 0.318184404352391
0.026910575946898 0.178250926447012 0.538556951264288 0.256281546341801
0.106311210648845 0.410610532771946 0.127382049620239 0.35569620695897
0.407296365341919 0.196643868505015 0.36168985164403 0.0343699145090362
0.0136922659584259 0.0213540205252788 0.523965575760488 0.440988137755807
0.131563963120589 0.417682870136727 0.341114244776971 0.109638921965713
0.0528275255089524 0.381850989537173 0.323600288107318 0.241721196846557
0.432921080993231 0.28300412033973 0.250804293450668 0.0332705052163716
0.440337233115873 0.0488548181744296 0.175622344600619 0.335185604109078
0.218127836499449 0.468128445664339 0.105707915828334 0.208035802007879
0.454430081987133 0.0991816363346986 0.392716739555176 0.0536715421229924
0.0824516354149082 0.178893448958216 0.304799397273782 0.433855518353094
0.483691244900193 0.00192401181263247 0.359789392006279 0.154595351280895
0.323917171834907 0.310187635296998 0.0151126139037319 0.350782578964363
0.22184443961913 0.34467895017138 0.242272175609136 0.191204434600354
0.188443730026537 0.15530468261704 0.322299488082601 0.333952099273822
0.108848082194569 0.479645850842338 0.212760667784979 0.198745399178114
0.165990528845327 0.327585462486631 0.291488033716749 0.214935974951293
0.229619961823902 0.182074219619271 0.267949319062172 0.320356499494654
0.32585609675659 0.201363376216829 0.228966189002281 0.2438143380243
0.592752942451862 0.027329620953886 0.109128490602756 0.270788945991496
0.661763184060659 0.0571541794202573 0.0514827878401268 0.229599848678957
0.146842370448966 0.318170470937874 0.260887213088054 0.274099945525107
0.179284334188765 0.384263321897552 0.281865559466919 0.154586784446764
0.256289262285116 0.100831776683893 0.333101725440237 0.309777235590754
0.134158228577088 0.296240329870815 0.213743392103498 0.355858049448599
0.266088599953784 0.254281056365276 0.30288496940317 0.17674537427777
0.31496397654361 0.153526978482646 0.516664784056193 0.0148442609175523
0.244735730601867 0.293109741266379 0.17191690447359 0.290237623658164
0.527111997041291 0.0869107501743338 0.379904307539648 0.00607294524472704
0.40968162364162 0.261740236756966 0.276946540384758 0.0516315992166559
0.158309606602279 0.24421105002699 0.059250981180355 0.538228362190376
0.331649348613722 0.340129824580693 0.322322458530355 0.0058983682752294
0.441978475161471 0.0155422979900624 0.00575476033363599 0.536724466514831
0.475618109198783 0.0520929044186456 0.459812381035703 0.0124766053468678
0.251036661690382 0.050879208755191 0.285170074638114 0.412914054916313
0.21469711901386 0.287363410713436 0.127333949670852 0.370605520601852
0.352331338671297 0.15344755565652 0.128975393802727 0.365245711869457
0.220228116876548 0.46365998215776 0.173405711986799 0.142706188978892
0.357161290625687 0.262472128363748 0.0924734330439149 0.28789314796665
0.311052084539523 0.270856485880802 0.0762494599391089 0.341841969640567
0.383729275604562 0.0874052340999957 0.180477880916087 0.348387609379355
0.40661196804904 0.115625455223333 0.319262683679145 0.158499893048482
0.415613762954022 0.280201445144244 0.0632272926031551 0.24095749929858
0.146519986350407 0.624733049963464 0.189463299259718 0.0392836644264104
0.353913814150008 0.262818275044333 0.239985170238807 0.143282740566852
0.342989581638158 0.559557955672544 0.0952676956773617 0.00218476701193697
0.320049525404462 0.215196149967978 0.27946730508517 0.18528701954239
0.0850362985664149 0.342956974845585 0.35341636684976 0.21859035973824
0.320234137004311 0.0749485764292373 0.307081485506764 0.297735801059688
0.0142214763669419 0.51029499731335 0.0621772173474584 0.41330630897225
0.0339042651603533 0.404946258034482 0.213196492978398 0.347952983826767
0.0163279078746753 0.432893041355397 0.394936318872805 0.155842731897123
0.0172557202631832 0.2760679396855 0.145774288753944 0.560902051297373
0.0996383726058057 0.510366393091081 0.0353403927789012 0.354654841524212
0.24686426948422 0.122468037161201 0.285135770324821 0.345531923029758
0.226244123154752 0.23067441816919 0.453202534295238 0.089878924380819
0.368843882968941 0.498579908707826 0.0204062852296868 0.112169923093546
0.205591589171588 0.389571313241791 0.0121854681391714 0.39265162944745
0.186806468166122 0.424576629185669 0.110625575708169 0.27799132694004
0.3946908250747 0.417720429479983 0.175695804403659 0.0118929410416579
0.314057446391667 0.0843750336075491 0.320430447678343 0.281137072322441
0.235313555134028 0.339313577832379 0.138028341722377 0.287344525311216
0.289286366975778 0.0699823670418074 0.312236960559956 0.328494305422458
0.0562727791328794 0.33636921112463 0.349596691967034 0.257761317775457
0.166848740030219 0.336322368577942 0.113448342926021 0.383380548465818
0.197552379138921 0.462300833261945 0.270475991706375 0.0696707958927598
0.301161397986724 0.262182639863507 0.281595833064788 0.155060129084981
0.0112598196704295 0.0882181120516762 0.599800064073649 0.300722004204245
0.140042571797868 0.28291764165834 0.372832027103578 0.204207759440214
0.0142841251216271 0.0914367350325112 0.521073735461493 0.373205404384368
0.118599021779304 0.395930010673217 0.433197186862806 0.0522737806846732
0.319478744855826 0.017202265558574 0.188096808161371 0.475222181424229
0.257018830554024 0.0533909099583634 0.566123962557028 0.123466296930584
0.316516791450763 0.28658696243975 0.273088741859565 0.123807504249922
0.0729396125748185 0.433678768533471 0.371585031511114 0.121796587380597
0.364946545311855 0.272077220222833 0.114969659159131 0.24800657530618
0.471593728214308 0.313096273587131 0.00882552783734375 0.206484470361217
0.561955084373656 0.0315233813238792 0.275222028512625 0.13129950578984
0.375012948190958 0.0579763428240213 0.479354206930404 0.0876565020546167
0.342893256703526 0.239882343919343 0.198718803576568 0.218505595800563
0.335587882399611 0.190499332680561 0.399663673408916 0.0742491115109109
0.17160127002447 0.109339469410827 0.364561008881137 0.354498251683566
0.332476025148831 0.116025114225608 0.186875635143354 0.364623225482207
0.400533524709402 0.468628876006111 0.122602883797368 0.00823471548711947
0.149432744532544 0.278589034047619 0.181448176853767 0.39053004456607
0.151815574433172 0.545339696096094 0.154069369271753 0.148775360198981
0.10883996846276 0.22652695394744 0.299067245609058 0.365565831980742
0.365527828268351 0.353362048456117 0.129315108175491 0.151795015100041
0.271273623493351 0.302478302427709 0.335684255451227 0.0905638186277135
0.312645153257131 0.228749227744318 0.198244253395246 0.260361365603304
0.428245122483026 0.370704168404385 0.0779083686296534 0.123142340482936
0.287424384887306 0.0810172978747674 0.25062787195872 0.380930445279207
0.0706309282151926 0.061186367724001 0.73428236780991 0.133900336250896
0.255092820167489 0.305901018058017 0.0273129491455891 0.411693212628905
0.366538678308818 0.00794180299266327 0.283129699813198 0.342389818885321
0.374263144442956 0.15741384211352 0.263725303119435 0.204597710324089
0.345407361055781 0.246291560976517 0.277566125986791 0.130734951980911
0.152227514535054 0.296244856542068 0.510188161682194 0.0413394672406832
0.442645757632865 0.108657829803393 0.24704587666796 0.201650535895782
0.207340314540088 0.259620608261611 0.266688430786443 0.266350646411858
0.0917546208894893 0.151422269886982 0.20402560839961 0.552797500823919
0.246084525571172 0.361306005967736 0.219487680981261 0.173121787479831
0.307953596226834 0.00715800939572073 0.324626452344511 0.360261942032934
0.180734398619963 0.405094258907614 0.0232039988334751 0.390967343638949
0.469051078502947 0.149533808888086 0.378515511256649 0.00289960135231761
0.244091044818363 0.44445098952192 0.108452510676459 0.203005454983257
0.287986350137391 0.189461480573513 0.194438493155338 0.328113676133759
0.233706491565956 0.207071647154095 0.421062526181 0.138159335098949
0.247078869053178 0.120797043924184 0.127865744197859 0.504258342824779
0.24065826369097 0.16404339698942 0.344884149057618 0.250414190261992
0.0675577637854269 0.0875763369791394 0.351634513022263 0.493231386213171
0.416372375839701 0.350544548591401 0.18862131229919 0.0444617632697079
0.136675633302104 0.20768975366512 0.256165975291499 0.399468637741277
0.62300252480036 0.0667521500139902 0.0553952325374738 0.254850092648176
0.086958079465767 0.425910476563634 0.109732145985178 0.377399297985422
0.262361140793091 0.373043500910255 0.307159003648625 0.0574363546480283
0.181165579405522 0.354028474768859 0.0995724066361518 0.365233539189467
0.208859234970977 0.0736795206899471 0.264807227466238 0.452654016872838
0.225284681633592 0.195994863252359 0.284117689848403 0.294602765265646
0.297176840564098 0.291786806023608 0.190408710862656 0.220627642549638
0.0100650286159419 0.465281196134887 0.276194273204942 0.24845950204423
0.176557654006197 0.000139517587560868 0.446053562410314 0.377249265995928
0.468360452268374 0.0702620218359834 0.0734189125755198 0.387958613320122
0.332298207306635 0.252367739662412 0.306557234387709 0.108776818643243
0.273610450620538 0.251700534237942 0.201364081152812 0.273324933988708
0.391582336186012 0.219910745573379 0.327204555112288 0.0613023631283206
0.391186889830191 0.435607396814158 0.151077438567743 0.0221282747879091
0.228923985199513 0.420257661502879 0.113702666273676 0.237115687023933
0.0962818767316448 0.194784633118914 0.457734280998749 0.251199209150692
0.190367843101819 0.144303166968157 0.27449709389524 0.390831896034784
0.163902075008467 0.162070492001886 0.388053198616362 0.285974234373285
0.150659912254489 0.0948722379155489 0.387237571220581 0.367230278609381
0.387492745772213 0.0928387746863111 0.259907513569567 0.259760965971908
0.249016336318284 0.371436783404209 0.227514853240027 0.152032027037479
0.526513774511198 0.148864730227971 0.209773519943971 0.11484797531686
0.108976662225279 0.416358448815094 0.301036828174687 0.17362806078494
0.319594654242266 0.443808096862341 0.140263494573988 0.0963337543214049
0.170366865172071 0.485743331694555 0.329825041714852 0.0140647614185221
0.463626686160309 0.0861415931360751 0.237358444213318 0.212873276490298
0.377870369578021 0.00590963663445541 0.423211672805908 0.193008320981616
0.541484952556278 0.158887790930723 0.170476589026609 0.12915066748639
0.168034878604115 0.0294787781491228 0.169088472363718 0.633397870883044
0.172487125275331 0.285972745017267 0.502948102584927 0.0385920271224753
0.210026221460882 0.274452124088679 0.125582694985585 0.389938959464855
0.332795130721082 0.0216405764271898 0.141038713001381 0.504525579850347
0.596879524338003 0.202987766585144 0.127846552888148 0.0722861561887046
0.313251699109519 0.0143859108015676 0.344361707094713 0.3280006829942
0.479015075959776 0.132513999277944 0.219181737733458 0.169289187028822
0.704190224251701 0.102797901303097 0.0646283875570771 0.128383486888125
0.247184032742204 0.22855853001777 0.19965339914152 0.324604038098506
0.270200020789543 0.401057264043576 0.266882465365254 0.061860249801627
0.0135843411567896 0.450548934825474 0.057387252305172 0.478479471712565
0.120075226134195 0.196618963316996 0.355496319124686 0.327809491424123
0.569185815043378 0.159775445307747 0.130718316567863 0.140320423081012
0.321668055819127 0.0661434696789215 0.256016242902113 0.356172231599839
0.250452514825106 0.326448134926889 0.382807809371481 0.0402915408765236
0.156861099644345 0.343637862946939 0.190294227257109 0.309206810151607
0.378341272674127 0.159971240731142 0.183744297852991 0.27794318874174
0.229688327198491 0.0676543505593981 0.648579385555583 0.0540779366865277
0.273695950595119 0.231890320042694 0.312161632581174 0.182252096781012
0.413027425273973 0.0948563703035926 0.371792179678295 0.12032402474414
0.23380187622157 0.358034104554633 0.209153691579124 0.199010327644673
0.373169701092579 0.196090071182644 0.0919789337389681 0.33876129398581
0.490459688473292 0.212889605947059 0.256038404856354 0.0406123007232947
0.213846978654538 0.37740324881552 0.251354230810211 0.157395541719731
0.381402282376232 0.125882597448477 0.230180951270218 0.262534168905073
0.401625726625076 0.163078712482475 0.168642641697816 0.266652919194633
0.106555648554878 0.365303027960083 0.163845917645266 0.364295405839773
0.849707971555011 0.0859434229468505 0.0066434928563955 0.0577051126417431
0.258620592352611 0.331614969539458 0.0250245133124753 0.384739924795456
0.208408827946575 0.251378243024272 0.0418784235759201 0.498334505453233
0.286625620335235 0.109379347836996 0.348777048399031 0.255217983428738
0.0440037110124111 0.241770443609088 0.57196972546587 0.142256119912631
0.205626135564501 0.338676741766517 0.169664795066486 0.286032327602496
0.362528622639215 0.149688650780212 0.263607669455277 0.224175057125296
0.42958545134123 0.0559054880024161 0.196062735552006 0.318446325104348
0.346212767752247 0.327624993521609 0.273903654653473 0.0522585840726712
0.198078639674073 0.291352954186852 0.289906289975001 0.220662116164074
0.230836877404494 0.0690238221841951 0.338854365456095 0.361284934955215
0.00745252165637435 0.410156745716657 0.27855823362714 0.303832498999829
0.108367800839585 0.703759454456196 0.0104168386139372 0.177455906090282
0.192676149588065 0.101701224128772 0.365162905589967 0.340459720693196
0.352201354157726 0.101644608493911 0.387053597363219 0.159100439985144
0.22210671194338 0.336089564022573 0.141833286405586 0.299970437628461
0.432094272988747 0.208031698663057 0.248400448927223 0.111473579420973
0.382918415693582 0.172542751329432 0.127543914267118 0.316994918709868
0.028211544349971 0.362208627725064 0.0501949495195897 0.559384878405375
0.174297297915687 0.116801631035818 0.0283268859181872 0.680574185130307
0.253932368512399 0.212140004761282 0.33524862686492 0.1986789998614
0.307533426710205 0.390875140198319 0.214141230452208 0.0874502026392678
0.118946656330951 0.135433014455925 0.659243436436912 0.0863768927762118
0.272745096410981 0.289457841471084 0.177456603048308 0.260340459069627
0.126515546744786 0.421131678333375 0.26815783429137 0.184194940630469
0.0485033855730152 0.30876774827398 0.3614145464201 0.281314319732905
0.245496863725207 0.521463763198405 0.201806019625883 0.0312333534505048
0.254722502164496 0.266886432074745 0.186317709433309 0.29207335632745
0.106122365311808 0.186308627777844 0.569571520992186 0.137997485918161
0.155441842434758 0.165155465592942 0.379545692107478 0.299856999864822
0.111129305933556 0.415448611905848 0.360375202030506 0.113046880130089
0.223070447812276 0.424702180757414 0.231856979576364 0.120370391853946
0.262787224437308 0.282792885777824 0.232218814451285 0.222201075333582
0.529950813600123 0.354383264383055 0.0832424103926216 0.032423511624201
0.42559900923677 0.26705178464171 0.268100265722923 0.0392489403985963
0.304381887994797 0.162061701622106 0.232307821814696 0.301248588568401
0.242350680279379 0.222303729064605 0.127073115667493 0.408272474988523
0.176551145962052 0.304206672807869 0.114079956575675 0.405162224654405
0.304282333197225 0.511257147326983 0.14812921272706 0.0363313067487312
0.38706267602668 0.386509054266569 0.0101886244215706 0.21623964528518
0.320029219472708 0.218187373806463 0.292867319144672 0.168916087576158
0.380742176850236 0.150872479245294 0.212857304347237 0.255528039557233
0.282904618337121 0.0857375203894461 0.359300324146701 0.272057537126732
0.437472238190349 0.302752112580751 0.0195006684467201 0.24027498078218
0.147254873191867 0.299382198180148 0.376342158863137 0.177020769764848
0.242195593544895 0.351252721609188 0.108012467646502 0.298539217199415
0.232175578774139 0.21633291274556 0.329727979753654 0.221763528726646
0.205620231076169 0.347016095978764 0.0304346828417555 0.416928990103311
0.311910859282541 0.0670280153776354 0.264199104538126 0.356862020801697
0.0918821387002827 0.173066798645594 0.401795045515993 0.333256017138131
0.216335985179751 0.230656200300299 0.299215501323128 0.253792313196821
0.178077635813275 0.595056572223801 0.151419772695482 0.0754460192674416
0.519637920082711 0.13849164012864 0.202283953730018 0.139586486058631
0.23910809868174 0.248600487179581 0.111055110818449 0.401236303320231
0.319683175558435 0.224575281267248 0.363129837087292 0.0926117060870251
0.208923688908245 0.25379796822003 0.203613200800394 0.333665142071331
0.401407386798998 0.0726723040755045 0.0801904439191521 0.445729865206346
0.0119689902166628 0.183858911942789 0.376535032955368 0.42763706488518
0.285581189451653 0.289979035759453 0.193880975998533 0.230558798790361
0.425667071258819 0.115173112930305 0.31617608570391 0.142983730106966
0.314587724425707 0.0374533823131621 0.293989514356652 0.353969378904478
0.29658260312301 0.0853200007046258 0.0415563373704531 0.576541058801911
0.584778214123277 0.0557536237885602 0.123668633125632 0.235799528962531
0.444733575129906 0.197605198713307 0.320700999876589 0.0369602262801979
0.0205959346837663 0.290352187256389 0.348511072291226 0.340540805768619
0.34634959155065 0.072720245236587 0.344915593279308 0.236014569933455
0.127138624317804 0.389193456756308 0.367534840644783 0.116133078281105
0.166961736615683 0.322657781203673 0.245464738453589 0.264915743727056
0.425305407869917 0.0833625571958042 0.262735307727834 0.228596727206445
0.41701075156243 0.238681339340506 0.177879024693041 0.166428884404022
0.0802064527054823 0.397497928044359 0.10438177094861 0.417913848301548
0.205082208280067 0.372363174697744 0.236709488407258 0.185845128614931
0.239387388244826 0.321983336171884 0.365082135716718 0.0735471398665722
0.156517146556953 0.0244684684183186 0.416356953362409 0.40265743166232
0.0581065736160114 0.300782742163432 0.511331331146762 0.129779353073794
0.464976782883709 0.045903834175692 0.487524847196387 0.00159453574421193
0.375104912851406 0.194738218714983 0.124734564829542 0.305422303604069
0.236641755937012 0.0495874599908333 0.263749697939385 0.450021086132769
0.376798912525839 0.00598627289604305 0.486707097162304 0.130507717415815
0.190164646769088 0.114676026473202 0.344722397034918 0.350436929722792
0.394537236302301 0.19347784505174 0.312708544896958 0.0992763737490006
0.265800338746667 0.233663791318299 0.251585257514084 0.24895061242095
0.0133931151571095 0.212663025430197 0.461316025565738 0.312627833846956
0.290319030637282 0.414830676546985 0.0487457690612649 0.246104523754468
0.410358016021856 0.184502672939152 0.304541330647545 0.100597980391447
0.178254991710886 0.417063625274373 0.0436263205577692 0.361055062456972
0.25630785604076 0.550791336383167 0.185286660150347 0.00761414742572591
0.32163818245294 0.368323612338566 0.118543905562492 0.191494299646002
0.401612256392941 0.242499032977901 0.342224475940228 0.0136642346889295
0.348334126902737 0.29087001869556 0.0634753364135463 0.297320517988157
0.220528959607768 0.384687401166845 0.049908431278818 0.344875207946569
0.318264112078978 0.204837737208381 0.14050621170384 0.336391939008801
0.339949901692177 0.0278805666786751 0.261272693268011 0.370896838361137
0.0434947479942009 0.436047248307785 0.164058751333421 0.356399252364593
0.403896377396485 0.292905987319281 0.0516480278738731 0.251549607410361
0.414167787667493 0.0309014336791848 0.106431784697468 0.448498993955854
0.141385935165951 0.0932485464196315 0.588390822183455 0.176974696230962
0.154162638224958 0.229248961382957 0.38931086739428 0.227277532997804
0.212811533514568 0.22926071530962 0.271212318639332 0.28671543253648
0.47409092411689 0.0365767168048358 0.132986195655689 0.356346163422585
0.296934728334837 0.33006641829441 0.242487247362532 0.130511606008221
0.493351718422848 0.0533703831990499 0.351621624676271 0.101656273701831
0.337068686572499 0.320177697028899 0.243556472149502 0.0991971442490998
0.0366241467576226 0.0373239369188229 0.0023347081658221 0.923717208157732
0.279132617466472 0.151002515952701 0.340311328230123 0.229553538350704
0.272931522925333 0.271606930294695 0.0252413292296436 0.430220217550328
0.292908395220047 0.251329883082795 0.153237709914504 0.302524011782654
0.00583397885150355 0.372301798530196 0.219589107041675 0.402275115576626
0.374105577451037 0.207335243452815 0.121758587133472 0.296800591962677
0.274532030738756 0.10782014395266 0.263322746952199 0.354325078356386
0.0495269259735316 0.266674608707771 0.630602359589577 0.0531961057291209
0.133334388798465 0.239057576528254 0.488538116351884 0.139069918321397
0.225995249021732 0.327925696014983 0.357879640720632 0.0881994142426529
0.4350081826434 0.00805168470135815 0.306844242841611 0.250095889813631
0.250935740417546 0.298761127276159 0.318793631256937 0.131509501049358
0.194998522248893 0.329599278145208 0.400313488180763 0.0750887114251361
0.26537751401816 0.0384532615959345 0.330646952707464 0.365522271678441
0.135545604577748 0.209681651514844 0.365895940628982 0.288876803278426
0.0118861844936846 0.28254637896655 0.371719180979365 0.333848255560401
0.283059706052086 0.299469784882661 0.300941391760319 0.116529117304934
0.319129459272279 0.38353352384455 0.194095690794283 0.103241326088888
0.252249146737431 0.287430427629828 0.204364576157466 0.255955849475275
0.102628260124641 0.0784484943849777 0.37347106995265 0.445452175537732
0.20177718733124 0.267675322085549 0.457129593921308 0.0734178966619027
0.0937141872423784 0.00834163984407387 0.610228026650355 0.287716146263193
0.132242077823531 0.254685337454506 0.445167872565515 0.167904712156448
0.346702620913425 0.336225447747918 0.28720445874503 0.0298674725936269
0.242725915713207 0.5062829020515 0.00555863766675496 0.245432544568538
0.0354040397607671 0.480574054352292 0.182014113549366 0.302007792337574
0.343100165949951 0.259408779267664 0.114106456077923 0.283384598704462
0.0150640311018471 0.613620774521964 0.106479011325143 0.264836183051046
0.396032808771144 0.0448480284073244 0.419312239490309 0.139806923331223
0.340617447651506 0.0669108883347846 0.283941498954607 0.308530165059103
0.393824957847658 0.428966553409 0.166930496310566 0.0102779924327764
0.336881184952039 0.303029015926299 0.00548017710416127 0.354609622017501
0.17507268109264 0.158414103703791 0.33167707474618 0.334836140457388
0.247013570480504 0.225534254154151 0.0703915821264291 0.457060593238915
0.172316394802393 0.22413976940071 0.369141164526361 0.234402671270536
0.236143671280854 0.336848101792762 0.0854188048528646 0.34158942207352
0.364816248967338 0.241231968646727 0.189531623493267 0.204420158892668
0.174970414757302 0.355260654618345 0.136914950320613 0.33285398030374
0.24776393471872 0.25767605599964 0.391797935583888 0.102762073697753
0.111988705512258 0.348453981407956 0.402357668943945 0.137199644135841
0.0634760101779199 0.296263625404936 0.392739222499329 0.247521141917815
0.498868484226386 0.180034366918086 0.0522180875536116 0.268879061301917
0.201102710959237 0.274803387902449 0.376744662619845 0.147349238518469
0.21490295660548 0.0481707591197292 0.362340615645249 0.374585668629542
0.101719290090716 0.522155572927881 0.0747556395180484 0.301369497463355
0.229040219179402 0.374222184283713 0.264062427795531 0.132675168741354
0.313687079553407 0.185646923771188 0.257660686371383 0.243005310304022
0.336233345831591 0.209507764958303 0.0540132661543207 0.400245623055785
0.0952211924594242 0.515431162387933 0.246252670276507 0.143094974876136
0.340376894769284 0.0588998203749315 0.310749439425091 0.289973845430694
0.166804794508142 0.281421191753583 0.292947755454521 0.258826258283754
0.310002142569568 0.245771833698652 0.162276259452273 0.281949764279506
0.388988274433884 0.219051249017296 0.0445089920440304 0.34745148450479
