0.120305258562714 0.0361947434058816 0.141125138644075 0.16978724041888 0.129658623298557 0.0866537531217091 0.0520608808056635 0.117917414211881 0.0218942763601183 0.124402671170521
0.163062602176963 0.164695381718271 0.151841627143179 0.09405383185911 0.0503037711299065 0.0625889872545038 0.0766083589358513 0.169340516140516 0.00821034203778258 0.0592945816039157
0.114564656900098 0.194540258920609 0.0952469057169237 0.0521388964244853 0.159704307570951 0.201703386453451 0.0743715739343157 0.0444648618243355 0.014196997861905 0.0490681543929252
0.135089957247495 0.134219067679245 0.0641362147037032 0.149729303088618 0.0638167346973452 0.117621909096101 0.0584261099774287 0.14635094177599 0.119805153387202 0.0108046083468718
0.0698052175819 0.0790622304326148 0.0947025528214856 0.0661211417213044 0.109968700915121 0.154913429506665 0.0909815730431237 0.0347682739378958 0.137102134707242 0.162574745332647
0.163245352220367 0.125147106033555 0.147537212659504 0.153486495920567 0.0863232323500921 0.0892883474394076 0.0276482170806168 0.147018111394882 0.0384505459932971 0.0218553789077117
0.128645024704309 0.180236466913529 0.155782469633489 0.13462683019251 0.068329848168392 0.0522459763069163 0.013349294927336 0.0512221863600937 0.115281201553753 0.100280701239672
0.124400025744625 0.0677567251023548 0.0780266184977407 0.0429335179745269 0.0778519969892939 0.124281394475075 0.101617165385415 0.204936157100164 0.174121733444954 0.00407466528585063
0.167389660663492 0.0778234157998878 0.0332507557602869 0.181646224608662 0.187751598708987 0.0598904990718264 0.0518507464818619 0.0112206676712539 0.0382906893417009 0.190885741892042
0.106827075097219 0.000469687437772435 0.123738458326733 0.145266936524128 0.134584971836138 0.0135595362905223 0.197599914510558 0.0259814078114902 0.13504722648564 0.116924785679798
0.132831094272103 0.0586068621344341 0.0891764197202292 0.109298167219559 0.155846189039041 0.15993098582381 0.0349166408283054 0.0734961263999957 0.0662686551347063 0.119628859427816
0.0794825580397431 0.111223757592896 0.112135465961637 0.21282489906975 0.110510561202333 0.0610710713677682 0.188551014491985 0.012938882323797 0.0318624051118966 0.0793993848381937
0.0948952399158255 0.0891368194125173 0.0427311434150614 0.107153547298332 0.107552138451213 0.0373028034068539 0.235723360774857 0.0283254772482014 0.073540258357666 0.183639211719473
0.0743785173524279 0.179536529702032 0.159793545121352 0.0872170764397066 0.0766498496079617 0.184382383474602 0.00145853131796734 0.0255215748820512 0.197638001720848 0.013423990381051
0.198011148382005 0.00961444662669608 0.0695237152145311 0.0401058475324733 0.151761111983853 0.0671089738427807 0.16322119802114 0.00796170970944083 0.104486124590911 0.18820572409617
0.109052778452714 0.125946943064645 0.133848698502159 0.145077442897112 0.0973910564849519 0.102868296543489 0.0294566131924356 0.0893703303080718 0.127016616400954 0.0399712241534687
0.0276345362087984 0.16805950633597 0.0784848187679158 0.113902518741603 0.0278368743076297 0.0325227635197824 0.107074186729629 0.205861426382959 0.119740454457403 0.118882914548309
0.0604571763989503 0.207814304390383 0.0566977549668751 0.102573678126213 0.173984975279176 0.145179854344868 0.0562754209965239 0.0357639292435272 0.0703137330944301 0.090939173159053
0.130933267373262 0.0378243381343277 0.169032811562263 0.100090389849721 0.0428635897527347 0.026816399221048 0.161489882708502 0.0685217773128223 0.160346018677733 0.102081525407586
0.149568308805542 0.0765533179619074 0.107925811021114 0.134018777539731 0.0454463240285236 0.136500055244419 0.00152837213202783 0.0589820632472953 0.151319048356651 0.138157921662789
0.0285107252242459 0.176600511721636 0.179277987267146 0.134820105015841 0.173138315890745 0.0049729346380146 0.0539298604454755 0.0438826178181099 0.0468580238742093 0.158008918104576
0.0357655258805228 0.15280260185159 0.181822249755832 0.0274513978258021 0.0404990349657817 0.172533054309708 0.0324756275652512 0.119115994086653 0.143189392349088 0.0943451214097712
0.067931318093881 0.12201615596017 0.16343101661134 0.195774033659488 0.0236905607466319 0.0528195359178056 0.0615449200529731 0.0560733847367809 0.179508359266204 0.0772107149547272
0.172806893715741 0.0737413085638127 0.160165634864229 0.0992599138044627 0.0708250133815786 0.0417317502874538 0.0236915348432192 0.202385156269927 0.145631177134398 0.00976161713517819
0.0137442943099769 0.158414004427225 0.0280356481427429 0.0141535019530292 0.16811759169171 0.0979718730818161 0.160646854192501 0.16626787017644 0.161706267523118 0.0309420945014399
0.0413564513773572 0.0819681707576118 0.117415371155105 0.0429946483713992 0.160396043004158 0.0768237828718176 0.226136435914825 0.194438998437718 0.054783394729507 0.00368670338050098
0.0217812244611164 0.132603085035041 0.023901391680306 0.207126531379268 0.203692855921728 0.0108200214830082 0.166653840155667 0.0445307960932673 0.138365867984952 0.0505243858056453
0.231325437670865 0.0623604836982025 0.0449218223750407 0.212147271841954 0.01123120903936 0.114609976801745 0.0385516208535003 0.0452503073063664 0.0248236205389483 0.214778249874017
0.130037629532357 0.0882502598394358 0.0115969670197629 0.121746317217628 0.144050147684769 0.000969670974769016 0.12323802522781 0.10260968470209 0.144131013863884 0.133370283937495
0.112091923198172 0.0700365409886003 0.128916141014552 0.0228401057842405 0.0740105342150743 0.147649285346616 0.120407376941407 0.0477811556666276 0.125977926974934 0.150289009869776
0.0492258075786189 0.131885075954407 0.11222772501334 0.149670145032205 0.0660086713841903 0.176998733747374 0.00326219555657573 0.057151724379256 0.16666375287994 0.0869061684740941
0.079229467966685 0.00442040168095147 0.247337871506224 0.00775807858534724 0.0801402690926609 0.0120628985263454 0.0008759819369193 0.10010355553817 0.240077710528488 0.227993764638208
0.040856568170033 0.0352828914152879 0.0709249503771293 0.13093446477433 0.164953024148122 0.125656933593908 0.0776594068292549 0.0696400418007774 0.139208726843429 0.144882992047728
0.0182630923997846 0.196936484597582 0.03839157487576 0.183222289092742 0.168890906338555 0.122681790813763 0.0684019840831988 0.188288423801016 0.0143229868974681 0.000600467100131299
0.00908509728232125 0.0483592871149409 0.196309335880144 0.0266825938805513 0.127434221930305 0.222340080168431 0.0667341936437705 0.0836156682348715 0.0182763091510014 0.201163212713663
0.029896780425835 0.147673111075822 0.0954502518728182 0.0391841068682275 0.113793695119583 0.0352605617948862 0.11351492506386 0.183969927365666 0.195349250418088 0.0459073899952155
0.0487048309429252 0.0707042421028864 0.162377688073924 0.120170456008398 0.154940059900504 0.013140440219583 0.117293535114558 0.107705737770216 0.126323672459368 0.0786393374076376
0.0959220487281073 0.114487987933924 0.0102455326138498 0.151749042710409 0.0893111259911051 0.136424823276164 0.0757453330396437 0.113547839331662 0.0732849114302434 0.139281354944892
0.0704729325490616 0.0260886621758745 0.0961504138181503 0.0209965230647888 0.0507216781685621 0.181634191632609 0.185655167427676 0.159279382447254 0.0490358003621104 0.159965248353913
0.0491020040991891 0.152830420120979 0.0901618163264589 0.0633717647329326 0.173065162499845 0.0423534470141619 0.046526497254361 0.109874293959798 0.169826413181429 0.102888180810847
0.0691345299327419 0.0425390391681546 0.163584704593968 0.136335370893853 0.065433141051594 0.0747941458548424 0.132747212696771 0.134740095342522 0.0528566280218372 0.127835132443716
0.0395155580473432 0.242797475635261 0.0456714778132126 0.0628753482755625 0.00851676067462261 0.170933401654694 0.262708851698137 0.00448440610617202 0.0646164342980633 0.097880285796931
0.0944878701877416 0.183427807180112 0.128304370068462 0.0372594676706095 0.141695231998931 0.00961469326354282 0.163123364227345 0.161895944466111 0.0425229836578665 0.0376682672792779
0.128129220243172 0.11847206231873 0.0717743281177851 0.0846671442547246 0.123061130665503 0.126217500915354 0.0512265176549793 0.0671441297416738 0.13125356187946 0.0980544042086189
0.110331376111303 0.202531311056796 0.0175318109376552 0.0374211096761083 0.0164392050616401 0.173986617512111 0.167519208284564 0.152018524115469 0.0777712129155091 0.0444496243288456
0.17413010330971 0.135981891240288 0.118537604881801 0.136469487713797 0.00761647281880002 0.124108400550745 0.106908294979411 0.0120363890378332 0.126657410667312 0.0575539448003022
0.234135712263184 0.0056307833743025 0.207123434947123 0.0513521102385462 0.116788706344132 0.0790994608348382 0.190131525272736 0.0533890905382396 0.0440206474573685 0.0183285287295313
0.0031073482880813 0.0876745239781918 0.0372032712221615 0.169547080112859 0.192441115632938 0.179158534910361 0.00846190893343665 0.0237053090074586 0.160649853123265 0.138051054791247
0.0856717580756259 0.163957809517447 0.0700799625046393 0.149419527229603 0.126567814582881 0.168380746701786 0.0290882301685479 0.0996720930326693 0.0728802576552249 0.0342818005315762
0.0922284383555107 0.0901695627651146 0.113240796569512 0.111914283699803 0.046117208996164 0.153411673746682 0.0955705744666132 0.0805656633354968 0.139963155381816 0.0768186426832881
0.123626752704962 0.149570467505936 0.133897564295018 0.117529717946706 0.0246543412944584 0.0513826605134627 0.176964350834552 0.0970002190575648 0.0846125071154633 0.0407614187318761
0.129727025276085 0.0128615668340514 0.136864627674313 0.168976312687108 0.139170817886494 0.119987450945725 0.0382485179382306 0.112179556016048 0.0145134791947075 0.127470645547238
0.0915855482656146 0.129958820534949 0.013015495242268 0.0633228724285619 0.190609430938009 0.144022517345672 0.125313480131528 0.078702160220407 0.157063217982253 0.00640645691073737
0.143871875487617 0.0585675759700393 0.136095666141589 0.0346355786644641 0.0698967103563051 0.130206304730323 0.0698931889144098 0.133100789396862 0.0973985426669049 0.126333767671486
0.0489491091022085 0.0804000465778371 0.16058926575669 0.0795054059557046 0.202674677618393 0.0961978002688642 0.0276997027268955 0.227769059361042 0.0213059785030006 0.0549089541293637
0.0680121266589665 0.23678143619077 0.0214894650001779 0.0605187556734443 0.0718566306280865 0.194830056210226 0.0600071264521081 0.100176128461818 0.0756261975400426 0.110702077184359
0.150744090623512 0.164648894572934 0.00180941263922873 0.0993975674827543 0.113714451719937 0.0110329433891509 0.0644940982517519 0.0525055136813949 0.15039378602366 0.191259241615676
0.059873518968871 0.076392690244693 0.0418726416157198 0.0614939965546557 0.192397352178125 0.193660074362477 0.211631026979951 0.0205635195037726 0.0545846322600598 0.0875305473316747
0.0605227785764193 0.0852085658628094 0.124690260542758 0.0585640348466309 0.0729713404102354 0.0939773349323359 0.145300702161502 0.115163033690305 0.102239289306603 0.141362659670401
0.166729400267308 0.123141822609234 0.16735159009541 0.157173648495596 0.0338900966947956 0.0581309609380487 0.0457483122822809 0.166663139964445 0.0405416178095935 0.0406294108432892
0.01623970486973 0.0991362731782085 0.143196777582215 0.12704503989451 0.0428597029974931 0.0647136897004113 0.097425703265356 0.174515350113431 0.109309610001206 0.125558148397439
0.0934432364512964 0.114801599131503 0.046544447318183 0.161409474582845 0.140903493793756 0.0549133857266282 0.132507072567782 0.082661060044612 0.0275733056392687 0.145242924744125
0.093901113267024 0.0405247425069773 0.168992540466259 0.00367152226059406 0.139453508343611 0.007678643684399 0.0624242703713157 0.163760418358657 0.137758625565762 0.181834615175401
0.139998669602291 0.161313732070861 0.0364021405734742 0.076348626469589 0.0641097856811935 0.0428553355183987 0.132045516034048 0.0836116954864092 0.0827924288749141 0.180522069688822
0.0278094020475712 0.180164354375861 0.00786879821012502 0.240129561240407 0.0174173546886727 0.143934271318479 0.197117908759193 0.116185619058798 0.0362707134230872 0.0331020168778067
0.0591139349278502 0.0327652957167068 0.117583691312635 0.161506816359306 0.21347497286313 0.102405062464025 0.067565497673684 0.0610180151100592 0.158202225678795 0.0263644878938086
0.0012323888283369 0.102601878751565 0.104316877059229 0.16410435268002 0.0312294918367012 0.146167113777624 0.0395787926351779 0.248167872831865 0.060550462961928 0.102050768637553
0.078564512297174 0.0839731534495344 0.0986806408705694 0.00160011379123739 0.226199272961898 0.00477858047492134 0.0648625102272842 0.117862364774109 0.12854766834947 0.194931182803802
0.0864976475387224 0.0962461069775257 0.0242803836816709 0.11769428750349 0.029744715893289 0.0830706211386947 0.179633463352844 0.192278878336466 0.117755491161521 0.0727984044157762
0.00241193328324768 0.168145040543568 0.138729530578384 0.119859756610099 0.0173619967921077 0.135234530085635 0.164718141174385 0.079834268721629 0.0142829873852749 0.159421814825669
0.118865623295714 0.0974051044128926 0.110504956730904 0.12065166258083 0.108533306028108 0.103548914033442 0.0715401851257463 0.125499495489368 0.0872946439602521 0.0561561083427433
0.044961684335499 0.160086673944075 0.160608421175911 0.0387038196133363 0.144025600519458 0.124925226004024 0.0324154560534397 0.143292843791108 0.0727199762449148 0.078260298318235
0.0136916466006304 0.182681633368803 0.0980514684241156 0.150184305652782 0.170763225251081 0.0795596583158834 0.0991165398250132 0.0986026758397466 0.010906968128243 0.0964418785937023
0.156163174703339 0.0243181909059568 0.242907741122701 0.00574609917494048 0.0480504269315484 0.127168228060457 0.0410429188374323 0.215962614644948 0.088132174913334 0.0505084307053424
0.0605261361032056 0.177108207442101 0.0651285766876563 0.106818782140365 0.131209648130149 0.176910073128726 0.000676196277136061 0.0235505102081085 0.0792854858005689 0.178786384081984
0.0158689919955226 0.141815070420087 0.134381376602861 0.0384380125993169 0.0866979765980107 0.118368026263291 0.166273988189072 0.114985269037202 0.127372404831255 0.0557988834633816
0.134088948647315 0.0951422408048241 0.150872299782171 0.0931930503697253 0.124191134874951 0.0892151623098672 0.144920981246597 0.0370400572444888 0.107371706906651 0.0239644178134094
0.073815742310208 0.0764262087348747 0.150283314824151 0.00805682189173489 0.193905310554211 0.108794003723389 0.0360328228170732 0.0453638218056159 0.137310933074878 0.170011020263865
0.0238507041619561 0.16222574103088 0.0976109214445379 0.15692369789457 0.0943266127924528 0.147136436513874 0.0160932848031998 0.0314600272705593 0.111645522773804 0.158727051314166
0.199981712540502 0.12456406279716 0.106382016565022 0.0546652072943094 0.0132464772370756 0.106463176543221 0.0256131271028818 0.0321233251660977 0.162127793188337 0.174833101565394
0.0420645914362004 0.132646495792242 0.127618167252374 0.132665106897697 0.0508389986448941 0.109588645093527 0.146469101452265 0.00202566040511853 0.151107349745576 0.104975883280106
0.197408741263284 0.0287928452526149 0.0653653675317337 0.00260038685358186 0.257169143988806 0.16389971318262 0.0643523637251356 0.00192211185335637 0.0818600856456864 0.13662924070318
0.0615427045741326 0.128055254868119 0.0956705646090172 0.134077345698534 0.136984467021602 0.163084653459281 0.0366454535966039 0.0997277278429538 0.0228277828583381 0.121384045471418
0.0632062884937033 0.0676698202421352 0.203722137623366 0.11224335260821 0.0265471630100894 0.21649050599026 0.0196269300935051 0.0658158317171535 0.0517622584529937 0.172915711768584
0.0697899901530118 0.01608932913105 0.116067836198276 0.167455023666219 0.0658600512122177 0.106176794499155 0.150638542884678 0.0945385173849851 0.0922766420363524 0.121107272834056
0.00882212468406904 0.0415683696275079 0.0257828216920085 0.137421131692595 0.223998317878801 0.00602350038810229 0.178397444500609 0.140679662923523 0.102337892398289 0.134968734214494
0.010436203481629 0.145133344939382 0.193278639443195 0.102535048596573 0.00554909468355334 0.12922187819338 0.130298922634826 0.0938615892560767 0.141415934409439 0.0482693443619464
0.161099322618789 0.122112118230398 0.129433775978265 0.118394193596554 0.0790353731696026 0.0363140345060611 0.114227749403281 0.00979850756018598 0.169965561944775 0.0596193629920881
0.135862838852449 0.132544019404361 0.114498817022461 0.168424482070672 0.0981457324419274 0.0525689949451037 0.146194419946705 0.0737292875777874 0.0682158734524445 0.00981553428608904
0.146483531474169 0.0214206739941887 0.00417456355347866 0.0268300194442793 0.142957290253319 0.120861568857386 0.141514764618183 0.162355382137428 0.133669572517144 0.0997326331504249
0.126373358218007 0.040457058876624 0.0571664428849813 0.0432115884916022 0.0959515308676824 0.0727986258435298 0.138676212679476 0.174608861394483 0.220798757115147 0.0299575636284676
0.0026760000453705 0.143315681953635 0.122248999314103 0.028765123619015 0.0787866041313882 0.113832151639751 0.214111107741541 0.164493505546578 0.0782548402277866 0.0535159857808313
0.151363804670537 0.0224101181592909 0.167447126825699 0.115625394562149 0.16384700322862 0.0353432321483613 0.140031110224777 0.133633995657233 0.0116987424015359 0.0585994721217982
0.0479515335778737 0.0190565295072142 0.158751375000489 0.152892104820799 0.0649807804447649 0.139547773376355 0.15588810750627 0.19291086808627 0.0285738932606747 0.0394470344192892
0.047894300719625 0.0169841349087078 0.10234637736914 0.130427101439805 0.0375512262224571 0.0455328505056823 0.144546684460633 0.164725232540461 0.195465644974522 0.114526446858967
0.100773625564101 0.23008511843703 0.0171362737038424 0.00581707716285854 0.0638062756121396 0.172660492475553 0.0709102862569445 0.119748743380569 0.210609259203801 0.00845284820316167
0.0713993393564533 0.118541567833767 0.00755007446977946 0.0459153923591992 0.153595984986614 0.134990798731993 0.144136743875697 0.0409129719270757 0.137316779023766 0.145640347435656
0.146462297837145 0.0291225552795838 0.129089117480844 0.133845502603067 0.0193805943403412 0.156238047182342 0.123997613265044 0.186262532134756 0.00465283665910076 0.0709489032177753
0.112523454090556 0.109862487168577 0.00254294681082087 0.117216294424896 0.09468701992694 0.00210427294971747 0.147989209665031 0.162373072625045 0.189329670965761 0.0613715713726574
0.132739505523992 0.0864616624633255 0.142276033441179 0.139768911732981 0.0614768878744036 0.0134204238422177 0.00882889623692738 0.155742860783719 0.106133903418841 0.153150914682415
0.225663872330834 0.00864645579099316 0.161947258098814 0.00359578979911121 0.159280176901856 0.00386734088994361 0.118375919789863 0.0948952234185894 0.119388387392 0.104339575587995
0.176079209191522 0.00110921638619715 0.060031498606912 0.0716308982971148 0.180321187239358 0.182643390150488 0.0248549736391134 0.150877662440564 0.143778581554469 0.00867338249426087
0.0706026973105647 0.104263809040573 0.125218617643825 0.139826279407175 0.109552561665016 0.167794708588634 0.0215245888254477 0.131582360054691 0.0193133696204329 0.110321007843641
0.170466672475408 0.177232091525375 0.140954667558406 0.0588583429745819 0.0236648507125448 0.0193192570995575 0.0129202696225042 0.173388218689123 0.17922065099963 0.04397497834287
0.23364561494535 0.0921388050726185 0.065910265441109 0.209643211382761 0.00324199010661381 0.119772812876479 0.0987830298275669 0.0384626085180148 0.000472274098091996 0.137929387731395
0.139703513634477 0.120112195003713 0.122709344423498 0.153470719518916 0.020838174374272 0.158204142200287 0.144638263978572 0.0833239272763601 0.0218946066263391 0.0351051129635655
0.135675267097738 0.118709602203635 0.0927165659802883 0.115225715831121 0.123072897035622 0.0460885853066754 0.0860815205389029 0.103537243055993 0.082296157422577 0.0965964455274479
0.106232646561412 0.153739291615049 0.000692186155950462 0.118183190974737 0.162290173607766 0.0458634755617036 0.0324084960435312 0.153621086343164 0.0895502784257376 0.137419174710949
0.16901675194176 0.028368958745446 0.0747608369703195 0.0404486187087277 0.112334747175793 0.138568052929255 0.0195986951469259 0.112617242826388 0.13549863107435 0.168787464481035
0.169082013406315 0.0224132946296493 0.0674276726751904 0.0141482202149717 0.0753734411956739 0.030549885708906 0.208115328357951 0.191064331840081 0.191151620045622 0.0306741919256392
0.0144333130334157 0.0251117471400273 0.0800359158413567 0.054603788591111 0.134477088646587 0.152280748105537 0.135935821286068 0.0874740548055466 0.187914575393859 0.127732947156492
0.0961662303755333 0.115355786958763 0.134534399130433 0.0514868720980298 0.0943687585452917 0.145165836821877 0.101101337773359 0.129333969308855 0.0112734958751686 0.12121331311269
0.225802982737227 0.200360494935629 0.122784245129461 0.0733726385944922 0.00444977792249449 0.0776866818233587 0.111735296304463 0.08512968097256 0.0832493655839112 0.0154288359964036
0.16958200929832 0.155611454364073 0.0876964061026761 0.128560686113221 0.0869435982481192 0.0744831807393077 0.0281717000792455 0.0993557292843434 0.0414008751529028 0.12819436061779
0.0914686914169347 0.113393234674893 0.114524593731944 0.0254709060265395 0.107728613511223 0.0673998071162481 0.121769558606398 0.122919446942449 0.118630326617657 0.116694821355713
0.0444204471978399 0.169590761997869 0.00939676570375437 0.158176994877568 0.178115836116867 0.173364724203627 0.126520624781734 0.0752786838122878 0.0610785258589405 0.00405663544951274
0.10439490208919 0.1224743054827 0.0664591192544089 0.0216504744514472 0.134281035844372 0.158842392684638 0.0599958190967884 0.0371795937466462 0.130488855292416 0.164233502057393
0.171889523059589 0.00967051998502793 0.150133369764321 0.102569350037783 0.188545761051823 0.10182165493217 0.0945386316369259 0.0841349438654072 0.0130434466655849 0.0836527990013688
0.0684405419808884 0.0202215506181672 0.0636253070142642 0.13710774398146 0.191801594407356 0.156235310296694 0.104376027968616 0.191536489225372 0.0461657115614105 0.0204897229457713
0.179268700023008 0.0486594444305394 0.0999140986891229 0.131731224726531 0.0366746956955427 0.102111583772215 0.127492304811548 0.16547597826564 0.100161802770651 0.00851016681520273
0.0656647748559444 0.0623952651508655 0.125715505853666 0.125594040791358 0.0264235620478012 0.120095932555738 0.0910592616488431 0.0911137538023768 0.128514741684828 0.163423161608578
0.00912287403698713 0.0932244043529568 0.172122413820006 0.170952547851864 0.107413269672603 0.0906482627439825 0.0765751649613252 0.222077263644096 0.0501632562153654 0.00770054270081345
0.160121724766152 0.0854995919466483 0.126097743485837 0.102992104857375 0.120712824243653 0.0291044655712722 0.0827052203825572 0.148579287322826 0.0705926712964958 0.0735943661271839
0.0513384514793485 0.192304261664848 0.189343747412544 0.0919866124115539 0.0468557968352847 0.0380849013595473 0.0963861647489274 0.153442352746246 0.0231007189661687 0.117156992375532
0.113424361076212 0.0959524361030969 0.216801315685314 0.115784054441295 0.0457398645875897 0.0338527213848867 0.172372868852263 0.0506619903465939 0.0961899302696165 0.0592204572531325
0.0437209208510764 0.134153998705723 0.147165163577663 0.104706525281015 0.0434976687393543 0.120597864848332 0.0325478887085477 0.119235640258558 0.101583800596114 0.152790528433616
0.118644383477524 0.0450845807528179 0.0916984392521572 0.092460310514807 0.119905042933895 0.125001236468421 0.0872694323601725 0.15593609116105 0.0613009601525967 0.10269952292656
0.139257155624843 0.0419817730382699 0.0849143996977373 0.116662991692683 0.128233426568436 0.11846518198087 0.0647178375267109 0.117326348483608 0.0724549044794589 0.115985980907382
0.0120461278717609 0.179788006997243 0.154779623294045 0.0763417249031906 0.202110423790073 0.0584845334389667 0.181107464538933 0.0201621391537594 0.0277016607403332 0.0874782952716954
0.150509854465407 0.0227647461699596 0.071732794250605 0.127907161539843 0.0696167018835028 0.0566424612114006 0.032264812314665 0.152059574175924 0.189558669049186 0.126943224939507
0.0244327297769744 0.172716597856473 0.130402312070792 0.171779146350501 0.0172612806486894 0.09686091470395 0.0586343386612027 0.174344508500486 0.145638050471527 0.00793012095940327
0.172246604656408 0.0670189643834172 0.0772972924542498 0.0770108462487086 0.0543327587039931 0.0890890534394887 0.159698153731051 0.17756267343198 0.0085485426163933 0.11719511033431
0.100252585384599 0.127090491731551 0.0232860287791635 0.0862630045121501 0.174372210913729 0.0241503242535128 0.162192702782642 0.0267106814201721 0.171015303505416 0.104666666717065
0.0659754192274031 0.0677986135430855 0.119356039696003 0.100958035682491 0.15117560358287 0.033601686697537 0.0970358142175024 0.0467148926848729 0.16819746734302 0.149186427325216
0.0861171799914081 0.101031333679725 0.00822283203450328 0.0363296285916168 0.118658643401681 0.102285900193949 0.136360688638371 0.0466569341377945 0.202093623956598 0.162243235374353
0.143754124176395 0.03736597785579 0.106837262578445 0.112241375490734 0.131257995506212 0.057823659514736 0.0844093843684036 0.00886542820727662 0.164169969774173 0.153274822527833
0.111591921587695 0.0570890008225377 0.173331145062289 0.0620450795128264 0.117511977937291 0.0435094153732721 0.205990190345357 0.0715393204839301 0.119664994585622 0.0377269542891803
0.0358291703107023 0.00743884621792882 0.15550748632039 0.148445134039711 0.178166760849998 0.0113123022841485 0.181700602351435 0.0167341382620371 0.0680200876821728 0.196845471681477
0.0406161846271949 0.0637286165604766 0.0280629266105106 0.10836235641276 0.198767578232383 0.262123946716147 0.0654833033899168 0.0682646833796389 0.14586162399851 0.0187287800724623
0.0595758711782979 0.0877595545624482 0.0262160102750213 0.185552792137442 0.122468695136604 0.0856426810467459 0.070654673406432 0.0779251095314738 0.094310876053598 0.189893736671937
0.087362849522423 0.0876009659910404 0.125543207283526 0.154605791551908 0.163224248478908 0.0322133609471845 0.132712385256248 0.148445164496385 0.0327480788518238 0.0355439476205539
0.0296229814522107 0.0353403966852702 0.139853353442736 0.140104770501892 0.0768355655570734 0.0900019616545887 0.244083919431034 0.0829959935239904 0.0794746449965145 0.0816864127546893
0.0145779322035222 0.0994050705141003 0.0409257652782846 0.1139561094767 0.184012922368932 0.0269512096240406 0.191011765129273 0.106218842168666 0.132893180552713 0.090047202683768
0.141287634265762 0.189034796053627 0.153926836922214 0.0434764525970866 0.00980933854657024 0.189683119726899 0.00234744996518385 0.0145767306970253 0.0584853825505229 0.197372258675109
0.11654960408334 0.127595558445301 0.00883678159877716 0.160537196397172 0.122087298290211 0.0849900195507708 0.0799243252859392 0.109431815859085 0.00275450468738031 0.187292895802024
0.122206345241116 0.0204343668174199 0.0554264276736265 0.116107910457103 0.181038731254988 0.0268276474060527 0.224437574712247 0.0978305538150231 0.135757128353026 0.0199333142693978
0.0329286554882963 0.157608700568404 0.032107791794758 0.142235580068912 0.0762388983135994 0.128416220131694 0.112172107848602 0.0805228531008373 0.191956903306185 0.0458122893787123
0.00871913941347621 0.140616485332697 0.112359611484842 0.058683655125194 0.156682613897399 0.182215764969341 0.145173555093288 0.0522100939776966 0.0387037167750776 0.104635363930987
0.0763763652248043 0.144647029660628 0.159831876420925 0.136879316819869 0.0845618108107502 0.134647465461616 0.0678799424325086 0.00194536279810314 0.098585636222689 0.0946451941481072
0.135133384297649 0.0788611337069212 0.209360165727466 0.0102696079238857 0.141023259347761 0.0493658459933262 0.184682365054831 0.0202423051820305 0.133331470651301 0.0377304621148286
0.0714935002125042 0.122389111538056 0.0847840060095921 0.0792204767488498 0.102675602757533 0.0945319770779833 0.104460534780826 0.144890498919468 0.164114058021958 0.0314402339332302
0.0448808986264595 0.0401717267513643 0.139103528984763 0.108902847695923 0.125320494868617 0.0947043656963389 0.0862463469559919 0.119458650007779 0.215076833299939 0.0261343071128236
0.110821786920048 0.0559205765595742 0.0990226086449395 0.0232108855553932 0.0497786020870215 0.0560444738875246 0.0740522714619595 0.168994014824629 0.201255261075116 0.160899518983795
0.0805905617110384 0.0954548789100858 0.0753430606731887 0.185018738140213 0.174676666249084 0.110883460694666 0.0599760940834162 0.0345499996202777 0.0646328053021539 0.118873734615876
0.169107222080752 0.0252090108155671 0.147536867649608 0.0784778397036146 0.189309382455765 0.0674224827238683 0.126382080020841 0.11766400671837 0.0152209177846357 0.06367019004698
0.117760730719307 0.0540842793732231 0.150260013281538 0.000145232831443969 0.0136553161989669 0.125074067308482 0.236616065531163 0.0303940987902386 0.173764378978381 0.0982458169872569
0.0604866739243621 0.0209864756803627 0.125939823378402 0.145939652653006 0.104997138085017 0.100194049630507 0.00227217947250607 0.20867371101529 0.128323744147826 0.10218655201272
0.184751648145432 0.0942018101837898 0.0569324220367272 0.0500938505667943 0.186015637407632 0.00331918848507961 0.0964274336674965 0.0803044936626399 0.0800960214621136 0.167857494382295
0.0932548579669437 0.184130391476536 0.126620351066136 0.0549137131409684 0.0851868256205051 0.0870618258609979 0.0827522658314614 0.1313446382606 0.0824060742608996 0.072329056514952
0.0299616928972564 0.0505075375504165 0.0503093440278792 0.0877729388168809 0.114284869687155 0.0814520043980752 0.183580893139826 0.158146501334401 0.0738630255023674 0.170121192645741
0.118989740697315 0.123976072886246 0.14400722893538 0.0428677259992813 0.0512060717730577 0.158083344781857 0.0197294805279557 0.0519552357335925 0.16753411548401 0.121650983181303
0.100776512325964 0.115578735768292 0.0404690550481028 0.0580363209303767 0.108172050460397 0.0514179962901763 0.188269444438097 0.183437433555656 0.012680804543604 0.141161646639335
0.0821552808907255 0.17240162858833 0.0549158576771698 0.00219114523432068 0.221209938144419 0.103177441879848 0.0359965433656531 0.241540102417449 0.0441596525003492 0.0422524093017358
0.0477475962717003 0.133073121798362 0.0112945813150436 0.116503545483921 0.0832983260556996 0.0478394702004168 0.138374558279327 0.143362614299022 0.137482396631644 0.141023789664863
0.025569757136587 0.135365052962154 0.156189436099991 0.0658444057813676 0.142647890257406 0.165000522438611 0.132618267237388 0.0376089662444412 0.0575341372085502 0.0816215646335036
0.108875268142772 0.132284791556798 0.0879246166960412 0.146034298885804 0.139247499810895 0.0602302939287008 0.113697083954966 0.0654887786311187 0.0836334381853425 0.0625839302075613
0.011969619088641 0.235333756511759 0.0435940512086901 0.113393661469467 0.0675434705189264 0.109979947514252 0.233672296410078 0.143783464472644 0.00413859750566254 0.0365911352998788
0.205415376160333 0.0291727894563047 0.0123572836526701 0.123066522150258 0.0759460936351357 0.0937206817247531 0.218502409874435 0.189954435129483 0.0480225710485893 0.00384183716803896
0.13684331889929 0.0247967850940885 0.0655829425432928 0.0552889864556405 0.0224721034627002 0.21941480533994 0.0389214844631242 0.100968802356916 0.099269085308646 0.236441686076361
0.223097117619976 0.0273014905216538 0.0881571442309994 0.00784305972237788 0.119783112943172 0.00685533922525547 0.269864616416948 0.0531714467023597 0.00534611065814565 0.198580561959112
0.0217168337637189 0.112686671198476 0.0798077200825269 0.0476662198709127 0.105209265434346 0.0643646287004132 0.158556267258899 0.165533659336288 0.0684357121763693 0.17602302217805
0.131791871733324 0.0819339987792134 0.0852749888281241 0.0606513467805879 0.21773625120187 0.0924997350361736 0.000377214275472458 0.0370002998118988 0.208741071134859 0.0839932224184761
0.0340044794107416 0.0687190103172733 0.142016350424045 0.115738006289556 0.129006742267345 0.146078538536903 0.159201992910207 0.122117910611542 0.00293759046133936 0.0801793787710474
0.056403227937277 0.122534930852772 0.124307909201376 0.142569030414681 0.137314132896407 0.0712071174164576 0.0998846818216857 0.0215233879109727 0.0909113710450778 0.133344210503293
0.105853077700788 0.0188395714265079 0.0506054559776536 0.124753209100533 0.120014779867712 0.071479905626243 0.130234873580481 0.0888312499850159 0.120103828898015 0.169284047837051
0.0494623923057341 0.198079725965266 0.122186118583007 0.192040851631195 0.00122221473779158 0.0566672314572625 0.0193827166958604 0.165779652234469 0.145481174100226 0.0496979222891887
0.0719471444806693 0.21733294026675 0.157574884992982 0.116990127426755 0.106429484637939 0.0792395924213604 0.099983329641604 0.00337242925844782 0.0465568576492966 0.100573209224197
0.000236407114348524 0.0826453601754627 0.132521510327374 0.159563869635799 0.142572487282627 0.071565752893177 0.117647909637352 0.0458832285756651 0.150637103659035 0.0967263706991596
0.0369130360977368 0.00482025536092419 0.154155182175922 0.16990295054878 0.15871135074778 0.136467121320763 0.159378686785149 0.000968736231280273 0.0156247887034823 0.163057892028182
0.0868002140433102 0.0322810753785029 0.163965440761233 0.0315000003460255 0.155782925084255 0.0868942551971389 0.0480073788748644 0.130355152413504 0.109678590608518 0.154734967292648
0.139560282152447 0.0959652274497018 0.160282637669958 0.103901691258846 0.146493967415221 0.13461566676184 0.0409696579550385 0.148202026135149 0.0212507450004791 0.00875809820132038
0.0956571052505791 0.0459187191517317 0.115202071573829 0.140622608598393 0.0754612608672124 0.130445985650761 0.132071769665064 0.0401090362788153 0.117359635776298 0.107151807187316
0.118351008422342 0.0787042659944352 0.0824499517499407 0.13255014252369 0.140194174700771 0.012220934791479 0.0209850063392638 0.115326979074751 0.138125209828598 0.161092326574729
0.0851603847445862 0.211326701634353 0.0527303529067104 0.0333456566260834 0.131841669646707 0.0147067719179213 0.0131433222816708 0.207191868369256 0.0714872220821395 0.179066049790573
0.156116795825382 0.196351888845674 0.0634736802927716 0.0426280782488823 0.0782671929977719 0.163138649463253 0.0143005482219128 0.194887148365641 0.0218487610668983 0.0689872566718132
0.0191326836419583 0.161491661881791 0.170600315225208 0.0658513865071321 0.0909588687133918 0.105013802690354 0.0558259613803815 0.045405992289484 0.166718277572623 0.119001050097676
0.0916481292724008 0.102906080024044 0.134622203103281 0.0454748490698029 0.279965306456719 0.0314657066713972 0.00496260264067374 0.094468723514979 0.0836485092092953 0.130837890037406
0.011674160276794 0.163127159020958 0.0348903624812193 0.106364741747863 0.177961010816261 0.0667042200735995 0.00928201374401612 0.168298296260073 0.142764135516543 0.118933900062674
0.12062595425192 0.110352153913305 0.0774834939876853 0.155521467004069 0.13748655171781 0.0266333140936333 0.138261089848199 0.0861091305166802 0.095968206060264 0.051558638606434
0.2287362861489 0.174065247427881 0.0269240626262743 0.119391091436783 0.170443639748455 0.178657223047211 0.0367340650753062 0.0189133903805651 0.0454056972687368 0.000729296839887821
0.152317676109696 0.0739394262368332 0.0857280722612269 0.0716884801758242 0.114257161709333 0.0141351407524832 0.0220269091804743 0.14356254011022 0.147752294056674 0.174592299407234
0.128062784601015 0.0492594746582711 0.125705990538556 0.148954789460053 0.0150563493809542 0.150490871000379 0.148367591479022 0.00222701805427269 0.0924360040682333 0.139439126759244
0.0348830636116171 0.189735437630872 0.0763147950807509 0.0331785917289626 0.0799464687535757 0.143490008536669 0.0561352094420154 0.14028451031429 0.077093503911749 0.168938410989499
0.0612708762221646 0.221436120838319 0.0951371117056197 0.0758540582170731 0.0861931424194304 0.0131946834957628 0.0850731489820397 0.0833422038689127 0.158042508275289 0.120456145975388
0.0883393237942335 0.217453104817022 0.0134561469212336 0.0178277247644961 0.239154281641654 0.0877336099180655 0.153939696207211 0.033443024482139 0.046559289096777 0.102093798357169
0.150650965473848 0.110383718385812 0.119321135253709 0.0720122007973402 0.0579789346466496 0.114784921344971 0.0970038539192823 0.0635302591789157 0.110169889642027 0.104164121357446
0.0181858603662083 0.0803786207027575 0.0211371361866555 0.064040084851091 0.109492481294544 0.182537281876998 0.0142766578316363 0.242155586028674 0.0182497449960597 0.249546545865376
0.0324864641800023 0.0639717307483053 0.0829876904245518 0.114301171983993 0.0250892963412573 0.119220355536347 0.180548915143766 0.0667155183915998 0.290144354038164 0.0245345032120134
0.108457324655641 0.154099866739757 0.185798633835013 0.0543084255861281 0.15273327170139 0.163136782811054 0.0195270685005726 0.0256747049327575 0.0794098274718337 0.0568540937658521
0.0546090442791933 0.173349914001589 0.0313311824957337 0.0415117484696755 0.146693838508353 0.183606204054969 0.158256690070398 0.00550400755519721 0.134999099637154 0.0701382709277366
0.0596981135673151 0.0717895626387453 0.167699009979185 0.0578348580774626 0.0967104051676793 0.0510774600978006 0.135203068484549 0.124284388505928 0.103257669749857 0.132445463731478
0.0570517078514651 0.0522120620249727 0.107969051510653 0.0455461310731207 0.0306168088915301 0.210761934427627 0.217417486996877 0.0438214591497409 0.00385272390822733 0.230750634165787
0.00146859364970721 0.12531826118976 0.207701579984249 0.0563410141169822 0.133950114823419 0.0953060166099221 0.00184131578529904 0.0864444596378691 0.0714372043003997 0.220191439902393
0.170591504757459 0.0179263173065634 0.166362394108257 0.0304470642592176 0.0644622554045062 0.216722025092768 0.00843349835295819 0.0991890633887507 0.199311509671275 0.0265543676582444
0.13279626963039 0.142808879729908 0.00238239371404399 0.191796168485286 0.0389614148226009 0.133736940294467 0.132893915497814 0.0507275381830556 0.0740708100576756 0.0998256695847592
0.00836056231435008 0.189052683633032 0.152907422100096 0.156460056092584 0.104664579050315 0.0555248948981672 0.0902740274114381 0.0539433224948553 0.072044531596431 0.116767920408731
0.162907323616363 0.114627528113509 0.00525540014251882 0.165854601690937 0.0393105175083688 0.0405808264945656 0.132795185127683 0.138960495812665 0.12913423427688 0.0705738872165104
0.00721658558051848 0.161970900060916 0.120321731848648 0.102376531068348 0.0528978855386035 0.106666957701358 0.168524536483329 0.0362689808735585 0.0714772711483876 0.172278619696333
0.142145033024183 0.0860385113468538 0.0715770145812955 0.128939174311943 0.119716899319119 0.140285221283734 0.0713775461251008 0.143414641143697 0.0112179668309116 0.0852879920331633
0.0594035527630855 0.0355974330746485 0.205835745567189 0.0979865802252065 0.052255369554735 0.111206858421532 0.1156277315185 0.165689676753125 0.0882341871625263 0.0681628649594519
0.136353319199958 0.114015230834642 0.0637660879496345 0.0089567130065318 0.0667286172414575 0.0184439876685408 0.140474687936634 0.188845655656876 0.0737726456713475 0.188643054834377
0.00672376692915936 0.0684667602360724 0.114705013364955 0.117504153807875 0.174916706422161 0.00758773112128827 0.00108434132754454 0.195664285927775 0.0862386927681176 0.227108548095051
0.0873447570622605 0.0568098041033633 0.0579880295912086 0.0810740277131751 0.230287519163828 0.0572626809933588 0.0829883670075772 0.181185544613123 0.0646792285201699 0.100380041231936
0.153284747895522 0.110806662021187 0.159655876963847 0.0680771998526463 0.00669042321655504 0.132866366407983 0.148845039492418 0.0557460327349806 0.007345327309534 0.156682324105327
0.130342493718837 0.180505251847919 0.0454708311915019 0.207625941026804 0.0237105189176595 0.17335928754626 0.0691957498941077 0.00525138461240373 0.0103548448990287 0.154183696345478
0.0634094551409229 0.158828997699593 0.129294077286107 0.162948127381212 0.0887105348195693 0.0555199509526623 0.115915139460689 0.0674514074942804 0.0840904409439862 0.0738318688209781
