0.133051651943665 0.0627338240106967 0.0335328346885761 0.118220582579019 0.0705121581615122 0.139143722581508 0.125947918232372 0.0478880924846165 0.13603016010542 0.132939055212613
0.162384886882283 0.0563720334448181 0.0446945953906201 0.0611063561681185 0.19906817758048 0.0942495291623579 0.0749694850305845 0.134660652077011 0.0377413159453137 0.134752968318414
0.193865121293985 0.0156060486626435 0.0925391439355139 0.0736557417098812 0.013227217016037 0.121504893035474 0.164632819676784 0.0731711624186951 0.118940658362804 0.132857193888183
0.0486883175046043 0.146331458512907 0.152259040845687 0.0537281678363266 0.0434101587936859 0.101801632320061 0.0695548731576238 0.152549784818935 0.10123184673224 0.13044471947793
0.0897951088513192 0.00862796981921449 0.167262797642492 0.0846242375557912 0.149433801805432 0.104686775797356 0.195580803009317 0.06491996508056 0.110698486929646 0.0243700535088719
0.166183023192742 0.148903284330475 0.017707466008726 0.0359125444502 0.173519718263067 0.114643031773854 0.174768029571236 0.0446416290668706 0.0924773627351372 0.0312439106076914
0.14433280892418 0.00122610941468286 0.0929974851140349 0.00533814530398226 0.255538200731771 0.0630280037657589 0.27772490258042 0.00905371211767536 0.122761778780626 0.0279988532668681
0.0795759064894272 0.0664007583759321 0.15074469982511 0.056394620578147 0.0642871946748493 0.196425493727156 0.0142346607157469 0.0238195145560935 0.152772037554783 0.195345113502755
0.138888476892643 0.0622052927326955 0.12291841640228 0.148363625268935 0.0107131743854435 0.0517511352059077 0.151541330165748 0.0574990035224474 0.113679954141645 0.142439591282254
0.116229976141365 0.199867702798818 0.0420657244658331 0.0925050142417213 0.0376143785678466 0.0671720993342715 0.230305186179985 0.00801851007034588 0.00150762198674446 0.20471378621307
0.137948892160714 0.178580261731068 0.00246026789611063 0.0114966452934257 0.0706940533553303 0.114976589531124 0.100893341854133 0.113401345174981 0.135276406584156 0.134272196418957
0.0722224091899977 0.00779672169618123 0.172260308356933 0.103277120734006 0.151958610189644 0.175445762301477 0.0103307758398488 0.00981774610050276 0.152791593552583 0.144098952038827
0.167416715504309 0.0698682860666329 0.125980674675258 0.149336702386843 0.0901782579875712 0.0263874590160848 0.196290295872923 0.00284466757933618 0.118482226864688 0.0532147140463534
0.0976344934839658 0.232596969988239 0.119792297302918 0.0600992267458167 0.00593898812226417 0.041172319074221 0.00931720127076336 0.133337315133837 0.165196558224864 0.134914630653111
0.0998731486558464 0.0546279237797045 0.101929997644171 0.065496001650684 0.0235363346239168 0.176715205030716 0.172407681983204 0.125591977015043 0.0394712792850935 0.140350450331621
0.056865839170616 0.140590344859868 0.0867101780952533 0.0919728616352424 0.0364157916611496 0.0955010051749398 0.164192707901436 0.0323593443103368 0.147854203692661 0.147537723498497
0.155051728103536 0.148628980597301 0.0491579052206826 0.081847038192991 0.0192413676104662 0.157062185832884 0.0819916861161661 0.0695312083161248 0.131534931853218 0.10595296815663
0.0526228679324464 0.0533681340917241 0.0975264519797781 0.0345080901035696 0.129942844170059 0.152189244532567 0.143727986603922 0.160561987762369 0.0591319724967157 0.11642042032685
0.0786683148916052 0.0456583311797582 0.09436568974051 0.0566220778001153 0.156960632791266 0.0888682651414621 0.155999915372465 0.0390318881411069 0.135145487811031 0.148679397130681
0.107337194512195 0.178955893113871 0.108614340949947 0.0756534275447005 0.095276212656912 0.172863486959409 0.00993557813427788 0.0762241131146951 0.0246197085460367 0.150520044467955
0.0603045255718705 0.12380855761722 0.0430432831116182 0.103884340288573 0.105488866459478 0.108043557904018 0.145436436830296 0.101354365328644 0.151121387153619 0.0575146797346636
0.185070100518205 0.0698513133121817 0.121421742517196 0.0139490220650973 0.102071053386683 0.196477446994061 0.0268729871822068 0.206499255054815 0.0443979294642668 0.033389149505287
0.152736589885047 0.106444361691568 0.0211086631348901 0.084351924139979 0.121171444414427 0.108423756519053 0.136946185371133 0.0996781619219236 0.133937885756678 0.0352010271653026
0.116321201848133 0.0684783619987966 0.105567147788719 0.03048915186106 0.0940135290325872 0.13499845455686 0.0383948001915439 0.0838037504850056 0.167747166237486 0.160186435999808
0.0494961062017032 0.129098278087594 0.180158455360981 0.0161545930533348 0.152137707995701 0.102388699913506 0.0705348389295913 0.0449359178058719 0.0608325956267765 0.194262807024941
0.164869300526744 0.0364640928482183 0.136959284562352 0.0892962145815984 0.0801549844652681 0.167095741208243 0.0382887799866318 0.0416968066328904 0.155597649090006 0.0895771460980484
0.185584748196463 0.230729294915201 0.000672727415256734 0.214375124422146 0.00493522260114541 0.0374382369854808 0.106570923085321 0.139621289520583 0.0147691541926488 0.0653032786657546
0.028937299375223 0.0660961177197131 0.0653450678705945 0.0862949132065503 0.110892754052134 0.174041337316036 0.215424314209765 0.140662245676894 0.105802769580936 0.00650318099215474
0.159278026355938 0.192884795412895 0.125912491136365 0.0764430573597233 0.0368486786283149 0.131351233727993 0.174285536185603 0.0136448497531623 0.0149089324148822 0.0744423990251227
0.0240499681892062 0.0252184883265437 0.145253227572001 0.011505262493173 0.178633969155215 0.21791955474332 0.191781183935301 0.000992745455330579 0.163369600065646 0.0412760000642637
0.0632027706934418 0.0804600042636953 0.0492677463932059 0.0325202311821474 0.114409206416245 0.0259698997888089 0.187589237536706 0.222173039900901 0.0296598613701732 0.194748002454675
0.049047820950462 0.135759487228703 0.151417980639582 0.0755323882436161 0.0494992936762974 0.176228485874384 0.0422972906850859 0.137648455094465 0.140426248201878 0.0421425494055264
0.0149467606756982 0.0681119943892137 0.020985707812214 0.156490285056567 0.166617863109684 0.172212096964106 0.0313417035381976 0.175913121046115 0.0610150676888588 0.132365399719345
0.016537218544475 0.122493093603374 0.152994597628405 0.0379724906727544 0.082356235973008 0.115200185716234 0.0831570629646372 0.15042776139614 0.0641981459427342 0.174663207558239
0.106135009468613 0.15912333807874 0.0345611321480194 0.104710162181202 0.0992318999209744 0.0804066255613454 0.136954836025242 0.0648258757437662 0.0950075732828526 0.119043547589245
0.0491928564694918 0.0320433757571393 0.0210937662364117 0.109281872997552 0.00333588699726824 0.131391224105837 0.210887496579815 0.189414417700965 0.129955758347684 0.123403344807837
0.0502870986643001 0.0800375204854063 0.166871169955435 0.149662300445429 0.118955978508568 0.0666225261671049 0.0757136214493104 0.122701449730502 0.0689768927159887 0.100171441877957
0.0845623628389042 0.0946223124347505 0.0341578784500514 0.224472460047826 0.0685641554703775 0.142639536947486 0.109160279020471 0.148200745717425 0.0830902960521799 0.0105299730205296
0.213760744754057 0.103350335557829 0.178876512060334 0.00177694289894937 0.185802645062141 0.035303111087128 0.0651321266526522 0.0742408153614305 0.128406506226125 0.0133502603393538
0.10246493309568 0.0537112830753332 0.0822591547047382 0.117144667842847 0.154097511979789 0.0240293882046938 0.0273806764321062 0.154591448853816 0.114049221855522 0.170271713955474
0.079923615472432 0.011986222701055 0.132521718408994 0.0812801393533722 0.103180558194849 0.175052620247276 0.180443714757245 0.0505102924231057 0.160031764961135 0.0250693534805356
0.124526197688353 0.132834517061843 0.0894213446074175 0.164314473847002 0.12290348223433 0.00130662517645441 0.043414930292365 0.119459175251496 0.0632513854405433 0.138567868400196
0.0935073070371686 0.0785205812352851 0.0814175554973684 0.108429409458817 0.156373796815839 0.149263065412807 0.104580954479143 0.0641452986158627 0.147097473917283 0.0166645575304259
0.014728708411023 0.114815099251528 0.00818867705263614 0.144821414974931 0.0642012781790436 0.113317019077027 0.156376033919314 0.188841520839684 0.0183945064289769 0.176315741865837
0.0440927953580603 0.183635785250393 0.0430064806432835 0.177582473935582 0.141559789444905 0.190682259211172 0.0278808571731493 0.0259053250792655 0.0151168622772608 0.150537371626928
0.0495298051065612 0.14936725909542 0.0809141602233798 0.165604516354022 0.280033391073856 0.00813424648103913 0.0668032442085618 0.132314743696847 0.00735895730345094 0.0599396764568616
0.0491797926418583 0.200392850690174 0.104201346333692 0.0135072354768091 0.229954506050966 0.0151867397316239 0.25983023050316 0.0371808304433995 0.0244770322156987 0.066089435912618
0.141167830699989 0.080674430798931 0.0778992654822386 0.0525173702144855 0.171374797810394 0.0540313923805349 0.161428246123018 0.151459296003689 0.0167523498815991 0.0926950206051205
0.199456936849536 0.0229334872963535 0.0551371345644261 0.0569704565338437 0.195183970518906 0.0328772663139097 0.163714380651843 0.0739094511025865 0.0893350218592784 0.110481894309317
0.16358133142825 0.115035048871716 0.0438526417503836 0.00960508044966213 0.180081555239956 0.131021736093503 0.159390686822099 0.0693508716140419 0.0815623259072964 0.0465187218230915
0.0845219554327872 0.178794628532208 0.0945735462825852 0.0757790449281456 0.116733016173202 0.110259510256877 0.198129681181625 0.00896922328444207 0.0488563837941618 0.0833830101339658
0.0665792549290423 0.109409397749517 0.199863425112675 0.0603706228542983 0.142466239913556 0.17936993867917 0.00888289582704743 0.0316707290259196 0.172546544366772 0.0288409515420031
0.00399930232364057 0.0141178198690711 0.203813969516076 0.133461747125563 0.130097420106355 0.213241928134645 0.110255834151751 0.0630303885244049 0.0281588898742604 0.0998227003742329
0.037108593731345 0.0401278577201706 0.193186555459982 0.0476560987840696 0.173903861429542 0.0599382292235552 0.10953888095794 0.110454291887084 0.1823305760662 0.0457550547401121
0.121992177702478 0.0776224084636893 0.22662995356234 0.192875591679948 0.0814944910549334 0.0332965702097753 0.010283045749135 0.0221675406877789 0.228574034488354 0.0050641864015684
0.0437770743537948 0.136100427446619 0.109675714732469 0.106655408006161 0.0722190737675561 0.00294770412360559 0.172821647504939 0.0792709282520688 0.148246000820429 0.128286020992357
0.112496581814654 0.00858527271685458 0.0963244952932379 0.00421696820945954 0.16661531797399 0.0585003477733713 0.0431911251756464 0.125616893549895 0.192427883882054 0.192025113610838
0.101324641387591 0.16174214452126 0.122903713880686 0.0781097007208693 0.135767179302037 0.106887566721767 0.0318429703890608 0.0313830666821023 0.07473263593325 0.155306380461376
0.0953293075388753 0.0620066967963716 0.0494263315368394 0.0117152683832666 0.0674029786109338 0.179021593497577 0.133604750160127 0.175894330635174 0.0709509790454393 0.154647763795397
0.148562654580788 0.140646049602559 0.0785504306319869 0.0404639604007894 0.116891190452294 0.0515558639566405 0.159203742179174 0.0960134385334884 0.0288932720821142 0.139219397580166
0.177682102046033 0.0394875743595026 0.131018606154327 0.0766259312179753 0.112535074590527 0.0457052296977312 0.0816132532442976 0.166939833510694 0.110124981013166 0.0582674141657464
0.140232202958027 0.131358043049243 0.0911392836765858 0.104284136774588 0.0519688767932895 0.0834677664281798 0.0982645480035795 0.098509795397093 0.0788209642192908 0.121954382700124
0.113081560950278 0.120482063359854 0.00928886370853808 0.163347112990511 0.0950725780506941 0.0105427208702338 0.121110313662787 0.151923925508957 0.0575891019143893 0.157561758983757
0.0713644019422932 0.0460181233157646 0.199549217159611 0.0127102214651562 0.146832066450676 0.00504124483423626 0.148292767738498 0.224017647530323 0.11071901863263 0.0354552909308108
0.157425095873789 0.154166688774847 0.117466236165313 0.00787817670675917 0.047241727037405 0.0967594450369651 0.142958774043482 0.109785197809019 0.0230439885247219 0.1432746700277
0.108227820528134 0.0239218156477906 0.0788096626168211 0.129909453586163 0.152130077884208 0.0576025647129535 0.0896395110477101 0.0696176153621862 0.128653016961453 0.161488461652579
0.00897817840091042 0.187431958508981 0.00947485360374908 0.106729203219206 0.0639128966201714 0.1486974881874 0.196122236312301 0.0415219883634874 0.187796028689901 0.0493351680938919
0.0728217144587296 0.132809028301603 0.141738065111161 0.123730844861603 0.0577498007548518 0.101368428355051 0.0532788941673516 0.11368603820422 0.0946620959440899 0.108155089841339
0.0989485692633309 0.06255612477782 0.0425620992332142 0.135955766796034 0.124393625105901 0.165208779066038 0.0416595745737201 0.167512627104191 0.153176760876682 0.00802607320306728
0.113919211062833 0.0569506807367359 0.113049463431482 0.17379152760556 0.203135091960378 0.0134388157718399 0.105050036916641 0.0548653476968732 0.0375183737497167 0.12828145106794
0.165585991997754 0.0640728391166649 0.130736064409504 0.0462346243945924 0.0601068655186891 0.0509577781904755 0.114257806579221 0.164494054013142 0.0682386243469022 0.135315351433054
0.0622360123122269 0.195588499451915 0.0509919389832942 0.0766098353112113 0.190272746524262 0.139154106066647 0.0580260319200532 0.17292457014526 0.020987629059735 0.0332086302253967
0.0176148819001026 0.00938990849050767 0.195015168379628 0.0101535128402073 0.0968299292833022 0.0268489635644082 0.183709758863186 0.145319296507667 0.195378444650099 0.119740135520892
0.058771110191818 0.201105874133263 0.161412358129203 0.0338067666973606 0.114989909058452 0.0658797025782021 0.0344778443826901 0.0723399736249569 0.198598727208717 0.0586177339953362
0.00716859926708951 0.160942156017048 0.183069890599207 0.146145535177932 0.0258800228852163 0.039661406873274 0.237112310304626 0.0301471481761712 0.06333636002844 0.106536570670996
0.0173028202046266 0.12900010364561 0.00995685022684215 0.167291582047336 0.0540946854094154 0.0231881964783494 0.130672512973503 0.15893985377904 0.133605801035191 0.175947594200086
0.0327434112437224 0.087499164942522 0.114651625399537 0.0773574551247853 0.0309282932683239 0.119104510225874 0.128530165792333 0.162834081168802 0.144560678259136 0.101790614574965
0.158185088215269 0.167451880223207 0.131204307553223 0.00386778606511895 0.0657061419100614 0.118357981069618 0.122575069159724 0.128155570750097 0.0313858065975894 0.0731103684560934
0.147398412440836 0.119210006695905 0.142881893796313 0.150539175550864 0.0669650642708352 0.113720343414217 0.0167943858202533 0.128320890857928 0.0461105141175253 0.0680593130353237
0.0219750369270476 0.0440819832785226 0.13156174536948 0.0663351836119986 0.147927843345932 0.173950442565752 0.0536946951570614 0.154363966868592 0.127211585874851 0.0788975170007628
0.213571787783643 0.0179616234480826 0.0456884515396149 0.0281025724514924 0.222675946465729 0.216032759496462 0.021420518234022 0.0725959235522929 0.103015853236394 0.0589345637922667
0.00152120286218601 0.00307242094525937 0.210819067363681 0.0800650129431713 0.0522635571912383 0.0543016412979842 0.178655034817436 0.0698341651559808 0.201088630752567 0.148379266670495
0.156091701180651 0.234778931881814 0.223121321461822 0.0455820601441304 0.00172852914408283 0.104980751190597 0.0871073436589324 0.0199864199714242 0.103185224421408 0.0234377169451378
0.020345691773238 0.00979927114421346 0.152701071812794 0.214930666446088 0.0503639514426127 0.055341038459279 0.101888600692013 0.0644208308974604 0.116146005081495 0.214062872250807
0.121117356035228 0.195138985981414 0.0274928595818953 0.0282589159082686 0.125573632861831 0.0237154653653586 0.0303045016245492 0.176215111325872 0.117672336558508 0.154510834757075
0.139769468371168 0.0771710810954668 0.0743011663084655 0.0704125505206524 0.0473660218180728 0.152586305247447 0.19038963023642 0.0804033900346324 0.0636505426066 0.103949843761076
0.0249181014776071 0.152235783772828 0.122485036114988 0.147028813311041 0.0727901709521192 0.153064096548842 0.078331258006551 0.0648372470942561 0.0211276517628709 0.163181840958896
0.108849864861251 0.160152752893392 0.0111411957816637 0.113027152688974 0.163341067035037 0.144893022180098 0.0614739426691128 0.174174838365198 0.0264756624553281 0.0364705010699441
0.0837561143378721 0.0652001180681297 0.0665098327471055 0.208821549443509 0.026405157016178 0.097411878340552 0.0595322974590471 0.0885700445986867 0.141187370946148 0.162605637042772
0.0425923716053915 0.1538232949664 0.0460493396788189 0.216002884106183 0.00644232258421805 0.142518795253476 0.00993321333532633 0.177883084585231 0.0497627297598597 0.154991964125095
0.0904707452771977 0.0170257147754183 0.114962711383443 0.074503478626639 0.127796135268571 0.0373376176242728 0.0853053772949618 0.163238807677183 0.106192382790611 0.183167029281702
0.115034312081614 0.0567987500099332 0.112482753466314 0.143050386838538 0.132414461455515 0.0293807425733753 0.13016197562638 0.0901950567226405 0.0600220151073797 0.130459546118311
0.105997945987473 0.0596786802209659 0.0756250874973056 0.143489057632867 0.157707026902032 0.0533766387900914 0.157261375232595 0.0453573873628491 0.139111349365628 0.0623954510081933
0.0658674031641849 0.215626807102 0.152442701991748 0.064258541246764 0.0808846244020521 0.0743944041438777 0.0805324101096755 0.0900688558639585 0.160838737697755 0.0150855142779834
0.0291183295383895 0.143789512419403 0.0919049804503308 0.163170739421807 0.145849816921467 0.0131892748433469 0.00129790361849302 0.159530098700357 0.148579859753357 0.103569484333049
0.00215562685141653 0.0482087757873653 0.0171021475120784 0.0811712775947725 0.052448617189238 0.230455463035466 0.0260209770334322 0.170887359408058 0.153579486195281 0.217970269392892
0.13792970598509 0.0815386732674159 0.141829677861416 0.110586064163153 0.0649350868182618 0.143641805707351 0.0231304188028988 0.15905537349993 0.0898784268268241 0.0474747670676604
0.178376827269058 0.0431644637117985 0.130132902043017 0.0315777091899954 0.0324561403084211 0.0677816072426597 0.150405002977385 0.16927208628276 0.0375811285408183 0.159252132434087
0.143646822993457 0.153521301502314 0.00584413112617843 0.0867988425555298 0.115286334126565 0.131947866676951 0.030600901742765 0.124824425880417 0.108793836762937 0.098735536632886
0.15983957959803 0.0225094746860491 0.136810438667188 0.0102829190775243 0.00577740985827542 0.133751583036162 0.154686980077756 0.137631618788601 0.124357002639003 0.11435299357141
0.0156952125166353 0.133624472596008 0.0513306963330282 0.139232503289535 0.0962777315662479 0.157820775127194 0.0789728048624586 0.155327708108278 0.0438367386531289 0.127881356947486
0.0472894557050704 0.041587461028562 0.13396466712058 0.108210975587331 0.0723426058504765 0.149765928836656 0.115115662883459 0.135833426807276 0.0738828263582244 0.122006989822364
0.130084454319059 0.0183694953549922 0.0168791504190015 0.119068154340269 0.0174967782674319 0.134552084612249 0.0842813025106117 0.15465864526384 0.169258081671157 0.155351853241388
0.19915443301659 0.00604379832556398 0.151122679036966 0.0955874939634434 0.171840933061457 0.0463388311325625 0.0209720385858323 0.00461921882203891 0.11596749948073 0.188353074574816
0.112141699189905 0.133538198043826 0.139598762255224 0.152469227459397 0.0486645458482861 0.161702785706653 0.122819991806708 0.030778843809195 0.00775310210945575 0.0905328437713502
0.122491359475595 0.162063600728734 0.0473443705803738 0.143639823119853 0.150777653451566 0.147738693622038 0.0661789047050559 0.0834416516258194 0.0405971416709118 0.035726801020053
0.095405425211312 0.00130510390104825 0.117000459494058 0.150594759886653 0.0277093644511162 0.178942839518692 0.17075972614374 0.0594791225741447 0.0739095123786284 0.124893686440608
0.085672885011949 0.0692323312509639 0.174411870522016 0.0786590214176813 0.144811267119843 0.0906286247400646 0.0752714790799858 0.0322545793562439 0.050469562350245 0.198588379151008
0.201595984168238 0.162551159877921 0.102426027272842 0.0565456677542479 0.0151034325658576 0.149163712458281 0.0959795963522314 0.0383722327996538 0.0505701696601208 0.127692017090606
0.133933663932893 0.101771821723176 0.0894189456101798 0.0334502274583635 0.12037939424137 0.138329511612297 0.116007803341629 0.0787609340110245 0.164106626667023 0.0238410714020443
0.0761913906574324 0.196233225054333 0.0262152459205084 0.0155144300026485 0.0324381381028115 0.254898083487308 0.0309508471582998 0.0794298001612698 0.032585217190474 0.255543622264914
0.134284058312298 0.0629909922984931 0.0999380464209003 0.111238593193769 0.0719834186334599 0.105876046725058 0.134096706995436 0.0884359297505839 0.100891734411846 0.0902644732581557
0.0454559601662358 0.0778086789724219 0.0689077795026171 0.239713195200692 0.203386653539534 0.000887161148679102 0.00847163012478307 0.0149663952872359 0.138673741928304 0.201728804129497
0.111663181344438 0.144640032564792 0.175150571684749 0.137320469281485 0.0862203215249312 0.0286406535391289 0.113868083055056 0.0445276145135321 0.0512351379134745 0.106733934578414
0.0566816858133333 0.192041555386317 0.0346008337410274 0.151647457134277 0.0143592532656388 0.0295484196797723 0.149795814667228 0.12616553415547 0.0446488510412136 0.200510595115723
0.182986087585954 0.00856869759544763 0.00649886050412333 0.138527977069176 0.0688601430035668 0.135410565100511 0.134934795697751 0.10235810788966 0.138023097693326 0.0838316678604853
0.109106253519908 0.110356989550367 0.02639193033366 0.159811403913645 0.135389538288724 0.133016301257009 0.13307823437208 0.0892912703191311 0.0706787368305186 0.0328793416149568
0.0843522638702565 0.0706041286712556 0.0569691813564011 0.112443987892166 0.103045449857423 0.189134760812924 0.0232508764379116 0.158654321487779 0.162131162372999 0.0394138672408828
0.153165259306337 0.152272184025238 0.0438046825157881 0.077055621812503 0.0181178611470006 0.175102236095153 0.10487225375362 0.0387731363940659 0.178284766120006 0.0585519988302892
0.15254880139219 0.0440042670828888 0.0786254787986825 0.0571863191193112 0.0422442600491328 0.15022236876577 0.0014702614679491 0.169763681837432 0.15751666020561 0.146417901281034
0.0553011364101725 0.0948634049750872 0.0779374985597109 0.0381773840511302 0.240833461397573 0.0687966788578608 0.0277685235004885 0.148681731189494 0.23872247850255 0.00891770255593303
0.129308481830202 0.0878896351567507 0.144470931485673 0.0200689417236117 0.121615491434715 0.0884345686323952 0.170635398151869 0.130696666201483 0.104448890366396 0.00243099501690478
0.159706619860968 0.108222517419117 0.000298841532027921 0.166445344348934 0.0428622331596237 0.04068113462377 0.0287033776419525 0.129529332577845 0.168191160571213 0.155359438264548
0.144834608463567 0.124599753621129 0.0498861314347775 0.13505570596735 0.114265838658772 0.0596981430298445 0.114684114187343 0.0527593720081171 0.124703737685271 0.0795125949438284
0.103734040113667 0.153833889489496 0.066004556461263 0.162960628370496 0.154508414208818 0.0338387245398158 0.0276945829014598 0.0398044060280392 0.0955396450512723 0.162081112835674
0.158040667013319 0.159143390910477 0.101823685331529 0.0361631155335506 0.0868070077768223 0.0826903366508731 0.152220873546214 0.0475032503540685 0.102073394495848 0.0735342783872989
0.0327390545973517 0.135925311752592 0.15790659657715 0.125709636255496 0.085905634220471 0.131284238679015 0.0568538445652781 0.0790991335628591 0.138234243938081 0.0563423058517065
0.039871874601982 0.0256542923375827 0.0253482061931314 0.178923951302058 0.120067054599265 0.182599979979604 0.151857695408214 0.0647825358696326 0.115078704401347 0.0958157053071833
0.0215814500784169 0.0829638439584382 0.169203281448846 0.172097843395157 0.104621638749225 0.173796609982214 0.0171606622043526 0.114845116362385 0.0373391782462397 0.106390375574726
0.128739974633019 0.0266523800683383 0.138138100798192 0.147313595038678 0.0856044439525839 0.141697056250669 0.167118361508642 0.0263470500026578 0.12744963546735 0.01093940227987
0.177958158562113 0.12490235846427 0.0286728904354949 0.117796985178788 0.112428634868436 0.0587029881587555 0.11186044577395 0.0821550448135045 0.0595021973806961 0.126020296363992
0.14858467055062 0.0467682582827834 0.0717198475606724 0.0696108913129651 0.0364931751294953 0.0876051404804496 0.144160974096749 0.148712098381497 0.111452361940261 0.134892582264507
0.102519112423534 0.195850133309757 0.0200297283450919 0.0882165178698654 0.113885553094216 0.0577206258604866 0.0496848401649738 0.19242867956015 0.114585804463494 0.0650790049084317
0.00652788649690222 0.197117173958723 0.116358796580072 0.0017778628217698 0.146782385554685 0.0974520534216328 0.0678701475938787 0.189332012225645 0.0895112016446977 0.0872704797019937
0.0274104828147626 0.0214107789845074 0.222657594570286 0.168019474724385 0.111635373153215 0.0458343693500727 0.184342160206361 0.0293406304559513 0.11148671118116 0.0778624245592991
0.186062846726145 0.0223885704845267 0.203748255421502 0.127651339435297 0.00631046014943661 0.0799898872836495 0.15113160070369 0.153725762712199 0.0256829128167663 0.0433083642667878
0.127426021787793 0.117824227399971 0.119065715152166 0.0726327423674518 0.0904862301248862 0.11695298869767 0.0670136798593598 0.0932669008443157 0.0630097202698473 0.132321773496539
0.0765187198549263 0.13845564368388 0.108247368603408 0.153750269683032 0.0884128640821426 0.155575888400789 0.10596450077184 0.0229964483784431 0.068549217080447 0.0815290794610907
0.159536808257069 0.00283931174970226 0.0864927972311544 0.0227671519636513 0.162163288170855 0.14532335215184 0.0828122350580054 0.0798858982914164 0.146731548312083 0.111447608814224
0.0157250360334625 0.237281342126766 0.107740015035412 0.0558757900422234 0.12707522060521 0.058994273938174 0.109915773372217 0.154091798949828 0.0945894357076173 0.0387113141890888
0.125158001605363 0.0979904713319246 0.152698611546379 0.0021016802229023 0.128305783138436 0.11435685280921 0.112036235174175 0.0748179787473307 0.140851698778776 0.0516826866455034
0.126447938335766 0.178732477232755 0.0190288395445354 0.168828969087258 0.135794402094226 0.170906085751346 0.0431803785269202 0.0824769962492777 0.0219813063462953 0.0526226068316216
0.0333022184711461 0.124335802964538 0.133669381265721 0.12846492476856 0.153353835544031 0.0270489686472508 0.149691423242745 0.135862315197405 0.0561659097724082 0.0581052201261962
0.0974187240250025 0.0494412594789942 0.0656305342439856 0.132664248983921 0.152857163399165 0.0435138274384148 0.154772987459009 0.084776285817665 0.0941896860171828 0.124735283136661
0.112352258467605 0.143951730216241 0.170060388746734 0.00225929937513972 0.145176043394997 0.110783132149824 0.0257336167695302 0.154446290880088 0.0773678870173036 0.0578693529825365
0.116550152602926 0.102039934453166 0.100677834649562 0.145722600394236 0.0974215944082761 0.126327846578709 0.0895720569583538 0.00947086196671958 0.0824127825270607 0.129804335460991
0.196628489044108 0.0861353933773801 0.115065577527113 0.136157186533956 0.11006478178008 0.0964917087257538 0.0652784982747664 0.00604699075219027 0.0858975728702498 0.102233801114403
0.0470526929849724 0.0991069231597291 0.162053102750596 0.143139843433361 0.150819912479374 0.0908084548270376 0.0137643400172791 0.0322038882729546 0.111866610612385 0.149184231462311
0.169137204201433 0.0443704965600159 0.178629402521653 0.0130898079677376 0.13738834800917 0.151494021320506 0.0399659897560379 0.00272574965177836 0.132903600517172 0.130295379494496
0.121143380533277 0.0801418450603002 0.101424554781326 0.172789112417371 0.0605632582545499 0.118674748557078 0.153118882710297 0.0824069622122375 0.00553332578316309 0.104203929690399
0.144810956578712 0.0425554794672485 0.162057949309036 0.161734519253297 0.0743879913541439 0.0218759989786513 0.164126752248377 0.174577993332033 0.022846771352637 0.0310255881258641
0.0181993191587734 0.192745754033628 0.00329605056832137 0.17562922257013 0.171919525577988 0.153958704999633 0.0101914707473394 0.0532085652171311 0.123704283095482 0.0971471040315739
0.0854341732562148 0.0950206407388723 0.122146732622691 0.0179933292986043 0.159533714628428 0.135443862746882 0.0477952609902846 0.139589794392338 0.17668361537712 0.0203588759485642
0.149878749941531 0.00807024940805911 0.195911716563272 0.137347787337441 0.0146275159965629 0.107487595042422 0.140138094556321 0.0652840819401715 0.157275898150272 0.0239783110639466
0.057049943197564 0.15919581495411 0.126894152503135 0.101284066708444 0.0665021397367204 0.130657068160825 0.0334328173203964 0.0165579002973663 0.122278786981304 0.186147310140134
0.0771992482673857 0.110024495634225 0.0686273276587162 0.133984769676232 0.0692001294224119 0.187447466377422 0.115671015115112 0.0166583744691499 0.0545421437351681 0.166645029644177
0.182408624729783 0.0518512090440273 0.0515056661453368 0.004167397556594 0.160469469656307 0.108495699259291 0.094637829335386 0.121422470558771 0.124923322347427 0.100118311367077
0.0131107626950123 0.00647364953404038 0.189147012071035 0.124898933476894 0.0805165590041643 0.202538218701724 0.0620286394952086 0.130502047237082 0.0888763317832087 0.101907846001631
0.117862655384067 0.0394751905373108 0.0117525450139737 0.075344548554544 0.0732537938482664 0.187486774009646 0.171030221106085 0.0671088192125902 0.20989568776683 0.0467897645666862
0.0637426412238067 0.133741907458608 0.0740166299829795 0.125914696166638 0.165952609231113 0.008424949760341 0.0810849375511219 0.143527043333575 0.152248473283161 0.0513461120086552
0.0798161483735704 0.0149153292856332 0.226565333940857 0.0875630573581039 0.0832154422161439 0.164036802829582 0.0340471399601506 0.0441790841431094 0.0551426207267361 0.210519041166113
0.137149982830876 0.129552770893058 0.030300738361841 0.000176923902383812 0.0491662220732966 0.164066972133439 0.0620766474907924 0.183065082051365 0.130247734687907 0.114196925575041
0.115174002716237 0.0636762591725514 0.146217568910929 0.10750485093005 0.113630675787055 0.067976108346088 0.0393081597400317 0.120269053169262 0.121284302089836 0.10495901913796
0.00989989733893281 0.0675250426096878 0.0503702109788871 0.113579118636132 0.0944190193232282 0.121043221729571 0.137598879086378 0.134896461600208 0.134326248434355 0.13634190026262
0.109223033080677 0.057505342363075 0.114406131170505 0.15738005649223 0.00618406568855046 0.02602273494717 0.144080253374804 0.0252793958610895 0.202836761834344 0.157082225187555
0.241766495128908 0.00499831296372959 0.0676638868472892 0.0652596283460726 0.0146515613642606 0.225425533914937 0.0417334928959884 0.0869709703723685 0.0251495063285572 0.226380611837889
0.168794710581923 0.119202184253925 0.0843823611343833 0.0651086601189196 0.163799763153432 0.0662086831397993 0.0982969294965444 0.0272748984075888 0.140364568990381 0.0665672407231023
0.0573635422393779 0.0140783563582481 0.152542888932937 0.099134256342625 0.0225495055985833 0.0619040275485069 0.158630625677532 0.184350820390093 0.122681504564832 0.126764472347265
0.137037073498266 0.076861382171483 0.131852748758124 0.141455665858371 0.0971835565790633 0.0363091739811006 0.0885946826885741 0.124294450081133 0.146097885424825 0.02031338095906
0.146877067743874 0.0307015729545253 0.167107426945597 0.100960919583518 0.0780952689858875 0.035787148759719 0.120193723117228 0.109012528573905 0.125998613846523 0.0852657294892235
0.146283641766005 0.102083312757099 0.0478429100391597 0.154787260261811 0.0994313362211876 0.086510184312551 0.0597728078314928 0.110201035093385 0.144666242293499 0.048421269423809
0.0352941509456556 0.161645850884778 0.110714783124912 0.0762647003352856 0.113710270670378 0.025248568085712 0.215485131684486 0.0148238163436639 0.0942112756963868 0.152601452228743
0.0788626614643521 0.141301061004568 0.0401222942260757 0.168455396078222 0.0969281412357715 0.0712973877616303 0.0485043864158734 0.158094853949986 0.0408829756066063 0.155550842256914
0.099336259012656 0.112030023624878 0.00286300027659768 0.127800101758415 0.0483769828988079 0.110023735452752 0.120311737743671 0.142614190747548 0.139858694419971 0.0967852740647036
0.0806156460609329 0.166829190847045 0.1219933408711 0.0332516161811567 0.0914300089779224 0.0784625192159473 0.0898583643872605 0.101647783802053 0.0883707853514576 0.147540744305124
0.180582810773232 0.146876406194898 0.157834254259202 0.0560338173389242 0.0409211959266931 0.0416977538834674 0.0155806493045501 0.154109297082288 0.17123905962643 0.0351247556103154
0.163657744233571 0.0607657115109117 0.162474813352948 0.159531284514281 0.073870662962299 0.163240569660683 0.0283125206353338 0.0855415380308166 0.0800249344286514 0.0225802206705044
0.1237931071337 0.174609845033911 0.113426988260225 0.0928143286548982 0.0738030718584218 0.0142125740350994 0.10850508388796 0.067521110117278 0.0428345162214305 0.188479374797076
0.0895957266634417 0.0111290258745402 0.17576787943492 0.107471381875836 0.0366680866740569 0.197890261761891 0.113932203649533 0.0198379088257884 0.142131611166072 0.105575914073921
0.123724753004432 0.0647373690702766 0.0159482141221658 0.228139574521778 0.184754302250313 0.0830446035314177 0.138176873081568 0.125001122051592 0.0235919425411009 0.0128812458253559
0.0321720124167906 0.173663974421603 0.128259247749846 0.0934217606056184 0.0316516422050173 0.173106173725705 0.138261010278725 0.10350766971107 0.0785651898039926 0.0473913190816317
0.16954551086542 0.0470692163367838 0.0760645535859493 0.00856239307332212 0.117731571438465 0.113800067976335 0.149552894641234 0.147241293177413 0.131423576227494 0.0390089226775835
0.046066689303987 0.0684636906756192 0.116723128599849 0.151770889014878 0.162657384329503 0.111861859518664 0.0239700049828411 0.111291605128836 0.0581955225239318 0.148999225921892
0.140484565798622 0.100124578116088 0.0843716218070871 0.00470312356637202 0.110255414614493 0.121771769662431 0.0269677329875719 0.136669933702785 0.113535574921651 0.161115684822899
0.0835493629617508 0.151662587004093 0.0188634334317718 0.229820448873784 0.0205769458825959 0.0505374936457628 0.0913727203078079 0.0160182991667715 0.14212245303 0.195476255695662
0.166395938252244 0.197350177077872 0.0475001786078959 0.0378080684755352 0.105998509727692 0.00731728491668564 0.145348219347752 0.177983340979232 0.019277256689715 0.0950210259253771
0.0986672323481448 0.0398998968249636 0.0805192240730924 0.0847649882797823 0.120923356505661 0.149230009797276 0.147178846831789 0.109572131053519 0.0357555950964642 0.133488719189307
0.0199402868619172 0.222294829156699 0.204080131757096 0.0625793549759654 0.0369631490702305 0.213361373974086 0.154320716506369 0.0510709710838909 0.027667589103262 0.00772159751048404
0.0385263003012304 0.137419960261091 0.0222634115027535 0.0520096200141028 0.140416442315482 0.111226736010924 0.12047312852821 0.0290761870370454 0.160215268756401 0.18837294527276
0.0554631371135249 0.13874447030489 0.0928669890018752 0.120695118518904 0.0659178354123841 0.116257146630716 0.147860837810305 0.176956899818716 0.0438632943335166 0.0413742710551681
0.100432399879209 0.176783373982764 0.133863882312276 0.00431954258070198 0.0727725344974188 0.128002359327003 0.0887307466350897 0.12109797700776 0.124834221170602 0.0491629626071767
0.0654174270242895 0.105273436207349 0.146141703247805 0.0838822925545551 0.146682192805026 0.130087266058055 0.0230301760385719 0.00671760494932764 0.113931196900978 0.178836704214043
0.173752851066813 0.189192478804555 0.0281107068593846 0.0534477491871665 0.164212334554319 0.0488450461489227 0.118551423323253 0.0316863038195421 0.0869764108147089 0.105224695421334
0.0892375641246998 0.00123612720823959 0.127196553762126 0.140323901488493 0.141198552936839 0.0155705001899515 0.13414639943508 0.155090027390336 0.100296077254358 0.0957042962098777
0.0918745945295224 0.0810592224928648 0.0935031627166168 0.0839445910878246 0.131288376054404 0.0484540943378798 0.0815118759753987 0.130561995672406 0.129109744990426 0.128692342142657
0.145260426638152 0.0546481805699338 0.026599300929023 0.0276312074819485 0.071235626111387 0.0382559536307703 0.156365339365273 0.169164773250611 0.160300661772694 0.150538530250207
0.141556860460952 0.137125296368584 0.162071925036749 0.0396198988928678 0.128409780624236 0.109841245209812 0.0619582444642036 0.0301592748094256 0.0863241496294434 0.102933324503726
0.000416645081911743 0.185628041343718 0.109931462538877 0.0539622755351091 0.193907718652013 0.189174371902056 0.0298877791570463 0.119472130265354 0.0438381746813046 0.0737814008426097
0.0072322790687798 0.0656074841225032 0.118725634229018 0.0426856007066817 0.131100771538575 0.0350298272129068 0.084337968125416 0.176314127287558 0.16898895078968 0.169977356918881
0.0220201330878753 0.0512099836792521 0.0528820437247133 0.144828144199897 0.107545173288053 0.162545680723393 0.0345579490537393 0.16059433194497 0.174200554159571 0.0896160061385359
0.145445929919546 0.170587655915233 0.202002288049955 0.0144877596174793 0.172114630946854 0.0193334231768147 0.102114267627302 0.0342784970980252 0.0862396563870062 0.053395891261784
0.0924761440992295 0.118127916389664 0.0442852494148616 0.123962408604732 0.0766280828291918 0.133606053499865 0.0906934300814336 0.152086046357536 0.0276852943188736 0.140449374404613
0.0288179368626622 0.0519713704638781 0.152752446244871 0.110991148609569 0.0170833953426007 0.113301510452156 0.163400120471964 0.108217735421975 0.140215561581309 0.113248774549014
0.156279955039328 0.125401569830862 0.0525688538231839 0.00882349021653165 0.128326050911526 0.0184279735188432 0.17309265033023 0.0843354350786292 0.144423494179543 0.108320527071324
0.0326055835024069 0.158245479376462 0.100451448144235 0.128415982586663 0.101560198238841 0.0783517322773463 0.089919601182227 0.143756785409133 0.0906795947322591 0.0760135945504268
0.067019113607512 0.0957741492720341 0.047202179805141 0.115312250428285 0.150789251962057 0.103849088380882 0.129885092998014 0.0380741678769722 0.170289465288516 0.0818052403805874
0.149940185950511 0.100560238264753 0.0136026069397297 0.0913971676565497 0.148868480189055 0.0933192046622105 0.134830310562182 0.0860213512414448 0.0437935195337673 0.137666934999797
0.0794980066586117 0.0863112666908833 0.112176189814012 0.0301836609744311 0.123873514308906 0.107159216391296 0.107768362290672 0.127106557871401 0.0842670402146756 0.141656184785111
0.123909070024317 0.161129579966701 0.0370011483335776 0.151575527678569 0.129393175384213 0.111889790816334 0.0611231024195262 0.11710912970833 0.000728831697259006 0.106140643971175
0.118125716738854 0.0089297851299029 0.156151543894679 0.149585793931794 0.0452861581450867 0.187424160096159 0.0703094446102333 0.138157395274383 0.0815267064716429 0.0445032957072647
0.108648484175951 0.164073501236643 0.127239260589638 0.113057466696787 0.0401099289737813 0.0757567564939356 0.106812321672664 0.0889269954422903 0.147775415042257 0.0275998696760526
0.0505553516772913 0.204346061958565 0.18260497484524 0.0940330597209248 0.0741276511746685 0.178813084459915 0.00657303854599727 0.0784182264181287 0.0557312948924409 0.0747972563068284
0.173426043464262 0.151617781590161 0.15229586250028 0.056682442233293 0.117539318833079 0.0192854552598538 0.0146563520770043 0.0142978330131563 0.113504232611528 0.186694678417384
0.129525012317336 0.0491321005530931 0.0731656697873131 0.106776148009674 0.0821310485331485 0.142020395431181 0.118009780955165 0.127970701331974 0.0424862587989763 0.128782884282138
0.16567107624748 0.0392946970363235 0.0240206929217891 0.156254372051116 0.102677217962791 0.0985843023528368 0.0500812683739441 0.0348264385124772 0.109896454736378 0.218693479804865
0.228298468404042 0.108027143704891 0.179231555114985 0.0272976922754043 0.0708102843560015 0.119220083670973 0.185260909953259 0.0341814372057907 0.0200279288923549 0.0276444964222985
0.0151717261395734 0.0934176897455984 0.173769138644616 0.068756089430645 0.0224912377902857 0.122155302067649 0.0785444463177482 0.0231875856553281 0.223506236538123 0.179000547670434
