0.198692984316683 0.250206864739981 0.0129644447374976 0.00842040533449182 0.0475870943110439 0.0532281217309103 0.01235322140652 0.416546863422872
0.226794664900707 0.181866851182419 0.226474928739842 0.0415979288137809 0.00278205284447276 0.206752459826944 0.0507957614524162 0.0629353522394188
0.0759219851521976 0.22024086451426 0.0597746452962291 0.0707530262149682 0.227966046289264 0.191423714532613 0.118366091752839 0.0355536262476297
0.0582944314130154 0.10929518401261 0.0876925499124123 0.0955207799123524 0.0790209435427972 0.110826357676164 0.220191370445604 0.239158383085045
0.0962087449743792 0.120462778723765 0.173229799265352 0.0645001426677159 0.241094152982209 0.0146914667373789 0.0690098334563875 0.220803081192812
0.204525364631793 0.0761819144605839 0.0245609811754779 0.12037601967323 0.0514645351787882 0.278908060839592 0.115432179879995 0.12855094416054
0.173843057127027 0.187673918886191 0.170057633583993 0.0129744650532659 0.0130342964923443 0.144313742253076 0.154642023093747 0.143460863510356
0.228909510079911 0.0104814383330881 0.138444468292556 0.0651652604377726 0.105891104155213 0.228977337133427 0.103653359329764 0.118477522238267
0.183339885712621 0.0671553405215701 0.134598653669806 0.0374365255684793 0.125478604830479 0.126783895480756 0.162709139900055 0.162497954316233
0.143658299590463 0.122867220641689 0.182217168140894 0.200116569301272 0.0131974046016727 0.0155136237804961 0.141299306061346 0.181130407882168
0.0899367353793489 0.0420316411347679 0.296611082624946 0.012538409836453 0.31632743415482 0.0199183821360929 0.0241954296187594 0.198440885114812
0.00323852021208794 0.182803542420414 0.182156015967645 0.0708948483357678 0.16709480780564 0.0842639276203127 0.157129838800817 0.152418498837317
0.212936161527523 0.228045720544948 0.110486479537001 0.0927767438922696 0.0548024291050079 0.123335591360115 0.106084433362334 0.0715324406708011
0.00834699815248615 0.0387102612995348 0.34053861669204 0.115306415055272 0.0033758219700731 0.0351241818354176 0.153726342161355 0.304871362833822
0.242538937705597 0.0841924088167808 0.0450728891999533 0.185462596366506 0.160838157590739 0.088330321847645 0.163381009306644 0.0301836791661363
0.120740598839618 0.025068675498934 0.0785327490659051 0.110171865858599 0.0607981669029747 0.203063166984548 0.168336596555964 0.233288180293456
0.0816607980716278 0.191089872911666 0.138914949323121 0.090255713820153 0.186404999959035 0.114572046181381 0.0159722087496958 0.181129410983321
0.23765378702783 0.0851798597147554 0.0363829164974609 0.152527908426636 0.261308317468087 0.0184751044879214 0.121704598027376 0.0867675083499334
0.0463808472344075 0.0841761649888612 0.0636114208270877 0.207999846531278 0.176800266719481 0.223864175525631 0.0412011204667821 0.155966157706471
0.104941535123303 0.253810097720316 0.101844786185312 0.00229127424074678 0.186496586005361 0.000204502845136491 0.167426572995184 0.182984644884641
0.0560498786338753 0.116827379943556 0.154215944670507 0.152898220614721 0.140578945957018 0.115193180295858 0.106198254160357 0.158038195724107
0.24998841745848 0.130356010416652 0.0842441994836049 0.0455603155673113 0.0273593054338811 0.239167399509725 0.00237090533450964 0.220953446795835
0.107812253264451 0.17004664244135 0.185586052778116 0.116387702626342 0.0270187132768948 0.136427571861899 0.200836812090271 0.0558842516606762
0.0711626584409294 0.10751977753084 0.0328541550219023 0.196015642023283 0.243901340137229 0.18799049997815 0.155965252058387 0.00459067480927904
0.116297151865678 0.211578950734452 0.0389769529648033 0.0792509790670214 0.224417290834123 0.000631287710278654 0.124767825165297 0.204079561658346
0.0973406227631481 0.169237855812623 0.164444948004425 0.179977277069609 0.129782298049831 0.0774121006862819 0.148121686087884 0.0336832115261976
0.111995263142748 0.0841443596587942 0.115787772184461 0.167003333881634 0.0771383682621637 0.205757829645899 0.173969695391509 0.064203377832791
0.139433146271567 0.00564435802140448 0.201907102415089 0.0918620115706565 0.265147549634408 0.033053775740219 0.179979040524796 0.082973015821859
0.15415734035663 0.159423791694186 0.16958382934605 0.0881262138999451 0.0972924936312385 0.134528165343125 0.179389690759364 0.0174984749694615
0.288431982358471 0.120433900392046 0.00339245905843385 0.0676585278562825 0.22332266728053 0.053562668357039 0.160522697235902 0.0826750974612954
0.0766781308968095 0.194328455755923 0.169467009641688 0.0840691411072486 0.0423548896791556 0.267397810671641 0.0508671352698601 0.114837426977675
0.0242490505642752 0.146183295532825 0.0859329206706322 0.129734974907821 0.136652760761631 0.161579908918021 0.151832686872885 0.163834401771909
0.190850105912307 0.1483607468465 0.137029899101894 0.159071611927217 0.0966322286032921 0.0418660413708546 0.195677981652446 0.0305113845854896
0.165484228719623 0.22174294340251 0.241867436584315 0.0777665977816978 0.0703848320351999 0.0661055638001222 0.0335408628732281 0.123107534803304
0.181590750416175 0.165286041650639 0.0746702064658299 0.173805454353905 0.0633571537342241 0.115829357564298 0.149238659404938 0.0762223764099905
0.13742157792589 0.0670659224664853 0.0172897924088419 0.00913387394090709 0.235933953280588 0.309058319439926 0.204961303344803 0.0191352571925576
0.163871648887824 0.12271067227416 0.165468470748932 0.140683765301319 0.0791971086379888 0.0823188390121498 0.0909056683581452 0.154843826779481
0.237946099864573 0.220828618545894 0.174656891643055 0.0363272023042029 0.0531302446133043 0.152470233309142 0.116414501522467 0.00822620819736181
0.282812468218682 0.00266946178369866 0.270934499334521 0.0201257518142167 0.0513979679506483 0.131884800479283 0.036802815483354 0.203372234935596
0.0514290445418462 0.270812933309693 0.0484275986943327 0.0479113770359606 0.000175727700895151 0.187907005538307 0.187856037732214 0.205480275446751
0.11185408267353 0.216992304579412 0.174781161949628 0.131244257269334 0.00506125258965708 0.046630633985105 0.0850510635163596 0.228385243436975
0.251013727159917 0.210884403849965 0.019115508694084 0.0858036798975047 0.00573686881468848 0.177159311150972 0.0993539527707172 0.150932547662151
0.0203165306179571 0.0189889225419139 0.206935959627705 0.0798453027379892 0.295020298209605 0.0237504101413693 0.213291883735135 0.141850692388325
0.0046895292920443 0.0933922072999795 0.0711782863406125 0.241881758243119 0.257939295079585 0.0569584589090963 0.0378886786262584 0.236071786209305
0.125002205776662 0.0472100976542099 0.0967832961888928 0.281684829727662 0.0119161811788654 0.133426533111894 0.20482328622021 0.0991535701416041
0.0101680142040339 0.045701367858059 0.166775454800855 0.198064473789707 0.0898483235617683 0.282975565006017 0.120741517386462 0.0857252833930978
0.215797613298681 0.132125251252194 0.0595135973359745 0.268583715872055 0.0540943977167872 0.0075887175368894 0.190621899765258 0.0716748072221601
0.117007278114581 0.199028033627958 0.114749304159838 0.121698426475473 0.0479316516804773 0.169427038627851 0.198176699024508 0.0319815682893132
0.185347473086822 0.146375813523564 0.115299950967255 0.0821830795877495 0.0936319790630455 0.180118972135143 0.0601576147720626 0.136885116864357
0.0566504803866134 0.0276810367641742 0.159135742894635 0.133768374281925 0.164984449629117 0.0772114898998358 0.202882185894938 0.177686240248762
0.223148021539371 0.115228653815935 0.218644227880597 0.222300727432848 0.107576783375852 0.0510111698499564 0.0434674458637901 0.0186229702416509
0.0876844424527166 0.147569999450433 0.0959186206087927 0.129291849568264 0.136853723921546 0.177722230415482 0.11455445615793 0.110404677424836
0.327695778125894 0.0566875692541482 0.154196568620741 0.311234054859616 0.0285883218331096 0.0966860997761646 0.0152167056525634 0.00969490187776295
0.169553026361781 0.131462896543191 0.190794514448961 0.179112777104155 0.184590410342283 0.0711418247751235 0.0462626654635931 0.0270818849609118
0.158548078603176 0.0375282567708789 0.0889797663097806 0.192648104183177 0.17935264215648 0.224642826874588 0.0559431220321116 0.0623572030698079
0.184010667094947 0.0771684409683636 0.100575884600192 0.0225350992359927 0.194113793065023 0.0509387193451687 0.202121613293597 0.168535782396716
0.120936503013513 0.123050035950767 0.100433615291445 0.244523505871147 0.103118849304364 0.0131114380456945 0.134407191047567 0.160418861475503
0.166627967164427 0.221979066631601 0.00505699893943704 0.0430696918489417 0.170570947183705 0.192544278518213 0.178336161029196 0.0218148886844801
0.0571702834935281 0.112452617579657 0.175695755201648 0.183254624810268 0.0257072275854286 0.205213610092024 0.10939053774343 0.131115343494016
0.195954596755236 0.0409204209643998 0.0320128777621528 0.0808097817945179 0.0390418763029794 0.308871083088772 0.266058538089737 0.0363308252422049
0.0203357940832776 0.125211890450065 0.191563287612547 0.192129625125108 0.186660505268416 0.139618244719912 0.046128866290509 0.0983517864501648
0.253709310810508 0.11410285009385 0.00151570869468015 0.00411347033790665 0.203991294313205 0.289956599876995 0.112047748362121 0.0205630175107336
0.134311599896531 0.0470281079953738 0.13170021404078 0.0658243942513621 0.131349769732554 0.173004359512141 0.0997180042568478 0.21706355031441
0.099817417403807 0.200650989372685 0.188211463758274 0.135638250059212 0.0796310264598918 0.0832753277331379 0.0915098637834229 0.121265661429569
0.252963854331135 0.140676385528354 0.140531029447244 0.121184467043216 0.193936963634195 0.106547392902902 7.59772407921528e-05 0.0440839298721623
0.165128407660404 0.021814606293785 0.117092448179345 0.151715631903374 0.189968409568636 0.192618318005191 0.0453091806194495 0.116352997769816
0.148883859388941 0.10857356084098 0.10311759451672 0.100399934575827 0.189707072143751 0.19011716287857 0.143647524425723 0.015553291229488
0.0939347216832033 0.10430374205838 0.159162959889797 0.205423369979625 0.0888552519872531 0.120749850837306 0.125425722152442 0.102144381411994
0.108342868432614 0.0824871927890224 0.167762373189933 0.123524778815823 0.0798149530037208 0.161417860500876 0.132022849839325 0.144627123428686
0.0039989303828718 0.150873465255307 0.113797370758811 0.0906172677415623 0.0241060537970559 0.22430815825043 0.234604335039738 0.157694418774225
0.00278076913254799 0.183376511171392 0.18269914242083 0.063872750991493 0.104346574587786 0.00362752977134088 0.23504893115407 0.22424779077054
0.270756869931269 0.351108187794763 0.0114648174762895 0.114852494869974 0.0616632682102444 0.118798583258754 0.0237979862699159 0.0475577921887891
0.181975854256316 0.203915411325886 0.104828577991883 0.0836789676364381 0.042134774240122 0.1958880838038 0.154508862725208 0.0330694680203473
0.221546749268806 0.0415106889032066 0.179668361759206 0.0839950834300962 0.0851212407340206 0.110514759756453 0.128423778489128 0.149219337659084
0.0578473736232713 0.104511946889432 0.0768239230588105 0.23847335344662 0.10334391173836 0.16020498139794 0.0659793381092778 0.192815171736289
0.163040764083183 0.0865978755769162 0.0949723321450899 0.140086412296748 0.130601574928962 0.15817962327143 0.0698105096210545 0.156710908076616
0.132986824373387 0.269198426131113 0.152186969393395 0.133810612773251 0.14254367095333 0.0390128307439621 0.0827439837059594 0.0475166819256023
0.120002401136523 0.0977629129562779 0.166875648890443 0.0681267079064992 0.209297677499684 0.138339467869229 0.170015034704171 0.0295801490371738
0.00542162949191066 0.153597400420933 0.187630304636935 0.0742863540517183 0.104750984322838 0.219047267856353 0.167167212658996 0.0880988465603162
0.132572423874383 0.0497559320414361 0.107426535847552 0.0330149451443779 0.219695203526979 0.0845517260246136 0.159366644674567 0.213616588866092
0.195106460617776 0.146058381295413 0.0756770931500461 0.0584921586407715 0.143256129138954 0.139452165104754 0.0738421667458182 0.168115445306466
0.022017956505212 0.0463005369653432 0.0106325588668256 0.115788614995371 0.27515603924163 0.231923995933951 0.0414627368293374 0.25671756066233
0.156252102487469 0.109721658037744 0.118398247407578 0.121572689815792 0.0889051637951845 0.190709016806571 0.0466077374294768 0.167833384220186
0.0530633761796813 0.386511109017349 0.230091977356034 0.00387784062521553 0.150317775551167 0.122042006790452 0.0147051951033284 0.039390719376773
0.163986980263529 0.161375938104538 0.0540378104501024 0.0688643526712034 0.190370453742043 0.157233117835658 0.0389185009853929 0.165212845947534
0.0248201028831283 0.184901059834573 0.123212710512728 0.194853884040289 0.200501540053499 0.0497544727595114 0.195614831598076 0.0263413983181952
0.180265654084865 0.101380454787122 0.173819318411397 0.118863499856975 0.175692326219666 0.0452961771924395 0.033312839205749 0.171369730241786
0.223075096196641 0.0446787261941192 0.0409124381717879 0.278243388438822 0.0223293978554697 0.0603287147640456 0.195880659520576 0.134551578858538
0.0973572764431518 0.160111914706297 0.0984869758167843 0.119266230259196 0.126774407819667 0.204710770076006 0.106054406564402 0.0872380183144952
0.136972314839057 0.197785965830679 0.0579787911059623 0.195353617682572 0.142907242868101 0.153803759672979 0.0344101067066434 0.0807882012940068
0.195349939585241 0.16639301865077 0.0242248479752736 0.190562903349817 0.174663775176737 0.174452932327666 0.0678546472319876 0.00649793570250813
0.21594538799277 0.133386900699534 0.0398458424214665 0.0895951446807767 0.24717283907862 0.182408369045824 0.00897698341889613 0.0826685326621125
0.0693010274159741 0.145252958110855 0.0843394019621961 0.117190548829842 0.154025122219648 0.168888506217758 0.183386383988743 0.0776160512549837
0.0502973959498047 0.0341140753638456 0.241340107254685 0.208113482977539 0.27191430599167 0.0904737215761803 0.0310587319935327 0.072688178892742
0.12844106452515 0.195743045953716 0.00376139351074425 0.19859557832991 0.0204734893773646 0.0108909965057592 0.206402492971445 0.23569193882591
0.20133672190732 0.0553803975801012 0.173310598827861 0.0879119701927496 0.0750684569901465 0.154721490288419 0.215046660387863 0.0372237038255397
0.0682142777084332 0.0830200505542627 0.125059885056977 0.175494168185774 0.106416557187598 0.159796882835636 0.163813609463133 0.118184569008186
0.174745063032465 0.0793062227393256 0.0279809307156431 0.025762065965213 0.145893101685009 0.311436160131091 0.170693746939179 0.0641827087920741
0.0028789339591157 0.231618508592431 0.118673846345358 0.166289662292788 0.166507544310517 0.00831976668358586 0.208846834925264 0.09686490289094
0.107375213119185 0.0195565455610083 0.133535433169631 0.193217822345379 0.173119549484946 0.0212064711250853 0.099992135242938 0.251996829951827
0.0989976519128179 0.173968831805072 0.156926418587382 0.0246299787008578 0.163953282090974 0.168115722170839 0.176989767506444 0.0364183472256131
0.209434581494223 0.0417415944098525 0.193649199864086 0.0645260519926073 0.197666415900714 0.0002970194645759 0.0937161516172456 0.198968985256695
0.143404916821585 0.0975261898452899 0.0650435067533836 0.188708259252316 0.136102274656056 0.104550836973481 0.144149360890824 0.120514654807065
0.152576040786422 0.0306970150416249 0.117792577474892 0.050022563167875 0.146077519945834 0.176676555143852 0.146728477437042 0.179429251002458
0.103701179458793 0.0660206970883648 0.149029004080937 0.2157508767977 0.078268813131335 0.0894067626129402 0.156286498120793 0.141536168709137
0.203899505062929 0.200553466368945 0.0173545688102424 0.100553115069028 0.155590784104415 0.170988886690806 0.106792554892939 0.0442671190006959
0.124550163220694 0.0317430982443462 0.0246890924201596 0.190237284459969 0.18574935781694 0.0803981610711971 0.0952996313106446 0.26733321145605
0.0219102224272216 0.0284895764939234 0.0463636270906196 0.268749841564744 0.121282277166663 0.192782850055023 0.260302802119572 0.0601188030822329
0.0706720896806788 0.156159906616715 0.0980095796417056 0.109910222062762 0.162121541675192 0.187473109999905 0.183739233137147 0.0319143171858949
0.0631485636425178 0.115025755775479 0.0854790299615937 0.131492943495785 0.176789143703196 0.189474767501467 0.0989459497061652 0.139643846213796
0.134471405977201 0.150292472891745 0.103513104186092 0.0841045279232086 0.126983903408699 0.105063322801096 0.12966544938508 0.165905813426878
0.104958590687134 0.090379647635691 0.147249740825001 0.16526113869038 0.0917959535902296 0.124364289902817 0.109118610185795 0.166872028482953
0.171565997410599 0.0159621607665854 0.14618148049385 0.170423590506642 0.172554557314776 0.131292821663062 0.138400712430504 0.0536186794139807
0.233701266901834 0.118648475371624 0.215008913460781 0.0683102061611213 0.12942374271659 0.18058512477668 0.0225018079100672 0.0318204627013017
0.0388758473486187 0.0205865977411975 0.00947494928066478 0.12509175086557 0.225124229118645 0.196032346887203 0.202489482491518 0.182324796266582
0.0816581133524802 0.162896103141394 0.0737632106623359 0.206332451891075 0.154443371416003 0.0928089724066187 0.00154686476588348 0.226550912364211
0.00173866652092923 0.192488347168931 0.196888970790962 0.237258662055157 0.0517963097782121 0.0567398769285677 0.0852709967766438 0.177818169980597
0.0917437531120544 0.127928552948429 0.198648599423757 0.00210453846899606 0.207977502551105 0.209365443736158 0.120337050912827 0.0418945588466731
0.183034317775668 0.085612010264479 0.129420528133657 0.129350675527006 0.148493323614435 0.15633767243617 0.0164629346872116 0.151288537561374
0.179980864213254 0.171865579124287 0.0986197816321896 0.1301492628578 0.169376598116553 0.114248908353412 0.124986716001934 0.0107722897005704
0.0354369641452312 0.214036172497474 0.158389197535751 0.119585338142094 0.165222186605584 0.0630841715693927 0.0607032033324803 0.183542766171993
0.079071244637043 0.236123753312423 0.184044477000127 0.122149240594552 0.0230404405063153 0.186111616736774 0.155331383424619 0.0141278437881463
0.135294425495111 0.0848517155996583 0.143679003714274 0.146692935564111 0.10105809031127 0.148735579408124 0.163696148890384 0.0759921010170677
0.0636090137151001 0.0996227447359091 0.210140973146168 0.0343579659494831 0.0196575169970609 0.181865129226904 0.169938060304815 0.22080859592456
0.167895968483984 0.195146545775774 0.149095546830697 0.102881198002582 0.0944052757876799 0.0685580396951965 0.140355264226863 0.0816621611972234
0.157682170946877 0.159499936814231 0.185932234416134 0.0115073320830909 0.0774358488449041 0.156531409406539 0.136944881287045 0.114466186201179
0.151783388385764 0.110993309985539 0.0585327054110468 0.116694933728127 0.0525042682494407 0.34773036882844 0.131282900897808 0.0304781245138336
0.0910793998978585 0.130223420141916 0.0633660965602516 0.0803709999675482 0.190047273016248 0.178168811330124 0.0775728687224319 0.189171130363623
0.194168326785196 0.0125572700662352 0.0510877895008863 0.0225242074118017 0.0763609346111819 0.218793046277354 0.127187502741098 0.297320922606246
0.000976739067176733 0.0703898153633365 0.181393832925769 0.145726370929894 0.221350593698942 0.226842883328212 0.109816378132817 0.0435033865538513
0.000253737508958708 0.00533075348846518 0.199399349359253 0.128644956456643 0.130120815191173 0.136853862500068 0.20706021310127 0.192336312394169
0.0453043772418819 0.224530540858286 0.194644914309348 0.0226360123240485 0.061449926480866 0.0838454442493988 0.085349836597608 0.282238947938563
0.229816654785431 0.15605516574725 0.0814414338314085 0.0300947669599953 0.0151099412406104 0.00377130784936357 0.267800533110552 0.21591019647539
0.0645508970324135 0.037820177027128 0.203576268690996 0.0112063642588316 0.191937913242283 0.146885464137741 0.155892178279086 0.188130737331521
0.0693471104195358 0.12305092532184 0.0164375410905783 0.163453989873894 0.139801550626061 0.037406918596319 0.265225073407936 0.185276890663836
0.0989505363230719 0.125682223060392 0.303667552065195 0.0673316767928408 0.0651879593355907 0.269121487712741 0.0624074600871477 0.00765110462302135
0.0582307722921945 0.0140177804891998 0.176469825898948 0.0439172193088162 0.207012369234109 0.1964909862349 0.200294425575536 0.103566620966297
0.0624407542799487 0.0142726368697447 0.170006151153038 0.156290254310104 0.0761160113975494 0.23174497758281 0.0220567879896813 0.267072426417125
0.163659742709945 0.234514642894816 0.166482394849869 0.0605541892754622 0.235489755765279 0.0269407674450462 0.0505948951322262 0.0617636119273561
0.00350198891870952 0.00697537803723109 0.169794464827234 0.0801183602753761 0.365883373318037 0.108440128396766 0.0611759238027893 0.204110382423857
0.129012541653272 0.0186097805680522 0.209456683293108 0.168281349253502 0.0306320751753626 0.271840851021963 0.161032950549564 0.0111337684851758
0.199284686067126 0.169407423920152 0.168170449501245 0.181713182165776 0.0272311600777681 0.00588616181740406 0.178516688635422 0.0697902478151061
0.0943464468327374 0.130491929041358 0.208738297220296 0.0989011495445549 0.00954588820870757 0.10941336631806 0.226136175794904 0.122426747039382
0.187715363137826 0.218911811455608 0.0361843419822198 0.0371956348485343 0.160591096911395 0.10673932997646 0.140593247022377 0.11206917466558
0.129864470387193 0.134799915119493 0.0956052972357433 0.0441040968355996 0.0913740518667786 0.145463057471851 0.178666345305612 0.18012276577773
0.0765609915359761 0.174741858760885 0.157244704300819 0.121850029144111 0.167000077506347 0.129566878811375 0.106925891379455 0.0661095685610323
0.0760299690304328 0.103811984146045 0.0568612651107783 0.148923783189868 0.0414492951123667 0.231574623322819 0.252404159547942 0.088944920539748
0.149133788420865 0.0857942040191897 0.153717711162234 0.1004111729013 0.0362195412849041 0.0940431739276498 0.188026098428098 0.192654309855759
0.0811718709357567 0.255983927992156 0.109197973714382 0.014965216552296 0.18350596468172 0.0216105269900021 0.19622233012056 0.137342189013128
0.0950065962642019 0.121576052356913 0.0916451607619654 0.18682956798924 0.0652143120512179 0.106238228932983 0.18584285054869 0.147647231094789
0.213871008044659 0.191387838369326 0.0620104912938751 0.185246947355161 0.00959921950535897 0.0416289350479462 0.09865537878728 0.197600181596394
0.0695233373429598 0.141214350218987 0.226517428147241 0.0109932225967841 0.0907598224619694 0.124032405365774 0.235635676943807 0.101323756922478
0.273338902500325 0.178280372507766 0.211734347587159 0.0185939923566509 0.015522448386926 0.152770573663641 0.0421713781943064 0.107587984803225
0.0801860254368425 0.144910625770982 0.119298634860608 0.144252877415675 0.132789270804829 0.102722938975981 0.110097119139838 0.165742507595245
0.109382279197653 0.141868991585026 0.191322856439281 0.0936504526698602 0.00150391131220119 0.189881482230547 0.129240875558225 0.143149151007207
0.01967100473131 0.202020475567448 0.0873640486796449 0.0965263080826866 0.211692827456507 0.15130366973169 0.0280793183548193 0.203342347395895
0.18510905052641 0.139970295961439 0.14891449968668 0.217499494160395 0.0840574619561772 0.104150696131686 0.0541011187667033 0.0661973828105099
0.0384660667310402 0.194297276406793 0.20705739029254 0.00824960159536866 0.128923413413146 0.215218513858038 0.180007320533846 0.0277804171692281
0.0266200297102107 0.168457514426118 0.0377041717210668 0.118205104600226 0.209509213561203 0.157600066450518 0.206231001800334 0.0756728977303236
0.171268947796322 0.0221468731711974 0.265441085404497 0.166639883033551 0.127417860102979 0.171112740494548 0.0260515640233148 0.0499210459735903
0.143204018816273 0.0491880780454274 0.0897268898493532 0.145123700400535 0.111991359236604 0.204422292708021 0.0723874660063113 0.183956194937475
0.117925670202096 0.0809527235964211 0.134502212085797 0.122853322564028 0.0650325107601117 0.169171004728014 0.104183669055371 0.20537888700816
0.201482002105143 0.0706437482422761 0.15963225810818 0.0459036886883172 0.15189536054914 0.128986543305102 0.084347523605371 0.157108875396472
0.244577823205177 0.155826680606872 0.215852270328304 0.0716053004910231 0.0503930125006243 0.0445917015517835 0.0537561805467644 0.163397030769452
0.00282160868125997 0.085699615778656 0.192387494519957 0.248998629342988 0.0652096425121389 0.286144418463354 0.0446393077239798 0.0740992829776662
0.0322354412790576 0.0788828405592535 0.00314127124012648 0.140693027904329 0.127482556960518 0.145599770296233 0.254665748915134 0.217299342845348
0.131070560145775 0.152334023069915 0.103274314710062 0.226002405458436 0.0705308976488152 0.182064296221645 0.07592250236954 0.0588010003758107
0.0717651435509918 0.00228449282861822 0.189917228949876 0.00226044603724041 0.183783798854108 0.284349304260443 0.126809848989746 0.138829736528976
0.00444239830170097 0.172149553972943 0.0323273502077693 0.173937025147687 0.116304103574247 0.178863879863783 0.17622002149047 0.145755667441401
0.202892710801417 0.116774418049268 0.0308595924258714 0.187717862873911 0.194440462736893 0.0543469859109657 0.199541282245057 0.0134266849566165
0.0588710484041522 0.0862818268351179 0.152813294629056 0.177384156520711 0.17135327085908 0.134496600271551 0.0736355994715225 0.14516420300881
0.135907771080289 0.0467174417743925 0.145581051308209 0.222940476539864 0.148099986511195 0.0964986255747821 0.151340473785906 0.052914173425363
0.118957880936627 0.0873022508500354 0.021250491884601 0.182171040560988 0.0711896639886022 0.215786445937182 0.253603441379237 0.0497387844627265
0.124757484044583 0.274421252870145 0.0120995299447501 0.126369355627393 0.0898362651719954 0.118696303684337 0.19921125450768 0.0546085541491151
0.183156448598337 0.319672014250192 0.0820126712817404 0.0519821865084559 0.0216255439493507 0.07843015370226 0.0003202790616199 0.262800702648044
0.0523346926112405 0.0839881898429753 0.0675051837408977 0.0802017313667241 0.159331600572983 0.190839723218746 0.225897078508445 0.139901800137989
0.0371195293423362 0.103821641151193 0.150784828786675 0.0461336618032144 0.0804805827971644 0.13943020808669 0.310863205775518 0.131366342257209
0.101465080088672 0.136845024888503 0.0704471282310096 0.282879143118967 0.0604868189292097 0.0540774689279976 0.265928855713668 0.0278704801019739
0.0310886798170606 0.250429540968077 0.250149192990309 0.0491821742085064 0.0918028585098074 0.0411060675911712 0.0530858295748222 0.233155656340246
0.0130186849764681 0.21105302391296 0.116623941790725 0.168539030840868 0.0501965031036311 0.173493255497724 0.152885318125079 0.114190241752545
0.11884362973371 0.186342328251728 0.141542024041267 0.138431428285496 0.155055135241964 0.140598081497713 0.0950751333725715 0.0241122395755504
0.165687032847797 0.121286755478663 0.130309736848973 0.0864965463466755 0.0252625983466135 0.173685747495596 0.108562040807138 0.188709541828544
0.138728413651219 0.0948254029569355 0.217566137320189 0.0485058341813896 0.117482893131475 0.0160240240918315 0.164510907224965 0.202356387441996
0.09473100858302 0.0925214658976568 0.244636915137047 0.0751661457561862 0.013816071817015 0.023705782335277 0.238550709223447 0.216871901250352
0.142846667486236 0.0214060964992997 0.191510684612047 0.130759944516907 0.157283614840869 0.213901020543465 0.0492602017301889 0.0930317697709882
0.214618872775261 0.176961235370874 0.040352328908504 0.0274109419225347 0.181937403121926 0.0824006508137916 0.0529676828287649 0.223350884258344
0.182533385848883 0.0293966734827249 0.241571671086502 0.0288936322883484 0.188868762824055 0.126642868356199 0.0011117708669871 0.200981235246301
0.121378723320819 0.0202564906501484 0.210955407576697 0.167205821837926 0.187639130165951 0.122495975409327 0.133030265835814 0.0370381852033185
0.196965540562266 0.130316850271267 0.196603698425291 0.153542637728868 0.0107417430254477 0.136769554541392 0.112351363654793 0.0627086117906757
0.103169939270916 0.115031707408886 0.164947589246585 0.162210087178994 0.0227480861904334 0.114047308688591 0.119084072492362 0.198761209523232
0.0581767844750743 0.0768818843088161 0.145654514689268 0.113736699544106 0.0439734109321529 0.193566616381572 0.071466978141269 0.296543111527741
0.201158502443502 0.0936450376676765 0.0740710953889699 0.128135542286819 0.0559393052714364 0.198893034017265 0.224257906670851 0.0238995762534815
0.0335535777755541 0.103691930745962 0.166758901648228 0.121666803583056 0.0437788309091175 0.156618004175484 0.185048815308527 0.188883135854071
0.162611087756724 0.144053733666345 0.176345350858556 0.0037936174090917 0.182302943468512 0.0974289476640287 0.0794868993476627 0.153977419829081
0.161808823696969 0.138740712835746 0.171216298583041 0.220204823576232 0.0127630816784323 0.042314568105797 0.0958088180144465 0.157142873509337
0.0709214132868208 0.00225894706896268 0.13524126489281 0.190943957144405 0.0825961187548401 0.201176654223658 0.173287606407002 0.143574038221502
0.0427496465112411 0.0670050505588367 0.196865899634556 0.192175001389984 0.255404089606538 0.0321108964490554 0.066596352189499 0.14709306366029
0.141257997495864 0.18016157412549 0.0198948987881461 0.0761178453008306 0.116479553278274 0.174775827323535 0.0921246417596036 0.199187661928258
0.11365848833389 0.0157480687493623 0.0591337223289497 0.185688500674561 0.00172289344213949 0.214709155322768 0.217116366081136 0.192222805067195
0.0508404173187789 0.175079087413121 0.0449426509341842 0.151329147742939 0.0802707648183253 0.0404212097623985 0.251014211980136 0.206102510030117
0.200918864768109 0.279462360459412 0.143850400922833 0.0319031384877491 0.0942731190399394 0.175861790310568 0.018450387381285 0.0552799386301045
0.180517115282107 0.173941734043433 0.127138411021357 0.140136414699426 0.151562870073061 0.0701105012198317 0.144313339270841 0.0122796143899447
0.146763707419869 0.16035022292744 0.177208542566711 0.0421044938339577 0.0127690885287653 0.0234229827357869 0.211441284244273 0.225939677743197
0.162376909095322 0.0823978010394995 0.179256261664394 0.0635774885657407 0.0489048987020087 0.19159690722124 0.164164472025958 0.107725261685838
0.136018291953596 0.162814224781169 0.165452550199111 0.122444834298755 0.174302656435895 0.0323368963792252 0.11200700271278 0.0946235432394687
0.171576953685585 0.138598426963631 0.145043013708046 0.146826178954454 0.0271610674861189 0.072326952792504 0.183028784823135 0.115438621586526
0.0886070306876964 0.0811836898908685 0.162892847713527 0.169252145273303 0.163782977352653 0.0405727638932439 0.116985279884935 0.176723265303773
0.163223695722644 0.0408656494953441 0.0297416323417442 0.168465161863402 0.22467088608143 0.156124811884952 0.159490651527582 0.0574175110829016
0.120775330536598 0.1249485362196 0.0387619252589647 0.136426008384158 0.00378593938042935 0.272386529732173 0.244549028576952 0.0583667019111263
0.0573076775753798 0.155771398365621 0.151285195891537 0.141126905453763 0.144265576648433 0.0044708931679767 0.144132832225246 0.201639520672044
0.0495067734313836 0.0578889120230931 0.227587029962889 0.0765740231064478 0.0530272002307326 0.0683758400687725 0.206014159717278 0.261026061459404
0.0219572376209239 0.130429165808711 0.181768065116855 0.19136282052696 0.137025269802601 0.0661029127571571 0.168454494029576 0.102900034337214
0.102537375783533 0.200640635786749 0.11089966408174 0.0337057526141357 0.116953169516837 0.192584182860246 0.069354182018606 0.173325037338154
0.127732269595978 0.310020918390809 0.0255553391447119 0.00276180834059259 0.0226724392282496 0.0759953624375295 0.192711271306469 0.242550591555661
0.044981747449748 0.00308741635211378 0.0201166819350531 0.154286431036141 0.220333295396431 0.15483988681796 0.203754472249765 0.198600068762788
0.144180200193123 0.128917835911936 0.0234254812348166 0.216118258878543 0.203876744463372 0.112677916027039 0.0739985434584691 0.0968050198327015
0.0653696994174184 0.0319204363808955 0.0229739299181656 0.143417165142806 0.0525997252101262 0.0144390927760182 0.340273924927941 0.329006026226629
0.119015117503591 0.216204736637698 0.225918265566027 0.16615530910096 0.0694713590574731 0.00493679798081626 0.117828154462347 0.0804702596910877
0.181013410326545 0.197381734529444 0.0274922155430325 0.172984092403939 0.0907024412885962 0.158979516333476 0.0349017560246958 0.136544833550271
0.210683943689655 0.0316710853562367 0.0399233744702732 0.140031371777005 0.226113839367255 0.0861451335459385 0.178651896965704 0.086779354827934
0.0524609094096298 0.0554993945243306 0.17841654316484 0.0998072524029232 0.184950769395392 0.118981640879995 0.150738338571508 0.159145151651382
0.201739525574473 0.19197341652241 0.0693316045769013 0.224305201321873 0.163830457736432 0.0406443514909555 0.0959927685114599 0.0121826742654967
0.155340187003748 0.0379661197858543 0.132367663880764 0.041765245093495 0.330947032841876 0.227892732557978 0.0435501985138386 0.0301708203224463
0.00420502071501986 0.287667434114308 0.0102922939470465 0.0876060859835688 0.0584525439512565 0.216711747974483 0.194156444796548 0.140908428517769
0.0874779551706933 0.258467101650306 0.0236061542301512 0.190682858438544 0.0767221162520299 0.25735865020866 0.00719068303513257 0.0984944810144824
0.0846453158065835 0.0584100540668927 0.200175598010451 0.0389800710067692 0.139893343357334 0.120178719803112 0.195258183578532 0.162458714370326
0.231634885741954 0.244680820894908 0.0312536810540949 0.00414551331075613 0.0314019166198691 0.244919935270405 0.00151652186696151 0.210446725241051
0.0516229753033464 0.219582433926725 0.202440344004043 0.0306234416802972 0.174021428114301 0.209186112097311 0.0644692481311652 0.0480540167428104
0.113277724043971 0.106801705602273 0.18383738219745 0.221931300522877 0.0772485644740182 0.0707947922035674 0.110436524454232 0.115672006501611
0.142595549168512 0.205216192762689 0.00368959848008614 0.0850975117264169 0.162237496085015 0.25683314784106 0.0616854363287292 0.0826450676074916
0.0640241371234143 0.2432666946288 0.138966666611883 0.254177550695738 0.13385009712022 0.0442161381225865 0.09880658684515 0.0226921288522095
0.140287896463001 0.200421661429446 0.222070565199114 0.0855634969252951 0.0193668089862984 0.0817367201347961 0.196205157060653 0.0543476938013972
0.262277466936712 0.209327780434294 0.0822916702180554 0.140094352735911 0.132465810950043 0.064339951832187 0.0838649616780845 0.0253380052147134
0.0655787721612109 0.0785360289537366 0.320067663409491 0.240570091189414 0.0411180281924375 0.0668433190604961 0.124740181490387 0.0625459155428265
0.0237915924099748 0.0737181720292658 0.0187202985013114 0.0604222862523567 0.212640921441546 0.0769579952646443 0.316753876872391 0.21699485722851
0.0560084498442481 0.197230983111051 0.095096282103133 0.117965890742818 0.184640727588693 0.141426643126268 0.0475653656724086 0.160065657811379
0.235041425945578 0.0282707293724174 0.131775142766435 0.0459112772487091 0.123399180039575 0.165218086987286 0.214765290984946 0.0556188666550545
0.117983166423732 0.224980780140983 0.248928570959035 0.0603658620889434 0.0125748226585917 0.236300278583125 0.0301828598334453 0.0686836593121446
0.127127066610439 0.250066297667348 0.0172281115546273 0.0861522283114755 0.188323377124362 0.252740848867488 0.0386807693883415 0.0396813004759193
0.165751696231683 0.182576746827097 0.0752287519398174 0.089525051287964 0.090876756517003 0.079908355906024 0.149308960771617 0.166823680518794
0.156736058353029 0.111626765254426 0.084622162864562 0.0529352581851203 0.199670826131224 0.17865282988737 0.0364132521417123 0.179342847182556
0.192540275740918 0.279135785345618 0.162154108132283 0.0348402490287766 0.0837114982124054 0.166480473240547 0.0478620501478685 0.0332755601515844
0.174401289574269 0.171125021562925 0.183557708759964 0.071739508463443 0.0972646088621869 0.119045200290061 0.0283787311829867 0.154487931304165
0.148440324940911 0.171760983012375 0.117312825910313 0.0701535516649753 0.0980512530201768 0.11674850831511 0.0786121985141561 0.198920354621982
0.109437681668356 0.0269129685428725 0.121020768756812 0.13183199508994 0.240693162814306 0.125675052194089 0.161637346499305 0.0827910244343194
0.169182428340977 0.241815233552889 0.136860807693165 0.0182640439221489 0.00137590805575222 0.0286985833253057 0.0960660637795943 0.307736931330168
0.133836270597516 0.139162265326877 0.0838855268191911 0.124100528605797 0.176583190482315 0.142546276838103 0.0291397594525838 0.170746181877617
0.142963714739266 0.103623655419701 0.168977010161943 0.0873888577352752 0.166148780040907 0.188839714418036 0.0905846604402406 0.0514736070446318
0.195143487878885 0.162643062445984 0.123253585125268 0.0240753074065569 0.200585470335526 0.0592380583857362 0.0969527184466585 0.138108309975385
0.202848740100783 0.230021560433067 0.125927228126391 0.222428776057837 0.00720796882002668 0.0231620449863941 0.0818839155819042 0.106519765893597
0.106470369219385 0.111426219437551 0.140808616128144 0.0577189248738976 0.150657309733597 0.238061144323764 0.120510062094567 0.0743473541890945
0.0940365511302228 0.198288144326775 0.105368169756993 0.0820274036467519 0.220981947859715 0.0504260940781811 0.16754727006525 0.0813244191361115
0.218507507650546 0.131319836732646 0.12132434524247 0.0556240876199925 0.233380064948566 0.0202164242426163 0.153369214903098 0.0662585186600653
0.159549096410539 0.168381204851302 0.180549704393896 0.0992648185103004 0.0823548516159725 0.126805379418009 0.0615896475250903 0.121505297274892
0.0901251146066758 0.0715935734914034 0.0661396847876991 0.203806330873904 0.0755867987505363 0.213309486004304 0.251199002082889 0.0282400094025883
0.302805458606186 0.0873400276743098 0.0375032331083399 0.0519608425294755 0.0263107304039588 0.343559949532833 0.0236289118459038 0.126890846298993
0.104422623289659 0.212588243752501 0.148569779076241 0.0129895643425537 0.116540550667389 0.0652678683501789 0.110287078533226 0.229334291988251
0.218387463934675 0.0790784720758004 0.153773142241313 0.0393600181386714 0.11608282376281 0.107670250113019 0.104411795710734 0.181236034022977
0.121801533574717 0.0396364964838127 0.0811131145346336 0.0474148479734251 0.226681557780139 0.114448326847805 0.302900021389771 0.0660041014156953
0.0822600120781409 0.13783831457723 0.194370327296358 0.0105472162428012 0.156069142333959 0.0979778422958358 0.118824710796635 0.20211243437904
0.0910055194529687 0.118180843862374 0.0932236008228985 0.10944751111785 0.143768592349927 0.147642511823974 0.103707195965236 0.193024224604771
0.172545577252385 0.293836822838572 0.227826491569999 0.0264496993050978 0.00331401737758336 0.0939848007923499 0.168631623371812 0.0134109674922014
0.0594637358869732 0.117452846101403 0.149561937184351 0.0694077444290744 0.265100098974421 0.103663249373083 0.0370410529266391 0.198309335124056
0.221143473834506 0.0854242529248264 0.09317802306408 0.135370506102465 0.121554454082351 0.290270929370783 0.00230796418862297 0.0507503964323664
0.123298105534169 0.0876115658916672 0.121709464571557 0.0353410493088424 0.187640729745387 0.179435250346133 0.063422780799868 0.201541053802377
0.0402388900816277 0.00923101245661805 0.157995288739328 0.177505420584038 0.169877246947322 0.124227602758601 0.141345109909752 0.179579428522713
0.154616365422398 0.0294411646326509 0.0721382623341832 0.130464995445894 0.245604764589506 0.103414564172974 0.129052232901076 0.135267650501318
0.175139222006098 0.171257348200389 0.067145619131554 0.0224424336030246 0.222706096333546 0.0695690190751744 0.141752284098062 0.129987977552152
0.0961831070504693 0.244007939493143 0.0727075681323548 0.174494980235843 0.0311803175978937 0.124023174422293 0.0112940818297132 0.24610883123829
0.136901115716327 0.133448416769255 0.193342870807941 0.110706646544758 0.0420487970169177 0.0181898659614082 0.218067346789854 0.14729494039354
0.0189183573279531 0.209140833935081 0.0644035419266518 0.0292018987408144 0.0248956715571071 0.169785051622598 0.227242628286308 0.256412016603487
0.284145305866645 0.115982665765961 0.225766003379845 0.0198713464711841 0.0666176828289922 0.031889873670234 0.0588089069765435 0.196918215040596
