0.218464856530787 0.0830885671058511 0.151427831141883 0.113959911629929 0.112028401809225 0.150536287260965 0.112825412771977 0.057668731749383
0.0532178406518602 0.144141239374575 0.1003737010292 0.18059963370857 0.182892085893196 0.0772909632226739 0.150460046967474 0.11102448915245
0.118803173195234 0.114225728227197 0.184449314943911 0.213422982727872 0.0433723787596763 0.0324133365891195 0.137479914746705 0.155833170810284
0.00621714718664325 0.230960481222491 0.249837473153309 0.0148215291503385 0.150706117915069 0.130826492462402 0.098106951029629 0.118523807880119
0.0134377125182931 0.109364457723567 0.21158163846252 0.147428027534655 0.147941537941453 0.243416251112144 0.0720670934328425 0.0547632812745263
0.0975167660450022 0.0601412188599456 0.173525416923969 0.117752832983107 0.133206109348805 0.180814653137532 0.160779143212512 0.0762638594891279
0.00946901536163905 0.297105970908418 0.066893738738719 0.0807801722835658 0.192238161154683 0.268842017396834 0.0641219131103245 0.0205490110458169
0.152462586412429 0.138738296094424 0.169444010698092 0.11987875766331 0.167038568135697 0.11904619726038 0.0748747804314569 0.0585168033042096
0.17220061169777 0.179755496701684 0.0655744589323109 0.0370798714161906 0.180073877187056 0.132203959582951 0.0502583407644806 0.182853383717556
0.103939006834987 0.00308595527681879 0.114625335723387 0.218686623362504 0.138483781060986 0.0796868928555476 0.183394584354124 0.158097820531645
0.169881825688119 0.209713472282986 0.0699125498138213 0.0182702053535062 0.222809771014558 0.285778734228763 0.0126664183509208 0.0109670232673254
0.0452722777831319 0.0432607488334229 0.182535032717885 0.199731963015312 0.0475796237211589 0.262821445141276 0.00438564311333387 0.214413265674479
0.162518734679661 0.0589668830558695 0.115352509406511 0.125018758822548 0.0579305189171707 0.184049064376992 0.109875086384932 0.186288444356316
0.0892773305876308 0.193420327115579 0.0636459479429716 0.21560177807653 0.244871174795298 0.0977932433143452 0.0915645033312218 0.00382569483642367
0.253132700736811 0.175926843016597 0.12502032470116 0.149965569928386 0.153346032329814 0.0308484817431689 0.0180911783020704 0.0936688692419932
0.1781561664764 0.134745838307741 0.14164184530129 0.17509081702056 0.144360278968079 0.0656272258430428 0.107352844928682 0.0530249831542049
0.0617317514238954 0.208807799562615 0.0644459127843279 0.171275129540798 0.0955339993428986 0.0293094628448364 0.192936980992437 0.175958963508191
0.134826105975963 0.096696160301474 0.0827281790035848 0.136170893135913 0.162926159105689 0.152918101296693 0.169970836627831 0.0637635645528516
0.223646312030928 0.198460774791378 0.195932378439026 0.061855567657097 0.0975934557020528 0.189919849993278 0.0268211449570376 0.00577051642920312
0.169991415378257 0.1969015504442 0.217720094376731 0.00302989460198407 0.0344625303278081 0.00220478130735434 0.163483602694273 0.212206130869393
0.0700087830943185 0.168756461704641 0.126114148759993 0.111097903173236 0.179666620190432 0.200068313358384 0.0103511399864622 0.133936629732533
0.19449552099596 0.0744723572312329 0.191599169640352 0.205737473544087 0.116016977550818 0.0545930742266709 0.0437790079677601 0.119306418843119
0.161305464364607 0.223786515282878 0.111848873842345 0.228919931625969 0.00373251561987121 0.052403183893167 0.185240100452683 0.0327634149184791
0.126955884046579 0.180153521404982 0.176458727765356 0.0676080439521429 0.166603961256706 0.173337141180125 0.0323920812433392 0.07649063915077
0.140092303345732 0.137547065235925 0.0595616704249163 0.142209604156658 0.1573945708788 0.0102327994009389 0.205533132298361 0.147428854258669
0.0538901798659114 0.141184672057963 0.108109368015712 0.0415847342972518 0.187956737425871 0.104741212384713 0.167976527333826 0.194556568618751
0.193139557492062 0.0403773847865042 0.187715751029137 0.0638780421226044 0.142980168901558 0.0517709615835832 0.206687191093069 0.113450942991482
0.0288022835713922 0.229969329774334 0.158600887964561 0.157518757180514 0.123584171527298 0.0520004825032253 0.197531694484885 0.0519923929937893
0.168255775529971 0.0468043570439519 0.110305315042135 0.245791392902882 0.116373786209139 0.0972661688194753 0.0858850263867742 0.129318178065671
0.0711781525551627 0.00267065533765058 0.142240706216189 0.233261186931676 0.1482130111557 0.196877300364719 0.201457286933299 0.00410170050560397
0.151079021826029 0.0913280918339478 0.113415144408121 0.0244095927708461 0.222962794299977 0.199580192732953 0.102145673673042 0.0950794884550826
0.209141825621794 0.153388966109014 0.0422041561606768 0.172242652414632 0.29290470191995 0.0471089711524703 0.0791715760969263 0.00383715052453699
0.135276435139059 0.165058252138606 0.0149509052046661 0.128195035291903 0.0364187690779702 0.166159986919008 0.0954493264004866 0.258491289828301
0.084737805603489 0.101061513312495 0.166737533127738 0.0492919827377565 0.107643229774186 0.170128342076984 0.131436859616087 0.188962733751265
0.116492296794267 0.0577226869176373 0.180252399412171 0.207323972277372 0.0320541285354851 0.0752868403946818 0.170396145871142 0.160471529797243
0.0466246998508314 0.106773890277399 0.0963045240382802 0.180244412579171 0.0259548533156342 0.161778893240068 0.170352088092728 0.211966638605889
0.145242884991594 0.0646763095099739 0.127830168455342 0.0120243221766135 0.166454980176901 0.152891514152569 0.169969206302786 0.16091061423422
0.0347255911049242 0.116214240145212 0.0391373596175064 0.202613452585169 0.0429233871482609 0.120430978066822 0.206830120053028 0.237124871279077
0.157402825201533 0.0977046050683135 0.154467966626417 0.115900466442242 0.132214632191736 0.0603051033427947 0.12471872667049 0.157285674456474
0.0980933104467578 0.118097543064121 0.225936854803825 0.113788815884439 0.0221348726379169 0.0990360329803477 0.250432690725711 0.072479879456882
0.0109437869407837 0.270743709980681 0.0422435282442539 0.0957151754497114 0.012349171751435 0.0652745149268621 0.195870455301175 0.306859657405097
0.223156602343813 0.00316791120718817 0.0415852133792112 0.122660252414415 0.058373775932721 0.0209895025731253 0.250974288192278 0.279092453957248
0.192733975748178 0.0630603875831316 0.10347363879876 0.197577345165851 0.0318976685236482 0.0713699971888088 0.195807136400514 0.144079850591109
0.248774235452349 0.102295343921926 0.0300824603870969 0.0389356857911105 0.26928377425522 0.00516826074616526 0.210841796897248 0.0946184425488856
0.259789035623507 0.120373773198071 0.00230298096300213 0.174581276713928 0.238597449524244 0.0475458893667825 0.0415507775807771 0.115258817029688
0.137189670520763 0.120856354782849 0.0990108805065924 0.149016991997556 0.0947969402930805 0.203812140528311 0.141292931779032 0.0540240895918169
0.0874324352152673 0.229634517391877 0.0996891853961033 0.0547745293292377 0.0626181915049278 0.20790077654129 0.0608781561523677 0.19707220846893
0.0270282658268955 0.141936986368484 0.150583882419353 0.147790982501919 0.0890734260897466 0.153186917606662 0.171081201680774 0.119318337506166
0.209077554409199 0.0625881379988872 0.178306208197467 0.195810397634781 0.0954415961480107 0.067346039750041 0.120890234645363 0.0705398312162513
0.134378910241853 0.240291203665063 0.0378691159387157 0.0919148465392782 0.0798957835423215 0.0653072952246575 0.0890919267859261 0.261250918062185
0.135700860344026 0.170300076471687 0.167048989953323 0.18154837093678 0.00660379106691971 0.167840506852185 0.0573608296085549 0.113596574766524
0.0517093340004726 0.178884646954547 0.267841018137341 0.187897074061542 0.134103779536407 0.0129414921406681 0.124828183173427 0.0417944719955955
0.0969488661834456 0.213109776827867 0.0960306772592121 0.076321051380116 0.0525510500226478 0.197672216109671 0.0494206666898545 0.217945695527186
0.265722502365489 0.101726558990015 0.273508503623778 0.0387145732574255 0.00263218132047686 0.163972286014801 0.101348684441763 0.0523747099862517
0.0137192587630066 0.163929973717914 0.107609858701439 0.113877407367861 0.0852997017802999 0.109531467086701 0.197290909668653 0.208741422914126
0.0775881653175991 0.0177338042254872 0.107614115207076 0.157082262647399 0.189407450948105 0.0228977046891366 0.230040305302838 0.19763619166236
0.254398217135132 0.0222525616633669 0.178791699201101 0.0116572475395644 0.258190427963545 0.0845234155664441 0.135102215611419 0.055084215319428
0.181502039338349 0.162215854094114 0.0994857394473368 0.0685480939379551 0.198460151684695 0.0772728962563694 0.204207227969097 0.00830799727208331
0.174174621857708 0.116092487752727 0.212735858517656 0.189568139872401 0.167876788155743 0.0718055454179367 0.0381569516623797 0.0295896067634485
0.0538940296792077 0.187343923021741 0.13170239645477 0.176560706497422 0.19994146465818 0.171128141004472 0.0110023960519975 0.0684269426322106
0.247226944953392 0.047007263470051 0.0747196961993812 0.0581154734585552 0.122574212009224 0.177050746056254 0.0790720266879372 0.194233637165206
0.0947918283112005 0.14305125093892 0.138064618030751 0.0926563044355067 0.117180641834091 0.184068157053256 0.131686715993238 0.0985004834030357
0.0465162340301091 0.0981715946478658 0.141807491896649 0.0202516714869016 0.237209438283674 0.203172657641385 0.0933071932996658 0.159563718713749
0.146984043429688 0.156839617493562 0.154534487121553 0.128737550678122 0.0736390096181861 0.193149198138417 0.0751923493975739 0.0709237441228986
0.17400005942079 0.102211627874928 0.172248259887691 0.0457914845476734 0.18434232255215 0.161876022867635 0.0403406442088011 0.119189578640332
0.0600547295229794 0.159551126310018 0.137950434118834 0.130412365000179 0.0156923849296303 0.176165610144799 0.170195616019769 0.149977733953792
0.0492265965345197 0.126642346493248 0.157110800910454 0.199107427968569 0.0936183725366444 0.105128145040223 0.0460173037564291 0.223149006759913
0.0622461892267723 0.243362347536697 0.315040672368291 0.0928376173790053 0.00403127226683017 0.187297542951381 0.0501259507174819 0.045058407553541
0.183608971162415 0.144387884869666 0.0643331579807988 0.170581337582471 0.102970953838969 0.0665162599737615 0.152559903157865 0.115041531434054
0.130516483056645 0.112728024403983 0.154214304844277 0.149311136471431 0.0908649731564452 0.177040004043384 0.0777491412494626 0.107575932774373
0.138290269386577 0.142061341984008 0.141574258843729 0.141787530248697 0.102245569338523 0.175762338749061 0.0790118618888282 0.0792668295605762
0.0511550501657429 0.246392898697985 0.208151891690695 0.158762406609736 0.0816981890678742 0.00915659729374487 0.229226903072125 0.0154560634020964
0.208900427630641 0.0969250200065638 0.228933216939273 0.211635658346347 0.0300487566122742 0.00487798569732081 0.0219080833180924 0.196770851449488
0.0284985151516799 0.134803643233203 0.0610576652781042 0.279604196887323 0.0750788969032177 0.118863980461262 0.173339467564726 0.128753634520484
0.080998218092997 0.135884052632252 0.100387408272278 0.121486317731587 0.0839896687893072 0.117526338914493 0.187766432785057 0.171961562782029
0.163595042897912 0.184127295264009 0.00632101162724379 0.214226849131628 0.216288756233199 0.0640085053026148 0.0400281216854957 0.111404417857898
0.182387489858767 0.132690511814755 0.168634822986442 0.0102375416459182 0.179695993973035 0.160842559315412 0.0545224923907657 0.110988588014904
0.266040907420516 0.0893043448365888 0.171293377457828 0.0223687397040989 0.0861993163749844 0.0504762964998807 0.0612366625317005 0.253080355174403
0.010432466704628 0.0186807984582274 0.0352568975120031 0.205946219365733 0.332352005940868 0.033564252122719 0.152387309011246 0.211380050884575
0.179298834567167 0.0714143504157269 0.201231580976164 0.139899884745321 0.16074194210911 0.075455775152293 0.103651296518225 0.0683063355159937
0.192162653455926 0.0424381414668792 0.111176689958517 0.13548331613792 0.10145013808915 0.171075592658628 0.0985799104278337 0.147633557805146
0.121033264046199 0.0212540491444649 0.0821916219229151 0.13852754973178 0.254000132704927 0.166454719172216 0.158857504286321 0.0576811589911766
0.0219014619741881 0.101429060220902 0.0778262960559961 0.0632947693452647 0.191693487689943 0.147662287918815 0.182947350311785 0.213245286483107
0.202784288944104 0.00563713408807016 0.217159475567764 0.106894842991337 0.197391412961992 0.113515456555359 0.00415699730036396 0.152460391591009
0.0761419627286634 0.112559222626236 0.080459882739237 0.138294219472132 0.252271815130804 0.210789966311435 0.0127569958045576 0.116725935186936
0.0950671771137808 0.122594371561406 0.0440834465432391 0.269112906896183 0.133778305745035 0.178345408993528 0.0538350871240328 0.103183296022796
0.115560178908825 0.134076097989861 0.0601027594233697 0.18547697438193 0.0358835254195563 0.0934836966388247 0.1850085135776 0.190408253660033
0.0141225891926136 0.178422511913936 0.144666301239557 0.234384407526444 0.059895219198609 0.0925290073447787 0.151704401059935 0.124275562524126
0.140163717164745 0.0262742860670307 0.213867921951894 0.21617432808571 0.112211135381656 0.111403579477628 0.0192482788893054 0.160656752982031
0.103531254283589 0.23717904526411 0.115429319956929 0.0239781500607413 0.131036121812321 0.0459171082436333 0.180977989451445 0.16195101092723
0.136374064324744 0.0651113847689879 0.221008879643053 0.161822369979858 0.156254201717459 0.0967536952341836 0.117240212628577 0.045435191703137
0.0454339023954253 0.00180831347785037 0.303016427468606 0.1565606997648 0.339803839340321 0.0463446901316207 0.104962065236143 0.00207006218523285
0.175300160341315 0.0612179880668622 0.0514920252883157 0.237135648134678 0.0074977187484769 0.216148574638248 0.0523965251279596 0.198811359654145
0.020548296385096 0.195482894612319 0.00845809630447337 0.0869661642832277 0.241281509148629 0.241134373144674 0.129507070372041 0.0766215957495411
0.0220121919537342 0.162207802749323 0.0289978020020438 0.155481878439722 0.125758905128064 0.203623711601685 0.207175071486973 0.0947426366384555
0.184981842051478 0.0835949304209163 0.192847149758853 0.001630741822152 0.0227050405525112 0.175152028161897 0.0870192593089985 0.252069007923194
0.186094822655656 0.174740247976126 0.134276714200257 0.208339755687121 0.0407584561276472 0.0526390552570317 0.0922940026947467 0.110856945401414
0.160477577390298 0.149129523645299 0.153276241739374 0.0769332972654584 0.0581495288019186 0.146742897369108 0.15279617367057 0.102494760117974
0.1687639631564 0.280529236750968 0.188391733731808 0.0672388308751651 0.0161643378111017 0.0551794542899983 0.0701315052716534 0.153600938112905
0.0140431069894764 0.100688362076357 0.177671642045569 0.115257266419986 0.00638427770852004 0.134315033713202 0.20188261357378 0.24975769747311
0.155427710424968 0.243173598403403 0.175614381361273 0.00975327418997472 0.0761883988496226 0.215743671032359 0.0413495681755991 0.0827493975628003
0.0301266695484999 0.0742837753457718 0.0265707457250927 0.104551869883786 0.0916063918906185 0.188477193217907 0.13428958107991 0.350093773308415
0.225523700531876 0.178231157343461 0.141202679000726 0.116806547033121 0.101928996235265 0.107579957271607 0.111202262421133 0.0175247001628119
0.210701977332236 0.218296023840436 0.234740768359945 0.00558349302159757 0.22375826382742 0.00305121388103272 0.0152530771622178 0.0886151825751147
0.151354613715494 0.131136431556299 0.104978028716017 0.0263425321791518 0.146021388520262 0.195746114146641 0.0852777735112138 0.159143117654921
0.0533926779703383 0.163848820591012 0.0129190551308723 0.128097455487557 0.21038731795243 0.0133580810109742 0.191177903311242 0.226818688545575
0.18697930565221 0.0153826992420712 0.0010391534813084 0.0676529976961031 0.346984560948146 0.152682530171177 0.200344466921999 0.0289342858869849
0.172848513613769 0.113930789532833 0.178883098879819 0.12850216985392 0.116638055431504 0.150775894021998 0.0822373839537727 0.0561840947123846
0.186474442584527 0.0421531876877128 0.147512711497577 0.106596299365139 0.17152078975012 0.0711786153596801 0.112203292105125 0.162360661650119
0.114637331976019 0.171704346607037 0.0383220539037628 0.16017288170455 0.107018952396236 0.132527291340411 0.171485063213382 0.104132078858602
0.166485132721969 0.0665323012620186 0.171245860552887 0.108962370950161 0.0939504295768181 0.148782270369884 0.141728816406387 0.102312818159875
0.227255939866256 0.0048114029360336 0.107087918324899 0.174597238987006 0.0142201698007322 0.0765937079485384 0.228247134061986 0.167186488074549
0.0404301754683124 0.250978335525355 0.234778845756653 0.125945558746323 0.0768608551186186 0.0106552712024767 0.0422893188538659 0.218061639328395
0.0579033539709245 0.112808260254397 0.217860873855725 0.123481425387496 0.112697901927455 0.252586137536262 0.120700704027427 0.00196134304031276
0.0117450043238891 0.212193477410611 0.023124253377677 0.123336133724161 0.247781590854069 0.213456135832491 0.0450645275398575 0.123298876937244
0.256572648117931 0.134285789749458 0.0631807488177021 0.0894994697082424 0.15789859993043 0.227555177767764 0.0525357189078485 0.018471847000625
0.0347179283710851 0.182640127972629 0.0430024799566978 0.136998771727256 0.182845908175925 0.129871221695578 0.161992216773749 0.12793134532708
0.183693563826206 0.150571439329864 0.0594435071473992 0.172804505534637 0.0256972882343898 0.178215640701562 0.100693472468744 0.128880582757198
0.158323711267835 0.0651742393001754 0.035914295931945 0.178210525184448 0.083020030711293 0.172657582156166 0.171234389539511 0.135465225908626
0.0982773138460087 0.21779200303143 0.109776739295703 0.0908359952895907 0.00769009265674151 0.197182508921102 0.164102919988577 0.114342426970846
0.105187224571989 0.128200469649477 0.0137374651879027 0.168849105799646 0.121780081579023 0.0500354958523032 0.243805596102186 0.168404561257475
0.0567324287120626 0.0559324100272471 0.309619571608406 0.0193027840241989 0.15175537095513 0.122681962957834 0.208775160053643 0.0752003116614786
0.0729359214156192 0.037430677166652 0.120805988770207 0.31236456595291 0.159899992015627 0.11354213583975 0.112679688032531 0.070341030806705
0.219097492176821 0.0373529995527106 0.0478900154694364 0.116050433294321 0.0824923433984186 0.198240920866632 0.133640286975396 0.165235508266265
0.0609326464715922 0.109230956368827 0.160633099834421 0.232065853807641 0.138629178184849 0.130591132692209 0.119953251457472 0.0479638811829887
0.1597263109772 0.213536794752869 0.172640053442554 0.198412732662843 0.0687659659002302 0.0115274789597605 0.0398858953936018 0.13550476791094
0.200130421978929 0.118043763945443 0.0853337101662527 0.167590857945013 0.0656933091030355 0.175373482101367 0.0538559228639618 0.133978531895999
0.0913793449420517 0.014815430145736 0.146739852174068 0.111343559343066 0.113134270884451 0.15611770464021 0.204821495447859 0.161648342422558
0.149408290966557 0.180419236747562 0.0325736280520741 0.206061899486454 0.135695970628344 0.054051073852456 0.0978668848899077 0.143923015376645
0.0696842616414036 0.157617039679101 0.152070842200216 0.0165327814891553 0.15740434768088 0.144528576623528 0.17783427208203 0.124327878603686
0.0857260722285214 0.153547673625617 0.193348353542305 0.205117698709493 0.172376893491503 0.104368351256757 0.00732394294423006 0.0781910142015731
0.103420818377387 0.0754039058857893 0.293376534192701 0.0787841299753286 0.0342716125398528 0.225127747564103 0.162848919385894 0.0267663320789446
0.000722466582459295 0.0727769747572082 0.0576890787717296 0.11957512773364 0.264956606565727 0.216954598499281 0.143667294893416 0.123657852196539
0.00850597815006682 0.173608765947152 0.156500223720946 0.112300421871498 0.10243897277015 0.0949688359713557 0.128785226988504 0.222891574580326
0.222811666098861 0.173127247166167 0.131989730779082 0.114753607852987 0.155381275843363 0.107097317426162 0.0270681438505639 0.0677710109828137
0.182960250937246 0.0203318779007197 0.256312632516936 0.0204288666906604 0.354611861418504 0.0953887948507205 0.000690708075503108 0.0692750076097096
0.115301954778322 0.101130514809045 0.0549978017769227 0.403821915666849 0.0210780342101628 0.0693944539278408 0.0708263533097199 0.163448971521138
0.0676394139945683 0.066501475871527 0.169375053886359 0.0859589327983592 0.297840471941375 0.0378183146000138 0.107841616401997 0.167024720505801
0.121857654532807 0.114606086597188 0.158797692543233 0.173309211293931 0.0331042183769435 0.172476760525085 0.0721772953036985 0.153671080827113
0.120044119081159 0.12902853837566 0.114714747869579 0.175987714792625 0.0909215429355568 0.162128055564545 0.107717542584735 0.0994577387961398
0.0544506499379262 0.118482192339573 0.145242494926591 0.225443506507112 0.119126865045805 0.0292404795474183 0.166634613102192 0.141379198593382
0.150842848509274 0.13614719721414 0.108334246272743 0.176087311058405 0.178653375116184 0.133940838123665 0.0575991281351388 0.0583950555704499
0.172950258783644 0.0109671293266216 0.175285845315914 0.0496709863178387 0.113516063853643 0.183340142709436 0.191679661781724 0.102589911911178
0.055654048702301 0.133508562984591 0.132864611661469 0.0698075000079083 0.0301111900715579 0.181620719330976 0.208128833251274 0.188304533989923
0.00128866921533181 0.166755021626618 0.100121414905895 0.160797969001871 0.21622488891283 0.204386525565918 0.103770135217262 0.0466553755542749
0.053280212886575 0.126844423417592 0.246060783671449 0.277239717843416 0.0287206951858163 0.158542872570037 0.099398343073697 0.00991295135141797
0.109162984646461 0.253073665630769 0.154759832069551 0.172247584496072 0.148964619516482 0.0430580481771697 0.00786790827811521 0.110865357185381
0.00450685545253775 0.0923605794034095 0.113485441331017 0.0870100214441308 0.199167831190705 0.175817135089574 0.190704403839731 0.136947732248895
0.0459740221828907 0.234624306064869 0.118886914725141 0.005939486319363 0.179159925145447 0.106441604868289 0.288065868130853 0.0209078725631456
0.0463903686461008 0.0726328857343078 0.15632713427285 0.022036909037227 0.155077324877793 0.218980045533072 0.197335968993885 0.131219362904765
0.202238349240397 0.234992062501096 0.0883277637038537 0.230094931025098 0.0364314171472126 0.101991476459175 0.0478541855088649 0.058069814414303
0.0463829946031855 0.0346468513977487 0.177529376252863 0.112697701605421 0.244614895917612 0.222124625167269 0.124607271238463 0.0373962838174377
0.272846588312876 0.0534576371678871 0.126793813770303 0.194551600989562 0.150535694300743 0.13941696091729 0.023611537262938 0.0387861672784023
0.166748656597111 0.251120738712339 0.0447019277851183 0.162510533935946 0.108123299263609 0.0249215632678823 0.206984463726399 0.0348888167115939
0.0105415623563413 0.222221228328771 0.0260345996239212 0.212501932619109 0.141998538990125 0.14184273864805 0.2114855038456 0.0333738955880825
0.175167982430652 0.0387671669559234 0.190588016533741 0.206586502933165 0.157762622755117 0.0365435764571543 0.0620431362884998 0.132540995645748
0.185767776109376 0.162553531343738 0.0347263613148103 0.119149325263868 0.0583240014116304 0.158175999966166 0.134715458875789 0.146587545714622
0.247668763921834 0.0881669408541479 0.0235245776077259 0.252829043952346 0.108759390902882 0.00480321733358048 0.259146758750065 0.0151013066774183
0.19408111879179 0.184703963054175 0.154203542968185 0.149844119674094 0.19180558299406 0.0184512736177919 0.00468685776679183 0.102223541133113
0.013766422017562 0.186440294634414 0.11772149832984 0.243463939609838 0.0946498478740464 0.0503982431484863 0.0708174242836174 0.222742330102196
0.0141503100005799 0.239091683318396 0.165628823562677 0.159087946721044 0.0374967566837603 0.179370315955769 0.190808657583299 0.0143655061744742
0.17349769755833 0.225128856867375 0.0643702815351251 0.0647085054578208 0.219620547765258 0.0942999710046034 0.0936182525919433 0.0647558872195442
0.188803646116449 0.23145661348658 0.142528401932241 0.137579072072761 0.0155771904213751 0.0542643065113275 0.0274719494258171 0.202318820033449
0.0683773935704291 0.143428739889537 0.143165125309058 0.157707012659272 0.0549958808293014 0.124442598694033 0.13736606301521 0.170517186033158
0.131440813388708 0.0759530475989249 0.0477955662582709 0.24070963557581 0.0659443745893347 0.0485826142643325 0.215651138548518 0.173922809776101
0.0692835162872863 0.156126128632566 0.0388663937143662 0.106262798373299 0.147048421409272 0.159801331989315 0.0140186584010241 0.308592751192872
0.0505020654875921 0.10179752172795 0.192680852046841 0.0827286904519368 0.145815076613469 0.232557337647565 0.105809954734551 0.0881085012900953
0.260114316966881 0.0721112103193436 0.0386056883420176 0.114763214818347 0.29468068378547 0.127757343210898 0.0544715220378418 0.037496020519201
0.148279892232717 0.115592307900406 0.19756372501143 0.116920291364457 0.0140388382037139 0.202474089190924 0.123209187456138 0.0819216686402154
0.0186999490139839 0.15125406213297 0.128675080489537 0.00262224928512684 0.227593280652373 0.167324635919632 0.164467631805255 0.139363110701122
0.159146804150241 0.237429532568961 0.05623215337283 0.13353067848124 0.161886257712103 0.050858457913515 0.0269818397407358 0.173934276060375
0.0397991137043859 0.00157254288449909 0.297547441677278 0.0892194755911936 0.0275565995778874 0.0695956413937488 0.21121724772198 0.263491937449027
0.161135938029505 0.105536992991145 0.0954531248105814 0.156061776519616 0.142674703482086 0.0254077693868856 0.159039414664238 0.154690280115942
0.0239501948946566 0.196655300979783 0.100411314547846 0.0162376012940759 0.165053526318342 0.127426465000495 0.101211570943762 0.26905402602104
0.0869305554977158 0.201952951206503 0.076080936440667 0.14807210096657 0.0454963733922416 0.123949076251505 0.0984408309686498 0.219077175276148
0.150315590503379 0.0574710169852184 0.149958946183873 0.122074327192686 0.0179187886013511 0.152563526937783 0.170304216194286 0.179393587401423
0.14381383602418 0.118500048046552 0.110479499129435 0.125540424232063 0.175242792186003 0.113635838560203 0.0188683555522373 0.193919206269328
0.0712427865877606 0.0304173268800574 0.315940828088366 0.129699074110303 0.0177788543466046 0.272931037704204 0.0500472432612717 0.111942849021433
0.00608077100470513 0.144019806528637 0.236562431904383 0.249054883811596 0.0694559625278028 0.0660828560131412 0.198358702243549 0.0303845859661869
0.071801445905874 0.260742020569343 0.213564052800978 0.0708844557049752 0.0929075314911735 0.19315895952485 0.0701387408054244 0.0268027931973824
0.206168743927676 0.163511542184931 0.141516019838994 0.128150436149514 0.0587335503341188 0.122047450998369 0.0415811696734649 0.138291086892934
0.12035996426525 0.190785981985672 0.167856352224714 0.120806495127045 0.174785438511852 0.0140580817297281 0.0949488861437123 0.116398800012027
0.0178362618553504 0.0985108990818695 0.00272527316449532 0.14010684575366 0.225352112188455 0.208999085415196 0.243048779894223 0.0634207426467513
0.116140095054298 0.186417682599127 0.142433244941007 0.198566687466609 0.213500424654855 0.00240481369152592 0.0215791389233072 0.118957912669269
0.0504048677895754 0.188252364840112 0.0536519436981419 0.303607205597713 0.231927102122106 0.0050794704686985 0.0435886400601377 0.123488405423515
0.0258687209204743 0.14489381328819 0.17275249915805 0.179203725560602 0.120314037459508 0.185896025787296 0.0915585942390508 0.0795125835868299
0.0690935198151393 0.166622122133395 0.171378508068876 0.199799634255214 0.112824017204503 0.0940613391342868 0.0585511697840747 0.127669689604511
0.0235057187317878 0.13742256252132 0.0852074257125389 0.0750868635937235 0.0159634516833615 0.341542553875567 0.0969106545176291 0.224360769364072
0.0456657373366827 0.140346965336076 0.0695705026690146 0.233796335324168 0.204374536024497 0.0907200695338871 0.161406967244654 0.0541188865310206
0.12971234989572 0.0482785638879803 0.0743601451745438 0.188908636437717 0.0816158667004032 0.135663048354342 0.146382854339557 0.195078535209736
0.0491524069360105 0.103527676451473 0.0484581880768674 0.168892277430346 0.0842743657445702 0.222925643908072 0.228747856095858 0.0940215853568031
0.154637598291954 0.163578763474349 0.186365555691236 0.140944510228706 0.0424613783573959 0.205624483917208 0.0479464078066304 0.0584413022325208
0.111013432992471 0.156723934672314 0.145019902654582 0.0882287137970465 0.0541161298715014 0.140334423066793 0.268880374310362 0.0356830886349299
0.0409702146265514 0.0457466297828362 0.157707514354226 0.0710281505530507 0.0205750554886899 0.180723194813849 0.23611956401454 0.247129676366257
0.0591213159359892 0.209865651310234 0.107566785894584 0.158385518486083 0.0997340713358 0.115823931326114 0.112082155360152 0.137420570351043
0.0556721531658386 0.144154683875011 0.185540066438963 0.189489574612946 0.0884251620357214 0.195123913480392 0.0190211772396531 0.122573269151476
0.152011863880091 0.0230552590926513 0.0881283993711299 0.201228146805537 0.204363950389124 0.0486997506388035 0.196490558310595 0.086022071512068
0.205081030622261 0.0151377307229468 0.231708074073816 0.0609703049336889 0.197787035794395 0.0120872493152901 0.0188792266264565 0.258349347911146
0.169730540829868 0.057431520464429 0.159464840279532 0.110896821563472 0.13984394876926 0.203784549008189 0.123550556955252 0.035297222129998
0.18218147710407 0.044229518218612 0.181285742010486 0.0869067032096681 0.0266957321312557 0.182257608132581 0.284885428310812 0.0115577908825154
0.175870217330842 0.12891304035119 0.104777442455725 0.157975452704011 0.0475180827253373 0.0885540197368475 0.169682875447699 0.126708869248348
0.264015214856286 0.155230831127909 0.0487239312415852 0.128887972625378 0.00899129796887124 0.00399085403468043 0.18147597359063 0.20868392455466
0.0558941755661112 0.0926630471268582 0.222971810368585 0.0980280280196014 0.108382084193812 0.175024834563256 0.0956170014448078 0.151419018716969
0.181287558674138 0.160651903022774 0.0138180695231677 0.0236829196461464 0.180468844134362 0.148213375975936 0.103716313081337 0.188161015942139
0.139603074842039 0.147872821151752 0.242394061720403 0.0146062189716487 0.18132104318578 0.121784349392395 0.124870976608795 0.0275474541271879
0.149131716972593 0.142489697310804 0.157207129445587 0.197192400443981 0.00311005665850695 0.0976079989151063 0.0914923776182674 0.161768622635154
0.154235416068815 0.140774759559718 0.180360763330525 0.057360706895332 0.100564446784622 0.0793954761360531 0.177215252550169 0.110093178674766
0.038604796958321 0.147221228611082 0.153389387545789 0.249040217997492 0.0423078461744663 0.0805802415118478 0.198821858456902 0.090034422744099
0.124964915309979 0.175886267971797 0.19787864882496 0.0110368766507028 0.199051182790051 0.169459929908594 0.117236665541399 0.00448551300251803
0.172000663939988 0.0476837515305246 0.021440145503342 0.0861495430762448 0.0495711799013347 0.424481410256671 0.0455867247409892 0.153086581050906
0.0804636220802208 0.149749934273141 0.00506773322650866 0.235944384123347 0.19616073973523 0.0360648015050301 0.124299415144372 0.172249369912151
0.184281391401106 0.0526830063730958 0.0634242202336169 0.191167086325017 0.0556351536350521 0.0481105196988661 0.0421082613134946 0.362590361019752
0.0724472908106361 0.0483698668508055 0.194359426502822 0.170165206901158 0.106860545541312 0.209745615258688 0.0302978009909262 0.167754247143652
0.0402629855444381 0.0302308415937925 0.223088279219049 0.157678998482907 0.07683082482869 0.198492270529546 0.231904992340702 0.0415108074608747
0.0537144956371613 0.241867165796194 0.0251197585740548 0.139528541499177 0.178037733571673 0.0436440675684972 0.201016079678688 0.117072157674555
0.107866668945421 0.147152091471892 0.0603853237569802 0.157992541177829 0.149960093798507 0.0961912477777064 0.153006521170101 0.127445511901564
0.0397076833808426 0.0662624487887364 0.214661534800515 0.121317955889053 0.0856593171718352 0.0335586999466442 0.161472969561256 0.277359390461118
0.287585180002165 0.169588118752073 0.0452436458954966 0.00236254703647515 0.217597572664178 0.0870711406547919 0.17617696226776 0.0143748327270593
0.0849608498040207 0.00846479401350657 0.231450827380447 0.0999692951023938 0.275716833742708 0.0707750004546557 0.029913167146506 0.198749232355763
0.155303747346846 0.169641835255839 0.0202498949938705 0.069552807315356 0.175736004325482 0.101256983424088 0.119859235397469 0.18839949194105
0.193533131232839 0.156233868199387 0.0303167909998609 0.131821693274845 0.0711652593257582 0.230094969494183 0.0779801675729232 0.108854119900204
0.0847227974238894 0.0952548095983427 0.22957262031771 0.194078502276796 0.275181388186643 0.0125418310727855 0.00239307249462065 0.106254978629214
0.177669448399316 0.115468470154516 0.0516601498287121 0.111215031754385 0.179492850964471 0.0608391818191646 0.187868518564641 0.115786348514794
0.156804584240733 0.191117674036668 0.0570818485616811 0.0209391762618686 0.20546617865925 0.121955129049152 0.0477635098090819 0.198871899381566
0.156206236532789 0.0381801938876764 0.178920166529231 0.186835582745953 0.0133208641002756 0.0728647966980171 0.1870164427568 0.166655716749258
0.0096062204935053 0.106996004033515 0.0599477178881238 0.205096471476407 0.159596983707076 0.169534629825173 0.141606946887569 0.147615025688632
0.0505441682773421 0.191227922326195 0.0773964944652228 0.0592108461529132 0.207109321814635 0.231949003968726 0.077460611626482 0.105101631368485
0.130372950390704 0.114109328093046 0.168543004161148 0.0446115714487499 0.142111030721192 0.116189329021999 0.203389190959757 0.0806735952034026
0.116351541668987 0.181758498169046 0.0136976241515586 0.0436965232438169 0.0292968776061178 0.304420496386826 0.213040009564194 0.0977384292094527
0.188181010698941 0.124271120375917 0.101104900732876 0.133884190044284 0.0436655989189199 0.183241529804953 0.118829243186453 0.106822406237656
0.0708759683681693 0.138412111427033 0.292005310131635 0.0391373056830032 0.0818334675362464 0.00796336183954614 0.193975003370768 0.1757974716436
0.175159762626039 0.0970760990160767 0.00132474464742824 0.190194747326021 0.216699416615628 0.011372569560305 0.160456272017828 0.147716388190674
0.113093366877647 0.18420679057989 0.194577260831025 0.0646484282512984 0.119842394345602 0.0211859200042645 0.124473467644891 0.177972371465382
0.0555038306341395 0.258489223036548 0.114109478433864 0.282044677614428 0.140460394662499 0.0127169303852556 0.0392265349138315 0.0974489303194351
0.166331715748038 0.0554318049849079 0.161227271120567 0.0849611265643277 0.113875287756165 0.176247027922918 0.167301395881951 0.0746243700211246
0.212686306541898 0.15018605668387 0.0578724931077886 0.0504566883508303 0.197417706320604 0.0949923677694556 0.0172860468831215 0.219102334342432
0.0143124672493907 0.200334195462603 0.235946794841131 0.128306744229598 0.135044537508774 0.0816570034493072 0.0839128341721877 0.120485423087008
0.107875171140405 0.118311692541292 0.194599755838329 0.0368728349979191 0.200124867332829 0.039216025709173 0.283709385969743 0.0192902664703098
0.119080056765852 0.0468764168370784 0.0264226473170882 0.191334814404637 0.142098059961902 0.21563748537217 0.185174371587954 0.0733761477533187
0.00115457958155404 0.284749453148646 0.117826086225228 0.0637695745882345 0.0984126754405494 0.00903983860682886 0.271615914953277 0.153431877455682
0.185789102960005 0.0741506224244982 0.138431505026704 0.0472631845735413 0.200077886347367 0.199130338977195 0.141063969947149 0.0140933897435412
0.200444760658988 0.17863998280612 0.0253077345468134 0.0390564267841029 0.0666263236090905 0.118272521171449 0.223127080483531 0.148525169939905
0.164040965865461 0.0621269988883594 0.182402430512437 0.221368591820256 0.0350800965438979 0.119790568821257 0.201965245498975 0.0132251020493569
0.0622441143260793 0.163323100990704 0.185552807085454 0.168355712078999 0.040846231493461 0.0461419106704871 0.205463745835966 0.128072377518849
0.0287285574602331 0.104509557971411 0.13713131553584 0.17871857351703 0.116850116874076 0.0390015872852363 0.113766822789869 0.281293468566305
0.198095060972731 0.209548251759359 0.133275827205191 0.181672998084281 0.025033829161993 0.0316831807383319 0.181749507875115 0.0389413442029992
0.172778885830366 0.198385565013871 0.0997480060771465 0.0718965479532516 0.0471254594204644 0.0508944310760628 0.207325068170682 0.151846036458155
0.218548191628511 0.00371589141078462 0.287819297025312 0.047574166693079 0.104062744209333 0.0978845877495912 0.0447374888698751 0.195657632413515
0.230892856728256 0.0479823102599003 0.120310384983575 0.0816420656750204 0.259497651722917 0.0114555456322792 0.121502510815172 0.126716674182881
0.167711048641151 0.0488093306122595 0.28287077092655 0.222774260376164 0.0490296810337357 0.0180629352878415 0.197944853766343 0.0127971193559561
0.0545256501620568 0.281816069543887 0.00368038242206893 0.00817566398990383 0.161642546331999 0.263745824476845 0.0734649085747092 0.152948954498531
0.142486032774625 0.0542586371070282 0.1967164485344 0.155893952040722 0.177224787769821 0.0189421256425866 0.152559838787573 0.101918177343244
0.225641473337289 0.15815069256409 0.255113518100006 0.128738235249888 0.0311026098906984 0.12566920395155 0.0354554898348921 0.0401287770715871
0.094184118419969 0.0424787818555471 0.0993429628716348 0.0570381285724161 0.241562887170744 0.248919520643404 0.0315577461909216 0.184915854275364
0.0432332546723341 0.0800209401845485 0.180724347236777 0.147999963265151 0.181684981197053 0.172083276899509 0.118614743530296 0.0756384930143321
0.16418530010268 0.187380975730433 0.196405781301239 0.176619504464003 0.089295951931149 0.0446535943075066 0.112346508925178 0.0291123832378113
0.0110079494513465 0.101786822050825 0.361120639713285 0.065161185455014 0.268937907048666 0.0124888451267369 0.0581573992765292 0.121339251877598
0.039744975775952 0.128053474383618 0.247678836297529 0.25130519222698 0.0389861873955519 0.0194876262655472 0.196715764287393 0.0780279433674288
0.16741378960161 0.000872983224723152 0.145962669434552 0.172153412741102 0.103474932227524 0.172158893107049 0.099101801340837 0.138861518322604
0.251580281617085 0.0530429417735764 0.0238651975996718 0.067337032154395 0.118530385666025 0.18508906269027 0.240095887831682 0.0604592106672957
0.0694127424235123 0.157635300832498 0.200308404514645 0.172720810288467 0.218507493128325 0.0189639479147289 0.147166526101756 0.0152847747960672
0.204529486482623 0.0250039526419707 0.20777057923444 0.119756510393653 0.187386787490687 0.199742224260108 0.0184705311813913 0.0373399283151263
0.257418491413385 0.0964943215323828 0.124632505897463 0.099765884687712 0.0105748302890267 0.13801377578911 0.22891107355721 0.0441891168337115
0.203535706953156 0.0810284830283706 0.0342774695256883 0.141771445356979 0.109542459203216 0.187732315102876 0.188478531534736 0.0536335892949779
0.146262030076633 0.174359793209586 0.0029949829584851 0.0585315482210137 0.140691069668246 0.239046270947287 0.0798274271023578 0.158286877816391
0.00374045552682254 0.247954173668088 0.0391829076664153 0.118559806169329 0.130611605224851 0.217929236549792 0.144320293193798 0.0977015220009039
0.110965554770816 0.146006408477882 0.156352007022866 0.172992610602354 0.191399297098977 0.143379516430984 0.0767271049597955 0.00217750063632468
0.158736103115414 0.0186159851229161 0.24751470443473 0.107059408220549 0.195530383517256 0.130119471835854 0.057154600460647 0.0852693432926346
0.0460563926771557 0.100376670951704 0.229058564963482 0.2305729370201 0.155786655452839 0.11173481994351 0.0606243785843977 0.0657895804068126
0.0690165924354692 0.211209036536603 0.165255764809684 0.0253862983626248 0.209547566436345 0.108784481408224 0.0988951683152392 0.111905091695811
0.284197811503454 0.0530120696761589 0.019871348500051 0.0695451879543743 0.0744054075944777 0.19105172050301 0.0632121207969268 0.244704333471547
0.1541527116001 0.135326401776689 0.212785152550099 0.00194159095278692 0.255370107537916 0.0578724588460726 0.107681314800872 0.0748702619354652
0.00357348572639177 0.198122048065787 0.0759506395193521 0.0889830471518838 0.23597411051623 0.00966026428289462 0.18782510457197 0.199911300165491
