0.0133051702877288 0.0469128587943645 0.263094012777708 0.241651711974892 0.215052666639723 0.0375837057826424 0.182399873742942
0.015777855692396 0.303173194714998 0.0308270196938302 0.158250159352045 0.0588053108689177 0.255190957091536 0.177975502586277
0.137663026901915 0.168957737824867 0.0424697035268626 0.169581228753411 0.258722246964686 0.120942887588276 0.101663168439983
0.0401929692586697 0.23160330829418 0.200780087077633 0.0839201864175718 0.144592136639044 0.171434380722115 0.127476931590787
0.220057277100857 0.168106437188863 0.0687985455440723 0.191008299422281 0.00113919445681253 0.272793432918552 0.0780968133685624
0.249862365817115 0.0893048529207448 0.213891528980667 0.0863137385126301 0.0672028383322777 0.262631115472846 0.0307935599637191
0.169843270922899 0.116592430802267 0.155909502271434 0.303605252365822 0.0722396548129722 0.0875768756047852 0.0942330132198197
0.266245846811245 0.166224108919616 0.195293589278364 0.113417333871199 0.00276624924554437 0.0685071568025267 0.187545715071505
0.0238156912054843 0.0812582499163085 0.133668003915029 0.233950340776698 0.317553071000215 0.0329721874479557 0.17678245573831
0.186262232553272 0.0100618796775223 0.0793289477437006 0.151554544460665 0.250928173244757 0.149045525388633 0.17281869693145
0.109033216491443 0.021644333636431 0.319305963540969 0.0412154906117508 0.0050082265434811 0.195749820534078 0.308042948641847
0.174735488335053 0.317164889611733 0.102353158419965 0.149388867116829 0.0707574463224829 0.127518676837363 0.0580814733565733
0.144437479487381 0.0913900827713941 0.178116633102713 0.156130953946293 0.169195787714541 0.132090282451773 0.128638780525904
0.201783075366691 0.0428398102611426 0.240769689719633 0.0258836425252736 0.1412146082443 0.152692297460831 0.194816876422128
0.0456349502303289 0.0244250803035844 0.155789308548413 0.208588977200012 0.202198983334434 0.0681980848708591 0.295164615512368
0.0941004049167351 0.135342432626359 0.108786214593324 0.227707931219743 0.120989093904378 0.171326851618448 0.141747071121013
0.0676835952163622 0.108395780514222 0.206327998771561 0.184171061195578 0.186586317893346 0.0181868000504114 0.228648446358519
0.0338562105596727 0.233366005450435 0.21002430089939 0.124614621144922 0.176764806118443 0.0797809654793385 0.141593090347799
0.284652123348462 0.0182048618650259 0.287018284425913 0.169940119924825 0.0932522423959065 0.097812421022888 0.0491199470169786
0.0768833889593378 0.172956868029423 0.0179758810756998 0.24721209041784 0.238812994084187 0.217192123279483 0.0289666541540294
0.130872780281879 0.0574546372545459 0.276748747179752 0.167111565433704 0.15442973938652 0.140407111640423 0.0729754188231768
0.189990239784144 0.0222597865985375 0.240646146755277 0.207870649588951 0.0174720637878654 0.0968342591444291 0.224926854340796
0.233021766462492 0.101865868748261 0.0414092245506069 0.190410203182826 0.0786491530618603 0.124874115453526 0.229769668540428
0.0655002101480299 0.148975440795406 0.117825120013776 0.192986740174584 0.0966811945730803 0.238967405463311 0.139063888831812
0.205375428382943 0.185639038429234 0.0100488756712014 0.220086443772597 0.00946151783814951 0.244327631816429 0.125061064089446
0.0090181390873666 0.175448327794446 0.112920209127527 0.175373251367465 0.205478849993172 0.242742960554862 0.0790182620751616
0.153603312807186 0.191194620710862 0.261152009661016 0.105324017794634 0.0439482950642438 0.11498341270257 0.129794331259489
0.0497558092653985 0.275969893431914 0.0130762154001889 0.350611987889737 0.17863173682678 0.0695665199640533 0.0623878372219279
0.20044824606071 0.158739425230981 0.149865803456749 0.102431526846894 0.187264475568961 0.108375112670362 0.0928754101653429
0.307373387321421 0.0238212922349245 0.315311317743508 0.182112784031808 0.0601945128590277 0.0213488816194957 0.0898378241898146
0.117605062323769 0.17474903638704 0.0391058405400806 0.233141210707375 0.20128395250555 0.0708429649603339 0.163271932575852
0.209818326282559 0.143581515134242 0.148910372489399 0.11639830952616 0.201303769431312 0.0332985076755485 0.146689199460779
0.0054212154871415 0.0669519833987028 0.24873479128653 0.269897882324771 0.104161614875429 0.157855184821431 0.146977327805995
0.29995895747329 0.136091977996863 0.251425725724826 0.163593927864366 0.0291426826836627 0.102105697741274 0.0176810305157175
0.189619572883983 0.233147324135885 0.305181437069373 0.136018444165552 0.035518701208426 0.00719801970443867 0.0933165008323421
0.069897722558858 0.176089045131624 0.0783499802370387 0.149019695804993 0.0900102170696982 0.140781200530179 0.295852138667608
0.0984315181584765 0.140784238709154 0.288016270607135 0.0629891598839972 0.159338008268896 0.0968628586242843 0.153577945748057
0.455446502831748 0.0575666321368117 0.0538751729612815 0.192642360836897 0.0544502313699202 0.0882811232807684 0.0977379765825727
0.135026871638688 0.00722401617451029 0.0174208173977825 0.127062930989242 0.247969176360517 0.239065802036191 0.226230385403068
0.187910919091312 0.179553095384127 0.120267016576047 0.145849619761395 0.0852862117945137 0.0909208667563854 0.19021227063622
0.106811903477604 0.197285607079104 0.249133222995424 0.071111744218175 0.0906182460451549 0.13518142229595 0.149857853888588
0.235316278797783 0.00718800087529054 0.109056174789361 0.0907674833033831 0.212038569781786 0.223051622604907 0.122581869847489
0.145665065494156 0.0791658142625902 0.17847937373783 0.184078967671886 0.066994339247253 0.169673762091104 0.175942677495182
0.0963148204525479 0.282780231727484 0.282721565101476 0.046416582970785 0.0500830394482031 0.181587350108367 0.0600964101911367
0.15813044690017 0.0702717643006909 0.15025352309251 0.183337217630482 0.194039101510182 0.083236110166275 0.16073183639969
0.0372250116911919 0.332188687903151 0.0257679003217119 0.240252456575415 0.0530292382388424 0.285129811415407 0.0264068938542803
0.190730470464533 0.0538560004663098 0.144706170104834 0.226961513197224 0.0177958171589168 0.0861006756005406 0.279849353007641
0.287061496748272 0.070464076328414 0.0196226286756028 0.0513584516420187 0.31419510510779 0.127620001832886 0.129678239665016
0.0633173382633439 0.254877800748698 0.234699031673085 0.0861214368097733 0.0835982830464914 0.0855892092511401 0.191796900207468
0.187700920038144 0.0972009667927473 0.228654023128541 0.142816131391525 0.0280812113399 0.134089760620242 0.181456986688901
0.251759020687771 0.122355380007819 0.228110670947935 0.0118835203175611 0.202545601004775 0.141439882674732 0.0419059243594068
0.17061882945302 0.0848732198408589 0.297926716528982 0.037840787678613 0.135572807983491 0.0224916868422437 0.250675951672792
0.337111543376405 0.0457577463248643 0.0402850190893873 0.0615035362846622 0.0559086866977595 0.395209245984804 0.0642242222421184
0.237050651446621 0.265774880914447 0.0129764036964359 0.139445119784235 0.185253949379846 0.0665004987911723 0.0929984959872445
0.188183800409198 0.0962375044712059 0.0455838183951213 0.156726088989556 0.172998340346886 0.24114489534589 0.0991255520421428
0.033439965262214 0.164697621403901 0.109807136170328 0.15191297177745 0.283833584767384 0.220477444032975 0.0358312765857477
0.193953673731992 0.0605619336657898 0.155783088553326 0.179412976194546 0.230018136051113 0.0476511806126437 0.132619011190589
0.317331785476517 0.201166616812803 0.112646664607697 0.00173460633648473 0.182487633450695 0.146228095971474 0.0384045973443284
0.0385770030144586 0.248158562327179 0.0200305426867352 0.220570887448029 0.191939086808398 0.0640091364116471 0.216714781303552
0.105681753078869 0.0969367170980571 0.170824517402376 0.24596278987026 0.0998526503070241 0.132488837546626 0.148252734696788
0.0875977863344028 0.221793024294443 0.253986676740277 0.192614397375871 0.0573082527813013 0.169716898148948 0.0169829643247565
0.0559760391907285 0.136595895347302 0.108815681273518 0.208095715688894 0.195474921248591 0.0988685033322192 0.196173243918748
0.129667756937232 0.0302227060431275 0.182469257966715 0.193151652983378 0.166843661413719 0.155943196469311 0.141701768186518
0.212359562421261 0.1140813424749 0.031146808574104 0.256100203596506 0.130803961378625 0.0991354233242756 0.156372698230327
0.146382969275223 0.212935916886342 0.121763714116489 0.118354617851985 0.197390556010462 0.0185861925089341 0.184586033350566
0.0816523212036347 0.183176827326686 0.123383001271433 0.18286825055198 0.145957034709765 0.146539944433528 0.136422620502973
0.0569377037940266 0.188552293481654 0.0690596265119941 0.276147851647518 0.270712835037654 0.122778844374256 0.0158108451528965
0.128331857412093 0.0308785000165942 0.0601345151315497 0.330748857814077 0.23938555862954 0.158553339391184 0.0519673716049626
0.0574145791881834 0.196451032328353 0.103216719993354 0.219116032987123 0.206909280038144 0.209587761201184 0.00730459426365891
0.125484277855608 0.262549409968796 0.166741117872864 0.229599759874062 0.101164713584086 0.113062455834802 0.0013982650097812
0.0405323134992348 0.0765965522529764 0.30990526594949 0.0384108685392 0.0592265485203308 0.214961068904238 0.26036738233453
0.101806478684786 0.198914932014192 0.0194468742177103 0.241432103687548 0.00847780567795849 0.142524184935306 0.287397620782499
0.0247904006939582 0.009072543542952 0.230856061273002 0.1056342761495 0.277682930177132 0.0768333731757276 0.275130414987729
0.20895656761998 0.00153630607844696 0.331261775795229 0.092358719998536 0.145900778199246 0.0571336349836553 0.162852217324906
0.113068406053896 0.12029124816455 0.131976542073887 0.162456940906052 0.124597398768599 0.297788835472244 0.0498206285607713
0.212364777718137 0.0420614462026546 0.0777944191805953 0.0642938204780944 0.0203415790194472 0.313809908806399 0.269334048594673
0.12244350887922 0.0450362414400564 0.134905520655855 0.0629607234339941 0.350084152684006 0.059977112090091 0.224592740816778
0.196059032881962 0.158659884613183 0.058532916755906 0.194977944194117 0.213983847838537 0.0675218553217553 0.110264518394539
0.176963250016895 0.103498543303224 0.114526031458093 0.142047119257871 0.233179118888721 0.0919067466271464 0.13787919044805
0.0549726681927938 0.29549629653999 0.268579802958099 0.229286686632587 0.036788213300041 0.0401565636090073 0.074719768767481
0.0854989187569194 0.0542746051094655 0.0499659716665925 0.237135659731305 0.323241637525456 0.0740216206353032 0.175861586574959
0.190830656226358 0.0555557235564431 0.194675576877515 0.250120735564161 0.0398193512431278 0.179766433599437 0.0892315229329578
0.263578639037463 0.156813790069842 0.0430347590371965 0.0980257177151728 0.0604873107009138 0.238942438162969 0.139117345276442
0.10346967470325 0.00934987395080786 0.142352527843858 0.135458962605153 0.316934703301651 0.215984845387007 0.0764494122082733
0.202396334338348 0.187264080261643 0.0100597360156463 0.0153059415350101 0.127519426660268 0.170441253669815 0.287013227519269
0.166399843957851 0.134849347371412 0.191143712163531 0.167201263702141 0.261780841465071 0.0252544968095358 0.0533704945304575
0.197166087282845 0.0968133755799868 0.185034315091463 0.256084243299895 0.131732053955376 0.0716687635993391 0.0615011611910948
0.14549171979179 0.125551280079453 0.113845580156422 0.100836227472221 0.200438011423436 0.206743511784152 0.107093669292527
0.274726545266051 0.118683406082204 0.0962926224087474 0.280290451036 0.0716593479631242 0.0689392391963487 0.0894083880475251
0.137421534917678 0.1686380788094 0.0258996231032755 0.0409864652820007 0.201721067877211 0.228076083983499 0.197257146026935
0.0108211723277496 0.0466815719606809 0.115077659462725 0.0532061718266929 0.369383097133334 0.0223352892138673 0.38249503807495
0.171314830887243 0.17869104210391 0.0797911960839424 0.10285011565324 0.14444586023276 0.16313230936449 0.159774645674415
0.0325488261327732 0.205971259718108 0.102718825954635 0.141029508255445 0.305387993559092 0.14860734909819 0.063736237281757
0.0534419610032563 0.242429102062873 0.225179639583032 0.115750997324444 0.00815804982877339 0.0377222322413239 0.317318017956297
0.178175552523288 0.123153682831691 0.202001823861886 0.149659364656474 0.160178228259381 0.0542318015392645 0.132599546328016
0.0546329311796139 0.270395284059623 0.18681783245696 0.102066845841604 0.230416685549393 0.0599993215031193 0.0956710994096874
0.210242853526481 0.0560894108944229 0.0757410858898616 0.0615367980260136 0.16437768203319 0.242392441616032 0.189619728013998
0.0606497198547825 0.144768175222348 0.246398048887653 0.0648126794221641 0.216245615922675 0.00302286378015035 0.264102896910227
0.21341674523033 0.259436881273289 0.000515696853983989 0.116297847689536 0.0851561908077239 0.235957333708767 0.0892193044363708
0.127905390975114 0.231043885457044 0.0826726735707827 0.11903439380853 0.114145096975162 0.144139143115041 0.181059416098325
0.120532611028283 0.13694140297653 0.156361155203055 0.178065679794923 0.147374650677244 0.162820506247723 0.0979039940722407
0.252941936174527 0.0719850510482319 0.169516569610636 0.0946829641385366 0.0195469365560537 0.0861036638194096 0.305222878652605
0.0298663705403387 0.257906045420819 0.113979084323707 0.0332267799735682 0.272736606436526 0.00608322144595772 0.286201891859083
0.15909776912786 0.124941555742936 0.111870680161399 0.0948635861390826 0.0221694197043107 0.0931954798350172 0.393861509289394
0.140544071670989 0.186443041661494 0.205375320317635 0.0330850160347537 0.018923629676895 0.175788224525826 0.239840696112408
0.273531189277105 0.252212561941851 0.0062022025795041 0.267466178704271 0.139058507949441 0.00226689799364271 0.0592624615541854
0.073014793836764 0.151956460110736 0.234879317234248 0.187485635587012 0.0617419186695967 0.0500529892734606 0.240868885288182
0.00584793463984925 0.231039515443502 0.232765525390761 0.262267344533421 0.0557939650172172 0.115869454267185 0.0964162607080641
0.0577565899852404 0.0823571077971374 0.20561503321171 0.195108157728554 0.258411136454807 0.171438115443827 0.0293138593787243
0.143155474631034 0.121041978942735 0.172623578183293 0.154496128580781 0.177671919287316 0.130710050582046 0.100300869792795
0.1499365140765 0.0379472318420253 0.249399112620133 0.151570631445852 0.0860684208963688 0.170731532217418 0.154346556901702
0.231847967134486 0.0839418735481244 0.10647489364426 0.15922145680373 0.0647437849014945 0.23243903513321 0.121330988834695
0.169132741068502 0.140573314591813 0.0152915700996809 0.18695714460406 0.123071074738354 0.143186255484678 0.221787899412912
0.141723389059027 0.0944644832201372 0.0145940639002813 0.188000364901969 0.2342265577629 0.119148062826667 0.207843078329018
0.25462146720611 0.00914046680790079 0.24055468822639 0.0810227785824654 0.0626356479314835 0.0889345253592631 0.263090425886388
0.296229472180659 0.0770846244527659 0.0348891974341266 0.00290988327125267 0.208785911001393 0.130535684349471 0.249565227310332
0.150497008259972 0.191678884382809 0.070812423062638 0.0870026577793794 0.0724720637751933 0.180368178970081 0.247168783769928
0.252706764128698 0.229944740509691 0.174407617903265 0.104544836261323 0.0781566101660995 0.031488925594344 0.128750505436579
0.222027015214555 0.028198973681733 0.071731689751863 0.149109017151207 0.152948530192716 0.166510864629386 0.209473909378541
0.173145688237671 0.185347878945096 0.154724880271186 0.21713072251454 0.0861671565404696 0.0665121961116261 0.116971477379411
0.140818261579664 0.16671429936221 0.0896485517052747 0.13203763461319 0.0697102575778986 0.0235700653376797 0.377500929824083
0.288708291106428 0.180106310135921 0.102733236278226 0.0300103320827677 0.240877630997007 0.0156035910988222 0.141960608300828
0.0201692755163761 0.0588450231697808 0.196497744225711 0.206240570756801 0.116391191327197 0.199910971882821 0.201945223121313
0.0160413231262027 0.178352646252792 0.134085258470974 0.0462966806819679 0.264241707752608 0.0796254429285363 0.281356940786918
0.00244536933833813 0.145180672284628 0.158300552292811 0.21436024765823 0.171455766068049 0.122220378353844 0.186037014004099
0.0446933615751182 0.205318266077732 0.170154483428146 0.0408597653520393 0.170041994895077 0.163446928747705 0.205485199924181
0.258572353109424 0.0217550527646348 0.215616130480331 0.0177160176176174 0.231478021045093 0.0416786766021501 0.21318374838075
0.193710348764582 0.00290072932359892 0.101873647399147 0.290887950044356 0.305051275994741 0.0248636047805045 0.0807124436930717
0.164181662701738 0.0320684514091543 0.179873448086668 0.139853388183749 0.221443514683155 0.0785244044565823 0.184055130478954
0.213449967331875 0.172164642744411 0.245195932270473 0.13079774334781 0.00426024001561623 0.212494854955571 0.0216366193342432
0.161289489629463 0.0792468371120734 0.151590589309974 0.00902186322202595 0.102687422385132 0.239754172060698 0.256409626280633
0.194135771338351 0.129132136152005 0.121761518298313 0.174623171300284 0.0799956046160255 0.2163292283617 0.0840225699333215
0.0480890829494393 0.229638885940015 0.105979326466583 0.0111234455798809 0.150306218502726 0.218858827127935 0.236004213433421
0.156888311190191 0.0221637594017503 0.224018442879563 0.0417181501241834 0.205044416070108 0.21782157745205 0.132345342882154
0.0791778781474525 0.096190541941073 0.293240578240304 0.11106067338844 0.121778923815644 0.21375518048192 0.0847962239851674
0.211317113025733 0.184277161883777 0.113726273222449 0.158749031751278 0.182462511045851 0.096992213137697 0.0524756959332151
0.281656622708744 0.25303355865253 0.0310052298832263 0.0301557362503008 0.148736403104614 0.0683115284694734 0.187100920931112
0.0460833605147466 0.0858140121506234 0.268099968105504 0.192773150742914 0.163047538991225 0.145341821850243 0.0988401476447444
0.0451161058731528 0.0313521308166024 0.187148413070762 0.0333292570149397 0.189380698838379 0.0870059149710174 0.426667479415146
0.211879577091302 0.0133418644232982 0.195026893718202 0.130579534469581 0.214625793294512 0.0215959996827497 0.212950337320356
0.178746813014092 0.199865587137781 0.206725377181166 0.124653696726965 0.0296856568503919 0.122844822900423 0.137478046189181
0.149263496686424 0.0643398297613654 0.217599756834216 0.226841202487592 0.0116499662951526 0.188324671226898 0.141981076708353
0.0449480580913939 0.232652398919806 0.0527303844539892 0.228258852912617 0.0416175744546211 0.183189580874489 0.216603150293084
0.0428866146559138 0.0328230868524134 0.343339520962554 0.0587722614304616 0.109328556694831 0.226331625902178 0.186518333501648
0.191782620414399 0.238863417177375 0.124714649828494 0.20783661901182 0.0163403534755298 0.165719853951457 0.0547424861409247
0.13455631523209 0.0491832695096786 0.205052208153659 0.142476462776182 0.188661337905723 0.0886107372656522 0.191459669157015
0.0958181243729366 0.198210650231213 0.151651706630831 0.179408361959174 0.097560690033988 0.0839183864233387 0.193432080348519
0.186811450701081 0.154537973964531 0.145704982318963 0.10019142927228 0.168959107753765 0.0229939905980902 0.220801065391289
0.21386110351006 0.126181699540754 0.327812536935378 0.0655531111414036 0.0227786380220647 0.17884796157421 0.0649649492761295
0.151718074921202 0.0446965916516368 0.235582054730664 0.00443978871695553 0.162353632409784 0.234020878383395 0.167188979186362
0.1519516026731 0.0246494322802721 0.222161862256485 0.170186275478219 0.131424634468183 0.186445166230852 0.113181026612889
0.269835850043764 0.201207400402739 0.0159774568838062 0.0330914005930471 0.0975912904496497 0.257780138957027 0.124516462669967
0.198412366572117 0.0542466833314942 0.0148923475518503 0.0891327866171328 0.2105613204191 0.23634010926388 0.196414386244425
0.231597353707479 0.20299368110478 0.11775094592532 0.169131589263217 0.206204665465281 0.0401591362713066 0.032162628262617
0.141605449633258 0.0477666574389406 0.205361615523994 0.0343048065779146 0.211938817069101 0.150983149766118 0.208039503990673
0.183088091033309 0.0231389444514805 0.318212476838768 0.26991452425236 0.0712052994234167 0.0457616124917062 0.0886790515089595
0.154596716566274 0.297107487998056 0.151991954770029 0.0243479222440869 0.09059683989373 0.138084311427196 0.143274767100628
0.0915013292476833 0.104324619005713 0.0831448805079064 0.368063553892556 0.174879347258293 0.0719968850012509 0.106089385086598
0.200881121576407 0.0698801637630344 0.162548943102177 0.0767071127324518 0.228336415207366 0.248969253279122 0.0126769903394422
0.15917419700552 0.235241218310334 0.165242349568766 0.230066877930937 0.0367176561109204 0.133718202819684 0.0398394982538393
0.183124514651292 0.132823302643653 0.182406464478852 0.105234816289125 0.156817255751085 0.168316044919149 0.0712776012668442
0.0592955748873399 0.173440511629254 0.117360197620279 0.0913984752000789 0.195880873954119 0.200273334563387 0.162351032145543
0.107232863418004 0.223040231468782 0.213875974724882 0.205711380474651 0.0128949622345158 0.227618326587196 0.00962626109196894
0.0705762451011997 0.215791100733182 0.0491119110998843 0.0510113031265322 0.186907952129619 0.301495058198737 0.125106429610846
0.0123510235818743 0.0208137047964557 0.0241065606625343 0.117347479484705 0.36415161623985 0.335211505566464 0.126018109668117
0.0344966251490351 0.0609252785647797 0.302228120517362 0.124540318778999 0.0072483070556825 0.103004817997194 0.367556531936948
0.124764988832749 0.0351101827504457 0.275385971958925 0.155485355384079 0.0052689316056392 0.175336827815016 0.228647741653145
0.201499843733445 0.191072014735267 0.203621607571719 0.0830594775702295 0.100321888241557 0.025554453810511 0.194870714337271
0.0281560402044847 0.0940622946641021 0.257640128548823 0.0734837854100239 0.154460966516168 0.306188299569281 0.0860084850871174
0.164004115322434 0.102055058232141 0.052083097353922 0.25922168633747 0.0449842812390354 0.171913946392041 0.205737815122957
0.278167484221767 0.0903687654961807 0.0701155485361851 0.298399456053453 0.131006906606257 0.00455524673351966 0.127386592352637
0.170742896225692 0.205019307268803 0.0305649905817773 0.181282708974845 0.158711329068303 0.106836840103122 0.146841927777458
0.211701261518351 0.175475096702683 0.187214122145948 0.0601337620043508 0.0243993067418808 0.165664694078933 0.175411756807854
0.215115385265105 0.23148117793174 0.0312336064275593 0.132266387618042 0.0119388730960532 0.16047269564065 0.217491874020851
0.15270898671097 0.106440506907977 0.220493196525121 0.0835716685717898 0.129467674723215 0.167512457347722 0.139805509213204
0.139990355412606 0.186742520214053 0.134830364506518 0.182193587758943 0.0880401680933623 0.061995181696226 0.206207822318291
0.157310001730997 0.128244423903884 0.103257643847522 0.153390807937673 0.168338560913182 0.125598948747712 0.163859612919031
0.176518692557341 0.197187257781232 0.225467507576969 0.0790505944802248 0.0610230578086511 0.232309835562534 0.0284430542330478
0.0867063390668082 0.129120186786387 0.0669007514222872 0.240099726569223 0.186462329306244 0.0378981935028179 0.252812473346233
0.0426514204136407 0.185041441066288 0.0787726944210337 0.198503984684796 0.0945919275519874 0.238358001923531 0.162080529938724
0.0679182100594774 0.2374185062297 0.217208011074215 0.2204183530915 0.0806894230513614 0.0446296669531279 0.131717829540619
0.130639771974069 0.210544303989713 0.246790663967708 0.00248821668055041 0.0641288719032457 0.0980667562364221 0.247341415248291
0.274452659363707 0.0646019655444893 0.129159343405121 0.0640624595327909 0.082639256502257 0.0437573242431539 0.34132699140848
0.0732044864332703 0.234450171865782 0.210337100327559 0.109027709462837 0.186365418054977 0.0684352109267315 0.118179902928842
0.164823062547476 0.0582662384907447 0.0816243214863188 0.183967021482852 0.172344378405623 0.147776228695994 0.191198748890992
0.208983391067581 0.00533384518328654 0.156139342354496 0.269817025233019 0.274448600950813 0.04661562080955 0.0386621744012535
0.0868017496558624 0.228666223465645 0.218115542000631 0.187020051399909 0.117667987319827 0.139526504816924 0.0222019413412009
0.0153586851934335 0.237200982526354 0.174685555746033 0.157615853914511 0.0849290994472967 0.15337904195369 0.176830781218683
0.216858778760677 0.0912204087189595 0.213338476414113 0.0623997136093563 0.228260033639094 0.0664452051914714 0.12147738366633
0.0975088438307467 0.165202632810358 0.119655122158946 0.0806577117933995 0.129407313903568 0.182020890808934 0.225547484694048
0.0821450948831605 0.149537388296764 0.178254077796306 0.150535382473884 0.175270052367221 0.167013158729761 0.0972448454529045
0.0977252853044486 0.251703432677247 0.191935367168139 0.149328755211488 0.129944083772639 0.124460209148075 0.0549028667179629
0.106576134195166 0.18475853363656 0.133773753859546 0.0727318279653289 0.123517790814616 0.284254969962613 0.0943869895661705
0.172720685822463 0.175903745342269 0.145988602157457 0.0855909654490044 0.228563309859569 0.0790757567674314 0.112156934601806
0.140011960279787 0.233213135809877 0.144176170387376 0.207202278696224 0.0698690666474854 0.0353537213247027 0.170173666854548
0.0333878606864872 0.0216496814029609 0.260129845344587 0.254693582172458 0.171841911177722 0.0131037646028142 0.24519335461297
0.189977756179365 0.0483982625789965 0.207314107982007 0.214020832788829 0.0353979755170859 0.174724037192391 0.130167027761326
0.0144455611644056 0.271309130616627 0.0390592783659939 0.146375690150276 0.146537379261336 0.266904618774507 0.115368341666855
0.0659795547236139 0.262552792233233 0.0126661146380305 0.122647808843161 0.137910641040128 0.170736834869671 0.227506253652162
0.314088638684311 0.157290522081058 0.0638874949709376 0.0903743282600318 0.101098556537156 0.131238010723379 0.142022448743127
0.131609529935005 0.231386483458022 0.145591113993218 0.0695962229936833 0.129519917793567 0.12289693327535 0.169399798551154
0.127627270990408 0.0879943143215934 0.138860963116545 0.186921192950938 0.216796083503998 0.102631164906442 0.139169010210075
0.196312645825655 0.244476776347582 0.0646248479841135 0.21908472147122 0.186067352970018 0.0522673845061986 0.0371662708952124
0.0334805125177269 0.0367522524794556 0.289949429352125 0.0174327505896347 0.28665871851699 0.237411761184903 0.0983145753591646
0.343997340287703 0.0181740806622631 0.136636700046223 0.160117582955615 0.300430781193901 0.0141800196076352 0.0264634952466593
0.107459821586359 0.150420343849151 0.157037520116258 0.0486960800039593 0.219894554280571 0.199072113811316 0.117419566352387
0.0172016787774706 0.182314703362627 0.134495038782851 0.0382445335662808 0.151567722812994 0.196092066566402 0.280084256131375
0.168914685367524 0.146353805567011 0.0904791445867522 0.0780958359552196 0.218053078752821 0.13591777320163 0.162185676569043
0.0470372456470035 0.188596171453288 0.105462972870591 0.216598615742409 0.155148010965879 0.095678339071726 0.191478644249103
0.100014441992169 0.0868939307207224 0.232153816906527 0.0954634861019659 0.0414281323339443 0.23747252639166 0.206573665553011
0.0249325503771636 0.203548951216773 0.184732462377688 0.308218791893907 0.236435834020245 0.00103815543631572 0.0410932546779076
0.164978889851878 0.196173142924968 0.0939620680505055 0.131894151691706 0.168432559733085 0.0236187993720974 0.22094038837576
0.0522826213334615 0.293276384076449 0.082933666487749 0.173766301955264 0.0605234010700325 0.292286020655577 0.0449316044214668
0.148052832230507 0.103811560264638 0.158563404831646 0.0909328025623655 0.1704376443342 0.167034673885533 0.16116708189111
0.148791990946365 0.132536032158284 0.186198464024497 0.0265043415148498 0.148503138974819 0.178312593890452 0.179153438490732
0.155111073859464 0.15041492743323 0.199721643042058 0.173102578127681 0.0543291261122469 0.0930832881880237 0.174237363237297
0.277341946151678 0.00661533038122651 0.095633600702414 0.105257966190124 0.067570545284689 0.251160731488131 0.196419879801738
0.121009091692512 0.0680435819018006 0.224064587668344 0.177138995939212 0.110857783627996 0.14137284169256 0.157513117477576
0.194395750399227 0.10206199581618 0.215050507125496 0.0600932875520584 0.144543466389394 0.127292956013453 0.156562036704191
0.234891216090443 0.215523507653068 0.182182030635634 0.081580824553516 0.00554235388193943 0.0587053689645537 0.221574698220845
0.0949659666897 0.171552338330816 0.0810659692441811 0.22567369170533 0.0561998624795727 0.148936313071002 0.221605858479398
0.0241516309320496 0.175994745085962 0.0452726561919885 0.02166229656832 0.306866215819212 0.334846812516256 0.0912056428862115
0.157181438590032 0.0185806384084842 0.318375078702485 0.0757417196029774 0.132916060831138 0.252674803177792 0.0445302606870914
0.134510544470062 0.273707163857485 0.0414866453196112 0.250935631227919 0.0169091333929123 0.0338284926121711 0.248622389119839
0.148070576853205 0.338332389031619 0.0257919359142097 0.150704669114201 0.0528552099059394 0.147499503306716 0.13674571587411
0.171164730718354 0.0374636780757355 0.203478000217055 0.189898658411344 0.0592162991524067 0.202089358605129 0.136689274819976
0.243120421462945 0.170756903158196 0.0880704217226999 0.129689518767889 0.125320794407596 0.0470308660418485 0.196011074438826
0.079672133304422 0.129610276128021 0.139802938016962 0.349870502230887 0.0515152051301977 0.16574041764009 0.0837885275494205
0.211223560903513 0.199166896018648 0.202294519909343 0.110577797094853 0.120257594131726 0.0715763079854311 0.084903323956486
0.018183091179486 0.185059256295906 0.131435740903673 0.0952808074394899 0.234913141681199 0.193344787104415 0.141783175395831
0.203021561582937 0.116421106067278 0.0905394712113925 0.182162639943853 0.189348339940066 0.150427126938552 0.0680797543159209
0.195957888514507 0.238313098373199 0.145755067394597 0.132598671713945 0.00607516162467277 0.0987685718265237 0.182531540552555
0.19979312456408 0.0212090080348222 0.20566385688928 0.172220055192396 0.0229780467957201 0.164253215529492 0.21388269299421
0.129420706252175 0.0446919365939762 0.102074607547117 0.133140773347423 0.211344803041714 0.209672168242741 0.169655004974855
0.133278405664258 0.0893298736080407 0.11867781926437 0.218290299673952 0.126590313313086 0.100167660853736 0.213665627622559
0.0839329172861488 0.206523129796962 0.0798274230692627 0.156948841150177 0.110364253389561 0.338500084342101 0.0239033509657867
0.0981610111771546 0.0390781836916546 0.23317317378537 0.278932657773109 0.135815551933889 0.0900429182704 0.124796503368423
0.120954378195978 0.209093517980249 0.209525727018678 0.115333362549475 0.202094557414565 0.0524983995693895 0.0905000572716653
0.198375647953435 0.0577929334153699 0.276184286296879 0.126468211186775 0.0650858528546773 0.272534918994411 0.00355814929845236
0.36535411352387 0.131397511717735 0.0845507959050228 0.136180747471264 0.202602954829122 0.0492748322026595 0.0306390443503268
0.036242233164474 0.199327668569349 0.20127203159304 0.121474399192575 0.199785226801072 0.0928807226401876 0.149017718039302
0.301069907063216 0.116598933046742 0.0864514068758901 0.133485206466092 0.0402415681787069 0.216952747791322 0.10520023057803
0.171085472027625 0.0875046204014634 0.162595630585372 0.0198454613520743 0.303824531695073 0.0317706950335071 0.223373588904885
0.086944413689553 0.0386986294774307 0.225005314695654 0.195740453636721 0.171745857801664 0.0423394037566816 0.239525926942296
0.232883276923673 0.180517707025193 0.0894009892767784 0.204301406534534 0.0841673311636947 0.117008502835926 0.0917207862402013
0.0263635323761907 0.24672999207114 0.0531216848882867 0.214286781240755 0.292493631520865 0.0954099196910166 0.0715944582117464
0.141010512171017 0.00124192176223528 0.231389631742257 0.00163786172581002 0.242610397468622 0.238521056641729 0.143588618488329
0.0271005897441512 0.00899536673927657 0.159593495573717 0.195926529983052 0.215812282908106 0.193392015756859 0.199179719294839
0.207633260308361 0.0852398346584768 0.085110765446566 0.278540267340051 0.170080050961518 0.0664579832811939 0.106937838003834
0.00811977316329354 0.163479064034116 0.205909425950309 0.171661468577575 0.151240235003111 0.116768841026708 0.182821192244888
0.0478857127601803 0.176515265767099 0.149208561793984 0.216014505607179 0.162473283160207 0.0731234565208845 0.174779214390466
0.0905747140284391 0.184732439754102 0.0277544196827415 0.256130600240629 0.118592025501724 0.270811480237719 0.0514043205546455
0.145397827875067 0.140252009489774 0.144733305761095 0.223649544945837 0.0888870105437864 0.0626105672769026 0.194469734107538
0.02444475360041 0.264833934301736 0.228937032780877 0.284942898541143 0.0485389520713836 0.0585135518486935 0.0897888768557574
0.183000808182723 0.0546562208161689 0.261217353661134 0.254495995411768 0.0189480007855234 0.0420451741082649 0.185636447034418
0.111259974908658 0.00642936593961837 0.0922148462297478 0.305942821952153 0.104055033009423 0.0299476551777688 0.350150302782631
0.163645652191042 0.00168000671105192 0.216045184261714 0.154284592012462 0.0870768096410919 0.171260168994957 0.206007586187681
0.023838516800024 0.230741434551365 0.0331214280876268 0.252600924935737 0.256915603265579 0.0670665237250643 0.135715568634604
0.266966182093572 0.222925406478225 0.0965962552066548 0.16453798335383 0.109004706457366 0.071187860976839 0.0687816054335132
0.0547927423451128 0.130643285045324 0.0117149380613345 0.232562213485857 0.281071670692949 0.248870344134741 0.0403448062346811
0.256661754881528 0.0640873157265784 0.0544815904867234 0.294116484460413 0.0456112789427064 0.144887909885737 0.140153665616314
0.0297858778861533 0.112125406607141 0.220231727273901 0.233913314967858 0.15362191242544 0.0711699000564214 0.179151860783086
0.185123638142677 0.109406245923777 0.134837035037972 0.179581396952587 0.166874712325799 0.211987689320798 0.0121892822963892
0.111244747441718 0.130140714120593 0.291689069478912 0.171706145353811 0.0567336621171029 0.0491801965277366 0.189305464960126
0.28645882610591 0.0864494152470211 0.0100384571709063 0.182916501345899 0.162182588899358 0.00449708587507722 0.267457125355829
0.263360478992433 0.123682103822757 0.121961350529173 0.122569398463819 0.0489608252903749 0.0628640458991212 0.256601797002322
0.148322643625076 0.0546292085919134 0.161222108760202 0.161417901330547 0.0898616207140714 0.226053950433835 0.158492566544356
0.0857858983244559 0.124859299026774 0.170953649239694 0.0617447505034791 0.297134704028654 0.218952888063874 0.0405688108130696
0.00657695609735292 0.0475969842248803 0.00822667367117307 0.294685734380339 0.307488058171983 0.0168286395816233 0.318596953872648
0.235082231999506 0.0383141110826852 0.227187196901142 0.0573647281714673 0.254680031229395 0.0376803487439384 0.149691351871866
0.0705211386763558 0.213909507092827 0.0427516591227985 0.195389006289333 0.206080915642287 0.23678343147707 0.0345643416993291
0.0739491993476259 0.0121033228307364 0.341593035590103 0.0167797025223032 0.271376323861471 0.0678501295937432 0.216348286254017
0.155483969844447 0.170418301387452 0.0389097043776075 0.0390318620971113 0.198487221038431 0.302613014089914 0.0950559271650373
0.0953411715650276 0.21392843601877 0.166276755564821 0.143767773921537 0.192922112551479 0.163571256797432 0.0241924935809328
0.306085005533804 0.0829509032196059 0.0832042261857882 0.123942927869857 0.0526159481995657 0.100078307979223 0.251122681012156
0.00735078940374246 0.152138371987396 0.180272531923126 0.204562518698036 0.128912570767191 0.206340115033033 0.120423102187476
0.297670015142947 0.151292908629815 0.251805428605706 0.0277889346064084 0.0159060960451301 0.255037153306499 0.000499463663495048
0.132775631873864 0.00436883281527817 0.307969160062047 0.0413984251172028 0.394097637639338 0.0144409918009764 0.104949320691294
0.149282737851482 0.196160621847776 0.161941495887328 0.106112998955951 0.118750009091398 0.0633690072365517 0.204383129129514
0.211973913139646 0.0853388154190067 0.00264409399879894 0.230101232875786 0.0805855719285642 0.289601018594025 0.0997553540441736
0.0318642835700363 0.104136034932928 0.162280591963591 0.306027506181594 0.151481724560167 0.046654397712016 0.197555461079668
0.0436722916463639 0.0905040369458214 0.149715288834219 0.205648424331897 0.270965325471217 0.0517225735627302 0.187772059207752
0.215220515223762 0.0534921056387994 0.215260870214193 0.0692451786219755 0.130396783544414 0.207874967013467 0.108509579743389
0.0635410386859978 0.0122897839801522 0.274824252266092 0.136451458029974 0.185232870049097 0.253209623855299 0.0744509731333884
0.0450479525690186 0.0532569522610731 0.148740839089969 0.207062466360076 0.180206967226061 0.227829823837797 0.137854998656005
0.217054029889417 0.126805561337305 0.146425468009481 0.17926597608615 0.238564185874911 0.0894464847269759 0.00243829407575886
0.160723841611036 0.152857819138601 0.0839590511613733 0.242033595148414 0.222527768293531 0.0677442125206703 0.0701537121263743
0.0650827305905339 0.269449127526785 0.18300593878587 0.280010443018171 0.0154468051351012 0.156099241423981 0.0309057135195575
0.0947531195087028 0.0556190979034063 0.207997084472305 0.102925096374484 0.199142298953399 0.290924696343231 0.0486386064444706
0.20145291901334 0.11503370818577 0.0144704410437008 0.116376733408126 0.203984806775112 0.034626094267343 0.314055297306608
0.111698851164309 0.114819910888693 0.094394686680596 0.183390644169171 0.12630989895522 0.165348332023361 0.20403767611865
0.0464543627028642 0.142489604859795 0.22948224273536 0.103885185051325 0.0986674040300023 0.222449731743657 0.156571468876997
0.00973955570099311 0.229219193397248 0.103766774203732 0.226450746027728 0.154964335088931 0.0931173370995291 0.182742058481839
0.0774287966261367 0.234296600581778 0.157835917235222 0.158724473353825 0.0869454531623549 0.0600639142152899 0.224704844825393
0.268456563121292 0.175920849537692 0.253273406086574 0.0768725712915673 0.114573651170227 0.0479359190015886 0.0629670397910595
0.089946974851211 0.216745464207873 0.120474286535953 0.0784846085056426 0.188855225447517 0.176996646453213 0.12849679399859
0.475456103806269 0.0683263209528752 0.0128757959415011 0.189965874191028 0.0378958547786233 0.130321611757469 0.0851584385722349
0.322173977462027 0.0867861889077571 0.00138617027010028 0.212251022861615 0.146342245127356 0.0422105983783873 0.188849796992757
0.394646113066408 0.0237783862795424 0.126416444739172 0.0142231195868642 0.170794769543729 0.270043718224548 9.74485597361496e-05
0.182552687414233 0.108196805065063 0.0855091365473119 0.191893118193584 0.102883134596746 0.174961021153003 0.15400409703006
0.148682726737678 0.196024848028582 0.175363698563766 0.00355997366076589 0.185644464042512 0.118667957494152 0.172056331472544
0.00451488605966352 0.321757898777459 0.106362345129676 0.154346794492124 0.0551439952052793 0.27924801423278 0.0786260661030187
0.177856072462165 0.134360962306328 0.144102520101382 0.172820794322648 0.152636171665622 0.0810265459317122 0.137196933210142
0.113629149455335 0.161149416342613 0.046955588375831 0.0192119634019124 0.352319049789946 0.206110842552471 0.100623990081892
0.235037862128607 0.124665397402451 0.136296832532394 0.247242899608406 0.0367987310861102 0.0687274423719149 0.151230834870117
0.233630775309027 0.164699795528826 0.0282638328501686 0.342439702772957 0.0735270531753171 0.00499592911890246 0.152442911244802
0.201391293841561 0.11311281926325 0.234248628891405 0.118926160300212 0.110230638384141 0.208315135506744 0.0137753238126874
0.225995541401824 0.224514340887926 0.0542790518450599 0.149417855871654 0.00847690457318711 0.0892807156429366 0.248035589777413
0.0748061569821554 0.0572975883240962 0.160463868601645 0.126386088157184 0.278633409761371 0.143647105606284 0.158765782567264
0.356046315138959 0.145932116269913 0.0147250009021653 0.0610934678312085 0.0495746052234397 0.169544048628438 0.203084446005877
0.249966494606374 0.170539424909837 0.0527480602229355 0.0286972309878183 0.186368715822008 0.104082903411979 0.207597170039048
0.189841124762222 0.086892256423632 0.238744296883445 0.188468472179527 0.0485215636865586 0.00909458052486354 0.238437705539753
