0.186659145770224 0.269299387200294 0.173432219381529 0.220917760203731 0.149691487444222
0.0993416799927351 0.417720937448266 0.0981009004525816 0.112576950491148 0.272259531615269
0.140753728860085 0.246499640881781 0.190810018044897 0.287418584079284 0.134518028133953
0.0812959481685957 0.373316009016127 0.0331739229535509 0.376486105285513 0.135728014576214
0.322563783368028 0.0991064663477546 0.263026937999037 0.123909085846822 0.191393726438358
0.0930379925608498 0.379383945028425 0.18959141333117 0.145222041131255 0.1927646079483
0.271901472023864 0.221502957334788 0.133489911593757 0.112951479778952 0.260154179268639
0.139039680108945 0.273824521380335 0.194380986697862 0.231748402726955 0.161006409085904
0.31600401871869 0.213650984915688 0.239817689573981 0.00446485291735779 0.226062453874284
0.244513288991321 0.0894519237147159 0.229242401788516 0.157257792200945 0.279534593304503
0.0842266340751882 0.3712152451726 0.117440220142095 0.296819209080114 0.130298691530002
0.197876854534587 0.233335635415149 0.162038296252593 0.197267676254794 0.209481537542877
0.135077404027307 0.22833412936431 0.0971139744742188 0.128281330580428 0.411193161553737
0.226732647322123 0.0747145439255978 0.230171615401805 0.164468635347412 0.303912558003063
0.122361633850826 0.276131869967335 0.209073364243276 0.0538777250634364 0.338555406875128
0.0751769685686048 0.160813684903608 0.220647353011521 0.458199165754236 0.0851628277620299
0.113178895383444 0.213926147366686 0.242088389743013 0.160703310725109 0.270103256781748
0.0394223274768065 0.28856209491808 0.241738368443332 0.243679143759013 0.186598065402769
0.302889514712178 0.0716130253805602 0.169094979127117 0.437570701246971 0.0188317795331744
0.101277066613905 0.0447365301032514 0.30604276802911 0.258410156829474 0.28953347842426
0.313416529930911 0.18977975610465 0.116727321487737 0.352640413472668 0.0274359790040345
0.44730997342345 0.319967248244684 0.0768216825339885 0.102212395318314 0.0536887004795634
0.173956583900247 0.177457872819184 0.379650496200088 0.263987122076558 0.00494792500392374
0.146687357816948 0.0263001832044007 0.417835330026659 0.0713605984985061 0.337816530453487
0.217624327550692 0.222211162753596 0.194220671507856 0.220231321882396 0.14571251630546
0.350592362718976 0.225538451615371 0.151513511084805 0.212689852783329 0.0596658217975191
0.241907167847958 0.0469014069594836 0.375746749667188 0.0537779129567081 0.281666762568663
0.201215226690289 0.168700141266218 0.147235066009523 0.248300236250644 0.234549329783326
0.029503992443342 0.497152800225214 0.140107535663163 0.153121932939383 0.180113738728898
0.219039681611989 0.31691268011095 0.12616525014144 0.135977110467893 0.201905277667727
0.282722743734823 0.355657881122183 0.0234199912251041 0.109115657261285 0.229083726656606
0.322535427809183 0.194571553011588 0.0993774053949315 0.127867965005414 0.255647648778885
0.0803225442540038 0.101111857163868 0.206027898716179 0.288016304421717 0.324521395444232
0.0830950967245141 0.191305677750939 0.0461189466451212 0.438886799076638 0.240593479802787
0.3144389823079 0.0622784844806905 0.164669762786906 0.379207481196517 0.0794052892279861
0.205144225118775 0.0246646131593419 0.22501621267834 0.292606218027418 0.252568731016125
0.225517226781083 0.0170604602282429 0.217269188743975 0.273247478932676 0.266905645314023
0.10387355225573 0.317484249049895 0.307071328563305 0.172431506960098 0.0991393631709708
0.142455216016305 0.696022583827055 0.00523161559463353 0.121610826938192 0.0346797576238147
0.341938553757512 0.252242651069014 0.0469968754082294 0.34778509147209 0.0110368282931548
0.130589443616389 0.197237729867405 0.164766014808828 0.314725012551042 0.192681799156336
0.275638781409905 0.1956011752669 0.107530981029724 0.331208756419212 0.0900203058742578
0.124425952239036 0.223045179662759 0.0167371824619918 0.477364107661493 0.158427577974721
0.0624434252882264 0.2129884396944 0.131746366263745 0.296126374052177 0.296695394701451
0.00292974323976583 0.434710178890758 0.0839007979703087 0.0902487948342261 0.388210485064942
0.173320041334985 0.277313790887231 0.174877786086764 0.278038348653947 0.0964500330370732
0.343086249076035 0.00302375901912397 0.375724878600796 0.109388311643594 0.168776801660452
0.393703778299265 0.07635975807376 0.0786651923379679 0.14471834172943 0.306552929559577
0.232518010473921 0.223325247035977 0.187561148687646 0.23771967354433 0.118875920258126
0.10173284254223 0.333278626578065 0.192984261426564 0.274696727906111 0.0973075415470305
0.125365170894118 0.155791687242029 0.268266967750409 0.117960625655961 0.332615548457483
0.359464375716744 0.17799578543248 0.0673634076539388 0.115162382445886 0.280014048750952
0.0445775014083283 0.230295010859656 0.294875000918002 0.0135059230590927 0.41674656375492
0.0821561887884023 0.0679684360617524 0.276753666103691 0.36546350138737 0.207658207658784
0.161478155267417 0.177274154443091 0.234351201956932 0.321805603612652 0.105090884719907
0.165884952886366 0.231091196560398 0.132374999750299 0.294160908575753 0.176487942227184
0.207333672953171 0.103034056600547 0.369502484346463 0.130170966716716 0.189958819383103
0.184236024995216 0.306324638356625 0.350437606015435 0.0172073109874564 0.141794419645267
0.202812615870052 0.30506037026582 0.097196499285396 0.247384723725783 0.147545790852949
0.214903082513643 0.210085245544027 0.127366456747392 0.230100100389162 0.217545114805775
0.0882948950085689 0.468419742044134 0.165612442492103 0.010913856403442 0.266759064051752
0.255563862732387 0.173430806810243 0.224535320790338 0.0370148222801705 0.309455187386862
0.263005595438651 0.0163262122880899 0.25653253808194 0.252723975465408 0.211411678725911
0.0919528838608023 0.269699065985897 0.109450460000208 0.21169773221721 0.317199857935883
0.224657587176538 0.144876067303256 0.0218230153533379 0.323053810413959 0.285589519752909
0.215692024414869 0.156986461452599 0.0110127172405667 0.335325585972869 0.280983210919096
0.213960448636932 0.215408592755151 0.130369807073394 0.218372836008428 0.221888315526096
0.251189419532036 0.101608904785044 0.246939213684509 0.393531933248082 0.00673052875032959
0.238996744938088 0.361589744328181 0.00825838153748947 0.224776616061997 0.166378513134244
0.169492795727523 0.617019143629037 0.147070586582442 0.0268015251590688 0.039615948901929
0.137153015756908 0.326555193640806 0.160234023459229 0.319419344663096 0.0566384224799606
0.0655001677933401 0.294993872263268 0.269073748046115 0.0836780012586378 0.286754210638638
0.110111791540886 0.253261714629087 0.187699671152463 0.217148436257477 0.231778386420087
0.34913731134225 0.386135712360103 0.123863102452707 0.109786816279072 0.0310770575658686
0.239394309487587 0.0869519967021728 0.529527564577672 0.0128824094131776 0.131243719819391
0.173130945974906 0.162399241370785 0.239975520137834 0.222781070316454 0.201713222200021
0.197135434337356 0.179407129320163 0.0927654181575083 0.169329166968362 0.361362851216611
0.161029811887269 0.240897444767101 0.156685215120818 0.21538161507685 0.226005913147961
0.0366795015160133 0.39672271371961 0.147831022103866 0.369032976944551 0.04973378571596
0.172751334322369 0.347039583363801 0.0108626648230128 0.319196128543255 0.150150288947562
0.00121361698709072 0.423035014046512 0.0582554921638168 0.509233346628623 0.00826253017395726
0.347437644538859 0.209909200751747 0.0483278256866871 0.341611714431935 0.0527136145907715
0.025469156197196 0.143906326940965 0.0120732396673332 0.497272478428463 0.321278798766043
0.332578348098109 0.150476557379739 0.00313124728939185 0.179574257093604 0.334239590139156
0.238170807841527 0.226567560770257 0.214381232047801 0.256860372141057 0.0640200271993575
0.280218816891268 0.0226255400726904 0.313523567584577 0.147234312857064 0.2363977625944
0.293952353632436 0.28503007236942 0.043472189583922 0.3317123080792 0.0458330763350222
0.112935280130005 0.242942936522784 0.402753371266869 0.136527327907687 0.104841084172655
0.174005363831539 0.240720676438045 0.223287548890168 0.22205651275532 0.139929898084929
0.335723969360896 0.0767759528009968 0.0309756434143943 0.363708853208404 0.192815581215309
0.236829596194177 0.250345119721016 0.115192769206086 0.132962604302027 0.264669910576694
0.174459871101681 0.427650376565852 0.0957525646879794 0.0467951189561571 0.25534206868833
0.262162628161403 0.179449035932038 0.306312803880679 0.0188364079250973 0.233239124100782
0.0652197381362692 0.094694013263819 0.290804128302283 0.193351979040994 0.355930141256635
0.186706269487812 0.267387151467295 0.233857643426428 0.214855997018217 0.0971929386002478
0.234982441395989 0.377194534589269 0.187820473566803 0.146225702527171 0.053776847920768
0.103242030828414 0.225840675347127 0.233536760741522 0.252709867540738 0.184670665542199
0.276864995970483 0.128080739181546 0.286103801269623 0.177722621860811 0.131227841717537
0.287219737179273 0.306527217548436 0.0320727780725368 0.241918501268794 0.132261765930961
0.432371357163283 0.262477262993161 0.100996317555347 0.0378048645201988 0.16635019776801
0.265924196059433 0.170105972486682 0.0559191666380749 0.176122377704049 0.331928287111761
0.162801487265808 0.305663957034245 0.117290403924254 0.17597278808616 0.238271363689533
0.224054972215939 0.264791494313147 0.0351051823041358 0.265776948711118 0.21027140245566
0.398421859420699 0.123332482740516 0.0482772429842846 0.312416360992864 0.117552053861636
0.062255916587915 0.313072792956417 0.302310131396369 0.298001457486331 0.0243597015729674
0.205183232253275 0.268026057450179 0.12734263551408 0.266757683217645 0.132690391564821
0.142305217621827 0.193745503399318 0.0712448415236812 0.372508861029096 0.220195576426078
0.0971560506138794 0.257481363844949 0.161903876771181 0.227359235623549 0.256099473146441
0.468495999854199 0.137993461801614 0.367756366620288 0.020796167316847 0.0049580044070523
0.32911327212015 0.256560140586723 0.163846123986998 0.0870380375350033 0.163442425771126
0.0722353364120349 0.0430747662609553 0.126872812126122 0.478176700960977 0.279640384239911
0.0492379534557174 0.376421841355075 0.0443329333167364 0.142750460948829 0.387256810923642
0.0971936046621271 0.152320496646874 0.332506405048513 0.224208129399345 0.193771364243141
0.0899603675033264 0.099816871894918 0.411436268191348 0.394412689529336 0.0043738028810717
0.278616035317899 0.176506367734672 0.286547319067454 0.151365083822914 0.106965194057061
0.175403204460211 0.209764091188643 0.33374133402591 0.193934872866859 0.0871564974583764
0.252515610835532 0.174563615964629 0.221015085343897 0.321799776544041 0.0301059113119012
0.318908018830009 0.254371084691103 0.171038793244277 0.14587638396894 0.109805719265671
0.114116757842535 0.0470638326125019 0.197294632245816 0.300485013698951 0.341039763600196
0.206432179993041 0.205632671712847 0.0765919841544056 0.260923465901479 0.250419698238228
0.213641810086817 0.364735622015036 0.11545626124646 0.107902475032281 0.198263831619406
0.247381105632307 0.181668558653671 0.0174156501574174 0.195272218377287 0.358262467179318
0.236172274229893 0.147186569057399 0.230116960154544 0.230720110775265 0.155804085782899
0.240959239126423 0.38961428117372 0.0581030837287429 0.253328499365259 0.0579948966058547
0.282267233123936 0.0658372058297952 0.108566639275681 0.291425521257393 0.251903400513195
0.220760681737986 0.41918377293458 0.293287749729781 0.040864038679706 0.0259037569179472
0.459554301898859 0.0216779376227546 0.0635338309088109 0.111790829962986 0.343443099606589
0.194128629043465 0.127452291071447 0.203438171061412 0.211302060428248 0.263678848395427
0.0904375845571536 0.360681676836624 0.243030990204213 0.0749312349867443 0.230918513415266
0.287315561735629 0.279173742207194 0.277775425496197 0.0916158972952832 0.0641193732656966
0.108804385159228 0.240805182574399 0.00144733795983016 0.330890382081828 0.318052712224714
0.0158462913233831 0.380226115931781 0.271656240796243 0.246584147340076 0.0856872046085157
0.269702333087835 0.0118921927756877 0.00496190913518783 0.246311295787953 0.467132269213337
0.243793766614759 0.227747603880271 0.199238857981005 0.0924963781589132 0.236723393365053
0.373645787625074 0.115334925901192 0.210367870593248 0.228327767019354 0.0723236488611316
0.0712747313489566 0.600801970063062 0.000256128827735504 0.0315636242818691 0.296103545478377
0.107165235217483 0.0781612298775451 0.313101662165503 0.129591970631378 0.371979902108091
0.0853352330160842 0.169000820215843 0.238385793409043 0.181257372429507 0.326020780929522
0.254320596036049 0.170706803081955 0.154790850351887 0.16499880573897 0.255182944791138
0.157631359654896 0.0225560558899968 0.414182957411612 0.196613786624564 0.209015840418931
0.119620805388015 0.0535334736514015 0.150829510479431 0.427037501294849 0.248978709186303
0.131329032427402 0.312764954010341 0.184186390181581 0.241431373033625 0.130288250347051
0.135277336816779 0.231316616088558 0.0598060255611917 0.313945665914424 0.259654355619048
0.23335279105365 0.183584602779687 0.203342924276731 0.194123727290275 0.185595954599658
0.138610718048878 0.0111148284073333 0.340796985585631 0.326163717376411 0.183313750581746
0.0571388078331256 0.0686339187452357 0.460179878011216 0.389110095657949 0.0249372997524735
0.286377981066982 0.260970255030724 0.276925153872647 0.0919465811480871 0.0837800288815601
0.266686867620151 0.0748188381927694 0.139285645127507 0.194264919176238 0.324943729883335
0.291226443082565 0.28256240826523 0.0206262200696063 0.213622892165997 0.191962036416602
0.487559156934126 0.0557645091085324 0.253765982725302 0.174776092467156 0.0281342587648835
0.17197271919825 0.221011133072175 0.175217732438614 0.145451184596555 0.286347230694406
0.233114907161609 0.106942800425607 0.268125692954824 0.291934874288142 0.0998817251698175
0.188084492142473 0.14281897906095 0.155791726229498 0.23631921860079 0.276985583966289
0.36011869149985 0.140705811722431 0.145279424411082 0.252006575848527 0.10188949651811
0.172634081829591 0.125483305682699 0.659690181446098 0.000135825044640112 0.0420566059969725
0.143317339489729 0.265933174953797 0.287158366969917 0.123192051123637 0.180399067462919
0.161848837668948 0.345175065417513 0.00398279609546882 0.205227778915686 0.283765521902384
0.223287949994019 0.112400649862324 0.130184853156651 0.270695166714029 0.263431380272977
0.492691303642335 0.192517781445526 0.202255669559499 0.0932038479255307 0.0193313974271089
0.324655371618778 0.164770897249636 0.160706869388041 0.123466489958778 0.226400371784768
0.20060432962293 0.146970750427837 0.215016093703972 0.225708391962214 0.211700434283047
0.319709269014998 0.0554582946565062 0.205640713780858 0.050240401375914 0.368951321171724
0.133408586323272 0.167319764649708 0.283684182807471 0.298075408385413 0.117512057834136
0.126751758014814 0.497374172959407 0.0536929582076042 0.319659174841983 0.00252193597619062
0.05816606975205 0.324254227476665 0.228209868231368 0.274949221802385 0.114420612737532
0.079256542598555 0.310087642250773 0.294867036101022 0.117353179598058 0.198435599451592
0.0973938146959131 0.254417492581905 0.310803724043216 0.326796463195675 0.0105885054832908
0.0232478005181811 0.0201200937565479 0.249367347327881 0.272024476132501 0.435240282264889
0.386715813699228 0.307614715285038 0.122908062875421 0.0112172849428576 0.171544123197456
0.108158173850329 0.241319615748962 0.133624148090354 0.300484238195503 0.216413824114852
0.2823205204054 0.126777909625014 0.323689109680578 0.185036156291745 0.0821763039972626
0.297632986290165 0.0993530416903402 0.337735062600876 0.0354785015606722 0.229800407857947
0.0643119419284719 0.22328923586867 0.265892434861878 0.204724980493456 0.241781406847524
0.154736868068837 0.0202820959564419 0.293811983697835 0.293007180332859 0.238161871944027
0.36972723371082 0.0748908093316432 0.233248450686798 0.267900396948298 0.054233109322441
0.25349816612143 0.0279603897733585 0.462781305685921 0.20506525842493 0.0506948799943608
0.221438104089634 0.303143672369173 0.271753900509423 0.161857958458252 0.041806364573518
0.252102688125922 0.337012772010677 0.299988245058338 0.0446555817819219 0.0662407130231421
0.373673193383028 0.163700670422211 0.122937215594587 0.242122796586315 0.0975661240138594
9.01429245948792e-05 0.170077595497943 0.524860026951634 0.155594563784807 0.149377670841021
0.21236595167254 0.310484796632571 0.198602656981499 0.26497004990153 0.0135765448118599
0.0829967614101697 0.270304208510647 0.0558276332651321 0.284763511587899 0.306107885226152
0.188483828072945 0.25180229028136 0.362418661863205 0.0954213700510631 0.101873849731427
0.299363472873727 0.229689742471247 0.237262644522834 0.172464750147277 0.0612193899849141
0.261766007487019 0.2852087824262 0.0441359294815777 0.321176120831116 0.0877131597740867
0.0332762938889117 0.338790030992939 0.117472423632623 0.160748721240782 0.349712530244744
0.272820737651831 0.172837488108339 0.296591783298053 0.135861063749194 0.121888927192584
0.170474253211725 0.0536538409962475 0.268593171344548 0.392401599625069 0.11487713482241
0.315533569356488 0.0701683888400982 0.0600049638338659 0.2101698761379 0.344123201831648
0.058423889830294 0.421474454677942 0.0236482239437312 0.00656641167998211 0.489887019868051
0.215433614907256 0.161471458965633 0.07136073481176 0.238860862778133 0.312873328537219
0.235458408390488 0.0120498812853521 0.163425503674772 0.287133210450358 0.30193299619903
0.086777513095046 0.11029641111053 0.416307831620707 0.0263739779022661 0.360244266271451
0.0952351549565466 0.313585665376488 0.145346707026806 0.0528778534046607 0.392954619235498
0.141550291924629 0.178936254179292 0.182436413679103 0.228089066902633 0.268987973314343
0.441178494665733 0.141733128145904 0.293246467281422 0.0336554307689712 0.09018647913797
0.14835345002556 0.141852830926337 0.12053117017672 0.277472285959589 0.311790262911794
0.179834761812607 0.322738882331769 0.0104153587951875 0.273226118199362 0.213784878861075
0.214453271029247 0.258758291250676 0.143197286789745 0.295507669783313 0.0880834811470176
0.237416659609469 0.174608405061222 0.168337785848515 0.082703255661649 0.336933893819145
