0.175089319709835 0.156319907889748 0.013713181339314 0.131651193181944 0.148948333589887 0.134431399949185 0.0515412578924507 0.188305406447637
0.118066023446736 0.171059495504168 0.0937835879428664 0.128714753720739 0.0995174628142512 0.0694396193255522 0.176768566282264 0.142650490963423
0.151656897050711 0.212609936068515 0.218601020031528 0.0740594577847401 0.190315282735402 0.0176645635887662 0.0679774357575761 0.0671154069827617
0.242705533892573 0.0976520994981814 0.187611070874429 0.0123401225839215 0.109188605397811 0.187182118328893 0.132046596261258 0.0312738531629334
0.0225746426836237 0.247724242120835 0.113560545855893 0.0459848643267158 0.184137744997557 0.227938657164838 0.139022090276058 0.0190572125744787
0.239016674013426 0.00252681701944527 0.137183005496046 0.0671226195628505 0.0876990025031956 0.0859664728562474 0.237401051997025 0.143084356551764
0.09425247311058 0.125480738108628 0.155871458263223 0.138037915659521 0.196397260826782 0.0643325792036345 0.181930006007549 0.0436975688200824
0.209046225571578 0.170050219108696 0.115585960828182 0.0414140617946776 0.214634408506097 0.193969279694804 0.03742979289267 0.0178700516032942
0.0921739179894546 0.183625247472474 0.192008423473959 0.199825434186658 0.142897748021602 0.110648876929194 0.0207865744741222 0.0580337774525365
0.171885567433543 0.222415817322774 0.00280720946983591 0.150450751597561 0.0857079046974666 0.13712874377111 0.208584088259693 0.0210199174480173
0.140579982459337 0.0443054837180254 0.267647930544306 0.110242878591615 0.0419919366474159 0.174658484759495 0.17489641545411 0.0456768878256954
0.233568530350808 0.152472024842027 0.0012999118831575 0.184867172003304 0.0582598005101877 0.188347371545442 0.0576110564693399 0.123574132395734
0.160334623808355 0.0842858896210103 0.00394371751754867 0.160927550733675 0.0989531298588788 0.308568030588082 0.0210781870087924 0.161908870863657
0.192064293207311 0.0132982966136886 0.112354483823181 0.111401543448581 0.184862072151439 0.156938543692194 0.0789489907698799 0.150131776293725
0.150299821320175 0.0816514895962112 0.162238889769499 0.0339495892410968 0.0593561105204268 0.197435624848104 0.135446556860037 0.179621917844451
0.177598073648866 0.0154452756715895 0.0775048994528774 0.0358730194802897 0.241256989128802 0.0364664270509201 0.193067401738553 0.222787913828103
0.0911283055740887 0.00227359497720063 0.155227806778046 0.22319057563679 0.141704503180261 0.0253699536045719 0.160124787058592 0.200980473190449
0.18738093506978 0.0845548046867812 0.184586804803088 0.143716870623312 0.186649660232559 0.0137572371982501 0.0388747200189504 0.160478967367278
0.253241387515461 0.0743568213046453 0.0131559077605164 0.16256743796794 0.138091781956572 0.0582740682510337 0.187875022573539 0.112437572670293
0.0135292076725021 0.219349149956232 0.191626603230822 0.0270506470480982 0.150945165531674 0.186800764048454 0.0961586110445513 0.114539851467667
0.015819696818896 0.219705394089648 0.197768030039353 0.0343010199651285 0.10649338351758 0.112204488912234 0.267226705668196 0.0464812809889639
0.204887242691878 0.0433696949216444 0.140002435656787 0.215600593942788 0.144189253383785 0.0318769811400044 0.115339168438027 0.104734629825085
0.137889292141814 0.08610785285958 0.153105912777587 0.121805947736538 0.152811084717991 0.0698296439944918 0.131887594200224 0.146562671571774
0.091038029946515 0.0563958467717988 0.124784560256659 0.160155936476943 0.158330237839261 0.0835549145498973 0.167876777628791 0.157863696530135
0.17987444790456 0.174810773146537 0.128724303424783 0.153289167046337 0.00230322755075755 0.153220530359893 0.154653579089324 0.0531239714778083
0.141986290360642 0.116787118960435 0.0259272565661977 0.162988133814522 0.112008071672969 0.122036117076576 0.183293232887381 0.134973778661276
0.169915003109744 0.0340012840233869 0.204459000982971 0.20174185733017 0.00336319167752797 0.155757666527863 0.188675414334706 0.0420865820136312
0.163045894421376 0.178740743460725 0.108746521325191 0.0784026342290956 0.198071430734893 0.0193107994796803 0.230681818973281 0.0230001573757577
0.166937657210663 0.0798929709036289 0.191508315858242 0.0812491002845926 0.0618291146019369 0.17530938818101 0.168126083502184 0.0751473694577422
0.191437673978527 0.136303326550473 0.137789568487778 0.0681123322687114 0.139774017004464 0.131389997240637 0.0108004702203492 0.18439261424906
0.00714406490453147 0.107483437203468 0.0874587287049664 0.173211664181492 0.112057816422606 0.166125296407238 0.143582155815128 0.202936836360571
0.121757519942305 0.127929386065486 0.059578319238298 0.174831703554179 0.0436286582603027 0.197403257164246 0.183999973818585 0.0908711819565973
0.20880582322577 0.180105883003437 0.112296604881767 0.131705380613996 0.122048048015136 0.160098842755356 0.0409560322313761 0.0439833852731626
0.0431132655413948 0.130846496427781 0.0720075939675327 0.0733989128846125 0.159881078964922 0.230539935857253 0.0491834727972068 0.241029243559298
0.257606276883201 0.068920635191677 0.0202113404560644 0.230090220231407 0.163989874476179 0.0697548260662939 0.0995539409986373 0.0898728856965407
0.17128777125281 0.173197057918367 0.0345579443315242 0.181481061529769 0.0784922773266362 0.177166328283459 0.0802018005779467 0.103615758779488
0.25951544165614 0.0622147461724591 0.0777708445633511 0.00313055478939417 0.0855365796921563 0.0562992093243641 0.257307404167124 0.198225219635011
0.111689738965503 0.167490365858982 0.0664687558592961 0.172180810905596 0.137709635058181 0.139727507511791 0.0224378526681404 0.182295333172511
0.178903934955801 0.0458302945833599 0.226372033432193 0.101771369513116 0.210239250782598 0.101031787858442 0.0941864125485832 0.0416649163259075
0.18551301884261 0.0161510303777933 0.18892955148005 0.0759517428512728 0.0136591626621544 0.151866801593033 0.137842096221288 0.230086595971798
0.188810775132019 0.118388577005791 0.138251176788462 0.141420164064858 0.0760405439312002 0.0474234682388973 0.166749732518384 0.122915562320388
0.0499121692414894 0.0997841009380872 0.114961568752852 0.0878611979357798 0.196510445738975 0.16563711473374 0.188631730952881 0.0967016717061953
0.0998197527444343 0.0453782681391872 0.176329294689838 0.168925206910445 0.119959556326671 0.0392384283833506 0.171862684658035 0.178486808148039
0.224966646944243 0.136102220098177 0.198732043256785 0.0379355738970316 0.134746389145 0.0856117512077187 0.0910005909877824 0.090904784463262
0.0332414008791132 0.107332941870614 0.0408070499637553 0.139363934774554 0.190380248914573 0.216676232141694 0.095544811791418 0.17665337966428
0.0922915314266063 0.00797579978810019 0.214239816594449 0.106188455746044 0.231865159755116 0.157708532752441 0.0166053606974152 0.173125343239829
0.172365348456814 0.25868554219744 0.0101023576177023 0.0873713187582701 0.183574633652139 0.0749033400702324 0.133904852318627 0.0790926069287752
0.254932737375934 0.227260116630659 0.0157055576440937 0.00878728668612096 0.195074918549079 0.107114083772828 0.0890804144879239 0.102044884853362
0.0509547952621492 0.0514638144973418 0.25478855506374 0.105864507679921 0.133632658736214 0.00706860527097748 0.318489495074652 0.0777375684150056
0.214921317752198 0.153392245679239 0.0582037839512102 0.0737531022452003 0.0160498814530904 0.156438155020004 0.199256116292665 0.127985397606393
0.108129515128174 0.189765487417324 0.197999956713889 0.0634942504263989 0.0552019720270373 0.124279160096646 0.0715981433761365 0.189531514814394
0.0582421124034738 0.188962908302421 0.0831380702491482 0.181075788318806 0.11554523233932 0.149055510064587 0.0672320294118393 0.156748348910404
0.209988497496321 0.0426441020425283 0.0508581542495633 0.178086958928202 0.20049017080246 0.0316244508882995 0.178002585037482 0.108305080555143
0.156727309199052 0.128144423449662 0.174533998660226 0.0678283608508848 0.156538807832822 0.0615230345070122 0.14311105846742 0.111593007032922
0.197712446178211 0.15732542228739 0.00630140666581804 0.185290194285549 0.064792998885952 0.164115164643365 0.0774351014359758 0.147027265617739
0.173737626926745 0.150888050764156 0.107943095438387 0.145077026407458 0.0185709117326993 0.0407040669569669 0.197909022609478 0.16517019916411
0.0792494817059504 0.16258892484624 0.108417091243642 0.00840083724298481 0.18678607389415 0.190303154664075 0.1349323101644 0.129322126238558
0.084943440809765 0.111159118895058 0.0386211625963224 0.218787187440645 0.060399946699314 0.143014675942159 0.221017097725303 0.122057369891434
0.121037344203099 0.215749911022856 0.0692843568495616 0.118377453566944 0.0855877548771508 0.134857996971869 0.0850278226598487 0.170077359848671
0.0831160555400838 0.0554770764656431 0.0707555891218679 0.119033939743328 0.22122858293722 0.0306696031520103 0.192606331493231 0.227112821546616
0.0451422816372714 0.00812474758919272 0.0302784279532384 0.235358832367107 0.167014572286385 0.0789472143704816 0.189744161910615 0.245389761885709
0.0714923983306106 0.0558462241118805 0.194249395676237 0.172604982145688 0.163455159657123 0.187748713066755 0.105164308793017 0.0494388182186888
0.087608321309085 0.00602870952156577 0.189150666076303 0.116216190778012 0.122038013754675 0.00525025540400408 0.302521243271826 0.17118659988453
0.00484890532354459 0.0842079328209002 0.230137662414959 0.120823545873106 0.256663641976046 0.0774552185330303 0.0103528721947879 0.215510220863626
0.00715377890210521 0.0400891875368176 0.171485965846826 0.194161434199138 0.201304022661437 0.0141057560132468 0.191183867188507 0.180515987651922
0.0347768067029979 0.119277486743051 0.046575300316154 0.159310767559909 0.0273132937896709 0.107459041837947 0.277524481865552 0.227762821184717
0.00472165298427909 0.149309462185481 0.216416742608516 0.0643483536425725 0.0300095462235513 0.256648626284425 0.25576432621563 0.022781289855544
0.257538513528079 0.0907251802642065 0.0673385496027007 0.12941233764048 0.0416289734788051 0.144849125370927 0.266278188640138 0.00222913147466342
0.202774324251035 0.075466696088033 0.0886972127324698 0.0169955847474824 0.13183314966509 0.202112764108211 0.124541480213972 0.157578788193707
0.181432111952437 0.141201030841133 0.172424518315963 0.0871830205133073 0.145218817066064 0.00985590609745689 0.181505363503301 0.0811792317103375
0.161996434113474 0.0334834957966992 0.0906970918835898 0.207930442967594 0.116883561825991 0.15087113110894 0.0782657617339647 0.159872080569748
0.00825264260911459 0.137526113590693 0.161813425162091 0.167687375011432 0.156716596939286 0.102699901322938 0.103422377825395 0.161881567539051
0.269552161221994 0.0405946789354821 0.0245616508593891 0.0776715161686935 0.0762044098519753 0.0754344076064733 0.241251910098071 0.194729265257922
0.281068592597581 0.0982466365008716 0.0583125749448123 0.0536740742237584 0.126244505726987 0.0358874901598008 0.26558387263786 0.0809822532083284
0.145839575632315 0.0876363602276477 0.153789166145893 0.0813662594434851 0.162995661184349 0.0700592375141696 0.179531877717336 0.118781862134806
0.12645881103763 0.0723403856039053 0.1532511676858 0.114409246801901 0.29213739435395 0.109335986453602 0.0898272843012271 0.0422397237619857
0.178046459830842 0.144908886398634 0.240288199061904 0.134371853089755 0.0280098981507598 0.158005550506456 0.0752574895759857 0.0411116633856623
0.0840288434288685 0.100741462248653 0.251094690601279 0.165307115541467 0.0438861524025115 0.179800138026792 0.0581280707130852 0.117013527037344
0.222407299533997 0.0277761347474498 0.0707723164321776 0.167178378468562 0.0279655098555264 0.139387252995378 0.1299443370895 0.214568770877409
0.201239721228285 0.0201274672787991 0.202828449745332 0.130753964108199 0.0612998365671803 0.142162938455695 0.141293557441466 0.100294065175044
0.190710896744652 0.141264207487561 0.101439129182085 0.203262577955299 0.03087421747821 0.0795840286435811 0.156543657537714 0.0963212849708992
0.199324481435572 0.144466871220829 0.100540767404175 0.105549704565333 0.109881888306778 0.0695812731557699 0.148509516434564 0.12214549747698
0.0276546245289541 0.175713883742928 0.0254631246740116 0.0467442726377124 0.228063756973878 0.0959204931157064 0.152705537467611 0.247734306859198
0.23559898843639 0.262109564986935 0.0567129289396386 0.129317366335424 0.0447006974161595 0.0334767181351269 0.113269344113745 0.124814391636582
0.078407957724917 0.143266796858977 0.181238866176387 0.152413046170537 0.116347395212222 0.081829133903723 0.0738974521083425 0.172599351844893
0.0877236810537778 0.108487345184376 0.162670890778072 0.240527714835959 0.331177633288313 0.00285735965399659 0.0343329699620426 0.0322224052434629
0.121381195652356 0.0831459440896011 0.0711177390960241 0.211813398188741 0.171745361191813 0.0956581273077907 0.152005881291462 0.093132353182213
0.216531077038529 0.22543044977209 0.0905995828124709 0.0256395486217968 0.172063798078789 0.0942265075033193 0.149268787337383 0.0262402488356214
0.196730638462138 0.155166173078467 0.0229313167325183 0.202698027621307 0.199196355521462 0.0265915426430244 0.0745952350688242 0.122090710872259
0.088790377274041 0.177277184072403 0.119850299016973 0.161044656671425 0.11482237220975 0.136047825544632 0.0983666487968371 0.103800636413938
0.147999705065458 0.0885225278259768 0.114366714703772 0.175523160425041 0.163869989051644 0.0488527281445459 0.117189039422511 0.143676135361051
0.189946097481004 0.181847773299597 0.160820815652295 0.0459696001984046 0.174891932198229 0.170671705135357 0.045754969263393 0.030097106771719
0.0802549417114512 0.106829547903354 0.0207186850040971 0.12431652419547 0.298004720052628 0.115031944759308 0.145520010823634 0.109323625550058
0.189699803959787 0.210267464009683 0.127091236948114 0.264182868432439 0.0357508481895861 0.00287208216082298 0.0314591924140122 0.138676503885556
0.0643380160182339 0.215329919930703 0.0137014693815609 0.00902720717530909 0.27430417930554 0.15192472922242 0.0219501057351442 0.249424373231089
0.0683472816844679 0.164936874145425 0.122248107763488 0.160885370367732 0.107722389333634 0.0293998766908279 0.160248985135419 0.186211114879007
0.137546932229036 0.183884603636172 0.139281342457446 0.0515493387245144 0.0656116586629718 0.232022493344835 0.188606478521004 0.00149715242402091
0.211684776160016 0.139753657793871 0.146219097282909 0.130409944456346 0.120831958367293 0.137180427575911 0.0415678974882601 0.0723522408753925
0.0477402841776217 0.167560171064589 0.023563545806628 0.0954393298138757 0.0419068618187989 0.279101623399922 0.0821423776923519 0.262545806226213
0.12748677929695 0.183648008698168 0.125685992257736 0.115773132766881 0.0526044481880326 0.145072082279976 0.0781491934992277 0.171580363013029
0.0597566561531922 0.190998753542338 0.222832896698273 0.135023026771084 0.0147566400198458 0.16138249008935 0.116841979935959 0.0984075567899584
0.00126617697925831 0.0754270923606292 0.207676273509496 0.0347314516327685 0.199717495217786 0.134181656972404 0.117411487732092 0.229588365595566
0.161058628647402 0.0832739336325745 0.0655546876791324 0.16653275151538 0.131815159260431 0.20569519884628 0.0710252583245253 0.115044382094274
0.147905761985686 0.119796751981778 0.144725526416284 0.173943985759412 0.0239181687750944 0.170554774728733 0.166609588645825 0.0525454417071876
0.115682181175852 0.187722013635964 0.0608458403222734 0.132999870107992 0.129684950652523 0.116748977356428 0.128747225467532 0.127568941281437
0.204185662333032 0.0196560123047454 0.0561108229568212 0.213182908640931 0.120516005495086 0.110621692747081 0.20991965150565 0.0658072440166544
0.223518355657634 0.0788965012227271 0.129120291498286 0.150368982208831 0.176698303971247 0.0309273284153335 0.0174044699574369 0.193065767068503
0.0155755333273868 0.232381637802489 0.116114035216485 0.206641771186885 0.206854532243655 0.123256194364612 0.0177811280410905 0.0813951678173965
0.0952100398896036 0.149443050523135 0.0728286197184739 0.215950373370221 0.0241966694878355 0.177541301900177 0.186290287412887 0.0785396576976675
0.169261599688749 0.190523599959305 0.136499768151446 0.0624998589004263 0.136175796057735 0.19145182224204 0.000262263901046777 0.113325291099252
0.190465089309683 0.189626896114375 0.100893081108012 0.061698105587987 0.106541968323497 0.0732880930212513 0.17234824831793 0.105138518217264
0.167260963835021 0.145238148644278 0.169174746246394 0.116556242155321 0.042141156106764 0.0222299287297372 0.150925881306879 0.186472932975606
0.195974642703841 0.0799930673216392 0.117947334915929 0.084941962163977 0.168861909327145 0.129450856489438 0.129920883847998 0.0929093432300321
0.122551469424931 0.153482467755022 0.128708866492875 0.0670976898718929 0.0649195057842605 0.190582883239872 0.205459619543413 0.0671974978877332
0.0507844825799268 0.218910047188979 0.00872498138343737 0.0495710317828493 0.144329777046435 0.211096707464917 0.16576920612144 0.150813766432016
0.099616387584684 0.17271676626189 0.0918353671193764 0.125800925076782 0.0879103229105428 0.19950247674161 0.145174767544338 0.0774429867607761
0.213352640254918 0.0601855946790274 0.0523233543206901 0.0230283906164549 0.101906340999793 0.17881055693769 0.103036983288774 0.267356138902653
0.163221287992941 0.138569092817063 0.179750681546245 0.10832545568288 0.137891994754944 0.170634903414522 0.0530382376994534 0.0485683460919513
0.132964989882963 0.0563670430068099 0.0642361271439574 0.150364580906935 0.141475415255124 0.263671776754019 0.0890640733254466 0.101855993724745
0.0561118682843941 0.132021899982506 0.15595846933382 0.187657837461134 0.0844887390769749 0.159929841012918 0.0207080162728058 0.203123328575447
0.11244997205605 0.112359837265397 0.193759046064512 0.0057558556446057 0.202593962135966 0.140170227526983 0.0399740635345934 0.192937035771893
0.222497031931617 0.115780633939485 0.155725757378062 0.213104543336087 0.0796967116003638 0.166979060513193 0.0438490759602878 0.00236718534090375
0.16414223543001 0.154936270884603 0.205004990566897 0.083308891026155 0.239020287918316 0.00789499305235515 0.0306619015760577 0.115030429545607
0.00609562813743177 0.0659082933560039 0.23757311068148 0.177566880291989 0.125147057155801 0.181956563956102 0.103774733583167 0.101977732838025
0.219813085359027 0.185414859054502 0.201008496839697 0.0542328925686135 0.0721513723992801 0.0358814819924539 0.0403355628092658 0.19116224897716
0.113979382130347 0.0966889842498598 0.291561473900993 0.184985119259155 0.0201036275297504 0.228642836145993 0.0214219970268993 0.0426165797570022
0.186292457173282 0.0933976657358618 0.131634217003382 0.128624733972224 0.187545206860515 0.169071518552549 0.0976979959480715 0.00573620475411497
0.0318675074658674 0.110553836152594 0.191190079031973 0.0927686840267991 0.130301226083306 0.0728404214131425 0.137205312755765 0.233272933070553
0.134324817040119 0.0748730483539181 0.0516509670485979 0.10972514180114 0.0911809316631494 0.056767570731671 0.249142227323468 0.232335296037936
0.115265132173915 0.109678436928107 0.0333629322125521 0.015974936716726 0.24691782861213 0.0885939784636765 0.235226739514996 0.154980015377897
0.126922331075501 0.0396640731558711 0.11220247759252 0.140406310212263 0.177262324900413 0.0662669920085336 0.149498593318106 0.187776897736793
0.0939937181068072 0.014751630416066 0.11380586850879 0.176177141881521 0.182444535325757 0.0928052940344584 0.161589360751156 0.164432450975445
0.0746806012782585 0.244994430726089 0.150165571522904 0.0471175838021322 0.145275000681633 0.109208949508075 0.122598523571199 0.105959338909709
0.195960692907897 0.0770989895224417 0.150776687453891 0.0456666801325449 0.0565183465152611 0.13500787741264 0.0422280120851712 0.296742713970152
0.0616279932320569 0.327377933901906 0.206131133075304 0.148859898016225 0.0800610555083236 0.0126326499373799 0.0982289699448272 0.065080366383978
0.171046270858695 0.102088605477332 0.161457849970472 0.141119515085514 0.151824823630538 0.0959928337802691 0.05492070314468 0.1215493980525
0.0592528371157486 0.129538360684971 0.158469032491234 0.13931490752115 0.100283961137688 0.0757380424006889 0.196660293821446 0.140742564827073
0.154536926750943 0.191647674268065 0.0509018759927608 0.141014762829145 0.0902783127603498 0.0336762091436149 0.188911674463468 0.149032563791654
0.109677852294547 0.155081931565589 0.0701202753031565 0.156129918093744 0.114685727182499 0.160132699374135 0.115635312862977 0.118536283323352
0.0839301968035379 0.11255389304539 0.181347155275622 0.252360995228127 0.118240851675794 0.0481205940087157 0.0623893402676072 0.141056973695206
0.117520021289739 0.172137677956304 0.196836313389475 0.0557996645900034 0.0114940443402345 0.0496157102292625 0.18945772530373 0.207138842901252
0.157956092886804 0.0712139430062264 0.154850850956866 0.180125053776827 0.0412838276915575 0.170002134852701 0.110893409674835 0.113674687154183
0.0617501859077981 0.211050174729182 0.0122800904963584 0.138658189617634 0.211168993536629 0.127455939710964 0.0373424115437263 0.200294014457708
0.132519926442043 0.216182759346607 0.0367193037928648 0.191241536720862 0.0637544867837933 0.0518621850234668 0.199631389134536 0.108088412755827
0.127619421713136 0.183745884794223 0.171559510769171 0.159470892993464 0.110842018983852 0.187404203610258 0.02076767189428 0.0385903952416168
0.212035780098004 0.10895803989238 0.00526172100522352 0.251469074423785 0.0115970107016137 0.204091802833695 0.0360821394860012 0.170504431559299
0.106794466131158 0.00381247136224479 0.00614513333615186 0.170313212512457 0.25591245090559 0.24744193402661 0.173847044022521 0.0357332877032673
0.179086718892411 0.05132235690546 0.112000868733266 0.132937954472328 0.128187187095623 0.172092977390574 0.189614109070218 0.0347578274401193
0.0628972544355549 0.128269155920354 0.183680315976563 0.155206000998063 0.0677510415596756 0.00673028844460236 0.206677834543851 0.188788108121336
0.152162446526881 0.143058738393278 0.179233194744318 0.143446446137168 0.144541087080303 0.0165405101945673 0.0589136378836131 0.162103939039872
0.142237669539493 0.0830706406820104 0.0248385528400266 0.0842504332013099 0.181612819696225 0.176454238032009 0.127794309791627 0.179741336217299
0.192408911882464 0.112032145358543 0.180788339950564 0.115804845483501 0.203413843751066 0.0872999996794373 0.0505175389412592 0.0577343749531659
0.196393415360007 0.212652925565817 0.127669464946562 0.205608038484629 0.110675509971482 0.0468191255252915 0.012663838084878 0.0875176820613329
0.153062540485389 0.168301244707117 0.0491388760380745 0.188390848949512 0.123776833920912 0.136592231778464 0.118525433552307 0.0622119905682246
0.109205790688451 0.184438065569813 0.0135315907720057 0.276602007603098 0.0774572681974477 0.181130326812808 0.0904761559247656 0.0671587944316109
0.10327231681114 0.155282603019398 0.0160897001585588 0.175339411669502 0.176297984002873 0.17092150462619 0.142881561098359 0.0599149186139781
0.12324531036398 0.145384612058184 0.0875690340279787 0.116416960130654 0.0875286230352789 0.107036688207352 0.187304817258794 0.145513954917778
0.0424637772894037 0.219645702317548 0.116066882301754 0.127653549155384 0.0404132191975765 0.0478954398946002 0.251052802771323 0.154808627072411
0.140320405495056 0.0354586665560576 0.0257134888927003 0.221865503308641 0.0974927837174592 0.0160236462021637 0.18416042500639 0.278965080821532
0.0845714408518932 0.147616385191345 0.109954126352386 0.127567512800266 0.155203767941692 0.193001510517437 0.044844464756534 0.137240791588445
0.334370331250245 0.0174564687889035 0.09987473439893 0.135132898113746 0.0720767506628907 0.117185733067142 0.0883940777798515 0.135509005938291
0.192825474093541 0.00653186539094998 0.0991878805104574 0.004106404595172 0.153769098099465 0.298118763740424 0.015868406477032 0.229592107092959
0.153207254473902 0.161548996419973 0.144077313110838 0.168375001137828 0.15693752297553 0.137116690153486 0.0761021488906221 0.00263507283782116
0.214931836914976 0.241915144102176 0.183908343939094 0.000605265065834117 0.0809814628610419 0.0698238331336927 0.148498785871261 0.0593353281119247
0.0709524835694392 0.167984069562372 0.177554944094054 0.0949591163652655 0.193213358725378 0.175109227578842 0.0488246057330258 0.0714021943716227
0.179823787343962 0.188301222381383 0.0853961048853215 0.193473543041644 4.36828651779627e-05 0.150139250551888 0.0121367781109716 0.190685630819652
0.160978081759992 0.0188753546744492 0.0153257470112591 0.0457805127336317 0.251618946564519 0.267916330251443 0.154432065948429 0.0850729610562779
0.112027867733521 0.196132389691459 0.064626251275258 0.0064310980415827 0.254322528968127 0.0262192662938957 0.193002006836752 0.147238591159404
0.149092750658105 0.241660561834958 0.0801369428073352 0.072173964575217 0.100353284429594 0.16091077104773 0.122775407156765 0.0728963174902959
0.0930753228428342 0.247605578832613 0.117107052567817 0.0613765141948213 0.0236874038077442 0.292596631824196 0.070422691692141 0.0941288042378332
0.168291261424412 0.215037655848816 0.0637899909763853 0.127305185715582 0.220895210478689 0.00220837515678914 0.166187364864227 0.0362849555350981
0.267743173912649 0.146803119372509 0.109755556802332 0.107249708426208 0.044316403664554 0.0758769526658122 0.104624504733286 0.14363058042265
0.245522746321594 0.0341563231151881 0.0369325661037375 0.107497263804649 0.138637596240181 0.181297182976562 0.129217703109174 0.126738618328915
0.108275949072729 0.0824383865817486 0.23671275263144 0.17156911558901 0.066908715182774 0.154367012323936 0.0568950231964159 0.122833045421947
0.167904655243983 0.0174506244055839 0.0783124466937249 0.159142060259284 0.153670059219444 0.154543040106626 0.158857479325442 0.110119634745913
0.0949738634222928 0.089164580734902 0.148507486016107 0.226129999194591 0.127301710149704 0.0295845712654614 0.139640419149211 0.144697370067732
0.138307563020054 0.0899749169666471 0.164297505738394 0.212019536428196 0.0570245099126825 0.182378899751573 0.115253342116538 0.0407437260659159
0.204622122994688 0.11523567254544 0.0780066354020851 0.179254736849767 0.0625264877825797 0.0716144966068093 0.153499097182963 0.135240750635669
0.194232964435474 0.232601736467546 0.19133360669786 0.0158786537897552 0.023920083160112 0.0397534363474596 0.160704614392446 0.141574904709347
0.0735508857778104 0.0540269994039583 0.210327802279235 0.21844730273994 0.260513468264384 0.00129221001177374 0.0443479056082416 0.137493425914657
0.15488800325849 0.333561990286124 0.0605328182408558 0.0133165747607369 0.0225565520109999 0.00421647402229127 0.124758237068629 0.286169350351873
0.189088082390969 0.0425184503840959 0.183831184111274 0.187476227433501 0.176003358210188 0.0153157766152482 0.14914425968787 0.0566226611668544
0.179674788610503 0.074577723031307 0.189401728938051 0.162628088068016 0.030936358612431 0.11854595344085 0.10600258620675 0.138232773092092
0.189093239343296 0.158936211745961 0.0526637895932454 0.0149237596562254 0.174971430462672 0.177541700704422 0.0633578682788182 0.16851200021536
0.0315543710022794 0.00892549749367478 0.27318615282615 0.241640501338006 0.00513080034665483 0.144561661040938 0.0550852915442121 0.239915724408085
0.00948690913206999 0.146245316561174 0.0631867281896503 0.00170541977715331 0.220219884336266 0.126038327698493 0.242372292505514 0.19074512179968
0.162895624995999 0.180286990187305 0.118869375892315 0.104973286860104 0.134253506205644 0.153198858101996 0.0475510907814785 0.0979712669751573
0.128942603135814 0.145768197433026 0.0744743274900052 0.165171753752803 0.150915262124861 0.10123867659131 0.167818731065475 0.0656704484067056
0.0814387768222194 0.0973726754864016 0.0959637505327389 0.132615133401167 0.129523402406364 0.0544082314202352 0.205425231453693 0.203252798477181
0.159038043386779 0.0646931353128954 0.178430065553422 0.171412272887084 0.122441748016525 0.0753128832617088 0.217331281536327 0.0113405700452595
0.0149111936842321 0.128145992896077 0.160368346007972 0.110790384594087 0.316183595814225 0.0267459991186886 0.0533699566955865 0.189484531189132
0.321581708594011 0.0266052583513168 0.0968417563283489 0.111379463652967 0.313893759741094 0.0666768602650201 0.0185649461582962 0.0444562469089466
0.0813155723604303 0.176596766422939 0.021660695283579 0.0959170345817453 0.0682603098280149 0.213848373900514 0.0925644923729277 0.24983675524985
0.16544971199998 0.150623596280634 0.0299166905979007 0.212953816685468 0.0681890671753711 0.0212221525820359 0.134427724694382 0.217217239984227
0.141535652447858 0.00294041349613887 0.194963120258798 0.13658658779634 0.18474645946245 0.114206182867614 0.0971261058183247 0.127895477852476
0.102213043840061 0.0561712549743684 0.19672898789808 0.131717508112968 0.0927029243239413 0.147009581949067 0.0980183054675577 0.175438393433956
0.0165998016612289 0.0340377682053368 0.0470439212579141 0.102224562491638 0.149305760373969 0.221825656717577 0.220112726324594 0.208849802967743
0.18954788000883 0.187799000396515 0.190314883217163 0.145420291575937 0.011467622536819 0.0858990935142536 0.0177318199184638 0.171819408832018
0.190946355307294 0.183548229919832 0.125868037162443 0.12430712512102 0.0805212217635401 0.133547227437203 0.109557684294641 0.0517041189940266
0.146726588502499 0.153976081744958 0.0881497383693811 0.148521123468619 0.123487239891393 0.151507721584036 0.0482859574483822 0.139345548990732
