0.120150258320508 0.189768037571365 0.00130536524230661 0.147098998557548 0.150302338892518 0.0158097831012158 0.375565218314538
0.0387081610211692 0.174270682677961 0.115981953957586 0.18921798632181 0.211483546199394 0.192302417200295 0.0780352526217845
0.134888624380638 0.052783119649989 0.221100316604179 0.152606521905254 0.0913687210419894 0.221173313058981 0.126079383358969
0.13930157068484 0.229447584951458 0.0539351674342392 0.125866338081743 0.214038532706195 0.126973013697278 0.110437792444247
0.168535917085638 0.240360199032909 0.0264245352592585 0.175398813253834 0.140598649660653 0.128835013369826 0.119846872337881
0.21530840467848 0.240702618595241 0.143105845069595 0.123900745684225 0.0250877428486091 0.210968739383296 0.0409259037405549
0.0347381283171963 0.0617528255410151 0.376676316258211 0.0405097293221907 0.267712624493419 0.0060830943555051 0.212527281712463
0.0440038382452912 0.155458183218014 0.229062411202102 0.0239056682826679 0.188071584381665 0.207768537833148 0.15172977683711
0.00750142170280362 0.213027977488347 0.268147019294617 0.0323897433049912 0.214065832186699 0.234880995623674 0.0299870103988687
0.218464705165201 0.104487302631327 0.254444049084699 0.259657255527538 0.0761502640485848 0.0590350199306918 0.0277614036119589
0.208602064741024 0.0800609746873255 0.0932238830645765 0.159090743243086 0.159425872348733 0.229251578320874 0.0703448835943813
0.274102298087414 0.0387976905967077 0.143064345087784 0.1198622707152 0.252338046853764 0.0297387028926784 0.142096645766452
0.190908022570874 0.154538249515981 0.0105616276700344 0.143535307080574 0.22728812328732 0.119547915762934 0.153620754112283
0.128056652272964 0.0758810087349412 0.108201960072992 0.0140617665048912 0.236584251496451 0.0859988906671086 0.351215470250652
0.165640285608673 0.233975853347596 0.190198403648427 0.0471721527858008 0.188372889666876 0.0953457375517695 0.0792946773908567
0.335451442562437 0.111999835058132 0.0746930447256903 0.000363565507863634 0.0609796702489389 0.02635988995278 0.390152551944158
0.0966020429379273 0.199731377912892 0.160651826715019 0.187759301599797 0.118021450196185 0.148674515179948 0.0885594854582315
0.228223176363508 0.173773851432917 0.0605268404064058 0.156953171776996 0.15824591079614 0.0753965282428864 0.146880520981147
0.0347904003011931 0.0457623904509738 0.0540137533698741 0.282596106303709 0.264516477070894 0.0165831983848052 0.301737674118551
0.133226962221806 0.132995423529068 0.125666095146479 0.180638298886778 0.196193375218188 0.124264692572813 0.107015152424867
0.225363204168389 0.171511092567725 0.087661063583057 0.0511278607124415 0.170202026138091 0.171762456372811 0.122372296457485
0.131931771822345 0.0719919556339468 0.132573515244855 0.140382309710146 0.192028355454888 0.208937170768783 0.122154921365036
0.0572943969411855 0.226027468838174 0.121366685485891 0.198886202100807 0.19962937967371 0.142827563922721 0.0539683030375123
0.0531263122614972 0.0789543476029064 0.0291742124673234 0.205897515041809 0.241438817648754 0.183009144002201 0.208399650975509
0.183510130961511 0.0360331486801143 0.00072924938063154 0.0274571656537564 0.297375032038814 0.302370482503572 0.1525247907816
0.174464650559496 0.237428864673891 0.0570465777652315 0.249317285251827 0.0647593370613899 0.00744142816315421 0.209541856525011
0.0936704549986639 0.223910326160479 0.302280508728276 0.0170934209157042 0.118503952259208 0.187685536196309 0.0568558007413596
0.0815795506081713 0.172537680971556 0.0717087850794587 0.193415403690422 0.12161583734082 0.209162936942212 0.14997980536736
0.242821977630912 0.22654106480082 0.162497026571252 0.0719399981129015 0.0446017976390267 0.0918906590751954 0.159707476169892
0.0297190097775433 0.191273198690819 0.0591197354916201 0.0607227108024621 0.27480060671544 0.199267013975849 0.185097724546267
0.0783948808514512 0.107372114284129 0.279634356262582 0.006781328854601 0.144085473106119 0.287142304541722 0.0965895420993967
0.14019059614565 0.20374499597048 0.209482510047204 0.0978786951052636 0.125554205442288 0.00576432440057956 0.217384672888534
0.247949433888915 0.262860960662051 0.0519170010520673 0.0386515800288438 0.199161189840606 0.196093125879828 0.00336670864768962
0.277057316364349 0.0979482583485959 0.234682879662335 0.214222920246458 0.151784229337484 0.0235659185737568 0.000738477467022758
0.191246621271593 0.0073238050425558 0.246974181006963 0.126749617564107 0.143176604160666 0.11444387304078 0.170085297913336
0.167466601413629 0.168664723140395 0.165184948303889 0.0108360587453537 0.198596689234834 0.0635672710857347 0.225683708076165
0.159117314587356 0.163459652939808 0.00113247897657154 0.102445088292062 0.20196386240469 0.160925908864658 0.210955693934855
0.0022246569283489 0.0396700362642211 0.218966369017407 0.432288255843746 0.137382461310377 0.0824499667275138 0.0870182539083854
0.270362229274664 0.178932550986996 0.167771718385464 0.273785222810428 0.0291981928088158 0.0336841167982735 0.0462659689353589
0.241851457425609 0.188217998345028 0.0932152852455543 0.0142262740274696 0.0113492282300625 0.186951709900052 0.264188046826224
0.210537092036707 0.119078671228431 0.0197136139369014 0.0486515819775583 0.208114385017824 0.320494348233796 0.0734103075687833
0.0394923110866195 0.155361631020289 0.212892468788419 0.0786588500626434 0.266234024165029 0.147711791607645 0.0996489232693556
0.00924111498313133 0.0295505236648734 0.142442894972676 0.196004218740457 0.281946341588013 0.0181964431959704 0.32261846285488
0.211536877929206 0.141042229902657 0.148969235319678 0.0723393098454184 0.181699679000515 0.0948682108068835 0.149544457195642
0.0651478679493501 0.0365632485361694 0.304354697993896 0.247065632991395 0.286053228448491 0.0259655622649257 0.0348497618157735
0.0186466535870938 0.189595200080312 0.00292462203402909 0.153381841036115 0.264485854671984 0.166912348827855 0.204053479762612
0.21060721975889 0.175017648504413 0.225098110331757 0.0661615846301359 0.0339271681431107 0.0879828415379225 0.201205427093771
0.199004335616502 0.0781589940307431 0.121158190409241 0.205945438211445 0.0645005016564677 0.130981246713991 0.20025129336161
0.10863004066977 0.154329867715676 0.16236365215667 0.217922003368256 0.0627000397004712 0.147430437058322 0.146623959330834
0.0443776369298629 0.212891262208552 0.257085925310672 0.260891833129577 0.0318625033821168 0.0557518200602549 0.137139018978964
0.21742810876954 0.137878282722308 0.163763448962759 0.17160772391746 0.174316029132664 0.0989425879808241 0.036063818514444
0.198773220083196 0.0471581770993696 0.275070361630766 0.189618675336486 0.0620411700265043 0.0386115943323977 0.18872680149128
0.0650162777969521 0.110870205086126 0.185686305440432 0.207030617191162 0.218892910555335 0.146672543251087 0.0658311406789058
0.21446611207511 0.0637013019136823 0.0852540866440035 0.257801228856591 0.242299888656578 0.129630914696364 0.00684646715767095
0.235397346853742 0.163296487561033 0.089312105467238 0.141261756378492 0.0664139308363362 0.0522079703983264 0.252110402504833
0.0541551005475594 0.171228020662404 0.0599385210986932 0.0578879956905287 0.17970637629255 0.23651020182952 0.240573783878744
0.215086980027281 0.200968318051559 0.032392102599083 0.18758520588984 0.162054159082609 0.0483981650688753 0.153515069280752
0.0937001121535573 0.0929871699043971 0.141527214234197 0.047602327624881 0.239575694261722 0.132161586384186 0.25244589543706
0.194026891361868 0.208422283914029 0.162953205501735 0.0543079452991914 0.139852138129852 0.199749987606742 0.0406875481865839
0.0638223746821946 0.21587700503919 0.167926365364987 0.0852093693528593 0.116263184380501 0.171427534840254 0.179474166340014
0.0503975750578171 0.0668422572471791 0.225909152480621 0.256750462551993 0.265329767941199 0.0312881764305555 0.103482608290636
0.225493279345552 0.277110940273172 0.187911375062198 0.0919476679098742 0.0473679093590567 0.0803942369808417 0.0897745910693054
0.172091147973566 0.217001981868082 0.176599790533746 0.111690096603366 0.0297643294668296 0.185277480162165 0.107575173392245
0.14092462709078 0.126186824295943 0.0486901890679296 0.218771705852657 0.10435601449411 0.246526867884389 0.114543771314191
0.238216286892339 0.0930148101292626 0.131860736718421 0.206876826948329 0.0732665907602066 0.0949820059542627 0.161782742597179
0.156060330777692 0.162200368270928 0.133611791010093 0.175211424976201 0.175131532842057 0.082973236700384 0.114811315422645
0.183414671010137 0.0977322189217771 0.0859649325434796 0.204748196706223 0.143451092286445 0.135517344354089 0.149171544177849
0.169232622738554 0.149477612464972 0.0364233106776221 0.158177556099389 0.197764428484032 0.0804531319802146 0.208471337555217
0.149166247558632 0.132391114362233 0.220324390671051 0.00672634880444147 0.190771769661036 0.0482529135660398 0.252367215376567
0.223585832270752 0.202696410498275 0.00702214778995402 0.0851842430442836 0.137605720799067 0.288208587387934 0.0556970582097355
0.0387804819798191 0.165691518745718 0.109694318344454 0.154038689734478 0.226837346831043 0.14725242401154 0.157705220352948
0.0228911371186028 0.0699095705892277 0.258699067837746 0.294233413511855 0.00845329612217773 0.305622458792099 0.0401910560282928
0.0874450462043866 0.206810396722704 0.241998110386413 0.0613379873699775 0.0118578448246649 0.148686613561803 0.241864000930051
0.155460105016865 0.25700486964212 0.153828896653796 0.266125564472679 0.0524251369243998 0.00954779990662297 0.105607627383517
0.0806529184222319 0.150399123090519 0.263120421389748 0.077063132170688 0.108099205294168 0.154656257222064 0.166008942410582
0.0186645628627401 0.181958476929145 0.142189778601782 0.100200939705688 0.245405857922314 0.227466630742653 0.0841137532356773
0.0855269932313381 0.220602012186081 0.066412577528234 0.100665405302265 0.132861249685782 0.209582794667065 0.184348967399235
0.158867738671262 0.142381458949103 0.065099308272284 0.235478407940381 0.143595124216669 0.0954403627718911 0.15913759917841
0.0636478046310966 0.0767759806883136 0.14757496497411 0.193976978980554 0.209590409989227 0.10369058167122 0.204743279065479
0.0313517692966922 0.11435029631755 0.162446150339742 0.207619496131914 0.00574810420903717 0.208574801441988 0.269909382263076
0.0308656372642327 0.0657906486344862 0.3103339186154 0.151618064824855 0.142375988509095 0.1249912294249 0.17402451272703
0.102176268284725 0.262212302944227 0.0763606949211363 0.104933110579107 0.15361748924773 0.111706416948423 0.188993717074652
0.14334393850579 0.161720724314739 0.121412060812217 0.34216256723017 0.15787183477831 0.00226201141910429 0.0712268629396705
0.122856690750388 0.140085570197914 0.152377091778592 0.149646491985638 0.132090600868923 0.169543310832723 0.133400243585823
0.178631178634182 0.108356819268868 0.119267037917292 0.225327100267482 0.0791284688312429 0.218570283961024 0.070719111119908
0.23815682615215 0.0173033502854507 0.206456647474516 0.22533609990568 0.0693665143023508 0.107501399729768 0.135879162150084
0.171429649679074 0.127878659658264 0.208859878685721 0.187502657954755 0.000674278858555597 0.159829320879756 0.143825554283875
0.088182509261314 0.0943475704732324 0.266122768135372 0.0211219415495433 0.26894062692647 0.217748692324068 0.0435358913300001
0.21110745567666 0.19066844754848 0.17639112796463 0.0344634279899828 0.0783973182597175 0.211797615528561 0.0971746070319695
0.179853364198916 0.061817038093877 0.203601045083246 0.200737543280475 0.179675297608869 0.0255389944509074 0.148776717283711
0.119782302318459 0.168483919683461 0.203891606721586 0.0447584361004558 0.221070370072138 0.0413044429581101 0.20070892214579
0.0658271274502439 0.125218784153088 0.213304562457935 0.233745010794801 0.177471295571907 0.140006596033961 0.0444266235380644
0.0991862668254078 0.108453059460783 0.154222940757188 0.168318488729711 0.184128239556221 0.208766398366563 0.0769246063041258
0.0352154207747405 0.278463309852729 0.0757825527177607 0.131184114099305 0.173576733821952 0.247109508049178 0.0586683606843356
0.0110371334107615 0.160471737981875 0.102817841700902 0.159591434459888 0.180092382692856 0.223838024929592 0.162151444824125
0.148703970747812 0.183834253721041 0.213893026245923 0.0615060921196344 0.21065501338566 0.115790988201343 0.0656166555785868
0.245049443590255 0.193743696231651 0.0250145274489964 0.273973836935306 0.100412561599115 0.0728986221525616 0.0889073120421157
0.13811307141699 0.203044716625906 0.24371236680359 0.0395220570744518 0.0262841956329118 0.0399172717322347 0.309406320713916
0.0622790963903536 0.151552362395832 0.162839945655813 0.0199645385702214 0.218042766500407 0.0759994174932255 0.309321872994147
0.104997284387256 0.149751753032759 0.206647109036129 0.0995018025897688 0.138952367346951 0.131824387413467 0.168325296193669
0.186882094601973 0.143647212664208 0.0582662353586123 0.265780462400794 0.124467314830323 0.152093527000306 0.068863153143784
0.228078192892778 0.101204623017022 0.073234999824549 0.0781677341224233 0.0895799627376478 0.191028313092139 0.238706174313441
0.174691472366196 0.216632437379265 0.0707814522446973 0.221790668823322 0.114746021830587 0.115437668711484 0.085920278644447
0.235829477489206 0.147339353938279 0.105338341062613 0.0564730776776111 0.153870212890218 0.218947370543479 0.082202166398593
0.15232659784291 0.110887449280641 0.124172901730334 0.145098052374908 0.127225192811052 0.15482611725594 0.185463688704215
0.182602937817772 0.0790911065414328 0.0870273265021191 0.168362594916273 0.190875742417837 0.190832321854814 0.101207969949752
0.0618222878594432 0.142600907722596 0.232327972837461 0.0518983506552134 0.159823416238307 0.124833711990049 0.22669335269693
0.290551569192186 0.197649139132664 0.100480830225042 0.269348534592531 0.0399718116267721 0.0411238090254965 0.0608743062053089
0.287268485383537 0.00637780556967524 0.166924547698039 0.0444087176339508 0.197298926994229 0.107395726546655 0.190325790173914
0.153594013628071 0.0737972864349827 0.125301439637624 0.163747187805927 0.0077387695605421 0.238339279038908 0.237482023893945
0.0988204765554483 0.206163855188813 0.209129609645194 0.133402432825865 0.0655046900221489 0.246142496856225 0.0408364389063055
0.0238069740706382 0.110021346002901 0.148108192009568 0.0356328159661752 0.26050091768848 0.149533048127645 0.272396706134592
0.186914557473294 0.135835404670987 0.17046568207972 0.176532269566682 0.0331779277050518 0.132350125204991 0.164724033299273
0.15966247165564 0.312705545984791 0.142506859940285 0.076163933126033 0.0960321803896153 0.180572797476047 0.032356211427589
0.115976613057259 0.250419864616302 0.000683277295499858 0.197996001902162 0.0201078588336033 0.177919931847756 0.236896452447418
0.095077254922818 0.264277817987207 0.228202779113382 0.0729633334564144 0.0571179173680882 0.262468819610276 0.0198920775418149
0.144559317924641 0.0928624401721475 0.058072243347798 0.217557787617759 0.135619067539133 0.159742310138331 0.191586833260191
0.128889966590213 0.270071299274564 0.0399515361533214 0.035222194886108 0.132952725999843 0.268612228572706 0.124300048523245
0.064807409299041 0.021025531408885 0.0723269062894229 0.277882814930618 0.01444384886 0.282538699855602 0.266974789356432
0.252874096536723 0.294841287054778 0.191211502530682 0.0040530063211741 0.238404424407991 0.00327126918657129 0.0153444139620796
0.16163501639994 0.149827216948449 0.171486403496735 0.131718580924268 0.241825577452182 0.0180140683376783 0.125493136440748
0.116534317456586 0.146413022810883 0.179554399057649 0.128518578081707 0.190730163330409 0.0740754491465759 0.164174070116191
0.210145447024733 0.213649572340419 0.107009143435448 0.206146680737586 0.0901457063305833 0.0654580627669557 0.107445387364275
0.151362009756954 0.122673996881511 0.153648794289934 0.198406292166693 0.198646097185037 0.0184575676731159 0.156805242046755
0.0770930669934957 0.00655901825049559 0.152502506604313 0.132188455667924 0.260611530824658 0.242533032997036 0.128512388662077
0.107502432642669 0.098836310959133 0.155863375021767 0.0648630969127505 0.231178668045203 0.2358385475055 0.105917568912978
0.177713439031394 0.181483479661554 0.201739556785423 0.161974749165604 0.0309819960108198 0.0881479150188508 0.157958864326354
0.0244453792182031 0.0603413119015707 0.0145024945583747 0.139843235276647 0.286824527097058 0.205532120343706 0.268510931604441
0.00645587683244912 0.235002314333085 0.155018406598199 0.257517804254072 0.0833050960634969 0.215900727690628 0.046799774228069
0.12767393661603 0.126382025680789 0.130054083504068 0.185113773319301 0.184775519145935 0.218339202369799 0.0276614593640785
0.284554782406484 0.0331769574617596 0.25563228008875 0.100638564127534 0.211898627696855 0.0308352160638769 0.0832635721547399
0.0217929485627614 0.232384474581028 0.0350583829433462 0.0508259882401385 0.190790636302748 0.198274856469139 0.270872712900839
0.0461500560043898 0.258587223842754 0.0399489249149845 0.236587573209548 0.116147976092367 0.189968806991965 0.112609438943991
0.157830078985317 0.191668685034252 0.0433906580212635 0.0663677052245047 0.017535200547788 0.179309643510918 0.343898028675957
0.130950701132315 0.212868779306937 0.0930214448494854 0.085788808302296 0.272405040371333 0.192801825363645 0.0121634006739885
0.11809206079364 0.038060281751958 0.0530281347584869 0.245661976775047 0.27314983685492 0.142536345227634 0.129471363838313
0.327743806521323 0.310735446793358 0.110986257686846 0.0653176404442082 0.0440432914765687 0.067949095091574 0.0732244619861219
0.0494476035462534 0.0237195199460567 0.170724942089087 0.255870175332789 0.149294942229088 0.240518861893116 0.110423954963609
0.161146403554918 0.187445231698621 0.195682259216442 0.0786735719808796 0.139196646443363 0.0505499593286789 0.187305927777098
0.209968745671416 0.0256501174830628 0.0605298181094373 0.061038311818596 0.302895040009601 0.0997013574521146 0.240216609455773
0.109523672713717 0.240874282745855 0.125094464653149 0.0691424514912392 0.297882519043364 0.1560622796018 0.00142032975087458
0.159987714665994 0.280649436687468 0.141101944617178 0.0900380134610883 0.0180020131016763 0.0887657235117873 0.221455153954808
0.169125422262105 0.108587421510051 0.151827676488985 0.252341622143755 0.125491026001727 0.146077592664545 0.0465492389288316
0.271611701951703 0.0727102513343833 0.0122449674577643 0.171146057568465 0.22403742364174 0.0454119466935763 0.202837651352368
0.00181990907709144 0.019606747490976 0.292422886126778 0.17712429519219 0.164062853261461 0.29228793988467 0.0526753689668342
0.113302504888315 0.0645993412452138 0.121217730366569 0.12303135525861 0.251746184643802 0.296382480759368 0.0297204028381218
0.208666370810027 0.144438035055208 0.204384661932048 0.0265802867381809 0.200613797108597 0.0461076604829516 0.169209187872987
0.119692740615124 0.262528575565136 0.218438553070016 0.169991879790366 0.0522477839201196 0.162991222306068 0.0141092447331699
0.374697882366209 0.132732095074847 0.145260175927558 0.00509330217252965 0.199288061240082 0.115917469540277 0.0270110136784971
0.259228144489459 0.0113645679741937 0.111491075153836 0.124219054611887 0.0835526547490054 0.196694831468283 0.213449671553336
0.149475705796504 0.110288919567378 0.200062814167418 0.145332347896644 0.00223060930946909 0.237646790880769 0.154962812381818
0.192713927690239 0.210818973106011 0.110218154020596 0.253270688905881 0.0270826066232938 0.0244712914588071 0.181424358195172
0.00427759110756778 0.040407567717452 0.205237713313294 0.125742050041074 0.227278609504363 0.140354334794874 0.256702133521376
0.142554053233652 0.0230226734222412 0.244097097093722 0.0289022034338153 0.0587179736208596 0.308237895572312 0.194468103623398
0.00824298729050783 0.18768606665627 0.172742338705496 0.147925466986518 0.224061344180286 0.13386026264897 0.125481533531951
0.0219577072106775 0.0958109395568463 0.0934921185192336 0.22090455670327 0.285811298012208 0.148292822647831 0.133730557349933
0.116687215800068 0.137794471407163 0.106954153648024 0.148057489295306 0.226361181171646 0.0449939800015026 0.21915150867629
0.227483913586599 0.270967394127652 0.0177162268867931 0.246337798926251 0.034698967247375 0.034287409057073 0.168508290168257
0.12721920304956 0.183192715383283 0.12721327389255 0.128801802411926 0.101707410581588 0.183725555786682 0.14814003889441
0.0923299585403272 0.202678454558108 0.177779840242445 0.0140657519738097 0.131715305547915 0.185803094470588 0.195627594666808
0.146579437851683 0.156937394508822 0.0077100858492238 0.115463078881621 0.198602850827929 0.159617665962867 0.215089486117856
0.200777507911487 0.141459882923891 0.0287984821932821 0.160660236305205 0.227007764530123 0.23548467801387 0.00581144812214221
0.291198744510178 0.0156278923852102 0.0235071121322028 0.0396457006538768 0.303369135889216 0.243264370683207 0.0833870437461088
0.104621270383448 0.0493094543351414 0.192910199861046 0.0637523859676508 0.205614527776105 0.143513946682111 0.240278214994498
0.213882467110366 0.0881053541981389 0.0645317416496964 0.0157314833624636 0.17382074057249 0.236757180218878 0.207171032887967
0.264030220040687 0.0503598951209463 0.113629617353597 0.223529392611705 0.20383368737589 0.00688478215429088 0.137732405342885
0.111535083859836 0.123825549616647 0.0522630807052834 0.129388774231173 0.00871520756572321 0.490163756809578 0.0841085472117601
0.259484079722681 0.143408682880915 0.253056788034189 0.0279307222213922 0.0426692076214304 0.0739891602458227 0.199461359273569
0.137557111031549 0.155523589435336 0.178698126297693 0.0366027519621019 0.131266334322764 0.164926388126534 0.195425698824023
0.0717863529436074 0.261201313231529 0.173415627850302 0.0932926434012253 0.317319882273018 0.0314871313876209 0.0514970489126968
0.226014620964592 0.126139679422892 0.153012934665952 0.247464302284501 0.157330037296576 0.0698268724112277 0.02021155295426
0.162213757189148 0.280215152633396 0.156575305512546 0.220739121842724 0.0139537595623066 0.0819387819685541 0.0843641212913255
0.180312075789062 0.0699045241243434 0.176510263504695 0.00898455621290697 0.167638151155441 0.153091351205951 0.2435590780076
0.0569348913690302 0.111597014445767 0.239234126660279 0.0317458567008691 0.290385427153796 0.181400969432427 0.0887017142378324
0.201719061635673 0.155610360192873 0.140110859562366 0.129456328893011 0.0725214267104991 0.195394928860355 0.105187034145223
0.114138442600928 0.142728977645974 0.1706200664917 0.102597298275769 0.22224231364383 0.143714979454451 0.10395792188735
0.00574870749917759 0.135691383755617 0.164263255905868 0.265719707700072 0.0226502056547083 0.154800045050864 0.251126694433693
0.181784884229082 0.171775455738742 0.158193331134436 0.223476100604842 0.0328812794143013 0.210940507753133 0.0209484411254646
0.15597439009501 0.0989542428381923 0.226637146519967 0.236535021608903 0.089916423790983 0.0226238532301573 0.169358921916787
0.208462709063737 0.0786097669058543 0.233757115302412 0.1799825388669 0.0742630548574792 0.0575619133936279 0.167362901609991
0.0197303989345703 0.0693260009784099 0.0165351319943959 0.13927842370954 0.24626785181787 0.255592635939889 0.253269556625325
0.0805940626671816 0.162024764700232 0.0992959607383375 0.0705724253418181 0.12170787198235 0.202772726739598 0.263032187830483
0.264557038083854 0.237772028513134 0.230092399794715 0.0942023177081777 0.0169657949363786 0.147020903563362 0.00938951740037961
0.314856458590951 0.224957643483051 0.172903137254735 0.102561707653044 0.0371022541434405 0.0690170044357724 0.0786017944390059
0.22145669402659 0.169403703360928 0.0671504260079252 0.0499110896761018 0.228568097017563 0.180563358072802 0.0829466318380905
0.154313497308301 0.155219074859643 0.0282756015059482 0.410689894984192 0.0491821882203856 0.133765801238244 0.0685539418832863
0.0606015621925353 0.254738367162945 0.0646375435179615 0.054784660555334 0.152209300947184 0.307484872697172 0.105543692926869
0.213200868300985 0.137562902787366 0.243823356206948 0.194767304600502 0.0330585555240349 0.142468976166266 0.0351180364138983
0.144110063791616 0.0978158567123403 0.243929327913517 0.196478588775189 0.0840005970364907 0.0126906842764671 0.220974881494381
0.00643795648564388 0.0901699036204292 0.143123357729766 0.246453377522454 0.231480750469478 0.0182055878269404 0.264129066345289
0.155172335707824 0.299573976634642 0.0295314776809552 0.0493437548545021 0.217774095234021 0.0982196823272467 0.150384677560809
0.134513696500342 0.0887231160725042 0.250301076356535 0.0918430258029682 0.207501777463336 0.131264105997183 0.0958532018071315
0.0246532436190052 0.290372381710293 0.0182098849385391 0.272939558022087 0.046768398627341 0.276214411686564 0.0708421213961706
0.203770668486525 0.094869540039116 0.103223043274516 0.18980352640055 0.203573095393968 0.0351746346121845 0.169585491793141
0.00483569254487213 0.142650905544021 0.165949002239332 0.16318508185577 0.159427152114218 0.21532729235879 0.148624873342996
0.31766922657624 0.0126944309102645 0.0110713386868282 0.0423793432437866 0.14167096631301 0.37393537171621 0.100579322553661
0.108683760979776 0.173691926902407 0.0725316048997457 0.127243740431415 0.269167837932992 0.148879643747729 0.0998014851059363
0.204501152205332 0.169515707258481 0.305001452874063 0.163182031667114 0.100703763750817 0.0295468910405237 0.0275490012036694
0.102264135054822 0.032716100505576 0.126939079303942 0.316532631331816 0.176703616477165 0.112394651564177 0.132449785762502
0.239942171982991 0.123519282570596 0.237600000137304 0.0531366123462799 0.222784608557385 0.107145027428327 0.0158722969771175
0.147841451742664 0.0901857663317833 0.185919997251064 0.119811676997837 0.113877122534468 0.201224225766089 0.141139759376095
0.238653502962102 0.19619925244397 0.135272687008885 0.0817725399240955 0.248863109770513 0.0611048540042556 0.0381340538861795
0.0242033879141284 0.268654972879304 0.222787137604381 0.173591808305158 0.111066849260537 0.0493919141841415 0.15030392985235
0.0430254413360274 0.2298934362817 0.186046226850287 0.239793874567675 0.197285242950642 0.0770417696115027 0.0269140084021662
0.170106953017848 0.0183097397206132 0.155497343195218 0.275130007322061 0.018311601618096 0.288454730453072 0.0741896246730916
0.165685528826679 0.202434662035723 0.22616820435988 0.0102979828376003 0.24249369373507 0.0850136311995381 0.0679062970055093
0.155809447835653 0.0455701631310492 0.149779777268621 0.155332753560197 0.185720386943832 0.230210134507022 0.0775773367536264
0.00942626023225601 0.0775632361136208 0.286115319930446 0.287440837643435 0.154508633986905 0.00245777659425613 0.182487935499081
0.136701418806448 0.205568047023717 0.078363124886577 0.0239960078668302 0.208628642412356 0.158353790496529 0.188388968507543
0.151998562692683 0.0583257226381643 0.242309399652193 0.20965592864965 0.198451511127646 0.0738835477047004 0.0653753275349622
0.156993944957936 0.111291379073881 0.0629800155257019 0.22018120200979 0.0922891159091521 0.179010034763953 0.177254307759586
0.0886754851976553 0.162521933724456 0.174832269656957 0.209975801309323 0.142776875157736 0.220842695690506 0.000374939263366076
0.019375558362383 0.20033919018436 0.137071218159689 0.0183107107297853 0.210481508698015 0.21581380857977 0.198608005285997
0.0910616451597401 0.00964972076374315 0.266587720003951 0.264906537595947 0.144891681723809 0.0915690647346171 0.131333630018192
0.167520196768605 0.120594175317518 0.0684361696252944 0.187684948952958 0.147906554227986 0.161789122127461 0.146068832980178
0.0331428612313082 0.266160170965891 0.258134906242792 0.0975438153801659 0.101600116884347 0.151218348294681 0.0921997810008155
0.246245378135571 0.00365984634024361 0.126467034725549 0.00529860307469091 0.157907916024702 0.250159430629375 0.210261791069869
0.140147842529593 0.135027575433735 0.00674843545162968 0.146669620825761 0.145617558995905 0.26452642270381 0.161262544059566
0.181157587902248 0.00154270848988426 0.144623140329464 0.185757904605179 0.123596671866492 0.114059531220567 0.249262455586166
0.211969260569527 0.131524707059354 0.0719866581440161 0.00481884526799479 0.26460603729452 0.174930404749023 0.140164086915565
0.182867128630486 0.103600061280997 0.206177586167589 0.133391527925621 0.118674554033937 0.21199261024512 0.0432965317162494
0.178867463493853 0.0103111941347951 0.224804820299673 0.187463294600895 0.0665784944912572 0.148666443590387 0.183308289389139
0.267624824464218 0.16697112586735 0.079337978816852 0.133522234038874 0.0551652120937349 0.288923830927537 0.00845479379143381
0.0999784305147899 0.0614270820264372 0.0876682231186777 0.0892668485931897 0.171394261196272 0.262167469838954 0.22809768471168
0.0282848650128283 0.20214338405897 0.211462060921009 0.0994287178748639 0.137203828538133 0.120782152291268 0.200694991302928
0.167592620752499 0.207849102644703 0.0160092840615681 0.0262144204887033 0.245496584921226 0.218292284302356 0.118545702828945
0.0938534327194663 0.254525405238168 0.250276533586459 0.10621033690172 0.198596715626339 0.0937188314213371 0.00281874450651079
0.246495760895619 0.00348599695163911 0.0796787072249908 0.312921906523331 0.0778894314953167 0.0693025839338404 0.210225612975263
0.117393549826199 0.126276526869933 0.273553850826719 0.0605203761644034 0.118469809110326 0.145173053316014 0.158612833886406
0.200005119336893 0.198800967845377 0.151537965544394 0.022180735116485 0.206662853744842 0.0692091610284812 0.151603197383528
0.0324110538966258 0.249553228549583 0.0873569394414143 0.218045882153649 0.0766239174787856 0.184415208866453 0.151593769613489
0.334129869967656 0.0976044132005099 0.165315694388172 0.0103684770711204 0.0138649303201844 0.0765373753491537 0.302179239703203
0.040124164943245 0.25491605065993 0.0486908784783621 0.17838305000881 0.133167119539757 0.130641951116728 0.214076785253169
0.130064689994389 0.113651283371479 0.180446396179893 0.0742915348885993 0.0775126834647737 0.225780742977002 0.198252669123863
0.00252073724886621 0.232396483316527 0.174912703360949 0.150959742021829 0.14304473150628 0.12839530779955 0.167770294745999
0.216191520439102 0.218719197923267 0.219506801367274 0.0121586925331257 0.122400172885383 0.0431330039366284 0.16789061091522
0.00722970288694875 0.315994137944558 0.0916655244798043 0.200221828222911 0.235132455774593 0.0802573578176801 0.0694989928735054
0.175843533754139 0.077453484936039 0.165222788130922 0.122504849902944 0.128808355966839 0.176543027007917 0.1536239603012
0.0204473788426609 0.202973512792478 0.257449425809153 0.255911328089466 0.1014087000958 0.0143334774213861 0.147476176949055
0.160743866945505 0.239609657940062 0.172896362046907 0.168287524020978 0.022896186845847 0.198404390023233 0.0371620121774682
0.179785792659319 0.145988878541611 0.151616456448698 0.119760752088252 0.162614313304962 0.0992960962756858 0.140937710681472
0.00602596263036594 0.000921655153854922 0.284786750960347 0.0128277361652637 0.236870882269159 0.173639279140221 0.284927733680788
0.239013118880955 0.181480410389304 0.0575877396758969 0.110943869914632 0.106042299080674 0.253569528496574 0.0513630335619645
0.00367624047173695 0.313097670085085 0.0344135965768611 0.181117204943333 0.107118263510048 0.0136344421278902 0.346942582285047
0.220731931796044 0.00700385932294464 0.0169965526491936 0.262617802232361 0.221712683905162 0.033885018635525 0.237052151458769
0.137854234196084 0.186351263710536 0.209657506319594 0.0243325317089884 0.101978863120783 0.239111424273965 0.10071417667005
0.103188038350269 0.219032779734156 0.0153048887826583 0.172436459112089 0.213872921362536 0.0795730027244125 0.19659190993388
0.241520403620843 0.190533153559335 0.091509881498527 0.0225749359553697 0.157147471489173 0.280021077227759 0.0166930766489938
0.228938914133711 0.0894122857782226 0.0907597109338958 0.168853008665229 0.111100493033927 0.130380494335174 0.18055509311984
0.127192081555944 0.243482693703726 0.0849942662911108 0.136275594155998 0.183650706148659 0.197357191438586 0.0270474667059754
0.277403496717389 0.0556581948896566 0.188346387460196 0.11786598017455 0.117801401661925 0.121959372612098 0.120965166484185
0.0682723966177794 0.160082520552904 0.0934133618398289 0.17100432605167 0.117661977898285 0.273958594412645 0.115606822626887
0.28579387693505 0.0721233966371801 0.0200458684821931 0.242733350685275 0.0127195643827265 0.105865040788282 0.260718902089294
0.169084773124849 0.225879733425606 0.191209920842978 0.120204186489369 0.105196436983118 0.110178856756489 0.0782460923775911
0.142614164209406 0.121252968640506 0.196698758345487 0.133188444910786 0.115613431946139 0.210317354731668 0.0803148772160091
0.0895650409664879 0.225830836569425 0.0293302235661904 0.0745547129588651 0.307354087072595 0.0928257788805558 0.180539319985881
0.090877383438384 0.172294655405804 0.172510975164331 0.145855524106565 0.143081793503045 0.124971063259822 0.150408605122048
0.0634097556022373 0.0870428355951157 0.110230359907001 0.161489423839651 0.18973174562956 0.0940289468260945 0.29406693260034
0.111235497620756 0.13853809620853 0.142130815306138 0.0840074727610348 0.166617030204877 0.162741574632727 0.194729513265938
0.219143215150919 0.0942828173079105 0.156116122008482 0.0701757912074902 0.0555264293424449 0.17635555826433 0.228400066718423
0.00609997810642677 0.222907594527338 0.184097368721201 0.221029653681869 0.00530552616743058 0.0910435201013086 0.269516358694426
0.216012308465365 0.0137809676405511 0.00364854504776432 0.230253642006094 0.195635994575989 0.099714216774973 0.240954325489264
0.172368851311994 0.0199211565078025 0.131117196308161 0.128220212365567 0.252183719971255 0.235873971392642 0.0603148921425778
0.137803555194974 0.162101087041264 0.21941787602891 0.0482502703641809 0.0740495939784309 0.247919866813313 0.110457750578926
0.129327339054287 0.125825200252307 0.139626863888107 0.261763771937632 0.0732670608403599 0.199839217053417 0.07035054697389
0.0842025834581462 0.24640631215665 0.230987035035605 0.0352082412951891 0.232348147235488 0.01888993645876 0.151957744360162
0.192846421194114 0.272055967029725 0.0241120242783855 0.120884540487556 0.160130144645214 0.156367144101117 0.073603758263889
0.102264537595647 0.239678424289093 0.0666073229268679 0.262022207099592 0.148167183166457 0.0534314168747077 0.127828908047637
0.0455767907120802 0.196325285864667 0.0636366573302823 0.153613174691912 0.171606774296252 0.224698066047236 0.14454325105757
0.0841683303770952 0.270549342208294 0.155875533380419 0.266260280534257 0.0280583135188198 0.178072337518715 0.0170158624623992
0.146324584508956 0.0810132383923098 0.266766651161307 0.132751612345034 0.0725131330476664 0.265966647765281 0.034664132779446
0.0972061197029085 0.0841139730581918 0.155503983439667 0.115400542887045 0.240808279018754 0.233750252819615 0.0732168490738175
0.0947159786203235 0.160649294945196 0.123086859907822 0.117883955789352 0.17625890454208 0.161170493309157 0.16623451288607
0.0824497471927222 0.284776440911328 0.274283819037128 0.0976186570614359 0.0932299026453267 0.0995813141645531 0.0680601189875058
0.19349024367303 0.185756103454721 0.213424216693276 0.0978290046685818 0.234213088891704 0.055334338304006 0.0199530043146813
0.195693495505249 0.0929315274964267 0.2937101554867 0.061125984383339 0.0720446174454108 0.226337937140491 0.0581562825423842
0.0463902912042457 0.164950097173999 0.10648995691105 0.171679061851268 0.174051892208993 0.178956661783696 0.157482038866748
0.0297110377903822 0.159171543393073 0.22485825391838 0.16008771710102 0.288765988070851 0.0684501053592425 0.0689553543670507
0.0155207465494725 0.193439761102247 0.261341111683265 0.170378531424557 0.21321828163852 0.0866464737006127 0.0594550939013261
0.0838304515992533 0.15041988273489 0.240271784502381 0.0877001329613482 0.0415267368127107 0.165909249715123 0.230341761674294
0.00572855372836437 0.156645851605243 0.148622544663592 0.0830883586041048 0.13827112616956 0.232360115541764 0.235283449687372
0.194581000730182 0.202517334299106 0.0989727022974013 0.211534903428077 0.194555104998357 0.0720812607269112 0.0257576935199646
0.0566267044246465 0.166765541261175 0.0772324412979596 0.0548010394727598 0.185670891067743 0.246353448981579 0.212549933494137
0.163212609397466 0.0452783127853235 0.0710534513339624 0.0601261871313493 0.235185589000803 0.251791037655762 0.173352812695333
0.204557074526027 0.184384218566166 0.0853210093345747 0.188473416013919 0.0383030374176521 0.113102470044953 0.185858774096708
0.175314972805711 0.0444437586636219 0.105850915145367 0.0133993421957179 0.250026616395096 0.240883711317583 0.170080683476903
0.117361748849508 0.211433191941793 0.237655068412827 0.294618532186162 0.100366299220718 0.0199525015219208 0.0186126578670715
0.226348030989748 0.0832447895984791 0.0613330242611604 0.20943687417174 0.216482702100904 0.00127719646909908 0.20187738240887
0.185830795938142 0.390599273681915 0.0732165647204662 0.0299649345573742 0.110474018635203 0.00724338250114174 0.202671029965758
0.0842363324911126 0.1440272747584 0.025097917456298 0.206871723720542 0.176600719368289 0.110302119290278 0.252863912915081
0.168911628063722 0.105053402462336 0.136865082163039 0.15259800381084 0.147021839798903 0.1170944011874 0.172455642513758
0.13661930353646 0.206953754171428 0.0518185993294693 0.163444890811058 0.122710289030715 0.0863307148105979 0.232122448310272
0.244224751414245 0.271662498323872 0.0567901534548153 0.0118743068734754 0.0881704999389666 0.255600355673034 0.0716774343215916
0.220350131453878 0.218607178239282 0.0985736131297241 0.0814513195725578 0.0178298146287649 0.172555265018108 0.190632677957685
0.176189002230048 0.16369323771886 0.165448673197294 0.180121938268943 0.158340792831222 0.0696708830977043 0.086535472655929
0.0244873827694951 0.098993908090585 0.18390767356381 0.0673887217719177 0.266813179032288 0.107306114679901 0.251103020092003
0.218334186783894 0.0369270169450688 0.169529206791843 0.157345053502054 0.00353970905525834 0.226127438021836 0.188197388900045
0.0224803424356344 0.18132137485662 0.15020872401681 0.129261399607931 0.146534565493395 0.157147633563216 0.213045960026392
0.21741151312945 0.0990706139645408 0.0735335873594627 0.228457239539432 0.142654326185452 0.193623570089442 0.0452491497322202
0.162946815237104 0.0935265458629789 0.183343784379529 0.182708640309675 0.117301811773361 0.14139583218201 0.118776570255342
0.057473894183355 0.0240000463253916 0.117818285264739 0.101230463073069 0.286064059348059 0.184869688278158 0.228543563527229
0.217513441154749 0.0164091180789857 0.0248365883156295 0.0268861819839133 0.210173023262158 0.435631646830518 0.0685500003740458
0.0397075024844682 0.286638211238503 0.147991686677934 0.00384642696182104 0.142382531039426 0.3245661818015 0.0548674597963481
0.0251827975873261 0.0642959367241904 0.0580620947630113 0.138591402575728 0.211141542692105 0.390401346569795 0.112324879087845
0.243295267283689 0.15462999863837 0.102377347502016 0.141904129626224 0.105098306064098 0.129448846093983 0.123246104791621
0.246819806885416 0.134282141242433 0.120946855819831 0.0793214785347254 0.252656111795225 0.112610688709103 0.0533629170132659
0.197981447357657 0.188448848451527 0.101527769211082 0.112801056294486 0.24790502498086 0.148393558290474 0.00294229541391486
0.0908224547798278 0.217082749347849 0.090021824977872 0.297816981786961 0.099200294463936 0.134964368295286 0.0700913263482684
0.104250795865204 0.171203517280871 0.0765777195041307 0.213506977441817 0.220208218323213 0.0974337447728685 0.116819026811895
0.146778022509807 0.0572680007566588 0.227965880264272 0.0755111867986267 0.205223837453077 0.210896010657173 0.0763570615603851
0.0140834322197751 0.18403986744537 0.0373451747240709 0.093534676417347 0.231635086934116 0.1731999077781 0.266161854481221
0.163068853112814 0.0520032203322033 0.094625567658487 0.0696925068756106 0.298973198630748 0.0693569853561283 0.252279668034009
0.26237379563831 0.210001786446251 0.196890888994886 0.148590820766053 0.139066690493445 0.0154476583854684 0.0276283592755862
