0.30840689200971 0.346161421715875 0.160681027523728 0.184750658750686
0.233760583212096 0.175523085816718 0.28508406830336 0.305632262667825
0.493134817570661 0.0837896797302138 0.32431881354734 0.098756689151786
0.0632047837821739 0.0357864475074706 0.448357697868687 0.452651070841668
0.119593228123431 0.31718647768282 0.157186235623185 0.406034058570564
0.201741350148166 0.286613261246942 0.314200692209488 0.197444696395404
0.264786989444145 0.570564024501903 0.083215163849621 0.0814338222043308
0.2377204767202 0.22419163920314 0.254988818664214 0.283099065412445
0.192146365397758 0.150379129337039 0.373179809776959 0.284294695488244
0.202243448996664 0.111890557311537 0.329409097314552 0.356456896377246
0.140815803784532 0.287443353125326 0.36128324412415 0.210457598965993
0.113172908995373 0.315880839405633 0.393127619469545 0.177818632129449
0.083362741765925 0.440390878665154 0.0379789933156354 0.438267386253285
0.235279577822106 0.101564105591443 0.270117924242361 0.39303839234409
0.318965605300793 0.0734090932187689 0.225508920992177 0.382116380488261
0.419093937859267 0.00473653979465267 0.0380133022583897 0.53815622008769
0.305677365812504 0.0674322957336003 0.190077078208243 0.436813260245653
0.00859073610641101 0.377708044111128 0.126514835341615 0.487186384440846
0.144409887012652 0.0999064454265367 0.405995777098624 0.349687890462187
0.234584685942971 0.337289410506299 0.212476452550621 0.21564945100011
0.369600370425526 0.537604394743984 0.0150744029281315 0.0777208319023586
0.335968421766359 0.221599770899727 0.14900346241367 0.293428344920244
0.0840840561375743 0.279589779161225 0.310243059828336 0.326083104872864
0.392618935670697 0.140058092089938 0.294900526804224 0.172422445435142
0.346325634304551 0.0545809369952116 0.148983053024773 0.450110375675464
0.469322996358277 0.119125504633845 0.374006352780312 0.0375451462275653
0.420109690406622 0.24912700911159 0.176980338335061 0.153782962146726
0.142433019018311 0.119089325567861 0.240720185117345 0.497757470296484
0.229057499689273 0.308717316660416 0.262659587083085 0.199565596567225
0.28037365305802 0.212982534328591 0.195981234604113 0.310662578009276
0.137222127595729 0.381496067536481 0.402248789140268 0.0790330157275221
0.26675025804135 0.551500436861879 0.027339000519979 0.154410304576792
0.0676679290808699 0.0104091539586991 0.430283835237592 0.491639081722839
0.0826875485921776 0.284549560272273 0.122553629715186 0.510209261420363
0.277432953778281 0.331234516812379 0.154607562885 0.23672496652434
0.28349786289559 0.156080807297136 0.204160689754804 0.35626064005247
0.308585042807986 0.277502536514801 0.128488930108436 0.285423490568777
0.449542961104591 0.368391457054321 0.0203955056865028 0.161670076154585
0.0387269750223981 0.345096745706229 0.343270753818173 0.272905525453201
0.415361110631668 0.053588858264482 0.332103084850241 0.198946946253609
0.0287159594552071 0.386962802576393 0.256699289056908 0.327621948911493
0.199713213294702 0.228921783339022 0.322074739891932 0.249290263474343
0.0059403291728659 0.631781655332675 0.264344052751367 0.0979339627430925
0.313848645270971 0.127044249966821 0.272840482303049 0.28626662245916
0.178835878010028 0.139145411484854 0.443838194164874 0.238180516340244
0.282162436729943 0.263476861578932 0.307621058727498 0.146739642963627
0.245367010784071 0.110912980001867 0.263059915259848 0.380660093954215
0.284048425047832 0.330151012849816 0.0285388700267019 0.357261692075651
0.00294711474998162 4.39888239378492e-05 0.482155185205111 0.514853711220969
0.111774474877183 0.183506681589863 0.211027657555581 0.493691185977373
0.312997072887769 0.259744055491993 0.238355780256386 0.188903091363853
0.152061134014539 0.0732943996760319 0.361624082713073 0.413020383596355
0.139654470525027 0.0460374525544263 0.377389748517456 0.436918328403091
0.235657482991733 0.208375146439847 0.304435756267743 0.251531614300677
0.427030043764377 0.0821065260792153 0.32974895549685 0.161114474659558
0.370680160780694 0.13803405991447 0.217438730306291 0.273847048998545
0.285534841422391 0.34418576295679 0.311397921750681 0.0588814738701374
0.277425007405976 0.305953068644234 0.1278570967223 0.28876482722749
0.0512533541244096 0.476671361292338 0.384304692436295 0.0877705921469581
0.321139218315302 0.39757271531366 0.168094442999783 0.113193623371255
0.123329273141634 0.369683002019399 0.258667745404439 0.248319979434528
0.100747661084972 0.291786577340047 0.158278281629245 0.449187479945736
0.161057451774937 0.203922536821216 0.391889106808476 0.24313090459537
0.309297822973282 0.349299870613453 0.100303303324118 0.241099003089147
0.393484618039946 0.0728650189985622 0.162509386223945 0.371140976737547
0.0115692543398814 0.479103483754744 0.113157684201334 0.396169577704041
0.347181943868815 0.121165385303457 0.463480246801081 0.0681724240266476
0.364357601333306 0.289018397898844 0.141751083751931 0.20487291701592
0.396030111834117 0.142510858633394 0.376278128165906 0.0851809013665824
0.00980623094290916 0.182851266232795 0.261111828802745 0.546230674021551
0.496516239415942 0.00937732028833331 0.404623476300977 0.0894829639947474
0.0754280702836514 0.507901313537446 0.241274583775919 0.175396032402984
0.28040469953355 0.174103764290798 0.250420371656384 0.295071164519268
0.385665641551031 0.0272199185333624 0.185190848300485 0.401923591615122
0.194616860192177 0.0602570057469829 0.422364893161627 0.322761240899213
0.378725581331444 0.031484915870213 0.248876987777874 0.340912515020469
0.317892289212973 0.0538905270933883 0.41715168691305 0.211065496780589
0.102594051559757 0.422115740957504 0.194295290444106 0.280994917038634
0.447448386394782 0.324092062301677 0.163482916090559 0.0649766352129816
0.148910911909467 0.217016788172564 0.603477080138342 0.0305952197796265
0.33919272458771 0.304717348239891 0.141130219692111 0.214959707480289
0.159581708083676 0.32765382086161 0.455426085999563 0.057338385055151
0.0163151187567312 0.341604723368733 0.435124793643527 0.206955364231009
0.192723017832832 0.333788320355962 0.370504725474173 0.102983936337033
0.455109323363522 0.452182195292431 0.0264605957080142 0.0662478856360333
0.176254812707948 0.167035769355991 0.104603246050149 0.552106171885912
0.191365957184144 0.302852913526257 0.255825226477794 0.249955902811805
0.384277624420232 0.131320658646881 0.218071228730597 0.266330488202289
0.0831379231303831 0.33260790736114 0.371505328458995 0.212748841049481
0.145225050372457 0.392243004868434 0.103456136444771 0.359075808314338
0.245638769611172 0.0413924133895516 0.311337523958124 0.401631293041153
0.296009803625476 0.256798926351449 0.0344756008388777 0.412715669184198
0.328375707219063 0.119378305217992 0.189542013202243 0.362703974360703
0.333505188774569 0.217266796897131 0.216465191079171 0.232762823249129
0.064129135445423 0.251125231452468 0.387285011881612 0.297460621220497
0.324334074894087 0.219640614373631 0.268864447446523 0.187160863285759
0.30071711978655 0.248356480720714 0.0520731453947793 0.398853254097956
0.327217205644169 0.105360629427514 0.431698258154346 0.135723906773971
0.290312400559317 0.0347141361778536 0.423373657422147 0.251599805840683
0.167382351156286 0.210038110285695 0.368524906344818 0.2540546322132
0.331451432895439 0.340996069032451 0.128011054229886 0.199541443842225
0.278217364483942 0.254101009207725 0.215991241163183 0.251690385145151
0.318365765908341 0.181295740925462 0.211750007370348 0.288588485795848
0.329415381373537 0.077094273723186 0.284421966803427 0.30906837809985
0.219559524340148 0.121235831504809 0.380156700249208 0.279047943905836
0.035062576409471 0.219711782757757 0.138372904049981 0.606852736782791
0.376973252387378 0.0940132138505104 0.386357951008323 0.142655582753789
0.10419235891032 0.0399379856232569 0.606609467607432 0.249260187858991
0.215846165475908 0.104354874078627 0.403313971598356 0.276484988847108
0.0867236382707756 0.343774015875432 0.155164462972193 0.4143378828816
0.232251116521361 0.273817236358789 0.308910161755043 0.185021485364806
0.435317295208471 0.374186619986342 0.16028148679051 0.0302145980146775
0.564631724043967 0.178924083411543 0.223100011822087 0.0333441807224031
0.120062646959217 0.263987427689442 0.373520680167764 0.242429245183577
0.0891578342079467 0.339843736577929 0.499371532828572 0.0716268963855523
0.071205255715845 0.166622232746934 0.37430773610188 0.387864775435341
0.345340160010313 0.185864537908798 0.122871960673268 0.345923341407622
0.167952264807422 0.295478549429537 0.328149169379343 0.208420016383698
0.36362325625621 0.14655416766813 0.369223147388474 0.120599428687186
0.370803584343386 0.0871895226959882 0.270088818505069 0.271918074455557
0.352545395847261 0.180317084491953 0.289139376905282 0.177998142755504
0.564257633971113 0.0341777339727558 0.265226165309449 0.136338466746682
0.292820059470963 0.102096423031637 0.34174567343856 0.263337844058839
0.253489623350328 0.200987758917419 0.287708002288372 0.257814615443881
0.182214296571296 0.199218303556495 0.314908144363634 0.303659255508575
0.534743225112357 0.280010243031544 0.0464680030996102 0.138778528756489
0.381761142819814 0.0637623340024716 0.0936679756913168 0.460808547486397
0.303641545231847 0.228796275259868 0.284607731118908 0.182954448389377
0.276972716673213 0.342813345968565 0.226425229835314 0.153788707522908
0.125949169777112 0.144744814575381 0.388280805231013 0.341025210416493
0.177754044743355 0.176642361312247 0.331409023422916 0.314194570521482
0.380321425767252 0.400509994114655 0.0114290084030378 0.207739571715055
0.163166995004484 0.256662884704542 0.304949099173752 0.275221021117221
0.0556887271577948 0.32674332211384 0.234345598308943 0.383222352419423
0.135978264491299 0.246833173396892 0.201372022914312 0.415816539197497
0.0948089299456596 0.183899566356108 0.669038316878091 0.0522531868201417
0.0946122600286824 0.119473314487806 0.615860757634089 0.170053667849423
0.421800495217385 0.0676617712528652 0.125000308067355 0.385537425462395
0.313287122958948 0.214730299519472 0.234042086139181 0.237940491382399
0.277911584506517 0.271932046370388 0.368096706887627 0.0820596622354689
0.426792555533028 0.0282045025328591 0.544826397936919 0.00017654399719452
0.111215695527986 0.325127990061025 0.376173209078282 0.187483105332707
0.127928211248309 0.508328202678563 0.272556710349992 0.0911868757231356
0.194007061940556 0.0124444825847557 0.360704091516996 0.432844363957693
0.0745801588633402 0.466911317121855 0.364239971431365 0.09426855258344
0.332694432532826 0.0274357823602049 0.418210285733975 0.221659499372994
0.215060914111433 0.197134058642017 0.282119841669994 0.305685185576556
0.180634427649219 0.273542289554962 0.26818487031821 0.277638412477609
0.129894911819001 0.237632511153778 0.313565329565829 0.318907247461393
0.432861349603893 0.0375674011442613 0.36038495769991 0.169186291551936
0.371223378817017 0.173351045511116 0.399528822682796 0.0558967529890711
0.110981750671168 0.536519576935467 0.260327634228569 0.0921710381647954
0.0971865012628246 0.34825806866432 0.350976387461483 0.203579042611373
0.438665403753832 0.305492505409942 0.172137709948182 0.0837043808880432
0.313575280186517 0.370737423188929 0.183659592402241 0.132027704222313
0.0636463912610984 0.789296543272876 0.0974464226633221 0.0496106428027032
0.121141160104637 0.430412398329436 0.0214486298035809 0.426997811762346
0.0841864113011127 0.106410532309401 0.435045592330498 0.374357464058988
0.179212217577525 0.390184377235908 0.175743699819068 0.254859705367499
0.318941164824313 0.337617114486523 0.200876649415151 0.142565071274013
0.254238931926355 0.515860538609873 0.0808628600986869 0.149037669365085
0.159525707001196 0.0688016906435387 0.391690100793101 0.379982501562165
0.191723570986598 0.284296675947876 0.270577949629586 0.25340180343594
0.454175282664632 0.0352659043221634 0.0532879651735233 0.457270847839681
0.184442188603862 0.183061702886256 0.166978336558279 0.465517771951603
0.0359188694533135 0.322673124471728 0.384156964912583 0.257251041162376
0.303345323592377 0.0637601064780792 0.309490052952382 0.323404516977161
0.0478851395179319 0.274921021984531 0.107939244277743 0.569254594219794
0.0240561881492471 0.491308504833485 0.0456330600763194 0.439002246940949
0.213352120091469 0.211525226076088 0.521400440669477 0.0537222131629661
0.373138958922059 0.0748839043132273 0.110711159461396 0.441265977303317
0.435072450235745 0.1636865802462 0.123285622786853 0.277955346731202
0.298832716737734 0.120297196164694 0.262944777047195 0.317925310050377
0.137590814322387 0.355484413012461 0.169492363329132 0.33743240933602
0.269736945588098 0.480232205682881 0.205236402581208 0.044794446147813
0.0817680678766474 0.145546600829224 0.754110946044262 0.0185743852498669
0.0639269588218026 0.473654539460869 0.240680076822979 0.221738424894349
0.361160188064589 0.303159222376183 0.0796691746380584 0.25601141492117
0.221982440515201 0.0784379992657841 0.314345174267143 0.385234385951872
0.0844675317902676 0.219329443899879 0.142025999835652 0.554177024474201
0.379966439083201 0.190512224566979 0.0602204301343227 0.369300906215497
0.484862887300811 0.010390132154843 0.0662896464611296 0.438457334083217
0.248495654554654 0.312053684488176 0.316328223581041 0.123122437376129
0.109814588897216 0.28262417367706 0.293843030015491 0.313718207410233
0.246361406661164 0.359780097568759 0.160785661411147 0.233072834358931
0.349410971737484 0.103838329104415 0.126685887907026 0.420064811251074
0.269901849975828 0.261055830782007 0.276755773395507 0.192286545846658
0.200545450079939 0.376657920091238 0.31447209800734 0.108324531821483
0.191958550703301 0.328195048369971 0.0867728800042428 0.393073520922485
0.0288346937783797 0.677710221532096 0.282107845193198 0.0113472394963264
0.287702434503192 0.116626229264336 0.354361730105781 0.241309606126692
0.114535763760501 0.369423950302276 0.202668318623289 0.313371967313935
0.614651322746115 0.133524580899468 0.140937969445445 0.110886126908972
0.317658928888581 0.298165177759758 0.0629796549740268 0.321196238377634
0.268975489658185 0.245025407758324 0.345439923795818 0.140559178787674
0.188748677888691 0.306782744701988 0.225025342346039 0.279443235063283
0.10752871284167 0.3929347556142 0.172708471471166 0.326828060072964
0.232815156686395 0.381090143173094 0.208813309426162 0.177281390714349
0.118999966249972 0.306074505188063 0.316022281823014 0.258903246738951
0.366305215279029 0.096362549518257 0.310086291307266 0.227245943895448
