0.0787256496431943 0.145962380494446 0.0148365649104103 0.21338004260115 0.129703392981379 0.191304240501892 0.0949774319146452 0.131110296952884
0.164728196301339 0.0138504852863333 0.0692390073707647 0.133596931026451 0.182032612462094 0.136584051024532 0.180647855541432 0.119320860987054
0.159431683800078 0.142150107955225 0.099833189832409 0.156831943208998 0.104500637585384 0.074063249994968 0.0878588516904137 0.175330335932523
0.120942691046192 0.0848474209493947 0.0798160968139483 0.183400347318829 0.188471284025514 0.0302764164624831 0.266634847434934 0.0456108959487044
0.1217900493166 0.167865041475779 0.132368780722033 0.108734083575843 0.0750531309907214 0.220321877515492 0.117121037921807 0.0567459984817255
0.223453996135042 0.239906363933984 0.0273718198388575 0.102151175771724 0.054525876355024 0.0534220824984839 0.139251315221947 0.159917370244938
0.193876810028759 0.112383314939276 0.118619909651509 0.182357636016457 0.0573595878659292 0.209011343727236 0.0956190703051811 0.0307723274656515
0.0818075072998298 0.315979191604415 0.00638963154827849 0.121930500044145 0.0975066109762391 0.217454261566323 0.020601405254964 0.138330891705805
0.174820112479731 0.0890713801783487 0.140803618196369 0.167305102014858 0.0819257881875449 0.169475950168382 0.0603681600146241 0.116229888760142
0.212098771125537 0.171948658671453 0.0451920969223151 0.1982472564918 0.084605818830681 0.197710693263605 0.0827274038311702 0.00746930086343832
0.0980735638153904 0.0935390656413902 0.200693337264815 0.186956509951016 0.100979377605768 0.132894891218436 0.126831145707262 0.0600321087959218
0.126437109977064 0.18271251177976 0.00351572128205329 0.0465639039656775 0.194139581486072 0.0806532960095704 0.179812984339945 0.186164891159858
0.105863195804008 0.0364431460597192 0.0262438208263754 0.161915405543052 0.0313858371275093 0.215141098523026 0.191938276759136 0.231069219357175
0.0153909192869424 0.256740543877898 0.0967449482439863 0.0941381185538882 0.199030927735436 0.0331867168975891 0.0936596781974997 0.211108147206761
0.127174869291174 0.216444497251205 0.0294639690647388 0.195808516753029 0.155744701116144 0.0147731136277013 0.092132743112548 0.16845758978346
0.0722395919037555 0.0993039553148655 0.0655203030431886 0.231859795376216 0.224317485718789 0.0266596388681762 0.0799980563601714 0.200101173414837
0.0585080498093922 0.296614213271246 0.248260253119828 0.152721604022261 0.0291627277543283 0.105403823284213 0.00405322962725802 0.105276099111474
0.191934891635737 0.209899511575484 0.118560597657244 0.0369585245909683 0.192218183553189 0.0835835950996484 0.148438364871092 0.0184063310166375
0.153539657533647 0.0766155786387961 0.179720109687113 0.16263872191251 0.0400832046625566 0.0330446761749411 0.351531628482513 0.00282642290792418
0.277605353548412 0.105717548706732 0.123790722712001 0.091345548979288 0.0205418376423864 0.322205254216644 0.0259548049383288 0.032838929256209
0.174962184646663 0.11367819829876 0.0303980090205556 0.122746875305854 0.173650629430695 0.242196298754199 0.138632813134353 0.0037349914089202
0.152336804696336 0.0412303560905793 0.0775064465496709 0.110774828483592 0.140397291869795 0.154506731909091 0.149458796783569 0.173788743617366
0.111508043591562 0.18127566770178 0.152769708866788 0.0746763548550119 0.127114336586008 0.0588633077196924 0.289056260066896 0.00473632061226154
0.249184218007834 0.0988292995636362 0.214999525292898 0.0709398313369769 0.172472760459566 0.0564461787133161 0.0768484660645475 0.0602797205612254
0.0787247805642523 0.143401727198189 0.213675225579954 0.135254520494515 0.164276035248717 0.11421916151542 0.123998346193795 0.0264502032051578
0.0885302083483854 0.0600699218869939 0.0301857766817174 0.0686600564194829 0.00484926471651524 0.303966246855178 0.188620643146965 0.255117881944762
0.0622938697555459 0.100935991765885 0.0505199345220733 0.0981907299074548 0.137157270390806 0.123160132030137 0.294744500829873 0.132997570798225
0.183395793322371 0.178228303698632 0.00737568917244716 0.149281101503918 0.17348026217602 0.0465890734470593 0.164006833019544 0.0976429436600081
0.163116009541274 0.157997419501463 0.14481156765173 0.0807618797078287 0.130138966375599 0.0764779511103982 0.115086046886597 0.131610159225111
0.127751850696505 0.121080211512563 0.144777579705982 0.103758063475124 0.158894593420189 0.0800060102935313 0.112329469946034 0.151402220950072
0.105495541116486 0.0800799484371187 0.106831950218872 0.222273667546608 0.218031661984652 0.0834889424802028 0.0198426212485891 0.163955666967471
0.180277514071979 0.0151764754803852 0.00862420268841587 0.178009609796418 0.198961840415638 0.172478154291318 0.197533842821105 0.048938360434741
0.0741800055939622 0.206750514780075 0.0823208107355439 0.216158249793744 0.00241947831464792 0.0108962797296279 0.170418203995323 0.236856457057075
0.160246679981239 0.165433515830243 0.170450994833493 0.0156176632073006 0.177228251854126 0.0861628371976349 0.160056573583164 0.0648034835127999
0.183736156957765 0.0335994776928458 0.00897393539489161 0.184029706508821 0.151909753154787 0.143267410185769 0.17685233782745 0.117631222277671
0.106333999438378 0.0251484072522895 0.236934739257731 0.0904581449111175 0.0838536979738083 0.103759098991145 0.118048619367532 0.235463292808
0.105580551395781 0.209369816797654 0.102311364360505 0.0391467307857982 0.229208552201272 0.0444484315514733 0.197876011815788 0.0720585410917298
0.185982787630628 0.0327648501948083 0.116659421543772 0.121727257331911 0.11540867030594 0.0693252179596821 0.204321674480271 0.153810120552986
0.0544944304993753 0.135968137962166 0.0370323758910269 0.174097141201363 0.15747160962167 0.147047624592346 0.131687686230398 0.162200994001655
0.0196549489181332 0.291368290177472 0.125155403620292 0.0313435448510863 0.203224898681701 0.208681394008425 0.0877735288537664 0.0327979908891248
0.188568409552251 0.121707917832706 0.0888199723132565 0.165322944662046 0.0740438069558663 0.14507656932097 0.178507608327254 0.0379527710356501
0.0275369184272536 0.154878479321504 0.189680377447676 0.108078005556547 0.228028447745465 0.134708811827076 0.137047438030819 0.0200415216436595
0.197735450747635 0.221185774544294 0.106274106359681 0.07697775492855 0.214983461099177 0.076131278766612 0.0693503309322617 0.0373618426217897
0.126321130153147 0.0138064726624237 0.14526914444497 0.150555164037379 0.159968171703866 0.153352322826846 0.20630466540476 0.0444229287666075
0.104572813081099 0.03612398298461 0.20437567812005 0.0710602571386829 0.0453224019300872 0.264602143319681 0.122986018525674 0.150956704900117
0.0144332710130497 0.224588661805185 0.0622438044447296 0.0573782737987737 0.222599719804133 0.137006317407554 0.256638190496908 0.0251117612296675
0.0638150198028415 0.111067680486357 0.266797694626367 0.0501025811835377 0.0145848618168104 0.0171884465213189 0.222573632087486 0.253870083475281
0.195499467161586 0.14806366538334 0.0919102419039715 0.112175632414408 0.0132950946088615 0.100148476416428 0.0997466085201296 0.239160813591275
0.00518982997163521 0.177817998000536 0.159624333352347 0.159770445085807 0.146944231838978 0.0614399505455237 0.0836213931169354 0.205591818088238
0.100361646160395 0.191743855597294 0.0653069938264963 0.161058085713431 0.134859500701661 0.127285146808941 0.105583736110168 0.113801035081614
0.0527358679311428 0.162685514190307 0.195470217177835 0.18264910221105 0.0271859348883516 0.132472266250577 0.179906639729 0.0668944576217374
0.11630000387524 0.0992568466486918 0.169013148539774 0.10846800125029 0.0527517626673893 0.167233680982251 0.135123655325529 0.151852900710835
0.141258061755983 0.130269455423373 0.17589998749153 0.0666529774918273 0.156299430244664 0.183322688823374 0.0135444693180613 0.132752929451189
5.5788775688239e-05 0.213267106297104 0.136853846880088 0.0527478846812733 0.121744961905988 0.0906848026861237 0.172677729617171 0.211967879156562
0.180613743316595 0.137247665849126 0.141192120333496 0.0559632232894035 0.135183202727036 0.0929743496719181 0.0713843222536833 0.185441372558742
0.144073925557659 0.0666689965765683 0.111324370077596 0.137060914562767 0.0170946759527576 0.162198267242731 0.289328611183505 0.0722502388464168
0.0673711399108739 0.0299754556803537 0.0231609502779183 0.215175713467994 0.210978183574745 0.177968125690057 0.207893219664414 0.0674772117336445
0.144678830516888 0.186424011539428 0.025163305165419 0.112155780658958 0.147624092128035 0.0814347606078423 0.0914812478501065 0.211037971533322
0.196822254454961 0.0379430159838545 0.194585745982201 0.164631446113342 0.0765216763753424 0.145758513909116 0.169357121536192 0.0143802256449909
0.13030323011122 0.13641393769944 0.202455359640359 0.190896456015392 0.0425936869715986 0.131722021253112 0.159040675255468 0.00657463305341135
0.0788318492978454 0.163040214101004 0.140529978292663 0.106299398808654 0.16839326861648 0.138809638056796 0.0798455582692884 0.124250094557269
0.124132764255781 0.145522014840468 0.252923134360481 0.0194771690010047 0.231771963827891 0.0608760237393213 0.0890698917184612 0.0762270382565925
0.216732361871565 0.216703870192858 0.0673040216648016 0.115503344408425 0.0351892965164387 0.0364912936829997 0.126603508846829 0.185472302816082
0.00855625313467769 0.0957178551651897 0.0372198684332954 0.208601744647192 0.19249421712083 0.177566988267941 0.154642009645635 0.12520106358524
0.124546422863193 0.153452100921052 0.0265288447076634 0.147697003714708 0.164667666476401 0.117026837417963 0.176167532717328 0.0899135911816912
0.0385834150350116 0.0985514819126847 0.119916235155632 0.19456893612389 0.124611649975029 0.124146156854423 0.126375738373466 0.173246386569865
0.0788939532821823 0.0468782126795796 0.100756410189827 0.255378950166028 0.261451044338037 0.0597027848348125 0.113822684045824 0.0831159604637087
0.152257840535494 0.0985003601605661 0.240435871908024 0.151988491973625 0.0278079888331986 0.103330026033892 0.16781679180697 0.0578626287482304
0.124582805924668 0.131829140224436 0.0286087305895578 0.179543866523223 0.13221026991392 0.0908413192079025 0.0263528500526439 0.286031017563648
0.0912323588726844 0.0655791224524679 0.0712380988733417 0.0925737264782638 0.233357589789645 0.132295871221314 0.0592307071882671 0.254492525124016
0.0284388338931059 0.240950995830902 0.0516613507496304 0.00204476628299463 0.228471518527112 0.172159838974576 0.0456962503945028 0.230576445347177
0.0161830239011749 0.190800756161917 0.0961182785137632 0.216528632257632 0.0944082104059331 0.035056386430857 0.210375877658574 0.140528834670148
0.062599268830772 0.0819369294406269 0.182318959287186 0.0428202162370976 0.0764199303157547 0.208140956440893 0.23941833726456 0.10634540218311
0.0771923499972693 0.00393925600711974 0.0401132545167564 0.0116119802039379 0.155104106453003 0.390959871303312 0.0400172781195097 0.281061903399092
0.167020893318056 0.146884695358009 0.0304059151408315 0.126478289197697 0.00538982882409941 0.18047570053448 0.18167856317556 0.161666114451268
0.162409309075897 0.10551265604449 0.0618898236585487 0.0508829494962121 0.171464739005047 0.0860767677692876 0.123096863746885 0.238666891203633
0.196589945903944 0.0326595361329544 0.201482359466591 0.126599142257967 0.161788657336759 0.0365922655930088 0.0358667703935018 0.208421322915274
0.160579121537953 0.0559595380097148 0.187365369806484 0.104288387290766 0.080391183331339 0.141108331998421 0.113338059847413 0.15697000817791
0.0962556567621008 0.0394215057513252 0.00492990640622699 0.259175355730175 0.27651459195311 0.040858603526279 0.260990659791362 0.0218537200794211
0.17432066904141 0.138412951057607 0.14923435616684 0.0329775929223404 0.245492255794729 0.0165546842988676 0.199797792105221 0.0432096986129844
0.138315755176116 0.0876266953900787 0.0272186704432587 0.13288735131998 0.205234918876945 0.166850686384353 0.147609651871568 0.0942562705377005
0.201856440352974 0.156720346043227 0.241132427994111 0.130889875963458 0.00538048195166466 0.134466981360549 0.0381484016730468 0.0914050446609698
0.00318136020146131 0.0471769160142944 0.283539455001854 0.269848360164606 0.0186609300528603 0.0311449400465974 0.168544404992218 0.177903633526108
0.106374188792691 0.0813936390007411 0.175020513410442 0.147432659079929 0.141210272621768 0.105101628415682 0.0806388103887267 0.16282828829002
0.105335688636256 0.0677525256388928 0.0778600339235233 0.104920972962916 0.0594344652481647 0.069580727568755 0.313694974896189 0.201420611125302
0.0122141683474671 0.12959543459328 0.218209082287319 0.14556755626185 0.227792612827489 0.104552732310396 0.0849907997131764 0.0770776136590225
0.185998376788936 0.0633520581203723 0.172763506003338 0.174942334020615 0.00722539772241797 0.095005594566356 0.10231674992731 0.198395982850654
0.0870618369689671 0.0716875286833554 0.218977206351904 0.087189868603502 0.0854771718851364 0.22202813649698 0.0845554189380246 0.143022832072131
0.00135094219039502 0.196063207202387 0.158908196777255 0.105217228293913 0.163254536222882 0.121472608705283 0.172246433634013 0.0814868469738716
0.0199167302484601 0.115650002191578 0.187235547888154 0.124832216449148 0.186797095405883 0.0216913952485314 0.205072315592223 0.138804696976023
0.0673183131062477 0.267008773598074 0.0524250504715196 0.0607583273552698 0.116088436460011 0.187597981436482 0.110328008134828 0.138475109437567
0.00669803319692667 0.186848388309112 0.19993174567168 0.189811677852822 0.0714253175023088 0.195010118059485 0.142796830979276 0.0074778884283892
0.187404922464004 0.137725049863967 0.082525094492423 0.122877821294658 0.0451998859918507 0.175616236630382 0.0965905359269759 0.15206045333574
0.169359270825204 0.0292219997891135 0.0244411595914356 0.125607407872398 0.11693443422087 0.157152578836256 0.236401821675416 0.140881327189306
0.131401038422402 0.192613602814237 0.287572480243347 0.0621900818584889 0.00468549030136361 0.239859947059695 0.0511653044221073 0.0305120548783593
0.129516732226105 0.172772369823668 0.112795806872597 0.177132615046598 0.0752408215626817 0.158605327133249 0.0342099207105409 0.139726406624561
0.154117846774104 0.0322395650260582 0.0831761193735893 0.168395473485544 0.119254167554729 0.145081406122334 0.152006142412919 0.145729279250722
0.157225951357062 0.108768703000509 0.153368680152643 0.167799990861122 0.137529421165072 0.14117022979717 0.0616731935453593 0.0724638301210628
0.161907477234442 0.0913161034772668 0.201734351190393 0.0443349710734127 0.115482745403247 0.223841075712206 0.0957931278992515 0.0655901480097816
0.12365745076215 0.104384352139133 0.262203129680174 0.1088807560893 0.0633614641610704 0.0628315462499607 0.0241043453229372 0.250576955595275
0.110261475024814 0.177208991472187 0.122274702180986 0.196816695858941 0.0168012621967882 0.00600847071314661 0.179464135323746 0.191164267229391
0.0504917060037647 0.172120442383702 0.0902870286493158 0.179755052800506 0.117132208881884 0.165251450221246 0.136930659627755 0.0880314514318257
0.0582778393945184 0.205349034714916 0.0453228163479822 0.15634608376416 0.160039786330283 0.0272521766425497 0.099202645228593 0.248209617576997
0.00256139294716835 0.148091873552859 0.133736324644528 0.240760988779996 0.0607434550000893 0.12164614545247 0.120940110317939 0.171519709304949
0.161945340682685 0.0369960159711899 0.173183814734954 0.0316294371750254 0.0493430982634471 0.186106137220631 0.144933416492051 0.215862739460016
0.190795081991121 0.0971828676428649 0.183929287619665 0.204350297644142 0.0514049056788917 0.178238796736387 0.0682479364548342 0.025850826232093
0.141376652372689 0.0368635427688773 0.120479731145679 0.0234649623963545 0.0445503326736623 0.27834145947133 0.256614356666692 0.0983089625047166
0.183221389430069 0.0320233706904231 0.0402401803404347 0.129571545869211 0.138660589346213 0.226663017186837 0.208754857933168 0.0408650492036449
0.16712900685425 0.101963783989068 0.204802802739435 0.0563995729539707 0.0470748604888461 0.125966126840277 0.0994524945680373 0.197211351566115
0.0218480360376488 0.181621273608311 0.164527726892882 0.0539660810097357 0.192527834474255 0.0640422868342248 0.180138712268514 0.141328048874429
0.103691123209043 0.175773908970438 0.124926865980214 0.162840073815008 0.0767859789935558 0.184117848610164 0.0574195692023704 0.114444631219206
0.171184633977533 0.0449693556567618 0.0871124174637061 0.0889843500253448 0.146249561950317 0.288719176421956 0.0418549986262206 0.130925505878161
0.0129282766650619 0.16679395264855 0.196107781989268 0.190257268731794 0.194597669783338 0.126636301090127 0.0866692990305858 0.0260094500612747
0.153546508887095 0.0421290003641177 0.0672349318050472 0.186463422368373 0.115221190825362 0.166401927583349 0.116001151843914 0.153001866322741
0.232957295904777 0.20857880724636 0.123920234260092 0.0634246505428006 0.108872370633623 0.151255782443342 0.067008722208424 0.0439821367605809
0.181066261897976 0.126103730362786 0.132582956019005 0.120837185556851 0.0716774041268257 0.183414717256218 0.00909468365750702 0.17522306112283
0.101876699307974 0.201555554520693 0.17896382380971 0.0182031374055722 0.193593480791042 0.0674569342160843 0.0713634905321376 0.166986879416788
0.0134630846598056 0.232142783251296 0.183716232541687 0.130189022406458 0.178636701864668 0.015738787200794 0.000555774574274215 0.245557613501017
0.297305495844404 0.0617305236521538 0.0222438586814625 0.303138060750257 0.055318360865505 0.00721756144385622 0.0355055981102328 0.217540540652128
0.239004707904972 0.0910827305756936 0.10854921334937 0.270603534827629 0.0632643791511059 0.021030342838698 0.144523756317804 0.061941335034727
0.0608314636155606 0.0983569052128971 0.121670536617088 0.131296332948335 0.0646428467740733 0.203645495569679 0.23214018728076 0.0874162319816069
0.0717462338160097 0.12024594107507 0.158638610500646 0.110455754745864 0.0946146104436954 0.13789037414214 0.149647840828342 0.156760634448232
0.121177783454168 0.169224327612524 0.175965844631671 0.0934781941297129 0.129114563271297 0.0839113400880692 0.171874133629273 0.0552538131832853
0.175712984385596 0.17133245881449 0.105624879010203 0.148886842179735 0.00528562224678103 0.1581847014769 0.0251701244865628 0.209802387399731
0.16246472431447 0.170087017966102 0.108269848551 0.0233660876456492 0.194802085288676 0.139483324137836 0.0572397931512916 0.144287118944976
0.146538846460156 0.045082003114694 0.149697753307537 0.16053094501931 0.113190909977177 0.0423536908960504 0.127155832153671 0.215450019071405
0.0617361702127744 0.00683895540510013 0.189834763456147 0.163127516755511 0.233640546373644 0.0165022902294664 0.19000862486952 0.138311132697837
0.0765107595571511 0.186767119304351 0.113309035555056 0.0611692867024357 0.0304051137994364 0.187438379100649 0.168122655535511 0.17627765044541
0.203028257343843 0.179403777919868 0.170729967189979 0.00536740114623329 0.137461249163984 0.0909875556014091 0.207314848420307 0.00570694321437624
0.137354325168601 0.131785967610942 0.0582909974494621 0.0494490438516563 0.110928822023727 0.245331020866905 0.234261374236275 0.0325984487924312
0.143053188447831 0.130488660989433 0.164817766578605 0.149449159670567 0.148682702059334 0.197403250356588 0.00502861147455734 0.0610766604230855
0.182225115718202 0.0483187771075339 0.162537643245649 0.167139548627173 0.0641252693702494 0.0895843076885017 0.0819980425186456 0.204071295724046
0.1940443604931 0.121900637370422 0.218035933908611 0.0878200864585611 0.00841205156035781 0.178999954359774 0.158930490149865 0.0318564856993099
0.229087892370587 0.0168154224042723 0.0177423772754972 0.161575966918598 0.109497020283802 0.178062826327044 0.123658938274758 0.163559556145441
0.0498916008903605 0.0258535773279058 0.114851142300139 0.229709986755074 0.173237981443532 0.0438240484107537 0.0105555847724523 0.352076078099783
0.149937243198826 0.192831433178245 0.0883878478081659 0.152933099282431 0.024529709591667 0.0573230691154517 0.111659755548166 0.222397842277048
0.107879491173435 0.0756500408362883 0.106780729055669 0.0282918720355223 0.127076610819551 0.180652244308787 0.200766139607795 0.172902872162954
0.21651112876485 0.14173129742651 0.09495933112379 0.0461138514249861 0.102278084767165 0.215723566941518 0.0366240374627017 0.146058702088478
0.0088198250444204 0.201867778375352 0.174796039719583 0.164495337710126 0.118035544790599 0.0999182294424367 0.0857595782378544 0.146307666679629
0.0166470194916601 0.143173312201146 0.170592859399724 0.0731615377826682 0.158308098856694 0.173242911912996 0.123962779243619 0.140911481111493
0.15472837704764 0.0579996675724244 0.204756589052422 0.176842173945796 0.195891270754047 0.155638484086059 0.0123608906387076 0.0417825469029047
0.181806126800125 0.211985767253904 0.125116733424866 0.142802371860388 0.168429726939981 0.0555165768365293 0.0699778408651781 0.0443648560190291
0.229767281859445 0.00469828503683926 0.156854129386579 0.177859412105213 0.0509827173474279 0.0832351880140852 0.110790099722685 0.185812886527726
0.0302743555124566 0.0882131233715793 0.157382343394348 0.0883118295036806 0.0594648736062117 0.234868791721226 0.264752313997901 0.0767323688925967
0.0745719790097085 0.176888956115649 0.0994704735197201 0.0464012339740166 0.0874736110557729 0.100001082239833 0.29173216261679 0.123460501468509
0.151230356500299 0.0778843689729058 0.124488456849129 0.115154638767823 0.0208284453699723 0.235432488881007 0.0314978775789762 0.243483367079887
0.158037141683407 0.186218690826263 0.0898202182364655 0.1664539857833 0.0225246038265123 0.10642958301033 0.123982945099278 0.146532831534444
0.174245949137715 0.132712630779981 0.129121244754248 0.0349772258960401 0.0569289620566424 0.104613647434227 0.194355820628968 0.173044519312179
0.235607895399267 0.227465942998472 0.122600728842146 0.0235065605665762 0.156230296350605 0.0397638725331656 0.00881307855546591 0.186011624754303
0.198362065888086 0.195118023134687 0.0111056099059457 0.00807694235338225 0.185643157934854 0.0764795064202961 0.104505333433003 0.220709360929746
0.0242885595848992 0.0491635108852753 0.226438119338165 0.152253700036318 0.0774822520217843 0.077352365119798 0.168902045149146 0.224119447864613
0.219793506091509 0.046335460054945 0.0465741903940011 0.109786507326254 0.183115853195143 0.234602432840751 0.0151130926308709 0.144678957466526
0.104484014117345 0.0123021536940664 0.161953898877098 0.191262456887837 0.0359041767377813 0.179290294110566 0.173519319600041 0.141283685975265
0.174500203497636 0.135553209099754 0.114658357176957 0.170919073651646 0.280436659627382 0.0488424473764985 0.00826165484492131 0.0668283947252043
0.133676990515935 0.164811350362569 0.0355734225529322 0.168032857028885 0.0234277108336086 0.169071474972041 0.188420831995334 0.116985361738695
0.20120072724599 0.19629142378362 0.0641030444450897 0.0551241881017489 0.152010115017358 0.136168285877472 0.0751597182344551 0.119942497294266
0.106925424849906 0.154396926514918 0.120908713021762 0.0350028382815902 0.200102593523125 0.194660684140413 0.0109050717001101 0.177097747968175
0.0556008620848875 0.127243249103655 0.0277081209203062 0.111747993354014 0.1030504524471 0.158498524341817 0.271783586857233 0.144367210890987
0.0521588105965054 0.163786120803549 0.0217527043689895 0.0931335279572804 0.205831830062367 0.0393626616940923 0.154721184830495 0.26925315968672
0.137438753180576 0.152032324716171 0.00344597754665099 0.181280658186472 0.156131011037043 0.202734927401955 0.0768316061477813 0.0901047417833501
0.0735641575004641 0.224685003737841 0.067977468430936 0.207500104876023 0.162526943616494 0.13802957498075 0.106685469197182 0.01903127766031
0.0494310779766193 0.278835018754768 0.0911328395338359 0.0701140571671523 0.0148425925351427 0.307073563123431 0.179269894709584 0.00930095619946719
0.00910343290529264 0.179169456212452 0.0910913235816583 0.169354147401422 0.112418589872578 0.0810126147317311 0.148678464616965 0.209171970677901
0.141196414473619 0.0609366349040926 0.168041898871009 0.133740957913002 0.180001953501214 0.152639008800821 0.157380300520831 0.00606283101541202
0.243757245179291 0.016887459863999 0.126234818759975 0.0191312279587796 0.00350672182452421 0.225634387128836 0.196019612448546 0.168828526836049
0.106975419901654 0.105433660872084 0.200263260653297 0.113546277966094 0.202995560665849 0.230181739418663 0.0150896710676581 0.0255144094547007
0.217431588300167 0.0737863773093607 0.299932692299753 0.148861140004151 0.0013271698192008 0.0196924804348548 0.232525760735412 0.00644279109710183
0.113149659551493 0.273728719555576 0.0535017033213706 0.00957142883267972 0.290101150354493 0.0111771571066609 0.199268468879529 0.0495017123981979
0.155439543425866 0.146037109320445 0.285352114811141 0.147089495646061 0.0228790719235911 0.0342130329045729 0.113760953381467 0.0952286785868559
0.0996609859405688 0.102379226586044 0.0327100336904935 0.190450959203537 0.17229168915436 0.189019561323349 0.0464874905556802 0.167000053545967
0.0380440056730523 0.062035192583121 0.0523701720698729 0.0884733942415974 0.116679123302308 0.379276583084345 9.91842511494373e-05 0.263022344794555
0.160773873280276 0.0126871386580016 0.135204787969112 0.142123569588684 0.0359031071719111 0.199364190205669 0.101174191284343 0.212769141842004
0.29108924767662 0.26071278997923 0.120216119417581 0.0348668554174114 0.191615327987214 0.0246231811613809 0.0728736389647342 0.00400283939582913
0.146505989831617 0.0326033324663737 0.140640543689141 0.24528154770525 0.235619223860199 0.109794469228657 0.0186862007764313 0.0708686924423307
0.0668751018089836 0.0407752847319622 0.12557729444055 0.195275150957448 0.165656117100792 0.00162151264214892 0.195708310448439 0.208511227869677
0.252400574083761 0.0761782270748105 2.96203769407505e-05 0.155231507010103 0.231866514670865 0.163950119318686 0.0117147556792766 0.108628681785558
0.0347441969724485 0.122212763231019 0.186588228332448 0.113126681767378 0.0929718016906987 0.227474932978993 0.0766544783742567 0.146226916652758
0.0957942146891504 0.0981017825181602 0.0302783178087074 0.0286111763322512 0.176068999783101 0.234771442157235 0.0859030062368656 0.25047106047453
0.160164877706679 0.227919921366791 0.0979494329088137 0.141612562035108 0.116784945899881 0.0112683633473197 0.0654670656928891 0.178832831042519
0.219772479774774 0.0640333460619403 0.104849976072657 0.0242355960915 0.0905643544086761 0.052013473980826 0.178627250628326 0.265903522981301
0.0521533884392997 0.289658193398048 0.0154702328747771 0.094560291912058 0.195276234272808 0.199173059010835 0.0525589767851242 0.10114962330705
0.0286098146902841 0.150380198186026 0.117814948855588 0.175958477874593 0.0725712889458493 0.0603375158542167 0.202293978500019 0.192033777093424
0.0580442499810685 0.176557579646824 0.0385415078053813 0.0761871943590457 0.16306576841798 0.166491749399309 0.205982565089352 0.11512938530104
0.0423869330342625 0.124822405726998 0.146481783649461 0.226773323815536 0.0464549145073016 0.199418914662335 0.096495466215029 0.117166258389078
0.0891044820674715 0.0726055479702521 0.10183207404998 0.0206081020433126 0.178248221183187 0.220956403042875 0.148152374738583 0.168492794904339
0.205130712658591 0.0736892024237378 0.194385954764939 0.0180072115210393 0.0486765221219924 0.105527867557552 0.151951834678239 0.202630694273908
0.0783353178289072 0.184316842406107 0.0706784642304858 0.177822540814169 0.206569731180959 0.179475453461095 0.0181328669530748 0.0846687831252029
0.149104406525789 0.14944619913329 0.0853367038371529 0.131402367852991 0.0847750115558587 0.124097712741089 0.139715598540333 0.136121999813498
0.0176531689386688 0.227471114682135 0.196396247922079 0.211254744897102 0.120882987170393 0.0266643331697806 0.190883630580398 0.00879377263944365
0.268660960611306 0.00719348167980453 0.0655147143139291 0.134139345096193 0.0164031422827258 0.130193557363843 0.181879592518686 0.196015206133512
0.190529527931177 0.11789922439748 0.0600963459457317 0.160395216976917 0.160381956062729 0.106848923529906 0.0831127774352101 0.120736027720849
0.142643622871149 0.0213789776878757 0.160188846496183 0.229666347443332 0.104516880557049 0.255485398107518 0.0340305597984121 0.0520893670384813
0.0693392926988316 0.173039779954897 0.175780532646775 0.160723918913387 0.149093287219965 0.0564919972147607 0.0460965395263688 0.169434651825016
0.107284244564643 0.0605367567590178 0.210899259471576 0.13207110520184 0.143962587751387 0.0084236027473447 0.114664129590823 0.222158313913368
0.213057972085922 0.166373341205908 0.00468723719510248 0.0207696745535137 0.0753099414186805 0.138005630426069 0.35257589294792 0.029220310166884
0.204030021184671 0.195446883283443 0.0985938378006232 0.11793108624804 0.280091362378768 0.0767466814753633 0.0207690657740404 0.00639106185505155
0.0682201831657527 0.0335395082920446 0.189152340035904 0.0859927686116414 0.0983091880124228 0.211796330006365 0.14786476578882 0.165124916087049
0.0779439201669278 0.00221624560369926 0.183580842833183 0.126343555076223 0.116560592672543 0.182359582759404 0.136826244654806 0.174169016233215
0.205870335112782 0.0738061028007199 0.00778277617634489 0.0833464038288758 0.157949338662795 0.167389544735397 0.0274737621799303 0.276381736503155
0.168830984513267 0.0382332189063342 0.0328093190831041 0.20362204056947 0.110413556360459 0.068234245690102 0.166329343951189 0.211527290926074
