0.232601119604531 0.0268643330605998 0.105816393276637 0.0250368661728799 0.103740335967223 0.219717510795349 0.263454335332939 0.0227691057898415
0.14133916587035 0.00837372619536969 0.274127886711524 0.00227707151363355 0.0323504099285334 0.121790773794829 0.270893070917014 0.148847895068747
0.0514306016558249 0.108552802946941 0.0514619278164723 0.158576398545536 0.166903385659543 0.148960279737864 0.190600550076569 0.12351405356125
0.112763316858259 0.0262779867632207 0.0627530839358924 0.180988274698351 0.179951128482906 0.129707770265066 0.150447147866557 0.157111291129748
0.150795188564403 0.171882996729548 0.186036770728655 0.0396760649297129 0.0696710517002578 0.192891569176363 0.170978305209082 0.0180680529619778
0.108799829134027 0.0895557975323348 0.148665343371795 0.0821992625920861 0.12183693492388 0.0832595290485115 0.259689491883136 0.10599381151423
0.0480766513025588 0.204711752631338 0.147123150396017 0.0447937591640068 0.173311853828736 0.206857419406361 0.158713193596273 0.0164122196747078
0.0959835631366114 0.165464894474986 0.012002645533124 0.0582425269375612 0.149340043237281 0.0962013792257657 0.207439792458351 0.215325154996319
0.177637154958048 0.297940874473705 0.0488333259410392 0.00628046096406432 0.230881093039683 0.085730721876485 0.0476155195708267 0.105080849176149
0.138389290664736 0.102326805587599 0.162844442050229 0.288206525320892 0.213957514023388 0.00226741286177935 0.0449525208659409 0.0470554886254355
0.0460431134953186 0.0173371685518993 0.176316889782644 0.230699998436764 0.0214962941716341 0.130762856030933 0.365231341524086 0.0121123380067215
0.112551434538172 0.0468535740271252 0.0263979988621234 0.244067941467037 0.0132241454158557 0.25466579021953 0.287817337522795 0.0144217779473616
0.149149189798915 0.101508470011451 0.207816725411349 0.189601313844296 0.0710240454733666 0.0275262423274777 0.120600080433857 0.132773932699289
0.143857966193728 0.204698118443353 0.110531810117408 0.0278563308033328 0.0405286192931706 0.239673481797794 0.0499201596196927 0.182933513731521
0.140563160112341 0.0423355654452956 0.19338329942704 0.197024822641875 0.0788905294573514 0.183863423862853 0.142436454012272 0.0215027450409717
0.115175134795252 0.146548880765052 0.227610909543396 0.0338175297987896 0.132119922033904 0.0426375432824502 0.14882541135338 0.153264668427776
0.0894093688209847 0.163848011921047 0.124218102628044 0.0601555419186467 0.105373220977485 0.230853027390195 0.0470868181635258 0.179055908180072
0.0564352143299766 0.18966756636979 0.190931364175127 0.124127621287253 0.180440439823599 0.00326894429277255 0.125845795378029 0.129283054343454
0.229481356225613 0.24221923682404 0.215176446881113 0.0405630883661892 0.00771389086547594 0.0192955575942315 0.145311980738069 0.100238442505267
0.123734530239547 0.0724510371944189 0.235327563736508 0.224698691440555 0.244833405496069 0.0447097575551492 0.029592096429989 0.0246529179077642
0.0820772480997103 0.0294201836891176 0.0651660303074057 0.159134481213097 0.235615986925986 0.177262202390767 0.204949836659399 0.0463740307145167
0.112500721931287 0.234875500591725 0.114524032825784 0.0919234887405796 0.0538868488800949 0.198613640869906 0.173981024916964 0.0196947412436597
9.68713855726099e-06 0.00199888517469271 0.0944393808695128 0.134017590809106 0.198022399860132 0.110059923299239 0.258501267778916 0.202950865069843
0.208915232023953 0.0481317674298053 0.0317623878902648 0.167914892189769 0.124459333320196 0.0993351077447675 0.0563865702783972 0.263094709122847
0.017057722261708 0.129149322078913 0.134414390052783 0.158719051688059 0.172239590978484 0.143403559410494 0.203764822358794 0.0412515411707654
0.110914228169099 0.211618846456125 0.149361689005077 0.0321383983274933 0.105473850494482 0.237967108554372 0.00672366596811303 0.145802213025239
0.2146349931147 0.0996435901971305 0.12937871447104 0.159731589521545 0.100777490648576 0.0331466235118435 0.0685417452105373 0.194145253324628
0.105737839547281 0.143644764484558 0.0227181352270384 0.172834581175882 0.0134289166787936 0.261468398075262 0.243059572554154 0.0371077922570313
0.135051559851856 0.158796025235012 0.0912131079047062 0.146781544901633 0.0809416305994797 0.104392934470359 0.186961684560513 0.0958615124764413
0.184752910365052 0.0493731710043645 0.108924285534333 0.0235074259904741 0.0895695953233929 0.0365791398724047 0.212838735432814 0.294454736477165
0.159599833743071 0.200332403909467 0.00406567961348141 0.124763206952018 0.0299716288650463 0.0813068385864614 0.193242309963036 0.206718098367419
0.198943264550047 0.225971231279912 0.191812091728663 0.135976798571367 0.00435084105683888 0.0357227117128827 0.00611846267762576 0.201104598422663
0.0489439137816468 0.0625907949215349 0.0382475408402426 0.0501242574659562 0.278188621857435 0.0910197674160665 0.423001855244793 0.00788324847232447
0.22589161558854 0.103140085713466 0.0747894872586757 0.136087601755372 0.187941957083041 0.125464415271907 0.00615773105943872 0.140527106269559
0.0198369116625378 0.139948098320146 0.0311120334614876 0.0152567911487473 0.135100290912304 0.265369979890418 0.15760278538041 0.235773109223949
0.0108186368515576 0.209792443248145 0.144069834877873 0.029873171052106 0.222798287325768 0.0833382646647862 0.190457867502053 0.108851494477711
0.181558635911085 0.0533165431947252 0.159265092134229 0.159826890952178 0.0638447689989761 0.180512984528691 0.152653743947283 0.0490213403328331
0.12861136217484 0.15110899928244 0.0271537036490263 0.268024085581611 0.0166040565369865 0.183873541776096 0.044574551270454 0.180049699728545
0.212899923145918 0.214528305240979 0.0268845033748865 0.0419455218688828 0.0336876659516293 0.177177567666243 0.232448648907976 0.0604278638434856
0.140906623900231 0.143648120802731 0.081987740758263 0.260557697638777 0.103170676754928 0.0441853169517131 0.0146490206813558 0.210894802512001
0.0620480467542353 0.257913537336825 0.00686754426012871 0.217185383626393 0.244593190446803 0.118345271929284 0.0778209275512621 0.015226098095068
0.186151587290635 0.0949699421003805 0.101321880365542 0.0970483390222515 0.213826456166518 0.0223516146901413 0.154816176693512 0.129514003671019
0.0863644934531877 0.226495898055591 0.0197584427256901 0.0942332619860788 0.0558062742914959 0.26532761651214 0.0494946536274914 0.202519359348325
0.0409807362533673 0.0183462817332513 0.139089746505269 0.208193661221375 0.155772887814398 0.106174598858315 0.109667171649906 0.221774915964118
0.0942415788475856 0.063930004092357 0.111342329221149 0.217078913823749 0.0430399277021633 0.0860476024398902 0.204900894361227 0.179418749511878
0.200572229991864 0.0244225577521707 0.185858055060581 0.189892249788216 0.141356382014242 0.0485410664815625 0.198790095895097 0.0105673630162667
0.171986417271997 0.0268855400481583 0.219643207673142 0.210599518838879 0.0501597744829984 0.150239918816882 0.0799130328696637 0.0905725899982801
0.233174329253535 0.0350493911387595 0.171674121964638 0.222390499042043 0.0116118292559265 0.155921432639385 0.153650116373657 0.0165282803320564
0.182922594084192 0.208693794203773 0.0398510229382848 0.0134415061726265 0.0939688055039437 0.0282594481538142 0.20130430905892 0.231558519884446
0.231865474072677 0.014063845193925 0.0545011631444106 0.163363138478767 0.153752506846872 0.289623310723813 0.0436845312644263 0.0491460302751091
0.0738633041913689 0.237264895110533 0.210066339241426 0.0222057250083287 0.151666535192778 0.077520922922115 0.107812886608342 0.119599391725109
0.129617408717148 0.185327378317411 0.105193613396869 0.0111318591887112 0.247087861710604 0.00221122534186615 0.00619608861107286 0.313234564716317
0.172140754920468 0.0269917726655249 0.164773984546731 0.0217499949028747 0.0774158507161853 0.212763963960548 0.253636602654654 0.0705270756330147
0.236094470468911 0.0117769725951203 0.0491274821576384 0.142491749267436 0.24525460711987 0.0249251181733439 0.230398963222462 0.0599306369952179
0.110171763817534 0.0815577162623873 0.110388782559001 0.103228321376646 0.162598663391185 0.0794567371029797 0.263501541513979 0.0890964739762889
0.0302487995924242 0.207555256322756 0.110627738047369 0.179512789079761 0.141968524790904 0.177557476758811 0.144796699482127 0.00773271592584731
0.173275010533706 0.167747916707917 0.0547471243918717 0.0770842593295738 0.124429729176735 0.172357054947968 0.0415897568143304 0.188769148097897
0.0663290291891802 0.229632538052445 0.223283807948811 0.0941011860928038 0.00621011836462295 0.241673536069851 0.116821277412109 0.021948506870177
0.25261794927195 0.0602148080459614 0.050438871062719 0.139626796680608 0.267028716834919 0.0245972840759471 0.151418207886584 0.0540573661413123
0.0674651399838255 0.181642701785065 0.0312709494215009 0.0222962449822482 0.208242112252766 0.222728289031024 0.0435933436127095 0.222761218930861
0.123612808111337 0.155183658697006 0.148819747963138 0.0977783857460933 0.127305391234025 0.085919086633033 0.0936983227793705 0.167682598835997
0.220090618863811 0.0655938569544159 0.0436256672557941 0.0110474737174669 0.232634526708683 0.125471854920157 0.0831376428304722 0.2183983587492
0.107188109342395 0.0245086061489551 0.0721089742782949 0.0917985752836391 0.24304029560723 0.268194241550421 0.186335960195243 0.00682523759382193
0.173796688591707 0.0179216804909559 0.00134078242571786 0.124719479180773 0.283393998250355 0.111273728977085 0.0767108392384346 0.210842802844971
0.12998005005849 0.126875702533032 0.112683810095566 0.078378645557176 0.020623696024336 0.226952583975642 0.270365096709132 0.0341404150466268
0.180112388332239 0.0805335248133565 0.0202722266723744 0.181944911262674 0.118549275017205 0.173560376733149 0.0799838844630954 0.165043412705906
0.150683733110278 0.202190600430413 0.00976678983618502 0.00175103301711906 0.258808366962113 0.0347036346613886 0.0541059878591578 0.287989854123346
0.247677771252433 0.139442953476511 0.0913117054708508 0.184720625643971 0.0287238593493419 0.128933298232668 0.171164972028199 0.00802481454602488
0.177128281851673 0.185451927312228 0.250377788044162 0.111619943761481 0.0203537215647069 0.150594294869706 0.00137534960014124 0.103098692995902
0.156759278889154 0.127553623413724 0.0322733591730469 0.160199568337413 0.20907575139603 0.00249030839091213 0.149741079716378 0.161907030683343
0.150323344902364 0.178117127150025 0.0442735507597155 0.00974779377718761 0.214882520653446 0.0323043901871791 0.215172140571888 0.155179131998195
0.10830028793039 0.066901728209273 0.096076407135945 0.190227819366759 0.100040630091246 0.195365754525256 0.0896428335721169 0.153444539169014
0.0227497046688971 0.00735967756595515 0.0702814167829382 0.117961221376617 0.222778854871656 0.0456991778028124 0.213388445152517 0.299781501778606
0.0275079999782732 0.0920494049721659 0.257369519969782 0.0879530103837492 0.268725004056045 0.0357547577782277 0.0144572395621779 0.216183063299579
0.0175241179303809 0.0403640536084483 0.142830939410711 0.212367004506428 0.149455541420648 0.0974927669682806 0.165656909925956 0.174308666229147
0.0399263025942779 0.108402769816099 0.137769793548042 0.112063964202321 0.153064926949991 0.0439456441600802 0.204049918590932 0.200776680138257
0.0321443336003531 0.168500768481276 0.223447731513445 0.0452707304964512 0.0775818147545469 0.0679512373229016 0.199963344957234 0.185140038873792
0.113967099167474 0.0953627977841628 0.214502812844468 0.109981009577018 0.14746471902303 0.114179646005826 0.058250288892534 0.146291626705486
0.175663075451523 0.0690983370796672 0.153844715334909 0.227160568049426 0.0504589770134255 0.158229632724276 0.132476703708972 0.0330679906378008
0.192271806703651 0.0464971729378525 0.0911793909249721 0.0497164540989618 0.0631321626322571 0.181885767471202 0.248441148036146 0.126876097194958
0.0788422011290213 0.113412107606244 0.171199991731842 0.143553137447134 0.104955259987934 0.0752975757517654 0.138824460687805 0.173915265658255
0.0498861705411174 0.167307179189459 0.145960136247134 0.0909910511658227 0.0495609404815664 0.131078488159302 0.245660957337199 0.119555076878399
0.145602902511962 0.0455557730186949 0.099089621174321 0.206080296033116 0.120327760197511 0.105853362882891 0.0900032356667378 0.187487048514767
0.121482876737031 0.14097649208424 0.171430302621626 0.0253654077306148 0.140520044954072 0.190565915799046 0.100479200008826 0.109179760064545
0.00577325830178279 0.12422444205083 0.193444998889024 0.0910556202982389 0.067880544512678 0.187097109439505 0.104069437799766 0.226454588708175
0.0681240374962173 0.206980238704481 0.18907645526782 0.169267313049276 0.12801061714091 0.0349062165947503 0.154016785414042 0.0496183363325038
0.222712889184159 0.127833565754545 0.12153576170437 0.0635912576866808 0.0948726689345808 0.0443485731839476 0.117263901165316 0.207841382386402
0.234186812890849 0.101493003205693 0.0898049538878857 0.208178881612984 0.100884321332423 0.149117382020434 0.0738574324777669 0.0424772125719641
0.0857858154101536 0.155963490778908 0.0807858597651034 0.147210581193707 0.139212664560226 0.189944619691369 0.0114146920589919 0.189682276541542
0.0623616433651124 0.122037990590415 0.0325970664190924 0.257424133852923 0.187567180671228 0.077528590425057 0.000798204847647475 0.259685189828524
0.175363476068397 0.105670269187821 0.14892938510278 0.13292061800626 0.167538593052913 0.113402914568427 0.0342241317782628 0.12195061223514
0.00295218406049557 0.0561973494020423 0.127098507345667 0.277370614246096 0.235682722808083 0.145925955277419 0.0855838859199053 0.0691887809402932
0.0394768413703966 0.301996710219965 0.261129099675492 0.0377216412218337 0.00344722121646256 0.0436642649350693 0.179308006569091 0.13325621479169
0.015404142200659 0.181529479410588 0.136531794254281 0.097591930429582 0.118397697063888 0.0559735857528217 0.225262929155462 0.169308441732717
0.175811866420398 0.157987047756476 0.0708946432888865 0.110497228598207 0.0693462187578093 0.168910568409715 0.167361467788553 0.079190958979956
0.102577586293244 0.2224223503273 0.1199498426513 0.235101378858954 0.131177884601396 0.0071037014692151 0.0576234646682126 0.124043791130379
0.0113639166434699 0.172930673623023 0.0981705109820294 0.201324800925859 0.266516678878393 0.00393743260207743 0.0702745119224172 0.175481474422731
0.134844501515727 0.00916363202398828 0.221659418241145 0.120762295173166 0.0922618345061994 0.184138488730029 0.194222687909838 0.0429471418999078
0.0852264136400707 0.233468462815224 0.179658747858909 0.063013138659253 0.214172350656703 0.121426850285851 0.0270410607898389 0.0759929752941503
0.077012432362619 0.241144295042248 0.143447061228045 0.240043707615978 0.117463191643637 0.122264636049947 0.00540967976002753 0.0532149962974996
0.156471720583195 0.256932073045644 0.0434957016394749 0.0340549454743552 0.0955598453522118 0.184331756963146 0.124437495057371 0.104716461884603
0.0606018006666377 0.0552513605170442 0.0125825555161505 0.151317089780482 0.292271041634383 0.359384837182628 0.0166401921165791 0.0519511225860954
0.100056438495852 0.0396842744473249 0.140355847841755 0.178068102428242 0.113992221556964 0.0904758884403174 0.144840165286248 0.192527061503296
0.206202007352129 0.0177953116070032 0.129658903458769 0.0184405156321029 0.133099868729546 0.23215655394274 0.236285212635622 0.0263616266420894
0.0559130891795885 0.128489947021767 0.162014262214988 0.118318020523305 0.115795531452226 0.0985990602530167 0.167268488875885 0.153601600479223
0.22592178771546 0.00040413892097134 0.183077009155879 0.175877654147199 0.0406895121602749 0.0900980066316821 0.197491986107593 0.0864399051609405
0.0160490856679714 0.178627288955652 0.104004982021024 0.0929210952844082 0.094488989627286 0.157353335755729 0.227848459939499 0.128706762748429
0.060252059277461 0.211122262266656 0.0926713772947454 0.0565811286557269 0.126331796382147 0.139056979861341 0.198984597197269 0.114999799064654
0.117221055159319 0.164617901069939 0.0229335830848812 0.035286691121068 0.0180398942313384 0.299633510997398 0.0447004527444877 0.297566911591569
0.0539692626053775 0.0346664262470323 0.127784328928793 0.218060001213408 0.0652567111919927 0.239523432344324 0.0341213000653807 0.226618537403692
0.117081878569906 0.127530524955921 0.119908938031965 0.14382926051129 0.155531138808052 0.0117378450147805 0.155064378216154 0.169316035891931
0.124354766291062 0.17798344990444 0.156356232541333 0.103038395767538 0.153778205229395 0.145693094983572 0.132744548651979 0.0060513066306807
0.149599950793698 0.0625176788661753 0.103522880939387 0.0718453879960837 0.206730850905914 0.0237395643241291 0.211465856657392 0.170577829517221
0.204684080532768 0.0821111489715903 0.0103406495787722 0.252196106311982 0.168747673226615 0.173687487576521 0.0652691208472367 0.0429637329545148
0.159764286215883 0.186536640180042 0.0784365137149848 0.121996798618964 0.0793387085913491 0.119492656526188 0.0934011898896097 0.16103320626298
0.139537263958621 0.143487981130958 0.165482673400664 0.143506721306211 0.0327300588584918 0.162827621172047 0.0967255139449185 0.115702166228089
0.159512481911019 0.0329100812209021 0.111386136945553 0.201629167169797 0.0920293107765208 0.0552741117555309 0.196944876957833 0.150313833262844
0.127658187620117 0.162481134852545 0.0594952198065734 0.16458302315667 0.209397607291399 0.0509714726176364 0.213588295760737 0.0118250588943232
0.0768800720680953 0.0599657784441581 0.223372867000289 0.0935921821865397 0.167371553236459 0.17804817024106 0.129612948025034 0.0711564287983646
0.114504338280437 0.0688083838601971 0.089992056057187 0.0293011392520049 0.0961244553370083 0.225783935666364 0.251005215538674 0.124480476008128
0.211380777634526 0.0490116215667703 0.230635918693698 0.0489736900737229 0.218939783690811 0.093151329190131 0.11426277035411 0.0336441087962308
0.191374486845942 0.104765256926098 0.168570003032536 0.209805065185127 0.0915130069464438 0.120614095610516 0.000345948210889823 0.113012137242448
0.17003262639269 0.113520012292237 0.0876336191982787 0.0451904485424509 0.0147485984548477 0.214142481118352 0.209050839226302 0.145681374774842
0.177214357785165 0.187635442903902 0.166903396946485 0.160724808851485 0.120963060784728 0.00489933583987708 0.149708269302171 0.0319513275861861
0.135334253049716 0.0271760380233902 0.0105613150141081 0.000524417550443967 0.272956516714243 0.0350006010513181 0.38686535608787 0.131581502508909
0.17218764816409 0.0242592273562741 0.198403342486742 0.190128560379099 0.255870271327223 0.0531384134585954 0.0517012874601669 0.0543112493678093
0.184884528051714 0.00283300874678277 0.0552525895185055 0.111432005715464 0.133147113965998 0.201522513530335 0.209514505145694 0.101413735325507
0.210856291883361 0.00502344003823081 0.0831108326416187 0.14086110713703 0.13760014678355 0.0771773046229661 0.153196008029541 0.192174868863703
0.180509804240476 0.202807004966533 0.117974505860357 0.227468653868902 0.166182044346784 0.0300549293503901 0.0729349116094826 0.0020681457570757
0.0906680825507582 0.137423144469662 0.166595310005927 0.143626897088606 0.0367276137251512 0.204941824271714 0.0338976454166983 0.186119482471484
0.0176884387884738 0.186186070489356 0.308947708303006 0.0522179243536303 0.150445022509374 0.0215114960929322 0.170061871377696 0.0929414680855317
0.0442001357045293 0.0772880615654091 0.115100300636275 0.201487612467306 0.0786625573566619 0.217657032333282 0.243608185226068 0.0219961147104673
0.168501864712891 0.0599814488124032 0.0684736378027554 0.0760642321202881 0.130058333027291 0.0716603532788243 0.216248530805795 0.209011599439752
0.154179156267424 0.0204404882866252 0.0983972039291275 0.248131351741811 0.0251235796340277 0.21554951120019 0.109248121837449 0.128930587103347
0.172367437801189 0.0132839185248122 0.0876184686763193 0.17377091758926 0.013796200126507 0.196103160167842 0.238161732169001 0.104898164945069
0.199650331789245 0.189827125239802 0.0657382590734905 0.231726265230378 0.0511000685313205 0.0286634850533444 0.172868368687503 0.0604260963949178
0.246529014957388 0.244542644503086 0.243867295955541 0.138804908795211 0.0307466527923924 0.0160338763913581 0.0335420255722514 0.0459335810327711
0.191542653005429 0.179754557649792 0.0856575765935207 0.184593688931121 0.0627404443517846 0.194100611363101 0.0161159620582653 0.0854945060469856
0.143155030428232 0.11135220975704 0.0871437389996294 0.15830598405595 0.0951364919139025 0.090172536332679 0.103426415337755 0.211307593174812
0.161150034800061 0.128313149119971 0.090708979874838 0.11631915711654 0.163229666418517 0.0995272120092586 0.186293666695206 0.0544581339656081
0.196058539412377 0.123260260668307 0.061329042687584 0.0718372675207469 0.118377757288609 0.0443973990250438 0.245437049315614 0.139302684081719
0.0377447226359746 0.227235930405485 0.0724663576360362 0.082204206935343 0.0810771214145056 0.37736587858447 0.0265490141857666 0.0953567682024179
0.200109893203661 0.0824847535816241 0.110399049313187 0.181502406231284 0.174170415870872 0.179287614776949 0.014878271838991 0.0571675951834314
0.209263262067234 0.187638222217928 0.243926011384281 0.0672115952802452 0.0401695999499506 0.0817495399796216 0.139465703558945 0.0305760655617951
0.111602607731473 0.0975741668056161 0.0235534875834642 0.0901409948213843 0.11656093730864 0.184025945654007 0.198178001294774 0.17836385880064
0.00531326178065986 0.147973672293853 0.205373927562576 0.163245811148642 0.110795685720363 0.187748876507088 0.133412891705214 0.0461358732816047
0.132054022472144 0.127130024722198 0.0840251089573314 0.123995760124952 0.12298551581267 0.102941650223781 0.116560621053094 0.190307296633829
0.185383505551961 0.0470969408117856 0.0538162815601653 0.0905302278129117 0.174563468510448 0.0921646781159054 0.174141652140891 0.182303245495933
0.0386559888526247 0.205137297070298 0.175260954221912 0.0325193037675849 0.185155335013428 0.0305464100751443 0.178229439059649 0.154495271939358
0.208689435000058 0.0837230872476974 0.0192538607433393 0.193633649351384 0.167497456419432 0.16077166541232 0.0126045967484144 0.153826249077355
0.186889499683601 0.0781478168167497 0.228965050489528 0.0303499989292352 0.151928977187028 0.200266115385918 0.0961526887110585 0.0272998527968815
0.110164798737405 0.0446215000656751 0.144331564189888 0.154301176559235 0.0949860583893693 0.153049441429432 0.160902141140764 0.137643319488232
0.1219392479824 0.148475267219905 0.051047404070036 0.173696997721534 0.144085985034497 0.0653649373352291 0.148957651611016 0.146432509025383
0.157031415014443 0.20602324107512 0.170744699638342 0.0278997430537854 0.014660209774306 0.22693326157966 0.0171638377568321 0.179543592107511
0.164267034179548 0.167778739074424 0.161284898869164 0.191377446638996 0.0980850733349194 0.104177649942695 0.0943684625404704 0.0186606954197822
0.0577323167497072 0.103632294038817 0.0327902703739019 0.191489989559477 0.147416274677931 0.057554578060452 0.213621072401543 0.195763204138171
0.13101699305525 0.0343782111855943 0.172241430069045 0.111954494964971 0.0696657460757671 0.13808833135482 0.180012956151424 0.162641837143129
0.0606700501671939 0.217540853407479 0.181939424614485 0.213564790578768 0.0301530708717762 0.164983606767211 0.0973432449288557 0.0338049586642316
0.0509198387064585 0.01298281072766 0.173760966711254 0.0476917052397441 0.132770751411831 0.116694718886274 0.226174306002598 0.239004902314181
0.214184950870188 0.116401392037134 0.172650004820084 0.0576509752703448 0.156713071777452 0.0631439412061404 0.026319295117901 0.192936368900755
0.173853372013036 0.0332538997285859 0.0776238394659686 0.178794011761065 0.158856940171885 0.0257994554426447 0.179581717718758 0.172236763698058
0.0829495530761731 0.0958024674139927 0.209721973519221 0.0651357191469886 0.177167180729517 0.200511431521355 0.0130059927295109 0.155705681863242
0.231533014564526 0.000757374514524459 0.248719559378026 0.197022598978983 0.111424064977919 0.12400170567159 0.0335168937932333 0.0530247881211984
0.0210378973508442 0.166921389878551 0.157585370882206 0.0972366425816863 0.220615159509484 0.130995377591402 0.0699362508616846 0.135671911344142
0.137829264226066 0.180525220936616 0.00390431654863434 0.11612227647636 0.177421949979226 0.11145999213176 0.149719346128759 0.12301763357258
0.152760071804126 0.100328301216744 0.00320277257035645 0.165422094882648 0.156925000680842 0.161131670169305 0.154341295834527 0.105888792841453
0.108890306470597 0.257135073246144 0.0929621429969126 0.170251984776375 0.125578320828324 0.112905913197294 0.0396931435579355 0.0925831149264173
0.113500279828085 0.143958969519046 0.0248222367530519 0.217647908240875 0.223798491112883 0.182805978061781 0.00121319525306772 0.0922529412312102
0.0700907598305416 0.0964016782872728 0.155003416509826 0.122961158481951 0.19003469606558 0.0948661206925321 0.178783307936345 0.0918588621959516
0.231025009546504 0.134183186736957 0.0804548568750292 0.00111164906323458 0.221947585592507 0.196488965889588 0.0385479767231459 0.0962407695730345
0.000920498307754357 0.0221456414723324 0.268082264064903 0.178761618996479 0.00111985577648537 0.191445355775265 0.222877355943747 0.114647409663035
0.10697013268418 0.133963750549381 0.0943302341442998 0.0711084440043052 0.135911628907751 0.198319519406175 0.212446722430725 0.0469495678731828
0.122781120401251 0.181329667483775 0.15084025176023 0.195067867430743 0.0336090771205605 0.00922901663972527 0.202643228163595 0.10449977100012
0.198082491545065 0.0965200942836888 0.201071073585178 0.12132816783294 0.0403559095778483 0.119619303573109 0.0175271519810382 0.205495807621133
0.141318319157035 0.171741072396485 0.00391065327814374 0.148638120207059 0.131645740958815 0.0701132300940376 0.204716154804321 0.127916709104104
0.130246251311565 0.000557352725548197 0.220018012795221 0.133260028075719 0.191317905880952 0.0186683261704915 0.215495653921892 0.0904364691186111
0.12917683724718 0.185683317003549 0.173303085698246 0.0048215205951989 0.18750407776855 0.0760427302627864 0.0783209603978034 0.165147471026686
0.0612205059688804 0.160304169331723 0.26625205303481 0.163563052833097 0.048466932225102 0.000564961495133907 0.216200114742809 0.0834282103684458
0.0363922914600283 0.126063601887933 0.0536289416246106 0.177230614307254 0.225591034167491 0.212839063918399 0.0566237692492251 0.11163068338506
0.194192422487741 0.0921180406215737 0.0343723127677891 0.0932858566316057 0.187201263462675 0.0468642630124332 0.169671679079639 0.182294161936543
0.232560594196927 0.112020637456399 0.0488697777703969 0.186616078081346 0.117343906597664 0.0924115582801609 0.00694138354011389 0.203236064076992
0.0188689921927895 0.00946034752437101 0.216144311312908 0.133231357734336 0.199860080595453 0.166130393859438 0.0327271119751737 0.22357740480553
0.153657796479704 0.184006168190569 0.0788923794719663 0.0315241927576449 0.122422507948109 0.101828981515942 0.0821809531904185 0.245487020445646
0.12017479328918 0.163754197032761 0.208302299869356 0.134121841954031 0.0586739449991301 0.00693278146048351 0.0852900732556034 0.222750068139455
0.0442581561791567 0.0295595801539473 0.118460818395766 0.119892497076616 0.135309187589648 0.234294577583471 0.0722639733383318 0.245961209683064
0.103467095738636 0.189673375246007 0.0898012116106033 0.167392189641359 0.103552664049768 0.108058815215544 0.104327239558638 0.133727408939443
0.14426894077825 0.171832270009627 0.0211105923285937 0.0744092684216212 0.153685845251681 0.175431098581129 0.219373374571878 0.0398886100572203
0.166089958633047 0.143915699772845 0.210957823921741 0.143264713975293 0.201917272475106 0.0336837698719158 0.0349228543651641 0.0652479069848886
0.135297622678834 0.109400152876597 0.135400805783399 0.13318279998298 0.133644039119237 0.101073947330539 0.160366088950945 0.0916345432774692
0.067790611943923 0.078098937674948 0.155513729750157 0.186168738586284 0.177623122319921 0.151393214562963 0.136896525782762 0.0465151193790419
0.0973778942687032 0.146293948558093 0.0159844461257559 0.1691136515421 0.074858312585448 0.185524256003804 0.26747572828639 0.0433717626297058
0.00170961424962923 0.148108450666027 0.301922899266212 0.206775125273009 0.175823080810644 0.00427136009232144 0.0985782851646075 0.06281118447755
0.103594131015758 0.0294906185882167 0.390929386542545 0.00298718765021755 0.324099976743994 0.0198478682014503 0.0181689611128588 0.11088187014496
0.144817375106297 0.0245036473278728 0.181051954930675 0.0957996167252815 0.148837182318848 0.18085792869823 0.025163558882529 0.198968736010266
0.0645157654169346 0.0888679682562118 0.272192806038704 0.103177129950723 0.075312254000495 0.101256285261457 0.0325793924068692 0.262098398668605
0.305521109210162 0.0223809002548302 0.00278515505564673 0.0921485664194044 0.00205129805609546 0.181704223776059 0.311761359513587 0.0816473877142156
0.0420518219775787 0.260110217871316 0.117848214945159 0.0388412978904374 0.154072558899864 0.225187958129901 0.0763200238611162 0.0855679064246282
0.021264043669909 0.0938394010313982 0.203153749843617 0.0215444735018626 0.0675900482410843 0.226563206884178 0.144783963007459 0.221261113820491
0.0879687190040427 0.145069549939919 0.19221795250575 0.199399535037242 0.202385866170306 0.0815083327184927 0.0835447812647477 0.00790526335949948
0.183705463062958 0.139225405955683 0.0654272459024834 0.0808973349799807 0.201403949087354 0.172565131835491 0.118632962825905 0.0381425063501442
0.037213812001949 0.0945422712283134 0.226419549231664 0.243201383033865 0.00410716738283767 0.0235692466267225 0.163280075885486 0.207666494609163
0.0130939411283889 0.0678028114875325 0.256014163325432 0.138632311649113 0.113063971303826 0.1210384000885 0.0414791049773754 0.248875296039833
0.050071599930293 0.0530074827306506 0.205067781088997 0.0951679785098157 0.205908043405921 0.164441130183765 0.0197480445150304 0.206587939635527
0.0260827167151056 0.129211122733422 0.188763131399355 0.0919213219111985 0.118991387187213 0.172956808131859 0.132654873109203 0.139418638812644
0.0342038853744351 0.140664882735215 0.0368001028884605 0.247103359625312 0.188716700616026 0.10976827380038 0.144896419941139 0.0978463750190325
0.138763565281806 0.0990677808782866 0.0254617406856539 0.178835411407477 0.0470831069669546 0.181894036082869 0.0736114558416331 0.25528290285532
0.166069213134323 0.425595363090101 0.0314264976529544 0.0629831808035668 0.0645612971270869 0.19416227054512 0.0422203164190292 0.0129818612278191
0.12628427832492 0.0791891185506599 0.135242398125567 0.0904652014858244 0.123307119814676 0.133767320216296 0.184995611221214 0.126748952260843
0.1689560693227 0.213551483954552 0.00301715961484475 0.21237162050982 0.0881887040142536 0.249543561829516 0.00236620623307323 0.0620051945212412
0.231790211136717 0.3212036632516 0.0668207359584135 0.182138061364857 0.015943653614249 0.0839209697120673 0.0237783994005217 0.0744043055615733
0.162602289921664 0.0995629096157524 0.164672448575618 0.0183189008469376 0.0534952356014896 0.203112711070644 0.0945225962545746 0.203712908113319
0.00409117852477955 0.285478972193196 0.063303030798969 0.00211604258539802 0.174923233842135 0.137084073017534 0.062698174468881 0.270305294569108
0.247986607411841 0.05008473673834 0.219962127331939 0.259429063891559 0.169042526960349 0.0187191128522107 0.0211921768347235 0.0135836479790388
0.139581829953225 0.122063737370755 0.11788600949332 0.285377758422651 0.0887312753224262 0.043188586918788 0.0791138541723007 0.124056948346534
0.1013469880062 0.043146046573084 0.155506731017065 0.126166397684201 0.150128691134138 0.110005918573201 0.134123661769471 0.179575565242639
0.14962813509127 0.1170419209204 0.12902699244621 0.142600908839232 0.133566848795049 0.178492599131208 0.101183560468033 0.0484590343085966
0.08448394163025 0.114975464066805 0.102929962096689 0.149950572380709 0.0575575070057923 0.169699482165583 0.16250831221395 0.157894758440221
0.109905718547838 0.027686218450214 0.157262217702267 0.211316734524815 0.0640077111254187 0.166967543726259 0.138165439505874 0.124688416417315
0.0708222666942779 0.0587565501160076 0.055248061122677 0.139937685767316 0.136551785504441 0.158702838960916 0.229384811100341 0.150596000734024
0.258351897646628 0.146339376970181 0.0610792761104142 0.235583523344603 0.0527748772921487 0.0317606676330661 0.0899155585890967 0.124194822413863
0.172886088433266 0.00940795933170453 0.149998792566994 0.0655891418777848 0.240762039774714 0.0728796852780105 0.0936605406634535 0.194815752074073
0.153724578969272 0.180009914223876 0.184713997656195 0.204261444613659 0.0648342366601288 0.0731357771676419 0.112056644598134 0.0272634061110934
0.108275290641253 0.161616349375873 0.269213844009325 0.00211418555406029 0.0849481889021152 0.116754293606094 0.199533715703841 0.0575441322074382
0.214324000610702 0.0786163277191938 0.19646506685164 0.145985539154473 0.0688133894370237 0.164924018157157 0.077781258594487 0.0530903994753237
0.222398616877256 0.246468742725689 0.188097299185895 0.0616169688284176 0.0422305162610102 0.0972732924684581 0.112483936452807 0.0294306272004678
0.187125035023521 0.103161369457929 0.0185634063631667 0.176439132773587 0.152177821038093 0.101080313882252 0.174367633555106 0.0870852879063456
0.118252478486459 0.00411706531339614 0.00932870546879452 0.0749342691078491 0.177693345111878 0.147577992066112 0.230107995069218 0.237988149376294
0.256142596320633 0.128648110408087 0.0876325284876806 0.000593845658767688 0.158884361060383 0.0956929704026833 0.0652161543297675 0.207189433331998
0.344220279130937 0.0572638147043669 0.00505734180388523 0.139585746415878 0.162199337332178 0.0334720947834455 0.246775177602618 0.0114262082266909
0.058339751084332 0.126120315933373 0.156919531032449 0.116536869717056 0.219836693834034 0.15378000905426 0.157832240099436 0.010634589245061
0.0871959750910558 0.00672430234274595 0.0743870899433367 0.221386025160496 0.00231733007906714 0.18214417119319 0.288238268451601 0.137606837738508
0.129218913081443 0.197671525905499 0.063877611508079 0.0968871324113391 0.0448134931291256 0.24019896979423 0.180259584105328 0.0470727700649567
0.132090516326877 0.281102139227707 0.252748733216658 0.0392113022721155 0.0555598224507199 0.015660940353648 0.208207311138267 0.0154192350140077
0.0545255217236323 0.0625643351236135 0.113301585484262 0.144458468347356 0.0187019278943511 0.175360740809556 0.220784461982031 0.210302958635198
0.182547090746456 0.137072663056692 0.194627739509266 0.108477482301369 0.0437368700584026 0.0131889566791224 0.211639318918883 0.10870987872981
0.0212560193194553 0.0501030013718989 0.288169639560062 0.120153194123576 0.120352994511139 0.093495619594709 0.259477703128941 0.0469918283902188
0.152384645896074 0.18365522550721 0.00769750377977022 0.0755158259636095 0.164033313764542 0.21515453520842 0.184245151654764 0.0173137982256099
0.100027584766189 0.125237386724073 0.206312581710342 0.0707825732863321 0.0498920058422378 0.104920228166617 0.224514038236382 0.118313601267828
0.207399724347346 0.00921065474179561 0.0465811530569613 0.00567414466120564 0.0844596216631266 0.243736838312187 0.232904535374134 0.170033327843244
0.23390286535793 0.0574904637542916 0.152603298312527 0.198334047751558 0.0629572467985995 0.100648640732977 0.179169808807451 0.0148936284846657
0.0425072837426032 0.106327791857003 0.128408100328756 0.238382324691898 0.203014930233192 0.0473605321312268 0.182735852512342 0.0512631845029793
0.142584329401882 0.247850531464453 0.103069702810441 0.200605251021414 0.123267709626405 0.0161382019470213 0.0295162782283559 0.136967995500028
0.206242735463242 0.229158591948793 0.270727311553636 0.0520094801580537 0.150819881781231 0.0242741182509731 0.0612027651933059 0.00556511565076504
0.0567601483609094 0.238636610465647 0.222729885864913 0.0748271489900493 0.125458966524324 0.140809815687108 0.105524401508107 0.0352530225989421
0.199908902533834 0.104261705648561 0.0897197477957724 0.0778508152005152 0.246343987528259 0.0199121400873297 0.177358549357833 0.0846441518478955
0.0736440065235727 0.204973368175176 0.00838125648544807 0.139342855336784 0.22113479412822 0.0449553655704358 0.141149747986163 0.166418605794201
0.163650423227629 0.138765906488546 0.177266768977172 0.153410169502568 0.106008316298296 0.0147229369975082 0.0640985891493475 0.182076889358935
0.092765297398521 0.107682431449212 0.0518354041949632 0.264016826513968 0.187542444114996 0.189129225854255 0.105230413112093 0.00179795736199071
0.14154484392817 0.204041675317446 0.0689489503709792 0.17516813781246 0.10281863447215 0.0162810787927243 0.132372628586191 0.15882405071988
0.204713542024646 0.0875598926573999 0.0888073816077051 0.0471785084092433 0.086754011106433 0.134768247289513 0.175055186379282 0.175163230525777
0.0033774117198658 0.139868977120204 0.229099518007268 0.0768629394507947 0.0850081191133423 0.161544029447209 0.231388532533777 0.07285047260754
0.158109321383498 0.163568330619161 0.0132038359257193 0.0751529918307067 0.117350856552342 0.234762734002161 0.092914976492646 0.144936953193766
0.0706220932249556 0.182894839295776 0.189477174509774 0.190363220863428 0.171473843788485 0.0249897799256659 0.0263680630160021 0.143810985375913
0.150906480937163 0.00768270229101523 0.150846387321761 0.145825306638071 0.113651480993547 0.0393931463620334 0.179511613858635 0.212182881597774
0.196240753308415 0.10617923424765 0.0930263057240085 0.194016535522052 0.123967041850812 0.142245803425141 0.0692905597645833 0.0750337661573383
0.0680104907713326 0.184803450410161 0.0787158242626359 0.0416314480181347 0.221009130530353 0.136441309941174 0.2083139336172 0.0610744124490084
0.0990748725735917 0.197361781347328 0.169359448238482 0.0705807812018761 0.0950191526560606 0.134951922861667 0.148404458411467 0.0852475827095276
0.164343867068699 0.0211789584889104 0.261606496064229 0.0587617664493715 0.217882802205682 0.161798255219322 0.0500721951507275 0.0643556593530588
0.0568099630326576 0.119211484753418 0.0491128418019165 0.105485500672673 0.140444075287271 0.145624873728 0.18075080594835 0.202560454775713
0.141091270684528 0.0252787518902858 0.171260960859865 0.0625264036410326 0.169269995113998 0.0641561775749837 0.16473751025452 0.201678929980787
0.00184550554585433 0.123032334110324 0.109881817967144 0.224276490784412 0.0868031879518114 0.14998290452343 0.156259854536647 0.147917904580377
0.180656550984458 0.136332629389757 0.088101930406831 0.067789558219543 0.239498237564638 0.0375491891753966 0.226195277068212 0.0238766271911648
0.291416638451135 0.11672676296847 0.295017495187452 0.0492235008144055 0.0615083364192026 0.00837905227443538 0.0328012471041294 0.14492696678077
0.197189899112852 0.0383535066092697 0.11710449403057 0.00975746048256302 0.231772733036039 0.0546382580913776 0.196847592975411 0.154336055661917
0.184998520837646 0.159467362706014 0.000769404439569701 0.0333594676370297 0.0537902913408702 0.160992111468146 0.210133901452981 0.196488940117743
0.228120233589179 0.0782035708379555 0.108170011545033 0.134670118044876 0.126475291448831 0.138001400890324 0.170870280864203 0.0154890927795977
0.172798733511047 0.156963465002662 0.072891438921068 0.208937192208224 0.0804467131165081 0.1200089409271 0.145570740586706 0.0423827757266847
0.115953616507452 0.100825790697429 0.131997013747753 0.159482801629267 0.134751018643062 0.161098046888208 0.132968945426209 0.0629227664606196
0.136156934129337 0.211094258706493 0.0560318615089061 0.0518438566096895 0.1973563291302 0.17238340505024 0.134245652984515 0.0408877018806203
0.240917456245797 0.0268440477818759 0.0989954401423154 0.243303032273006 0.0924562442804305 0.129508301471299 0.103511493797818 0.0644639840074579
0.139083346116692 0.130190566669872 0.13220224079665 0.0223914156643764 0.120753798171916 0.170494215175839 0.154081703031968 0.130802714372686
0.0689571825518878 0.238174550537683 0.040443732582112 0.0660304506562466 0.14438539185936 0.0660560545659275 0.35840103967456 0.0175515975722225
