0.129448697736594 0.143759733010784 0.134136390536999 0.169838679176763 0.107527742898001 0.163804603467898 0.0449266541275365 0.106557499045425
0.130722700645834 0.18309920357268 0.138141490270491 0.0624925913095332 0.12367848418925 0.0641294402962362 0.234652309968181 0.0630837797477934
0.0322619843637419 0.146515506447582 0.0617267213743315 0.186293418441262 0.157964184241935 0.162074104919942 0.0599226228739406 0.193241457337265
0.210915490796214 0.0141894729893478 0.133261917083567 0.0189803994562083 0.113632631270132 0.210376616809833 0.115061570687505 0.183581900907192
0.228584291030418 0.0810212192680084 0.0547504808389887 0.108067238531007 0.19715150214777 0.212585745563664 0.0959185707950178 0.0219209518251255
0.124609741207437 0.0405964453936297 0.19027365648488 0.0518211168817143 0.181162583882535 0.04030292295049 0.290922157026195 0.0803113761731186
0.043864692582601 0.193550732055607 0.112438528012119 0.11903555875667 0.14424460114247 0.169374391895028 0.032681330276809 0.184810165278697
0.161481695775983 0.18618019895095 0.0576547068629085 0.0856815650327691 0.113732827475704 0.236202293721437 0.0324737415786208 0.126592970601628
0.0691358090970216 0.0963230315835368 0.104535800235627 0.0835462242448657 0.204684866896574 0.071182980463122 0.189442227767365 0.181149059711888
0.0456661685939796 0.0908889222165668 0.215826913585562 0.0267542869089133 0.185153497165683 0.197116055656099 0.164140908823305 0.0744532470498918
0.0645162902368549 0.0999320096330539 0.097531468779944 0.129552178117573 0.176371817307101 0.210930222907517 0.113810314794572 0.107355698223384
0.0772542452558686 0.243546036226624 0.0242757168019479 0.1051013190826 0.0788960672309789 0.121205232174451 0.176686160742703 0.173035222484827
0.144147194651339 0.176086324679482 0.188569121428426 0.144224029946127 0.083586951746222 0.157782165981715 0.0913321743404887 0.0142720372262
0.103148496302341 0.100222109297153 0.152431465690926 0.188424429267164 0.109260330763978 0.170455111626436 0.175714643903058 0.000343413148941895
0.0284630002274308 0.049723750689677 0.0727201627225718 0.0835027922838492 0.229859520036252 0.260052635178179 0.223070203346869 0.0526079355151711
0.0811383294077529 0.168681659310795 0.119124277683471 0.194271463087401 0.030382061744565 0.203239311228908 0.116474040808555 0.0866888567285512
0.205133568421997 0.0876877754303219 0.176247559348995 0.0668731481513042 0.0601879032877372 0.197580493864409 0.196588238048054 0.00970131344718093
0.0860158883914058 0.17607677696031 0.173801219590765 0.00934268101116063 0.20394610604024 0.146380163674411 0.155624598125992 0.048812566205715
0.18776903281286 0.198100918411375 0.103390035733699 0.0022164454046162 0.191543889774012 0.188036883537049 0.000154317063629742 0.128788477262759
0.0874372083415682 0.0832469350838791 0.202807533266069 0.0362691455507602 0.200018861630907 0.173366120801234 0.202666851370859 0.0141873439547231
0.162217872310584 0.0789491199987837 0.0785871162186263 0.0199675355454153 0.0836314411721321 0.194513081110701 0.200806738978764 0.181327094664993
0.047770946919439 0.112544152714404 0.0299487730303574 0.0171401600257603 0.266196121031247 0.202541690538316 0.103761760558329 0.220096395182148
0.12464428960659 0.124053762280787 0.118831079661487 0.174957373212963 0.154863522089621 0.0149788330905442 0.021415328384094 0.266255811673915
0.08990233701986 0.161735088426305 0.115306707438064 0.10759873553946 0.127400659197711 0.143163511098313 0.20171935490167 0.0531736063786178
0.158166294541964 0.129828362962103 0.0091363460167855 0.170916828024637 0.11613301041899 0.00592860263042852 0.172632441070927 0.237258114334165
0.0856035232802524 0.20210230653811 0.0892335695744248 0.137885181427438 0.190126311739914 0.0781484716839509 0.210453207619835 0.00644742813607505
0.0505481371969474 0.141968075193665 0.147367691282484 0.114336468905566 0.214602088446382 0.21700286132781 0.00971598773137419 0.104458689915771
0.127998698071229 0.0753890887710148 0.193343597663854 0.134091964160746 0.114525942697381 0.139142444258252 0.206280365407034 0.00922789897048898
0.099863028445828 0.135282544562832 0.0828836701271752 0.131445300829024 0.228492625988475 0.109748483814832 0.118297889766392 0.0939864564654421
0.187803023284702 0.136641096722434 0.0864297366160556 0.206660363929763 0.0256869573253102 0.195407212906326 0.0760190008122867 0.0853526084031224
0.0203290197204804 0.242509118320898 0.0432552061248386 0.241811082547537 0.025136851321758 0.202106594511404 0.178579858765819 0.0462722686872639
0.170514814970856 0.185578949295312 0.114665788236407 0.117921157433838 0.00611793605292859 0.0852532445858957 0.125399653576706 0.194548455848056
0.0120011798158126 0.244399522257249 0.245845212633055 0.0103067108711282 0.152364801448147 0.0772919325923027 0.11994993793132 0.137840702450985
0.049872721327876 0.225838878799344 0.0550835695075266 0.147357309399617 0.106679148541627 0.0497001264702301 0.209347447308113 0.156120798645666
0.0520844999232414 0.163017541729374 0.155011097126824 0.164838460724565 0.165656387031092 0.09891340462887 0.14660127165716 0.0538773371788725
0.0573996835627235 0.158927964840989 0.016606669782213 0.115240000473237 0.166747847573217 0.184471830130713 0.146213626645993 0.154392376990914
0.0865645090679613 0.266336209261723 0.135180870076998 0.0203102417146617 0.0528771463292483 0.0969771903890205 0.0156105366649357 0.326143296495452
0.149774996279323 0.007361412973604 0.211256488230831 0.225147377735053 0.00327883255591263 0.0266897777276818 0.176920938922579 0.199570175575016
0.04466270566782 0.205566431741603 0.150429831783214 0.233506268318931 0.188485995493331 0.00359855539128335 0.0742547834043361 0.0994954281994813
0.221933411217559 0.21099158385929 0.155971220362819 0.036989829772324 0.130403725357973 0.0261205738953395 0.0475656984069086 0.170023957127786
0.221905721000049 0.0224617416517595 0.0880720593623756 0.0366475744285607 0.219035875055202 0.24800214920655 0.0241078409823191 0.139767038313184
0.222898241685977 0.125997904041177 0.13114697677716 0.131955385704777 0.064735506595087 0.129254868215875 0.032192677576793 0.161818439403154
0.209487309368325 0.207084746239624 0.088118653568492 0.158128811292867 0.203658308367505 0.0672596271226121 0.0358793229528342 0.0303832210877414
0.308422304852182 0.079110884218894 0.0530276174443989 0.0120068223398382 0.0078547374866043 0.316683763822697 0.19490311728422 0.0279907525511661
0.0405002360964473 0.0692896947861119 0.145021804593703 0.18609111507845 0.133594713037065 0.103019922830453 0.181958348115648 0.140524165462122
0.113424846441162 0.0852372298512883 0.110310729521821 0.154208917570084 0.180912672012371 0.209124829134691 0.0474235359021335 0.0993572395664499
0.117430876469235 0.1715895319658 0.116493310191162 0.0726306119396809 0.152320251268269 0.137311937914039 0.114901194556818 0.117322285694996
0.195351606227144 0.198522519605364 0.00991542218574968 0.177231802631712 0.086768764218272 0.100955421559048 0.197298112523328 0.0339563510493825
0.216663542699652 0.166899768564435 0.0931800604241023 0.0168405495693597 0.00671165076577116 0.208328103236844 0.255510509353175 0.0358658153866611
0.258769188089056 0.161467922314883 0.173242532460648 0.0610156510605242 0.0344436464707014 0.0685625621818218 0.0315595688728555 0.21093892854951
0.182501960930011 0.024127039674022 0.109070818310622 0.168630616699613 0.157061985712179 0.174201839420013 0.0724198828285804 0.111985856424959
0.164326392311906 0.0893215621687068 0.197118473680769 0.108245539712008 0.124812594003502 0.0465761205352877 0.168747871985458 0.100851445602362
0.203604261863603 0.0749365297442242 0.0426600417990729 0.160064894717978 0.203565289259072 0.177349119507462 0.0592943028148018 0.0785255602937856
0.10571899678464 0.226719923852978 0.116721587944738 0.0666803427379102 0.248288348168764 0.149083195185022 0.0777980124672746 0.00898959285867297
0.148472108393251 0.199845809988355 0.0193737284352673 0.0583918372664718 0.156852698264771 0.0816971971212033 0.231214218898524 0.104152401632157
0.0389846667991565 0.189505185076436 0.193841853795089 0.17600065383841 0.0716091734104328 0.0480920634647759 0.255013742077272 0.0269526615384281
0.13949997970602 0.144886042037084 0.199819217527945 0.186020474236359 0.182217089619408 0.0549402296164636 0.014902621417856 0.0777143458388636
0.14053169281827 0.0780670464923019 0.206663120117216 0.109666926732591 0.111937023441059 0.0796628120327702 0.209223957304646 0.0642474210611469
0.186065977961968 0.0979787303856495 0.135792876192671 0.152096741155954 0.111895783873712 0.121076251304569 0.0225974787234484 0.172496160402028
0.0305472244379982 0.166783524725781 0.143579950861007 0.085818026884649 0.163175532188195 0.162413693115552 0.121573314866973 0.126108732919844
0.111500108628754 0.132161359118632 0.1763158569694 0.115059868652764 0.0334252298453771 0.0658890241646687 0.151491040444425 0.214157512175979
0.0957165232345346 0.0644010958444796 0.0220338386330673 0.324870232113509 0.0616796647681646 0.167731469204962 0.0669915691442254 0.196575607057057
0.125564385276108 0.20311268955277 0.109281878277305 0.0276571836048742 0.138756130688583 0.211108429292019 0.0960123459656447 0.088506957342698
0.188574140564975 0.0113864445793689 0.0984925608022123 0.140565676516103 0.156104671986227 0.199892344739821 0.140198367813957 0.0647857929973357
0.0574705877690302 0.120770550620907 0.019832147432404 0.192283431790568 0.151557751635512 0.0855293031445197 0.186436820394254 0.186119407212805
0.0232141857950905 0.0704091940598848 0.078173573949464 0.185857136338375 0.18143155245884 0.140362612431996 0.182870338616342 0.137681406350007
0.14162990091186 0.168605371281281 0.12411426424633 0.185179353082849 0.177242842400485 0.0161431302747134 0.102903815834561 0.0841813219679201
0.201904737251595 0.13726644797805 0.0565046856053788 0.0635135429765044 0.21455542328728 0.0999905461807915 0.208350133125664 0.017914483594736
0.0175896496336948 0.151935428447168 0.220656816980534 0.138020531796985 0.0185067773865924 0.105448980209279 0.263050240709431 0.0847915748363153
0.00252325860655331 0.0373780822020682 0.140190888308259 0.19611533474612 0.239871493125247 0.12244660822997 0.029398790219429 0.232075544562353
0.0687819516479525 0.209216806824977 0.179771835943386 0.0456812276871924 0.0460644751874725 0.0830982019989157 0.168569275682432 0.198816225027672
0.151121817664228 0.198357302988242 0.0954039215773519 0.0642096662545642 0.0914446243659531 0.147880879788039 0.155883717049776 0.095698070311846
0.117029993338012 0.00402435199315184 0.171609415251537 0.182967257051896 0.0787736368828085 0.184095477352911 0.123561109530393 0.137938758599291
0.178195985171761 0.0342517291777842 0.182456257175173 0.176074046542696 0.0738342794174508 0.164671708806257 0.150004420920281 0.0405115727885959
0.00468071896866927 0.11723851176231 0.0737590127986089 0.215723237228521 0.212359411176564 0.253119495246908 0.110940730121528 0.0121788826968915
0.107260070572254 0.126087620490577 0.186138031409925 0.15545416357341 0.0504440632596493 0.0869667523291012 0.0998380832452073 0.187811215119876
0.1222267723361 0.187338135626722 0.17967600892374 0.005902871689238 0.189588909890185 0.0980029909047047 0.173883179670806 0.0433811309585046
0.0258301397578696 0.195374580689604 0.0313513348626662 0.212965325139076 0.178330699185847 0.0882774221367337 0.185036279573721 0.0828342186544817
0.204963340726544 0.117446207651102 0.219122090456683 0.091929943804276 0.135052779403922 0.142375652759477 0.0701561432024466 0.0189538419955507
0.0640355301040859 0.0528792791259859 0.112670451595631 0.148349052484208 0.228547677437015 0.0119040526771804 0.286668746816106 0.094945209759787
0.192573190820321 0.186114335005857 0.0137091782882657 0.161186891949135 0.0589093335946901 0.180762651539924 0.0719902549153872 0.134754163886421
0.0793567746452628 0.0370487550413109 0.129215178862617 0.190925791430186 0.296304700567375 0.0832218053068599 0.097085773036601 0.0868412211097887
0.184883424142808 0.130862671114406 0.18282661586696 0.174321594815608 0.0817065200142183 0.136765130230591 0.0288321653655806 0.0798018784498279
0.147875096661569 0.290907461210634 0.00586804854995121 0.0631661312715857 0.0757725003529491 0.272824277422904 0.0720847159896517 0.0715017685407559
0.0560068539394619 0.190813123304775 0.0138965586898337 0.284465742972645 0.175185017863885 0.0748887569691761 0.0234815075862782 0.181262438673944
0.252744953424405 0.175440052855292 0.143074979794398 0.0706452063760473 6.72384731772517e-05 0.133310625528178 0.0010656847391221 0.22365125880938
0.205532694913107 0.0243952691160841 0.196042465201762 0.209567016395689 0.234909201179123 0.00535189203624025 0.0142340882880698 0.109967372869924
0.246823146242192 0.00711065464979614 0.117820119581233 0.107105813483613 0.0163778931015379 0.447592979508525 0.0421983456277668 0.0149710478053359
0.0769127249263354 0.06898014834288 0.132554257085404 0.121722699415166 0.0909366477443841 0.239552155863822 0.03044980575118 0.238891560870828
0.107431330370434 0.124719434451753 0.127700413345297 0.0257396018793425 0.264075794914834 0.226505315738327 0.0452410465945342 0.0785870627054767
0.202249105257068 0.19558469509225 0.0278041595239799 0.0781307947318818 0.0794374958365026 0.163458579319052 0.0843362408667096 0.168998929372556
0.103885557072251 0.023585533325132 0.18216045412164 0.13146483610101 0.11175461924618 0.128374504195708 0.144110499458134 0.174663996479946
0.170924007786667 0.144414835792333 0.0980598456896611 0.0821527272450683 0.0724044742895834 0.0392179120007134 0.225885147533534 0.16694104966244
0.204240794938507 0.180140081968992 0.0506741413081844 0.0135795977693307 0.097403270275262 0.248553280467133 0.135404813100124 0.0700040201724667
0.0191770260127463 0.232747805617405 0.0964982524992863 0.108266127765328 0.116249024927127 0.0274432367222999 0.219404955365196 0.180213571090611
0.0488796163949208 0.208487251589753 0.0782143653996999 0.00589886708047311 0.111068905913294 0.198023334502662 0.0937084125221671 0.255719246597031
0.090231112662188 0.211466178181872 0.172994574509886 0.0588035177008216 0.153333679514883 0.0511051038493906 0.0658706488871813 0.196195184693777
0.0125268016939268 0.143165457043868 0.212191323060805 0.0149452827503784 0.136004479373283 0.196832330076503 0.245771930947846 0.0385623950533892
0.14169974372118 0.00733525514682566 0.137021871045172 0.193559370894554 0.217601576690027 0.0304868056349116 0.237726279044872 0.0345690978224567
0.152891259783618 0.0296629559898727 0.041237039493701 0.0279838434853873 0.010894726000947 0.23933041358169 0.307617753955817 0.190382007708967
0.147055082724062 0.0950484742940484 0.0295801304946999 0.119333338138513 0.191874102408435 0.170183554031783 0.169769306969104 0.0771560109393549
0.177370418983943 0.161354025305962 0.066534163609676 0.114051067904677 0.155990209174995 0.173965800067361 0.147295541112928 0.00343877384045814
0.125106326898727 0.106804784444518 0.0795889773017363 0.0931518401983018 0.148453602264375 0.148816397391822 0.118417593037892 0.179660478462628
0.0332695437094828 0.191240070217446 0.178998986192504 0.00197089232857785 0.0684069082331751 0.185195692698 0.133223179226847 0.207694727393968
0.165799114589118 0.0298789742311882 0.167463589396472 0.128001531047136 0.0621089633849599 0.16321654349 0.114881749454066 0.16864953440706
0.254535123390987 0.250083014167274 0.159832912577088 0.0769560064660845 0.16680790826959 0.0218065395921744 0.0287848619391554 0.0411936335976471
0.176399198568915 0.0137758739098605 0.255110657571982 0.271644436121062 0.0110655586000398 0.0359922004837371 0.0114037528618785 0.224608321882524
0.186318954004421 0.0941822217958587 0.0874848437727108 0.141194481301847 0.045518641257598 0.22005049926152 0.0420063854459233 0.183243973160121
0.161191224828585 0.0461879043081081 0.123864786305526 0.078193819258641 0.142543724888375 0.167487534087519 0.0814392664636603 0.199091739859585
0.205278490094034 0.0288827387878614 0.0200621787911409 0.141977592559545 0.155405612087904 0.191705762981216 0.0578706727032964 0.198816951995002
0.222515116235048 0.0174079112942584 0.168611412544728 0.154694810883163 0.0708689384807268 0.212989672155678 0.0734264395146561 0.0794856988917414
0.195470205162372 0.145378360958825 0.0175881309999492 0.124946461923125 0.221793446565911 0.0557895877827386 0.0606966107264121 0.178337195880667
0.116770361451984 0.167329316119603 0.0641060850441302 0.120371274588503 0.192457517589308 0.0698019933841003 0.134711491578895 0.134451960243475
0.186473610354083 0.122083876678695 0.0842441438035439 0.186974620858922 0.184055368209859 0.0524529876853433 0.04254713439087 0.141168258018683
0.183421818660011 0.385016796847736 0.03926327561297 0.13207189864845 0.0232388059346848 0.00790295138577082 0.0285814115612723 0.200503041349105
0.186017998734773 0.193567041849146 0.0239278156226194 0.0633862413565924 0.186878174422065 0.152620557365653 0.143833497224356 0.0497686734247956
0.00993494139346605 0.278935979428682 0.048108887589135 0.0734233001892828 0.207521451646431 0.0295475984554877 0.205112277420142 0.147415563877374
0.163233600723082 0.0475931126653936 0.0725626186903404 0.194954730692306 0.114443614091256 0.179505922913478 0.10236103054945 0.125345369674693
0.19991203109239 0.0136146725074885 0.146103323925381 0.161664903929327 0.127943224441548 0.0486398000266357 0.230646127620784 0.0714759164564458
0.139697594963835 0.0826693252165949 0.057763672729094 0.211965233527092 0.193447557458324 0.144057097563641 0.0285418479324948 0.141857670608925
0.188118323704494 0.182880393411481 0.0964520939037668 0.161029771622675 0.14072668457154 0.041439016955805 0.00451662036004696 0.184837095470191
0.116441591726805 0.203672077238118 0.0399826539302152 0.213511524372965 0.219558519338062 0.0185848171440768 0.0219295846756529 0.166319231574105
0.189327648783314 0.0198400194755498 0.154987406292472 0.187513015886203 0.194082851928721 0.0506669635778531 0.192727049636113 0.0108550444197745
0.0146102922722938 0.0226392525756029 0.158874089870258 0.126628939481744 0.0900617774148016 0.188685072063323 0.198290166486727 0.20021040983525
0.161974886655788 0.0820186726154625 0.0988788725852382 0.133307411483374 0.0978329967100734 0.156227497802467 0.089119648979623 0.180640013167974
0.12210307651418 0.15662781077568 0.0219669384905334 0.110426602295579 0.0800055277299401 0.147530630929864 0.152231634069543 0.209107779194681
0.146898067313784 0.0852810339739705 0.106290682374013 0.190358287383473 0.199422943321846 0.160234530532117 0.0920314013805571 0.0194830537202391
0.0734149996070022 0.130810236536235 0.228244429117708 0.081820203423221 0.154689931971327 0.163250222612218 0.0859065767914132 0.0818633999408749
0.267489581054554 0.0693656555368179 0.190392403882087 0.0237489305279666 0.171496801882958 0.0602197483420354 0.169259953377356 0.0480269253962253
0.0108163324604348 0.0557373005100175 0.269411206567661 0.269812637909944 0.12501279225855 0.0315778986636412 0.0310435708159618 0.20658826081379
0.104903034737729 0.039020815450166 0.1572344701657 0.170017610554375 0.0742933484721734 0.184440692830124 0.15791450409885 0.112175523690883
0.1458122441142 0.150456021577932 0.108555512241078 0.0833740851877119 0.0740281930623301 0.161456155292542 0.146048186596997 0.130269601927209
0.0683724015894134 0.0710150159421444 0.210674544485707 0.176659432971952 0.0127170893579323 0.22560850943967 0.119290564923845 0.115662441289336
0.287027485971692 0.131858593060922 0.133841770174626 0.0814726360351347 0.0557682828929189 0.0579801146640712 0.000274766492997372 0.251776350707638
0.178013817610685 0.0166766897219242 0.243774095473302 0.164087787021323 0.0204453379503424 0.0579544428231837 0.0378805587013504 0.281167270697889
0.115441851051982 0.206030064553412 0.0291942044562709 0.137954389341753 0.245538139539793 0.0114034261659905 0.122741532964392 0.131696391926406
0.075358460213979 0.037678143896985 0.136814037096861 0.1539156012878 0.193142103774435 0.17063475603744 0.101429511387221 0.13102738630528
0.153135479063836 0.200935732327693 0.0672981212022255 0.216279911091419 0.0814197859463567 0.0878455526286211 0.0830802527109582 0.110005165028891
0.132268290831197 0.0183541311236234 0.0561117159027431 0.262682551152415 0.249077909640357 0.0499476501170734 0.0554169049258419 0.176140846306749
0.0692049246033285 0.267970861454189 0.0100358022499845 0.248513167869496 0.0197582711905702 0.241739251780322 0.0599517675340117 0.0828259533180986
0.0283700386873861 0.202112719845413 0.123589267075455 0.0823773194035045 0.161589648572035 0.0482312203441316 0.171002292466464 0.18272749360561
0.12640034282115 0.068639181794718 0.156620614097872 0.201468528436985 0.0552886808651732 0.0141576255451409 0.17674595165775 0.200679074781211
0.151880560178876 0.0785991159207342 0.0518706968933288 0.216202210956607 0.122309567234741 0.115036913444133 0.179098086977053 0.0850028483945273
0.0864614584705137 0.130881137690255 0.125255487180977 0.0899156509231912 0.108129269479523 0.0519759358608637 0.197459790589306 0.20992126980537
0.120265296631711 0.0794695200838382 0.0820538272125702 0.107480290490402 0.187566524479977 0.176735596467421 0.0456779470090722 0.200750997625008
0.162323516111957 0.113011404027092 0.113286233612196 0.201656549047357 0.0817960986957959 0.0469489578236083 0.23160032556382 0.0493769151181746
0.0537553696292104 0.0791074845934826 0.273555759794287 0.144338388967027 0.0664162659993524 0.185771151982143 0.0119906839237496 0.185064895110747
0.152032583791233 0.0500066928196015 0.159890907964645 0.00752758071141076 0.281096124196869 0.0326867653825336 0.232292515229602 0.0844668299041057
0.0998962105488116 0.199599987932741 0.158605491912867 0.14414507250093 0.0508599910270606 0.166648629363686 0.101339073169514 0.0789055435443897
0.0138411515485454 0.14427620908964 0.194905300757233 0.0972576063460342 0.173836787437505 0.0769142630025927 0.197520707234513 0.101447974583937
0.0388800718595175 0.0404010120017229 0.265950907345989 0.0553370094933627 0.0172515712511169 0.1525182836418 0.203842142191638 0.225819002214854
0.19567814256726 0.201711711172731 0.0356479377418463 0.127374565698317 0.111941243628302 0.136696340656144 0.0512667605837206 0.139683297951679
0.195216716322592 0.0491257977452531 0.162694563602287 0.0890546399150436 0.0325097700963854 0.158708372591618 0.174629771169601 0.13806036855722
0.123142716249242 0.110494363526072 0.219218721133517 0.129901777820718 0.0496242990081197 0.159302436284321 0.0951647700859476 0.113150915892063
0.183727271640171 0.176361610180501 0.131296588491791 0.082119173773932 0.0862228951645837 0.0368489658506208 0.117144779666158 0.186278715232242
0.243909389992944 0.144432250721937 0.0405754489949662 0.224218835629713 0.16675057175865 0.120995942840524 0.0122924215631124 0.0468251384981548
0.111037405218947 0.179765083452076 0.146622499923395 0.0877951017508924 0.109345114433812 0.115068740280947 0.158923850935636 0.0914422040042945
0.182237665712058 0.138586436061846 0.0645103812829235 0.212159302080827 0.0308319040448442 0.143578638001225 0.0303486325705675 0.197747040245708
0.182676858775142 0.12271122024436 0.0864682817561081 0.179598366452487 0.0507117037083113 0.0758974439952775 0.215674099181503 0.0862620258868104
0.0965271416556816 0.239674182790324 0.0490887837693395 0.13460901346388 0.0377446229497873 0.153039684295813 0.0655861765278304 0.223730394547343
0.101824810306655 0.10419523449066 0.121829178301813 0.210802702668472 0.169606476993385 0.0420446568208468 0.105165452363789 0.144531488054379
0.0956545665388585 0.15193035882875 0.0248293240875988 0.17720064341287 0.219655490274246 0.0566870929449763 0.0947936209114956 0.179248903001205
0.227836133568278 0.0177006392964727 0.126844664694271 0.152361235860625 0.0487794984562199 0.120699620469556 0.132606254197285 0.173171953457292
0.0618102881602076 0.229773896595609 0.14487714791338 0.0433070472097088 0.0607339218403515 0.22471546622267 0.0135691004651847 0.221213131592888
0.0421304006565007 0.0870603338814277 0.171226281579097 0.437916170659931 0.0243075003593159 0.123536111292017 0.0317136635733877 0.0821095379983225
0.122006697023564 0.214092791728529 0.0423367587464204 0.0743067636865936 0.127919655251442 0.0198985862724088 0.175402253156025 0.224036494135017
0.199545236182307 0.103592314177824 0.133202408293431 0.0399066997404462 0.0707963016758806 0.158248767592914 0.233452035980631 0.0612562363565669
0.0447099482108542 0.185192301684789 0.0117624427180273 0.162192974765917 0.0179119697806994 0.228132813708688 0.267917042525371 0.0821805066056541
0.167342378378145 0.110843209773942 0.047386618899711 0.0342790478578938 0.330348021272719 0.0467958573126654 0.0762737694625008 0.186731097042423
0.11725651354438 0.0281740993645117 0.110791891322796 0.159801553527236 0.0916285433344443 0.171626991265132 0.156641359529285 0.164079048112216
0.0434758260440996 0.0905845864425948 0.261743632729518 0.185938058650942 0.145850267648271 0.0127826378308894 0.15386293266346 0.105762057990225
0.0611764371547817 0.0443010425897473 0.171553226154625 0.243870095678142 0.096903549528799 0.139502741943494 0.18531293559829 0.0573799713521204
0.100886853863021 0.0299652992172952 0.19009435055434 0.0654608359007537 0.242492375412332 0.0433660283399171 0.238335451148193 0.0893988055641478
0.0866576846053367 0.109423478653311 0.135711411038132 0.121450604113165 0.220099850741777 0.0197253896079759 0.0692252467503245 0.237706334489978
0.205672801810681 0.0970693700944721 0.0940032442736178 0.0895179200759038 0.15290670183308 0.0105643124406433 0.143225312590445 0.207040336881157
0.215362384229385 0.153365510946063 0.0434711844933097 0.0410383014525396 0.189431308830587 0.229323518197719 0.0786445247958357 0.0493632670545608
0.0862921312083027 0.0249012704976783 0.164459044444576 0.0576397849242502 0.0504028613145721 0.150953921948889 0.218858016511356 0.246492969150376
0.127870992063385 0.0956867738495929 0.175073574388388 0.162835387122953 0.0594677694897224 0.124022972041919 0.231191110704933 0.023851420339107
0.0509464189649195 0.131806836574311 0.19148187980939 0.134788020603145 0.015663962915123 0.135887523294666 0.180329457470207 0.159095900368239
0.0431599877758581 0.125302074512313 0.194996594248367 0.103126207844557 0.236674688195279 0.125156415535943 0.0275174351126566 0.144066596775026
0.108157401186504 0.168598268680628 0.0741048548796421 0.142534055699455 0.115323195374374 0.188436837776008 0.0709192721535067 0.131926114249882
0.0438370194491923 0.156328136255892 0.0336629281003724 0.0797848538635794 0.174997839638879 0.131576572295313 0.204093378029333 0.175719272367439
0.00693345146322386 0.189329906745342 0.0892349370741079 0.143964348930658 0.180358646753956 0.152280092391438 0.109514486923878 0.128384129717395
0.0157724933575135 0.287638445985597 0.00254441402613323 0.145809462631054 0.0349909487335328 0.259894512339784 0.00734317639404835 0.246006546532338
0.139197597710069 0.211592100563521 0.159241527874431 0.149027330874768 0.0411046660065561 0.144632341142072 0.0994581390399942 0.0557462967885892
0.155958101661311 0.0747941987462414 0.216714219926178 0.0307137260727051 0.0630004979076229 0.209438557354457 0.210707467331474 0.0386732310000102
0.184509872780842 0.249421316657771 0.0151280480056801 0.0274931473603793 0.0092651733867015 0.175148293037141 0.19441093050364 0.144623218267845
0.0140745859427967 0.185730512565259 0.220813114736282 0.163051842473438 0.0728829189117461 0.150501564472664 0.135392991483189 0.0575524694146256
0.175501544995433 0.112523105856675 0.0810793999457641 0.1183482194717 0.15858541471819 0.164879835545902 0.0944682147135594 0.0946142647527749
0.0696892112106028 0.237025690560165 0.289707418680973 0.254223128902489 0.018813359941683 0.0765866417625999 0.00787963126569537 0.046074917675792
0.058928907958179 0.0713204236276346 0.211144273428148 0.16295779731358 0.114827404576262 0.0532110202140853 0.176911329135368 0.150698843746743
0.139836104945395 0.165000327695126 0.160876633028968 0.0266294233508669 0.137205472280065 0.0281193223088341 0.189406622992381 0.152926093398364
0.147912435352273 0.161869440879869 0.0123044323157129 0.0352099940097594 0.139594739171515 0.312837198996614 0.0320118332389281 0.158259926035329
0.161065024254393 0.220101819077202 0.0115255431129641 0.0153740637461423 0.18857406796255 0.114992658904892 0.180465602835576 0.107901220106282
0.0746465602462521 0.219963541716623 0.0749851286518199 0.0915738553499579 0.048937849659941 0.0552819404279251 0.274772458814112 0.159838665133369
0.0935337666452324 0.0636878979282868 0.140161607857086 0.102215989003641 0.169885165608903 0.177074867717312 0.16662504355233 0.0868156616872093
0.0734536376977855 0.064154367751078 0.171981201609155 0.114716376601878 0.142504032020984 0.150563070108728 0.167573381359742 0.115053932850649
0.240644347409214 0.014099681642166 0.00759957183120691 0.315308070202419 0.194269043906789 0.199682676272088 0.028257323603287 0.000139285132829739
0.225052769968477 0.121368540988171 0.00725689590890258 0.0354880868607662 0.226266930977848 0.171776801610398 0.191394225306985 0.0213957483784521
0.0650459790363404 0.238317232943374 0.0252811763603502 0.232472196461167 0.0882908565386125 0.188894168053794 0.160424225224987 0.00127416538137487
0.0355962044081125 0.0473488646935539 0.219818611299527 0.160276615896952 0.196741130784328 0.0202824905810823 0.136363285364085 0.183572796972359
0.0237950308265839 0.239279053924471 0.0323266006660822 0.157486263528733 0.253185927511103 0.014910569383339 0.188516178140879 0.0905003760188099
0.178406564247146 0.113094777035893 0.212328307363747 0.0421500692995972 0.110784472820785 0.119069524927857 0.157067911957969 0.0670983723470056
0.0123652106726455 0.132345521437484 0.0843245349139352 0.0718280690851233 0.218845751059133 0.257540828632939 0.0414744925789727 0.181275591619768
0.160945781839579 0.144434958393011 0.138601046596296 0.161687046993266 0.151777302266859 0.14288145095132 0.041029384338828 0.0586430286208416
0.145924799292951 0.0710836195635215 0.0152678805996201 0.0187320350568749 0.28153273862172 0.266594035026907 0.146558035508433 0.0543068563299717
0.161887415774619 0.0902141985691609 0.182147365965533 0.0950015584709602 0.11510091840394 0.0273677205084069 0.175157094084741 0.153123728222638
0.184145948766703 0.163519754554414 0.0786705027119976 0.0275053942065835 0.198877072729125 0.0408790476478053 0.222088791658677 0.0843134877246943
0.0761314656290598 0.108005853689411 0.174066944671571 0.15678492535384 0.140072817909758 0.145032019725195 0.0581274538221469 0.141778519199018
0.135370795581382 0.0636606845859753 0.226582784153407 0.0617848238991564 0.10953816846204 0.0580320816107546 0.230937060962261 0.114093600745024
0.169005102243193 0.0733679296666712 0.127063129366907 0.143293627342883 0.132601786986802 0.151298869360364 0.0628395602069368 0.140529994826243
0.0442118062419821 0.0387912876417897 0.00793285548323075 0.303027670690279 0.314601502021728 0.0825768254975157 0.165455349004648 0.0434027034188272
0.0509829630894211 0.0585100328113244 0.0498631994805931 0.23331994988689 0.18213630688933 0.118972840951926 0.0441898029706164 0.262024903919898
0.0323585420593207 0.154327308776967 0.0121822249873787 0.190834699717184 0.227948753458618 0.200781855346902 0.0719005393539245 0.109666076299705
0.194367700693886 0.164263897751346 0.20725709105228 0.174342029248029 0.0304099272158543 0.139738951130016 0.0682672030050439 0.0213531999035452
0.067251034908402 0.024121830354299 0.0466688211869061 0.182679631336785 0.0680545750022117 0.133820064336029 0.240640192411534 0.236763850463833
0.292971987571738 0.291498502978438 0.0990774857612436 0.0254655660901965 0.201159419471388 0.0203871603613067 0.0303516983872036 0.0390881793784857
0.0820516751905142 0.0351917039717046 0.113165639250944 0.219881234234827 0.0746712568006471 0.183230631168653 0.0983766372383151 0.193431222144396
0.191314839481676 0.0463435949385964 0.0610989207268585 0.185423243071686 0.0773614747532104 0.0923305775949689 0.200276477469424 0.14585087196358
0.197335117075388 0.0478122472205353 0.0372014679995473 0.160909021856288 0.208203621742968 0.204470090916003 0.106908613176047 0.0371598200132233
0.112821711012863 0.199889045515625 0.0112065881826203 0.0659369934793503 0.204799521619427 0.181466456068429 0.101080250861087 0.122799433260598
0.103916602737259 0.221526026086349 0.164182886670071 0.02271370243447 0.0393087522010788 0.152400061797674 0.138425085534312 0.157526882538786
0.188696252583967 0.208512387834878 0.0117998775572204 0.120502642988598 0.0744548868258688 0.174541308173383 0.0567161319927411 0.164776512043345
0.212952455256237 0.11430420800635 0.209291248111783 0.127230532985099 0.0318979959788883 0.1118618956331 0.0639686392553005 0.128493024773242
0.142586874416479 0.146462538028142 0.153988927096531 0.0591856376337093 0.0774718753303361 0.163221186735214 0.0846437093625661 0.172439251397023
0.100396351729374 0.19561246095922 0.192779734077574 0.09044175597895 0.126860464427509 0.0375003190859663 0.103183153843481 0.153225759897925
0.233893118271372 0.153256999158796 0.170812435396518 0.0965738791920768 0.108369920470088 0.141119293832292 0.0308924223102438 0.0650819313686139
0.158654951303963 0.0364156955775501 0.175707445727701 0.0720810830923627 0.0868817260236437 0.158401403233854 0.181964796074272 0.129892898966655
0.129074840128539 0.0475987359509513 0.276724512756989 0.172092002906611 0.00810831935919882 0.1445618039959 0.165831781114615 0.0560080037871965
0.0726976656561727 0.174145512115941 0.218774013368738 0.111293919604403 0.0963553660609836 0.136263300066339 0.104637735585873 0.0858324875415491
0.124911974069693 0.169211732829441 0.213082452006245 0.107042409065209 0.00130442002983854 0.0562954837500646 0.12867590863809 0.199475619611419
0.244267054253484 0.0969096301450352 0.224018751803845 0.207751447259462 0.0835114758343136 0.065848978532861 0.0709375727515296 0.00675508941946955
0.175102653404834 0.170619845332161 0.21175728110549 0.0327418029322984 0.0446060895612532 0.0419151489057052 0.151417067420585 0.171840111337672
0.153112065962993 0.070322608133186 0.128945064661917 0.0202691087120788 0.156307477115492 0.150056752437147 0.178482379222567 0.142504543754619
0.261792923015856 0.110088261050812 0.069431742500687 0.186208253137847 0.0994276291179035 0.0723410752012347 0.0487131025156275 0.151997013460032
0.042585235412281 0.173567407770407 0.165484420099219 0.0916596134010172 0.138697356913515 0.196782939631602 0.100517841023008 0.0907051857489501
0.133856196999467 0.114151685309553 0.144622218232802 0.133107306867644 0.018978341093802 0.160546845972548 0.119163502524245 0.175573902999939
0.174845208267457 0.0481708264591964 0.0965142960788836 0.114641921576347 0.173930303931302 0.0809491625009081 0.188266551144562 0.122681730041345
0.148385554750196 0.15953081532055 0.1390478646144 0.181761946460913 0.157280999420256 0.089077444508707 0.0685833219890157 0.0563320529359629
0.239651585545725 0.0238797946212962 0.0527224195518886 0.228130969017122 0.114465689141512 0.0871188837581036 0.0469297968906867 0.207100861473666
0.138153355467004 0.185819205217598 0.0491152917418014 0.204478819415197 0.104322211170428 0.00263667693645357 0.211344005832175 0.104130434219344
0.194219809828367 0.0792480250303843 0.125140172885631 0.0721965953795237 0.18944013304516 0.0750742620920574 0.192279459532547 0.0724015422063299
0.331939562575549 0.0785061211501922 0.038041430014165 0.103933658671415 0.177807738246944 0.0713792132634183 0.145277391756638 0.053114884321678
0.0629914830739697 0.0225288492336835 0.174856360625023 0.240896001365357 0.123978868952314 0.263911002214776 0.11043131046188 0.000406124072996412
0.129191413212403 0.15556401559761 0.155199360407382 0.033985539425784 0.152119220889973 0.183057312634837 0.132000620618443 0.0588825172135696
0.110519776584713 0.194519970509522 0.151937550972121 0.0363686283174914 0.111709752854508 0.150101960171424 0.173877187362863 0.0709651732273577
0.121423348388288 0.128392799466307 0.184559760012483 0.0189815561892604 0.0624576730572265 0.226012159885887 0.240529663477245 0.0176430395233025
0.0336707846461213 0.0662278518289006 0.179325407250736 0.144758282281549 0.145386197261662 0.162351982818743 0.164372115571965 0.103907378340323
0.0296112562183638 0.203299463252685 0.212509580449349 0.186997721838956 0.071921622788291 0.0263090304609684 0.229944006879871 0.0394073181115152
0.0974258218140569 0.0711657648338646 0.209129087451745 0.18100876337019 0.137252979664577 0.134321388438093 0.026910342786602 0.142785851640872
0.250323978547434 0.0934584466963764 0.101097303497868 0.174652096287383 0.210608479416575 0.0465133823594244 0.00178047285112405 0.121565840343816
0.151370833737888 0.184425925400879 0.0294942736078851 0.137187693222873 0.101103732750853 0.250429829617888 0.144958413096732 0.00102929856500164
0.178241934057383 0.115861714995288 0.0470061019552374 0.25674730988784 0.151232982201972 0.11166186002149 0.00843488855269655 0.130813208328093
0.0947476305087014 0.150509090125329 0.207715289902166 0.0102375546249153 0.0304501383186028 0.174988543091778 0.189989589006306 0.141362164422201
0.147098952212611 0.091411353707842 0.120324750488619 0.174976547407649 0.212634921821509 0.101280365142637 0.00732118712967704 0.144951922089456
0.131762668153653 0.0588850834053081 0.162011285930153 0.159751281899688 0.0178873718707829 0.181590340490951 0.172650794024562 0.115461174224903
0.322044027439758 0.247196901647452 0.061156107881184 0.00406458775115244 0.092419183549461 0.1040269766103 0.114824919626415 0.0542672954942772
0.0220700316665072 0.183419745306836 0.122515441203167 0.183293494792393 0.161486051874545 0.104897135427925 0.145041715659601 0.0772763840690269
0.310308813029278 0.24269519653821 0.00825502747484516 0.0603402656834636 0.0691012157737868 0.147566529503792 0.0778063644015632 0.0839265875950608
0.153018811862653 0.288011373408047 0.0659144901824099 0.195678659088907 0.0238109628321662 0.0412437029839454 0.110223226823218 0.122098772818654
0.116528224460092 0.11492182590932 0.115048573565048 0.149830715236479 0.0769294570446291 0.165844238483333 0.196323496321532 0.064573468979567
0.0947415597102326 0.0933002080643078 0.109294636722801 0.116211766362929 0.203818421704566 0.18284385008562 0.1523088969428 0.0474806604067438
0.00834732817049306 0.0828734434421273 0.269196099779095 0.118946028332502 0.0705537554597213 0.222767062997612 0.207826543446015 0.0194897383724342
0.207710426492332 0.136106462155293 0.130461942003265 0.172468830917021 0.0213387578186285 0.0943429666345567 0.106068009631684 0.13150260434722
0.0509610804192144 0.0631341339972021 0.0526740480804081 0.171146580322896 0.223770466171416 0.162407293236072 0.204435776003097 0.0714706217696945
0.127064867790648 0.166134910228194 0.119382761000194 0.0944592211135956 0.0516487664984382 0.152551518130206 0.149740422852746 0.139017532385977
0.000323823557994525 0.0544063918873489 0.333635417535179 0.193474346913887 0.137389643342447 0.0765045861787322 0.182547930454611 0.0217178601298008
0.190297511707994 0.0441834837870356 0.17702810709098 0.145404508303267 0.151477907494683 0.0720313256740985 0.0646910060356966 0.154886149906245
0.146640468757405 0.0949823686797771 0.0384830843157655 0.15072821187945 0.177618861051447 0.201792344194711 0.170921583947478 0.0188330771739662
0.0616832291843393 0.0851650463642717 0.236492963944981 0.209552810240969 0.0731713886900272 0.0674089434744212 0.132194959994132 0.134330658106859
0.195370403624121 0.0236258372863772 0.191028244809149 0.134544755983223 0.0234078838950577 0.147107738051807 0.178462752159257 0.106452384191009
0.0751470071993593 0.212933584523651 0.13240010770765 0.112448357753474 0.209118473091752 0.160212047146374 0.0602359782354577 0.0375044443422806
0.063243709695403 0.148181701075131 0.250500439540561 0.106021179378322 0.0327961342550958 0.125832518244117 0.0857669517438762 0.187657366067495
