0.229618076451367 0.100138155140225 0.12457083854853 0.27193063316433 0.0515750461594286 0.22216725053612
0.130864072925248 0.2845440517239 0.32953697525079 0.184787008007913 0.027771309477538 0.0424965826146115
0.228028904398208 0.170289489035525 0.147600587582582 0.198629963314005 0.144763410963109 0.11068764470657
0.353931056589415 0.0222477096964469 0.200467743555577 0.0409878600150179 0.188281596709262 0.194084033434281
0.0381875299002115 0.352661005296719 0.162083265562577 0.234381679312823 0.089280773464706 0.123405746462963
0.00648141415057532 0.291450281819071 0.270358207587322 0.0450909297307342 0.300167676471529 0.0864514902407681
0.326138873097663 0.143797962892184 0.014908932078311 0.204165701285626 0.190544772871888 0.120443757774328
0.123112665402698 0.200221729070715 0.00781474228400012 0.369030777341193 0.209840451035279 0.0899796348661153
0.194054788129975 0.127169431396674 0.16826328590433 0.202013848907861 0.140009912532858 0.168488733128302
0.0516001653843015 0.0672056774200036 0.290530056810424 0.141824447426601 0.29193609502472 0.156903557933949
0.11448191255256 0.025150092721522 0.0590134470733 0.294394295315871 0.187793595286228 0.319166657050519
0.221258120394689 0.244987950545793 0.219780675359947 0.105072396611619 0.133223092773644 0.0756777643143085
0.261668463232674 0.183969113075488 0.0230105233441297 0.0320328386752098 0.0199682961586954 0.479350765513804
0.0253191377574674 0.226790049685204 0.236548888675788 0.0854093485226491 0.268308036280673 0.157624539078218
0.245208474213173 0.198790442628702 0.197106141319229 0.216809314181088 0.0265114745881376 0.11557415306967
0.0168082218899208 0.103550406213945 0.301572620017562 0.278286075562415 0.0452013947155662 0.254581281600591
0.239915202728773 0.0405200798945734 0.212109302209425 0.0775502878949277 0.144342482248514 0.285562645023787
0.0164386609811064 0.0653416970528281 0.265835945376991 0.208524465895312 0.204384059742648 0.239475170951115
0.221131910188334 0.134895312549021 0.13428714091424 0.211289981164512 0.213349392761345 0.0850462624225477
0.213939910686813 0.172519570831597 0.0828172366331935 0.247420949572995 0.0836257138643828 0.199676618411018
0.0290678474400764 0.397055191358483 0.0316650987681296 0.0653901002483753 0.316722203397856 0.16009955878708
0.247541595086093 0.189231267336688 0.1046763509212 0.0636661407422496 0.0545582653545539 0.340326380559215
0.247236960736389 0.0178440486547041 0.244327594451704 0.0519960629141755 0.236936244562378 0.20165908868065
0.188340171041139 0.0381226857534524 0.0429078157063136 0.25580158394096 0.332317526096487 0.142510217461647
0.0247266142034909 0.322560689239481 0.39461996233986 0.0312125337106899 0.194539822134206 0.0323403783722717
0.0484011144785611 0.0429100651346684 0.282147585076384 0.310214445989874 0.307781038273002 0.00854575104751045
0.0968910766897513 0.249855664916525 0.127885852066629 0.087531272338492 0.322720897637877 0.115115236350726
0.232657039382411 0.138788519958762 0.236744138210542 0.181294927553165 0.199043651588027 0.0114717233070918
0.239049843727875 0.103166102736977 0.113243411743795 0.0277539694411081 0.29503758718432 0.221749085165925
0.360564317168848 0.10500147317202 0.230104541799935 0.239531627279975 0.00843726655298411 0.056360774026238
0.229339892231348 0.164762550237738 0.211224059207682 0.0930652605849415 0.0649308417783609 0.23667739595993
0.237072981763383 0.198149443411706 0.0932014796554827 0.122477948970972 0.188825842290331 0.160272303908125
0.0105275360686655 0.213065751113831 0.128450694435258 0.207837426935031 0.208415211579814 0.231703379867401
0.366009088107458 0.189581850691511 0.304503182631689 0.0684574499134803 0.054523497428559 0.0169249312273026
0.219395885013333 0.237297924724328 0.0435958267183753 0.101041842012824 0.11656728075443 0.28210124077671
0.0525102731332677 0.045658410112666 0.257417020063939 0.162748235938025 0.214651381291295 0.267014679460808
0.014429187408487 0.278051831389462 0.0568465607872913 0.362613240447019 0.140338363959819 0.147720816007921
0.128465929490883 0.288544970890815 0.303451716647369 0.101591153208168 0.0972332754814024 0.080712954281363
0.102911198324481 0.182502900863566 0.041166004646006 0.362662560221457 0.0322017215881499 0.27855561435634
0.0749570216539163 0.233376020959122 0.255189984960976 0.204768472793774 0.0134373954869838 0.218271104145228
0.196414127168139 0.0678506960458315 0.224419146322288 0.27397920857336 0.0341850814671166 0.203151740423264
0.0667456850220212 0.344057956903171 0.0156698193631977 0.243321550659087 0.225679877104846 0.104525110947677
0.0267729625699431 0.0790722917463434 0.246811684264587 0.111440943179968 0.233131748927919 0.302770369311239
0.157988030449778 0.0363312945226433 0.31293595886478 0.188366567705115 0.0579815719666601 0.246396576491024
0.044236228495132 0.260895081332933 0.287484931942527 0.207091473840786 0.0658120233394439 0.134480261049178
0.0737993117550542 0.198346397836019 0.319425430012404 0.338398079036682 0.041661216595865 0.0283695647639765
0.0756232093149035 0.279641866344439 0.0360139638390314 0.313835978285824 0.060437547823247 0.234447434392555
0.289157763139618 0.100264890562402 0.116575991697256 0.119314452885786 0.0927718473352937 0.281915054379645
0.188485158077135 0.170891722802 0.175153081129987 0.189219897028357 0.170033744079488 0.106216396883031
0.180484369765113 0.090752855694594 0.356784997173476 0.23371221388758 0.0640866012302464 0.0741789622489903
0.0353899458344904 0.127925023978871 0.299665771527507 0.171429129761132 0.246866384480099 0.118723744417901
0.0531863334437335 0.157592924834903 0.174129189982222 0.177423652360329 0.142569121999053 0.29509877737976
0.0342303703889698 0.293466371225332 0.0270974937603198 0.113839885039844 0.234354368778674 0.29701151080686
0.177469243941986 0.023947299392924 0.229653430555584 0.129657587865359 0.192414436248484 0.246858001995662
0.0522839709919333 0.0465705359246973 0.0602644212843072 0.335094701216959 0.361079473738443 0.144706896843661
0.0387615841647835 0.325770283655428 0.0449810621467345 0.273984118734278 0.265575423036625 0.0509275282621515
0.137001457370927 0.283327990575803 0.00507030720807346 0.258061832689958 0.207718875348242 0.108819536806998
0.374327228686668 0.00273544890475861 0.287140695321232 0.000690127326074965 0.26687978360125 0.0682267161600167
0.21733961888463 0.0860580242018461 0.266333250915549 0.179104137729028 0.198692036716818 0.0524729315521297
0.235899930749556 0.197579419793447 0.062780371206063 0.21623556950661 0.162534032251944 0.12497067649238
0.268315881497466 0.0700905859120139 0.197463976708636 0.280882832680619 0.180252931494015 0.00299379170725096
0.238822758582677 0.138263740233864 0.00167731058911835 0.143448163441491 0.217534136655932 0.260253890496918
0.155147346816514 0.198483081424906 0.379880386584133 0.0848045486835231 0.0881291915841032 0.0935554449068204
0.0515049547552053 0.250136802895344 0.141803931701291 0.0315780252345693 0.244793648921852 0.280182636491739
0.254719111468987 0.0291918846928639 0.127793141216119 0.0488939124613129 0.306018434895082 0.233383515265635
0.181837567268759 0.0955617946945392 0.151480893114494 0.33613361539023 0.0472923680697175 0.18769376146226
0.184039767381299 0.00798971759164036 0.189020749466472 0.112541655703232 0.214366187010124 0.292041922847232
0.0400795931848862 0.272493640565086 0.299906344008849 0.246382743033609 0.0281860236541528 0.112951655553417
0.162864289602402 0.138093340958875 0.18456080176261 0.160128437391057 0.198929015132984 0.155424115152073
0.199948573897569 0.0519656640735185 0.106805719954607 0.294375277495245 0.237860255723829 0.109044508855231
0.0584268901806785 0.226630872268788 0.142102768784433 0.194980351883204 0.190242383290546 0.187616733592351
0.0172198462415872 0.124918200250955 0.22743857474854 0.174397972062313 0.244363809245212 0.211661597451393
0.333054385464189 0.249335651351211 0.230036746506847 0.006737763892413 0.177503889721848 0.00333156306349193
0.209517473593899 0.124017794251526 0.221482280046333 0.0494758843265973 0.273945891611016 0.121560676170628
0.0949079340289246 0.0773211328470702 0.242946456649612 0.175764326347755 0.199159929877073 0.209900220249565
0.189334291732201 0.0140391278157546 0.246789190760287 0.13194573407211 0.193207199425042 0.224684456194604
0.0869519899660924 0.180910216338862 0.242815796956937 0.177661569480975 0.115104179371402 0.196556247885731
0.117867322667798 0.0664047245688731 0.0470095763014049 0.320799176682044 0.245914584401801 0.202004615378078
0.141121928570026 0.116921076667358 0.169704534791612 0.210618648413546 0.213152111260814 0.148481700296645
0.0129994114220007 0.206821211307242 0.251630465667759 0.226912866322946 0.0678928916611001 0.233743153618952
0.189727908009138 0.21121614502934 0.274061473852436 0.0151738923549655 0.244032805563164 0.065787775190956
0.115800280001605 0.15521213831925 0.189912489500421 0.163750524102133 0.356098732255892 0.0192258358206991
0.207848620857643 0.0739361899558392 0.0919671018556501 0.227777208636843 0.354735777017062 0.0437351016769622
0.253305932688401 0.334471017829214 0.309127426188809 0.0434891969231311 0.0207478233559286 0.0388586030145165
0.11889173275115 0.0292392860531331 0.210318643898144 0.227183359574414 0.200236555069391 0.214130422653768
0.224986637131697 0.256854281718535 0.249954246480017 0.0966411883600349 0.115793172830181 0.0557704734795353
0.0103012728266763 0.12015459774584 0.279859174635867 0.269987675884015 0.0900267135817089 0.229670565325893
0.306156138591963 0.315901358127678 0.215324939346844 0.0693347713401586 0.0025537448989009 0.0907290476944565
0.231176650878293 0.0890282953376425 0.249065151638183 0.0426775437566888 0.199760647833202 0.188291710555991
0.093604021098553 0.0665029359695981 0.374938629511531 0.011550747675236 0.112564670630377 0.340838995114705
0.174014451050242 0.111160419967832 0.297497718843818 0.0659088056389296 0.14048374645068 0.210934858048498
0.21461450670095 0.301255813502149 0.0162960948323501 0.294786543770534 0.149290097984567 0.0237569432094491
0.0128981872127499 0.0762380009361499 0.0160796236075528 0.37388978365791 0.338146466373842 0.182747938211795
0.0235630505027634 0.00560670428235798 0.248488759728105 0.150542271705948 0.460602177458013 0.111197036322812
0.211207586324232 0.201010529081998 0.236446033635186 0.0747679386311198 0.0421192503408854 0.234448661986579
0.158116799848431 0.091440210208306 0.237135968484074 0.102212372945507 0.315659614251888 0.0954350342617932
0.0240067197634807 0.271328587432354 0.255666016651195 0.0558819941866051 0.113910375410801 0.279206306555564
0.102478829013665 0.32756531464127 0.154976562122951 0.289769279688616 0.0957525636270966 0.0294574509064016
0.245750078091888 0.197443278529196 0.0387798790426861 0.199264784305103 0.131199703765627 0.187562276265499
0.258816225066246 0.354677769025089 0.0461860916579469 0.120900643292009 0.148236160600654 0.0711831103580551
