0.34574646261747 0.0438061484328788 0.187820814851182 0.264469385261714 0.158157188836756
0.199062453771297 0.159083032638331 0.203158221953579 0.307655414516715 0.131040877120078
0.156912308601529 0.201989903560404 0.262356288443067 0.294157882587438 0.0845836168075626
0.20696019503044 0.0138493929797238 0.182273285965642 0.237521969551383 0.359395156472812
0.226019202972068 0.0363215694277739 0.373088249747772 0.322011449996033 0.0425595278563533
0.218660457631119 0.098506077415709 0.240004327610033 0.11809406408248 0.324735073260658
0.182912907023452 0.0755214166510443 0.200212968858939 0.205756596227698 0.335596111238867
0.354278317205635 0.113523678455525 0.245776005252544 0.229410919685355 0.0570110794009424
0.209521410793239 0.163795102052485 0.406382244444399 0.16404133147279 0.0562599112370876
0.174234996628382 0.239396241688061 0.0424008639075568 0.10364152368049 0.440326374095511
0.49505080354906 0.049006055629767 0.169357434959995 0.0982066152874195 0.188379090573758
0.213241306030533 0.206561661566063 0.231615920976846 0.183521771824917 0.16505933960164
0.301706432924868 0.0251855158957237 0.159371607702605 0.302251840892034 0.211484602584769
0.216833083714527 0.288657306519049 0.198490002762268 0.0163566303077449 0.279662976696411
0.557693287557564 0.0962133761198352 0.115901167999221 0.0649044085034693 0.16528775981991
0.0388429863161977 0.643620690954383 0.271949513157843 0.0421635955388182 0.00342321403275825
0.328069023695087 0.0776309855252807 0.215412245294025 0.156833279521819 0.222054465963789
0.270314244082873 0.14606663527237 0.389893530888759 0.10444753001679 0.0892780597392074
0.14092183557134 0.124602081631913 0.236134071309418 0.249397639160154 0.248944372327176
0.0887295055455399 0.19176579577426 0.242809034281759 0.395337433775527 0.0813582306229139
0.0219376215598013 0.192500590018722 0.243546672216701 0.32595717659028 0.216057939614496
0.280695784153946 0.139919751482749 0.0515495400241262 0.280915533743663 0.246919390595516
0.0207374323761167 0.30129533429361 0.361517249597562 0.20059471049862 0.115855273234091
0.470825974488827 0.155500553118247 0.0587827466464942 0.270502038264103 0.0443886874823288
0.180290066820111 0.000420303596126198 0.348396566086558 0.373265180155439 0.0976278833417658
0.248285858558175 0.114745453738353 0.203095109272855 0.221891184606533 0.211982393824085
0.130668676220428 0.221763033913143 0.27896227610816 0.081936356648766 0.286669657109503
0.183865258297543 0.268177002854963 0.324223943160472 0.0209010643554276 0.202832731331594
0.261144280397901 0.156522868214099 0.289608243221492 0.0377194464221882 0.255005161744319
0.0910627377014144 0.164015477516508 0.235051967831404 0.285019276056938 0.224850540893735
0.252984132178961 0.146318183510003 0.157802133210102 0.347849522274354 0.0950460288265799
0.17139519542175 0.230896091292971 0.0616517224590934 0.268838956495005 0.267218034331181
0.481446521147228 0.0702757508537695 0.289381560143372 0.0670943091477807 0.0918018587078506
0.0147309577607095 0.106043293816217 0.29486259218458 0.132836344827953 0.45152681141054
0.304326810074855 0.0442692408733194 0.328215440979147 0.28849344543806 0.0346950626346187
0.209692206827862 0.331107548312371 0.00264844632256496 0.122630478691707 0.333921319845495
0.258022519966773 0.173201818823343 0.246403884003539 0.0495844667127127 0.272787310493632
0.0301883163550629 0.395988366803265 0.26137978120572 0.281560148976461 0.0308833866594905
0.200289843913372 0.0889700385528116 0.181013988892555 0.213892078783892 0.315834049857368
0.0360425835592693 0.212457905258109 0.247487854937582 0.375139046645493 0.128872609599547
0.0764731031612178 0.334565831693764 0.13297543397004 0.111578480128399 0.34440715104658
0.0475776418390304 0.0555773474366265 0.106020581694491 0.339763973894767 0.451060455135085
0.255726080177909 0.201272978501544 0.0362417251841171 0.315385249161544 0.191373966974886
0.299295977827052 0.067501999666977 0.0686152913623378 0.271719445863812 0.292867285279821
0.241085452169026 0.0770868673346514 0.18790026064394 0.221451381270026 0.272476038582357
0.34947678202647 0.18983289223347 0.253901667078665 0.184430222520066 0.0223584361413281
0.183500290556814 0.0190629165210141 0.0816933364526422 0.525721266179052 0.190022190290477
0.207060287360724 0.167701865477172 0.187983930433164 0.202906822067324 0.234347094661616
0.273916350659745 0.239013437397437 0.0135952071613075 0.200775993865658 0.272699010915853
0.258658978961486 0.173777763709257 0.0199817551701962 0.343856142508717 0.203725359650343
0.172278487980636 0.282689767383989 0.0911003212562791 0.198927127793692 0.255004295585403
0.177637376289344 0.39462314605616 0.174694482376222 0.144805212033732 0.108239783244542
0.00864963810007971 0.390680225423306 0.35344189340479 0.151052696611958 0.096175546459866
0.140466558446363 0.352294501715576 0.217704972857817 0.280219543677302 0.00931442330294141
0.119983074284747 0.101505369652539 0.37488455210521 0.147057149285251 0.256569854672253
0.287293826919077 0.254683658598596 0.106463128341133 0.144206744859323 0.207352641281871
0.475677018163546 0.100069121474423 0.0287448066400457 0.16349651314167 0.232012540580315
0.305022604016351 0.297536368788582 0.116001401262699 0.0258779934703692 0.255561632461998
0.266609707241453 0.364051336807197 0.166159348613374 0.200819579867807 0.00236002747016905
0.244684728873762 0.250864335200246 0.117355517235772 0.15727976064987 0.22981565804035
0.066235731332737 0.00897851857365509 0.128837054562923 0.585597486013928 0.210351209516757
0.102381208662567 0.123309737086606 0.134613942874367 0.391230856311747 0.248464255064712
0.235900042218876 0.190314489195479 0.167654784963777 0.171750620627472 0.234380062994397
0.340039809796882 0.27521554098551 0.169617955503182 0.195246867899438 0.019879825814988
0.277011635980106 0.137830680409084 0.0941668764103628 0.257028690214552 0.233962116985896
0.00993821564093195 0.515636041437873 0.0387496449248933 0.409492070676133 0.0261840273201693
0.250969153496632 0.339336309266483 0.191382282252098 0.121007290909878 0.0973049640749089
0.223275884646498 0.25264253952168 0.222926696892975 0.0728747664340884 0.228280112504758
0.294809587625603 0.292057820147967 0.174666022572308 0.111921052314874 0.126545517339248
0.266357111810981 0.122002481060317 0.470960073439646 0.0240991519483159 0.11658118174074
0.197146721889437 0.053900740418867 0.455663667715693 0.174022427012867 0.119266442963136
0.0453359571023685 0.203360872071482 0.439822649445948 0.284850466894322 0.0266300544858788
0.215883502896951 0.132409840921424 0.220850450023193 0.21886512382038 0.211991082338052
0.255250778439696 0.246452995483133 0.295604302175766 0.173633906153136 0.0290580177482692
0.296174437901399 0.172935594544462 0.204585931049377 0.164797998850016 0.161506037654745
0.234144358108065 0.328642439469302 0.143076999164849 0.218228231270667 0.0759079719871161
0.106315952511449 0.0751572126464699 0.366179730446843 0.0979551510593807 0.354391953335857
0.0426196070713825 0.558391855935192 0.152059535585506 0.0739540893644509 0.172974912043468
0.0340925548842508 0.092633549804808 0.00137154869233145 0.611134488286681 0.260767858331928
0.395147495584257 0.0611488469783036 0.199796965528466 0.3243481793991 0.0195585125098742
0.244675007658948 0.104637035366643 0.12046573550483 0.310068072124208 0.220154149345371
0.216128861665228 0.209311977815855 0.204700088933829 0.212910011203848 0.15694906038124
0.290068114720091 0.218174754139545 0.182186882558572 0.0759795324599677 0.233590716121824
0.194309680464577 0.217990231029735 0.238769391813663 0.0531946532961204 0.295736043395905
0.0571889853915097 0.225280959822088 0.139577198850544 0.345443484293502 0.232509371642357
0.206030967832306 0.0161555203921969 0.110120071769889 0.347310557718442 0.320382882287167
0.193130477102728 0.344885670504303 0.0718584908059697 0.00229412370343387 0.387831237883565
0.0168933128225877 0.467938866652464 0.081868544681805 0.119701321758105 0.313597954085038
0.361208930909452 0.153236370188718 0.0234219158414743 0.281059881538014 0.181072901522341
0.14739425721411 0.27761577889975 0.138728713234961 0.268877723850182 0.167383526800997
0.364495726991745 0.404019306434755 0.135776615994354 0.0407986476482164 0.05490970293093
0.134322542000476 0.0700940480092329 0.0927835334202773 0.247131297881309 0.455668578688705
0.158711132935205 0.0571295717098572 0.173159223074303 0.188133497137062 0.422866575143572
0.282272135649835 0.202374722200117 0.0738598519686671 0.237665538213488 0.203827751967892
0.0337560596068089 0.387155613390532 0.131898112194641 0.0666279800249441 0.380562234783074
0.352690677575019 0.0303752801737688 0.114356419101916 0.448094702280108 0.0544829208691872
0.267061487916315 0.134925661983212 0.316904262763934 0.0451624288829101 0.235946158453629
0.211054245974355 0.210411794058914 0.0306319139716214 0.352423972381978 0.195478073613131
0.0835469815665718 0.227748713339689 0.12961595359733 0.298139479150557 0.260948872345852
0.00209901937998765 0.205032423040899 0.0872275223104775 0.464371511205016 0.24126952406362
0.0622875529592904 0.00570501704636349 0.0803226741807365 0.626367941020518 0.225316814793092
0.28147298635492 0.018038886277416 0.229081630023405 0.37499488277671 0.0964116145675493
0.246288074636724 0.216903058032417 0.106068488681364 0.354914817484478 0.0758255611650166
0.269032620029994 0.156470043368644 0.285644237195239 0.265787043297179 0.0230660561089445
0.088080842586231 0.203170447559424 0.306796279845806 0.280475591867439 0.121476838141099
0.0182960838447354 0.305031856185387 0.10473782532821 0.405755161320364 0.166179073321304
0.481119141487321 0.0760780324194396 0.196158648098284 0.117400133402295 0.12924404459266
0.0640487183328243 0.142356910793859 0.130978836492079 0.296909295145554 0.365706239235683
0.285093037201202 0.0930757374002186 0.0646083818159733 0.332380687525066 0.22484215605754
0.265536215713381 0.125455822219665 0.193164149313718 0.122324887360848 0.293518925392388
0.224419368105035 0.10693956250149 0.12435150610995 0.238343958318733 0.305945604964792
0.17355671570247 0.52304859098224 0.00627676570067685 0.223275572429313 0.0738423551852999
0.203323188677705 0.195883302927344 0.33905022055238 0.114855668579997 0.146887619262574
0.154218093367984 0.208161414929842 0.201922260212671 0.411443366000989 0.0242548654885147
0.21598629815942 0.191210663448875 0.193989633217614 0.207417209789868 0.191396195384222
0.167433277916377 0.351308265695129 0.339726696153609 0.0166339855528872 0.124897774681998
0.0961619933203226 0.298252710980974 0.12159230672786 0.351370518030392 0.132622470940451
0.404235212844963 0.317300637266453 0.116318434677799 0.118578619483874 0.04356709572691
0.386058293233002 0.136903053027747 0.100545470828441 0.35054818237161 0.0259450005391998
0.233106316268216 0.0096474115118771 0.228271004355652 0.270482186063161 0.258493081801094
0.0312215740632705 0.316211508029403 0.31035009931596 0.305435556827716 0.0367812617636494
0.126470513491228 0.147341538287951 0.253454283444093 0.28268596470506 0.190047700071669
0.145514856180473 0.0195704484783812 0.351332528199386 0.277396654196773 0.206185512944987
0.230239079611419 0.107368488357576 0.365108749504369 0.226789803175028 0.0704938793516077
0.386058289320335 0.00468425907618454 0.248946234685104 0.183120108806907 0.17719110811147
0.110847228400369 0.21256053900753 0.194383833988989 0.385937707985309 0.0962706906178028
0.162432500544027 0.113780997824122 0.255243634187382 0.309282180864423 0.159260686580045
0.0298344592526214 0.183126078139082 0.322396273914121 0.291642930306124 0.173000258388052
0.495658371469541 0.281731160863534 0.109983530622034 0.0997118893956041 0.0129150476492878
0.213078243227704 0.161706126850433 0.28992715943381 0.244362956872388 0.0909255136156638
0.266092390255078 0.366370065834011 0.068958867238563 0.173448371903223 0.125130304769125
0.136577864544544 0.0146973469749697 0.371669326951609 0.311150613364863 0.165904848164014
0.159930057848392 0.0498522611296774 0.0356091651120269 0.189143574500711 0.565464941409193
0.298813622103281 0.26162872792034 0.184303504491705 0.150506082108498 0.104748063376176
0.258443917661909 0.0498958592991037 0.184327516451365 0.0852597545822019 0.42207295200542
0.132358636076958 0.472134692108656 0.0176343400659595 0.28113099957739 0.0967413321710368
0.262747867655308 0.21898901184057 0.143308483348932 0.040506103175715 0.334448533979475
0.14014539801409 0.314147261342857 0.0284757955253511 0.202924047919317 0.314307497198384
0.103940744647386 0.234725444568076 0.136405719918353 0.217994727137897 0.306933363728288
0.313014735784185 0.212249688343604 0.130548867132228 0.102364254139104 0.241822454600878
0.433593759847668 0.036074403767256 0.177699668259238 0.120224468339453 0.232407699786386
0.165683180150362 0.050677922787083 0.358080493565996 0.0953555867895899 0.330202816706969
0.0667331388110367 0.438552940792481 0.161729605541003 0.144770001031052 0.188214313824427
0.0430904991864765 0.207504689440369 0.394213425743522 0.251875655328559 0.103315730301074
0.101104198432675 0.0926397313379546 0.172881517978137 0.349891422014918 0.283483130236316
0.372247902729713 0.254920796086407 0.319912539161917 0.031448809005181 0.0214699530167825
0.0670627612999336 0.210253025975397 0.233064254785721 0.280757868936394 0.208862089002555
0.0993230125820191 0.269696944002866 0.140823049704753 0.239370033943648 0.250786959766714
0.175744159115607 0.130016148437739 0.293429622718505 0.117780733599282 0.283029336128867
0.215369792075777 0.275783295291434 0.225255402842998 0.247042489447839 0.0365490203419515
0.298583785039937 0.146223743635084 0.302594476454383 0.220069999137549 0.0325279957330481
0.324077534150152 0.00699282990894387 0.314890825283724 0.212756615685509 0.141282194971671
0.236156613013267 0.0939949808584494 0.0275142140852699 0.324092808660242 0.318241383382771
0.24421966337039 0.0311516232588972 0.244653419369591 0.197263828090163 0.282711465910958
0.14447722080222 0.0133966460733453 0.471382910169878 0.26630377380198 0.104439449152576
0.245312005103075 0.416015281228425 0.00788422001060714 0.0637737893613667 0.267014704296526
0.248251765189466 0.297167799354767 0.00167312278745372 0.34054527468966 0.112362037978653
0.213499786628955 0.245321095485351 0.0414170136348848 0.261320825880031 0.238441278370777
0.201805790096407 0.234771087328916 0.151965252382479 0.207681875675164 0.203775994517034
0.103255705375751 0.182516852562586 0.23803664337279 0.132477868593216 0.343712930095657
0.214364632774006 0.0526534929337268 0.308951886609801 0.146924556470307 0.277105431212159
0.0976854752389141 0.0757355356639134 0.368816103626286 0.243436908008778 0.214325977462109
0.0359145139688582 0.290309688366994 0.21280529337487 0.214151223565813 0.246819280723465
0.107614121719993 0.316711416624871 0.148785886737315 0.203540622471142 0.223347952446679
0.0318609796757497 0.268018815366383 0.256423591682815 0.0959324925454952 0.347764120729557
0.0563350398916495 0.132708025527115 0.282819652849755 0.170427267670565 0.357710014060916
0.209178906910137 0.211408995015535 0.23759754244333 0.10699736418197 0.234817191449028
0.315495003030652 0.00367659810952005 0.254889231832778 0.304032700642455 0.121906466384595
0.236590045607826 0.323549656554027 0.12641784798553 0.193786681929844 0.119655767922773
0.342390060705023 0.0709546317221218 0.0652899893236187 0.38336346706337 0.138001851185867
0.0384774618047497 0.500769564262562 0.385655022678235 0.0728802211578693 0.00221773009658354
0.0612277568089825 0.266824567040781 0.24389216700594 0.0742868764902606 0.353768632654036
0.231953004800352 0.245368211975787 0.20099482077569 0.0661732800266279 0.255510682421543
0.103313286840111 0.317016192782571 0.165117300408965 0.0791362670454347 0.335416952922917
0.0622368787912936 0.274458784454069 0.303001149995437 0.245215677194808 0.115087509564392
0.27690541963322 0.273118176377217 0.192612941250967 0.0558709638248171 0.201492498913778
0.172292074324589 0.145489360002088 0.2188392533722 0.172803516515499 0.290575795785623
0.169625982507383 0.291275674534242 0.268723501428851 0.0359644710600832 0.23441037046944
0.31162573747594 0.217751292307384 0.137384379673763 0.177068244725397 0.156170345817515
0.276085503340413 0.18727819270209 0.12954298076427 0.235463130495685 0.171630192697542
0.42135606021768 0.131981989221953 0.221123671687675 0.00768448447110441 0.217853794401587
0.15315893318322 0.00482509235379473 0.259810421123704 0.375199911044631 0.20700564229465
0.0736565800627987 0.0412788132594659 0.263508613681579 0.306307669026556 0.3152483239696
0.282982576671691 0.107514400372004 0.281579818409001 0.243766246865801 0.084156957681503
0.182233348320234 0.285328977703918 0.232664194127308 0.0308894060755102 0.268884073773029
0.00853675833766265 0.165856623205601 0.272971967243205 0.0827819629584119 0.469852688255119
0.166234381658852 0.259052541389002 0.202194311237973 0.189314184227791 0.183204581486382
0.278769689313825 0.241128694508982 0.0782447688670049 0.0987720751623729 0.303084772147815
0.20824677552877 0.102513615702566 0.195709803138089 0.255296916244064 0.238232889386512
0.00391062920492645 0.407813881065829 0.386663678698512 0.164544127735794 0.0370676832949385
0.29485829295725 0.289594904329024 0.30968457230341 0.0877187319597625 0.0181434984505544
0.288919757366858 0.265598205400422 0.157167965226761 0.0263058477831124 0.262008224222847
0.105796605872797 0.464734207222616 0.0100416395853941 0.365845762982219 0.053581784336974
0.0463621301866392 0.186846460530171 0.280392957862515 0.172528218602482 0.313870232818193
0.121881110825956 0.0364785161240881 0.390900680101257 0.0959899778571456 0.354749715091553
0.251153852555199 0.149219407634622 0.423808311315682 0.0732079372491114 0.102610491245386
0.235120403889707 0.0424697199447585 0.126753467625169 0.310553755398917 0.285102653141448
0.129838923808268 0.0576856622797424 0.217488745509778 0.316937588184338 0.278049080217874
0.219835725091437 0.207988782761271 0.444873757119082 0.0545509475381937 0.0727507874900157
0.122538074469166 0.12216757011619 0.0928408406777934 0.440200531162843 0.222252983574007
0.376260826158295 0.0961332829061517 0.0620335540839362 0.163180193125186 0.302392143726431
0.386428794202045 0.0122134240731436 0.203142593905522 0.162037444291633 0.236177743527656
0.11429439448475 0.2480126911113 0.131009013074064 0.489995150820803 0.0166887505090841
0.371828461409907 0.355545289874369 0.0409806049764531 0.0629758925126353 0.168669751226635
0.315549386393384 0.323043181144063 0.0674707343830301 0.0835286831487842 0.210408014930739
0.146888011061836 0.177336527697754 0.176320393681716 0.24395095602702 0.255504111531674
0.32182568245504 0.0238594445568746 0.318351979479133 0.302660313301941 0.0333025802070112
0.0413997932792998 0.342077478073045 0.245793918104154 0.271765015882993 0.0989637946605079
0.373012128646117 0.201177899482106 0.115787472306368 0.101241873082459 0.20878062648295
0.297015041677017 0.0158718155135674 0.353371199624052 0.193833866170865 0.139908077014499
0.130025375229939 0.322481588642123 0.367433230163843 0.140589526742028 0.0394702792220668
0.40612106055935 0.103529049643657 0.203399762056466 0.17442113626803 0.112528991472496
0.0904399143406888 0.277339327892241 0.206114238078895 0.143664905948531 0.282441613739644
0.236192706921997 0.249311976570357 0.234791177979953 0.0331931055812567 0.246511032946437
0.195801156074225 0.158915631174617 0.255239267035333 0.187593207001896 0.20245073871393
0.285253218214354 0.154595552698755 0.0996650419226093 0.225116361158636 0.235369826005645
0.197098118628277 0.312424090648573 0.301692483376597 0.0291113914537039 0.159673915892849
0.323887499246567 0.212762053546719 0.0106504169814209 0.301232816947451 0.151467213277842
0.000995712831380227 0.149580546481271 0.11356916573446 0.383040828528319 0.35281374642457
0.252344674931844 0.157260672726106 0.445018229915721 0.0884494807301587 0.0569269416961712
0.231477342964514 0.191664603987191 0.191794544949596 0.324008060017028 0.0610554480816711
0.355917015895923 0.0891955089059783 0.0275528951314258 0.214763121772643 0.312571458294029
0.279688648851898 0.1281666913693 0.269489503648949 0.254312240461509 0.0683429156683434
0.250484037938837 0.388202533317867 0.0685654400995339 0.143722467714427 0.149025520929335
0.1711204443104 0.0533152997128082 0.216739426163762 0.247545670611353 0.311279159201677
0.123076849999042 0.287156257469758 0.302217072596004 0.255913026993002 0.0316367929421937
0.185598428710646 0.22036200494777 0.0486194834249462 0.238571018384259 0.306849064532378
0.104793529150342 0.182930794852922 0.0445756910984456 0.412929000971141 0.25477098392715
0.219082186637442 0.17003515398447 0.378671489490087 0.0426283700829617 0.189582799805039
0.473600746780714 0.233438269507418 0.0313681737669414 0.259315450068174 0.00227735987675296
0.106666745201605 0.38170945087843 0.314510642421078 0.0214144809780566 0.175698680520831
0.270014288146782 0.294658417720478 0.198125815982046 0.141133707365249 0.0960677707854456
0.333989564500167 0.0392842454550441 0.245309256948224 0.119055843615133 0.262361089481433
0.0207271977718944 0.23843586722392 0.313402556118718 0.26603125496997 0.161403123915497
0.315858837510702 0.242217959760378 0.167881697496389 0.0159492466498146 0.258092258582716
0.227821914259978 0.126278900941472 0.302179911579339 0.342801547716444 0.000917725502767093
0.252380892193001 0.33426442751444 0.0545854634278879 0.00590642540987584 0.352862791454794
0.343801332574663 0.369062301016715 0.141335064322277 0.00369841477809009 0.142102887308255
0.366956036054338 0.171750710364244 0.275607401224276 0.0569464002953073 0.128739452061835
0.0825590546305364 0.0809498520048853 0.4617934723262 0.0760577409346841 0.298639880103694
0.269283344316553 0.131079658591561 0.192025141669892 0.260781062524104 0.146830792897891
0.260034357392087 0.0199861762918108 0.164503552209807 0.27852667802336 0.276949236082936
0.0676102772707793 0.275965635395548 0.124964954795566 0.279269586667505 0.252189545870602
0.0862140591498904 0.239380738372554 0.110713410495638 0.376941046943611 0.186750745038307
0.0296777188189517 0.285269098954855 0.0403641600147305 0.240862157485759 0.403826864725704
0.353310806965372 0.18471512396985 0.290518636484461 0.00384523124515381 0.167610201335163
0.281796029650218 0.152049200456496 0.0588191959271834 0.18685095280183 0.320484621164273
0.22514646827423 0.184076610140174 0.0705318982353348 0.165445606528531 0.354799416821731
0.280391298737718 0.102470240432904 0.212819238989673 0.375084107246406 0.0292351145932983
0.147227931819863 0.0965377244615344 0.448093911474999 0.265032828270768 0.0431076039728346
0.340741279926151 0.168671168512995 0.0435956602865863 0.00511180054827916 0.441880090725989
0.0693831812141723 0.211867774739798 0.227717493935078 0.211308505662853 0.2797230444481
0.0602838011129875 0.114262938498141 0.275463834093805 0.269078018098794 0.280911408196273
0.293162146090887 0.602744664684074 0.0379051119100246 0.0139194590396884 0.0522686182753266
0.117431190175389 0.324586503651346 0.285575395492045 0.0122700237625776 0.260136886918642
0.203060004636458 0.247288830095886 0.218719528628411 0.142738119780569 0.188193516858676
0.0711229544315667 0.0148007688826399 0.182518999539612 0.0895289820496672 0.642028295096514
0.275126370598253 0.220852952310898 0.202234394529512 0.02631394867049 0.275472333890847
0.510032538857623 0.195418128295538 0.215318009398416 0.00749841269178034 0.0717329107566436
0.133831696955662 0.269229980891196 0.121193615899053 0.253290732680753 0.222453973573336
0.200193952927956 0.186653676109191 0.216832314590086 0.231384218717976 0.164935837654791
0.380955158245056 0.0150172242798367 0.0496032241920123 0.361573061093038 0.192851332190058
0.144758453372075 0.251775915633885 0.207279778187399 0.279102258094918 0.117083594711723
0.191405969354231 0.16610587339586 0.384556523979612 0.19183868785458 0.066092945415717
0.277088470970764 0.0430270867126478 0.332260745731459 0.253188338254368 0.0944353583307613
0.249552260113325 0.226869944384987 0.00953743275298378 0.298897813194933 0.215142549553772
0.0846104006943912 0.125740633000095 0.229730631087185 0.32035020818701 0.239568127031319
0.385251789043586 0.203894452797849 0.237058547513321 0.0477414614710879 0.126053749174156
0.139491566427545 0.111221284511454 0.0871638523274436 0.220224711966044 0.441898584767513
0.145810862896686 0.166447588466668 0.260506732459272 0.200850846103055 0.226383970074318
0.206805420433758 0.397266603608209 0.158466676349905 0.113648719219928 0.1238125803882
0.167864321996129 0.322417615035618 0.225049171443049 0.233654910733161 0.0510139807920429
0.258736319854567 0.0563437563435797 0.286059404207601 0.156731572625048 0.242128946969205
0.236667747113601 0.141493072750596 0.244982387334811 0.196625480044882 0.180231312756109
0.0693334685792368 0.314617974088986 0.146815231156137 0.166821723061713 0.302411603113927
0.378617367073353 0.0144782083860944 0.19025299277638 0.132948887902911 0.283702543861262
0.431064467199211 0.179875615384559 0.161103927400454 0.205866908759383 0.0220890812563931
0.108902637250425 0.367236958745301 0.0550957304634021 0.109090738094565 0.359673935446306
0.137443904767984 0.323437407950809 0.315704413815001 0.201900139019961 0.0215141344462443
0.235916668064362 0.300327921309138 0.0576585462737663 0.289691370529236 0.116405493823497
0.129472534118853 0.230032317028738 0.156614207387512 0.192132231896985 0.291748709567912
0.0145258369738645 0.0848795454257339 0.188050558372542 0.614058306580713 0.0984857526471464
0.181194626631258 0.271863960120292 0.133070016818338 0.169492194694653 0.244379201735458
0.0285035350834934 0.298413010315557 0.224830639311632 0.331812855909368 0.116439959379949
0.126526300791261 0.292100720922183 0.081962130017964 0.284066840399392 0.2153440078692
0.0515433956094276 0.210390908111174 0.318601903669121 0.0312759452074542 0.388187847402824
0.364260681563495 0.0552662543403464 0.0999092148180366 0.169634865917791 0.310928983360331
0.231838373162297 0.254214624543121 0.0653178699086363 0.369195427025233 0.0794337053607123
0.13721176374981 0.218071442316782 0.401852697322151 0.1919850657507 0.0508790308605566
0.216952132941132 0.262113576906447 0.17590304298337 0.0967524758033535 0.248278771365698
0.00333423817048319 0.0982882273393211 0.378578191085071 0.0417297026791823 0.478069640725943
0.20346302492964 0.234508508243428 0.143263435976592 0.190201750822104 0.228563280028236
0.146358266920264 0.234966887454689 0.386577381810033 0.175169798083713 0.0569276657313013
0.278305022849074 0.156746672626047 0.162297822053887 0.274271969304511 0.128378513166481
0.0235513481002214 0.287746962577105 0.119805908985628 0.0319202584762741 0.536975521860772
0.154002703942682 0.196156413324717 0.118152768138113 0.503082331106171 0.0286057834883164
0.184878025160441 0.124147924650919 0.243065942706379 0.0717732256181369 0.376134881864124
0.0731598260451957 0.00835104130970105 0.228202635753351 0.334489642310363 0.355796854581388
0.0130953496846826 0.184122484142985 0.362124142838065 0.275142408880791 0.165515614453477
0.360662944521051 0.148737361470584 0.355433668662798 0.128228048325288 0.00693797702027973
0.369370275000432 0.257921451216741 0.11751473337509 0.237194558143949 0.0179989822637873
0.0648066505266495 0.318643292069298 0.0582753248823131 0.14511136823826 0.41316336428348
0.164918911782013 0.278057767437179 0.0645425938505902 0.190714434236178 0.301766292694039
0.285087247359992 0.298712691680284 0.0687596384192661 0.0515398157928175 0.29590060674764
0.210647932849164 0.0739552441299793 0.318459332874948 0.160863461221501 0.236074028924407
0.224144271276642 0.184577318897932 0.123684615316789 0.205610704052023 0.261983090456614
0.198899084602376 0.222563394310098 0.0351039074940904 0.0658862373285653 0.47754737626487
0.271395614010648 0.0284671224479728 0.334693750295225 0.154266703827077 0.211176809419077
0.11631447254424 0.137733123912567 0.206101903189206 0.439116601420109 0.100733898933878
0.180981899180414 0.140042138791729 0.231271698428729 0.177417966646931 0.270286296952197
0.218976540024628 0.0602038233075082 0.311004208128329 0.203475715113427 0.206339713426107
0.195766971883963 0.2459977238445 0.307491438146053 0.132409114394479 0.118334751731004
0.206398690316624 0.0256200393618231 0.254618426512117 0.223947977193421 0.289414866616015
0.348179759563479 0.0586670568555195 0.000861411162251904 0.232963841200597 0.359327931218153
0.310538564323997 0.233307991197408 0.000661909003343892 0.0537823769916791 0.401709158483572
0.0624390883757851 0.236762173550299 0.120274137669915 0.329110668494539 0.251413931909462
0.144646194196925 0.152686257514741 0.0638725513297572 0.324607095119902 0.314187901838675
0.187043423037053 0.290122271603943 0.196993033610765 0.249131424101279 0.0767098476469601
0.00959383819463215 0.246360484048674 0.298372247700635 0.0532666018750627 0.392406828180995
0.198178376725349 0.224008937477195 0.232802991072938 0.182070330377438 0.162939364347081
0.403172537978544 0.0414843639206515 0.402002666033397 0.119468537296505 0.0338718947709023
0.292084137878763 0.190921404143518 0.276999213967937 0.0456944709672534 0.19430077304253
0.23021803336651 0.0337753961985042 0.206095873409085 0.129433583802703 0.400477113223198
0.176160237160141 0.037598341508898 0.32012295794287 0.0639942614246255 0.402124201963465
0.125730693449254 0.0982696940206087 0.240021876447831 0.452758841669066 0.0832188944132405
0.197893865959161 0.0946183538142399 0.208187489351282 0.244832583922404 0.254467706952912
0.0499381090296142 0.0278841538474478 0.259666871800048 0.24418554618543 0.41832531913746
0.214781761863107 0.187515743288925 0.299031499277496 0.0770365957442088 0.221634399826264
0.0850783057014557 0.235410791054599 0.290459705685667 0.0573905947945464 0.331660602763732
0.186436613315345 0.0460622078345487 0.351916882243012 0.172782802153891 0.242801494453204
0.0749998104480924 0.182685651770226 0.31270589289556 0.063828846234676 0.365779798651446
0.2457764579222 0.227686179588882 0.239329674264171 0.195333774749604 0.0918739134751421
0.0585392105686263 0.198111507132437 0.413548223264632 0.185538371971979 0.144262687062325
0.253236831854694 0.0763061345129705 0.384193482162406 0.284084691208582 0.00217886026134737
0.209584439754161 0.262267401561829 0.256434871728024 0.0330041552915253 0.238709131664461
0.0316825815596467 0.184595641089497 0.127136143229393 0.388086320575039 0.268499313546425
0.200747204611827 0.359246108063957 0.114583678806358 0.051928424896819 0.273494583621039
0.312189348073677 0.156458272186439 0.119689626252496 0.232581479709239 0.179081273778148
0.104757055233082 0.117702586426208 0.249158097628844 0.250113944025565 0.2782683166863
0.184604816432818 0.0611401027438291 0.407703548170953 0.153539605081685 0.193011927570715
0.197058145588881 0.229678446828163 0.28928124726821 0.116063400390797 0.167918759923949
0.280960538484858 0.0403682070755904 0.239285918750037 0.0669625134266566 0.372422822262858
0.150445954024618 0.23170534008443 0.228850739017073 0.191078179390513 0.197919787483366
0.388981656692492 0.0758989885064712 0.319463275011895 0.0802000423283481 0.135456037460793
0.331443010589326 0.343571502578844 0.0950706019651053 0.154610166699367 0.0753047181673576
0.243148282748074 0.246188100016322 0.0977324551633596 0.249897128579668 0.163034033492577
0.286587707802225 0.0105584723016729 0.193560110518764 0.236673237709422 0.272620471667916
0.0918832134050278 0.199331617416644 0.246469445681877 0.288864270027607 0.173451453468844
0.30026205031815 0.0830651591860515 0.175832980299515 0.272878892052414 0.16796091814387
0.695785809641988 0.177931739792624 0.0285475748484022 0.0780666221591955 0.0196682535577909
0.120361630820706 0.266939607837304 0.204470263409844 0.147569172623924 0.260659325308222
0.193969455403046 0.0999554773814104 0.0455943784032213 0.393739009050535 0.266741679761787
0.340257303624439 0.349239859652014 0.0273196402587004 0.242954208496184 0.0402289879686625
0.106495740994174 0.308418080382905 0.116062791632798 0.208185170371065 0.260838216619057
0.0470622685430439 0.322533758459732 0.29020110725421 0.33840130247833 0.00180156326468393
0.299034184134994 0.313531295974136 0.198680660181022 0.120434517098817 0.068319342611032
0.225418324421677 0.250585820456645 0.284408176094501 0.125937732445964 0.113649946581213
0.0168180487100151 0.233170012743412 0.22802467266698 0.199645212616748 0.322342053262844
0.0978918437944009 0.0822265838589582 0.214891589210213 0.374510201917018 0.23047978121941
0.191642411311866 0.21308023262553 0.257848705524179 0.0460051961732543 0.29142345436517
0.582576157542557 0.332063458996084 0.0421696331154467 0.0353353133691532 0.00785543697675983
0.144408339301875 0.0583529233752073 0.259744151458263 0.219517060105527 0.317977525759127
0.0497535810429087 0.296372246047525 0.0260951667816487 0.219211891095279 0.408567115032638
0.201742102308413 0.00236663610764576 0.131919544412732 0.282052300402861 0.381919416768349
0.17853470113991 0.256291892701552 0.211339985857805 0.259799107929637 0.0940343123710957
0.194645574808027 0.0536678585388643 0.267741002653988 0.213721523558335 0.270224040440786
0.300005332393158 0.0270373814703842 0.0550935491368091 0.307372832384277 0.310490904615372
0.112375712722102 0.17052050747058 0.319559670004711 0.13277496186612 0.264769147936488
0.275079184652029 0.130440150315264 0.243905260002149 0.129779257014896 0.220796148015661
0.183747310442874 0.286300680881444 0.237815917514134 0.0304919900657835 0.261644101095765
0.0357165442885862 0.298948966810488 0.340038186627087 0.30388279775367 0.0214135045201693
0.286446372207467 0.0925476833620129 0.305515822535964 0.23912346836367 0.0763666535308863
0.0689084083702982 0.262383658922448 0.33960293371182 0.130576815538777 0.198528183456657
0.143913147779562 0.259531646478857 0.216012918375258 0.129746506212139 0.250795781154183
0.224903678215221 0.236151270734832 0.175490345064039 0.122095437937374 0.241359268048534
0.0224864192315725 0.335458346911821 0.336472657518969 0.284126457649769 0.0214561186878684
0.342139001293945 0.181915580059112 0.324421653417609 0.129458280411361 0.0220654848179735
0.542392136569366 0.152185659070766 0.213067384910776 0.00561674366295137 0.0867380757861403
0.129053319355872 0.233290617559191 0.379859069643451 0.0621787462665408 0.195618247174946
0.329981643303104 0.0946923292257934 0.217321687710305 0.21794571372926 0.140058626031538
0.245278107406661 0.284944122161197 0.154082859178596 0.00451123516322748 0.311183676090319
0.0757998653918016 0.264461577930958 0.296481671026482 0.160954931195293 0.202301954455464
0.347517079557739 0.226501920602663 0.188498214631396 0.00812532232076689 0.229357462887436
0.0497827277188817 0.239990079780529 0.253735975690871 0.24042573618717 0.216065480622549
0.0612170640973902 0.170567105989341 0.109176280384393 0.513539402580087 0.145500146948789
0.0297191811511641 0.122045660757649 0.152900416854976 0.340452724377191 0.354882016859021
0.441815738779437 0.107876893628592 0.208213100085702 0.12173199334979 0.120362274156479
0.116280840184275 0.129895863547888 0.211441954549652 0.275528970581225 0.26685237113696
0.113035411764743 0.333943710477659 0.219581123374509 0.307890919783794 0.0255488345992947
0.0234340556861285 0.015633492033202 0.269699724524189 0.0999095704947774 0.591323157261703
0.156918348329724 0.111289040541046 0.150726360859515 0.308968490047335 0.27209776022238
0.264740723199707 0.143985727646697 0.307055203081217 0.26427756000267 0.0199407860697086
0.284266867154584 0.223757677104279 0.222590599295833 0.168964363004446 0.100420493440859
0.052298714150566 0.123466669640671 0.452789371802347 0.257735730611087 0.113709513795329
0.307468354380738 0.299680059750115 0.00289053928360808 0.228346106618589 0.16161493996695
0.370644412654181 0.310149764052824 0.0324804888610451 0.0354857429118719 0.251239591520078
0.319119314314557 0.0698837503814447 0.250550167056795 0.233457409116637 0.126989359130566
0.145123383285857 0.140135225544185 0.322731632836568 0.139781475731404 0.252228282601986
0.157118318832087 0.204680339320354 0.198989400945714 0.02344756741844 0.415764373483405
0.203050300467013 0.19222389000543 0.216087594380196 0.243235487185498 0.145402727961863
0.236538543487817 0.212449575469641 0.239913301431077 0.0706250033809428 0.240473576230523
0.274690003604271 0.18038054363472 0.129861852743265 0.0204778436477261 0.394589756370018
0.0178389139757754 0.30727799171828 0.0526791025650705 0.23103629857829 0.391167693162585
0.309260929541719 0.458052244935143 0.0347777971872378 0.0980497750374322 0.0998592532984682
0.0265470195170779 0.268676406644468 0.396755016982729 0.0936053340860949 0.214416222769631
0.0492751019163361 0.197188905294891 0.204458556734685 0.25764821413212 0.291429221921967
0.270404872875421 0.096796924520024 0.349945906551128 0.235738372422877 0.0471139236305495
0.2994608191798 0.245580641871393 0.254298452421738 0.0630687004716395 0.137591386055429
0.0709552432047592 0.329595338650245 0.205653138330438 0.0254992950561731 0.368296984758385
0.308475349589084 0.0417518329343086 0.251837794095759 0.108152255972304 0.289782767408544
0.0369929875884554 0.470526103921003 0.0970743018326737 0.0850196524024643 0.310386954255404
0.00699480207629037 0.0689356252242201 0.133858131839112 0.325928638424345 0.464282802436033
0.266367905504781 0.203695354476676 0.222032016403726 0.25715571446149 0.0507490091533269
0.0496058413174914 0.0959799485240308 0.433835255407577 0.00609730946541315 0.414481645285488
0.329408339815379 0.107161794367754 0.0351196556112464 0.403599491771522 0.124710718434099
0.14667178088145 0.118135207553512 0.236226731989892 0.249472664875097 0.249493614700049
0.213429090886485 0.261434672980315 0.0372339567013854 0.243338700790915 0.244563578640899
0.0973876629580242 0.301311424379407 0.182155829127631 0.131271540109863 0.287873543425074
0.271968918657479 0.188745148502616 0.124543976360258 0.212223169115268 0.202518787364379
0.0534863329479928 0.0749512173135002 0.319184164231117 0.368697129775884 0.183681155731507
0.138504912469384 0.0887016484355863 0.321248411911718 0.342992186978653 0.108552840204659
0.32381339153905 0.243595210174524 0.178275001575799 0.189402911900464 0.0649134848101634
0.256428960756258 0.0281640834124885 0.0345332898207109 0.308539059337631 0.372334606672912
0.0342078463043924 0.168535477655093 0.2657191872896 0.349727465454548 0.181810023296367
0.230894267132686 0.341116591836582 0.20047692930189 0.125847243748704 0.101664967980138
0.150501390279004 0.175383341337567 0.362757599042381 0.0546009025950527 0.256756766745996
0.258826413757019 0.224527643120095 0.361018242198543 0.0570476031787496 0.098580097745594
0.19385844217524 0.163964234238627 0.1915671985967 0.14663149075932 0.303978634230113
0.572484174136325 0.0450519862844989 0.115033211593869 0.215996448092998 0.051434179892309
0.367877656567186 0.118715361122677 0.0964822644350466 0.411911249921491 0.00501346795359927
0.113716306059925 0.275062361667936 0.207619578102337 0.193654028547701 0.209947725622101
0.176268677712663 0.29988137147574 0.141217137613007 0.10681816655715 0.275814646641439
0.168440569751641 0.104309981330901 0.220171715447999 0.0990351554041981 0.408042578065261
0.141180284195903 0.0672886235433307 0.346281596724402 0.0981755277558961 0.347073967780469
0.431778465971094 0.123940594970659 0.28519742725542 0.0658481561816561 0.0932353556211712
0.263258196208185 0.16191326688763 0.21243405568777 0.114992076825056 0.247402404391358
0.189271016989645 0.31611837293936 0.0781916121583877 0.119976462137989 0.296442535774619
0.214569744231752 0.236061464323524 0.256736158301592 0.176173630004816 0.116459003138316
0.199526664355334 0.134700881473269 0.171388779343914 0.236819215914851 0.257564458912632
0.298627654631409 0.348394861050607 0.199394246141777 0.0577673156463399 0.0958159225298674
