0.0465400544893212 0.17275087921695 0.128750885664036 0.0384280516605557 0.163146925023393 0.197693841587034 0.0754705808973629 0.177218781461348
0.197176670546857 0.083840557430489 0.254699901847332 0.0153785357108065 0.300701736855327 0.0115792438673237 0.0769383319547315 0.0596850217871323
0.129640656801268 0.175790895567166 0.169507761455709 0.0608297021117489 0.0503757989171749 0.107325281395115 0.194100628675103 0.112429275076714
0.148317958026019 0.0405174122287694 0.0320230803116203 0.146654588751484 0.181735805311264 0.222453205062464 0.0459692726033002 0.182328677705079
0.0890322885375351 0.306525997527037 0.115845728326672 0.237138018457861 0.108499522667783 0.0732318180869498 0.00779637672254284 0.0619302496736198
0.204642648328585 0.151580569805116 0.0551605692704532 0.085139997428381 0.115084665144371 0.0179789838630681 0.232831975547197 0.137580590612828
0.112561536602502 0.071437341153463 0.110754652169945 0.125192526401344 0.119034584608756 0.11105201548404 0.165278909348245 0.184688434231705
0.199967628202497 0.154333714483977 0.0350407023738934 0.174887505624982 0.0211997148866774 0.146704400282401 0.0632098398172956 0.204656494328277
0.158007714242904 0.219464342383349 0.23543931418213 0.0659592974654804 0.152141877304668 0.0900396998198551 0.0263388177154115 0.0526089368862011
0.105896653074575 0.026362203594327 0.207019742237864 0.0353991781329881 0.194428396532031 0.0285125460079344 0.271817692826691 0.130563587593589
0.000685369280679753 0.0810513463163424 0.0706521231553757 0.192212506670116 0.00469883083039146 0.142249986323317 0.227653982339084 0.280795855084694
0.0457832381270534 0.0275394372441004 0.20182918858908 0.272841478573417 0.180930600209623 0.145097131546192 0.0411891304165353 0.0847897952939993
0.169194563114966 0.138092985928643 0.237920784868203 0.109874619172783 0.0172651166875888 0.202617976115434 0.0522420798001518 0.0727918743122302
0.126310834035985 0.113907079436509 0.189020093829991 0.113786959502663 0.172887558472965 0.104866203473179 0.0475978635570007 0.131623407691707
0.0223820814761667 0.00799406771977499 0.114503379219119 0.240301020370764 0.206905155843711 0.0505422866631541 0.13399088287844 0.223381125828869
0.117467816190889 0.0584399080161255 0.242379269133426 0.0369811226968491 0.289352393371022 0.0119266564907364 0.0890287738837968 0.154424060217155
0.203702952904936 0.11850114013251 0.120760703104457 0.173415797971607 0.0579251901631501 0.0887512415206563 0.0689234208861657 0.168019553316517
0.173692348837859 0.0902771926969934 0.0949218795230633 0.0432822689272655 0.137653543269735 0.033587653775893 0.201530838026726 0.225054274942465
0.205687826144036 0.216664753774253 0.0570489357118886 0.03254144907574 0.131019940241221 0.0128884103586683 0.0741379723952355 0.270010712298958
0.164696702252698 0.0160096473967421 0.240349968526505 0.0437963998135588 0.0313797354116133 0.200604635533517 0.293181011804366 0.00998189926099985
0.198113871999686 0.112681938393838 0.177327181252302 0.0388745063943176 0.0840546122594054 0.153768726547827 0.0961593464623024 0.139019816690321
0.126881448282753 0.118538880572958 0.188340047298029 0.118275299918131 0.172409743213577 0.0132586489800387 0.069644498942737 0.192651432791776
0.179797804628901 0.0360495142367436 0.146677646213287 0.033597027872313 0.00687962073901586 0.18688726876165 0.126743983036563 0.283367134511526
0.247133481855208 0.035435214474861 0.0382362968423203 0.149340312698127 0.207509490778315 0.101611148991246 0.0284503166048738 0.192283737755049
0.146946200220855 0.0730268405655794 0.152596235863995 0.0783720966494977 0.159973380724764 0.125941686448224 0.128490668390076 0.134652891137009
0.185084005881384 0.0247245607242016 0.13328561057515 0.184540065691041 0.163412769732695 0.117581949948009 0.109168667137164 0.0822023703103553
0.0616454716002348 0.140388725926521 0.105244259003628 0.0162772494474182 0.0935331828028534 0.463007820006571 0.0224654626580542 0.0974378285547197
0.155408458904422 0.188885655231962 0.136039755255514 0.148827066883912 0.0351846092677491 0.147233607724955 0.039107859419368 0.149312987312119
0.192178106024594 0.075099771802823 0.112316980904969 0.154696202192215 0.000973955661877665 0.181475227804352 0.135889814631609 0.14736994097756
0.217655457969588 0.177601565429075 0.0648249362865336 0.0924239799146677 0.0624755670616428 0.110689983140104 0.0843686337825688 0.18995987641582
0.208095524133829 0.146183730616052 0.117200951272451 0.189708432680792 0.0758679884793981 0.00549382101331382 0.140768338343798 0.116681213460368
0.202185341939162 0.156840293123552 0.11713679553104 0.11663027987603 0.157496819363184 0.0776309132603315 0.0253169870133081 0.146762569893392
0.00806376124691822 0.177656874391764 0.192381471785577 0.181332230574576 0.184384066170927 0.0389195635915851 0.160777661477291 0.0564843707613616
0.00303973244844982 0.193555721973761 0.0283514231302049 0.120286273137226 0.193444422463969 0.163281431904783 0.181507066327963 0.116533928613644
0.0328672428705599 0.224202321033375 0.140106930810615 0.0417057617330076 0.16709775952083 0.0832034423355946 0.206544920304185 0.104271621391833
0.0224372806503175 0.190774314140784 0.179559641811575 0.138713447743265 0.131064589859665 0.09577381580358 0.216164121443831 0.0255127885469828
0.0758433245260535 0.113318531480929 0.20367079914341 0.117238582391983 0.0199426900135726 0.058980949534475 0.176367063543753 0.234638059365824
0.156129191525988 0.176754699624653 0.185024561582362 0.176498696065577 0.158072650375578 0.0181221890692119 0.109511917507761 0.0198860942488687
0.167186888868741 0.138284285344063 0.169204576833613 0.140755806753431 0.0805433090303341 0.122172244905074 0.141840964227654 0.0400119240370912
0.0676637877654371 0.153952457040233 0.145497321710579 0.158238709924727 0.0805360777441043 0.129527154141222 0.157481454782474 0.107103036891223
0.039831476335164 0.22252860962319 0.16682687917663 0.209797481458434 0.0688199123659543 0.208573334651729 1.7631409980402e-05 0.0836046749789185
0.138408289803056 0.248402590024691 0.0151655305743429 0.132683784394935 0.0321171117316943 0.212815780281439 0.00699158212303704 0.213415331066806
0.210411668429633 0.193945239066223 0.136975078999757 0.0793635870852512 0.0917491267671918 0.172297451302672 0.105286083000407 0.00997176534886547
0.028131078698221 0.101335906568182 0.0374092111789092 0.155433247938228 0.181978961488218 0.163574963628252 0.167703193677135 0.164433436822855
0.168472174623803 0.0244537784645143 0.154048849843612 0.0750546133234231 0.064705690996503 0.193667196542997 0.234907970598106 0.0846897256070419
0.139322408350812 0.174807406900124 0.191386154512364 0.0289208494017627 0.262897451031237 0.0520016993453425 0.121455924367291 0.0292081060910663
0.1270745218205 0.255313951940124 0.0792117311563186 0.0277277674790005 0.221940364624021 0.107234200034968 0.0117290228362056 0.169768440108862
0.0801971325806696 0.1673746227757 0.199656068311956 0.12028613192512 0.0166480012503367 0.198851342615266 0.111595593968448 0.105391106572504
0.161328902581437 0.12986854342441 0.0680222165619047 0.151727876585693 0.142912008870347 0.141102180069962 0.123731503829806 0.0813067680764401
0.020210352529012 0.0121232634228842 0.0609205797146732 0.0493941475006059 0.378893566791425 0.389163853988388 0.0402840456514946 0.0490101904015172
0.0889797299901199 0.164282242126601 0.136753468023163 0.0722752276208503 0.247019387971055 0.0457103755953717 0.220907426485587 0.0240721421872524
0.0252954696742377 0.174018275510047 0.0536765126540721 0.201601456528717 0.242578914167993 0.239576244397958 0.0225542476032031 0.0406988794637721
0.118765240054862 0.0975097547215674 0.142974312733351 0.116668463513186 0.225496346694878 0.0482172833671617 0.142199284901934 0.10816931401306
0.167222121606498 0.143974967206069 0.169643021373186 0.0709252378632084 0.0701032965738354 0.155737617990085 0.145989075689878 0.0764046616972403
0.0261802685093422 0.136861683836984 0.0156708735072946 0.12372674340905 0.22448741931151 0.151743958809385 0.141665249725266 0.179663802891168
0.031168418878127 0.250963878989271 0.0622148953165372 0.235387311364031 0.134518198904113 0.116380034455855 0.0515281705847992 0.117839091507267
0.122004709870126 0.0125857603915529 0.106326112890478 0.200147321527663 0.194763144694935 0.0513929962681594 0.196193141451311 0.116586812905774
0.121202158164834 0.163414097477361 0.131000952329902 0.00247360246076774 0.0922338692283335 0.150193825949899 0.167581316893224 0.171900177495678
0.125545822668171 0.0922647726882158 0.202292598628338 0.196304784539108 0.0681268398328803 0.0219996471143367 0.206394706383637 0.0870708281453131
0.138704810231787 0.0178497833106101 0.138806619332755 0.108616485818688 0.0874188303120773 0.128417893720261 0.145232038746164 0.234953538527658
0.0184731381026189 0.0335196412666844 0.161070543978936 0.138627101362553 0.0678850373568278 0.282133526411229 0.0514514147050478 0.246839596816103
0.144977418225405 0.125050885296178 0.210188446883149 0.169231110177201 0.232746011733144 0.0307289705514275 0.0346158606850922 0.0524612964484044
0.207635415599821 0.00156575838385892 0.174458310691633 0.194267499405997 0.0498183647435584 0.0275405713947389 0.09348766615292 0.251226413627473
0.202797056723793 0.127879981375454 0.128994207721507 0.0484096285507457 0.174872506639176 0.0540310992169302 0.0692174102497463 0.193798109522648
0.121303813591747 0.0963359990323962 0.0375008085765837 0.126592847862884 0.240278600319948 0.1376352832429 0.0132566384309874 0.227096008942554
0.25861194078064 0.0231025731244801 0.0884006731687472 0.254083849040499 0.0949863444717127 0.23563253468531 0.0268886698698651 0.0182934148587463
0.0281699800508268 0.157542487457426 0.115267779257876 0.0855091418896557 0.284486861249399 0.21679507743454 0.0416804860409668 0.0705481866193095
0.122626422240773 0.10880526583733 0.0428653289977424 0.159011792849048 0.153117465226289 0.206300460936138 0.000838139583870728 0.206435124328809
0.103571140182756 0.0483719826061531 0.184081227394221 0.130322434503424 0.209121726216141 0.194524103608901 0.051642723972771 0.0783646615156313
0.105661284734391 0.170697851557334 0.163542792061978 0.149285085040698 0.0117965229584143 0.159051354166617 0.112582276694642 0.127382832785926
0.0634433801407725 0.000730062826891465 0.214754943635181 0.177734222090745 0.223279589877723 0.00974830460816663 0.194376842623304 0.115932654197216
0.127951126625375 0.0118904032156554 0.155872126633343 0.174481792730083 0.0551989183557892 0.17422548975045 0.134646897094838 0.165733245594467
0.108846473898434 0.155715997980122 0.0115087503392137 0.160622096679697 0.171889190255146 0.14276299817443 0.179559452982379 0.0690950396905772
0.17835194706038 0.068673088862828 0.0603445501125409 0.164709682220264 0.130896181842248 0.139549311810692 0.0784175308648407 0.179057707226207
0.172608079803645 0.223652275256473 0.152291245283991 0.0747252740000025 0.00089012640118161 0.0702769916928096 0.173222389289818 0.13233361827208
0.0934516025033525 0.123682236214544 0.042863038056457 0.152714285015527 0.124616409372792 0.169146540906506 0.141679260034992 0.15184662789583
0.037258531890725 0.208338435842137 0.0748514038060923 0.0550865771544874 0.17092792058269 0.0984187884840008 0.184995481064313 0.170122861175555
0.210085455459102 0.0360541872824385 0.125359787609477 0.00643040796392464 0.197834595311768 0.0667950173661052 0.178666287083192 0.178774261923993
0.0868803909945562 0.174214642202235 0.117281302870547 0.130176614561876 0.0340831971840944 0.14818350708628 0.182562143916735 0.126618201183676
0.0717690702690755 0.066615513355119 0.130762978929128 0.143833616125984 0.0414073022689668 0.283864856053769 0.243217683699858 0.0185289792980995
0.235364008110334 0.133648504082108 0.049113185293168 0.211976897712097 0.254672857740778 0.0480029261179981 0.0227550953373585 0.0444665256061591
0.147082260307868 0.116922104559027 0.117964233767167 0.062073808745763 0.164191343575095 0.16513700939043 0.150132503330415 0.0764967363242358
0.13023034000252 0.0737115458440325 0.108124958507975 0.167466130647306 0.165202260705916 0.0883486163642193 0.0966484467262183 0.170267701201814
0.169019559569146 0.0693144475648898 0.351456818238514 0.138111063415046 0.0764861836049048 0.0748664003140974 0.10894633414499 0.0117991931484125
0.0694751426565413 0.153236112534716 0.192505059015027 0.209962510204511 0.186310269815522 0.115606801826292 0.0490563729834892 0.0238477309639008
0.12983109994419 0.0906300573615918 0.145299963789024 0.118676863596045 0.140772543957671 0.136220228642701 0.0933694847430336 0.145199757965745
0.0988303393281997 0.140215909442909 0.128065133267376 0.201484241936805 0.243353635171998 0.153125512392192 0.0141191928248969 0.0208060356356234
0.00338990990282135 0.100171501119847 0.0720367606210433 0.157066282425672 0.0688060373213599 0.260542394420131 0.2350947228655 0.102892391323625
0.143922824239663 0.125481380396936 0.231087256280049 0.179049430048724 0.00634437917654352 0.196348382582824 0.0645039293325304 0.05326241794273
0.166646131066185 0.0724937402545653 0.176675797409995 0.0640264278755205 0.0924249077831588 0.161436287846483 0.200473873989233 0.06582283377486
0.0623738417770608 0.116932776595903 0.048882187746353 0.123890230233398 0.228816612234899 0.0773043234164054 0.0494654205315241 0.292334607464456
0.148545341351433 0.0929286925082207 0.127192155901268 0.120361657014198 0.116441834706847 0.164504459883695 0.104269818308937 0.125756040325401
0.0677267467813778 0.162141837393581 0.118909842425156 0.0485473691553216 0.164697343432048 0.232529067326452 0.153672804240672 0.0517749892453913
0.124450498248655 0.205726906873799 0.00705453619981328 0.213548257314177 0.0977906922722211 0.19415156605715 0.101926946507946 0.0553505965262395
0.21810732123798 0.00298773827223998 0.161712446061511 0.0728771798291423 0.202246490240588 0.0805727372165653 0.222029272600335 0.0394668145416379
0.150456698418441 0.31550796419572 0.0747503983277843 0.0326700220323428 0.0885477239131533 0.145906368662894 0.167907571476643 0.0242532529730211
0.00714271396864168 0.129410604899173 0.206944056975305 0.168292950138808 0.22326639397766 0.0941865600944758 0.131471796085966 0.0392849238599704
0.0999061509322996 0.0183718055921665 0.157892118053315 0.102389088926867 0.0585495532316991 0.20538861605047 0.223060686171683 0.1344419810415
0.265071982852008 0.0337600426121324 0.00399990306418555 0.262046666251327 0.115972822965079 0.0499767826886836 0.106458336352754 0.16271346321383
0.0337955214965528 0.280736577408545 0.0365154169656259 0.198029839919293 0.113079172116215 0.181123952729061 0.144975498668474 0.0117440206962334
0.161577322988764 0.202137153614674 0.115663400212048 0.182102872651357 0.136088319358932 0.00443682964430934 0.0385143642009145 0.159479737329002
0.212160939393803 0.0188798153678526 0.171305115730614 0.0543709745500506 0.0331054578199755 0.123209838025439 0.149294290668032 0.237673568444233
0.0519076704729639 0.000342267159700939 0.187891274126447 0.211707747786402 0.036472654640175 0.060146220859585 0.213755141225954 0.237777023728772
0.203848974788204 0.0781039600768573 0.130596686642239 0.0689530816811922 0.250139333994804 0.0633770937008286 0.18350375411026 0.0214771150056153
0.134790879958948 0.0824495174936724 0.0272423109086507 0.223448661058698 0.176602864725241 0.13234316784208 0.144862774324445 0.0782598236882651
0.0159896522256982 0.216861621532487 0.0414859657313376 0.0152026596574353 0.242240327553888 0.161084066091997 0.136147974073886 0.170987733133271
0.119706273781097 0.295494710450853 0.122519707908851 0.0976781883423625 0.133437707378777 0.137649861426368 0.0842898545030261 0.00922369620866588
0.204223438328796 0.176423651756011 0.0927728060575522 0.182388669746907 0.166924224342837 0.0836971474425534 0.0445233800365015 0.0490466822888413
0.0751614092595843 0.296223850958263 0.062227021327934 0.0545364106404329 0.020075910206654 0.048839664972787 0.235151687116233 0.207784045518111
0.133314222508204 0.1023419944339 0.0588304208173621 0.103749025212343 0.179748259472038 0.195653991673313 0.183529850416133 0.0428322354667069
0.156701636200924 0.210027803929398 0.156208869078041 0.0397700695491921 0.0697311575033498 0.0283560252340411 0.206378955790058 0.132825482714996
0.036526097356367 0.293012405697635 0.154754094991589 0.140932900278723 0.156890315058069 0.0216378048995465 0.00250748124861875 0.193738900469452
0.100608546638596 0.136222557203463 0.199379906383456 0.0980654595576381 0.183137996740663 0.0706358828520785 0.0346314922566002 0.177318158367505
0.0779013470799321 0.216689319060947 0.131963976220538 0.251622877237201 0.0336420647668855 0.0929549222535415 0.152454835305417 0.0427706580755378
0.163962769549302 0.0669228818801303 0.123172525436786 0.0615409681542579 0.162943452453091 0.2228853606777 0.0260635160187037 0.172508525830029
0.132898565077312 0.159996060730018 0.104240747806631 0.0486430277438582 0.109603245493639 0.303059752409229 0.128982682140413 0.0125759185989007
0.0476018221064623 0.196494986165801 0.196194904928544 0.0747510284071864 0.209129605825589 0.176515926991131 0.0500171020338641 0.0492946235414224
0.140339222908834 0.115978645368959 0.08543051248564 0.196747108777731 0.0695779674667709 0.031037844088078 0.185322919617509 0.175565779286478
0.212348175648281 0.264078341544438 0.0143726358367664 0.0563478049031704 0.108185850213253 0.15881261143736 0.0360232971390835 0.149831283277647
0.205526081868316 0.113935234315829 0.137079629520891 0.0897113553775492 0.207256441287455 0.0912899189096662 0.0599260748625568 0.0952752638577373
0.0372392508241789 0.288908320290494 0.0255283803036271 0.0895669196975062 0.0508027363617944 0.268558898973558 0.190717203025465 0.0486782905233764
0.00302078765266155 0.152974687020654 0.115649394308618 0.216952936898566 0.156039665851226 0.0391000736495216 0.206042165456179 0.110220289162575
0.18479929124052 0.170337334546062 0.125149498313576 0.10772885296197 0.0273614368623884 0.0731980464834724 0.132949937837862 0.17847560175415
0.0551921315520916 0.298264848322313 0.133198079576114 0.202931859278379 0.168037460764424 0.0662554636417341 0.0639513491180584 0.0121688077468855
0.0692428511087837 0.0312986428010452 0.14607175120886 0.126194047906447 0.1986639559127 0.200267613077443 0.196023296997758 0.0322378409869636
0.12671862163658 0.0956527931120486 0.11386269218433 0.168429741415128 0.227317142470794 0.205742594454623 0.0216697678921119 0.0406066468343853
0.115966304554013 0.130341983829224 0.0274366913730764 0.234130906703028 0.15998018189521 0.180195925345128 0.0912924894518083 0.0606555168485116
0.0553257709106078 0.256614346925407 0.181050743581181 0.128732979322443 0.0402735326121946 0.0737998015455335 0.0893830438615667 0.174819781241067
0.135503562254208 0.0978443025543241 0.144567712179331 0.251170410508168 0.0700946653842278 0.135285279428026 0.140936263179036 0.0245978045126798
0.104716714961785 0.0991544981274322 0.195440832811601 0.0822187304705333 0.178170992861926 0.0954966939716432 0.178037157741408 0.066764379053671
0.121015404124131 0.0779936062860656 0.155501171968386 0.205683047243786 0.112719323573453 0.120438908186441 0.128176246699835 0.0784722919179024
0.0297740006512312 0.146921478433814 0.189873039567731 0.142332366736396 0.13322074493567 0.157910271137723 0.164191807511055 0.0357762910263809
0.0557417700548313 0.175716225215499 0.214788171130323 0.111888210088656 0.189927982749917 0.0090718938489094 0.0303010834253002 0.212564663486564
0.0399530537399636 0.224722259870337 0.149407259305844 0.199443501996741 0.0762562309287717 0.195984251184006 0.0966845877299959 0.0175488552443406
0.237421455876856 0.140787849440843 0.190159948001383 0.00118787858007506 0.161286214867017 0.1129974067225 0.125141363835676 0.0310178826756493
0.00398930724298139 0.199543236448947 0.23204612823992 0.117772223201113 0.0507846297314171 0.17131600589364 0.0430626080838671 0.181485861158115
0.045427341192028 0.0020818728161392 0.0215701630328924 0.172606485182965 0.154753275949418 0.0945024462850709 0.262040709804623 0.247017705736864
0.0979210132705224 0.0812844530135734 0.109689347978884 0.187470795316686 0.124452190124108 0.210870054219395 0.114230732713767 0.0740814133630644
0.183620042346044 0.215687264268249 0.256674723182927 0.00102398826496707 0.164942258983192 0.0140841928303003 0.103216795595496 0.0607507345288259
0.171565625625818 0.0512228103682974 0.0453056761756929 0.125336101394636 0.203563436777981 0.0915386011853341 0.233533808000218 0.0779339404720215
0.142783428104829 0.134922116924414 0.112299732054177 0.15514022975633 0.0637266121668804 0.143475184541949 0.150775809302592 0.0968768871488278
0.200148026304355 0.214996696078604 0.00246894449192296 0.118445985785217 0.184213712700529 0.131332299447924 0.0550295630382709 0.0933647721531772
0.0727558553837504 0.256381530733263 0.158861049239003 0.046306058693782 0.147767461427958 0.155428266798957 0.104970023115037 0.0575297546082497
0.249287919500702 0.0702761861263939 0.175138837437906 0.0924217265260737 0.0864743850674315 0.0365793284313038 0.235093129494367 0.0547284874158221
0.0197113098240919 0.150126027795782 0.0670978027721607 0.210753054784091 0.0135935584457499 0.18935997541612 0.188802363742461 0.160555907219544
0.203361375599714 0.242233144466658 0.191469304695614 9.39810637750421e-05 0.0997389098676305 0.0894941012928561 0.0812957572629677 0.0923134257507847
0.170119133617208 0.250596389428043 0.0834037800096853 0.0949343583849381 0.0558277439678287 0.124489996841944 0.00319607526225303 0.2174325224881
0.124744168341439 0.0210830466045127 0.0424677506490084 0.0534991108728355 0.234217043230427 0.124398066788476 0.180109388566345 0.219481424946956
0.264412658093401 0.232219914013757 0.106876260138004 0.00591998357033654 0.0629372526002911 0.0616931203267286 0.0536467454766223 0.212294065780859
0.149533255912157 0.186611028374093 0.0682569455305212 0.107172266891942 0.180055319049337 0.121448405045767 0.0025300132766142 0.184392765919567
0.102419590303541 0.175726165199285 0.184097315653302 0.152633490603686 0.0271890918768635 0.0417959908508689 0.132447964221891 0.183690391290562
0.136452827764437 0.106071812861211 0.234630603552769 0.00829165758625722 0.0372230147954253 0.135887246015912 0.11012365378448 0.231319183639509
0.0675643157670616 0.051525862580567 0.0764326662012873 0.169584187671709 0.142495778782654 0.174257237575864 0.284473553739057 0.0336663976818005
0.0762914602947446 0.0876412210970797 0.00898292172406313 0.182829001407635 0.107210435708272 0.170550492095652 0.156369970392063 0.21012449728049
0.115338841820393 0.0930302518872098 0.0624244396394433 0.139231720986941 0.171485373126861 0.187088461896848 0.170649217696576 0.0607516929457275
0.210523522323094 0.150762195219509 0.066433067795702 0.0961840203617289 0.20015553224553 0.0231306097193372 0.231040010322395 0.0217710420127037
0.0901297583310137 0.073955387453625 0.191519613563135 0.183354628830057 0.112867702651536 0.107759865291586 0.13304018502242 0.107372858856628
0.142073087673506 0.140681160505388 0.123868300249068 0.165407721780592 0.171500189790453 0.090590776186407 0.0720055883462498 0.0938731754683368
0.0911087348527487 0.119027410619313 0.13004785839165 0.119311348286954 0.105576297038859 0.114516804558302 0.213029743089818 0.107381803162355
0.0924336970370912 0.0991301980870647 0.104209813917914 0.16889435183915 0.0863812482564317 0.207608501548448 0.0893514925457866 0.151990696768114
0.20041437923742 0.0478174769411559 0.0903167173523879 0.140920793532134 0.11525920183199 0.183935580642842 0.0630490757037661 0.158286774758303
0.246450383705276 0.116016808936413 0.0336622453896561 0.165203800371411 0.21402507968183 0.0998333759808128 0.0161834213035364 0.108624884631066
0.0371544004087993 0.18035453688503 0.159736880998275 0.161003645463586 0.193296566848458 0.141778733872205 0.10860832922715 0.0180669062964974
0.20549733630534 0.0671062154630043 0.284428937541976 0.119424975497705 0.039625590021497 0.129096609519185 0.0600900079573711 0.0947303276939222
0.0896885844965643 0.154461796633549 0.167902952266351 0.187817222800503 0.0228627558674943 0.0534466077183306 0.235935344544814 0.0878847356723938
0.202053227985342 0.0248220570361397 0.172939203088037 0.133089489017995 0.0793627218948898 0.115651513567655 0.155742570480596 0.116339216929345
0.226199586918335 0.0312029021943196 0.138030631242093 0.163590411280715 0.0377025596815989 0.130278253312263 0.0630224134610621 0.209973241909614
0.11476971527364 0.1544444730493 0.0537435804776964 0.107872312731153 0.183005899805017 0.0666145736875595 0.106466090692198 0.213083354283436
0.189448841091164 0.0312456557910041 0.208650248567883 0.0992048745280869 0.104484536174193 0.214955962214017 0.138571958149412 0.0134379234842391
0.263731996112407 0.0158793100541554 0.130009279673281 0.0564828125565028 0.16589743607737 0.00267831027005092 0.170571550235635 0.194749305020599
0.121454819250503 0.270078372521986 0.250927002639836 0.0254434519557889 0.265524560185287 0.00128621821206026 0.0196000813033807 0.0456854939311585
0.172630565430685 0.147264043971589 0.139087815614263 0.16904045562562 0.0438756949987449 0.0174138399416357 0.109022193523787 0.201665390893675
0.0353630865303048 0.073373357973014 0.225175618265053 0.127583117230667 0.201433608457824 0.265574699913531 0.0196662684267229 0.0518302432028835
0.282688255056842 0.0680361554422546 0.0302297409087813 0.0540564528350872 0.200971167136449 0.150667441478669 0.157280686765766 0.0560701003761516
0.0915645649991287 0.0446749043141053 0.172264122775596 0.188452873768733 0.259765446656534 0.194046486184791 0.0246303976690073 0.0246012036321046
0.156481129487162 0.149711738479571 0.171268927485446 0.152168931278305 0.0402694876800646 0.189979308868016 0.0094050264306913 0.130715450290744
0.00733302300167887 0.0806664248293636 0.159840879445243 0.0565754816330353 0.167757090792887 0.340590270673476 0.110334583177245 0.0769022464470713
0.113086017922177 0.189810235502332 0.0141101015585868 0.0795189065716046 0.196784749211511 0.15190502816833 0.0688524878497247 0.185932473215734
0.113889920638231 0.182280149040554 0.178762815870315 0.181649984452895 0.0944976360310964 0.0699047952808162 0.0830440284634721 0.0959706702226204
0.152438872438602 0.0566777702660744 0.109703276355526 0.0442542734894107 0.233653700412038 0.0581223518959538 0.160847376101948 0.184302379040446
0.14985516398455 0.086915082037399 0.130637233501362 0.222075286410418 0.145687554664042 0.22946507723783 0.0286147127411463 0.00674988942325342
0.0615362061994975 0.198502354525912 0.0984666010782895 0.0692179915855063 0.160760335595337 0.156989960722133 0.171507080928438 0.0830194693648866
0.122356280570052 0.0774059626512342 0.0944048063171125 0.207617088134662 0.0739159405058895 0.0713496632532521 0.165241434294111 0.187708824273686
0.143130088888324 0.121914411291188 0.165996846447767 0.0694167999925984 0.0693419359720048 0.165743874139797 0.0852472469240892 0.179208796344232
0.155959554084051 0.166952479684091 0.0963185906744987 0.124635887406256 0.202301484091437 0.0542142031393519 0.120922626204433 0.0786951747158812
0.132156014183974 0.164105521438543 0.0864197897205181 0.113628188731914 0.00801747695398493 0.18196010754121 0.0904164950387808 0.223296406391075
0.141608251458672 0.00325373849289794 0.192617372365134 0.219736458338855 0.178842771838659 0.104768092161782 0.133608771251382 0.0255645440926175
0.168591625408322 0.202938493685004 0.180003082239387 0.0378516935373717 0.0164529754872518 0.109953720429079 0.217771315625773 0.0664370935878109
0.191220463784123 0.154600725945553 0.0256583171721735 0.1443275372276 0.103515106008351 0.151944164738125 0.0638747327961254 0.164858952327949
0.201611185461326 0.185788303136625 0.186110413157503 0.0125032367737525 0.052964175947491 0.016954133908908 0.33396593458689 0.0101026170275035
0.173955309657196 0.122752487284991 0.144264652771534 0.127108490571876 0.164850764006033 0.0637393630793034 0.0234106832058839 0.179918249423182
0.0765770531781343 0.190062622474956 0.217578056681155 0.0317098429824597 0.103224303079479 0.222553009789691 0.0427455340161914 0.115549577797934
0.259910700570319 0.251637370005914 0.00696400918378066 0.0319854156274271 0.00307334243652814 0.0657679217324925 0.206495365143576 0.174165875299962
0.111950569181859 0.122616798265594 0.140231048926715 0.112652458480512 0.0543655294244946 0.0666251576894093 0.184444835444302 0.207113602587114
0.0278447218251984 0.083269564199792 0.205293628495548 0.321039451786797 0.16687677650364 0.100339909898927 0.0789005872753912 0.016435360014707
0.237534749833128 0.200022719693084 0.228983680989447 0.0742572235303538 0.0252433727037107 0.0533350277192616 0.0924641251343618 0.0881591003966531
4.93760128922528e-05 0.0932752060992641 0.221246741392107 0.00566680228046971 0.074488460135939 0.431452383347066 0.161597315698505 0.0122237150337571
0.16246643616266 0.163090212406155 0.111116593909415 0.0720678500864399 0.0935543954666437 0.180995360163394 0.160821460518579 0.0558876912867135
0.21203258422019 0.021542067280337 0.16519544421884 0.0655833315180464 0.104402167367409 0.131046820310158 0.0582930249567507 0.241904560128268
0.0242876275959578 0.0106081459006699 0.231415035273352 0.120229560269761 0.0922380715157259 0.11962203380475 0.114655480573239 0.286944045066545
0.17601531050084 0.048398401462235 0.18596185803474 0.192895812128076 0.0692656810247483 0.174324126266877 0.124843155785725 0.0282956547967584
0.0735960597275128 0.121308123739357 0.214050702188409 0.0130568839927856 0.124116245469586 0.161030771084503 0.126145503142499 0.166695710655348
0.219685556116661 0.227474187684555 0.0372191284550744 0.11607738281449 0.119720875999783 0.056051267090076 0.146924819882649 0.0768467819567121
0.169953657180341 0.147695637043679 0.0456880345168828 0.171405378387499 0.13628590025157 0.19787853367189 0.102548544886539 0.0285443140615979
0.121875553865815 0.00884867827284083 0.138656304213684 0.0916857762823402 0.0523895747722207 0.039875707065562 0.194572274267011 0.352096131260527
0.0351816003269661 0.130112258155195 0.14402765381071 0.154765871363975 0.205434150258515 0.0965429811681398 0.186402763784086 0.0475327211324128
0.119849535363942 0.110503363449928 0.103684892695824 0.103911187647779 0.149559171674604 0.184210644497915 0.0281277740252545 0.200153430644753
0.122571036734588 0.0183430768884718 0.180284084345229 0.212681375174321 0.0504594004582742 0.211742446379895 0.120356927920827 0.0835616520983931
0.0503405091054457 0.210621092153054 0.193744144303889 0.182870253250176 0.0374403192454129 0.194226405674644 0.0717466771278985 0.0590105991394802
0.0860301419920996 0.194536102373072 0.0469030537277991 0.0459715990296523 0.183687646934514 0.205002060339459 0.199097615944601 0.0387717796588026
0.113616249847184 0.125858733536764 0.128444063274894 0.112165738900328 0.0322831353441362 0.11176406510301 0.179316317877584 0.1965516961161
0.20296547266917 0.0635110830023267 0.184683296285329 0.022354687472939 0.0667052612038679 0.144961083216375 0.147477109922499 0.167342006227492
0.0881262456108137 0.158095426081215 0.191639493273593 0.0896227775501093 0.174159693310108 0.100920837718271 0.0490097914732329 0.148425734982657
0.0397678471956851 0.0633402256363453 0.15529605699193 0.112342295462634 0.209354411959059 0.103862166148209 0.139530764945892 0.176506231660246
0.0960548745692198 0.0581472077661994 0.159235535442431 0.144118581872105 0.137668360225291 0.206202555039187 0.0742899733129992 0.124282911772567
0.0460111495425817 0.034422372703811 0.0352000433328205 0.212548501546751 0.0554966852197481 0.223108186345454 0.168260338216111 0.224952723092724
0.171235577239555 0.118409036235712 0.0907205812217754 0.0638079514363273 0.166992892137288 0.181700385397729 0.0325453506037941 0.174588225727819
0.0326625310831614 0.106946101634515 0.155440209030081 0.123639030485644 0.0638146674269153 0.176313843803183 0.160581080207195 0.180602536329305
0.0267909502777842 0.04270715736259 0.310254592476053 0.111754715156844 0.0129337468545152 0.15267114214064 0.0819833317377595 0.260904363993814
0.170083620243765 0.192884886834891 0.125967980576672 0.00228176546369231 0.0530837844906069 0.205871486037899 0.226643671586907 0.0231828047655672
0.00590536974709454 0.201774834273627 0.0139670290477529 0.148515280800724 0.177989883625637 0.243866708829077 0.155653331957585 0.0523275617185016
0.0398671379480961 0.16350847397836 0.240992526518806 0.0815867329879583 0.128490105843796 0.189987999731223 0.101794634571079 0.0537723884206812
0.124016853428484 0.11278049008113 0.0915200550481479 0.0654242894164296 0.233442071839839 0.291173868076823 0.0764254553032555 0.00521691680589121
0.201633799692829 0.0413423252380821 0.00807350951220774 0.0238937453162224 0.207709730944539 0.207963588302137 0.101575569608829 0.207807731385154
0.200224220062869 0.0970053967476623 0.145568133598962 0.106548871811478 0.166370145701585 0.0493808096890733 0.157958887590793 0.0769435347975781
0.299544721158389 0.140471785669287 0.0146583425986026 0.102739954114292 0.145887979782514 0.00302314809637654 0.0627303518480316 0.230943716732507
0.204071185034697 0.0534772010310237 0.216288462727482 0.0285427270606232 0.218469592858374 0.134459637071504 0.0251362122397262 0.119554981976569
0.0378381251878633 0.161785076647706 0.0215557731592243 0.10662132574725 0.111259711891353 0.24174393742768 0.1048059248367 0.214390125102224
0.193938486382005 0.0214745743465664 0.128396866497746 0.0850843238038883 0.160064369312447 0.0222602507987672 0.249669748339705 0.139111380518874
0.13385431927311 0.133905560152106 0.0574885718238962 0.0542725192212317 0.0395196750801605 0.229793259415936 0.156605611490277 0.194560483543283
0.17597645940618 0.237470285779686 0.0215859459016838 0.0157523116261159 0.174645210927609 0.0256217498004306 0.297754568688381 0.0511934678699138
0.103427708254419 0.210400195920622 0.0935824902263186 0.214232546667836 0.14896605356249 0.0488157915206373 0.00178256521364392 0.178792648634033
0.221450869450714 0.141439862347891 0.0506881072637097 0.0206735955433458 0.128406578420214 0.052172055665332 0.178179817168561 0.206989114140232
0.0662244933416809 0.182336980914684 0.117589845779601 0.152308091695822 0.108174902383926 0.0131084952223007 0.192881251184715 0.16737593947727
0.0541177349042557 0.268501226910134 0.0603480395922015 0.0335019380123084 0.276441137955834 0.0549341782069689 0.186928644681988 0.0652270997363094
0.141617059965139 0.119457162952117 0.174193020132202 0.0117497944693987 0.194238501116246 0.205263135433475 0.0947430433392195 0.0587382825922024
0.160572209831178 0.104868356730871 0.128780392635315 0.0412264544860891 0.151736097487374 0.171074116198571 0.089793457514533 0.151948915116068
0.199872957827685 0.10511299468398 0.10446601703338 0.162396700403798 0.022571583145826 0.155755067652089 0.112444825071556 0.137379854181685
0.115380067726 0.150893685254317 0.22477726489688 0.13013055728807 0.0590552953626163 0.261012511197973 0.0509401653710313 0.00781045290311209
0.10440123686741 0.0311186936553288 0.107528918278702 0.277792573554639 0.0654436207274874 0.019524232018022 0.150817019577377 0.243373705321035
0.186941305931558 0.022832606096274 0.207597116025984 0.0483686449259772 0.110966335989573 0.0850338485563755 0.120905242813652 0.217354899660607
0.159469730843461 0.0972954870838988 0.0453981922091609 0.144024593123195 0.0202034002636948 0.260329090208348 0.0924254296054813 0.180854076662759
0.209688638981516 0.197911452623584 0.125034450776864 0.0729423782605761 0.156642345690013 0.067942286653627 0.0161675381476379 0.153670908866183
0.216025817399898 0.0228280153234563 0.144389804175816 0.229419946724419 0.00762918702335739 0.125548694057235 0.146539184603527 0.10761935069229
0.177364645097284 0.113392768213774 0.0305938713845173 0.0416964381931235 0.138537603819798 0.234229519784531 0.0917853273241756 0.172399826182797
0.245716832908119 0.0930791791556066 0.128272404867532 0.00284702663328095 0.0908386858003126 0.210916904811605 0.196887820020487 0.0314411458030572
0.0571900234835896 0.0494176189859541 0.113083104113815 0.0709058047307235 0.229694295979465 0.156671194618793 0.319866652334887 0.00317130575277208
0.0271810596312784 0.0943383044629295 0.207373871806613 0.143062423888411 0.0645373729279271 0.122756923072227 0.218957640496225 0.121792403714389
0.225140168412691 0.29651604997064 0.0596217894427289 0.0290949224952619 0.054551393382953 0.032396643465365 0.0163371783401225 0.286341854490238
0.145776814418097 0.190650356026557 0.0698256412062974 0.121525427399821 0.203826268983927 0.0894057809100091 0.12312546124214 0.0558642498131525
0.174738392950025 0.151415604817499 0.162962922948022 0.0997611083379015 0.108441747663212 0.108435631099736 0.0367681885374368 0.157476403646169
0.0934731778688878 0.150259616477888 0.064395450114895 0.165287008472716 0.168157039610083 0.0548055362738158 0.090311667067092 0.213310504114623
0.118398315225043 0.217125901978984 0.0244723559006585 0.114794323678191 0.0232316327619512 0.137839677857588 0.20542488480749 0.158712907790094
0.157628956130222 0.0954124308946195 0.129788497547717 0.0447823951034884 0.250444044386494 0.0137113712516548 0.174890626760682 0.133341677925121
0.140008825929765 0.176367149413136 0.147250223634138 0.152761354325972 0.00819754895599791 0.27791300634862 0.0512795058516057 0.0462223855407658
0.140628263609979 0.00421171942135934 0.146185175025617 0.202840006208823 0.193019647072867 0.116088239871437 0.191921253953482 0.00510569483643608
0.019222194907915 0.0552300288019684 0.0513472576358503 0.041436310513634 0.0122676202016743 0.278469407205562 0.212778780415649 0.329248400317747
0.111552811560701 0.0555016069130131 0.186105428579112 0.216082968928247 0.0306515015942987 0.116714447366818 0.111058839241261 0.17233239581655
0.195464334564627 0.0700196316846049 0.0425854233673669 0.15326594602024 0.0824545032412992 0.203474665216075 0.233869936185822 0.0188655597199643
0.000970663421527988 0.246241088245005 0.0977530610533467 0.148207818712678 0.136114708333887 0.113532975588642 0.0113168093390548 0.245862875305858
0.0882332956681863 0.171026633533634 0.0700522944344048 0.125654933658603 0.0347635897908546 0.19219741550196 0.157612003113481 0.160459834298876
0.0678082531223293 0.230578269492751 0.0673507487021522 0.125966255163293 0.163603494242981 0.0107472779614591 0.112239586862344 0.22170611445269
0.106160152257 0.122471849798437 0.217482957234549 0.14696700752612 0.148199061395028 0.0346805117977002 0.128399122656268 0.0956393373348988
0.239477131682874 0.166414445793247 0.144351468455847 0.0755984544410164 0.0779270758217066 0.127813623966105 0.0884522932715655 0.0799655065676387
0.0256807694407825 0.196531552595897 0.215086065491629 0.0739208448436431 0.219186980600159 0.170788733877384 0.0140548880340443 0.0847501651164605
0.118949702540608 0.0455299218002483 0.168961503546799 0.163127860121749 0.145230763937494 0.0557987874663861 0.128066131929958 0.174335328656759
0.229783488369283 0.0828419187053553 0.0289353440367098 0.216955220622751 0.2311100833852 0.0491835091800152 0.0155875824992543 0.145602853201431
0.27295385147207 0.146411866622491 0.0104740427211724 0.105350752517421 0.117074577079046 0.235001414078998 0.0387976913454981 0.0739358041633048
0.155151750699563 0.235276019375416 0.0728478876440585 0.0862582642098742 0.170342299459525 0.105045145666395 0.106792649534699 0.0682859834104688
0.247358569739085 0.238900751271608 0.0341403012217136 0.196364923895895 0.0082672424455579 0.119838134827063 0.130905978106032 0.0242240984930457
0.172215345085912 0.169566867781087 0.129024323644226 0.15933191345953 0.0882495763702211 0.216558321637707 0.0313560151413486 0.0336976368799682
0.150178572006555 0.0557039923519998 0.0779925464167934 0.0962401580766513 0.219727285205504 0.196636700820909 0.113158477685511 0.0903622674360767
0.210155086689633 0.0802961465093629 0.0849627520935529 0.105591048355346 0.148488419861676 0.0140991633687972 0.189151918244022 0.167255464877609
