0.0732058457281481 0.0897356301715955 0.0109966941549573 0.177291341148435 0.132377362606531 0.131229263509076 0.152134426948633 0.0727257209487745 0.0628898746249374 0.0974138401589119
0.0723781171539902 0.17087536345918 0.120238657088358 0.0875932383516652 0.00823262063783941 0.0131840874562512 0.127180771742623 0.167334142349892 0.100107859990022 0.13287514177018
0.0290625607010335 0.156568442222478 0.143782608531581 0.161335378464784 0.00857908733570414 0.128308741724572 0.0104537450931159 0.0814736621572818 0.151607004025274 0.128828769744176
0.179980280806824 0.0365890623675267 0.20132736525585 0.184189256261193 0.0370007960950795 0.10709810549199 0.0770743596431942 0.059106364334334 0.0764001316760907 0.0412342780679187
0.0928420487070456 0.0795874895448083 0.104128271667052 0.141392031863869 0.0225677306625331 0.175191618404339 0.104630001762598 0.0357705580142217 0.140890558717919 0.102999690655614
0.0762087572672142 0.213834346965333 0.0454208510252124 0.105845900883129 0.0846679452580497 0.174302424609806 0.0321073702551345 0.00386770654823882 0.197539134890431 0.0662055622974514
0.00579186302844972 0.210182699763137 0.0757294293771531 0.202483763695479 0.0772284599547986 0.0332940143398325 0.148659454461504 0.0222541509305825 0.0612503564605828 0.16312580798848
0.176695136695996 0.0881924864301823 0.166744045613778 0.0714542868888723 0.121791141559149 0.166676371803819 0.0397419643735122 0.0235868849974432 0.0631595285126011 0.0819581531246481
0.144275766297403 0.0470023743157535 0.136682915742865 0.0953191591968501 0.110352305635899 0.0715401486971266 0.16060944155016 0.0995355116759567 0.0423257474243941 0.0923566294635921
0.128454852685078 0.119427399537711 0.0898142124633908 0.14171400372099 0.010776086110758 0.19010450398653 0.0471476117550879 0.0413816276253773 0.0460882708595574 0.18509143125552
0.157521636129447 0.0314196092184435 0.171636999412295 0.215065491930318 0.0124461222334026 0.160055890667027 0.0801477114083322 0.00655088835562998 0.0266562326302139 0.138499418014891
0.119813840386241 0.150274253648271 0.1770842005492 0.133861897419282 0.17552670408884 0.028674857698269 0.0262448720942036 0.0729821225394426 0.0266179193054908 0.0889193322707608
0.0831021408212876 0.166903175381249 0.167384166515198 0.0548863335979398 0.124820089502005 0.070832608017243 0.163215894209363 0.12554797795356 0.0295688337625072 0.0137387802396468
0.0134649004543849 0.182655403507369 0.0639506119664549 0.186749380745018 0.120385490754207 0.0153119839892262 0.181603229548624 0.0544382919188358 0.0616089545385114 0.119831752577369
0.0379685891310243 0.133229390323271 0.152941396197849 0.0960668175137985 0.141579184848725 0.10963324394895 0.0587577093111987 0.117031799536616 0.0662760517240232 0.0865158174645441
0.194629003485552 0.0128370458274375 0.0723198418933597 0.0913575692652964 0.0975165236424093 0.0191198575852629 0.137986126648308 0.0944850471437337 0.168609201534423 0.111139782974218
0.100493426509762 0.166361326759849 0.00905998060751411 0.0688204564128785 0.100164547136782 0.167682430234327 0.16393757324221 0.0985948737061844 0.0954707556375684 0.0294146297529246
0.0711619062506675 0.174191210929665 0.0229863165781732 0.0449913167194119 0.0847900137504965 0.183815606027898 0.0884282658227581 0.201504244523708 0.0320913408686909 0.0960397785285316
0.131712807696665 0.0472271119136733 0.146533534180903 0.108391467896337 0.14940406206329 0.0548826644717184 0.145391667040099 0.0496788024205381 0.137045242702423 0.0297326396143532
0.0341915967698029 0.140179370053452 0.085341923867508 0.122932769883059 0.122442919630914 0.0740181117605109 0.158109557689999 0.0730984754690978 0.114465522619262 0.0752197522563946
0.123284157300831 0.176307481217084 0.125727053033744 0.105751018597356 0.0451523529582879 0.0211764137445584 0.15018589891493 0.0420924130577484 0.0646370137628589 0.1456861974126
0.0213174153468295 0.176491559472726 0.0996936180733954 0.00498598573501903 0.162822192221562 0.0732795597516549 0.146664840714301 0.00795495538588829 0.0842243943523788 0.222565478946245
0.0140830757909822 0.10873031491824 0.0016767538935716 0.0933660282410872 0.0866741302302985 0.175258807866877 0.178440012192173 0.0442147844177561 0.101756216375903 0.195799876073112
0.114060365401227 0.0990938982443036 0.0741276279200291 0.116962961494033 0.155602097636846 0.00207418770395531 0.160898315555054 0.0824575287774236 0.0306904910418458 0.164032526225283
0.0264358742370666 0.0740421198376617 0.153530936496695 0.00229624362316637 0.0182626318938461 0.16656835218512 0.176923677138729 0.14521926697826 0.189719884668329 0.0470010129411262
0.0183507629273106 0.164600106257754 0.100416083108604 0.0833948787858948 0.0819603035002377 0.0791645499740235 0.169758426018483 0.0120953566639547 0.123128290244583 0.167131242519155
0.061733606411002 0.131239183120732 0.176923226760512 0.0867467521260288 0.0547829380272559 0.110290240939891 0.0645728861256487 0.0330177195687374 0.17804228661686 0.102651160303333
0.0401425436278847 0.0220570224252074 0.0243725834152399 0.0212154813188564 0.212347847433223 0.192128627249911 0.187218722654498 0.0236280699142768 0.206115402120813 0.0707736998400894
0.218342736784786 0.176920269518231 0.0347585549408474 0.0178651681025543 0.143845120855304 0.0317560999612662 0.070924474321699 0.0170549647960055 0.22028008550485 0.0682525252144559
0.0942474377528811 0.0398902789443932 0.109846706189348 0.114799326587848 0.0898261743927032 0.0774795390646989 0.0910824230678547 0.150441218535503 0.0636741653019053 0.168712730162865
0.110842008880914 0.058895013875451 0.119541186759527 0.0587059612451622 0.139166669176782 0.0525368797610987 0.0629894335339491 0.182751448090571 0.0818400735631009 0.132731325113444
0.159647403671144 0.109345274236353 0.115417627438117 0.120201090066966 0.0139125501206326 0.0931475188467314 0.110077561449629 0.135695796663599 0.102418769427946 0.040136408078883
0.136317562001621 0.00615687811391767 0.147674188872485 0.0624821930532777 0.0354039081382149 0.167371790301549 0.0902214032989359 0.0281874314614935 0.178210672457472 0.147973972301033
0.133872591241239 0.11050200509482 0.180617122539962 0.122590918557101 0.116407460653159 0.0409861065815129 0.145818346435289 0.00763519556114099 0.0345986935986904 0.106971559737085
0.135641422654073 0.105079699883868 0.108851489659761 0.162588615164919 0.151869779102205 0.155545874439356 0.114106882257728 0.00948450641172873 0.0226125016775964 0.0342192287487644
0.00551118673176731 0.0745525049337653 0.12704623783099 0.09233583722929 0.0971270295023136 0.160428882562576 0.164139352466326 0.0485196653317554 0.100448200565855 0.129891102845361
0.236973800631087 0.128055161015799 0.110349954362241 0.0652187017691403 0.168509234315332 0.0296445562639065 0.0836478570398915 0.119545528155104 0.00230136015060055 0.0557538462968977
0.0307430969927852 0.13283066171517 0.186518836355471 0.0995475430991938 0.082100172259441 0.0793220533005291 0.0406896826876697 0.0327861387506458 0.211623395129873 0.103838419709221
0.0714611871474494 0.0128942475871993 0.157528101575006 0.182866616447341 0.017042818864624 0.124365476549207 0.120277793913266 0.16944194804371 0.0420690561381693 0.102052753734028
0.0579631274820076 0.0285034296419093 0.0995609659861191 0.170916555079417 0.0592641175297226 0.131672940428449 0.114559077868021 0.156682579027045 0.129916804651245 0.0509604023060632
0.186098239344608 0.00401273573786147 0.201949529890551 0.156187447785537 0.0688646162640074 0.143034793455749 0.0827589442390718 0.0244226068576585 0.111709753737795 0.0209613326871608
0.0738053396597292 0.105159319708118 0.0575058162426322 0.0551301356036429 0.139918049204139 0.14405387425584 0.140015240072382 0.105052698280243 0.117224692109474 0.0621348348638001
0.169158140624322 0.0548288182415006 0.169907017319915 0.132135675585217 0.155240630713682 0.0639649890577264 0.0132789337107302 0.169126199257021 0.0222012180313809 0.0501583774585051
0.0196539209575848 0.122472540888298 0.183085525815079 0.089598241011156 0.156612559949111 0.0389068401535598 0.0491366205858562 0.173350784161831 0.135728869568228 0.0314540969092954
0.0933334647173517 0.218770809840694 0.152321233006878 0.0421805819566197 0.0251645433627204 0.0154556113019815 0.119467024206178 0.157808140627227 0.0906949888620921 0.0848036021182576
0.109160842335033 0.150002594961226 0.180986167981719 0.062501758440357 0.00930861325783733 0.169337617893164 0.169277467458354 0.00884858642715438 0.130880076761999 0.00969627448315568
0.0170684526729768 0.0940031338418844 0.0862107125417107 0.136286952184839 0.0743266309075023 0.152893555554376 0.0721512177100771 0.0812239783646783 0.163298326606808 0.122537039615148
0.132300801599333 0.119275056793164 0.197908653283792 0.0332264057168842 0.00995529080360463 0.0650529406766945 0.156217002086579 0.0728662023643768 0.0536848831781698 0.159512763497402
0.0161075867415976 0.173104521296589 0.0600371678510691 0.0818657248689507 0.051868667020743 0.159163317203169 0.00186434073098181 0.108278937953895 0.151343142953605 0.1963665933794
0.0491113832998718 0.196116364418698 0.107120395527765 0.199702907712365 0.0401501245799274 0.0265915281704893 0.136203021995372 0.0387776677777437 0.058896233979518 0.147330372538249
0.0934810343854657 0.0450733729328859 0.0753610329180724 0.170145484488469 0.122010529169188 0.201479042539369 0.0538996108942313 0.0983385806537538 0.0786550311577603 0.0615562808608048
0.108734819431517 0.178161199671131 0.0789775995391335 0.150385899810748 0.0263444037488058 0.108688192169504 0.0914588208735417 0.20748319470253 0.0452371697170066 0.00452870033608295
0.149458621165567 0.106353969344608 0.192358979584965 0.164634148365871 0.0563594059478969 0.0907869892104312 0.0614598851243353 0.137638521688691 0.029727351937191 0.0112221276304444
0.0892117102523685 0.0685929003581422 0.113260969804012 0.0942530603788423 0.182224354803432 0.0221740968638653 0.0698529817281651 0.0178193620751577 0.130110113401314 0.212500450334702
0.0859093299619764 0.136406201313087 0.103573343027849 0.18894361833847 0.0234617498934752 0.0104252669636902 0.146182133240044 0.197489776016414 0.0243442393026638 0.0832643419423303
0.0922816114512138 0.174641361969541 0.118913743116328 0.124311362585952 0.0423400488023965 0.0926357646122722 0.115827226533256 0.0215685030892182 0.153132632757292 0.0643477450825295
0.110607078169485 0.0316175009377497 0.0591425689210942 0.0355986414524734 0.171207702778622 0.0175248204557491 0.155160426554059 0.0895028345829645 0.168506358921173 0.16113206722663
0.19178957472688 0.00493427001655037 0.0637773916910332 0.0673739568543794 0.14135192390383 0.185621647142968 0.181724279503248 0.0151340250477699 0.0573478083122523 0.0909451228010889
0.103768644504055 0.110311356498613 0.0764160033937077 0.0326541722573132 0.0869642137198857 0.15783584706524 0.0429187595160978 0.114835560927642 0.171050048113154 0.103245394004292
0.222459543497085 0.0750109163905178 0.058459876188587 0.161696718802403 0.0598349910499914 0.00238194158252101 0.151158572067666 0.193848033105732 0.00225318289357668 0.0728962244219202
0.0237717705909596 0.0153090959955312 0.0866981973674458 0.00716739909654933 0.0312141300727753 0.193270795555863 0.150749438228621 0.140267984076301 0.253614743980333 0.0979364450356203
0.0862273821169137 0.0897006874134443 0.0422959919072376 0.0648707717974634 0.128444877083405 0.118061608828778 0.155864730534234 0.0167547110804534 0.142545807277241 0.15523343196083
0.251339253596792 0.126671806142099 0.0150119113834345 0.137983774815902 0.0211095167170147 0.00721703040026428 0.211405123710871 0.141654659306776 0.0165893381904752 0.0710175857363715
0.0847495506783578 0.0981519522008836 0.00283815421682419 0.062108512806918 0.0956816500894842 0.211505232691074 0.0572880864467949 0.119709386180305 0.050017644523577 0.217949830165782
0.109020526794336 0.154413563921394 0.12145933733641 0.116085552185658 0.0374820831774701 0.10375763601912 0.056522768715829 0.0337957699523976 0.106572788053832 0.160889973843552
0.04131174222478 0.0749770313470523 0.137238372171731 0.135971909726265 0.164863013484301 0.177556965472125 0.0361736418000412 0.155695042438343 0.00342489155596102 0.0727873897794001
0.00552309354581274 0.166461401967246 0.164934678067023 0.0662433569543419 0.0234600779053008 0.15748064020445 0.150804445150045 0.0828015682304962 0.0438160848913753 0.138474653083908
0.124045059707156 0.190133670513258 0.0292724321735513 0.036102336757971 0.147869398550096 0.0972599916500766 0.0828264697195682 0.0914882622765187 0.152425264181123 0.0485771144706809
0.0943734507255374 0.145812674192534 0.106188642318837 0.151361122340474 0.130588107567629 0.0266421893972772 0.0610325844335245 0.136284048748593 0.00113974556820521 0.146577434707388
0.14567883833282 0.05594251722135 0.111695247217399 0.123662454181573 0.00282770818579957 0.162553865393304 0.174738819049424 0.0598552496693501 0.155040737372113 0.0080045633768673
0.0219932690980615 0.21918189156133 0.155747062186505 0.201719251257987 0.0247249844375781 0.0306161419200861 0.0221201216770041 0.102572376337956 0.073279873774095 0.148045027749397
0.10435908979913 0.160669370745116 0.0623024965872861 0.144553160763113 0.104798704117722 0.107994962862289 0.0461555864767918 0.0578542349185473 0.0561200118472747 0.15519238188273
0.143585125732581 0.023433048035983 0.106455609819635 0.0369640663104825 0.136916376739651 0.204703232519639 0.116682365833686 0.124176796189639 0.00745411820834332 0.0996292606103605
0.0153781547822238 0.212764509703204 0.00516643840127711 0.080033236529015 0.0706962334513351 0.0696335158373667 0.0523397905104212 0.219585484006615 0.158346360862298 0.116056275916245
0.0870328704132642 0.153403665600278 0.0311935281815611 0.0382368056547076 0.148374624435268 0.178716739567199 0.0462642424494111 0.104721332619436 0.112350345596786 0.0997058454820895
0.119948581938951 0.0410353456245031 0.135099789591454 0.0547007004553997 0.141190428961132 0.0760635523332509 0.108612264017941 0.137321803602941 0.147385055014353 0.0386424784600733
0.0503649835160704 0.135943906508928 0.14748231730175 0.11573180636945 0.161718347289358 0.098490309165095 0.00821049584894257 0.0975029128939356 0.0689459253486481 0.115608995757822
0.00926364707522446 0.0563902217649766 0.0979280293810047 0.230265027249937 0.284482766188002 0.1214225106527 0.00642210021696998 0.0407728324557217 0.0523652537156876 0.100687611299777
0.0727795147109613 0.0280724404527339 0.021248040570946 0.173304354713084 0.162514487247396 0.21289970789636 0.0265092371161616 0.173495800864078 0.0413246041399075 0.0878518122883721
0.176944166001586 0.149770481255271 0.0977516175896684 0.123264046256351 0.0815816316540402 0.118476441448109 0.153337411073109 0.0318399232684255 0.0615962657393546 0.00543801571408574
0.0820115080242907 0.0581001973010447 0.19148023362865 0.0810953752850809 0.051095876132264 0.0339610322045992 0.23717670537262 0.0201687039153377 0.092197606805279 0.152712761330834
0.055785129724463 0.0672722261327663 0.0377536757727919 0.160735527449182 0.20537442689368 0.179910551124752 0.15960876629092 0.0216544370507846 0.0384869562486577 0.0734183033120014
0.176174486655583 0.0172920379668079 0.123465473997072 0.0843303826813072 0.169814797030912 0.0302156864613067 0.0829607948152905 0.0532270888865358 0.150370959764121 0.112148291741065
0.0930461109377458 0.151953111849511 0.142980305319981 0.0661140727426798 0.114450912685263 0.157471004405673 0.0629839689541567 0.0147820523492231 0.147477257450197 0.0487412033055686
0.0924341604702254 0.112384393444153 0.210664830050239 0.0248067690401092 0.101043194503416 0.148944510364962 0.184629940759786 0.0449871018849028 0.0405731618760647 0.0395319376061426
0.00946994328062433 0.0583274433847705 0.0973864658222893 0.098816337105352 0.0737335296335273 0.16965447599925 0.174012074300104 0.104131524807967 0.180767051777865 0.0337011538882507
0.143025554358318 0.0098855212532534 0.086619992524724 0.0293650884649729 0.101080999804507 0.180936375373137 0.207330129631379 0.0902026725423622 0.0910352913673885 0.0605183746799574
0.255952625881809 0.0190609387142252 0.251842506796989 0.103764860478269 0.0153770773557312 0.159886497197771 0.0309559237002682 0.00793737104742624 0.0521936016022691 0.103028597225241
0.0434322106954191 0.100850373447651 0.156110781805401 0.1617031545245 0.0173529257245285 0.121931458716246 0.0271190728242346 0.137769681786201 0.0926049792021753 0.141125361273644
0.0742745083288875 0.00732524016952844 0.0277101405093586 0.149950514620289 0.176497646655651 0.138647298466181 0.0574758920205519 0.114975658018966 0.166383909841991 0.0867591913685953
0.231109254266135 0.185672614858815 0.144019377305124 0.0272718406995321 0.0942547398500969 0.0585959412419365 0.109579927141428 0.0572552722248618 0.00102927730168611 0.0912117551103846
0.123335093719474 0.000287903524267823 0.0812148553344923 0.169102002670116 0.121690843701095 0.0741513259966513 0.161196366861016 0.0245337600754778 0.054124586950235 0.190363261167174
0.133210282413458 0.0714781756113124 0.0179819497498023 0.0772080385422972 0.137921287106355 0.14086414770188 0.106067618590243 0.132028260849351 0.0786879612570427 0.104552278178257
0.102807301039301 0.218713906520437 0.0403936328290663 0.227034450829525 0.0581431089937684 0.0732287828863314 0.212302460752098 0.0275784086489396 0.00753548231775126 0.0322624651827821
0.110365122236078 0.0974699568807923 0.0085969900228599 0.150772552294233 0.01292316031357 0.131566174922266 0.00212666995955474 0.173106163941155 0.163877169034636 0.149196040394854
0.00258589012174146 0.174426784981678 0.070371299835664 0.0914552219283356 0.17041873388493 0.127807314448254 0.0447567765055516 0.0660992319060628 0.150377255923722 0.101701490464061
0.10811016395406 0.160748600648317 0.132819300166063 0.15194785490862 0.031699186258745 0.112270927631199 0.0909806386676454 0.0577000656677081 0.0808507026697275 0.0728725594279142
0.175488087807824 0.0361845211041461 0.0949120519976799 0.0976529291979303 0.120523369175818 0.012015556324838 0.202753979862735 0.149476317149677 0.0534138911056916 0.0575792962736601
0.173793646994516 0.0497040381468819 0.0204321331696634 0.103539297214502 0.0916896145874792 0.173785004664173 0.0299995100206192 0.142104004330672 0.0652155677395554 0.149737183131938
0.203281505869198 0.106967438990106 0.204604987289138 0.0595473054978353 0.0527290323173667 0.0766101158124097 0.0227819638488673 0.117272916559774 0.135805207542675 0.0203995262726295
0.093330308664061 0.026168664306885 0.0775440669270958 0.0813767263553706 0.219750444176399 0.115367309967742 0.128157224423661 0.0472455774666397 0.0180417894438496 0.193017888268297
0.0109840485704572 0.286937007935651 0.0943034116048455 0.0332786332205252 0.0365688500374881 0.145237035500303 0.175319348147762 0.0150846199953311 0.186809121907733 0.015477923079904
0.0832790265652598 0.140756063926376 0.131854885607419 0.0251739992893478 0.138497900305229 0.0644392883315582 0.120275796519497 0.157574526999451 0.0598308669068909 0.0783176455489714
0.144430092937473 0.14442072872365 0.0868858542198922 0.132661197727453 0.129507013832275 0.0636314411505454 0.0527432455577804 0.148665472156213 0.0227407764019438 0.0743141772927746
0.0585962733612924 0.0906047685326688 0.149347625217622 0.146136464799977 0.121636336742228 0.0746751208700456 0.0927671624317381 0.109382619257054 0.0221394187196 0.134714210067773
0.116141211827383 0.160803028643051 0.0278163782867822 0.177368948625116 0.0335736455984049 0.0375067939574772 0.125589638897701 0.124372226874162 0.0340783891309569 0.162749738158965
0.059832006370737 0.0155944475114978 0.0547102185895709 0.0665525137882094 0.00402902855609359 0.0326224758819609 0.242492272331401 0.143401693668412 0.24178246801069 0.138982875291427
0.0709396831201831 0.154743236031192 0.135927912378677 0.0950909820958602 0.17527766812119 0.0673699821566794 0.105373868386823 0.0679228263892551 0.00556045068994476 0.121793390630195
0.157065581749442 0.0331233506085596 0.0559017247328439 0.0644024245909091 0.147933999637447 0.0429457598274151 0.193192584545192 0.123794037533589 0.117799004846141 0.0638415319284609
0.157320616173334 0.139147517991604 0.132786082226862 0.0378131891039015 0.0653726253677547 0.0947819983502024 0.0743637231720034 0.137687346898569 0.144132610412926 0.016594290302842
0.0838486512281797 0.137979073965248 0.136682781272059 0.154980673230628 0.0805344476336121 0.0809038717441253 0.113089468879871 0.00932073088429161 0.165303238130859 0.0373570630311265
0.100711017675308 0.121113419654059 0.167631991727045 0.130385088004714 0.0423382008665141 0.0808588579826655 0.0367093254507437 0.0213031384077269 0.168044568873262 0.130904391357962
0.0836987555315767 0.212418373560634 0.12327596285151 0.133486334603243 0.0761828670293885 0.0131915647341918 0.067172556422402 0.0411936070083638 0.147106936953777 0.102273041304912
0.00757410316545444 0.010790939196921 0.124656699693204 0.226942695826362 0.0832159730566023 0.149855252077825 0.0182757458610889 0.205606042764274 0.125628274204759 0.0474542741535097
0.0218911271752214 0.104930910417508 0.0128419176495254 0.0105986270317387 0.203319464292358 0.149649784391829 0.13575495620456 0.0993454107145383 0.113607370796548 0.148060431326174
0.107468542584062 0.128183790680558 0.13304065806269 0.0655639067163862 0.0338869642826982 0.165754510787432 0.0675049898056134 0.0874931873123142 0.0494847461074732 0.161618703660774
0.15766112169506 0.10317254952569 0.0255530817440278 0.0598009433496929 0.144124757036692 0.139981459666476 0.209642797650172 0.0292022210872153 0.0551066497136175 0.0757544185313561
0.163972599885769 0.124160784280813 0.0895092266306072 0.0945546826358787 0.0924559712245825 0.00580250533846053 0.170866994893443 0.0154359742371868 0.165786078215529 0.0774551826577307
0.104723031135976 0.19577017110291 0.0539901093887443 0.07425166850181 0.0948830563953019 0.129739497730397 0.103065508750015 0.0673773916087436 0.0369701938959902 0.139229371490112
0.0713709075539027 0.0355756743138859 0.00628335274033892 0.0436335294747783 0.207029549940234 0.0307123649699399 0.182029482794858 0.221019855128337 0.00694825495598105 0.195397028127744
0.0876736692492868 0.124854064733063 0.0538885945421186 0.160791994362 0.152019653012718 0.0744460504485183 0.172326892411191 0.036042627305266 0.0230425002322539 0.114913953703584
0.146875617408258 0.0797130414274564 0.0227958101110288 0.126320274761988 0.109841634058771 0.244858315722696 0.0762701465519509 0.0195732501861475 0.17311126778777 0.000640641983933427
0.0814400527009761 0.16512340603392 0.057148220611882 0.0557204625910363 0.174796665865878 0.108242696150632 0.102285946013564 0.0359014215601943 0.0280529766030165 0.191288151868901
0.160916302828744 0.107739420742974 0.0811731313627553 0.192088962406798 0.110423880012827 0.0539954668876569 0.123655235581826 0.0312805935755135 0.00898954303425105 0.129737463566654
0.0274854877455913 0.0574915460048686 0.143129809824096 0.109778122033348 0.126754602281123 0.0433404089699609 0.0979102963722231 0.0805409677450345 0.158579271453948 0.154989487569807
0.179265369020768 0.0711940088696214 0.0914527017649535 0.16436934095544 0.0588281298246301 0.109662502675271 0.152233783064652 0.0556254347569986 0.0814498443491929 0.0359188847184728
0.124789420248054 0.0579439472791549 0.0117814499402536 0.123382985656636 0.112314732289101 0.119436164958135 0.0624686543685636 0.0927846765149837 0.193967158998712 0.101130809746406
0.130646858048092 0.174794284378382 0.0167049741053209 0.0515763002337189 0.0108755889326907 0.12350066573764 0.109186318341641 0.129342342097782 0.102193376901825 0.151179291222907
0.130245502369953 0.110422539930688 0.177476149253878 0.0266700223354098 0.0450959500860864 0.0942634090365352 0.0137281562586527 0.093716640070205 0.167723212905235 0.140658417753357
0.122895776934576 0.172498376893855 0.11655097817237 0.119076582216469 0.0518867334821506 0.0268425616624387 0.0406668094848329 0.115812075290982 0.0735906413237676 0.160179464538559
0.0915603965081353 0.0151303820517037 0.0796789204106916 0.169480435187218 0.134273541378701 0.0552381479331744 0.108391010006447 0.148094505388344 0.106557192094531 0.0915954690410526
0.0631721794923047 0.0328267270488568 0.229192057410051 0.125540275211374 0.19212513190165 0.181811894239775 0.0295309156965115 0.004010093498866 0.113876173937976 0.0279145515626349
0.152254381077286 0.103143430747384 0.0228264748975974 0.108085034842714 0.147548307387324 0.0930485582681517 0.141857400188765 0.0653294897753036 0.0964327688397605 0.0694741539757145
0.0192619555797294 0.130102442537676 0.162539577207918 0.128833868649135 0.17237803867399 0.0316480401750324 0.121876464805441 0.0562097854934597 0.000141517420683868 0.177008309456934
0.0660616223761177 0.0454570175878081 0.177878761818201 0.0911373707297508 0.158499508841216 0.00836627946172007 0.0920282120584522 0.131381110294549 0.157578445415407 0.0716116714167789
0.112982029522121 0.120677968069719 0.108509783171743 0.099538806862152 0.0829341189334259 0.0717848583938834 0.0348321246289481 0.132835993487256 0.0928724137063062 0.143031903224447
0.1112053453142 0.208410759093729 0.0676437015168968 0.0316067731007584 0.0900689903345198 0.101700613812605 0.107148424244347 0.0246605881569588 0.176570857327489 0.0809839470984973
0.0633636274353276 0.0470338731851964 0.190498533397382 0.0937658030375821 0.197845859546249 0.0699127017830883 0.0887202259791904 0.0987717985581845 0.108734610589403 0.0413529664883967
0.181473244031999 0.0746342587754524 0.0574740046744762 0.114835923959216 0.0903673004038373 0.153262552956953 0.132555389385958 0.0123187027460996 0.139810447758286 0.0432681753077229
0.039692972593674 0.147963881769943 0.118033640656242 0.165788530731602 0.0819408400950833 0.107959371791709 0.0033332743216857 0.0538228817359901 0.130838869052195 0.150625737251876
0.120998046608804 0.106422451440842 0.157304823224982 0.1615537287541 0.155857018011164 0.00512726163265659 0.076898709163685 0.0963847532488885 0.11288570896836 0.00656749894651826
0.1539824048908 0.138886434498113 0.0459341283802198 0.145133983316296 0.178191052283279 0.0173773666316303 0.0416592000408445 0.0636242417099604 0.100846920967335 0.114364267281521
0.129233296085896 0.0402500640050279 0.154486181715883 0.136650935762547 0.218528266372456 0.0756358338347402 0.0579274141045613 0.125867557054337 0.000494991978985024 0.0609254590855661
0.145229139512432 0.0356207639085285 0.028931218514945 0.00173161070935877 0.169806261215507 0.142542757557937 0.17755852827482 0.275590849815451 0.0055316284976252 0.0174572419933952
0.10962117700641 0.0776029303706559 0.0495541503191913 0.206249264908941 0.138150270326332 0.0371314270592814 0.0513382798202279 0.0744401449344897 0.21491234580918 0.0410000094452919
0.145776603878262 0.159048357143476 0.042026398590802 0.157583132552326 0.153803154612285 0.117478625968726 0.0275058527754325 0.0297529144079715 0.125085723322243 0.0419392367484757
0.0985676245587382 0.141770461495815 0.045234748544899 0.114997224014564 0.170038301121396 0.152136148812506 0.00122171903722393 0.175925326552281 0.0679065752808442 0.032201870581734
0.0029114978544012 0.0130228842022989 0.0323859680941902 0.183551587545739 0.0703196936180335 0.110110042493755 0.134149691628684 0.123171627006635 0.182189363323439 0.148187644232823
0.0690802026173837 0.148664418609431 0.134441685204178 0.0756641237673049 0.146665684051893 0.0457518949235728 0.107941640413996 0.105527865683726 0.0142985387901347 0.15196394593838
0.0939984889329338 0.136728816313562 0.049896747164684 0.16357324384893 0.14917637742534 0.142214402928353 0.0385312032690538 0.0804097896077818 0.048549141656449 0.0969217888529126
0.12894560075404 0.0582679306162886 0.0722987784542709 0.115128128006708 0.118240929246782 0.119272390815386 0.110197653915385 0.122550250790082 0.0487797621632458 0.106318575237811
0.0345677528586532 0.162626739709987 0.0687731255106002 0.0468894070003037 0.00537427438466243 0.0554769683032527 0.141100567124558 0.157281141898745 0.165483147578261 0.162426875630977
0.0230675225015035 0.217998323004114 0.110029780162126 0.109829267630061 0.141796425952923 0.07046877583878 0.154826573667756 0.0935247724831864 0.0302982580633965 0.048160300696153
0.0991041430034808 0.0439906581230519 0.153143316536801 0.20950217640155 0.0107337709554914 0.186684982801703 0.0488491143572699 0.00832634054214816 0.092006468575694 0.14765902870281
0.174896561033967 0.00963427396724094 0.132936445182454 0.16897163646232 0.0654605602989645 0.0658296896537456 0.153074907837053 0.0995487761771531 0.0910953482568381 0.0385518011302636
0.12380186946869 0.10138905668527 0.124415901947095 0.169881317390702 0.0590719974604963 0.203402691082521 0.104091798277164 0.0426284165376863 0.051747259161051 0.0195696919893246
0.186795468814455 0.176297560530657 0.146940739703513 0.000165827934285281 0.0269487608270104 0.150040673030393 0.0354368987731754 0.0621355294539226 0.0757685076551412 0.139470033277447
0.124937263194107 0.157600524883158 0.00870306902443836 0.0302188468746064 0.183032657985722 0.10586775900838 0.00875510814060037 0.172673176981314 0.0260568455436794 0.182154748363994
0.0595804192455323 0.0421029954852076 0.00387556961562185 0.0571544825356517 0.00423053812232829 0.20698040004555 0.118375263058706 0.252436051976573 0.0298425747276818 0.225421705187148
0.117208372651821 0.0724522293318603 0.0849201364885173 0.0765254147180631 0.208465072566672 0.178333813810234 0.044030046322131 0.161289808635964 0.0517750163528025 0.00500008912193469
0.0445780507794745 0.0342748830804497 0.185844197032945 0.125425598559926 0.0523079334652407 0.231094512740188 0.220322873120187 0.0853893220948944 0.019071299084847 0.00169133004184815
0.175779668578119 0.128992417437601 0.0781135002244738 0.137173257949822 0.0262153950336948 0.0757638332717579 0.0251161381098831 0.0812046353652944 0.070996065350762 0.200645088678592
0.157951446799737 0.158974441906246 0.1178300078834 0.0837671026476113 0.00173255680564845 0.0910383475788006 0.0655114958114807 0.16684044540138 0.0647192861295136 0.0916348690361812
0.153894318695172 0.0280325934955276 0.17060544150584 0.0249868199547071 0.097145054957243 0.125743788082429 0.0777786022103056 0.0510969410395266 0.15345067085779 0.117265769201459
0.167701792789308 0.0419410760730368 0.136406890487171 0.0642116673196273 0.120169487204698 0.0335188683192259 0.0645150695924959 0.0109543051115486 0.202748945537427 0.157831897565461
0.00672498210394586 0.0206694441642284 0.000693904308077868 0.13471482823692 0.174500655906225 0.168435072216365 0.064378305243116 0.180213086399006 0.0799016653662557 0.169768056055861
0.0270211411186044 0.156304923166568 0.139683649589351 0.0405172708932382 0.0938587308054362 0.100234599478326 0.199436861137032 0.0636114765480811 0.123295282015396 0.0560360652479672
0.134896029214728 0.112225491231126 0.135185280396796 0.00274764658686888 0.01143042069554 0.0689617628883349 0.0110258319323432 0.181926786996335 0.0808230811082364 0.260777668949692
0.129683930525732 0.132092635103923 0.0270408835641923 0.147513229885956 0.0243199233052923 0.132826886310042 0.0526889563264244 0.120194365933982 0.183706319955237 0.0499328690892192
0.0921316341703243 0.120707385521695 0.0779776196753536 0.15339461709629 0.0409150452591844 0.0679915840132388 0.130618537464398 0.139399118864049 0.0959156288940511 0.080948829041416
0.158727246302398 0.0595139365919929 0.0559865068082495 0.0361211012910954 0.088131708172216 0.15457790412695 0.102596794422879 0.0852394159440093 0.18064671967064 0.0784586666695695
0.0857430415256439 0.118116054917379 0.0946495431212212 0.118671203940991 0.0474461819693298 0.113187284590477 0.103354951024359 0.0608318593769379 0.128887349308884 0.129112530224776
0.00940613343274953 0.00086773181523234 0.130404817488761 0.138113250598454 0.208271615948133 0.0871518911836017 0.0492825929527927 0.162943514132585 0.0484425835814842 0.165115868866207
0.0375273985380365 0.174271751661373 0.125485846228933 0.0203511248001206 0.0793027835472288 0.190649620867835 0.0790703248621142 0.0675435328182119 0.0476766601334628 0.178120956542685
0.140854526642404 0.134322634343963 0.026768812846394 0.124929982470243 0.10451790090018 0.0203163170391695 0.105170186733132 0.107971640646442 0.0999228414473496 0.135225156930722
0.0314321645517151 0.216303867705685 0.157466065314079 0.0470556957912301 0.230310592745705 0.0329599038091307 0.0826268185860912 0.0772739136875146 0.119484253998425 0.00508672381042439
0.00515804222051519 0.0193737226629609 0.159249886649501 0.0536188372756695 0.14382683074485 0.0580201531671091 0.183151105057309 0.180197092645353 0.100992094137135 0.0964122354395972
0.128007242618554 0.0274790488139078 0.104787137299412 0.147682460915735 0.13212834978627 0.118716878804207 0.149546951235274 0.00715283826070093 0.00180928635778599 0.182689805908153
0.0159386624843998 0.121122059968999 0.0954627010620116 0.162750411623179 0.0878178644367892 0.134120784680561 0.151624039903607 0.126845932219841 0.0672577946629205 0.0370597489576929
0.112919537131732 0.136784134968339 0.130045729916435 0.0483029978652739 0.0427467310058166 0.108572183139756 0.144799191606864 0.0239346464430134 0.0802491694315941 0.171645678491176
0.1511092409935 0.0707416528543611 0.0186263407186286 0.115502747863856 0.0764661767215573 0.100280449776672 0.16822752911004 0.0553950538448917 0.140060959662459 0.103589848454035
0.215323177402846 0.0875905472677423 0.0284014436760108 0.0371168032602187 0.0903954756040443 0.0727610219111001 0.122935777735057 0.174477476015351 0.0888622166332449 0.0821360604943845
0.129651490579617 0.225827496359159 0.172313091768309 0.196948913393173 0.120567867233053 0.0718770703603497 0.0577177579762536 0.000661007170160781 0.0151011664427425 0.00933413871718217
0.135624867860109 0.166957558750066 0.118607135115931 0.0880025409182545 0.0846473489836902 0.00801854654221603 0.0382178838124917 0.080662811929296 0.153459078277923 0.125802227810023
0.129034870500264 0.099021054253462 0.150238546952658 0.165140209236466 0.0186905358211666 0.155098115597531 0.0275298566010354 0.0715757080849367 0.0744101154882519 0.109260987464228
0.0365933465950155 0.130468133600029 0.102552990118076 0.0397321386257573 0.0844367809088442 0.110986961634353 0.085411933508608 0.169551268804934 0.064247188770732 0.176019257433651
0.0241814805536128 0.0830004459776471 0.152618447201219 0.145335245332922 0.00263904482080798 0.176436976109364 0.183358741503287 0.0721236499381589 0.0593626138566939 0.100943354706287
0.130810644110442 0.182692415047793 0.180802449155596 0.048076430616259 0.0629749656284703 0.134793210275192 0.135388865101272 0.116351728095874 0.00771849033263657 0.00039080163646539
0.119660613522302 0.0198316559061607 0.0858207164198934 0.0435512850496651 0.0513873037781746 0.133298796159193 0.126165222654663 0.143769000828492 0.152753384801136 0.123762020880321
0.135409221253196 0.00294686932836109 0.14617147510278 0.0124539592719691 0.209596428867994 0.0415482590430086 0.120800416071865 0.0490608327851917 0.189031605256859 0.0929809330187763
0.249118329736352 0.160205583739919 0.150857206083583 0.0500565853719193 0.142271997676377 0.122672285427121 0.0558744796102661 0.04052265678008 0.00825120395193132 0.0201696716224522
0.1088640611713 0.0628359523064215 0.0995727043702615 0.0896296425186596 0.127511037163679 0.126654224366629 0.122230421504871 0.060908055511927 0.101875645799646 0.099918255286605
0.0940857980508701 0.139160747513493 0.10453355325798 0.113963160550048 0.00215272819916669 0.0718748981106374 0.192201320098521 0.175022032292135 0.067311781035919 0.03969398089123
0.0391848252419515 0.0311452273109714 0.0876083972800005 0.165119089612538 0.150723120266809 0.110177071299475 0.0886004264788907 0.107642056237386 0.0580730569038461 0.161726729368132
0.13311679740743 0.153921360073816 0.089914816186733 0.0163895272422988 0.0534160120956968 0.172609877562412 0.127344812877449 0.109441947943244 0.142828269024882 0.00101657958603874
0.154414685961487 0.128199935667932 0.0530547669987233 0.0906105551877078 0.0996260011693984 0.17146775230151 0.207651252133032 0.00587014203117503 0.0430932574229925 0.046011651126042
0.042845306800974 0.155142857621413 0.0421921554051425 0.12348774647767 0.0805114906343987 0.104284743154458 0.122438848965308 0.0574227040172229 0.131673243072564 0.140000903850848
0.0909153690229391 0.113947794575849 0.0911936193508469 0.0990683749473333 0.120979364885702 0.156026110813385 0.0787870464510858 0.0583393208260066 0.150526704295339 0.0402162948315125
0.0512385263479416 0.0674772314311923 0.090445744373306 0.0676864700853565 0.19476684846153 0.150430177882457 0.0611763353047855 0.156205081580697 0.159816053953321 0.000757530579412159
0.146039883589802 0.0073960828341191 0.203757850061904 0.119154533297222 0.0190962816540305 0.0159490524934825 0.159440195906994 0.033563020626324 0.206448125755948 0.0891549737801737
0.0971743246019175 0.147595446061539 0.203016641889653 0.116221067192668 0.136882518585654 0.0495531156700686 0.0796575296590153 5.75244919579765e-05 0.121094186523527 0.0487476453239998
0.0268031450211052 0.113680728201272 0.0697801997859998 0.202243568689861 0.0216467423815228 0.0263780671439592 0.222118414287547 0.120316865764075 0.0255776499344653 0.171454618790192
0.107353047451828 0.0626858272052368 0.0942060744190422 0.135860670309132 0.0826349798465367 0.131486398496462 0.143486407312753 0.134515200359802 0.00195537022817372 0.105816024371035
0.139594548229157 0.152778938329433 0.133994644485599 0.153380782153402 0.0352607533066667 0.112319255275348 0.035160060282572 0.0422230297171233 0.179076355190285 0.016211633030414
0.133084588469965 0.00940394821359035 0.14176309670737 0.0913336198010813 0.155223410464409 0.0186786087454447 0.116176056526686 0.031475156401825 0.175305828757484 0.127555685912144
0.121921591331997 0.100660918859072 0.155477963308869 0.0876672855398655 0.113603530066417 0.102552708978099 0.039028914872762 0.0511298329209895 0.0970730442234169 0.130884209898512
0.0603726596261183 0.171733774695451 0.0691876234445841 0.196219295897041 0.211306279813402 0.206489073857117 0.00912016480522754 0.0397761547970677 0.0316484748202354 0.00414649824375532
0.120610031256741 0.0283742734947705 0.0871046798227352 0.175583722982965 0.0656859018885924 0.135715709490216 0.170982724270179 0.120061194475553 0.0160428548974004 0.0798389074208482
0.142847331067843 0.144316492465438 0.0049939361984044 0.0553074521562196 0.156854997450097 0.109515847909384 0.131119191946602 0.0912801528323917 0.0823646267076542 0.0813999712659665
0.102884820504389 0.0866841020530033 0.292000486901218 0.158157416529351 0.0669038942788295 0.109732020243641 0.0260233618056703 0.0618446865656979 0.0282002902747221 0.0675689208434784
0.0359639299882231 0.105200204230623 0.0945195344901281 0.149821297041089 0.0637980110316861 0.101493664943632 0.139861126586841 0.138720649540325 0.0382225110304331 0.13239907111702
0.135820532044714 0.0600441144853276 0.0621298015793986 0.104685145132442 0.110568699164402 0.121308116703054 0.173722383634462 0.125831766307979 0.0392863390114262 0.0666031019367951
0.123896808616815 0.102308323858784 0.112185510367733 0.0249047507364887 0.060129552278003 0.0508488217416934 0.0893673268702584 0.14229602118455 0.14957499991666 0.144487884429014
0.0205532113456914 0.101049335846597 0.0840775251287365 0.0849369206959132 0.0715961768772438 0.147663307376845 0.10363277641343 0.177813704384726 0.146513919319352 0.0621631226114652
0.186111711824558 0.154144006578098 0.161219629862777 0.029178688131905 0.0700258491081541 0.00117086957505243 0.0276626514656619 0.0529263562109813 0.172836935809352 0.144723301433459
0.175678451384814 0.0648677085533859 0.158487538243815 0.125237339497174 0.0236635693601808 0.0102536818446374 0.0848031988956553 0.171050961313967 0.0322531638615843 0.153704387044787
