0.173393275531418 0.0360577536809041 0.172627589098119 0.238954514922405 0.0675900005794434 0.0660949212458591 0.245281944941851
0.0815111889009636 0.172946234690889 0.167706969695342 0.0855310583664403 0.154527503606967 0.17939782372953 0.158379221009867
0.180699618403606 0.00118305501627856 0.272514172607637 0.238353094250268 0.254800994698942 0.0129565551137051 0.0394925099095626
0.195189940059847 0.121313116072817 0.165893935319024 0.126275802789314 0.244192898873371 0.00565308173411399 0.141481225151513
0.181995842676204 0.162854229306957 0.119785369125373 0.185727526767677 0.116723771612211 0.158082324740688 0.0748309357708904
0.117205512586563 0.186638486960764 0.186858375803124 0.104650919467796 0.109525671343507 0.100160381762497 0.194960652075749
0.00715269094731132 0.216376616948339 0.27887269644057 0.173565859015746 0.064475550437591 0.212722407968614 0.0468341782418267
0.064474529311229 0.231404414533477 0.162593917566919 0.123731674711616 0.117815939890431 0.291375751805007 0.00860377218132157
0.0927907984317279 0.200162238025583 0.0522313421842612 0.052657986831387 0.153971377916272 0.272738145292517 0.175448111318252
0.169515999563652 0.123098012454477 0.15379149971288 0.134137680928555 0.025243973760169 0.249165844622694 0.145046988957572
0.0284501946142305 0.187581072096815 0.214233816826186 0.13982994371513 0.13833218343163 0.0657331127036964 0.225839676612312
0.0628155363530059 0.142200062065373 0.0308686841742148 0.155759703848505 0.197796051744411 0.307666220736427 0.102893741078062
0.254189625928545 0.218070383313229 0.285784738544872 0.151262320055834 0.00789567998436451 0.0631492720425666 0.0196479801305892
0.170024991398298 0.00273980251658214 0.20030861563532 0.153581549631212 0.165842191978783 0.236947178312981 0.0705556705268238
0.105983701510148 0.196065740783135 0.215899108127349 0.203405786166031 0.0772667091160482 0.148224538423038 0.0531544158742514
0.312070687423823 0.116470951380249 0.0849582688216206 0.0852365135643578 0.145149935731124 0.00289778741774068 0.253215855661085
0.0192627211588642 0.173892703102237 0.222622700455874 0.22692577839932 0.0381273464913501 0.203622992939315 0.115545757453039
0.168713118689233 0.149656296042486 0.0727902239520795 0.124448038489755 0.209502617134746 0.151706400998861 0.12318330469284
0.098278212552973 0.0615534849448305 0.24485162095902 0.164546478524285 0.066741101381137 0.0817882623340525 0.282240839303702
0.0455531975682898 0.128435762902484 0.1720384697258 0.178500450112711 0.0980916450586204 0.17967238266188 0.197708091970216
0.0271953123792013 0.124777612482452 0.153942333791763 0.221980209885282 0.105467089316085 0.201122902566087 0.165514539579129
0.00438370858269779 0.359165218868418 0.100778255036098 0.303479644703087 0.150951412947547 0.0128818913206209 0.068359868541532
0.269600742942727 0.117981928425066 0.0857987923803409 0.0349416548784246 0.194824297291806 0.253749750594766 0.04310283348687
0.0691046122961159 0.178697423791641 0.119703079481384 0.187848790985452 0.237539211094155 0.0686509919758952 0.138455890375357
0.0650754108924496 0.074953575852319 0.112005835476645 0.223325232430237 0.277895943895366 0.0716995826657947 0.175044418787189
0.122052599700885 0.138857322153809 0.198772793159666 0.0403760725814005 0.193811233520773 0.106105271701343 0.200024707182124
0.114616643703465 0.25988205587335 0.054226114411454 0.0850186606969034 0.0679997830881656 0.311761643382542 0.106495098844121
0.236174351274801 0.109164086198714 0.144934261797831 0.202654653589705 0.140289777071955 0.0131454379724235 0.15363743209457
0.118597782317459 0.196600464198831 0.268335698753857 0.17767250229391 0.136880969719628 0.0872572972287088 0.014655285487607
0.133391113968809 0.157389561586242 0.191195541120282 0.204046709482387 0.0438756970428937 0.117172497116366 0.15292887968302
0.015166144219941 0.149505589824201 0.147102180670333 0.183477516441968 0.146593762907951 0.195852172495007 0.1623026334406
0.16446436300441 0.250550734360096 0.197321456390735 0.0204037239969242 0.293041234215035 0.0347043009243608 0.0395141871084384
0.143012965692423 0.0529496460127288 0.254571161007437 0.104556606352276 0.0798968621911248 0.197130385754009 0.167882372990001
0.203190546035793 0.150287754380845 0.0631413619022967 0.0916093623122644 0.174475657290831 0.298551207029516 0.018744111048453
0.184356903393666 0.093481625271556 0.0820821284964044 0.0537195426173984 0.0925817732313129 0.241666634522379 0.252111392467283
0.00580325431192664 0.193443146434864 0.205408041789023 0.187000272782453 0.036938890327753 0.179291405258144 0.192114989095837
0.191957769002072 0.196489864657503 0.0582572107119153 0.199609955802632 0.094792580172178 0.111817694382996 0.147074925270703
0.184933296561927 0.0668384738010435 0.112380194602954 0.294364866247261 0.105447085279199 0.186768117527938 0.0492679659796768
0.0852832527722652 0.00784995422360355 0.286066136796032 0.0204037422879285 0.185249017570954 0.313767327175484 0.101380569173733
0.197341192966475 0.0553019523746256 0.208047263371694 0.125887072708637 0.219021057574883 0.10807328126249 0.086328179741196
0.250889859342573 0.149971216189681 0.0308867861529148 0.0935392831580753 0.287937577765799 0.151375700354271 0.0353995770366865
0.0231375140471341 0.273751568217251 0.219134632410157 0.00107739760342881 0.235676281411831 0.2177514842171 0.0294711220930989
0.240059290458308 0.148380610513739 0.0654986685592316 0.170028496133221 0.167024805776406 0.055922621964186 0.153085506594908
0.175488180990391 0.231749574099978 0.156924417909063 0.0549744829023181 0.151765996719081 0.117150004601227 0.111947342777942
0.219577180927661 0.291521583755873 0.107395120744458 0.129718734346781 0.0490850860485839 0.196527232462283 0.00617506171435993
0.0225236933272886 0.170787596966556 0.172732522295995 0.171333535457069 0.16807270915575 0.195535086119657 0.0990148566776852
0.154508924698092 0.19839118906187 0.117160123207369 0.115392906586548 0.0893019196051139 0.152681844636393 0.172563092204614
0.217349264738468 0.0520978040069213 0.0284078779170833 0.130347534410617 0.267801583787509 0.0891544354004442 0.214841499738957
0.233173967586405 0.0458144876914637 0.256064626557137 0.0727381126452356 0.218418556563046 0.107134028136066 0.0666562208206476
0.0954188964069597 0.130648460832416 0.0564139405388231 0.210799258052366 0.168363291610569 0.0940577389755997 0.244298413583266
0.123234912602955 0.244425263171858 0.0863311912890685 0.0594804021039744 0.078253004680716 0.224915024028061 0.183360202123367
0.209117700277506 0.098548056539822 0.222093494808901 0.180379951458682 0.0443551171150223 0.143281734190687 0.10222394560938
0.122423837147898 0.0449746885664853 0.228269974497753 0.0593303124213934 0.0774162866077512 0.23386042557823 0.233724475180489
0.201654589059884 0.199704956380952 0.0271558690319414 0.0948757925820685 0.147720653745945 0.222787173821099 0.10610096537811
0.00761216036031456 0.138183997097873 0.22106189547954 0.020745816179732 0.161718347934651 0.231056930202945 0.219620852744944
0.319920823311267 0.13399019634993 0.0203333205941229 0.0720901154261057 0.247421059381526 0.08945708445994 0.11678740047711
0.188532114504797 0.202492433415854 0.120333702518948 0.0263655656614683 0.178344211113186 0.176455023358886 0.10747694942686
0.246816225626218 0.202684484162394 0.00526945315748873 0.194545736488383 0.191214195307617 0.070353336355896 0.0891165689020029
0.219606346851572 0.156802549602987 0.158856679491695 0.1225939006893 0.0327480424012705 0.117682377823186 0.19171010313999
0.0704240367587983 0.00443788334982421 0.0762283593803923 0.26993142213989 0.268819829246314 0.175137622970528 0.135020846154254
0.167601664483082 0.084404942347408 0.216840046247974 0.0201335522014828 0.259190071181513 0.0165075675836645 0.235322155954876
0.280381832746777 0.109271400319623 0.00544988763570718 0.119473643787591 0.162231487235317 0.203689065732642 0.119502682542342
0.166213649103752 0.0757306496124008 0.193865666482369 0.128965303081098 0.0471104025495902 0.193002022901322 0.195112306269468
0.222247141682596 0.0527931352433173 0.265972687776323 0.0428813818702127 0.166118727978819 0.243969887993912 0.00601703745482009
0.0564830540915796 0.00157734989239326 0.111339475039462 0.143133631006621 0.254288991819805 0.122616504683464 0.310560993466675
0.0563272547190501 0.0465447329729972 0.180699071670192 0.27667705226446 0.02775964696527 0.149291137496282 0.262701103911749
0.132194380849988 0.124834799677494 0.045191028090279 0.211040975042545 0.103813053542654 0.274205444581344 0.108720318215695
0.0785413201442759 0.208883706555777 0.0634132396178565 0.0268175462821266 0.153641669033315 0.252646913714789 0.21605560465186
0.216598630404827 0.0860042407473363 0.171495936178919 0.220757517525391 0.102003908444954 0.040151895072404 0.162987871626168
0.0036817169339063 0.263216275649921 0.10536291914648 0.226775505194283 0.268100837656306 0.0420225265074706 0.0908402189116336
0.176413633510329 0.161052996276425 0.297870724358785 0.0073514645669565 0.0546155678789766 0.033951118739881 0.268744494668647
0.271283100147879 0.0787661411054295 0.0394338024176921 0.0313936637009847 0.361931261088612 0.0157647555516399 0.201427275987763
0.0864973260296505 0.124010916401218 0.10712708187808 0.0492349325576196 0.28526401152313 0.108006818976707 0.239858912633595
0.14161589391639 0.123963181026067 0.255901590162571 0.0235747340695718 0.0633326465675648 0.175414361851031 0.216197592406805
0.113085345894334 0.209513614370387 0.0351357642089624 0.150291677838211 0.225719709823964 0.200265866631143 0.0659880212329987
0.117768944228596 0.0139813711719472 0.0855651027476614 0.0918266414529861 0.0902248915193217 0.131188127634738 0.469444921244749
0.137761268803452 0.21965708714412 0.097759980955014 0.095586040352931 0.200037292561522 0.0628897392837199 0.186308590899241
0.0978359072362171 0.216041886826895 0.133190028381313 0.0498654922054531 0.0264109357607311 0.227958958691504 0.248696790897886
0.219742453145279 0.0468210160113431 0.0523869209986027 0.245622325944629 0.174643089979872 0.00459894424345263 0.256185249676821
0.160308096370634 0.0552803615248388 0.0580638927686364 0.137172377766408 0.256214370098799 0.214963591350061 0.117997310120623
0.185136065803089 0.110209350911098 0.108973765186124 0.21482901400083 0.117371273431006 0.101270918765086 0.162209611902767
0.28505824667967 0.0686447975100438 0.0537569843096046 0.0122664343071607 0.0901243321409625 0.201662316987121 0.288486888065438
0.186232511383141 0.0176618194319451 0.264987607953744 0.10753544913561 0.185355821199543 0.0703681288353466 0.167858662060671
0.146204658237596 0.0886422373333353 0.124116764469551 0.166510656527458 0.172164266514997 0.061929723400568 0.240431693516494
0.134618895028817 0.116756981819662 0.146595613563458 0.154729631367508 0.225616666927222 0.204628365278824 0.0170538460145086
0.164180269017603 0.00853325370057423 0.104593320806785 0.0606518144245425 0.152688342031626 0.25315084057146 0.256202159447409
0.0197906500765307 0.0485352334116538 0.196272856261108 0.264988990517093 0.0687556432477915 0.270901899389823 0.130754727095999
0.193631198758965 0.00304564850272402 0.0182484584461296 0.15234042982092 0.1754748703355 0.118921241480524 0.338338152655237
0.0451332798572074 0.157244127365214 0.246797958993613 0.224475609701347 0.200444539239257 0.0336889912269731 0.0922154936163895
0.146622508901435 0.201862022381884 0.114328571031349 0.202675040235986 0.0584812791340895 0.183317801597418 0.0927127767178376
0.221221751397313 0.205801041310063 0.137942261880136 0.120500486708339 0.0674309605034634 0.108485283917671 0.138618214283014
0.100544668843749 0.00886446861713291 0.186909553522018 0.195538479439495 0.201984066735056 0.0606091563499055 0.245549606492644
0.0548992988223548 0.0645700089272129 0.157529923812597 0.114676358736782 0.222813254367494 0.138466506244177 0.247044649089383
0.0651249387087661 0.0348453970337203 0.174978445858278 0.167303701907102 0.157088264309917 0.20865394432863 0.192005307853586
0.135418653290976 0.202588451803438 0.0393022783978034 0.169020132232356 0.132352032768074 0.173975700659534 0.147342750847819
0.136749366186801 0.113473047626441 0.228461463903143 0.0115177318309579 0.13388508311305 0.290366570052477 0.0855467372871307
0.154532858113455 0.0332313575271209 0.0557020200933206 0.319034485645591 0.168249752896088 0.052899335486102 0.216350190238321
0.0845282334551014 0.201891506803813 0.174842996286562 0.206984148379086 0.0831874962660614 0.0169208248056444 0.231644794003732
0.111532222357258 0.0454466325740404 0.16517125795351 0.234534620712851 0.0875137331257288 0.188283842103286 0.167517691173326
0.0353029541388219 0.137143684783445 0.207810515853728 0.101043013177038 0.206185558561909 0.0600006864661003 0.252513587018959
