0.147702881338318 0.00968500769153969 0.0572926152193929 0.0840973325161519 0.101769080145543 0.0561091469903219 0.147513309178764 0.161838955548578 0.105711255835086 0.128280415536304
0.0928449077518443 0.00437078595991755 0.0568178497695432 0.0995579283026887 0.189033834160336 0.00637192167764178 0.184697075805214 0.226464254483117 0.119493445673535 0.0203479964161617
0.124602399044424 0.137918011384724 0.00522684871248471 0.110351755136766 0.0325066897191241 0.158845083853009 0.148252690434399 0.1283199908548 0.019586865084399 0.134389665775872
0.0452840256962375 0.106460555920802 0.118282060130269 0.106276274987482 0.128269450868082 0.087308655861489 0.103622857235765 0.125078247436568 0.0688200134983286 0.110597858364976
0.0771250917921891 0.0981104823682193 0.121496581501965 0.0826909853711493 0.0509782602022957 0.0202612773302169 0.161762330601232 0.14930496808643 0.102906467786417 0.135363554959886
0.0500684447134807 0.111098077951357 0.116809156740666 0.146963177803666 0.119024540275107 0.0480600321582515 0.0648230956250058 0.164850248743401 0.148874860595268 0.0294283653937968
0.124483053055557 0.00542911299944527 0.0741994278719258 0.0625920214261623 0.250217178909923 0.126940224721264 0.0858982314423006 0.163385486339613 0.0611297843739167 0.0457254788598924
0.0398068780658324 0.0135514157447145 0.0568339457480187 0.0980929509321213 0.00721100344248376 0.174204858434696 0.0474975642470045 0.122631917857919 0.232715241750751 0.207454223776458
0.0256581002403125 0.164092642849672 0.210610843514387 0.0714380556144583 0.10060364711262 0.00740632108799791 0.121167101314066 0.0690833336434976 0.188303051717723 0.041636902905266
0.0171702780992644 0.167581448785087 0.0107950685087722 0.175927828205989 0.0908086036524636 0.141064079144004 0.186334693944138 0.0576271422550118 0.142101276447989 0.0105895809572806
0.0162923523736155 0.0696274211909586 0.0251021032118181 0.176597073191444 0.111231625704281 0.114711445854233 0.0422637372498749 0.152451822087965 0.15218215599887 0.13954026313694
0.0265641962349112 0.095602893923288 0.145035533593565 0.0908533314533219 0.037802279809602 0.120950769620586 0.0545403393929903 0.140275890437627 0.149480810011178 0.138893955522931
0.0604948712957045 0.152445359052199 0.114889503631289 0.0167200080719066 0.0409590537348523 0.10211955448274 0.198705450357793 0.0857527680262356 0.126218425994719 0.101695005352561
0.120927872990919 0.0763988851845917 0.132416712530109 0.123700807502546 0.117535523672268 0.146972185938116 0.0188804721199224 0.0467846773928237 0.174482987957291 0.041899874711413
0.0240403592074677 0.00329989467483608 0.0568523640532033 0.115881458685961 0.0723612572329386 0.0202830850500995 0.21456802405113 0.139684345330345 0.233908903513904 0.119120308200116
0.199444075103951 0.0153799639519513 0.0393350118623204 0.183530675936848 0.0493568401129034 0.0910836881151081 0.0926041155377709 0.0712442727751574 0.170215359152589 0.0878059974514005
0.0693649442216654 0.11317749255378 0.0403945765531582 0.139514735514611 0.110003123710938 0.173914855646312 0.174234847225139 0.0377363789736143 0.139558757822603 0.00210028777818017
0.138791273944063 0.0548047843622439 0.122256942771606 0.0585080590474458 0.0644516092013213 0.126907748309056 0.0176650137320971 0.142999521615715 0.144263047923035 0.129351999093417
0.151371480617242 0.0708387020599615 0.118885821997886 0.138908479511644 0.0309509241555148 0.114188632855444 0.0529689174563882 0.0762424697031448 0.0918430149253433 0.153801556717432
0.0301581078236327 0.000320483741276417 0.121551817525982 0.127153379888441 0.132713287378404 0.0896774611861202 0.0406874534063075 0.174503214159766 0.156627196506162 0.126607598383909
0.160841321964354 0.0382174311796682 0.0101857253268657 0.130588376174494 0.00643672760439353 0.136696963429851 0.109199806499843 0.169201865476468 0.0667468288143715 0.171884953529691
0.137685055281859 0.0218513556782807 0.168088040021439 0.164973171372026 0.010595389603393 0.154139102661475 0.0870927726451221 0.0289344701430747 0.0708338685636416 0.155806774029689
0.173329511791167 0.117645938903705 0.0684988568108452 0.0214226408742705 0.11412080481296 0.102822824649656 0.14044503615602 0.133141025294298 0.0959318703405836 0.0326414903664962
0.0313252278208647 0.0831548316209752 0.0131470882806687 0.112173162306192 0.128585783734475 0.155178505524301 0.185462549539177 0.163238782069752 0.0518043489309142 0.0759297201726798
0.00409654026852258 0.0504961319797467 0.115808708820972 0.146810672304246 0.0345744522588831 0.0733038176117094 0.169001389824921 0.042358486889263 0.236191794778643 0.127358005263094
0.0858442205306527 0.117787352504312 0.0502057285635083 0.0947056313572206 0.00851699921990903 0.146627634929113 0.17041768268966 0.172366262580423 0.00857118635311041 0.144957301272091
0.101617738566233 0.0754936051366415 0.163340987073144 0.0898410123932565 0.0252803340309501 0.148213724140565 0.10117990486056 0.0262075680289548 0.066825779293834 0.20199934647586
0.0477203198823568 0.136429009919305 0.0916113634691623 0.113685314893715 0.103750587870825 0.0695865549114809 0.138914063950834 0.126644238246163 0.0910471574886415 0.0806113893675167
0.0136198718495902 0.143304398703986 0.115990603355189 0.181648622835963 0.156802433873737 0.0618185082482162 0.00952062983486902 0.128774383558136 0.109416703331041 0.0791038444092723
0.0836012167618926 0.160173410704295 0.220165168594872 0.0602159938187856 0.00916724368809349 0.192653626396731 0.0810638147064145 0.0449482261564883 0.128394592675472 0.0196167064969542
0.110660200388481 0.121145132144753 0.109162933313615 0.155778039729566 0.0315902839481587 0.070646912323845 0.117292769634151 0.0763511555686912 0.0663349150391025 0.141037657909636
0.036463222808223 0.0156847619677831 0.0568569835831113 0.132385295424901 0.104811109500682 0.0469967242955205 0.179061216030805 0.117502637005236 0.169445797290596 0.140792252093142
0.0573595373163433 0.0444977336787903 0.16233217914082 0.0602055480312441 0.120342824893041 0.0235653238246613 0.0954206916224945 0.128540708391727 0.186480211525729 0.121255241575149
0.00202499229962429 0.00851570852615226 0.00801979063955293 0.0876947128548897 0.181280138964448 0.144497614588401 0.119201378550182 0.195049634804988 0.160975212828659 0.0927408159431026
0.0449243869930236 0.0781099974020293 0.16318274916672 0.00353859285249799 0.159920494341674 0.176087620203778 0.0962781321738576 0.166034010459369 0.079614880271804 0.0323091361352459
0.142492902558286 0.034590360606518 0.124599482982109 0.0227272024450893 0.105693908267485 0.145394511787534 0.109632971742928 0.197859180235925 0.0560445424430621 0.0609649369310625
0.126921072488807 0.138458381195987 0.100642409048513 0.0472027789415388 0.140826577141848 0.138718020318314 0.123222983588709 0.141055776160127 0.0161293003457533 0.0268227007704025
0.197712648355101 0.0194646677468714 0.121941492407107 0.149429470709475 0.105990643045274 0.0417158848683655 0.178735067146455 0.105902968279588 0.0253347235397312 0.053772433902031
0.0244397333015737 0.0378788030422762 0.0935119955443544 0.23060553939035 0.119963060944166 0.222581238872034 0.100799075994584 0.0422318747097957 0.115387608910358 0.0126010692905083
0.0414864518845614 0.303317018125843 0.0026030044301802 0.209682081517998 0.0409009832975986 0.0116727138347455 0.172147844500325 0.0670468141753758 0.026262018171441 0.124881070061932
0.119052139837775 0.189691260950393 0.0100818682472875 0.02155764786517 0.126380687524532 0.186882866409729 0.136978862881481 0.0917760392311016 0.106307558348336 0.0112910687041944
0.258656701144985 0.131338057300095 0.0603857012417382 0.0218924046007165 0.240017029667921 0.0797882839750468 0.00703335600008849 0.0635832547828351 0.0485978355473805 0.0887073757391944
0.00182115772763826 0.1370273453755 0.100644832372477 0.104706672992474 0.116732303489832 0.108144229161697 0.0946712733231281 0.134854308815623 0.0946553273689439 0.106742549372686
0.116785226330339 0.0967739232818106 0.00541778629869874 0.105731764868762 0.0824578798334098 0.130400990354795 0.103898586217878 0.178088898460072 0.121096497598261 0.0593484467559726
0.0197609957588446 0.0974777883382981 0.167168922673009 0.152066837226691 0.0825480311299877 0.143252368509011 0.139453435169298 0.0452224851777773 0.0890387442563506 0.0640103917607334
0.174161999830982 0.0789942721671316 0.0751302460040917 0.137891861485475 0.0361935050691413 0.0302141509570822 0.0428395165140392 0.14934687135619 0.217781897710092 0.0574456789057741
0.135340517923756 0.15864023914145 0.148789859602712 0.125593226377497 0.0815164182795162 0.0456626243690241 0.0175256782412509 0.0111990875134287 0.150519359944421 0.125212988606943
0.0225681994504036 0.0313860324901715 0.165452735169032 0.0802437357796175 0.0790397073243685 0.159698424340565 0.10545309612301 0.097867355626681 0.160946870196232 0.0973438434999187
0.0731111462775255 0.107036704976566 0.115019662714628 0.144295178583859 0.135838803865594 0.168284828759622 0.109317647176797 0.000105156014813831 0.127054442226515 0.0199364294040791
0.121472133740772 0.103105127084877 0.212434031164221 0.0177906699131347 0.204521021915829 0.0496319951289306 0.010622055942412 0.00901126521839883 0.237880583470737 0.0335311164206873
0.155255716876951 0.179965741874458 0.0661915713265229 0.116601212036672 0.172166910439271 0.0937823834078421 0.0817176501577507 0.0292517305469705 0.0755871305894433 0.0294799527441184
0.118146894659429 0.029536127758006 0.1171646074419 0.0914390076414631 0.128144440184343 0.17476085324838 0.0982814471244369 0.0482554572581818 0.13938023616265 0.0548909285212108
0.13063266985659 0.0414945163918726 0.201908202702746 0.108423354875793 0.00683241086035198 0.107089498344591 0.027512715791185 0.184972953609486 0.041941421859675 0.149192255707709
0.0872997845130842 0.170509914637667 0.0573130702387087 0.112315683438464 0.13500740546882 0.118775910199883 0.161230717774212 0.0821472902834871 0.0415913853715735 0.0338088380741015
0.0310605917709643 0.0570168865068416 0.0955389663444354 0.04986932037033 0.139432403031603 0.183418434207229 0.0973438143271099 0.105763449025555 0.120831661327083 0.119724473088848
0.0288670500564946 0.0438025532098404 0.18051932769608 0.182766787250497 0.0738647826595349 0.148515322141161 0.0749221664096141 0.0844492722080864 0.0800536350176463 0.102239103351046
0.0563280085532603 0.096826349143222 0.14135704085528 0.160477074861712 0.0189064452297456 0.0514408411430297 0.0166924253825509 0.227879997584429 0.00638741973011149 0.223704397516658
0.115067250189685 0.0342403335020763 0.169399975101436 0.125149122208855 0.0160202758753434 0.0703188018836673 0.112024441004041 0.0911649102418706 0.167291658818433 0.0993232311745931
0.100817170401869 0.0813224301701521 0.117336317981831 0.00859815745703945 0.110081224729532 0.174534080572897 0.108842618020138 0.191149780254017 0.0452755332580523 0.0620426871544712
0.200193048041247 0.106296151927898 0.0107604597503636 0.177872479661451 0.0918184464398114 0.202282560394272 0.0632742780136289 0.020941402820109 0.0724822578042771 0.0540789151469424
0.0268993931858363 0.0936515501460589 0.00886708697648572 0.0691218453267913 0.320752401948453 0.0954333367982456 0.0391482653937559 0.0425851051700325 0.110968310988255 0.192572704066086
0.0588497777085967 0.0515038496963258 0.0996995876189544 0.115092016898489 0.171491965785351 0.0426324735232556 0.170760256380924 0.0516759891353593 0.0924145813917235 0.145879501861021
0.0816208551628943 0.140732748438867 0.0126306378668873 0.0988907766683196 0.112184534912295 0.144596453508175 0.144442423026526 0.0926704276853704 0.0979969676183549 0.074234175112311
0.0249217330451057 0.152432586244667 0.0723540245001796 0.0876405261882704 0.0418282644317146 0.156638955276957 0.140608509452038 0.164299554727548 0.0218488134713876 0.137427032662133
0.0330417196073952 0.185062140783635 0.034899966684167 0.176914737368995 0.0605903311683622 0.140739851871881 0.0133480911895488 0.122865072987853 0.176649129609978 0.0558889587281856
0.149111381392649 0.128816180587922 0.143706406278952 0.148896177026122 0.0614154419803343 0.114386527978386 0.0208393676317435 0.0303005680192174 0.0658537633597406 0.136674185744935
0.153820866732005 0.00279339847764881 0.0398553755526532 0.175491311902374 0.0932701022415179 0.101111350770063 0.171083155902799 0.122687675412529 0.125830261532898 0.0140565014755125
0.0465913755944368 0.0282435930598923 0.0474859206160279 0.168933186905385 0.0896895337724458 0.16084499688881 0.061942782802409 0.153235148181212 0.135830020282345 0.107203441897036
0.0412554945438786 0.0272382409195748 0.274875722222408 0.0306935553559877 0.14592938758051 0.123534230149327 0.058109638519399 0.0955779306667325 0.0418704404309207 0.160915359611263
0.0112987783460693 0.145388447324448 0.138801909841109 0.120965512901516 0.0391069783328332 0.143859129533138 0.164257815963351 0.163744301523637 0.0183886549028858 0.0541884713310139
0.090045259198227 0.0881827230381943 0.0847583576794688 0.102285891106323 0.143254254078749 0.0714492769112462 0.115413467495861 0.121154153599118 0.148142172747614 0.0353144441451979
0.151684516381501 0.0238854498775651 0.110166593580507 0.0836221217891395 0.148929293303197 0.0879602752393383 0.117443769707593 0.0257608711661169 0.132944451448204 0.117602657506838
0.130556314172168 0.154400254745574 0.0105434144552628 0.0835646010660641 0.126462634554041 0.113337691783187 0.0976362178004174 0.0287031527473856 0.154054650602912 0.100741068072987
0.0805131363962077 0.00564974399035192 0.165527511107073 0.12491287585135 0.106960943674885 0.0966809393981677 0.107608514277599 0.133974672118729 0.0742812540428717 0.103890409142765
0.0680897441267454 0.0705973852331297 0.124221620878923 0.0919898377449709 0.107422268853296 0.0827924221919696 0.0162894850486708 0.177653642928732 0.137625466868536 0.123318126125026
0.0458213679269327 0.00943974479037609 0.108800908312705 0.130458587696466 0.187860224300927 0.108949758148252 0.104678507559268 0.0974043004437567 0.149017303132332 0.0575692976889833
0.0957181196195227 0.0266955735229036 0.0900154376975829 0.0725926201887595 0.108574765934865 0.11588977190922 0.124461245931822 0.123844491876081 0.121962806587118 0.120245166732125
0.112831249951255 0.0492327296668467 0.105164691437504 0.191245121966841 0.117555311402589 0.0781268716686404 0.00321200122807795 0.149828347031878 0.140712457340014 0.0520912183063531
0.0329707769329527 0.051355712688764 0.0963083717353885 0.157980434578039 0.126180352519049 0.0709726754805389 0.133150372070595 0.15189030605525 0.132328650232945 0.0468623477064774
0.0516763560630735 0.115605115597234 0.102910226216747 0.0429128262040707 0.0729137601678994 0.195337164326445 0.162498001606327 0.0510286241186588 0.112260058746597 0.092857866952947
0.0336071676811044 0.0733069716993525 0.169802820006718 0.0684298257618568 0.113793614920297 0.170134823751538 0.0922970246641714 0.189848812644615 0.0298126355342846 0.0589663033360621
0.0488519703518399 0.214805642025594 0.162608474024399 0.175854778914071 0.0752683626896114 0.11303941017948 0.0133594010419784 0.11415343617732 0.0649137562556338 0.0171447683400732
0.054430592265765 0.116666928306109 0.128848349658603 0.115914313478955 0.0865368190162645 0.17560084155556 0.0801999845565863 0.0189609242084605 0.0663041673933521 0.156537079560345
0.0127864626115653 0.0897743308071538 0.109643590732439 0.156897235584793 0.0230187341314671 0.114869679323517 0.0570995842217755 0.136313075210538 0.12926903684179 0.170328270534961
0.0207307236061133 0.0962533252805631 0.13915864925933 0.135485674761643 0.0747546556926026 0.0347620661893369 0.135432003793157 0.111818165271786 0.120379621884719 0.131225114260749
0.0811233805024199 0.0913438552585799 0.209163637643366 0.0796207978424195 0.0727851489284178 0.0724883259660431 0.155605817561378 0.197634464645644 0.00263526150479906 0.0375993101469319
0.0119782319022604 0.0787795879397303 0.0636683328931111 0.0963504481387317 0.129618976825514 0.169944072337117 0.101834581539442 0.144982476471283 0.135263995787994 0.0675792961648172
0.0687834065066775 0.0925664260318 0.122975860317044 0.124005619169731 0.156576079717447 0.0044478347429256 0.139830773177629 0.127559349823313 0.0881811962771244 0.0750734542363084
0.0701464078181411 0.109703858538416 0.0624496094651779 0.0802406754225298 0.0662656281705188 0.133508577704038 0.134844220296327 0.102899161450077 0.123295599698871 0.116646261435904
0.142141860496799 0.0155973775344191 0.0768470112450259 0.135865355728655 0.126285382887353 0.114379618599473 0.0990867499306429 0.101010263139229 0.13563276802843 0.0531536124099739
0.21785477277814 0.15214107589931 0.0025134708458629 0.0643948993734351 0.0374492350678423 0.0704726100237724 0.0948448988728836 0.00877371604987589 0.153572429729373 0.197982891359505
0.0660383129030187 0.0554701205719211 0.254524605530795 0.0921863645652876 0.0322923651051029 0.107540765983907 0.114437104177144 0.0419881389634962 0.0233256552397592 0.212196566959568
0.0487400582029505 0.046296581229481 0.0794993327255523 0.0685031430167721 0.112535616414763 0.134662352266842 0.0718611048945653 0.139169513301988 0.153830726840255 0.144901571106829
0.184604234984558 0.0639008192048406 0.127373308268765 0.0394981895440138 0.184052010426838 0.0108576712612928 0.147187408224579 0.105306543934762 0.0525222827508804 0.0846975313994704
0.124789547665773 0.119289804119439 0.149599797883728 0.0299951456888209 0.0630523095222453 0.163261556822176 0.0332412934895287 0.100013988470196 0.0996471609913702 0.117109395346722
0.008559664208307 0.156956475916749 0.204865065832493 0.10792747320619 0.156600366148212 0.103763796594259 0.0883714925935219 0.0923156120218998 0.000782306417907618 0.0798577470604604
0.14745515894547 0.0458384375423099 0.0193896004755795 0.0573822312091879 0.149377498906532 0.0363223934043873 0.184526774594612 0.109317732780124 0.154983853419817 0.0954063187219805
0.132517173263469 0.155700063551107 0.173009480680022 0.0310756272617771 0.0254351939018358 0.0699630821614409 0.0468053609154267 0.165862021424248 0.155815567449283 0.0438164293913892
0.108059950828764 0.117602231723328 0.119689672073144 0.121360421194607 0.130119326126793 0.0182308112509048 0.134493632740135 0.110865737864242 0.122684116279211 0.0168940999188711
0.102259022935497 0.174815905379025 0.139875805974711 0.0645349352146467 0.0780144279916314 0.161774689421392 0.107572672946679 0.0403448336736894 0.00336170671219485 0.127445999750534
0.092532020573925 0.00166238640808383 0.1239562866572 0.140240649136417 0.135568335260549 0.0515047083472946 0.168949201162222 0.102966624995307 0.0396176980333733 0.143002089425628
0.0471910757759163 0.0418291271575584 0.164614686871467 0.216457617281724 0.0951315685807317 0.020440879082228 0.0856157061182719 0.0619952668042167 0.0577271307953755 0.20899694153251
0.0661553173435041 0.146341525883201 0.116227746450096 0.122209242739007 5.79104490782112e-05 0.0889085852344477 0.199654736782903 0.0528636114870707 0.167073772237503 0.0405075513931899
0.0112648051156629 0.0501535331921594 0.121192657635107 0.17778184883844 0.0132130646033039 0.123776146863883 0.080061688409517 0.136841086101946 0.114455710958992 0.171259458280988
0.0390876311462201 0.0568902593780417 0.186391149738429 0.151284237873222 0.0100005195659111 0.10109757825184 0.181220438240635 0.18414302489029 0.00398235047184117 0.0859028104435701
0.1494536855937 0.0278518522781581 0.0884725656326713 0.158049409917825 0.176548086237925 0.0837778320020526 0.0543260091313575 0.0583747295045267 0.142312165950138 0.0608336637516467
0.107812921445218 0.0566104421200364 0.172743665481298 0.138220983124303 0.174718219879536 0.0932931868913722 0.082385574374698 0.0230594101640038 0.114409837419708 0.0367457590998258
0.139883123952078 0.0476723542927282 0.165895228040847 0.0462617227925168 0.0235158794701635 0.0948006767693169 0.0850760157023387 0.235049081262016 0.160958772233172 0.000887145484822501
0.0895392130348944 0.127759154162003 0.123039068437907 0.0924208044629719 0.125134763892976 0.0170771190207676 0.204346922360956 0.0157394329072005 0.121603863826778 0.0833396578935449
0.295753726315986 0.0659616770272043 0.157997982944981 0.00581572746403803 0.144630819550282 0.0327929465337077 0.0794591449714523 0.0447035215445739 0.140751944936197 0.0321325087115787
0.168230340084075 0.0400784880625298 0.0491086367173804 0.1549735836809 0.0484045126902007 0.125015787129234 0.0475916492452871 0.215868691897424 0.00990170105068202 0.140826609442287
0.0424974154309343 0.159445638122853 0.0646111422246338 0.139103970458685 0.18384086696007 0.0200615941957271 0.0958722477965647 0.0305706246540163 0.176968247164757 0.0870282529917588
0.0463961898751172 0.0892503196984383 0.0615106244884907 0.0423636642723711 0.12979470101559 0.168297601083698 0.0391826852955346 0.0585462852941457 0.189316844676946 0.175341084299668
0.184053098923153 0.0445261343422383 0.0924144742246592 0.151600673337291 0.175693954994031 0.0374931557500112 0.0617200224931171 0.0444567528415903 0.0980155677958797 0.110026165298029
0.146559069517286 0.0716568735841786 0.122506531588259 0.166733035761702 0.0872671706494662 0.158120812511128 0.0500495231130311 0.0501620133833261 0.107485326611692 0.0394596432799317
0.025447087127664 0.117817538380211 0.131296336082565 0.0918568447143561 0.0897594791282381 0.0938916536332152 0.198802469366759 0.0433548356003275 0.1263072718011 0.0814664841655644
0.0614148546460648 0.0501662598677833 0.154159825024003 0.15366817935458 0.131365755495079 0.110363475871513 0.0581915551116632 0.0318994337642473 0.102115573833453 0.146655087031614
0.131247702520768 0.0943437795716874 0.0613360364988406 0.0434187951577897 0.152041970201764 0.0961171864326241 0.1386834738192 0.159704315306073 0.0876157230845399 0.0354910174067134
0.17760163486376 0.123072074695503 0.00592618421551275 0.0529652767979205 0.182951674670503 0.0729504547784513 0.150156595339078 0.0539234607682643 0.029346457604317 0.151106186266689
0.14245956238768 0.0462701336642685 0.0847082062017375 0.171435162123497 0.124782402380499 0.0596716886705167 0.00780406245328099 0.103915218433578 0.0783512808900774 0.180602282794864
0.100611005350787 0.0692829206266508 0.0135911231617095 0.123786537430144 0.217666117458418 0.0318441877758191 0.0611588033101358 0.0396893767916378 0.134802360078544 0.207567568016154
0.0439633255052162 0.028558560210986 0.0755474966533404 0.0581347993567759 0.247270592834051 0.196230729686592 0.014092953259037 0.225707578597046 0.0673932504378282 0.0431007134591267
0.157535807260596 0.124303667461365 0.0925572850025615 0.0331651717976234 0.0755826399567792 0.114440828090126 0.10966404245605 0.0831822817562523 0.0660774975500064 0.14349077866864
0.056658388795012 0.0887476706731479 0.117503199869891 0.135054972520585 0.00127482542718306 0.126626829621479 0.0780244398146121 0.112211659903133 0.163641578424535 0.120256434950421
0.140937907935086 0.127393549742494 0.0665340025777065 0.0750641331239219 0.156424258646335 0.166883886850146 0.01222034355594 0.0433215296983354 0.0964712025815934 0.114749185288443
0.0984273716955262 0.165434744956689 0.0226794290372181 0.114909046942698 0.0724065649491253 0.0778789808328658 0.159868982521934 0.113740784031245 0.0842868240026689 0.090367271030029
0.158720577019332 0.117709896059021 0.0572848789248227 0.0517119618856574 0.146742788346051 0.0378620517955637 0.156849420357649 0.0303972966926071 0.131218195737409 0.111502933181887
0.108533586889484 0.156651439364191 0.115699662052131 0.180661385854764 0.0350635867587835 0.0325588581353017 0.151114409182009 0.0772884864617833 0.0878669966383919 0.0545615886631604
0.22747240933525 0.128989946285691 0.16140130476552 0.0731913702665783 0.00311202977055078 0.0624025430547029 0.104001048266967 0.0400445422200069 0.188065121814764 0.0113196842199704
0.0252275732559805 0.0416387095516487 0.0431306672125845 0.0898864129985852 0.128594445604356 0.0808523663622353 0.152891486664083 0.144119681165009 0.136753240254783 0.156905416930735
0.0378787563416665 0.170453633225336 0.115299780553321 0.0896208005368269 0.161322955934571 0.122075754491199 0.101267221124628 0.0124842152625433 0.129483822579644 0.0601130599502643
0.0459153285765846 0.119559247218127 0.00217935851826683 0.161118661070784 0.158227034257361 0.132690081370196 0.120864429086544 0.0816734287382938 0.129721977625548 0.0480504535382954
0.11967166155637 0.218138397249353 0.0767334489507133 0.0797522079824716 0.122167657285432 0.13034752704753 0.00310101558480751 0.0888084232808866 0.142410019520489 0.018869641541947
0.0945232942960714 0.18787394902799 0.0434708583039241 0.166955535131159 0.00806390098246583 0.0761910602114378 0.16371181914129 0.190381423175246 0.0427889230644535 0.0260392366659623
0.112869028007539 0.0432142109056811 0.122001466247638 0.169058542656246 0.0576566972162392 0.0547485267794129 0.156820000035807 0.0800102753135713 0.00993426353382537 0.193686989304041
0.097388928595354 0.100414726436615 0.153026575953464 0.0525563053390225 0.0904787508008641 0.140709099365504 0.00219780247492539 0.118657023358176 0.116714242950879 0.127856544725196
0.160288071948802 0.0439961405514321 0.0600951431265476 0.00233928169881037 0.137762274239499 0.0653160695911097 0.241788419832184 0.0846117139454728 0.0911221782334781 0.112680706832664
0.150033607723634 0.122150686717751 0.00743525196925846 0.0522623916828102 0.139238810857972 0.00475090300220327 0.107492585108858 0.182483017774258 0.110572853318676 0.123579891844579
0.0278034438026923 0.15419465179646 0.127110656932965 0.156541428758527 0.141881024033581 0.0310108261489128 0.0560304604467864 0.121891889857885 0.142807672923297 0.040727945298894
0.060865123466495 0.0594419831499679 0.073038634871204 0.0490977027193768 0.113946777722265 0.161798956492697 0.151283318724853 0.155468020429093 0.127350761443961 0.0477087209800877
0.123866715179722 0.141736451106939 0.0709168241241785 0.0213614614593963 0.0289015695772594 0.15317480095793 0.0679276123665944 0.104679057820549 0.129489315372214 0.157946192035217
0.188106104763866 0.104994467221046 0.126686578612683 0.0462686378959112 0.0546994756700357 0.130038960001945 0.154664160150203 0.0678245897377402 0.025890494818419 0.100826531128151
0.0243510358076042 0.116414621725188 0.135218346638218 0.0300617765523406 0.118670731984264 0.12817483469629 0.111293702472189 0.0983834988266493 0.105365032182957 0.1320664191143
0.0270228062419466 0.0257229214777731 0.0830560011132378 0.190778990078381 0.0283451455698224 0.203114161211912 0.184438569355925 0.15186835808361 0.0122843509625495 0.0933686959048428
0.131023691809418 0.141709531918768 0.14639426667844 0.0855509559098107 0.0802396304784947 0.00971123489930388 0.114684024962323 0.0822842418201276 0.0830350334905388 0.125367388032775
0.0772646554707605 0.0305398871913012 0.15606596484984 0.00886990627521402 0.176751507538289 0.118920387351696 0.170213488040837 0.059172892386706 0.11961174134547 0.0825895695498864
0.0462085959288261 0.0340309831863942 0.0995652992307307 0.194239053841957 0.0951143300869357 0.14967837391745 0.147999759883675 0.0489501930200085 0.0965804056452803 0.0876330052587435
0.134051102793216 0.132288419970876 0.141104520281281 0.103528764982976 0.0815226869270373 0.0324339163120716 0.0111338112165777 0.10395530404727 0.209455131932195 0.0505263415364985
0.13257931262788 0.0731643018527221 0.0734573167149193 0.124852376761405 0.0952387282622292 0.106361275867859 0.0985485030989979 0.0536449073147483 0.125428292431243 0.116724985067996
0.156806215940309 0.162152337149543 0.103448178566396 0.00261738891128654 0.0723869336004425 0.00761302808087143 0.162011244886299 0.0822315815172859 0.0721487055323167 0.17858438581525
0.139674313345117 0.154881410929555 0.05180249196866 0.041824441696087 0.137061162333028 0.0740104533200452 0.0626761030080989 0.128296921888687 0.0729387488299359 0.136833952680786
0.130273047921798 0.129224948875484 0.121741544847873 0.118350457400163 0.0978596172932351 0.0294496653399094 0.143846206340689 0.0074630164398311 0.0738849674103496 0.147906528130669
0.0923054304226275 0.166798871298996 0.0795638023437922 0.174548737968149 0.127846962796778 0.0136868404254123 0.0314206037385078 0.181941694840889 0.0624807669881346 0.069406289176713
0.126079426923981 0.128185112216009 0.0926646685985761 0.145581591530873 0.133605948707168 0.138213987499412 0.0845171568809166 0.0286159194922016 0.0617339964291515 0.0608021917217108
0.125082806674763 0.0355815257639704 0.112048191210333 0.0472889401969417 0.204125669972706 0.210871228818082 0.0673217557387909 0.0525839959938926 0.00525714263662709 0.139838742993893
0.0537349142905406 0.135306538176026 0.166573224861415 0.0217075212082448 0.173898083746172 0.14446278809674 0.012957949628563 0.133169675938594 0.157682891772995 0.000506412280708592
0.134237350450011 0.160221442452061 0.145055381260424 0.160472815860867 0.0397557858329459 0.0652154257611781 0.0826994295357377 0.00218981363032398 0.0850201003046354 0.125132454911818
0.0410793929570461 0.0777064210396062 0.133516393802968 0.144204292193346 0.151952997851091 0.127639767698367 0.143701355386961 0.0855244099061579 0.0162587983957718 0.0784161707686847
0.0805963518186105 0.049151167763114 0.122434643418964 0.0397788081488028 0.118298207156924 0.123635900927447 0.0944273097158097 0.111086178345399 0.0854633006409469 0.175128132063981
0.0959339932208048 0.170384685462711 0.0863744706659473 0.145602493276174 0.0775748416207004 0.0727977067421151 0.15048496760126 0.146383526018717 0.0347909680514434 0.0196723473401278
0.110421986504308 0.105993984707091 0.130778894164465 0.161579919314382 0.121551415177721 0.0956225151931509 0.108855222551729 0.116592731496881 0.0433360025182302 0.0052673283720427
0.0514158360315853 0.20437269017354 0.073269846049728 0.0455158615019611 0.0886213673064012 0.238921617792698 0.102617527146756 0.129399444741788 0.0300457130966895 0.0358200961588521
0.126578111602211 0.0374224421884197 0.151812215763957 0.0879418123520066 0.16299267509594 0.0612513078153102 0.0371105569502953 0.113445407042233 0.10505074962575 0.116394721563877
0.137395611898321 0.0985978757091139 0.144148701747235 0.0445767344009518 0.14237590799435 0.095402971812708 0.149497829195397 0.0449677158300642 0.0661574533556212 0.0768791980562385
0.125853238985866 0.0520636006579003 0.0384224436541676 0.0342987234235772 0.00478384864618515 0.0924884650179299 0.110551600891474 0.207508887199042 0.197877239619579 0.136151951904279
0.198650829678101 0.174623052802761 0.127650197890931 0.0741650215449608 0.0165365520815882 0.113582861258363 0.0518643508052751 0.0122864249175235 0.168182485182864 0.0624582238376327
0.0257733637509691 0.135518689910685 0.125372194676403 0.1409865613537 0.0464605621453058 0.111570526003483 0.10520156610245 0.144387768690359 0.0865329920943453 0.0781957752723001
0.161069211595805 0.00760758866978668 0.161316698911777 0.046101585782 0.153820624755149 0.0327794068330911 0.107563405030857 0.0789700510953187 0.11385357237556 0.136917854950655
0.0117453747646509 0.128662342339295 0.0910942270374005 0.11732366418041 0.156503156477676 0.16052287284677 0.150497972566829 0.0382785672140516 0.0619947278668013 0.0833770947061167
0.141537640380569 0.125635166376568 0.0235618737536317 0.203794096123677 0.198736940694352 0.0803102258729855 0.02658838608232 0.0416254469872245 0.152368310772499 0.00584191295617259
0.0606572752268028 0.0808803664522496 0.0187708142874731 0.0339551124831825 0.0916690765884432 0.0406617074176998 0.18392615297704 0.19222319525367 0.170171963165765 0.127084336147673
0.156317215781459 0.154132344343801 0.14476730519404 0.114189499568296 0.00527650147670399 0.132948994566465 0.0122640575257235 0.125239524313187 0.0784746311894999 0.0763899260408233
0.108755191868524 0.0945885869119533 0.12029821576116 0.0296839586247239 0.0668686377719714 0.168673252042554 0.136471377510718 0.132015561969751 0.0350989131914168 0.107546304347227
0.0733111941172266 0.0917961807144233 0.100906924562047 0.143801273890614 0.00571607314897184 0.119184266696405 0.122545898035328 0.104715248285015 0.0939626094674609 0.144060331082508
0.0164391105914071 0.0504564415831166 0.0923938495928129 0.225652844541827 0.0974006369462851 0.218705092285912 0.0311150219936033 0.173073838984538 0.036725061046899 0.058038102433599
0.083641831287714 0.140509580887057 0.0237411753846784 0.117919046477184 0.177034157514129 0.10270861488165 0.110146097501821 0.100670307169324 0.114768466520264 0.0288607223761781
0.0245605094365168 0.0789902982299221 0.0558209661073124 0.0326313142447438 0.175687315726964 0.153529929139849 0.146800474351601 0.0940607830550953 0.0587273740578192 0.179191035650177
0.182256317987353 0.0512192014761906 0.0566664417182084 0.144844476616293 0.100679440569876 0.151444510132308 0.0605482725210693 0.120650282397986 0.108625066030146 0.0230659905505699
0.0392522120223063 0.119716809658833 0.115708398926159 0.159308316102231 0.0208954301306212 0.0305616905760833 0.128541236528144 0.125724062533708 0.124484806588164 0.135807036933749
0.0703600984047386 0.112119545050883 0.129140247012976 0.0390892019456114 0.121337990581273 0.0828381463611898 0.131267221866288 0.127870189299552 0.121536262237139 0.0644410972403498
0.0620507335318062 0.0947558911248134 0.183427400116503 0.0914075870400252 0.0171035893118881 0.130182590568704 0.175192718516103 0.0166186837727356 0.0789579755426669 0.150302830474754
0.124241364980173 0.163150089145659 0.162262644485004 0.0429472164042929 0.0290238473287411 0.0741345325189432 0.132072736973572 0.0349027318169117 0.0792545078800834 0.158010328466619
0.0191958790659933 0.0403884491040951 0.198898589669978 0.0060526461102822 0.101114575575036 0.131134882245422 0.235350937641238 0.0129041501699999 0.0884834262708995 0.166476464147056
0.0417752999728296 0.116178321160667 0.110625839296585 0.177535687131992 0.0487364146740704 0.111232550377036 0.0908074656042577 0.14901024326316 0.0567877145215155 0.0973104639978861
0.0975635868756149 0.0677109954758421 0.0894196710515321 0.0113105478299669 0.0511763133910087 0.197603475334421 0.0227044258842332 0.166716733414081 0.137565130764546 0.158229119978754
0.19790922508055 0.159624813591842 0.204314451907656 0.0540078336845242 0.0712755075073098 0.0764898645508969 0.0731816143344965 0.11532422046772 0.00868057032596891 0.0391918985490354
0.0185662696739469 0.0661334291424116 0.142924041780684 0.163457178489542 0.0703788364993059 0.0288015071252591 0.137723627231504 0.120022174141846 0.103277756190218 0.148715179725283
0.0124922234262789 0.153353793320525 0.0577280923109407 0.0134934501944149 0.0222027067780554 0.183384679013236 0.0625772327949462 0.159008403943675 0.218993936392567 0.116765481825361
0.183133413158094 0.0373202157165853 0.0505580556591434 0.159656070324117 0.0007724256918399 0.00702665732581839 0.192613401576424 0.103407336318675 0.162719024350571 0.102793399878732
0.0936999390011233 0.0662133160302932 0.0995420368778359 0.0405046793030167 0.155608798436194 0.0901160329907933 0.0931204561589981 0.127299840529773 0.129741964054584 0.104152936617389
0.0187043176836489 0.00564523142538104 0.0743404412539934 0.0939099419853388 0.0295620818520721 0.220290885393405 0.0820597509585442 0.167235391485867 0.101242295726996 0.207009662234754
0.0268474676397936 0.0597518489312703 0.176640254746845 0.136133505311413 0.070004723361816 0.180526524785962 0.0335647167057433 0.0686057643869136 0.172457118910498 0.0754680752197451
0.119716962590195 0.0285599457784293 0.103914031597129 0.0997678085124704 0.114106113850709 0.11261133771564 0.112792080318131 0.101959492081291 0.163440804111665 0.0431314234443396
0.0444647597342067 0.111154253107893 0.11525514530448 0.208406566567363 0.184224896146529 0.086769791284724 0.00191692526498667 0.177353483734286 0.0467669942867295 0.0236871845688032
0.196198991769975 0.205432420354463 0.0162076639867331 0.0602665321429321 0.0701297447198164 0.0663459457593122 0.0439155750479203 0.119527574931122 0.0654869311090871 0.156488620178639
0.0684209884718548 0.0688934378035567 0.132562000417662 0.152394674554882 0.130997535418145 0.0237103962739097 0.107470123697286 0.0451827251504678 0.149746641124976 0.12062147708726
0.143282610318772 0.0241360334726472 0.196078096584727 0.15017438736035 0.141725928619005 0.0449374791766685 0.177647142904288 0.0104222001694689 0.0771349834458162 0.0344611379482571
0.106869236877246 0.153786871260327 0.109307940470776 0.0527180516072689 0.0901857901776 0.087327796302304 0.0550563575869071 0.105103686683809 0.0769525757163734 0.162691693317387
0.0985496747283177 0.0441548121282041 0.124535025100212 0.0682159476198913 0.0633601406245515 0.125945367628434 0.134950906286644 0.100972754130331 0.118198029892538 0.121117341860876
0.127101942394442 0.126213826334498 0.127320070719058 0.0210033548372539 0.134508080579954 0.0698208031000544 0.102914671310093 0.108817030621807 0.0451840370656665 0.137116183037174
0.0768933870226601 0.00517109069141077 0.0910837049740627 0.0244361468224104 0.132191108678171 0.168287100044694 0.123042091343507 0.138842454077371 0.147131791952701 0.0929211243930116
0.182332819014824 0.145938535352707 0.0496800640637664 0.205929164362304 0.0518867026261636 0.101844486096202 0.0215582149022469 0.0692330366734671 0.126035426076165 0.0455615508321533
0.152908873729038 0.118295030274923 0.0213301476649552 0.0495893600185394 0.124196835973525 0.000257985533976988 0.139473982557269 0.153635818255584 0.120163331401007 0.120148634591183
0.139496497111686 0.044534520284556 0.00171738216962478 0.00939926846297313 0.164518459944166 0.162615620752745 0.104682126713721 0.129007683411782 0.101195394857408 0.142833046291337
0.0887366131886134 0.126589925318803 0.135075525006755 0.0357691689443758 0.135070181245329 0.0580408813890753 0.127018915879118 0.139997754012379 0.0946770340669223 0.0590240009486286
0.109700983654838 0.168976101498507 0.0704820686779024 0.170788447149498 0.0136890021495606 0.0105435772780996 0.121455396171288 0.241936182109953 0.0481006212653924 0.0443276200449616
0.00972489992379123 0.0656765192594445 0.141961116993529 0.0937722921572037 0.105988444518593 0.000534637821340022 0.262004072389482 0.0341737451317422 0.151662837506463 0.134501434298411
0.170872266776066 0.168344689033273 0.0592237238810497 0.0454521391799543 0.156689036334614 0.140200949745487 0.0578641361330709 0.119033071856891 0.0756715717014527 0.00664841535814078
0.112767588351988 0.203912617689804 0.0505340859646307 0.0879940437860634 0.114784443023135 0.0752174057224805 0.0181932009936344 0.128334509548755 0.0538155482112773 0.154446556708231
0.108697805800425 0.0845253623726223 0.0616387667938613 0.0756030683044704 0.17928485326908 0.220087466280763 0.0239808535472009 0.0905459468947184 0.068352071194706 0.0872838055421526
0.191051001541399 0.0116570837215064 0.0965249360615015 0.0861548672733539 0.0345017799653177 0.229629197936644 0.150212622611303 0.0990588221137903 0.0849343174237185 0.016275371351466
0.155859546911903 0.0914693548380697 0.170057909507031 0.0374284835267391 0.119233965757503 0.0648739378442562 0.0188165591993599 0.0870264154907535 0.153710044572211 0.101523782352173
0.0519050330613853 0.0713468235521157 0.11521700209834 0.06309271744075 0.0933776300836107 0.153559931429352 0.0820470009511102 0.0709828899496462 0.155760617282608 0.142710354151082
0.0933344940736191 0.106416784049485 0.0957992177661508 0.0896700351726685 0.0954786798235786 0.114874048423952 0.0850813457861656 0.109807951461444 0.0871926192789622 0.122344824163975
0.135593510582303 0.0444812840910635 0.116494796397416 0.116818764013975 0.112534372448648 0.139231070935106 0.122520642557365 0.00979676031946184 0.111384191634823 0.0911446070198379
0.0825274274054615 0.0492918435848631 0.0933147816460249 0.199148897930109 0.129357110498658 0.0105500224322509 0.222525907583258 0.0103039757429591 0.118364207199792 0.0846158259766244
