0.459229301232965 0.0467942086653234 0.439955590894573 0.0540208992071394
0.104981907591968 0.201888700497281 0.274607757240782 0.418521634669968
0.0398648341021876 0.0655024451042033 0.196173741188436 0.698458979605173
0.103491154575254 0.335885470155936 0.310904510275814 0.249718864992996
0.306130404939422 0.207206160525123 0.0721046169754278 0.414558817560027
0.417599958516091 0.0559321898306277 0.50425635675007 0.0222114949032109
0.0326325280597571 0.229551563522918 0.380058159199593 0.357757749217732
0.223479863656197 0.201509496686633 0.42262292492047 0.1523877147367
0.35671969278336 0.139336986628012 0.0601342159622397 0.443809104626388
0.231960269927005 0.16679160056327 0.058026515595052 0.543221613914672
0.267985355559049 0.0445090258907592 0.583795468821309 0.103710149728883
0.107816309153973 0.659991103279797 0.000891519783320463 0.231301067782909
0.363235843967522 0.435992387109224 0.133535653797098 0.0672361151261559
0.284289375015019 0.18718854802296 0.234365541281047 0.294156535680974
0.373562883123919 0.219297853389249 0.221188606779239 0.185950656707593
0.28424675206737 0.128966880172531 0.210407095662006 0.376379272098093
0.0269080598433038 0.352339181059945 0.103112776352609 0.517639982744142
0.0534940393687041 0.250743367947865 0.45997606578334 0.235786526900091
0.016473319456267 0.282172302050333 0.361397649250135 0.339956729243265
0.242216460839031 0.307264977567134 0.0940893236698548 0.356429237923979
0.0320858587542768 0.316280683863602 0.513158917516511 0.138474539865611
0.0195753188558544 0.255532045535662 0.288604812125462 0.436287823483022
0.182909814166651 0.291823949258334 0.300009908015365 0.225256328559649
0.320414877421814 0.253589021011503 0.0352153307574828 0.3907807708092
0.116312870934576 0.0538311472860803 0.67017046109641 0.159685520682934
0.273834964740779 0.368604489645917 0.163539579141557 0.194020966471746
0.36984560336377 0.233749889068224 0.193559101738745 0.202845405829261
0.0760469103648665 0.357188250767824 0.434776641692103 0.131988197175207
0.0746523013723704 0.314123996305998 0.301299632949385 0.309924069372246
0.285846632265875 0.0561062667887495 0.348222959339377 0.309824141605998
0.00269350260713595 0.437992076712272 0.368371345683248 0.190943074997344
0.793031483834735 0.112385895121056 0.0189273107174236 0.0756553103267857
0.621698558678466 0.0405237642036199 0.113966625785492 0.223811051332422
0.0182033465365786 0.445193268415943 0.432686088565532 0.103917296481946
0.389773747763798 0.518900938030449 0.019842157961089 0.0714831562446647
0.52860214108406 0.0351594260293512 0.251309478397184 0.184928954489404
0.313479613400715 0.277643864841002 0.339559011199334 0.0693175105589492
0.386451837178634 0.0136293406025222 0.434283658903749 0.165635163315095
0.246825649689433 0.358258217960079 0.126293238609579 0.26862289374091
0.26013833209139 0.223796517446853 0.311124839105374 0.204940311356383
0.258858484701781 0.0351235296945987 0.228158618982841 0.477859366620779
0.153405425122416 0.258789829338776 0.125821130579683 0.461983614959125
0.496198288867555 0.160206347337225 0.211484729490774 0.132110634304446
0.413665421976075 0.153819528473477 0.324545311159874 0.107969738390573
0.0952440857867309 0.421225979906663 0.0243008194365646 0.459229114870041
0.0904323963620747 0.391095700476892 0.141617640954396 0.376854262206637
0.164655447622912 0.0888991687776319 0.361394267799371 0.385051115800085
0.146328054605779 0.10896116228299 0.31535302099075 0.429357762120481
0.558529533351645 0.0299109086273744 0.0969505019352846 0.314609056085696
0.164533645073217 0.346895706132916 0.33016551017887 0.158405138614997
0.522691344810749 0.226765454855799 0.176016960804743 0.0745262395287097
0.310371882399285 0.162868849297753 0.343020393691534 0.183738874611427
0.324428995450236 0.254067474387039 0.0505616327862877 0.370941897376437
0.04349770248952 0.311973683210801 0.0527517052532294 0.591776909046449
0.819831286400139 0.0107095968910196 0.125636654221211 0.0438224624876298
0.204031839538667 0.352263045075508 0.210957232738575 0.232747882647251
0.16055612936238 0.0224627359272394 0.454570902606361 0.362410232104019
0.396459898084504 0.36404206268953 0.222466176014088 0.0170318632118768
0.319025707880984 0.0527823175937847 0.231972424877637 0.396219549647594
0.294470460342617 0.390398823021691 0.00531637645061834 0.309814340185073
0.00867545009797181 0.155594734671986 0.286587598702193 0.54914221652785
0.339629636587733 0.356224078619455 0.0655767196199418 0.23856956517287
0.097567353665545 0.562516800865359 0.0426571767830684 0.297258668686027
0.379857547512634 0.386686409265321 0.0672987308911737 0.16615731233087
0.235331286313517 0.319290459053238 0.254371488722746 0.191006765910499
0.362736571372377 0.306100675675303 0.178053947399667 0.153108805552653
0.221768555013148 0.32973554289164 0.134435937434155 0.314059964661057
0.145698198703363 0.172792302529801 0.403902971396409 0.277606527370427
0.0956624937738757 0.15865676955345 0.331737057828645 0.413943678844029
0.29482613190323 0.252127309720358 0.315455300827726 0.137591257548685
0.182575099182415 0.236415367805007 0.434053830789926 0.146955702222653
0.191501084519905 0.244616046820041 0.230251940958992 0.333630927701062
0.230062362832807 0.195980950838877 0.374313013789751 0.199643672538565
0.300763418781411 0.16021117009833 0.263466028577644 0.275559382542616
0.109361118192527 0.395082207528771 0.317090617310664 0.178466056968038
0.130192580588252 0.484667807295837 0.1275767369748 0.25756287514111
0.0905833256811465 0.17418682398354 0.353941733086456 0.381288117248858
0.0402314007584867 0.27009553809826 0.311244285648563 0.37842877549469
0.253619745375395 0.294747909752335 0.347234628734726 0.104397716137544
0.0378694169436672 0.119371567744357 0.43213904336757 0.410619971944406
0.269991101944304 0.00772629388723764 0.393445114372904 0.328837489795554
0.222371120124577 0.246012257613561 0.266090662110428 0.265525960151434
0.0170203613116871 0.339061620253419 0.234306963154935 0.409611055279959
0.441081126297893 0.258593963288448 0.136952150832168 0.163372759581491
0.394488904617305 0.214700358581295 0.249379816268812 0.141430920532588
0.17041463733813 0.236463419615177 0.42179375787655 0.171328185170143
0.402898269425405 0.4612425802761 0.109316675404226 0.0265424748942694
0.210367319412487 0.360232315374067 0.209740777610678 0.219659587602768
0.437801279922537 0.0606803390510245 0.167671828829628 0.33384655219681
0.321597182633935 0.0858606117028662 0.0328778239274354 0.559664381735764
0.320054803952722 0.181403431709869 0.471823644057272 0.0267181202801362
0.0620477176349668 0.0511942015658957 0.532683672229413 0.354074408569724
0.238412544373041 0.282399735062939 0.155189093922856 0.323998626641164
0.325176342558769 0.361670792935172 0.264992406818981 0.0481604576870769
0.0635841010726973 0.0381707581570882 0.379209372311109 0.519035768459106
0.109255229948876 0.536608587980324 0.130314026754037 0.223822155316764
0.220035922315953 0.379953205817081 0.107517722745677 0.292493149121289
0.442396495478779 0.0154837711479944 0.013280570647215 0.528839162726011
0.122881960601249 0.307714032322958 0.152847095592807 0.416556911482986
0.225032258626913 0.381862875105028 0.35563592774347 0.0374689385245892
