0.173729147533041 0.0264577259346227 0.0154329017344379 0.141215633952767 0.0523586979339257 0.0667901201900713 0.00728239908683758 0.0581452337595526 0.207607953242829 0.250980186631914
0.082225868566311 0.241251023116534 0.0418468068858394 0.000439254661198224 0.0449903118597252 0.0926882195737884 0.159908008633081 0.0429603776415211 0.206797330384556 0.0868927986774454
0.117343835524431 0.112517318700445 0.162674933465836 0.0567477411751862 0.0130642530342328 0.073746449114641 0.101805057838937 0.0498026377543366 0.134626579297314 0.17767119409464
0.125215378585737 0.073247314248006 0.0612643577668662 0.0462229488903312 0.0572351499473763 0.137309164517686 0.138230267436807 0.106086327978966 0.115990809828469 0.139198280799756
0.157265810244384 0.0173428464620493 0.0514442955323932 0.0662739848484775 0.160031462951996 0.0887960952688831 0.12842946580893 0.084896611459571 0.107939294294061 0.137580133129255
0.167920656790579 0.19223445995689 0.171542634519658 0.0374658048044903 0.0206880728421601 0.0483414627271196 0.0571633641601387 0.0496389220964466 0.147132195374445 0.107872426728072
0.133217220008987 0.0639669406253551 0.11967854755214 0.0719809562418263 0.0611387256180083 0.118330811560194 0.0658758610120713 0.150789022006778 0.0969205361409318 0.118101379233709
0.0667521143605677 0.131030595795846 0.022162763662697 0.111323878912507 0.0806017850248599 0.134535848500912 0.148752099125606 0.107904804581074 0.109103258214806 0.0878328518211245
0.0695775314250413 0.161741716286048 0.0785582784940863 0.0759112933526172 0.0580622818268941 0.182392303661784 0.163142859204661 0.152376154459197 0.0414836099408112 0.0167539713488604
0.115053651339006 0.141566210536728 0.112898507899707 0.0813280018692265 0.066927133217977 0.118723277931485 0.0656749892520118 0.112985011957679 0.1185595874088 0.0662836285873786
0.143633221960024 0.128944837921679 0.0394768680594602 0.0696706368540791 0.0550168349337622 0.154102936217529 0.0490961283319586 0.141876079568288 0.167217667357008 0.0509647887962122
0.173688812120557 0.0728635150506644 0.0397601851415988 0.100678547525366 0.0753064098879292 0.0179945458536115 0.163538099106301 0.158596043853711 0.16097954649866 0.0365942949616022
0.0659187618559378 0.0619920137922899 0.151689880718275 0.13916162303096 0.182692611608901 0.0903711698447738 0.055222920098475 0.0999130052194698 0.0886010578033047 0.064436956027612
0.012096553453026 0.0313581603647434 0.147127360747709 0.150589250116207 0.0571716860919072 0.0178788209267016 0.0429576662704948 0.162555876839749 0.19310584195911 0.185158783230352
0.093615874401985 0.0947733664364982 0.116905263692655 0.0879689993974567 0.105364780674739 0.150218748048623 0.135491966885124 0.039220500540274 0.0478513552406281 0.128589144682017
0.015345901813936 0.0566128467122804 0.199093769762093 0.0193155224153209 0.0833555332496165 0.0224800027318304 0.272799098072988 0.169151643602721 0.0460306221808115 0.115815059458402
0.139526239276963 0.0557082489056946 0.0102609649610736 0.170570471962766 0.105783768163138 0.0500590103359518 0.0677942982270669 0.010228921021796 0.16549629794642 0.22457177919913
0.116888148088401 0.0702753249693867 0.171731814793749 0.0588769077981132 0.0667671584793455 0.104210743881906 0.191333475620033 0.0119044057106492 0.0278175840738744 0.180194436584543
0.10643782715998 0.129719173925572 0.0802493602891816 0.130722106997075 0.0855786315928066 0.11578055001582 0.0764978732569187 0.0320997800620158 0.105629918313102 0.137284778387528
0.0811942943404432 0.093792101506065 0.0812367420278269 0.22141611235961 0.0596922360424231 0.0923630846910076 0.0405975992781901 0.0368832308818244 0.0647323789283271 0.228092219944282
0.0245562798278744 0.151111173879137 0.155834073630619 0.0365035827349747 0.134486275549579 0.14772549703005 0.0398914527155593 0.0731962366287105 0.153263025976986 0.0834324020265092
0.210897057898459 0.00231559983509235 0.163645814053951 0.0534218534272583 0.0407252033070434 0.0487868030031691 0.127845818011279 0.146207433727203 0.152088251134905 0.0540661656016392
0.0901874803253047 0.0500797458479397 0.151414728076606 0.126259579441358 0.0415180147625469 0.0665335469050455 0.0053969444045347 0.147254631925154 0.152807004565444 0.168548323746065
0.0999974612955653 0.0356129300889722 0.130267600091458 0.0615113789790973 0.0588842240732333 0.0579926654284146 0.0778628313476393 0.205296624431223 0.174041948836771 0.0985323354276259
0.0280155970566186 0.147087854559225 0.135908424813646 0.121332119226641 0.0916085956500709 0.113781317990361 0.125503172458037 0.120461026371845 0.021849783343971 0.0944521085295833
0.156728058440858 0.0898102051944892 0.13613586239806 0.117423111758994 0.0584982866659569 0.000791721512626944 0.134152788814955 0.0791670765614761 0.0730066365987564 0.154286252053827
0.0231528953116536 0.121979094888407 0.0284686796477697 0.0827885957583772 0.106464844383204 0.100669626480758 0.0587064459781459 0.0754105233934149 0.276405388203802 0.125953905954467
0.138212199223887 0.142462592527956 0.074011825332316 0.0177821906455582 0.108562452451503 0.148440503136524 0.0420337324417648 0.040912471932945 0.11526274806813 0.172319284239416
0.072916946788701 0.11084191500528 0.139883863663027 0.195925171597385 0.069379933876694 0.0613328044593121 0.128955521858102 0.13730985204248 0.0177121674152075 0.0657418232938113
0.0664137684568092 0.104640428088945 0.18874402423625 0.0609997715268263 0.0356502314585228 0.0692036102773814 0.0431346920064173 0.197413206780259 0.138782521234061 0.0950177459345285
0.0628365943817782 0.151459273847499 0.144403401912459 0.0476024395424565 0.160611181907634 0.0568521708575033 0.157627407981312 0.0808826076183974 0.0264059298170529 0.111318992133908
0.137361508536792 0.165864153999629 0.0440449326913138 0.055723364688662 0.107990521991727 0.159161576376548 0.0674443112462253 0.078266752304942 0.119726973443961 0.0644159047201992
0.191343116616552 0.130508221025221 0.202379039561992 0.0906455406638143 0.0388330666277308 0.089687229200416 0.0473213605558809 0.0596109952357812 0.146292556123012 0.00337887438960057
0.180670749090199 0.0586202806340213 0.0912446052322701 0.0644121081755155 0.0437975524624209 0.0808537639527009 0.122497459437096 0.14909333340733 0.0167287666270368 0.19208138098141
0.0449209279728782 0.187738315662233 0.0436208585144039 0.0297650339272352 0.0794980442065102 0.0794888975816932 0.232945440906961 0.0569578553570493 0.185159457589478 0.0599051682815578
0.0484001497044469 0.0791134121256848 0.151332238853567 0.138071582612367 0.162529388187756 0.0669092915790376 0.123477344656348 0.0021478555387611 0.156539498687481 0.0714792380545502
0.184577566357204 0.0193795844684938 0.172251684341383 0.035945699813576 0.00824552085641113 0.134360508363001 0.13611637022787 0.0251737144640931 0.152293570111952 0.131655780996015
0.175779751826307 0.0159675031284652 0.122935817733208 0.031356969560021 0.0306855993593921 0.178949417308898 0.156944687271357 0.183471471475868 0.0276998662265532 0.0762089161099292
0.0962680710329969 0.0223684887621249 0.143509793755341 0.156427743208406 0.131242767486234 0.161140492065613 0.100777982909553 0.107967816026028 0.0316336919218151 0.0486631528318894
0.0681877054020814 0.152352402242342 0.115396060499506 0.0914122762177135 0.168438281222167 0.071222945353995 0.0610929197789343 0.145995307682163 0.010438454231843 0.115463647369254
0.144470834102139 0.0177349121824535 0.0969712326009494 0.00977799716917861 0.146817122555247 0.114227539549006 0.147709579571854 0.0477929325143344 0.136971105378557 0.137526744376281
0.0567619182903829 0.133713313458115 0.155719612598753 0.0504741154151535 0.0881353957131949 0.010768540101162 0.124545628966191 0.145064574572866 0.124120855635449 0.110696045248733
0.0253314659177077 0.16518676755 0.105661840900954 0.194923537705498 0.137534697640741 0.149810198653747 0.149219493212446 0.0187852043114706 0.00514749264954961 0.0483993014578859
0.0295354223352115 0.0273993448271728 0.0696713296132512 0.100531975567835 0.197772060834769 0.0242938202992303 0.147715201371913 0.0567377623719887 0.0540098922181577 0.292333190560472
0.0658164324861332 0.0507736536041787 0.0853882120192633 0.110530098859606 0.0956252677703678 0.138512611893456 0.0766540156479453 0.124825588056581 0.0950055523981145 0.156868567264355
0.137814210981682 0.0835821523722542 0.16858971293693 0.0985043672222254 0.135206865032876 0.0283014328147916 0.169276332103342 0.00276058433810963 0.0649691114730589 0.110995230724731
0.0646691228150269 0.063332463070268 0.13574179150446 0.075520342543009 0.13203384833177 0.0300805743686233 0.109197340186202 0.182933372123241 0.121246750052571 0.0852443950048294
0.125773747731251 0.146682567700575 0.0381520244314452 0.0844014531464283 0.0176435156845299 0.0753339663234719 0.162104884327814 0.144647335412118 0.0837024584842718 0.121558046758096
0.156499071897934 0.121744622264258 0.190721368173838 0.020118282889723 0.204482201573439 0.010458512382894 0.0909518167584846 0.0406433460171063 0.0287127677049791 0.135668010337345
0.0450343704150866 0.0805707971452316 0.056147844799837 0.0591837155734983 0.168051248955893 0.13820064623986 0.115764328962525 0.00998968618401077 0.173497839486711 0.153559522237346
0.0290630947901624 0.203445178389745 0.290066578232687 0.121047054011219 0.196028010283884 0.0364288974197607 0.0477986664605639 0.0285321274281516 0.0237547620249818 0.0238356309588441
0.12386997583283 0.183108102419924 0.0406379835819057 0.207062706220394 0.0298017336688097 0.0255947323026224 0.0431675221444247 0.247572091074814 0.0811918831284971 0.0179932696257787
0.0764718757387471 0.0588105768944089 0.156041217648407 0.157459924864064 0.121239612673027 0.0926141035129568 0.0567770814950184 0.052202421269614 0.0678775672694418 0.160505618634315
0.135741058157637 0.129899876485045 0.163709561726807 0.0213608500583496 0.0975973748419764 0.0476598191809481 0.113178290388812 0.136055394548703 0.139802242677318 0.0149955319344047
0.0975435368564239 0.14534020896507 0.185678073615637 0.165283863636459 0.0291253718565818 0.0244724856981719 0.0743280747137874 0.0868851177061455 0.0973255699285308 0.0940176970231917
0.183266776767307 0.154793841899032 0.048933675910344 0.111808681575498 0.163568666997964 0.0186416951607774 0.146089019891398 0.0489757736803362 0.0375959369596619 0.0863259311576812
0.080487589113146 0.046452838187755 0.160984867787237 0.0439750875010107 0.0721208694784961 0.176164382744047 0.175711451654459 0.103366406516486 0.121317767313111 0.0194187397042529
0.154302654528711 0.0217769755384123 0.125221829123137 0.109168104786857 0.125484153181119 0.0980368825166387 0.124469913675937 0.0106757413951247 0.130068178106096 0.100795567147967
0.04185882006123 0.127539180388745 0.0138221462562757 0.00713521617287379 0.143592097108566 0.0795838710408886 0.20820612891206 0.0290430017646241 0.16870243325513 0.180517105039607
0.122422472963673 0.021253654782751 0.131943745184564 0.125597351146806 0.15181331923513 0.0102359046458248 0.110551817315745 0.137452362079688 0.0999264183355779 0.0888029543102407
0.0017331082487186 0.151049738582839 0.0531504710726485 0.101181358021613 0.0798246593097387 0.142593270499101 0.0506930360818168 0.0761789745750387 0.17744591689518 0.166149466713306
0.0768178918778936 0.02512938565898 0.159147046966903 0.155218109338661 0.107360515310015 0.17458062842439 0.108022603393996 0.132491971872962 0.0304892275856759 0.0307426195705234
0.0653013889620627 0.0472692403079988 0.173754861904415 0.0946242885583863 0.134314761742475 0.00892436257002829 0.17675025724384 0.171403260134213 0.0858109579452936 0.0418466206312874
0.0078477710565795 0.147573577929457 0.150180213207653 0.134528027398169 0.0751117386617543 0.0451204110194654 0.244536107204463 0.0279800006606071 0.113960209108115 0.0531619437537364
0.180424873355812 0.186318202842388 0.0567592638769763 0.0687673168833245 0.0251296460731796 0.0288727693183202 0.19238328003907 0.112334204969974 0.0285369944505896 0.120473448190366
0.0694046232469306 0.0408965193689098 0.0654026645852409 0.0756703749368901 0.103325693049387 0.117896156430889 0.16815214143081 0.139095412271913 0.0392480044246072 0.180908410254422
0.141700981624336 0.0553071850402344 0.168845221719193 0.167435363357096 0.132190424156807 0.00940564831728548 0.099769326235665 0.00406653509587959 0.177710425640552 0.0435688888129516
0.121275773012459 0.0971399432738656 0.0362690077848066 0.143636962664031 0.0691413503503323 0.0652968697133409 0.157997968405494 0.0530779099045737 0.139521105068199 0.116643109822899
0.057908001955344 0.01560832242873 0.0118883717983111 0.070082754364903 0.116277892884049 0.153928540082597 0.0818157527240801 0.198023194610219 0.147798326097811 0.146668843053956
0.0363946723579265 0.13344802613387 0.12162734741967 0.0952000963304953 0.137441906496654 0.140901724806347 0.0974640841079841 0.0500785324339833 0.0403497449855663 0.147093864927504
0.15952353288516 0.0417863503622693 0.158784818169052 0.0245154092051319 0.0504830508604731 0.168618773471002 0.00756242997988251 0.154516149024898 0.0681763382731718 0.166033147768959
0.00528849805598708 0.103607528158479 0.0496597374540121 0.0716017594790276 0.108023183762484 0.152644919496408 0.0349555596299275 0.139677278336647 0.191778789665269 0.142762745961758
0.0926585927810403 0.0359286984530535 0.0806099201204851 0.0630868000578528 0.177579645017486 0.08708500828063 0.0238939974525273 0.169162897686021 0.113074330763014 0.15692010938789
0.0829953177419112 0.119146938619568 0.104399443516827 0.0895500596506438 0.18380377921644 0.10567379392526 0.0157880712443374 0.0146686689462889 0.1263274159001 0.157646511238624
0.165427345290337 0.0461565824722956 0.0965985761037543 0.0457671485125266 0.0800249455441831 0.145185622092427 0.0552120224654224 0.184844051315455 0.103105078446387 0.0776786277572126
0.0315513970858442 0.0898560277291201 0.161782170739809 0.157276077346466 0.0427602357087812 0.0453433757046306 0.0810838708731561 0.121828120498936 0.130691557530168 0.137827166783088
0.118721066098887 0.0155293966343525 0.0928774177978559 0.186541978083494 0.0778711742801789 0.149335596576313 0.0620031942842435 0.134597458088104 0.139809664843505 0.0227130533130656
0.000816376555629216 0.176991242941218 0.145780356593189 0.106980196516125 0.139174625247558 0.0840325225081692 0.043488049987437 0.103890734438147 0.0758477353622457 0.122998159850282
0.204770926753376 0.000222974172876098 0.0725847913201391 0.137506282882792 0.113223371421384 0.194249591473364 0.0145200742562248 0.0464270374196677 0.0519664461178806 0.164528504182296
0.143201291471911 0.0890892859416579 0.0418498085698605 0.0265058965583401 0.189874581364295 0.0961288247702237 0.00785287541312457 0.173649981793877 0.189095473367831 0.0427519807488791
0.192152645398379 0.0728026743402579 0.0198960337035759 0.102813589358703 0.0571455074410195 0.159991795921793 0.00893640568622186 0.0495251589438491 0.155264861850091 0.181471327356111
0.113116824398854 0.204941306364075 0.125168085505287 0.215794882164855 0.0670324850975401 0.00264577472702884 0.00843514266830178 0.0714114589859424 0.162154216231005 0.0292998238571108
0.0803090712296242 0.0293294202234153 0.136364642162304 0.0854979005257599 0.154160448824488 0.083825755941582 0.137546151804939 0.238002768215236 0.0474346318276095 0.00752920924504305
0.0869254072758389 0.123798764327327 0.129884914669101 0.134532605825463 0.115346411454698 0.00215863260534075 0.0998487399801291 0.154469730214847 0.138716924773834 0.0143178688734218
0.195029402736967 0.0253980587918252 0.0740590498240369 0.170818726721143 0.020919558017559 0.0797310796591171 0.0342785838462191 0.125186513157759 0.0957456436589865 0.178833383586387
0.025025114924238 0.0420584215722326 0.0939989846779103 0.0501880044126623 0.0591806568596589 0.143266813279026 0.0786475291272897 0.225148396206314 0.13287656921192 0.149609509728749
0.0803890737350266 0.0508174639305485 0.0523819916020586 0.0494554874770974 0.16572003201289 0.173045697217833 0.162501370456434 0.125526756673919 0.0813937582020616 0.058768368692131
0.102113532677508 0.14287677870221 0.06949440814801 0.103498325372525 0.132975497537294 0.083452476338384 0.0358945681802089 0.0743707913266171 0.201819712074787 0.0535039096424554
0.0345888422133888 0.181197315445298 0.160493434462908 0.0498990948988917 0.0815301013909535 0.123512613031204 0.0478223065321967 0.150761965285762 0.127815971649524 0.0423783550898733
0.0150023136069568 0.104728212664114 0.182785643922531 0.0382283640484043 0.115803767578835 0.0347070693048452 0.053426818918919 0.101667120611491 0.155047640083741 0.198603049260163
0.0118849604314809 0.0967548354517667 0.0671228470286765 0.193452310108137 0.205685722111767 0.0844731571400171 0.00607559384757717 0.105640257579056 0.158606728529166 0.0703035877723553
0.0377192919354911 0.140955397887014 0.0546665278173106 0.115646690033538 0.141748265230168 0.0103428086438992 0.0450052043312962 0.184903208660584 0.139691369628982 0.129321235831716
0.124945939221034 0.146037319600598 0.107129744114225 0.149047800081285 0.120778573852329 0.0961515772928181 0.106166652412698 0.0345996632266823 0.0255392226115073 0.0896035075868235
0.0627142550509933 0.176533879194469 0.226783304959634 0.0331158931086415 0.176971812326364 0.10937189884752 0.059715791739545 0.0519557765163964 0.0500793916487277 0.0527579966077095
0.0603311640539525 0.0103122887893337 0.103176079569476 0.0374046521932969 0.14749182716224 0.0655845048015988 0.173126021792627 0.192138392757093 0.133786413603944 0.0766486552764388
0.0829160839416203 0.129712864927231 0.0405966809594585 0.113497509863889 0.111104055072497 0.186127682841712 0.130622541155333 0.023572307210327 0.0715442374838259 0.110306036544107
0.0625582076912701 0.0828542533484353 0.104950129694069 0.117982446689809 0.00975225479780168 0.10748494296865 0.166618698282078 0.141929143356728 0.128481194413739 0.0773887287574193
0.129518536838464 0.074039475989998 0.12595200498456 0.118640854943209 0.0852100277101403 0.146826135280878 0.121963177624457 0.163202814231464 0.0221472005856277 0.0124997718112025
0.0668590838398094 0.156983680008147 0.0806716435965581 0.10811231806553 0.0022623883160525 0.121113986846022 0.118366463834843 0.097494088694037 0.142809366397721 0.10532698040128
0.252319967197959 0.0466299383707694 0.0251641999341317 0.0557233748067179 0.266672844679126 0.0857767020621402 0.0892224557082256 0.00575383808711589 0.100814347494704 0.0719223316591106
0.127296218811563 0.159158970270242 0.125295503259855 0.119534478895708 0.0241864005842682 0.129230968938758 0.10150450540691 0.0848056835148078 0.0656288943521774 0.0633583759657116
0.0228915525190714 0.101751764059102 0.157326632806919 0.125652260814255 0.0131727939963539 0.190847871970011 0.204924579488712 0.12237685714241 0.0439178590207624 0.0171378281824039
0.0198668198214979 0.120180139924474 0.141681217160889 0.0524879332160721 0.110631407237126 0.166576802174319 0.0277880799939851 0.157783899558066 0.0522353036131506 0.150768397300419
0.109840381926043 0.101217800557041 0.0449098069868775 0.0429220589856476 0.099878947140819 0.0515181775133027 0.0692373271573044 0.191326865342216 0.194383051798562 0.0947655825921867
0.106389985144715 0.0263753359196629 0.143051854753617 0.12166122207528 0.272026499034814 0.129823623650847 0.106029109604608 0.0300236075140959 0.036659725722085 0.0279590365802743
0.0470557472974478 0.0425052616619519 0.0872738092623444 0.12436861498958 0.111992599881545 0.149302042515851 0.00256794768863271 0.145698005256859 0.135787300325696 0.153448671120092
0.0711309092941817 0.143376232136278 0.144775207068174 0.0654453773118023 0.140811504332979 0.135914076932627 0.0210883772068928 0.141058942947287 0.0819853975040733 0.054413975265704
0.175040031391932 0.0482211266128517 0.00392931678660443 0.094180025563799 0.090867100567747 0.0501155976007276 0.266944945882606 0.174530122427064 0.0858632933979021 0.0103084397687666
0.178375237374409 0.101462406042245 0.313854465763583 0.0793912746191458 0.0299420842608815 0.0174240339034444 0.163363448353068 0.00311185182852178 0.0705477448489214 0.0425274530057811
0.178240692496283 0.0928132476686484 0.123110545842943 0.0452801156977488 0.0586125276503975 0.0619591492191093 0.130482746155895 0.0302589577326931 0.103440099500089 0.175801918036193
0.111164322346614 0.117831265704716 0.183155724529098 0.018597333094837 0.0330902778516912 0.175748592798264 0.0321922383141454 0.147952495467025 0.136033795371041 0.0442339545225686
0.15081052349492 0.0839387597041493 0.128087835436141 0.0582206774089056 0.0992424167162602 0.138868728733069 0.0243491280899502 0.125515562984215 0.0651751782574972 0.125791189174892
0.0086931426995432 0.150799270959411 0.0997250354683403 0.16446951847709 0.037789838181361 0.16089532278857 0.0655535094425099 0.0751667456308317 0.115131161013633 0.12177645533871
0.154048146616113 0.112434741008122 0.0909071564918752 0.117789696354319 0.104172466086681 0.0195975801393886 0.140956231088027 0.0296328009840727 0.0914819925879069 0.138979188643495
0.180632308936095 0.161184643096136 0.0732141922014618 0.18470039910313 0.130324078710339 0.0291460769905983 0.0939056800929887 0.0918156693995221 0.0444929813730199 0.0105839700967089
0.0890825143591353 0.034112292650017 0.239181084249927 0.0232115664161724 0.118182687436079 0.193619997410434 0.0760032095063198 0.0588628462254731 0.0211709922310931 0.14657280951535
0.0525432045615547 0.0115114994283046 0.0707706151939469 0.00665132879310504 0.14968139651736 0.218312989472053 0.0759110162694207 0.0675273311558768 0.255335872613906 0.0917547459944723
0.0283690965657073 0.0731588819853326 0.0593182516138535 0.169970114247979 0.00823937435238127 0.138837829597075 0.118773404526057 0.160144003345262 0.0622969414391948 0.180892102327157
0.0939004393782105 0.0817767930149873 0.159664052485924 0.0231426815589057 0.115735342084037 0.0550430209346605 0.130181330445787 0.0843323439318457 0.13613382036101 0.120090175804632
0.0232128592970954 0.160478956484392 0.0100682454021798 0.158996045362251 0.0782929255872754 0.153916191172666 0.00653353411245597 0.134056372342276 0.134792858214655 0.139652012024753
0.0470933734058683 0.0211913393477223 0.169175407355402 0.0933635677159187 0.17379731506092 0.124802138627965 0.138471914033553 0.143002955158769 0.0136245823773453 0.0754774069165372
0.0343562469150506 0.224046196613272 0.063139463394899 0.0397033672404885 0.206631482739175 0.158353338869556 0.0319807361891929 0.0715420290935455 0.142715671274765 0.027531467670056
0.0592782925238378 0.104732470418072 0.162446487853027 0.150000566854988 0.0381460820620336 0.134500718701434 0.0942271781188958 0.0768199080620648 0.0268212170195209 0.153027078386126
0.188390458912802 0.0391700440286596 0.226461475318882 0.115704283604398 0.0702219405561721 0.0430647964257606 0.0221291306897439 0.101753425101123 0.134151839584459 0.0589526057780004
0.0643718095775433 0.124040346510423 0.00797595324665479 0.0575240873355932 0.200928903365659 0.201881806448272 0.0932666493743308 0.0641638354327197 0.00801575220154725 0.177830856507257
0.0568232079971051 0.197897413763849 0.0558568310095165 0.15656440892056 0.0317165702474077 0.0975831333628586 0.104924362704299 0.0974609734660641 0.0452360569380699 0.15593704159027
0.185176435672947 0.0390793965671078 0.168232825700746 0.00952301488134656 0.15579683742326 0.125381120814951 0.034596461256452 0.0214456987819474 0.18951188189777 0.0712563270034727
0.0366409909584699 0.155539435834539 0.17494193481808 0.080266652009367 0.0754834305482218 0.0900341126638843 0.119523077772467 0.00525997556783666 0.153392987673119 0.108917402154015
0.0940446653782546 0.107329983269684 0.0518085824739799 0.13561745067264 0.0602217036714451 0.0390553913099465 0.138014037814222 0.0680981723738117 0.144399793204607 0.161410219831409
0.0122473905997122 0.129760776336139 0.0752675342600763 0.168830990149501 0.166856472173064 0.0023191217796247 0.110571793007889 0.174308198576997 0.0825160785891157 0.0773216445278803
0.0342781658308807 0.173328322121572 0.138953572053692 0.179354193826415 0.158986027291967 0.000260865099654444 0.0343835224591136 0.0462132936342634 0.0897299933784922 0.14451204430395
0.261458193215329 0.0361790735807326 0.0797257199854983 0.00771493296636641 0.0174476241294392 0.163395766802183 0.257610086202756 0.0741061041378471 0.0342505815471232 0.0681119174327251
0.0432777059848022 0.16035263211948 0.143628640956704 0.168364933549493 0.0972094442109826 0.0398192983195163 0.0956674356558992 0.00601765888740672 0.153602449606888 0.0920598007088278
0.157021334469863 0.0702812403581113 0.0943725717004968 0.0127055180291045 0.133180504124678 0.133670310658616 0.0379903587831547 0.154282974004759 0.105344487727653 0.101150700143563
0.13795233293192 0.260176033432357 0.0792457422449068 0.16096070072854 0.0509400518163281 0.0581720187670608 0.0498794954661815 0.100650348760115 0.0254011546018132 0.0766221212507774
0.0447231694945402 0.201523031651257 0.0191863258042094 0.084571685839865 0.0600335661423352 0.0431895234257505 0.0644346392460497 0.163744562244752 0.126115725392208 0.192477770759032
0.0545463288586541 0.158918622128017 0.0959788856631507 0.123460528854388 0.0362278281646559 0.0215012744537158 0.103631996531704 0.180122792106802 0.00907811972108723 0.216533623517825
0.146746824254863 0.0187784722450122 0.128388151406176 0.0737887467813757 0.0392537994975865 0.0746398831220781 0.157158766623974 0.0458013740287409 0.149779424047886 0.165664557992308
0.0280158132847762 0.167512532182551 0.0433586252283947 0.0527920561721082 0.143906936918054 0.0789871253426752 0.125704248172449 0.194272154414631 0.0612190467025213 0.10423146158184
0.0606402901592183 0.0281688113194873 0.096097381030329 0.02372130360925 0.147933975572454 0.114964836942116 0.174541852640309 0.0322286627851041 0.130372391654866 0.191330494286866
0.0214868947691505 0.0229382636704057 0.0215812366037395 0.107083841607562 0.199315862750324 0.195801895842303 0.152614494065971 0.115971162413104 0.0750623227644382 0.0881440255130022
0.0867783203192486 0.115082512099773 0.107196967999797 0.0874744254641284 0.0654637477588467 0.15064498879578 0.0568434722021459 0.176646807046534 0.141764410813218 0.0121043475005284
0.126145583333574 0.146766015727857 0.0292391357839213 0.0470261029825577 0.147941519048471 0.0387484809275277 0.210852224478546 0.193862348889255 0.0260876954912733 0.0333308933370165
0.124923089477299 0.0193392307030652 0.119183452584613 0.155744026238102 0.108590459268522 0.139319405553374 0.0288400889993113 0.112317672532868 0.0673538890495985 0.124388685593248
0.152288402781283 0.129882903626668 0.0536577165144947 0.106442484345503 0.0967092493401292 0.172185758220088 0.0465702635553174 0.166337355377698 0.0540559430572944 0.0218699231815238
0.054741301936966 0.0725299490836756 0.101055405239719 0.108300797778496 0.0116912085991373 0.18936872830263 0.0774185133068862 0.0391166628012173 0.154679178545955 0.191098254405318
0.221609088985159 0.151053899477698 0.0492820801298955 0.15882710975607 0.146921249865347 0.0152762202015008 0.0178386671266753 0.0853929544661112 0.0920065331402822 0.0617921968512611
0.109717379902065 0.101977507156492 0.0124428405504844 0.1317158748559 0.129116484222748 0.13978315828345 0.112631066625814 0.0582480354401282 0.0786714293127746 0.125696223650144
0.195657020813411 0.0939834312264257 0.000264849639516796 0.167410092561379 0.119523572091903 0.0136254505460825 0.00246758237774761 0.0813324004055404 0.169267697834408 0.156467902503586
0.0415155848476406 0.144555969997994 0.0410326508461345 0.0560285045353492 0.197113517162533 0.0143502023197453 0.184677129092196 0.159302856807407 0.104264568590041 0.0571590158009599
0.0942723980797847 0.12968909025286 0.144187992136259 0.0970010325237722 0.0900174807166586 0.098214358363901 0.0819842176890175 0.00324869727594552 0.135356436777671 0.126028296184131
0.0840436708186797 0.140671909621798 0.0424144630331485 0.00319396979404991 0.143658321737433 0.0944407829241513 0.119602624974647 0.125402727956043 0.149056035167703 0.0975154939723468
0.0681204416485314 0.0660480014104558 0.122420795326212 0.0852283528448907 0.0758635768675039 0.0937162856130394 0.14473438018289 0.120322466890747 0.105271075789874 0.118274623425855
0.199832212696255 0.0436274846960059 0.203819793398813 0.0447781016450618 0.135455025891365 0.0947193261749154 0.044050226997212 0.00445366939941608 0.166811064974757 0.062453094126198
0.0275564228976029 0.02140931518182 0.0472872443804054 0.136857657108376 0.169762636279753 0.121329049368847 0.0975041737341858 0.176618193497572 0.0710764450714261 0.130598862480012
0.0163811540305124 0.116605347673943 0.152351775144703 0.101326103187697 0.138878546712996 0.0295607404272976 0.205096235144273 0.140312265141835 0.0903034316489062 0.00918440088783705
0.140576716097689 0.0647502794005777 0.178168216933152 0.119507200626906 0.0886016621409608 0.118092881375615 0.0234739760133381 0.122835068337684 0.0831035099179527 0.0608904891561243
0.0788464238337021 0.0819257761889058 0.117506514653973 0.0727711424866868 0.118841368315952 0.145932830776536 0.080558741354606 0.028164181741154 0.138401242803837 0.137051777844648
0.0987434308006201 0.0319387419796173 0.169104848242908 0.22703969466548 0.176074785352534 0.147396184712229 0.0307776362745557 0.0166447110055049 0.0761315261740494 0.0261484407925022
0.0799097720566175 0.151310075583378 0.046093124280565 0.0795168239603606 0.0211463922125393 0.168595591715998 0.112683766686537 0.142430745077441 0.157497893741476 0.0408158146850865
0.182972909070612 0.0779181624176676 0.119257774317364 0.152265814198736 0.0070501284756796 0.0851157620134319 0.122624865898452 0.0230354229392377 0.174483619837803 0.0552755408310165
0.188756294784499 0.115816544202554 0.0786999837217178 0.00994179536195355 0.113578767729136 0.0701713172722507 0.0624286758762519 0.18930312730683 0.158660343082079 0.0126431506627276
0.0893758043334482 0.133326946305828 0.130361558087433 0.059793123646677 0.00318121536120303 0.136537293381311 0.131881809673228 0.112956892722911 0.0626564742519995 0.139928882235961
0.0639567695451051 0.191043294149865 0.172437967807766 0.0441176994867236 0.143528425236416 0.11086646653924 0.0203981463251452 0.0959229186701305 0.0518747565170919 0.105853555722517
0.222026078488859 0.077314844363407 0.0734319309951658 0.0020082410994021 0.0878645351336775 0.20147464502264 0.0251632468151976 0.180621584680653 0.126321053750175 0.00377383965082422
0.117200404184066 0.0450388245110114 0.131478523818676 0.172367970799258 0.016113957317818 0.0641713493258435 0.00684523434333583 0.104478622609219 0.18223277555949 0.160072337531282
0.131096341940849 0.125920524278241 0.106654403272551 0.0538921953127239 0.1551792635566 0.0663220894125546 0.0842895722814997 0.0933315844790141 0.0993944287485066 0.0839195967174609
0.00708051789186566 0.0409512100355888 0.0079468821962152 0.131130473426991 0.165143375458069 0.0949652603383167 0.239387226762467 0.110049907215587 0.107170686066919 0.0961744606079808
0.16738862173572 0.0019821225047364 0.197532416880303 0.104493974936611 0.204492239898697 0.032462250633208 0.0813282099868742 0.091172162084777 0.0502742105605933 0.0688737907784803
0.115521139518452 0.179725060988645 0.175399987194145 0.0882293358032265 0.125988051925964 0.0396993146389118 0.0330866923852711 0.113600198517449 0.0158706301152284 0.112879588912708
0.0460611950240004 0.0461171066723041 0.181791180833538 0.130356505886475 0.0603970438521541 0.026098334667603 0.0929713415344283 0.114196574374369 0.179136932154055 0.122873785001073
0.130548477736418 0.0332548224317167 0.152743850232317 0.0937248788889759 0.11037148118828 0.0509358513288661 0.138977969449534 0.124300900770002 0.0172341523684117 0.147907615605479
0.0718986692458957 0.0910679232450411 0.136945633828536 0.142316623765727 0.0988375616687915 0.012975874511045 0.146064302002298 0.139944558736062 0.0989853644836572 0.0609634885129455
0.130015051377288 0.0435384226095973 0.1220333346409 0.0295426005362347 0.127411758157829 0.152262152013849 0.149129147791577 0.00372205865515118 0.1067926109605 0.135552863257074
0.180921997171636 0.0373222196737592 0.0528720953247353 0.189072496956338 0.0922233663097104 0.0594751145521307 0.140193983144082 0.0289849140108995 0.10414316635406 0.114790646502649
0.0695402997757141 0.106708862248771 0.214795262204397 0.145192417605425 0.0528849536350004 0.132664880756275 0.0389861757122548 0.0658995270057838 0.0354416286760752 0.137885992380304
0.145956674229887 0.0600731012691015 0.154357523256042 0.0902851848178083 0.139081060590255 0.105857780892982 0.0568198090430107 0.141275779683568 0.100168649094186 0.00612443712315913
0.0315504023360851 0.103016407122312 0.0440894995212214 0.220159222113448 0.0712876784040399 0.0765327319440551 0.229488071036965 0.107634728809331 0.0873605859044665 0.0288806728080764
0.113151720077873 0.117048492084274 0.0191084134950099 0.176508670848316 0.142015778484717 0.225500481970976 0.073893934724409 0.015473557345983 0.0193294218089183 0.0979695291595225
0.0269261292436794 0.15861178460255 0.0452615532049826 0.0693968035741225 0.155905270721046 0.0249325417583181 0.00643805473430074 0.181241967590453 0.159784489771974 0.171501404798575
0.104280917154048 0.147737703062865 0.13741631665415 0.0509245072280803 0.0752919393017961 0.0975952462902831 0.10350410912978 0.113300652348299 0.0527578889417253 0.117190719888974
0.148950503663747 0.0432003124918005 0.148808008244515 0.0857405154137475 0.155014552051815 0.0670847234416106 0.0978198063126395 0.136552896813331 0.0781321780306391 0.0386965035361544
0.000185488685825848 0.0776534235453253 0.151296587803244 0.134094323892664 0.0361562245390428 0.164898683325278 0.149257696791849 0.00744488998853035 0.164333805543871 0.114678875884369
0.0793400699953087 0.157751586966012 0.0173933119640294 0.163784692898154 0.127133123106495 0.143432701487222 0.0571348801068198 0.120792334067378 0.00133634467670823 0.131900954731872
0.0597582190439598 0.160122432173821 0.00412107860233926 0.141693455824525 0.0581138723808263 0.143790330647414 0.152128425541073 0.0925246420873053 0.0288205964132563 0.158926947285479
0.127551318077442 0.125372155619259 0.0416825381488144 0.0589124737811877 0.169262046699997 0.0450981657862843 0.0852927440794155 0.135584244765023 0.15585729602785 0.0553870170147276
0.151373869116807 0.00903636308082252 0.122099074852939 0.0332903863637655 0.174337335819338 0.20693897462728 0.190777137429749 0.0337096359518384 0.00691602858081002 0.0715211941766495
0.0390234253400816 0.112449805924803 0.129064171630607 0.11079486949096 0.108785646897999 0.105449526919929 0.0662071845086502 0.0993912831220279 0.114169287514281 0.114664798650662
0.0387651334192206 0.140175880554041 0.0760038948233828 0.0473208942620198 0.134883053279617 0.129937237390857 0.0575839415630547 0.0672295846069438 0.144431298382539 0.163669081718323
0.166663320905722 0.113549199345591 0.146792589458322 0.00580615181322623 0.0328957279721448 0.0444066437988035 0.0146130434731064 0.16687919443002 0.194662301785389 0.113731827017675
0.123305594551934 0.0112817323092259 0.107686182434654 0.138440287457913 0.12064042708989 0.120243391181355 0.084894593547821 0.10087438951882 0.132677534583892 0.0599558673244944
0.00314834645400198 0.164213574084619 0.0844951468871174 0.186043680821789 0.0122152902568554 0.15372397872207 0.118510913571826 0.0488074559861002 0.142384232337353 0.0864573808782669
0.114830551966938 0.0961451263943388 0.140564165563638 0.00464538379951437 0.167264035144574 0.117959971486201 0.0764980747001616 0.158758694453419 0.060536701846924 0.0627972946442899
0.0515611618993679 0.146331841583764 0.0924221280391542 0.126046388219491 0.0523429136684555 0.0687216085562666 0.147590190112292 0.192562821632982 0.116332625362113 0.00608832092611411
0.0615600708228325 0.0661852608770811 0.184386744029253 0.0854500439499265 0.0225279781581384 0.0757567593052516 0.099971575043659 0.0924371889941595 0.176381792442108 0.13534258637759
0.011727730019 0.0854466818675063 0.125931234158756 0.0393220134890668 0.0998158055529544 0.0159178540824416 0.164669331149327 0.0882061187134777 0.321062591358461 0.0479006396090092
0.0836579398730944 0.0595988728641032 0.100732173855789 0.113218174700801 0.163040718606974 0.085954703714645 0.0795320706778271 0.0545147170133474 0.134470318133282 0.125280310560138
0.157239310551481 0.0387708133657498 0.15278729007839 0.0879211173524215 0.190903134365542 0.00688248345087371 0.00386641597642571 0.106340188803773 0.158609784506601 0.096679461548743
0.0975699310233582 0.0769973667814981 0.128969693929952 0.101427406780975 0.0500352495253278 0.121885469975045 0.0977037147941899 0.0331547847955469 0.0885138760259143 0.203742506368193
0.111591658792004 0.0578586430964127 0.123404712126234 0.0614097101979543 0.15842124674167 0.0725760756562162 0.0738919695552467 0.0802044149293983 0.115919775216575 0.144721793688289
0.134275624148233 0.0752050277921106 0.171148408974408 0.0529379975579253 0.0284166319858 0.0892330218688722 0.129006845871827 0.134275920387266 0.143408458661486 0.0420920627520725
0.0784311644230405 0.14478043181582 0.00643215136887084 0.000544931694234594 0.117361317843921 0.167745708995443 0.191199002453703 0.0976619925173841 0.0801728921023279 0.115670406785255
0.024118350805508 0.0314248571765377 0.172430278279216 0.171550545124837 0.196554228952279 0.0134729524972913 0.162950383967408 0.0417479382396941 0.164199965647577 0.0215504993096534
0.00151697697309505 0.0101038924597043 0.0299016084353455 0.079993687899837 0.175851379972366 0.144048443479488 0.127571672577902 0.130635935067063 0.185471935941895 0.114904467193304
0.190010276057823 0.074112795190749 0.0467197882881645 0.0177947981886682 0.179746970136123 0.116511635202958 0.0372192631946474 0.0834058620914001 0.0937824441123574 0.160696167537109
0.0609946588929689 0.18222718691095 0.0495863786561876 0.179901323836137 0.0521406406616801 0.0724634151969409 0.0643324326313448 0.161112909855097 0.0238286029362917 0.153412450422403
0.0784139896943797 0.0822439547917276 0.143412584312872 0.120746617064937 0.0293565258429312 0.00147627985338189 0.184751256833667 0.184569715814741 0.154643623315936 0.020385452475427
0.123443765619375 0.0469989858760759 0.0535386558585231 0.152326918156127 0.021227287542227 0.0634669397059739 0.148040435455156 0.183817323354656 0.111633692306375 0.0955059961255102
0.172354879545498 0.167750225336546 0.0777961448451584 0.0569861445730975 0.00847801264740622 0.0170757170264027 0.176302728795684 0.137637649429269 0.149096120199968 0.0365223776009704
0.0526730473756118 0.132790627778453 0.110532998622212 0.0925592352211335 0.0409655821012238 0.140046203331526 0.129468037820212 0.0623943200923805 0.124088668570774 0.114481279086474
0.0242735227950616 0.147297334492041 0.111832663094509 0.00258061239156653 0.0305163109386121 0.0646735787202989 0.0242484766496952 0.146190101537032 0.269122272568754 0.17926512681243
0.0860109416083853 0.121266584187005 0.196508869309784 0.150245338318246 0.044656407780328 0.0180828362083634 0.0515033430070917 0.106883944441198 0.197771553549113 0.0270701815904866
0.211927744205198 0.0819199683273948 0.160451460497682 0.0360052333002788 0.150463264849719 0.0907525814937721 0.00958292379182489 0.141923057229313 0.0923270168123832 0.0246467494924335
0.0535605690228396 0.153545881039645 0.0465556382198879 0.0108066094879717 0.162107093876574 0.0349071000651485 0.0709553894335386 0.167003471971239 0.135526360696385 0.16503188618677
0.169202141186309 0.105048552214573 0.170077827358221 0.0683072392559291 0.0717895415581015 0.127249018635059 0.0166200954810036 0.0649876794747464 0.0887229970770589 0.117994907759
0.116614483987878 0.0764987078417802 0.0192877196763053 0.108611059890318 0.148363276227331 0.236821343469835 0.0150461242431231 0.00652477336688649 0.09430482152641 0.177927689770133
0.0512112221129467 0.0945004097377738 0.180368229704785 0.143996175730893 0.0987009088545681 0.0404998353432563 0.103616273150588 0.124628677737399 0.0514007201819135 0.111077547445877
