0.0130638456876178 0.122439583254915 0.137501520859081 0.726995050198385
0.438580780201552 0.0534266217108116 0.0228377425750612 0.485154855512575
0.426316674061173 0.330799558917845 0.229202346187757 0.0136814208332246
0.357688491220228 0.191581079792681 0.0998518810636775 0.350878547923414
0.30716703680312 0.110420789165796 0.462529485889513 0.11988268814157
0.0810098930910006 0.402910824193716 0.386698454090726 0.129380828624557
0.434224804607799 0.251593076447621 0.217604970130041 0.0965771488145397
0.45641625073863 0.264817428351602 0.256022790842672 0.0227435300670963
0.086713803208925 0.181394254743941 0.416810204275455 0.315081737771679
0.0420873993304995 0.260117050595629 0.418609133603636 0.279186416470236
0.372329637306918 0.160426877223748 0.266939120383714 0.20030436508562
0.0724917325181174 0.433926761949891 0.310566573218629 0.183014932313363
0.305136001313527 0.195420964108056 0.229831216860376 0.269611817718041
0.301735677280437 0.247709452073191 0.09169838032849 0.358856490317882
0.383788420280989 0.0125269703524811 0.375536073315076 0.228148536051454
0.317343653222801 0.153789186174186 0.219374522330371 0.309492638272642
0.251846109687888 0.161860631779414 0.369087380102465 0.217205878430234
0.0240129529214357 0.661097715971113 0.192588480308445 0.122300850799006
0.383426552401501 0.0797150696515317 0.340595269457678 0.19626310848929
0.384732883635074 0.276926058355906 0.148150022652194 0.190191035356827
0.281222583621405 0.320000364567233 0.11638202303452 0.282395028776841
0.117846912465963 0.05032466065432 0.386352735626822 0.445475691252895
0.00628910590106652 0.222149933909758 0.0582959680087274 0.713264992180448
0.15801246141439 0.388072897279595 0.0764213458409433 0.377493295465071
0.0777873943663965 0.0727367512104612 0.638655220555379 0.210820633867764
0.532024276417211 0.232605396645114 0.0457832742926516 0.189587052645023
0.225044478662365 0.0394068897985314 0.0367084765246985 0.698840155014405
0.173970327599679 0.203237410468137 0.334905259429692 0.287887002502491
0.25156768554539 0.0386936259125772 0.624949957060704 0.0847887314813289
0.300551752368409 0.270533930768803 0.13091467228385 0.297999644578938
0.308150963521389 0.349357346099944 0.122640287379615 0.219851402999053
0.160690109177369 0.525446246811253 0.100594797017896 0.213268846993482
0.179924907137383 0.0524838044077474 0.452516426351394 0.315074862103475
0.244259997300816 0.383470709790207 0.0939963801105777 0.2782729127984
0.244938073022061 0.435588571198778 0.16602445521656 0.153448900562601
0.574462193408744 0.40544540662667 0.0097430779690308 0.0103493219955549
0.188709086698921 0.364104772056801 0.106731396546932 0.340454744697346
0.253129721349807 0.230763641910721 0.265353193433943 0.250753443305529
0.146964356104683 0.381373297373893 0.0128659994214176 0.458796347100006
0.357046904008482 0.0166577973785991 0.607498882501357 0.0187964161115624
0.423273216588815 0.218145838633951 0.229548538165846 0.129032406611388
0.2267660245796 0.155055910300965 0.337592283074223 0.280585782045212
0.391430657311757 0.120880290371278 0.144085893350233 0.343603158966732
0.387192564208513 0.310000172944018 0.177320135398464 0.125487127449006
0.308807906210416 0.0127887809777152 0.464068574897225 0.214334737914644
0.296434218676536 0.324795821188759 0.112099161555349 0.266670798579356
0.0771898966634682 0.0671697377034159 0.488672953026797 0.366967412606319
0.108470561731531 0.470608025083082 0.182957381088593 0.237964032096795
0.23352494514937 0.200531366097732 0.13387010452693 0.432073584225967
0.293408934139603 0.311436321627302 0.18603089506763 0.209123849165466
0.209521074021407 0.159498821895347 0.130258618342642 0.500721485740604
0.352709110014788 0.336817794756599 0.223661215754605 0.0868118794740088
0.275271287313303 0.275651186237381 0.246182026879818 0.202895499569497
0.323600272615177 0.349924773499438 0.00473476429294566 0.321740189592439
0.197269623110713 0.377747975259937 0.360498804500195 0.0644835971291551
0.151166074563682 0.328377518515969 0.285925011348509 0.23453139557184
0.272103946279802 0.133490026508206 0.325301215389067 0.269104811822925
0.00376373932952172 0.195575217148783 0.37969868329349 0.420962360228205
0.471164620770826 0.0655339768955642 0.00671313412666476 0.456588268206945
0.399326848685058 0.00372809782395858 0.284783309684765 0.312161743806218
0.307135462457485 0.301200269520176 0.136813464894986 0.254850803127353
0.381221219590656 0.1865072390012 0.405452203552322 0.0268193378558221
2.23204564146207e-05 0.493080610044004 0.269536201260145 0.237360868239436
0.54620096361859 0.00757601520906508 0.247194528784643 0.199028492387702
0.438270566137187 0.0830956816709647 0.370223145630808 0.108410606561041
0.280636547711449 0.268945234461661 0.267583214538629 0.182835003288261
0.42220459155335 0.0692472760831868 0.322117634553541 0.186430497809922
0.120000289843629 0.242032762434202 0.379982952838474 0.257983994883695
0.328496245048308 0.298398627253192 0.203315475277419 0.169789652421082
0.168249448440189 0.0883887383205131 0.297601096928983 0.445760716310315
0.186770071883887 0.272384177766751 0.254652393395913 0.286193356953449
0.422726394397622 0.0417999975752921 0.36605124482323 0.169422363203856
0.141821633931672 0.0447748163939792 0.410321564181838 0.403081985492511
0.369754221086324 0.254583915883235 0.0561396435530758 0.319522219477365
0.226248739719739 0.326723961219061 0.0925804169981872 0.354446882063013
0.286559346143797 0.254559756384791 0.434550188899369 0.0243307085720422
0.177199278028084 0.271533517894083 0.22043392686453 0.330833277213303
0.131682637505899 0.273559052388876 0.196289688206603 0.398468621898622
0.684037235907965 0.106502577879768 0.198987718688785 0.0104724675234819
0.352094816859631 0.192698787111073 0.0735494091342244 0.381656986895071
0.175272832733009 0.285128917286406 0.141236250057309 0.398361999923275
0.302527513353118 0.0523629169411349 0.3608874913545 0.284222078351247
0.548257775058384 0.0591290705233623 0.207711858413737 0.184901296004517
0.36571959537332 0.13996252002023 0.294402816562013 0.199915068044437
0.00115913410397403 0.113972450424422 0.434101899364535 0.450766516107069
0.19863247438957 0.242608131045963 0.426238711570208 0.132520682994258
0.0329374592152836 0.272746365323421 0.391571261105035 0.302744914356261
0.298559581872368 0.117990570281135 0.221253140919307 0.36219670692719
0.315052267850884 0.420333886542867 0.0991899075685025 0.165423938037746
0.00620452843981971 0.166998650974962 0.294459403543974 0.532337417041244
0.210860624034084 0.326895834223147 0.0391266519477093 0.42311688979506
0.294001249057663 0.392908620385992 0.0964703359643506 0.216619794591994
0.500299087320463 0.301355280432735 0.186448287034731 0.0118973452120711
0.417481868049278 0.17407819398543 0.231110765102999 0.177329172862292
0.266952787285049 0.316088216671718 0.237388274719631 0.179570721323602
0.266029782660022 0.350375184839241 0.221367378129188 0.162227654371548
0.231319838031313 0.301599915412871 0.0850176766959104 0.382062569859905
0.123822170361139 0.0231788267294543 0.310638392839503 0.542360610069904
0.399892075656602 0.235145362333677 0.178912203313084 0.186050358696637
0.301286298370068 0.0571023145083116 0.465411588032607 0.176199799089014
0.0643961623699975 0.371315941164394 0.222911181524063 0.341376714941546
0.540646389915351 0.0913914600370605 0.137240231187662 0.230721918859926
0.0324616832288449 0.30666547387086 0.294556797874212 0.366316045026084
0.305712196202608 0.234116063041056 0.435739153858054 0.0244325868982814
0.34586879636207 0.472490239365024 0.138730842176323 0.0429101220965833
0.27604679468167 0.324303692318426 0.228330486661433 0.171319026338471
0.174281143761304 0.347305401659909 0.396545360215627 0.0818680943631592
0.0209378649825246 0.67910173839707 0.100170498603207 0.199789898017199
0.242747783498143 0.278470518824525 0.136214485160314 0.342567212517018
0.501950439824214 0.0693622917504152 0.300309366315553 0.128377902109818
0.225632328936508 0.275741868594666 0.176866063689318 0.321759738779508
0.0496666937868946 0.322885416933206 0.466488435239421 0.160959454040479
0.00595018623128821 0.1883400034856 0.254137309343277 0.551572500939835
0.528820441777051 0.215576815183425 0.0161941646551192 0.239408578384405
0.218689843927393 0.156272053367262 0.252761740829052 0.372276361876293
0.363972388966517 0.145113046707324 0.226415407802718 0.264499156523441
0.210504118553323 0.313958668746855 0.160272613353799 0.315264599346023
0.0219571325181557 0.162330154622025 0.390610647317869 0.425102065541951
0.411157710614428 0.276594917167157 0.303775375956004 0.00847199626241194
0.215527842743762 0.472604354826503 0.128373877135523 0.183493925294213
0.043161994091151 0.464355680636661 0.476478805584286 0.016003519687903
0.268757351774393 0.327143138216344 0.335306808738731 0.0687927012705323
0.242832106634274 0.183451478613806 0.297284237425122 0.276432177326798
0.583604403356561 0.267387845121191 0.0132411088791141 0.135766642643133
0.410836912179864 0.306630226824103 0.110529762112305 0.172003098883728
0.00215275007404532 0.214441206456884 0.254865028002042 0.528541015467029
0.411376750053356 0.28736582655761 0.251959479196132 0.0492979441929015
0.0913100122658811 0.203164991269631 0.562266959058149 0.143258037406339
0.255149272891715 0.255012611130819 0.239881304641906 0.24995681133556
0.490818450784253 0.0299472619368879 0.171997054834802 0.307237232444057
0.314345711369427 0.0314551604421799 0.46831309138499 0.185886036803403
0.409815898365957 0.00751997439602662 0.212873589842695 0.369790537395322
0.408864371393234 0.0569853330552949 0.420491715204792 0.113658580346679
0.244168114718513 0.156677378707023 0.291131918163241 0.308022588411224
0.256154075464647 0.208147182437426 0.240845612722434 0.294853129375493
0.240903020350004 0.367512438735385 0.202341562769052 0.189242978145559
0.421052858239932 0.299607028450494 0.070701127966115 0.208638985343459
0.485293091338658 0.0533518894537087 0.135730365831397 0.325624653376237
0.411750254085606 0.193696438402129 0.272319619246277 0.122233688265988
0.0199624475738828 0.0846764802468997 0.533880038258521 0.361481033920697
0.261570663582784 0.359708226408297 0.0359782666544807 0.342742843354438
0.0547620740713692 0.421679389832442 0.442498915011287 0.0810596210849014
0.0714165072672609 0.644892827963652 0.171548613765392 0.112142051003695
0.21902478404398 0.213918297290335 0.24497313856948 0.322083780096206
0.143907759637705 0.361207106686348 0.221937348058087 0.27294778561786
0.27299172609037 0.535756479540265 0.0922473416320837 0.0990044527372811
0.146825476678208 0.215166842417007 0.285348746600295 0.35265893430449
0.168173509748312 0.208335903224671 0.310396751927885 0.313093835099133
0.247412149519705 0.141112177401581 0.331247414492618 0.280228258586096
0.33814781680919 0.0652188174948429 0.389995600248001 0.206637765447966
0.16716413965507 0.0738815626406242 0.350568937223807 0.408385360480498
0.172074116870412 0.323783218547753 0.304438078788577 0.199704585793258
0.0072589986056508 0.210176160165526 0.557774422251927 0.224790418976896
0.0978964456268078 0.182283532371627 0.370695845058706 0.34912417694286
0.23471806007063 0.0152243912374287 0.289764033684169 0.460293515007772
0.402507085898426 0.0446389567753933 0.0715318496587157 0.481322107667465
0.4154356828342 0.20013011162764 0.0693661077236215 0.315068097814539
0.264446492457686 0.305142202333251 0.206740982239916 0.223670322969147
0.462252954428794 0.2178622977682 0.147950501402398 0.171934246400607
0.276142969173466 0.191595017579817 0.215946101700953 0.316315911545764
0.188597331603661 0.477863523048029 0.224993107342651 0.108546038005659
0.257983259872121 0.322220364469673 0.41835255474503 0.00144382091317605
0.369881240680072 0.234541310184276 0.100363508715379 0.295213940420273
0.10008618614044 0.282934733288111 0.285340284992933 0.331638795578517
0.168402527939627 0.429066185521194 0.287920719897817 0.114610566641362
0.478118574764663 0.444881067258378 0.0333729798889372 0.0436273780880218
0.025717185636058 0.0257576607834833 0.471755103017231 0.476770050563227
0.275615565785468 0.328613689905443 0.0231771610687945 0.372593583240294
0.00967332807395854 0.112542945032446 0.218609448364447 0.659174278529148
0.306229645136741 0.341086825941505 0.057915359956657 0.294768168965097
0.0113209772590073 0.328446805710211 0.20245973879997 0.457772478230812
0.317279583967018 0.275136106292104 0.1859287677855 0.221655541955378
0.00137652614442905 0.391534353181051 0.205069834049399 0.402019286625121
0.227740521970099 0.341402187792974 0.110779659840428 0.320077630396498
0.212810143647543 0.153495550977731 0.328071134008394 0.305623171366331
0.600050881303846 0.305196348813398 0.00619183981487755 0.0885609300678784
0.23947256788638 0.230189682617137 0.319132171072779 0.211205578423704
0.312806902213878 0.197719513467956 0.355728862719242 0.133744721598924
0.289221934047921 0.0867269659451907 0.0518299563962651 0.572221143610623
0.227437018525051 0.0304806739806993 0.336547692095531 0.405534615398719
0.368193248560289 0.111629285749082 0.275258816320823 0.244918649369805
0.0669727179269702 0.581557045869972 0.0161120731243402 0.335358163078718
0.597843937958211 0.0309079359071535 0.212997129669839 0.158250996464797
0.0517737514705767 0.385261713310667 0.342874766775608 0.220089768443149
0.207406871120385 0.225198641649308 0.0302127900560292 0.537181697174278
0.183004329674212 0.236390240889367 0.231407455862918 0.349197973573504
0.476305404693008 0.0889271229654119 0.279392728721596 0.155374743619985
0.567129166866086 0.329924351065903 0.0274775990472327 0.0754688830207777
0.415259891295881 0.0684525088885543 0.334998622157456 0.181288977658109
0.495468623581183 0.297113836953469 0.0846488356188905 0.122768703846457
0.263903946008395 0.118670167787633 0.322434832578193 0.29499105362578
0.32573468914118 0.117060009742583 0.287125718662803 0.270079582453434
0.0787651491272487 0.168185710803598 0.554289822148075 0.198759317921079
0.383260027735148 0.394503716829546 0.188379823757256 0.0338564316780508
0.49138801568643 0.418132604201439 0.00911380089833624 0.0813655792137952
0.0973399250889497 0.172993903541582 0.35604036159777 0.373625809771699
0.163416368254094 0.125455526528354 0.358237378169881 0.352890727047671
0.0471758927120008 0.370013787012229 0.385217973792553 0.197592346483217
0.399678367867336 0.117931196101232 0.391438373237528 0.0909520627939047
0.141411200402908 0.354306446707376 0.323462147323256 0.18082020556646
0.284710696226208 0.269163037503656 0.27680340765986 0.169322858610276
0.289136667909483 0.0489086107932495 0.259442195809341 0.402512525487927
0.335513680456208 0.286828950119428 0.251375339674863 0.1262820297495
0.250213447948876 0.47958364708258 0.233368241627315 0.0368346633412285
0.34209052372277 0.126425531092826 0.315464129557189 0.216019815627216
0.310965923114493 0.407887006809577 0.133789799644402 0.147357270431529
0.433311104186908 0.113618771132489 0.239635470892883 0.213434653787719
0.0964079254040667 0.401562545103161 0.232048887271236 0.269980642221536
0.244665322973208 0.173580827701629 0.34169988041118 0.240053968913983
0.222632362390927 0.204502243120938 0.29463179106028 0.278233603427855
0.24418474095949 0.255388827652166 0.251561956637625 0.248864474750719
0.00376314877513252 0.228447712715837 0.274822871696337 0.492966266812693
0.240917924544728 0.256980293257937 0.207092101363944 0.295009680833391
0.571917798571126 0.0605672446378943 0.332860653731302 0.0346543030596777
0.531595214190582 0.112445070085518 0.182795627981822 0.173164087742078
0.1577367202266 0.0432432406618052 0.0133944138216881 0.785625625289907
0.360500943132707 0.299432918832645 0.153712007268628 0.18635413076602
0.21467361938367 0.392722937174085 0.0373168990869325 0.355286544355313
0.0557105865527693 0.190809073369406 0.366576011141385 0.38690432893644
0.0857375827573781 0.318219296859065 0.29199839960856 0.304044720774997
0.488142001589119 0.0689698005948326 0.0978054803005507 0.345082717515498
0.222125320451846 0.401417222442957 0.331045725605786 0.0454117314994109
0.191636071098189 0.134352021356876 0.253464517178467 0.420547390366468
0.159931544870809 0.346595573210634 0.145594421767456 0.3478784601511
0.318623023378332 0.137799663009 0.349273234062641 0.194304079550027
0.275926544880092 0.26712964497442 0.2037951548995 0.253148655245988
0.279451064698439 0.364868791416393 0.0188452113830581 0.33683493250211
0.248714636061236 0.436868511484861 0.181474733492375 0.132942118961528
0.0328398909001002 0.255344824042897 0.324573264792384 0.387242020264619
0.255746913059802 0.403221372041164 0.0425773417913766 0.298454373107657
0.207204544484389 0.260315485454684 0.224862598766629 0.307617371294298
0.0813933633184701 0.428522186799122 0.427001490371146 0.0630829595112616
0.178974708676321 0.0361122552541139 0.0755523317876794 0.709360704281886
0.334848201107133 0.244859548659515 0.170948950994658 0.249343299238695
0.169625567706181 0.304062302942044 0.511478223126198 0.0148339062255776
0.375861982379978 0.143031602058447 0.334224295703084 0.14688211985849
0.105667942982026 0.299016216649844 0.455319971089239 0.139995869278892
0.189377322242089 0.246592926626489 0.291234770726591 0.272794980404831
0.238375242182536 0.113796143149773 0.344571901205004 0.303256713462687
0.000767627350846875 0.374911642821416 0.389679612893655 0.234641116934082
0.163183448646003 0.206569347676734 0.0741835214283035 0.55606368224896
0.0427497916723763 0.178609946610583 0.180073262203561 0.59856699951348
0.334190608372002 0.395347645724328 0.0630915122655974 0.207370233638073
0.358817658161651 0.0359147039041305 0.45054524740611 0.154722390528109
0.415196677126412 0.404943042636019 0.162882528370626 0.0169777518669432
0.272765240842172 0.266609095205293 0.402040410434104 0.0585852535184308
0.293852191236165 0.0148655368121515 0.286399564901628 0.404882707050056
0.0330901469659136 0.358692273092759 0.547461431621282 0.0607561483200449
0.21082396436781 0.206805311706459 0.354591440619671 0.22777928330606
0.19890116395747 0.0292735307048132 0.375340152282442 0.396485153055275
0.329556980674533 0.179217778672091 0.267397832064675 0.2238274085887
0.000686469690871183 0.151703906848423 0.471250316972862 0.376359306487845
0.215821671991348 0.294721743196877 0.210479074371207 0.278977510440568
0.178463733249699 0.313766210169475 0.159026881941302 0.348743174639524
0.407258731867897 0.14951301479707 0.339643473081531 0.103584780253502
0.329896561104684 0.116924893476294 0.198857686433644 0.354320858985379
0.480165649316287 0.0829543432139966 0.334991356535042 0.101888650934675
0.413445731224597 0.189206850512576 0.303296562317285 0.0940508559455421
0.180553567879972 0.312077099591485 0.171468392175842 0.335900940352701
0.258792795496704 0.344806587425845 0.335797243162718 0.0606033739147325
0.29057634163951 0.0863435013854824 0.157863089204856 0.465217067770152
0.288629069477648 0.342052950454932 0.22022398007833 0.149093999989091
0.124352211858235 0.026387329693513 0.320837567224145 0.528422891224107
0.159255863900802 0.340234445534576 0.152104085513554 0.348405605051068
0.318970634000333 0.282015710863559 0.306657962147697 0.0923556929884111
0.202626938093221 0.223657492513997 0.292212118991745 0.281503450401036
0.186753038599727 0.182768148977454 0.46476949196318 0.165709320459639
0.238993139121946 0.418189033533575 0.234514719373427 0.108303107971052
0.0770429421044477 0.0822631956999475 0.086942819683111 0.753751042512494
0.329622392876426 0.0807748591445979 0.408963653488843 0.180639094490133
0.0993758957799699 0.227570080301649 0.327296043141286 0.345757980777095
0.221975648246318 0.280369559509081 0.236635491521694 0.261019300722907
0.0173873055730534 0.476729399755625 0.110662425882754 0.395220868788568
0.136649090667966 0.404966829680834 0.239044283045532 0.219339796605668
0.389518142442437 0.357308318691553 0.159765750916912 0.0934077879490978
0.190677726063274 0.320858230905937 0.335926532419264 0.152537510611524
0.119224654140126 0.352561618399044 0.0991456097736055 0.429068117687225
0.145668877526529 0.241681435950933 0.267856034148607 0.344793652373932
0.171754390096574 0.464145523370311 0.261842713809173 0.102257372723941
0.207278583341806 0.561681136736412 0.182904195054538 0.0481360848672443
0.232547715672661 0.324183066891612 0.132317591027677 0.31095162640805
0.216088863827568 0.201257991733639 0.113997136999038 0.468656007439755
0.253523942784386 0.265927439293733 0.277168015547097 0.203380602374784
0.0559854806708097 0.229353005017306 0.271074596290214 0.44358691802167
0.204405952098815 0.347120045485128 0.0992383538848854 0.349235648531171
0.446758183682898 0.00858718282241235 0.391950159311821 0.152704474182869
0.386346826291435 0.190727701494705 0.19558309989681 0.227342372317049
0.379000067144947 0.127157141397434 0.106504257907798 0.387338533549821
0.225699299514873 0.00325089610742011 0.456296032088206 0.314753772289501
0.184686188442105 0.186362846277556 0.239246761743399 0.38970420353694
0.229321715709413 0.253980143814181 0.162324257067894 0.354373883408512
0.171613313491953 0.161163525691953 0.11697323069939 0.550249930116704
0.41257297265066 0.334740446381261 0.0405339749791091 0.21215260598897
0.294975693181455 0.139975055420932 0.36486913525892 0.200180116138693
0.152727460934614 0.394391101287668 0.0289203581783651 0.423961079599352
0.0816955038903376 0.281523456776351 0.190817425529379 0.445963613803932
0.25609117126691 0.436519808981172 0.146249895504973 0.161139124246945
0.147504291165815 0.0326543203221604 0.173505724922323 0.646335663589702
0.129767078073608 0.172942101940191 0.60821378127682 0.0890770387093823
0.0577288251901585 0.0247675246757323 0.454417214802673 0.463086435331436
