0.0469041252344526 0.249969574084903 0.0917356024046125 0.256732790635984 0.273496336745467 0.0026369512992254 0.0785246195953562
0.0113304356673739 0.136400180588713 0.19974045096503 0.184391892176916 0.07754825948393 0.192021723427909 0.198567057690128
0.185170152644858 0.103715041409027 0.188708406481585 0.121411209647102 0.204059661468713 0.0264062308688819 0.170529297479833
0.0103791733534052 0.122059758552455 0.260606781572604 0.364102299015701 0.0542950830268375 0.12306884346833 0.0654880610106673
0.135075470704488 0.148838049831294 0.203317288031657 0.175238445889659 0.0973926594578724 0.0340293900342066 0.206108696050824
0.177886318031793 0.262419267926796 0.00506592869618971 0.134203220324467 0.202968257676822 0.00188589232687559 0.215571115017056
0.146329335028649 0.110034070871739 0.177996239291628 0.178863157877204 0.0232887976411899 0.201907135559831 0.161581263729759
0.296534218081003 0.0157533983159252 0.0924296184174265 0.0359296119120797 0.0903627841385577 0.297271838858115 0.171718530276892
0.239345691095387 0.0501030174558845 0.0100633473278285 0.134435565396455 0.263865579576062 0.0480454099931357 0.254141389155247
0.249806508392757 0.0645246062579149 0.0855296237784503 0.108422461965521 0.00923225916558011 0.173001020579059 0.309483519860718
0.124155282870477 0.147174437229798 0.303675433376887 0.0433322192041279 0.245205242326369 0.130125914852315 0.00633147014002638
0.187746235299603 0.234628914301863 0.18271269792771 0.00383774924428678 0.231355008492116 0.147203892678686 0.0125155020557355
0.050045716388504 0.0980113118857026 0.203413393734648 0.0701368738966792 0.232350124291017 0.103753016258498 0.242289563544951
0.260891790355761 0.201560803061691 0.0601067450935115 0.134939908884658 0.0990206489927949 0.0907568829248542 0.152723220686729
0.166555398888464 0.239538627172192 0.165511994478167 0.0163273006685601 0.205324319746064 0.199950548652891 0.0067918103936622
0.0354552296045139 0.0311749108228793 0.107425343611748 0.273179875482264 0.0195381276112232 0.485161530041766 0.0480649828256049
0.22512852252946 0.201332790750873 0.147189225139392 0.0234371340405604 0.0984646216114332 0.0407291444068548 0.263718561521427
0.171473418792433 0.100096622152198 0.213996786280508 0.116266888618118 0.179875784873432 0.163578029676296 0.0547124696070146
0.133400302406282 0.0351574666463825 0.170283038601362 0.25497472721208 0.0612005092574135 0.0830525718558294 0.261931384020651
0.203507044817846 0.210753607829789 0.163736029039676 0.174086117942955 0.0377109194774851 0.133804052561183 0.0764022283310663
0.105714476878209 0.0483020425387303 0.125866207381324 0.219825117551155 0.21937093178501 0.19840680125865 0.0825144226069219
0.171785250547544 0.157064896608754 0.13590141264121 0.159330575239131 0.0869678653700889 0.0913653469192904 0.197584652673983
0.335723331576819 0.0969619625101757 0.111795060818775 0.0236031026042491 0.0748800416158267 0.253898264753155 0.103138236120999
0.176208569779013 0.15841142163399 0.215695396332352 0.179088886669631 0.157758775028089 0.105206007611103 0.00763094294582175
0.222191361876318 0.12522721491477 0.19240194305855 0.162200679156403 0.000977424644827804 0.0775201119607953 0.219481264388335
0.0322128232521903 0.0929374239690773 0.0818807844463104 0.263111150938177 0.0514801045755645 0.388181095717611 0.0901966171010697
0.173956094298033 0.147945249415076 0.0155075510062276 0.210671301633053 0.144041597827951 0.077056932982154 0.230821272837505
0.185488532895369 0.167771945049617 0.187716897874218 0.0890703189095111 0.0986827941955073 0.0873321140686105 0.183937397007166
0.0509247863215795 0.0113769328794729 0.243645173356986 0.15585198438205 0.0439615843901789 0.236929313508993 0.257310225160739
0.0629978405475876 0.254561593545529 0.0816289121620104 0.0954032906292283 0.11367535012973 0.159442948443175 0.23229006454274
0.120944776754815 0.147390375699268 0.139676047550494 0.13988480214853 0.191575681476753 0.124108807925733 0.136419508444408
0.0786199909664294 0.224472967392786 0.0536157349672128 0.0936112094280869 0.23208431197572 0.119675194792893 0.197920590476871
0.155096444869051 0.119331608329991 0.00437026019684871 0.167363763197025 0.232958445488151 0.280110332885148 0.040769145033786
0.212981826653326 0.0245200805792015 0.137838544994211 0.204148080643505 0.0182080837213828 0.111787616448688 0.290515766959686
0.146967746231056 0.080062703334157 0.258533902069062 0.0383538648133454 0.205629236924117 0.1155698180103 0.154882728617963
0.183611525375539 0.179220988229829 0.0827488796367431 0.0471118069949461 0.1181646477208 0.16101515753014 0.228126994512002
0.152163959600784 0.266899575358541 0.0483491871398029 0.196253531831897 0.131647168036404 0.0255178862472176 0.179168691785353
0.269235880960683 0.0126987882853422 0.0216517487739992 0.148032164262708 0.320154667387352 0.143555794829549 0.0846709555003671
0.117758732286456 0.234599708392371 0.0934913614370236 0.153857859201466 0.136547153876928 0.258041465000386 0.00570371980536991
0.257532398710719 0.0167674335588045 0.0582116695329381 0.272778146256302 0.130501228658483 0.195849408240836 0.0683597150419182
0.0301990108340346 0.43315180219545 0.0405903769310563 0.032312159680001 0.0305180847770699 0.253085129651832 0.180143435930556
0.301814752537162 0.115476115250641 0.0944274047361264 0.119863814712765 0.126495625842054 0.110870047058557 0.131052239862695
0.0681452483838298 0.03203031801558 0.0556034530830946 0.254013117843305 0.213482939503474 0.159470880755387 0.21725404241533
0.185188699995049 0.200631256304165 0.0862566853712256 0.263835250844015 0.0131761063089352 0.156473085095148 0.0944389160814619
0.0778570907809682 0.169934962511248 0.165314827508778 0.147380512009366 0.126596931669026 0.258380052656217 0.0545356228643969
0.138562058743154 0.00282950406182622 0.203257295770328 0.153508363665661 0.184053631946318 0.202482329743177 0.115306816069535
0.184808469557408 0.297362667107463 0.168068321694922 0.0973231687280921 0.172298649478721 0.0402338704438298 0.0399048529895647
0.147821588150536 0.0389988521286557 0.232290407504153 0.108498556212216 0.224747430956616 0.189816807894917 0.057826357152906
0.15607298762549 0.183055653107918 0.248892783495482 0.00383717985000942 0.0111104520441021 0.153025756892905 0.244005186984094
0.201308165395627 0.131627030121084 0.106228378006663 0.195468058513043 0.11799279796715 0.119453849307037 0.127921720689395
0.212266217957138 0.256013382213474 0.0623829803798542 0.010385475885278 0.266718815190954 0.00181693025405486 0.190416198119248
0.028472726559536 0.0949038525627224 0.266019307148903 0.0826705526652679 0.270187625906265 0.11859721207534 0.139148723081965
0.246457232153521 0.227818098721599 0.0724039541749432 0.254291078070948 0.00740072855360847 0.134541568052421 0.0570873402729603
0.177833834956849 0.0244708087431544 0.162763650237092 0.236066009487317 0.203933937839909 0.0747556989664791 0.1201760597692
0.0917861727679948 0.264049684936714 0.0708787561612312 0.106681739022105 0.0824445907718239 0.231881369572437 0.152277686767694
0.139179712823573 0.209782155797058 0.0389590049765513 0.100961876993845 0.242110477506921 0.0824912279799844 0.186515543922067
0.118585792443443 0.168857496558324 0.192741564240793 0.23195347997081 0.0845523335813722 0.126896548592643 0.0764127846126142
0.079056961225756 0.125699156893494 0.276666199750214 0.0528502927967238 0.152467055474399 0.0380353386157158 0.275224995243697
0.182672589925047 0.0942969278391472 0.0988894245291261 0.191813161295299 0.0159149218725784 0.245911786416678 0.170501188122124
0.111777907279939 0.236472541177653 0.0176297130557965 0.126525706076258 0.203674554183139 0.146758071845146 0.157161506382069
0.0771888329000902 0.114251820607476 0.0728142701155564 0.268389979705483 0.274005748748648 0.165371939116668 0.0279774088060782
0.107759179177324 0.1658745447243 0.134973924130899 0.175390950551543 0.196678874642214 0.0655114237927484 0.153811102980972
0.133068458884588 0.0523347566205624 0.15487282894117 0.260592570247891 0.23412014583605 0.114258938227715 0.0507523012420238
0.0148654116326021 0.0630584887276929 0.287833395548139 0.0547528059540454 0.382937290510615 0.182190619169356 0.0143619884575496
0.040860785512423 0.224231118976423 0.0657662656607509 0.0908529430058721 0.188392871846467 0.244804443098926 0.145091571899139
0.0468595009139481 0.173461065896139 0.232139915068153 0.140285609577579 0.0674686735232148 0.20627690224159 0.133508332779375
0.123976103254725 0.16074363196689 0.0313213139263163 0.0655184258877142 0.15730776754993 0.216177006118733 0.244955751295691
0.201168199446556 0.133548834607439 0.191108383277368 0.201017952162102 0.0930089093905377 0.175081159725573 0.00506656139042506
0.185461239947139 0.0231685492523053 0.198921615334682 0.138216925774867 0.253807027094245 0.105523362830951 0.0949012797658106
0.141506389707567 0.204801908039831 0.0178712719574641 0.218744094890313 0.0685479117825084 0.193283209063932 0.155245214558384
0.0953435891347246 0.188138696248628 0.219684428840969 0.00052703689246565 0.150031533973701 0.123151488355735 0.223123226553776
0.178858946889427 0.114812108190164 0.0925498433376778 0.189672081908187 0.190428585376584 0.160573545731901 0.0731048885660592
0.214076159541952 0.0951313791574846 0.369267684739523 0.0106868248593363 0.0811730294820834 0.0398585734698405 0.189806348749781
0.0201064115318258 0.127677913229652 0.253750583082849 0.152962632423764 0.125845233809684 0.23239821834517 0.0872590075770542
0.0202199887328694 0.305743928598775 0.234247876172972 0.160358773146521 0.0219964705513553 0.0621774416338166 0.195255521163692
0.127112567967603 0.258386131203589 0.0969130929537955 0.0722372781267857 0.231239396689732 0.207063305112761 0.00704822794573325
0.118803235623719 0.0336083349132619 0.261789717909187 0.0913712056888315 0.233411097102592 0.116327561508259 0.14468884725415
0.211709855546156 0.014009090575838 0.024837585591564 0.281889610141984 0.204466147275338 0.196577778384907 0.0665099324842132
0.0440473805413348 0.169393008555363 0.0248628091396258 0.108855173443126 0.198445549888482 0.235432641109998 0.21896343732207
0.0922525212939457 0.189044512979786 0.0772349048539056 0.239407047696637 0.16068388206574 0.0326111510145978 0.208765980095389
0.068419933498464 0.199321851629149 0.083452345723031 0.0719625097973285 0.219869550832041 0.206760238449282 0.150213570070705
0.175368681120775 0.107794588101972 0.157964818523279 0.246993283716299 0.0483626466054587 0.0424654087058731 0.221050573226344
0.149120595672683 0.199963645340517 0.0172088728896205 0.140871653625678 0.0137126101866534 0.143848680422769 0.335273941862079
0.0895060497397197 0.198550586951845 0.169053176428195 0.184944062778393 0.10860312389932 0.0953607925612704 0.153982207641256
0.168097194227772 0.234743222080225 0.168040474170858 0.0822987903565603 0.227883981827928 0.0271287588412012 0.0918075784954547
0.200111590432369 0.0862699210675835 0.0772615723707 0.111787798678303 0.203516235606012 0.181046175721826 0.140006706123207
0.13143161855086 0.242163270599869 0.123152768661633 0.0348255334533731 0.0483184460114271 0.0685085393549477 0.35159982336789
0.07878260244385 0.129077105176078 0.261926170306342 0.160476740052978 0.0871437716467809 0.0609755090238781 0.221618101350093
0.141627481363935 0.165224153609954 0.198282019153097 0.114908932197771 0.000101259418031428 0.19080961443012 0.189046539827093
0.220846580780506 0.183875607256551 0.213498692308188 0.0221173801608179 0.101607264582929 0.217922520118737 0.0401319547922711
0.116537877070397 0.111404844633185 0.181600358883682 0.0266891321452949 0.247294685735118 0.245639606492284 0.0708334950400396
0.170878431416428 0.119057792569804 0.204086198263134 0.149472642942032 0.0802135129063217 0.226136159281724 0.0501552626205561
0.0766061232654961 0.245150687719342 0.175052272963949 0.263913017584857 0.0511394646328836 0.177065006601101 0.0110734272323709
0.0968779448859346 0.197753620353716 0.181646553109197 0.133409042259577 0.117915520318359 0.197369816855803 0.0750275022174139
0.00733324244311807 0.522745022882438 0.00180443649918319 0.194236818174689 0.0196550153074214 0.178099916895814 0.0761255477973364
0.0585110663231341 0.0630252847307657 0.241126838267396 0.248393015217077 0.0321285105450008 0.102424214010466 0.254391070906162
0.0998377575534777 0.132422270115996 0.0889595694064673 0.261149219518937 0.201137410199453 0.00137662535581207 0.215117147849857
0.0400087973167251 0.23029695088207 0.0281828107938254 0.218473371722169 0.137843166008812 0.114263274502018 0.23093162877438
0.161751856690394 0.101609726529966 0.239279882685322 0.239348346390799 0.0205523268768668 0.0796800705500013 0.157777790276651
0.230696158720249 0.250329887927766 0.0157451901712077 0.115019783105797 0.119803714918556 0.219766354916376 0.0486389102400493
0.155425798550602 0.234373343275007 0.186458290330204 0.0115953575104919 0.159011225588179 0.0234339603743616 0.229702024371155
0.250185154056669 0.229192539875566 0.188421143132755 0.123286267582643 0.00854347825000546 0.145588743699588 0.0547826734027727
0.14911001518696 0.0453650459275854 0.20361986368011 0.0053752561249951 0.185443475780541 0.229911273840013 0.181175069459796
0.0179654706000204 0.0540507219032675 0.179474068791298 0.0943695273505349 0.262843647177944 0.22848050048417 0.162816063692766
0.0388474537052465 0.194226888326808 0.0247276909203456 0.240084610071433 0.21965239685732 0.0513189100347067 0.23114205008414
0.281687443112312 0.0487957025061242 0.105727943939319 0.139210697501622 0.0461267797856465 0.0831972097125801 0.295254223442396
0.148817016863157 0.208300723734551 0.101699724400814 0.137219506445311 0.243714649092882 0.158614493687853 0.00163388577543246
0.157188972022343 0.0271370566115949 0.138100404006065 0.0476803377148146 0.174631322745493 0.223029128540501 0.232232778359188
0.157943133998107 0.00948911484228725 0.146796042736836 0.145850888346751 0.162152108163769 0.218066266903979 0.15970244500827
0.162657630990235 0.06120931497445 0.255676164928342 0.101052762101496 0.08363714003764 0.105859718390844 0.229907268576993
0.286342437004271 0.0345912340496391 0.130324901071671 0.00501972028469041 0.181570102538496 0.192800901714931 0.169350703336302
0.270236052229851 0.00353076912120744 0.239891758387464 0.219278877839172 0.218268354862676 0.0233581709498322 0.0254360166097968
0.261331407655703 0.0639471237339723 0.04877763874468 0.248584038300427 0.120040207897756 0.0228182302346149 0.234501353432847
0.227111935337229 0.0803353483666345 0.0966057735480472 0.109918042002664 0.168092580096124 0.20574529315313 0.112191027496171
0.22517442024699 0.148769113470868 0.118336356238896 0.0799482922087676 0.171354249837015 0.181277941717253 0.0751396262802107
0.0830401193443065 0.100102063038241 0.0185307813799219 0.210948779259315 0.220739772622447 0.225618066682119 0.141020417673649
0.0402775588963115 0.146744359731168 0.14742591938923 0.125075864050825 0.0470781544121156 0.268944401561389 0.22445374195896
0.115104173883277 0.267001818849821 0.201826972877204 0.158498181643747 0.0394204192516305 0.0580542661405531 0.160094167353767
0.0942229962762247 0.20175349124729 0.193129975958738 0.109945981203827 0.175753885401331 0.0754116902385891 0.149781979674
0.0499085616569667 0.20095068181152 0.000364589844743015 0.168457182568151 0.234806367566387 0.145611994487439 0.199900622064793
0.230791828623315 0.334595280071387 0.0965552231351096 0.218637082283171 0.0938634481956377 0.00522555135805159 0.0203315863333277
0.0241473052894815 0.0716718728077249 0.150216738546991 0.34059713012257 0.165954165037077 0.0217192130835177 0.225693575112638
0.201454164154793 0.208860338743699 0.164737107525613 0.0738344123218887 0.0827127483821578 0.248653616607359 0.0197476122644898
0.168803831617708 0.127501996480062 0.00384511976791587 0.290037501596246 0.00107772930489824 0.232691912659299 0.17604190857387
0.174672817051321 0.0486835316871944 0.176102748820024 0.175527828244189 0.172363466783583 0.200907008182619 0.0517425992310701
0.144251420896962 0.171253863699415 0.144902414191279 0.188341266424596 0.0870713106735497 0.160136636380208 0.10404308773399
0.129471668752436 0.151501836219659 0.319570399939148 0.00203316991498929 0.0993691970234503 0.208460692629222 0.0895930355210956
0.0306979071494391 0.186055769117883 0.0734740893987596 0.085406497493744 0.23990260786251 0.125411378724398 0.259051750253266
0.213631316168913 0.199139493506461 0.118349438761663 0.0717053702941292 0.126802393648981 0.169478814599667 0.100893173020186
0.244157388296351 0.00430353855879262 0.236913215134083 0.0989300621569647 0.0363252434131139 0.258653251750498 0.120717300690197
0.212852897170504 0.208968211912716 0.195902667529998 0.161651009895187 0.067819757712125 0.0972697429806565 0.055535712798814
0.180738459254818 0.120115597101885 0.0116029465355266 0.165533947109467 0.141907848585193 0.189147443564974 0.190953757848137
0.214031370850562 0.186288346032205 0.141114420739389 0.183289074715129 0.0927374795399611 0.135507784503737 0.0470315236190167
0.201759971688757 0.000689755257148542 0.187030956545068 0.0957923162804166 0.177399875064349 0.197284135151142 0.140042990013119
0.037370825357898 0.104133158473784 0.119011161048593 0.27051371380509 0.189782469451644 0.13548344840784 0.14370522345515
0.150563320322105 0.127476366327547 0.153856027329437 0.175469544264581 0.19627186453979 0.106424751002967 0.0899381262135741
0.148952385493375 0.199731695078564 0.152998132981639 0.125136339004182 0.0534763007858448 0.244221225099298 0.0754839215570967
0.138945184461145 0.17364441352193 0.353630235814451 0.018820506799353 0.0223857129174092 0.0411563456739589 0.251417600811753
0.264875290922229 0.19461771810948 0.10782717754523 0.128214107359097 0.066168669494343 0.132608321528393 0.105688715041228
0.302658797441374 0.290833979779952 0.109930102430281 0.00744590478104136 0.0937601956441631 0.0920772753644245 0.103293744558764
0.0950372536451563 0.236565125038303 0.181097775333112 0.0922629623905162 0.0922174128075879 0.11293756940491 0.189881901380415
0.112925288748184 0.0416391822586497 0.219040939612948 0.0880196520567782 0.271744068745478 0.152672400100092 0.11395846847787
0.28229199457992 0.0324210705474464 0.289947469853316 0.194535337742056 0.0279191653838134 0.164769835553016 0.00811512634043156
0.213079883591492 0.159601598398928 0.00933050077588437 0.178643343203698 0.0744345962787867 0.146320430229834 0.218589647521377
0.155518530769095 0.0915499940373815 0.149696416195476 0.170664887967053 0.108916944105697 0.149550855784826 0.174102371140471
0.124182247047946 0.0304850518031621 0.146267378894706 0.165993728279671 0.106173885492376 0.137024264873352 0.289873443608787
0.00812595592046695 0.112051803391792 0.209418285162734 0.270801456273407 0.158281979849849 0.1557389551751 0.0855815642266509
0.241608141083061 0.0622811559661948 0.14493185947214 0.171187969646933 0.0242381180310958 0.0476568576186 0.308095898181975
0.220960103255882 0.063125339934121 0.0702190057424473 0.205184461610497 0.167282020492836 0.117919619414042 0.155309449550175
0.293586240764851 0.018941703238006 0.304089066321201 0.117613656373036 0.018173733866041 0.027043252502029 0.220552346934835
0.118025627162305 0.0161254945084612 0.242082915646373 0.147230591499483 0.287964654109935 0.172978995682938 0.0155917213905045
0.100350184160968 0.12869725762573 0.267562361729824 0.151796176119996 0.179572962798947 0.13903249821632 0.0329885593482143
0.181292333658472 0.121430081606725 0.0765810078053284 0.211558172836519 0.105086853638601 0.205924662778787 0.0981268876755676
0.0576622863785603 0.25136640422094 0.252674111851113 0.0715263482900711 0.203099195045779 0.0806118005374729 0.0830598536760647
0.022603076266957 0.141656543100904 0.0940145982690864 0.138036786168338 0.206657148574197 0.180468762529101 0.216563085091417
0.0132409068236814 0.271008920379801 0.195544282650031 0.0771126914418888 0.117769212351427 0.096822555448286 0.228501430904884
0.175810021051705 0.0512578129181604 0.145534373802056 0.062571545601932 0.182662893384724 0.186429298811529 0.195734054429894
0.239398037809193 0.283314314831257 0.1641227650832 0.105162003304948 0.0646399612981514 0.0850909749729473 0.0582719427003038
0.130623912069534 0.198133229524585 0.202777760143192 0.0938414678027753 0.155318135380388 0.0386101939489612 0.180695301130565
0.181545049156402 0.185781951441101 0.0460526388555151 0.216395013392775 0.19055704259766 0.0170809634919192 0.162587341064627
0.0620517784066457 0.211255045485861 0.123958524205319 0.151798394201245 0.11939673928845 0.14531768890325 0.18622182950923
0.0900037358450308 0.16931632812017 0.0240432972866603 0.110287074262062 0.259437650836966 0.161888472456558 0.185023441192552
0.0243297628272791 0.253346066909055 0.139281807010254 0.0167569298011696 0.0226457020113231 0.290734222014304 0.252905509426615
0.0221914010440332 0.043904130206043 0.119193795952029 0.0977929238535091 0.228260471840249 0.125420114989053 0.363237162115084
0.270570673735297 0.114419494754323 0.2496166548578 0.104217089902149 0.183093719391627 0.0218455359492846 0.0562368314095183
0.226543015626441 0.0820812154083743 0.0995468111754946 0.0814338577426513 0.0917540212219897 0.180882251932032 0.237758826893017
0.19885643883491 0.147394302549476 0.0566613795129775 0.035928267473518 0.322083312824964 0.197394828628138 0.0416814701760151
0.131169051563151 0.0886571422946442 0.192235969667505 0.0182967700183618 0.286479634551421 0.175926503893353 0.107234928011564
0.305602924877869 0.26855320512943 0.105023206863421 0.103468494694204 0.166235090120422 0.0159748564332908 0.0351422218813633
0.17649985085297 0.159431735699131 0.140720093676718 0.165695095350047 0.177965391636595 0.0996554522986635 0.080032380485876
0.253530316557843 0.283079829471756 0.170238929085523 0.131700150168795 0.0830144765474175 0.0433257853424482 0.0351105128262175
0.239435235460338 0.285584424269824 0.0859428185696235 0.0515810427662697 0.157750827855672 0.123023022653697 0.0566826284245767
0.0815332273921577 0.171214246725209 0.138247010623277 0.213061196246887 0.188937849502322 0.0393018330159099 0.167704636494238
0.120339504903024 0.187767669182927 0.170743033393245 0.281125264381604 0.199776269473526 0.0275720694932296 0.012676189172444
0.0461561193573568 0.0694745653619064 0.0963788224940274 0.184336178403525 0.237845635656203 0.190443524942395 0.175365153784585
0.0126737122110359 0.0505334019041532 0.0726719427658194 0.212089031931592 0.254347876441079 0.183312709479034 0.214371325267286
0.194359330973998 0.21358856957673 0.011863006588415 0.0446972639999546 0.268245354586912 0.174759947266747 0.092486527007244
0.20144821614112 0.15092357813879 0.054324243783969 0.0361851805627898 0.149670613383844 0.187630445969632 0.219817722019856
0.210349570626541 0.207526830617911 0.186819046029503 0.151517508593288 0.00456983553326896 0.128207588565867 0.111009620033621
0.0840649299975235 0.148948893886409 0.195207114689247 0.181644246832105 0.118362368016066 0.0893506594386701 0.182421787139978
0.179833683633646 0.210450650555028 0.160929270548566 0.0529421541235784 0.115668312031217 0.0329811863968143 0.24719474271115
0.186930663899425 0.0618744099311635 0.214709907840841 0.0945521696228688 0.0972248236052942 0.190401823361974 0.154306201738433
0.227158073171274 0.122982603969123 0.0434146591321998 0.0920399177706428 0.211860787621257 0.178941632051492 0.123602326284012
8.05460509261265e-05 0.320663342289166 0.0440666751874259 0.053005756931433 0.0555399659798553 0.209960300718329 0.316683412842864
0.217932487962727 0.200536536184059 0.0330451658021557 0.14271683159712 0.104967241322962 0.253977031919829 0.0468247052111473
0.289019253802497 0.050405202794407 0.0181351874232593 0.205315204171874 0.164888249125652 0.0930427091055089 0.179194193576801
0.0854528213013294 0.149182814997495 0.117427078671254 0.152025058497418 0.174957241090594 0.192050779646691 0.128904205795219
0.228148252771552 0.228682933003352 0.16244751800975 0.0166744613022057 0.214441456421429 0.041188969813624 0.108416408678088
0.146218802815418 0.0614645933509456 0.00709693713859318 0.240501376798007 0.209244702613157 0.14620536568937 0.189268221594509
0.0402785236171653 0.269758337450693 0.0251657954799847 0.104095912266451 0.112940721639048 0.17087496431319 0.276885745233468
0.289724012443552 0.0114545169355001 0.188331333431566 0.252316530503782 0.0572457298740593 0.0265327324823457 0.174395144329194
0.067519226685721 0.0589518663484187 0.266214616798802 0.196091600781623 0.0362331887046674 0.237149275222462 0.137840225458306
0.235097089158698 0.0936003181107938 0.142081470187573 0.187933603957354 0.236646505882136 0.092122646907549 0.0125183657958969
0.189774879356846 0.198958660506092 0.029338849238089 0.158544248839113 0.126751777586875 0.0849357309763436 0.211695853496641
0.0322922841483499 0.197089358597491 0.0849806165490092 0.154169651817421 0.180077848471534 0.171107069938246 0.180283170477949
0.12654115308532 0.0713608872860491 0.247812372342454 0.178262734517944 0.0282120088545436 0.0927498258042026 0.255061018109487
0.204232146433194 0.0373989355370821 0.269620736546302 0.327008088419092 0.0509903333954893 0.0754356731330626 0.0353140865357773
0.0239879854764914 0.258143617248914 0.0236876391995241 0.183828350040863 0.110010350660023 0.0873420063427622 0.313000051031423
0.0538159179783646 0.0368449132391016 0.228922816640896 0.128996603976963 0.0560851442877373 0.232069322060757 0.26326528181618
0.195131136688591 0.151276276706898 0.0904236893839912 0.252212818329588 0.108741525666967 0.042712031268825 0.159502521955141
0.243272641402814 0.0488296576059634 0.132227487276691 0.00463901205758721 0.0488570824471379 0.241136781567843 0.281037337641963
0.152667086117335 0.0956264940216197 0.230044377218863 0.0711336314705072 0.136017529605364 0.181761959373179 0.132748922193132
0.0679304568998471 0.186376200872345 0.0607508401985794 0.198490864257102 0.112405980922447 0.218357409258189 0.15568824759149
0.285887798431113 0.0767998660187748 0.00500476955766166 0.093872289327457 0.228190262416217 0.21097951765163 0.0992654965971467
0.118106510686506 0.206280824062111 0.106425872256515 0.0178271783038546 0.181347864634223 0.162436112710204 0.207575637346587
0.225146141874066 0.120544440070499 0.311201794240479 0.105178769910654 0.000182338695957765 0.0766059720603406 0.161140543148003
0.199650701884404 0.0877559732840515 0.0930275054162578 0.16803071422165 0.000724687132323588 0.253987559798999 0.196822858262315
0.0158003005545009 0.191466189137435 0.0159305524568926 0.0356056369281003 0.235532487013989 0.194351654240014 0.311313179669068
0.171822229078941 0.170719432069924 0.140748816849204 0.169857381954862 0.166313872654242 0.0664174582805818 0.114120809112245
0.262739497318336 0.0257752846820534 0.139136205352919 0.208943799556608 0.0833002699959647 0.0981552426811631 0.181949700412957
0.125430382226469 0.22439894272529 0.150366663799536 0.0820429290136254 0.136566160474301 0.112792097910375 0.168402823850403
0.213657443038066 0.100188510468492 0.0995264758462674 0.132051809591479 0.156560182696018 0.155090333314195 0.142925245045483
0.300102746875205 0.0615675369813071 0.136284654125196 0.0354420546603056 0.132884396595909 0.130058893389535 0.203659717372542
0.132103333247714 0.181244455268176 0.134632270715792 0.16149507569684 0.0836731431090114 0.173059919471488 0.133791802490979
0.0616364720573736 0.172131593322519 0.18859471725761 0.117965411755054 0.147346649798278 0.210628417042694 0.101696738766472
0.228258629819765 0.131073151073461 0.180852787586475 0.205363752277661 0.0329082943048148 0.124424978070611 0.0971184068672116
0.101636180679727 0.0968035625482223 0.220220012894628 0.0748213404213014 0.215875209497723 0.0514623664378928 0.239181327520506
0.231015382612822 0.0370203327001933 0.302134543432237 0.0744990266100136 0.0140335316028534 0.052783856652081 0.2885133263898
0.171716277876433 0.0437688065298722 0.0842755531223284 0.280432283477113 0.178284305685236 0.164382081253123 0.0771406920558942
0.264499755448134 0.0571449197573951 0.0694720697656645 0.236369144776775 0.130094748445848 0.193372134298684 0.0490472275075005
0.214821490029886 0.219043641171632 0.0641265331932599 0.24796650218486 0.0486320880743455 0.143015683536382 0.0623940618096343
0.12278270696776 0.252279796668634 0.156117470145195 0.108505712692633 0.134204588312154 0.18631434137903 0.0397953838345948
0.0874301661018855 0.210670188532219 0.128925011038207 0.225643250116504 0.120437984143011 0.196903749526726 0.0299896505414467
0.230192427001993 0.0380472218165484 0.144973953991756 0.0866316790189717 0.17912757381686 0.0924837221257431 0.228543422228127
0.207601793622377 0.0484944746138013 0.0975055790849991 0.12004218990048 0.146604218400703 0.142776337435528 0.236975406942112
0.186333445823973 0.229283563048741 0.218328196042033 0.215735411420415 0.0263518623338248 0.0901270674897211 0.0338404538412922
0.136865991123303 0.192271875494903 0.220162448854763 0.0799001047879147 0.159227236395845 0.0982551850481148 0.113317158295156
0.0343561539951713 0.0602180048373212 0.287624419295144 0.00713363239326246 0.246976536497147 0.18385541919467 0.179835833787284
0.139539401838124 0.326946102855152 0.297876567952268 0.00494303781884106 0.0396668112835888 0.0764076002057236 0.114620478046303
0.00440582594692786 0.0342850339419168 0.0485500507517186 0.245478937077167 0.0686978739269357 0.22841599300947 0.370166285345864
0.166398093030307 0.123910807086343 0.285717983379422 0.00535669929162624 0.18235382825032 0.146576992329582 0.0896855966323991
0.0937945496050601 0.208767392040998 0.10849343885387 0.230374976699353 0.105609048905604 0.0532104172560736 0.199750176639041
0.157673583897035 0.0957221083290779 0.244385896242644 0.0737902260533755 0.204748351211795 0.198618214098843 0.0250616201672307
0.146353983537494 0.0750738988475291 0.139074310075042 0.181490398102818 0.0746095105953258 0.140121439688054 0.243276459153738
0.180329201496695 0.217426205190175 0.0629124219617486 0.114863621909208 0.0921045998397816 0.280636747080336 0.0517272025220567
0.169030732670406 0.141298029643928 0.196398695770957 0.0891272781776017 0.11020140776433 0.117691457222211 0.176252398750566
0.0305916690422947 0.217368341557922 0.168951931934927 0.201706191605737 0.232602969171451 0.148522640109537 0.000256256578130958
0.145698171613057 0.307787684794894 0.0916872010470778 0.0441800241564174 0.200975974545329 0.0959411802163373 0.113729763626887
0.178755181062799 0.159605999289731 0.0484538301375859 0.227997132432635 0.162098583059503 0.106420479027508 0.116668794990238
0.00386682631612882 0.0979868075495105 0.226012317019732 0.00458288838476616 0.140292421022399 0.171280273695431 0.355978466012032
0.191414873132217 0.0615994289084839 0.224044275661107 0.157153303213316 0.219170966218038 0.112236610300931 0.0343805425659068
0.222579320897928 0.19874850652745 0.107230720895115 0.0351893375764154 0.0333577508562132 0.152329846377001 0.250564516869877
0.201638921000963 0.155706422253208 0.148100005590913 0.244199971994843 0.0322469166874504 0.0922805514290759 0.125827211043547
0.141652091553316 0.159151322575107 0.228635062557432 0.217398971012892 0.137084273740704 0.0322599764534468 0.083818302107103
0.00371332543613651 0.130075452713127 0.233246275833684 0.155422728320322 0.233420794497681 0.126778520970364 0.117342902228685
0.0368424607395592 0.108966514317992 0.221850910262276 0.0971202764410455 0.21324516135992 0.22869166801674 0.0932830088624677
0.0986632624642115 0.00336101527931105 0.15376943838053 0.209620221700365 0.278859562242221 0.147669783646525 0.108056716286836
0.111680330802663 0.185544727659626 0.0384640560061366 0.21394512332546 0.222002395756373 0.0157306467862105 0.212632719663532
0.0287658989279914 0.293539380298759 0.148733488799979 0.0651670402920643 0.0649133693681403 0.226319810161697 0.172561012151368
0.160245417759057 0.131737306393842 0.144731583339303 0.157387122958556 0.173418081875188 0.121598407492381 0.110882080181673
0.109627627860315 0.173026420334035 0.0608656327001152 0.241486383880831 0.226513489559663 0.0688888382221717 0.119591607442869
0.12666278963045 0.145474569699101 0.233313671698818 0.0469578769789748 0.18283304359803 0.115615282644805 0.149142765749821
0.314933497749184 0.060381436596601 0.103750282555902 0.174768178236672 0.185145036902159 0.0187366464101061 0.142284921549375
0.207963905278913 0.102120306758878 0.0388490285086485 0.178013563802309 0.0895764182012054 0.197031942667155 0.186444834782891
0.237103821626516 0.0720977410144372 0.239374211703762 0.215093755503644 0.0202877774577526 0.18577280878397 0.030269883909918
0.00170927065207478 0.0885092272104083 0.272458639472066 0.167833718724412 0.203378758319117 0.232186320602963 0.0339240650189583
0.181029603397075 0.167537601862799 0.189318809398283 0.0678701098349028 0.13844523545214 0.127429052306196 0.128369587748604
0.174609380359694 0.217682475788064 0.0120375627168781 0.227195247178321 0.0734459708123582 0.262382963671423 0.0326463994732617
0.203134830252823 0.277745925743052 0.000391909883564807 0.230360923094053 0.0171406125307853 0.0712385052094067 0.199987293286316
0.0533501284268802 0.158898740258045 0.153366744253768 0.196824358557771 0.168050716086959 0.107467108981646 0.162042203434932
0.136323684402893 0.112067987409522 0.176139628195011 0.28538963467497 0.0141971766797826 0.0550740105810367 0.220807878056785
0.0109654855555665 0.195139593669922 0.0411634337810842 0.17177302616546 0.128260270504957 0.255825822613871 0.19687236770914
0.196239309740483 0.171874126780022 0.040835009520805 0.00435271286924623 0.302317293795913 0.0499132799353621 0.234468267358168
0.0726250432445909 0.139694222417428 0.145460771034249 0.0326895332581793 0.112233405704368 0.266454340833313 0.230842683507872
0.33029802566664 0.0758473742535083 0.0420705123191554 0.0877141869766953 0.11110583190586 0.105025808872725 0.247938260005417
0.218665097265798 0.164516787488436 0.00391298780899886 0.298694961544164 0.0412323079942618 0.266573712017673 0.00640414588066846
0.206372514027521 0.0476130089944262 0.203509370617382 0.203884247274353 0.145591271425299 0.120019728334355 0.0730098593266644
0.140879781954936 0.120737652740236 0.11049806930663 0.187539678978633 0.131907951855171 0.160986392801454 0.14745047236294
0.0865759225885711 0.183203019008475 0.167485799754305 0.150410106480947 0.172430743015472 0.119762734803288 0.120131674348941
0.231147426978313 0.105781944365729 0.308309720918317 0.00882795055995186 0.0297793019443296 0.0385344848344155 0.277619170398945
0.149968574825178 0.149965342796112 0.145276051683624 0.187257091505227 0.10001764914025 0.132296536537366 0.135218753512244
0.338284012799992 0.161038127237818 0.0141767907815851 0.255078596316665 0.105240261074243 0.0713698578934347 0.0548123538962619
0.0376565179759554 0.0574035441200137 0.0493547482216888 0.183179318639323 0.203860216427386 0.241738145187095 0.226807509428538
0.00375603927107829 0.0602940760760758 0.354433982196352 0.305850370408774 0.120878264261125 0.0718730185834278 0.0829142492031681
0.200164727214662 0.0855158061981792 0.186976557499461 0.174399972753024 0.191084291154701 0.068852049727895 0.0930065954520777
0.137151989797231 0.0765978860273427 0.235818427439248 0.038936505241393 0.266219420832787 0.186344932042154 0.0589308386198443
0.25562186531586 0.0430942057166271 0.172356181949074 0.269100579502994 0.0593214400185882 0.0406498077941805 0.159855919702677
0.181420282977346 0.00613543503941518 0.093847408336885 0.210260493399444 0.231450888545521 0.212867124080526 0.0640183676208634
0.102643239562648 0.117289228231681 0.0119534552875067 0.284054432504226 0.0970137485398857 0.145611696184027 0.241434199690025
0.089539863312762 0.0307211114926911 0.301052427099151 0.258088072323545 0.00292752165639615 0.253310992807384 0.0643600113080707
0.0936214302019752 0.212066186521389 0.221074963218481 0.00694975830965678 0.118649553448229 0.157157955260738 0.190480153039532
0.143822962109699 0.178420496072195 0.208966165750361 0.212016754713536 0.0656423528348873 0.0603040507617961 0.130827217757525
0.0907007176447264 0.0831503905284327 0.208731243554874 0.278670985058969 0.28871590530808 0.0128170148886703 0.0372137430162471
0.141649214680292 0.195149777089041 0.231036706653275 0.0782017592139019 0.123931269834072 0.17396397103956 0.056067301489858
0.124754884551799 0.311827203536115 0.0520748034924456 0.0588285147386939 0.00643329400241697 0.238304719846743 0.207776579831786
0.225070556264807 0.100415471278179 0.137452127488594 0.0386879130690406 0.182208932726452 0.204751203473197 0.111413795699731
0.122760056273485 0.114714305744524 0.0739004964934584 0.196062213136478 0.0805911629814172 0.219148209792742 0.192823555577895
0.209651685560969 0.207920698557922 0.163140416404628 0.0691149806853283 0.0491136658635609 0.150829732965424 0.150228819962168
0.132981771783545 0.141177415957539 0.16749337834135 0.252867034320589 0.0662530767488607 0.147891450840382 0.0913358720077339
0.227142322451411 0.025946431134505 0.114771660042362 0.0622619198690663 0.223834463213916 0.189359267111379 0.15668393617736
0.126481970641621 0.161269695439216 0.146250759962881 0.0798520358259104 0.122987180136444 0.206442471983519 0.156715886010408
0.1435631377766 0.0631443246753452 0.148366046545766 0.199199514755041 0.0876252519474437 0.332905885584391 0.0251958387154128
0.160708221971275 0.253929610554496 0.0691860234014104 0.00365133266533862 0.0737821602346359 0.194508267702848 0.244234383469997
0.219336847443295 0.0986140640010204 0.116710839929038 0.234032432150478 0.0890302806370609 0.209665751881811 0.0326097839572959
0.279979566275032 0.136589000212347 0.00496080372337677 0.276030598995765 0.100513313189091 0.0266500245697214 0.175276693034666
0.209977936082176 0.0408142464023497 0.0541825719263606 0.235548634210356 0.0658822013564915 0.235625750872507 0.15796865914976
0.164155630789247 0.188343462331548 0.0826006756309981 0.0483881713059381 0.145674739800442 0.176288655379088 0.194548664762739
0.0874835500697066 0.0328867468022394 0.219738919104204 0.0605758227314384 0.032950039810968 0.404160939356004 0.162203982125439
0.172768034596565 0.0282496052807227 0.0137074944464989 0.285700158208323 0.120022865558219 0.169282398215717 0.210269443693955
0.173568417433238 0.369600747622318 0.0668343475619072 0.0977289767323432 0.23271593349892 0.00609979482588925 0.0534517823253842
0.0123590351217055 0.226022209857577 0.0185919789380531 0.0822052435210514 0.23699875380223 0.257787247470963 0.166035531288421
0.0614126802031042 0.17874633481972 0.191527269296382 0.0231657331035883 0.167140680886347 0.24339402813829 0.134613273552569
0.0995663110850418 0.100337290002004 0.199189871113807 0.157492195495377 0.167098187120145 0.201761843054513 0.0745543021291123
0.0712789106858464 0.0437661777347855 0.252015988602072 0.287997779464574 0.0301302729959848 0.127174680298639 0.187636190218098
0.321466461132393 0.172913560768454 0.0629754909287692 0.105490090958213 0.0210098361477273 0.278531987271183 0.0376125727932601
0.0600166883284699 0.0816652612248588 0.0217060571328973 0.266567701320384 0.195626989178452 0.223244741081603 0.151172561733335
0.20408162933403 0.207482260204595 0.0280133912224475 0.131969740404727 0.191733354735443 0.201117057802178 0.0356025662965793
0.130253608900755 0.161589916510242 0.165118568714778 0.088698819387234 0.126103132180506 0.171075980623362 0.157159973683123
0.149994411115322 0.17665957965493 0.164478301618201 0.134510285881858 0.145252623614945 0.0788630726712044 0.150241725443539
0.105658239184315 0.0495661453000339 0.233281110693358 0.258438342431543 0.0975124155090904 0.163458750559875 0.0920849963217848
0.140390092208304 0.123194893885742 0.1071317214458 0.176392573507478 0.145348058176389 0.194838826713297 0.11270383406299
0.269922038471077 0.050033391249127 0.205668904502571 0.0815948260175643 0.0874234781966452 0.263922773028608 0.0414345885344074
