0.369190072497436 0.141688534730221 0.25951150945057 0.229609883321773
0.176673404264649 0.343747996321886 0.236506361300505 0.24307223811296
0.0953236666969706 0.204693284623713 0.420333206044671 0.279649842634646
0.457908576128367 0.0225413405539975 0.466113034627683 0.0534370486899522
0.0851436564333098 0.209133249636756 0.125419153692303 0.580303940237632
0.35759297598862 0.0386632460057378 0.301348548194813 0.302395229810829
0.110779763463165 0.319092865847211 0.292364280031425 0.277763090658199
0.373745299730624 0.227886382346633 0.255708425088924 0.142659892833818
0.411260020751877 0.123062881974055 0.332045174402068 0.133631922872
0.361013864539339 0.00488680843493002 0.302191060355495 0.331908266670236
0.399768372896749 0.457870115225487 0.138691983925565 0.00366952795219891
0.16092766178527 0.203882970934599 0.334859567721674 0.300329799558457
0.284060847841521 0.223197800307045 0.200051076838367 0.292690275013067
0.418439085331064 0.30078994222302 0.100051563482973 0.180719408962942
0.304991805375374 0.00351695589867528 0.309517374179679 0.381973864546271
0.0871160063886192 0.289906354305127 0.301871975124452 0.321105664181802
0.308306955596216 0.134512332973595 0.209702222786616 0.347478488643572
0.134756671956779 0.541986013669072 0.303678890940874 0.0195784234332749
0.32258312022336 0.0303471515079631 0.335618842482323 0.311450885786354
0.230419116183435 0.231526397010966 0.294172888580683 0.243881598224916
0.0551338548966324 0.527479950939571 0.213225884080564 0.204160310083232
0.287492210440351 0.418134110685495 0.222166257842039 0.0722074210321154
0.483600806323911 0.0990544673903471 0.075336178028917 0.342008548256825
0.313453042387727 0.122302677274495 0.399944392290067 0.164299888047711
0.305971864952868 0.367386999267458 0.0266372703038839 0.300003865475789
0.18858001283515 0.147764859625073 0.393312307662797 0.270342819876979
0.279472022150575 0.130545945964565 0.428566906471182 0.161415125413679
0.29249891445678 0.331877652917998 0.337818665757848 0.0378047668673741
0.0245907802071747 0.30843830544831 0.531084549832923 0.135886364511593
0.204591190871144 0.273505794224641 0.256473182455894 0.265429832448322
0.172185079354016 0.242775849571156 0.310726937638524 0.274312133436304
0.142895173875979 0.370353956730172 0.162261584557686 0.324489284836163
0.50371401108779 0.0559725725996081 0.265847115055354 0.174466301257248
0.268050476360537 0.16108592415039 0.266878184707634 0.30398541478144
0.480986523057886 0.266895481383276 0.240906509394755 0.0112114861640826
0.185463449410108 0.31259978476507 0.218132742225102 0.283804023599719
0.310078251676913 0.28805454787218 0.0823861619169225 0.319481038533984
0.454031092794165 0.000271146942922156 0.196979159873736 0.348718600389177
0.221314733858191 0.0639144777559902 0.316531606314287 0.398239182071532
0.376366592618279 0.37274072095902 0.226702200971606 0.0241904854510946
0.0765571322670826 0.166667860387445 0.299739388881017 0.457035618464455
0.40967403192337 0.120721896795727 0.355905035226354 0.113699036054549
0.490092080911529 0.140292455131498 0.281118117134503 0.0884973468224701
0.11010397293427 0.0658629008786209 0.317505512509107 0.506527613678001
0.216542150395038 0.380248756335362 0.123782439201772 0.279426654067828
0.0301207931430038 0.41730171325114 0.341819731648834 0.210757761957022
0.211359445409145 0.331706107110302 0.206456951938913 0.25047749554164
0.256782419522523 0.076525639452647 0.271932253540115 0.394759687484715
0.188535596988083 0.213681445648568 0.472548841887785 0.125234115475564
0.245394656910317 0.113277109396109 0.377962472690301 0.263365761003273
0.332682757426988 0.240593239517289 0.137797319512083 0.28892668354364
0.127061049233384 0.261709020409048 0.360202248270663 0.251027682086906
0.333017267334389 0.356017139540042 0.289482733689732 0.0214828594358369
0.077960556640936 0.194435448398062 0.546682864477998 0.180921130483004
0.0525679535405986 0.301952518245868 0.301417404374077 0.344062123839456
0.0244616899360164 0.533593504538892 0.226283065142111 0.21566174038298
0.41719520772104 0.0972248809164305 0.0230796902050815 0.462500221157448
0.503845004104179 0.372050897901904 0.0385553918423094 0.0855487061516074
0.380773914271556 0.333313322465458 0.183362522467984 0.102550240795002
0.551587780936631 0.243944056487923 0.183725642339319 0.020742520236127
0.373540554705001 0.13547509153175 0.189644913778254 0.301339439984995
0.00610092586202966 0.347108477338014 0.186747964750474 0.460042632049482
0.276437853849944 0.313670276991473 0.3458971346347 0.0639947345238825
0.265656797607067 0.14884992197975 0.297404634833241 0.288088645579942
0.091430132059628 0.650960944939912 0.0743609191548443 0.183248003845616
0.284114488985872 0.376195073633732 0.17836336585262 0.161327071527776
0.406414212016215 0.333012756201261 0.215624445837317 0.0449485859452072
0.162349968432509 0.420555664965161 0.314954756072202 0.102139610530127
0.15774094937424 0.309861311330308 0.33920592892407 0.193191810371382
0.507302524269774 0.0137041291378362 0.453680984910088 0.0253123616823022
0.188382957248517 0.123590678617812 0.508300834673529 0.179725529460142
0.307017255406319 0.288703710350633 0.199681297736873 0.204597736506175
0.302588167223085 0.227205856616412 0.169587263595545 0.300618712564958
0.287244866416416 0.341491449774606 0.0895621265122815 0.281701557296697
0.385920637057872 0.255462759675807 0.09081206293741 0.26780454032891
0.345456845210048 0.285760670649195 0.0941737800280901 0.274608704112667
0.442199719373002 0.402902156280153 0.117762013342718 0.037136111004127
0.286207136648682 0.412800718755319 0.207708212632894 0.0932839319631044
0.29058558197786 0.0393676807864044 0.444317230779061 0.225729506456674
0.20156725877389 0.177308311866969 0.304845630440071 0.31627879891907
0.430101458739772 0.276209569564391 0.11485550763495 0.178833464060887
0.203869820566967 0.208921106695018 0.075084996762335 0.51212407597568
0.225333407260623 0.305590365424586 0.100029494330349 0.369046732984443
0.188193195363793 0.268609069329182 0.231443850459011 0.311753884848014
0.348700773961447 0.17282393345213 0.258663105914959 0.219812186671465
0.00482532910161384 0.389599624183604 0.0818028842297042 0.523772162485078
0.293674875598527 0.422768432751769 0.136930044693593 0.146626646956111
0.0151234337847237 0.523685817547662 0.238125715832385 0.223065032835229
0.549658369070856 0.068062213006888 0.363766381617916 0.0185130363043396
0.236370205450695 0.245284580618352 0.200473073711175 0.317872140219777
0.0793067906766833 0.370312972394907 0.326176968399023 0.224203268529387
0.200778609267016 0.309007757550669 0.234927335085782 0.255286298096533
0.471271276830578 0.00915838372580193 0.22213799371389 0.29743234572973
0.149097382233554 0.307601411590417 0.392719790598085 0.150581415577943
0.213141281304928 0.457064164550948 0.268837450924826 0.0609571032192993
0.0311713776399521 0.349879672346794 0.214489627818527 0.404459322194727
0.135538385073351 0.428913218096829 0.167850683791522 0.267697713038299
0.0870325373896037 0.381799988436043 0.304739489102645 0.226427985071709
0.37990246637363 0.05501616567665 0.349450054551538 0.215631313398182
0.530744889596324 0.233710669605361 0.118908894979728 0.116635545818587
0.330642003141532 0.190587314439876 0.225427578228677 0.253343104189915
0.202981550480315 0.205324628047964 0.199625977625939 0.392067843845782
0.677752255688705 0.252095095058693 0.0121447821463718 0.0580078671062301
0.154260191538095 0.341712234830764 0.404682921174504 0.0993446524566367
0.212526086549661 0.251086041929891 0.497859856313213 0.0385280152072346
0.203901226442277 0.351445669654258 0.412401085161404 0.0322520187420612
0.144951654916231 0.314009525212969 0.285498324332387 0.255540495538413
0.0945870254960183 0.00286385343853482 0.409352689561207 0.49319643150424
0.363979014472594 0.287235166441076 0.093955032739936 0.254830786346394
0.196223661037112 0.329064518164875 0.342700855140062 0.132010965657951
0.397442097018811 0.219725480323964 0.329265491103656 0.0535669315535691
0.325683667359135 0.177095164440948 0.0944306630190817 0.402790505180836
0.629030833682272 0.0778450633267233 0.271028097997694 0.0220960049933111
0.367542348559131 0.328985446797338 0.198393378951004 0.105078825692528
0.216207356060063 0.256242667894163 0.295109175422771 0.232440800623003
0.389630178883061 0.321710968743673 0.277578600531734 0.0110802518415324
0.145294808723588 0.10104174828477 0.231485542553863 0.522177900437779
0.257225275972978 0.330664462300022 0.114215383212973 0.297894878514027
0.593991615514907 0.137226865093068 0.210381457201647 0.0584000621903779
0.151280843908305 0.256044824420668 0.387778540442234 0.204895791228793
0.425519742194672 0.097730414606135 0.257275841951582 0.219474001247611
0.288877693507831 0.286650246944538 0.28081136798595 0.143660691561681
0.0635576261212229 0.42247505557863 0.0272101487053965 0.486757169594751
0.121966080658169 0.165298096214219 0.312234271052372 0.40050155207524
0.230927521031793 0.133536619100231 0.37439864782124 0.261137212046736
0.0575115079887267 0.292357287578295 0.271354447737869 0.378776756695109
0.128630782031131 0.354465646977887 0.369793942441301 0.14710962854968
0.380918015526702 0.271469029492074 0.200259421322247 0.147353533658977
0.298453370203528 0.225138031989227 0.231758986113146 0.244649611694098
0.311720072706113 0.0753387760318729 0.102195381410459 0.510745769851555
0.272033466090769 0.370403042482868 0.0424697932458395 0.315093698180524
0.194731166688033 0.186803947901291 0.330355342149581 0.288109543261095
0.249840023851377 0.343145122201195 0.337486523254391 0.0695283306930366
0.249531092152986 0.257381215360618 0.188922412811318 0.304165279675077
0.603753484743475 0.00699847981415501 0.241608950687324 0.147639084755046
0.382801334472488 0.343187353253598 0.0390151356400128 0.234996176633901
0.0406107429630919 0.0246280016981505 0.491644048085 0.443117207253757
0.448274589155705 0.169312009733287 0.175650751971974 0.206762649139035
0.0823870791891529 0.43199549591316 0.0238078450356283 0.461809579862059
0.452288687946347 0.0451098015749656 0.388219379056002 0.114382131422685
0.238725054024079 0.292494081606524 0.409135309208176 0.0596455551612205
0.11433872171171 0.318535865959691 0.351965169645347 0.215160242683251
0.10726375247804 0.329778226402955 0.20732071839707 0.355637302721935
0.427827905090169 0.000701756380173659 0.137528649109791 0.433941689419866
0.156801043321982 0.0513535390955109 0.407607319068243 0.384238098514264
0.278281799471583 0.162102732650515 0.29279022596483 0.266825241913072
0.239656365434916 0.169252331002278 0.314073023568656 0.27701827999415
0.156659041352113 0.123848188080011 0.367086113374091 0.352406657193785
0.374879404342861 0.205960266191194 0.301577155805014 0.117583173660931
0.134825652152209 0.0533899187728242 0.296130327785 0.515654101289967
0.215208089101553 0.103701986331627 0.253088555278143 0.428001369288677
0.277044651892086 0.338305398930429 0.0431610202400418 0.341488928937443
0.219690185357201 0.179248834043038 0.461354523870699 0.139706456729062
0.20574356265468 0.353436692576396 0.269117569157197 0.171702175611727
0.166088587301836 0.385826029489079 0.389233120081459 0.0588522631276261
0.355919409664208 0.0503940454680922 0.149361871234845 0.444324673632854
0.200579989244342 0.241083208239746 0.23890776747588 0.319429035040032
0.340336963123439 0.0534540459353864 0.157575177581222 0.448633813359953
0.136794733851169 0.0947195204437623 0.405762336848648 0.36272340885642
0.0630202113940742 0.000659762469687545 0.473429105355487 0.462890920780751
0.224967527268379 0.192920846721775 0.113342541069065 0.468769084940781
0.831952026382132 0.0275660545083667 0.0974967737491113 0.0429851453603902
0.37532774991939 0.567254422753498 0.0535215650453426 0.00389626228176913
0.375986361523462 0.13702022446444 0.339533733180909 0.147459680831189
0.153461031539159 0.268604361212125 0.481282099362144 0.0966525078865715
0.293452294829087 0.208408526626256 0.30983682376439 0.188302354780267
0.168851747640917 0.36644585570629 0.16813314233885 0.296569254313942
0.0295504566241209 0.30785865911135 0.425210840306065 0.237380043958464
0.487952820540198 0.240525142838495 0.0527365860652675 0.218785450556039
0.549610218189947 0.11023368734109 0.234013007244854 0.106143087224109
0.260606188149843 0.0170027614399202 0.291726239269508 0.430664811140729
0.283757929414796 0.316674192131586 0.093776390308026 0.305791488145592
0.12957709170033 0.272971567561684 0.316240140651787 0.281211200086198
0.0700351242389876 0.0548037085588948 0.812683151922218 0.0624780152798997
0.374095697291817 0.0583632572770404 0.28818032651258 0.279360718918562
0.257855193167659 0.181607722983536 0.323235976608535 0.23730110724027
0.117744833073822 0.420492316786379 0.14437089257811 0.317391957561689
0.0892874359682326 0.606616029979998 0.0825351014916548 0.221561432560114
0.295886960340505 0.0213575612851669 0.434299354354791 0.248456124019537
0.223926125269041 0.199676769588155 0.146457201577775 0.429939903565029
0.193714867158872 0.461261918641036 0.307007223469253 0.0380159907308386
0.400172265782577 0.174953393206816 0.156605596625946 0.268268744384662
0.16095192344844 0.18084458937249 0.439918457423743 0.218285029755327
0.500253363314843 0.2806690457746 0.0399195133711848 0.179158077539372
0.0507058437703088 0.405197442614575 0.195110734422038 0.348985979193078
0.356421788567656 0.0528324409703428 0.334694004199407 0.256051766262595
0.298612038201762 0.321355430440623 0.324727848820168 0.0553046825374471
0.286346408240639 0.164396217117215 0.530319546508291 0.0189378281338552
0.352669990285738 0.365504249619503 0.196239103207344 0.0855866568874152
0.092739100535425 0.320455447488197 0.327692437298289 0.259113014678089
0.244563921111518 0.28549181791218 0.150619304169972 0.31932495680633
0.252573321373567 0.266927622088013 0.342304273271782 0.138194783266639
0.136251589566527 0.130237556606804 0.405378066513456 0.328132787313214
0.0695075450619836 0.569626615082744 0.118146740573291 0.242719099281982
0.214471612119032 0.437794205773682 0.113108014161896 0.234626167945391
0.103300707410335 0.295592584126749 0.221379816312746 0.37972689215017
0.248063163204303 0.200816688914862 0.524078687024657 0.027041460856178
0.337620138160942 0.123053699189147 0.34928094560244 0.190045217047471
0.246946076858029 0.26457400093429 0.466412668844532 0.0220672533631487
0.386421626850404 0.289306712638018 0.273409855543859 0.0508618049677188
0.100795100237672 0.39602462983546 0.225431542696757 0.277748727230111
0.327709581499228 0.249950361905561 0.121120063091111 0.301219993504099
0.559978552854329 0.0225337552475296 0.0543625585559152 0.363125133342226
0.307100003270134 0.16314395263253 0.355961127857931 0.173794916239405
0.33933841707756 0.232906380623409 0.167483174565546 0.260272027733485
0.183546468789096 0.157873388202266 0.401020377941285 0.257559765067352
0.320890094287694 0.314011801052369 0.0315672393820223 0.333530865277915
0.118658116063805 0.311658523231743 0.382577176306252 0.1871061843982
0.308902029681663 0.193891859423932 0.253808580508204 0.243397530386201
0.548057849484078 0.261099602105462 0.181445717002242 0.00939683140821832
0.306557305809058 0.338618853134437 0.166529715721331 0.188294125335173
0.368794045222259 0.135663640093725 0.363111961706807 0.132430352977209
0.131802417529647 0.0225860437622718 0.351946061019304 0.493665477688777
0.381004676321138 0.519690459235607 0.0215319937392673 0.0777728707039879
0.666647544329664 0.122109684466436 0.00380575039792405 0.207437020805975
0.336484639419097 0.15928600972354 0.0821104029073779 0.422118947949985
0.745674741657703 0.0370677250482116 0.176483396922182 0.0407741363719042
0.201603057616147 0.387588051265103 0.35782043437936 0.0529884567393907
0.0257651549285885 0.472035059230033 0.179819338454148 0.32238044738723
0.186400675002588 0.426828413128998 0.0535339688530707 0.333236943015343
0.247827463357091 0.139703653875879 0.081435349529659 0.531033533237371
0.0490812269938986 0.336967415347711 0.284394557089671 0.329556800568719
0.602630169340156 0.29777638881594 0.00325244707766081 0.0963409947662436
0.206107452135018 0.122450788954575 0.370894833787041 0.300546925123366
0.394863275777258 0.224968195538373 0.27312556505389 0.107042963630479
0.26823083684747 0.153028286998795 0.362978172899448 0.215762703254286
0.138657896650394 0.581951892792424 0.170879222058944 0.108510988498238
0.0318543826253843 0.114798841446996 0.219017098458655 0.634329677468965
0.450223720944002 0.290078477253013 0.201920507790416 0.0577772940125688
0.145427558575381 0.157344244252678 0.312672265493087 0.384555931678853
0.238931350143905 0.124359155427619 0.133644613391369 0.503064881037107
0.183575234349885 0.459342355790461 0.139415893695235 0.21766651616442
0.367482159081627 0.253599159701748 0.317608293351887 0.0613103878647386
0.193286841567859 0.20262629863328 0.469904311779702 0.134182548019159
0.420954945662851 0.102756501449678 0.0283154993990391 0.447973053488432
0.337482590325354 0.383287153141275 0.0651098354411397 0.214120421092231
0.532557295811438 0.0483268813583002 0.186738766009551 0.232377056820711
0.328748596725515 0.308740051001427 0.185095115629064 0.177416236643994
0.0140064575063682 0.233579932696699 0.0955261000630407 0.656887509733892
0.128270236486286 0.283771044807004 0.489173353842773 0.0987853648639364
0.315586398115802 0.300132094200126 0.359393373928383 0.0248881337556897
0.287001634692882 0.245322318213844 0.108169125964829 0.359506921128445
0.2489528414566 0.217757147310203 0.220504260720731 0.312785750512466
0.230266091514217 0.215957325458325 0.269907551431195 0.283869031596263
0.417012195730501 0.039222874368989 0.210496816526489 0.333268113374021
0.294198612291789 0.190283748762788 0.17321212535757 0.342305513587852
0.249970352390949 0.336540291155311 0.262203996185746 0.151285360267995
0.246852072286891 0.201901792752985 0.00109660457575802 0.550149530384366
0.252712122460467 0.32849324475966 0.1720942761867 0.246700356593174
0.353006686294013 0.214588032337363 0.271643723713087 0.160761557655537
0.145569467592082 0.31767768472278 0.210187366004475 0.326565481680663
0.264880863604104 0.206658617000675 0.280530637518721 0.247929881876501
0.248203492877035 0.2411733278563 0.133925578343095 0.37669760092357
0.213455286161081 0.292569351439727 0.219589145997269 0.274386216401923
0.23395657189226 0.273349114382039 0.279050836142258 0.213643477583443
0.119360910568292 0.550523511645101 0.214723315247803 0.115392262538803
0.115874227750688 0.0738482734723823 0.296614209726153 0.513663289050777
0.0765395823787827 0.383545859774433 0.343450532361491 0.196464025485294
0.0486370459155867 0.361435529501861 0.193207211529522 0.39672021305303
0.241233936666223 0.328754765197164 0.365750865812283 0.0642604323243299
0.063642872389298 0.293486837919076 0.2413484112386 0.401521878453026
0.0122387626284855 0.269958267700341 0.397326405077303 0.32047656459387
0.335237231441725 0.263365384487326 0.22586079520983 0.175536588861118
0.224053012827459 0.241304003448928 0.265832275436556 0.268810708287056
0.0273084367005704 0.176120254812277 0.229455828869393 0.56711547961776
0.108300845119142 0.376319088164355 0.145353865678263 0.370026201038239
0.341884465976142 0.306354895148328 0.0481436981044228 0.303616940771107
0.184808467792746 0.156075485548666 0.126030165106543 0.533085881552045
0.13015198972392 0.359308720254638 0.33700598442228 0.173533305599163
0.428508379500456 0.0132232109745841 0.146562300385789 0.411706109139171
0.374391259964768 0.141475063123088 0.251918102524511 0.232215574387633
0.283452970703915 0.329704686866689 0.196082274410466 0.19076006801893
0.437925997546911 0.120173063646567 0.158150998834214 0.283749939972308
0.26588997903509 0.333614718975819 0.271448797054747 0.129046504934344
0.307814889066708 0.26583537088324 0.172146956420668 0.254202783629383
0.293867918308452 0.220021117657193 0.255453649920002 0.230657314114353
0.39018868453913 0.0898352603439708 0.160013348536113 0.359962706580786
0.286378276473352 0.247141651137536 0.135659876175544 0.330820196213568
0.245571906940248 0.288722603847386 0.240205788753604 0.225499700458762
0.293182038443979 0.312238059834409 0.130774727265845 0.263805174455768
0.327172968419957 0.204729645917002 0.113596872257178 0.354500513405863
0.284995611727158 0.0155367180017952 0.318866970207317 0.38060070006373
0.276443268190498 0.0760294972113702 0.595716167047036 0.0518110675510953
0.0966882137419794 0.236449908908228 0.406121777461004 0.260740099888788
0.36428469216818 0.264350893708541 0.109175756492879 0.2621886576304
0.404565588370503 0.301480500426162 0.158149836225741 0.135804074977594
0.273543869733964 0.499612304319119 0.190330274390881 0.0365135515560365
0.265515213406177 0.00110363828985881 0.284195071918047 0.449186076385918
0.298140698146097 0.325742347451749 0.0288188237427616 0.347298130659392
0.24923637217148 0.412127565261755 0.157573985394178 0.181062077172587
0.1637828455334 0.20672680938913 0.380250623482694 0.249239721594777
0.143582076830305 0.226579113411165 0.240110997386468 0.389727812372061
0.21517889882874 0.538598642392949 0.138786437332167 0.107436021446144
0.212117802649517 0.0626014564094042 0.362717576328214 0.362563164612864
0.636185676055614 0.148224463781798 0.0256549578543279 0.18993490230826
0.063141153328937 0.09660488814556 0.321143549760817 0.519110408764686
0.429921363010011 0.240987674800803 0.0330649698501964 0.29602599233899
0.155844394025344 0.340771028594595 0.0340002633066166 0.469384314073444
0.116648127912799 0.382094380490184 0.223243955910525 0.278013535686491
0.277133872681906 0.300852108089369 0.301647329927491 0.120366689301234
0.538919331148188 0.0569502530899594 0.105711013608492 0.298419402153361
0.170273946057418 0.407578561983544 0.0132774878991186 0.408870004059919
0.163911107966196 0.464250610780741 0.299604474227481 0.0722338070255828
0.0251583115345665 0.0532751250182209 0.231696079685115 0.689870483762098
0.250965106543942 0.40630226881321 0.306658610678139 0.0360740139647079
0.380499979780683 0.24709915522062 0.14369472870714 0.228706136291557
0.526679430913642 0.0359458570696834 0.337072601859438 0.100302110157236
0.137642578496736 0.348692025423678 0.277386812474286 0.2362785836053
0.598493846303105 0.236615143245665 0.123199002674422 0.041692007776808
0.304832270519005 0.136250971316019 0.345804738983031 0.213112019181945
0.359947524075467 0.0209340411131206 0.253467809680836 0.365650625130576
0.0737294521770692 0.0256332079190597 0.646299717411708 0.254337622492163
0.243270321194522 0.242282112240443 0.247645897005344 0.266801669559691
0.272130052680033 0.534810325932907 0.146397035145533 0.0466625862415269
0.385721736801005 0.404529286306138 0.148898027452643 0.0608509494402145
0.273748611941084 0.191087826666875 0.222858151833455 0.312305409558586
0.146075049609448 0.270408771536562 0.352202793687607 0.231313385166384
0.393935610364786 0.25921525168524 0.162351197178857 0.184497940771117
0.00117788574187819 0.333507079456138 0.343575712209955 0.321739322592029
0.152944100135246 0.439090558983801 0.254029220629418 0.153936120251536
0.224032288303474 0.250485707830471 0.348714177844384 0.17676782602167
0.299659295111429 0.38182725027806 0.0464414239355546 0.272072030674956
0.120400305592332 0.512985874416053 0.0302233417533965 0.336390478238219
0.162637434246398 0.119519215939903 0.604983081582926 0.112860268230774
0.0261861640973061 0.298701597927954 0.345882358291538 0.329229879683201
0.182352785746587 0.234810216486647 0.294512247090219 0.288324750676546
0.0754333949201015 0.101612590622198 0.418159407393812 0.404794607063889
0.20990149458649 0.106321761564662 0.310629492282738 0.373147251566109
0.119388470062591 0.268258864622993 0.362456634606228 0.249896030708187
0.194246412836897 0.247547450194941 0.287192580920433 0.271013556047729
0.452656417225453 0.229778079162326 0.155056491642347 0.162509011969874
0.358647389291502 0.236242718475351 0.158580477736957 0.24652941449619
0.232224146335173 0.275282668100785 0.275436849350132 0.21705633621391
0.11795803460278 0.249897005756634 0.264722138810395 0.367422820830191
0.0750365916862778 0.226997216185533 0.0971828220897603 0.600783370038429
0.247077632025271 0.324419753073048 0.286825269675141 0.14167734522654
0.0457124717074932 0.35027882127789 0.459345339809529 0.144663367205088
0.388390376006221 0.395784064092428 0.0703520112487775 0.145473548652574
0.314124638756862 0.216053802212321 0.268520253724371 0.201301305306446
0.259848150027689 0.193279071338709 0.0763493970332897 0.470523381600312
0.147167722529975 0.0917418991325821 0.40685045726464 0.354239921072803
0.208140377348449 0.54236894446549 0.0552435316855956 0.194247146500465
0.578407386871565 0.196992060957632 0.0193761254313504 0.205224426739453
0.30248775238354 0.267390688558576 0.00261303367011728 0.427508525387766
0.0509794030114208 0.303033247148303 0.302433666418313 0.343553683421963
0.110005402612033 0.415237765684874 0.418583733119575 0.0561730985835187
0.259913490490392 0.116766253381533 0.434283612426907 0.189036643701168
0.294305191339775 0.33755474024935 0.200691689331874 0.167448379079001
0.571604705189114 0.100671150001896 0.151621951697186 0.176102193111804
0.553162816408648 0.240310683224611 0.0116684910529321 0.194858009313809
0.319309991937123 0.319567203453116 0.146516759629384 0.214606044980377
0.396280411237443 0.0896246257752764 0.442186450455762 0.0719085125315184
0.322886807274669 0.164843618305423 0.220275925747917 0.291993648671992
0.0889342119623917 0.363524431885821 0.0544995419795302 0.493041814172258
0.243697630061883 0.225488705840629 0.266773584457561 0.264040079639927
0.409285924881347 0.0585372512786157 0.469161439302401 0.063015384537636
0.370003107811184 0.113429516985223 0.26859573293842 0.247971642265173
0.0358074594189908 0.366691847513774 0.305185097734983 0.292315595332253
0.275195522275429 0.29166345513914 0.402348712012965 0.0307923105724659
0.0401724058465675 0.0490759404461897 0.448693815732819 0.462057837974424
0.355147351141754 0.315608159323439 0.267715729305807 0.0615287602289999
0.304734998851049 0.191499623991995 0.226749271125344 0.277016106031612
0.312103733070494 0.135601635245182 0.192058695558848 0.360235936125476
0.0914051384400133 0.384180730018947 0.0036520046120686 0.520762126928971
0.0528745340783132 0.357942715240374 0.474986185779113 0.1141965649022
0.29515635006377 0.325138920010908 0.323354216922033 0.0563505130032884
0.144517580031035 0.392024183504077 0.238204029251419 0.225254207213469
0.568220062664883 0.138420170835075 0.227510827418978 0.0658489390810641
0.0166467073795499 0.227723521268292 0.486174518721717 0.269455252630441
0.0165740916267009 0.035773290133363 0.398166810535141 0.549485807704795
0.0521727770688581 0.399738362624664 0.365463359300437 0.18262550100604
0.184756009504644 0.406972468637291 0.274318527062621 0.133952994795444
0.336302488298353 0.0248007371878016 0.321867282751115 0.317029491762731
0.061600377071585 0.718644733149044 0.117189775409492 0.102565114369879
0.00149276486476434 0.397529965672019 0.420988961507789 0.179988307955428
0.244055042337739 0.474543664739662 0.138607021747288 0.142794271175311
0.0485515818430713 0.327784810781712 0.240808625370248 0.382854982004968
0.386305380074456 0.225982344909606 0.269185995398258 0.11852627961768
0.300913335709239 0.188126524146021 0.468810599380504 0.0421495407642367
0.546063084245344 0.105011943999064 0.129269650637504 0.219655321118088
0.0873726443915275 0.329860898849671 0.208790207413413 0.373976249345389
0.0310632157715155 0.105822452189306 0.440496332098514 0.422617999940664
0.283778323936876 0.070139632188727 0.182691852710383 0.463390191164014
0.164265738280327 0.191401634009699 0.376928152774405 0.26740447493557
0.239819695012489 0.187987427747078 0.300218495233996 0.271974382006437
0.390585910683667 0.145829081137917 0.410319436398261 0.0532655717801553
0.104590626267758 0.139102763952341 0.321687536040892 0.434619073739008
0.238772702839447 0.0534318346615413 0.349141692736396 0.358653769762615
0.121323496660571 0.0620488239203002 0.443648737572695 0.372978941846435
0.446508499297742 0.0181716553688269 0.172772858492694 0.362546986840737
0.447186323433422 0.399374370849756 0.11072836044943 0.0427109452673922
0.233644733970771 0.33124524056477 0.227495281331433 0.207614744133027
0.0445033157605963 0.386225261635022 0.289321458820102 0.27994996378428
0.19502314737655 0.268066318344566 0.360608310807272 0.176302223471612
0.382195987051605 0.213007557564698 0.211011551398315 0.193784903985383
0.261669630528734 0.333546198405668 0.327576913568506 0.077207257497092
0.0167314343056289 0.316448401918085 0.556244487318159 0.110575676458128
0.265991356087457 0.218043632541278 0.252162200125483 0.263802811245782
0.245167539887689 0.0174679655417768 0.43706106774163 0.300303426828904
0.306217084754907 0.283189047182303 0.114515199168676 0.296078668894114
0.35060965678529 0.0437823817979292 0.31295027253878 0.292657688878
0.357874904498961 0.0421577714758751 0.174064093666357 0.425903230358807
0.33203031930277 0.143869509883453 0.272244206307189 0.251855964506588
0.419735579256682 0.534867603157666 0.0337974891288688 0.0115993284567836
0.255007546165248 0.145443582772601 0.335090839720855 0.264458031341297
0.373218128565071 0.362543066999026 0.259661735181268 0.00457706925463471
0.484691255502903 0.0429913339273981 0.167252048772322 0.305065361797377
0.481111567097576 0.164955469465152 0.260878836206502 0.0930541272307705
0.00982175120534824 0.686123157418818 0.107192025414325 0.196863065961508
0.0411823182716453 0.385783947384849 0.462560122710797 0.110473611632709
0.241839812765651 0.256560355045235 0.240760976116644 0.26083885607247
0.316663133797776 0.246881277309586 0.239557646642446 0.196897942250192
0.27196707631292 0.17233627717656 0.294377416786012 0.261319229724508
0.315888293061722 0.351651169407688 0.187281450284267 0.145179087246323
0.366315815681881 0.1329346903857 0.192141270834437 0.308608223097982
0.384917338840107 0.333768973378738 0.0626918700085209 0.218621817772634
0.278749057575008 0.316852269709877 0.0676913806244196 0.336707292090696
0.0502241329367756 0.259632310754704 0.355106311012438 0.335037245296082
0.612068529321076 0.0712646447978818 0.21521301314089 0.101453812740152
0.138377385763704 0.116290060802002 0.211190112756056 0.534142440678237
0.00292595405909822 0.363137542324443 0.01341984099682 0.620516662619639
0.220641092516055 0.235341259519704 0.0567862506315473 0.487231397332694
0.233459120382708 0.0890987198002153 0.325206996004149 0.352235163812928
0.340284394267849 0.404887263861493 0.208171447140009 0.0466568947306488
0.316401688688793 0.261256647394135 0.309554973248775 0.112786690668297
0.31427726517403 0.185569790229406 0.219076405742769 0.281076538853795
0.242099156080684 0.0603595639250726 0.286728137167504 0.41081314282674
0.349108633001374 0.335267078024013 0.221408244466954 0.0942160445076596
0.377511242595612 0.24938869736594 0.0518020707829222 0.321297989255526
0.207106114073835 0.225853527741506 0.346591719461721 0.220448638722939
0.250524366383987 0.308093093916734 0.245274081924206 0.196108457775074
0.0778104804568006 0.040704779016063 0.619014025001301 0.262470715525835
0.314680541783077 0.416918600637767 0.219902703225386 0.0484981543537699
0.128213453257317 0.511545783630773 0.206221381760852 0.154019381351058
0.214027731582594 0.0532369104636455 0.570245906221245 0.162489451732516
0.226943266121303 0.269052336788172 0.204391455388097 0.299612941702427
0.312760492812637 0.357662654465468 0.297226709406189 0.0323501433157063
0.0148962544419016 0.452005410512158 0.422617142174304 0.110481192871637
0.358078828278076 0.341118118838007 0.16161820670846 0.139184846175457
0.0335162213085026 0.123552800038586 0.170586955522214 0.672344023130697
0.218089455855412 0.632157820914866 0.13852191415089 0.0112308090788319
0.171686162352818 0.252509560791109 0.26654959094623 0.309254685909843
0.25728833773497 0.356338239564816 0.126932020194812 0.259441402505401
0.361520008417365 0.0574048310849927 0.245191276145547 0.335883884352095
0.274297433364964 0.218599975378877 0.222787407677877 0.284315183578282
0.192320002030307 0.0315416700280486 0.604866492665799 0.171271835275846
0.0354940239789265 0.432988815175065 0.142773253039485 0.388743907806524
0.392213575880994 0.287864119460541 0.00723108487936987 0.312691219779095
0.403325702272168 0.112732534470072 0.358672330056196 0.125269433201564
0.0817023265860099 0.536232034512026 0.225245378888748 0.156820260013216
0.142115393274535 0.443627369929579 0.36052249314459 0.0537347436512962
0.342252813286393 0.345588038017373 0.0575782364502583 0.254580912245976
0.241160766017397 0.243564151257957 0.378089952933759 0.137185129790886
0.0269099506499178 0.28351728371059 0.500890454273198 0.188682311366295
0.356902706857005 0.315205219163303 0.13970311412307 0.188188959856622
0.292323932693041 0.311357954627073 0.283482427298774 0.112835685381112
0.362289719129265 0.0473606608634329 0.243109262202449 0.347240357804853
0.298183696468987 0.317967397268951 0.204693533788321 0.17915537247374
0.108242227742805 0.0874480262369288 0.586008507740166 0.218301238280101
0.249231730716986 0.343001524746687 0.335005496014564 0.0727612485217618
0.327540510522232 0.266402687167927 0.328974033885249 0.0770827684245912
0.0188191617344796 0.38661075557221 0.206946317335801 0.387623765357509
0.0782257776622565 0.241318885716897 0.232963164157069 0.447492172463778
0.320293933941783 0.350285813784146 0.187360515820227 0.142059736453844
0.328267159541374 0.429705823673112 0.00160067626374675 0.240426340521767
0.208554829898391 0.0121741090914117 0.678898433951657 0.10037262705854
0.043631687023658 0.316428120156688 0.233897136841377 0.406043055978277
0.423195380257682 0.265173740052853 0.118084245991707 0.193546633697757
0.356174319621156 0.00760912882711327 0.387187820062443 0.249028731489287
0.144776687433167 0.3601686030043 0.1795554205634 0.315499288999134
0.38965736740152 0.24981547039939 0.254681636231924 0.105845525967166
0.10096452652082 0.155875855148141 0.268757100951458 0.47440251737958
0.327468469219069 0.219127888687964 0.0579639790831257 0.395439663009841
0.37818677392155 0.340377805780303 0.192380013952538 0.0890554063456102
0.399002731369477 0.176043925913026 0.315155289514473 0.109798053203024
0.444185802910112 0.208719067389277 0.193781785681639 0.153313344018972
0.0442946373684672 0.0338964866564493 0.211619699710748 0.710189176264336
0.293328956961622 0.0324442061439064 0.154785830675451 0.519441006219021
0.385294187850596 0.0905376899768805 0.426433052487867 0.0977350696846565
0.250778028071789 0.328557168355042 0.101532357641356 0.319132445931813
0.394720374980511 0.174371150469592 0.0776049962693661 0.353303478280531
0.0196985676268978 0.213179229289 0.411658855070723 0.355463348013378
0.120409584877068 0.0564629768319862 0.336515449491751 0.486611988799195
0.06852480951635 0.116300185932898 0.337242118596475 0.477932885954277
0.222061517680955 0.265426769960276 0.295027628546566 0.217484083812202
0.222088518609759 0.14414374992513 0.425234585876877 0.208533145588234
0.458803006000233 0.0542122216719934 0.0517852755627725 0.435199496765001
0.260627717088625 0.323794985514946 0.315305670939039 0.10027162645739
0.0378307736284815 0.426371436034966 0.384364828806079 0.151432961530473
0.298448304598005 0.1325104745018 0.231067214711033 0.337974006189162
0.383307224546499 0.217609688623823 0.0894171976698419 0.309665889159836
0.0322061001584983 0.39450014732145 0.176113303932255 0.397180448587796
0.126470726807034 0.412815111817859 0.00817799924624237 0.452536162128865
0.453324117475225 0.0250738094663882 0.0849047697404252 0.436697303317961
0.0868477947390056 0.264597427760981 0.326739050844212 0.321815726655801
0.155458862314431 0.188312331707211 0.317867936078183 0.338360869900175
0.322902681660834 0.353140048842839 0.320722631602466 0.00323463789386191
0.38839428380714 0.210799355643811 0.363385006005999 0.0374213545430499
0.418870949773974 0.0131401350414054 0.319290377030645 0.248698538153976
0.0315460010834661 0.00878771879224718 0.688278776435137 0.27138750368915
0.275458951179091 0.342220783678231 0.215288192788131 0.167032072354548
0.0593847614249 0.428181038118441 0.12769661724214 0.384737583214519
0.0245135035791723 0.400263073814655 0.32726721741209 0.247956205194082
0.216827888594838 0.142927166133101 0.11798851110468 0.522256434167381
0.309074615327164 0.0569916192608487 0.372150659416813 0.261783105995174
0.160740701504406 0.393760503941836 0.138563239346167 0.306935555207591
0.0213866775655466 0.292798775147034 0.361019451627774 0.324795095659646
0.00362100090181028 0.191799218630069 0.545523360051588 0.259056420416532
0.521743051369766 0.161379877409287 0.256494955418161 0.0603821158027857
0.391114816517911 0.162186050594757 0.346313800153806 0.100385332733526
0.428218497688933 0.234276318776035 0.158439995363972 0.179065188171059
0.452720702263136 0.168219076369039 0.082858707475514 0.296201513892311
0.230237931203459 0.198777923437292 0.465116239485547 0.105867905873703
0.204468301878348 0.180108261966412 0.417361485961931 0.198061950193309
0.301753719312293 0.222931925228321 0.362064486612057 0.11324986884733
0.144286729651348 0.0512977850844885 0.400511874161337 0.403903611102826
0.21959490731184 0.292030263301757 0.278425519050592 0.209949310335811
0.258110078709682 0.355091734691481 0.29025312756923 0.0965450590296065
0.218318171233864 0.102133787245769 0.608015086958211 0.0715329545621559
0.391365336660652 0.0411875793381721 0.375319702218436 0.192127381782741
0.398855234251783 0.161110714558935 0.260525616781564 0.179508434407717
0.433498117414799 0.275733730997517 0.265973510487065 0.0247946411006193
0.09119935986267 0.439851109689794 0.191909851414092 0.277039679033444
0.0337051652583068 0.403389439020981 0.408826308938387 0.154079086782325
0.285720177413368 0.0478476387141407 0.351328485006375 0.315103698866116
0.111518054402226 0.393791637841064 0.304750547786489 0.189939759970221
0.105155954373884 0.374371788859334 0.332140399171288 0.188331857595494
0.397914999344913 0.245657143915508 0.100129922800288 0.256297933939291
0.110710945751979 0.23913487846286 0.336046353708533 0.314107822076627
0.249372083633003 0.268390265773247 0.156554782584097 0.325682868009652
0.310478816446679 0.261230740230046 0.352153588724993 0.0761368545982826
0.150149872073347 0.345357542216514 0.303755072337575 0.200737513372564
0.377740300763327 0.178990423154401 0.303315421705915 0.139953854376357
0.265101929508229 0.103095728681245 0.537594131195006 0.094208210615519
0.370022829277621 0.0660526333087287 0.342908428459327 0.221016108954323
0.192658232342346 0.164711676594192 0.379363095451651 0.263266995611811
0.0918310021343469 0.282233855335848 0.331032912359559 0.294902230170246
0.199724037948767 0.316785363057678 0.326496275196702 0.156994323796853
0.40831736725444 0.131245055745844 0.303181089943706 0.15725648705601
0.374552089467415 0.41533071963063 0.100547851287264 0.109569339614692
0.348855803367787 0.0361553582775506 0.418138948581663 0.196849889772999
0.388811262158528 0.263563682327712 0.135309739273503 0.212315316240257
0.413595994144073 0.238017380593472 0.0691183416932479 0.279268283569207
0.181591321141187 0.0120221292920991 0.342164001538618 0.464222548028095
0.342654206039588 0.187221319188708 0.163215971659899 0.306908503111805
0.267783998985026 0.199939104488168 0.386357538684669 0.145919357842137
0.00767429587864344 0.274622760725536 0.481246561538813 0.236456381857007
0.45905729207555 0.348533678346432 0.00505585349089857 0.18735317608712
0.322902242226871 0.273573050487157 0.1028964289856 0.300628278300372
0.185472662329459 0.0714959067381456 0.202349714682134 0.540681716250261
0.491443504770514 0.0781804232827672 0.10339275151331 0.326983320433409
0.341462039825145 0.282077111979703 0.012604847128228 0.363856001066924
0.23294764338059 0.251380046033314 0.214355661554966 0.301316649031129
