0.0266950527065648 0.20032858665178 0.606917758373044 0.166058602268612
0.301075572588682 0.0199489921897095 0.275010946612418 0.40396448860919
0.409698055506931 0.156739466101516 0.305130446014602 0.128432032376951
0.0176848763724875 0.150277654653146 0.405885769591934 0.426151699382433
0.141205725236678 0.583051683686387 0.0164150046613277 0.259327586415607
0.298242354392032 0.393055497304655 0.175310223947175 0.133391924356139
0.0925357520719755 0.458259762411997 0.320926017967989 0.128278467548038
0.0687209640304119 0.282024650731858 0.210326741111643 0.438927644126087
0.343593326489865 0.119292112924746 0.360252116516312 0.176862444069077
0.243999536660081 0.162312232964873 0.152721175368352 0.440967055006694
0.376302787428647 0.249473816994238 0.153260101288704 0.220963294288411
0.24976183126969 0.196501276631754 0.313643669192078 0.240093222906478
0.116876110416304 0.358132968814338 0.451848395289741 0.0731425254796172
0.387627076282251 0.405226118030559 0.155656229903415 0.0514905757837748
0.44380197158684 0.128892457091177 0.0210023787734412 0.406303192548542
0.176158835417713 0.0594888510595064 0.450170496010902 0.314181817511878
0.132082087719183 0.229263599273898 0.371122728330132 0.267531584676788
0.386111107897121 0.0670738278718165 0.0124519334522297 0.534363130778832
0.115456402230641 0.392387509774398 0.137245118230091 0.35491096976487
0.213054609193577 0.396260228340815 0.371379176189133 0.0193059862764752
0.484802016472626 0.0629734234703266 0.20147948714194 0.250745072915107
0.338646760817848 0.263942545443564 0.15184290562109 0.245567788117497
0.131005689970562 0.326923233657901 0.193878540981702 0.348192535389835
0.333028420822176 0.299489611466048 0.328253614706556 0.0392283530052206
0.191924165583685 0.257642069711672 0.12283027664507 0.427603488059572
0.440415712064814 0.245612881828703 0.118846242968301 0.195125163138182
0.378639844677885 0.402356120404242 0.195774214168749 0.0232298207491229
0.426329162690331 0.0974739927323502 0.234157766578572 0.242039077998746
0.399222583571299 0.0289526769867255 0.422856548029591 0.148968191412385
0.372504668078673 0.184698569840987 0.202695845640986 0.240100916439354
0.176571617857551 0.289931847545025 0.253202497399587 0.280294037197837
0.433586467378944 0.223987885005078 0.177099995070691 0.165325652545287
0.237159070466598 0.20343576727055 0.230067909895759 0.329337252367094
0.292652365581309 0.175388210324646 0.357736079401877 0.174223344692168
0.350812675702417 0.300830140522616 0.081487592883677 0.266869590891289
0.339880780341609 0.141186163615443 0.0617655071530094 0.457167548889938
0.467915545592502 0.459642547455788 0.0284791752728085 0.0439627316789019
0.159833374574775 0.382606654200551 0.0996751406898481 0.357884830534826
0.219657419619294 0.357976567992514 0.135798988929594 0.286567023458598
0.0595757195467104 0.365116301268886 0.389948459100054 0.18535952008435
0.231514042405505 0.173465411106752 0.316930488072839 0.278090058414905
0.147936019511879 0.387401445938679 0.184061893490447 0.280600641058994
0.0993315125535474 0.166033053534889 0.520789718943143 0.213845714968421
0.481099565425628 0.139823129077237 0.106796401997114 0.272280903500021
0.31536133754967 0.352544677610952 0.112392696033929 0.219701288805449
0.209860639020121 0.154403998892796 0.0799658976215745 0.555769464465508
0.191002763783178 0.279818800268163 0.266940013713927 0.262238422234732
0.1652584268763 0.27048050476099 0.364207926637268 0.200053141725442
0.382536791157946 0.0903513308192265 0.279372703491833 0.247739174530995
0.421973870660518 0.0917091298787685 0.104702666438462 0.381614333022251
0.475482404350106 0.225182389837513 0.0640153106267738 0.235319895185607
0.463002411280116 0.0128569919373379 0.280141740629017 0.243998856153528
0.212696535926218 0.195136384421173 0.441888320738822 0.150278758913787
0.268635717933278 0.574833203075069 0.0849982125976144 0.0715328663940383
0.310078039337732 0.317308685320186 0.0175447993996017 0.35506847594248
0.398716549637154 0.0827311059802281 0.056091981329099 0.462460363053519
0.566271830225877 0.205004109457113 0.123240567112482 0.105483493204528
0.303228680287282 0.106931419127714 0.311146846476136 0.278693054108868
0.212130748135647 0.0696006410843005 0.271764164265823 0.446504446514229
0.207828148931519 0.228202235426104 0.232551439885805 0.331418175756572
0.330972593053939 0.0733256442042844 0.411792733112297 0.18390902962948
0.0910525767228219 0.298188799286665 0.517167214864012 0.0935914091265007
0.456260449038259 0.0345118093301648 0.416785659494849 0.0924420821367273
0.045281326867195 0.0577339713076512 0.40341339444747 0.493571307377684
0.130739641268899 0.24304480072858 0.279349202839647 0.346866355162874
0.208711406789423 0.249526146258732 0.228108155849364 0.313654291102481
0.37666278841966 0.226015120873308 0.333247782376217 0.0640743083308149
0.0108182640485054 0.474214243586327 0.0101648291736877 0.50480266319148
0.294453828968723 0.407934417523942 0.00776401538237115 0.289847738124964
0.0152759765642781 0.213454449516779 0.335504472335244 0.435765101583699
0.320415521626302 0.312783311072629 0.0997698603344448 0.267031306966624
0.0687305761855777 0.165237519294551 0.405537974104809 0.360493930415062
0.447423214307587 0.172284814951016 0.0468792395878326 0.333412731153565
0.359240733915371 0.120819019396755 0.220258040044867 0.299682206643007
0.126377862105162 0.163071930013506 0.337515702492003 0.373034505389329
0.344011982901381 0.217508169189621 0.24137187369628 0.197107974212718
0.247022283639396 0.253103233125085 0.243821648640071 0.256052834595447
0.335518902730559 0.103899379808213 0.247635366928601 0.312946350532627
0.348946983576726 0.0270179458784504 0.369715393900672 0.254319676644152
0.0958530066268228 0.296801063833509 0.327626384813816 0.279719544725852
0.216344239676372 0.25745823574081 0.189499392048543 0.336698132534274
0.263829065015995 0.28573786304499 0.163528829714017 0.286904242224998
0.18981777978438 0.348678743751469 0.111656395399473 0.349847081064677
0.182885825213449 0.0140864031319582 0.563676584915477 0.239351186739115
0.317119453072728 0.357676864498692 0.311553936034631 0.0136497463939499
0.246749547616999 0.256763135364083 0.432378047087752 0.064109269931166
0.247938814958023 0.273347451503354 0.262446694065152 0.216267039473471
0.151316966962518 0.139819504660939 0.553255460818149 0.155608067558394
0.270507244216839 0.190814393154304 0.213370030568418 0.325308332060438
0.37045950959134 0.273560098232428 0.326412683386923 0.0295677087893085
0.449232502915101 0.0978645050874187 0.0083604954220183 0.444542496575462
0.46625966138304 0.0038226559534587 0.328442511425618 0.201475171237883
0.175036295725398 0.121213800880716 0.229078243621697 0.474671659772189
0.215765548974124 0.20816406313504 0.345772866926904 0.230297520963932
0.315692275538018 0.215312406936579 0.42221378066052 0.0467815368648831
0.0170171874559933 0.340314402386959 0.27361184241075 0.369056567746298
0.150355768939798 0.192344789871757 0.390518116275388 0.266781324913056
0.303192902741536 0.318027965362423 0.147639813567506 0.231139318328535
0.516162466898109 0.0448628448193475 0.183286892879173 0.255687795403371
0.490580903833025 0.339465311522453 0.056067869479095 0.113885915165427
0.286568065726056 0.284722933258472 0.0502980153328405 0.378410985682631
0.149910997721983 0.0564610601775346 0.11133611398679 0.682291828113693
0.172894436368629 0.116315652760273 0.419469061226818 0.29132084964428
0.303621315925689 0.164882717293482 0.306842585742189 0.22465338103864
0.314560768990361 0.510846166398118 0.0321118348195368 0.142481229791984
0.426481912316128 0.0193903369288792 0.328392488523793 0.2257352622312
0.399054458415487 0.32034076638751 0.19440975478808 0.0861950204089228
0.224935930778116 0.352608073500946 0.267577645383395 0.154878350337542
0.487411354124138 0.0145497489931492 0.231177072421193 0.26686182446152
0.203721901286656 0.115547115108066 0.413298343290414 0.267432640314864
0.389044660442983 0.352097038159016 0.0390020156982779 0.219856285699723
0.13398690054846 0.236326475251384 0.582883917296036 0.0468027069041198
0.245804438177367 0.120528785984959 0.372564062629734 0.26110271320794
0.319002041301169 0.333813101983853 0.0477518255514459 0.299433031163532
0.301204295833618 0.232520315191934 0.307790337305565 0.158485051668882
0.490904342617643 0.220791042800826 0.285195150474682 0.00310946410684836
0.0830186668429071 0.0951572857631097 0.526489142950277 0.295334904443706
0.374709769749217 0.261657357460367 0.16626294884621 0.197369923944206
0.153450835235298 0.387610648852043 0.354289924331458 0.104648591581201
0.339124933151102 0.231215439910173 0.284200468532199 0.145459158406527
0.178636484904515 0.244229670467468 0.0574182318304612 0.519715612797555
0.440255223811454 0.309994757755012 0.0444482170620125 0.205301801371522
0.101192667770808 0.184116828178156 0.352553468952325 0.362137035098711
0.221702837887213 0.219532405698213 0.340610117911325 0.218154638503249
0.0703053771382277 0.296314921626272 0.313720707787122 0.319658993448379
0.191229783269189 0.0648387615181772 0.219741744042066 0.524189711170569
0.267296074026207 0.214716934075575 0.263155428003413 0.254831563894805
0.129072083769134 0.293438121757043 0.404873474661676 0.172616319812147
0.125161058450007 0.353140192845399 0.192306735214422 0.329392013490173
0.163763274593695 0.126915739800489 0.366151291194946 0.343169694410869
0.181619363586575 0.37293547512175 0.0929254073258809 0.352519753965794
0.156586973376631 0.450907668524606 0.288202470087355 0.104302888011408
0.0710782943473512 0.171001360130684 0.428941995396374 0.328978350125591
0.27798488516345 0.166517044958098 0.309249097674443 0.246248972204009
0.00940756138181643 0.241984268477863 0.363298885295887 0.385309284844433
0.146210179048863 0.321592980016191 0.398053289594072 0.134143551340874
0.0180852679757429 0.572578003004942 0.0119577074979206 0.397379021521394
0.247162121272898 0.38928137294524 0.0223564236548059 0.341200082127056
0.359348987043455 0.240564937955278 0.0780543764738147 0.322031698527453
0.239692855562239 0.145343182749057 0.405282732974069 0.209681228714635
0.419129812688267 0.0763241598427787 0.197706598440482 0.306839429028472
0.278732260589761 0.123507723092542 0.161990293762758 0.435769722554939
0.241202495487911 0.182033456755312 0.296073953831534 0.280690093925243
0.271769620283995 0.169120933828438 0.247397610446944 0.311711835440623
0.38082379516662 0.229497674923549 0.36913600306244 0.0205425268473906
0.179173280908387 0.225972283693593 0.254528027927707 0.340326407470314
0.356786659708461 0.23568042070562 0.143004028665881 0.264528890920038
0.41911675032244 0.072874522204379 0.268645376161892 0.239363351311289
0.177902315920271 0.2820255189877 0.274319444170853 0.265752720921175
0.476201271755292 0.147807479845948 0.0368387167389146 0.339152531659845
0.277100002410633 0.240390755355529 0.286092175087488 0.196417067146349
0.171373697070086 0.377843495613656 0.2936773543989 0.157105452917358
0.273315178564735 0.218719413543764 0.300717812398988 0.207247595492513
0.344685463721946 0.44537395165209 0.170475805230444 0.0394647793955209
0.0689721807797593 0.297511872095477 0.301720874928743 0.33179507219602
0.325975740771785 0.157465219844229 0.329516442311478 0.187042597072508
0.123511235298455 0.323172187421103 0.089926338287356 0.463390238993086
0.277479805650356 0.155098268449662 0.18078507591042 0.386636849989562
0.294569426301618 0.392501674542539 0.209267034181594 0.103661864974248
0.224625192796982 0.202410514475387 0.222048107221658 0.350916185505973
0.0923258638657292 0.436356792753351 0.31964552674343 0.151671816637489
0.120449728038817 0.345791751729866 0.130201801957708 0.403556718273609
0.268876916284815 0.315589809808895 0.264127809674263 0.151405464232026
0.360500569208752 0.149169280546362 0.428094229229834 0.062235921015052
0.36509094627914 0.183025856268617 0.371118930095862 0.0807642673563814
0.312413709250015 0.40855949102811 0.184771417117309 0.0942553826045661
0.0827470089013989 0.355511085375427 0.258703233462898 0.303038672260276
0.314643921860701 0.278684635667509 0.0202171344115322 0.386454308060257
0.323083986841308 0.252202761163473 0.308396197472285 0.116317054522934
0.167737768345561 0.413409649957281 0.303622630503694 0.115229951193464
0.416068361822956 0.0707074422427736 0.430410801140819 0.0828133947934507
0.151774108189211 0.461698682370781 0.0731277899065672 0.313399419533441
0.238348445246845 0.301944009974098 0.160906808845458 0.298800735933599
0.596648878703735 0.337867066175622 0.023396490631221 0.0420875644894218
0.332978928848971 0.318206907559252 0.265826073194813 0.082988090396965
0.399669847679023 0.345675120977114 0.0625588385347202 0.192096192809143
0.0835555028219346 0.0705350385182364 0.36669127230598 0.479218186353849
0.156462067245897 0.390741013134164 0.0132563856180548 0.439540534001885
0.377810100286116 0.0641479961036747 0.212294313436574 0.345747590173635
0.178846987604564 0.573861341774258 0.137737955190178 0.109553715430999
0.246191042942541 0.388680959395358 0.21361248806692 0.15151550959518
0.169901548561948 0.293313064154075 0.237775034480671 0.299010352803306
0.220769342712976 0.0873585888996801 0.0276880362812929 0.664184032106051
0.214853573528508 0.279211845029747 0.317906343518718 0.188028237923027
0.338653629393094 0.280835110158525 0.195447654774942 0.185063605673439
0.433691440943676 0.377339119576864 0.124165916265535 0.0648035232139258
0.26374312450804 0.216500178443284 0.253867615941147 0.265889081107529
0.157544618360095 0.369418819057961 0.0710443740499702 0.401992188531974
0.389139960034773 0.429562194981905 0.180508424482398 0.000789420500924295
0.12796945826045 0.351879857187737 0.507041214000354 0.0131094705514581
0.00308654248376345 0.3493922526957 0.488643971527326 0.15887723329321
0.142384729912785 0.285256160563461 0.191433928095425 0.380925181428328
0.225227910762926 0.0968569601524948 0.156341167545662 0.521573961538918
0.015132454155006 0.498116193951694 0.220479674188815 0.266271677704485
0.194983289846948 0.109617331143773 0.0676079478827066 0.627791431126572
0.370587697661668 0.21329117383013 0.165557880742415 0.250563247765787
0.259647243299615 0.306903390591716 0.334944956098243 0.0985044100104262
0.129823637303121 0.194438997006706 0.20274198718874 0.472995378501433
0.0521555566777564 0.142147036237496 0.431134049227847 0.374563357856901
0.0904970400432303 0.389068887434535 0.199060429153485 0.321373643368749
0.130261882612011 0.269791653618106 0.244275833692346 0.355670630077537
0.0679302149952819 0.234996280786835 0.359787885434149 0.337285618783734
0.150207978584411 0.3691312705511 0.121909386152666 0.358751364711824
0.200642260435894 0.311180929500589 0.356388790091371 0.131788019972147
0.171092525226329 0.28236219995431 0.137322332175099 0.409222942644263
0.26247453823219 0.147847895031625 0.299772395232847 0.289905171503339
0.330426164036278 0.123202891540844 0.182911163473571 0.363459780949307
0.455690755771103 0.307899423895882 0.143777854532203 0.0926319658008124
0.0716384406892716 0.803872058857311 0.102942116846168 0.0215473836072502
0.355190606136113 0.261435859465759 0.336075301666217 0.0472982327319113
0.130019277614981 0.28095776254769 0.397319815244576 0.191703144592753
0.33163557391027 0.147316147721724 0.276785195868083 0.244263082499924
0.0216471360059354 0.0847715819694819 0.457707668272657 0.435873613751926
0.26886877539868 0.283816526437938 0.413258244872748 0.0340564532906332
0.035725712874769 0.364308396743954 0.295035620161576 0.3049302702197
0.298891121483528 0.185227450812975 0.0849758186328561 0.43090560907064
0.0407862465918931 0.349306847112676 0.416199361466536 0.193707544828895
0.169569358217619 0.403806659235074 0.178340995968422 0.248282986578886
0.461989420668749 0.00691452811206241 0.240047403650832 0.291048647568356
0.0657308533801535 0.541969531050401 0.174794442923093 0.217505172646353
0.369374038907285 0.0947388639782959 0.437881238496523 0.0980058586178962
0.3336181107525 0.086178327051259 0.223721542193545 0.356482020002695
0.210455456454077 0.418931980496543 0.33414361112884 0.0364689519205409
0.440659563571884 0.101686706189038 0.453731638134422 0.00392209210465595
0.379784840665309 0.184476020545652 0.309939861795907 0.125799276993131
0.102105424108016 0.418543873452838 0.163243224123557 0.316107478315589
0.0854100831122961 0.116927372019642 0.508006169240784 0.289656375627277
0.20268754222321 0.09781496756894 0.365691353215105 0.333806136992745
0.0423687662792052 0.318551566337755 0.167101563887733 0.471978103495307
0.283399546670493 0.130472040262498 0.230822509613271 0.355305903453738
0.179021935050123 0.47581779881803 0.151760042713341 0.193400223418507
0.241178471584761 0.228125579618801 0.267985085432062 0.262710863364376
0.000135174879347679 0.266367374994657 0.245372267750828 0.488125182375167
0.174024399283695 0.420026597432076 0.217097756740077 0.188851246544152
0.359778882119423 0.405609084826087 0.135410359681151 0.0992016733733396
0.271918826033979 0.0521570712224985 0.12486016517349 0.551063937570033
0.240440859781867 0.347874154328574 0.325366264648452 0.086318721241107
0.208139228300584 0.278375233766112 0.290397960841084 0.22308757709222
0.05689928857702 0.326359014871082 0.141469425673879 0.475272270878019
0.137950805401518 0.25711396344475 0.199505626176231 0.4054296049775
0.439099461831368 0.224917889914741 0.0705666483447473 0.265415999909144
0.454390559072477 0.111723092799822 0.198950249161614 0.234936098966088
0.338775487347437 0.128115068900121 0.274677626288549 0.258431817463892
0.273532823712257 0.34346677046559 0.285543595246649 0.0974568105755037
0.0964390650912861 0.334173323620489 0.229544654204633 0.339842957083591
0.0334783178485686 0.172267275953132 0.601791576559226 0.192462829639074
0.225352106565753 0.530640804893649 0.0537559603556099 0.190251128184988
0.0737843848653541 0.0378422158459689 0.388676477815134 0.499696921473543
0.392469104623022 0.0251925056352007 0.319610113888229 0.262728275853548
0.321403819350259 0.143568951895023 0.469309229990517 0.065717998764201
0.0992946787706899 0.175933242315484 0.429811865875981 0.294960213037845
0.238444306667053 0.325273693920084 0.274319717030082 0.161962282382781
0.245697552532655 0.205746568105779 0.228366704216121 0.320189175145445
0.146747522506259 0.180462382150797 0.067724833359736 0.605065261983208
0.332610254530952 0.0503915109324203 0.453532209349544 0.163466025187083
0.375059889149568 0.237531259440139 0.213428510064623 0.17398034134567
0.237934992764266 0.121943452617253 0.340466534503383 0.299655020115098
0.423131313863573 0.375363722354938 0.198888585313208 0.00261637846828062
0.448339681668697 0.258396580346101 0.135504094728613 0.15775964325659
0.504995070049594 0.237704156600305 0.252669717502834 0.00463105584726728
0.00502335589144758 0.350572967741801 0.349275909737957 0.295127766628795
0.129144982892826 0.470246801342897 0.0163189203433413 0.384289295420936
0.0169063264688274 0.598653723604194 0.0739731946258146 0.310466755301164
0.124594313453658 0.155818504023466 0.17683847392365 0.542748708599226
0.268456073786406 0.25412887521657 0.267987695754138 0.209427355242886
0.192692954336678 0.0839061411451936 0.441399180472539 0.28200172404559
0.217834817586668 0.329367422744428 0.360342132969215 0.0924556266996895
0.210164334224675 0.151249353845633 0.363414049408295 0.275172262521397
0.00769720565319509 0.287501089358404 0.344450749035961 0.360350955952439
0.173776862012326 0.183115869600967 0.279739089380228 0.36336817900648
0.484507671305335 0.0615504010461498 0.367313910742033 0.0866280169064821
0.385652617063084 0.228434876446624 0.160603484674895 0.225309021815397
0.00975131333290733 0.332903992076173 0.417978203302309 0.23936649128861
0.00726753039633056 0.441159878766372 0.367458612359224 0.184113978478074
0.25845478133791 0.250674827993266 0.372426867192325 0.118443523476499
0.251024285361649 0.488377278286464 0.0432166581382209 0.217381778213667
0.0184022076705672 0.399203025877155 0.314691127905497 0.267703638546781
0.235952183882378 0.284407733929522 0.222576095901995 0.257063986286105
0.507860466407212 0.028502526588319 0.0144689006466609 0.449168106357809
0.185758157717732 0.36714270529275 0.109683963246789 0.33741517374273
0.47880783253259 0.371567050445085 0.0111893152751151 0.138435801747209
0.328256384711051 0.0116975771730893 0.348604171149489 0.311441866966371
0.343755398923315 0.483725651078054 0.0798185285437654 0.0927004214548657
0.14954457642704 0.15618003912716 0.33940921426862 0.35486617017718
0.37576929779986 0.113774160286055 0.190885719060829 0.319570822853256
0.0973863791078853 0.358118046338914 0.146044944789698 0.398450629763503
0.481060207679163 0.0419997921856407 0.221225142899829 0.255714857235367
0.376685852093512 0.230004313186874 0.0585726883876316 0.334737146331983
0.203793783535725 0.406071648644443 0.231447477123184 0.158687090696648
0.4651242272826 0.0253417463584283 0.490983071738316 0.0185509546206558
0.305674825243693 0.36289770949384 0.117738533643729 0.213688931618737
0.272529393523317 0.0780446171942577 0.208595848519496 0.440830140762929
0.593359470179254 0.0195741927071317 0.00176894369133532 0.385297393422279
0.157648608746233 0.269172111661786 0.111765470993905 0.461413808598076
0.255011938178305 0.0949291907696283 0.326939991291541 0.323118879760526
0.28743358925917 0.302609248006155 0.126442224301693 0.283514938432982
0.262455536969571 0.231973338273361 0.216848868708861 0.288722256048207
0.350641352026895 0.081160028431407 0.383683508167186 0.184515111374512
0.36511110966308 0.254092707861307 0.0383729313981987 0.342423251077415
0.283532479196824 0.240068322803081 0.242391773342635 0.23400742465746
