0.175814238297387 0.176642254696031 0.0787885029877733 0.0132574936411391 0.204342703759869 0.150979316472542 0.200175490145258
0.145126812772388 0.0210952213231208 0.0157332353078606 0.246125933556287 0.136137546507986 0.250377679118909 0.185403571413449
0.0377737387048365 0.182826960413609 0.230455280527853 0.144760891321512 0.13582723041929 0.152647431353276 0.115708467259623
0.192806208150096 0.229151692772118 0.0389460906427847 0.168289073046359 0.163668346240753 0.0178902911755442 0.189248297972345
0.211511611924866 0.178023931504537 0.179405435304578 0.136025920774906 0.0991332226941597 0.171834873499226 0.0240650042977278
0.223051912087494 0.0107256965112007 0.0616072010422992 0.322117157010568 0.016722545457717 0.323963532966555 0.041811954924166
0.204736602429075 0.141703239738301 0.0378925394184718 0.215423406615464 0.194444926765155 0.104135273200129 0.101664011833405
0.354210494428829 0.0705669810556636 0.0409347035707927 0.174338951069802 0.0908675929863432 0.240580864740793 0.0285004121477773
0.0545548961589969 0.281313014102072 0.215161515082899 0.264822276956056 0.0472150567283963 0.0995669818532347 0.0373662591183451
0.231813195074655 0.0397107503962466 0.231188238209712 0.114611825844826 0.15117243917983 0.217243878231304 0.0142596730634259
0.161002961711418 0.183031263702977 0.233072173939082 0.0382539174561379 0.0289078648779106 0.21393827094233 0.141793547370145
0.219014116956345 0.0452685614241974 0.148138611472044 0.217293051980387 0.00246835888574812 0.0175074422644617 0.350309857016818
0.158525459370389 0.16438435582366 0.184845447665789 0.141855382271222 0.182390501335902 0.131817569456858 0.0361812840761808
0.0769726128361012 0.144605115084994 0.144408671598186 0.10663983858499 0.185279119445806 0.115436734081154 0.226657908368769
0.152744999595331 0.0247176960625533 0.175489036747411 0.244977676143571 0.102236964006559 0.254085944633049 0.0457476828115265
0.230449239619578 0.0391952331557935 0.196732144342667 0.0377562585312885 0.196482475417904 0.071429479857493 0.227955169075276
0.22304434337578 0.16109910312025 0.200684251050661 0.0235856716856621 0.252232862489199 0.0486409675100092 0.0907128007684385
0.201937441544637 0.156976183161646 0.100267424798443 0.190458051679654 0.0655964112323668 0.179365688389396 0.105398799193857
0.398330265057752 0.037248571937777 0.130328697935671 0.028383124493539 0.0238403382655748 0.353615128937587 0.0282538733720984
0.208034901354287 0.210986951880898 0.21566972171975 0.118760595604527 0.117221551073556 0.0414367464585454 0.0878895319084372
0.115834085690135 0.090324524921962 0.199528691942386 0.20769573097056 0.195014651246099 0.0979421649714919 0.093660150257367
0.123825082910086 0.13388624872996 0.181216649025892 0.187730058742034 0.181848222155666 0.180138053629625 0.0113556848067369
0.150743305069276 0.156358955584028 0.18795926508616 0.0896072759223226 0.104924778577714 0.218702082602391 0.0917043371581084
0.269460772249545 0.199011608260977 0.0797071606980735 0.142714812603386 0.215124708335885 0.0185731193962476 0.0754078184558861
0.202450002502711 0.22269548561063 0.0613089665843801 0.110386165355656 0.114296295904423 0.236026579803528 0.0528365042386723
0.137061179000701 0.272765801280003 0.162279694219486 0.107681233771537 0.0593160991855963 0.10988732809354 0.151008664449135
0.153186876998146 0.190833472640083 0.157613099382753 0.162480320919735 0.0498949550883129 0.220381293974155 0.0656099809968158
0.289836973395582 0.0134396347420297 0.14145591009821 0.026830656314403 0.210376385528501 0.20470373321864 0.113356706702635
0.0752181207765176 0.182760401226575 0.197696492646194 0.170395835286363 0.179561341957814 0.0120765783440955 0.182291229762441
0.194825366516109 0.16061863911053 0.00230410028704616 0.320403742924918 0.027385040352213 0.0399986953696674 0.254464415439518
0.00811839970545153 0.209518749105783 0.209051648247385 0.039666528822573 0.0390194830382509 0.33605208259785 0.158573108482708
0.114093346021161 0.154403455474135 0.034626501410771 0.307485448983498 0.0134819779396267 0.0665906475258341 0.309318622644973
0.256208566431592 0.315617898955282 0.0245455765190284 0.0383998742969904 0.0370921900522063 0.296508089853853 0.0316278038910477
0.151987055671622 0.131558849884815 0.234458792015079 0.0969706158966541 0.0233882019243713 0.100984916432992 0.260651568174467
0.096323829199388 0.207726155569405 0.0196577778557038 0.09319613163263 0.141482943471661 0.201497084494097 0.240116077777115
0.0986489114149608 0.457611314103212 0.0827854662503179 0.274690049024745 0.026264375204015 0.0442648972342169 0.0157349867685328
0.020712608562915 0.100056572242047 0.233278099527255 0.251665787482691 0.242262290281804 0.125603691957012 0.0264209499462757
0.232800813928263 0.193898908587236 0.177256597170885 0.134322630725488 0.141422877618553 0.104454788234526 0.0158433837350495
0.0430374521049411 0.238706544133257 0.0296020592150083 0.0669448376923932 0.187954697543602 0.22692511862554 0.206829290685257
0.0975447848406 0.0941006463532898 0.0124456638481358 0.225726574869367 0.232757741320999 0.163792083544843 0.173632505222766
0.0994045766044262 0.200555477306516 0.0951013398643247 0.137584244304807 0.289068977908297 0.0266542293508119 0.151631154660817
0.0895773818623912 0.161337021075984 0.208440083143515 0.298881185421523 0.0301178855414746 0.0223549889351493 0.189291454019963
0.108618153643253 0.124141551253056 0.134769929901865 0.170410296429082 0.162127515214318 0.116768355158611 0.183164198399815
0.150291751643381 0.13067352129469 0.0698265512106497 0.176421441330106 0.180139824759899 0.100706985424599 0.191939924336675
0.149151976332956 0.126127253421119 0.128716959518724 0.217103670356295 0.0256406894167826 0.19309920216011 0.160160248794012
0.120570887900746 0.115817055037931 0.153367657724741 0.138060382580292 0.300134188234685 0.131514527841148 0.040535300680457
0.152078466123892 0.0881224527595501 0.28753219712337 0.047513958588703 0.203902790829979 0.16860248285051 0.052247651723997
0.0260207407029576 0.230319769477295 0.203457158305666 0.190498102901054 0.0165019013076186 0.122256462298336 0.210945865007073
0.124143164955615 0.208678796222162 0.200575594748495 0.0892539736203481 0.049200494943522 0.132976037821942 0.195171937687916
0.0534710194676675 0.139407997705786 0.0671009656081269 0.271997411276214 0.226155509494865 0.10222536901697 0.139641727430371
0.241069589883826 0.0815554971389047 0.0532783837889963 0.140358839032281 0.200261183494945 0.227903881681623 0.0555726249794239
0.223021183919165 0.153117380223064 0.123964316749072 0.00137826020398345 0.176036613078293 0.117071844459913 0.205410401366509
0.18661171603865 0.0969989633271672 0.220501264425883 0.126138667511045 0.117589172497851 0.198545052827925 0.0536151633714787
0.00685804771424602 0.370547901922646 0.35420187542684 0.0345331207147058 0.0958841593640479 0.0895593298140056 0.0484155650435089
0.160642856235996 0.242137641828829 0.0962370768523075 0.225612926783699 0.150899818242059 0.121195057638837 0.00327462241827177
0.00760409623505203 0.00307617848180053 0.329964053172864 0.0734843678230401 0.0967557244200918 0.0949868263187411 0.39412875354841
0.152985589968722 0.169653430454633 0.234124391705947 0.160565633073893 0.0736523479121014 0.169602012098898 0.0394165947858051
0.116356832465586 0.138736648475055 0.228652340343988 0.0955389695976818 0.164264716425221 0.148287667294058 0.108162825398411
0.190691944421807 0.177740112168512 0.154977803157113 0.167253187880779 0.197950319279842 0.03886820386014 0.0725184292318069
0.189064501523123 0.016184440234773 0.170106812416371 0.197371502481735 0.138126883159022 0.205543096436615 0.083602763748362
0.261021177140412 0.103523744177229 0.155867397397204 0.0471766890716162 0.204071267209837 0.0223648305513799 0.205974894452322
0.00101868189400853 0.11786566784126 0.27906235177002 0.2206343785979 0.166839825276901 0.057825893547119 0.15675320107279
0.255213847268736 0.103915396324794 0.0835764624904146 0.0280117604168722 0.305532059448785 0.114368211380742 0.109382262669656
0.263684030376382 0.385658913925999 0.10898311283069 0.134018405879309 0.0241817131231157 0.0727130123949021 0.0107608114696021
0.149383101722417 0.0316373124140923 0.129148322991133 0.190895010661902 0.162554376180297 0.263599644051269 0.0727822319788886
0.206859916066732 0.0374609191928816 0.124133481875941 0.134060683964143 0.140912788323455 0.135177737102665 0.221394473474182
0.0135142246386569 0.033578143686769 0.134905868465117 0.175019139903612 0.106574554981231 0.267433334424826 0.268974733899788
0.185708575207199 0.142587972795685 0.183509408352221 0.167041231518527 0.167391940463757 0.105654984308616 0.0481058873539952
0.20710110261554 0.0793152177731092 0.0499291717574903 0.11713204800979 0.178376388494579 0.186602754970092 0.181543316379399
0.0029243111247805 0.366639351730199 0.33485451927396 0.0147642102166852 0.123190037005436 0.133274870170872 0.0243527004780671
0.0929798664700096 0.198879949387247 0.176257148647615 0.124742473432435 0.147719504362156 0.0876287525441101 0.171792305156426
0.108535506916812 0.0562276579672529 0.0118897038958872 0.122732928112282 0.241700554028231 0.202389560864633 0.256524088214902
0.20384025010644 0.169206906637743 0.0861039555362702 0.0497653249579593 0.0876276284481703 0.17694342212852 0.226512512184896
0.192105964662598 0.216322376343144 0.248670861315065 0.151859616881017 0.0855015179555033 0.0995557978117885 0.00598386503088474
0.0332424379221627 0.287859930955431 0.227243554033551 0.111823839237206 0.116543264509921 0.193027982589105 0.0302589907526232
0.165525100467292 0.247715608564737 0.202166387116609 0.128505588331611 0.0132478578477084 0.223618914311436 0.0192205433606062
0.250118946606202 0.0216971461264953 0.0023759082902525 0.103335336946065 0.191536008205104 0.190202602609451 0.24073405121643
0.23812021104591 0.172916500942052 0.160295066087612 0.132461127530012 0.0541276699642653 0.17154617297046 0.0705332514596878
0.0416820041812917 0.0274767613113184 0.156419078020579 0.32574169955424 0.153800954212081 0.0367851542525463 0.258094348467944
0.154963744811046 0.123010377028097 0.174943064152508 0.104240802843097 0.220191185549943 0.0919449112307547 0.130705914384555
0.222673039644028 0.185021656675746 0.262132988057382 0.224043654927884 0.0172964513780901 0.0265189243209782 0.0623132849958923
0.183968488259995 0.0137082450388894 0.0946433920474011 0.202729841163933 0.193702952642783 0.285841369925841 0.0254057109211575
0.0209482833058883 0.240398012794224 0.358879062255991 0.0882914323503813 0.142594991736697 0.0201556275577925 0.128732589999026
0.0579404381525672 0.141047881592343 0.178149385826258 0.159040987897683 0.142455585310629 0.141603799289134 0.179761921931385
0.102875499957665 0.0484514974676586 0.194219882211361 0.102553999973908 0.202634720828583 0.300967408681328 0.0482969908794954
0.242262405947999 0.0132144028369136 0.238914617539026 0.0869760056902947 0.0922564243530429 0.119921438931114 0.20645470470161
0.113592017004546 0.307382582149287 0.0452749277858107 0.144865332480589 0.23525157883344 0.00406057275048684 0.14957298899584
0.135733343906401 0.210877813305148 0.228401085713999 0.0973370334288137 0.0952738540098378 0.0590371627864931 0.173339706849306
0.0747614101775466 0.017010954396075 0.0685351527289038 0.242871248180003 0.329585548545915 0.128325896224303 0.138909789747254
0.250964794549768 0.208309282343318 0.182969753932863 0.0235280670587811 0.0202697314496318 0.249620271785825 0.0643380988798127
0.0913939536452419 0.264184290126228 0.275622578514956 0.268183743158144 0.0360907235759788 0.0344383325426938 0.0300863784367573
0.177772177339196 0.218514108934197 0.0935675135895426 0.188930356655736 0.228963365926447 0.0759291175515535 0.0163233600033276
0.221706280164047 0.165243352885272 0.223618592255187 0.0838324677472871 0.0658283260031799 0.199397333837699 0.0403736471073283
0.13389180213526 0.165182948949999 0.0157850981197532 0.190269520934662 0.1887180065493 0.14542431313989 0.160728310171135
0.00810725276596521 0.0575385413607592 0.388699912973668 0.0968416405947809 0.288422246428603 0.0203027226246331 0.14008768325159
0.206367984396368 0.129036625330844 0.133021346176673 0.211190617862049 0.127565769987314 0.167296714092316 0.0255209421544372
0.230501864156039 0.179681340834412 0.06597916450148 0.237884141503582 0.114247478730836 0.023439572224337 0.148266438049314
0.15426921707319 0.0769282863847371 0.220022771083029 0.00471204427457453 0.129251099787587 0.202242277125558 0.212574304271325
0.263515240210097 0.127193729745771 0.0975869926527655 0.23980514793704 0.0473473782596404 0.0657452501429339 0.158806261051753
0.113025394563788 0.195986135727111 0.211694069807673 0.169344816957237 0.130444619358188 0.0632017273660779 0.116303236219925
0.010875573947261 0.125535246336291 0.206696746226805 0.165795704973994 0.150200460826974 0.333528838986832 0.00736742870184318
0.212368288023881 0.204924440932041 0.0234936861640742 0.172112772182159 0.175424149554089 0.115487279129073 0.0961893840146829
0.0309795855091958 0.219778651691915 0.223199528615181 0.0983247266671974 0.190339660245358 0.0309510231079718 0.206426824163181
0.186901233702583 0.190563204788918 0.163663947835866 0.117882368310088 0.0138629889139385 0.14146936578829 0.185656890660317
0.162855152338641 0.274598049088916 0.178029060233475 0.138077079408366 0.15552581180282 0.0531663185218555 0.0377485286059276
0.175411592829866 0.267986077698786 0.164180861259133 0.0552827685078218 0.039916123868522 0.0827583777461657 0.214464198089706
0.0787372960305236 0.0472346313105804 0.160991496304797 0.352536655593076 0.135647454264531 0.000246593444766197 0.224605873051725
0.222771415524695 0.220821382663907 0.087070638141848 0.122825758821985 0.177817623940905 0.164018493497511 0.0046746874091502
0.207820115949542 0.0707084760099378 0.110658921312648 0.0755699937587902 0.020699303156472 0.254836090827303 0.259707098985307
0.126089389918632 0.00137180243197117 0.0228176148669485 0.175322137369656 0.252437479737065 0.218938275869465 0.203023299806263
0.0492346057848857 0.279030127790448 0.0688278564267539 0.187588197622038 0.117281597903291 0.0736676379938966 0.224369976478686
0.0566030000048797 0.171580624336896 0.220178950969009 0.254088359899752 0.119178941490166 0.0552804508447608 0.123089672454536
0.124758307737303 0.182599003915257 0.18234783031059 0.104114081973817 0.108837265093301 0.161727254996067 0.135616255973665
0.180032676681644 0.179089755257076 0.179675124201157 0.0786040021488611 0.16613531184194 0.171102491323387 0.0453606385459354
0.245027882127173 0.0270566431051843 0.188516628288752 0.0892764618172774 0.160378769616405 0.241056595560845 0.0486870194843636
0.137652149174115 0.112737936428226 0.260938376655208 0.145835593941755 0.0260946280015036 0.131207078759743 0.18553423703945
0.157488471930337 0.119245798642933 0.210878546744226 0.173572213896137 0.15836394276782 0.00817048593447605 0.172280540084072
0.351935077051198 0.0152950763639611 0.177558418327322 0.129410431029701 0.143561810902004 0.085219192916929 0.0970199934088852
0.255947124122785 0.286746792800956 0.0105954732042532 0.11582377737517 0.0232335414890953 0.27154207782332 0.036111213184422
0.1282465406043 0.22168293445364 0.160548096616077 0.100530243629848 0.0419837571977756 0.137089938982471 0.209918488515889
0.171915466371397 0.106946329962411 0.228742137430008 0.0779863266860839 0.0566725433822951 0.125667324844836 0.232069871322969
0.0793509923492566 0.194504036982687 0.250740097511785 0.24382840196009 0.00395994522334287 0.142515190528092 0.0851013354447459
0.228498394226543 0.0166749992355602 0.0479829460068755 0.049434793355568 0.256274844547629 0.230286893491114 0.170847129136711
0.0253655467226552 0.266888099448428 0.155782311552241 0.188610732429217 0.0221913412405834 0.242522140873956 0.0986398277329195
0.148835707957409 0.0450707952521621 0.252392299437389 0.225394256582848 0.0706685685545462 0.10646868096816 0.151169691247485
0.162842238503187 0.178828234833814 0.0927410460758937 0.150777898753207 0.171373787397451 0.174603698388699 0.0688330960477487
0.303746521981366 0.116844365869063 0.222224258225014 0.140968714331347 0.0560179216485281 0.132509078398434 0.0276891395462474
0.178416677708398 0.048174424128316 0.285180840333486 0.0706898007093514 0.00669824908439414 0.275538548389627 0.135301459646427
0.207396879444086 0.165005172854289 0.115378880735958 0.171517388977532 0.0565346322008662 0.0757487639910882 0.208418281796181
0.188311860498672 0.0158479317115515 0.0379818898820113 0.209590495844043 0.2457726395181 0.00461478588815356 0.297880396657469
0.259037617642365 0.0181139106112826 0.137228692046985 0.271976184257293 0.00893388240149226 0.179318270474302 0.12539144256628
0.149561199041403 0.259590264602473 0.0354166141348849 0.160458076681416 0.11773745574184 0.203209433730826 0.0740269560671574
0.0383878177716526 0.0924690953153991 0.227078405431795 0.116536645676376 0.170014281070732 0.184375544260477 0.171138210473568
0.259757843864865 0.18775037657407 0.222384538875009 0.110016530440488 0.0536444059097131 0.102059533866349 0.064386770469507
0.00055282011317295 0.242762878588503 0.034899053596254 0.145553854919318 0.159963911591491 0.227384297691667 0.188883183499595
0.158789668388759 0.20796683548993 0.145538393518325 0.0322583914375852 0.21691462380189 0.102587778250988 0.135944309112523
0.0965294569613022 0.30593285244388 0.0444627604550159 0.0135941517102141 0.0952964609195501 0.161414553845912 0.282769763664126
0.271692348478601 0.0848995811988191 0.236751457371925 0.0329538923812048 0.0656681313188348 0.237814818955766 0.0702197702948495
0.0502178548490367 0.244666649943057 0.0655919384154602 0.233227720714946 0.211224682792023 0.184670013559601 0.0104011397258766
0.0616756741231041 0.224707539421961 0.252742535942755 0.0497524323564966 0.138216462277578 0.119885505247081 0.153019850631024
0.031989933936661 0.222524414274859 0.18366774696134 0.138245377243737 0.0673609169719756 0.222974110909643 0.133237499701784
0.122243090790051 0.19432785346545 0.0231368863190909 0.0468309670174112 0.189866542608617 0.233665594065704 0.189929065733677
0.123356840955013 0.19531090040852 0.211775921198442 0.0198057360551949 0.22363816936534 0.125585124959915 0.100527307057575
0.185747243981768 0.0561972760428471 0.0578983382866184 0.304059590265505 0.146712641470888 0.157691502692857 0.0916934072595154
0.0391012703441926 0.123763694679213 0.156367827016636 0.167473916490819 0.254454566691636 0.0450401027679009 0.213798622009602
0.0137547873807867 0.0918922135160944 0.332743849755479 0.103595772851948 0.198478472961659 0.0526503775969985 0.206884525937035
0.0939680432873375 0.300865775744745 0.0493728502111052 0.186240460061303 0.214935770723664 0.0329603817006703 0.121656718271175
0.109200484304071 0.0408340670787199 0.249324503497702 0.181207488199343 0.203062392400005 0.0354443784556348 0.180926686064525
0.205594346500177 0.158458246835762 0.196441252860745 0.0684603947579403 0.00231674067590251 0.19694423244906 0.171784785920413
0.0210646302839739 0.162056669534732 0.205373703522686 0.188925997723228 0.2048283728542 0.0890467699024642 0.128703856178716
0.101455163652974 0.108830963349676 0.217025340718826 0.024482166422242 0.0906869130356571 0.101703232010403 0.355816220810222
0.113480304413378 0.0951062645776899 0.161675824012254 0.0792246093127446 0.189264676905289 0.226451827453689 0.134796493324955
0.200470167637702 0.19713739569689 0.0796415451349072 0.00960136312333776 0.188908135071008 0.148826557132349 0.175414836203806
0.155083967713511 0.190570123598123 0.136352264431353 0.107892998854813 0.165153295182014 0.0852104941436445 0.159736856076541
0.188448566472095 0.0265089824871061 0.241276587413921 0.187983184082537 0.172721333714173 0.0685676024988644 0.114493743331303
0.273329560512711 0.133881391480487 0.111339131800997 0.145173456259005 0.142085731523858 0.0253721139140343 0.168818614508908
0.110904396672019 0.0189011449467761 0.418287834788543 0.246582133413154 0.0933636455380432 0.0743455646076826 0.0376152800337819
0.208125133390721 0.108786904789957 0.210230324745413 0.149256953352265 0.0447478045634273 0.156435572322902 0.122417306835313
0.054992938589394 0.0507675515110769 0.13949126494726 0.252865700703501 0.331994678389387 0.0317576619984523 0.138130203860929
0.0784629749132642 0.0475485337647583 0.297229337938193 0.0343626801792103 0.259593712010864 0.257570780940305 0.0252319802534052
0.0604219101138124 0.249944327188336 0.089352284156253 0.160884798887344 0.0939215018547853 0.229753861935779 0.11572131586369
0.175640711966339 0.0639220522680062 0.17441812365448 0.142848727032963 0.014010382417179 0.250896106842157 0.178263895818876
0.000663851197608759 0.235942081895004 0.0383797687200813 0.235978478064627 0.0736094986506956 0.123882437980596 0.291543883491387
0.0885744202807358 0.275114838801781 0.155201388896746 0.0574402537004828 0.208441370371585 0.158914360891326 0.0563133670573437
0.0762867441464695 0.128238850628112 0.214729937835239 0.202247724133325 0.237694329585691 0.124425731033456 0.0163766826377081
0.198407853630829 0.222271927702278 0.13757102873077 0.0287550293271675 0.285449294152977 0.000635031441949989 0.126909835014028
0.267249941500969 0.147178684676487 0.0540173327622456 0.268637279274826 0.131499221170444 0.0177701363229486 0.113647404292079
0.0663495610293741 0.195415344887258 0.181331225416676 0.0404107950010837 0.237568869400188 0.0978381539450186 0.181086050320402
0.174671747268319 0.126358284528115 0.0459473958697608 0.0515379126943053 0.245911259513571 0.304052674634231 0.051520725491697
0.0183883705313937 0.0529500298941159 0.286587710298887 0.239902020807693 0.0147621695585345 0.155435724979861 0.231973973929514
0.0980217650694519 0.222781542141063 0.191704083813778 0.104621913620391 0.192103014908179 0.102527506337682 0.0882401741094555
0.154498234765848 0.171136182877044 0.217817906685159 0.0442029896692643 0.0718936702052863 0.0776390924991331 0.262811923298265
0.147983413419025 0.112835715134632 0.0733390367732523 0.139413225406646 0.164898680988078 0.187663252915993 0.173866675362374
0.163097884206132 0.171962573305336 0.302353654484007 0.0250470189750596 0.0899962277997569 0.0468266482125763 0.200715993017132
0.172022699460697 0.0751291470443274 0.161695843431166 0.0488202656447534 0.0175732300666821 0.272904954710933 0.251853859641441
0.136629445946783 0.120141816212192 0.0606946934792177 0.158584138692732 0.145467093481261 0.288707457080269 0.0897753551075458
0.121307117130902 0.148224504026614 0.130436660232379 0.131012696170515 0.221954631149069 0.141346648297536 0.105717742992985
0.332113313743959 0.0255895002709253 0.0349992282842662 0.0299749444249858 0.338994853731727 0.11019473601621 0.128133423527926
0.0996736398965474 0.0174438594157601 0.335197873939795 0.273985659961255 0.0472201410607764 0.0798840230027481 0.146594802723118
0.220705314919444 0.2015624485786 0.0313800552667285 0.274594792386418 0.0311733590065792 0.15784441203187 0.0827396178103595
0.0520927131418136 0.315226746924132 0.225456327601524 0.279917269786303 0.0166829375397696 0.0780854932309779 0.0325385117754797
0.17142229377192 0.128172978074349 0.104864178960805 0.196277761086038 0.0452422640168533 0.138733055173051 0.215287468916983
0.030517935620916 0.165302885500267 0.146547829392113 0.184366767767598 0.207740625488165 0.170853156691571 0.09467079953937
0.0991116229967665 0.0930605467437087 0.192361189188629 0.242018106557686 0.224074940490085 0.0813267149319327 0.0680468790911926
0.0193925901536115 0.0313513430994553 0.211711776837242 0.286571435447712 0.0408605903909432 0.203685564583875 0.206426699487161
0.200566207606835 0.108897985359786 0.195845163376128 0.156460441244893 0.181461188604631 0.00508563783309898 0.151683375974629
0.0886006704702462 0.298545998723865 0.216313870561696 0.116562739746838 0.218684776499133 0.0490152636536374 0.0122766803445853
0.0428194977855978 0.10421868109474 0.215225201433281 0.206994906809524 0.30516433621971 0.114743582459539 0.0108337941976088
0.00447269860712483 0.156632118691379 0.0468141531376063 0.223796660168275 0.21161681211922 0.183830987970799 0.172836569305596
0.264470665450358 0.208142493121989 0.254869047160286 0.0390054838456448 0.0315697639499405 0.0834984594735466 0.118444086998235
0.0465828919103521 0.193743480106448 0.184055118162457 0.0454092090899986 0.0615640329072496 0.172173662193681 0.296471605629814
0.0284460715539689 0.0803396002897994 0.0526529529920852 0.00078786074470058 0.455064220542361 0.0106007830824146 0.372108510794671
0.0826188225552571 0.0144683645577387 0.267364586490492 0.119770383079316 0.00991467259933483 0.3852844018813 0.120578768836561
0.153329465489041 0.186472226856728 0.211223083942481 0.135781692830878 0.0258117890276895 0.175592283535175 0.111789458318008
0.227946265356616 0.267983069680395 0.239373186393223 0.0547245542438028 0.100619397382383 0.0285338279922798 0.0808196989512996
0.2874870805099 0.0634153612017625 0.0951799427084933 0.119691382372381 0.0967777181269606 0.143590759673935 0.193857755406567
0.0431965066257727 0.0648968260270648 0.239615078373432 0.193798684879752 0.174622217479992 0.109203454784165 0.174667231829821
0.197696945988678 0.0650754861100393 0.1108540422551 0.0271660072520175 0.0909548254813825 0.177022747710701 0.331229945202082
0.0718825516147117 0.0575972598469367 0.199791956888449 0.266582506497789 0.0227892104636369 0.144012711368798 0.237343803319678
0.107378796456006 0.120070266500471 0.23541282119965 0.107556179122524 0.212180695518705 0.0507792057795032 0.16662203542314
0.0484094351337758 0.177430241746086 0.0621693114785362 0.314303877319045 0.150138540530756 0.216068293878021 0.0314802999137794
0.190498563590953 0.182613961690499 0.116049232089147 0.0736914302055542 0.144394235439362 0.0331782305331375 0.259574346451348
0.0129508831609665 0.109892260751849 0.256085614378005 0.251696934248882 0.0455124507104428 0.157800337513202 0.166061519236652
0.253752975495308 0.129458404515059 0.211936962654665 0.015937440443605 0.042775742346836 0.136392529178533 0.209745945365993
0.220890679246682 0.13760086329803 0.107419856169766 0.218797939177119 0.0636134120685055 0.108570355257603 0.143106894782294
0.0698391912326665 0.279330769790064 0.0956029443757684 0.208212957244731 0.133155081140255 0.0312894740133457 0.182569582203169
0.185411469178988 0.0840161030162982 0.214546048366519 0.197554234648983 0.110705371802607 0.0370979426078537 0.170668830378752
0.230732505134992 0.17400372691746 0.237176786538966 0.077323674637474 0.0235923953982963 0.0124382483998242 0.244732662972988
0.13374908721163 0.248221700657949 0.0136564030484269 0.244495487370347 0.0975912774745821 0.0551913002422886 0.207094743994777
0.157042617686522 0.0804745499791965 0.0705116740398306 0.0935863175313135 0.13539093829951 0.234619437872309 0.228374464591318
0.014887230395327 0.178133926212536 0.143790092249826 0.221149770532071 0.13773536779861 0.0941865590509127 0.210117053760717
0.0864396181204897 0.152282582695831 0.182326812442722 0.185613104262531 0.122574266092692 0.0596357405654976 0.211127875820237
0.0675400089083596 0.0124627725717447 0.249602859144847 0.192347757191642 0.02479479124617 0.247968721602504 0.205283089334732
0.0175326607819722 0.288413042856234 0.068028042920533 0.366011290590832 0.10385014943671 0.118696151942044 0.0374686614716745
0.195760435937407 0.212844394801878 0.18855578012868 0.0970702822893927 0.0932830558744156 0.0273585771592166 0.18512747380901
0.0304832757842229 0.0110180510723436 0.165123462007379 0.238576569633966 0.0841261598465355 0.323333209917702 0.147339271737851
0.0745553547201239 0.136738629502737 0.176982587514973 0.198685420169041 0.199872107807828 0.0847860108887946 0.128379889396502
0.215374142178547 0.20490274417454 0.121473819229232 0.0494847512481873 0.0231925924867451 0.211863615380687 0.173708335302061
0.0753286723352762 0.0499232841923852 0.111843037403703 0.120853549077486 0.162704227026386 0.337470426479368 0.141876803485395
0.0688351136004997 0.019949679317201 0.0774299873661389 0.243634149220577 0.166667111441477 0.0370603944188772 0.386423564635229
0.270527675188446 0.207989975664643 0.227569945348532 0.125320902572377 0.0808195936530211 0.0594191855039387 0.0283527220690412
0.00558896352828215 0.273895390576863 0.0873108615337853 0.163073129506648 0.0645896415064001 0.293369875287829 0.112172138060192
0.109719561860562 0.222525765475532 0.207273769116975 0.145795851726024 0.0340555133863653 0.0733608027194668 0.207268735715075
0.116223681459944 0.21776467674562 0.197982337480051 0.16540462396769 0.0460942526710063 0.160536019119298 0.0959944085563908
0.109242163921665 0.215687791585345 0.0125083617279697 0.0378974515201011 0.186407349675856 0.211179096258936 0.227077785310126
0.206440048893061 0.00589071349546047 0.0238078442876057 0.109088601896143 0.198521112073745 0.185806018584088 0.270445660769897
0.126747388352561 0.146298037048357 0.124812871327552 0.179314458294688 0.19927902006775 0.109357627834149 0.114190597074943
0.121480900293483 0.246051950449472 0.0955771198554434 0.225663097235355 0.00433090326247388 0.271544275693158 0.035351753210615
0.252359799048151 0.0667232020813741 0.186218095556884 0.11656493184563 0.133624484255131 0.145569358782621 0.0989401284302087
0.198444754773837 0.217530246764403 0.13420886834649 0.151686131588018 0.164360849384881 0.115682990213938 0.0180861589284326
0.0243117138119377 0.237249683903444 0.0732676320279623 0.209248729560313 0.0796677673340881 0.194363928229238 0.181890545133017
0.131904696471065 0.092383140727979 0.349189432838659 0.129586596226112 0.00727789949013086 0.226956373305621 0.0627018609404323
0.089815156772905 0.13131925435103 0.2030436326521 0.176711054011513 0.160817291938742 0.229383825679001 0.00890978459470795
0.149248093071841 0.0293048797109225 0.149513459411457 0.205899129934528 0.23351540931012 0.0114646468479686 0.221054381713162
0.151611230695184 0.225694563641622 0.138947205624712 0.0443071830708899 0.145259265732272 0.0726150023324379 0.221565548902882
0.228553384198613 0.0738429899623422 0.160396013623767 0.167874792925519 0.244255182035171 0.094622051137351 0.0304555861172362
0.107420893056542 0.213450263298909 0.032972746599289 0.0137794970586486 0.390086513573466 0.201830967778416 0.040459118634728
0.225372750455439 0.212404151507425 0.18599846983471 0.0768464594094324 0.203855098318323 0.0148268841428376 0.0806961863318325
0.0348871125862376 0.178679696576162 0.0489459719426121 0.257023491536903 0.259595086851113 0.162537190820155 0.0583314496868165
0.211846335257727 0.00101801282605527 0.236617599776577 0.105538778920499 0.184675425995845 0.0670191862236501 0.193284660999647
0.207793633852844 0.185930379765378 0.175023437934693 0.0873073069308227 0.0241336964372352 0.168752307431575 0.151059237647451
0.136667153903526 0.1169151634107 0.239456581784953 0.241373281892789 0.144240845608393 0.0362951989636647 0.0850517744359748
0.127793616806494 0.30732912011462 0.0785844480651781 0.0571254751386801 0.299147320422398 0.0464011168643905 0.0836189025882395
0.0712566141770945 0.204393236358437 0.0657968217363145 0.104157793671309 0.280256898461583 0.050534294853992 0.22360434074127
0.250550303339881 0.115446116517274 0.15131319133292 0.0690753630486735 0.0856116405872642 0.130344151251874 0.197659233922113
0.127068168129526 0.146726169499344 0.239065157810287 0.127286979245931 0.155105418112223 0.00946816492742796 0.195279942275261
0.0485744223981428 0.0706259862566544 0.188968357330369 0.235583589684583 0.0275006963529517 0.17556095816292 0.253185989814379
0.179795677715938 0.0890300055403007 0.0947945163266189 0.176401593690862 0.145862295596443 0.195145045734282 0.118970865395556
0.052322181632852 0.0820610425955969 0.175479529729677 0.179545911155357 0.204373916380112 0.219015772675009 0.0872016458313959
0.193253214424539 0.094618238308221 0.101935554763593 0.00295360134306419 0.198363719695529 0.193032966394083 0.215842705070971
0.166418891584595 0.111910821257968 0.0721172837822454 0.171047093186271 0.212293389317038 0.211901120297233 0.0543114005746495
0.217672903736271 0.134859753819534 0.173939187222569 0.224790570010945 0.00686135605791747 0.101928637366539 0.139947591786224
0.159684957014358 0.105242792462 0.0762673463372209 0.171848723707144 0.150549567193071 0.172884499529061 0.163522113757145
0.176575605209472 0.147508138329798 0.0740799647754436 0.180685936178926 0.205703854224706 0.178669581882623 0.0367769193990308
0.043853048112883 0.0528257730415318 0.245091045686653 0.0859368501166455 0.175541214887619 0.125043310806637 0.271708757348031
0.212664646719415 0.0253868389614854 0.114188088600026 0.260230624040189 0.226352587513163 0.141558933438587 0.0196182807271346
0.288160996692028 0.27603080790248 0.00352684956299177 0.0273521337995626 0.218507501645513 0.16434994557254 0.0220717648248859
0.0490588420761319 0.273700810247355 0.133451133146579 0.177871788861228 0.0267219689893651 0.180192717360845 0.159002739318496
0.064401535036521 0.0676154156701324 0.110083290465213 0.176994475132057 0.256030382639959 0.174415192284616 0.150459708771502
0.182274810485364 0.135118017171899 0.195958137216456 0.144647562209058 0.0173514416043402 0.15958016728508 0.165069864027803
0.293672074776866 0.049765384184917 0.0843709020949145 0.0685553831141502 0.0142167329473812 0.113797763366155 0.375621759515616
0.134857854266041 0.145723259836115 0.0549112470337467 0.19461209362687 0.061986911660585 0.201909721485703 0.205998912090939
0.0927567110674283 0.136006088897507 0.193197424086404 0.0497018564638186 0.219668432729291 0.274233451290939 0.0344360354646117
0.284066741226924 0.0202514241135313 0.14466239946346 0.269918428962991 0.0523808970161884 0.0154172170614903 0.213302892155415
0.100049494119207 0.0690847248494525 0.124619622647248 0.238838850858091 0.202828098324575 0.199569349225021 0.0650098599764053
0.0290391819509784 0.102680556504849 0.297865796225338 0.0603762345039838 0.312122331775703 0.160412686488149 0.0375032125509984
0.048049344507571 0.139662986048549 0.318156331639443 0.21500549680769 0.0165552425201175 0.173099825845431 0.0894707726311976
0.233506657394111 0.0877572587181623 0.0525096043478984 0.256246995899296 0.15151774912803 0.150460719795395 0.0680010147171076
0.0887657658754037 0.0532622700958866 0.244040169692358 0.211170661126597 0.122204279831334 0.171709269762939 0.108847583615482
0.0350757641980629 0.201523788538335 0.220658217551044 0.177899643561571 0.111102290133564 0.0403889502030982 0.213351345814324
0.0983342814424161 0.00299812629413218 0.0988839092426021 0.158480526662327 0.122620949815235 0.205983589917145 0.312698616626142
0.0476776414599402 0.283771263670847 0.170667752730391 0.0236641934880224 0.228566820762436 0.133904386512338 0.111747941376026
0.0778360372091286 0.0490091204488461 0.387680144586214 0.172595071352366 0.0303219140024198 0.0576864767369162 0.224871235664109
0.0285206747029265 0.107136303227912 0.363538730602638 0.2036716803368 0.051918968798976 0.229382355786388 0.0158312865443605
0.245149914310361 0.0566057669592886 0.00265158488208491 0.111813413419321 0.238890731401531 0.242179509616734 0.102709079410679
0.123915960734426 0.253103320575522 0.00178310310692938 0.218481725331243 0.158060859823183 0.0172616202621955 0.227393410166501
0.0392549419590966 0.254435317470239 0.111895378320898 0.187430798383618 0.0921647547665361 0.192630018316918 0.122188790782695
0.0326809377249192 0.0298136057602111 0.182228861721048 0.170796140098653 0.109695436500393 0.226288537862271 0.248496480332506
0.16107593519567 0.159826496105353 0.0683218548526895 0.250038746143998 0.164062702263714 0.0524171846414753 0.144257080797099
0.0738147844685405 0.173151082941871 0.233928877027222 0.0437825406117011 0.147110203004843 0.236880520802745 0.0913319911430778
0.235403082086658 0.190516811201655 0.0250966784488958 0.00516151323913026 0.21812881614988 0.186276804419064 0.139416294454717
0.199457586946133 0.0541711808135657 0.242248461579338 0.115649938246829 0.221220927111902 0.0362334806267346 0.131018424675497
0.153234515568363 0.254512464669867 0.0659678058159611 0.173547886163014 0.0828639108808144 0.230875818548861 0.0389975983531202
0.408667754988309 0.0601515640585742 0.28135701307322 0.116806271820901 0.0208451243269817 0.00532536158828549 0.106846910143728
0.316167341979441 0.067351989370966 0.164651704998184 0.0129675180995065 0.173236755891485 0.167085767656589 0.0985389220038285
0.163488049749612 0.0980928343156396 0.155905113309011 0.219552486654364 0.199986561302598 0.0413321626789687 0.121642791989807
0.0163451592390085 0.20067488256533 0.132772515714592 0.222174595675615 0.0686439564315444 0.316661162040255 0.0427277283336557
0.150108972129765 0.134498179353065 0.0772920019655264 0.238062357788982 0.118729910435088 0.144493690079314 0.13681488824826
0.17212818017687 0.120851968235091 0.075359506926126 0.226221403558731 0.278727114298996 0.0138816956288873 0.112830131175298
0.22281400197554 0.114926057494467 0.31613743044014 0.210978123784498 0.0569968187155995 0.0592714512054647 0.0188761163842901
0.219517714702653 0.00208644263216798 0.197461764126563 0.118391463802725 0.231972899981225 0.0188177193574742 0.211751995397193
0.0161402786674334 0.343166000754897 0.00902189923397091 0.292182218568345 0.0237772291984823 0.0135100748812868 0.302202298695584
0.0889806677490777 0.108591596740945 0.176273167815398 0.158750864143195 0.153650234096463 0.128709254076299 0.185044215378622
0.0881595759317148 0.137897062067864 0.235790519495708 0.0685770420941005 0.106681173516376 0.212946866297721 0.149947760596516
0.136273371389927 0.168157443963236 0.186378384635709 0.0793616305133248 0.152986952378355 0.147551344151213 0.129290872968236
0.18700828554081 0.0248258697935883 0.00102797880345354 0.213082984317479 0.319636588725881 0.010222299792764 0.244195993026024
0.11431677086049 0.164720947814128 0.108800595733839 0.213030418220272 0.123080735616186 0.223194622753911 0.0528559090011735
0.0415456068091664 0.214170058177645 0.148173478836304 0.186142121472284 0.0811266504659435 0.282118220396922 0.0467238638417353
0.338844338975858 0.181172318160435 0.217547741903999 0.150311794294044 0.0403732038123348 0.0480671064897141 0.0236834963636149
0.113155803055387 0.342956857453753 0.218089292670443 0.00144112286680281 0.000354937995544976 0.25540902460019 0.068592961357878
0.0113252529996984 0.305002099127949 0.0946057069772863 0.137989412614356 0.197122250574034 0.133603984890487 0.12035129281619
0.0698805208557885 0.151869191809915 0.192762224959256 0.063287532576117 0.173873963323747 0.183450050750649 0.164876515724527
0.0978217815503507 0.228942696283602 0.196148326981173 0.100659634739889 0.0175755607028623 0.162706218320293 0.19614578142183
0.0465056200570063 0.230354338572563 0.108648132468293 0.0920147719678528 0.169889337802288 0.156844802660031 0.195742996471966
0.288486084477334 0.226803639410421 0.00482031301276988 0.157206707489953 0.0514936113399639 0.00522518665020671 0.265964457619352
0.111608775007055 0.188412414576532 0.193998722886243 0.212588970459638 0.112985816677495 0.0652216578093873 0.11518364258365
0.192406107007228 0.0179673602203643 0.129014891202867 0.177786880371998 0.1801428838608 0.194999966464662 0.107681910872081
0.128700464386911 0.132297913630868 0.148938259677821 0.0012690439942381 0.109463557201292 0.292325084891726 0.187005676217144
0.197695879633359 0.218002530235048 0.138034201182062 0.113966169157664 0.171620830612745 0.0993051758670988 0.0613752133120228
0.0629435497008033 0.277181616675953 0.0384571876253059 0.226621512546245 0.077636418669641 0.0888320198702146 0.228327694911837
0.179900822613054 0.0959243912245667 0.119177852314236 0.24525042123457 0.119605609286934 0.0859773868771303 0.154163516449509
0.0419823542568544 0.0751125161947395 0.218720179095475 0.231885124543783 0.105054287258073 0.148890123897404 0.178355414753672
0.0327788089513513 0.303056962819434 0.202712504856647 0.18932156166038 0.0921365352954448 0.100114037219337 0.0798795891974071
