0.391372547907254 0.225897053100104 0.0993021354447541 0.283428263547888
0.383395381907061 0.17860522108863 0.0888470915072109 0.349152305497098
0.00826855595726469 0.339674182658066 0.388070358288864 0.263986903095805
0.2258942477375 0.289423766470222 0.287604191094085 0.197077794698194
0.111643812868831 0.348466458191012 0.429068611410245 0.110821117529912
0.0601145141774331 0.470860946157909 0.185981946455419 0.283042593209239
0.0820042809575526 0.35943547263054 0.466104745744326 0.0924555006675821
0.340348893413437 0.266126582250001 0.245190190505702 0.14833433383086
0.27545117520993 0.188787968754671 0.404836484570085 0.130924371465314
0.214996728578012 0.345372016125405 0.0321069133924225 0.407524341904161
0.12402200825445 0.388310505769931 0.157518683523269 0.33014880245235
0.735603424740576 0.118709781632617 0.0359935698507248 0.109693223776083
0.330418209859995 0.288334398313668 0.211599801121506 0.169647590704832
0.155489457665161 0.109784660032262 0.343371766436783 0.391354115865794
0.352006284677386 0.0488042929792326 0.288970901006214 0.310218521337167
0.492070422205 0.230340833104782 0.153682917458341 0.123905827231877
0.356970444242748 0.0159042295580616 0.264155756896095 0.362969569303096
0.113961501868022 0.122822325034758 0.399500623532273 0.363715549564948
0.0118231373868196 0.19480869443065 0.27859738678589 0.514770781396641
0.278165329136746 0.0518720809483647 0.340396795718682 0.329565794196208
0.00993355096474422 0.236504405829105 0.214528319562099 0.539033723644052
0.258185161113115 0.377466125296645 0.0782973550011992 0.286051358589041
0.265673266936013 0.238475393515533 0.176636720664189 0.319214618884265
0.246652129338691 0.34637183514533 0.0971642437422342 0.309811791773744
0.234534698583062 0.304536026348802 0.202591486358689 0.258337788709447
0.0932335621440355 0.151729102042375 0.392088878868928 0.362948456944662
0.402967564356811 0.064032103037547 0.368070278681121 0.164930053924521
0.325914965804807 0.250140415816534 0.203354009965435 0.220590608413224
0.310882483402419 0.148173930827992 0.30284979315529 0.238093792614298
0.428907029113028 0.0338097555491675 0.0419822175823042 0.4953009977555
0.0855559576939142 0.0628441222789848 0.274963095012888 0.576636825014213
0.27241510431976 0.418750182841599 0.18254308147343 0.126291631365211
0.197089387566887 0.45562382458714 0.330915616593775 0.0163711712521971
0.145569085468384 0.086566254878233 0.268093017018954 0.499771642634429
0.251976190657199 0.156577855224441 0.207210722689441 0.384235231428919
0.294839080459164 0.318856679073142 0.260673970619047 0.125630269848647
0.374838685868659 0.348127007211852 0.245183497200623 0.0318508097188658
0.0483391924838472 0.0402595102330681 0.395855542618424 0.51554575466466
0.437695248360826 0.180291266009389 0.19497276798906 0.187040717640724
0.107824907988607 0.284500795542392 0.190213052887634 0.417461243581367
0.124575991576961 0.212913640078845 0.366572479858601 0.295937888485593
0.193719252694517 0.31422922669091 0.149889087181648 0.342162433432925
0.0630463982633267 0.0981898483277761 0.469568048141024 0.369195705267873
0.0946768046260991 0.215130324106792 0.354122787046278 0.336070084220831
0.0436667319915841 0.330866409795831 0.296873364915578 0.328593493297007
0.0966103016793178 0.279077310683864 0.148988984717826 0.475323402918992
0.483214035118692 0.280192165201503 0.203020262138195 0.0335735375416101
0.229879261244011 0.58253677929621 0.0465285686618195 0.141055390797959
0.448195233570636 0.361367954396894 0.159545906183516 0.0308909058489539
0.468232843927998 0.305612473553226 0.0688048743350604 0.157349808183716
0.432131031790862 0.094464417308918 0.31325308326088 0.160151467639339
0.0854449926930504 0.141050572429031 0.385025759917529 0.38847867496039
0.427126640418904 0.409739735329399 0.0263219252081373 0.136811699043559
0.460759743762124 0.292536829359812 0.200893856866272 0.0458095700117929
0.517769811722239 0.409390747489612 0.0581953164010926 0.0146441243870558
0.271321851243629 0.246703791384193 0.35885456653676 0.123119790835417
0.230190996940013 0.277006971587145 0.0269052485515283 0.465896782921314
0.181523301369346 0.158218876963229 0.457055252451174 0.203202569216251
0.311054881450804 0.159348706810326 0.160009784227613 0.369586627511258
0.311827829868977 0.326342065574722 0.12958652462048 0.232243579935821
0.249841954391563 0.376177192787018 0.175357267469641 0.198623585351779
0.252404075918474 0.266799801132491 0.259209649550639 0.221586473398395
0.0921304455973783 0.368889752416759 0.318293963584747 0.220685838401116
0.11413911870768 0.373770057030047 0.407008463409684 0.105082360852589
0.336678170580817 0.304028257619376 0.275766665746729 0.0835269060530771
0.452015222031905 0.203985529590647 0.0240423896103619 0.319956858767085
0.414493123789487 0.293308184516659 0.119567596070264 0.17263109562359
0.0255644105315916 0.408386112639824 0.50201936697905 0.0640301098495346
0.0205039661919933 0.280321052868749 0.264601937434125 0.434573043505132
0.0239481399768381 0.251390582868854 0.455768688512398 0.26889258864191
0.076011905453896 0.44516940211275 0.11277243728416 0.366046255149195
0.21911627580004 0.311824896187228 0.419141629767317 0.049917198245414
0.288848575865636 0.0730515537436237 0.185520566412769 0.452579303977971
0.107350665658894 0.389630221457273 0.212584139612843 0.29043497327099
0.207081862099662 0.51602486010983 0.274640991399484 0.00225228639102381
0.317868514798359 0.298396645393458 0.16977646143627 0.213958378371913
0.437215117298844 0.169017474919845 0.0916764982451541 0.302090909536156
0.160096894070944 0.318963817563649 0.194012338737119 0.326926949628288
0.241295793674854 0.376100098115207 0.177895863360604 0.204708244849335
0.332880623173671 0.0781472028118764 0.183959898897684 0.405012275116769
0.337768548421949 0.22230773056386 0.0666178105846553 0.373305910429535
0.616201860231556 0.00907268067624532 0.267830763064326 0.106894696027873
0.301661702296839 0.174476261467821 0.300766482272289 0.223095553963052
0.233383653874982 0.239588387176122 0.238689966338011 0.288337992610885
0.186561473806301 0.213546755152527 0.29964346831663 0.300248302724542
0.208460785741621 0.37314998179902 0.0468040167420973 0.371585215717262
0.21809311857773 0.437579875220642 0.291974152672422 0.0523528535292059
0.57271786995361 0.174440967246416 0.235770563396347 0.0170705994036275
0.34825858022156 0.314944775693541 0.29269449815948 0.0441021459254189
0.215133118434991 0.274590235623265 0.240464436992212 0.269812208949532
0.117687251959449 0.555262838772892 0.193410859258481 0.133639050009178
0.278879506642592 0.395779782506521 0.105112599239713 0.220228111611175
0.114137677798179 0.275476452371631 0.441979618680914 0.168406251149276
0.601378163998692 0.0594655479875909 0.316025013288897 0.0231312747248199
0.151006632858578 0.303899218080985 0.311082263475437 0.234011885585
0.339650952163785 0.255637797422717 0.18454849397281 0.220162756440689
0.0303364254310305 0.471524688775668 0.192119892081772 0.30601899371153
0.121024416889069 0.430557902688746 0.37333843061915 0.0750792498030354
0.127727381019941 0.255896127072982 0.187789860880399 0.428586631026678
0.267165393775373 0.307517087467766 0.17962662696359 0.245690891793272
0.26628915805981 0.170984069501438 0.310337577515373 0.252389194923379
0.18902140782091 0.384406985449335 0.282557056542837 0.144014550186917
0.0510317807702465 0.0454141859292581 0.20436095347031 0.699193079830186
0.438191568379214 0.0729771381127291 0.0994296545925243 0.389401638915533
0.310946850687274 0.132768171882544 0.267996490569037 0.288288486861145
0.232521346077028 0.106280455185487 0.51758823730226 0.143609961435225
0.344084106986645 0.401841314329846 0.250932451772014 0.00314212691149446
0.186407083389312 0.338170655701823 0.430439452682816 0.0449828082260488
0.167758949219308 0.327381734062129 0.361485511336092 0.143373805382471
0.339583154588012 0.0826637718778256 0.329693392034893 0.24805968149927
0.11890028159669 0.0806717194621426 0.115091699634099 0.685336299307069
0.366964074696062 0.00722414206051945 0.398805700810132 0.227006082433286
0.249152011773409 0.1915824385835 0.32712370174352 0.232141847899571
0.28885684276809 0.342925695621915 0.328745463232271 0.039471998377725
0.13090376603577 0.0168324967893516 0.390144480789809 0.46211925638507
0.29864865551098 0.0808886884746055 0.404326598542473 0.216136057471941
0.129457108678233 0.199670884170135 0.398703285448225 0.272168721703407
0.266874600186437 0.440650801278851 0.242688862317881 0.0497857362168316
0.193466168164636 0.306613174616485 0.300456989782808 0.199463667436071
0.0559383987040062 0.421808162453632 0.474139996328039 0.0481134425143223
0.285110658759693 0.308493014786682 0.258846423600649 0.147549902852976
0.0811711360970789 0.160679728456687 0.534749920488991 0.223399214957243
0.373625707248458 0.068559362254899 0.130766678725278 0.427048251771365
0.308929054954961 0.247512397078999 0.25587043939126 0.18768810857478
0.324154005128954 0.174190388423187 0.0224164569259844 0.479239149521875
0.354645875942379 0.431288642863063 0.209541688884116 0.0045237923104418
0.279219949619995 0.173537848242991 0.15097916769556 0.396263034441453
0.506344441967512 0.00121598319555826 0.450079009153787 0.0423605656831426
0.248873593758171 0.234214390844565 0.154571778249189 0.362340237148075
0.36393857499978 0.308587035990065 0.0582120731815824 0.269262315828573
0.337495969720678 0.169882717198601 0.225642674952241 0.26697863812848
0.0538715341955579 0.331214086346857 0.322785419280831 0.292128960176754
0.199270252260643 0.240914330992671 0.309367974612774 0.250447442133912
0.167390485040427 0.241852876568651 0.329959392421235 0.260797245969686
0.40769266234104 0.162130447680401 0.383644231455644 0.0465326585229158
0.288740101319422 0.289786307060056 0.332508158138017 0.0889654334825049
0.380538809982029 0.362078539290317 0.172565685479158 0.0848169652484969
0.143821636915899 0.199741323517118 0.486121079531523 0.17031596003546
0.390504778510273 0.415477695900283 0.102636891091376 0.0913806344980675
0.383970070752251 0.0962544719940803 0.22197540993362 0.29780004732005
0.40469047704461 0.425787036422972 0.108718144863782 0.0608043416686364
0.0714116813467914 0.401972123348798 0.229704653216167 0.296911542088244
0.215486338989071 0.0707458556093521 0.361205717695276 0.352562087706301
0.443630202042016 0.0932695475588575 0.369715327028894 0.0933849233702325
0.282666312104678 0.533733409483773 0.123714705003428 0.0598855734081209
0.056871608221057 0.363145678946308 0.51235285791507 0.0676298549175647
0.0243333005484819 0.281952942287169 0.337288544087259 0.35642521307709
0.155080438263318 0.218582140869482 0.606383419469005 0.0199540013981943
0.145146960875233 0.106486710264146 0.396791765622132 0.351574563238489
0.151209752042764 0.453902741245991 0.354542776448699 0.0403447302625459
0.396605535420061 0.0440964547081141 0.407544050183743 0.151753959688083
0.0881335484878909 0.106112317735556 0.500723542924299 0.305030590852254
0.40230590172891 0.200486907982923 0.308416977286791 0.088790213001376
0.142740727367192 0.501381693735641 0.0863542301697758 0.26952334872739
0.238073528416641 0.328089969948265 0.29480059527846 0.139035906356634
0.337253230455336 0.0460569646898339 0.45410055951272 0.16258924534211
0.339080461774082 0.282774050428995 0.0131704675015221 0.364975020295401
0.316608655662481 0.318522524714765 0.201435259549673 0.163433560073081
0.0336282474367999 0.129311829010539 0.610115973363624 0.226943950189037
0.094009268248872 0.307781271033136 0.239268174439009 0.358941286278984
0.30455748916889 0.147343552983307 0.256633462201801 0.291465495646002
0.25199456188109 0.441654468871727 0.223678827368412 0.0826721418787706
0.108442286370105 0.425554896098011 0.366470417604521 0.0995323999273637
0.10306860320341 0.172037862474284 0.38176538091309 0.343128153409216
0.516835611982744 0.259396977989372 0.03815574066167 0.185611669366214
0.443358251479233 0.173012788242758 0.0954775756673904 0.288151384610619
0.394124717885002 0.189726236268596 0.16950160227804 0.246647443568362
0.297660217910094 0.290143325430397 0.099109087926285 0.313087368733224
0.167190396715896 0.0751437937044633 0.584237512389252 0.173428297190389
0.230042333382581 0.337682772846922 0.206612053882438 0.22566283988806
0.124903589419172 0.637829594007023 0.162101953547231 0.0751648630265738
0.215743496864922 0.081023580504474 0.298170234458896 0.405062688171708
0.0863169351325265 0.342145125141477 0.368325205442239 0.203212734283758
0.354146675959072 0.295504979147151 0.127480106636313 0.222868238257464
0.368049581534616 0.478308641003136 0.0560951017229462 0.0975466757393024
0.320047009222197 0.137876494880065 0.304881371719077 0.237195124178661
0.300419148770826 0.15369861369605 0.407740214805633 0.138142022727491
0.28472630683734 0.308619351051389 0.185649798590887 0.221004543520383
0.386354947424004 0.150769878525896 0.280916565148335 0.181958608901765
0.139918408815663 0.268508327316843 0.299559167834444 0.29201409603305
0.298757128174663 0.13959122364219 0.33199296263959 0.229658685543557
0.309747894831386 0.222339439344354 0.371116287593054 0.0967963782312061
0.352418737200675 0.125114590415614 0.238032292047962 0.284434380335749
0.0878797705362617 0.405360507069986 0.388979286085084 0.117780436308667
0.375439033915464 0.200326966934675 0.0681303476276103 0.356103651522251
0.327439608046157 0.091215461985927 0.241501627075681 0.339843302892235
0.227554907248528 0.373288653574025 0.365475770366924 0.0336806688105232
0.440668376851247 0.0552103403923192 0.0950153252699049 0.409105957486529
0.226845603777893 0.275528619091407 0.177235848201276 0.320389928929425
0.43325653293693 0.310464362728966 0.0936187628298528 0.162660341504251
0.584664655449255 0.00108502944658205 0.054611925988212 0.359638389115951
0.233398267386579 0.25297839919059 0.235030486229945 0.278592847192886
0.0891599887582463 0.499890801490308 0.12815709924947 0.282792110501975
0.664277591622922 0.0593295317323799 0.0246388157249241 0.251754060919774
0.315048623766523 0.0502862769061451 0.318596855492042 0.31606824383529
0.287472932640214 0.139109804435312 0.430187453326556 0.143229809597918
0.192464240358615 0.0621458858262728 0.386456489586325 0.358933384228787
0.0956435975143396 0.606455348842422 0.0951531446648672 0.202747908978372
0.194618092289847 0.0111232280977663 0.179544941880494 0.614713737731893
0.150550353803415 0.345436635150531 0.275259315190772 0.228753695855282
0.149506601609844 0.595233359021471 0.0534243900066584 0.201835649362027
0.159907592243874 0.334336902728568 0.204262543821485 0.301492961206072
0.414865527853348 0.0823864344982283 0.219668744001477 0.283079293646946
0.210050339790029 0.561100611087665 0.0703160562549145 0.158532992867391
0.287246970956569 0.247887239780823 0.34914606077984 0.115719728482768
0.0484139899465198 0.355929497011801 0.325000189312318 0.270656323729361
0.334412908995828 0.344490587424012 0.0216910308377124 0.299405472742448
0.386979919314923 0.243165885931232 0.121649321246341 0.248204873507505
0.293423794363142 0.223490465245643 0.29912224991893 0.183963490472285
0.362850185459342 0.0198449806219683 0.219081017104408 0.398223816814282
0.233791915769737 0.0168895691667832 0.258197477739873 0.491121037323607
0.530309128842728 0.179535262411614 0.243274321657192 0.0468812870884662
0.352800479144648 0.150516784470767 0.475434705351053 0.0212480310335325
0.0540686682925011 0.331312416349237 0.344350713349465 0.270268202008797
0.154215404598986 0.311567817511574 0.270608000191546 0.263608777697893
0.394669398621758 0.249371418526725 0.238715396310279 0.117243786541238
0.0277814890416762 0.195355398095536 0.34014998036299 0.436713132499797
0.218648754048925 0.171531765068142 0.0169380182200429 0.59288146266289
0.619935757232269 0.046878282257134 0.156897478051527 0.17628848245907
0.300799535641758 0.282113777083501 0.287502260166965 0.129584427107775
0.0246043924766379 0.0178795552247 0.518020653909406 0.439495398389256
0.242900161773758 0.28357258238794 0.0960835887350476 0.377443667103254
0.0336438253245433 0.374410372888259 0.145135485106274 0.446810316680924
0.281301186780268 0.272974929148794 0.097070726636217 0.348653157434721
0.293917142006211 0.135329688213164 0.184251225772902 0.386501944007722
0.191660202139489 0.247443169297877 0.257183767669887 0.303712860892747
0.375410361888491 0.224695314644666 0.378280258013858 0.0216140654529847
0.285015877037315 0.125435723115104 0.227360038613069 0.362188361234512
0.329155653612071 0.507290490664318 0.0273597187713379 0.136194136952272
0.191187712726004 0.158639452116076 0.365025808354963 0.285147026802957
0.257812368578851 0.304112903093064 0.306731494401797 0.131343233926287
0.157732095158921 0.212556468395989 0.333919610974124 0.295791825470965
0.479112062777385 0.2526704955812 0.253620020568497 0.0145974210729192
0.457300678833838 0.120892819914712 0.181044905332497 0.240761595918952
0.357831928600344 0.276269168976733 0.075136669297768 0.290762233125154
0.393808186356041 0.380175951751647 0.198029038126212 0.0279868237661003
0.45332530169081 0.158108392268708 0.0616984805397146 0.326867825500767
0.256864040171193 0.277361991643255 0.112678245621827 0.353095722563725
0.255268163246105 0.0171293391218265 0.416294857356748 0.311307640275321
0.0201140908969761 0.448868192843145 0.121821017162936 0.409196699096943
0.211031679408925 0.210435131755325 0.281842205050867 0.296690983784883
0.181222836049939 0.343361322645408 0.0533850888237665 0.422030752480887
0.319434973939058 0.282251832279677 0.166119569242115 0.23219362453915
0.114600145350482 0.123780066580336 0.403729990256091 0.357889797813091
0.315544782106072 0.2204142985208 0.385279468967049 0.0787614504060789
0.251006186300216 0.309554016382133 0.223664832168504 0.215774965149147
0.356892204778549 0.00797939410426551 0.328235505002617 0.306892896114569
0.313354306183623 0.310584605585243 0.0603267158033283 0.315734372427806
0.442478273252898 0.099350273023774 0.149497349244177 0.308674104479151
0.237057316667169 0.323767351121484 0.255714345071321 0.183460987140027
0.0604860446473336 0.304787825440426 0.0169691832231082 0.617756946689132
0.00104116529106193 0.171698105968959 0.394423684363521 0.432837044376459
0.290082971854724 0.411727494378469 0.144766172901959 0.153423360864849
0.31876025381077 0.419505993028753 0.0710089583313933 0.190724794829084
0.28666650754292 0.43020641169223 0.0678436802230521 0.215283400541798
0.271012245510921 0.222630255618834 0.237104600809387 0.269252898060858
0.33108218244116 0.368490556621626 0.12917866567368 0.171248595263535
0.271716572839956 0.133135621301109 0.26233592141518 0.332811884443755
0.523628220959916 0.361721088328819 0.099498685235475 0.0151520054757897
0.217063544148164 0.300936525284674 0.231515790572292 0.25048413999487
0.327385122518341 0.109865399072138 0.215011627883361 0.34773785052616
0.0100775122618873 0.406269601406408 0.483909642825241 0.0997432435064633
0.235178149980699 0.68506193013647 0.0160046640300692 0.063755255852762
0.235919552984015 0.264123337299113 0.321675219382065 0.178281890334807
0.42083261646679 0.441719526133251 0.0623658400826014 0.075082017317357
0.313644772785095 0.0764584526995558 0.339351580849703 0.270545193665646
0.0666250792553581 0.292000841505273 0.290283196970101 0.351090882269268
0.407196854261154 0.143602216516551 0.435577252347135 0.0136236768751608
0.27924037483451 0.384151958764896 0.0897188850544851 0.246888781346109
0.329696985655103 0.530002268015651 0.0403734474250138 0.0999272989042315
0.571072637197263 0.276445312318019 0.061994954000164 0.0904870964845542
0.367581919433045 0.384406855984348 0.0364154441175893 0.211595780465018
0.245803128454435 0.347882251944054 0.071688193884673 0.334626425716838
0.0386275086768857 0.482356228104315 0.449270082717891 0.0297461805009075
0.356075093321208 0.0167776240470065 0.353511601569505 0.27363568106228
0.158666017879945 0.408421145892971 0.177682282389107 0.255230553837977
0.582561250476569 0.0484224213602319 0.131134360731999 0.237881967431201
0.121502882761685 0.147882203189354 0.452572536015563 0.278042378033398
0.069063495160059 0.342181791325159 0.377114022153137 0.211640691361645
0.300530710378577 0.358868745792409 0.144896486197134 0.19570405763188
0.156756713301111 0.281513034356444 0.351578084766026 0.210152167576419
0.0859183455615496 0.184238293771327 0.268545897174919 0.461297463492204
0.244372421919536 0.494074868797522 0.0872291631711666 0.174323546111776
0.135874043170038 0.687294657982415 0.115431977788195 0.0613993210593517
0.309501515712913 0.319146575329642 0.247933700007961 0.123418208949485
0.217714782100109 0.304789784816497 0.246184465347278 0.231310967736117
0.0515458685692334 0.264198232381286 0.106111688045477 0.578144211004003
0.274842055817668 0.193364481120226 0.396061825607796 0.135731637454311
0.241402196290801 0.00250110700703797 0.706163788110906 0.0499329085912555
0.218760487284553 0.31039469165439 0.223102576277157 0.247742244783901
0.334678542971746 0.246843466153898 0.177117986596697 0.24136000427766
0.0302185503507419 0.361262127577216 0.206600119049458 0.401919203022584
0.120307375240796 0.326049860740825 0.193898729388429 0.35974403462995
0.189384793144254 0.113377007296125 0.335786551430575 0.361451648129045
0.271272168142034 0.119915053005484 0.393896293275831 0.214916485576652
0.399439216935765 0.400521897849385 0.0633861007085462 0.136652784506304
0.313369528839612 0.0105248317056854 0.0228843509079523 0.65322128854675
0.443155511629816 0.169994658302872 0.240107074344098 0.146742755723214
0.317328167944358 0.407671069923721 0.17473039975706 0.100270362374862
0.135237682213747 0.30185152527464 0.430004643368629 0.132906149142983
0.109379608734244 0.721560527206691 0.102207308974592 0.0668525550844728
0.100752657317737 0.347656656898417 0.187287742593328 0.364302943190518
0.353546954604015 0.0178085170126777 0.21512716689364 0.413517361489668
0.118025834920947 0.240327990858147 0.283093127617985 0.358553046602922
0.163694618288038 0.364348083629282 0.358021712016484 0.113935586066196
0.252031290108212 0.352978506090912 0.066719406741726 0.32827079705915
0.0260962173808195 0.672173061726841 0.00442974928985848 0.297300971602481
0.361834632956525 0.490442013609241 0.135333001333529 0.0123903521007047
0.125029076895513 0.247007904319954 0.265540672325769 0.362422346458764
0.304433355377898 0.137054050737295 0.394667130787072 0.163845463097735
0.217057561555364 0.472672180010479 0.304506468938713 0.00576378949544416
0.144696598166563 0.179553402173369 0.145246442292448 0.53050355736762
0.322711068746645 0.126476605682344 0.329118864655197 0.221693460915815
0.0616298235018913 0.0773235876324107 0.269605761187547 0.591440827678151
0.326902782571248 0.338729558635871 0.223007496164875 0.111360162628006
0.218012176097358 0.309781933344865 0.407938301418781 0.0642675891389966
0.386750052290571 0.194055547967035 0.327138609563866 0.0920557901785284
0.313019694526103 0.0955444280183808 0.369982946157889 0.221452931297628
0.186982534516015 0.249647727900816 0.29215460370515 0.271215133878019
0.329588212461176 0.313041909624668 0.0390988190056299 0.318271058908526
0.0585467753714564 0.196769510963495 0.286244672755701 0.458439040909348
0.224461829412421 0.0538514755748077 0.290914301522674 0.430772393490097
0.39385736731342 0.0583611716135788 0.252534813864847 0.295246647208154
0.286607627642559 0.223319919795098 0.268699684613004 0.22137276794934
0.385578623784386 0.0187262947740637 0.0704986186407212 0.525196462800829
0.35395718075718 0.218970323786553 0.335293898599868 0.0917785968563996
0.35909616814211 0.312257634587116 0.00334992070746256 0.325296276563311
0.106706314813821 0.362311963255421 0.275327701300345 0.255654020630413
0.335088490217831 0.40232505784482 0.0296045042200237 0.232981947717325
0.287506101276228 0.205352660051289 0.298353643913562 0.208787594758921
0.326323589248292 0.221542404307084 0.213952358252917 0.238181648191708
0.273394529024398 0.0655226641913287 0.51263955705298 0.148443249731293
0.0572212307650701 0.125375758993103 0.323945485162205 0.493457525079623
0.230732558049262 0.384084688360053 0.362886559128428 0.0222961944622572
0.154227450344717 0.154978622580738 0.3246647769217 0.366129150152845
0.175070333808502 0.440326050798497 0.0329043420759369 0.351699273317063
0.512723413241445 0.217539061162977 0.26521932218824 0.00451820340733803
0.249918862788405 0.281717973882617 0.256560135707404 0.211803027621574
0.0639790438135344 0.354403945598412 0.28345359622189 0.298163414366164
0.143722010179543 0.281945276141189 0.290663040589498 0.283669673089769
0.235892780876023 0.273981900541404 0.279608564941724 0.210516753640849
0.00846337050741547 0.249114128268432 0.419839849529003 0.32258265169515
0.400895585416781 0.221380735909787 0.0583871988320464 0.319336479841386
0.255740829806542 0.261824571652758 0.407471153773573 0.0749634447671267
0.0447679692460928 0.338243827971362 0.153783265368265 0.46320493741428
0.27500022982404 0.21037372803587 0.358236335865514 0.156389706274575
0.238640061564264 0.290067386837165 0.448228686178534 0.0230638654200366
0.345633214803048 0.248662316439915 0.0181472130418402 0.387557255715197
0.436754698189018 0.222535302391834 0.320140267465679 0.0205697319534685
0.0565712372612008 0.395545176414399 0.268218643857641 0.279664942466759
0.269167719239597 0.168580985248367 0.0785903312639516 0.483660964248085
0.105822061916911 0.164794751317462 0.505669566180236 0.22371362058539
0.176994968765141 0.460795365091948 0.0610477951498567 0.301161870993054
0.119408282457835 0.374796792825256 0.458551071858686 0.0472438528582227
0.167828942817076 0.38550702072195 0.245855528891627 0.200808507569347
0.13348822007373 0.407950520767951 0.00157927028210667 0.456981988876212
0.399045473554853 0.240425603623938 0.314180417574017 0.0463485052471915
0.184259051420839 0.385027194042153 0.0143978420297878 0.41631591250722
0.199724166130138 0.00671111161054831 0.508651186559013 0.284913535700301
0.247857666071789 0.367924990193893 0.0305989188169907 0.353618424917327
0.404995265705082 0.124245631409037 0.00907530316199284 0.461683799723889
0.0385879416379385 0.436670057334724 0.0787113864764219 0.446030614550915
0.0396421623498289 0.19297313510728 0.217728746243372 0.549655956299519
0.325425275457467 0.170319123057546 0.243672380348517 0.260583221136471
0.30439975521023 0.224494089220413 0.14296608878976 0.328140066779597
0.0799750263227736 0.218666030197581 0.441682808807151 0.259676134672494
0.121348910875497 0.271738509574643 0.31922872249871 0.28768385705115
0.168230666338515 0.683850808472622 0.0313475535231185 0.116570971665744
0.168368973394013 0.140502807362332 0.404141184684628 0.286987034559027
0.224041942873452 0.056813623256481 0.280810119908148 0.438334313961919
0.402379485856349 0.124302826230861 0.102536249346511 0.370781438566279
0.329679511683992 0.0990247128125121 0.235730731857094 0.335565043646402
0.35716650559433 0.0384133765539914 0.422196006214476 0.182224111637203
0.216722144610993 0.118769653589173 0.511226533670228 0.153281668129606
0.61247590229228 0.015385311848623 0.293048768118989 0.0790900177401082
0.379733314269311 0.180233889813891 0.438338396839155 0.00169439907764287
0.275805229045605 0.207593364791145 0.407448499455919 0.109152906707332
0.356374293425756 0.204109642494502 0.0956610671885577 0.343854996891184
0.478388898623047 0.0724455642936303 0.339874984232309 0.109290552851014
0.181353606038502 0.346307978432666 0.119267012679788 0.353071402849044
0.342596589034689 0.142067388549231 0.430119705849897 0.0852163165661829
0.346755215405553 0.30548832654925 0.0692315129446096 0.278524945100587
0.0256900341231491 0.552622932985606 0.178652498843789 0.243034534047456
0.333169651832108 0.265356222362056 0.230054508344679 0.171419617461158
0.118453883695801 0.270634192054262 0.185640511899082 0.425271412350856
0.0148229231746143 0.349886876721122 0.316286438346038 0.319003761758225
0.168643318193885 0.089645577779903 0.460211580449903 0.281499523576309
0.20389862777457 0.27042936811633 0.312416728996784 0.213255275112316
0.0252612929648654 0.407394165370597 0.195764337007473 0.371580204657064
0.438306234920219 0.0863810556817863 0.0559465192358043 0.41936619016219
0.174149646677355 0.511560267343872 0.0437335501888461 0.270556535789926
0.174615837466915 0.372409921271318 0.423316588748709 0.0296576525130585
0.00447473242287546 0.585097051002034 0.106813119130229 0.303615097444861
0.169912253499706 0.347400044390611 0.218467667087735 0.264220035021948
0.0228885250094014 0.296180379907578 0.334229265445684 0.346701829637336
0.330737716932464 0.480114671081237 0.175424334479043 0.0137232775072567
0.188081720645604 0.269519198439983 0.206017039516477 0.336382041397936
0.519529262171433 0.0618695999861061 0.0130698832593681 0.405531254583093
0.297781622986027 0.356739490577594 0.254699852752801 0.0907790336835777
0.211458408857813 0.351005193454105 0.00244161256436623 0.435094785123715
0.305761327331759 0.0347139136558047 0.276047953462272 0.383476805550165
0.461981962961599 0.0164634764399126 0.122987988647831 0.398566571950658
0.473934248482516 0.291868349041399 0.137873983138028 0.0963234193380569
0.247229291982437 0.12393156859451 0.165336907216012 0.463502232207042
0.000737573894962274 0.176215862615161 0.424163747011495 0.398882816478382
0.297838364102391 0.266907839153042 0.1826989144104 0.252554882334167
0.352905100880128 0.312124895355783 0.0146116378076071 0.320358365956482
0.159657385944691 0.232686801361505 0.345588659797241 0.262067152896563
0.251110268775102 0.254097227089553 0.251642898804222 0.243149605331122
0.262257091649283 0.345193564832156 0.0883503872916948 0.304198956226866
0.0265030368594719 0.416830624607026 0.17597747581972 0.380688862713782
0.276681084580659 0.421437817521268 0.00311891976799833 0.298762178130074
0.0693077869978727 0.46653523552778 0.231902857753268 0.232254119721079
0.310481172539507 0.290604342882614 0.137835178127915 0.261079306449964
0.170394842036206 0.196173982173753 0.319870375981881 0.31356079980816
0.352077482521542 0.185050774562688 0.342265591313383 0.120606151602388
0.356429557670382 0.0953107415641023 0.260622150072445 0.287637550693071
0.00830198373972748 0.302724851711038 0.310525923449825 0.37844724109941
0.209012895616166 0.0916227972707167 0.286141497589413 0.413222809523705
0.0126450717756305 0.210598315546271 0.631253336373469 0.145503276304629
0.146725905071667 0.27414272634503 0.327280472690484 0.251850895892819
0.138873768307718 0.337944818662464 0.320731912911583 0.202449500118235
0.11920470738782 0.303121435063879 0.44762426403731 0.130049593510991
0.0381816428886169 0.368811474269315 0.393134679525888 0.19987220331618
0.115159237946012 0.380092728344766 0.398636974727222 0.106111058982
0.218613623110525 0.170357010247765 0.360665561457504 0.250363805184206
0.446246644751718 0.140970700831847 0.210821098287358 0.201961556129077
0.519176877135714 0.118662814890877 0.283499119724529 0.07866118824888
0.125907994832015 0.289534269447163 0.0825311952586182 0.502026540462204
0.397495516637233 0.100077137956013 0.313192610227884 0.18923473517887
0.19067665638318 0.359781370344812 0.0819918940967016 0.367550079175307
0.519077199858825 0.249114119687007 0.228866603287022 0.00294207716714649
0.138542193785361 0.289794009013109 0.156769813020771 0.414893984180759
0.215994315483249 0.127817628287112 0.124275151082057 0.531912905147582
0.438890372376454 0.0267385325493176 0.144801778034315 0.389569317039913
0.139597783911657 0.298703468893859 0.283321968090792 0.278376779103692
0.234608442340993 0.136267109636622 0.398637589616944 0.230486858405441
0.196259443418853 0.493822905460496 0.0909742445557722 0.218943406564878
0.249962247900107 0.332527462517903 0.300471072969375 0.117039216612615
0.297848352366757 0.0834959139227502 0.513762011055266 0.104893722655226
0.627887500986133 0.0153622451155009 0.0259788094470351 0.330771444451331
0.366931514174745 0.312915721498127 0.301643765207098 0.0185089991200307
0.248594915107263 0.140162033206921 0.493305548565115 0.117937503120701
0.299821944198865 0.384471994428959 0.250488373559865 0.0652176878123112
0.0893475615010098 0.265008771469635 0.424933132914179 0.220710534115176
0.0622246890765906 0.598656603831742 0.217377871586314 0.121740835505354
0.510286454281198 0.0384855000077906 0.292787163369734 0.158440882341277
0.306740766972198 0.22546104690381 0.0521522147756841 0.415645971348307
0.323893663186621 0.361906578537821 0.224813974592662 0.0893857836828954
0.381921493687208 0.0710779654949955 0.241346436358073 0.305654104459723
0.237261534647376 0.261403866789898 0.444197807999173 0.0571367905635529
0.299325592745647 0.299523627688962 0.31980541542217 0.0813453641432202
0.385178178605198 0.157487586383258 0.164430783577144 0.2929034514344
0.0585277708752785 0.211202355546499 0.0131268423408779 0.717143031237345
0.212278331235946 0.197573277928666 0.253255554568846 0.336892836266542
0.247294639307982 0.166363057673938 0.517724304192485 0.0686179988255956
0.203642161941609 0.496662709509399 0.140652103717486 0.159043024831506
0.0545371771509823 0.150213292362498 0.578568341643312 0.216681188843209
0.421182266361492 0.0282667759866794 0.0732108288805115 0.477340128771317
0.250333763085714 0.528088450123194 0.105336991307684 0.116240795483408
0.116301522255631 0.292260629092791 0.194962068465079 0.396475780186498
0.596118508893396 0.208666867751022 0.148100098546339 0.047114524809243
0.499518225821028 0.246458552805092 0.00812000168960467 0.245903219684275
0.12683344300546 0.532845097701337 0.228757826819135 0.111563632474069
0.134237130734235 0.266806211665822 0.0484518025339354 0.550504855066008
0.194873928566123 0.346685113952568 0.378988539873868 0.0794524176074398
0.241228215985453 0.312408332591772 0.143040842097973 0.303322609324803
0.10997404693346 0.408816873344829 0.274907437656834 0.206301642064878
0.245749147094097 0.342021549151692 0.311396148118078 0.100833155636132
0.0413319143213112 0.259991127100449 0.145102344006323 0.553574614571917
0.0352736949640289 0.18290669252537 0.705950506203072 0.0758691063075296
0.0628258123318947 0.411178871646062 0.352092517017832 0.173902799004211
0.283785522075269 0.212956633876883 0.26127295398392 0.241984890063927
0.268825746982614 0.0318681170404035 0.0506614598528799 0.648644676124103
0.332114172226295 0.0377573169939885 0.429106766075436 0.201021744704281
0.36879064328644 0.223202500461891 0.169743588715583 0.238263267536087
0.422567146392309 0.0333046027727861 0.314845174974363 0.229283075860542
0.188066229992766 0.1176889150728 0.0900452464686542 0.604199608465779
0.0597774937586171 0.170220930505099 0.349279643204448 0.420721932531836
0.182373261532697 0.328261948468849 0.209414300287256 0.279950489711199
0.0524671979780192 0.19114020931757 0.530306741546025 0.226085851158385
0.336854515527565 0.172880460909123 0.0749355193107017 0.415329504252611
0.371277871562232 0.0322636971469338 0.200034875804189 0.396423555486646
0.16081066899385 0.391618567090954 0.403611168763027 0.0439595951521688
0.174388746309089 0.226346552655756 0.320050658760243 0.279214042274913
0.17489540396581 0.402852989622942 0.317625545671347 0.104626060739901
0.299026049309575 0.128968485926775 0.21772901767127 0.354276447092381
0.101373226717052 0.353516171392128 0.19739490210552 0.347715699785301
0.00504031726399485 0.250294141774734 0.592791657043969 0.151873883917301
0.153741861424153 0.223850124927231 0.332546943914706 0.289861069733909
0.484684994312778 0.0675965383728666 0.158739275133209 0.288979192181146
0.14456484660838 0.384541985498707 0.173096719495587 0.297796448397325
0.225296942703605 0.35040335542367 0.161233395453443 0.263066306419283
0.355001911857376 0.269218516502491 0.315555101012182 0.0602244706279514
0.389455864865952 0.332776959359157 0.076780195504918 0.200986980269972
0.353506502635548 0.0314520319538037 0.319585421514366 0.295456043896282
0.225339607302433 0.345086149947619 0.237380718237255 0.192193524512692
0.485563700411706 0.128850064609506 0.218065218747045 0.167521016231743
0.477658353324307 0.0544802791434317 0.405540629770558 0.0623207377617039
0.354229116669191 0.0752828172307627 0.242692867469991 0.327795198630055
0.609174275706828 0.0564712645349761 0.198252598532876 0.136101861225319
0.414149832202414 0.314483512458004 0.229034366470358 0.0423322888692235
0.216299340577304 0.370804282293365 0.359609542370188 0.0532868347591423
0.365473236801588 0.0181345279906725 0.468478460863903 0.147913774343837
0.225043716787801 0.15604701046975 0.418718248156631 0.200191024585818
0.284106632118201 0.39634410580147 0.210239855882277 0.109309406198051
0.0899212175919688 0.381784610846784 0.120387538226969 0.407906633334278
0.184815839020158 0.376511030008809 0.0555307912328704 0.383142339738162
0.164578847406939 0.54205834440949 0.18670812948135 0.106654678702221
0.0698101324608167 0.486645958090857 0.0931079899494789 0.350435919498848
0.233334806624032 0.316927575420212 0.269894011490708 0.179843606465048
0.179766056451499 0.379424761652596 0.168529978562518 0.272279203333387
0.189465496238392 0.223149596064241 0.374427722879487 0.212957184817881
0.415919334655345 0.243773661069816 0.171558718626961 0.168748285647878
0.440254710444689 0.397162392579229 0.122907042677168 0.0396758542989135
0.0784085859163879 0.0956838738286999 0.487059558877515 0.338847981377397
0.325511794595662 0.0812735485034053 0.377686974551643 0.21552768234929
0.296105210266503 0.306817903625055 0.104287296141799 0.292789589966644
0.142379793977468 0.26419413290481 0.277342758875576 0.316083314242146
0.304482636744377 0.305784402532899 0.209291873719336 0.180441087003388
0.482077964998124 0.0746532401219317 0.272421886534768 0.170846908345176
0.158058146408692 0.352594356136346 0.0344552035488736 0.454892293906088
0.409027544686976 0.0522130507510661 0.240520937662688 0.29823846689927
0.0965168022341725 0.0427218614921005 0.479610849757986 0.381150486515741
0.354574395440464 0.429656465390973 0.164358303569872 0.0514108355986907
0.33301971355584 0.222800630452828 0.158136256635145 0.286043399356187
0.102980861222262 0.578019610071393 0.30284340032065 0.0161561283856952
0.327920822691425 0.273416576928303 0.135543814075729 0.263118786304542
0.332341223639982 0.214087095261112 0.177134912012076 0.27643676908683
0.21934938139935 0.162208861694321 0.337446171307388 0.280995585598942
0.332665195904989 0.362871871132012 0.233812225490386 0.0706507074726135
0.200471380030981 0.453500168132448 0.0278946732184866 0.318133778618084
0.296949710634871 0.245848844255421 0.280267922739308 0.176933522370399
0.217131525563915 0.192822491510945 0.567613709578515 0.022432273346625
0.557287594553034 0.011425416285533 0.0172791832859927 0.41400780587544
0.160841012160717 0.022761593761781 0.485576812005905 0.330820582071597
0.2698137414898 0.362961330390483 0.151571837182418 0.215653090937299
0.271528487483627 0.325526401573888 0.340507303269459 0.0624378076730261
0.275352224159967 0.301814752852902 0.231653388662829 0.191179634324302
0.200479257094993 0.399747186993057 0.0111929674598747 0.388580588452076
0.328428777543136 0.165172954191798 0.249184317035739 0.257213951229328
0.238930553544337 0.293502152092241 0.254401554688057 0.213165739675365
0.0831808665113815 0.162039070183179 0.410432037382087 0.344348025923353
0.0645162247823969 0.20242138905548 0.0627090423562926 0.670353343805831
0.264532565158703 0.680398916997159 0.0414927219685192 0.013575795875619
0.134985136108164 0.293349104319333 0.248927812036885 0.322737947535618
0.243166349979201 0.0200241413914997 0.451931404695433 0.284878103933866
0.067479686202794 0.422865432061525 0.117932345220376 0.391722536515304
0.215938291571221 0.271610354570909 0.167233400515983 0.345217953341887
0.272014548635929 0.430553886624423 0.0941533265640319 0.203278238175616
0.322156357050588 0.314450351334971 0.167013084092457 0.196380207521984
0.115652297587958 0.38365280959843 0.0783212296596539 0.422373663153958
0.532394653331508 0.256501414617027 0.0225550588598387 0.188548873191626
