0.0334658881153647 0.188843993270294 0.12998962052887 0.0863265407430099 0.155968543965345 0.138685289277323 0.257419073123146 0.00930105097664769
0.00957517635324128 0.249573272899329 0.0513597373795635 0.091700010139369 0.245247050778079 0.0509641263310927 0.0716557896577889 0.229924836461536
0.105261013867179 0.202170346635156 0.192713737505914 0.0320704624709545 0.0675733065452167 0.121402858694011 0.266794839497008 0.0120134347845615
0.137860786607124 0.0970324429813999 0.0153325192728665 0.00715420167972193 0.0958958255508282 0.217044067575352 0.306008245488146 0.123671910844561
0.231984360648839 0.0478486751619494 0.0410261790078668 0.156110011596369 0.0927544447150431 0.0764474384196604 0.200432076462061 0.153396813988212
0.113403416615357 0.130875429729578 0.140212118527126 0.148570291322513 0.13913890671025 0.148157830177228 0.089038680327694 0.0906033265902543
0.0423691923234915 0.100924540689091 0.0641012381062433 0.167841256704377 0.246997905264479 0.243312943771891 0.0499196519701309 0.0845332711702963
0.0271302379286768 0.173243710385555 0.19478771434327 0.00445519976595094 0.0996792068776273 0.228621043343737 0.121447252002112 0.150635635353071
0.248363276381779 0.077464210551332 0.0552453240739016 0.265716942644959 0.00874011909412375 0.26682744618192 0.0554034792592073 0.0222392018127775
0.078611457447739 0.0572359553364921 0.0247404900962009 0.0334669545357156 0.226873804849143 0.160851706725169 0.259877208611121 0.15834242239842
0.228722574073241 0.168671976340464 0.0967199205066068 0.0821744755967162 0.0840243323329428 0.0898102188631732 0.0568675184910872 0.193008983795769
0.226942510938751 0.0251679191938353 0.10996509279198 0.102450915969922 0.0497723147406318 0.235809940444106 0.00850433818038936 0.241386967740384
0.195273352945085 0.141159328551249 0.202836368772423 0.0552953031945706 0.000906559632410079 0.129713820869115 0.245039971408263 0.029775294626885
0.146784218334848 0.138740994007763 0.0543679390447622 0.122739490678832 0.124536823499148 0.1687613800015 0.203631114993812 0.0404380394393341
0.0715360878346299 0.0237206963123531 0.184598117316204 0.244270058364069 0.0478669744951344 0.195945890133042 0.0317009284526964 0.200361247091871
0.0943710707151106 0.15136514434069 0.163613023505002 0.204828713192219 0.078614690401295 0.111724071770976 0.188998384694966 0.00648490137974126
0.0169756856256669 0.215006334407085 0.214401494666438 0.0190676512451752 0.191001491660674 0.110408336955976 0.0383780306276155 0.19476097481137
0.0982036962937309 0.183449101201644 0.177810844744319 0.0203440116557855 0.0466920189118035 0.241481373203329 0.0101561454309504 0.221862808558437
0.0562271885160699 0.0116162105468287 0.0104474883823497 0.211475992784237 0.172474836643053 0.226372703859009 0.144281087096167 0.167104492172284
0.0506568777686933 0.124313661458481 0.179568675905143 0.0404048193756413 0.174683343190086 0.0236937340933284 0.269699713117483 0.136979175091144
0.117371481204252 0.133459885621475 0.0253817919960881 0.188696379408237 0.0278057189122978 0.145908777659818 0.309515066484967 0.0518608987128649
0.0327740723309925 0.166005711054896 0.129317339439511 0.172630664964883 0.13758741220736 0.207545562210052 0.061935673188689 0.0922035646036165
0.0555097784230553 0.0766748873147966 0.193811900197584 0.214491968692493 0.138219449652996 0.0680927096960566 0.0765345815665906 0.176664724456427
0.243771785417426 0.0709826936275244 0.0796711215677755 0.00916231729455784 0.118050179965029 0.113984675472661 0.123847150587545 0.24053007606748
0.172277406409293 0.117057252762001 0.157255635610973 0.0275351707068277 0.126081747256966 0.0995001601338255 0.154847410297256 0.145445216822858
0.000382101575750996 0.125059723899471 0.0486577907759764 0.182305370921013 0.178643750826972 0.122731178382186 0.17890095494884 0.163319128669791
0.0921322588048666 0.195034039928843 0.0545661535862434 0.0983486081756459 0.258711771770248 0.0604508039105748 0.20006661098995 0.0406897528336282
0.0515024358501524 0.0922031122162908 0.121698153501045 0.236548085846426 0.395918300076319 0.0202236321828746 0.0167947259224183 0.0651115544044732
0.0835307163994379 0.166658301570831 0.088137553904724 0.0119665027923556 0.180581096658765 0.110650673239525 0.178232860159858 0.180242295274504
0.179865173092192 0.0769561087342656 0.195517746214695 0.15864572656825 0.0444943966299179 0.108442446277417 0.18915290313384 0.0469254993494221
0.188856933795157 0.19792645099202 0.133421546190567 0.0662093217469217 0.0331435156234152 0.145888391066672 0.109715758235196 0.124838082350052
0.0509529228354972 0.134302527124289 0.0212484537064236 0.115974154445277 0.223717331564424 0.222604972837385 0.188986516073087 0.0422131214136165
0.127770727048595 0.139885617969193 0.189185601989242 0.0403968379888362 0.176984689528798 0.166118465678173 0.102353183962129 0.0573048758350342
0.0846262553297083 0.11820619610433 0.0214728623283013 0.227695872781627 0.197994042070131 0.245149605788757 0.00274211781688262 0.102113047780263
0.353946542569119 0.000399825256295152 0.118297480821496 0.0174770849909318 0.0148288792043999 0.149266999172242 0.180168589349243 0.165614598636274
0.161339068260752 0.272150030412323 0.157932549082649 0.0561616936149098 0.083420333594674 0.00703787382216046 0.0779774662059435 0.183980985006588
0.169734457818547 0.129606279666644 0.010589165592975 0.178374821773035 0.014560801671668 0.187868768832411 0.0691478875007039 0.240117817144016
0.1350045393128 0.147454704624027 0.207238300706364 0.105617643973716 0.184856223289382 0.00288086026889701 0.038464176535904 0.17848355128891
0.0083826266295048 0.134446341510898 0.166654529947058 0.112392728874902 0.178245649960931 0.140633071983179 0.0149753311431081 0.244269719950419
0.00559908380228318 0.0545600691530399 0.131003670218261 0.0467439784189644 0.264489247604956 0.243609679060234 0.0809479135685967 0.173046358173664
0.171333666106285 0.0449245131518278 0.18100077655225 0.134124722058358 0.0677232681913077 0.200925768877223 0.105206524997002 0.094760760065746
0.167703983318625 0.112649954666496 0.0367068922060705 0.175982471608371 0.0263065874662094 0.14923815516583 0.130759493224822 0.200652462343577
0.117988665314042 0.0305165534351767 0.230868816440504 0.038475733816262 0.144071765895426 0.0293392787389174 0.190476547553004 0.218262638806667
0.0941129038533356 0.222290451079805 0.0498611338675101 0.00650104346642255 0.0264526717548474 0.253966618703331 0.127472745590288 0.219342431684459
0.144147533669405 0.15174326242231 0.162748091423382 0.147164457701535 0.196312874200175 0.013992196415723 0.13654795823139 0.047343625936079
0.0112922231001298 0.0468914982502885 0.222099298686397 0.23636663597181 0.206401995719456 0.119433902885293 0.122681345429922 0.0348330999567035
0.057522987042526 0.0806477218528372 0.17360391149726 0.102320728007095 0.10824810818061 0.129028180212866 0.188230249814974 0.160398113391831
0.129620679313874 0.0171416093539835 0.161041244121384 0.181034764752996 0.177583407572761 0.104748034792659 0.179281479809146 0.0495487802831969
0.252799906923433 0.0335405892870228 0.363401532389546 0.136729928640731 0.0276289151384646 0.0814610831091143 0.0176221110067017 0.0868159335049859
0.26494397871424 0.230827390670539 0.052156820391332 0.0407020551927657 0.204099155111393 0.123300137614465 0.0800040369784555 0.00396642532680943
0.0730175360066676 0.119861649502353 0.165320880289812 0.13607214310052 0.14462396326841 0.196327070170236 0.100149261693735 0.0646274959682666
0.0532218171212167 0.0809257357756632 0.128480334236297 0.0279921134153293 0.229597801254204 0.0209916109166512 0.274448913260602 0.184341674020037
0.173675130493767 0.132695095364615 0.11729231318183 0.0392389976994435 0.152947717881322 0.166996110700525 0.0513030716270177 0.16585156305148
0.101807437408448 0.125116548358905 0.103001030059028 0.189091992623827 0.0799239392031793 0.15772583067155 0.0949731001509689 0.148360121524094
0.141547058326831 0.188912576975217 0.100445055039831 0.0980105850805358 0.0999297871455936 0.148811414790149 0.138417179411046 0.0839263432307955
0.10700710552354 0.107120091855563 0.161904792611831 0.197708716763461 0.192543526384457 0.136761865804735 0.070470870468154 0.0264830305882581
0.13301266415043 0.00157896559607934 0.314493743362068 0.0763785681883833 0.307096115779073 0.00898468234797808 0.053871067574894 0.104584193001095
0.140128014749316 0.0908983439780565 0.164192376493235 0.0549938823309281 0.129127589413502 0.145477173269732 0.229718571478372 0.0454640482868566
0.0913855168635096 0.231895023297417 0.133525007334374 0.251947714081819 0.00311014471479021 0.0298953286877293 0.141172215809107 0.117069049211254
0.201166771137285 0.128502881400997 0.133409072212084 0.0159658922909378 0.215353445291635 0.0059864096266976 0.184510789770291 0.115104738270072
0.0896907242478065 0.186125123124511 0.101713775249879 0.0792534646148682 0.146225900468486 0.163494893274325 0.0623315199008188 0.171164599119306
0.182039750212746 0.160260123764513 0.106391402432181 0.00156877070205942 0.132534014761327 0.177300958156841 0.187029810192688 0.0528751697776453
0.224793301152841 0.0485429752993948 0.0790261105280142 0.0985678792099609 0.0691857132693337 0.226668236581034 0.182693626311993 0.0705221576474281
0.118683459752949 0.144847018357282 0.18970951378613 0.205104079959149 0.0346440125247019 0.0864365938467818 0.12614962874106 0.0944256930319459
0.0947238768831924 0.16304472298826 0.0890924968669227 0.0934727040675042 0.064902411420705 0.229545307810273 0.211947172842626 0.0532713071205164
0.0821562556716382 0.0894660919056364 0.213660535928101 0.167532905217034 0.0251763290571035 0.145942602245856 0.213296990095133 0.0627682898794988
0.0397696313521942 0.17758980232865 0.0864580266321366 0.148151536935942 0.191252184821795 0.104065193804614 0.0442517739404394 0.208461850184228
0.217285352840148 0.0702822735161712 0.0269580983885934 0.00460133417356787 0.155869055159438 0.108930841030767 0.141844122181917 0.274228922709398
0.114320633265661 0.243545389511205 0.210566185034386 0.0505848782698151 0.0208408614849951 0.239492753035153 0.0717468731934909 0.0489024262052938
0.225004028069643 0.149209522659582 0.00370379592962655 0.282181143992712 0.0585601494520343 0.0133066545563378 0.00173033659205258 0.266304368748012
0.0165957003208764 0.237991222772934 0.191812272210182 0.144859398523249 0.134957916047491 0.225257842475606 0.00176556709558864 0.0467600805540724
0.179743945532342 0.0632955866147161 0.192121092757874 0.00963810434682852 0.186959936106701 0.131296096905693 0.0668098548786118 0.170135382857233
0.194441196766063 0.167864868724391 0.0907200355450001 0.0730341808984427 0.156428954164013 0.0693767161562723 0.106643596965536 0.141490450780281
0.0940022511975775 0.151263357555366 0.144790339858435 0.138128238254678 0.132505590233072 0.0683878701383044 0.173055417492713 0.0978669352698545
0.143303480378198 0.186403087541721 0.0994192542577832 0.111590653352785 0.0726103741353823 0.154707179366634 0.0622452179343405 0.169720753033156
0.140348815522488 0.118038876596195 0.268194478880828 0.043293212084334 0.274035785981117 0.0306714325403569 0.0596468289464755 0.0657705694482053
0.161307784301868 0.146842333754194 0.105084243843642 0.0600731787507004 0.14187637055579 0.0964131974154907 0.160861589495209 0.127541301883105
0.0986543531005393 0.20183501638342 0.193222958249502 0.198015617575245 0.0469978977527369 0.206402939890316 0.00524635317170001 0.04962486387654
0.238330518100764 0.0382793579306993 0.0604807120132629 0.208286226514017 0.0381361555263169 0.00692899278274886 0.156745135057903 0.252812902074288
0.0904547307586708 0.0419788251244366 0.102292641324541 0.126745305966104 0.101993139169579 0.309921855362949 0.116680684566385 0.109932817727334
0.12419365581716 0.2579768704319 0.00575416256790529 0.245973470036747 0.0825877476940842 0.05056231498018 0.168973722659273 0.06397805581275
0.00592325644817395 0.150033738301573 0.11943805304749 0.254633367934032 0.0281881096096642 0.0879294699302314 0.313829083314806 0.040024921414031
0.140887396976588 0.136799997432454 0.0803289477525122 0.158406468281006 0.0638415299121777 0.0514077417624199 0.199115924926325 0.169211992956517
0.220189399567422 0.129084467785913 0.108999940211316 0.101088234694322 0.0890766132898878 0.127105838058383 0.0388344476177535 0.185621058775003
0.0913159045657818 0.0963035347415825 0.14271635702644 0.0481546959028563 0.0882884523966482 0.184366615686556 0.158075983345996 0.19077845633414
0.202964856701234 0.200660115415938 0.0847829299269351 0.0488700043286908 0.204936874469083 0.127571478101408 0.0491155646485219 0.0810981764081895
0.099125971044924 0.0687933004832641 0.254683797655369 0.00896750702445169 0.112029072187476 0.0663164882577417 0.125049131415798 0.265034731930976
0.0629493625099642 0.0536609641148602 0.0952950757613954 0.28199960573608 0.262910686658513 0.149325651958697 0.0548501562740776 0.0390084969864132
0.0223134381994719 0.192226556742754 0.0971370650377737 0.108742407747942 0.177416398221816 0.04513815951232 0.164939500306703 0.19208647423122
0.0162114224181761 0.148545468934022 0.0248004183057641 0.200166281188349 0.185595211174063 0.0334011125947105 0.236972775104424 0.154307310280492
0.107091878210066 0.164901282817244 0.20721899654423 0.055178629005948 0.091523979522309 0.0987869869817224 0.249250572444737 0.0260476744737442
0.202626389217757 0.20093428281546 0.0179665110930474 0.159159885937302 0.146843911271072 0.0674735794371731 0.130554526123855 0.0744409141043341
0.220313213929356 0.173702836659898 0.0585101969279578 0.0795370577571995 0.0222883890411619 0.194404513275172 0.0858899242644288 0.165353868144826
0.198103628281977 0.0936754148555183 0.10770733590403 0.0118477717711213 0.105553190825841 0.0672275872155084 0.221879874121828 0.194005197024175
0.0249257470824093 0.154053564003544 0.138332094897871 0.264472857172046 0.21989215675947 0.0523273554094823 0.0567874578920511 0.0892087667831271
0.208263428261523 0.130189380990055 0.0308131891344322 0.0537716189121924 0.184907510247496 0.194828742855104 0.084616704576223 0.112609425022975
0.0107998661849738 0.225864062197625 0.107946996618782 0.0194330166786726 0.00975207709480759 0.124845950282656 0.282012708851082 0.219345322091401
0.108737597277274 0.0791669162116026 0.117171912021711 0.16171834904888 0.199797388235851 0.0831204347458149 0.127861577914481 0.122425824544386
0.216133455256094 0.113863702923768 0.0911309326529664 0.206763530880841 0.124154583193565 0.0914418587511093 0.132442307192141 0.0240696291495147
0.104908636663967 0.18125216758142 0.243535225000002 0.00635986664958686 0.0556581359083252 0.145542207944369 0.0927224799810729 0.170021280271258
0.216104346766188 0.0269508146694656 0.100299478723711 0.251099251501075 0.0438438162149768 0.118279002124863 0.0966109392698304 0.14681235072989
0.053952019036465 0.0561802945799306 0.0984272750775539 0.185923920343383 0.143610641066587 0.131811998498821 0.169673194140116 0.160420657257143
0.164474082856163 0.0568643322402364 0.0185371672839512 0.165999705841398 0.151264883791259 0.0413451218421405 0.191240237349643 0.210274468795208
0.0298784384577408 0.0111531506355043 0.280458289772576 0.150463086114806 0.0730839882035819 0.213863584326589 0.0399022352816436 0.201197227207559
0.222132501609483 0.16815274995398 0.0771302910995441 0.0779819986633807 0.182705773748932 0.101136875377181 0.0334792991743913 0.137280510373108
0.259016937882223 0.0763069434731232 0.323061989167199 0.0501542233134024 0.0765965421752613 0.00812757102528231 0.144203506509605 0.0625322864539034
0.133197983221594 0.0766415027256512 0.0352575552287812 0.236239936848405 0.0942211270769616 0.202894045776739 0.150404418115289 0.071143431006579
0.222849678747331 0.0795660535835067 0.129450813215756 0.235094868437659 0.0105095024326055 0.104075714764437 0.180435755787976 0.0380176130307276
0.028423620702606 0.271216861842476 0.244900067025617 0.0823059914311151 0.204267790849248 0.0453526960819488 0.0557956097626212 0.0677373623043682
0.0494235874316437 0.239460394165146 0.182150251304871 0.00591341421823474 0.158509610631117 0.121415643480972 0.0256579949860882 0.217469103781927
0.18768277301597 0.118760355876605 0.00936951455293924 0.0472761260218219 0.180119242133035 0.205397439183162 0.0506259487736292 0.200768600442838
0.120197570307451 0.186094216224674 0.172443759425847 0.0180877126569449 0.0344084626858432 0.0770669145031568 0.213964874170436 0.177736490025648
0.14255523000085 0.070919933115456 0.189042087048854 0.0161450000098115 0.212313362464485 0.150449182242904 0.204148413360249 0.0144267917573903
0.105754286310059 0.139838126540522 0.250119865037386 0.072039517562986 0.18989985984085 0.0754286634520839 0.126004682759436 0.0409149984966769
0.148169985607913 0.224937684120465 0.0639313792321636 0.0873677286696135 0.197786142822301 0.154513671840326 0.117319124327379 0.00597428337983836
0.0690038543155113 0.186785442329397 0.207907384856763 0.135717616874378 0.0134838448422849 0.175996440130208 0.0100531700370412 0.201052246614417
0.0767652926203643 0.0570912909691215 0.0595936913868353 0.137499525136495 0.304540270648865 0.0996781199306603 0.242258475584637 0.0225733337230213
0.192813120717069 0.107632815946208 0.0397487064273457 0.130954867132436 0.0918482580636591 0.0720149514501852 0.18372338321748 0.181263897045617
0.0545200170611082 0.0674111061589309 0.20315929891224 0.0951139398039418 0.235244833033896 0.0728073419747826 0.225154274854264 0.0465891882008363
0.0747112477168639 0.210813376247349 0.161803819326645 0.135301612097316 0.0777562004587392 0.0416679641789284 0.178930458823711 0.119015321150447
0.138388619623976 0.0959465330857147 0.158548781830721 0.165799983754151 0.137691256281143 0.14896374410674 0.0601268041913734 0.0945342771261817
0.114393854433774 0.0418108735697034 0.172606182898499 0.10734332706428 0.180625688684819 0.158370973868266 0.135495039289362 0.0893540601912987
0.276803638927269 0.230846539237278 0.118516126110083 0.00872207524296686 0.108561147539931 0.0270160706114546 0.0812166699369118 0.148317732394105
0.276684974970275 0.283230416633639 0.0309117891631847 0.0813926788691208 0.0997969204797376 0.13405887212517 0.00343471025667005 0.0904896375022024
0.0611183158462038 0.053150753737864 0.156080120871057 0.0592967089695424 0.294423623952138 0.150369437446249 0.0643249728622924 0.161236066314653
0.178593192139521 0.0627580117062438 0.0840909957757285 0.188199259016994 0.121632251070362 0.180416908122382 0.0523157314513045 0.131993650717464
0.0653406043215371 0.005770965584946 0.218102811087651 0.251074968243983 0.195094754949164 0.062025450413995 0.126848070493943 0.0757423749047815
0.0836621334684212 0.0295097331241934 0.0342542733471439 0.210965591704565 0.163185271144068 0.0822320401181626 0.17138789152252 0.224803065570926
0.121734837157623 0.234754122908784 0.245928310358929 0.0443395537740321 0.0149440064103072 0.107871473619945 0.199657809764096 0.0307698860062838
0.18184894051073 0.176563962758653 0.0954767679781379 0.187342816094801 0.104499257280502 0.0342410875625444 0.100431209113526 0.119595958701105
0.127549743537102 0.204091062454245 0.0591519582920813 0.0715832013736363 0.0309620192642975 0.226644576472321 0.129827041547063 0.150190397059253
0.0483626628732175 0.167988187335932 0.139629937577857 0.0252928077346378 0.162906670061821 0.0751930110962979 0.240475669753209 0.140151053567029
0.142317953273109 0.188403739538348 0.104094894616186 0.0928168367567098 0.21254770383596 0.101073187396031 0.11475901426884 0.0439866703148157
0.101597907991206 0.114360940628938 0.0284218644609536 0.203041274127219 0.17519639707253 0.235143292853586 0.0549125699939721 0.0873257528715956
0.127841901294469 0.23471177506269 0.103782424695524 0.189272088520824 0.0425599062016101 0.0241758253401244 0.170046954277831 0.107609124606927
0.204963573584498 0.0513062329576921 0.122503806448696 0.143107891767723 0.142319861107271 0.113004416735356 0.139329064528345 0.0834651528704186
0.0539867282269804 0.130384481085074 0.0768228177481106 0.110325203886706 0.143836289938231 0.156788076222872 0.145447886600763 0.182408516291263
0.171643232599154 0.11305873874476 0.099663113476937 0.0236057229691086 0.092768951627614 0.0854256824873426 0.225868565599803 0.187965992495281
0.0875017187607022 0.188178185187799 0.155584429651994 0.191423827417327 0.14036733997981 0.0710209400615368 0.0999981808668451 0.0659253780739864
0.0753572669225563 0.232150553279883 0.218189403253588 0.20963469414151 0.233351080413156 0.0242547584984175 0.00524601046315801 0.00181623302773111
0.158409994289401 0.237785559062994 0.039746186301714 0.0659967456707286 0.172797970542783 0.0376218365193797 0.151117828917269 0.136523878695729
0.14581624752778 0.15701052383562 0.0228768220913659 0.136892874837523 0.172966851156723 0.149692066315696 0.109309670462954 0.105434943772338
0.249036074423737 0.184818256892246 0.039235566574206 0.18909054604439 0.139650937266636 0.0124623297359151 0.174632489377196 0.011073799685675
0.170189283089034 0.15917744991592 0.0699350193708381 0.150553763972114 0.166344392431422 0.061169632624564 0.0579444877390321 0.164685970857075
0.239029040541861 0.0125682076295304 0.0832404058132519 0.190023067755872 0.0393987728403183 0.204577931087001 0.126732982288114 0.104429592044053
0.190838111692661 0.202444433712096 0.0478109277717239 0.302255075580784 0.108758471282941 0.0244233231378431 0.0530664525183104 0.0704032043036407
0.0651754389152784 0.136871440116888 0.105050243993579 0.175097158934884 0.126293370224521 0.00899087131816692 0.135052727520435 0.247468748976248
0.212916468934647 0.243314422681975 0.203810251515405 0.148199893095318 0.108628759465688 0.0392308767263769 0.041413276306389 0.00248605127420078
0.0269869329801309 0.00764467160039808 0.0223184728806324 0.19683255221465 0.22034758220158 0.0852566293255675 0.266507408325261 0.17410575047178
0.18264314772143 0.19164194846947 0.0871266315445744 0.0444613336250072 0.111154658200192 0.0832663421364146 0.13463760355012 0.165068334752792
0.157024077870051 0.011605425513101 0.0991575010935008 0.219138071036171 0.128281077163724 0.174651572117285 0.16278219529818 0.047360079907988
0.268347826252658 0.265081956930587 0.0778683825489469 0.0786843358692686 0.00516944247100883 0.126267197921826 0.17296186449715 0.0056189935085552
0.0298995483044908 0.222154500295573 0.117538011818119 0.135990476167732 0.104805115609176 0.179633444569679 0.151083365756314 0.0588955374789162
0.0754111102311891 0.183186090086876 0.0798458188466737 0.150375701686692 0.155349732546606 0.109867382119941 0.12614902100617 0.119815143475853
0.0822247822581464 0.0362570741781712 0.197654242184126 0.166811916922916 0.0420782023950689 0.186463435114784 0.117115154155911 0.171395192790876
0.076763750771055 0.184582145787063 0.0511170072225581 0.141522813708705 0.15323230424255 0.0505949737356154 0.210289208016306 0.131897796516148
0.109437885616251 0.129274129330778 0.00424764820980614 0.172964456324514 0.203704519913549 0.182152350891917 0.0237073854156698 0.174511624297515
0.109442944387329 0.190985514871731 0.234589947841998 0.0374277763466554 0.0960835336646984 0.220771970919688 0.0699249584648094 0.0407733535030909
0.0686277028202298 0.206733262706018 0.163952420250121 0.151100185544091 0.00934328610471988 0.201938376564074 0.124357667145944 0.0739470988648011
0.0311313752670375 0.0688138947248971 0.207924733969626 0.185691941601555 0.181075808228372 0.0259480068948643 0.226368124552698 0.0730461147609504
0.219301419929925 0.194152821958114 0.223359673109007 0.0674131587505779 0.0657603592874409 0.021913425858446 0.180209550575301 0.0278895905311885
0.185694165966447 0.101563825897657 0.141749274211625 0.161596703734753 0.182070658855124 0.0031745815859549 0.141377920105562 0.0827728696428782
0.173091958168411 0.0468896615587401 0.19065239428879 0.1339375118364 0.0914143213433995 0.17362558930317 0.142757739441971 0.0476308240591177
0.211427790971286 0.000789072016552702 0.0601962611619547 0.229469041828829 0.148026327235814 0.151481875518267 0.132106646938643 0.0665029843286537
0.12724936636857 0.169126924788845 0.119221195987584 0.00446392944665906 0.13467407186629 0.103968084302251 0.129858830984073 0.211437596255728
0.160588269333714 0.108222325056899 0.0815441930334144 0.0884553773360118 0.120951227830293 0.115575352638352 0.11831403541653 0.206349219354786
0.1328224616054 0.207040598019164 0.0556641510211593 0.0658683940964886 0.221112110219893 0.046063409918352 0.202876013356734 0.0685528617628094
0.140507924336013 0.378638607553028 0.0193702400839573 0.154100563553476 0.00159146097621714 0.0337351157539729 0.0321557437547725 0.239900343988563
0.162522615238094 0.0187632892991887 0.126294580775849 0.099814742395516 0.0614373615105049 0.108936780014826 0.15930712155277 0.262923509213252
0.0203397938887475 0.064362744302725 0.231136899553209 0.264768092259063 0.0653004917606245 0.207027937524567 0.0425699878525596 0.104494052858505
0.190228705402412 0.0203612083928903 0.0103135069043787 0.278515136364729 0.0361054593812166 0.198319478898761 0.00689250707412332 0.259263997581489
0.128699315830581 0.124863330552985 0.0480148732634692 0.0967424240278999 0.220358299786625 0.0521761979681844 0.191352454129837 0.137793104440418
0.132340370317893 0.121215186673995 0.188154626686709 0.127638666178608 0.0596096335047195 0.136912112840376 0.0599757900700088 0.174153613727691
0.0181455825721961 0.157723356532374 0.103747953416667 0.101719815207135 0.186431839202601 0.229202633734532 0.152997963752415 0.0500308555820802
0.109376168867476 0.238375313350176 0.194482560081954 0.0394728750213696 0.0758779154534104 0.0800708374896476 0.026951514109951 0.235392815626016
0.144932356259061 0.0919694694908007 0.216743746807538 0.165228966891384 0.119274960877302 0.207034367876243 0.0373523221690942 0.0174638096285772
0.178665504906801 0.0910262336907119 0.0619634689453866 0.0921730011563668 0.228461184657698 0.0688450512856705 0.0270467255374472 0.251818829819918
0.151129932875473 0.121784324251001 0.0696879547968482 0.234212710540696 0.230169319619023 0.000470253218243489 0.0397626764198131 0.152782828278903
0.1817852018659 0.159501148712955 0.0699690804162931 0.162590499878447 0.0378189191625069 0.106607171457727 0.0720162236460959 0.209711754860076
0.133953162681282 0.0938954865375321 0.17392153671444 0.177314367531211 0.0449632425629966 0.164660626773169 0.0679060618358802 0.143385515363489
0.214624269701999 0.111671695861441 0.114903145184063 0.00621083700945916 0.155350007622709 0.173000481790872 0.188826608255013 0.0354129545744444
0.191843812104918 0.0658539509555204 0.152613249159179 0.151416925195533 0.0640232242866732 0.143131776262134 0.228934312159937 0.00218274987610594
0.140433375412911 0.145638508539163 0.149912294189558 0.121675712758192 0.0667598484717857 0.158044026289314 0.124683625773728 0.092852608565348
0.078688400082412 0.12989601686975 0.157344399353196 0.103299215033482 0.165343349937892 0.113857633544643 0.101510924322691 0.150060060855934
0.214295766097218 0.0133381930751933 0.165334391118683 0.2139200996211 0.155144978152868 0.190551292992214 0.0191823308489699 0.0282329480937539
0.0481494922665155 0.308059229528287 0.137089271106476 0.288443263893495 0.0269548927942878 0.043766916234436 0.0564097575499854 0.0911271766265169
0.156485749424871 0.135459716453861 0.15479190286105 0.0538187467159002 0.0735613899297007 0.249159709744618 0.162619721555948 0.014103063314051
0.00845560281119611 0.0652083559761656 0.267203172563073 0.0274551269987571 0.0461591141182228 0.183776339405784 0.268479913210981 0.13326237491582
0.0912839927650032 0.0545322013241286 0.0849010629067582 0.0490156686158772 0.185990638581225 0.175900024095372 0.164683925214036 0.1936924864976
0.0383947960002864 0.0833256916214006 0.158999607660799 0.174031264593848 0.139106565288589 0.0967202293441028 0.167720460724667 0.141701384766308
0.20664267831153 0.176425047994719 0.156896941796844 0.0696549403973412 0.154301725570965 0.0436187197614167 0.00488932422560268 0.187570621941581
0.288697146274546 0.178423180985418 0.0375550574137376 0.0309467175059369 0.0788726671323131 0.0215301738719983 0.184131827215775 0.179843229600275
0.0229273356587521 0.193073930337405 0.192948369398962 0.124750305886425 0.20184292312003 0.0023483431612079 0.197796977570466 0.0643118148667524
0.0281002499075738 0.0945317049580548 0.0151260354391902 0.0888864689563865 0.227805480740855 0.238859501722027 0.204272171590907 0.102418386685005
0.112757404550622 0.0928893756014657 0.299570429932957 0.160136434091624 0.0837076338779637 0.129001841194057 0.0769779616440752 0.0449589191072354
0.184813589228247 0.00737379647415566 0.199621189282047 0.0760640506810635 0.0812772457353942 0.197977901990001 0.0843923534877536 0.168479873121338
0.210723142360047 0.291556025765153 0.0191302377551823 0.13404322566614 0.145845038927436 0.0739145913085939 0.0657130334329592 0.0590747047844879
0.0781308881745724 0.11670594206584 0.150080837365333 0.116937874513803 0.131441400064564 0.0276406380214153 0.134072934911653 0.24498948488282
0.129916217098428 0.0436371204950588 0.122435983542913 0.176339087084662 0.0580721982652354 0.174005609687697 0.126359844417982 0.169233939408024
0.0384526759940593 0.0664600446469439 0.210990561117646 0.1076087455205 0.0154906544209406 0.183654095082308 0.234613113358514 0.142730109859088
0.089308777913308 0.192724919245572 0.118727421659799 0.242956043136089 0.0536967434222985 0.0893387147675916 0.211406767240199 0.00184061261514267
0.263430607609626 0.288971412918313 0.0330825640683308 0.0523287712885111 0.106125504690888 0.0318021084524964 0.0577859911298814 0.166473039841953
0.171830371136062 0.0866707464088317 0.0133338881247087 0.141623960109581 0.163170922435968 0.139014179464965 0.0913054153316819 0.193050516988202
0.18026051556799 0.154480571808083 0.0852614688230189 0.0014020611111682 0.151630985021313 0.259584330664007 0.0943582644022641 0.0730218026021555
0.208128738105612 0.127925790568992 0.0271263442539695 0.181911425433423 0.280222123672454 0.0174345155267619 0.0608099842248962 0.096441078213891
0.0679724210735093 0.166014001595262 0.0473284534782759 0.131551068075796 0.136824158598952 0.173596336956643 0.139723225767095 0.136990334454466
0.0561767083604775 0.138359035918028 0.195323322238361 0.0798561950367334 0.259465816253695 0.0510606246450414 0.217327442162217 0.00243085538544665
0.194908768578842 0.107701825837309 0.0369411979004965 0.058598448656994 0.21040378818761 0.0467529994148435 0.204052325032704 0.140640646391201
0.0417808783781018 0.0746135462870864 0.195358660782732 0.111765774992663 0.167137519299347 0.0751363708200877 0.193583294308494 0.140623955131488
0.144077543355256 0.140286454459971 0.143831024954255 0.0447671459499265 0.136326348795276 0.0968618161381535 0.143788093039284 0.150061573307877
0.185713913181445 0.00699243860056945 0.0959212792840568 0.013685206819527 0.227330237784181 0.176670982186326 0.132859431809348 0.160826510334547
0.155759378237216 0.00630615778975035 0.11162630520351 0.139670855237091 0.155801550232466 0.171432244048118 0.074521329988909 0.184882179262939
0.0272835076551062 0.118227185157876 0.164171504768946 0.136394976936078 0.231207055230105 0.0525302223805759 0.225536053703805 0.0446494941675089
0.161260356932251 0.0537393338434719 0.123798440999916 0.120357790515708 0.144603638183178 0.0709981362274607 0.154614008074818 0.170628295223197
0.189908478625149 0.0302905709009716 0.0774498021993878 0.156069111621972 0.0832912874210364 0.085097513010421 0.20800822574289 0.169885010478172
0.102811872513014 0.179985639252094 0.0265721169553932 0.166419630123289 0.165884692332517 0.20858864620376 0.00316285148371337 0.146574551136218
0.188346466365045 0.116339817020734 0.112194774616373 0.18019137991565 0.0915824847534013 0.0826753693290899 0.00805079874150213 0.220618909258205
0.00972110213759988 0.0290246406660382 0.13669510481863 0.0235970488569472 0.236765323224954 0.212665282971625 0.230653311496386 0.12087818582782
0.094462278712015 0.253543926968379 0.0714779071122761 0.163468615883121 0.0203265328561953 0.0613398804952074 0.284887364536341 0.0504934934364649
0.110445589617178 0.0420705829675874 0.170353318057067 0.116198815732642 0.213539748556746 0.0671477968708453 0.0105645264208792 0.269679621777054
0.0785569868583292 0.10931824963104 0.290896200756129 0.128220312927881 0.0687081888928036 0.211143420494005 0.0476220440132641 0.0655345964265493
0.106486449799946 0.189283746624355 0.120040153473877 0.158888224655117 0.205374121208938 0.073746410511275 0.0145759368997243 0.131604956826767
0.107680485868258 0.108739433434063 0.120724881064725 0.12700816180346 0.178544273575078 0.154447731345097 0.147656544440273 0.0551984884690454
0.0823115784693476 0.180665202452795 0.075887778882762 0.0978105139809756 0.193441406022195 0.234848880171816 0.0690405340552126 0.0659941059648965
0.0435194789987691 0.211280064155818 0.231798995422317 0.138916503601177 0.0244154721098722 0.0135879916165664 0.118439407407125 0.218042086688356
0.0100604688278409 0.152824442878804 0.230752561765777 0.0537225973018354 0.0623382097608798 0.161190382117462 0.14860831255891 0.180503024788491
0.109103540307071 0.204802838370309 0.176238603459159 0.0410220135345277 0.159143000469708 0.0207344393029422 0.103840139777489 0.185115424778794
0.120288473839719 0.0643164997485743 0.228020207900412 0.151497483033839 0.22618609764238 0.0489140739431021 0.104985478532212 0.0557916853597612
0.236802239298743 0.0208645084688408 0.123371221514252 0.220182341948242 0.143100405927361 0.0218000034412508 0.160974244939652 0.0729050344616584
0.142292893810534 0.133197111204739 0.147561347461518 0.123488593623666 0.179036703985289 0.0550720127894219 0.169537656760027 0.0498136803648053
0.238352930406279 0.157386778342341 0.0406256673044326 0.203958763553096 0.188224942320019 0.142358475681932 0.00138980722813799 0.0277026351637628
0.167406181237162 0.185575252504828 0.134899523265571 0.163222655475932 0.104968810961535 0.103770769533298 0.0929523962623092 0.0472044107593647
0.172480069653758 0.196630963690358 0.0607634240563545 0.113331753486984 0.179678548230786 0.0588905457900533 0.0611578673734087 0.157066827718298
0.105385905078767 0.279203713371116 0.243353482706863 0.246838033836768 0.00559741014985082 0.0236429365509673 0.00668775387698485 0.0892907644286827
0.0636655044558856 0.133191313945934 0.00214956492365212 0.168217806921332 0.227269695440056 0.168716253335047 0.204473968196781 0.0323158927813124
0.219162890713861 0.110738028045954 0.00950997411729415 0.163851944640916 0.205737437453226 0.117141971767198 0.0608263796797586 0.113031373581791
0.142509569189695 0.128119548144843 0.048363493219197 0.160718062138383 0.0450255099196353 0.219593433008251 0.0455413683011161 0.21012901607888
0.189448923331983 0.12848396942288 0.0324673827442268 0.0522049739037452 0.190093501084056 0.185262236928664 0.00443209391752128 0.217606918666924
0.0486393713270735 0.157464728735974 0.180982928194171 0.034708004419513 0.0171164882541031 0.296066217379136 0.0940975917293267 0.170924669960703
0.00232025855344616 0.184555730882186 0.159033898876133 0.0885683825088938 0.0832679393852033 0.189210749938801 0.133317440731202 0.159725599124134
0.114118841152876 0.142961493761896 0.194708743433547 0.0855842145026758 0.0709508906124925 0.0443088164356623 0.146574966828665 0.200792033272185
0.227948642065574 0.0928338997049084 0.171502162664083 0.129470907126214 0.142163137627764 0.0279975460471627 0.0535728237066344 0.154510881057659
0.0613318204301225 0.204643025572941 0.130467398849509 0.208057190076433 0.09766100903066 0.155810423665965 0.0257256286560967 0.116303503718273
0.0284119287603728 0.280632931261997 0.0560047993453714 0.273836807227735 0.0833361078408395 0.187175414804636 0.0218587752123144 0.0687432355467347
0.162571249473582 0.146727549173424 0.0471511155712825 0.160004104377966 0.169524804270462 0.102650000439703 0.0587861341374325 0.152585042556148
0.0360472509380121 0.0126037621824739 0.118496301882474 0.246483692430829 0.288731048379522 0.179575670875676 0.0356543723338397 0.0824079009771733
0.080892738928792 0.200602831173303 0.147200066019508 0.0388811610464002 0.140902955909458 0.19486881424063 0.155724008141314 0.0409274245405949
0.301758208822879 0.00652196025189714 0.106806121344022 0.345350652445221 0.0815016633085534 0.0304220983489107 0.0763814667412736 0.051257828737244
0.214429864286362 0.0250343446706759 0.225656455926746 0.172633272140226 0.226733510917047 0.001552175900933 0.00221681817939349 0.131743557978616
0.040248037865229 0.382068801133006 0.019681206869246 0.026828061754657 0.250351735731059 0.0562664183050553 0.220445849035944 0.00410988930580309
0.177831384103742 0.178634127499191 0.212701263701554 0.0967881639507846 0.0561974415728054 0.0211612594858192 0.0484071876714939 0.20827917201461
0.0388558367494738 0.147085277014434 0.15756847809688 0.174636907511415 0.15943854709458 0.0929800047871492 0.0274531300227991 0.201981818723268
0.263311158258609 0.0200103392585402 0.117000212022952 0.202726587375557 0.131900815917462 0.146229626936755 0.00625342788050157 0.112567832349623
0.0881563386119714 0.0429708454923474 0.194806763460911 0.217432384882769 0.210754306263785 0.0284755266148698 0.0916432151111981 0.125760619562149
0.176709122208194 0.0872035297689941 0.182839032666287 0.0746347209817331 0.22282025001079 0.122407654147291 0.1148876487274 0.0184980414893102
0.190725678426065 0.068683891234305 0.0143821804381478 0.177032225296539 0.14745116232979 0.20842027018275 0.0409403406945396 0.152364251397863
0.0997350203271887 0.243191857826897 0.0305768786400937 0.126775902590516 0.233343196927688 0.0156205596610678 0.165840594426584 0.0849159895999643
0.0140580340805716 0.23922027637575 0.0970321969136403 0.141690660801589 0.0581685043321497 0.0495916718693844 0.214157849225002 0.186080806401914
0.190021506510425 0.126152818510862 0.225231404949748 0.157866779522866 0.0306798903523596 0.0514156429510067 0.0494900791817775 0.169141878020956
0.140379831493355 0.144824011476 0.0518091187234622 0.130681716201798 0.150675002743659 0.097125356459446 0.145629173961599 0.138875788940681
0.211817263612603 0.194022266562414 0.0925049455846758 0.18672393482342 0.138208133968747 0.0250422641623098 0.0906521003936528 0.0610290908921782
0.226971543276346 0.131776132411358 0.213593083548057 0.067797305906998 0.007111338747883 0.0656593693462797 0.230291186673363 0.0568000400897164
0.0302288714459158 0.115152879522716 0.167619306951597 0.267250021980387 0.0654596877774864 0.10869074862943 0.173739489159924 0.0718589945325443
0.177455055874693 0.117902755767156 0.0931086917751724 0.126691423025834 0.13474679848846 0.13321449881553 0.050947731252549 0.165933045000606
0.0854854709073184 0.127909277006955 0.0580194472370629 0.203018056648186 0.17925019803908 0.103277105224265 0.0835688714537331 0.1594715734834
0.0239870133434228 0.0279710726913022 0.237027084962845 0.170814467412831 0.219170138459659 0.0205615763504612 0.0900583133358049 0.210410333443673
0.106062977903305 0.160441467559255 0.188398000543165 0.0730613006487359 0.036536591205338 0.191840484169242 0.158998701693781 0.0846604762771784
0.0655969426911399 0.21640429729614 0.0522579628934506 0.236367336570247 0.189186301886768 0.175081302603974 0.0479577490499449 0.017148107008336
0.0392236542375123 0.00868528326864361 0.232564449764937 0.202154132925671 0.0906323507791991 0.239963895744427 0.176475295100679 0.0103009381789311
0.10313829858016 0.139383028358667 0.186615120515275 0.0239600200920488 0.221065162557063 0.00398047775467863 0.143396165080346 0.178461727061762
0.0797467919928542 0.154480952891518 0.0515452721204716 0.0763896155245029 0.220595748886863 0.0227886009438582 0.201477763456727 0.192975254183205
0.0200988852796752 0.155417671261063 0.194983415693563 0.12359908192738 0.183863540236967 0.234051033817002 0.0241623201939362 0.0638240515904148
