0.165177917053383 0.372583723005068 0.139778986258254 0.280241138047995 0.0422182356352999
0.269634140627898 0.219762378333003 0.228422146630186 0.194670120765828 0.0875112136430864
0.024847990041391 0.217395888364285 0.192694186924294 0.289686312683084 0.275375621986946
0.0977398670385974 0.113300269583848 0.0310522172421819 0.289762213711909 0.468145432423464
0.0550630667648056 0.306014414251501 0.0701015748218442 0.379776757537497 0.189044186624352
0.350012498800042 0.0810819860044798 0.220989613657069 0.0615610150419326 0.286354886496476
0.154882027732119 0.207713252742674 0.0763238784049644 0.15580297443369 0.405277866686553
0.122154432837898 0.171305486463647 0.212603863540176 0.11773214692481 0.37620407023347
0.161826844165994 0.380169033750644 0.299968991952837 0.0793386859338216 0.0786964441967039
0.340085639666319 0.138462130758863 0.0347813333945881 0.28146261052821 0.20520828565202
0.242722939720185 0.143007048473868 0.131901600917306 0.26649422756227 0.215874183326371
0.304562751079618 0.111053442399553 0.140918544841292 0.325266275376308 0.118198986303228
0.114393717702896 0.347391065332233 0.184360767862675 0.0413733041991199 0.312481144903075
0.306368119708241 0.153375619137067 0.245561638225716 0.147406872914613 0.147287750014363
0.0599034793874779 0.0998640233310248 0.301101089567953 0.215221609392685 0.323909798320859
0.212676576518244 0.375405140728829 0.136464968721413 0.170682415031492 0.104770899000022
0.255623558799894 0.240860082475183 0.168513368207734 0.196690634240378 0.13831235627681
0.109379014413542 0.0896079619799748 0.152930923895711 0.166273990917623 0.481808108793148
0.12240053996643 0.0899119282063986 0.00965953209573755 0.564665120992936 0.213362878738497
0.421091255238545 0.226547808813223 0.258274805469277 0.0764854204504971 0.0176007100284584
0.14121355970965 0.152391514486137 0.212445638254924 0.296912216315228 0.197037071234062
0.0150575436257939 0.065360942958652 0.0710686272300375 0.792807872652467 0.05570501353305
0.250340253758049 0.150145416622576 0.115153767312023 0.256616617816582 0.22774394449077
0.313705381391707 0.304769708953598 0.162839542436038 0.025699457273471 0.192985909945186
0.410209698985629 0.135688825761953 0.0756042953934999 0.293684267475465 0.0848129123834534
0.11869276507427 0.383985963173936 0.212571705544715 0.0637121039048276 0.221037462302251
0.00945302538972344 0.093297492132063 0.510017739122472 0.098554279943406 0.288677463412336
0.199821778604637 0.0204842690593574 0.36801104309847 0.210242059793074 0.201440849444462
0.0328235584267601 0.249826693548113 0.471584110199921 0.233223900223919 0.0125417376012873
0.214092764669012 0.012370490202823 0.336669096099112 0.237080389637228 0.199787259391824
0.315944690555106 0.0443014848381557 0.275731537453131 0.218253503809999 0.145768783343607
0.125762680824457 0.272009504079482 0.191557128952183 0.24752584574108 0.163144840402798
0.151302959125122 0.171554328837698 0.208446766328328 0.234025772307284 0.234670173401567
0.239257337852284 0.14759929463334 0.311477853887782 0.0129402856383732 0.288725227988221
0.0209818099962359 0.0417251133708051 0.302707954537251 0.30081532105394 0.333769801041768
0.281647771745082 0.15491827902626 0.0964511499134499 0.285331776898122 0.181651022417087
0.343453532542562 0.188993688904816 0.148309788082946 0.269846512168189 0.0493964783014862
0.0800298963568684 0.0612338886767229 0.584494928348519 0.00419316336711782 0.270048123250772
0.182116182027079 0.353219132489506 0.119717586985325 0.182287363477359 0.16265973502073
0.0105089022340767 0.169699579344 0.34824755665002 0.087164210898443 0.384379750873461
0.15768578270231 0.296721285193351 0.172871229378436 0.19371524272481 0.179006460001094
0.279275793669708 0.132817299086744 0.341721373247466 0.00969601480292116 0.236489519193161
0.0524850981670938 0.282858058380294 0.110019678960817 0.41470745413951 0.139929710352286
0.285656027235061 0.284971377876755 0.0300532301074405 0.163102113343986 0.236217251436757
0.173257202502322 0.0622298409728108 0.36709210393007 0.0940220295995204 0.303398822995277
0.221979421776177 0.143548683616196 0.2584800076775 0.158662846111428 0.217329040818699
0.239804272895649 0.220582114000881 0.180181287695754 0.152755610265163 0.206676715142554
0.287540977039656 0.271640749881601 0.023007365985572 0.201031215926403 0.216779691166769
0.114670102451124 0.364524271614419 0.106778839746697 0.223929251660545 0.190097534527215
0.0831098901971106 0.272854370732399 0.142644295100279 0.130514636884538 0.370876807085673
0.16081624791866 0.334695020743103 0.132883749406289 0.255345815161973 0.116259166769974
0.219500995653747 0.0311569987724068 0.0678730330123487 0.482887922247052 0.198581050314445
0.200017245170062 0.208835645240958 0.169928442151252 0.10247372186311 0.318744945574618
0.0785449685693787 0.0464902747661219 0.29680670282717 0.288437919161175 0.289720134676155
0.0490129531338494 0.283209418749445 0.293341791179761 0.276526361928485 0.0979094750084606
0.0556222257600303 0.188694164380723 0.345063194589318 0.170185278322098 0.240435136947831
0.0787989503078717 0.270983092900165 0.280329312851832 0.264478416223781 0.105410227716351
0.218570714773183 0.222544811624626 0.174873621702071 0.288998048328079 0.0950128035720421
0.109313184410265 0.266686677334436 0.250249768715887 0.25909081392888 0.114659555610532
0.155099374832187 0.278528827694609 0.29995118335903 0.0551342068868121 0.211286407227361
0.253828376909406 0.0581539507249797 0.359992793219604 0.0390061206294045 0.289018758516606
0.204379907894319 0.249330317333732 0.198962607944814 0.0937944710492552 0.25353269577788
0.23514950147743 0.163564855407353 0.1895120925151 0.191980396888835 0.219793153711282
0.20573315977512 0.0882043743149471 0.507197795289706 0.110954686422055 0.0879099841981722
0.162545451406467 0.197013412835699 0.205029379201177 0.392376931278732 0.0430348252779252
0.0221489231407636 0.409804988027131 0.429658107947475 0.042480711599819 0.0959072692848118
0.135851246204616 0.207002342016416 0.163017235462696 0.303412857544765 0.190716318771507
0.173868683333636 0.257871610959676 0.143246595243145 0.36419569300183 0.0608174174617126
0.0536223552120426 0.0477099689637158 0.141714367915614 0.0928456841341785 0.664107623774449
0.236674649279747 0.285253855658878 0.136759553145972 0.0720653472146488 0.269246594700755
0.30850553188491 0.106222713142939 0.170811540230336 0.291923460967204 0.122536753774611
0.412548342910377 0.267104463791936 0.232964221926815 0.0668620927866045 0.0205208785842676
0.0122173731910703 0.22917412705106 0.0900082502290068 0.513532381178069 0.155067868350795
0.352002733871543 0.176312990702797 0.415923198120853 0.042915571915479 0.012845505389328
0.301236253894086 0.0296809353385279 0.416146563171179 0.0467355384584565 0.206200709137751
0.415754898248384 0.10882597780327 0.00418712226596266 0.207069507589926 0.264162494092457
0.218637139233145 0.0937093920690236 0.21566721010914 0.17172418207487 0.300262076513822
0.30811741924215 0.0641709206555514 0.313695758151337 0.116829417859681 0.197186484091281
0.155550418193794 0.024512092051976 0.0920314631574131 0.379976154749377 0.34792987184744
0.135704219493993 0.429009902183167 0.137467636396959 0.260329756176593 0.0374884857492883
0.409298123540113 0.0294105315338094 0.145539763820992 0.0999599952023026 0.315791585902783
0.152568445732322 0.262128232918614 0.176321177186003 0.236826988897408 0.172155155265652
0.0724509648426353 0.333216652290347 0.121906947570166 0.276526256081765 0.195899179215087
0.290327942671676 0.13999388676063 0.182195980825294 0.247579727868137 0.139902461874263
0.0311714674890849 0.0187353100997792 0.511503158349607 0.185991010648094 0.252599053413435
0.227182416718263 0.102802143464412 0.299883194051067 0.151800712425852 0.218331533340406
0.153220055350539 0.206894851160096 0.37637136457965 0.131115092427166 0.13239863648255
0.176453568075548 0.206487707167081 0.155845729482776 0.217086050139884 0.244126945134711
0.19065221891213 0.022827851101201 0.380607598912478 0.0409862912821368 0.364926039792053
0.0531475701205101 0.321705108543845 0.314669251451948 0.143325883326107 0.167152186557589
0.276906442699381 0.0832471267883949 0.376590115102831 0.249700996267588 0.0135553191418047
0.093165294121786 0.310916714687989 0.324976259674478 0.135045927235741 0.135895804280007
0.263349722765002 0.34522488188531 0.0392316079369681 0.247146522071408 0.105047265341311
0.107136074576992 0.355844822780907 0.387946398614431 0.0152776775774241 0.133795026450246
0.122380806451391 0.260729711365798 0.18116004093321 0.188217027639521 0.247512413610081
0.148096641137092 0.266180986910931 0.319782311474138 0.030843414592711 0.235096645885127
0.288020038304163 0.197415289098865 0.0202986515858176 0.236454221174333 0.257811799836821
0.0894888175932894 0.127045399437767 0.0423468451676366 0.401299366263484 0.339819571537823
0.268603993660454 0.0402717971707831 0.0162164071978363 0.349423737552852 0.325484064418075
0.168473229919513 0.114727840183589 0.451494255380537 0.165650714113922 0.0996539604024386
0.225296891278485 0.0811250609327695 0.214884413924318 0.238383512685456 0.240310121178972
0.329093383084623 0.180294582570247 0.259079677956112 0.180272906068901 0.0512594503201163
0.012137963834018 0.53733692310569 0.186704932474975 0.0069274743075522 0.256892706277765
0.325766277899165 0.204894275413801 0.0758987627944063 0.307573138098784 0.0858675457938441
0.385363084984785 0.0981345672464966 0.248243084000487 0.15433371529062 0.11392554847761
0.271151343513 0.0854826982434009 0.242154224272391 0.283707213040995 0.117504520930213
0.226865341440432 0.106775430237258 0.528176538434884 0.0990997513336523 0.0390829385537743
0.427230653797066 0.0453128962091603 0.0163513656346852 0.148293958166234 0.362811126192854
0.629448537029756 0.0446210440636347 0.1014767254829 0.176510349048104 0.0479433443756054
0.157306854581503 0.179338441105712 0.270114817794506 0.0517681756392846 0.341471710878995
0.104536682020945 0.100920335915261 0.312406774106729 0.0519777721054085 0.430158435851657
0.0385048029190772 0.0534646134280578 0.109129371906796 0.279086469149718 0.519814742596351
0.167110520690394 0.225230233229939 0.0583064543065844 0.1860820127762 0.363270778996883
0.0511643859657221 0.0960135708612027 0.194668548327687 0.351869748741999 0.306283746103389
0.230760076157514 0.350177724276664 0.0125803056015379 0.29908728559059 0.107394608373695
0.280427867398011 0.191243464021031 0.136690719591108 0.251155684475784 0.140482264514067
0.0915144081676724 0.131099520999737 0.321747603273442 0.2512778344468 0.204360633112349
0.190135707114577 0.228515321943581 0.293258104176663 0.100243995412169 0.187846871353009
0.158539867651036 0.112318511974959 0.277652874739689 0.267077850876738 0.184410894757578
0.177046491345925 0.112479953070154 0.149569884359099 0.308037828910129 0.252865842314693
0.340288987965677 0.17495967014029 0.335518886588375 0.144622097677245 0.00461035762841388
0.251845124116413 0.0287085750465223 0.285962767691996 0.135486707205191 0.297996825939878
0.0434796366843477 0.240896986638579 0.176862174162958 0.0491828496951254 0.489578352818989
0.00674864690558479 0.241963241284722 0.147518634475453 0.250038461590733 0.353731015743508
0.207002316222309 0.265753504279691 0.118950329796733 0.250439060094118 0.157854789607149
0.0823409270368948 0.0996122336008165 0.215495140766274 0.402122252463755 0.200429446132259
0.392956451640503 0.0139013951373329 0.439564620252007 0.145841860082391 0.00773567288776625
0.098608187026519 0.12017546272085 0.370900073050974 0.228874345696679 0.181441931504978
0.0913950738367897 0.213268575271188 0.295102595733561 0.151191115200631 0.24904263995783
0.340212030379917 0.223720716385894 0.204937030939638 0.103667425843638 0.127462796450913
0.0804215749054616 0.243497230275706 0.1901711656698 0.1053161303048 0.380593898844232
0.260909772477514 0.080444213978549 0.186861140631642 0.21328059079533 0.258504282116965
0.00566777180357666 0.262529347964425 0.266992631258453 0.188876448014088 0.275933800959458
0.0159363473835856 0.345477420957424 0.379252665576088 0.0491154171371686 0.210218148945734
0.203385576815439 0.112392573862368 0.255840392673294 0.192257344047465 0.236124112601434
0.297158888038302 0.0349661973123315 0.132385776351625 0.269406973493278 0.266082164804464
0.194351178935083 0.194558809038636 0.201525620061048 0.258214652575 0.151349739390233
0.0256632601283041 0.228232531387029 0.248769156558012 0.160849256593158 0.336485795333497
0.328111461164868 0.293805718126146 0.0549154111461096 0.305155186131654 0.0180122234312223
0.213780909663495 0.101143570997539 0.157854688668341 0.292976778581989 0.234244052088636
0.225455517323888 0.228126634211339 0.230656898105924 0.171320994348803 0.144439956010046
0.412123245529332 0.31394776958869 0.219592032481544 0.0355447441172756 0.0187922082831583
0.0137671827875248 0.0643962697243466 0.604928973722946 0.0635817321930022 0.25332584157218
0.205449635808284 0.0213432846562957 0.0719407279093186 0.300047271612319 0.401219080013783
0.141811925445371 0.28943875126871 0.108752407418832 0.197268884043465 0.262728031823622
0.0997123035194545 0.393298376116227 0.104704962234507 0.300748790887644 0.101535567242168
0.0967001418668617 0.27680185913453 0.199909538190802 0.194900053562825 0.231688407244981
0.247757683690075 0.226099350501618 0.233427216862826 0.158470866388061 0.134244882557421
0.082951720732216 0.181261520858546 0.149772463210962 0.323145926894902 0.262868368303374
0.0933795063947641 0.440090386129809 0.15476008136752 0.188375906589449 0.123394119518458
0.13633971701685 0.117575095168534 0.316935991497628 0.136434617415952 0.292714578901035
0.168148995800676 0.356650157341177 0.180315957078963 0.0279865547593545 0.26689833501983
0.280201802106337 0.143281134757839 0.27027588229327 0.0235093609500588 0.282731819892495
0.358996247282386 0.228344096800881 0.0894082375593935 0.00523229007818653 0.318019128279153
0.0299145665630009 0.436640080694912 0.227740079702295 0.139970266864653 0.165735006175138
0.107863054930672 0.0558430629270871 0.0987784456172672 0.25211998589848 0.485395450626493
0.329441763690767 0.276702356951648 0.177009828047477 0.138626912337143 0.0782191389729653
0.0636985897671212 0.256351780566694 0.320119731023526 0.0178546370055474 0.341975261637111
0.22462411667332 0.0628562673119536 0.169457791920765 0.321711539713672 0.221350284380289
0.315950903492427 0.284061161894597 0.143705038260973 0.200022020399931 0.0562608759520719
0.385780125694758 0.281775903724936 0.183997536587823 0.0350228246224148 0.113423609370068
0.440741987776382 0.215387269970415 0.287983600974975 0.0503606809038962 0.00552646037433175
0.299016457148261 0.0311853105238938 0.260342837814096 0.107284782469353 0.302170612044396
0.241354730626912 0.0118791188507368 0.267414635767811 0.214219538890853 0.265131975863688
0.0378053882012018 0.154171717684544 0.277048188946089 0.361144222023842 0.169830483144323
0.470929616194786 0.0790692576684052 0.222534983067767 0.0901977217682742 0.137268421300768
0.226243031802754 0.218239983743709 0.0762654130886055 0.16827428031225 0.310977291052682
0.330586018990559 0.353004706694298 0.0933738277726991 0.189412271388763 0.0336231751536809
0.139274483191219 0.320574753191654 0.00659107070941596 0.283268935146833 0.250290757760877
0.137038507410538 0.0041596388248642 0.371993966846212 0.252698668151802 0.234109218766584
0.176660022716937 0.0204506738089418 0.486993182688763 0.305163954593507 0.0107321661918508
0.136542562198438 0.396040231045557 0.334000830476619 0.121394694253875 0.012021682025512
0.101704277842111 0.388831241557734 0.0508331575771654 0.11351294115163 0.345118381871359
0.332194965815555 0.134752738312531 0.157430360771126 0.0701040899293229 0.305517845171465
0.136443182662891 0.200738410151846 0.35585326092683 0.115164727668329 0.191800418590104
0.302618191411532 0.15582451304461 0.0448096023216442 0.163839331308176 0.332908361914038
0.155807938056672 0.0818729569414925 0.113659011944646 0.316758224610917 0.331901868446272
0.093580034727074 0.472921879731675 0.148687051028035 0.172697564694769 0.112113469818447
0.142516735949978 0.195509720989934 0.413075046148012 0.121610975986598 0.127287520925478
0.0153957817747399 0.206232582333219 0.326934618980567 0.150373668683458 0.301063348228016
0.338300802871345 0.258491650503291 0.0226360903156959 0.313316409043612 0.0672550472660561
0.0737625841492285 0.118319580078548 0.16161750718526 0.258051757745114 0.38824857084185
0.0669285657802979 0.31877595281139 0.232066056879563 0.36251907993763 0.0197103445911193
0.179847506441849 0.33492454340796 0.331766240868137 0.126131497914923 0.027330211367131
0.189213403353344 0.398117546779204 0.0240082995627332 0.14623759462333 0.242423155681389
0.240048931328764 0.230315213455712 0.14607410421163 0.0535971165323269 0.329964634471567
0.312565769473482 0.185532747587092 0.218211878993062 0.0839121696538977 0.199777434292466
0.114126742585423 0.307585548420531 0.213916255408965 0.130936188936313 0.233435264648768
0.234908529911587 0.455590441861311 0.0350666545990314 0.0517844434972794 0.22264993013079
0.260188952649806 0.184483268803383 0.099597079640663 0.440371007652223 0.0153596912539245
0.260356421487036 0.0517046541235345 0.201728470980286 0.245814946456094 0.240395506953049
0.168099732285001 0.255780818322229 0.17408162418747 0.121035965232316 0.281001859972984
0.111855670962532 0.10024408633601 0.00709256777299519 0.283907580882783 0.49690009404568
0.123033495953947 0.449639973602153 0.207992144967949 0.182159327289936 0.037175058186015
0.260804025188661 0.315902169443583 0.0133530694918629 0.383886285446012 0.0260544504298817
0.263314592727227 0.0329696530002082 0.321174171321156 0.213417079902731 0.169124503048678
0.226435087736592 0.0879631240257404 0.255326931463817 0.0441192263556765 0.386155630418174
0.0521323913301049 0.326854010067522 0.300661759252619 0.194726095089267 0.125625744260487
0.0201940950613767 0.335910620515025 0.235599449737937 0.0775597967978491 0.330736037887813
0.24547986684199 0.275806604500953 0.0458684736565959 0.312755357115531 0.120089697884931
0.110425391818202 0.432067426722104 0.079407463940529 0.298830934526121 0.0792687829930443
0.106153885554403 0.0679746454729203 0.237905591171091 0.175080818325384 0.412885059476201
0.161165528700504 0.245798649650344 0.148029753452691 0.202272251642589 0.242733816553871
0.248927991157606 0.223345888835598 0.192092289760555 0.216353354211463 0.119280476034777
0.0109428963416291 0.244749181305326 0.207084734693257 0.240748906854471 0.296474280805317
0.231391962898771 0.234622104044884 0.00796285790707875 0.233224573459986 0.292798501689281
0.446528490628506 0.138114179252966 0.214407736856905 0.150819983271375 0.0501296099902471
0.0813724051420743 0.16931089679369 0.349452546791803 0.237163658669758 0.162700492602674
0.169749720811944 0.0235643925841002 0.0311390503518853 0.234666880020514 0.540879956231557
0.298105009987641 0.361964879755943 0.11632624882169 0.179928971980139 0.0436748894545866
0.152119381127885 0.260501244644607 0.150284534521109 0.18695465696965 0.250140182736749
0.209704878829045 0.27412145232863 0.102938369313561 0.160388808435839 0.252846491092925
0.181860946781478 0.24918064743111 0.10256956370803 0.088938786887004 0.377450055192378
0.179642815363029 0.207045580822347 0.373310989434991 0.178073630583131 0.0619269837965025
0.0809461207271307 0.332134017700289 0.194927424745874 0.06348451487423 0.328507921952476
0.281284040896767 0.425688475790078 0.241222813107915 0.0312416081378042 0.0205630620674357
0.0712751098023875 0.192292543693356 0.318594296832145 0.0955903286079746 0.322247721064137
0.201326936438739 0.203065015354559 0.395642924115527 0.0431544896721153 0.156810634419059
0.264059915296642 0.0817197687328035 0.123208737393886 0.275755756238933 0.255255822337736
0.0147082071492671 0.508263789151586 0.271886588313343 0.102975781264282 0.102165634121523
0.110073307695793 0.238879704273806 0.420713522278771 0.0582237240790545 0.172109741672575
0.101415637856704 0.375571067907085 0.149219045562622 0.167940388440686 0.205853860232904
0.277125909437201 0.0686943507939413 0.0411702166404183 0.137134065704476 0.475875457423963
0.228708424011986 0.30879587500644 0.205537859283852 0.159516443359701 0.0974413983380213
0.154033463207487 0.0760412074723351 0.116481746688132 0.214591761879869 0.438851820752176
0.167947451414589 0.135099143609984 0.251652703280825 0.359846158310244 0.0854545433843573
0.23758546430153 0.136105111737389 0.254891775552334 0.323874135928334 0.0475435124804129
0.213344863741489 0.347629793030612 0.0088032115591246 0.256641984946116 0.173580146722659
0.15451191810253 0.175827842690468 0.274911344563317 0.296876414055163 0.097872480588522
0.393315721605979 0.0446007001644892 0.0916124597870873 0.180883011422083 0.289588107020362
0.00266391945241116 0.308567400173349 0.259637854118106 0.132107681010626 0.297023145245508
0.0672093147218666 0.301481662676684 0.190275015634977 0.158340336054262 0.282693670912211
0.168068286132989 0.0917734693272729 0.147380717696702 0.18440950318174 0.408368023661295
0.158042994899875 0.0979549818027299 0.319849318152785 0.261031410296023 0.163121294848587
0.245765975281564 0.0468078445171102 0.309437602010276 0.187753483008172 0.210235095182877
0.231527022781669 0.145713938446713 0.173037366582322 0.352364989320976 0.0973566828683203
0.0773191200598809 0.219745965921176 0.0262492599569043 0.227866532223949 0.44881912183809
0.353986871564161 0.175659830621654 0.0750476882115081 0.294122417286369 0.101183192316308
0.035189503835566 0.264448913455201 0.523411397133387 0.080689569790016 0.0962606157858293
0.107616448625419 0.200132385410744 0.463672956851664 0.0994308036664784 0.129147405445695
0.405584748555754 0.059662961920596 0.086114834372105 0.351819250808854 0.0968182043426915
0.00807438580244483 0.509589098935161 0.131179200669926 0.22061220374563 0.130545110846839
0.0725811666613949 0.38018050480219 0.136994182881023 0.106652032159738 0.303592113495655
0.0270620980178158 0.478240367990105 0.361655968486388 0.0100689975776619 0.122972567928029
0.254879842667575 0.256722103714402 0.235927965554699 0.21666463329694 0.0358054547663845
0.281414087425522 0.013255737892 0.314656309482543 0.337544691627776 0.0531291735721583
0.294100417575873 0.160972841574436 0.22932156138705 0.0720659159896833 0.243539263472957
0.236687269421829 0.0244427668378696 0.284402617646408 0.284611143181458 0.169856202912436
0.491284253326333 0.0368465160850013 0.338720536806602 0.00887014459989035 0.124278549182174
0.0830575411976862 0.165955318550086 0.407723685942997 0.0769201711215809 0.26634328318765
0.038058575422847 0.0423443389424406 0.205535185010108 0.522010224472653 0.192051676151951
0.278455126064961 0.14917231644059 0.198012567109038 0.121594453975445 0.252765536409966
0.18491207677614 0.220317674428761 0.250090559618217 0.283094216439516 0.0615854727373667
0.294458736261514 0.0824083699861345 0.284781998348262 0.218082938229633 0.120267957174456
0.491128880133678 0.0300441640429112 0.339863336378716 0.0820438938288879 0.056919725615807
0.246233952988817 0.13947964445985 0.253271251361276 0.24445763503567 0.116557516154388
0.0765202341158649 0.186039774412588 0.132264399813048 0.343599988269157 0.261575603389341
0.0945324317566837 0.0846830943482627 0.272392310274125 0.344795194700839 0.20359696892009
0.108635052212388 0.30749345866682 0.443233789074835 0.068485375790538 0.0721523242554189
0.131745811582383 0.236374642659309 0.179961127586907 0.183770372927051 0.26814804524435
0.283076942752901 0.115199559977977 0.177293047163212 0.260058081523573 0.164372368582337
0.00680145120655186 0.263115263729603 0.17692522910915 0.282533707914038 0.270624348040657
0.26392278079353 0.259345302276962 0.361189366738113 0.1113461553797 0.00419639481169466
0.29325680091188 0.363166808526876 0.0682986960806132 0.112553237836863 0.162724456643769
0.211298504725448 0.317814945778046 0.0345945332265505 0.190169658344018 0.246122357925938
0.205432281837291 0.25334311101143 0.0749094897739721 0.191969677875683 0.274345439501624
0.402830010074766 0.177742055023254 0.174517157775234 0.0837203577000054 0.161190419426741
0.020661954455805 0.249672914170586 0.356377777216825 0.275860881913018 0.0974264722437661
0.0468033193689236 0.183461029915345 0.234897081670471 0.247293694999781 0.287544874045479
0.142188480613584 0.115691446254992 0.343577368520805 0.349284676844691 0.0492580277659286
0.00941133700438927 0.249969735902288 0.183240522212421 0.169283091468142 0.38809531341276
0.0927347714108598 0.28226801562162 0.152969654373831 0.0981463380427567 0.373881220550933
0.0166452795770576 0.137508206846668 0.308330832191858 0.347367656236251 0.190148025148166
0.230594715743639 0.376632059896366 0.255512036798317 0.0110835086870479 0.126177678874631
0.0243608069242954 0.0983223793225226 0.154808457560616 0.347234891922137 0.375273464270429
0.0456250315086692 0.150354325935581 0.154039143527126 0.248543871970034 0.401437627058589
0.180156267961492 0.118380219145355 0.278124322345388 0.283134802328726 0.140204388219039
0.0222103717190149 0.125854937826229 0.177778609479041 0.307272329561839 0.366883751413876
0.141164392686806 0.436390466262107 0.0967822113066042 0.179169162807832 0.146493766936651
0.187786963236434 0.0468756404334019 0.313013383425843 0.377124109771399 0.0751999031329218
0.101179331537605 0.226539218044814 0.229243118430864 0.370309551606072 0.0727287803806449
0.344724155302563 0.177709971732642 0.143542141514846 0.152214803558458 0.181808927891491
0.0985791267727066 0.242720398789865 0.174394621663856 0.25515746066594 0.229148392107633
0.0824718525754276 0.182006270501544 0.188230639173204 0.287715046868365 0.259576190881459
0.270724202423493 0.120399873048578 0.140549006315689 0.304405084591156 0.163921833621083
0.16946412151616 0.262400583800672 0.339534654526327 0.00883288327769707 0.219767756879144
0.198648162804351 0.279466877125601 0.195052156927815 0.298044708171122 0.0287880949711114
0.0120637915615145 0.319128282360366 0.337842702547039 0.101922060035341 0.22904316349574
0.0393971051173893 0.187020508408349 0.220893971150387 0.338006158128543 0.214682257195332
0.22415856910902 0.210176067616033 0.390329690003533 0.0859327564910721 0.0894029167803421
0.254888801331455 0.285360434944443 0.292466108874302 0.0881843299933325 0.0791003248564667
0.243978688458183 0.0655749252974379 0.424608956988511 0.143991081423619 0.121846347832249
0.0672445112403357 0.365947819004889 0.268639220433645 0.0796531464175588 0.218515302903571
0.368892421945504 0.361741179328393 0.0350877660734429 0.232715910479348 0.00156272217331312
0.205496593514968 0.232834143201715 0.338422441062248 0.0840056167788853 0.139241205442184
0.466715040879796 0.0321681072751167 0.150864527670445 0.305954160226255 0.0442981639483869
0.157112748804177 0.370340918556821 0.125905423747771 0.0086453629428414 0.33799554594839
0.261524716254239 0.234782193835759 0.0794737699703772 0.171959320502837 0.252259999436788
0.145609994391409 0.254472104652388 0.15717762085576 0.215782137160944 0.226958142939499
0.0713552782473272 0.173932097237925 0.238470797732318 0.0769001483534576 0.439341678428973
0.428359366257192 0.397632472926631 0.0710101928328553 0.0957438519599779 0.00725411602334386
0.00606332824691138 0.317744253416054 0.229331641977149 0.264739983112789 0.182120793247097
0.147650816659249 0.192132117644303 0.165929689582489 0.237195373324838 0.257092002789121
0.297704878331556 0.247507654597827 0.183844189797761 0.154882156508233 0.116061120764623
0.0254465312117513 0.235062495357596 0.24699393876098 0.227269755901051 0.265227278768622
0.173200784273436 0.339079231042747 0.106572758668432 0.241614640052314 0.139532585963072
0.201666444492524 0.159877907693782 0.154523253080218 0.285491414752486 0.198440979980989
0.125187306995127 0.241741874577557 0.288247431709521 0.1144142383378 0.230409148379995
0.265204152967232 0.292924705567655 0.094222572966101 0.1353278902696 0.212320678229412
0.169866093785646 0.19395721290393 0.323650967536047 0.179265330238069 0.133260395536308
0.29021854894503 0.255718353361641 0.179622173437203 0.166038259653023 0.108402664603103
0.0349275008511302 0.263081080423351 0.218743967849059 0.226375221454945 0.256872229421514
0.352121120515135 0.136519046875221 0.04213046837754 0.168458608707089 0.300770755525015
0.140323133222134 0.258843685244161 0.266531673973376 0.244025665710996 0.0902758418493323
0.29139949852836 0.155057455052876 0.130923561774597 0.127444693209384 0.295174791434784
0.298934218315547 0.0870245478825394 0.32150496116063 0.218120276307646 0.0744159963336378
0.295901453288335 0.172603279898889 0.127759886900093 0.183690176263216 0.220045203649467
0.37955920050116 0.321959736906367 0.109829778523492 0.0624005423015129 0.126250741767467
0.218155336434778 0.339593402453931 0.157560387020259 0.180468323166515 0.104222550924516
0.331261678199567 0.233009096955855 0.000297127048164338 0.278468789286076 0.156963308510337
0.0385983565909925 0.0111943162537964 0.116157716912817 0.385567845471132 0.448481764771263
0.351292977263154 0.145531960351492 0.0463756265038406 0.0783205285984238 0.37847890728309
0.282057884755801 0.204627216750664 0.235640975496938 0.183137551845096 0.0945363711514994
0.0603934456303762 0.110515202170326 0.254633274527837 0.253772829100698 0.320685248570763
0.358065818729466 0.0374716854541166 0.461172542166513 0.0194260453750898 0.123863908274814
0.163595774817756 0.378628278746019 0.112133006159537 0.185070392651079 0.160572547625609
0.214917615452439 0.0945041968695953 0.2359240091172 0.317346207891897 0.137307970668869
0.194512676804197 0.248439007794715 0.159611655975691 0.216448612397037 0.180988047028359
0.369223180655615 0.0502124649012905 0.256351738272772 0.0173738108451682 0.306838805325154
0.30326937120302 0.197739607298441 0.241261095437733 0.209254394717448 0.0484755313433583
0.104113336809561 0.14256999258239 0.223406557240324 0.279857880541498 0.250052232826226
0.14784277916193 0.557864771613046 0.0278889771216697 0.221230697363101 0.0451727747402538
0.279658887036359 0.420122733403409 0.0628386895697748 0.0467429215580521 0.190636768432405
0.0693755210592588 0.307782604561934 0.274370731682511 0.0886739990177043 0.259797143678593
0.0322245136485534 0.467257222617334 0.212889399708683 0.200961803877617 0.0866670601478123
0.194999014691714 0.415855840948598 0.0629434611132058 0.301182572224915 0.0250191110215675
0.092528152318906 0.32836268930151 0.185335377697476 0.173929644284686 0.219844136397422
0.00208636226120443 0.421824516749262 0.254225293068966 0.0135626915037586 0.308301136416808
0.00865778045469683 0.0395197453458096 0.250759469453168 0.208521596985524 0.492541407760801
0.0615831368296292 0.332827771742229 0.224381710492698 0.326608993540547 0.0545983873948965
0.379241416688179 0.264520458435411 0.0804037595230497 0.257423844076118 0.0184105212772428
0.351229194543469 0.16777115464985 0.0792150879623958 0.209144088961035 0.192640473883249
0.265211332765203 0.257434749227046 0.0461104739111029 0.283246898075818 0.14799654602083
0.222522298468924 0.15608241953966 0.0879255800866145 0.201895655814608 0.331574046090194
0.496484885461281 0.000278502670027215 0.0654861250673089 0.419360807771578 0.0183896790298044
0.290157843337439 0.287623235808271 0.0419218200469776 0.0914429162494551 0.288854184557858
0.122609636209084 0.0754313741194294 0.247930833095482 0.0688047256933111 0.485223430882693
0.186586244706756 0.272326489041965 0.109201576465615 0.255021924492976 0.176863765292688
0.256511583768423 0.0869684932949783 0.101054165413313 0.318869991208009 0.236595766315277
0.109822657047838 0.25369892774813 0.069811817168883 0.315584742476328 0.25108185555882
0.296220220318058 0.132636561341329 0.0129225046115993 0.263524634709699 0.294696079019315
0.384359551572299 0.223378781845107 0.00938658285994331 0.18230831001789 0.20056677370476
0.0226482713148087 0.379055037533981 0.253592311516615 0.183312456515947 0.161391923118649
0.228872596291357 0.204168709231067 0.268400352885312 0.229897450532872 0.0686608910593918
0.0300624795043189 0.29017637009678 0.139204190678056 0.230921445840646 0.309635513880198
0.14654328159069 0.270239073500134 0.268013611663686 0.0826401693652222 0.232563863880268
0.129123954179897 0.11629310077118 0.273212150195136 0.309590199019143 0.171780595834644
0.283110402232578 0.216314122935397 0.27984149896131 0.173912231178578 0.0468217446921371
0.0182435890666864 0.433095648549882 0.106350963666608 0.151412820616084 0.290896978100739
0.192374194923036 0.219703060353329 0.235954115193291 0.194782144769864 0.15718648476048
0.185162975340632 0.280912213722512 0.324251613907727 0.20594864791036 0.00372454911877061
0.0853286549453457 0.269898270606241 0.196120102187639 0.160883894684664 0.287769077576111
0.298332251570435 0.129730893905424 0.125777057072057 0.15531286755903 0.290846929893054
0.310860665856845 0.300466570439522 0.130131306450272 0.120054571877103 0.138486885376258
0.260569568433398 0.170278504449034 0.330603267005091 0.21435023727413 0.024198422838347
0.044099652171446 0.305116953845132 0.121699012892182 0.345740117826961 0.183344263264278
0.0402553516431683 0.152664225705454 0.081150268255016 0.354740893573543 0.37118926082282
0.126693784228285 0.20475705426656 0.183797416441573 0.221487908096279 0.263263836967303
0.250147786514076 0.108826983943152 0.0742469105908379 0.311307883025882 0.255470435926052
0.174999623690373 0.290480816453357 0.0126484985265758 0.314166990548373 0.20770407078132
0.0926605287681527 0.29329892192655 0.312256319888844 0.0907195423272013 0.211064687089252
0.274790253000316 0.208297920309153 0.111026381844969 0.204442459188849 0.201442985656713
0.208500851075755 0.149125326279312 0.104228030469944 0.19584133213833 0.34230446003666
0.176003384449214 0.122574982466109 0.199036362492186 0.260560023896271 0.24182524669622
0.0531618517949459 0.190588080272361 0.237825141053483 0.0158838646698692 0.502541062209341
0.278448599600675 0.00669868835306947 0.103548015089635 0.260950384726274 0.350354312230347
0.230512222074537 0.241321780987081 0.125048961139364 0.128144501071838 0.27497253472718
0.200026479219713 0.296993987080192 0.249146338514574 0.164970724641136 0.0888624705443843
0.344185272350407 0.171846771840181 0.0381277586720845 0.0849970973523005 0.360843099785027
0.102221033162251 0.389320926627144 0.21765515298136 0.266939622224492 0.0238632650047529
0.208312950394564 0.247330314192881 0.1714355580554 0.277376052816284 0.0955451245408703
0.264937074367402 0.0208857373564813 0.328642728373992 0.00736089380738477 0.37817356609474
0.0386926929640776 0.18211811371329 0.24729124826284 0.285818608950964 0.246079336108828
0.277694467383003 0.234783263042733 0.0668096523761839 0.12714137445036 0.293571242747721
0.0782189570119311 0.231675033476867 0.289695577221519 0.259391365015528 0.141019067274155
0.330094500162755 0.278992748575552 0.107204681140085 0.233837208712128 0.0498708614094801
0.364455320017502 0.0486601503224534 0.3971313839005 0.049448002742616 0.140305143016928
0.0584575908811072 0.283387165753978 0.191880955438125 0.265417381673843 0.200856906252946
0.0010089827789583 0.280303086335591 0.160851520174737 0.299421080211346 0.258415330499367
0.0988510859830165 0.40586303405757 0.306793278810442 0.0667280464686113 0.12176455468036
0.105187840426407 0.258219569472557 0.190103603650307 0.240009551176232 0.206479435274498
0.334338402931033 0.150708999838714 0.17137126297124 0.207121371953236 0.136459962305776
0.0786148024182459 0.426897344092072 0.183336206998455 0.125910281521375 0.185241364969851
0.15601793318985 0.293990317992831 0.0386150224324646 0.396604836607579 0.114771889777275
0.538966278556886 0.00794347900309686 0.0100006532341596 0.427052778283132 0.0160368109227255
0.469081103085968 0.00887548487638132 0.0879793364950049 0.211324842708337 0.222739232834309
0.189269724631765 0.238976803826511 0.171897165540886 0.223822332732671 0.176033973268168
0.178067742592949 0.126756669985754 0.3031138279594 0.211874761120097 0.1801869983418
0.261197886373564 0.250529224643093 0.180038592483197 0.254526581261837 0.0537077152383103
0.0476322920014831 0.17546043407052 0.341417956984935 0.079560635075049 0.355928681868013
0.293121591405963 0.0669107715727372 0.343436261817083 0.0307460506148874 0.265785324589329
0.138285463073518 0.226042668476477 0.209454195838734 0.217241570429614 0.208976102181657
0.243493385924505 0.0274771999922164 0.223282317838545 0.205581836013013 0.300165260231721
0.316762799389484 0.0658355903159107 0.343073148548133 0.195483828836598 0.0788446329098742
0.00708387558698427 0.287837838179897 0.211140779663127 0.195384670002572 0.29855283656742
0.134772780376274 0.308629347098999 0.23956133310087 0.288619158347258 0.0284173810765991
0.263718039146235 0.383501645639979 0.191920566530798 0.143053144895151 0.0178066037878374
0.241464222084968 0.229935773405236 0.0827316496998087 0.318035852557666 0.127832502252321
0.198061077897387 0.0239750252681267 0.30393743703568 0.188041512185272 0.285984947613533
0.159928394447811 0.299717731444737 0.229524936239843 0.183995526766184 0.126833411101426
0.100151815623724 0.322474818015201 0.16557728043571 0.294109546288478 0.117686539636887
0.358619939877939 0.138260157254223 0.183407163931371 0.196668975705147 0.12304376323132
0.159548615019661 0.260287834098906 0.24100032116119 0.26487896343118 0.0742842662890632
0.289612221123845 0.293335558437452 0.227010403533959 0.0732082785803301 0.116833538324413
0.22744670311236 0.217059898353948 0.13337230991141 0.26660621967441 0.155514868947872
0.399447317525989 0.21694298086723 0.160242318059053 0.0797206411116307 0.143646742436098
0.245810450075563 0.00773548271258654 0.236827647421257 0.284965399533405 0.224661020257188
0.360502509173727 0.064060129321481 0.222064964763155 0.15032855058084 0.203043846160796
0.0672250113913131 0.305512349640014 0.31476697656036 0.284257793525531 0.028237868882782
0.0866716397261115 0.191130732231351 0.26090652413068 0.100493041052156 0.360798062859701
0.197119339076096 0.25353488474417 0.222719846672669 0.0621693203869719 0.264456609120092
0.241144310586228 0.0925406710995327 0.0183610889406098 0.626462934133611 0.0214909952400181
0.247394613978911 0.388143376192231 0.179268608482539 0.138837921748726 0.0463554795975936
0.275212055480383 0.0642941357293452 0.150362036223771 0.255645702931257 0.254486069635243
0.156326460210756 0.316524433509776 0.0602783510805581 0.294583711414683 0.172287043784228
0.248573768978105 0.301060960635715 0.213301945942963 0.0213257841009201 0.215737540342297
0.381443978689347 0.0732487459553696 0.0946797057702239 0.0801849283096296 0.37044264127543
0.116428217904231 0.296404430484815 0.308047065680677 0.273894166321096 0.00522611960918069
0.255762232181881 0.0188062023923284 0.431738044709398 0.0904387626441126 0.20325475807228
0.0749599219934649 0.152045401174566 0.219933198504294 0.26487326462306 0.288188213704615
0.268296009890413 0.0223172697268388 0.166091667959731 0.273171351926328 0.270123700496689
0.235283071758834 0.298682842444171 0.0979352477665183 0.202604452534512 0.165494385495965
0.282651657156279 0.17955900902507 0.31915390054647 0.160148307873299 0.0584871253988822
0.15971459702491 0.229575874006455 0.215561545787337 0.183014442020144 0.212133541161156
0.0612301187503297 0.29491928489729 0.259637327440175 0.211911361218504 0.1723019076937
0.0452893492660318 0.299156362410937 0.173419337333403 0.20288205529455 0.279252895695078
0.29167772387606 0.0437937197446719 0.263102005361157 0.132286248938661 0.26914030207945
0.0606147708019668 0.325360245257909 0.124178289835475 0.454267285174321 0.0355794089303277
0.106598575133807 0.240790336108385 0.273578995756471 0.359354990026994 0.0196771029743429
0.301131657253352 0.346194335476586 0.138203450225689 0.103626422470177 0.110844134574196
0.0891018974964414 0.249451478937557 0.245925742391116 0.282295280238452 0.133225600936433
