0.0240266184082259 0.0937657646263522 0.419194618079463 0.0954997761170378 0.367513222768921
0.280769188251267 0.137780853272599 0.243806578535129 0.27675470573343 0.0608886742075756
0.207784857481137 0.391870482525696 0.0246339112776173 0.159183402619582 0.216527346095968
0.131243654423145 0.302910332604365 0.185483624090786 0.061961330959267 0.318401057922437
0.115080783817827 0.0178707322664361 0.25445340378341 0.264216704239126 0.348378375893201
0.16754113476782 0.0780634052952157 0.231461344486386 0.36484856771919 0.158085547731388
0.191415008414451 0.117626925613114 0.280140304453004 0.194353387603246 0.216464373916185
0.334654616263848 0.113455211246816 0.0688816535556223 0.336387554171114 0.146620964762599
0.365596939447758 0.240258180038851 0.218005757655863 0.122566858820688 0.05357226403684
0.251697678382468 0.292671291310511 0.274749376901407 0.18004218115939 0.000839472246224152
0.0798269439841837 0.225506412428593 0.233601272993105 0.0595496770546561 0.401515693539462
0.0838934761388914 0.0886218313159448 0.33099231443709 0.271696563282523 0.224795814825551
0.338059121313497 0.00242577525914689 0.52248931502625 0.132432299085994 0.00459348931511254
0.222195526498144 0.23559497325256 0.210770785159155 0.210518187396641 0.1209205276935
0.206759982857391 0.172513292560113 0.12203976277313 0.184872606446648 0.313814355362718
0.223819779876291 0.22322972909437 0.200932312004673 0.185333927628094 0.166684251396572
0.0609342122311845 0.19915574200847 0.384991182406388 0.172666058172142 0.182252805181815
0.362460545695885 0.11573034269006 0.194051256430071 0.125924783753384 0.2018330714306
0.00160950277884785 0.0966287876156017 0.304836640768526 0.181725821116626 0.415199247720399
0.23810639254034 0.0406642671578853 0.309752199006275 0.017911107497518 0.393566033797982
0.0431084648231279 0.359382354627237 0.284969494692921 0.245233484712934 0.0673062011437801
0.0318625117611928 0.0531335849073652 0.19747994242934 0.357702965033143 0.359820995868958
0.226387454160681 0.302246045557561 0.260066602905614 0.000556269521933762 0.21074362785421
0.387651756442158 0.0362970149890482 0.0713357656642545 0.448220869213917 0.0564945936906222
0.226287532922561 0.20318185145752 0.316383332004727 0.113690236520752 0.14045704709444
0.280379954892343 0.192858616105014 0.159524730791338 0.107752863093413 0.259483835117891
0.113042823445407 0.125326866803242 0.279107635944663 0.295795195314127 0.18672747849256
0.00219178175578484 0.262321689097392 0.194375824365907 0.124725279731039 0.416385425049878
0.273431233625976 0.295005284067024 0.0420931637919774 0.101750704464903 0.28771961405012
0.255915863271244 0.354498563455235 0.133944401315904 0.158252457525782 0.0973887144318358
0.179383832273189 0.150228822361707 0.213784161475333 0.0576865568123601 0.398916627077411
0.404807255578514 0.0918362421288599 0.0863904916444429 0.0797743409637767 0.337191669684406
0.340702990440308 0.15119038225244 0.149257137061862 0.299423631789787 0.0594258584556027
0.326619675352688 0.25374845016988 0.24179008677296 0.0929414179297713 0.0849003697747004
0.171150168539231 0.348546712702616 0.114498401424938 0.22669680254491 0.139107914788304
0.0559914339983099 0.122755369754318 0.268019503342546 0.307403319741107 0.245830373163718
0.158548845006112 0.0506988166013537 0.301510565717865 0.0906372512542814 0.398604521420388
0.0206867942644173 0.359562719643913 0.115024616732431 0.358502482490211 0.146223386869028
0.297593605649356 0.0273958610523143 0.249894970085802 0.041276622303534 0.383838940908993
0.175316244381342 0.152543466838112 0.202256437482018 0.271982717645338 0.19790113365319
0.266378425160712 0.224419802236813 0.301189327063023 0.194848742515228 0.0131637030242241
0.176265072001453 0.165289908082905 0.312084040909008 0.33614053729144 0.0102204417151942
0.217365147058611 0.240108227673945 0.185474200920185 0.1064155882647 0.250636836082559
0.0851308555810169 0.520275926083128 0.0221114242428163 0.295594592783587 0.0768872013094512
0.231543637208782 0.173404573020292 0.0671390732111975 0.252499321673271 0.275413394886457
0.142063119582759 0.246418393226552 0.150909339647621 0.184209438529733 0.276399709013334
0.177486852171636 0.264405272082747 0.218956997961319 0.145256971173538 0.19389390661076
0.340800449219771 0.247037072125403 0.0369105011104567 0.190929665973706 0.184322311570663
0.358447223150162 0.335908871639089 0.25458915430143 0.00237289256152067 0.0486818583477987
0.0472774359156303 0.29596423223806 0.112905487431274 0.303336929416257 0.240515914998778
0.262862069810927 0.203840024813877 0.0621653839938617 0.201978487923003 0.269154033458332
0.0974401897656491 0.385262234903229 0.113804122721828 0.149591986044359 0.253901466564935
0.0238755875394818 0.215640319004141 0.29590425033311 0.420049897917374 0.0445299452058932
0.0258921303419116 0.269008814403023 0.30204863437503 0.184404549098345 0.21864587178169
0.32204629406685 0.000680807495464718 0.188456812847309 0.278527796473602 0.210288289116775
0.381878820586884 0.338471142086531 0.00316362509966491 0.24665450809002 0.0298319041369006
0.183938042860075 0.169427493039394 0.0383336679249863 0.222143416322051 0.386157379853495
0.336656706847801 0.121636331234884 0.0945305477200484 0.0497159732790682 0.397460440918198
0.289822356507757 0.0564461041516533 0.267907410415165 0.253355789248789 0.132468339676635
0.115820865120717 0.381168215197229 0.230428472410205 0.251618151203545 0.0209642960683048
0.331344960593679 0.0174231217320378 0.102051790603427 0.332994752957158 0.216185374113698
0.0528559976606522 0.0933354578213819 0.321023886557604 0.270355427574795 0.262429230385567
0.165781241410256 0.405748819720445 0.229859628322665 0.0194057360689368 0.179204574477697
0.041079737804151 0.252122954389021 0.0952351789363695 0.344269438870083 0.267292690000375
0.329379111611749 0.350619586900967 0.176999200415257 0.125840919836885 0.0171611812351419
0.118568253283782 0.440488480490307 0.00979657972023071 0.129656335403579 0.301490351102101
0.258059731061857 0.170781557303421 0.161332916424593 0.139099787104538 0.270726008105592
0.291387079026162 0.431001665543618 0.156599630941183 0.0182346496601724 0.102776974828864
0.19366559770424 0.185805613880306 0.162328543495803 0.225681094626711 0.232519150292939
0.324319565085337 0.272004822501829 0.295181368633212 0.0965605317480353 0.0119337120315872
0.227923043538054 0.224365802134315 0.0906629391805017 0.209139232284269 0.24790898286286
0.279886451004685 0.0226147027231667 0.0911057176751422 0.28096684210812 0.325426286488886
0.123010396589181 0.0305833882435408 0.306200684935202 0.271279190042554 0.268926340189522
0.13695196480138 0.157044750312226 0.253148384240345 0.225434516123285 0.227420384522764
0.0724392757338471 0.321589243778528 0.369901441719342 0.0812006934529248 0.154869345315358
0.112417229240425 0.0818445701397523 0.30870549231365 0.231391740643211 0.265640967662962
0.056389419633405 0.37159911928921 0.0502975755262095 0.215812843473364 0.305901042077811
0.165477747771036 0.400811925564644 0.0415355935961534 0.357838528740837 0.0343362043273305
0.236491014464871 0.292695911775513 0.0563193306523648 0.296706909450811 0.11778683365644
0.318501633629235 0.156613322753353 0.235092086120091 0.0178086684175078 0.271984289079813
0.139175174465397 0.206443759990399 0.17693535145681 0.212740110645842 0.264705603441552
0.0753539822087188 0.282647609931846 0.105530558416235 0.354133386959525 0.182334462483676
0.190539046396992 0.349330746384521 0.363538111098819 0.0098042100216891 0.0867878860979786
0.277516962648478 0.0583602814362072 0.0978596861173626 0.252340644591712 0.31392242520624
0.21864116278861 0.150227224223035 0.295126697110164 0.0342959602748509 0.30170895560334
0.33077911540582 0.0879442372198428 0.222776389557793 0.338896804469267 0.0196034533472779
0.356363156827634 0.208149419655149 0.175809711218453 0.07454271911114 0.185134993187624
0.157617167460811 0.0618580557641477 0.295161896912031 0.0546594835367232 0.430703396326287
0.38280328569833 0.268466135766122 0.189780564782979 0.0198888521663691 0.1390611615862
0.237533167336421 0.272806766165208 0.136771913386198 0.341903238878462 0.0109849142337116
0.278059829495535 0.229064593093063 0.215943815121992 0.0666207267829976 0.210311035506413
0.183750314712173 0.135194104191459 0.229082458169673 0.217479935392103 0.234493187534591
0.204918853168506 0.219846856486652 0.174205918122031 0.216518448508357 0.184509923714454
0.167663306827967 0.308804119922075 0.0102838490130023 0.254914191732909 0.258334532504046
0.36046232788404 0.129891469944029 0.255454789405815 0.240635880550781 0.0135555322153348
0.159876033539205 0.133645508066286 0.288443420175461 0.289858628455921 0.128176409763127
0.207826517782913 0.149319769167065 0.206030347107877 0.197065237517455 0.239758128424691
0.104902210035009 0.171299434111276 0.160940997801138 0.120188970346477 0.4426683877061
0.249398577726838 0.359888911250158 0.0614587750423207 0.187769808325187 0.141483927655497
0.250105445781765 0.246057864848324 0.248953190592297 0.131357122246451 0.123526376531164
0.230252547091979 0.0258548433903752 0.343021783476057 0.377482393458101 0.0233884325834872
0.0656530190670423 0.054886941236158 0.277279042081994 0.279565824344765 0.322615173270041
0.328688017489082 0.191723396837898 0.0829300472075138 0.191397657680188 0.205260880785317
0.136177710199563 0.250374451090714 0.23664977330968 0.168396092915707 0.208401972484337
0.227941479069295 0.25177782331998 0.1568123687027 0.301101769826537 0.0623665590814887
0.12941932559089 0.236654742541337 0.31748012745791 0.154487442950836 0.161958361459026
0.210870007002644 0.102626053538181 0.31606035332724 0.324071394329495 0.04637219180244
0.434451898499397 0.289777593395659 0.120547130869332 0.03187019799511 0.123353179240502
0.287449638921092 0.139096002311684 0.22845900376923 0.0260043461793292 0.318991008818665
0.18593268017089 0.155000217420554 0.287070808788002 0.296395604636714 0.0756006889838396
0.143842143825475 0.304587810498815 0.119934533002049 0.205542097966815 0.226093414706845
0.370177376454498 0.0610148812850387 0.258868665231052 0.219588446193519 0.0903506308358933
0.38559505313604 0.0730485294429224 0.373867272580793 0.100134503459776 0.0673546413804692
0.136074198766378 0.388249815904232 0.171365251333238 0.0139008968599033 0.290409837136248
0.259567647018244 0.0518747703067448 0.372383548489631 0.0375735152495841 0.278600518935796
0.204796486216921 0.329969409765108 0.0749859787435318 0.118439068400344 0.271809056874095
0.273639855836213 0.194204155654728 0.00152962648213813 0.29456680583617 0.236059556190752
0.003809467287767 0.186254431276452 0.17304918666682 0.383592709177623 0.253294205591338
0.0101748813980061 0.240071058424424 0.0338248275962972 0.264355849079854 0.451573383501418
0.303020465013755 0.136715738876716 0.0894822953074202 0.319017128026191 0.151764372775917
0.242227958206721 0.21755459997726 0.353877247697266 0.0823944036524332 0.10394579046632
0.224415296912026 0.0292063395116807 0.00131470018176711 0.386707765884867 0.35835589750966
0.189929440744115 0.263269281211078 0.338415990330439 0.185751126939148 0.0226341607752206
0.316845469722903 0.308483988962184 0.071732261611972 0.111202777273787 0.191735502429154
0.0781295087730482 0.323272777303643 0.294885473639074 0.282329737158789 0.021382503125446
0.442467409370756 0.112904453538992 0.259400210321999 0.101240932972514 0.0839869937957385
0.267668640375141 0.0321178927394577 0.310569820983282 0.29777137448931 0.0918722714128094
0.0482027197819191 0.0907001765620834 0.155501433563985 0.420691066169272 0.284904603922741
0.290500145614346 0.139477428023027 0.244355667443357 0.200086948781716 0.125579810137554
0.222492180536571 0.144462351918127 0.328639384819164 0.22315850597664 0.081247576749497
0.132668252746003 0.0812300857356253 0.1465744176179 0.368655882650877 0.270871361249595
0.0911829635384327 0.313954517409657 0.0781154199271578 0.196180454036415 0.320566645088338
0.11747978273477 0.197443567604233 0.212371145336963 0.378127773771688 0.094577730552346
0.113489033597775 0.341591104567982 0.116761153102436 0.381415985271641 0.046742723460165
0.20855107663065 0.228300634833816 0.330122412900021 0.0902266634139205 0.142799212221593
0.0921429454319794 0.372553939041201 0.477207197864071 0.00729824122336344 0.0507976764393846
0.186467167491695 0.232235224033014 0.193913035136101 0.232117990912586 0.155266582426605
0.00155253699966378 0.359911092019596 0.0248760315120205 0.368896041858647 0.244764297610073
0.183533843961377 0.162546672833962 0.0469511846487163 0.449570926721857 0.157397371834088
0.166762072136665 0.24885724458461 0.0997218835305712 0.233490165829666 0.251168633918487
0.252223615471117 0.0182807688121802 0.353539593045311 0.323021678693376 0.0529343439780163
0.212326743193891 0.0360930608118095 0.264416271180966 0.408691273661872 0.078472651151461
0.272488726095735 0.0787463206567252 0.210745076106074 0.205008450285083 0.233011426856383
0.343006007235856 0.109890076203717 0.383116143590209 0.101593015099494 0.0623947578707241
0.203850492248613 0.00225993785059683 0.514203789953301 0.0562391710455983 0.223446608901891
0.0948483382587705 0.303317824502668 0.135009977744785 0.324940923685419 0.141882935808357
0.141625183499903 0.264932346680203 0.278123582992108 0.190307001642203 0.125011885185582
0.187444744571806 0.168133206706246 0.281935093005941 0.0126408393327532 0.349846116383254
0.0894831496319659 0.0809826400363228 0.369627974725117 0.135919956889345 0.323986278717249
0.0567648469898332 0.358041610964587 0.0376718845891464 0.340370325865509 0.207151331590925
0.310498636533475 0.0289646308194991 0.131124179778621 0.162184252130111 0.367228300738294
0.181341626139857 0.162839470176886 0.167973950475096 0.282377437773253 0.205467515434907
0.319813388039266 0.138095645651594 0.0468869766160446 0.415610952311739 0.0795930373813563
0.127678698905334 0.207784832956692 0.344453856321652 0.146162398124866 0.173920213691457
0.234804972326248 0.106334919346392 0.171361486920999 0.249537011154007 0.237961610252354
0.374774406694419 0.21770386176554 0.176226263965135 0.108640668460974 0.122654799113932
0.112147053116829 0.277462936549792 0.272344630571094 0.107005323458386 0.231040056303899
0.0645844081415743 0.126604626555548 0.168694988789078 0.404292915270731 0.235823061243069
0.235013420757699 0.162902375518928 0.204945122896971 0.263093657531781 0.134045423294622
0.0891976229929093 0.272146140790292 0.0581048041412002 0.194548969764259 0.386002462311339
0.114507586651049 0.311984495756029 0.102454245323536 0.128228476970493 0.342825195298893
0.240798843395805 0.265023966956985 0.180380636479573 0.163233731225474 0.150562821942163
0.274683731124136 0.251439744705447 0.235925564466453 0.023583223402681 0.214367736301283
0.25699987297944 0.245397486959451 0.016120233070264 0.0741984438253055 0.407283963165539
0.281341533155501 0.0169907279786094 0.383705028306042 0.0280357081130864 0.289927002446761
0.0514635978020141 0.23543980458212 0.274156687866627 0.12066220578494 0.318277703964299
0.193575384476393 0.164693470904746 0.25711255789754 0.247000045341306 0.137618541380016
0.27971962615761 0.142194198662986 0.309406439842533 0.15417362477978 0.11450611055709
0.0484450572432482 0.0584487001195334 0.158426813487289 0.473266158911213 0.261413270238717
0.273161388596849 0.0544265698755499 0.259190956252957 0.225267761734077 0.187953323540568
0.606711947723245 0.104152002252338 0.135517142322268 0.0472755345912419 0.106343373110906
0.254072213181287 0.234906155473739 0.0186110927287308 0.392474766746106 0.0999357718701371
0.130248429139936 0.384012108319726 0.0122262710431541 0.118884717316437 0.354628474180747
0.353114938475178 0.219877925321859 0.104332173116491 0.176757015381672 0.1459179477048
0.118375171569832 0.316067089310267 0.0113907740650874 0.291351431558763 0.262815533496051
0.383460064531132 0.169339431296151 0.162745391185974 0.0882631721252534 0.19619194086149
0.101805205720655 0.228885621042885 0.203025168937954 0.19949102528663 0.266792979011875
0.23507485833475 0.0685652724462888 0.197755549160554 0.106360851723232 0.392243468335176
0.658498019999337 0.083870778345718 0.123013065318692 0.0075884104211864 0.127029725915066
0.336962198077201 0.0748687687954175 0.112157876007782 0.0224594966683481 0.453551660451251
0.0783756275071633 0.0550297168083146 0.334099365139462 0.226930412880193 0.305564877664868
0.387215176559961 0.0812514333276946 0.212129888858676 0.175529030425598 0.143874470828071
0.225429427890824 0.312359701055067 0.0822759648918926 0.258751395041913 0.121183511120303
0.223386450803061 0.150979185334635 0.196687618787601 0.204601397465103 0.2243453476096
0.0998918447910186 0.322648629605572 0.141741753240205 0.238420462288255 0.197297310074949
0.0968251093520661 0.293968026791582 0.0790526533428332 0.15434317545449 0.375811035059028
0.156168306359091 0.343132146166836 0.432559001811936 0.0141958566394225 0.0539446890227145
0.0902335443296437 0.0958079683640292 0.105766027276145 0.367455419200321 0.340737040829862
0.306433365567234 0.0479945424553469 0.214674898514461 0.109084817474405 0.321812375988552
0.245829715364753 0.112263733562445 0.240194959150646 0.174342516735665 0.227369075186491
0.354664220910734 0.10232131962076 0.242089607075184 0.120735383707256 0.180189468686067
0.200486465879724 0.135487033985635 0.0994882182145485 0.273760694129071 0.290777587791022
0.0319038247436517 0.123456955602838 0.231562210778054 0.261596662893237 0.351480345982218
0.142439796822116 0.224586822419292 0.0550258500556823 0.25231883292819 0.32562869777472
0.191938582458797 0.169519412286571 0.228326686395426 0.203200249662322 0.207015069196885
0.0438861194594965 0.369440898296049 0.338380160965898 0.246887609137177 0.0014052121413787
0.252524541276553 0.160207855480831 0.133797238199759 0.360817498788086 0.0926528662547704
0.0307844209716334 0.319926054174318 0.155467892726794 0.208812583594929 0.285009048532325
0.0910326008373725 0.205658477652966 0.344510574965305 0.286019202157275 0.0727791443870812
0.38389007453771 0.425641527731821 0.0121286379290824 0.0309422717119571 0.147397488089429
0.0741151130164329 0.305053066682983 0.0184085525654681 0.303280045963213 0.299143221771904
0.343702710037647 0.19398090310895 0.337361391362165 0.0286596717310794 0.0962953237601586
0.38015347384299 0.143107441234571 0.03397834108918 0.301073678173069 0.141687065660191
0.0463209735619195 0.29735304924879 0.212928713891976 0.139369801003051 0.304027462294264
0.35251227766155 0.149697764396296 0.00475091328595235 0.441020213643724 0.0520188310124768
0.198366468901599 0.228552267366019 0.139731993255085 0.252296939769781 0.181052330707516
0.396334803598489 0.289287062590258 0.174244128270405 0.0160510216843521 0.124082983856496
0.178569157133374 0.11333528805554 0.217506887775999 0.292228850535868 0.198359816499219
0.211248116548309 0.243537112509647 0.150419533723928 0.106202765970414 0.288592471247703
0.0238250459301066 0.353228023972966 0.019090081817756 0.362950868028372 0.240905980250799
0.225201232337428 0.239733808001268 0.214517362608961 0.072616533988519 0.247931063063824
0.162789760454782 0.175623847372346 0.083353009526486 0.340192440964835 0.238040941681552
0.161346600598552 0.00126632949395281 0.219316556193267 0.39877902450796 0.219291489206269
0.160648493610721 0.326264852174974 0.0886978956925267 0.337436637215652 0.0869521213061271
0.328460854380809 0.159357867691166 0.29586677007102 0.139199063272374 0.0771154445846315
0.00398960109692874 0.265366673995613 0.289955366641371 0.154950283564069 0.285738074702018
0.159088574937377 0.173432539651614 0.192564652693129 0.202402038022489 0.272512194695389
0.428611921513621 0.159267699795842 0.0661705313059945 0.339724993993396 0.00622485339114658
0.0868066835033231 0.28185526076234 0.127373042594475 0.273324930831466 0.230640082308396
0.324169186554747 0.111395465495723 0.18614567645428 0.261417127353765 0.116872544141485
0.161001089494923 0.178105828795601 0.232056492286298 0.236165305165511 0.192671284257667
0.190114726031048 0.218724708805349 0.102530188562681 0.249083895418937 0.239546481181985
0.345462046770075 0.018287690396557 0.0167292853071722 0.355301098504131 0.264219879022065
0.224818147458653 0.232969080069633 0.131178163507283 0.237122232262832 0.1739123767016
0.184797515615235 0.273528734465913 0.248398610407828 0.262985643973764 0.030289495537261
0.0803323861830767 0.283738755307165 0.301487846889924 0.0600244109678222 0.274416600652012
0.285918969374919 0.10263214228117 0.165288666922859 0.349584269815103 0.0965759516059493
0.168135426361248 0.0780462740572118 0.18515730280998 0.294144016153654 0.274516980617907
0.144996975941958 0.0347522654409003 0.0214036156760293 0.267658273692532 0.53118886924858
0.214580318485341 0.0768195810602347 0.151764801729813 0.283147701004007 0.273687597720605
0.369573012013776 0.212263749896442 0.219776880170236 0.0840724799942154 0.114313877925331
0.0925255753210407 0.151880315853893 0.339118411951384 0.0978706742121465 0.318605022661536
0.252740191463705 0.119043601410669 0.313225174745771 0.0803455990098015 0.234645433370054
0.318415098410906 0.100155324445709 0.284416584641508 0.110503459623612 0.186509532878265
0.0976345452710218 0.198309548375728 0.464987448906642 0.212877577865984 0.0261908795806238
0.336278988358083 0.346268269067011 0.0117652091282245 0.296112102123833 0.0095754313228483
0.410381886252151 0.131417323625058 0.14343445028493 0.238203703726343 0.0765626361115183
0.015353708538361 0.374169445702275 0.321475969606038 0.138548269762608 0.150452606390718
0.420363884024453 0.398927376331475 0.0455823477035904 0.0390140534638853 0.0961123384765966
0.230116102057327 0.063395910371624 0.276142603863656 0.161064573034418 0.269280810672975
0.294162642745957 0.296523496544712 0.125094133518982 0.21021322630615 0.0740065008841988
0.171465099709973 0.137752516834289 0.222181030141764 0.188329567771722 0.280271785542252
0.30516620149098 0.227166125206014 0.183673299499971 0.260869356228295 0.0231250175747405
0.273577031294626 0.350656680036371 0.175035666870376 0.141072264642891 0.0596583571557369
0.555598928483778 0.0940877932185786 0.110426424152245 0.0739374359144609 0.165949418230938
0.393010673121293 0.0485328298764151 0.268613757135288 0.114393845927662 0.175448893939342
0.0732483001146097 0.102880245802829 0.328641362263288 0.168399172018634 0.32683091980064
0.0479910025659211 0.176236597983554 0.18062245572666 0.233670217847602 0.361479725876263
0.298699800299758 0.285653728358076 0.197022866245552 0.175681693033506 0.0429419120631079
0.15437123981671 0.0691530837730973 0.228396060111276 0.257948276723148 0.290131339575769
0.038888908900216 0.0628605418826357 0.301457795329881 0.185511117795803 0.411281636091464
0.146176880133392 0.153096618071337 0.274689038360837 0.240726957830436 0.185310505603998
0.430102315407135 0.0262445051516986 0.259471286101349 0.019636540267451 0.264545353072366
0.247081446501717 0.0101955399616538 0.134500148758982 0.369396473532267 0.238826391245381
0.209623564947034 0.147467461480268 0.258016327687703 0.331991410463249 0.0529012354217445
0.207519530624002 0.114379326329145 0.118924533134737 0.225110945061592 0.334065664850524
0.321344778200262 0.224530500674453 0.0746198759938906 0.273940613086014 0.105564232045381
0.246170954192822 0.0599277354695774 0.28327916427723 0.122626470704572 0.287995675355799
0.360357880923992 0.227564704437371 0.060825983855471 0.283189953208241 0.0680614775749243
0.152727403028557 0.0150892136289527 0.293546590645518 0.313893499056692 0.22474329364028
0.0171225733712179 0.0820843476059137 0.448751650397064 0.417109074964076 0.0349323536617286
0.0663525501242794 0.217633301599183 0.0455986569163582 0.356395854191751 0.314019637168429
0.196774364534075 0.118853998533477 0.248470767883097 0.279183934370346 0.156716934679004
0.299507600811045 0.2778540782129 0.0704979316428099 0.268914438139976 0.0832259511932696
0.0107393433023097 0.516754203019224 0.21739579484373 0.243890902205769 0.0112197566289678
0.0588794986874723 0.0888604318889204 0.327812720845003 0.177464340444188 0.346983008134416
0.216404852426362 0.253405854234046 0.145871782650673 0.214554777539574 0.169762733149346
0.328316232445911 0.341948727957848 0.0294492052376438 0.265621368892687 0.0346644654659109
0.19870205481019 0.0943907554427802 0.196316183609246 0.207791423651129 0.302799582486655
0.0929097074706804 0.180654489798592 0.295836478791079 0.340380904698177 0.0902184192414717
0.283773876758649 0.0765439019174408 0.221173863179757 0.397857176206861 0.0206511819372927
0.186095970709583 0.384858452118738 0.283794621341273 0.0360931562359495 0.109157799594456
0.0605223612799572 0.263363514529965 0.338516248632482 0.0710484890968873 0.266549386460709
0.186684960363271 0.0369584481012869 0.363408864535872 0.175440055266716 0.237507671732854
0.288327631104684 0.100543648897524 0.172277099071553 0.307683555473203 0.131168065453037
0.21724413760601 0.112978340219546 0.29664238867346 0.279760800623584 0.0933743328773994
0.378473893161279 0.187098074409999 0.0490459438391055 0.295560104419773 0.0898219841698439
0.3086306994687 0.139676241193838 0.278016968927113 0.202508814902186 0.0711672755081633
0.384667479457671 0.14735287284621 0.258659369913196 0.189092326746714 0.020227951036209
0.0837053408684216 0.0341676358562621 0.393750861580859 0.143709297052933 0.344666864641524
0.21454707426546 0.34453266642148 0.0988627916297892 0.0955705688369465 0.246486898846324
0.371366281729816 0.0345847129199783 0.158199245555311 0.0649739569680889 0.370875802826805
0.329069583086825 0.107508611713039 0.198802138883279 0.0457728593999526 0.318846806916904
0.00425979324850104 0.236818861737769 0.00566288348536524 0.36145642586364 0.391802035664725
0.0882907088431519 0.0257741645272981 0.135849098398698 0.446448363597243 0.303637664633608
0.125162741159935 0.0658259030390781 0.0258621632633196 0.320309289166963 0.462839903370704
0.196687355046651 0.324700493109625 0.0624060146351986 0.314402054082025 0.101804083126499
0.208408636542065 0.0133211957934098 0.267955348692217 0.0958757548227612 0.414439064149547
0.178596988995651 0.342437684475625 0.215405771067626 0.0859767694090278 0.177582786052071
0.42265628725127 0.109685132221163 0.430560429080357 0.00868211149385865 0.028416039953351
0.149479475947436 0.402276816717634 0.217190701512507 0.110974911366882 0.120078094455541
0.148554646605975 0.157919318363641 0.193260954514692 0.248621662799632 0.251643417716061
0.112283768619947 0.116557161354421 0.180219560525315 0.227394334837778 0.363545174662539
0.346539458312793 0.109634103598814 0.226611939850469 0.0422115620788097 0.275002936159114
0.0919722514790938 0.0781628962716337 0.234191471711983 0.278127951042459 0.317545429494831
0.265213224777874 0.289252504686739 0.0379197313947255 0.230876983705709 0.176737555434952
0.019030526382111 0.258070722970497 0.0482308880179652 0.623750873121277 0.0509169895081507
0.205660734382253 0.213952820578239 0.0243607985588235 0.171872776916062 0.384152869564623
0.309270427854652 0.161454457534227 0.0832547475705191 0.117598828218984 0.328421538821619
0.32661260567703 0.0516778577607311 0.190841081613293 0.267086826240475 0.163781628708471
0.356267853683539 0.323721129917539 0.190266202190719 0.113210293047974 0.0165345211602299
0.163887812786969 0.0125598907948565 0.296440072967111 0.27306891094253 0.254043312508533
0.126748538268256 0.320006479367588 0.337973365520503 0.195018815478568 0.0202528013650851
0.359380338893615 0.0439743996819135 0.223198756385191 0.0187528733452385 0.354693631694041
0.12553527139125 0.308430306765507 0.100018304037705 0.312681816796299 0.15333430100924
0.257424725506273 0.281204965167928 0.369113020283272 0.073706278947181 0.0185510100953461
0.280298451758668 0.281015313923814 0.1894068932883 0.231038060271374 0.0182412807578443
0.0132442706186186 0.350690258152578 0.296114344061821 0.313677890529707 0.0262732366372754
0.137191067340774 0.297432521894456 0.0773259241852284 0.295523355458249 0.192527131121292
0.197393444800275 0.265357544798953 0.351680592468119 0.176194877677302 0.009373540255351
0.219484515765608 0.233821368610494 0.233937182819041 0.195948288049719 0.116808644755139
0.360573184928258 0.0694900559262961 0.348769540009849 0.192087999388607 0.02907921974699
0.338359610883114 0.198893255390937 0.280565704997208 0.0677151701665096 0.114466258562231
0.356980472605195 0.224314602738865 0.142542807338813 0.0445606933420083 0.231601423975119
0.229019292512223 0.102540307004316 0.196595104109114 0.239988965141069 0.231856331233278
0.066035262048366 0.229257893829565 0.286086237363453 0.25653445741625 0.162086149342366
0.198882978521544 0.265675311024737 0.315932928424331 0.209395734517952 0.0101130475114361
0.119919653798781 0.0791616842232424 0.350426098985206 0.32164586979969 0.12884669319308
0.250788070225797 0.228562454599195 0.210715974292832 0.282841231349388 0.0270922695327879
0.20959756332243 0.144091620676943 0.0832704675665833 0.0104749161154928 0.552565432318551
0.253091173931274 0.23402802943048 0.179236558154286 0.139307137397616 0.194337101086344
0.0433479444508975 0.362433252158562 0.172186268294766 0.332721164474295 0.0893113706214798
0.0765196017859848 0.224898874720154 0.250238111947398 0.119150993192471 0.329192418353992
0.131713499756108 0.00635661972098039 0.635578451214676 0.00448425368704971 0.221867175621186
0.264736745395075 0.356684577595459 0.140233086708591 0.220343399400691 0.0180021909001853
0.133924985554102 0.131915466535386 0.12137564645846 0.258453785620118 0.354330115831934
0.0707142360597541 0.330516868474851 0.275411491367307 0.273664214846009 0.0496931892520796
0.238455540143855 0.0922844410468519 0.224054725417448 0.397997512688066 0.0472077807037786
0.172267434905812 0.231364435723105 0.199630241340637 0.110541580314543 0.286196307715904
0.167667856265247 0.309722379724593 0.237631742205102 0.0031631196471741 0.281814902157884
0.202116047270349 0.161593065590214 0.030212733285118 0.276152589460833 0.329925564393485
0.195470204762493 0.0208701317942015 0.323062649348974 0.279430547574609 0.181166466519723
0.0572524255307993 0.375821761976028 0.153233139672785 0.396892598626201 0.0168000741941867
0.210783141855775 0.00993623775350696 0.10160682644486 0.478629723184483 0.199044070761375
0.268954396727552 0.0657344590859958 0.183268576134857 0.0970541586425582 0.384988409409037
0.269063601210594 0.124599022112054 0.322498207451131 0.187974023606501 0.0958651456197195
0.027410151265672 0.327014985125029 0.379128495947533 0.110870491287058 0.155575876374708
0.230226377081207 0.16455369628388 0.290430668999204 0.0811936067099751 0.233595650925734
0.251154961029211 0.237133002618155 0.224897954747136 0.121328051687194 0.165486029918304
0.0595070182432986 0.186122735405887 0.332561607195537 0.172623343200208 0.24918529595507
0.252782619015122 0.0652758996027589 0.196797194444476 0.215015218425636 0.270129068512007
0.100864073197324 0.220007395308467 0.352247409381883 0.209490907582652 0.117390214529673
0.0233616718047477 0.169853660310413 0.335352592756709 0.177780493086667 0.293651582041463
0.126995757240374 0.0282272418463354 0.363245880407533 0.0279355349475063 0.453595585558251
0.324884333137756 0.335493041613665 0.0237750263129351 0.177235179044016 0.138612419891627
0.0152622757176213 0.213524932492268 0.285558796110074 0.372273288325689 0.113380707354347
0.212755166281151 0.106507989641939 0.330758177605399 0.140495857481925 0.209482808989587
0.360021018483645 0.109118786326196 0.284850464200785 0.0148573579320856 0.231152373057288
0.250880366733128 0.245127140981283 0.139369180963254 0.306238907944801 0.0583844033775342
0.119207427296108 0.104474736086724 0.152811130368298 0.259922312181933 0.363584394066936
0.226756146506344 0.0559055529637884 0.285032850527414 0.0950168137014391 0.337288636301015
0.117600391054709 0.267559213369059 0.132428413998837 0.252489380303031 0.229922601274364
0.211972797929785 0.240303342474275 0.250743140080013 0.131546639351408 0.165434080164519
0.196923563115584 0.0570907172301672 0.166907234497821 0.245686751766912 0.333391733389516
0.609914089718255 0.0429741375260139 0.241641549396741 0.0811254067209818 0.0243448166380087
0.229130933387238 0.192986856030991 0.296315734746878 0.263317866126265 0.0182486097086285
0.179803885678508 0.212154860120573 0.105375998403622 0.302279886936782 0.200385368860516
0.232361246219949 0.38659651089511 0.185473154476635 0.0682185284230744 0.127350559985232
0.274873159171208 0.0373465427753399 0.296966065298523 0.116476886395821 0.274337346359108
0.0534299572770524 0.219057638195049 0.165742343028752 0.215082355384021 0.346687706115126
0.225915402927736 0.227025750053004 0.250628459183195 0.0195107345906803 0.276919653245384
0.274875324269142 0.105390069078746 0.234654651534578 0.225975247531757 0.159104707585776
0.240619072378288 0.177740833164576 0.0260583654815577 0.286709898405758 0.268871830569821
0.203763228717294 0.2462594580714 0.191353439074228 0.147186509609868 0.21143736452721
0.347063049088165 0.333298768849714 0.0725529105567934 0.124575343416161 0.122509928089166
0.334306704841489 0.237515888455434 0.304230507995272 0.00730106926034141 0.116645829447464
0.33923703225706 0.151106702883799 0.0955572947115019 0.150984942908216 0.263114027239423
0.229979723541048 0.0229513950694462 0.146403201331138 0.396028105532284 0.204637574526084
0.245199161630885 0.0856361627346164 0.180312413765632 0.177113252132404 0.311739009736463
0.324493717698716 0.29275785754838 0.119430528042493 0.115469390442339 0.147848506268072
0.0712305928618988 0.207362657665026 0.418391997314031 0.289768016157417 0.0132467360016279
0.14245874288699 0.163169151384944 0.265117214994507 0.273521281518872 0.155733609214688
0.213156701681594 0.209001250529532 0.0554377782079694 0.143673011507508 0.378731258073397
0.25454775670244 0.174894294747066 0.373357193702169 0.126911611018606 0.0702891438297194
0.0710778829557814 0.264599818940466 0.278852575003361 0.158691480802995 0.226778242297397
0.302836482087788 0.247612417889265 0.0903699274003542 0.356198081386234 0.00298309123635921
0.231365989229492 0.154006596068744 0.274988463159305 0.0808661806439813 0.258772770898478
0.22262851599155 0.0733382174832725 0.201289290319481 0.0857528177355773 0.416991158470119
0.126454625557143 0.257353079177341 0.184752744151446 0.216095522402916 0.215344028711153
0.246633722354086 0.0841371618423556 0.285315716898444 0.331517855191321 0.0523955437137939
0.248413371065292 0.306208253816074 0.0351071041100882 0.0613304089977524 0.348940862010794
0.18446343388662 0.13419338939369 0.0360879993561512 0.192692867491194 0.452562309872344
0.218746706932852 0.16272372769147 0.261451534314264 0.0354802298230981 0.321597801238316
0.0779613433136375 0.0204528648782735 0.357893330327482 0.360861252716492 0.182831208764114
0.100955215368291 0.302228647254454 0.1065036462456 0.227709760625766 0.262602730505888
0.291025841664638 0.209719771080218 0.0210526051070142 0.438477795696661 0.0397239864514691
0.214773714599436 0.188070139360561 0.390580774078509 0.00715046095139056 0.199424911010104
0.531516327331882 0.2355462654366 0.0688490758250983 0.043110227492255 0.120978103914164
0.0746767700278144 0.402247876572734 0.190646463061822 0.0492803436162755 0.283148546721355
0.24111270429706 0.226501233422715 0.0338358100511144 0.247843610312978 0.250706641916133
0.199756471733756 0.221701691538587 0.169655063730281 0.290054634188539 0.118832138808837
0.0392997803394847 0.168306130258958 0.331411994722104 0.191146746587912 0.269835348091541
0.340625048274533 0.0826272900765636 0.0766132459055055 0.295302008792472 0.204832406950926
0.190730666398056 0.339289806845014 0.18090038985806 0.225690399028848 0.0633887378700224
0.114497096256873 0.36335367099679 0.08455767156844 0.163484653218635 0.274106907959261
0.228962204595941 0.158914480735255 0.202657069441672 0.187942659227537 0.221523585999595
0.162436531251797 0.268193873660507 0.362725498765221 0.0456792093112149 0.16096488701126
0.171189346059648 0.0488630988532255 0.133812765606987 0.367184255781008 0.278950533699132
0.281261826472524 0.0724526611621788 0.343496246296325 0.070607905533271 0.232181360535702
0.310167688883388 0.257347852011524 0.267450335961053 0.0743587898162746 0.0906753333277596
0.0150464104819255 0.30644775361359 0.271564674134683 0.388142119068999 0.0187990427008023
0.251455056655541 0.161906792896462 0.239797455769032 0.0771753927365403 0.269665301942424
0.0984133379290926 0.108930659355313 0.354367395593274 0.201335370559435 0.236953236562886
0.14417037919228 0.284918134065959 0.350257819477613 0.0145999851594964 0.206053682104651
0.369576792600847 0.178758410032341 0.330128203159235 0.120237531499861 0.00129906270771595
0.0957184640872096 0.0435241829253822 0.42229770836085 0.0605689600633963 0.377890684563162
0.130255190940476 0.0980944032967407 0.0759778602328386 0.381949462169163 0.313723083360782
0.0982092113371468 0.331868350156798 0.0809795492585163 0.135096469570225 0.353846419677314
0.0750148693774252 0.00737156581116591 0.330472228430466 0.215490843393189 0.371650492987754
0.176170950422402 0.0312060873634235 0.290713402084922 0.474154904078994 0.0277546560502583
0.23681032106714 0.259868977210934 0.190406958136527 0.291717204326568 0.0211965392588311
0.0655810145598223 0.311311170519364 0.274200750519466 0.267397411352541 0.0815096530488065
0.0644722889978737 0.233153435862988 0.225289250681028 0.331991265649997 0.145093758808113
0.0683100752441951 0.367724465556601 0.248941711214046 0.093250746455461 0.221773001529697
0.275507417865398 0.277081847031827 0.193179450983654 0.0267767193373628 0.227454564781758
0.0969979125250211 0.103779360859145 0.0959064300592236 0.33413426963925 0.369182026917361
0.0864700427634572 0.313915645003214 0.175114255382298 0.231222854149266 0.193277202701764
0.270126335276612 0.168992745573983 0.146134569818702 0.21608624049055 0.198660108840153
0.231318894389071 0.273134896501874 0.315174423169968 0.0454561998728965 0.13491558606619
0.266056864230857 0.206757916122113 0.214504663090768 0.232166183147608 0.0805143734086536
0.384464732321155 0.048358668176368 0.197833819201393 0.12722751245403 0.242115267847054
0.149697307886445 0.299124813858762 0.24292847348628 0.30573693990824 0.00251246486027315
0.12309202723987 0.228076497648756 0.240818447053345 0.185828763915675 0.222184264142354
0.197929725493233 0.027944546209922 0.0240089044924792 0.340999597284344 0.409117226520021
0.0541871711506294 0.123815400167774 0.351076059902595 0.273955276324506 0.196966092454495
0.218951008329999 0.0302398375023282 0.243747939008942 0.269292495463942 0.237768719694789
0.0615118945918534 0.102373046366847 0.259371637102285 0.282559364292505 0.294184057646509
0.295391308096905 0.257383804076196 0.146128383302684 0.00260421966639337 0.298492284857821
0.0501754560000588 0.280596835853249 0.00349216558263288 0.317891342728717 0.347844199835342
0.143666252593947 0.213213428956912 0.257148793476757 0.334617783058429 0.0513537419139551
0.21575392228511 0.422050130280732 0.0384820596675509 0.23894653572355 0.0847673520430566
0.313209604158033 0.203754360124046 0.00865069727164463 0.208270321049876 0.2661150173964
0.116225473862741 0.325059607692586 0.219106549016159 0.25174561860789 0.0878627508206246
0.0584600193690149 0.294491553583826 0.388343059926324 0.0959258538264949 0.16277951329434
0.227451699759038 0.284950269160677 0.0337485494847544 0.179561414834276 0.274288066761255
0.259466975576622 0.00525361336707541 0.354687993283082 0.119535712921817 0.261055704851404
0.299902905378131 0.11660733661394 0.257488918636766 0.228988027560913 0.0970128118102504
0.0817573884028826 0.222633232998194 0.1416158609096 0.366189755728253 0.187803761961071
0.23649140025336 0.25129801750969 0.158610919734302 0.296536044234884 0.0570636182677645
0.42791041165042 0.111750823287357 0.284693304533795 0.137965649477502 0.0376798110509258
0.259543627195781 0.0192897381693643 0.179730982882115 0.232627541214503 0.308808110538236
