0.0234092862769213 0.105118955141935 0.0827221469012043 0.111942275486371 0.0780518661033492 0.0916554813896169 0.20340510676339 0.178173591397996 0.125521290539217
0.0911613839954673 0.0174940452961272 0.0628476758929345 0.102606503703312 0.228409695596446 0.166549339826729 0.0815901147886608 0.133368489688357 0.115972751211966
0.0206709285476573 0.0357498644002175 0.121355624527583 0.170415126472555 0.074876056985018 0.108756146535473 0.1285190988834 0.00857971253658352 0.331077441111513
0.0668310930483034 0.138270776000798 0.111450195626546 0.0898090648450596 0.0409500078344424 0.188525254760946 0.0242720126240809 0.207909047945906 0.131982547313918
0.0286007392126761 0.160127792298029 0.138272582501959 0.0387506365417793 0.0350578883748699 0.113371044678325 0.168252312813073 0.190285611112843 0.127281392466446
0.166862860984574 0.0339712989521018 0.0268496017364527 0.0648957433020681 0.152122177750549 0.218186124389903 0.00372004671247483 0.217970447999033 0.115421698172845
0.126194077462647 0.0353174264676052 0.191458603678731 0.159933237116936 0.0922994803320984 0.187530446348734 0.0480078794502537 0.00725177651288248 0.152007072630111
0.184641416735969 0.179116464817779 0.177819094614122 0.0405941831660235 0.116097306602566 0.01565907356947 0.0474356118699316 0.0815877355613939 0.157049113062745
0.216957975645769 0.191619751450663 0.203168542911914 0.0102075792719566 0.0437297946119402 0.0262950066629457 0.00186490035223149 0.0678249298994471 0.238331519193133
0.192013155531562 0.0497438101840954 0.203589068671008 0.0431151289032625 0.00182381584606614 0.170979873452196 0.00247605296481612 0.164047071034979 0.172212023412015
0.101555948203638 0.137498021328862 0.0925168598161071 0.179177992423964 0.0270142864081394 0.192058424062724 0.136799604758958 0.0796296415571422 0.0537492214404653
0.196221851225567 0.117763650382998 0.141667989007237 0.0767275386680731 0.0398381686643689 0.00556975210689451 0.279752883606042 0.0390799794504078 0.103378186888411
0.169833169343482 0.178080228535806 0.0482336020411441 0.00515371517398608 0.136061321853881 0.135112900834367 0.214641359760232 0.0303738195430294 0.0825098829140723
0.162144916919018 0.0434298674541365 0.157850374814338 0.0892174473835103 0.0714526757682992 0.0869742839880288 0.185513920897313 0.0618659508313735 0.141550561943983
0.148671055298261 0.139701466286774 0.0939228742559366 0.0212196078017315 0.277103757751755 0.0863124689261206 0.0766465761884842 0.00827784803529428 0.148144345455643
0.0898744435801275 0.00662019919433845 0.138493325811885 0.191968353532289 0.232316420625401 0.0453451643981614 0.00763090192478024 0.0952905531864044 0.192460637746613
0.0955400114144778 0.0363103596673782 0.180539871050962 0.0834285273035028 0.0225251290783935 0.165240141571338 0.0761102748072686 0.235995669013814 0.104310016092865
0.0517024971163684 0.0186810329614312 0.176746576490084 0.00793508370884151 0.231994468955662 0.00295186825333419 0.0341091369645113 0.272748752791772 0.203130582757996
0.0333428070175295 0.119469999984029 0.0390344877141657 0.100916769442082 0.184784504840413 0.195001850092031 0.116375346166368 0.203678839180262 0.00739539556312009
0.0609563618945781 0.186018338058231 0.0805183171899061 0.0308811234409275 0.102700642900254 0.052264872320445 0.0342555861392916 0.202004788160595 0.250399969895772
0.0429919111236858 0.0932349386668544 0.0882127970684427 0.131422415825965 0.162507344436559 0.173462420549904 0.154032045680884 0.110260607306641 0.0438755193410644
0.136182323550101 0.0603197459724694 0.0736323374257531 0.0975155047058211 0.190204396717467 0.00288695589661439 0.0570710912615739 0.197033202937655 0.185154441532545
0.07020074265025 0.168004751585017 0.0226638555932825 0.0582607986329781 0.202767809482787 0.16120831829716 0.0361457411796785 0.144093454614422 0.136654527964424
0.0195483512934817 0.0706048541994523 0.131852198749903 0.0719859715299691 0.1278354935687 0.206651477550256 0.314521369094181 0.0361176224394452 0.0208826615746111
0.0518843778394987 0.137518003930504 0.152038354693973 0.145579574805411 0.0848714612219145 0.104079404186746 0.137574161234275 0.159689437199825 0.0267652248878531
0.122948785794602 0.157052067783215 0.0619687657503741 0.107061129464356 0.130377428761683 0.153414882049132 0.135618779188047 0.0927579699043894 0.0388001913042017
0.145043212565546 0.0815910561391818 0.0200028336040877 0.133600851379457 0.15184592440432 0.199954457096735 0.0242033761465305 0.0581418302979626 0.18561645836618
0.141251994521986 0.0727499696242764 0.110614886518157 0.117004590042356 0.10767897194525 0.164934145329442 0.026443789411334 0.125132003423031 0.134189649184167
0.203397086401789 0.0288195662624458 0.0844967237450085 0.0472061221307151 0.109269432401945 0.202973816355427 0.00742325571602016 0.232686511932144 0.0837274850545054
0.0584530905957566 0.069729410633451 0.183384116378601 0.129583125687438 0.178691216860579 0.173450947350216 0.112722024097081 0.0892238448595968 0.00476222353728026
0.142440260998155 0.177026591673315 0.0822868605703162 0.0714625171676829 0.0438621477143996 0.151979056427598 0.165548364877925 0.0327717451046895 0.132622455465918
0.166069915658731 0.0452506342220363 0.081431085373832 0.172805259968172 0.168086801091514 0.13511217930963 0.0664073542484287 0.0478688515264787 0.116967918601177
0.177879535030937 0.151714498195883 0.171549598373184 0.0535514233701899 0.103310438516686 0.0367087159517016 0.0600989006513788 0.0874040623528864 0.157782827557153
0.137421665166297 0.201449160282546 0.0832132192244516 0.140294128361116 0.107104691668931 0.147330615045366 0.00502986500935157 0.153094888787333 0.0250617664546085
0.0347728479396242 0.201657462211897 0.0392848268389147 0.248199513555156 0.271292890060316 0.0206378124806117 0.0967091765222979 0.0676102045112471 0.0198352658799353
0.0258779545742706 0.0720579718050628 0.202436143006703 0.0884941035857166 0.20939215314827 0.0215123038792613 0.209026793514764 0.156325032712199 0.0148775437737522
0.0904092493264982 0.114874523418026 0.108719568758586 0.1518221975338 0.154828761992868 0.175904071875581 0.0371386820791294 0.0826023416550266 0.0837006033604851
0.0968499682979256 0.143065071024523 0.116345436529991 0.144823763719984 0.0633522720459819 0.138314024157645 0.134722672607074 0.105060165516761 0.0574666261001152
0.149092366752166 0.109347714455776 0.158135252434282 0.106097305346146 0.00640454063462985 0.142722772102748 0.128516584569326 0.110720963803805 0.0889624999011206
0.00249865443172278 0.16672079132211 0.0565859649184 0.0789006734493989 0.168443544770376 0.194261154734853 0.0762623140178068 0.177615619147185 0.078711283208147
0.137959092472981 0.092972610769936 0.0331890387215231 0.17662143186646 0.194987541716252 0.117282341361695 0.134865496890116 0.0888997377006219 0.0232227085004154
0.0766486630916224 0.0104585995968604 0.120662801974419 0.146258617899831 0.166642237884815 0.16246584712188 0.16208655792878 0.0046339844659619 0.15014269003583
0.167910531350394 0.0783438673344219 0.10758679656953 0.146513902324207 0.125651653990845 0.155168087795036 0.0475981478171067 0.153650110751624 0.0175769020668354
0.00266649323100829 0.0943884439070291 0.142347496288991 0.130645125241174 0.180934733373098 0.0774795901626244 0.122488392940379 0.118761314225945 0.130288410629751
0.106580905165351 0.120942109294673 0.121455589655307 0.060486604131838 0.181605864269144 0.070660332455183 0.139443040132894 0.0171943279585659 0.181631226937043
0.0253972374634563 0.0485558720111523 0.137776747321806 0.179604295141395 0.0969469534414673 0.178157419386256 0.0896511729042948 0.0767903170485648 0.167119985281609
0.0810600383858622 0.224500506703466 0.0850445987394905 0.0707818545667003 0.169316525649352 0.196652573244715 0.0803965945599011 0.0702711692308021 0.0219761389197101
0.00553715222970072 0.33319458768198 0.0965000889254216 0.0679594286289523 0.0544796253323464 0.250908044605773 0.0672571781319208 0.0114625779009467 0.112701316562959
0.0751326841227648 0.177016815602292 0.00908810287020623 0.161328192354024 0.0446608465485258 0.190486056034233 0.118270893140138 0.102078224054368 0.121938185273447
0.160017195637616 0.197638169817251 0.141407556180249 0.19659974754112 0.0939494097878338 0.0117302372209756 0.0463715347880598 0.0589132350788988 0.0933729139479959
0.161401228885734 0.0935867130571119 0.0688340571430056 0.0750749046756252 0.102863148742613 0.170555631372721 0.00754531956770022 0.150644202343888 0.169494794211601
0.0388794441750689 0.166410803358164 0.0811897674912442 0.130090931959841 0.0572266902179516 0.170099428441869 0.082375907388099 0.103954695989053 0.16977233097871
0.00391387604835305 0.0208338141178881 0.0691892181887065 0.205167010125157 0.103618381904858 0.0984763793258074 0.0856723306261544 0.174418441330917 0.238710548332158
0.143439543462292 0.117513489865531 0.149902268949051 0.075402690135265 0.167084155012947 0.000477616759985641 0.17254063786048 0.104262110920693 0.0693774870337561
0.117883295449769 0.177491875811105 0.103048069577102 0.169912603027347 0.0484155383836796 0.178919585231628 0.0738225415146496 0.0905427715971099 0.0399637194076092
0.216459890347516 0.122388446247542 0.104725528967093 0.149517706922864 0.0491763449786427 0.103351204253704 0.0036365826053634 0.0449108603673872 0.205833435309888
0.182774279295775 0.0957013564094914 0.150766210195152 0.188673320311683 0.0957677708554339 0.0753903538256985 0.0169108722515914 0.136501952597967 0.0575138842572072
0.258103785075073 0.128204516638353 0.0716393515487479 0.0131448011534865 0.0419701198971817 0.0682689076986392 0.140456756825517 0.170845535507571 0.10736622565543
0.0723399661824962 0.193150641180533 0.123234741922128 0.086902403598669 0.0650958518897178 0.116791610254354 0.0733248918899681 0.154134740754657 0.115025152327477
0.133436542361328 0.147969002612737 0.143333320835295 0.115658931817652 0.0978101146990355 0.113699265671391 0.015782259203506 0.179926784026225 0.0523837787728305
0.102805984869921 0.172811989447194 0.00534163198170631 0.122773764302245 0.0353667769566662 0.143699683647676 0.188054333345576 0.0350116722367149 0.1941341632123
0.0201024356702381 0.209112144401658 0.187441948874023 0.0339532231045465 0.138380463161177 0.164287099892979 0.137661400529445 0.0807067345214769 0.0283545498444561
0.205073931321871 0.0380020952293453 0.120815082482316 0.220233704069715 0.0584188005376178 0.0110391453425789 0.0699989688813141 0.136353303926826 0.140064968208416
0.0478866188934329 0.043325527869036 0.190545238498016 0.216719991245901 0.190037592553219 0.083520440535146 0.0531370271606642 0.048834877985381 0.125992685259204
0.0326106303642791 0.0725374239771458 0.12923491421565 0.161304657065964 0.254371997167938 0.0617763527689556 0.0735813895726573 0.0270398716518231 0.187542763215586
0.0849006571478237 0.14183918637447 0.239587785404668 0.11494912517169 0.1137803003749 0.081721959032483 0.140153144978593 0.0396571654319817 0.0434106760833899
0.00724689087615068 0.0731394666496349 0.0185352648137108 0.186231056097794 0.0767520304491745 0.071826553074973 0.225311887090205 0.272786277477538 0.0681705734708189
0.0245499884798511 0.0902325983848865 0.119986714178416 0.12909370233463 0.130295857901647 0.156496963935189 0.248287921014615 0.012454784268337 0.0886014695024286
0.067582505236282 0.103185600681266 0.0943757737204417 0.0837750778556567 0.161319982026329 0.143135064042733 0.107011874142845 0.165899529940233 0.0737145923542136
0.13306596873625 0.0177921391447507 0.16423668466347 0.147130263136735 0.117830258434798 0.0115345906005576 0.133093096942088 0.160087329665117 0.115229668676234
0.0134158001483765 0.0657401784802475 0.15960928780039 0.0895203529445259 0.233302652266839 0.0620431356496063 0.158735657093531 0.106534389796717 0.111098545819766
0.140588096957596 0.127283875293209 0.15289831751578 0.0059789714496444 0.0189363681466885 0.0719333472924382 0.154659001576838 0.190025104849979 0.137696916917826
0.178624350163456 0.10426453712306 0.14518211910875 0.191334820614759 0.0824537702956632 0.00920071823789091 0.0224467050168208 0.156572711205524 0.109920268234076
0.10168129089239 0.126045914197659 0.201664774412509 0.00221547295302501 0.0668687797905719 0.124495017377224 0.0380824893277984 0.210461556279847 0.128484704768976
0.0485479935294522 0.131200914318218 0.122597229812277 0.115242882352966 0.0789645528021839 0.133788152381615 0.132151584487559 0.140613983368545 0.096892706947185
0.131240644346516 0.130621691524931 0.13451893343947 0.0926705131151637 0.133487084058362 0.179834742867154 0.0364487702448778 0.00263346969819264 0.158544150705333
0.164477348528157 0.105191736998418 0.0787252280256137 0.101739483893025 0.168852707495457 0.0103652887116881 0.107774943583389 0.174498090220889 0.0883751725433631
0.0284888613292182 0.00354934874376823 0.0511959477533853 0.00704633244352026 0.162832524406465 0.249061779567111 0.0755587892881293 0.219918816233944 0.202347600234459
0.0764771861824707 0.0633052846786211 0.183742350973797 0.1237894777907 0.0753163994428395 0.148530080034818 0.12281965651349 0.188549291111725 0.0174702732715393
0.216098819331154 0.04546341720753 0.236941327468071 0.0294356861230207 0.00237014449123246 0.325115315730518 0.0842868370887819 0.0160363028427777 0.0442521497169139
0.0657560338472702 0.0771149373733446 0.134554323887514 0.142782360270722 0.130636576145188 0.118150369232763 0.115453201395246 0.134230840151391 0.0813213576965614
0.174634484461328 0.00253724178553412 0.0327986828787359 0.187733434889476 0.26044097291399 0.00863895375463106 0.0456812450789972 0.192708830660231 0.0948261535770762
0.13645471607397 0.0290508542862787 0.1039417539576 0.161868906333892 0.135017170966875 0.0508919701147751 0.183712384175224 0.0167065293654371 0.182355714725947
0.0660993769998583 0.114342246259623 0.120732517195534 0.117223426369706 0.147617099574738 0.157336162552337 0.126901337456084 0.142903235139674 0.00684459845244705
0.158836047970801 0.101254618359283 0.0305257314875705 0.112825813436016 0.1130416970036 0.147636190679222 0.0818732393040209 0.110087525903686 0.143919135855801
0.002210647739917 0.312742818583574 0.166588290478245 0.140642822226735 0.0086183405122128 0.00670171180664745 0.0245377729199284 0.178455141312064 0.159502454420676
0.0998994682187013 0.0873695275937576 0.167199912906093 0.0703825420713568 0.115553027169804 0.0826468496916421 0.18643662555486 0.150719605318609 0.039792441475176
0.068574947793955 0.129138258448242 0.072037649180042 0.0913078310761877 0.0782453417987531 0.11401857023403 0.190729552135921 0.0719211157192654 0.184026733613604
0.0581314004999991 0.142721232302486 0.0527339865492172 0.0212012107956493 0.169909625342535 0.172600059304249 0.154352194495738 0.144130059166203 0.0842202315439222
0.0305599893435181 0.122748777455244 0.107254097395949 0.211973662320369 0.0409032656757401 0.160834279624693 0.117386793469247 0.17088911745353 0.0374500172617105
0.139920910719851 0.134345017799949 0.113259166130788 0.13546468269729 0.244733996601622 0.101013134325078 0.0516747080434837 0.0211991981902125 0.0583891854917246
0.132797005208996 0.0257925551351952 0.156900693098729 0.118210318182785 0.0304600531563526 0.0999213179642033 0.0932870988439332 0.21695359090723 0.125677367502575
0.152786683871315 0.200353803277969 0.106819126148685 0.15734966531596 0.0543450803564094 0.138380071411667 0.0701688342303882 0.0496899040468284 0.0701068313407775
0.17862394138564 0.0935228143154676 0.19590306186295 0.0932712681926013 0.16678384160415 0.171832474361706 0.0603732142145577 0.0371451432415845 0.00254424082134308
0.05275902716745 0.0910979869295534 0.0301740191003161 0.0460148247850566 0.109600700463161 0.261038368042653 0.168887402403652 0.0231340493230913 0.217293621785067
0.149263470011848 0.308169072892879 0.069899764046187 0.0874510149287219 0.0702944829393999 0.0331486443453872 0.0593853780326663 0.0969563523248226 0.125431820478088
0.14705997287249 0.151089967468008 0.0555832619582618 0.153262404590724 0.143599290189918 0.178338275565768 0.052728902831045 0.107956868917544 0.0103810556062401
0.0562668181139708 0.0201112129721557 0.101473844615485 0.177476414428816 0.227330310295467 0.236401908785337 0.113473747194914 0.0658452670009578 0.00162047659289711
0.1063698457103 0.0535818223529175 0.139015258753995 0.0911713757841637 0.0649682201167027 0.23229232451707 0.0571825691303261 0.0426986570966569 0.212719926537868
0.166200984302695 0.0296560532980902 0.0721848364395427 0.0517396864377214 0.175164372428129 0.137281752878561 0.0957823062564617 0.0687966275877817 0.203193380371018
0.174068027241446 0.0583679791007473 0.17025201813298 0.109277916492296 0.0656616894427095 0.112918592135047 0.11378132845982 0.103462655900128 0.0922097930948259
0.0308422289007078 0.050254795103005 0.204544453167923 0.11347790915609 0.0262197014687907 0.224120671988011 0.195483668983145 0.0986319259858625 0.056424645246465
0.0184144657369937 0.0337876550470193 0.234127270907964 0.0443057684810039 0.00310210909215333 0.234191316550326 0.152127097442104 0.0696760452087196 0.210268271533717
0.0887139833154251 0.0884204297176165 0.111832045031188 0.268164133406702 0.0771078190033428 0.0720482348736474 0.0818856014035332 0.0703509752204262 0.141476778028119
0.195854158480358 0.00875799001728617 0.183055532615125 0.156254208560685 0.0547536652519009 0.143799990668543 0.095906149142758 0.14961411122503 0.0120041940383139
0.0892425292116743 0.201760851471284 0.191129095891083 0.215189226018884 0.0051984482230757 0.115224266157841 0.0558039948064399 0.0437600678772676 0.0826915203424504
0.0995888558687504 0.21372923311612 0.228701875183209 0.0129567801943072 0.120178275195244 0.0955359680405061 0.000445005176153617 0.15847508332157 0.0703889239041395
0.167467090069101 0.0893630491203524 0.0360025697553969 0.194161310486745 0.0127406859785395 0.0932135253896381 0.224791650642508 0.152752699461458 0.0295074190962609
0.0784458754438828 0.0923530449726214 0.174606351095509 0.203901740497947 0.0908716821072468 0.139007491398406 0.15376747782868 0.0216454032748162 0.0454009333808912
0.112646432453979 0.0343604260628309 0.129944328025937 0.212440660913756 0.137491287281447 0.0815188203391417 0.10249548699636 0.138018079809614 0.051084478116934
0.107010779367081 0.0359537853016522 0.161876534423469 0.0703539000077789 0.145212614530862 0.249908904935847 0.187899208494944 0.0167269952106456 0.0250572777277193
0.139168373290866 0.130741566211861 0.131656896952017 0.110207093517197 0.139121463609477 0.109547349092032 0.0384164406794183 0.132061168978511 0.0690796476686203
0.152886576943371 0.136444919254362 0.01715409292359 0.0305385572425158 0.0187779313132117 0.248936009848142 0.104615349691553 0.271535368436897 0.0191111943463583
0.0589649125005189 0.15847504365414 0.167561866419373 0.00607636983716768 0.0581044470398889 0.129509594552426 0.119607364117325 0.212216373750031 0.0894840281291301
0.163784833878537 0.00752270673577195 0.19713763406617 0.165182163471654 0.101921192926622 0.000831139983699872 0.00473485554077635 0.17043300439116 0.188452469005609
0.148114875089105 0.156747005665525 0.129958586310864 0.153150029923332 0.177902274666143 0.0295941825141976 0.0225905721175194 0.00927215006866355 0.172670323644651
0.0630279161328668 0.183436344332077 0.0414038173173262 0.0504380735110996 0.165215897826351 0.161579983921228 0.136795770751516 0.0918526866628311 0.106249509544704
0.196547467310792 0.0903738032392695 0.131477971331769 0.161403170279806 0.117254469585519 0.0637802544438152 0.0651353752067046 0.0931576941173054 0.0808697944850208
0.0550567370832908 0.0858920752936203 0.159443385676627 0.00737068724579834 0.175951426696007 0.0892630578205079 0.225697630476308 0.0692302726049625 0.132094727102878
0.104427861895124 0.0788754060572419 0.0478651837866359 0.167989938641459 0.131349258972344 0.175950757545641 0.15534561000845 0.0434963173218635 0.094699665771242
0.0483143337207678 0.0853609261008001 0.0678792456871374 0.15954427260743 0.271834464481751 0.142315246732803 0.114971570445154 0.0967873438978423 0.0129925963263148
0.212759961626104 0.160089953622226 0.116896804603202 0.0245578932964679 0.17306302834043 0.110486681291662 0.0646172971219534 0.110071795614794 0.0274565844831605
0.127598830255125 0.171839789643121 0.0269438223742086 0.160558460111145 0.0956545508361944 0.124719567975011 0.0136343953008106 0.129767703252951 0.149282880251433
0.126953795779107 0.166170374119686 0.120980318405544 0.0375105730721924 0.130649332610895 0.108097871620016 0.00124902408986018 0.130721815265994 0.177666895036705
0.19502780466582 0.109113528717732 0.198923420731295 0.08622720088877 0.0504010893116831 0.141082847595778 0.0715105596014782 0.144313854271019 0.00339969421642474
0.0759912002523196 0.161864652588525 0.133065196030046 0.177216841476349 0.0929829225527146 0.125063527884971 0.109631325111787 0.0959582135282109 0.0282261205750765
0.212805946324814 0.048791516644948 0.270603346376371 0.0583693555264093 0.123999611504375 0.0325127310298872 0.0588480410308738 0.0470893193446038 0.146980132217717
0.137706820045765 0.0858067784975014 0.0313107014335978 0.0650613056258082 0.163881441035661 0.187744785508008 0.0077104151968858 0.19898559996974 0.121792152687033
0.0453625166844968 0.0901724032503405 0.0171605882350127 0.212717961055831 0.0504069015117446 0.0979046359614917 0.14699276264886 0.0742775209306591 0.265004709721564
0.00961755817659121 0.0332328219974119 0.178104767208659 0.119603553594106 0.123521419364023 0.164107778163817 0.132417518945291 0.222624460489366 0.0167701220607345
0.158462041187526 0.00165280852872674 0.169114138436234 0.125466953587305 0.104305535183814 0.171976555716942 0.0679250100813452 0.057767836439888 0.143329120838218
0.0438848863975624 0.0205374966314099 0.132678738970024 0.111300983534475 0.0503152890348367 0.173991113331725 0.176610263943422 0.132639547371973 0.158041680784572
0.12354167510033 0.0698949703392252 0.130760171159305 0.192493065040026 0.0511068978734036 0.129729774883174 0.146317388686926 0.113476964529187 0.0426790923884236
0.149238996627972 0.0822861469698667 0.185085752773995 0.0299421173153661 0.125066444035227 0.148922251879828 0.0235126491897525 0.0617600339026594 0.194185607305334
0.00475314759215965 0.011232654273584 0.137156878698306 0.177297242973461 0.188641606919149 0.0730393913511034 0.129334957260964 0.183200108691172 0.0953440122401002
0.0841796498559018 0.0873205496675436 0.224961632973974 0.187377197622215 0.00254532582696191 0.296526711622136 0.00434291557379471 0.0766082911566366 0.0361377257008361
0.105467185869974 0.146718338908319 0.0185866854310089 0.174887635372626 0.052574494219995 0.175037910394334 0.0823663566528151 0.0110585649334514 0.233302828217477
0.180273468197042 0.0342859096196391 0.00776086356390901 0.161306246669934 0.000482810318430012 0.188719591988822 0.140209947343048 0.110185509271448 0.176775653027728
0.146153092452951 0.244734180352113 0.131055121076663 0.0310633492441032 0.0680228688925341 0.179905133302203 0.0388577886927867 0.077853375057268 0.0823550909293783
0.00910317712894184 0.124878574651565 0.186649427916846 0.0717643872825074 0.0709886878870702 0.0575934587795735 0.195683793981288 0.179216027504208 0.104122464868
0.0602904983518991 0.00817423754799219 0.124341569098128 0.0878266043880662 0.151985285180397 0.15759508043955 0.132724012311549 0.113435488756466 0.163627223925952
0.139092820340847 0.0234718330568274 0.0252768253459107 0.0265930941341012 0.162363338261691 0.0986231145482202 0.184623999238064 0.165929465071643 0.174025510002696
0.0753115012636598 0.200157327362387 0.101629811991983 0.104188094043729 0.0160844586492357 0.215278292939364 0.127150018129177 0.0594164425516391 0.100784053068825
0.0895925320857159 0.118546873383596 0.075678596511139 0.0825452861380641 0.159136013239124 0.163686840447367 0.114415731315283 0.176138465939884 0.0202596609398283
0.17182534785019 0.0948741066719386 0.00315671892384997 0.123875108378408 0.131667227154785 0.119499999624709 0.187343357027386 0.00688030308722534 0.160877831281508
0.000846104803724768 0.217829238017385 0.0683521102765971 0.0315600121615802 0.105199733346439 0.119937254964272 0.0626066719444952 0.162899980759298 0.230768893726209
0.054008631684433 0.00940519352661561 0.273031085902512 0.0189660886731139 0.115836866744249 0.222965223261308 0.00915141299892847 0.200273838441607 0.0963616587672328
0.130786452569845 0.116814053489084 0.0440688041415814 0.169853370541303 0.0350426569011015 0.199792891721697 0.103076991929754 0.117227473026898 0.0833373056787353
0.157911892788186 0.0360134683538181 0.0347872515073168 0.199368679338534 0.0704234415724906 0.0498745793509471 0.0738253289349866 0.172602287808531 0.205193070345189
0.10214970851193 0.0224230425160288 0.313753644015158 0.150613195350236 0.0227831056118827 0.282705382198456 0.00529806944526468 0.0617988645676502 0.0384749877833932
0.193367621524278 0.053819814145163 0.0718008018390867 0.064482193157294 0.040829823833877 0.141886564118528 0.126958393414001 0.226268197522708 0.0805865904450642
0.274151683860795 0.104918061968899 0.231558063490354 0.036042191916103 0.086163525820214 0.0320674421969462 0.09174163808625 0.0453890288242934 0.0979683638361457
0.164354439792583 0.152340605319327 0.0981450846128358 0.153943001014052 0.156822312434499 0.075429963479595 0.0605097674793224 0.0512521497202338 0.0872026761475521
0.0768213599165595 0.163696200796601 0.0467328406498414 0.128283995040559 0.183879121771796 0.0911169095189586 0.060964652836945 0.138922966897401 0.109581952571339
0.0898173401695165 0.162730884965522 0.109646527126876 0.0546672301564036 0.166809024820487 0.132799962378275 0.116921652038047 0.0291770376047741 0.137430340740098
0.0884794757978644 0.136135007346527 0.109932528115569 0.121735205690224 0.1579098866193 0.0480188556123553 0.177667964276623 0.0633571123711938 0.0967639641703433
0.0891501194241884 0.170159009569297 0.0797156814305375 0.101144272672073 0.0571422028984819 0.0886222524539777 0.156082825661237 0.179970329488989 0.0780133064012182
0.201913190384682 0.160780323958435 0.0338325145327052 0.214333478229791 0.0366021056662163 0.184735677641739 0.000682802409560158 0.039927280760964 0.127192626415908
0.173743220654012 0.191024381486318 0.190660263416977 0.0763703931262391 0.0228105833439658 0.17731362313239 0.0139999679445916 0.072113204017461 0.0819643628780455
0.120220199083058 0.139233045862583 0.181759056398221 0.00585968599988357 0.131577200212737 0.0660615139474258 0.166682522700625 0.108637096001891 0.0799696797935759
0.152545945734694 0.00913310184210736 0.103513201292663 0.133480533619137 0.20309471101022 0.101771876458646 0.0642865478508731 0.107868809246643 0.124305272945015
0.00538417449606847 0.0600615705616293 0.219641137824056 0.0844708994790957 0.15164587857615 0.104702400814249 0.137452910735154 0.0503700041123005 0.186271023401298
0.0436948937684612 0.117748172098438 0.123625324107093 0.173179748247662 0.166820140310819 0.123005930780167 0.00625340557633955 0.0976791712012114 0.147993213909809
0.0778385852755244 0.203196086005604 0.102692461914155 0.0909714892746061 0.219386571094333 0.0496122548950077 0.0153605893887639 0.188564712978958 0.0523772491730487
0.016364234280511 0.127856019771013 0.191305919695179 0.212077428500533 0.0165109871160936 0.0376706143001623 0.206968092174235 0.0495822559491322 0.141664448213142
0.109758872156941 0.0158839949316995 0.0888266652892212 0.218752990438359 0.0698434521905027 0.181654344352698 0.0757036752904498 0.226275497384095 0.0133005079660341
0.165636174366426 0.0483794347034881 0.0337805574454452 0.0571687302760017 0.0531161656106551 0.188499675549447 0.116725517678567 0.177702560594705 0.158991183775265
0.065863587583324 0.153948104966971 0.18960507616672 0.150570800157406 0.1633360284253 0.0180294774148194 0.0717358163127429 0.124499519913706 0.0624115890590115
0.161845597669244 0.130465471580369 0.122144263690149 0.217474553941571 0.165758232540777 0.0100552457014649 0.0524765958414065 0.00197946295300151 0.137800576082019
0.108912816610313 0.0654925086701574 0.09901895548914 0.268026510250078 0.0604802299264735 0.0931801335511181 0.221643936664699 0.0714200952329208 0.0118248136050995
0.135198559099732 0.125072188416739 0.00415865288660017 0.213917692410047 0.214374631008807 0.0142595779662957 0.137093378448425 0.147008889345457 0.00891643041789719
0.0700169777551509 0.0594923657087688 0.233422467874786 0.12970354703445 0.0807028478827799 0.103886691317706 0.0225556796035452 0.113484750329324 0.186734672493489
0.0338657529616193 0.19895392567957 0.0647184742315295 0.101059642147184 0.0244550577723513 0.174390351890534 0.196555740636614 0.12573382780845 0.0802672268721475
0.111713350107916 0.168446672233629 0.150758410399056 0.00742652580040307 0.209912343398073 0.0445718826223599 0.153605003877426 0.15121872007149 0.00234709148964725
0.17223295545307 0.0548546037153711 0.210943715544712 0.183059759418368 0.171686231977514 0.0544868240221631 0.0150748294558074 0.085990932914015 0.0516701474989791
0.17400558060055 0.0477055997228256 0.0426271813618303 0.00788372121713923 0.116001794043054 0.119165748398877 0.189769137480466 0.224779556375257 0.078061680800002
0.0959728336747295 0.0931451403402295 0.100339169681531 0.0644639383289069 0.157076220891194 0.170423242507421 0.0977399589944676 0.0805066083374951 0.140332887244026
0.00216723223511211 0.194935243448327 0.149763336497684 0.166033768952508 0.200106060219588 0.108542343019045 0.00488740794771705 0.0609643066820512 0.112600300997968
0.166574272176612 0.0887948689204279 0.147722592594963 0.021326831579524 0.160540498203571 0.116616005755825 0.0873458411214979 0.116864566532179 0.0942145231153993
0.169610630819776 0.0152238927891945 0.11669665638634 0.0500524932441259 0.209617095132026 0.0602108046512587 0.204520013505198 0.0328087937499469 0.141259619722135
0.246319918098878 0.00980049536916155 0.00953816558181517 0.0387890158976673 0.271134691480986 0.204294543555274 0.00603684506453801 0.0429819386685964 0.171104386283084
0.168587861736923 0.0950769620590964 0.0708805740992346 0.133073876717294 0.0538431222290386 0.0948612298678356 0.116083700402434 0.138945429872563 0.128647243015581
0.000861287520176313 0.168780374493622 0.11886854829038 0.174986925726537 0.0112977011639935 0.180472760355356 0.144063830423851 0.0859849061015907 0.114683665924493
0.0233058652869583 0.0062428253264095 0.0424857536959529 0.342464191615972 0.00525165636635355 0.160921234204066 0.00619963044884152 0.238157565116599 0.174971277938848
0.0542152139840289 0.194237143210718 0.0276544113787626 0.160190841874532 0.0295066724981383 0.211064050959994 0.0451675110814165 0.0922345060559654 0.185729648956444
0.1070497832519 0.16810783500365 0.0650109633448214 0.127687744007768 0.0444153794616054 0.196587537035256 0.0334729691840944 0.147991580961909 0.109676207748995
0.178861245862065 0.0884657454514661 0.13436029057083 0.180514667621407 0.195218444908412 0.0194305518321183 0.0637715598616885 0.108538587056867 0.0308389068351462
0.196805839315918 0.00194085338012442 0.0570921259893724 0.194058499470735 0.155708503097527 0.0650765523776188 0.178092491662998 0.048647561762098 0.102577572943608
0.107981590961585 0.148699438975264 0.0676979054629711 0.151357215173605 0.106903295363813 0.0938085416983971 0.152659517135469 0.12748332510004 0.0434091701288562
0.151701748736838 0.040222706657608 0.168299140068542 0.178452620963384 0.0807326251867419 0.0259768504537007 0.104403808692665 0.121235799491817 0.128974699748703
0.118988030756914 0.139970069363454 0.103880355648189 0.104460363729059 0.15741225827237 0.0868334029563304 0.139045276485317 0.14209713371846 0.00731310906990652
0.119409366627228 0.113597235384578 0.148086096224359 0.00500287055341919 0.16937574673114 0.164451819487571 0.122743900572793 0.108282228318763 0.0490507361001488
0.154360792516292 0.0722160634640434 0.0756248915698353 0.125039757864798 0.0549583443770349 0.149017298890228 0.167166990437088 0.13469022851426 0.06692563236642
0.114424797922396 0.127942375611202 0.0997922908226348 0.110425426927053 0.0989708597067469 0.111980669069942 0.165078943587364 0.0623031238906185 0.109081512462043
0.150762313274857 0.150389924819361 0.00879967397812053 0.086885006097158 0.121414229269698 0.254329478527155 0.0258601458117001 0.142398620183744 0.0591606080382058
0.0899963036951381 0.105257822106564 0.191119721956112 0.141034335735802 0.0147166406095676 0.130554625469382 0.0332005803327631 0.204253028163902 0.0898669419307706
0.0925889356861322 0.0618027636687471 0.197659001572749 0.0461607063716632 0.203456067567778 0.00849183474612397 0.156779885385262 0.120373278949487 0.112687526052058
0.219084398447493 0.100314857044737 0.0161439692436238 0.101740582997951 0.210338963183166 0.199690233714006 0.0312035010484005 0.116923560604801 0.00455993371582204
0.208516342014466 0.0536808901930058 0.203604770783296 0.066720998376801 0.222862923466752 0.0547431389616362 0.0280948507743428 0.0155021594000753 0.146273926029624
0.193982328373386 0.123378868505982 0.11732857631205 0.171642195333234 0.182677609533634 0.0579384994183174 0.0528104500151253 0.007647564704454 0.0925939078038184
0.0482606345454421 0.180066223498176 0.00848663275855216 0.247330473645279 0.242120363504455 0.00911834381544966 0.189123717588613 0.0169393657531937 0.0585542448908378
0.0313035641770732 0.0436425537975546 0.201572016649021 0.155410815602688 0.00651805183086846 0.17763615799117 0.199635583391856 0.147695075005946 0.036586181553823
0.12143670552787 0.0382207164199672 0.299839751513355 0.217779994255384 0.0163418862884235 0.0973351274437097 0.182810592059446 0.0162055117076943 0.0100297147841499
0.16750221614632 0.137547723778928 0.106594009163639 0.163491310244078 0.0813663528392576 0.0141010945702771 0.21896929256863 0.00897369554324412 0.101454305145626
0.143884725170544 0.1456882567653 0.152583973865729 0.0941939162684608 0.0258931763813638 0.134384418136827 0.148053261848295 0.141826119618206 0.0134921519452739
0.12692341449934 0.120164042751504 0.0167468851119153 0.066926718198027 0.136346808595871 0.0167489136959842 0.129085138973456 0.238921470564188 0.148136607609714
0.0538710055545305 0.010097140835661 0.168086113673816 0.0611216439374177 0.00130556214011669 0.203788461592299 0.168416882260497 0.172879015429251 0.160434174576411
0.076077107008528 0.102221190004841 0.183376758717707 0.0607583084621747 0.00976581122982389 0.196670173844909 0.0235855183126493 0.183370724789222 0.164174407630146
0.0734984329148027 0.0385960789321738 0.0481979853706165 0.200107867768506 0.00866213812932812 0.202446837611374 0.322620438669328 0.0920355396395811 0.0138346809642901
0.134422493210781 0.184319022664185 0.017147315948469 0.119303123085885 0.118599661903284 0.138808388868284 0.0277382587090629 0.142138588613785 0.117523146996263
0.112662025757661 0.146870598780559 0.154167948227591 0.0659655921925117 0.104477049501163 0.0669944005207044 0.160133025606553 0.145862981377368 0.0428663780358889
0.180606705777789 0.0424147674695983 0.179674607601755 0.0259449219055204 0.10618279392642 0.18097492676226 0.214514377127288 0.0154555804626774 0.0542313189666916
0.0432414020711422 0.146206941586138 0.0890940307595702 0.133573783778872 0.13194578151596 0.0608505718503983 0.108065676368982 0.162342087193805 0.124679724875133
0.240853823769943 0.115280913323258 0.0836354863742437 0.0451998349470665 0.0135542824625681 0.180296745091704 0.155581477617401 0.164939491002389 0.000657945411426093
0.0998046296824686 0.227418076616555 0.142971698395483 0.198375576284979 0.0856696507613069 0.017055327663773 0.0313813298387851 0.00846238383123029 0.188861326925419
0.180274324325835 0.00818379349829379 0.0150890176877136 0.0246553097846423 0.274434404568063 0.135779885061759 0.0540320749516029 0.131035792992592 0.176515397129499
0.116490939509551 0.158652574011337 0.0883899754549095 0.179962541338393 0.157549315996745 0.0582647829530667 0.132067592354338 0.0538497171286068 0.0547725612530542
0.044915635277272 0.0962470818733833 0.122035840154041 0.11703098949715 0.0936064276928988 0.221204735451532 0.0881541006686255 0.19787262362093 0.0189325657641678
0.110313786906154 0.162612239276468 0.0351407244987727 0.156580558259896 0.162697551708539 0.140262877394193 0.098452701081592 0.043594382768823 0.0903451781055616
0.111698952147055 0.0550473699519185 0.147943484291725 0.0621971760056058 0.142658887708673 0.155088628341773 0.120614869357887 0.078423786972501 0.126326845222863
0.165904411660683 0.141397272734712 0.0321973549883146 0.186147870743745 0.184526240733167 0.0376418806772386 0.0803882196111722 0.00253498377812324 0.169261765072844
0.102886398190207 0.0628786811812133 0.253421751154591 0.196431117178155 0.158785762271694 0.0872331357316397 0.0327581223673469 0.0591598373926388 0.0464451945325147
0.0348465811296695 0.159796539566943 0.0453793978459289 0.110265404464921 0.1577522166356 0.130051420466002 0.113216024846375 0.102269527229943 0.146422887814618
0.0836023489033719 0.156958254859684 0.0934313728470037 0.155233731469124 0.0350155714292911 0.141664574991994 0.162127558896749 0.167387479194341 0.00457910740844103
0.0978175868489292 0.117747108391093 0.00100831712422211 0.161223900945673 0.140737878393431 0.172565156102998 0.148828838257108 0.0665905135270662 0.0934807004094797
0.0040357968906624 0.00942948136116452 0.195147133238665 0.165359921904947 0.138134689276801 0.0866193324089537 0.0661077530760062 0.168957275511803 0.166208616330997
0.224609549532735 0.0249955646318582 0.156036611995818 0.0708025864063571 0.0273459528441882 0.0293980330048053 0.220925730680254 0.0202035479348284 0.225682422969156
0.0675551144237635 0.0956207679059557 0.187896347240369 0.130733439297851 0.0956288295622952 0.135438100739494 0.0236919775467433 0.129215527344524 0.134219895939005
0.042190245092766 0.00945414153181426 0.158777578742162 0.154513475338343 0.0943935902295065 0.114283108115446 0.137281031224276 0.164640114701425 0.124466715024261
0.147438030632128 0.0429735073449723 0.22743275580628 0.154070484347376 0.0423270230917689 0.0194501010019482 0.124909193626434 0.162988169479459 0.0784107346696348
0.095723380219474 0.101145683318275 0.178734692010782 0.201579235571097 0.0486359147648292 0.0300390530944454 0.169968722502265 0.0107714325356885 0.163401885983144
0.165877671316225 0.165596012692002 0.127219514736829 0.0654695093118636 0.0165215863902922 0.123027074254883 0.153340655655687 0.0589446090630729 0.124003366579146
0.0290850586573808 0.00283597708211085 0.141952629945355 0.263319505096452 0.146616945006795 0.0614619910652659 0.208482903767333 0.134713947731246 0.0115310416480609
0.00278723920022782 0.149251108576219 0.176471559765099 0.186448590593992 0.0655256624988926 0.191217834092421 0.0428702110391971 0.10055233459567 0.084875459638282
0.0975387667117668 0.0469183263493944 0.0423673703183979 0.0787823111326098 0.172002477320675 0.148855407973433 0.179548867678199 0.0402837275181799 0.193702744997344
0.190387736252257 0.0897367887564493 0.117123378900293 0.105177760760644 0.0588191962125377 0.00736240738901755 0.134764659709471 0.134070721606604 0.162557350412726
0.086249880602197 0.176643145852028 0.14552232241335 0.176345649015865 0.0841782148756411 0.0282497233246314 0.116610355041501 0.113819160555554 0.0723815483192331
0.180187842849428 0.175556204700868 0.227571462196245 0.133278472288491 0.0384421715158596 0.0555400273515689 0.0499892518683313 0.0632494662872188 0.0761851009419896
0.169325363074353 0.101235604626068 0.0556080930056137 0.0741482252480315 0.198272368110332 0.0945850454505089 0.0614144087342293 0.113063831565729 0.132347060185135
0.0229637873319607 0.241478438279634 0.0912790261261622 0.0774466191758889 0.114654513270647 0.0891610205449877 0.111742431798613 0.241472556216847 0.00980160725525919
0.0589291967674432 0.142542292766687 0.141497684511501 0.147672170892536 0.153678860797781 0.0315574210683757 0.132372662890503 0.153947640370916 0.0378020699342574
