0.217273449318215 0.235104847296658 0.252303087791732 0.134458998285456 0.102959748549554 0.0578998687583854
0.330758324463017 0.248765000736111 0.0332871579865228 0.130884883706174 0.14986895665393 0.106435676454246
0.241577486850695 0.269766392862468 0.0756207890822641 0.0931860108999598 0.0515546552616582 0.268294665042954
0.219969812412024 0.211056031453901 0.221798452485828 0.150791608261933 0.127750524813924 0.0686335705723902
0.0172187541000008 0.192105938830991 0.278186525061638 0.107984641629878 0.131293147941053 0.273210992436439
0.247718424179046 0.310956846749334 0.118580847476914 0.203432276553145 0.108204192106136 0.0111074129354243
0.15392236800919 0.223852619614182 0.102032962891642 0.218673396140403 0.066297744148304 0.235220909196279
0.34641616417961 0.0221815065490606 0.449652965051012 0.114766405122496 0.0639418957942807 0.00304106330354073
0.260489801416854 0.00814022822383477 0.011064175854069 0.218444165331304 0.271022027204153 0.230839601969786
0.165685334097162 0.251881329752001 0.228594787105713 0.0840386879938763 0.193905015056406 0.0758948459948425
0.215754659057608 0.143675742862123 0.16278982730523 0.1518743983381 0.218327720945031 0.107577651491908
0.04537614995478 0.239484290321997 0.109560517978299 0.177137321859174 0.269464804877952 0.158976915007798
0.206569880936334 0.176436274135482 0.0439675889559597 0.211207390226797 0.156947221538617 0.204871644206811
0.179618891691779 0.0497916086024214 0.294622636570212 0.257687402945289 0.0379618726945607 0.180317587495737
0.11293185970258 0.102220419470293 0.130380754809062 0.143200817286317 0.126283319319017 0.38498282941273
0.163263733537236 0.0895395130644192 0.118730644081519 0.321196187444781 0.145911302748007 0.161358619124038
0.158183825296496 0.0727173353272645 0.302079507928147 0.214667853522276 0.195660910857472 0.0566905670683446
0.288470570935106 0.082184184239895 0.157415069105501 0.0424865701262853 0.289767485401243 0.139676120191969
0.203708244704459 0.20893649103253 0.196883033090275 0.137757611580086 0.0536729319669898 0.19904168762566
0.308634234267269 0.056136682793019 0.176376981484556 0.210612359757524 0.0175248930455616 0.230714848652071
0.0457330184356925 0.31154149322306 0.216720170535243 0.337427714292466 0.0475543492820029 0.0410232542315349
0.0142803321933041 0.101584601830268 0.0898144421418248 0.285251633078676 0.21388323198493 0.295185758770997
0.223120429745423 0.220808928439878 0.0087609767021369 0.125177571864869 0.267284002115196 0.154848091132497
0.224801905984862 0.0494261433048953 0.154946965656838 0.262273032134474 0.12697251179504 0.181579441123892
0.212689716524815 0.261727892442985 0.259101127310741 0.0759147016072537 0.103447474705856 0.0871190874083495
0.187820277773014 0.262709330461342 0.242227993598181 0.0914815941704147 0.083076705270974 0.132684098726074
0.238473986630196 0.180932533379302 0.149165579795783 0.0705680113972708 0.248479244967268 0.11238064383018
0.179586880948233 0.17557669785152 0.0460798647221442 0.193622531074691 0.160116320449305 0.245017704954107
0.0454296676032943 0.0785950479550844 0.213918364832958 0.211700304640536 0.268507690041652 0.181848924926475
0.037803059698775 0.320062499286456 0.215120462219045 0.135151770274238 0.161182643447247 0.13067956507424
0.236438311591186 0.266402001274016 0.0498117572295886 0.167521805819974 0.127000191240872 0.152825932844363
0.150700277403636 0.0588275184930271 0.225477899341145 0.216724078242738 0.138116222070224 0.21015400444923
0.216429045965601 0.237550162145804 0.11416015310109 0.234404063680145 0.0627517236302166 0.134704851477144
0.146746351469594 0.0283768141674178 0.145081421612751 0.263742335241368 0.0566528116864577 0.359400265822411
0.222149557695497 0.165537392785869 0.0497550608170478 0.179466749093036 0.19803460221214 0.18505663739641
0.366958730888076 0.257099298552447 0.0519294537198517 0.236909658009173 0.0542222051990638 0.0328806536313887
0.132498585033031 0.145208351291352 0.240954393631867 0.241582804414944 0.187102919044022 0.0526529465847836
0.158668324922486 0.294688198858299 0.0182794287631795 0.370461262069311 0.126063850840721 0.0318389345460038
0.183101303499442 0.23055400276006 0.0306335916610793 0.106578477862424 0.145194305104715 0.30393831911228
0.192513284446879 0.198055161171364 0.213530583012088 0.000420945829634411 0.139336892256812 0.256143133283222
0.152345753306375 0.2301866410591 0.0965820540297242 0.224695187807515 0.154567991050112 0.141622372747174
0.278201497548821 0.0855930245511539 0.210202438278784 0.131211889600878 0.21130033562921 0.0834908143911537
0.0738477978230258 0.21877745699985 0.271596238147035 0.254484396413665 0.180920204129045 0.000373906487378764
0.00120317477167212 0.0673734689611889 0.0190273396900552 0.0153683068989181 0.346448745219164 0.550578964459002
0.270053785066507 0.206512944213671 0.0461917619818095 0.38990811154904 0.0282296274241334 0.0591037697648388
0.376484145647155 0.0591772600746726 0.0864418285063044 0.174674297889644 0.156705088490182 0.146517379392041
0.0905341100762378 0.296780148187143 0.0742387548993623 0.283507787791326 0.243801453850614 0.0111377451953161
0.0117778922831172 0.16812755651185 0.018611255490853 0.398657740655291 0.14643691749251 0.256388637566378
0.0306637704809939 0.30151386760119 0.0388137537652928 0.314575540155451 0.235813943837512 0.0786191241595602
0.147848254214502 0.0664795978214662 0.139101194816579 0.235761692086877 0.165233210058422 0.245576051002154
0.279842928095298 0.213234404178545 0.175825285961124 0.176018088622218 0.0407759957145565 0.114303297428258
0.148132906466184 0.0930990337697269 0.164423391156545 0.081771866987566 0.199062132674126 0.313510668945852
0.261575930061481 0.291522334054948 0.0507148049029134 0.0669844136821967 0.0218591948812063 0.307343322417255
0.275337528948124 0.118900682875422 0.0169457235708641 0.313600120469042 0.0299075825972412 0.245308361539308
0.211020209351523 0.0682804445652064 0.0555755346096661 0.221411129752793 0.204739480559749 0.238973201161063
0.300263656288464 0.377404415759717 0.124787376822874 0.0805102008256094 0.0139410302117296 0.103093320091605
0.152260559116485 0.118475347180592 0.115027478123416 0.305075305402064 0.157783649773698 0.151377660403746
0.14423887089875 0.238579545025742 0.0488849731242504 0.039658829083511 0.251972995849272 0.276664786018475
0.221783061644859 0.165176650775727 0.0781467291526534 0.108408936426449 0.251934160747593 0.174550461252719
0.0924955505689129 0.265258271432413 0.220090946014189 0.0778707814540048 0.269041813781042 0.0752426367494377
0.12162318124631 0.145769612776212 0.26616726804286 0.175213900611237 0.117640463174047 0.173585574149333
0.133050911672493 0.407062769863927 0.251144296090367 0.0764759649785165 0.0562800245274893 0.0759860328672066
0.0707482774835784 0.108294624214648 0.178734803200486 0.506289265154155 0.00513976842988145 0.130793261517251
0.0533712294713765 0.108956174977722 0.241027177686098 0.241482227136161 0.166657995025614 0.188505195703029
0.232846982025814 0.0957580822925782 0.262510924588978 0.019609543215543 0.26572644343049 0.123548024446597
0.245152386476151 0.17727675777909 0.137415707531492 0.202773454123668 0.186395411009885 0.0509862830797132
0.0049563987199994 0.232540072542734 0.208418057891491 0.167135281153005 0.229069917471871 0.157880272220899
0.133577759798806 0.327702175691279 0.0099746382074052 0.130084754587038 0.144789111404277 0.253871560311195
0.0410941644476711 0.0547590216374992 0.182212348154602 0.307196645875096 0.359743178405493 0.0549946414796396
0.281717555843649 0.177565349496315 0.0403627482390525 0.219000822942768 0.249371068517573 0.0319824549606433
0.064336876805531 0.263806568676744 0.0432362409668324 0.205251032599726 0.221031116076244 0.202338164874923
0.349886295340947 0.133108658457155 0.0660901870242645 0.0807729695491803 0.124073628221098 0.246068261407356
0.0195549233336545 0.256882037081855 0.120172077800422 0.0183499846107273 0.314676181421443 0.270364795751899
0.0926604310057847 0.125495176741234 0.231985975203351 0.192812571113265 0.0975712717752396 0.259474574161125
0.224291612564478 0.171673283040286 0.00557707779943511 0.202416322863023 0.245694877792458 0.15034682594032
0.218724412035704 0.175309618614043 0.114329251563113 0.230823289941346 0.138178940871622 0.122634486974172
0.266250795539078 0.0970546841341285 0.115462233379729 0.28473523781713 0.0695525551558143 0.16694449397412
0.0597615381991599 0.333505028285128 0.301923270235565 0.0310505682487465 0.155849039343125 0.117910555688276
0.191029592602148 0.00349756082851385 0.306921464351746 0.346462130456409 0.024749687410235 0.127339564350948
0.234502987657866 0.0931677682256796 0.266731017263116 0.197369696343066 0.140592335377848 0.0676361951324243
0.101186889032688 0.0312892704857515 0.0613385015002607 0.258745427783044 0.266783426816984 0.280656484381272
0.186878064897741 0.180114307514464 0.212081249636881 0.0805877849542301 0.167641516481195 0.172697076515488
0.0357507481621813 0.122268830701324 0.247101694471205 0.247747726005967 0.24907941497557 0.098051585683752
0.108050865070227 0.10982133493582 0.379445865279107 0.136391155253456 0.182986082673697 0.0833046967876936
0.213610976776292 0.243106213691944 0.159897398028896 0.0196678371093783 0.077727759439426 0.285989814954063
0.00750582762436422 0.094726357555233 0.243917732303558 0.206386457118458 0.248849628038303 0.198613997360084
0.040046115654397 0.366643118936341 0.119349841898836 0.312336414985189 0.130818402187445 0.0308061063377919
0.103292966585654 0.0218155084504183 0.279596271008595 0.151896394342248 0.259636872519511 0.183761987093574
0.245317149725574 0.182972410667111 0.152445363858334 0.127751021374006 0.182797417572177 0.108716636802796
0.200780423693969 0.150232804079904 0.157268568160077 0.221420335036786 0.00227566909397242 0.268022199935292
0.122198651992507 0.177349676054442 0.268220421643708 0.0481311361206097 0.327443370629699 0.0566567435590356
0.0220798457733381 0.153511732961765 0.316564539541043 0.10130058703001 0.122828897739182 0.283714396954662
0.042235863818557 0.302887239567184 0.283709012607534 0.0792978580793138 0.258704928539537 0.0331650973878744
0.0999138216521203 0.265711217027062 0.121848548231301 0.0968558281720533 0.250411957554198 0.165258627363265
0.255808939860097 0.167170796819915 0.0298962944311971 0.091783712184728 0.270877985546762 0.184462271157301
0.00903663926305102 0.164298949279601 0.0585397557607021 0.22108752775487 0.342518412102316 0.204518715839461
0.111808699354792 0.184201772769473 0.125355836678398 0.284807075386383 0.0970086358790233 0.19681797993193
0.207149248407518 0.219618164666362 0.20804658223354 0.13820038757598 0.0661345090650198 0.160851108051581
0.0750302973770857 0.214989426170293 0.133050981771289 0.243110183366883 0.168700144878179 0.165118966436271
0.198433038050672 0.199847029388597 0.0681479316336081 0.15356974039023 0.234496512595687 0.145505747941206
0.358740419951359 0.0808391716706151 0.000266362761582393 0.356522253416858 0.091415209704553 0.112216582495033
0.0984234611833322 0.286658294602023 0.0156975849868999 0.271042811004835 0.144574875028827 0.183602973194083
0.4116652046276 0.00421682023572647 0.304161734008731 0.0761493816070391 0.0259420070096295 0.177864852511274
0.0711365666767051 0.182232719476826 0.171358866251744 0.219355169330898 0.255450134239812 0.100466544024015
0.0956811313311835 0.0897512826705014 0.235146550574123 0.327616103202941 0.148746163974857 0.103058768246393
0.393963941816743 0.241363331988033 0.105482279692906 0.0493062434412029 0.135585720478563 0.0742984825825515
0.235901855948808 0.0927339318477046 0.383829375793083 0.15843835247899 0.0545974796322149 0.0744990042992001
0.0323671998079064 0.231491272470675 0.235174822781365 0.117563117496698 0.19431276556389 0.189090821879465
0.00127853124786903 0.0807714301740497 0.163662010793618 0.113495147199507 0.381833441740601 0.258959438844355
0.0174531987027719 0.0170081688150324 0.121111674945813 0.332894705234981 0.300358089315468 0.211174162985933
0.288779492849038 0.140211740392259 0.180422832009954 0.0415062335623746 0.316466119802191 0.0326135813841832
0.158659982526883 0.262835479671266 0.214122447253723 0.108169253564757 0.221403828785265 0.0348090081981067
0.171609061964502 0.214955626842618 0.0426005629486716 0.0290233671738271 0.268453891810532 0.27335748925985
0.194705315782215 0.0781024696665861 0.131855867604661 0.202221620498876 0.216367771243426 0.176746955204236
0.0135177416736027 0.137664175735442 0.262764174871215 0.167849242603896 0.195259222042384 0.222945443073461
0.240288179093155 0.0826440052405031 0.187806895694088 0.194765059105414 0.0778798658798334 0.216615994987006
0.28156024438358 0.300849843634288 0.0210199075097993 0.230955925229417 0.132046411669885 0.0335676675730305
0.119019499269876 0.103299404010507 0.0799807626831943 0.180926745288597 0.267263019208317 0.249510569539508
0.364724969383701 0.12755310754365 0.073981934305278 0.128870716688109 0.000838947900749316 0.304030324178512
0.20447878835351 0.0876663702131291 0.163338761314585 0.227473794482019 0.153491750486303 0.163550535150453
0.402132158579539 0.198248920248777 0.0108792797407458 0.0967069659996913 0.0516534179633943 0.240379257467852
0.226713829860384 0.243104501998178 0.124158871588479 0.244234325301816 0.00427548066645175 0.157512990584691
0.13748828952902 0.341478571262519 0.00156887527269248 0.0525746967525177 0.117338875375135 0.349550691808116
0.129414165150351 0.220469113681914 0.151976587624449 0.0907227104978828 0.170986816655564 0.236430606389839
0.324143608516933 0.0903663658263416 0.174619451191872 0.220344562621295 0.190416955002097 0.000109056841461552
0.175383284947354 0.101698544067755 0.329272762253457 0.0652138310762806 0.0239091444906801 0.304522433164473
0.32483688284177 0.311328321261732 0.20626222210693 0.0113947148735888 0.0364176966257712 0.109760162290208
0.0095254121291736 0.250818789520321 0.23160773767496 0.154458640055548 0.137001443829746 0.216587976790251
0.132447236840734 0.110223596067376 0.1967234740733 0.187607738760531 0.170423859451904 0.202574094806155
0.13774748911525 0.00202744469849394 0.277928962414679 0.113891450121402 0.260337563915368 0.208067089734807
0.340497274189154 0.0201832893942282 0.17763432860116 0.24162434747361 0.0291766667795634 0.190884093562285
0.121473661493249 0.238128009313768 0.0789498831011376 0.265553046595068 0.011306753121646 0.284588646375131
0.252027868463749 0.233410035460922 0.26847164501107 0.136239719753506 0.022549247763777 0.0873014835469765
0.210054217889534 0.0695197688965243 0.034072395845978 0.274781810618118 0.224499760589542 0.187072046160304
0.152775898506514 0.251979208416813 0.0372623476847319 0.231377932129017 0.253228976547073 0.0733756367158508
0.0496732561798755 0.307057618188727 0.0236525729236562 0.318784844278035 0.291398571092045 0.009433137337662
0.00700392567119883 0.0664523480302342 0.28485853064276 0.041536920492676 0.257426870316202 0.342721404846928
0.160985711275124 0.150718281321086 0.237255362237605 0.214904731102852 0.114814416867652 0.121321497195681
0.072612014830667 0.134496827507542 0.26199553356771 0.112500117351312 0.298155728365621 0.120239778377148
0.212391675027168 0.263042865839193 0.308335941142957 0.0953408354835042 0.0263666083970263 0.0945220741101511
0.176726663561304 0.120456549966265 0.126773584526354 0.160018150958726 0.198542777480007 0.217482273507344
0.160471364752125 0.142229621505476 0.158147930513935 0.21701955348938 0.206990354183598 0.115141175555486
0.157623524557998 0.34859496803864 0.178413763675131 0.0355858202401223 0.0419726336102477 0.237809289877861
0.126501524635292 0.00670481725758074 0.124567080013616 0.358670332596096 0.101264028328799 0.282292217168617
0.0967841392865686 0.0680622225227865 0.0250684122106166 0.315995265944325 0.178299571606441 0.315790388429262
0.0282033119512526 0.289209960950883 0.227313543782063 0.216165136920512 0.166966396097008 0.0721416502982824
0.283241713293274 0.0498829440281972 0.211815203184569 0.284637862211064 0.00158609130161755 0.168836185981278
0.252187671860188 0.0781361119350199 0.0680348952339064 0.0204210462670584 0.29845743579777 0.282762838906057
0.0263398498299739 0.0563533042845016 0.00932197188133363 0.26816952317933 0.124269201841299 0.515546148983561
0.127221058997739 0.245691097339118 0.107138019964429 0.0381777074049136 0.307133980486623 0.174638135807176
0.152950537871354 0.167737374035729 0.0818678022297496 0.356284197411835 0.142499739175389 0.0986603492759434
0.132612736867765 0.154880426405076 0.301574592948448 0.0149815605154128 0.243074298827804 0.152876384435495
0.35845305899783 0.167730831770305 0.0631777101968705 0.179049131967699 0.152462712726017 0.0791265543412778
0.332688224353415 0.130334965400689 0.0278713386713877 0.0800783025061351 0.343912896817764 0.0851142722506089
0.0335719861028738 0.26171630578276 0.125030451007053 0.123442579066075 0.121820847547722 0.334417830493516
0.0391233555632132 0.0527042525427577 0.250906637757598 0.162896792740322 0.243638152627903 0.250730808768206
0.226432749145272 0.0322931640387786 0.124554457694561 0.0959866041016788 0.293757063653827 0.226975961365883
0.283366260032469 0.28491558544583 0.0586951047866171 0.040059402894127 0.0388163261177412 0.294147320723217
0.180631527145876 0.228785272914136 0.105981405242821 0.238075604959661 0.0730502364974814 0.173475953240025
0.128212655643343 0.00900728995517516 0.157675634172025 0.269689966858482 0.296933664870282 0.138480788500694
0.270129028765642 0.18875972168855 0.0875875155704567 0.0437114615716077 0.189626754433791 0.220185517969953
0.235523446747959 0.225763817233846 0.00881938251685238 0.3403214787182 0.00925581957882887 0.180316055204314
0.0162597430702292 0.168981442555053 0.283223265156896 0.279701611640405 0.0420743499771275 0.209759587600288
0.0690903743861252 0.0244107592555142 0.286472714616805 0.411837815117448 0.155740705645315 0.0524476309787927
0.230713909421742 0.192129795564447 0.375043549845549 0.121642878313916 0.0782997173343913 0.0021701495199538
0.128674169470724 0.0821309239789834 0.354476531724085 0.338262332840781 0.0891002148531337 0.00735582713229383
0.0876849647926546 0.268197290216237 0.075528169970152 0.25693523586737 0.0651444654241134 0.246509873729473
0.224738660673566 0.182400568868801 0.26395215127039 0.246886756731958 0.0497956785115929 0.0322261839436919
0.156340795247949 0.23144055538026 0.075947365827651 0.174245123364272 0.150491721221686 0.211534438958182
0.123563003819195 0.133272833562899 0.298536383687596 0.254307487422043 0.00425320415382918 0.186067087354438
0.529138894048968 0.141041577682112 0.111841382275577 0.173207645701501 0.0415161369428235 0.0032543633490187
0.347461912093037 0.110877129721141 0.338734873828048 0.0299113409365629 0.172624120316271 0.000390623104941186
0.0472717049414181 0.0804991345199624 0.101461442310444 0.0345470345540602 0.427323752010467 0.308896931663648
0.159821844553687 0.096534814058577 0.107955815038398 0.187897386611135 0.232653991246631 0.215136148491572
0.0714120784019584 0.0787924266656069 0.127048224826619 0.111075993117713 0.0948592518815005 0.516812025106602
0.0685145386209513 0.431828929331939 0.131699939829094 0.0019543257356256 0.0813612032209004 0.28464106326149
0.25109590834413 0.273348167507155 0.301127277767554 0.112765454971826 0.0470729249649725 0.0145902664443613
0.14385055059139 0.137734863521889 0.399609232678555 0.00480787420112946 0.0662552181763676 0.247742260830669
0.237027164976928 0.172724596950122 0.245699024471778 0.0182042101424198 0.0400445994424038 0.286300404016348
0.152710239810704 0.17933904770563 0.186571206471862 0.228696286034591 0.123702232364362 0.128980987612851
0.240377377216619 0.187234856708889 0.13312595027849 0.0809394208546702 0.0304692139520292 0.327853180989302
0.160239225474758 0.166785569298517 0.194393135526899 0.159437513703997 0.123269618813497 0.195874937182332
0.158544281817521 0.0351766389331973 0.170176764812379 0.203973190718524 0.187554977764145 0.244574145954233
0.0699384949547213 0.436238679399067 0.0277349696612084 0.175388237367273 0.150126795245322 0.140572823372408
0.18854102516 0.226747286510398 0.251306871170576 0.0275295953949663 0.294415544317946 0.0114596774461141
0.134421302638147 0.318832434149379 0.0738397206798829 0.2201558860801 0.16892443763828 0.0838262188142103
0.112603619475853 0.0747404060129872 0.295293250347694 0.269083249514237 0.191366075287995 0.0569133993612325
0.0594349987663233 0.24187464834581 0.208863304027612 0.322066639327542 0.0388564346038183 0.128903974928894
0.01121157108642 0.0836233047782925 0.378035197324823 0.105217875358632 0.0692329568660866 0.352679094585745
0.208751325205395 0.182371520678248 0.141838271037346 0.307642843147253 0.0840018083505309 0.0753942315812277
0.168087049700746 0.17751118269868 0.198350482592387 0.152649910514499 0.170749637094887 0.1326517373988
0.249643398985587 0.267199527651435 0.190644073862664 0.146345204787248 0.142300037247223 0.00386775746584388
0.0420868749060876 0.129981698743038 0.141598857443333 0.230857579544318 0.207031702639939 0.248443286723284
0.246932127888402 0.175660542565821 0.101699017805968 0.171623218804938 0.132793209010947 0.171291883923924
0.194397760325897 0.0672229787648394 0.249895850107328 0.0249291676727158 0.240747539435667 0.222806703693552
0.023210012894182 0.204477295944268 0.0214080257889946 0.383412134268664 0.281002828997582 0.086489702106309
0.194889654740635 0.155325208553629 0.19154819116535 0.192898331045237 0.106426645101398 0.158911969393751
0.130644400893635 0.111749263803756 0.157773232361691 0.199550500999111 0.303824925735562 0.0964576762062448
0.0558043480333447 0.234159449499833 0.181501128678711 0.195051597244917 0.165745045798426 0.167738430744767
0.314630975723455 0.288121721937939 0.0664749619023975 0.0636198857454717 0.0985428904994684 0.168609564191268
