0.00228348789330272 0.156876979670157 0.035522184494072 0.0982320392917187 0.181418649575342 0.180393275557634 0.192483769193409 0.135082785057151 0.0177068292672145
0.117071181025539 0.0284262671841546 0.190769766317689 0.180952675039615 0.0814406410196843 0.188592740328633 0.172007014850871 0.0100729962465642 0.0306667179872487
0.116924927527492 0.148184154100687 0.178788398193715 0.0870136720148697 0.0123132986903743 0.131922643498436 0.0512822745002481 0.145820380204812 0.127750251269366
0.161011770162797 0.0791054845364203 0.0638924669750071 0.0439912411826122 0.145529966599553 0.220503705174809 0.164874794265742 0.0231907505196097 0.0978998205834506
0.102342558650852 0.124637117476902 0.0496477132916275 0.113727094637203 0.148968456274975 0.0935023316935334 0.0253625533573304 0.172583638503389 0.169228536114187
0.151798545001021 0.0773830095472435 0.162860189213227 0.0354970527609392 0.0877173056952088 0.078182861431928 0.171824790019119 0.123120651331084 0.111615595000229
0.00483662760157899 0.0604437387431682 0.133676170039518 0.189090060941657 0.106782218692972 0.200681585023718 0.150996034809111 0.139755415803685 0.0137381483445915
0.102852542666918 0.110353516454314 0.118622408031646 0.0485092361974645 0.188295332361612 0.154573742235745 0.0763161518474105 0.138955438828306 0.0615216313765844
0.273591124092324 0.0554764045785123 0.0949313050645871 0.146442025713349 0.130443583814872 0.0616547775418613 0.134898424230156 0.0929126907250765 0.00964966423926242
0.198376685647152 0.10864769495593 0.0671815506283721 0.0805718298135742 0.110865953153585 0.0955202148630871 0.144366999928865 0.145875259397943 0.0485938116114914
0.163247469533678 0.155975420477797 0.134121010295123 0.10054846384668 0.0792628984383956 0.143186459030996 0.016639454316294 0.168387644116776 0.0386311799442592
0.160635056538623 0.0468280707028848 0.0723739075385808 0.17976878957386 0.046977154360687 0.0740267917483233 0.0705916322975113 0.204563596722986 0.144235000516544
0.0696186016436822 0.229941925909368 0.186714151816476 0.0861528703256592 0.108042018094556 0.0230003199141272 0.0644596829855781 0.0867824311890799 0.145287998121474
0.0685647686816699 0.0694273118011061 0.0984059678774208 0.19586671081333 0.0597779745072354 0.202642390113657 0.236587382533784 0.0566706185718961 0.0120568750999009
0.0532522795040401 0.108785030337125 0.220614222766277 0.06324767606148 0.211222631346783 0.16661909264276 0.0766575269084556 0.0427702760337316 0.056831264399348
0.130845734584219 0.0184239164116738 0.0126800648803553 0.215865361384526 0.0690037737998297 0.196430978595991 0.212152480010356 0.0437478796950159 0.100849810638034
0.11097169531486 0.158766383919883 0.12081032239838 0.115069907378494 0.17729080777612 0.0163841629074993 0.0920784744636194 0.185614821167086 0.0230134246740581
0.114364320534236 0.114626769015554 0.199053651878858 0.0972209810786399 0.0324485682143957 0.215626702942171 0.0951311662825027 0.112213971022192 0.0193138690314506
0.0490818844544889 0.118120159597429 0.0449445943056631 0.182859265568936 0.023934101296387 0.0935843308343385 0.148792654247069 0.12406027916899 0.214622730526699
0.156628353905748 0.171310248994525 0.000420644916771322 0.133805366968966 0.0300511994794759 0.102922940909301 0.110441485955753 0.123975650031597 0.170444108837863
0.146663981379911 0.139442212674966 0.0812842183428177 0.133699111657744 0.0712668830063637 0.13472277001838 0.153119374441546 0.00998375557611753 0.129817692902155
0.0802898369110085 0.173664903081243 0.0659985873036846 0.0933407333721958 0.198745622499272 0.235971500134243 0.00768803684026556 0.102350717173925 0.0419500626841622
0.242249388762372 0.0453614215358841 0.0972382074222312 0.0349139472264143 0.0577718083415239 0.158214714278639 0.289303145976181 2.22035446340656e-05 0.0749251629121211
0.0135929013231273 0.0120303241505938 0.0255853456916544 0.251615695728698 0.159902363744358 0.217507074329455 0.141043245644558 0.0584020443794545 0.120321005008102
0.0265124670981359 0.0921485349673565 0.208708757139367 0.118623014890274 0.10217561867132 0.0331020810601683 0.00513473483910785 0.238928261874022 0.174666529460249
0.00564173878672386 0.142059412569439 0.0420180122580856 0.0849283439194998 0.145115842759609 0.0473376424603022 0.147689210082042 0.180948547138911 0.204261250025388
0.0649806560472482 0.0109373363851363 0.163284003995173 0.166897035595521 0.0678726010626469 0.132800294656686 0.132576092613108 0.123402783650215 0.137249195994267
0.202992252366514 0.0938323552047758 0.136084730226011 0.0525285892148009 0.0390666040574556 0.18948664694373 0.0641407543177078 0.213818545331263 0.00804952233774222
0.23667522911534 0.0693356709986546 0.0708760711148229 0.0418261720535891 0.0348922585249218 0.189332848186244 0.0640729439834095 0.0480429364281378 0.24494586959488
0.0363873662977664 0.218094245755764 0.102449130014314 0.0256447096911212 0.126754915196613 0.137435593857687 0.103469762103653 0.180987898124123 0.0687763789589579
0.103420813601671 0.133673690707107 0.185773028090795 0.138725572932387 0.110483258278861 0.0738492387729678 0.167912845855245 0.0119052321334488 0.074256319627518
0.0538852393667863 0.165617427080579 0.0713697581599781 0.188600571735149 0.186469203577087 0.114636762627639 0.0192509723734586 0.165856945006299 0.0343131200730243
0.167089057503123 0.104361303877758 0.0999631441955165 0.0812448596771127 0.132686846785276 0.0351575039296054 0.0945879419621558 0.103918091139393 0.18099125093006
0.125374745171928 0.0753762392651911 0.168823065244221 0.116582573589807 0.0731208527129392 0.0434777488780862 0.155325682681224 0.0748280869582296 0.167091005498374
0.0272770692914771 0.112919910750197 0.220249336254631 0.235201098946338 0.0144543166137812 0.0763839573271787 0.0485784951779608 0.200904755149247 0.0640310604891887
0.040836189752446 0.148030629407974 0.123157052618013 0.0895773823018364 0.124415925033998 0.0296716008075604 0.119119522522353 0.152470546905302 0.172721150650517
0.153794439870031 0.119742113247633 0.107336309537966 0.00292981216975773 0.0697423217024018 0.134261973423436 0.164418071109496 0.0647362715240341 0.183038687415244
0.180152977983109 0.0236891500448512 0.0605263255410052 0.0796486122420027 0.190919552563826 0.135973515554066 0.140212858371478 0.0101627344639788 0.178714273235682
0.123082577246654 0.0683741478549016 0.0543506528956058 0.114030521836672 0.194775356012459 0.0951052741161089 0.1452057313831 0.0449123002250796 0.16016343842942
0.0246696082388599 0.0603939031671589 0.166546760061579 0.0544511819114748 0.0562445027330294 0.214093639846908 0.032209327954088 0.173619579856515 0.217771496230386
0.0194989182620108 0.144775552623557 0.0892206198796126 0.187405602603615 0.177932457736102 0.0881485853112101 0.0438363498184735 0.110676041895815 0.138505871869604
0.139271651357359 0.00605730900354306 0.180412814755235 0.206180528105845 0.0469187121506352 0.0772020503266212 0.134651367656418 0.206434327448555 0.00287123919578789
0.235840895210715 0.12542926309303 0.026292269853218 0.0992286234141753 0.0117626189419138 0.104580204576461 0.114119119798143 0.189876950142074 0.0928700549702699
0.114432616837322 0.191390063090815 0.0130277697275275 0.160911709838789 0.0140359638462097 0.184006334184176 0.0691043573103645 0.14874448916599 0.104346695998806
0.144938889528441 0.186811630946446 0.0645848876620682 0.0909906640950038 0.0322257488632012 0.108750927468426 0.0555970674202679 0.116382808915303 0.199717375100843
0.016269466749335 0.0920431690713907 0.165980457625624 0.137717722920136 0.0633706573779148 0.165809432735657 0.14972404533959 0.151314193786108 0.0577708543942444
0.104523116059258 0.077433095239176 0.0607285682064284 0.159341917777582 0.0516774358417409 0.137497496565227 0.0756419409545638 0.15890620295211 0.174250226403913
0.0103386446035436 0.15819180376735 0.188775264515774 0.0589508756161376 0.110457743127015 0.15493044767617 0.167514288341828 0.0871659970636865 0.0636749352884958
0.0332789831312174 0.170444337490986 0.0701220737993897 0.0348944267945865 0.159933165721321 0.103394516711759 0.172582898749921 0.139456342236232 0.115893255364587
0.104201248376825 0.15409273712789 0.122502994962379 0.126137057493207 0.169422969306529 0.0755647152204685 0.128932706071554 0.00393473144494051 0.115210839996207
0.0128480551041429 0.0777418537834996 0.0638353957115882 0.114174847486801 0.173713089385609 0.155644852259244 0.0992723313117904 0.142320762887461 0.160448812069863
0.103884151781449 0.0567382569727233 0.17179779791912 0.0458972020586741 0.135695946274389 0.182253467377519 0.112883987859106 0.0806958215531547 0.110153368203864
0.144601714482215 0.129173978022532 0.175849478743345 0.138858783190716 0.0544431796454551 0.0732937791099756 0.0380359171207156 0.16315693428047 0.0825862354045753
0.197241175367283 0.0653227689469387 0.147931796250395 0.0524846198290189 0.204908197068798 0.139551257626938 0.0313938924984297 0.0158899860837962 0.145276306328403
0.0235438218151143 0.183167615527644 0.0930830249618632 0.0840444165193492 0.0554782317851105 0.183943055093253 0.220132721480801 0.0488173813180767 0.107789731498788
0.144443098697406 0.143407026351027 0.129943943006646 0.112603277230911 0.0800076916081952 0.104007574266973 0.0608139091989151 0.0652182407339256 0.159555238906001
0.0447908524639702 0.21337195197255 0.205756988366475 0.0841735482226555 0.0645006451933561 0.13640077087473 0.0100614828648718 0.027950122310264 0.212993637731128
0.138859120980958 0.157655517629612 0.15632156673489 0.0809366037219806 0.02378046794565 0.140232788053369 0.146967804440257 0.0504700707525583 0.104776059740725
0.202964578681802 0.112595282501809 0.0725703743632777 0.033338103136602 0.0918689148098497 0.0752330571634795 0.258854706994391 0.110462109544394 0.0421128728043953
0.169409668953788 0.0990868804656107 0.0626559528418908 0.116249348680076 0.124868500021492 0.139858658170875 0.0949695906481378 0.149800168336053 0.0431012318820778
0.0418350318768389 0.0342272972454787 0.175796910714769 0.0879609841087533 0.120157360235845 0.196217437803434 0.136238130553776 0.113662190986494 0.0939046564746124
0.0105297317647163 0.180489651508646 0.0654160742949681 0.0537961356439528 0.0841986316308854 0.200596579663496 0.0324858894148968 0.19895455395701 0.17353275212143
0.125815272513985 0.139409322084819 0.0868234221816112 0.0370850128883924 0.177530539186631 0.158300061467681 0.102095891436587 0.110174229937135 0.0627662483031583
0.181838702819428 0.093366820885559 0.152378593277355 0.16053497340412 0.0935319762851939 0.0542642798459764 0.030460678164534 0.152925006161775 0.0806989691560592
0.0509944295130308 0.167149371844583 0.128392883479995 0.126966312884402 0.0915474579724309 0.175834922236492 0.08388348985533 0.0721973863294518 0.103033745884284
0.0880228952363532 0.138923694919763 0.0938332692310452 0.145230998952581 0.148363067923756 0.0781505596448159 0.0451431529838757 0.109708852174912 0.152623508932897
0.159232546620579 0.177112784584908 0.0425560758018459 0.0910284459133997 0.0256470656811363 0.107052098613865 0.0926383449525392 0.176495652269839 0.128236985561888
0.0227237449767149 0.00597493077062151 0.18561675392653 0.118053402593773 0.182942901838591 0.184663900825486 0.0974106130177563 0.0644376822041591 0.138176069846368
0.0474342929109394 0.0530340986617628 0.0747983721677975 0.0368301324018174 0.0248689880327231 0.206632006701752 0.0503337220199553 0.187827508066148 0.318240879037105
0.0837669704898044 0.168395407085978 0.0177911024032022 0.087973632765559 0.200392355878039 0.11213987480785 0.0524610093963581 0.16531459544767 0.111765051725539
0.191048635252383 0.0650197720227317 0.165564063137155 0.0796610885722013 0.031494817635515 0.0461827083406853 0.161510225343666 0.0745993611050954 0.184919328590567
0.183859872279024 0.0194427010801425 0.0891016297871937 0.0863805212036257 0.14450813646773 0.156321378272799 0.167298646055334 0.126409861201312 0.0266772536528387
0.130204441075725 0.17742926178693 0.155592165955634 0.0764183064579139 0.163733519125049 0.0438718611067801 0.0993813266929605 0.0180267866556572 0.13534233114335
0.0250100261436486 0.212110950181925 0.0223177193794515 0.106728438609106 0.0844382839127684 0.194942231859138 0.162094552607044 0.0895008254925064 0.102856971814412
0.0705554345861176 0.229031375641987 0.0297259243566617 0.144876756668417 0.0916514025015353 0.155937853796065 0.209207175106534 0.0402907587782326 0.0287233185644505
0.153611919936 0.256641542292981 0.200773719324499 0.180557951253439 0.130064907112155 0.0247633777699841 0.0285829308828362 0.0105968979177533 0.0144067535103532
0.190454754576663 0.0823555762051717 0.0216875935420339 0.0864782056400792 0.105898490374599 0.18215219414581 0.148083837328238 0.14431137752275 0.0385779706646547
0.200508317288146 0.161349069719838 0.0794937876642631 0.0414532624094008 0.000226971959507893 0.140365304445852 0.193874598179418 0.121950011643893 0.0607786766896806
0.179828742816547 0.191857865048738 0.0305351451969454 0.0397909962757393 0.00688277557208377 0.193389293343501 0.142070102968851 0.0472758615466762 0.168369217230919
0.198071796448999 0.0137432480131759 0.16894517306076 0.192299736238761 0.0312960663645306 0.156511816084026 0.0551847986984823 0.139680906486508 0.0442664586047566
0.220749853357349 0.00904132499742623 0.222633206635566 0.137133102161065 0.154792745327698 0.0371980373117386 0.158218132297646 0.0246977134705981 0.0355358844409132
0.178436568600626 0.0191705877743724 0.102665627861869 0.157588152606698 0.161124024887162 0.165196724104535 0.0610814403457428 0.0670545323059386 0.0876823415130566
0.123627836446398 0.0133709679795431 0.106412141348464 0.12527623407556 0.0818645313240708 0.0673789257427329 0.219835977985254 0.0527795868971868 0.20945379820079
0.222104519281703 0.169169876171605 0.116622006982744 0.142579150453977 0.0886768659121146 0.0644509630531795 0.119908067002511 0.0251744420537199 0.0513141090884458
0.152357583001752 0.0917291447852055 0.0895060603246368 0.0567403586277357 0.0768747724276589 0.128945378917249 0.173211141044788 0.18742722186525 0.0432083390057248
0.112615675679953 0.124619552978093 0.02407179509467 0.182409172062074 0.0309892801542734 0.184867172303211 0.0604194062322948 0.0981225526340518 0.181885392861379
0.111820412948584 0.153133154663175 0.0729833650912366 0.159914407328959 0.0998115813309817 0.10593500223576 0.158719412609873 0.0157907519939006 0.12189191179753
0.146240202998676 0.183957039962305 0.0523821973498866 0.0213505465528105 0.018901091795423 0.203342918611171 0.16837694745111 0.0896059217263332 0.115843133552285
0.127724590842623 0.0978399278044417 0.140235658316527 0.141556508605704 0.14942422175771 0.0698839792383109 0.120009935240289 0.122927034725868 0.0303981434685268
0.0830884847199083 0.0227682767735667 0.110411655062932 0.177244331545344 0.01110344537183 0.146801116878872 0.19854287594874 0.195305007363408 0.0547348063353997
0.21486647313905 0.0484296474932973 0.103090671878275 0.110074860723028 0.0861414340659818 0.13258503385592 0.106151837477159 0.00598518902432648 0.192674852342962
0.0404702731506089 0.232850944270375 0.174764292022825 0.0233423172925287 0.136537957993713 0.161141510960902 0.100826963204238 0.00992022278906182 0.120145518315748
0.151664372293562 0.0114675552146973 0.272202066636196 0.0869773200141671 0.0270395685090596 0.125637527204584 0.100356589019577 0.190722817179834 0.0339321839283244
0.152842167846141 0.0692061339161293 0.0193730188863236 0.0232285754828411 0.157831518379664 0.075510817044335 0.127020527104923 0.210963756826871 0.164023484512771
0.085789273484417 0.142323279932851 0.121993038673971 0.00545366891727273 0.133503726132007 0.102133786148561 0.0738778907023672 0.136944873796629 0.197980462211924
0.0171473414495828 0.151353431224571 0.0733408000388998 0.09050392649856 0.176308201381932 0.219347976405851 0.120846647860348 0.0527067111708564 0.0984449639693993
0.0187579505875266 0.0495094998675552 0.298057774370711 0.0230018636399982 0.114916333138275 0.00658493154124854 0.17515778438925 0.113983886937543 0.200029975527893
0.114332348875924 0.0778043644842936 0.11530334438828 0.145789735555936 0.0290540377036166 0.148376239443612 0.165668828019486 0.131734273414747 0.0719368281141044
0.278730439685269 0.011368187306556 0.00408671918941309 0.0950142673993369 0.194296018487553 0.0201999124498721 0.246846221309894 0.0581439188198021 0.0913143153523037
0.0256964867756897 0.0500933479560746 0.015148669149033 0.0992691437444124 0.225640687503241 0.108417834266088 0.0269615737172959 0.239341879699904 0.209430377188262
