0.199681156793232 0.151512394161596 0.0730373618993094 0.212088154821704 0.0377425820283917 0.131557068135745 0.0987817136959244 0.0901596379091727 0.00543993055492546
0.0715103558616618 0.193893786292423 0.138178600957642 0.0537208705889044 0.125204036838418 0.0286007695789286 0.237752023359364 0.0310376317432608 0.120101924779398
0.121527206805209 0.101979841805964 0.0710854518818011 0.157595780095474 0.137980992875749 0.15275829783271 0.118916015956414 0.097098708322171 0.0410577044245088
0.20813720715699 0.083929991965716 0.0221855377769869 0.187225009383849 0.148506090589439 0.134215710766658 0.0426690001067331 0.134921167988607 0.0382102842650207
0.208519914923743 0.193871530345458 0.0190370301966642 0.0613333401423119 0.0234544384115883 0.17581824776068 0.191085642876688 0.122662083441636 0.00421777190123166
0.164788311774373 0.146151841562591 0.0383271441167454 0.0671774741986209 0.124250672990447 0.161419240816125 0.0239212419422337 0.136594790468528 0.137369282130337
0.0670532027673924 0.105494958670428 0.147156645827353 0.142058908264742 0.0894157996802737 0.071043138447667 0.0690361722219845 0.086802339241313 0.221938834878847
0.0242425965754963 0.108827874537089 0.0696834892618822 0.0674619434171443 0.0171968873203948 0.194601297633272 0.0917185532862313 0.137653718229805 0.288613639738686
0.159524592764087 0.0201914609605318 0.0942226155432517 0.0815865072690905 0.150477068401052 0.262439428171942 0.0152600899707844 0.213467048314394 0.0028311886048655
0.0529785313473284 0.052585310190421 0.203964340772954 0.208804478273875 0.190015295777303 0.11716649509771 0.0818338816931551 0.0588270800665235 0.0338245867807305
0.121571993120472 0.134183247555192 0.123889589201203 0.0674878307412687 0.0578800703041024 0.143583843828747 0.134222379063952 0.130682991849788 0.0864980543352756
0.131747678574886 0.0673213724009954 0.133495952203311 0.0645734826775318 0.10566301854427 0.13169841567266 0.174577504585949 0.188660673618868 0.00226190172152802
0.0190732446694071 0.124426080964933 0.152125399172048 0.152291332445785 0.12817710671795 0.00297541009182207 0.0395422829278732 0.170653476320241 0.210735666689941
0.177521429160632 0.0826960819963527 0.167896112569247 0.111207009560581 0.0218239186718413 0.172386524160636 0.0517804357413759 0.0646200369443606 0.150068451194973
0.173030628874514 0.0729821640527705 0.187087652153761 0.0385443163686653 0.0162190121284604 0.0411746030910505 0.139383588479584 0.262900233492594 0.068677801358601
0.176789399777197 0.0744056652098159 0.191728415837658 0.176033569644997 0.0454014141325009 0.116332315247152 0.0146549425901859 0.0656736134313578 0.138980664129136
0.157850982306315 0.0123160772364934 0.0434410094797057 0.042599042176575 0.146039625141009 0.0757491584222161 0.122529989302883 0.196824631263861 0.202649484670942
0.120802635658782 0.102293545702832 0.18210126486986 0.137924860028071 0.095264067401249 0.0550825935524904 0.145994557956847 0.118217700793078 0.0423187740367903
0.177036644581241 0.17047219309971 0.105043255273531 0.149337282492893 0.0277545743340129 0.199971938965484 0.028652731406715 0.0127099038873541 0.129021475959058
0.0771488006379424 0.0987895537282828 0.162754678705424 0.200295428064466 0.0235600785897509 0.0740023258712579 0.105950724488419 0.152031240417756 0.105467169496701
0.164312280690486 0.104407006518245 0.121648470311719 0.150028366364692 0.0945595260628706 0.118695773544992 0.11318354929755 0.0064141383871776 0.126750888822267
0.119892550895213 0.179538140791618 0.134595514222886 0.0758708277285087 0.0770735462853321 0.0299623060578375 0.0479153614661586 0.231340410924365 0.103811341628081
0.338157896393268 0.0287489482626 0.0389474901603541 0.0968515661200505 0.179993903998161 0.0385514695206777 0.0376718967802488 0.0155675411609871 0.225509287603653
0.0706822518483659 0.0470239167084554 0.171192541766391 0.0261110628113846 0.179390487270695 0.18715353286529 0.0665397830624731 0.171886596430364 0.0800198272365805
0.175615628759834 0.00951690677207634 0.0330326757787013 0.0829118332387932 0.136895245202225 0.119932453232833 0.185359478181238 0.205025999877846 0.0517097789564532
0.124995843626474 0.112586405306933 0.179653686501391 0.0760771305893888 0.0279612829121104 0.0967617296423229 0.141303887402297 0.147975484613019 0.0926845494060634
0.159545337244148 0.0483859482373422 0.139873237060548 0.079756973291682 0.0574477589977636 0.126970075693309 0.183183404931239 0.0371259848464566 0.167711279697513
0.015777918015069 0.141677921821697 0.213601392419986 0.144993441734733 0.0852453707733379 0.0202650602694577 0.275501598163712 0.0212800154505027 0.0816572813515046
0.0441877214074147 0.0675106392679497 0.141637608729882 0.115001000529283 0.159161405612257 0.179739953626814 0.108944738539922 0.055325722059567 0.128491210226911
0.180734079090615 0.118887705047571 0.029742861963616 0.052318399014084 0.0772264198166257 0.179993286891221 0.196458661175797 0.0935875263988286 0.0710510606016414
0.116904178726066 0.00365844794613435 0.160634217934852 0.150019074495182 0.0939020247871363 0.00219041998893482 0.224542745418269 0.210982583027295 0.0371663076761304
0.188190794458278 0.155179574252428 0.0930518817319917 0.0770074926114565 0.0338355913648967 0.160614674722639 0.121569205571618 0.145541692315504 0.025009092971187
0.120250521127085 0.0034190228607668 0.127644221043841 0.136310907840267 0.0901997825175405 0.0347999024279016 0.180150147213464 0.198126397023204 0.109099097945929
0.0676376378914645 0.107444647015664 0.00196989411715395 0.181722086974657 0.178133412048464 0.165747141095942 0.0887994192255854 0.0471024688026743 0.161443292828395
0.171841825658539 0.0344260320265019 0.119846929840408 0.191460414318032 0.0559236065604212 0.0612811388515937 0.061047932335885 0.105054842701201 0.199117277707418
0.0291776472735013 0.194111457232393 0.125294893325494 0.133349152283695 0.20712707136571 0.0925848864716498 0.184299956532734 0.00492284973992982 0.0291320857748933
0.177427759916323 0.100950065126569 0.129370636816397 0.139472794211059 0.126681145165585 0.0502231876448583 0.193396928099334 0.0632959414219578 0.019181541597915
0.222624854785347 0.0812359049594961 0.161187249961763 0.0349532181359941 0.1839274509206 0.135726017786182 0.0412835143928917 0.00547719412937713 0.133584594928349
0.111206449469686 0.0761841626410412 0.09420788919882 0.12124175153066 0.145863706170869 0.113662837203618 0.138092926017513 0.12912596932362 0.070414308444173
0.058392936910806 0.099359620571507 0.213900387606227 0.118683955114385 0.167454285902686 0.149745658562048 0.136522118986321 0.0395939427303274 0.0163470936156924
0.140196461796977 0.145157049626449 0.176015000245552 0.130326428046616 0.0803890359190971 0.0792770325320399 0.115711441454714 0.0539694170807873 0.0789581332977684
0.155877864645178 0.301605563436441 0.150378939308563 0.0208832014151261 0.0509393476082817 0.141503219284826 0.119679662980819 0.0491117830096251 0.0100204183111404
0.144905733157591 0.0367570328296778 0.101185992632822 0.0900346335440816 0.034234232884364 0.0537592260473681 0.128880021488024 0.211645719450826 0.198597407965245
0.169900602308303 0.232409893592542 0.0545212495218891 0.0490994493594913 0.124172046914168 0.0422099089120718 0.0713061858178052 0.0559663008418982 0.200414362731832
0.162533246125886 0.128131510420552 0.115518276160168 0.0994708796993635 0.0963804591715408 0.151380643546039 0.0723284764717766 0.0923083852565734 0.0819481231481002
0.135380901456387 0.0512638296679536 0.111562068713755 0.186774622039261 0.053427610268767 0.157888840401571 0.0887906515819726 0.120246439570507 0.0946650362998253
0.12568564222812 0.0619760137549866 0.164253743363698 0.169217080397093 0.171519794958547 0.111470977127422 0.101667729176548 0.0350580671064324 0.0591509518871541
0.165941953209262 0.194476576542135 0.138683140011802 0.0493505292270945 0.171876518354242 0.0587979928628222 0.0607225304213928 0.0140246886359159 0.146126070735333
0.175945537117426 0.07859750285317 0.0377091058038633 0.0256347106499559 0.172523792879224 0.185020300465939 0.103593881004625 0.0815653807136327 0.139409788512163
0.0570992402500023 0.0959947819884138 0.128294346002899 0.0262062921658133 0.172327683794114 0.203157961927575 0.217256855652263 0.0872500410717181 0.0124127971472018
0.165149735183243 0.108944508777309 0.162764397242065 0.110697598308172 0.0339109854322713 0.137887653091432 0.163475125031366 0.00447067008329693 0.112699326850846
0.268310683003203 0.0564008128066359 0.0198293229949279 0.162662797120283 0.0770315992647758 0.13740182547616 0.144476927968302 0.0779834376134312 0.0559025937522813
0.0539742835468097 0.325180832427926 0.0128978652480491 0.00988844643038368 0.212000334280296 0.0729731247507571 0.124013942010699 0.129144094580204 0.0599270767248763
0.0223594593815859 0.145412235470938 0.164075429462287 0.123579413197021 0.166172319937596 0.0976402594176248 0.113339883110843 0.147431199628075 0.0199898003940297
0.0225635591096079 0.137838582396894 0.0166050442350134 0.00751536372493422 0.146708975831925 0.0972701866947481 0.200735931626965 0.168628400736162 0.20213395564375
0.0930484857463946 0.0416548835997639 0.178897722199225 0.13759750627145 0.179507105192354 0.048740311907985 0.166625102312001 0.0155615934741262 0.138367289296701
0.28722111123483 0.0129583905271012 0.0542948280000019 0.130411636336138 0.309702776166979 0.0945663264507 0.0234135061792267 0.0312752878485931 0.0561561372564301
0.1188710101912 0.131408441760458 0.0993748112134861 0.00601919126088917 0.128501083146553 0.206271531867518 0.158900526146232 0.00796584575150965 0.142687558662154
0.0747916373936809 0.096981633308307 0.0738779501213187 0.108434668129639 0.0935279653057109 0.145950728260054 0.151474267358495 0.152662123250858 0.102299026871937
0.166416608431575 0.128301227799158 0.18182555861831 0.129580964914144 0.0527686714356791 0.0405946130104396 0.167318777306095 0.114500152582545 0.0186934259020539
0.132630455873252 0.122609359508746 0.103545289850073 0.168565538893086 0.113121748084172 0.166085174780503 0.0188126676125758 0.129862740027866 0.0447670253697249
0.0882434749993987 0.0001445117023642 0.0923815146732601 0.0881353402188497 0.125618672018304 0.183043634837797 0.180108168831701 0.124083175687262 0.118241507031062
0.180277514472844 0.226264243340631 0.0325740009204768 0.00371920356208455 0.116626057111698 0.0835875643498469 0.0706928309209236 0.22150586954721 0.0647527157742854
0.0896744177617318 0.171496026801236 0.22710684720316 0.0219142461044986 0.0945147805812199 0.0142216487023042 0.13412834045468 0.158151825086658 0.0887918673045118
0.100350335885708 0.116564982564885 0.192900947866089 0.0941903549428609 0.098118663709023 0.132123391284978 0.0196584818071962 0.103511738928949 0.142581103010311
0.153884436021336 0.0575352934832362 0.100704972002164 0.163784043646769 0.13634813046912 0.106874883151735 0.0785812772276649 0.0421615309381762 0.160125433059798
0.178983574518794 0.0997380944078909 0.0227638894562445 0.108387515674984 0.238278093030978 0.018915152421465 0.023951717962713 0.255942410579705 0.0530395519472254
0.0666355955951497 0.22249160839308 0.107350583028236 0.182421574444899 0.0708306299645236 0.126354684070397 0.0168756297781192 0.138885699796442 0.0681539949291536
0.0683916121711954 0.170495169206778 0.023056782432144 0.168265042229414 0.149737915822327 0.0640612917220062 0.126506713340994 0.0825531091189656 0.146932363956175
0.0513917919331141 0.0159007131658028 0.0268311500941831 0.112355209426045 0.205235440783258 0.166170698830504 0.269953235536503 0.0772725664352881 0.0748891937953018
0.172044302368417 0.066553777512402 0.170173940839776 0.163830937137901 0.156093369523789 0.172420120520783 0.0407923003367039 0.0532171265618695 0.00487412519835829
0.136750163618059 0.0862692183393599 0.122143030694663 0.107174992503808 0.156825008230431 0.0169916347788531 0.125393570698413 0.172566715563601 0.0758856655728111
0.114415557920756 0.0978858924364611 0.0069587662478308 0.185700523921939 0.12012890548271 0.0372160949981108 0.16219624768446 0.14415343167084 0.131344579636892
0.0280835256364307 0.048350503222915 0.112697348946232 0.295292072103261 0.0571455896301853 0.266008779648214 0.0675641883123133 0.0152100852454423 0.109647907255006
0.0639798713698001 0.164275565654232 0.112249665740465 0.0910271876447464 0.155272319926499 0.0945594586306659 0.0745236683460145 0.112931275258515 0.131180987429062
0.0267466652505283 0.126832669326909 0.18950302737246 0.0987752898693583 0.147094056553783 0.0481628431138329 0.0123118372618241 0.210027889408283 0.140545721843022
0.152691253609947 0.11090073196835 0.120635349229132 0.108633817927877 0.124216585986949 0.150180476849883 0.0224536084991055 0.120345636962729 0.0899425389660278
0.194570679431574 0.0593402060342783 0.128919601961944 0.153386329072964 0.123261252642982 0.190066239651992 0.0878465163970227 0.0255280921131665 0.0370810826940771
0.0296119798873692 0.135689089853828 0.062412048249025 0.146515057136003 0.0851544571997222 0.131142017564248 0.141732505937831 0.156090045752972 0.111652798419002
0.194522829932592 0.00307762976984383 0.0296236660728672 0.156370582326794 0.133137378422105 0.158749760663839 0.120409605754269 0.058708302790457 0.145400244267234
0.172875764012669 0.0453674643958235 0.131653730505077 0.163948105476324 0.183463613424517 0.0107005031402333 0.176830473275437 0.0318974306103412 0.0832629151595783
0.0788370942162753 0.14807916158346 0.0920099252905989 0.176211476311019 0.109189677949142 0.16402260116436 0.0399262473477121 0.068744535144261 0.122979280993172
0.0917442668181537 0.100097757409514 0.14308532763751 0.0452094946022204 0.108185709685086 0.143322385374862 0.185483086276989 0.118788088255227 0.0640838839404375
0.0669750607991416 0.144382450273888 0.184398825664075 0.120801230201795 0.0738598441192671 0.0497209610910836 0.220341167960466 0.136514502764676 0.00300595712560741
0.291206142141318 0.08286133108684 0.0331087576844754 0.0463253448360963 0.0377359483576854 0.098391443408161 0.0621399396445964 0.235816120389358 0.11241497245147
0.0684423718548364 0.065195745012985 0.240608311263712 0.0828813031984015 0.255668745208665 0.0656246594135451 0.00223736740883925 0.0979105145587204 0.121430982080295
0.055247062395548 0.0654890877141356 0.0535560374221172 0.217336098781267 0.120538092874709 0.151575331481226 0.0670006474465701 0.195019268738129 0.0742383731462988
0.100155093865001 0.08548735097729 0.107693834192434 0.180210237619224 0.187675569338008 0.0252476746471701 0.0841927605856917 0.0888985168112608 0.14043896196392
0.0679205609658849 0.135236902689642 0.151197754603196 0.103249534616501 0.0444334684980966 0.128850856138595 0.0587014020493126 0.107982628414473 0.202426892024299
0.123229820414806 0.186545200639185 0.198337160938012 0.0911629308595161 0.0180022623280112 0.00624773435961628 0.247983488817182 0.00480643990864331 0.123684961735028
0.0386075069769629 0.173587193211697 0.00661405651598873 0.020302425683438 0.187135410282646 0.0627850081870652 0.300087557435716 0.0377452742454353 0.173135567461051
0.111871433663419 0.0493187456569552 0.0749623614996757 0.114627042278841 0.123619285300783 0.0941938214668301 0.0965192180908497 0.155276505606021 0.179611586436625
0.00806584300051061 0.137704441939254 0.00340501732090407 0.0239269154285399 0.0332159849254585 0.181599993248581 0.263628232198639 0.255326956719853 0.0931266152182594
0.146747142485554 0.0684941350721242 0.0540489632248516 0.191725451200085 0.119941656070699 0.170106591445931 0.047338177744261 0.192868403919245 0.00872947883724921
0.121098953641188 0.189534320862806 0.0830656530656588 0.0718598666924431 0.0739476181147419 0.230065753513913 0.184010436763469 0.0171526159140688 0.0292647814317128
0.124776868843573 0.0191771787972538 0.201235035089093 0.0298139078797399 0.0712195254626962 0.0837677178434436 0.144021830220759 0.131625226282373 0.194362709581068
0.26304022343705 0.0407628271882835 0.0644156153244164 0.245459458315336 0.0179866758700265 0.0870368723195312 0.126521461404985 0.0773498591664894 0.0774270069738812
0.121780301439363 0.0925242464888009 0.0396695961887064 0.169029974191966 0.0288101393302222 0.119913501153185 0.0847258399912836 0.164382188779696 0.179164212436777
0.16771862817595 0.0848613237823334 0.164423572263971 0.0137464296942834 0.132004397525188 0.0673115177666063 0.119228039664107 0.146723354929872 0.10398273619769
0.0312872438948204 0.159211416637557 0.191955496584211 0.153512083038107 0.0477379175531859 0.180059188149219 0.0287493176596286 0.0792620026883384 0.128225333794932
0.145304671212724 0.0572420101749047 0.0392834290364306 0.207920221367378 0.170582688777061 0.0247239962558028 0.0736676606633426 0.0792886611714535 0.201986661340902
0.101669988025098 0.0485656209430994 0.123557753557439 0.0692806482880469 0.128700026585464 0.0560689842118372 0.147543354454877 0.153235573689454 0.171378050244685
0.0369666535034578 0.156206303119635 0.0186143777578885 0.150500028586736 0.067203370673974 0.216173728784237 0.103231887930476 0.218524624194871 0.032579025448724
0.0360840499068733 0.205128831423239 0.0270331933321589 0.139224536270754 0.196113289591409 0.102484156286584 0.109022238686726 0.0178745492847993 0.167035155217458
0.149223875705482 0.045467999232762 0.259952277786097 0.0432341367071021 0.192760326871753 0.0138369351276587 0.0195467091123962 0.251805781269987 0.024171958186761
0.0615003160018116 0.122802517624898 0.0419627430421997 0.149470175234457 0.133758137685884 0.0631214690023547 0.140691432718713 0.127786391600538 0.158906817089143
0.0485679128018583 0.103662989466445 0.142018145238927 0.119537046297459 0.174874385987745 0.195356051471424 0.0339803105047735 0.0624829249160737 0.119520233315295
0.0408936759833975 0.168119842010988 0.058432513163181 0.141680183317225 0.115479300820712 0.0155524593799042 0.156237413535038 0.128901491189498 0.174703120600056
0.172796963625994 0.119258048523265 0.108055127930502 0.0224894892424221 0.108075248765382 0.0699182107731158 0.153494780068895 0.175653262962696 0.0702588681077284
0.00751951844462805 0.01134611266436 0.0873932676227768 0.0419086129834373 0.125218385775096 0.238298367100763 0.221183200242961 0.249244677252649 0.0178878579133284
0.137574675706122 0.147641848422535 0.0661470648655021 0.0723128479995749 0.116997988774717 0.0503896478205697 0.0890271718907616 0.140013173803543 0.179895580716675
0.0267259635329341 0.153205906956215 0.148796154718238 0.128422652950402 0.150584602490005 0.104764703084749 0.129193802897616 0.0318807218292748 0.126425491540566
0.0350403711846023 0.2405085241536 0.0460088964699128 0.132962213166893 0.197707731331888 0.0313163144193223 0.0493607786659049 0.0272643658696984 0.239830804738179
0.110258363799512 0.168726592296355 0.11442551270208 0.0337053412741979 0.0789070234770809 0.0475950953345551 0.0725855032037503 0.184977743786572 0.188818824125897
0.102446037478434 0.116029398915756 0.161708165160281 0.0458140068250327 0.0555088926989427 0.142142278925201 0.146964631164158 0.0891054414362729 0.140281147395921
0.123648317005759 0.13797858637162 0.104601582340795 0.0603625985999986 0.222533375373041 0.0443117111382924 0.107249692495458 0.0601321974536498 0.139181939221386
0.103167487499724 0.1365525261225 0.013108673098556 0.141765778370216 0.20531152850507 0.0230719121420919 0.00503846696343517 0.246416314041859 0.125567313256549
0.10897398338137 0.0845956962546411 0.158095067744145 0.0460380011441876 0.0576758621981506 0.184399009065252 0.141640478881126 0.112167198643055 0.106414702688072
0.180783392944196 0.0533168952793919 0.149456563648971 0.107701320593701 0.0198794143088519 0.170212513337481 0.0690265747574611 0.137370258793941 0.112253066336005
0.0518458062903092 0.0858836990654697 0.147662227327865 0.141223476881995 0.146347463838491 0.0665291025892035 0.0489411738927833 0.158304852131085 0.153262197982798
0.0719695023376415 0.220535680133855 0.0177625077969289 0.0289238639206685 0.0979780445887513 0.162289391701139 0.179669359017142 0.00422475713039044 0.216646893373483
0.00174631532269459 0.126555211816909 0.0726035718572397 0.170785704052467 0.129586644167549 0.0735732303744576 0.219305041034276 0.188542379961758 0.0173019014126497
0.107640236577903 0.0612330863518978 0.138773500250742 0.165681806436263 0.120065970024606 0.0873583912366248 0.00250698043125539 0.137257787531284 0.179482241159424
0.03871092718539 0.100255643545951 0.232341927903515 0.120606787065947 0.187665866670729 0.093211033363046 0.122544377302904 0.0942788484001249 0.0103845885623933
0.188737409097095 0.0315823083679989 0.200659724042041 0.0355545839422587 0.0160884770653907 0.19177660992927 0.189495726309463 0.032351042982198 0.113754118264285
0.0119919368459902 0.128124166812856 0.151391646147823 0.17511577983983 0.123455550507679 0.0833881054915806 0.169901618478708 0.149522957041023 0.00710823883451049
0.201815666548554 0.0100807634817035 0.201172590350114 0.152852138474982 0.197415659134259 0.0183473759088318 0.0852083487392171 0.0901076726439775 0.0429997847183626
0.107392038553719 0.201313368486473 0.0940704198744741 0.0710751362973829 0.239230036742196 0.0786951057736535 0.00454918173611043 0.107813544500513 0.0958611680354782
0.129157594275283 0.185940869139552 0.0275724086807992 0.0158122698295914 0.0540838509742031 0.105872510769259 0.203158744522585 0.119273148103697 0.15912860370503
0.131887236503356 0.135993549926839 0.0646508971000851 0.0970611944480855 0.168422008855956 0.0591030131504514 0.170050126247869 0.0859888494444521 0.0868431243229071
0.0924216716474016 0.223268236925603 0.0562660492711047 0.0550145960034429 0.0581609905801736 0.00474270292697891 0.140839446192842 0.181647451488333 0.18763885496412
0.0163006688360708 0.144482382124451 0.144651388087293 0.044054694018551 0.153002514023975 0.174610615715131 0.160079069346777 0.00242954438255618 0.160389123465195
0.0628605016204121 0.188635526609198 0.130908156510492 0.15236170203331 0.168793921515332 0.16062188873455 0.0471649283014743 0.0650452092041685 0.0236081654710637
0.00800070696214596 0.0906445152418845 0.17120136900247 0.0493229790349231 0.129801786811537 0.113456800914428 0.186302946337543 0.100061658581448 0.151207237113621
0.129938483777909 0.0107729987698442 0.146226964222834 0.133138036614631 0.075153684071844 0.170572551384689 0.191246293711376 0.0719304911633966 0.0710204962834762
0.094253442329845 0.0829323405625189 0.217954625027647 0.213998458906188 0.0637425409058308 0.176481480166711 0.0221605222688826 0.017544174078203 0.110932415754173
0.0824273817967767 0.0578754700898139 0.00233866872477882 0.0730627393542762 0.063270479815153 0.135447838998689 0.236170397361753 0.201305760766013 0.148101263092747
0.0302830265093945 0.160113507015853 0.0235293421542367 0.0517233120420883 0.166645074900101 0.179144732474049 0.0939589818019654 0.140398669592183 0.154203353510129
0.00485166479103868 0.1523417724739 0.164551180006437 0.11888522715123 0.133142691457116 0.0221307368186936 0.0956436012102724 0.145564686737026 0.162888439354286
0.121532457925823 0.0489158780584321 0.170401380334915 0.164282767565799 0.16453756593045 0.088803776979774 0.0837142917758822 0.0569481854760506 0.100863695952874
0.105108502646028 0.10813204660282 0.161869150543496 0.0777877265025192 0.0832049896467828 0.152858462521915 0.13307015730272 0.164379783228132 0.0135891810055879
0.024590567159418 0.270617206699093 0.0112717007978699 0.273634848693267 0.0970208067786256 0.0201758664346268 0.181875790633671 0.0789913751757864 0.0418218376276422
0.14781392567683 0.176397817066749 0.215650054068493 0.0849293073518483 0.0613580157199495 0.0708434771350214 0.0345426869195314 0.126030579333274 0.0824341367283035
0.105834657424748 0.130971171824921 0.0333198458963352 0.137901926825205 0.159532723663853 0.164059561949183 0.0816223715276172 0.0937850324259985 0.0929727084621387
0.205070231073203 0.0561190869712901 0.15787730482931 0.174875975894245 0.162514567883668 0.0842939936885769 0.0824039954742637 0.0715705392244564 0.00527430496098729
0.180500421917205 0.112310132261046 0.167864898659542 0.193765854020002 0.170486317142662 0.0281639994525751 0.00789367303768152 0.103405589715101 0.0356091137941861
0.162828416543703 0.113185777393621 0.0989026233521639 0.0184299559545627 0.156252761754604 0.13944356181345 0.126266093342242 0.0190819347084022 0.165608875137253
0.230825016208349 0.0666651903434072 0.125699649200906 0.140901230865014 0.0423101631912344 0.252138027210146 0.00518451844365851 0.124087952645406 0.0121882518918779
0.187412797932275 0.129921497859667 0.0455917517457224 0.030277674609595 0.151705539926306 0.0771332048218821 0.190807175856089 0.164113285011303 0.0230370722371606
0.0788961585410793 0.146251694248747 0.100271391290341 0.0858982067712981 0.152076915971488 0.150593959965828 0.115754610549345 0.116951751125507 0.0533053115363664
0.0710243567463911 0.0214667734011066 0.223951655115557 0.0936402467658923 0.029725613771598 0.124564264041553 0.208351817909827 0.123141066247576 0.1041342060005
0.0260273525651144 0.185538450388323 0.0523932687816609 0.0939959027789877 0.0815545307037912 0.202226588356737 0.0863535552808332 0.199618684834389 0.0722916663101638
0.000605493178365329 0.0788341855112952 0.124123099648501 0.0105506196264658 0.178185789959149 0.255055914729271 0.0645983157991799 0.210027798544983 0.0780187830027904
0.0667177062304547 0.123684227677674 0.073795086955545 0.0262521404765475 0.10032506799319 0.202889984073339 0.136679833349428 0.108389975290292 0.161265977953531
0.252430510861809 0.200085714756871 0.125695939541071 0.119664632869895 0.00715704259517486 0.0124182159049719 0.0209194406397508 0.165262113316768 0.0963663895136881
0.141358576407713 0.082907462432859 0.169813207144497 0.165211257291844 0.0236980832801101 0.0245090108954287 0.004358450253332 0.210050083222633 0.178093869071584
0.167024675867196 0.0990381389266898 0.127961422973052 0.0244624651140576 0.0997096806569308 0.171130512301992 0.13254291480741 0.0968977496883327 0.0812324396643382
0.158185972420471 0.0780336431485563 0.0916863639529576 0.122135216341621 0.0829901650024562 0.128185504695816 0.118830448209602 0.0718276476801981 0.148125038548322
0.193588865206239 0.118921342280778 0.0757927862183951 0.0166419685242693 0.0421412766491794 0.183861641114588 0.155024372572747 0.0869892027158686 0.127038544717936
0.117290828904152 0.0703634561362652 0.123861840714055 0.131774746041519 0.122203642600555 0.0203582748294682 0.164679499358899 0.0946942529283777 0.15477345848671
0.141076870619509 0.0105605740209928 0.194956004492102 0.107066608656457 0.067202927521732 0.108447394418684 0.140874997409513 0.195239051002259 0.0345755718587496
0.13131528183882 0.163651641631071 0.169120019953062 0.079047494650985 0.1012247985956 0.0880829716955638 0.0550801262910566 0.0319405834308751 0.180537081912966
0.0370176623630894 0.140199893833261 0.182690905399329 0.193407578265294 0.105070848941097 0.057877979223423 0.146626378001367 0.0792015982698684 0.0579071557032711
0.0616163289298594 0.299030758712654 0.0103454672221182 0.0226066845253285 0.0349904299267454 0.294907879308665 0.127061917564557 0.139270402191862 0.0101701316182097
0.0379765625585782 0.0771139183641552 0.00028598985510749 0.127524210528886 0.207302132367895 0.261416412050801 0.0907760817501824 0.0999603261441788 0.0976443663802157
0.138769856758634 0.064116191043302 0.0119139895805106 0.191411179693647 0.163769522156113 0.0687902068235252 0.18375070516987 0.160977198188188 0.0165011505862108
0.170772161781462 0.0126098772555199 0.160016038111549 0.085770488031749 0.210288418619437 0.0140082835467789 0.0111403873411788 0.14430295007472 0.191091395237604
0.126956888873999 0.285722382825162 0.105230945708909 0.00850045750048628 0.120339285405364 0.0592637499510115 0.121897947204667 0.0737878870743816 0.0983004554560201
0.0795019825111017 0.285434970281883 0.163111431983103 0.171757969589322 0.120677061447297 0.095006597944906 0.0405455884847189 0.0170827046312793 0.0268816931263889
0.199109014073066 0.000574951266061462 0.133780623605736 0.210903957763513 0.152227915157852 0.068460188049051 0.0647713718110441 0.110312846763923 0.0598591315097535
0.0806351306152288 0.197247944229931 0.0323739903890425 0.0572049034085538 0.231287705156285 0.0628396489980763 0.0872856870246608 0.188204537796549 0.0629204523816731
0.135622259366331 0.057989034712369 0.0930034975954065 0.123327626410159 0.0708460128595055 0.14580899548676 0.165547496593291 0.10843677944124 0.0994182975349382
0.0283126320993082 0.219778592666149 0.0891754206538447 0.169657467929455 0.0238357883505584 0.0191152010940712 0.119706579681677 0.155072656225239 0.175345661299697
0.126921867428653 0.137821503565509 0.0239400418824703 0.113189045386595 0.0137064797286057 0.17053842139891 0.0737085480688248 0.153856659957146 0.186317432583287
0.0315426126967621 0.189564709566621 0.114448982487879 0.0876764133032247 0.115813605959912 0.0346991444253633 0.197365345518023 0.0945595466594642 0.134329639382751
0.0680348590483309 0.186879054038243 0.141994694016209 0.0235334463401985 0.159976978271522 0.0769933809571995 0.0418211309402704 0.149039974272873 0.151726482115153
0.128300152146427 0.151530734086357 0.0487090601546473 0.176360036670449 0.112677808975113 0.158910970341531 0.109019892825215 0.0623427558272014 0.052148588973059
0.237853655859843 0.220959974578737 0.102621691672105 0.0594809202614807 0.0154469274833644 0.184432275659687 0.00992883063269398 0.123665584286554 0.0456101395655339
0.114168965143817 0.126300764756278 0.133604685754143 0.0165894718168899 0.168558067130363 0.146982049832855 0.00507579711874434 0.123713178051173 0.165007020395736
0.0805335222239332 0.17971458560118 0.141549341806267 0.218585024663303 0.155552315143629 0.018787939959291 0.0576906552057575 0.0558627981420372 0.0917238172546016
0.184043095485418 0.0470181534473513 0.151564228313437 0.25799687814733 0.0914246496945134 0.0918212184039082 0.0699464280735181 0.00139953406693062 0.104785814367594
0.116640538808808 0.0497342598867514 0.0540876198533531 0.171385374091215 0.0882722574463355 0.1331873362107 0.161472205526317 0.156712062797207 0.0685083453793135
0.10496872460272 0.19728736003309 0.208331173875831 0.0990187657609185 0.170197829277756 0.016479887169966 0.192866482998348 0.00477493449184052 0.00607484178952995
0.0790087706729263 0.216656007640692 0.135241071230994 0.186350306625387 0.164140595363454 0.115214261332545 0.0925853775761277 0.00367237693840459 0.00713123261946865
0.0749635319732332 0.00377820406891405 0.0860287423220464 0.203597686358121 0.142327455481773 0.159062538028024 0.0105733002515183 0.126548218473022 0.193120323043348
0.181930049668537 0.0555351092281958 0.0735327621393327 0.07105741933325 0.174857649414988 0.157636497256819 0.207972880855178 0.00757848751288113 0.0698991445908196
0.148012046922683 0.0988099539362561 0.0960250419847915 0.0692075364025292 0.0902568179749892 0.17899724322486 0.104927466143788 0.0813191938755548 0.132444699534548
0.00854679569409026 0.21477578535539 0.0777321182566533 0.149450503943007 0.104005505388444 0.187194390246403 0.0979261928014866 0.0419249729321356 0.11844373538239
0.156958296259241 0.131706609423984 0.0225401108977183 0.100538938396826 0.0509137529644646 0.168294415348308 0.190355824826234 0.0128224978772138 0.16586955400601
0.00894188910892117 0.225626683484883 0.0518641606409186 0.185562607388997 0.169765978282558 0.134395071294228 0.00125016895331297 0.197727380940864 0.024866059905318
0.230783378052585 0.199852976286711 0.025233052111744 0.0209492863484571 0.0600436091432797 0.169797538060509 0.090970814965245 0.139630571787092 0.0627387732443783
0.154811225619992 0.0106303442330978 0.172902965718757 0.081157745997863 0.149643003862889 0.0145538638162817 0.190103326217582 0.166932689569632 0.0592648349639051
0.0957914926621502 0.0197591882506095 0.228924914741833 0.140911832507665 0.176613888862445 0.109360095643204 0.0890013253667821 0.0608300072043402 0.0788072547609713
0.297213551392748 0.0954968788960271 0.126212004892958 0.0427900230533635 0.040464560804564 0.220643131479738 0.0592583784366369 0.109311492237946 0.0086099788060176
0.014104196530688 0.11323898982774 0.0474525453708342 0.179045048235818 0.0277181593254134 0.186237984672908 0.16305837625298 0.0992293853721166 0.169915314411502
0.115668601109178 0.190495185353285 0.0495812637551121 0.181684864650544 0.0686943628890474 0.137218015502251 0.130240525228691 0.108969113307851 0.0174480682040402
0.182658834394762 0.175461464256418 0.160327707583226 0.0153600427878543 0.0995928163667134 0.172825188827251 0.0383311454868795 0.15330189456611 0.00214090573078593
0.11505796184385 0.0994884242441269 0.0408580131463294 0.0317166664455848 0.0849485600930792 0.176011992439365 0.18160756902122 0.09062518710547 0.179685625660974
0.0759552149738252 0.15613772182048 0.097714231896668 0.183179729784231 0.145610531097018 0.0521372429516908 0.0325937086666142 0.158761653454237 0.097909965355236
0.132664445322719 0.0929499927394848 0.0689425825617136 0.119316143561515 0.0394866333682531 0.0804832917422234 0.159627415717962 0.155235773404126 0.151293721582002
0.143054390723685 0.0624031343933546 0.156637160795347 0.116325617188244 0.0525962159375144 0.0328292275792564 0.138726800345493 0.098335471541653 0.199091981495453
0.154589471989872 0.132383475130842 0.0924180151652548 0.114072432678527 0.112989805674303 0.139468274570011 0.0992609223641786 0.138320066211268 0.0164975362157431
0.181991196408247 0.0469047368818819 0.0277447133225134 0.0178223569048597 0.173491345338169 0.0377964116537449 0.138079847790205 0.199042738338626 0.177126653361754
0.0737174430898524 0.187101942427107 0.0041160837171396 0.185487469420395 0.130255467202443 0.0166607295510646 0.143903461595603 0.115058426748742 0.143698976247654
0.0354626622848262 0.192085095925529 0.141821066957328 0.190281823408206 0.129321981620071 0.0364963249582516 0.0127095783860923 0.0806123308127967 0.181209135646899
0.236539470979142 0.261513078201489 0.0240094357985173 0.0062632454340664 0.0740518275034873 0.0683165146684977 0.00784251504881613 0.0231083157498216 0.298355596616162
0.158138465161584 0.110615376977175 0.172932413608147 0.143175997939972 0.112412010204465 0.0780514886143522 0.0689528153889737 0.0988670019912944 0.0568544301140362
0.182108362120513 0.12775358150607 0.103605979538844 0.0844297408595375 0.15143822061141 0.057490496328227 0.153753670417803 0.0122594962679518 0.127160452349643
0.00308334287298691 0.130462777163063 0.0618138567595662 0.228236540384884 0.13871928155566 0.00408092632412385 0.180321506706871 0.0346844046822815 0.218597363550564
0.142720892311337 0.032491383306898 0.177578878231285 0.116892296005812 0.052647753729482 0.125361920616463 0.0868974916599132 0.209894129427524 0.0555152547112849
0.0580770554459236 0.139297386977016 0.122317552982826 0.171556119782663 0.15377082854126 0.137267047875563 0.103352284580423 0.109164090850961 0.00519763296336317
0.116107881532531 0.0685593943943094 0.129492420319062 0.135942103317458 0.055816441999711 0.12476251896807 0.0899866874547867 0.130512580754192 0.14881997125988
0.0859119445123664 0.110969500556384 0.135563482942741 0.151795276420631 0.1101366241321 0.138093856211498 0.158761838122189 0.0484350156152915 0.0603324614867989
0.219794773001107 0.175698293575443 0.243723249126928 0.0452295727180291 0.0665828186844618 0.0572866177462123 0.0192713919429056 0.141089981722922 0.0313233014819907
0.14878167765095 0.154250476345294 0.140375633202543 0.0606642924205688 0.159040763779902 0.106335503563377 0.0712004868111411 0.0361980564820088 0.123153109744216
0.187044947486478 0.127527083946336 0.00092669175749304 0.192971753624362 0.176305542750283 0.104091334717456 0.0787775610194613 0.0521139804458039 0.0802411042523265
0.0725987851596546 0.0554126970377836 0.12327004059763 0.147147481640614 0.0239381001145127 0.165202166132935 0.174218804285368 0.0775493294198073 0.160662595611696
0.194046028257122 0.127847726889414 0.146628149135008 0.0100068146865571 0.21705492009658 0.108470375764604 0.0771165689161949 0.0965700979049923 0.0222593183495278
0.155007579836544 0.171489032777234 0.105970612433572 0.148002915367152 0.129471539023067 0.00430055779377945 0.10975814247622 0.0657144142577154 0.110285206034716
0.126100420637405 0.0381789182354572 0.00454188263766169 0.158200515819418 0.206984689171713 0.228840467416985 0.12229765244328 0.112149158529341 0.00270629510873776
0.0110267581276115 0.23247215520768 0.0503753590425824 0.0624760097605637 0.049049952205612 0.0874709468240461 0.0795859033220132 0.249830060605961 0.177712854903929
0.0234514940295968 0.066573085506495 0.0244979165633454 0.16615381273838 0.132470292419523 0.109819991708249 0.164342304593936 0.141440404051079 0.171250698389397
0.139323504962478 0.114687072797383 0.00407371984589442 0.134462780181542 0.125683069288754 0.109007660859683 0.161613500118787 0.0936469464416204 0.117501745503858
0.120374732998287 0.0535027845775483 0.170621789734125 0.0179709074779438 0.0826310480265075 0.132083628918586 0.187448020808342 0.142470199253901 0.0928968882047603
0.127658300016148 0.0888496070095281 0.155286135871243 0.128564329679871 0.0449826979412186 0.155733392023785 0.0791351007711549 0.108566154862445 0.111224281824606
0.134109962429135 0.168893571327134 0.0452392966916749 0.203267709996528 0.139098486415562 0.0343677203528707 0.0878474200220331 0.0275475639018034 0.159628268863259
0.0444171134516943 0.0871944692257152 0.1450147530866 0.0899525845077913 0.181567940822014 0.137053294547892 0.192505328414431 0.0286546973337915 0.0936398186100711
0.026309755029923 0.135299470372507 0.0517655155087549 0.167438989749233 0.241201611003584 0.229465332333002 0.0332398739362094 0.0609361110656026 0.0543433410011837
0.0228525743375484 0.184574322744629 0.181176132523503 0.10404240320143 0.10483973950461 0.0582977104894312 0.165554590645668 0.0301381322329312 0.14852439432025
0.127379189605397 0.25492494334214 0.219358070839538 0.0303004342534619 0.0243362217394814 0.168605060196555 0.0582095797630263 0.0934443525877101 0.0234421476726907
0.0776894909883823 0.120149054048653 0.1081930656118 0.017876698802816 0.156162312551008 0.115852458630804 0.173763721054461 0.145021479830654 0.0852917184814236
0.31566480770305 0.128427304081137 0.00357204639178784 0.249513930835703 0.0580991520400918 0.0198443352861277 0.0507500059674046 0.00250083338083689 0.171627584313861
0.0943630125565945 0.044176791489091 0.110431660049582 0.174684472680686 0.139396177686435 0.0982611081237397 0.142404167745643 0.189125735362261 0.00715687430596821
0.136225690431415 0.13532728227839 0.0532923610417271 0.085314248805168 0.199668027499643 0.123842423972743 0.114909308888686 0.0623620309074962 0.0890586261747311
0.0483058862633096 0.169923629643137 0.177041287790222 0.00468589504615191 0.0708806020888236 0.284547516679883 0.024187530452959 0.0153458496815293 0.205081802353985
0.258834111063008 0.0582400004769542 0.0475287887779583 0.218250028459641 0.186455781122071 0.0959956305184416 0.0383893077951239 0.0681301264755887 0.0281762253112136
0.0163052796002134 0.17059046649096 0.0305041501945773 0.108819528944504 0.17875947391798 0.0413987795977764 0.196379391283175 0.199490491259458 0.0577524387113556
0.111039660029411 0.036951686674266 0.153021937566128 0.13458140832702 0.134278887956075 0.140948015748363 0.0092198035154792 0.142395310869025 0.137563289314233
0.108235775422694 0.0576522773799593 0.0656999402115812 0.148900120122495 0.0919691238022298 0.167165840481999 0.0579571293369595 0.140162743859868 0.162257049382214
0.0659753585015323 0.186008797458378 0.0962632106521295 0.0673823065896457 0.0464195794013097 0.067640801773853 0.215821683265408 0.0414155009022131 0.213072761455531
0.164560224005192 0.0450779256017293 0.155089520750934 0.0521194561527419 0.177022960896564 0.117072873964695 0.0733398631395717 0.133383545021694 0.0823336304668778
