0.143320407304661 0.0076973857405133 0.132438835255228 0.215734356190057 0.165472600493498 0.233377906815881 0.0129962779285157 0.088962230271647
0.135904207273071 0.214739130183218 0.171746574571519 0.0522494349695982 0.00633697307454925 0.121340464667132 0.0854604314174933 0.212222783843419
0.213889048168487 0.163991682589827 0.0291646508918149 0.153617242708771 0.072969055790808 0.111240192809262 0.0829128524202734 0.172215274620756
0.0155927954597032 0.216267912394956 0.050617854644704 0.139241447490538 0.140952060707641 0.257695420232208 0.1268282399007 0.052804269169549
0.181112565034923 0.0761408169198551 0.0025442040428791 0.232001205843034 0.0842411750931192 0.293786437127305 0.0484205816288804 0.0817530143100033
0.0571708925207073 0.157012377019955 0.12247405570405 0.173346228302555 0.0871029328034439 0.221577258133207 0.0836802827147174 0.0976359728013637
0.104750508631595 0.0268835832840046 0.162047790252899 0.0756276362725155 0.203307862631652 0.0851696007119501 0.114482227629857 0.227730790585526
0.108787394154553 0.108857027797306 0.0289870730104208 0.165905159013709 0.205991277052529 0.209051642179861 0.0985527198201635 0.0738677069714565
0.122817794814946 0.1660455365144 0.109622688715295 0.248446096396639 0.0389719844784667 0.169387631479279 0.1405499077266 0.00415835987437479
0.180678076096376 0.134517462264148 0.135562113537033 0.246524412694472 0.00950097096072428 0.067645998924159 0.0171030213545526 0.208467944168535
0.0990948070567853 0.150238020402897 0.194874725322491 0.0869023431465955 0.179661084748761 0.0740120778458082 0.00651175593437463 0.208705185542288
0.140957345903222 0.19504348629411 0.119448212135504 0.0696702684838959 0.170952079378753 0.080026688072586 0.137556111074624 0.0863458086573054
0.115882483159387 0.22129897034142 0.204098590226465 0.157466565601143 0.0121493242500206 0.195318905047852 0.0606629414936594 0.033122219880054
0.205211762564727 0.0184468288757529 0.22571528929858 0.183506453222552 0.119072112036926 0.0770981991662373 0.13741207491229 0.0335372799229358
0.000948200859085547 0.199835679192103 0.0249915119374998 0.177923412856826 0.133202897129666 0.305211773716272 0.0382605063251705 0.119626017983377
0.0476368562650861 0.145911654431226 0.131449795879591 0.125444509312484 0.134623163695639 0.0934037041117197 0.00781673784332705 0.313713578460927
0.189372680933784 0.206863014920614 0.150609476523746 0.130273758988185 0.0537181024823751 0.1199412377862 0.00633200939345413 0.142889718971642
0.0342740354592217 0.252878964295455 0.145439216681426 0.120607921660806 0.00444795879098455 0.135226069365924 0.0905779275742247 0.216547906171957
0.261074403414803 0.23603227772504 0.0619454505058269 0.113108989804091 0.119346980312453 0.0711414233652948 0.10453711748244 0.0328133573900508
0.0648147672243773 0.137049413681784 0.149549485572123 0.0997819311279034 0.139582674217631 0.156631463614716 0.061398321767432 0.191191942794033
0.108636055038935 0.068069443419219 0.125348560613877 0.0546150128560231 0.112028171106783 0.12197550201535 0.197471732566403 0.21185552238341
0.127232487691232 0.159403878429 0.237692362435162 0.116710513087843 0.0463348627934789 0.072346002797594 0.177112494219118 0.0631673985465712
0.143030618302813 0.100658602054408 0.0939539971282499 0.106354167771296 0.162478324517584 0.136103548466039 0.171430530126084 0.0859902116335251
0.00720188332998327 0.190069939724273 0.127478779031303 0.200849726667561 0.189313678301994 0.0411395331203147 0.213670634436659 0.0302758253879121
0.155832609555924 0.240948761261416 0.033812851656667 0.144232073170077 0.0182344038862693 0.00207220780703756 0.257018133251425 0.147848959411183
0.067093870068719 0.0492983819003741 0.160221659759025 0.216001375327623 0.0541216937292898 0.147809411691488 0.0903911518498804 0.2150624556736
0.088952167611225 0.129246150271032 0.163940470073155 0.177873693375258 0.0498043084542695 0.114886875172548 0.133328079954066 0.141968255088447
0.0284255576875105 0.0750989639739081 0.103349939916872 0.0590894383843531 0.2402651295205 0.213382880610341 0.113355608805096 0.167032481101419
0.171018116563652 0.168130384020073 0.0421176663722064 0.190216281715275 0.212026106584473 0.0427369038402511 0.159744073317224 0.0140104675868465
0.0475436368014966 0.0944195019577741 0.144145221185788 0.142648572551378 0.134735376623574 0.123737601206764 0.178770666388599 0.133999423284627
0.192632785175214 0.101190233591156 0.194227484723469 0.181897609004219 0.206301724380387 0.0291010553525927 0.0253666789152263 0.0692824288577357
0.172755535798941 0.0488354680548046 0.170899679029813 0.102327635918143 0.109992617039987 0.0724974951074112 0.0743769711148304 0.24831459793607
0.108957057531103 0.121533348739674 0.156196972069847 0.0379118287317707 0.175164881581731 0.177702432512068 0.0571302125302796 0.165403266303527
0.0221227633189991 0.187083527576085 0.111622145120154 0.250663308946671 0.216732677947003 0.160890343627673 0.0403649605503812 0.0105202729130339
0.0844361146526956 0.0981144158619314 0.102520694453779 0.205583834031666 0.180551017095548 0.0236043757603397 0.0521187413026686 0.253070806841373
0.138215239708031 0.0854950548656625 0.173507476757569 0.139298656395843 0.21413710697181 0.0975357960397361 0.0672445690600658 0.0845661002012822
0.245922142078845 0.0850686234524323 0.152824143502714 0.0299242560385629 0.173727089662284 0.253919098356769 0.0572051220256337 0.00140952488276007
0.19215785288019 0.181346986498287 0.153296387817144 0.0970777242035622 0.213344196213243 0.00649571759494867 0.155018615434074 0.00126251935855111
0.14379111640345 0.099536370154958 0.182835861949049 0.178061192649252 0.0217058591834048 0.165553375077668 0.117128306391816 0.0913879181904028
0.0264656943916605 0.23927990874707 0.0119578336442756 0.0175233983533886 0.250204796706111 0.270470367041793 0.137853544730723 0.0462444563849773
0.202764722375128 0.168607074209181 0.133392214359167 0.142268278780837 0.000392736125902996 0.206077102203987 0.0568210712455337 0.089676800700264
0.23634528901539 0.127512240665919 0.0447845900329323 0.219382556746139 0.0483809058611759 0.0414944288296241 0.136755052652171 0.145344936196649
0.10582058767035 0.105929347751633 0.216129245536109 0.148195475155739 0.154082210985748 0.0443865141411898 0.175297119352735 0.050159499406498
0.0495016254882331 0.00371848584959419 0.281169822416911 0.142186831704145 0.137911123565963 0.116121544619478 0.109936813847586 0.15945375250809
0.17248380554291 0.0542535629627342 0.0313897576890528 0.137310001090871 0.0799702536363385 0.177271165266249 0.188036284867611 0.159285168944233
0.0520270686456894 0.121842905461248 0.102103910437686 0.241722610160231 0.192064046395644 0.180586529758733 0.011661560976988 0.0979913681637806
0.0640137646885643 0.154574387187387 0.0385470071165885 0.0396952356059758 0.285036148366113 0.169313278285484 0.154208058933959 0.0946121198159288
0.136101581577103 0.151829406019065 0.163319163650827 0.0542264372823428 0.165938020968322 0.164983973646531 0.0767714632619893 0.0868299535938198
0.182765342253091 0.247477161346651 0.138645632750862 0.0324886576783973 0.0468167653934809 0.0240021404107968 0.235671318339453 0.0921329818272676
0.268773541138843 0.321655150017405 0.00651470076388075 0.139735290147644 0.0790036954713954 0.0813827030561687 0.0956437555131367 0.00729116389152708
0.047107783750124 0.195541476106191 0.160465039096435 0.0872533973885024 0.125622979969685 0.161414110970879 0.0655888341401026 0.15700637857808
0.18856037540181 0.159737807451267 0.107822975980802 0.115791508929412 0.166913131401126 0.0319575268226428 0.198739218722346 0.0304774552905938
0.0738528843590469 0.213786770789979 0.0108650466831268 0.00579540353346293 0.070284049590245 0.0655093186667082 0.287468149618735 0.272438376758696
0.268214089842825 0.100145627986327 0.167150130005173 0.0421736961516253 0.0416301456480224 0.029178074254618 0.289330528704518 0.0621777074068917
0.162334439461168 0.257938084517488 0.166129546684082 8.1558720267556e-05 0.188654957915851 0.165308392060673 0.0125923885978214 0.0469606320426491
0.167669636960527 0.183676356248214 0.0783027098843757 0.0783822584140608 0.153001558954262 0.173795520890741 0.0978331111593001 0.0673388474885195
0.268779345410015 0.179956307033938 0.105696926617771 0.0985128734091529 0.116345150485871 0.0345907598909277 0.0871647923454952 0.108953844806829
0.3546844156063 0.0215198934234122 0.163053566596675 0.166563326019702 0.0118068407283568 0.0486445247905652 0.187278949617998 0.0464484832169908
0.0939671879162908 0.222704011941702 0.0270465147824929 0.17559052428405 0.0876192186696117 0.045480297430833 0.190697604531273 0.156894640443746
0.0746466816988596 0.0253925558083059 0.215193812780792 0.00972381753284016 0.0719323054753091 0.23752854196575 0.11632275108559 0.249259533652553
0.17032293173069 0.0370099900445529 0.14083766432462 0.024952880093187 0.165302714876425 0.181192009808377 0.132031679659872 0.148350129462278
0.146408556644749 0.148658040334461 0.18411732807603 0.122685746065018 0.112228961819821 0.0557813852799776 0.0519601467910331 0.178159834988911
0.161861542933595 0.0675268725692129 0.0630415279915067 0.222125612568583 0.0680451502556764 0.0175801281640144 0.184263612929025 0.215555552588386
0.190581796518377 0.168645199023599 0.109453335502937 0.00956125061217618 0.198576644956589 0.0182116913276075 0.0723675417452835 0.232602540313432
0.0612085027295448 0.212072003833284 0.169712372319438 0.0722050170277266 0.11243531482711 0.131169432227806 0.226808194768072 0.0143891622670188
0.249067861209445 0.0342124803015712 0.193662203705839 0.205934205034245 0.0771530385775832 0.0399217164596961 0.000171395641630358 0.199877099069989
0.121365853497543 0.194185536782746 0.21810962299226 0.120255164176616 0.00749509227550455 0.0541838681483144 0.213146433268124 0.0712584288588921
0.100428423389019 0.211834097990033 0.135865976810439 0.193332382834544 0.165988822227278 0.0283609638426209 0.0684824142460804 0.0957069186599866
0.0116497386661154 0.180311490784325 0.220303600935145 0.101682887565864 0.0328309744907842 0.193570933116735 0.152061586167977 0.107588788273054
0.145683752193637 0.145850370643366 0.165806198284878 0.0650294911357192 0.117739256332993 0.113905546494524 0.111984277259794 0.13400110765509
0.222660947218676 0.167686033414325 0.0463144870523329 0.065087248338237 0.164602940959996 0.142675803118638 0.0895793618351694 0.101393178062626
0.12249378209127 0.150422933171927 0.14629166381303 0.114406949965217 0.126121378718846 0.114146857160468 0.0776978824510462 0.148418552628196
0.0806488395965924 0.165933052571537 0.137731075850375 0.152701102543338 0.169439217844276 0.184740128478674 0.00696026328814348 0.101846319827065
0.000257265828055848 0.183864689867949 0.132549357733274 0.213861041035214 0.100755205536832 0.0105625256597798 0.164196539515154 0.193953374823741
0.18780892472152 0.0214981542446675 0.17250297716283 0.0749364138175949 0.0831316475677822 0.152260275818 0.0762859381960873 0.231575668471518
0.065695901512791 0.0410289134755547 0.151800865149807 0.0781998858522059 0.134200031802453 0.164013950395831 0.185767789503799 0.179292662307558
0.139187928038711 0.150728161559122 0.158184156111986 0.129589821701253 0.148793182684284 0.109685104484016 0.110177278527244 0.0536543668933836
0.0115331369926315 0.0383068785761952 0.18415209740191 0.162391583522842 0.241853258175458 0.17159024233456 0.109274488833447 0.0808983141629565
0.179455358362776 0.174238902858496 0.180489576384096 0.134251977737771 0.0381644365338851 0.0173290895682026 0.134577071407091 0.141493587147682
0.0832783492797797 0.230667738162349 0.162199300867163 0.045061882196875 0.0587460724933871 0.181490370634677 0.227854741184681 0.010701545181088
0.0910818735335083 0.142026689431693 0.169312999943339 0.0214398407282951 0.135686967058545 0.222600395702135 0.00802711612965429 0.20982411747283
0.166795787907446 0.19672152992864 0.0385310680463448 0.0907978028444317 0.173530232509946 0.0751830674962531 0.146387694083855 0.112052817183085
0.0920862707343986 0.0501316879632978 0.0670733365404367 0.214985375951531 0.0877785752134164 0.194867571394827 0.180103485826513 0.11297369637558
0.00955235100007074 0.201599679111686 0.248538864003856 0.0234137973061023 0.0981376438707971 0.121780898802188 0.219984559349266 0.0769922065560339
0.15182675765146 0.0237485343876691 0.225535624670991 0.102151584697243 0.198729439730353 0.063084301572886 0.19979764040832 0.0351261168810773
0.0347471280539997 0.0718294478422463 0.0174930090964776 0.269150297420192 0.0839741377314295 0.314671633411984 0.0491320120354287 0.159002334408242
0.121447241130075 0.230138503353777 0.137830627063232 0.18395704600693 0.0967328363488401 0.184281811189307 0.0147951259390583 0.0308168089687807
0.0858090509281918 0.14837817796251 0.120670777993803 0.112727746150264 0.0602187086995602 0.268049633606871 0.0537390674704867 0.150406837188312
0.1324330923018 0.0791339078119661 0.0424357005863379 0.416406447919557 0.0800141383661748 0.0841781790198088 0.155619857823191 0.0097786761711652
0.0523367253508 0.144020076846403 0.213151145408885 0.0428815350180483 0.219253400940301 0.0325284569368646 0.167521072792321 0.128307586706378
0.166031116211424 0.221519104060276 0.131398871211366 0.219933725554926 0.0279473999940928 0.152615600052155 0.0581357005811568 0.0224184823346042
0.128068616071425 0.0852032942967627 0.230999034512034 0.0503637439255544 0.0756363545429637 0.130853223251347 0.0734089670188989 0.225466766381014
0.221608349600778 0.0433169086369389 0.194673885807713 0.136392240719039 0.0946363419465469 0.0533542138599946 0.125308444070456 0.130709615358534
0.187786592190088 0.155578962169636 0.108503057481495 0.0574325975779951 0.0766476883016874 0.188860552867531 0.0579224703775483 0.167268079034018
0.0563306193548995 0.186276683382201 0.0339984890620634 0.100055523092072 0.213490862219261 0.205707996323024 0.0581700253676135 0.145969801198865
0.194076561372531 0.305682957395313 0.0272316603223114 0.0364427323175293 0.0836657197018873 0.135488648037552 0.157819035258604 0.0595926855942713
0.282743108856855 0.109821014735326 0.0723582451890944 0.155895775692549 0.064732325505798 0.0977163855209966 0.0416733393866359 0.175059805112744
0.142982472791637 0.0449342906669905 0.130957747957644 0.125484556709084 0.15518146871648 0.135462500206544 0.107291065345245 0.157705897606376
0.0404581949186729 0.199228294721937 0.186637236273127 0.114060800375943 0.184464790623783 0.128608774907123 0.125643591504869 0.0208983166745444
0.217759172404795 0.0487095318142751 0.168567923318154 0.103943490276345 0.116077407948996 0.104846907146618 0.0526713353156811 0.187424231775136
0.0699619746158402 0.224383027797045 0.249740703365399 0.102589987348755 0.0846533031421896 0.0465159101210783 0.157225092868763 0.0649300007409285
0.123514746749475 0.127851159960827 0.148874296545579 0.224943485210136 0.278975466834143 0.00627010749250367 0.0730097917950365 0.0165609454123
0.210460811882639 0.10097654410814 0.0563899735271709 0.06432863094489 0.0903257102187075 0.102315412313718 0.147825357834284 0.227377559170451
0.176373434026809 0.161478788936553 0.150886186602879 0.160746511775574 0.0317736302297328 0.10769936342621 0.165307180977686 0.0457349040245557
0.0244980455434639 0.0459062584984616 0.0223740266007539 0.273479211798611 0.177449923502168 0.102133233652636 0.116453660684622 0.237705639719284
0.0613760818000037 0.127251985620405 0.248219248860353 0.0130659291788474 0.14636157980933 0.0499832334173958 0.264894623707241 0.0888473176064236
0.0722579945548053 0.0182833077275997 0.0644882466608036 0.380822021339032 0.0801539015396883 0.161649641946746 0.100499496384121 0.121845389847204
0.199039384503967 0.0710825234555143 0.0963524339180898 0.0610933649372816 0.158579627154655 0.149606584238095 0.107646610219236 0.156599471573161
0.107021230702109 0.14747702836194 0.175220125184806 0.124920639974807 0.103061050802395 0.117507144483478 0.116161606595535 0.108631173894931
0.126393492189549 0.148653532072815 0.110637340668598 0.130117641495773 0.046468062685496 0.0752774530325 0.185375219972679 0.17707725788259
0.0958186323404973 0.158920628406955 0.144491208501297 0.0331235139858549 0.116823164580199 0.140625986386586 0.128825844024279 0.181371021774332
0.172427597753747 0.000329627774359608 0.205649742250577 0.197477821733512 0.110933261445822 0.0200232188151955 0.201486962159117 0.09167176806767
0.0198758800797986 0.202245634801875 0.142925121463496 0.133154681361793 0.0938040814206668 0.147436909090501 0.103421015610754 0.157136676171115
0.00320122290337462 0.163165370039766 0.00821752795631824 0.130242910391819 0.273951425869687 0.0313352556719743 0.178071974811509 0.211814312355552
0.0505524438763735 0.0516954502946624 0.180487700650827 0.159904793884353 0.233252728868187 0.171228993944242 0.0940747276046752 0.0588031608766801
0.208414038756752 0.185074845717907 0.1081212014766 0.138419393787386 0.188629027927979 0.0477176994211246 0.0571153153896289 0.0665084775226228
0.167377507199303 0.0682150834431764 0.105593436464558 0.094056650609479 0.0312754919674938 0.0194475818487151 0.229874728121846 0.284159520345429
0.241662925712063 0.0862469499279017 0.146886755999034 0.0548232284173994 0.00272848223515278 0.0640286935800868 0.233485279334439 0.170137684793924
0.0445106616128201 0.299161177243326 0.120432148899687 0.0581276339305044 0.0638834128050434 0.0369634421289104 0.0905032530513247 0.286418270328384
0.127820106686734 0.157394373632336 0.0509825855856089 0.131535942739516 0.168176053426365 0.109091786818112 0.181938557354476 0.0730605937568521
0.210711359697363 0.17698554747565 0.144964751263317 0.0186914434887993 0.129069780958639 0.152032684513066 0.0781809440485959 0.0893634885545696
0.0790783901736032 0.240921007794551 0.233883741131431 0.0504117036284244 0.153180688251898 0.00258280499806232 0.104522784762797 0.135418879259233
0.138804659679463 0.0437493707189844 0.197666262622818 0.18344915267103 0.0286930550226389 0.0602593196653105 0.163985483600453 0.183392696019301
0.165412162121448 0.130591366639361 0.192394421771684 0.148448803860951 0.0188391961579208 0.109571423955745 0.0440356402211315 0.190706985271759
0.188876424521591 0.159388452805625 0.136151108745728 0.196716665687657 0.156387366364339 0.0232892532952601 0.0901435420529079 0.0490471865268915
0.113599866055832 0.120690657698713 0.109934723067647 0.176775351409929 0.162430597946209 0.0566539474603975 0.0890619096016593 0.170852946759614
0.0724046529588959 0.149952802162955 0.185341427105066 0.157447536336777 0.1180256229863 0.142709232926361 0.148508096923579 0.0256106286000659
0.154669071303914 0.15041858380347 0.1481261394941 0.135385044073323 0.156776779551593 0.134105374579206 0.0921414926167858 0.0283775145776081
0.215966295068818 0.12149353146269 0.0557217156881438 0.147752341599234 0.13644513554883 0.107538804872066 0.0601783716552954 0.154903804104924
0.159783085015347 0.110811999803694 0.129452088836898 0.160353865499942 0.109149132717391 0.0651260221956414 0.109670703859303 0.155653102071784
0.157407283414991 0.01226656743915 0.171749542012206 0.245208310757076 0.0283053259717428 0.00721321180604149 0.153811444955604 0.224038313643189
0.0626416240144392 0.277392918288471 0.0529895968692144 0.078469700383821 0.071572980930156 0.0146445256597584 0.319327834985314 0.122960818868826
0.0861806891662394 0.104402389764907 0.339315281880566 0.161089408713964 0.0256439621278008 0.0628040393015458 0.159393234371049 0.0611709946739276
0.0329421095511846 0.0984335504662232 0.0682128828012789 0.292827214389632 0.139594864619984 0.0793033343129089 0.132220088182855 0.156465955675933
0.216043392382702 0.144693840405665 0.1168507637315 0.0596645301052871 0.177206774203247 0.0624801011960136 0.116622518303346 0.10643807967224
0.268409815699131 0.117828048107097 0.0960601345489033 0.138092699152688 0.0648254051984871 0.0723201631350221 0.0472827032737786 0.195181030884893
0.0352640464129673 0.0765235010746122 0.0291781456303766 0.0649575683091229 0.21858418375886 0.295389376242539 0.184304000970653 0.0957991776008695
0.111498564768573 0.119668403708221 0.240331893972927 0.242373606569928 0.0373211500330688 0.153266691986517 0.0240742214824945 0.0714654674782708
0.206922443344474 0.1952539732414 0.0430063581954406 0.109325673940201 0.116978330517841 0.169329008262081 0.0767256015391171 0.0824586109594456
0.0320576768002515 0.0634252502528044 0.184652836783031 0.184818530265401 0.0951069960987152 0.15586551618724 0.114455710249376 0.16961748336318
0.241156536443283 0.19765448310412 0.186417786941786 0.0405031356673273 0.0778449051758778 0.119566979776449 0.0179860742967094 0.118870098594447
0.142970361244325 0.160691253559812 0.137308040810747 0.223666944069011 0.18399601414289 0.0184385769556186 0.116805350436993 0.0161234587806029
0.152439008982428 0.347990496199236 0.0913959111889669 0.103794401436836 0.0640756598290535 0.142934977660101 0.0410778689408756 0.056291675762503
0.191557308615283 0.0971852538124608 0.0342929946528796 0.0831459642218846 0.190050334355983 0.20231828379737 0.0277414266269655 0.173708433917174
0.0511925527170593 0.13357540184977 0.287733608090312 0.0419984676082773 0.200638832286104 0.172516391874715 0.0280161374247139 0.0843286081490488
0.0787433967897913 0.140736022701102 0.138060257811156 0.170218072151325 0.0504815967693108 0.154520318450635 0.138798360281414 0.128441975045266
0.0847145346284234 0.116348638227882 0.134177534384004 0.0825573901355769 0.0352613629448027 0.255177684402145 0.233524574822198 0.058238280454968
0.11739012044533 0.101372898691185 0.00106267103339259 0.094951648957649 0.171127063739271 0.252096966914834 0.0187653823296739 0.243233247888665
0.245002968076983 0.122928980078237 0.22025124957667 0.0814110601843286 0.139988483846263 0.0368531364913452 0.0196893678279132 0.13387475391826
0.0960127368793265 0.06001710732727 0.17023813118332 0.111647886307119 0.0109080836637141 0.130342605115586 0.239846144228109 0.180987305295555
0.23265772118868 0.00228736106538255 0.129514145620347 0.0571136043123122 0.122763423040053 0.220282429578983 0.103216076011266 0.132165239182976
0.0413451579086644 0.0478676618037365 0.209520856587672 0.185771290992331 0.0137933143667801 0.251620099887225 0.0333630501349098 0.216718568318681
0.174356523390626 0.0302871993858802 0.0539826313492485 0.169914039108858 0.140267058695108 0.212719377568684 0.113856799448447 0.104616371053149
0.0108069628263827 0.149262900988494 0.336290990752323 0.212916165232749 0.0999311703647017 0.0240269158317862 0.13190457515414 0.0348603188494224
0.208308719475173 0.0047663982525734 0.0896610809804947 0.124247799918416 0.130556526227747 0.269957732704022 0.0175729595111501 0.154928782930425
0.112344642727925 0.167133755055634 0.121291277392302 0.091444444129098 0.079723060030601 0.265574157484713 0.115783865204011 0.046704797975715
0.124544536652012 0.0713199570772013 0.096735883187962 0.173309949358602 0.115908801713809 0.0270562916928287 0.220248307983429 0.170876272334157
0.0900145282129848 0.0309659568313063 0.0679320157709808 0.223130089794635 0.102686564930966 0.0925662012709448 0.193777790070211 0.198926853117972
0.0442966627217597 0.012602150281797 0.0286689130982853 0.302947372119687 0.20314535363499 0.0528035782330945 0.25580013441496 0.0997358354954257
0.198967159162409 0.0174516097651547 0.110117280013796 0.0717343380154541 0.126603986514967 0.19041396059781 0.201545936259084 0.0831657296713246
0.00987700790470274 0.00529634713180614 0.112925694446348 0.202656726349965 0.0880144449316896 0.219047187202475 0.176802542738198 0.185380049294815
0.159230465735631 0.0484541343279899 0.210919131851945 0.061450514491041 0.158450981326946 0.0327305201036397 0.129845027764663 0.198919224398144
0.0127358004183403 0.227786191855616 0.0149077762015134 0.193675430847399 0.158447381246326 0.150631259355142 0.194795106210797 0.0470210538648666
0.0361345456403554 0.161920721814743 0.0482501527762078 0.104004353873679 0.183700502029702 0.156665131206531 0.126966565351322 0.182358027307461
0.090341683387748 0.0412844477466004 0.0494346669092804 0.128504295186766 0.208502456825315 0.0331085328713863 0.250834319660391 0.197989597412512
0.202594087455499 0.271502102071308 0.1198656289604 0.258091831888386 0.0712421799708035 0.0540066812135262 0.0221417346297987 0.000555753810279057
0.0465758515116829 0.151246402438693 0.203895477420626 0.170078826439029 0.0331668066685926 0.0716234319520259 0.1566598056544 0.166753397914951
0.0742414558410994 0.165672312981956 0.0961732731745919 0.110423981882859 0.061515066589099 0.196993423147275 0.146373882358542 0.148606604024578
0.0685048751350739 0.187754582211308 0.152343771398999 0.0888315410433587 0.14051312286781 0.117470160204186 0.0646257471146287 0.179956200024635
0.217612544205043 0.0910348147387813 0.0500400377054779 0.0550506790702729 0.166255541714007 0.157700603807973 0.0924360757924168 0.169869702966028
0.0483999127608613 0.190496310991453 0.188252931782102 0.0602032543527321 0.205736483253093 0.0595842088232933 0.21049236688665 0.0368345311498156
0.00160118751525601 0.152245818368989 0.252017992916363 0.159018133770525 0.158936181359844 0.0470389947763189 0.0973791697944768 0.131762521498227
0.261765617735726 0.00735082333643761 0.0591591109844338 0.246897363411659 0.0404710672256493 0.181097293812176 0.199815605424245 0.0034431180696735
0.0703322957317475 0.0107438886364344 0.00194329730827759 0.251401804019223 0.0226557644667825 0.242051546629303 0.246724293876843 0.15414710933139
0.209529803283878 0.0164772558459767 0.200509274673003 0.134786420773289 0.133899498303077 0.0267430742594801 0.0431073121208545 0.234947360740442
0.0115374133328093 0.166489657227378 0.0214521208780485 0.182041938934712 0.161842736598662 0.174686835439613 0.103443690992494 0.178505606596284
0.110140360549932 0.0662152107971855 0.180672922847161 0.124900685399234 0.181004077329603 0.153010221912609 0.156186280668526 0.0278702404957509
0.050376953568949 0.0640869133640375 0.16909598037381 0.00244252772740902 0.0361687370624896 0.403757925301932 0.164697997180424 0.109372965420949
0.303048368909591 0.057186721270563 0.149967825257777 0.127618904142369 0.302575552679088 0.0346346578349911 0.0207287765100565 0.00423919339556374
0.17408082146471 0.0116727315288486 0.203104425044756 0.173687993387813 0.0877084617292221 0.203117229496768 0.0155106258426784 0.131117711505204
0.204686596199149 0.00829772852095689 0.143722556626569 0.172314252335634 0.190005428082534 0.021751740944461 0.193309774764187 0.06591192252651
0.212250432976062 0.13728637418939 0.0202683895266023 0.200915289379768 0.0599240191923646 0.137779456010339 0.188455056427856 0.0431209822976185
0.0164425470646474 0.030918741388428 0.148871124943677 0.166735090493109 0.19166620809485 0.057813204582262 0.30835467377887 0.0791984096541569
0.000212002845547689 0.0566815357904364 0.137768956886197 0.212153700812762 0.010923295723325 0.00375607945365839 0.275148276065071 0.303356152423002
0.217934128942019 0.132842188838602 0.0774174791606332 0.0384196894062815 0.146042621565503 0.185612444998384 0.0448508009678708 0.156880646120707
0.171954319569783 0.18491198974238 0.183986955495708 0.0693855933097817 0.0153122320767067 0.111282722175955 0.104773574439086 0.158392613190599
0.199021955122874 0.178334839100643 0.112781093792843 0.0094738389045556 0.216703195140012 0.0734570572900822 0.134461551338368 0.0757664693106218
0.15756251767354 0.235440545031367 0.241482336777399 0.18199961988991 0.0649366903693723 0.0187167568119754 0.0433145381912963 0.0565469952551405
0.0947858216980448 0.128606423174513 0.0950795484029136 0.0879692772858772 0.0882897385310292 0.0268754698066181 0.224650854618859 0.253742866482145
0.202843640057541 0.0497494399007353 0.0491639223540366 0.146331499695325 0.204207294214972 0.114925802440817 0.11252994452779 0.120248456808782
0.0460925877893235 0.0857747977820108 0.171530760517962 0.077469030849651 0.185001122865277 0.120465682137554 0.100156126357371 0.213509891700851
0.0502187302704209 0.220614030407174 0.0362029756528605 0.0388695490758702 0.105555124481167 0.230705154201996 0.145799923346534 0.172034512563977
0.230203383258174 0.0983841941613409 0.222309907560756 0.119124208454353 0.178901505421515 0.0439332165741798 0.0857712835908321 0.0213723009788486
0.211329122903321 0.0113499475348467 0.0701868033036461 0.100001390323195 0.16725511181337 0.175666437599805 0.180758668431633 0.0834525180901832
0.0469168074579408 0.153721370640373 0.0836784046224942 0.184619126433095 0.182072920469087 0.198251998492884 0.0872860802630381 0.0634532916210879
0.0103594116971017 0.0983786585967645 0.195772212859412 0.15773429586214 0.141543763370705 0.154308506547546 0.141658556882743 0.100244594183587
0.177714586991393 0.164845100576478 0.0254492508419243 0.107139470884473 0.179606054618442 0.134685395165743 0.168229648708622 0.0423304922129249
0.194868593694223 0.245333959382872 0.192270743556662 0.0563069325429125 0.000356700998509164 0.0383107395650132 0.00353396746213952 0.269018362797668
0.0897547516832276 0.1180152229786 0.134540161555513 0.232084468597255 0.197517759650009 0.0433505684272945 0.14481471866115 0.0399223484469511
0.123348817367757 0.0780265021461941 0.186208247515422 0.225467317446326 0.10827424664081 0.118311266688651 0.0345208235440538 0.125842778650786
0.0266824329833611 0.0338102038382391 0.152129738858731 0.16906296470347 0.193372453273691 0.187277896018163 0.156741628160023 0.0809226821643211
0.0236681622238835 0.0467589306926352 0.201497292043128 0.200844749396007 0.29029729179593 0.0331246857612782 0.0098485254460739 0.193960362641064
0.0065547916283209 0.150631759248486 0.018521803486158 0.0668272694772271 0.250278037710385 0.209201882920897 0.286049040170277 0.0119354153582501
0.110593726288593 0.137599514208363 0.0615346362940286 0.0416988405585642 0.163850097365147 0.173591946516652 0.11653997410776 0.194591264660892
0.101905293068106 0.172042085837347 0.118435647164589 0.222049080737851 0.0267276655655578 0.285470665610203 0.0578974736480586 0.0154720883682887
0.0219682503577961 0.253764065089176 0.199872886397464 0.0383657244970252 0.0188166906157619 0.182802301817793 0.0424413101142695 0.241968771110715
0.045074023964391 0.0463627737317856 0.0237905283226619 0.154076518117634 0.0918899905423066 0.244660874818133 0.343411176524315 0.0507341139787734
0.102254328594687 0.0706621018285485 0.181144250970231 0.0588066414425628 0.0563650365530897 0.172717433946683 0.182226630328554 0.175823576335645
0.22424432893793 0.00350081987180214 0.0159035973047226 0.0681757727899654 0.166973058477034 0.197778310576583 0.0659371953741954 0.257486916667768
0.19617214668945 0.0430958536547954 0.159914091371897 0.173372315251493 0.182453150543906 0.145710957658339 0.0513374432611191 0.0479440415690006
0.051842672256623 0.205567198818198 0.325273239238762 0.172115003167787 0.0152392523132385 0.0187810782556604 0.197779040543066 0.0134025154066644
0.240031965383618 0.0493529657942974 0.0836385853863898 0.0773565280852199 0.0839171215866356 0.162212331377888 0.0585652486473631 0.244925253738588
0.180190610423631 0.0412713804590163 0.124445927485051 0.159776403450357 0.0409175453991564 0.164764219680558 0.11028475850311 0.17834915459912
0.170130829517683 0.168037011070051 0.167608482005247 0.0449885724114931 0.101076445598288 0.0948125177605872 0.118592353899895 0.134753787736756
0.0272978936391611 0.0836347045367154 0.0518205899509772 0.199187874363151 0.177803140035256 0.12672820390122 0.131247691258079 0.20227990231544
0.15564121306984 0.181273256624055 0.154440340335033 0.0340469402159718 0.19330572475673 0.0661685357084288 0.169462613213364 0.0456613760765774
0.0376731173376424 0.0256464632013808 0.0446982413019231 0.201832579280969 0.0903832569317537 0.274434111934814 0.0485463985880021 0.276785831423515
0.00877917897290518 0.0948174937675582 0.154567817773431 0.0912141460997226 0.0871277869321005 0.332094568083798 0.199290360556503 0.0321086478139814
0.107740659974351 0.069392621570163 0.145580906730408 0.0262731687240939 0.161134356156267 0.139515823205911 0.170404709755542 0.179957753883264
0.200481609230324 0.194778373891209 0.00227669889857457 0.120091363806626 0.0980134675614091 0.163537702671316 0.138829945087751 0.0819908388527905
0.0123518706287105 0.00278558297273919 0.193138473015056 0.0637002723690515 0.183512151941377 0.160936600888025 0.178480547168804 0.205094501016237
0.110245334886599 0.172060620674721 0.164528277836893 0.271269243346099 0.0243072634413741 0.114109964042317 0.0089061460658723 0.134573149706125
0.142915618941364 0.0257979895891297 0.178817806878534 0.182480191281247 0.0424959065385471 0.047042267695509 0.182124427984687 0.198325791090982
0.240841409157153 0.00132530535869458 0.306809871197955 0.0227570235147076 0.0938155848485421 0.103393637766283 0.139830230930132 0.0912269372265326
0.20301073923458 0.221639989614775 0.214356193287278 0.027458014265465 0.270488862156197 0.0261047181170613 0.0155337872596839 0.0214076960649599
0.158283476688691 0.136045095642327 0.0645954228944861 0.0580796936349061 0.117492940298455 0.13338935384329 0.177320544424111 0.154793472573733
0.138896649936517 0.0600640092909663 0.117775901685231 0.150928341641042 0.106780628714344 0.122725542715825 0.14803173617976 0.154797189836315
0.11686206652009 0.135274103787205 0.179719647514411 0.087262863886327 0.106738344002726 0.109887105999008 0.0492432525554331 0.2150126157348
0.105332334259485 0.20640219464297 0.262537299248049 0.0449243316362431 0.286005321379819 0.0321684316627216 0.0543420239766393 0.0082880631940723
0.26655415518884 0.0407792238949917 0.178182338657418 0.088061558280384 0.0683518811281549 0.0277270440385953 0.148826127945947 0.18151767086567
0.0759932197310124 0.246308569105105 0.0728658476026206 0.0475419701114152 0.282039398104892 0.0661645471332852 0.163012530099589 0.0460739181120799
0.207214437372341 0.208660967070758 0.148495339849575 0.108086670095729 0.207697156291404 0.0363513597738752 0.0356453816834394 0.0478486878628789
0.184756014615648 0.107125801763257 0.133828422298401 0.215684579895793 0.0293795725049824 0.0317589997932366 0.220184508846593 0.0772821002820884
0.230976645109924 0.0904770934671551 0.202203104071717 0.108788239222684 0.120472391426138 0.00437067463366765 0.221505104330936 0.0212067477377781
0.177245627165334 0.016046585012166 0.168584763445232 0.0625857594296194 0.160948568552774 0.225698034973978 0.169339297650833 0.0195513637700645
0.0159486452417192 0.234714326750836 0.280663236929654 0.178525492802957 0.0267007740020301 0.115035738302535 0.0470982104740313 0.101313575496237
0.190376891444116 0.222084905554864 0.23402478756782 0.0436931739815794 0.0883933325366221 0.00576655286645165 0.0942110438103224 0.121449312238224
0.0449196833694698 0.199543080211762 0.00318469769123028 0.18927260481854 0.214863980199154 0.0690424382331737 0.0548998976864715 0.224273617790199
0.0239215708412948 0.117375693214759 0.324879653366922 0.182721661590635 0.00686515266316401 0.014937970531262 0.0262176448195326 0.30308065297243
0.118389875794544 0.226858377142281 0.109968782116713 0.0836290311165836 0.041644102276466 0.0610958165712981 0.156748799030961 0.201665215951153
0.117251194902813 0.18252507291662 0.182934849878351 0.051548700885304 0.148881910145485 0.131203832001527 0.0588434580000489 0.12681098126985
0.191486738267778 0.114662773043227 0.0567929775002587 0.0920708942949129 0.0962308041949155 0.0415996652223235 0.129375987320485 0.2777801601561
0.0273342140633529 0.0209357139237367 0.00870435561370536 0.00226511860649594 0.273931905465375 0.259138126398984 0.159649816135931 0.248040749792419
0.12124944922394 0.0637827031633581 0.175391963901091 0.166968072628215 0.143139288230278 0.0968539074662036 0.0487652861794109 0.183849329207502
0.123639204684452 0.30416510208488 0.213269120215007 0.0256730474759448 0.0284180912711854 0.179249616180742 0.0206984383725055 0.104887379715284
0.1779306481244 0.0693973614496185 0.157428034069551 0.187368138357692 0.186922358119063 0.0387430548979141 0.172851298247047 0.00935910673471471
0.245435313150267 0.190327264057995 0.0432921351545941 0.0280524974650577 0.0204949779007554 0.201611529108976 0.113957863194503 0.156828419967851
0.167428736778009 0.215275398965598 0.0107475331902068 0.000318945774855108 0.140483563842418 0.266419133607942 0.186133475686057 0.0131932121549137
0.0334638740602919 0.167075307443199 0.0186579618411979 0.0692498183817693 0.241223708385843 0.268080135324957 0.0253433714641258 0.176905823098616
0.0592613643861015 0.215765005827609 0.0741949377542419 0.228873327759907 0.0482405236324717 0.150823295800603 0.192766859377778 0.0300746854612869
0.0293804907547479 0.229320616954182 0.202569467637544 0.0810828055845165 0.153872315193882 0.198253123286306 0.0972961248619313 0.00822505572689084
0.0229317936652941 0.193705937103482 0.0544077888197118 0.071608442127041 0.146689705990397 0.212370782500399 0.142103845551953 0.156181704241721
0.0708143930497344 0.041128049236962 0.165096640734111 0.17959446364541 0.242592613689718 0.0367563667005715 0.108720747390355 0.155296725553139
0.102318491287441 0.0999256711811544 0.155838562104522 0.0293789092166245 0.218173236779284 0.21621394351774 0.102774705138748 0.0753764807744866
0.163889818213649 0.127151524669195 0.126721098081863 0.137422852863963 0.120392216456929 0.0581887380442018 0.0919589479849476 0.174274803685251
0.175725464952151 0.166034481686042 0.0658952363887589 0.201395823069297 0.0672813560649412 0.0414069722457466 0.157922321496857 0.124338344096206
0.230886901702379 0.0200705921471074 0.0846056001886192 0.168303259104857 0.17135146040304 0.0278615936975153 0.262587056099716 0.0343335366567665
0.120835161429281 0.0394014575640408 0.174165746423189 0.285621563019208 0.0760817629197148 0.0509736780783468 0.202702868626267 0.0502177619399535
0.185034914082673 0.112375542455994 0.200115166472641 0.0908991303330276 0.115937751037713 0.195198058735144 0.0260241927543988 0.0744152441284091
0.0907749779195861 0.179626062818542 0.116312319283446 0.0594092399070222 0.108463245189681 0.0970833086596354 0.134089354520728 0.214241491701359
0.074473332644534 0.00781999796848974 0.0501833591847386 0.120511051901098 0.119851005871441 0.160600730471608 0.250112423153461 0.21644809880463
0.259455215154988 0.0766198650037345 0.108847088524514 0.178767247236304 0.0127468063078295 0.190746289254732 0.074469759602911 0.0983477289149874
0.129222890528018 0.198822403697545 0.108058814492146 0.0138715589615701 0.226077862301358 0.148696977118571 0.0684273321035457 0.106822160797245
0.0373970822405592 0.0209712504199658 0.174774673524934 0.175199466043695 0.213996268751571 0.0926447929824018 0.197641078199318 0.0873753878375562
0.00421620143866255 0.111326906112158 0.268796008539181 0.194012827976007 0.131499395459327 0.0442879883200746 0.201420081640137 0.044440590514453
0.081433706432676 0.192675795430535 0.0610996447921165 0.178375514710255 0.139020159685324 0.0471123877556497 0.215729942753276 0.0845528484401669
0.131212167802723 0.146179186497173 0.138380253378809 0.220586522081959 0.186084772191511 0.0993316874406972 0.0244857256258642 0.0537396849812648
0.0326345408037437 0.184521594907746 0.0952919059931191 0.12557689934921 0.148383812818531 0.22646408596595 0.0166232174947858 0.170503942666916
0.0671278009680068 0.225159375972095 0.100320214700764 0.2286973283334 0.16775612085914 0.00910690335801544 0.075260800602776 0.126571455205802
0.178910080213505 0.1525217517912 0.149354931868376 0.109443709886963 0.0660120532295635 0.0970818530704158 0.197862011640771 0.0488136082992051
0.0253654311631644 0.252919748795275 0.131359994116149 0.178045400107562 0.047211918313138 0.163117629259608 0.125764545579112 0.0762153326659911
0.0879480252695915 0.149095671016193 0.216810985024991 0.0292756803553035 0.175618999118202 0.158831070244448 0.123832070451758 0.058587498519514
0.0824626220155127 0.235439226672299 0.236610365915934 0.0731709812702903 0.121216527285446 0.0759221063331565 0.147386425072717 0.0277917454346438
