0.135134973552342 0.422860528766384 0.342724848284218 0.0992796493970567
0.0151386158003194 0.415373837252709 0.214810471066051 0.35467707588092
0.197854301336614 0.101698730562843 0.331462889287301 0.368984078813242
0.146651180208039 0.252627705079093 0.167568030809174 0.433153083903693
0.405667124952551 0.0113885373610097 0.30519783922039 0.277746498466049
0.428792312459977 0.0194442730351781 0.10972841421466 0.442035000290185
0.22858560566931 0.289598263876227 0.204851825550529 0.276964304903935
0.106628038247422 0.184040757919779 0.334065392450171 0.375265811382629
0.287019134441061 0.35707160001269 0.12047449005367 0.235434775492579
0.30613026601181 0.197684430254621 0.290782098919876 0.205403204813694
0.12405808215969 0.113262375667482 0.353096085056875 0.409583457115953
0.218415515037379 0.289289435408237 0.490323414510961 0.00197163504342275
0.286766560094024 0.5890089820597 0.00595118776068133 0.118273270085595
0.480863567195719 0.0619851716405704 0.457121030032514 3.02311311964621e-05
0.416045342260595 0.274403582765201 0.187160693835972 0.122390381138233
0.330832378926157 0.151626889857441 0.302235495385511 0.215305235830891
0.320982412759403 0.108223192961977 0.121725526613934 0.449068867664686
0.0891600503288977 0.420576279806357 0.25053753998808 0.239726129876665
0.085675033938208 0.343968738492965 0.358704976140952 0.211651251427875
0.341959370970378 0.0950122011416861 0.283897072438354 0.279131355449582
0.294125710853979 0.167251579640315 0.190499656197459 0.348123053308247
0.371997761980479 0.0335921834624099 0.0175011077814953 0.576908946775616
0.397434449396058 0.0647379309778746 0.258578137334182 0.279249482291885
0.304933460750541 0.184917943799268 0.263272937530956 0.246875657919235
0.137042433871317 0.43564744621579 0.103833470771113 0.32347664914178
0.150665578969765 0.322911457586827 0.179194130945557 0.347228832497852
0.179506176378594 0.368246918091527 0.293978734949618 0.158268170580261
0.308929433551286 0.116911593971093 0.207349723506511 0.36680924897111
0.420928629307103 0.293314784402077 0.227255100244458 0.058501486046363
0.257737649721972 0.447429825118884 0.187563360810452 0.107269164348692
0.707518965654189 0.267295191572587 0.0127527056171457 0.0124331371560787
0.272558463714917 0.457054724511597 0.11602942577124 0.154357386002246
0.293117217262052 0.308654183552183 0.357908269449346 0.0403203297364194
0.144685820684279 0.681974652169375 0.105172730598129 0.0681667965482178
0.220700032274143 0.11425037111507 0.330522040146291 0.334527556464496
0.127179209456539 0.333508018953818 0.483159319807968 0.0561534517816751
0.33944275474462 0.208771572176754 0.147839570299729 0.303946102778897
0.0919797870732155 0.333137424498726 0.250314434331483 0.324568354096576
0.159156400183873 0.222533305548158 0.264399238400091 0.353911055867877
0.180338827067613 0.0386511466609314 0.235188993513709 0.545821032757747
0.378070384478308 0.323629605608815 0.271047446679855 0.0272525632330218
0.372248644891422 0.356251458205852 0.0319347429617771 0.239565153940949
0.0760115841293006 0.394477982222201 0.0649267471989173 0.464583686449581
0.0995549188205037 0.190608357241737 0.231593246280847 0.478243477656912
0.319971599509296 0.239848501617646 0.216760114091122 0.223419784781936
0.535463356007611 0.12334156401001 0.0294261534529007 0.311768926529478
0.179615315528563 0.212842307310884 0.241306468517436 0.366235908643116
0.401018026117648 0.391420060022305 0.0677200054099631 0.139841908450083
0.163638642376272 0.169076450225856 0.431417895376166 0.235867012021706
0.285424738061409 0.255475153439542 0.292178898926912 0.166921209572137
0.17995563493405 0.205032239144631 0.222965509061569 0.392046616859751
0.315815946047319 0.133973242419816 0.0860682687480709 0.464142542784794
0.288146378352157 0.0199106596783497 0.323798178453473 0.36814478351602
0.412541542152819 0.184140120061452 0.0142271523885935 0.389091185397136
0.112266627131562 0.179992801997695 0.30126861414005 0.406471956730693
0.325940726515268 0.0255920047948427 0.151212561056598 0.497254707633292
1.84760143101267e-05 0.224840438215855 0.397534642739119 0.377606443030716
0.346458291315235 0.11698965789226 0.440719722605145 0.0958323281873602
0.379148983827316 0.273713793227743 0.22044467297035 0.126692549974592
0.29392654003109 0.0278119401228262 0.241943071584619 0.436318448261464
0.262817072151699 0.446038183974351 0.0204426718514958 0.270702072022454
0.0764423857752552 0.396878410932113 0.424334503338292 0.10234469995434
0.227064519513449 0.561952177218988 0.113123093758978 0.0978602095085856
0.340541082315357 0.0695688271818908 0.252344512309618 0.337545578193133
0.0667711123319807 0.103181913327792 0.238566618131201 0.591480356209027
0.272397290120796 0.220327624995462 0.417960041282307 0.0893150436014348
0.154152794871987 0.398309281576345 0.309367775539775 0.138170148011894
0.122855090520346 0.342759153244216 0.361102670957813 0.173283085277625
0.237324308457532 0.437526470759842 0.0487246055583369 0.27642461522429
0.376330694377218 0.320420708974061 0.233860764580764 0.0693878320679571
0.119731114624743 0.229396719083054 0.480298276830012 0.170573889462191
0.428965704621099 0.274907709193688 0.0330941380871322 0.26303244809808
0.475354935755135 0.306662324014491 0.123276205178637 0.0947065350517372
0.590021422241128 0.0804374354792798 0.251159612816714 0.0783815294628778
0.232620126227051 0.199414172837121 0.203508098176248 0.36445760275958
0.0336775258837001 0.314737909070985 0.29987556938968 0.351708995655634
0.444351405285051 0.0670097592949232 0.294025194996961 0.194613640423065
0.273573795652574 0.337815581388045 0.370522159896884 0.0180884630624973
0.31149772267691 0.349566006095054 0.273719368055877 0.0652169031721591
0.264476646898792 0.288955860474991 0.168271380621085 0.278296112005133
0.50490778119765 0.129242000346133 0.107574866580855 0.258275351875362
0.262933072687796 0.21927188371396 0.228971857813428 0.288823185784816
0.477321510942069 0.130304792005254 0.386125592678554 0.00624810437412254
0.0729856502497163 0.669479292703581 0.121286493910145 0.136248563136557
0.578374113758343 0.0748935521389719 0.228172794921756 0.118559539180929
0.20778294326826 0.386482888721492 0.126598031343114 0.279136136667135
0.294588769215486 0.162770137891109 0.261679107346796 0.280961985546609
0.273315387281315 0.269260255402459 0.358683625999194 0.098740731317032
0.176146274824047 0.0100356847763358 0.283735647743103 0.530082392656514
0.291666357910447 0.34926997654539 0.357523201920333 0.00154046362382968
0.289417944806446 0.350290870845996 0.167897357109458 0.1923938272381
0.44764692571649 0.271273484579485 0.202543924278113 0.0785356654259123
0.0824469039336204 0.255676521787767 0.459551035669277 0.202325538609336
0.292441292913 0.163935408472177 0.296346268329346 0.247277030285477
0.472825181774709 0.27451344931316 0.19302344527686 0.059637923635271
0.37554497435037 0.0199138201522323 0.277387390895213 0.327153814602184
0.173132777116091 0.297215975806331 0.309048438975908 0.220602808101669
0.0166121558880374 0.197232160633099 0.588340307831174 0.19781537564769
0.0639889847180614 0.412248128662237 0.285192707806121 0.23857017881358
0.245598139553032 0.4947003648597 0.104064144034166 0.155637351553103
0.0176083369566241 0.467820885569251 0.391943943494473 0.122626833979652
0.343954030643201 0.233504308912164 0.185303849310205 0.23723781113443
0.273044631996635 0.0878602286446885 0.378933565442424 0.260161573916253
0.212495739876808 0.227138280290673 0.257331108871292 0.303034870961227
0.136793620510055 0.313729434825212 0.393356392130142 0.15612055253459
0.339514409268191 0.0463644326719772 0.248897798762931 0.365223359296901
0.148241524219987 0.244312582542569 0.168553690253445 0.438892202983999
0.105089062788783 0.259912427840136 0.316426424214779 0.318572085156303
0.228960114173863 0.432372726329067 0.0247329858827889 0.313934173614281
0.147443525265287 0.212947896954747 0.312188778558341 0.327419799221625
0.38094725405517 0.476342030828028 0.0636777461921918 0.07903296892461
0.300352598613047 0.304535053010673 0.316332048886241 0.0787802994900399
0.147627171849602 0.242852060709697 0.294422134747463 0.315098632693237
0.20138704836836 0.218268712485855 0.355101096556933 0.225243142588851
0.219947306327057 0.278047014786458 0.482719754522509 0.019285924363976
0.10108338612108 0.0195386255183947 0.4111785107125 0.468199477648025
0.185337980085442 0.519403838659504 0.0118564612957969 0.283401719959257
0.235134812438764 0.346426877425335 0.136290638509733 0.282147671626169
0.0663800834696134 0.390398971716428 0.41557084347242 0.127650101341539
0.292948221529463 0.186976131659798 0.30175442655006 0.218321220260679
0.316022390998203 0.23278338565178 0.301890330501917 0.149303892848101
0.329197004718751 0.214245996277575 0.331286500965256 0.125270498038419
0.0863833910494459 0.212691401032941 0.305720908398671 0.395204299518942
0.111642880643528 0.414006740517207 0.400356406116594 0.0739939727226705
0.129595419646788 0.204257701214515 0.346105067560862 0.320041811577836
0.22944895101719 0.327767843718068 0.26971899948427 0.173064205780472
0.139655319397627 0.221429817272666 0.36110449366428 0.277810369665426
0.0738963660829291 0.203750819823481 0.365775453809602 0.356577360283988
0.415142755535184 0.158389322899844 0.116509159550857 0.309958762014115
0.325897311342888 0.0898444174831493 0.191864796226955 0.392393474947007
0.23798453147599 0.062062349075652 0.334036966122912 0.365916153325445
0.193823896211627 0.323941319835034 0.207331864557758 0.274902919395581
0.279742513806626 0.281577856074814 0.338726295247087 0.0999533348714741
0.281710791074892 0.295410526020057 0.330234130488378 0.092644552416673
0.0977247224290664 0.609882865385802 0.264761768454159 0.0276306437309718
0.48469157804211 0.214239681992015 0.0160846273804259 0.284984112585449
0.0428121596871419 0.355532685426893 0.309238140432793 0.292417014453172
0.18477565453829 0.332736702218481 0.251068531690388 0.231419111552841
0.21720056892583 0.0407034662569274 0.356409127176341 0.385686837640901
0.169128438383409 0.312591208912275 0.372660720134987 0.14561963256933
0.31845491302847 0.438114988906152 0.234546457213777 0.00888364085160048
0.152311199371238 0.214534116579444 0.366279223807645 0.266875460241673
0.374172128336382 0.189320217248392 0.039316742265512 0.397190912149714
0.0335681135843259 0.50018212778242 0.0511194008535386 0.415130357779715
0.122112373254848 0.308633844663613 0.307124860689889 0.262128921391651
0.502904630259589 0.0382584998774643 0.0545230446001495 0.404313825262798
0.291228909530916 0.348664318053688 0.133372024270022 0.226734748145374
0.122908554412871 0.465637205598316 0.409650930722713 0.00180330926610062
0.255164497659163 0.297474929789975 0.0305062150535754 0.416854357497287
0.142155403564739 0.275848492140444 0.240592410603761 0.341403693691057
0.028229438236591 0.37629338593157 0.360731139808062 0.234746036023776
0.320591653566652 0.329351742727717 0.206513700454184 0.143542903251447
0.436890527880876 0.0500459875328659 0.0211380504703396 0.491925434115919
0.176291403587305 0.333272178800062 0.179809316504746 0.310627101107888
0.265580120542464 0.332488917852578 0.270776750492176 0.131154211112781
0.339403824249073 0.0467738991961218 0.317894347510621 0.295927929044184
0.267485354589597 0.240380403188715 0.140664254395911 0.351469987825778
0.355869067635988 0.326808417158045 0.286853895230267 0.0304686199757006
0.510267541530614 0.152755681444918 0.164544810665135 0.172431966359332
0.340208785236747 0.13095571286301 0.148439663276984 0.380395838623259
0.288636307307939 0.0578891610459622 0.327483523715427 0.325991007930671
0.419060671480492 0.516765432852501 0.0453285779595219 0.0188453177074849
0.398722323825898 0.240105094437682 0.30947028192795 0.0517022998084701
0.385072734261087 0.0115618028615481 0.124395002996031 0.478970459881334
0.0992677075625156 0.367435662098078 0.185489546346349 0.347807083993058
0.0516335099511094 0.169931040839899 0.407097598161571 0.371337851047421
0.157789024084736 0.3532447321289 0.0872024907220325 0.401763753064332
0.307241208854449 0.287618356069432 0.221466023654616 0.183674411421503
0.342906293679515 0.156124068833405 0.0715238431020246 0.429445794385056
0.172856679214098 0.413145571790949 0.252000657435447 0.161997091559506
0.232981853308274 0.242932362755101 0.28657628762088 0.237509496315745
0.173437679905085 0.241570304003806 0.395455747141612 0.189536268949497
0.499804777128937 0.159513919004532 0.153235458312317 0.187445845554214
0.163254788718281 0.235095660161898 0.145881263619514 0.455768287500307
0.230446429248096 0.483330957783248 0.0173725963619917 0.268850016606664
0.182591032366459 0.351991307833223 0.383913734614092 0.0815039251862255
0.334729012898612 0.371011857116273 0.204291233546128 0.0899678964389863
0.438014900516324 0.216234907923626 0.29279369369631 0.0529564978637393
0.0077395308378172 0.463438025187319 0.4962351334558 0.0325873105190637
0.603071531181613 0.205382136106394 0.105753771543762 0.0857925611682299
0.109315575421976 0.238304563555279 0.461197117057332 0.191182743965413
0.401402592264426 0.0555184919657925 0.343468118486744 0.199610797283037
0.182122026461674 0.101300887359776 0.450642754720838 0.265934331457712
0.114661982931668 0.382449176881377 0.34837334474076 0.154515495446195
0.257301932484516 0.381460128655416 0.111907365613631 0.249330573246438
0.276259766329454 0.327660800180826 0.128934566340488 0.267144867149232
0.266001937910032 0.16692777305393 0.190407453748921 0.376662835287117
0.162565951800324 0.367005694060241 0.44082481967026 0.0296035344691754
0.156874576734362 0.319845326526758 0.386757509385944 0.136522587352936
0.115054081529114 0.325878998420935 0.386831416145822 0.17223550390413
0.0975566865250114 0.320712168818498 0.261114434920825 0.320616709735666
0.0773447210748027 0.528628572823752 0.288892733368684 0.105133972732762
0.28014829170788 0.304843381324029 0.145167543451479 0.269840783516612
0.348820175210477 0.536392001445121 0.0219250620294138 0.0928627613149884
0.066756177244244 0.287777590845096 0.574360739225714 0.0711054926849468
0.296826048730778 0.219043698851379 0.428830966861684 0.0552992855561594
0.0311590565521116 0.51750683380011 0.0939932594643226 0.357340850183456
0.361063374335796 0.353770432343438 0.0510567876095767 0.234109405711189
0.219448256315097 0.215354310497326 0.370962354188718 0.194235078998859
0.211407418757097 0.354310573574596 0.0648223647282993 0.369459642940007
