0.003871874680817 0.156886129079929 0.173872559772755 0.208786848789747 0.255885193243871 0.200697394432881
0.12672868062093 0.0230390391503613 0.168265242271076 0.198349997773572 0.450547318707605 0.0330697214764557
0.000307499453387704 0.286442391702112 0.17136856743931 0.28883215851792 0.00643625541324675 0.246613127474023
0.0641891364443814 0.243429151916704 0.123993122247882 0.164980863274899 0.227338367231202 0.176069358884932
0.114055111529499 0.205812516670024 0.191483782924491 0.0660099493890551 0.25093415684043 0.171704482646502
0.190113589858485 0.142405146415492 0.212191811237901 0.121975940748835 0.172370090106172 0.160943421633115
0.0711973297849917 0.0842953958489025 0.234976989566884 0.0919833650490759 0.252213724210351 0.265333195539795
0.013589884581115 0.191357778665271 0.241349263816163 0.146926003783158 0.256244944819631 0.150532124334662
0.117984603582548 0.0343781563321726 0.394468341989205 0.0929284281398669 0.105337830454321 0.254902639501887
0.0263324677855635 0.224116632920195 0.270541363305592 0.263838553786561 0.151103177961659 0.0640678042404299
0.0778285016523244 0.313598388256523 0.176102125708046 0.00722424918855701 0.302301905603691 0.122944829590857
0.336401541280149 0.21778213137649 0.204090530567971 0.00806969154246092 0.156861186151254 0.0767949190816747
0.22174092606416 0.240267325375249 0.167760156904281 0.0684430043981847 0.0974405480066602 0.204348039251465
0.0745310258727247 0.173061592259375 0.0920040795750402 0.316760448572217 0.0317667338901426 0.3118761198305
0.0394449392923698 0.288172623282091 0.313017777917905 0.000493241743896982 0.0701984896716329 0.288672928092105
0.433218023872143 0.226846116112233 0.0307424900240931 0.0829087201797623 0.0133942441783605 0.212890405633408
0.183107463577842 0.274129870815413 0.145102299928943 0.24637245972076 0.00438158281854448 0.146906323138497
0.118311305435471 0.0725578906843124 0.201317270699894 0.281229302941634 0.205544818082099 0.121039412156589
0.298913164743836 0.0620096407531931 0.134040301417159 0.171251578991843 0.0368869124059463 0.296898401688022
0.186118937945786 0.245667963989149 0.0711607564071245 0.0601881854201707 0.14569473759497 0.2911694186428
0.0180330117162626 0.20414455467616 0.216666807821335 0.165563823488352 0.117109338884909 0.278482463412981
0.243200908181138 0.0292754370814572 0.0946289908762148 0.1522519364701 0.204370698310338 0.276272029080752
0.0740176116319748 0.13983786010693 0.147825844657142 0.177380295764555 0.269393516389225 0.191544871450173
0.118816679941001 0.204939062475314 0.258075720249506 0.248498792459537 0.158554634390634 0.0111151104840083
0.219384576954847 0.312195947410852 0.0727098835550786 0.264419288533381 0.0740333947297092 0.0572569088161323
0.0396136058008742 0.288375652895349 0.113723493822475 0.0696395678782156 0.186149540498288 0.302498139104798
0.191292972006393 0.109493345247442 0.118497003802696 0.195959744747518 0.156028837351545 0.228728096844405
0.113377997511478 0.314216133875372 0.247948611402962 0.032314427328122 0.174892157485214 0.117250672396852
0.0293487235289072 0.134123991354104 0.149175561544147 0.227451163167545 0.28576516144199 0.174135398963307
0.195949577648304 0.14831104363128 0.35057634985237 0.0831776821999454 0.0450290956015726 0.176956251066528
0.037512482975484 0.00387237906074157 0.181123500876704 0.186501950002566 0.236520911803131 0.354468775281373
0.353132223702409 0.211969006616547 0.26585169514211 0.0909291954099235 0.0509615436485027 0.0271563354805081
0.0704093608271151 0.386160085440742 0.0215991935956703 0.0486956784943367 0.090076155935958 0.383059525706178
0.149282887249761 0.240295456190491 0.0575490943691551 0.252924802391161 0.0836262991009898 0.216321460698442
0.0820235253606832 0.105576293418527 0.367364045207612 0.0552592096460049 0.00508141286490143 0.384695513502272
0.0152998746626934 0.270394909389558 0.260525004903778 0.210648118288343 0.206016168810338 0.0371159239452887
0.155988074437055 0.252928541874234 0.0909785714837402 0.169731253711523 0.016044091457274 0.314329467036173
0.0755998001231774 0.100681180896306 0.261167866219183 0.0511937094888787 0.183743585948734 0.327613857323721
0.0230887253004167 0.220622082584271 0.0228424124914329 0.199638376171113 0.321554714834848 0.212253688617918
0.128521330866875 0.0339728393650082 0.207143470159755 0.20431848515363 0.195939560456661 0.230104313998071
0.246652645085214 0.0434456159678088 0.212044900305011 0.226167306492194 0.0669573227922832 0.204732209357489
0.298436688038597 0.0813395197948201 0.0287129748528107 0.356449336766315 0.178140911730712 0.0569205688167454
0.193943124062103 0.153992854014551 0.0939817841817538 0.279123917442523 0.186522555713288 0.0924357645857811
0.126088791463813 0.213806374762432 0.111953458988206 0.183893136414564 0.238823504108714 0.12543473426227
0.148953797857227 0.20142563330891 0.0122495377217306 0.13456188602475 0.273961143270926 0.228848001816458
0.305195220265457 0.311154660001833 0.171445663479125 0.19217224773947 0.0175978267675955 0.00243438174651997
0.0688217821981878 0.0769558764637584 0.407410563958417 0.0917199910517873 0.168509026133261 0.186582760194589
0.00813319716082732 0.188164200085027 0.358103535994133 0.347233588751544 0.0538507371306424 0.0445147408778258
0.287378282483394 0.202374687763325 0.105564917808212 0.130121955770145 0.0510990100807096 0.223461146094215
0.0617127924432578 0.231297387407123 0.220635535763509 0.139458984411754 0.211424012369136 0.13547128760522
0.13540162852275 0.118921163797647 0.136565353423161 0.191135515212498 0.191802466019608 0.226173873024336
0.213203497328741 0.149364690942135 0.176412155782508 0.134524751334765 0.241380418787672 0.0851144858241793
0.307978498725306 0.217741953156139 0.0300037500864911 0.129674579405424 0.131400036414308 0.183201182212333
0.108740786692689 0.262048394431759 0.193992590851148 0.0378955745654771 0.171295655126093 0.226026998332833
0.20585335755939 0.160377745661682 0.240837992038501 0.209602952507004 0.0617019433568011 0.121626008876622
0.0463122401418061 0.260857064220535 0.159417604737079 0.0540490313505128 0.198191591686637 0.28117246786343
0.0146370355181979 0.135707224294769 0.255366380534206 0.204647665514943 0.155750361735893 0.233891332401992
0.167553838084382 0.0457159056933616 0.264860999086681 0.127884710372681 0.126129524634839 0.267855022128055
0.136900955955271 0.29911164914263 0.0149844290262215 0.0069303960959337 0.203449130989628 0.338623438790316
0.224471975545598 0.160154520353637 0.133240217014656 0.193888203578007 0.065620478043644 0.222624605464459
0.0846176091026479 0.286127934241894 0.0493967434816621 0.27323001484997 0.0633097039610877 0.243317994362738
0.419121679372459 0.312130194351422 0.180840540931758 0.0628569408703146 0.0214495050178082 0.00360113945623845
0.185023981129499 0.17326051309618 0.188809166216176 0.0172009811597402 0.223933705453177 0.211771652945227
0.011318500695627 0.066018777759575 0.136166328520893 0.0901721079668564 0.296162022658596 0.400162262398453
0.218680866361435 0.208796666028543 0.167816342012549 0.000396205685576063 0.110914163258204 0.293395756653693
0.0554560360366087 0.239996502881671 0.238851750924421 0.0256415637678665 0.194205582029567 0.245848564359865
0.176086742452692 0.0272378278804399 0.247448618715642 0.235593016719242 0.11201875518898 0.201615039043004
0.18236013794216 0.321956568765126 0.139631554869749 0.140635855324471 0.0260236141202808 0.189392268978213
0.0253887718045784 0.224032661309907 0.31857952557553 0.167055267570307 0.261920687160028 0.00302308657965077
0.0608980378290157 0.200409295353839 0.208388807082212 0.171516029328027 0.184875558011625 0.173912272395282
0.124263211446234 0.195113346376453 0.218432843815039 0.154161655760714 0.213559002543004 0.094469940058556
0.265653771211545 0.12708400186204 0.240944850897438 0.204997777737615 0.137216581568887 0.0241030167224743
0.184151259030498 0.214201504185769 0.0474245409104742 0.172667870020151 0.245187614691698 0.13636721116141
0.000516719005460888 0.157387988891389 0.295255227368529 0.0671281311414892 0.129708290309938 0.350003643283194
0.425378919146431 0.157798337285218 0.121997049401638 0.131994707711589 0.021178827495078 0.141652158960045
0.0367429146166501 0.164078257564723 0.178686779956974 0.215729681054717 0.28242569648184 0.122336670325095
0.220500815836277 0.232895237400755 0.105931811316553 0.0766846013795588 0.214114532548021 0.149873001518836
0.122819197767226 0.281137564606528 0.0001599047583273 0.274831333529906 0.205748327932292 0.11530367140572
0.319767050798257 0.144183133079398 0.0655616564142058 0.0258544494388386 0.351606400824871 0.0930273094444293
0.0928551073552038 0.273346811800081 0.0114996469262087 0.244684565594367 0.040873574431717 0.336740293892423
0.0960674942033455 0.00574535942124722 0.278459659298247 0.100519782223748 0.187861553218792 0.33134615163462
0.163829999428841 0.259384483857794 0.388480598956263 0.0410052890071314 0.0423721705237873 0.104927458226183
0.0455050678856213 0.081989227753279 0.307410569284832 0.266520611542357 0.0141464891710501 0.284428034362861
0.304040214574776 0.0747402206861491 0.0795451243036986 0.263870464981854 0.118808655024516 0.158995320429006
0.252884901502379 0.0546204962604811 0.136758850496168 0.110284830148923 0.31621801791921 0.129232903672839
0.0859207892413063 0.0561968747552395 0.0509446252778231 0.336407573228404 0.110616667588554 0.359913469908673
0.216936044847411 0.0672374892328977 0.255684443110539 0.0735465256504859 0.181095998497229 0.205499498661438
0.400130329304848 0.0353096718896913 0.191654961151207 0.188080754365222 0.129035837728358 0.0557884455606727
0.31271225589222 0.0375045255465771 0.222626009502306 0.258292150798598 0.158119298946282 0.0107457593140164
0.367588648086839 0.0765483795287255 0.144929341687226 0.128177891992459 0.0746794226732924 0.208076316031458
0.250350454659568 0.0646110140069606 0.172618581944416 0.0472794594205739 0.207103789857723 0.258036700110759
0.0738078372291522 0.250274396000039 0.232829031362378 0.177263346251545 0.0694826066619487 0.196342782494937
0.0224394566545465 0.100991714299135 0.250604503735088 0.175211815730362 0.211276231906696 0.239476277674172
0.101846133888853 0.0503102763246108 0.470859594165512 0.157093804257457 0.203006903750699 0.0168832876128686
0.0939374034379254 0.23959559732867 0.243658269816405 0.00925968697975572 0.220148042994766 0.193400999442478
0.198387478694425 0.196586444681479 0.169191591749349 0.168873061535824 0.0863587351804947 0.180602688158429
0.213017955614511 0.095757979052407 0.0918471000807573 0.311047433786993 0.237077967457955 0.0512515640073777
0.0692540263269954 0.312249409855919 0.235750380626961 0.113997343725209 0.0330703708401968 0.235678468624719
0.181716752893533 0.209633049153917 0.000999735090829544 0.251343342637372 0.0839329240040208 0.272374196220328
0.246885780851255 0.139130865064301 0.376473909362526 0.105551314585743 0.121946708680263 0.010011421455912
0.332498638460994 0.225451331729228 0.200365906207002 0.169440043561378 0.0573180808767545 0.0149259991646436
0.244852694034742 0.0540603727735178 0.214934252298521 0.190347927630565 0.0374366513681097 0.258368101894544
0.0967007760608189 0.186288328637184 0.00652084217947595 0.438237819637699 0.192716362521339 0.0795358709634837
0.245378304945737 0.0666722313329877 0.041119596897958 0.157361666981096 0.140534965182547 0.348933234659674
0.300726669951429 0.0367293426264031 0.261066364646463 0.0647289553801218 0.187265276007458 0.149483391388126
0.158881947583143 0.179078698512783 0.553429551772682 0.0443534227673349 0.0485382637289443 0.0157181156351125
0.276109096532641 0.114553474078336 0.0950741310913896 0.237931116686265 0.134400613257654 0.141931568353715
0.122858131841708 0.168967865312402 0.195603697125135 0.118591942372786 0.182884636099678 0.211093727248291
0.119416272347137 0.134888305601168 0.176855363126851 0.202443721048496 0.126073659868086 0.240322678008263
0.252533703858575 0.104028869695394 0.093977383591207 0.293894750759811 0.202317719972767 0.0532475721222462
0.044859534966054 0.0684706279425703 0.127045698453634 0.242808508435181 0.210414652692532 0.306400977510029
0.246293140695676 0.114601408832815 0.168672465012514 0.0464397343209905 0.226510402389402 0.197482848748602
0.147414348575693 0.224726247500212 0.284390527275097 0.0407895054492004 0.167338845550047 0.135340525649751
0.0563818561953065 0.13393413086126 0.26878714888025 0.117732221512984 0.190457594919316 0.232707047630883
0.358351748465051 0.0810625792987106 0.0241264204309237 0.122598893642702 0.141915690661348 0.271944667501265
0.041139190364454 0.203753431881692 0.256356337413213 0.270943425000103 0.195825803506489 0.0319818118340481
0.220081322993688 0.283222065157474 0.0986551561332865 0.291987719887155 0.0593922724579152 0.046661463370481
0.113959907272893 0.0525895391734021 0.226316546180406 0.296014313961516 0.0313769091552363 0.279742784256547
0.387877811717029 0.2531172708201 0.133833002721541 0.132739167284491 0.0651912154495364 0.0272415320073034
0.0885983173826933 0.148304225986517 0.122914740872632 0.0668878811797313 0.247531156567064 0.325763678011364
0.0783613379445898 0.301565107845951 0.18074337281856 0.226237231266963 0.0207240598573546 0.19236889026658
0.0233840924911511 0.257770441399316 0.034824487774201 0.267485296541215 0.245752579474824 0.170783102319293
0.0298647544842739 0.334455647983354 0.155403961318838 0.38978456934415 0.0193071414651584 0.0711839254042253
0.0258656955500159 0.253862350296782 0.173030196434764 0.142570611839759 0.196561587637397 0.208109558241282
0.160416165776411 0.074444817858305 0.366504158810809 0.328424323459099 0.0543928173796311 0.0158177167157443
0.0704790643216078 0.280497337399539 0.0189721915267316 0.250965888681297 0.283244225685736 0.0958412923850891
0.0872633698593872 0.013752918414703 0.292183950212439 0.158464686294826 0.293807682499194 0.154527392719452
0.304858506724977 0.161659579178286 0.187819090218917 0.0938257411057439 0.169895940752238 0.0819411420198375
0.37345521942033 0.0413931674040621 0.399779188468103 0.0596008738364602 0.00264283872169782 0.123128712149346
0.189044169088701 0.335682325608368 0.0351817346064272 0.107506843712517 0.166513009891617 0.16607191709237
0.0492440881217546 0.17570832015612 0.141865914382896 0.230755525368519 0.145136128010737 0.257290023959973
0.0146408368925449 0.191473025271068 0.136355810846508 0.231966552160342 0.181514832796984 0.244048942032553
0.0719692819462994 0.203621134148551 0.204753070291672 0.238908745393665 0.0407934642440909 0.239954303975721
0.0293769216878744 0.290964446392178 0.0966055393467041 0.260911801822441 0.303568289132901 0.0185730016179021
0.0276165182478705 0.268695951822086 0.353647464785549 0.223158055972864 0.102491453727889 0.0243905554437415
0.146201857084104 0.251445707117071 0.257775556457375 0.0698095008242157 0.073771787105454 0.20099559141178
0.0984633205566771 0.150302879621304 0.303892275737651 0.02438253715877 0.335818155197133 0.0871408317284654
0.0238034280708105 0.0851446648107851 0.172014794303377 0.301913595706421 0.0328799298515657 0.384243587257041
0.31102925089291 0.00859316289455292 0.00812120035422214 0.228421347707269 0.131605018794851 0.312230019356196
0.074602399901937 0.11498490610991 0.160166599602388 0.196506705281706 0.145546674183702 0.308192714920356
0.170865244277391 0.104684942873225 0.179567391362648 0.0199438571114577 0.25445817666053 0.270480387714748
0.272425403571014 0.0721917707706237 0.140421361514909 0.2971079592851 0.0536228733326769 0.164230631525677
0.213497662334913 0.239800347027364 0.0371000696442169 0.256413673732574 0.161546019382118 0.0916422278788139
0.0452948723999516 0.00267435551131005 0.290615468623449 0.300771277484589 0.189159586401287 0.171484439579413
0.18082347684118 0.222330383148974 0.267171660262203 0.114881559269912 0.0257482031465064 0.189044717331225
0.181039106922625 0.257673572606156 0.225122326834393 0.0316359086409365 0.127432098531004 0.177096986464885
0.0400935017889528 0.110749332293874 0.271163045044618 0.125194908685972 0.215795335421557 0.237003876765026
0.0133820948997543 0.305634326977769 0.260872824774244 0.256851422407472 0.0243816330913705 0.13887769784939
0.173948283777421 0.307445329747026 0.100985291143781 0.160995564642416 0.123785609361019 0.132839921328336
0.242193035472806 0.189764591839583 0.0379325075654615 0.115155634529884 0.355939101487942 0.0590151291043231
0.211994637383289 0.00641541595337291 0.0990243064257664 0.236680987213369 0.23200716698358 0.213877486040623
0.196239793253193 0.0445864030203261 0.248114897866331 0.0772718453141018 0.163353130231227 0.270433930314821
0.228167938937313 0.0690580059690445 0.30932919470778 0.0588534704047883 0.229614807222553 0.104976582758522
0.215283789731881 0.283380394687509 0.0313798849426414 0.000673442298705032 0.271875169056731 0.197407319282533
0.200540266838612 0.180820690645774 0.288994367585521 0.162512397236943 0.163651039173645 0.00348123851950465
0.0867455892173603 0.100857506125677 0.421434395908161 0.0388986602176132 0.133135764137907 0.218928084393281
0.314207146101535 0.0274115189313553 0.287180564098816 0.0576895202903195 0.190115553873368 0.123395696704606
0.11192397443127 0.258277467721499 0.191830728130561 0.0430413030546029 0.303290178100734 0.091636348561334
0.217199559019852 0.430345578754063 0.109545576963277 0.0622200254270434 0.0307768654974174 0.149912394338348
0.216192067564566 0.125880960242855 0.0122196900916514 0.0309528291731618 0.265183622476814 0.349570830450951
0.327478927618251 0.110492974667945 0.165483811690463 0.0698371501387185 0.00458794057109412 0.322119195313528
0.228484081360436 0.203307620681921 0.229510507448417 0.00912752067977774 0.124992773830342 0.204577495999107
0.177025389150139 0.112046972160438 0.0521216846476324 0.188102138413724 0.259079862724129 0.211623952903939
0.218855307589053 0.154677484771507 0.0786375532717785 0.228376161215515 0.23378759728629 0.0856658958658571
0.320821729932173 0.280101289046884 0.0481473581125167 0.261334905262397 0.0682023396303188 0.0213923780157098
0.104445355279156 0.0688312879084773 0.294454705286194 0.24990291699654 0.281250903127738 0.00111483140189525
0.232865211473112 0.193689932591692 0.042749153889291 0.192826076865979 0.0667967310028843 0.271072894177041
0.179534524034419 0.122772349530785 0.317984538403975 0.031932111462282 0.0645371736813006 0.283239302887238
0.219051355159243 0.203890754163722 0.217999978523591 0.0686958779075168 0.155664648940686 0.134697385305241
0.257406173000129 0.0333286892996286 0.180607336897072 0.232731683220014 0.138189024165856 0.157737093417299
0.100513429678467 0.243421610368386 0.0574517444043074 0.200066979608372 0.100255739570521 0.298290496369947
0.232359045198928 0.260584076498626 0.152274421601335 0.163364972406721 0.174485687883136 0.0169317964112554
0.2488517158815 0.0103272100578499 0.104424981255202 0.176680355673651 0.390498178799478 0.0692175583323196
0.204886927458573 0.18301770483452 0.169922819194187 0.10645053579987 0.111064319675664 0.224657693037186
0.007909072430127 0.133007921098288 0.308993429409584 0.344132238620756 0.161307385117156 0.0446499533240885
0.25109249211326 0.26173172230463 0.233272808688786 0.0604304909069628 0.0708133215012923 0.122659164485069
0.20687151656766 0.0741502805376796 0.126653490490963 0.0869238019355496 0.195177214721937 0.310223695746211
0.389267746115562 0.3498774097284 0.0196796733932217 0.0963024427050941 0.10480525870308 0.0400674693546427
0.0820781653501629 0.270839956567349 0.0645412922484374 0.0395346247278121 0.33832649282273 0.204679468283509
0.1946238341128 0.26873974150409 0.287386484756338 0.069035696627525 0.15716487561261 0.0230493673866362
0.188716960320964 0.134946131473834 0.106285720111344 0.197648781988587 0.183585513689294 0.188816892415976
0.0484429212052274 0.0601274047745963 0.35063710884969 0.212914819600026 0.161999051844816 0.165878693725644
0.267013242395978 0.130006636349132 0.310548983290465 0.204059762914885 0.0873406670505813 0.00103070799895894
0.0780323264153327 0.0661039618522431 0.270691730328905 0.162878154508074 0.243666217310043 0.178627609585402
0.234703412106118 0.0741267057422059 0.19377251562573 0.174433196702805 0.145178050683117 0.177786119140024
0.330736063157515 0.0598722858579859 0.121429147333778 0.151021003649569 0.152358513722989 0.184582986278163
0.0707225653170507 0.256016226279308 0.219405847894906 0.0937028698938401 0.224573884262607 0.135578606352289
0.276378923868158 0.161008324978871 0.0498413454402416 0.209032682642729 0.259236677994831 0.0445020450751695
0.197509764362255 0.0981600521127628 0.211083416648757 0.0177586113691572 0.224140463994673 0.251347691512394
0.00860120022283342 0.219380545063415 0.323886921672338 0.127682880979636 0.135844785314377 0.184603666747401
0.167143341639351 0.108300799388069 0.144374951172641 0.180316761625546 0.180785342352754 0.21907880382164
0.0415907194379962 0.208221030805749 0.237258635369003 0.315396192494178 0.0296239461118508 0.167909475781224
0.33356102312038 0.0292515596625637 0.00651423323877303 0.239840278692586 0.132225670028345 0.258607235257352
0.176278888787925 0.0906862960327542 0.281147120913274 0.30703964605616 0.0574778838331328 0.0873701643767535
0.0110923060393645 0.156178887843087 0.329541398679054 0.020029559772521 0.440745264150591 0.0424125835153826
0.234509304583487 0.0970335484623603 0.156057990189937 0.171268990191774 0.229337628921885 0.111792537650556
0.0778273534859694 0.160745494326629 0.0924700632137996 0.196650840487656 0.289341715027712 0.182964533458233
0.342288577062339 0.306694258165571 0.0589166984703177 0.14383357042365 0.0846280507630094 0.0636388451151125
0.180406759429227 0.150970577866419 0.17176515533472 0.167597829426755 0.324687603241052 0.00457207470182664
0.296235727425959 0.173732897810596 0.214774414379761 0.0795961761915731 0.217946604808031 0.0177141793840795
0.0958336791667795 0.14265613279569 0.24947872969284 0.192172145292987 0.186305591691781 0.133553721359924
0.298394573815922 0.0773648346637171 0.131903490780458 0.275961840359275 0.0827082836296688 0.13366697675096
0.192968589662875 0.129445362317177 0.167492422492198 0.140064076252554 0.186170749924581 0.183858799350615
0.0894703316276752 0.0619363139416856 0.180338523545252 0.34926774239518 0.146489170730062 0.172497917760145
0.22546382571489 0.200155459598154 0.0916739820967202 0.192077343353821 0.07918646555872 0.211442923677694
0.300149892296609 0.259299623280452 0.141252954181449 0.114661117049385 0.0415434028088084 0.143093010383297
0.0726273788106219 0.00349816898441136 0.365823332688028 0.00353189503273914 0.291190932743373 0.263328291740826
0.194027311413097 0.146581055336531 0.184044769530796 0.218646328447222 0.250797883443212 0.00590265182914139
0.242764956160893 0.263494103082595 0.1483323100698 0.0812434281705838 0.24056128564799 0.0236039168681379
0.00591717906153914 0.0834543544311229 0.182108446097278 0.356421214949509 0.313792093918808 0.058306711541743
0.0570334922087284 0.222708462277293 0.0850486139914215 0.192735345520088 0.324543589261427 0.117930496741042
0.237117332362939 0.271742324156184 0.29459631512832 0.0378513203681876 0.0173652006345029 0.141327507349866
0.246116661861879 0.269307120237126 0.167112742852253 0.120246161101729 0.135089447983486 0.0621278659635278
0.318008387086885 0.0254619643039874 0.244573330878125 0.25218311656206 0.0525487243837696 0.107224476785172
0.0874153141712108 0.118919733670036 0.153316173641629 0.241184886433386 0.208905723646253 0.190258168437485
0.203253630153404 0.381101527209531 0.0721343314597355 0.00578582343223159 0.163249070104721 0.174475617640376
0.190661160125733 0.184847247991692 0.0355107898515287 0.222023314172688 0.14241920177153 0.224538286086829
0.0719231737712829 0.0444347190036946 0.167697665335433 0.15554106343527 0.192905073477435 0.367498304976885
0.0544696232685561 0.130289595162063 0.292747800543493 0.441389180988573 0.0262731641841834 0.0548306358531318
0.206339670911708 0.0437367326644505 0.116010951627508 0.143888364980266 0.248705660488678 0.24131861932739
0.152445762011121 0.0627467769193936 0.192168349589947 0.255652876175233 0.109066885661973 0.227919349642334
0.25959665479458 0.225315220816555 0.043528289866948 0.178812822465189 0.157361791713358 0.13538522034337
0.00452479073129755 0.293350795960318 0.134007604629755 0.0529098959794662 0.318117789705254 0.19708912299391
0.260250493540526 0.239931599090014 0.104371533828998 0.0690740113589055 0.253451384037469 0.0729209781440869
0.120194563885027 0.157842517012873 0.188442199292575 0.0354565723890413 0.174598834833635 0.323465312586849
0.112316944311015 0.100026646423482 0.259049529042013 0.227872648364011 0.23584695054405 0.0648872813154296
0.087668511348374 0.188238225736553 0.300241872359952 0.187491973358366 0.109538931788068 0.126820485408686
0.20929791257327 0.049598512583233 0.199221641134673 0.308972081782178 0.166595911885198 0.0663139400414488
0.0259806507376338 0.257236136084308 0.130840358771405 0.0256905250021319 0.257112454125454 0.303139875279067
0.0320856294793926 0.352851915893847 0.163283690797581 0.19483521149806 0.0441554909049547 0.212788061426164
0.205168915768248 0.173015345337348 0.225358353648658 0.187847217086371 0.122630784264853 0.0859793838945222
0.225669315171562 0.14744747450065 0.109785735148079 0.194890132284721 0.102009289774555 0.220198053120433
0.0830203414409199 0.183514216558344 0.202677504601188 0.179767158784648 0.208564622917324 0.142456155697576
0.0685117078881847 0.371996627128051 0.0426523504454638 0.291126863888626 0.0399899488067593 0.185722501842915
0.196045416343733 0.291137202710017 0.0638331231296312 0.163675354343126 0.0992815898955747 0.186027313577918
0.120505059743784 0.215904607435831 0.0893071067427897 0.0203914320971724 0.244063288085669 0.309828505894754
0.291464564347113 0.0513233537639371 0.202977390945969 0.137238272244708 0.229539551055502 0.0874568676427696
0.220213345505101 0.246962951009237 0.00128481362202739 0.215707250912149 0.0885366185060581 0.227295020445427
0.065368653810065 0.0620395561019711 0.15844913483429 0.277541574531359 0.173382189769684 0.263218890952631
0.0928792330749789 0.289200697469539 0.0914256196343652 0.0814195918581804 0.321956132351654 0.123118725611282
0.0586034371333787 0.29837957997769 0.300605217362098 0.237952661029 0.0664585009201056 0.0380006035777271
0.0603161935441478 0.0455104196643896 0.314278937893442 0.0695783494795614 0.157947574830675 0.352368524587784
0.214845941347667 0.107436208671697 0.164326345210999 0.123244529351861 0.0842567860015142 0.305890189416261
0.383381015696313 0.0238426664734202 0.071782166379224 0.28954383222252 0.109190888271052 0.12225943095747
0.307023724554066 0.110317727688296 0.00871541753555201 0.18321721543916 0.230598853823037 0.16012706095989
0.00870884168556082 0.112847112294709 0.227213126393911 0.249354700209699 0.200096616023088 0.201779603393032
0.214475361574244 0.190263463053412 0.229255770828056 0.098085097189568 0.0594606360228353 0.208459671331884
0.142471203531656 0.294627422585575 0.0640760912027 0.11876359299864 0.179961458180412 0.200100231501017
0.244904295848559 0.214073394251123 0.188656326270756 0.0596673891398536 0.282049374226531 0.0106492202631772
0.196365906726957 0.172325521477168 0.0259850436105067 0.294413652024305 0.139995119608406 0.170914756552656
0.209649162276232 0.211639169474217 0.20091821736833 0.248078732240422 0.0556026064229194 0.0741121122178795
0.183199389233054 0.247712873194374 0.116212555510021 0.184583326106322 0.0198652330468045 0.248426622909424
0.274057397561307 0.235141050941706 0.0514200654993519 0.0869420102996888 0.312998020383325 0.0394414553146217
0.294376534644407 0.312297499030527 0.108437790581831 0.133061273295217 0.0820235499897708 0.069803352458248
0.0120949752933784 0.446193106847687 0.00537251166085331 0.174446028020813 0.349820416281038 0.0120729618962298
0.194314925917227 0.230202085714907 0.180318445577485 0.118027273283332 0.209275078306587 0.0678621912004624
0.170550715172895 0.265100460900043 0.217216738147103 0.174821209690025 0.167518676945249 0.00479219914468497
0.0596040710504232 0.144145236810511 0.216188963175785 0.359985621157493 0.154025322935983 0.0660507848698046
0.200933195796663 0.364055862414089 0.168301010955838 0.0343614398597522 0.0553387456103072 0.177009745363351
0.252461921083353 0.236609184770252 0.108602593694848 0.190871891132938 0.102905970399876 0.108548438918733
0.0328688461850938 0.248268419016972 0.3737838072991 0.183801128653078 0.127458067255626 0.033819731590131
0.29441890455777 0.0810656443946521 0.245173007754333 0.218915289749107 0.0747462437436729 0.0856809098004656
0.00183467481378289 0.324701490892988 0.0527047309421836 0.39186261514244 0.0711652934298399 0.157731194778766
0.309918189317576 0.224753888929344 0.0633245379851943 0.147068489691824 0.00189176373356896 0.253043130342493
0.154466979570088 0.246493546722288 0.207617418424902 0.195237373966777 0.0143949205471443 0.181789760768801
0.1672146449001 0.182979202792143 0.178268062485056 0.206534113039482 0.123000097882871 0.142003878900348
0.0924310848804959 0.376323480143367 0.0475682841246583 0.132921007010247 0.0135157284321671 0.337240415409065
0.078221639015476 0.115332144542746 0.00472854213827686 0.581401873412038 0.0996726368410891 0.120643164050374
0.0241755587273289 0.31603816055818 0.194933657267426 0.111689428356227 0.0933539747117205 0.259809220379118
0.00544998223652979 0.242886722408335 0.191485952229984 0.204707558637487 0.202731727714167 0.152738056773497
0.077291748206987 0.279169757414042 0.283057332004157 0.0184184184001794 0.162213079551874 0.17984966442276
0.226586783664483 0.0605560320761809 0.216869479016526 0.211328936157184 0.21459533207422 0.0700634370114056
0.137915463938314 0.20573760351506 0.0601321855848573 0.0288358300869543 0.308772610647677 0.258606306227137
0.102954139095093 0.0397942973107629 0.192056549106028 0.213348958804009 0.169142819939615 0.282703235744492
0.216232613765252 0.136896194302143 0.196960099960661 0.0425094300696255 0.232778603352052 0.174623058550266
0.181572680231819 0.143016399723755 0.243946572376871 0.108306452785489 0.0167641658654483 0.306393729016619
0.0953327910209304 0.346771131431088 0.208506888034519 0.0623292827298592 0.136269384487989 0.150790522295614
0.163174085183142 0.0244097111635519 0.0500805484726171 0.190023567665982 0.276784707830924 0.295527379683782
0.0249577353582997 0.152877852337626 0.222402668945552 0.00444980086579593 0.277418450889564 0.317893491603163
0.00599445614437146 0.0796569486530591 0.295370431909331 0.163895233585891 0.299474835114883 0.155608094592464
0.108863344227373 0.247728413500799 0.119625719757425 0.223089156739727 0.164946173523162 0.135747192251515
0.133675956014732 0.181128306282543 0.222637360804938 0.136485355013616 0.174921115410158 0.151151906474014
0.141040320930691 0.138248126468497 0.132427577329299 0.154106816742064 0.225694115289633 0.208483043239816
0.22467828641762 0.119456824181615 0.300014013698665 0.18358937204332 0.0622995039668149 0.109961999691965
0.17671939297579 0.254173003618643 0.0156955722962602 0.239209953570236 0.260699250532916 0.053502827006155
0.149963585236302 0.252796551666253 0.0352136067426393 0.238141605593989 0.200205158872924 0.123679491887892
0.132637519243347 0.28029163372069 0.00284346029078347 0.273142411920861 0.271943946397932 0.0391410284263864
0.118159244095377 0.289295351385153 0.01341220121031 0.180243361587873 0.113208902564433 0.285680939156854
0.232352574671713 0.0732119070994503 0.215560804724593 0.0228317966318566 0.294468025083062 0.161574891789325
0.300221469346557 0.0842780621711161 0.140154613706043 0.0382926083886385 0.191373190039151 0.245680056348495
0.205409192100586 0.25416829965197 0.178283250855119 0.0516861127761946 0.241691629183581 0.0687615154325498
0.196122747198526 0.1094710607771 0.0737587387338588 0.167980905040124 0.231692296619346 0.220974251631045
0.200079554006716 0.218883839979673 0.251274183786296 0.0560182996816595 0.00766391782988894 0.266080204715767
0.160023723913924 0.0303268846642781 0.10514020021556 0.034003986414966 0.362651935586 0.307853269205271
0.214078918359361 0.153639842367879 0.190046494082624 0.216966031440762 0.0732737995005278 0.151994914248846
0.123587139221345 0.350284389179481 0.0344614845583636 0.0217495833128001 0.101112579484333 0.368804824243677
0.170604415491383 0.18011668884412 0.36645925459067 0.0278099326656803 0.0532849745750628 0.201724733833084
0.265179998923342 0.192329471341222 0.10194209358551 0.288880236770247 0.104974326878633 0.0466938725010465
0.242645558464611 0.211148850187355 0.105900819718337 0.161418971109059 0.0037711112445253 0.275114689276113
0.0511430484907827 0.0335568144849872 0.361484449180557 0.158411743760429 0.238407300657459 0.156996643425784
0.204538542901601 0.166921849184573 0.110818262817273 0.135465660003812 0.187841824393208 0.194413860699533
0.0142730030033317 0.144784277937147 0.170989805293076 0.30313504446545 0.360494955568491 0.00632291373250481
0.205237258152778 0.00565733855997405 0.231826661112415 0.101162958702005 0.146200569509636 0.309915213963192
0.204898749593684 0.0373445227196506 0.163907860116061 0.191907409764169 0.194882578132073 0.207058879674362
0.275982236520527 0.104978240671373 0.190286268200108 0.282897716015924 0.0391802894515087 0.10667524914056
0.0493877971598423 0.196294923806785 0.0827001854261986 0.255080998223641 0.268831276612046 0.147704818771487
0.167237127006098 0.238241556918741 0.179425466824365 0.305377257363714 0.0355965553952029 0.0741220364918785
0.186845986595658 0.2025398571419 0.0638863086863344 0.253675227812945 0.138362545660452 0.15469007410271
0.166074853499954 0.170337074269624 0.225484402348753 0.266156043734273 0.0212206651796439 0.150726960967751
0.113647573537004 0.189462590574391 0.376215453343517 0.0640906576981748 0.227283363327984 0.0293003615189291
0.172239585389313 0.22332121857519 0.215030240460186 0.126861304381248 0.224667937069775 0.0378797141242876
0.232979533664807 0.0978283155082098 0.18277696463494 0.155783124994275 0.0311395584458253 0.299492502751943
0.0788541027060306 0.11165112964642 0.165653670324312 0.151988452897812 0.321203928298491 0.170648716126933
0.118511349190216 0.19688244864493 0.233202100579566 0.119406998601737 0.184055108138536 0.147941994845014
0.173093161447996 0.196829900264996 0.146965006121349 0.20853612728011 0.18304386202391 0.0915319428616395
0.150438907874761 0.204102177534801 0.263888764438641 0.272246969259095 0.0160022399304145 0.0933209409622879
0.106853666372505 0.307594959628836 0.179784918813045 0.160330064043965 0.0396379459798486 0.205798445161801
0.150149193194797 0.123284625414027 0.101962625103341 0.252631775917218 0.154596985107388 0.217374795263229
0.131960489579858 0.12421520536884 0.114660781552002 0.212509814018343 0.201995591342406 0.214658118138551
0.177441565254356 0.0419072629190502 0.196765279830252 0.25189807217256 0.141313141933571 0.190674677890211
0.166478040554792 0.0401991426340553 0.312484586380388 0.120432103580338 0.0598790056328739 0.300527121217552
0.114233899394936 0.223029707940925 0.0985831642070764 0.229443773990171 0.167310074259761 0.167399380207131
0.191573578085921 0.155058899448391 0.259457565376764 0.0788200949967258 0.227497773496012 0.0875920885961865
0.179530375448603 0.0612986108968895 0.24295129860961 0.190753722843758 0.313895880815471 0.0115701113856693
0.078586095654375 0.157889404300627 0.259929822921244 0.143327893442477 0.200996415767988 0.159270367913288
0.0749420094608189 0.368821045252677 0.377569336969126 0.0493377380685844 0.0386008538902827 0.0907290163585115
0.143911425806795 0.100361337286728 0.166413698497136 0.353691943073229 0.156582776618924 0.0790388187171877
0.00738028546796172 0.338573642567681 0.0689734427953879 0.195525416832808 0.229753646712683 0.159793565623478
0.124207087179881 0.275675709839802 0.183933673830353 0.0546089063025267 0.262263839824053 0.0993107830233842
0.0470810695329184 0.218388745884531 0.20656284244722 0.25531527285671 0.031641942479061 0.241010126799559
0.256738316432579 0.141625216871122 0.0554183267179662 0.201705546207128 0.201494982381582 0.143017611389622
0.181654701138443 0.412984867096747 0.196724731556033 0.143699172671824 0.0473424707265036 0.0175940568104495
0.136349700498185 0.20261737307313 0.165817931993476 0.0866597807874754 0.192644217814171 0.215910995833562
0.213903842357403 0.261669652738724 0.132404571592216 0.187057675957025 0.0150496302424687 0.189914627112163
0.123064150204654 0.336833498892431 0.0391261156424515 0.218011996171013 0.0348581316272905 0.24810610746216
0.496186817077574 0.045059536452133 0.398619156194752 0.00597974579760064 0.00736004977395097 0.0467946947039893
0.0569995472528803 0.255965844557472 0.152697932439977 0.151136850825667 0.20585858463811 0.177341240285893
0.37521046149667 0.0213537559478978 0.175457139473844 0.271855357577867 0.13604454243605 0.0200787430676718
0.210947486796264 0.163404739660392 0.185297329715774 0.0490857116495603 0.206181504081156 0.185083228096854
0.424520895098843 0.131327474207752 0.142970559901222 0.0252761384759706 0.213643868241928 0.0622610640742837
0.0202987041692528 0.316174785562302 0.111311478492344 0.0196651351274641 0.3320116619427 0.200538234705937
0.253614358968609 0.0404519585467012 0.233408127478577 0.194835027416142 0.227791181778018 0.0498993458119523
0.0327294161228285 0.0185815151986494 0.314988313968156 0.272144750945631 0.336202512512586 0.0253534912521489
0.0174566754747628 0.104148717468035 0.299157725063727 0.399567026794164 0.121870322420916 0.0577995327783953
0.268780660260447 0.0126194072158504 0.198806921977383 0.135165974047405 0.0589395621405882 0.325687474358326
0.186723561413239 0.226951720035294 0.0825971010524538 0.0149448287286084 0.214862692529087 0.273920096241318
0.25601454254714 0.0310183224355909 0.298199435838125 0.00593397651202914 0.195863608394975 0.212970114272141
0.351917446586107 0.312032406935753 0.0391340730224938 0.0845112815538771 0.193503290698883 0.0189015012028865
0.122778849223641 0.175980902379637 0.22112453183432 0.11317147595926 0.155925658969589 0.211018581633552
0.100916940792829 0.137303421819998 0.355398727150671 0.272755168948998 0.13057350346157 0.00305223782593353
0.14458998617922 0.0105405366853704 0.261903780124112 0.25273556748592 0.103333309844392 0.226896819680986
0.339773799778439 0.196167177560649 0.0756987399601187 0.0471834000801798 0.337988622575555 0.00318826004505849
0.0728789921269831 0.258136887562993 0.167509804376644 0.220365617645155 0.246563679430481 0.0345450188577437
0.188400524642091 0.204596529221036 0.268422951598108 0.00521270985932354 0.19605507235543 0.137312212324011
0.203148407062925 0.332202535162342 0.0880151994049109 0.167340182288265 0.0121982338907495 0.197095442190808
0.0249229490314135 0.177700061601479 0.336697075778493 0.0311591504250635 0.0804614641902817 0.349059298973269
0.233457027638044 0.161536644747637 0.268855920114743 0.106995342879192 0.202471655595384 0.0266834090250005
0.220384370606601 0.258340417767789 0.0688418030099883 0.263502157064963 0.0891353040403913 0.0997959475102671
0.15210168547323 0.110640565340301 0.134744904167056 0.327836176868212 0.104158019395847 0.170518648755354
0.216708476342849 0.219383392943504 0.0198506462461592 0.148063074048433 0.223110344621717 0.172884065797338
0.262401662308023 0.209310621445495 0.136752803166358 0.173007411095224 0.1957274419792 0.0228000600057009
0.176166939065831 0.0791150416529721 0.120960841709755 0.239898443691684 0.268832908156089 0.115025825723668
0.207117690954554 0.181556882200586 0.159421911680505 0.15594868491287 0.199603754620989 0.0963510756304967
0.254363919054383 0.090370675307781 0.0356947751764757 0.266732889059647 0.18787918555401 0.164958555847703
0.156335565198416 0.368367567623348 0.0558686594358742 0.0382480745894761 0.283743121352624 0.0974370118002615
0.0744639472451874 0.163181235727251 0.0589444936458682 0.259739023367692 0.295345459008201 0.1483258410058
