0.182700449939731 0.0765483433136426 0.0846864393617219 0.120337458451962 0.00923610675696697 0.0484513266161984 0.125009748868862 0.129773860029264 0.115915108010578 0.107341158651073
0.0479674580641327 0.0604897529089709 0.0857513789140729 0.109630294646912 0.186431724389191 0.118998494313748 0.0710807109438702 0.0298883898824583 0.161021762337646 0.128740033598998
0.0424961725051144 0.178922371288258 0.0261240275840053 0.123416958519115 0.0810743275981483 0.149638273748377 0.0818230193998875 0.156795098749734 0.124410244002547 0.0352995066048123
0.139525265571175 0.0826323830856749 0.139654379590479 0.136133344076543 0.00152809804059762 0.103373344691643 0.108024770326407 0.124089455307336 0.0353136378345996 0.129725321475544
0.147574371464005 0.0384206135349745 0.153567614024904 0.111547180212948 0.130435649000652 0.0943049741173107 0.0622954546145115 0.105392371343973 0.13851736483007 0.0179444068566511
0.171614489417313 0.127807019833451 0.176069991711949 0.0410173396297879 0.0265897856871791 0.083155823402743 0.0210627268018115 0.144402384292406 0.112055799163475 0.0962246400598849
0.233702261616687 0.11841071204927 0.225717653886571 0.173817618042874 0.0462602654310584 0.0115709033860915 0.0543210591319972 0.0899693695614073 0.00260963140505898 0.0436205254889843
0.0231133423450617 0.123389887393396 0.080975501186784 0.0739926598898331 0.253415680122245 0.132102168233384 0.13327790070223 0.0037504481945409 0.170973158112353 0.00500925382017247
0.15536090650013 0.179209059628586 0.147375409940804 0.072826888953668 0.100059752074431 0.140871745872711 0.0617010944226752 0.0107358126096708 0.110426590378343 0.0214327396189804
0.126718969700514 0.160685453604068 0.106239779852095 0.0151361142887284 0.0709788277786806 0.203052093629768 0.160720306609778 0.101809030954793 0.0287213178721859 0.0259381057093892
0.0992258990266946 0.00213452098732894 0.151706220316355 0.0680646175342414 0.138671896516653 0.101790632610441 0.119664109538236 0.163305912719896 0.070472232736995 0.0849639580131576
0.131862200333046 0.119450108022662 0.120817650549091 0.0996292646449365 0.169236806427409 0.0339946449426448 0.0611480565747494 0.0653713064984134 0.0329561634602576 0.16553379854679
0.00786641725169284 0.124064422559597 0.0962752408633854 0.131900492007864 0.143693645977876 0.136550890550544 0.148992614060875 0.109781250112557 0.0682389522557366 0.032636074359873
0.066338036014823 0.0997403573367483 0.179147115970658 0.143211781216645 0.121141820772629 0.0440580935897066 0.0908672048150457 0.0133692471418187 0.0382601871640411 0.203866155977885
0.131518618186063 0.128465755007071 0.104899809485419 0.0782977940279495 0.159175274230533 0.0503702830561573 0.0602241554014651 0.0154672039852307 0.115371976588371 0.15620913003174
0.0298507134952422 0.0721248277449167 0.191053969116675 0.0799963185033178 0.116138663718802 0.049056643231523 0.212276046600625 0.079631160269784 0.119012419218832 0.0508592381002816
0.109667629332671 0.0417694132709363 0.0601126365573581 0.0878643708834555 0.156340852689696 0.145152757600739 0.0191983727664418 0.155406595657778 0.149277228865108 0.0752101423758173
0.00766651551170999 0.268491758452464 0.0688941141830367 0.0448947030793748 0.0303499219596626 0.0832231217891588 0.0859017484109565 0.0686761829244879 0.239830651607526 0.102071282081623
0.167345754912427 0.143197068936765 0.0186522665703715 0.00258799760402341 0.0476293684447046 0.0340140362406388 0.152146037601784 0.145863599393183 0.137072421041316 0.151491449254786
0.0911423850825161 0.140421279697978 0.179525104701269 0.0303399003950067 0.0275310255075321 0.117035667264925 0.00774122910817626 0.164412836636236 0.0866966370203605 0.155153934586
0.00332373184188331 0.167755955327162 0.0748667818280942 0.0293715107092614 0.00219424452938676 0.104555667983206 0.118490550576569 0.169063132873274 0.166562046188334 0.163816378142829
0.00744299147707289 0.102313635944369 0.114523963480226 0.20046594618353 0.154789457774814 0.144556979526294 0.0698975272203635 0.0549567999427324 0.147464251123757 0.00358844732684222
0.140582868274168 0.00341381236008802 0.177232635077065 0.109235693902626 0.158571904401806 0.0988260307290816 0.0201338690092703 0.0292791125930093 0.11954764704212 0.143176426610766
0.159237020797191 0.000601362894544969 0.167727098493642 0.143740580102798 0.136373334712708 0.0973322646143765 0.0868773022460274 0.0799735242340452 0.0868987149162315 0.0412387969884354
0.155072268482255 0.179530382291035 0.151583760996083 0.140481584438013 0.192252853714328 0.0104002730443907 0.029715582545302 0.00378006316278086 0.107631586214571 0.0295516451112414
0.0920031780085626 0.159197033302968 0.0716201907069533 0.117965622517469 0.152667859992067 0.028540451507728 0.0999922197696789 0.0588087955487513 0.0997367884515594 0.119467860194262
0.0216058131659507 0.167826740918683 0.0967359673478019 0.153368275022825 0.146768393390782 0.140606407138054 0.0225574646092143 0.0421909159633999 0.163992055833201 0.0443479666100886
0.109561673959795 0.0989686455965756 0.12762720055674 0.0919362298500228 0.0410585274197874 0.0845160625274076 0.153259646188082 0.135369923478317 0.00284232153636356 0.154859768886909
0.0088566057470017 0.110600357689806 0.0766264193232609 0.148471985758816 0.142306280035628 0.0465162688797098 0.168146422023911 0.147045417863291 0.00411390523030732 0.147316337448269
0.00940859316612108 0.111105302406614 0.145334783045865 0.0396209707334917 0.11067363388261 0.12531035553379 0.134891061935673 0.134232947511079 0.10264851735764 0.0867738344271154
0.0263273693911907 0.00500116070167595 0.0586312371126188 0.413794112973149 0.0140018870103149 0.0948227632952583 0.224702515115174 0.0644616508869719 0.0617194193226932 0.0365378841909538
0.107684332465243 0.0698465742128636 0.00610347091739377 0.0346052816672559 0.141212215810844 0.0581680571736458 0.206607596417288 0.132575224347183 0.0134399612364936 0.22975728575179
0.0227001956767488 0.0291517841441036 0.0191090157691673 0.187759674478183 0.0898373106154656 0.162072641378953 0.125838723804778 0.223615920255335 0.0407009152837941 0.0992138185934716
0.0725095027056753 0.190951099254616 0.198119923282441 0.0298173814310454 0.0409309953547838 0.0276790174728225 0.146789648895019 0.204854631087045 0.0637704315266008 0.0245773689899505
0.155291928653565 0.122760953988195 0.0145380995358121 0.149557063672569 0.0775419387550586 0.188934255829013 0.0519134526172467 0.174695827068426 0.0520362519279735 0.0127302279521411
0.179515834209331 0.0907350155060773 0.0162665745434206 0.0120472732905938 0.30533338717982 0.000664070323418455 0.140609433476558 0.140916780400298 0.0685324986766606 0.0453791323938216
0.111656687060939 0.0237683505733101 0.0398970024205385 0.0265536445606408 0.0494800695405157 0.135976382352614 0.168889396186693 0.186404365890515 0.12483161021414 0.132542491200093
0.137673894596893 0.167135347335017 0.00135130105748214 0.0732888436234323 0.132977472929348 0.231944146592671 0.0824970798501281 0.108969224954415 0.0459329727013088 0.0182297163593042
0.115213918120281 0.142506984671706 0.0362681100140205 0.0332877499048448 0.0238800099786459 0.160567886058864 0.191844503675498 0.0627120952877628 0.0346009171427569 0.199117825145621
0.0802831344500788 0.113352616288711 0.0480824683014414 0.104356179871169 0.194931266921658 0.114385661146901 0.0561411411454819 0.00583269667365933 0.170961634508719 0.11167320069218
0.104398633130707 0.126992248417005 0.0966618086216795 0.16785444950288 0.00530613155371622 0.153391232256077 0.0485441758698972 0.0469272419337481 0.116363847453261 0.133560231261029
0.192483952079369 0.0976680309783712 0.090718955914312 0.013577991338614 0.196112434537568 0.0540256959443632 0.0948443590588701 0.0981023616491295 0.139015562851556 0.0234506556478472
0.133567508758833 0.0897615809707359 0.0152181528097809 0.059434653600514 0.0775705573988532 0.150258766557635 0.154515990472209 0.0719317573238017 0.103331395367569 0.144409636740069
0.141399765583119 0.0582661197471909 0.0568219650064754 0.10326324392708 0.13829329770932 0.121852661832074 0.112666090613117 0.0860866230529621 0.04919960829425 0.132150624234413
0.208754827555779 0.114833371580641 0.0156257839957353 0.135602424066164 0.0723857477827333 0.179493904726316 0.0939365073405536 0.105761394690794 0.067226077240716 0.00637996102056694
0.0424862749558628 0.0101223544374233 0.0470945840596551 0.171926980299273 0.0390203788573449 0.133296833964406 0.0525778799762918 0.217850627530117 0.184568496094451 0.101055589825175
0.00700414348056527 0.0633036902749889 0.052242362792522 0.0703140577890048 0.0426892809194052 0.077199748110132 0.238522863645851 0.237003571119423 0.054390429166054 0.157329852702054
0.0207878399348582 0.139892116395113 0.0921070936312807 0.0626229876319437 0.0381443708175603 0.120233643871186 0.155926210363701 0.14930144951657 0.0817168579062229 0.139267429931565
0.0914692938945226 0.122169427305422 0.111992205316367 0.166853475226831 0.0484973970328052 0.135616514563894 0.177896467844436 0.0213946515948103 0.0278736261646102 0.0962369410563006
0.0667546076131783 0.118659150173834 0.0089437135968028 0.0546283939185385 0.16863730135767 0.173412951667159 0.0679775979515308 0.131428276113495 0.0134698152760701 0.196088192331721
0.0988283545990837 0.0705034841803215 0.0751174507020061 0.0610368016691703 0.0141719907206158 0.0368681338296356 0.14041264567447 0.193101484546114 0.178625949118815 0.131333704959768
0.179671795119882 0.0194690171261492 0.0293710970531646 0.0186970908812583 0.208092547597768 0.157666648889809 0.0861819699087914 0.0205462911163661 0.158832478677996 0.121471063628817
0.150473239202569 0.0934125806963235 0.176965270845659 0.0903924183652486 0.120373737631098 0.0230518757252466 0.172038880094794 0.0932133163214413 0.0218165467362948 0.0582621343813262
0.210834061642015 0.119426957642187 0.0518504347385066 0.0760933353177211 0.163614600468023 0.0364286997470823 0.129170606258368 0.0517302071127442 0.107773399034854 0.0530776980384988
0.0216915809421172 0.0554747150073741 0.0225780537535839 0.0956300369032727 0.145468527372924 0.206670036778437 0.0598875686254656 0.253042156973539 0.049540413412003 0.090016910231283
0.0597722224458013 0.0313748920870476 0.261201253772079 0.101262905169718 0.0848479580314023 0.235147945555783 0.103677015582508 0.00923969651619073 0.061922394139203 0.0515537167002682
0.127604536607962 0.126315430828303 0.0934034845977301 0.0549031397138579 0.143866412221802 0.114157416377013 0.0346703297050798 0.0902938752166458 0.0830862563535667 0.13169911837804
0.179828551893063 0.0785015645199298 0.0538528556808614 0.0747107746065852 0.170254699436584 0.0626617370808504 0.0451816814913297 0.0752006161194665 0.111736336848941 0.148071182322389
0.0705319583457662 0.160582584067384 0.0956271181021896 0.124246271529723 0.120048224305625 0.141430568339747 0.0970756797981752 0.0591799489355867 0.102465621773273 0.0288120248025303
0.133006341737609 0.156075148438078 0.0892836675890959 0.188338682582424 0.163179956648235 0.0150922255308454 0.0145896780921343 0.0829983444517388 0.0692902442208992 0.0881457107089404
0.0783171039849288 0.0839602712549741 0.0735983566704434 0.172109531569643 0.102906490212544 0.104140149161467 0.109965057461217 0.116131242517164 0.0893697012829287 0.0695020958846894
6.31813408686069e-05 0.139069193417574 0.0902087762431966 0.105943070281843 0.124849943704041 0.125473692257561 0.159314412071924 0.163512333805801 0.0274562363134625 0.064109160563728
0.0407738670342675 0.11430089504033 0.0596551872047111 0.0958088187254388 0.126519509684082 0.0566714611519936 0.182939412138218 0.057528474381587 0.0879958984199235 0.177806476219448
0.0209810452227839 0.0456572930992825 0.118615789904149 0.14439687939603 0.104769189751404 0.133064421610343 0.125459802390985 0.12613481391608 0.127143291707991 0.0537774730009507
0.14080084125281 0.0525962005163527 0.175871049220962 0.0105141012103818 0.101875490749082 0.0645642300965335 0.0759633524505071 0.175868413201298 0.158068068028561 0.0438782532735133
0.0601929796634873 0.207873832571192 0.0321327069623298 0.139023474410727 0.118138954083401 0.0658844196929831 0.0326672485622501 0.184686129641798 0.000296878843016562 0.159103375568816
0.113030923957516 0.154260345333813 0.172966091381212 0.0422097170815177 0.0120719991176501 0.0454949821625576 0.039780113366203 0.13119803786947 0.148435760996583 0.140552028733479
0.0546241737439978 0.000850736234639303 0.15115637874123 0.0766559767516054 0.149702424812452 0.0876484588616807 0.151508670290365 0.0989771138776188 0.0892159982098159 0.139660068476596
0.104758493561246 0.104433188488586 0.118402191175005 0.0194048713024097 0.140138723016384 0.0787654511042051 0.0710197616321615 0.145760744591907 0.0713735752231889 0.145942999904906
0.0351972756434927 0.0774228801453165 0.102329759241589 0.0563170155967692 0.0247133372870879 0.0349971605826585 0.2090949054484 0.210140880755497 0.187256821275945 0.0625299640232438
0.0893583229185016 0.107693678465382 0.128169299947556 0.166788679184039 0.011897964358167 0.115617455744772 0.105551022972288 0.123154636247866 0.0370229940578665 0.114745946103563
0.107237909319436 0.0334221437455495 0.160700145033821 0.164394911673985 0.0777918645672761 0.0795200429853655 0.0167964607367883 0.161701245213062 0.0690123855006346 0.129422891224082
0.0904935693287408 0.125532748884208 0.163805169328233 0.0282645707358223 0.0571837390776739 0.103823607348356 0.0101482055554673 0.0498307844382128 0.211854594623149 0.159063010680136
0.0371372431779481 0.019540999432404 0.148940023393956 0.0584214183122753 0.137005728022646 0.192008223145443 0.0442955938597127 0.16392781516777 0.109842475194911 0.0888804802929343
0.13915357733982 0.0111306171665706 0.11865718146894 0.116760789825449 0.035664184525006 0.141651352194975 0.128812621507138 0.0709723827619802 0.115401345896879 0.121795947313241
0.103357627386627 0.17333921574855 0.0986972141280603 0.0601357961914757 0.173866474009643 0.0981695475950116 0.155469746826785 0.0410373043392535 0.0305520410011727 0.0653750327734209
0.163193985286862 0.0413892405270329 0.206637018564369 0.0601468271872844 0.0420590294704291 0.014541295153909 0.0633259697778831 0.108098078571759 0.212721717779538 0.0878868376809336
0.175091369717523 0.17836210482053 0.0307041442374999 0.0256344149038961 0.0433826712969572 0.16318330397822 0.192651188438709 0.0887572194223676 0.0526215438586746 0.0496120393256231
0.242147813280432 0.0419145965463611 0.20897861982122 0.0686636172925832 0.190054471849818 0.00979035004192966 0.0148099247836189 0.141348448171201 0.064888140660611 0.0174040175522265
0.124624220727089 0.115804166234557 0.0985789261037764 0.137579082564315 0.107753314343152 0.130346547832934 0.0818993374163093 0.136045003252431 0.0592783367873457 0.00809106473808967
0.0711790840899472 0.175230313450432 0.0907119494618706 0.0275288046125957 0.0971999042071006 0.142125036550887 0.136134836000648 0.170628195834178 0.0547152787333576 0.0345465970589834
0.0958421936789682 0.121833034866206 0.129918085009841 0.117803029377886 0.10253073510508 0.0820538133190108 0.0562666513959739 0.140598747081386 0.107482425345453 0.0456712848201955
0.0123969982066537 0.00432745120595661 0.170172329747607 0.0980430721725491 0.0254249342870852 0.116842837231221 0.0886248406043176 0.205346732575315 0.102311822622504 0.176508981346791
0.182967105729327 0.0401366825647241 0.138387254442162 0.133715087134571 0.0900168903356469 0.116505219038682 0.0652474389378762 0.0729299820912436 0.159519787558431 0.00057455216733714
0.15973389339795 0.128043327995712 0.0130938713862438 0.0111697044185838 0.0930678503689943 0.131695759328032 0.138450286403228 0.130025077983032 0.0547567193929501 0.139963509325274
0.201593661595776 0.0318122888274521 0.107125281677991 0.103844081685786 0.172431565211998 0.0773192391686732 0.0170087814560971 0.15675861584585 0.127905292736928 0.00420119179344933
0.0433500093753621 0.0317784541996347 0.0793634781206913 0.0210307272526201 0.207030856187617 0.194964861090782 0.081980403375941 0.118007359819334 0.0605682068550842 0.161925643722934
0.223890418562759 0.0139266392509159 0.0270399965059593 0.156576830444268 0.177493019391802 0.0381430886096338 0.0269620043181017 0.0793075430975566 0.152013057417567 0.104647402401438
0.0426358273412773 0.0764167945685681 0.0467203594139974 0.105868035260565 0.140296721103082 0.0692146468503591 0.099964973531867 0.193054499529688 0.0984541465192928 0.127373995881303
0.190496675693834 0.0049425671779492 0.1219154978588 0.116462870956256 0.104576700843835 0.18304353870522 0.0922302185597796 0.00174735031969436 0.170947803155989 0.0136367767286432
0.114551239146461 0.131243574715308 0.161834759991196 0.152181486171885 0.0530512904147463 0.0037554285548116 0.155759099330625 0.0227563891869083 0.122915314043656 0.081951418444404
0.00942537197727514 0.220068124036717 0.0665252606305358 0.224784784860481 0.24465041716422 0.0262070524957042 0.0636592230515678 0.115354399506013 0.00873947466120495 0.0205858916162799
0.106525257546295 0.0214143320726673 0.0658653585440098 0.125364528329071 0.0318406859134196 0.184377532625376 0.0479364211251323 0.0414055813716373 0.192195042457032 0.18307526001536
0.133369010528368 0.183382133839893 0.170013229948992 0.0767163374266151 0.11059728964522 0.0948341725171708 0.0136750158756565 0.0983365528177084 0.0776386169125694 0.0414376404878063
0.0329120928004082 0.197628834318306 0.136950278593488 0.102855824349832 0.132334884142923 0.13404671011482 0.0649554571565094 0.02677565113894 0.145527613378695 0.0260126540060784
0.108583955677404 0.094853211745338 0.149037172922222 0.0384331235681387 0.00445204365345209 0.155200062796347 0.15718458158838 0.055682376352457 0.141827138117657 0.0947463335786038
0.104682825594249 0.00985830350490295 0.13384313691487 0.0524201371380418 0.141048593168674 0.151814635408353 0.142562321941312 0.0342697191883116 0.146615001742024 0.0828853253992624
0.13905872070953 0.0581037868781758 0.0488476039449671 0.103151285752099 0.0918444298423242 0.13348948724236 0.179266180626013 0.030690980637187 0.132312735289587 0.0832347890777566
0.138070241505375 0.0401731947623074 0.0438682209032514 0.0353261305589085 0.284118329023577 0.106925387781417 0.0663103702240032 0.0565498933127407 0.190162349405436 0.0384958825229833
0.149536786707737 0.000167086128318217 0.116933084169297 0.0294524276937559 0.151223724212036 0.213307031933494 0.121605179288444 0.11490048301587 0.0882240309482959 0.014650165902752
0.10149486538837 0.121624247261081 0.0165832298850555 0.134471517691627 0.0658541922802546 0.148778302924052 0.119701414525546 0.129452752382165 0.128241082413932 0.0337983952479161
0.160464192525368 0.116519052386808 0.114099553184488 0.0244407471973817 0.146489594463858 0.13845347902428 0.0557965756338331 0.0664102462918292 0.154490779498844 0.0228357797933103
0.161015360618928 0.150129675563898 0.0928699152554533 0.108303603318812 0.119841073986968 0.0267393525948613 0.105112209917988 0.0513135460126192 0.0393452423496377 0.145330020380835
0.0942374437909963 0.00310099896185437 0.102868020339585 0.0744506056464165 0.0278534364804164 0.137946435731465 0.135461306029323 0.0937734995886966 0.149726917537057 0.18058133589419
0.150168211831116 0.140488725499877 0.150070807830456 0.0891993316282884 0.0633234766485567 0.0564385024384208 0.0226867381372751 0.0910621863109394 0.112339969619451 0.124222050055621
0.136242130963158 0.187834751342179 0.0348906922988379 0.0998659570327369 0.0704854281412757 0.101068585323807 0.00939351620652288 0.0439851037940472 0.136988821912788 0.179245012984648
0.0101755128046147 0.0383852015615742 0.015593761297744 0.113813837824609 0.145669334759306 0.139869068603274 0.237837337307608 0.0678734535455224 0.0755882381100449 0.155194254185703
0.0899750060248585 0.0552166192775879 0.105533132784405 0.0827958364103543 0.13661857692513 0.172416013264075 0.174021700477377 0.0525141375834158 0.102947099956378 0.027961877296419
0.00825216617136948 0.0853263496698723 0.0567626748136365 0.216649790866599 0.0266491833731755 0.0593616061692327 0.136448523397272 0.20954018461882 0.146508064618376 0.0545014563016476
0.123752147767327 0.154894421903159 0.12323727323213 0.145420712300827 0.133916757056682 0.000442679957984428 0.058475528921174 0.00229444663474412 0.119809010617585 0.137757021608386
0.0375339094331603 0.160845600677459 0.129026902403387 0.230511906101584 0.0408818665010064 0.137918855813782 0.0482008432840995 0.175888400655493 0.0322427134748891 0.00694900165514036
0.0431926205223253 0.117972968712381 0.156680960250407 0.0936627294057943 0.0197599015120636 0.121824753611653 0.0557042740722111 0.181022718887241 0.0772404391923189 0.132938633833603
0.129290117062137 0.110266589438284 0.158305610118452 0.119596540698839 0.0506399970094988 0.0334237129633961 0.171590304033499 0.0471917477315873 0.0160640079619615 0.163631372982346
0.185326849462558 0.0181462175182608 0.0470286505289857 0.127512559136083 0.172706686621778 0.116747836063736 0.0458153048027941 0.128546933185624 0.0170248890607814 0.141144073619399
0.10784391882481 0.188419851908589 0.228033032758522 0.0178521950962301 0.013431285975021 0.18700360543163 0.0758413086537434 0.00850920050771608 0.116505210327043 0.0565603905166954
0.185786589116892 0.0942518630189643 0.144064363711573 0.101809857493082 0.0693167904540699 0.0720240514170635 0.0426344421084296 0.0573291576741007 0.102334609469687 0.130448275536137
0.124190794655554 0.0687150241654504 0.110130099344275 0.136737132696957 0.157822573097084 0.0388317658770639 0.134804280737752 0.13074785490983 0.00174893812182249 0.0962715363942107
0.134192908616122 0.115777345152148 0.142075058159172 0.0871862277832106 0.124145462504255 0.101941362697568 0.106139530152818 0.112498887329071 0.0254989351137769 0.0505442824918581
0.0205951928571167 0.118384326666085 0.12282141728733 0.0067394136645208 0.0838021756233542 0.22455803826131 0.187872409168613 0.042444566374326 0.0665141538627013 0.126268306234644
0.0454708800470834 0.140795502276397 0.0110504443861842 0.115488986554002 0.145987723609635 0.136070428579884 0.148338697006947 0.14711383049921 0.0508880359167515 0.0587954711239066
0.00765850886418573 0.133968963734977 0.0747102266893793 0.0896322409528462 0.0400150362491187 0.176583245178559 0.168151562786916 0.0432591157735157 0.171306786274743 0.0947143134957596
0.0128984332244556 0.17176586385976 0.128524119587644 0.132985964741333 0.0113855228179941 0.116700753296341 0.179072812748316 0.114743407494219 0.00959448537857211 0.122328636851365
0.175917787220265 0.153067390806583 0.0470181608189931 0.104583704141479 0.0809210016906702 0.0424003053300117 0.0777235298838888 0.0488666212957279 0.133601035806982 0.135900463005399
0.144688735745748 0.0370501613702641 0.1141253554866 0.190593615488561 0.0935486776478233 0.0639502786983743 0.051298119352693 0.0971188785511396 0.00109979657434675 0.20652638108445
0.178986328998818 0.0346338182835902 0.0727544914753598 0.160505105999165 0.113454990659497 0.0617471400605829 0.000277592956783705 0.156380584874425 0.196669445841048 0.0245905008507302
0.103197769436992 0.0823731314500483 0.151791888889183 0.00433467724569707 0.13384023975393 0.0393752695129524 0.108155452662694 0.116002028087071 0.151395327814234 0.109534215147198
0.0146429766730456 0.129445810298921 0.105231280091347 0.106648839301279 0.0715655214718082 0.159537165505414 0.0142337106413184 0.200310588252412 0.16490181694341 0.0334822908210439
0.0239347618558787 0.0328902261119537 0.174707890887824 0.0269688076310471 0.0245441717828621 0.142237346139445 0.236838209337312 0.169180185830522 0.100656622027498 0.0680417783956579
0.0877433066517034 0.00797263984352476 0.147976074162921 0.142743252242331 0.117587723179493 0.0566360825397354 0.141184902778629 0.111052926730495 0.150662186890791 0.0364409049803759
0.140210226902928 0.0385958221281225 0.267994788679248 0.0538656761287307 0.0720245806614984 0.167348775426996 0.127575244033169 0.0240534931296872 0.108244004551474 8.73883581455363e-05
0.0902073051093567 0.138822352274658 0.14849851960928 0.00354784474842155 0.164180745987539 0.201345655149981 0.083878463469952 0.148237256346368 0.0130944181684619 0.00818743913598241
0.0854205628722388 0.125307250058287 0.115950683354812 0.119520218687387 0.0187682007814403 0.162304715210739 0.0429244225363458 0.0817911430178292 0.0988056514343235 0.149207152046597
0.141850681368173 0.136370475232512 0.187599451517618 0.152994811750264 0.0782737839586294 0.0210762195450019 0.116291284233305 0.104799714314187 0.00446958227156782 0.0562739958087422
0.193457400831076 0.0438596823261501 0.0568865051347902 0.031505205779893 0.0115996586957956 0.13283280895045 0.12489756784327 0.181484332600362 0.192743229333622 0.0307336085045912
0.0966865286118529 0.0865134143798663 0.0628799729409093 0.218410954313327 0.0515227474539604 0.0379953929332293 0.135378921818364 0.0922984284878252 0.114239492398271 0.104074146662395
0.166437705149757 0.0727147517020636 0.0117603095705068 0.0786812285935415 0.00681459765757284 0.136344004320374 0.179625336466665 0.0508603201338863 0.168787403350831 0.127974343054801
0.0816571527101415 0.161736977444422 0.086053540601164 0.0838357175550349 0.106903207006598 0.0399697919166992 0.100101513670515 0.157010366449502 0.166453417527318 0.0162783151186053
0.0349143147002326 0.0639304710320284 0.174784397320977 0.051261654383199 0.188581568310024 0.043395080877401 0.02958074194473 0.107662711751162 0.190332738640411 0.115556321039835
0.205719435784878 0.0799131326877377 0.0703605258493388 0.0284548050869294 0.0537760505559725 0.0689086222262964 0.0949510256339982 0.21113059693832 0.184098299431202 0.00268750580532717
0.107798876307812 0.220808848509416 0.106282743244078 0.133177388326931 0.0453706618414493 0.0358656723426662 0.0716678121386197 0.0594902088838154 0.186070992903501 0.0334667955017106
0.00430618983549935 0.0681124077961215 0.101744190471839 0.136724409485175 0.174973952643981 0.0869140300526315 0.127321566066307 0.153234410738778 0.100907458593573 0.0457613843160947
0.0599984929191539 0.149952431046444 0.132327048556631 0.0763366031936359 0.0911971928142099 0.0510165737447719 0.129611247694105 0.096579570598981 0.105339460533505 0.107641378898563
0.136035829904334 0.045743382645267 0.00506242217274275 0.144193349816086 0.0952759908970458 0.199416838441661 0.00118769080571806 0.0558544838325685 0.143362202381808 0.173867809102769
0.0727963251250522 0.030256308663669 0.0992261131903996 0.184592171967271 0.101232271419734 0.017805675066163 0.0142354093521156 0.171998080957223 0.107000029061176 0.200857615197196
0.138542521146895 0.127424075826485 0.122905661870678 0.145885074734319 0.0982069202880451 0.109856647944242 0.00449947172945565 0.00988663625266197 0.122133522016019 0.1206594681912
0.14170912663276 0.138661614835793 0.0972256866108475 0.135978408627286 0.121356964206831 0.0498292723174308 0.107639561606746 0.0463083940447531 0.132745582777006 0.0285453883405476
0.198433344614197 0.080572606424033 0.0118253058503456 0.134525379811503 0.101043177288401 0.146415960493523 0.0720933981546593 0.102699035288983 0.0775007888048196 0.0748910032695355
0.0720232171498069 0.174924014591947 0.0145488916313513 0.0658168612054938 0.118721114870519 0.0368325807934578 0.146312885709011 0.0849225059747087 0.173116881100523 0.112781046973181
0.184662134196367 0.0524216107317921 0.0598080815640895 0.156159620605848 0.0398230276540022 0.0458848954946648 0.0690481319270745 0.125654717523916 0.0517915099268618 0.214746270375384
0.0430627088340321 0.105781129634804 0.167324490617186 0.0874934988977189 0.01442116554018 0.127715603964095 0.142184229890252 0.168317664809132 0.0441268583897394 0.0995726494228607
0.099716735983181 0.0698442696004933 0.119506624089855 0.106861301631639 0.149485933088524 0.0551719189475241 0.107305270057657 0.0737332108172223 0.0885732219991657 0.129801513784738
0.147828727210412 0.102210955162258 0.0894146836518273 0.19685647542508 0.0951540893900764 0.118136916695868 0.0116999856306031 0.0828111886913872 0.152165662523741 0.00372131561874693
0.108747522504976 0.0399452843512017 0.081592873809104 0.108878466356432 0.0786273711792157 0.124491190668031 0.140625621901903 0.10925340538961 0.0642917516521426 0.143546512187385
0.181798971386442 0.0210845612612605 0.00264223173875897 0.00888221136948976 0.153734049185708 0.170766281120757 0.176178678006322 0.185862874807707 0.0428254142185738 0.0562247269049798
0.106376222304727 0.0701940456072005 0.162686258006674 0.159115544450088 0.173815333088028 0.0489727739735061 0.0588692614155144 0.0848343337234623 0.0373698289913597 0.0977663984394408
0.116031837333575 0.0808762595188622 0.0938274373677779 0.106016027558007 0.0214950147193887 0.0688054664282838 0.122306037242084 0.0427781009153506 0.270753179071685 0.077110639844985
0.0629140498108615 0.0791806308661942 0.0729226195189603 0.0441627120733393 0.173585691923322 0.139467868865834 0.0606049346276121 0.155729524757275 0.164780692892786 0.0466512746638162
0.157342285231853 0.0760638433255073 0.0159679734474122 0.138412754347394 0.193389768632193 0.044762325854723 0.11440549592309 0.0528130941598582 0.0499970118708676 0.156845447207101
0.0260374064558032 0.161579477753082 0.173735832234434 0.128592576222553 0.0700955457275954 0.109041420958949 0.0135430322606267 0.193317969689319 0.0170175168298578 0.10703922186778
0.146439419844142 0.101926537984999 0.00796054578641477 0.0382029605691407 0.208091058013126 0.155865287409589 0.0686191129358854 0.129324870863909 0.0990004806861953 0.0445697259065992
0.0865471750512678 0.0350769159719802 0.091845820581491 0.158803748156835 0.0502065325145546 0.157493139667138 0.094971464563198 0.142428535330495 0.111818635878522 0.0708080322845186
0.104259289826675 0.0362788110773186 0.147162299506585 0.171943319868781 0.142801047849734 0.0539283145775896 0.0539309339284915 0.132891242342764 0.0913556735788017 0.0654490674432602
0.12893095768017 0.104764726416525 0.15499324421496 0.0962365344579231 0.0513323100519492 0.0153431751416664 0.0707100575777247 0.0867421505985405 0.171792181942827 0.119154661917715
0.110314788704473 0.00980597989421973 0.148747307520038 0.0628940297025787 0.117846104309385 0.100533993960892 0.12155312608724 0.125601520720693 0.114709327575621 0.0879938215248596
0.120693653762816 0.0982593447088326 0.12205997296139 0.0751804321670211 0.0823462758583133 0.145991525013886 0.0589189272672272 0.0395727615881418 0.133580110098444 0.123396996573928
0.151290172293287 0.0419666227742623 0.134296146811572 0.0531091266047533 0.100184608464556 0.0370948574315765 0.0544021917108377 0.148285005723227 0.136808923375225 0.142562344810703
0.121731098196123 0.0955565062794962 0.00581652277061292 0.126669925704449 0.0370508772685885 0.12716133094002 0.10617365216184 0.112751939404623 0.127838487279098 0.13924965999515
0.0268200173384527 0.0204790822689986 0.135440808610724 0.193723275530086 0.094437315697835 0.0841661860027888 0.0707192607545636 0.189600559236916 0.0270955991933328 0.157517895366302
0.0811035141309096 0.0165958674625886 0.0647498274813205 0.0797212165181574 0.133464390694409 0.12141200957375 0.0851461887073206 0.100700386090482 0.185611500548406 0.131495098792656
0.0209820029162117 0.146044230472361 0.0841316103828578 0.0719112443955987 0.077668226236942 0.129929965525273 0.132388748784544 0.111239932380526 0.106607077928879 0.119096960976805
0.0976204840049291 0.0530570942034566 0.0391642690457329 0.153974197963219 0.0422173232487006 0.129184747525734 0.192121060437188 0.00324318748102655 0.151777936372692 0.137639699717321
0.0629988190376875 0.104560899757528 0.123361656957134 0.102159791034938 0.0309635159075398 0.111125769150354 0.120217186150377 0.125691180909262 0.124510641232238 0.0944105398629422
0.0902413366172498 0.129292940298339 0.117194638497649 0.113239566701429 0.0527164050624826 0.0933098907867467 0.106377358510983 0.114692680288356 0.0632144797139807 0.119720703522784
0.034068338553319 0.0497782286958748 0.0580928003282443 0.23419419133155 0.0502934669721 0.0915736741779208 0.17784877379641 0.120226947475412 0.139476257141009 0.0444473215281606
0.0405437252882299 0.101277219808701 0.00906477621678366 0.115521374422071 0.0492588502827409 0.147566015444583 0.0880615578302464 0.160949692438827 0.153662620694039 0.134094167573779
0.162298095513328 0.10101963291977 0.136207631565412 0.0462959046102946 0.00550298161024086 0.109962367011852 0.135641891190852 0.0858231005117971 0.157228578439904 0.0600198166265507
0.108596813299439 0.0814189351577339 0.0322924759083293 0.00967546304953935 0.0450636057946773 0.150847177243473 0.235899247230098 0.238011166711893 0.0827112613553959 0.0154838542494207
0.142520764524497 0.0521835000240764 0.143334747508354 0.152831496105169 0.169635100706231 0.0609199122051806 0.0164641745001774 0.0685352614402031 0.0382906239664404 0.155284419019671
0.105197261059552 0.00605744484125017 0.0524081145059456 0.164727054145198 0.158309503897584 0.129088038679732 0.160624606387261 0.0742096524464255 0.0364804430694967 0.112897880967555
0.211566235781393 0.00565740226111086 0.00616138907734119 0.0808473914677088 0.188398944055758 0.105481945791958 0.0785744768510954 0.208471546143946 0.110975039958759 0.00386562861093012
0.0962424778817371 0.0853536306415035 0.133618674009975 0.194031552486864 0.149742478377343 0.0354868306014567 0.0740477843610622 0.0586655351522928 0.0278517177574889 0.144959318730277
0.0808017347701724 0.111904608159098 0.119967691112189 0.00125268591641579 0.0966935751148747 0.0516237376034419 0.0944876769629791 0.134795869775878 0.179793903136079 0.128678517448872
0.0853077495152896 0.133993152590677 0.0671133746894523 0.154814235055109 0.0178300471737865 0.0881437325361428 0.0967357068741987 0.123688380701642 0.0972480136017682 0.135125607261935
0.151338685116239 0.109060395096379 0.10550541733771 0.130876988980246 0.0648964118661682 0.129578510165856 0.0507093452972465 0.035876442817511 0.114995162086305 0.10716264123634
0.0842852721607375 0.16097077461654 0.162919248305411 0.085793546478299 0.191301602935217 0.00938532502676479 0.107329965829461 0.0385155223582132 0.0810858674337347 0.0784128748556215
0.0286021131170382 0.279673338444761 0.00371639703439653 0.18979753320036 0.0683866870414269 0.200020168391213 0.151328460605314 0.00434410787225137 0.0330410527640206 0.041090141529219
0.0596705296992403 0.0500130026527191 0.16648088999529 0.109799104915011 0.119544072607401 0.0505875896437802 0.191620270171888 0.01167458674819 0.00854268606575029 0.23206726750073
0.172973193737013 0.157774441984057 0.125341451662072 0.0483118221828761 0.0383332809547938 0.176705599532256 0.0186568211771541 0.0937386304019117 0.11533504140021 0.0528297169676564
0.117853199804165 0.00824735334956864 0.0205711793977701 0.153310816900453 0.0435089833619409 0.212432641091802 0.0146822435946454 0.0157465778757039 0.200789490609911 0.212857514014039
0.16818789918834 0.0520438257517249 0.0740786916865034 0.127870699037655 0.0612130728514518 0.0738660449933174 0.0169890202632894 0.0320018525692589 0.137207237259687 0.256541656398773
0.177465559865681 0.102439359313017 0.111777238421355 0.0509866559643802 0.153475780789644 0.0602022484324936 0.103113887321125 0.0984850984989553 0.12601540150058 0.0160387698927701
0.0418354276200927 0.0584819288826371 0.134605824302491 0.126850106949788 0.103940225923147 0.0996618828146387 0.215394318970399 0.0901553176387962 0.00892271045088085 0.120152256447129
0.0555877486302255 0.19806907756672 0.0611546536747225 0.13092182878999 0.0106434575809229 0.0541800097462846 0.209617922279237 0.0772329563070259 0.0131295176917206 0.189462827733151
0.144070015532807 0.161668933002387 0.120420067189829 0.164599329546595 0.000245616560636591 0.0428149012238566 0.0585413908918532 0.150807165822265 0.016180491774156 0.140652088455615
0.0321603084008488 0.0585451378826951 0.0688620826666414 0.178408398859493 0.0546007235638936 0.117461412297923 0.180903505849988 0.07644228723029 0.0722984570929834 0.160317686155243
0.166591580148496 0.117991145322769 0.0289132735194575 0.126384533154649 0.0440018935167127 0.0135023244969744 0.107181119999531 0.10319226842486 0.143277842861539 0.148964018555011
0.00840433665478614 0.0381234705566643 0.0733592455989815 0.123860341843868 0.216094944319116 0.208123333308527 0.0582205532709999 0.235155634129111 0.0364681901137519 0.00218995020419454
0.0864961115380494 0.00782427119854279 0.259097010479891 0.0495366910415491 0.115575542074355 0.00717275639246259 0.0122839479934684 0.0904289639391164 0.137824844213418 0.233759861129147
0.00742111662060501 0.0798786256888731 0.120464638743046 0.207835645156811 0.0592557252352582 0.113922438528517 0.00821925759848491 0.117060008454229 0.116588643034458 0.169353900939718
0.00229806818759083 0.0872337584779157 0.178381313854448 0.158049889199235 0.0860986284674906 0.108311176976278 0.170547966128948 0.0234797349027408 0.0730083208976263 0.112591142907726
0.0766935446625469 0.10756572117915 0.16598722008443 0.15291710606706 0.0342433154946924 0.064765750677552 0.132934107174979 0.0253966979050501 0.0559135119523066 0.183583024802232
0.058716295258782 0.0774699319069243 0.0413359652857411 0.0641551267090907 0.0664485590151075 0.17601854702136 0.172918995304098 0.175382406487722 0.0573192649607407 0.110234908050434
0.0284242645399835 0.226132794023446 0.00217749828990638 0.12507390953759 0.145137778278953 0.0789314160517126 0.202858312211135 0.00507256354484861 0.127403023432583 0.0587884400898419
0.113679695463507 0.0761968927466034 0.169621652357141 0.00930866030014193 0.182042401919516 0.127632745601831 0.111221116878891 0.0496236251119657 0.00118195699711006 0.159491252623294
0.032831196680246 0.126706301998503 0.0450719549030359 0.0782155672484583 0.166336157216935 0.0279663568929178 0.108033834970157 0.162649635844173 0.0804801727344304 0.171708821511143
0.159691722681718 0.0225433032485278 0.130794525789203 0.201863244193951 0.168500194449789 0.0393267317161538 0.0815988781749446 0.0289051922352108 0.0288457972179814 0.13793041029252
0.138008886320624 0.0916433611327275 0.0398681820055938 0.0750442262926244 0.11926164167501 0.171976384887014 0.0232492114777474 0.114046912166415 0.175743940935341 0.0511572531069033
0.160015770446545 0.180268610892056 0.123010099068642 0.0712513285153824 0.0299204113140623 0.0325612121163717 0.0862317008481586 0.0322692910506424 0.163259648049931 0.121211927698208
0.0651381841066245 0.110896672045721 0.0753917494671654 0.0931165054926828 0.109286085090443 0.114704747463692 0.0126282878375029 0.0124053216921111 0.214703307661191 0.191729139142867
0.114232717625463 0.076668835110774 0.136049085624791 0.0956371329716362 0.131008395076375 0.0792994116460381 0.117647959562164 0.0304700160160818 0.146109365627131 0.0728770807395469
0.032926663376203 0.0301951782361834 0.161905590882805 0.142555021198547 0.00307918370878573 0.146145436576618 0.062667087867767 0.153796724347871 0.154319680631073 0.112409433174146
0.111386359833783 0.149892394052613 0.147971717443623 0.138430881872622 0.0428462578076896 0.0456161535115083 0.0851758549468528 0.0889876415231572 0.133655500277136 0.0560372387310158
0.214985329647631 0.114793074124052 0.0223939555722655 0.213357950511184 0.217229016319986 0.0155187436444589 0.0271090395364811 0.0421655454282019 0.0616366440682156 0.0708107011475246
0.118644096511657 0.134105597069936 0.0474144198849163 0.156296403891501 0.122285987239325 0.0530532312638207 0.154113827128958 0.0529090665676635 0.0683006170997403 0.0928767533424832
0.141748320424606 0.0568814440185985 0.0454356550912722 0.0811307711575726 0.0673125615732616 0.162266053736986 0.116983998853503 0.121050595429777 0.0361603306847497 0.171030269029673
0.0294424539817739 0.0356512189745837 0.0839789116072889 0.18124164064064 0.0156369324355581 0.138529576473825 0.17556862925773 0.125581765660193 0.118570577261824 0.0957982937065834
