0.391236248393585 0.0655482557028133 0.121839658556098 0.421375837347503
0.223050832451299 0.144742913234268 0.329184218063295 0.303022036251139
0.390816411851917 0.445262359902643 0.121419949694581 0.0425012785508583
0.0102674314793016 0.488639966696714 0.218225665048672 0.282866936775312
0.186550678333033 0.410283430087856 0.100518696389852 0.30264719518926
0.341398901676577 0.31361478614484 0.274686470113575 0.0702998420650077
0.404933876898754 0.0414752017018173 0.489846020510344 0.0637449008890847
0.293736861383968 0.464390448999322 0.196570904888893 0.0453017847278167
0.233497411018543 0.247739490425957 0.218172138930287 0.300590959625213
0.198773354728254 0.261536905088466 0.223328363508624 0.316361376674657
0.188282187689584 0.190361242727884 0.304931673123711 0.316424896458821
0.355077234798398 0.366486422907422 0.102009213415936 0.176427128878243
0.402022451428092 0.0375047115569139 0.377341995510966 0.183130841504027
0.215978733117148 0.219465745511127 0.314002893435253 0.250552627936472
0.422597401957576 0.305254058339093 0.206048384405246 0.0661001552980846
0.25137132700725 0.173233793494912 0.32955568865789 0.245839190839949
0.0784110975339461 0.448485732392768 0.341733133352638 0.131370036720647
0.387045922222888 0.331135257274217 0.192994680559816 0.0888241399430785
0.37528089881037 0.123737558345247 0.169611795533307 0.331369747311075
0.132141377230097 0.138441622924076 0.126745620973073 0.602671378872753
0.469621734206041 0.150367951474469 0.358089989985903 0.0219203243335873
0.172255691508464 0.136233491467967 0.326391950115941 0.365118866907629
0.292147180025109 0.105005830987976 0.252297423035727 0.350549565951188
0.264797474714091 0.37833900304429 0.126509360367726 0.230354161873893
0.348722067120599 0.232722893423749 0.236587635907543 0.18196740354811
0.0029252221484964 0.429008119021532 0.252106881594661 0.315959777235311
0.0473339745280872 0.363446937607187 0.251698083509075 0.33752100435565
0.270592062815983 0.129656442081544 0.236203701103145 0.363547793999328
0.123217537066619 0.352796475343653 0.381818453463954 0.142167534125774
0.119890720644252 0.238285651942125 0.422006300307195 0.219817327106427
0.349643657263135 0.0777214570147601 0.458143048317419 0.114491837404686
0.430335073022459 0.0741335949372768 0.45191640290341 0.0436149291368542
0.332414840098258 0.483490625252983 0.0435738514888247 0.140520683159934
0.193687978969155 0.254856041280814 0.273441279840148 0.278014699909883
0.245113919956286 0.0658244046089466 0.0297009306362783 0.659360744798489
0.209483319941825 0.395045043809296 0.0880852278192439 0.307386408429635
0.0470203748733342 0.37557707258625 0.271622247933588 0.305780304606827
0.00231041004885312 0.304869048358041 0.422157193462769 0.270663348130337
0.363960326399842 0.265522522197462 0.311182439077155 0.0593347123255413
0.291791673002792 0.290427048683361 0.0999285661502562 0.317852712163591
0.294313827132937 0.279691501572034 0.175099757261218 0.250894914033811
0.238245469732539 0.406410993735879 0.156552701685928 0.198790834845654
0.0761494242719822 0.220565552388977 0.347490903327492 0.355794120011548
0.254071542807099 0.362932807540473 0.27304913804379 0.109946511608637
0.15429740767284 0.0728224138460005 0.217675322614287 0.555204855866873
0.28162708172419 0.559317716463499 0.110769986230355 0.0482852155819565
0.399166767571761 0.376446156826974 0.208234172239496 0.0161529033617691
0.0176228536071411 0.490743985245171 0.360680854503505 0.130952306644183
0.195311679404015 0.19832140579946 0.272035318551974 0.33433159624455
0.425478772162737 0.0456523902195104 0.0788034279843051 0.450065409633447
0.258332319821886 0.291734307043528 0.25532098616284 0.194612386971746
0.263859501362784 0.284025372490596 0.327902111723916 0.124213014422704
0.217960504021359 0.303309234557088 0.205708433181584 0.273021828239968
0.276908228511677 0.18217864364111 0.11661724495352 0.424295882893693
0.324856415302975 0.212262857784152 0.177632798364241 0.285247928548632
0.386053164546715 0.207663471809541 0.00492592944350424 0.40135743420024
0.0585068334894407 0.397980578420614 0.404855188250047 0.138657399839898
0.287759486890166 0.28565790010262 0.127995054547882 0.298587558459333
0.460029895974313 0.0877625840794832 0.428208672628987 0.0239988473172164
0.305557684661783 0.295648090366637 0.106686423642626 0.292107801328954
0.352135399916507 0.333516592105896 0.183486436043429 0.130861571934167
0.222646776724881 0.200945868549607 0.298177377921464 0.278229976804047
0.0890302595075445 0.482548247757076 0.0441938678991206 0.384227624836259
0.0105507959331776 0.402249605438297 0.312826079056735 0.27437351957179
0.0334856782236208 0.304186174708007 0.232247158190216 0.430080988878156
0.152938967065003 0.395061801751793 0.380713762754994 0.0712854684282098
0.31999389136066 0.31073762099028 0.106644637089191 0.26262385055987
0.130547759210058 0.293054669100239 0.26795034106192 0.308447230627783
0.239236622162881 0.3355356959314 0.336984033229107 0.0882436486766126
0.170786855045747 0.308586219816531 0.218346779750143 0.302280145387579
0.301859525229119 0.198285717476782 0.296041330971685 0.203813426322413
0.357246365644683 0.108834938172142 0.235676088299127 0.298242607884049
0.193844000855736 0.35585239909848 0.0895916110812459 0.360711988964539
0.108344573831454 0.0918469453425648 0.526479067054898 0.273329413771083
0.206742447225393 0.36209538546862 0.146571589457142 0.284590577848845
0.113261263227063 0.305530210725602 0.309554846653999 0.271653679393335
0.30967118018354 0.167805806375979 0.142893716839951 0.37962929660053
0.0872078908248671 0.25296561609425 0.0449547992351105 0.614871693845772
0.00327960728138628 0.247125011228017 0.10233326738881 0.647262114101787
0.0145063295531107 0.460659560485855 0.29036960503188 0.234464504929154
0.131234820521568 0.28436926978786 0.559392367721797 0.025003541968775
0.439378621593392 0.0912681109582519 0.0683913261354323 0.400961941312924
0.0181870116458642 0.200392920253289 0.322042935711199 0.459377132389649
0.259435483097131 0.325684581086726 0.132387980939359 0.282491954876784
0.370393369948714 0.390313684086042 0.2081411409458 0.0311518050194438
0.365547103733479 0.214076403422909 0.150785553143579 0.269590939700033
0.0902052861809854 0.356030367073485 0.00738738125970326 0.546376965485826
0.406293980421088 0.152994563523409 0.0803075138263892 0.360403942229114
0.00386095416829485 0.449097917326489 0.281916749825311 0.265124378679904
0.379933019867003 0.214067823706877 0.067074446631134 0.338924709794986
0.295381038175784 0.396819347622589 0.270426764021542 0.0373728501800856
0.21578580294393 0.453684129288659 0.173494091617497 0.157035976149914
0.289141998129975 0.23967391754122 0.284401313988918 0.186782770339887
0.347548041282894 0.289614206057242 0.213666869009119 0.149170883650745
0.165974543772617 0.272847328809003 0.313536465399871 0.247641662018509
0.5324251579039 0.183331469158619 0.0258783353660613 0.258365037571419
0.0573009422583412 0.0948467874267876 0.362211232980582 0.485641037334289
0.44218457984087 0.198287970153635 0.258217905351379 0.101309544654116
0.116494042815712 0.425184013280531 0.230499946440255 0.227821997463502
0.280717749502856 0.267279804806953 0.226778656500425 0.225223789189767
0.105615339819262 0.330011907704198 0.164466008498719 0.399906743977822
0.180966932695437 0.47526824260005 0.303326230272357 0.040438594432156
0.388576540353866 0.496446508993737 0.0930083058178101 0.021968644834587
0.227263748301176 0.131689936988791 0.284428122737608 0.356618191972424
0.039497385915472 0.174046089659172 0.373988143853845 0.412468380571511
0.117203670282529 0.143002531595474 0.322930946581361 0.416862851540636
0.383279722505807 0.0290615991400168 0.111555717617953 0.476102960736223
0.174579680897708 0.332553646133178 0.0931184869037202 0.399748186065393
0.194576529446175 0.417208453525458 0.0149573973117256 0.373257619716642
0.452343063747252 0.154580124812856 0.162587297398201 0.23048951404169
0.370271683138047 0.301582909357124 0.171647101887953 0.156498305616876
0.122950966704507 0.151912324631082 0.369525056540892 0.355611652123518
0.431726543178293 0.204051753948703 0.298756417815206 0.0654652850577986
0.328367933131958 0.109339202711054 0.278076735688771 0.284216128468217
0.249264830857072 0.109738097576561 0.401888103771869 0.239108967794499
0.0563442395671109 0.402511353998368 0.0336095926069561 0.507534813827565
0.176659889843908 0.108718529346346 0.477975110445748 0.236646470363998
0.361965456639253 0.26177331063142 0.153120071600073 0.223141161129254
0.430159978985988 0.137296171880433 0.239399822189087 0.193144026944492
0.0043371415870465 0.222409891330176 0.366951852274142 0.406301114808636
0.192942149628813 0.310484766618769 0.332159316590723 0.164413767161696
0.1773210083864 0.0762818496733693 0.286016875139626 0.460380266800605
0.106762993317287 0.325155888107596 0.334648984056902 0.233432134518214
0.262588425735893 0.0752025460543727 0.255539977086494 0.406669051123241
0.162533070752825 0.251175910431959 0.160210922402731 0.426080096412485
0.259492314630454 0.263087567727369 0.242645912255552 0.234774205386625
0.202040054337502 0.429435515920766 0.0821716178214533 0.286352811920278
0.300025639517627 0.186023935867097 0.26263073738504 0.251319687230235
0.447354871090119 0.37162840432482 0.0670453894825018 0.11397133510256
0.123981114078181 0.594781041072738 0.0766685732214912 0.20456927162759
0.600574479476697 0.00344949750108181 0.00162297074892386 0.394353052273297
0.273627725470195 0.240467932154511 0.332341223426529 0.153563118948765
0.151221232497094 0.241734433860672 0.278561831185818 0.328482502456416
0.297152955057628 0.0128613873704552 0.612893914755165 0.0770917428167511
0.217997781628932 0.257459040078876 0.15109114710209 0.373452031190101
0.303332054862371 0.106611830931024 0.295375958104115 0.29468015610249
0.388381976270254 0.0193886271038501 0.117973404771105 0.474255991854791
0.0924931405228872 0.653896845696681 0.12578804586163 0.127821967918802
0.161197334644829 0.010534768942763 0.168272080412239 0.659995816000169
0.257354757803303 0.296320285134648 0.390874256277133 0.0554507007849165
0.00620044142007338 0.0606613677395715 0.426212429369459 0.506925761470896
0.132156565456306 0.43918476232428 0.39368304852264 0.034975623696774
0.26273541180688 0.273297686721782 0.0154426390591577 0.448524262412181
0.00306301275030429 0.518439827940182 0.435193344408247 0.0433038149012668
0.200279208834877 0.305252650391391 0.11296189662726 0.381506244146473
0.254654307234129 0.128059536861225 0.489898556103711 0.127387599800935
0.0699202173782858 0.128961972645362 0.43154982495121 0.369567985025142
0.0903232055468696 0.361654820332817 0.16579213084654 0.382229843273773
0.457985999965759 0.0951495891001155 0.194635235428129 0.252229175505996
0.287966274540401 0.490873494687846 0.193315253296415 0.0278449774753368
0.121641726627264 0.183441027669242 0.30159900311321 0.393318242590284
0.521976993987764 0.122979983371914 0.242148021967216 0.112895000673106
0.339876162815063 0.325151427203063 0.20831791844538 0.126654491536494
0.181030241949137 0.153314205610457 0.547926158191959 0.117729394248448
0.290810806049597 0.330236528741498 0.141175767774675 0.23777689743423
0.527720950118652 0.0808170230503063 0.379705330163592 0.0117566966674499
0.304963036209741 0.232079090741954 0.247937147464835 0.21502072558347
0.22700552453541 0.159713299935862 0.282126252053651 0.331154923475077
0.354948278939014 0.263550278810982 0.28559571454971 0.0959057277002939
0.29752332827744 0.0307098928228196 0.316586640425643 0.355180138474097
0.203330419813641 0.00972335517204902 0.451897904114629 0.335048320899681
0.388032286994589 0.133187251406082 0.180506577901161 0.298273883698168
0.250860842217001 0.170580260843674 0.0976354932207458 0.480923403718578
0.56476410859284 0.04878954538794 0.29530791010252 0.0911384359166999
0.138198738129518 0.419482043546749 0.264561520916834 0.1777576974069
0.030976436765855 0.337369990149442 0.385400256908216 0.246253316176487
0.481345520931236 0.166008587226441 0.123895546588074 0.22875034525425
0.17968913708836 0.326184338699474 0.206597825633993 0.287528698578172
0.315188032064414 0.0779105936138453 0.374380390652654 0.232520983669087
0.341696329004166 0.0865502494270877 0.0921188989092827 0.479634522659464
0.259785159876241 0.446271994871949 0.0537975301226996 0.24014531512911
0.0898180478608751 0.269155468810866 0.448949373223261 0.192077110104997
0.161798702626288 0.146687660042541 0.236824792488349 0.454688844842822
0.31038091613072 0.184674599504998 0.108759487720559 0.396184996643724
0.219870568061669 0.252844471023876 0.263729461166165 0.26355549974829
0.298220217957131 0.113023465165084 0.264096081748947 0.324660235128838
0.0430181369049456 0.167640812005655 0.74708005239312 0.0422609986962794
0.17623097882168 0.200233083039602 0.380330837815267 0.243205100323451
0.412916085259063 0.415113365442752 0.140616719112967 0.031353830185218
0.684573960234739 0.144806907731155 0.00719330566468324 0.163425826369423
0.25873379463687 0.115601901140624 0.216718139839609 0.408946164382896
0.439656916567717 0.386337393784429 0.156318622127066 0.0176870675207877
0.324642563609638 0.0404713867887421 0.35640283837976 0.27848321122186
0.433245240989816 0.0806958928323877 0.416763369808107 0.0692954963696902
0.293103302121302 0.215172059484048 0.111754190814207 0.379970447580443
0.197495499239972 0.340744930700477 0.452116556687558 0.00964301337199246
0.0382971194078902 0.546144668674296 0.229172070429901 0.186386141487913
0.0297570399649171 0.31536784342149 0.223786922156625 0.431088194456968
0.217887400218283 0.304263690847957 0.217567491444942 0.260281417488818
0.228350983015664 0.151001218323171 0.295704233300145 0.32494356536102
0.270672823151579 0.162907293956856 0.193204504870388 0.373215378021178
0.402531977122262 0.300907477482408 0.108817089588917 0.187743455806413
0.0168730966302936 0.327818596177909 0.107262061966013 0.548046245225784
0.228285515957418 0.310017727578355 0.321324822153261 0.140371934310966
0.302854657209053 0.0803861944899641 0.366094118563896 0.250665029737087
0.412369775357717 0.319417674860567 0.19805970635539 0.0701528434263256
0.201782116198203 0.336610846884414 0.323847806192076 0.137759230725307
0.402011660459653 0.143318937536872 0.168093974573074 0.286575427430401
0.258643421163238 0.138141047472087 0.219132788047678 0.384082743316997
0.161032370682055 0.349304237771468 0.432323334476022 0.0573400570704557
0.0856958896725399 0.538630778061128 0.110726524138366 0.264946808127966
0.202781377271807 0.0483562091064379 0.252104686182161 0.496757727439594
0.348233782883493 0.335270556336495 0.185682846043755 0.130812814736257
0.308542043311794 0.276989268519369 0.0977040504850011 0.316764637683836
0.239782420143135 0.0976487276144197 0.395549551482845 0.2670193007596
0.393651009720099 0.0570441300501839 0.14895132754302 0.400353532686697
0.245548345896795 0.193733561374686 0.285040424506714 0.275677668221804
0.00179604944261823 0.0556695633943731 0.467496737752697 0.475037649410312
0.262696624886227 0.191759038089587 0.259911712710499 0.285632624313687
0.0748950801767781 0.0729144448076363 0.606369477728501 0.245820997287085
0.194926888524982 0.342393646724726 0.114400339097653 0.348279125652639
0.292984317192185 0.10740405065636 0.259506295095104 0.340105337056351
0.234822796278592 0.68741497520984 0.0750368076645764 0.00272542084699247
0.345193121781952 0.144605003342801 0.140204999296987 0.36999687557826
0.0593723545330983 0.493956088862835 0.00778943451947571 0.438882122084591
0.172223896055668 0.442867730546826 0.164677753923399 0.220230619474107
0.00399052234838138 0.337815768251622 0.471310530045925 0.186883179354072
0.371743390299048 0.119543530342021 0.239272758410369 0.269440320948563
0.3657096406689 0.19462060470924 0.0116621575090308 0.428007597112829
0.149634565136936 0.605429003013779 0.16775513900284 0.0771812928464448
0.261726633449018 0.410737610710705 0.323636519854834 0.00389923598544287
0.101645063412551 0.493488621246617 0.0826267568879158 0.322239558452916
0.253339705766616 0.309220509807895 0.154002524289705 0.283437260135784
0.271962517660411 0.323028782394724 0.161405750002718 0.243602949942148
0.278952052834726 0.125056619472669 0.286320588068544 0.309670739624061
0.0851542897803196 0.150544999040246 0.25004400262237 0.514256708557065
0.345892110975171 0.0960605275374983 0.421209965651169 0.136837395836162
0.318571961035205 0.447400377029612 0.109850372274005 0.124177289661177
0.320053343554731 0.119003484633853 0.255201684160808 0.305741487650609
0.4508630585357 0.0279905977849564 0.333832937142694 0.187313406536649
0.377707104592317 0.266836354200982 0.0866226898932107 0.26883385131349
0.272016119169064 0.0473849009934623 0.274671610442941 0.405927369394532
0.182064826271846 0.301300557929632 0.271068853031444 0.245565762767078
0.279201159418849 0.329981195965678 0.0721810644110228 0.31863658020445
0.465174846558799 0.46524843390463 0.0401957410016594 0.0293809785349113
0.275549504326848 0.280753540797665 0.180756219004257 0.262940735871229
0.00418040696250215 0.406881579613799 0.107391761713263 0.481546251710436
0.174156297348766 0.197955657676427 0.268267124024838 0.35962092094997
0.348002124387671 0.395673219604743 0.00806044653847103 0.248264209469115
0.290294110058788 0.0785833666519357 0.342711815531698 0.288410707757578
0.269592209588337 0.391090420850353 0.174504696867288 0.164812672694022
0.331832859507579 0.343422364619393 0.311345841047423 0.0133989348256049
0.236735465832613 0.106841963111706 0.45122279679109 0.205199774264591
0.211288979101966 0.400891452469287 0.312638371104871 0.0751811973238762
0.609568549392503 0.234478644176712 0.0544104729626085 0.101542333468177
0.189918983453929 0.06710792390852 0.318066902604181 0.424906190033371
0.314726897040813 0.132478754865284 0.325184779557224 0.22760956853668
0.309227501218694 0.352221179582111 0.237504279003219 0.101047040195975
0.148597867059205 0.377319783932854 0.150212377278038 0.323869971729903
0.168063551488717 0.0416134994305198 0.519845461389553 0.27047748769121
0.287492322467262 0.200416852350244 0.212726831046857 0.299363994135637
0.37977516548983 0.357397736430671 0.210998601010668 0.051828497068831
0.205208336766833 0.367334150232475 0.106044798801696 0.321412714198996
0.163095184116359 0.26603393506452 0.292559756590508 0.278311124228613
0.332033273622113 0.192819189535801 0.160479138277182 0.314668398564904
0.336667298547337 0.0998003341206802 0.353232412265804 0.210299955066178
0.15098095318515 0.174594089542517 0.259509044114445 0.414915913157887
0.18776104945892 0.19428413445949 0.173422354347661 0.444532461733929
0.0549577196880465 0.421489986221118 0.468346435339078 0.0552058587517574
0.23528449591359 0.272381837923812 0.43515520585021 0.0571784603123881
0.141214454252457 0.141267396238135 0.350866835931918 0.36665131357749
0.376371756622372 0.117670707943437 0.302781257478257 0.203176277955934
0.363403863513603 0.126650841276226 0.129028189754963 0.380917105455208
0.303267450775926 0.0361500109430882 0.32874013296465 0.331842405316335
0.271212742379715 0.162011709361694 0.141748708521088 0.425026839737504
0.191727416455404 0.347805469722126 0.0825192738785632 0.377947839943907
0.269167614988585 0.205086483596476 0.257773923235201 0.267971978179738
0.457815283233965 0.218683516494336 0.288446802433893 0.0350543978378063
0.114679390231402 0.387184551813195 0.14480695666712 0.353329101288282
0.26210652626364 0.235110353467162 0.226530939114919 0.276252181154279
0.35534492519494 0.167515355653128 0.438705039743374 0.0384346794085573
0.312864219038813 0.161415188620053 0.0534350594111326 0.472285532930001
0.142233137754046 0.340474923731668 0.281939874001311 0.235352064512974
0.339888990344969 0.253526484635952 0.294933585470006 0.111650939549074
0.149583440312117 0.171480766807214 0.13871621855134 0.540219574329329
0.237000865472877 0.199865132055137 0.327125165232051 0.236008837239936
0.225862997665758 0.55582105085293 0.127485251608454 0.0908306998728583
0.00383115015669596 0.0323175597861049 0.186177079483906 0.777674210573293
0.152227115564794 0.291629957254661 0.443621422613157 0.112521504567389
0.104295278328716 0.109535318728486 0.321130972356537 0.46503843058626
0.290178363507282 0.0973931804452388 0.234160067408113 0.378268388639366
0.399409370161181 0.201508549683331 0.301994448236551 0.0970876319189365
0.19657712843039 0.309665683970691 0.329440492598544 0.164316695000375
0.204619298350673 0.312231486267131 0.244045985275798 0.239103230106398
0.288602434131618 0.307138077284898 0.0866287455570958 0.317630743026388
0.20895128421085 0.198728094778271 0.169831764710437 0.422488856300442
0.390031327412274 0.232423230974872 0.310754807829754 0.0667906337831002
0.261126483465781 0.141985774543458 0.268989800088024 0.327897941902737
0.14175376252304 0.320332025925004 0.269831402038126 0.26808280951383
0.402211976618863 0.0690398280501095 0.308530301091253 0.220217894239775
0.155585141170344 0.495568126360815 0.0182397674000975 0.330606965068743
0.320075020469311 0.00432181263534268 0.27721684639973 0.398386320495617
0.282031351548911 0.197254299329345 0.312938402067864 0.20777594705388
0.463878152711336 0.0328978763654539 0.400323354830023 0.102900616093187
0.294269426785145 0.188350876832917 0.373064201320405 0.144315495061532
0.353180626149639 0.0758280788684385 0.3152367487591 0.255754546222823
0.175468698474707 0.176504003857962 0.304197106670382 0.343830190996948
0.0143531291095015 0.631077295787467 0.12796050806424 0.226609067038792
0.304350935681505 0.297364943289452 0.0873711728102831 0.31091294821876
0.554380824817246 0.260380732819138 0.0046160660158373 0.180622376347779
