0.118222034623556 0.0923837932542941 0.204391025250779 0.123402479546247 0.048727286795748 0.194826526776955 0.218046853752421
0.241970326211265 0.180356843269856 0.123959688980917 0.131140589731337 0.131480535213789 0.134320440853969 0.0567715757388671
0.230930593875872 0.136668044152509 0.199077582245185 0.0213964618896173 0.187764075009043 0.0108375431973769 0.213325699630397
0.164958201321219 0.0638214429847885 0.224415906554475 0.160875325573137 0.0760272636621197 0.104801235554591 0.20510062434967
0.100475497733308 0.098307597883788 0.167394429312045 0.122769935818269 0.221923145090332 0.0806928177931053 0.208436576369154
0.342293563721625 0.109836502613694 0.00901295075390677 0.307815587450314 0.0978883859939838 0.0114675523398596 0.121685457126617
0.200555672116568 0.0175909868458325 0.210787718286094 0.0640822285455206 0.115791819252486 0.210174379254159 0.181017195699339
0.441031105317882 0.18630887199347 0.19909846184986 0.0324858606456858 0.0623300771435952 0.0348362343862599 0.0439093886632464
0.201313356984414 0.179869640708681 0.170673758576768 0.156468098910128 0.168641969285573 0.0225674034557348 0.100465772078701
0.0575684244456558 0.225008656808392 0.159967730780317 0.139369873942177 0.22083110011018 0.100356623186321 0.096897590726958
0.0927910369731949 0.0327573796456457 0.274389962990904 0.101619409392083 0.126841239687162 0.0767600220909469 0.294840949220064
0.0110458382575231 0.124264489669994 0.115641875046628 0.265645335686803 0.197393803718389 0.259338549713658 0.0266701079070052
0.171499375644173 0.135370412493909 0.136299169824138 0.180635859947919 0.0544764849599887 0.197701503410507 0.124017193719364
0.0272606339305519 0.0179339061954989 0.136085437888755 0.263520169556034 0.0571585263955078 0.0983290199468865 0.399712306086766
0.0094644814994703 0.299042942796833 0.0423177848566775 0.0158502044283852 0.322298253541089 0.0806766014212387 0.230349731456307
0.196261668690787 0.260339397021486 0.238294326810945 0.0564739395179148 0.130060929105611 0.0117367721659726 0.106832966687284
0.0802790682782904 0.175352904832424 0.277811477224038 0.00281119495611294 0.240050383105356 0.203843065770841 0.0198519058329374
0.209876970215569 0.207411064906094 0.167760651430443 0.173014476079346 0.101035085743855 0.0619406584170778 0.0789610932076161
0.215297692657658 0.115070339458729 0.192000797030568 0.284357667540301 0.00138669922940596 0.0268500513807632 0.165036752702574
0.203397379873174 0.213514088080172 0.104163883342192 0.0153254049537315 0.123806470953364 0.110011740329047 0.22978103246832
0.262044843097879 0.0427651406294018 0.116590551968486 0.0214638567145858 0.0525496470383338 0.135571585625302 0.369014374926012
0.211126944687392 0.0313991334026241 0.139128012167601 0.129170327311688 0.155642974708555 0.180529607207729 0.153003000514412
0.115768068854848 0.0581935574985977 0.0882932389924349 0.245128631169291 0.11535267139292 0.24391469084672 0.133349141245188
0.0227062634791422 0.366088664665042 0.470934628433638 0.0253087548005432 0.0669598312065524 0.0465433218028695 0.00145853561221249
0.093267627467112 0.229292923534447 0.0621601772902945 0.270693200374539 0.189401296174478 0.0812718670983608 0.0739129080607692
0.0472494276154273 0.325329500725289 0.140596188689571 0.146197272435112 0.032818912344297 0.224464115254718 0.0833445829355856
0.107579777151299 0.0643089269467784 0.203393895483642 0.210451454309345 0.135667921066971 0.12518065562211 0.153417369419854
0.065525920051103 0.235843925565902 0.11304761875682 0.129339275861804 0.264129228802674 0.0728252806072518 0.119288750354445
0.245861897213335 0.0491738821763463 0.275711071642556 0.0691816048481057 0.0333883936883641 0.0216026457042592 0.305080504727034
0.0927418522500761 0.101864806996905 0.0274872603522569 0.204091492361601 0.244914221611218 0.15079895612634 0.178101410301603
0.255063772016476 0.244798769887201 0.20360972497018 0.0193277364308236 0.0827721657323793 0.10728106778149 0.0871467631814499
0.0483604013132956 0.252051786190446 0.180306389428184 0.22848922038393 0.158569797001613 0.0383998983793601 0.0938225073031714
0.196380277795789 0.179636106479684 0.174065089714039 0.0208415517636007 0.203377276944724 0.161680828202908 0.064018869099255
0.0390081908671413 0.0630750338272097 0.177379630837618 0.217027510875303 0.0651935420661505 0.305050643697101 0.133265447829476
0.0558367783417255 0.246279500775573 0.145708504055258 0.00466216943765417 0.0963168302007901 0.266974462737842 0.184221754451157
0.154369481335518 0.0676833600924891 0.153117085950679 0.110326557896617 0.155409757939341 0.307676031261968 0.0514177255233874
0.134768479737654 0.287150366880863 0.065088469234635 0.191440451633392 0.0179786450306095 0.0844513404450324 0.219122247037813
0.000967410759712141 0.151222894183063 0.195631153537485 0.27829062116571 0.104235587215547 0.0937036949472534 0.17594863819123
0.205967285733818 0.140188743739411 0.145461367103098 0.034920493692135 0.0922520524761389 0.123044169212561 0.258165888042838
0.037454019430234 0.239975182516645 0.0975534733462218 0.0483751365457017 0.022730609657129 0.189391939302548 0.364519639201521
0.158072601767169 0.133472415548972 0.245693192244457 0.05490502139074 0.200639166256157 0.184531957177367 0.0226856456151381
0.129107387266063 0.25490767849518 0.25883769808139 0.155286105994549 0.0537468129474878 0.0508208146206342 0.0972935025946956
0.0338025589684821 0.10737880897364 0.108221327489132 0.193969091406567 0.337754011242376 0.0951655365366296 0.123708665383173
0.0262697286945913 0.114149480032121 0.169775890598542 0.169001769876761 0.296945301607095 0.035149329707594 0.188708499483296
0.0255467125555737 0.0991681805136228 0.390106826795844 0.205883295091218 0.222370555027322 0.0174421409791338 0.0394822890372856
0.165082818088907 0.106306270948945 0.0786166408950001 0.178952267989436 0.165241031573804 0.260073045398097 0.0457279251058106
0.108876055395475 0.0995213108061917 0.160532778016374 0.232692616569367 0.123658815365116 0.222011494399544 0.0527069294479325
0.000281653377193195 0.203560375821973 0.188795091870519 0.038240522590496 0.203442465270199 0.16333255637831 0.202347334691309
0.00328723087296494 0.0674758078395252 0.269570451301503 0.160343609060423 0.316734892091351 0.075922902941295 0.106665105892937
0.281826644496893 0.0467793542562037 0.0930917187907839 0.1212229713412 0.156836513016825 0.0772874328576653 0.222955365240428
0.262358445320777 0.135838873350076 0.00184129060174757 0.2521971346158 0.203187501237532 0.067440081056204 0.0771366738178628
0.195314058763383 0.200203381698079 0.0344789483993581 0.211432431632773 0.0562867972888544 0.174317649300706 0.127966732916847
0.0900755256791163 0.140166733918009 0.321060054191633 0.100433879544776 0.281655439308086 0.0417042683068094 0.0249040990515705
0.23259114761658 0.075837634394375 0.0227846710712514 0.0875696548115835 0.256489710395566 0.162649742139063 0.162077439571581
0.316486360209618 0.0754636909704392 0.0542019858528999 0.10438928255116 0.0854341042470721 0.0652243966849086 0.298800179483902
0.231734286505559 0.190141717314754 0.0869300220741506 0.0637034919397396 0.225888002642968 0.0738935400170985 0.12770893950573
0.250177218512011 0.281989966378042 0.226609538885555 0.013071079819057 0.0155438294848149 0.09585579833438 0.11675256858614
0.137054764683492 0.250895995127372 0.035879514179779 0.162924610826839 0.0387909920092527 0.166173518384382 0.208280604788883
0.0676208800988065 0.0766393651514345 0.18697924895394 0.0898563233477114 0.300564260621201 0.181875912761926 0.0964640090649814
0.0159962672918007 0.23427198257868 0.0991488430601232 0.18882505228515 0.0514283657445836 0.0559368378858997 0.354392651153763
0.240824145057554 0.109949639752479 0.0513044793593685 0.244441180883287 0.252631985899546 0.0624620103375002 0.0383865587102653
0.0870567184571902 0.212760236757994 0.183789503346536 0.055837050876355 0.0305337283466272 0.371791084846064 0.0582316773692336
0.119406793792459 0.210728617937068 0.157431722855996 0.0664532915685673 0.0846868746825171 0.19481740816208 0.166475291001314
0.172614257144569 0.0289007787311434 0.0836004070127066 0.221320479756845 0.128507311647334 0.125555048967285 0.239501716740118
0.0318830655837568 0.0766545431892759 0.104118251718098 0.0324830122952803 0.228555837874845 0.404106064978734 0.12219922436001
0.206971577897327 0.0628730563783772 0.0295966530128412 0.129889313268004 0.27444177917392 0.146607526916141 0.149620093353389
0.184039448417662 0.242585039586582 0.268929115768589 0.102885708785439 0.0555657778352346 0.0595042000631758 0.0864907095433178
0.10722544112799 0.140659880968036 0.161509226062509 0.187106142475741 0.217186158384847 0.0463288176135786 0.139984333367298
0.040658410377724 0.206419771260623 0.00411247310287906 0.291029529216433 0.174687031072534 0.230858643407093 0.0522341415627135
0.244456896818353 0.115136053225384 0.0637649878206139 0.283408528240603 0.0335568111348383 0.0567528593750758 0.202923863385132
0.0730507620702177 0.0892664463265219 0.0456405786714758 0.280243334876245 0.150640233482243 0.180829597569546 0.180329047003751
0.0546607714776312 0.174491742120353 0.056030995871933 0.323485286750458 0.0483863810094261 0.226620165293694 0.116324657476505
0.0359264592713869 0.103738207180236 0.237613329057298 0.264951969043311 0.202627757971067 0.0957375438105209 0.0594047336661808
0.125434285184399 0.2267806444608 0.0817552741641297 0.100860011021828 0.0936359348359443 0.285381735603921 0.0861521147289784
0.084495621726032 0.193348064826111 0.170680716830291 0.168800807705878 0.05198269250502 0.185555962822343 0.145136133584325
0.105842200669551 0.156013929648365 0.188067133489576 0.190355396139389 0.157274112487654 0.072297028485491 0.130150199079973
0.192999787765852 0.233646175389559 0.203494952372943 0.0310928586066682 0.0504815559217023 0.122431967311647 0.165852702631628
0.106192546459212 0.228717887841974 0.12657375869273 0.130339703244791 0.0357705335364704 0.168219046220763 0.20418652400406
0.0595940405640696 0.205378073081486 0.208987813254231 0.0352289667944595 0.0530504089712842 0.314222649794603 0.123538047539867
0.173173333962951 0.14342966089522 0.187177875682578 0.129356126540525 0.0795610631372685 0.069371266187862 0.217930673593596
0.186297349226486 0.202312651825943 0.154828751238712 0.178422275263081 0.0728778808388272 0.134880204473575 0.0703808871333767
0.076035724531927 0.194690844756356 0.18008762170916 0.0997279567674953 0.220962883446452 0.00775305324985928 0.22074191553875
0.0390857160691732 0.183409405643373 0.239268067006823 0.0239578151785874 0.0662796662692338 0.16200673720443 0.285992592628379
0.151971202530216 0.109080199578736 0.138920806314506 0.0757782801885657 0.234881501186236 0.0308523020513473 0.258515708150393
0.0875159572275233 0.381308764150555 0.0161387951168923 0.0893637994483481 0.0817537140487173 0.284731623834273 0.0591873461736912
0.151994579150115 0.173245949357497 0.173069340060166 0.151158467243113 0.0213506165530187 0.151691959519111 0.177489088116978
0.11279923809008 0.116767064671955 0.0856577146303041 0.120333720590297 0.209600154914336 0.151013864872782 0.203828242230246
0.123426204916482 0.194814355102214 0.161885162168543 0.121869595244927 0.0179376620598749 0.253462530577096 0.126604489930863
0.0657373216471105 0.228199266835739 0.043254927016655 0.100998788835742 0.199795968528025 0.163793777367162 0.198219949769567
0.255023337360793 0.269802977729457 0.0689289901274138 0.0715817421001446 0.191902716946682 0.0167705625450634 0.125989673190447
0.0690110087336553 0.0598316467955887 0.215007278669789 0.0903958075785146 0.261091459732156 0.136512453509962 0.168150344980335
0.260140653338903 0.0316183349739321 0.247883052093315 0.0562042013768853 0.175268571993506 0.201451240895989 0.0274339453274688
0.205624455819191 0.205311706783345 0.0513757259307787 0.0525263566683516 0.218059856907789 0.243497360205764 0.0236045376847814
0.0995279582579204 0.102208798848143 0.127663634087493 0.288520269876317 0.0323956047402118 0.309443184445241 0.0402405497446738
0.0365465466315945 0.0608228241949242 0.34383250420211 0.224632658629648 0.0142642039726501 0.100053881891373 0.2198473804777
0.167564993358664 0.1264614098272 0.127143373998982 0.234304793371134 0.132643747140874 0.176678934421239 0.0352027478819057
0.163113763422095 0.176775729424477 0.156479184064736 0.207981509279131 0.08624831769364 0.0609702198037835 0.148431276312137
0.175572383838982 0.109330949108492 0.179312328800703 0.186551306033527 0.168157771089313 0.0737612917871684 0.107313969341815
0.22045313080234 0.126261863389005 0.185757602221274 0.00920549436379657 0.138766937239703 0.0709031973130226 0.248651774670859
0.115125273673331 0.124186068314645 0.181930219306825 0.135919714606945 0.116855056045416 0.176595205582011 0.149388462470826
0.0485302334346599 0.253700308315287 0.12006957923356 0.0689821953064227 0.193298451800458 0.0607790262696594 0.254640205639953
0.0919298862741614 0.111576329563634 0.160787945691021 0.130907070196551 0.182358574892931 0.0385661972135049 0.283873996168197
0.0361661670200346 0.13777217254533 0.255855579877183 0.208956001218169 0.283796945815754 0.00503487639330817 0.0724182571302221
0.0656567122715742 0.252035319563921 0.18556572397868 0.0995055501246141 0.14138944544703 0.0571651597094022 0.198682088904779
0.214388249864263 0.177935143875585 0.13779753431807 0.140805763818678 0.0141502449764878 0.080211385285623 0.234711677861294
0.0483379780041472 0.206904835765531 0.179867338959751 0.0264894416034476 0.218073799230623 0.121425759701187 0.198900846735314
0.108501801631324 0.117484747335227 0.0259320603630169 0.110860744241257 0.259598081200296 0.241235397889307 0.13638716733957
0.330623772985654 0.152594072314996 0.082829949926394 0.233962544622733 0.0066017718856412 0.109896793429513 0.0834910948350689
0.127427925694119 0.0952811712188626 0.184283333216895 0.193680847240334 0.162288652928885 0.0656914444905626 0.171346625210342
0.16265927205305 0.0611456790945706 0.086977339997581 0.0719345557210416 0.191055043983189 0.21462398631846 0.211604122832108
0.0519591891136602 0.115825229272603 0.231882814752667 0.132456061927446 0.125494483087175 0.108725226246392 0.233656995600055
0.0566233985392117 0.155462303518376 0.192722053588981 0.0663317183155897 0.241686449793589 0.224858093398235 0.0623159828460181
0.210239960253477 0.155562480404459 0.0702529004866543 0.190382724020023 0.116171688942642 0.247475307717638 0.00991493817510682
0.288994926742031 0.0848308233940827 0.000542518177773478 0.194617403792398 0.10075424093725 0.288687101800268 0.0415729851561971
0.112170022259974 0.0758911660023662 0.00781714510107719 0.130641896107137 0.0459338837672288 0.116454564416095 0.511091322346122
0.189739387499643 0.0907654002709448 0.180520657563364 0.245222670749346 0.209637773781249 0.0326915767885002 0.051422533346953
0.203078890192327 0.118261673719787 0.214198757376311 0.158222692255485 0.0321356104574947 0.198487251303951 0.0756151246946443
0.254355866734713 0.168006140317708 0.166932572233417 0.00868077515041394 0.139339481107939 0.054778612850206 0.207906551605603
0.226867198412612 0.0740869053200644 0.130954797197584 0.056846343023195 0.273105338335779 0.0661182567730669 0.172021160937699
0.226069302889063 0.150033130904554 0.0105397721570023 0.0957475866711077 0.246721529639596 0.261705437696441 0.00918324004223599
0.129938150028103 0.0615882659955848 0.0619359326622743 0.0987222228205798 0.278683740114443 0.259915557782512 0.109216130596503
0.01143616524736 0.156694157779381 0.24523628922701 0.011642028072412 0.225842271302078 0.150317064919994 0.198832023451765
0.156705130426764 0.151441348093528 0.0844095796713601 0.13442707356725 0.133982175381872 0.156392912258731 0.182641780600494
0.0520801264449617 0.0331472396031832 0.00228262598932142 0.216679510061252 0.230542655626429 0.165046122244271 0.300221720030582
0.0871195369397267 0.0396005928584573 0.173457772412114 0.225682610250613 0.201263510412423 0.16533426960062 0.107541707526045
0.0682955393523532 0.09022447018989 0.0897652543887923 0.181660031596142 0.204903885032839 0.175471220660228 0.189679598779755
0.189569824834261 0.210001232243541 0.136243225969336 0.195389614027428 0.148774582233598 0.0494767346714951 0.0705447860203403
0.108080978190002 0.147665740330934 0.22039589755867 0.0388603941171305 0.0997737157997365 0.226476896874611 0.158746377128916
0.211762595366769 0.0804437980774279 0.151403439300972 0.0516829134833222 0.128084956056117 0.171652296974887 0.204970000740505
0.178553917776719 0.190704469437499 0.184780425474532 0.167441529393034 0.127166548508453 0.00115634894667216 0.150196760463091
0.198039489059802 0.169018820585624 0.121813931824395 0.128273121008372 0.123822915473684 0.0946063835522301 0.164425338495893
0.0231320739523537 0.00282540026741613 0.22629263312636 0.28030324696826 0.175888145969872 0.0577376002290953 0.233820899486642
0.0892694979687086 0.276104832030102 0.0585561956348803 0.0938815797092878 0.0700983522069104 0.26023997772753 0.15184956472258
0.208184445116529 0.109159231459454 0.231240724519524 0.0362593501407313 0.0747097500040074 0.198958002625502 0.141488496134253
0.247767155226792 0.179061348487272 0.261696524648916 0.105585997163427 0.169000071171297 0.0089813716865646 0.0279075316157315
0.0960768764144867 0.0604343489470617 0.0851671499731345 0.132969223892598 0.275444656859447 0.136739662369637 0.213168081543636
0.039493481672784 0.227910969446162 0.159846560602545 0.175517535069433 0.0455766012248259 0.093411743985944 0.258243107998306
0.188701982163623 0.196351234282596 0.0837758219207473 0.11694436358652 0.116743451154037 0.142866981988244 0.154616164904232
0.205188191141318 0.0658716662887983 0.26621454989537 0.149263053713114 0.100824983740511 0.17368860970305 0.0389489455178394
0.120561785686536 0.0195012975924675 0.0466371382045936 0.142804175235782 0.22718968619612 0.223732877012688 0.219573040071812
0.213692933248723 0.104090042418722 0.248179832419189 0.00504315313367467 0.183881251707281 0.108703121899307 0.136409665173103
0.218234255617383 0.02865024011769 0.0852479530607881 0.0711061258658616 0.17937961510093 0.207797091530786 0.209584718706561
0.0670661869002483 0.188096927053589 0.0619866161785466 0.0416769811541138 0.229781871002659 0.261476631190549 0.149914786520295
0.0163879965363558 0.151087798121067 0.127621560928261 0.18666139310027 0.0437762790550563 0.314419454175794 0.160045518083196
0.0845610745895566 0.0284257055377144 0.0235854245011305 0.0682089760530577 0.348268445797208 0.237234584503198 0.209715789018134
0.158762455285872 0.177252493225648 0.182634995559592 0.12268760976627 0.0209482725838219 0.19366214151898 0.144052032059816
0.17290511723035 0.0360305186941269 0.224905866454771 0.162750674195875 0.0866175257910977 0.169557473046172 0.147232824587608
0.0545316583240098 0.158150884000147 0.165440807277626 0.182964158261735 0.13148330915472 0.036935526859962 0.2704936561218
0.103846812674892 0.151229861028448 0.315125635923165 0.0335903343681108 0.206830189021728 0.1583288557347 0.0310483112489557
0.195296179935259 0.0622246044233376 0.159324849811304 0.210152049169543 0.0856432495030353 0.0948461034659746 0.192512963691546
0.0680915079941114 0.0335606879768729 0.194887122902715 0.0775496484663328 0.175007432801057 0.200520234318842 0.250383365540069
0.230112261005372 0.104113398286227 0.187219304329671 0.0968824381779318 0.0969762302817141 0.28180813712793 0.00288823079115265
0.197121819697811 0.257287484048417 0.105435480589892 0.210931586023866 0.137992645596406 0.00226752680372964 0.0889634572398798
0.383030312072848 0.139256302348399 0.100096860887341 0.0580817907180344 0.193565142331991 0.0880843476143319 0.0378852440270544
0.171665702559445 0.160229770154104 0.154258679310416 0.169723186869278 0.214479554601289 0.119260511164007 0.0103825953414608
0.0587155461506605 0.00808409163884924 0.0959454918951508 0.254755812165916 0.188041163723964 0.196744744729124 0.197713149696336
0.0940474460482436 0.196769784891875 0.0412958812804255 0.177201904841008 0.255159120192728 0.223179586229177 0.0123462765165424
0.177430126812668 0.170940919864521 0.0497507767895737 0.234626410923032 0.0631448919302184 0.0976074407990467 0.20649943288094
0.0152579755188679 0.191458829370492 0.029782806237534 0.0207975333162124 0.268148368800434 0.0799958927886814 0.394558593967778
0.0117525639414566 0.216630781408056 0.122401591340099 0.0408321579873815 0.153222298078061 0.0656708126121902 0.389489794632755
0.0548978061025545 0.244575247105887 0.142776771363691 0.220802666109477 0.0756241015260754 0.0190619542649376 0.242261453527379
0.0832311908869845 0.10176681287916 0.212986703752544 0.119054617036093 0.175377823302029 0.268941533994087 0.0386413181491033
0.0669922700801062 0.0654589586214946 0.232890298037407 0.221190152585975 0.174064488525038 0.0138396919454652 0.225564140204514
0.103991320734455 0.19542211593093 0.274193373431004 0.117947744404128 0.156761273425073 0.130977806113552 0.0207063659608569
0.207871744418974 0.127268168685683 0.0913097496408049 0.0521024357094053 0.15804788390659 0.209811395896257 0.153588621742285
0.0304912328085674 0.253097477567803 0.241171088959061 0.00148972831835691 0.125692453597853 0.243421205116648 0.10463681363171
0.245009332492253 0.221215334114347 0.20626726653257 0.10359207050703 0.0296961701178862 0.0322742117652565 0.161945614470657
0.15688128346116 0.224156179699621 0.14799277956894 0.244712363798193 0.0727113250487374 0.0005990989924562 0.152946969430893
0.261529091396068 0.0151313745913089 0.0251927196716577 0.144144044578451 0.10931611394575 0.285214743594396 0.159471912222368
0.195495421705445 0.17990201554614 0.0584445952255882 0.286401733882768 0.108630491964461 0.157862089540139 0.013263652135459
0.148403959465619 0.196987984790909 0.149296417069057 0.157566983582029 0.202609149370737 0.103898233755845 0.0412372719658035
0.0994542155931062 0.136988217859904 0.184455172360939 0.198766779605215 0.169025254665603 0.0173938170482675 0.193916542866965
0.133567371585476 0.075473858995086 0.178155815906661 0.178571643806289 0.15677891870852 0.226243667164161 0.0512087238338074
0.0355496587989467 0.332419059836784 0.0957249403066989 0.21055978718559 0.106971597297418 0.0209054059209729 0.197869550653589
0.213036720159822 0.0689687900278646 0.0618584592141424 0.103346630119559 0.0161974246593955 0.223787298883774 0.312804676935442
0.10627406394406 0.173030008701226 0.0187612441355524 0.0142381652206521 0.292353413107662 0.122297193874706 0.273045911016141
0.159861305742907 0.0781835583519327 0.166584174467047 0.143575948395804 0.180867523258816 0.20575735985453 0.0651701299289632
0.107041830647765 0.136019127367973 0.260413360763135 0.0687212468074584 0.234989807131619 0.0896798257873053 0.103134801494744
0.155403548539614 0.167079903285264 0.0857865073506895 0.16115555036467 0.0473615182517031 0.223648590121548 0.159564382086511
0.165764415791538 0.129599189197812 0.174470253056962 0.0619125633441298 0.163970388205865 0.182490678944446 0.121792511459247
0.119095173939385 0.024693445744956 0.0939309906828025 0.222372679889419 0.147617132529572 0.147092547937005 0.24519802927686
0.209184750093053 0.0236307318659235 0.124398153615072 0.191092805051216 0.111936726074141 0.120827146128838 0.218929687171756
0.112111819929106 0.119542960256491 0.210113131910139 0.131131826994861 0.100225595069126 0.133661160285122 0.193213505555155
0.231762202667075 0.182797471392472 0.0687890261203707 0.25601059670719 0.166578627090195 0.0357596014328533 0.0583024745898443
0.0667077170359791 0.275915518042897 0.240991134421449 0.0102788596444676 0.0500681234907269 0.215159073172568 0.140879574191912
0.15075824772787 0.0503905788625562 0.127682085409892 0.0578497717225365 0.236252732115102 0.331849268670998 0.0452173154910447
0.0410003208979397 0.0435218369252245 0.292950060505003 0.021807398936986 0.306688550939898 0.244535490472463 0.0494963413224856
0.196591916390112 0.154006732023308 0.123426534222213 0.116197678972722 0.195090007842442 0.103659710649545 0.111027419899657
0.169855178936496 0.133251962085162 0.108518609158033 0.170709531810171 0.172773497597216 0.112542547399668 0.132348673013254
0.157546825738813 0.0826310579694832 0.054077923704234 0.202140930613982 0.134424382219803 0.257547176380524 0.111631703373161
0.118140686144657 0.0495796077735657 0.218486052964467 0.221156575055771 0.14645932258585 0.231226863070787 0.0149508924049026
0.0512096486511757 0.0660919600797288 0.24284279338012 0.250474173229998 0.112177078617776 0.196511130833132 0.0806932152080693
0.0694457773836674 0.0610109100278353 0.109890746737567 0.151004793371233 0.255194153071204 0.311206024096661 0.0422475953118314
0.17650725329061 0.0411813864165785 0.229431335897151 0.140324908128063 0.0253300133441956 0.18466931334478 0.202555789578621
0.208011196296606 0.0671099189063518 0.0603985229840309 0.0960622193469989 0.163187706162954 0.206527825985416 0.198702610317642
0.18857522575607 0.199563158985301 0.0912905203378603 0.114474386173646 0.221806264317245 0.0156822073769874 0.16860823705289
0.204710934329549 0.226408604777862 0.177688010450035 0.0794908039004121 0.0343129189052786 0.16525986439441 0.112128863242452
0.0994897385792327 0.173330278537689 0.183376810546861 0.0744436906579178 0.142623847649194 0.152082323507751 0.174653310521355
0.109928516395294 0.17226097806495 0.113998476538707 0.194457920224164 0.208826765687967 0.1298193815795 0.0707079615094173
0.31358514469673 0.0309900414080089 0.275408745602522 0.117109699025345 0.0918372605257058 0.0141127393933035 0.156956369348385
