0.160611277343906 0.177935298901088 0.0900545844631242 0.103430207034003 0.0651914978091084 0.112616385587575 0.0157478010208309 0.162443848129643 0.111969099710721
0.103373109747521 0.0486936910133693 0.00341298614207968 0.0896140518907957 0.148175269575451 0.168125994701478 0.154687376597863 0.127331697789632 0.15658582254181
0.0620883727698152 0.109951937191811 0.126883513476817 0.114586948098786 0.0916118566573895 0.0132062180804901 0.193692994726977 0.183314890199714 0.1046632687982
0.140312301936915 0.00151834737632353 0.195461446249733 0.0061466598607725 0.151269757106546 0.123280885658393 0.10681056184421 0.181161946995284 0.0940380929718237
0.0637168480408892 0.0707791421832196 0.0543504923643091 0.013195036704424 0.182977320170891 0.147815475421164 0.152620621117036 0.127650598548704 0.186894465449364
0.0360170530449642 0.0628232983125658 0.195853080083527 0.186311493690915 0.053333058918127 0.0867313312692738 0.147083519760309 0.0766378680885214 0.155209296831797
0.0894418065867846 0.144783415273689 0.111243071085612 0.156915268159528 0.0843280915778551 0.186885261400762 0.0806396228424144 0.0954087205892391 0.0503547424841158
0.125019276208098 0.0268180164201027 0.0526932355182572 0.192073487389453 0.017951135070431 0.10032923807236 0.145853984787708 0.175936965956377 0.163324660577213
0.118934343151806 0.0747387557788795 0.137823324982928 0.104347715845214 0.162599626145766 0.062201611138201 0.164650505053304 0.0143899727783774 0.160314145125525
0.142727916531696 0.14154973446853 0.179374176239718 0.0531692126675446 0.0269082172484959 0.012060644510458 0.139951841705058 0.160129942415157 0.144128314213343
0.134352546169946 0.0266991228303229 0.0385346118773031 0.148987867734048 0.150449738591199 0.112430640334871 0.0829890240886189 0.160699524071957 0.144856924301735
0.0335243599400379 0.211068054020676 0.104071917934755 0.0315342357000064 0.149226727069516 0.00316354057438688 0.194910970410968 0.185404905717366 0.0870952886322878
0.0137845577317831 0.000923309295572902 0.0721948209210313 0.185091447038381 0.156563017864277 0.204733026288264 0.091129294574286 0.10844805119589 0.167132475090515
0.200016938201956 0.0184768203355861 0.172978625694204 0.0538308030944321 0.0219992171803989 0.209702004476067 0.114362384380463 0.0446999875474098 0.163933219089483
0.0666511664541438 0.0889413379450534 0.160251894515515 0.145590139483616 0.149251293262873 0.139071670957606 0.00574927042985106 0.139330831922579 0.105162395028762
0.224182386926701 0.151083193529242 0.195186882265794 0.0430618376693102 0.07516844999999 0.0631662264899048 0.159357169916442 0.0421679203350489 0.0466259328675667
0.0855215333586894 0.185818104993256 0.0149475353198255 0.111878411912419 0.0628375121976419 0.175902585200038 0.157532428798106 0.0665821426699372 0.138979745550087
0.00167110895399336 0.186531482575634 0.00901988272848876 0.175633558456601 0.116977768175925 0.0862931436793842 0.131027481920372 0.258623204643967 0.0342223688656348
0.0487845619913588 0.158922870173002 0.254025235641389 0.0993132354527783 0.0115204806684011 0.0391761549906803 0.166527155879857 0.0993269274432509 0.122403377759283
0.155782881311634 0.183074378731393 0.153251847244786 0.0278596786963217 0.0719374909158446 0.0808663359236247 0.126441617925463 0.105980725561692 0.0948050436892399
0.0773746213033925 0.218626152833165 0.0853481556104648 0.178749184355603 0.187950207434827 0.132508200458875 0.0433399713811084 0.0519443641116542 0.0241591425109102
0.157229790551504 0.171934454703904 0.0847960641312044 0.0880721541684811 0.156239199927194 0.149166729025184 0.093036558932651 0.0060215862440741 0.0935034623158027
0.170109256838121 0.14042149693847 0.0721575186392959 0.0518859066716615 0.110459071994645 0.170983243699949 0.164267052189658 0.0743521452133866 0.0453643078148121
0.0454482600919293 0.192219596447719 0.0977195615757776 0.12056426098851 0.109443214144052 0.0193874115392508 0.217951800420806 0.03322950460052 0.164036390191435
0.0598894100096866 0.117131479933298 0.191109200000974 0.0393696587709482 0.0273157839231889 0.144427874991649 0.129104805407927 0.201003995536147 0.0906477914261808
0.0258422887081229 0.0821084506748339 0.162840021270116 0.201203866876842 0.10806084025544 0.0901418729473951 0.135079385201189 0.117162184909671 0.0775610891563903
0.129214834522995 0.173625353631569 0.257628227499998 0.0350742794645353 0.0784931627661058 0.0567531607718971 0.0779199895861774 0.0775204789861436 0.113770512770579
0.0163020046663226 0.170719475916477 0.162998756833378 0.0150365051436233 0.0701249104091442 0.1556667038344 0.182079257572288 0.0774026447661228 0.149669740858244
0.139877430749569 0.140852426332562 0.184205159613812 0.239165802764659 0.0228801795614887 0.0824817187773569 0.0629134905648153 0.0197273314448385 0.107896460190899
0.041785871346806 0.184331445151643 0.035079351556104 0.0304661607256469 0.0502746236463734 0.169418114834606 0.173008651577178 0.19783500357893 0.117800777582712
0.226188341993839 0.050420495875469 0.0550659450609656 0.153174732689254 0.131021900842761 0.00205530979186846 0.107992002017381 0.0466684570196141 0.227412814708849
0.142593049609119 0.00727749120327747 0.159557020481971 0.183167479803518 0.106393744182637 0.166041839555831 0.0180093454857977 0.0128939599570531 0.204066069720797
0.191362099316185 0.105104267357029 0.161072375674405 0.140901473317684 0.0180981106938872 0.0306399240133867 0.0248170327529892 0.152434230052784 0.175570486821651
0.0726824705162501 0.200638582127268 0.0525240886513461 0.164923155207433 0.156830059004109 0.0271592102121032 0.125011714153246 0.101266584885288 0.0989641352429571
0.0459650868213155 0.116819405228648 0.0333837376532573 0.229165405075 0.0096577229675116 0.135938128870225 0.158582901858316 0.0380552615426201 0.232432349983105
0.135264686519885 0.0762258692124367 0.144839595291858 0.141051126688485 0.041994478672445 0.164741909061077 0.152185172748049 0.00427261721141853 0.139424544594345
0.112713391319933 0.207629055091236 0.0992872699160581 0.011960089322683 0.0297575509906061 0.0836620699946363 0.201640681633094 0.115448101941764 0.13790178978999
0.0156041062680579 0.119634019249431 0.173342894023024 0.125550112344953 0.149946778248921 0.0707981942943695 0.137358659906683 0.0405598233642766 0.167205412300283
0.0602696422297191 0.0512742299937955 0.267474398127273 0.0935549937138606 0.202773294012811 0.00119259377529565 0.148449578019311 0.174744652747902 0.00026661738003252
0.132178274005273 0.0295865765456812 0.0436175643399814 0.20919704716085 0.170658873067924 0.197777577373479 0.111258019061991 0.0978526255431823 0.00787344290163868
0.21731181314608 0.06278436956753 0.219155370858438 0.0444311321327126 0.0709491245910709 0.128973021908075 0.0861771512801809 0.0503030026605114 0.119915013855402
0.0600498031014493 0.0267829981166076 0.159463855644631 0.187088778511815 0.207260874506665 0.116128877500229 0.123191064844756 0.00529172483828499 0.114742022935563
0.11913246053494 0.18460902896511 0.159414017019993 0.0187001381595402 0.0713509699081265 0.0263628786968567 0.091382193438972 0.165101457275244 0.163946856001217
8.82137581499316e-05 0.168693803658448 0.0955790930140865 0.0895270964770747 0.00315676250026105 0.191147123052009 0.180723638030409 0.182980317841455 0.0881039516681069
0.0812464778133015 0.117068325138423 0.0447653651950996 0.202534626479505 0.0190183256729812 0.120845627160123 0.154300482223499 0.171797787509837 0.0884229828072314
0.00700958483135126 0.0967128549802217 0.166408072835063 0.062122761856124 0.149041050778073 0.242179402545498 0.0393693759128758 0.0332179816952726 0.20393891456552
0.182986194532903 0.136997875657731 0.118770784656835 0.000831175474963239 0.170516635929443 0.0411920593747005 0.182794698416623 0.124951783116937 0.0409587928398626
0.120322910541556 0.0225449798820419 0.167669302809468 0.0212185919231981 0.193073019710984 0.0385284197378908 0.134016448523106 0.18453997825838 0.118086348613376
0.0642653221588267 0.0295594238577881 0.00146294864956113 0.195715494254058 0.042694173978356 0.147662671073929 0.199596349320599 0.0899956709137338 0.229047945793148
0.199758115264171 0.0629019136361949 0.19156876589033 0.0952187855251147 0.1178938743219 0.0459577251347853 0.215659361684344 0.0636923521205064 0.0073491064226536
0.0380870047115359 0.149855874791304 0.0810199269842511 0.0113598320775261 0.23843862331533 0.0279527310706085 0.0208181044529074 0.409235445585379 0.0232324570111575
0.0624704104901708 0.137633046291486 0.167140664115895 0.156859743776081 0.140418753417538 0.089707041124139 0.0868548888985508 0.0772522340547489 0.081663217831392
0.0239755191817371 0.158817818094867 0.0317252437859819 0.145823244846292 0.0382290519127117 0.135663083965625 0.248111188300806 0.00748774782190862 0.210167102090071
0.165306969384463 0.0480601311903832 0.180072440311147 0.168750793400102 0.0330961310286003 0.131294816702063 0.0454912216906559 0.131075584397214 0.0968519118953716
0.0572651264941724 0.176342846074278 0.169329149288205 0.179983089439148 0.0306840945334159 0.0491315781642729 0.187682728835786 0.114810834985065 0.0347705521856576
0.060713729017042 0.133786276797508 0.0256554044916423 0.0171633308297342 0.142865450183 0.198363877869941 0.0610560752000234 0.193490283086429 0.166905572524681
0.155455036223049 0.112499301028455 0.150963019959467 0.0391405888873632 0.109182018312698 0.153410977081674 0.158428296681772 0.0553149198446069 0.0656058419809146
0.232880252970985 0.188505133457989 0.0513339777973141 0.0223522887445389 0.0805438729336226 0.115762568618977 0.0415330517791568 0.0410808499050305 0.226008003792386
0.152855430967244 0.0334719079326788 0.124049869633763 0.139004370191642 0.0752328481445859 0.147852838354661 0.0954491863892511 0.0899617516045686 0.142121796781605
0.113909786021485 0.210772312999938 0.134159656529195 0.0158446641091015 0.117984142146544 0.0174529410832723 0.0894693764555589 0.141073343729539 0.159333776925366
0.135932811820888 0.165775154731469 0.137216143587789 0.137976178837112 0.0790446711797846 0.00192295031061307 0.127624138258196 0.149511218754772 0.0649967325193763
0.0883470421630943 0.105308982757396 0.207709019494712 0.183538728575775 0.113685596955326 0.0485107452598588 0.0791643091217547 0.062644692454625 0.111090883217457
0.148132209159499 0.117229442524053 0.156087277915109 0.0575421611502636 0.0563726157011 0.163122351414467 0.109155493698022 0.121326766336486 0.0710316821010006
0.156513615255579 0.0776005040320127 0.0639849186736624 0.152722244184214 0.181577170893149 0.00611151979714539 0.246981221034264 0.0823380423221614 0.0321707638078134
0.230959838433221 0.118708869074191 0.13761582733915 0.169196045459951 0.0854601016399895 0.130328526709624 0.0571620603099166 0.031695600489972 0.0388731305439851
0.131228033579452 0.116931083831478 0.0466583867075768 0.0350394234618472 0.14243524136031 0.0481607207744669 0.153066832891682 0.165288063408826 0.161192213984362
0.189121624548706 0.0234218791645365 0.047718648667571 0.115277386870476 0.0703399055362035 0.0467323530965099 0.211516621559154 0.21383847354785 0.0820331070089927
0.157172321018698 0.153269353155631 0.00888825480230954 0.0289933490993733 0.159562219210498 0.107813089069188 0.00640577650317156 0.248274203569763 0.129621433571367
0.039978377990873 0.120939069012869 0.180075297886637 0.0313769955947209 0.0981186332409005 0.182667845846957 0.0949520532634017 0.185905267005247 0.0659864601583943
0.171718413616403 0.165699095811084 0.0328779791097838 0.000539661253151822 0.14996106096105 0.106977314718116 0.123165465122457 0.0994656986044614 0.149595310803493
0.203304099249052 0.00333871588161279 0.163825270172241 0.0198009676387474 0.0682769883992819 0.084470494518819 0.243296726218905 0.195657807452462 0.0180289304688793
0.0494577368332619 0.109816173249887 0.216133657551592 0.200755552594842 0.122709892396359 0.0673962256955637 0.0959053318769483 0.0976130822985079 0.0402123475030383
0.198981743465167 0.0834322013515545 0.0542253213607623 0.16897991440103 0.187669838986093 0.109715833249455 0.121233267101203 0.0550271642618042 0.0207347158229304
0.14519007351765 0.153824542667677 0.145213838984305 0.109239682880589 0.125204835104235 0.0977266768679739 0.0162885988133338 0.137915633435464 0.0693961177287728
0.311446264261025 0.00672518839563152 0.147438360289576 0.0258330294341836 0.0864055685877206 0.141194461085155 0.182170494768118 0.0404921688808049 0.0582944642977859
0.0153138371437451 0.110643492639599 0.120673744476719 0.156109705038448 0.182772051303736 0.144418305941673 0.056323366777126 0.126913916120836 0.0868315805581191
0.172960609835682 0.0212933160070206 0.196776379285382 0.1340381061921 0.111963997857731 0.0619110036662553 0.0905011724499269 0.168887616265941 0.0416677984399608
0.0491915334714445 0.0641456641312495 0.149646846124768 0.0599287023049784 0.00685948445823845 0.144943708542562 0.15363249312483 0.161510564038606 0.210141003803323
0.0522867682795697 0.176903993612079 0.17619452727144 0.0234484582994089 0.194004504611326 0.042135163169709 0.242148591574747 0.087187512128684 0.00569048105303632
0.174116557139405 0.0204680376768162 0.237187236798578 0.017998613633782 0.275331630946823 0.153522077576401 0.0322754650335099 0.000124145635992823 0.0889762355586919
0.149471849211303 0.0441378135935691 0.0906163669225642 0.10787517841791 0.0266898818070689 0.0494545190354687 0.16104493710938 0.124074747799776 0.24663470610296
0.125490459759703 0.113517920808075 0.0762791603647888 0.035312279697092 0.163093851103445 0.0337484291448113 0.175405184492487 0.050512586852963 0.226640127776634
0.0332265277085702 0.00648439763358053 0.102454545092468 0.0301867432888371 0.0268911152185641 0.294240586297099 0.148728649731722 0.190091573201917 0.167695861827243
0.0532372358321414 0.153979460710356 0.1433678205311 0.0329616059258788 0.0399042335439033 0.107274008605761 0.151469635441323 0.174100365061658 0.143705634347878
0.122168095854987 0.0874587865407715 0.0807317741047273 0.0520199736889813 0.131685925299754 0.145517273012382 0.0767986605093159 0.178311788926512 0.12530772206257
0.0731921483477223 0.00102336902658171 0.15800338096882 0.240970606920694 0.0418187407859413 0.0187226385693403 0.203925121706266 0.198827107066375 0.0635168866082593
0.0783733104003148 0.123095582551807 0.00244314019437993 0.20841541500219 0.15347318886717 0.0642308031115918 0.128280856766725 0.12474052123628 0.116947181869542
0.121129278928524 0.0854619507204785 0.0619949159467642 0.0239269235479249 0.0909898824095873 0.148796447941726 0.138776859312395 0.12620740086752 0.202716340325081
0.167353763950808 0.00752551521244124 0.0669926639489789 0.124596611828318 0.146740788794149 0.101140231905517 0.125425173873948 0.19442778407079 0.0657974664150501
0.053801838466318 0.140497610805752 0.165327637861778 0.08646918277543 0.191342218229259 0.0335827719128388 0.122486659228269 0.0283260999040395 0.178165980816317
0.143668597561821 0.143458960640369 0.134540894230008 0.099758312351174 0.122715185476987 0.115938082709183 0.142788810162056 0.0848718711033735 0.0122592857650287
0.134509894419199 0.186508090963675 0.105935518395211 0.102138492982752 0.0397403741085384 0.0526904397349708 0.170537086879525 0.103714561448688 0.10422554106744
0.162431308700243 0.164852810033258 0.136645029348573 0.115561645856826 0.116261222460549 0.0775530658310527 0.0897752112798546 0.119810218588934 0.0171094879007097
0.00407939752632018 0.0607979756300811 0.295034429168674 0.0603599951655848 0.149453860898494 0.00609374093388616 0.274808725080064 0.0180680534052973 0.131303822191598
0.169124265788342 0.0373184107365801 0.0590493068645129 0.0663903248060921 0.0846663206580929 0.0801116163020157 0.175853452651937 0.134789732200048 0.19269656999238
0.132185802313476 0.0404123457062532 0.171418969715129 0.149903145663117 0.0822224403078047 0.00211477918902081 0.0913321616372134 0.146645764602243 0.183764590865743
0.084917463316121 0.167964552892122 0.0489251689849187 0.154010200266869 0.148030982987517 0.108054023275421 0.145090448658486 0.100398970231059 0.0426081893874852
0.0500007037018838 0.0306844318869279 0.236798632935506 0.238075094415771 0.162616425259113 0.0364668313337667 0.00346131527403158 0.198204169713483 0.0436923954795174
0.0343928159242803 0.127495638878105 0.215777501258446 0.153944853792073 0.186274166825798 0.0312359960359836 0.0718914549123811 0.012271769652954 0.166715802719979
0.103730467881238 0.126024875286148 0.186868751862236 0.155461126075327 0.0560951975215191 0.159484991959574 0.0424746086686889 0.00595625832889595 0.163903722416372
0.131136633365947 0.0698804671220793 0.145131623808334 0.147685969289101 0.10696656629961 0.0282542524515171 0.156160022910186 0.00774192233142572 0.2070425424218
0.0598648030653342 0.0471874394780016 0.139089506440682 0.144313235244615 0.0461879720930118 0.0991207287269227 0.137901412351762 0.190851234073272 0.135483668526398
0.0804271610177266 0.034217084702326 0.0528659316269033 0.167427002558565 0.240529484363664 0.190318933899906 0.0595116795758472 0.0818171010927141 0.0928856211623476
0.144014807151182 0.127598427663394 0.14090525835697 0.185757938886636 0.131761857695905 0.13085461794324 0.0568231580143971 0.0335057254346569 0.0487782088536195
0.0213673793821601 0.192260025283814 0.107081248628011 0.125038088080651 0.0670394266298173 0.159525789351016 0.209559368439484 0.00425994692591145 0.113868727279135
0.237474529755161 0.141252928957025 0.00623844816168658 0.101648971797779 0.0432476338544074 0.0418600834631367 0.0176931408949179 0.229313788814379 0.181270474301508
0.211529508269713 0.0595414859460395 0.0278657980520052 0.11059042899036 0.145514420091507 0.20351196299329 0.0259275690461691 0.093384614827324 0.122134211783592
0.175977028168774 0.0282459486180567 0.173429599347943 0.124465120271301 0.165121455099837 0.0466748262027082 0.0778176629491233 0.0890986197187082 0.119169739623548
0.222222707531512 0.191050823592755 0.00305363722047075 0.0209633689121165 0.179229577700065 0.109878859218102 0.0371157490890295 0.212197119949924 0.0242881567860251
0.0312966997192746 0.151062390153766 0.151079418079533 0.165227145691467 0.171703813971791 0.0625880377215622 0.146548007970194 0.0971337201455044 0.0233607665469083
0.0761244498483534 0.097099743483488 0.280426375153588 0.267576610712502 0.0625859556720438 0.0182799839086396 0.0478217003356194 0.00623979787351924 0.143845383012247
0.151855572145076 0.265450210801129 0.034695409568671 0.0691179333916487 0.111011353730831 0.106366186741744 0.0977076256987874 0.0814416485506637 0.0823540593714493
0.0688314711867645 0.0886101961172042 0.0434468130335601 0.116634781212705 0.168459511712198 0.161280656433306 0.124852518709158 0.191008510415905 0.0368755411791973
0.159527491435957 0.121647533668027 0.158744404107809 0.188676234755598 0.00636880830330737 0.12400466192207 0.103650372892994 0.0684410562428293 0.0689394366714081
0.114318719057468 0.296771006220786 0.0619228497256675 0.233192017768341 0.0888717698821587 0.04120812823914 0.0138496396812219 0.147230202500238 0.00263566692497886
0.235994072515816 0.192665266788941 0.106272975720693 0.129752861333535 0.0111945424701442 0.030978593207251 0.13846429937291 0.0521372556961923 0.102540132894517
0.212258227614691 0.190894765119543 0.126904073471415 0.0903575321107028 0.0762680794961068 0.0125005569568688 0.0232698332189435 0.0617395837614998 0.20580734825023
0.0452523976098231 0.0908861634161386 0.075695877737807 0.0429952771602118 0.213424840864129 0.108829078916398 0.182698904398794 0.0352161738011364 0.205001286095562
0.0415296368831404 0.194497262296294 0.156702752079806 0.101598114725677 0.0484172920753795 0.0671361658782853 0.175933097892923 0.200626209241641 0.0135594689268525
0.0838836128903768 0.198317869440553 0.0722408028482939 0.0815135331826977 0.106890141133681 0.0805271333262078 0.226949724973037 0.0480595611650443 0.101617621040108
0.0828259568639757 0.100831058200069 0.00940087104640553 0.135306918748788 0.117501220469317 0.150799703336351 0.169046044957579 0.0581766871654883 0.176111539212027
0.0153859947437588 0.00593956981690568 0.0124404596224076 0.289735329514251 0.204641823104797 0.0441555332877523 0.142197153652415 0.145695135339573 0.13980900091814
0.105767172336524 0.036610277616133 0.141868354094956 0.139532024885703 0.106417282369352 0.153881988572543 0.129496539012311 0.184860197440894 0.00156616367158402
0.0544691204423379 0.220245982828534 0.0117162122491123 0.0555171934924485 0.159752266699414 0.195103076704072 0.0322097279916179 0.039489893454144 0.23149652613832
0.0352697635085641 0.0922589117131192 0.0810870162955819 0.136542742907368 0.224075727994272 0.215428104766587 0.0684193386638743 0.0843821157024161 0.0625362784482175
0.130474620048687 0.0586624956987432 0.110855285471768 0.198484504296551 0.192250871845587 0.0578817892119156 0.113945208901071 0.130518111686225 0.00692711283945231
0.154721812165957 0.0621805807244964 0.13780770504747 0.148535285451866 0.117559185530461 0.0576462428378184 0.108020224571931 0.121309313629932 0.0922196500400683
0.0599799275630277 0.130992242516268 0.176197401021633 0.170854154559922 0.120147662284226 0.106010055584599 0.0583016997854082 0.0487893872084068 0.12872746947651
0.131660456061798 0.124712986332217 0.0886590614841429 0.099666414632523 0.180892012483851 0.108982246142345 0.101690633384329 0.0032667764199218 0.160469413058872
0.00303187750142153 0.146447467778717 0.148274184793734 0.116056718396822 0.0615993557016604 0.155503882486178 0.15476682989437 0.19410205395897 0.0202176294881267
0.0153810209716049 0.160711145360539 0.101902444869454 0.11361241272251 0.182963342027494 0.18071911928456 0.0864186003866176 0.0277805051691655 0.130511409208055
0.187573497259467 0.122213938514298 0.11603724566514 0.0571143938271101 0.124507314655849 0.00554079183201436 0.195749361450579 0.10400439187181 0.087259064923732
0.138070627104333 0.107438771090926 0.0755522972101407 0.159135140396572 0.141169348385942 0.0377024176407697 0.120019564385014 0.104471164580736 0.116440669205566
0.149202490376343 0.0728954055269006 0.073465100278344 0.0921034000075752 0.192071548242404 0.048575173660784 0.0203024284343936 0.234345837470332 0.117038616002924
0.003817701204682 0.109475125798833 0.241200821070576 0.128635866639768 0.252520175454194 0.0353182763685873 0.0108024565050507 0.0164094254933472 0.201820151464961
0.182201021807978 0.090525368625601 0.0484509494791947 0.1057157950041 0.0886105631820313 0.0395444144952244 0.173577150257916 0.114591571320212 0.156783165827743
0.210546931023706 0.0452651452800663 0.0589061291908982 0.214601627494743 0.0604684243834232 0.181180427487005 0.0592502494504258 0.0846621461396944 0.0851189195500379
0.191222422359856 0.0522636921167646 0.068420669181721 0.0603307397000414 0.177831815048981 0.155540994281083 0.133036812524811 0.0257547054575155 0.135598149329227
0.310161189149558 0.0314113971250447 0.0983693903905483 0.158022660702507 0.0921019878963183 0.0902874434970171 0.102690142789952 0.0340869701026506 0.0828688183464045
0.0332098443629807 0.131664368229014 0.121049031584885 0.0553536916041765 0.133156274141924 0.0983543383371786 0.158072977254437 0.141470026082729 0.127669448402675
0.0101901389327951 0.0250626593752781 0.103879490669213 0.0831691472363455 0.246281293293187 0.242749410354997 0.0293244572241027 0.190532561214678 0.068810841699405
0.18745931746091 0.0874798639615843 0.0489454369722417 0.200417065349249 0.0512758506522028 0.126707342316914 0.168974214487812 0.0147099732468726 0.114030935552213
0.130866230941165 0.109297338941248 0.137331208659082 0.0810425067960071 0.206375025274732 0.128520073699591 0.1734093734742 0.0175762102057153 0.0155820320082609
0.151805417105723 0.133906557779528 0.133181445706011 0.00645383375719822 0.0650788390694861 0.0975184923372776 0.077361230785864 0.169243432838076 0.165450750620835
0.117289833150623 0.138834521016933 0.121227694667648 0.108757513190507 0.0573761742386023 0.0619026973049634 0.0691457594686389 0.142502129167438 0.182963677794648
0.0570176726926842 0.31503213713679 0.0233527414181937 0.154039793282294 0.173256700447535 0.113139030090412 0.131714717204423 0.0245143243886496 0.00793288333901774
0.11268724483436 0.0334668977429763 0.00227491392557862 0.226967765705495 0.25481831542382 0.0337557084192221 0.1858611243135 0.101663659841811 0.0485043697932361
0.158994111942443 0.123942385572222 0.121869789040703 0.0598604852112242 0.19049408834437 0.00212370749061521 0.155977602787529 0.0906643529281892 0.0960734766827026
0.113404741608124 0.0345436477971554 0.163248237190019 0.288236330938492 0.0594610906225147 0.0958231375263407 0.1403859652387 0.0588195424619978 0.0460773066166568
0.181005824694775 0.06837273629404 0.109407906781912 0.0848033746990115 0.122366865307218 0.183045075490732 0.100391576293129 0.142045548626445 0.00856109181273799
0.111020283253066 0.260694567647816 0.0459255084757527 0.170048701867321 0.0546774582037397 0.0384611750203402 0.190461858499179 0.0632448409495433 0.0654656060832423
0.139971402389729 0.154683129349181 0.0395269024861286 0.106683697531063 0.144573762846027 0.0372183832624283 0.125051426047544 0.14497211690415 0.107319179183749
0.0648466834308521 0.107449708681284 0.0978262440975913 0.124213537755399 0.178836283816643 0.15428407772412 0.141502180536587 0.0656564563595449 0.0653848275979791
0.0492254424311016 0.0601308682433677 0.111839352200578 0.240727504264725 0.043592404985059 0.00148742859193205 0.176173443082878 0.0934035228789203 0.223420033321439
0.113747163108177 0.0807635290603949 0.0279076038798647 0.0983963597077175 0.00688008798076794 0.151858588570185 0.189244908483744 0.173181551331623 0.158020207877526
0.112346500844841 0.0483246630168389 0.0981919043406181 0.139800126163556 0.160191186498351 0.0800406530760735 0.146457887679221 0.0549816935686522 0.159665384811848
0.0627949984764464 0.12394389866721 0.136133052815733 0.191283515267757 0.00214138072014204 0.0840498416020759 0.122807963001088 0.105242357988717 0.171602991460831
0.0423016927319672 0.073592635490275 0.0518368599908903 0.17636304999132 0.220229901225864 0.0182708411591305 0.0615790560040492 0.151447110406458 0.204378853000046
0.00842124998842051 0.262705615693123 0.150047798269617 0.0709313715636843 0.263280910060371 0.167542292941781 0.0591383454532079 0.0133969579287206 0.00453545810107443
0.153159018056458 0.266327638544446 0.0741565911262352 0.0103507165023473 0.187138845161377 0.157924236168047 0.0136863383459905 0.119384985889414 0.0178716302056858
0.1228880747515 0.0190362251473704 0.133969384973946 0.181904763682298 0.00736907069998702 0.135388695053721 0.147400512229464 0.0638151415183178 0.188228131943396
0.0780972786922248 0.189684244771386 0.109504969730085 0.0953067819666464 0.114338619664276 0.152435732872357 0.154354994134144 0.0646570395442752 0.0416203386246057
0.118541643256666 0.189746202936703 0.0294845394903914 0.0969911022939882 0.0522267676318279 0.205253608659076 0.165715355657934 0.0960480561532687 0.0459927239201451
0.130883507909102 0.0725144151173504 0.111763027390916 0.0790945306602545 0.0985700487884497 0.142091795950065 0.118712532168709 0.138223349287249 0.108146792727904
0.0906876482981199 0.0719147779903251 0.160706276160972 0.0859560505931858 0.00376517006300472 0.0449312908853356 0.085105231109829 0.269121323248562 0.187812231650665
0.125186163805172 0.181762055779856 0.123753958417336 0.19637715360692 0.0227116690848151 0.0288954924704299 0.112478052542858 0.205656057534377 0.00317939675823521
0.165621288280897 0.0342280838913068 0.151683671070676 0.0897767146157474 0.0959016655283461 0.139790636008767 0.123798641934587 0.195072119041324 0.0041271796283491
0.011235699474361 0.0328590871176818 0.391929253769453 0.103619440301866 0.299797548207757 0.0760432380405224 0.0035244343114094 0.0490599544462464 0.0319313443307026
0.175380274477309 0.0720581992284221 0.164583347082532 0.161094279671385 0.0360611904331387 0.0749091363231 0.130948697794829 0.0300939426339515 0.154870932355332
0.0520917075940299 0.0484512828250649 0.183428419316043 0.21545074508966 0.0187604702903202 0.173686762518408 0.237902983280849 0.0463131667009699 0.0239144623846557
0.0749730527461854 0.0442228003111508 0.200394731335968 0.0443956755087089 0.158429002541112 0.193641130915391 0.166283124142767 0.0171820188722231 0.100478463626494
0.179612611132666 0.129183660553645 0.0590553471828792 0.0723366455814044 0.0159392252932233 0.140221632844795 0.17827062801167 0.21201275603281 0.0133674933669065
0.0848742385360835 0.119070610210785 0.161837341231998 0.0582204172045613 0.12873010945133 0.134397521704524 0.132595457751676 0.0809354536942335 0.0993388502148082
0.15887311248719 0.0767162990168962 0.0535022031600543 0.0658043736741511 0.205252035126243 0.165386643995197 0.0563746952250055 0.128221898224901 0.089868739090363
0.0843119235453351 0.0850297777219963 0.199940884187404 0.21171697090482 0.0874003116979703 0.0616276725693644 0.0336073791505816 0.109580768209061 0.126784312013467
0.0868317651095472 0.228035739932259 0.0293034562731039 0.0248962608339525 0.222980537131057 0.10714117753819 0.0852445143179534 0.0389095230857954 0.176657025778142
0.162538083138742 0.174228667117584 0.0869512563582768 0.00329757897863846 0.173001503013364 0.15645877513376 0.00411985661864937 0.100365942231835 0.139038337409151
0.0449117248572274 0.154620467420099 0.103459114673094 0.120774450393055 0.136811903383465 0.127866070111151 0.126336802440794 0.121211712997612 0.0640077537235019
0.120712056266798 0.157132818054477 0.0663779110335842 0.0986612400921671 0.137331483723399 0.138885138197221 0.0712269401910796 0.138969276874977 0.0707031355662971
0.146926486029909 0.106469481907955 0.114852302074228 0.160355400801573 0.0692094886396252 0.142902323686566 0.0538798702880336 0.0653214677343792 0.140083178837732
0.183876211647217 0.0312370555326745 0.0293493310324266 0.094455189337339 0.206090148868826 0.0896670991692479 0.271566435826174 0.0247262560016762 0.0690322725844184
0.0193237181553208 0.0992591026817233 0.0242440685570038 0.171273903782099 0.139637920046969 0.201748294197518 0.0530596028899436 0.0567764846060199 0.234676905083403
0.104706739832833 0.177382717609398 0.138879720139839 0.113432159835441 0.198406368564391 0.0100666327356335 0.058564087632585 0.119307773829141 0.0792537998207395
0.0472907922149476 0.0539652128017055 0.200912231853989 0.0982224436801219 0.07630335614681 0.00508984616157613 0.0737237056412933 0.265566137931485 0.178926273568071
0.140175445112695 0.189437255679437 0.103100084408736 0.0889294902126362 0.0734327302389781 0.0549375248733923 0.102188020683249 0.145376933313723 0.102422515477154
0.22215990421469 0.0845665291484389 0.204674447318616 0.0777878907698873 0.0436666136402963 0.0843323742970135 0.0678948725103912 0.059339101055841 0.155578267044825
0.089503810641651 0.11423293364822 0.0111643291006834 0.145261702404709 0.226466184789692 0.00745801383662141 0.160125784177676 0.171916360455047 0.0738708809457008
0.0594090965954925 0.0340111741448498 0.157144925711288 0.140830449511744 0.127499695357084 0.131647314007631 0.149435804909394 0.050864227317615 0.149157312444902
0.00405777355411122 0.205101766906118 0.0943361468869563 0.0887145511139515 0.0743963602082038 0.107156564351906 0.166800221909543 0.0713400238958196 0.18809659117339
0.15713574165398 0.0147899930166792 0.105008230268078 0.0359540904579052 0.0646716225462137 0.0668962864228245 0.233921376874534 0.232621666702639 0.0890009920571471
0.0299291115002148 0.141314375037668 0.0490638717851606 0.139494499879627 0.152784342057366 0.0645430806208812 0.149675811816967 0.132776526315134 0.140418380986983
0.0931374752126744 0.084044558462796 0.118893107376339 0.0806123255891942 0.151007387169865 0.0296441049655573 0.214687208492402 0.0591262685848264 0.168847564146346
0.222770236959974 0.0768402550748706 0.0646921524632672 0.0497207129057711 0.0145149518020534 0.0831679943851448 0.140158165118917 0.158699701878435 0.189435829411567
0.113300015115737 0.109093452247087 0.083302111037976 0.0604298749465934 0.0511331381919169 0.166915898180317 0.0390396813333397 0.139212156364256 0.237573672582777
0.0160251068904856 0.112684263347339 0.117545752493265 0.0657483879357697 0.217079191366966 0.163643131154665 0.0821926485204904 0.013839225590868 0.211242292700151
0.0698937620595454 0.198062064309211 0.0512605206725945 0.0643448510802036 0.210467701507741 0.172388478480205 0.196327892429482 0.0238972907773876 0.0133574386836306
0.128828044870605 0.0965897476501312 0.0498894249239382 0.0721269113966848 0.156436078750836 0.166508288007834 0.103791346541357 0.150331531340202 0.0754986265184119
0.135370222194905 0.146320761310235 0.0350644909430663 0.136638682264753 0.0740105747053808 0.060138275388253 0.219121164074924 0.143570656481344 0.0497651726371391
0.00994246210294744 0.0316037548029361 0.0711632106569566 0.0967337829487895 0.0582020559901537 0.0708541554793208 0.250071942578983 0.252721346730644 0.158707288709269
0.251810705472702 0.0292058904756432 0.267038535255141 0.0329603117120373 0.0410646534692579 0.0410215707327056 0.0335610258461694 0.261264535719293 0.0420727713170504
0.0916195598058728 0.174516112316902 0.0976175726901359 0.0350581745743029 0.16532535193948 0.139432269195372 0.00250004357944323 0.220291858492877 0.0736390574056139
0.0637924697734344 0.2038562755655 0.19657630456653 0.0506891885367868 0.0899922361623852 0.0983629566413509 0.192621530296205 0.10091404813704 0.00319499032076867
0.0171670912428968 0.113723552055182 0.165362207872406 0.106009936845078 0.110640542091159 0.0519599492902596 0.168279556905661 0.154025042062011 0.112832121635346
0.00448610030377488 0.276437414720338 0.244820204520133 0.0702138739367128 0.0435952743989023 0.0494513478304724 0.0410340445518221 0.0723770175866275 0.197584722151217
0.0397638745709081 0.204565430028131 0.109236486424843 0.0498365798245071 0.115501317166377 0.156634722281002 0.120157066111423 0.0704916135740625 0.133812910018747
0.0690448115701898 0.0371477036060297 0.135495500048201 0.0540915098359002 0.115380525581034 0.105614716592255 0.0320846013936968 0.177023257195572 0.274117374177121
0.0170170029768596 0.0594439469403738 0.219052133356374 0.193475850146412 0.0712564265604826 0.0274219920816647 0.214452727508224 0.00150383583127205 0.196376084598338
0.0370255410302944 0.199802879547877 0.204503192792417 0.0449552542048506 0.220758645286418 0.135181947037297 0.0457549518146033 0.0423744480813402 0.0696431402049028
0.0692157667806673 0.135097999139259 0.13699091622944 0.150574917202332 0.14781718315229 0.0165891360755801 0.1651909375713 0.10800641724048 0.0705167266086523
0.0601241002315099 0.100207427249334 0.00988333756576943 0.0298843143658217 0.0954576401279161 0.141693342936513 0.223726330952388 0.144696395907287 0.194327110663461
0.0964057439098905 0.0904625871668162 0.0956095184080008 0.117698679244838 0.0889486046508676 0.160400818807989 0.122893883945441 0.100548722797074 0.127031441069082
0.152841944507255 0.101057181054119 0.100837433456714 0.071196799064584 0.146559041756541 0.197379788567329 0.039318791544446 0.0635188033293866 0.127290216719625
0.155766729644194 0.183588443194543 0.133937726740339 0.0860569741583424 0.0281470036396191 0.015953338267483 0.0614315037256757 0.163677479499679 0.171440801130125
0.0425378365787375 0.0186688609642945 0.0215016194998787 0.164817018827331 0.253119206273048 0.16902912628714 0.0878677673468896 0.0109531248508633 0.231505439371817
0.145894073922949 0.185634004843691 0.0346125652617619 0.166185390242157 0.0701088587081058 0.0749595446847585 0.109275018955587 0.170160778520621 0.043169764860369
0.14254311587393 0.278941892045794 0.0924635481170389 0.228765185141789 0.00917224224447536 0.0577387297967305 0.0023472023661367 0.0443457444069224 0.143682340007183
0.165793196335414 0.172872224022989 0.115205155236318 0.0580946641252276 0.106105089730027 0.0946228710569872 0.1411972003123 0.0669565637700833 0.0791530354106529
0.145338293203823 0.175229128428919 0.0712327654488079 0.0838123768631166 0.0256688053305701 0.20386183541981 0.00794947693857596 0.101939823190992 0.184967495175385
0.0488086975425846 0.0174896518595673 0.0301802955463775 0.180005498726708 0.118653572118236 0.183699072787846 0.157971539829541 0.105644892301995 0.157546779287145
0.107000780330767 0.124764709218786 0.0719331881507649 0.0512395121816743 0.182598873686701 0.181955305746066 0.122018679837684 0.0378382017264557 0.120650749121102
0.0213817059259598 0.184416451653074 0.135232759440907 0.126530963466608 0.0601986791230221 0.0224933154536718 0.098529981869324 0.220624029656806 0.130592113410628
0.156465216630905 0.0416969130256683 0.12304753015495 0.120113988333832 0.12915430685549 0.112204156436886 0.167462528605243 0.0546066050917206 0.0952487548653057
0.182940722048231 0.0360401673889092 0.185052260442875 0.176146658080528 0.112464472600435 0.0961831725787354 0.113664548298187 0.041803730145635 0.0557042684164634
0.113186303896735 0.0476706070933728 0.0978206727334843 0.0106686545667886 0.132612445062533 0.159328696365395 0.203072763769923 0.0874360984389038 0.148203758072864
0.0134011756048671 0.0902541480152505 0.00174764415330842 0.0977505261210541 0.1142341676312 0.11799730369824 0.0864452870231743 0.286726800532506 0.1914429472204
0.0980665788398665 0.0879597472297243 0.111710543202718 0.149660368938754 0.149166032275548 0.0640773430086226 0.140972204576458 0.0587191047006186 0.139668077227691
0.174403761861286 0.0671621572385033 0.14080633536963 0.095208928603276 0.213636585611531 0.115889357090077 0.000169931203077971 0.130411433005489 0.0623115100171298
0.0415463025909144 0.208928593741024 0.0575346507294666 0.0275919812911245 0.0705175700047006 0.198087538264553 0.0678320799409399 0.21936693454427 0.108594348893007
0.0623696872990734 0.145580010671324 0.172421593851059 0.0146979999677958 0.103445428315156 0.162330228503142 0.16216079062407 0.16415562799885 0.0128386327695296
0.0207463206788127 0.056482408655411 0.0338705148793097 0.0506813850738826 0.164830930140946 0.10001002197766 0.203221514858461 0.189792298510516 0.180364605225001
0.104477571415854 0.175820155263382 0.0408103996838683 0.16764120012081 0.118438836917749 0.059827720034264 0.100255687200004 0.0877687746815201 0.144959654682549
0.128480868663479 0.0852674505111361 0.0862902499412575 0.178542518440854 0.182700729962928 0.109430902480387 0.0100832461627803 0.128033287308119 0.0911707465290593
0.110663360042542 0.121361333949741 0.149007292020176 0.0126568627732089 0.174654396927655 0.00318346546841173 0.116001488653312 0.156621200900196 0.155850599264757
0.0895695246994726 0.0282105083748023 0.123106821111313 0.00320996621910312 0.138995849668958 0.206734444060966 0.186117696639899 0.0363994952029384 0.187655694022547
0.167625879638043 0.134583534083539 0.020986065540729 0.141644601196581 0.0911818782782362 0.140109949296875 0.0627192055069557 0.0627422705945226 0.178406615864519
0.0287277220289504 0.177129235095185 0.175975509199189 0.123363634479795 0.179621496434129 0.0206947550638972 0.0334920333626088 0.0700491875807509 0.190946426755496
0.158484463464164 0.0714245977188289 0.0673198260955906 0.0711167599596232 0.0429922608938316 0.174740628191418 0.194567732249595 0.20440040523656 0.0149533261903894
0.00499574170849623 0.0723888793797074 0.181072023612463 0.171961633739084 0.148084900318257 0.171564331698066 0.194926974846954 0.0380421597446285 0.016963354952345
0.169942709976898 0.0590026732428239 0.0637559138574864 0.131616114828527 0.140341831850315 0.0536988030949155 0.132072345139848 0.151907678063161 0.0976619299460243
0.00131449191268525 0.0955006627800501 0.00826515196045167 0.0398825750619925 0.291136589014728 0.116845702378581 0.181142613912854 0.0675795335212711 0.198332679457387
0.0848507112992875 0.0818654524158354 0.0755164019245516 0.0794457952646331 0.181416110867833 0.127686708566439 0.0807056988865067 0.153013518856307 0.135499601918606
