0.162043868488782 0.10641778677395 0.0307876944993847 0.0424582940037187 0.115554470376045 0.203985675656086 0.201082107523218 0.137670102678817
0.12408020784233 0.192808314730828 0.162131039281072 0.0176370877113667 0.0779892149091971 0.143894345215633 0.162736869413639 0.118722920895934
0.176273342045263 0.130347225539206 0.166080002964272 0.121494347557653 0.127747115891015 0.178709723798986 0.0564146630130534 0.0429335791905515
0.084052445096516 0.229425389365792 0.0268118091869572 0.24035260245151 0.196430514894196 0.0438854339364082 0.108747991897462 0.0702938131711591
0.0452144058081698 0.150315330212505 0.209574443163069 0.13237926664256 0.0574408184874136 0.376429216001707 0.0217154852269993 0.00693103445757685
0.11982912822725 0.0753893700694815 0.178877532893452 0.0317126675327507 0.170173313535694 0.0942356723265691 0.213844308048902 0.115938007365901
0.0646818128673875 0.158855026471583 0.165003019423084 0.153644092410332 0.0934248097968266 0.181825145651986 0.158395501959081 0.0241705914197197
0.121670766593389 0.108524580496848 0.0191829696348183 0.251292226975976 0.132252994862771 0.194119392108746 0.167614753746667 0.00534231558078328
0.0317771599324501 0.282241756903909 0.258909046060114 0.0307542389770561 0.27912797804901 0.0451161050850926 0.0310444870770307 0.0410292279153367
0.172705095246876 0.143391434715156 0.0779734335510616 0.00768436368779811 0.177526899427013 0.136519734767681 0.138835466589774 0.14536357201464
0.109352314569367 0.013823438297665 0.151635813932563 0.2293421875788 0.205710244792521 0.0644839046660656 0.0696168857632623 0.156035210399756
0.163031917887189 0.056165278516043 0.165800544458438 0.0704860724312919 0.0567907273720885 0.23342668368069 0.22240287094531 0.0318959047089496
0.125395857673336 0.114410219094767 0.0830157665605349 0.138196961649156 0.0909575713298015 0.140233081052416 0.0235432195370995 0.284247323102888
0.0479966349746756 0.188495649640767 0.176954170780796 0.221501128123142 0.0588764255590989 0.242795928581764 0.00634817127293135 0.0570318910668252
0.134479165531658 0.187165122112263 0.0167494117040046 0.038410119889347 0.140144657383425 0.134601379418851 0.206954064482112 0.141496079478339
0.227374307652642 0.234051106981728 0.0915851305515242 0.0315115076561946 0.12807258179339 0.00857078210378447 0.0764427238213955 0.202391859439341
0.0559611038480892 0.112446140502305 0.055411475095918 0.221367117680907 0.0305118095430939 0.206220694273673 0.219349574964762 0.0987320840912522
0.11472425396298 0.254660574774036 0.233200435745283 0.0389615884610605 0.107446383962778 0.0905085480167855 0.0250628178024535 0.135435397274624
0.0874151937856421 0.22210562221381 0.0966324993156274 0.0126535634115003 0.223617851202242 0.250652496815133 0.0432760992878078 0.0636466739682376
0.0464303649482806 0.156601967594268 0.0129007963219005 0.148065339595692 0.187096750943344 0.0301907354529381 0.194459550815408 0.224254494328168
0.129258296992554 0.177439690410505 0.0915350820922138 0.116728396818994 0.203755316623731 0.0639573600277545 0.15419856861148 0.0631272884227684
0.140726665529937 0.158158419172087 0.12248536757572 0.160443717460608 0.14193360328793 0.100928392511683 0.0499653897214388 0.125358444740597
0.13871850774784 0.0860318001727614 0.195751861712967 0.197565737860765 0.0983834808057495 0.031308277532028 0.0807845811398379 0.171455753028051
0.089925627089147 0.0837160192714274 0.13211093629067 0.0975739406800247 0.0822316011146861 0.23357677108192 0.0295848981252027 0.251280206346921
0.143285153851185 0.141717810800456 0.0642963991516955 0.161337268885935 0.078813619733895 0.119902236158921 0.109538748741884 0.181108762676028
0.122924783299249 0.0968001226622436 0.205455289241387 0.0241523845076534 0.2008585949868 0.0678078356083437 0.104616337061804 0.177384652632519
0.138105596150639 0.166278731278611 0.0194700963770315 0.143875324281333 0.0525160160616759 0.20720527838879 0.14126013077287 0.131288826689049
0.0935791330224983 0.101360625801268 0.106159430084637 0.0705830608434566 0.123890630358678 0.0989737283834548 0.191413713836386 0.214039677669622
0.194380770844983 0.0915544673918114 0.245620388016311 0.209911370092194 0.0909032256422641 0.0463522512149698 0.0967480020742389 0.0245295247232274
0.184557003339272 0.0659364593179221 0.00206825950175973 0.00326635512932512 0.157366972660444 0.164052192587293 0.293580155605962 0.129172601858022
0.0608632225521724 0.048243287004495 0.179463212514223 0.125959569329524 0.174246358283524 0.133691753016758 0.1538222732274 0.123710324071903
0.0407812900822379 0.137839319803931 0.178452215927434 0.221018181737111 0.0540637759427651 0.154827240745497 0.0253220441499696 0.187695931611055
0.196958148709452 0.0633133366530144 0.176710909516843 0.171384303366358 0.0228548171831874 0.085883582176913 0.0910790635498443 0.191815838844388
0.0470613997688432 0.142634743642622 0.123310717069076 0.10527780358008 0.107856246653211 0.164057844510671 0.167313332747422 0.142487912028075
0.20713072023517 0.201424983220111 0.0280078851771198 0.207242590927644 0.0979950005327324 0.0514323031213193 0.103592476502229 0.103174040283674
0.0478233730857784 0.130879399610252 0.231781283077965 0.147596031220819 0.10907227011307 0.245927976911851 0.0190351523984603 0.0678845135818035
0.202757918029507 0.01382244039317 0.116886839244726 0.0582988111783714 0.163654201341322 0.0870045105221031 0.218317054392594 0.139258224898206
0.0044674092735211 0.149781364190885 0.0558630083018538 0.161444127397873 0.153370683826202 0.185801607885332 0.149679193506255 0.139592605618078
0.0100550549407413 0.0147293996547446 0.120930564422133 0.218947243589452 0.0569690903649214 0.165768057638735 0.212725804721144 0.199874784668129
0.0936087960284939 0.194006964070723 0.175032690764257 0.137174443068838 0.17757048790108 0.0508615169662033 0.150138763012425 0.0216063381879787
0.121987869704716 0.1716844706216 0.162713036971676 0.0437572190558701 0.173485784614257 0.164634913194724 0.103383297684535 0.0583534081526224
0.280184005018549 0.031343839788517 0.0595228436069279 0.00927998383390795 0.0158337898643786 0.144618421997063 0.333016796519732 0.126200319370925
0.0791238473667146 0.120038354405015 0.140930622776647 0.148443270868966 0.207464629434374 0.183291691044948 0.0546451082397366 0.0660624758635982
0.193997893231895 0.141340388573923 0.0228571060017352 0.192169717580607 0.152205592625584 0.0814567231714183 0.097416234499735 0.118556344315102
0.0868391792516471 0.0480743119938863 0.0812307433021499 0.0989294200851091 0.0916557521427394 0.0940270821518263 0.31129781515875 0.187945695913892
0.0472377690001557 0.106903911420658 0.126965447833081 0.179784753371034 0.125273559241541 0.154291572620901 0.118868900923404 0.140674085589226
0.231945220675145 0.0934700760595614 0.110270977103243 0.247782372627683 0.0436962817335996 0.141691664196612 0.0998023090951608 0.0313410985089955
0.158294907052318 0.264759675936232 0.00236381214990187 0.0945756532702922 0.0219275551153559 0.202920410548785 0.151571856527099 0.103586129400015
0.0954673376162757 0.00179311417271109 0.14230623803847 0.0245940334842446 0.256602973416613 0.0255513475858667 0.213451126599327 0.240233829086491
0.153149954983493 0.221971974003919 0.202312190405848 0.0129333438549236 0.0531845497896481 0.140884523977785 0.0389487256861633 0.176614737298221
0.00917155481118723 0.159739279987657 0.0929845693749968 0.167760503891166 0.187484576979228 0.0273831028602706 0.183645875440643 0.171830536654851
0.114155944485872 0.209020378033059 0.136655378565343 0.00761834025778604 0.183584336694497 0.015374681555033 0.0323196403397141 0.301271300068696
0.041547389081565 0.21968333719091 0.218243387129034 0.202247555982427 0.0419567161680214 0.0481400878793728 0.205375650430656 0.0228058761380141
0.112637213942415 0.29009694710488 0.275704744846913 0.00815307485613845 0.143158915903548 0.0484944267880496 0.0930866556822096 0.0286680208758467
0.176501483498571 0.204455442689818 0.0887571123188324 0.140376468061767 0.111259969721663 0.0995831565078061 0.146361147025591 0.0327052201759508
0.18701761620693 0.133011498631381 0.0669893927083229 0.162414709889451 0.115804720564448 0.0348000264132812 0.181550071495178 0.118411964091007
0.132240547380514 0.216640224779379 0.131893476471846 0.184338596884102 0.0563953370010934 0.0993168620257718 0.0397850689816924 0.139389886475601
0.237724956181619 0.0899177952462882 0.179142492386104 0.244850920592969 0.149802657412042 0.0152187579902095 0.0128023558457485 0.0705400643450196
0.103178403684801 0.269547155427861 0.00417257035268795 0.0993144131251865 0.128827957274211 0.232467539645914 0.073801518430588 0.0886904420587502
0.228451321030513 0.0953670493659129 0.075198156556803 0.176708669364332 0.0796437874503247 0.0853167333904836 0.177145932529318 0.0821683503123134
0.0717958666315961 0.241070414508915 0.0528923937843716 0.07941654407873 0.0800527569639928 0.0886477127749394 0.186187735837689 0.199936575419766
0.00221754144296229 0.239457240615514 0.286485123314767 0.238397497494003 0.0939669381401107 0.0135880370016581 0.0777049270020073 0.0481826949889777
0.0900732138497566 0.229557791177964 0.154943832180523 0.138410016140022 0.083199444035921 0.0880778582369688 0.0382624656111772 0.177475378767668
0.14791944581633 0.223894308825056 0.0998746201928055 0.139242637097047 0.00774892920629544 0.171893643900942 0.0225810566055609 0.186845358355962
0.0155508562996151 0.0516760616989798 0.224918084319531 0.120099791803323 0.150727834452357 0.0349744542875454 0.120139588069622 0.281913329069027
0.10598370635556 0.0276919312217482 0.069143517824785 0.147001558920022 0.171199623254658 0.180051944925541 0.214091755296174 0.084835962201512
0.173863685632273 0.119637675755953 0.105014416457389 0.0518008924896164 0.16718892171833 0.166475739609148 0.0532573502343552 0.162761318102935
0.0671049323307358 0.0217260753839043 0.200868907153296 0.258202121329174 0.00339224885594325 0.165522359629794 0.203253409091342 0.0799299462258103
0.12982953192135 0.121648819823268 0.152115484184756 0.163723939433543 0.12106043123947 0.167151540491471 0.028874276824482 0.11559597608166
0.0877744441887165 0.225301883164463 0.0287080143097162 0.00452207146525869 0.262416769513141 0.145644098729474 0.189072229729017 0.0565604889002134
0.170530157457418 0.000293469645578591 0.0719643288025602 0.12618557189467 0.0857520488221814 0.134847589465299 0.239881095636082 0.170545738276212
0.145715383228576 0.122847389197262 0.160797749806361 0.0465923505325187 0.160015571826419 0.12185874931097 0.0870339117185208 0.155138894379372
0.0723941341525402 0.0962250673501015 0.102674716452244 0.147588273396175 0.14045900620754 0.179462718828887 0.0443647132508198 0.216831370361692
0.17260745355801 0.119811902603018 0.027582973724907 0.104598293131132 0.292024288626676 0.160053255831281 0.0647826404439178 0.0585391920810585
0.0259280383725977 0.269683248601148 0.213900511600453 0.190270344371862 0.100512473729908 0.00828295399192238 0.176699112168705 0.014723317163403
0.0965171949004313 0.237508741560761 0.148796637828184 0.252712807505379 0.0288522311421064 0.102542430067413 0.0404878468383333 0.0925821101573914
0.161593696242739 0.169731313156177 0.0195480957230315 0.203740351251713 0.188846674862175 0.0446287703616009 0.206506942126852 0.0054041562757118
0.227830393722744 0.116359196922083 0.0287320580812515 0.0749842972169288 0.00821192355846654 0.209256467773728 0.1263607580026 0.208264904722198
0.195901895800924 0.256336701950955 0.0256404056727297 0.107450693237626 0.110966338969157 0.0278115160560665 0.0754496419226849 0.200442806389856
0.261984848488565 0.0370825024676013 0.137668893530017 0.137286286859602 0.148965623619719 0.030818958505973 0.210002613332271 0.0361902731962518
0.0133787683219504 0.19266288495121 0.18059911550124 0.142934133658089 0.0721671835767256 0.103490078979777 0.118050450365886 0.176717384645122
0.256277278995375 0.0771088152171327 0.00849455843693652 0.0550395389228299 0.249732318141519 0.157772446783591 0.12077757786762 0.074797465634996
0.227081106348702 0.0637988298188872 0.00162606061081193 0.169548737287613 0.225953988211643 0.0992130742501798 0.00935551838568036 0.203422685086482
0.280814607598525 0.0304898654603438 0.00140251325241471 0.195928687057219 0.137840123581505 0.153938521285539 0.115827772420445 0.0837579093440087
0.236913175372229 0.0581056071950539 0.133812790530668 0.12901857146281 0.0582742696310954 0.188767455628271 0.112482118559033 0.0826260116208402
0.177532301552303 0.0242163751534063 0.117573334207403 0.238297551810846 0.0854568398040869 0.175243282724421 0.051346971867366 0.130333342880169
0.081842710471705 0.0631617059228373 0.0283212550653489 0.183069368425179 0.189984148358944 0.20778378477489 0.0608765219350617 0.184960505046034
0.0618122785840257 0.122948013176413 0.315383808176679 0.119528460229692 0.0241476274771018 0.284163063054487 0.0289025911220016 0.0431141581796001
0.131568867260903 0.119823145676663 0.214982193679215 0.0470642774800936 0.201731920294361 0.0209878530137183 0.112274987731034 0.151566754864013
0.162639330595127 0.160655654572325 0.130625832781669 0.0564957818799105 0.0620900680937861 0.242525192346945 0.168802930050311 0.0161652096799254
0.206747955165482 0.118058453195674 0.149277562213513 0.146101628284348 0.20651424059986 0.0157367622381305 0.0371896778210216 0.120373720481969
0.130729198475892 0.0720287168451278 0.114646827763443 0.182808251078128 0.126508093553389 0.139034996672499 0.0699056206171346 0.164338294994387
0.0216402189675541 0.243214800018323 0.231092929155275 0.11478055775721 0.0046980769295405 0.0844109761176454 0.25109081352553 0.0490716275289218
0.176272597849012 0.175292828208817 0.109818693270469 0.0285706386132075 0.0329522750074988 0.0189148322505634 0.228873876261586 0.229304258538847
0.0508623520803077 0.0172303531370392 0.157753795497405 0.25069386189989 0.0769290758667105 0.0233310127811988 0.227493841402948 0.1957057073345
0.0715927155465075 0.229378459487515 0.0213634062665491 0.0142595259190542 0.11070819354801 0.142239184290328 0.234580511390854 0.175878003551182
0.0247656498755477 0.152963275078916 0.161540034729906 0.159504202706933 0.105403737190026 0.174553855225139 0.161163277472566 0.0601059677209668
0.0245250334503763 0.119779349785866 0.153970610599706 0.240952203866166 0.108290917940271 0.139759432775919 0.2071843438357 0.00553810774599547
0.00986125108783712 0.0921569494908132 0.176063194195676 0.195497370510886 0.131761578629409 0.18519468706183 0.11094070527601 0.0985242637475381
0.0863291834462992 0.0955673317694029 0.191202855115806 0.224339645976655 0.0303218618102948 0.0856919349328899 0.187033888670442 0.0995132982782107
0.0633103517734026 0.109276361713405 0.219082858132337 0.162815851216805 0.209031627957856 0.114450757762277 0.0796806715234985 0.0423515199204188
0.147504961045778 0.163916903630797 0.172239905415467 0.154741864619081 0.0274572040384969 0.0144372559024021 0.15288457299204 0.166817332355938
0.204553109962239 0.186772325124796 0.153442849634831 0.012930135130092 0.12757093246894 0.0218584583258866 0.284645783999515 0.00822640535370052
0.219058444267898 0.166486709131845 0.0024925414656431 0.0631650890071177 0.204954665029635 0.0704781600606081 0.197069357192396 0.0762950338448574
0.107649645458398 0.158131107991647 0.0439655425347638 0.240796772427867 0.0443566642699081 0.14176157614258 0.162706008131461 0.100632683043374
0.125755594289984 0.0496618805137976 0.0952178987428999 0.156486028996056 0.223991912196037 0.194603612320489 0.00188463342173861 0.152398439518999
0.23034737288951 0.0914928720391374 0.0799197368310257 0.0817272659591572 0.154761003857113 0.137235796245001 0.0328735023307514 0.191642449848304
0.0350482557426228 0.117451009454135 0.0714243090509894 0.139934139963566 0.171225027345392 0.186845505148496 0.0837363760301806 0.194335377264618
0.182857627791364 0.00527082134987367 0.1760961804132 0.183972672660222 0.0826336771329891 0.0985847493878713 0.238692807388778 0.0318914638757026
0.0963973289247416 0.142387887622726 0.294350018671005 0.134465717314777 0.147616907541346 0.12493076810264 0.0126122437380028 0.0472391280847621
0.0887148577263548 0.175758497864402 0.164936770251028 0.141587377821899 0.182910357845168 0.0180999445300758 0.11899831258624 0.108993881374831
0.00526245943666363 0.00930310176280062 0.0432875539309949 0.239650546418739 0.0183584472946044 0.271913676052031 0.206008096234928 0.206216118869237
0.142367819478523 0.15128382503292 0.11512412715833 0.192930434763486 0.0150311263073322 0.0953333235402764 0.217592179941821 0.0703371637773116
0.206933713882418 0.104195547790915 0.168364324216562 0.031068834464578 0.0304559196814701 0.135287269079347 0.127129859126889 0.196564531757822
0.0801872589688851 0.0528459212107936 0.175774603354679 0.0203044140302978 0.148918247564555 0.223407351482387 0.185070629247588 0.113491574140815
0.0293444688979957 0.215892657343469 0.0397550315058843 0.12663857923871 0.19288315948157 0.124320216444898 0.0132953025728241 0.257870584514648
0.15268687410014 0.146983561644382 0.0447251774835958 0.15119409446288 0.177367321450202 0.13167971285486 0.0292644444532016 0.16609881355074
0.0281387420966262 0.272025667310779 0.205558557142 0.0208821944536591 0.0963714972135377 0.060882540506585 0.0678434159948024 0.248297385282011
0.143577105822297 0.0936640095201764 0.202354786913036 0.00309356528699906 0.0886705460952512 0.103714216115986 0.24941239067919 0.115513379567064
0.209471217269212 0.133498529349287 0.0824502487391916 0.19096927624072 0.130071183993897 0.130375119586704 0.103627116549145 0.0195373082718433
0.183247014135269 0.194037713587569 0.0722385763722802 0.172661657635218 0.0782498517921956 0.110222149470888 0.023230209029687 0.166112827976893
0.0708321541260212 0.142239281917357 0.135799576905521 0.210999110582032 0.0897579341795865 0.186001229741264 0.101470558059563 0.0629001544886559
0.124972925439758 0.130641796338602 0.12951386311496 0.137580246888954 0.086456071514029 0.119675114182613 0.184004490348574 0.0871554921725096
0.261661824998572 0.0337362350026907 0.0649916179555552 0.240440667731507 0.0159443848216237 0.0330963658083934 0.238310284206409 0.11181861947525
0.116422755365907 0.110874829712839 0.0200129775749731 0.189093654327701 0.18174929032501 0.0297394549296452 0.179258049326058 0.172848988437867
0.0777319272248638 0.0384217376671098 0.100409602294173 0.00645535728749893 0.188866594836034 0.304069913904793 0.0137880430990885 0.270256823686439
0.109693805994426 0.144785067857707 0.0327056053293784 0.200607790763036 0.0533729306969582 0.167938869005469 0.18552108649967 0.105374843853356
0.189480006785854 0.141163797946079 0.0683732250888323 0.146768102861112 0.057966670469299 0.00766248736507817 0.192988868529156 0.195596840954589
0.248366394728429 0.227268960872001 0.125800133530893 0.0933122624041082 0.0683031410640705 0.177750921471963 0.0163039114765736 0.042894274451962
0.0992284929263316 0.0340270074339176 0.0827566046475224 0.173832350745524 0.0681380496672638 0.198285942837344 0.107482803521874 0.236248748220222
0.0833360204320612 0.130822564084925 0.0718427795332778 0.182427617300803 0.0971291070911324 0.204167464466209 0.12714443876166 0.103130008329933
0.05907561248706 0.247439153138064 0.133569140591911 0.22013731650536 0.0114882199620434 0.0160054953005621 0.0817587312682953 0.230526330746704
0.0024125652667757 0.0656725880883174 0.0112590523725846 0.206524586306002 0.196382645483545 0.183048347991783 0.0475900109465811 0.287110203544412
0.13168706416214 0.161938905663604 0.143558629006938 0.0930438074398374 0.13516784897909 0.190822244922483 0.0997783490073412 0.0440031508185656
0.0931462637055829 0.149089845218099 0.16365092730134 0.0510610559538964 0.109745192323585 0.142145616537883 0.151811225634491 0.139349873325123
0.246764584369552 0.0624986444974953 0.15413736434484 0.0174236642019523 0.116347515527812 0.0703553748813347 0.183460394236708 0.149012457940305
0.0044655319232971 0.261147285723215 0.0700099616360502 0.302396563723134 0.167085833589231 0.0789746116478328 0.0896681493728115 0.0262520623844281
0.0741052150186177 0.174859164256762 0.113633781556318 0.0159401341866429 0.194532154650616 0.134511394689844 0.0552081015110508 0.237210054130149
0.0572907638054677 0.0402176714908301 0.20293623578038 0.0772879424321206 0.158403122548158 0.211508411361619 0.166133602835135 0.0862222497462905
0.218596987354881 0.0816771232782127 0.0216832811585253 0.157423096553959 0.0860308347418692 0.240081036241464 0.137837509839087 0.056670130832002
0.110594720362393 0.192283244324112 0.240810288142024 0.0198523222811734 0.216004288573127 0.166274264469441 0.00660039078431986 0.0475804810634098
0.150425158356431 0.208538693050022 0.0251253911372855 0.160713825883529 0.109402509961256 0.211612014727239 0.0874499725736435 0.0467324343105939
0.0384870265441893 0.0836828373177858 0.174207495407876 0.173180464705464 0.0352250023191856 0.0930886683439151 0.205374923003165 0.196753582358418
0.253227081838771 0.176577960602005 0.183951543346762 0.0956425838373493 0.0379772514233524 0.0299107689918647 0.0754935987389107 0.147219211220985
0.175898902861461 0.143786976056659 0.211988441684381 0.240089020248056 0.073229873393062 0.0371492950977806 0.045313580886858 0.0725439097717425
0.155494236185818 0.0127223575448192 0.118583917086098 0.0820447136348866 0.197040026607511 0.100805437183367 0.188698368658845 0.144610943098655
0.0958476440958449 0.119547316086071 0.0856305569543114 0.220227251840292 0.123921279175376 0.162368262637744 0.138019185317935 0.0544385038924256
0.182614606107465 0.045828421407823 0.178036095794332 0.0907432022957704 0.166695097521005 0.0456904962919045 0.117599420374858 0.172792660206842
0.192401198439059 0.0650809716708904 0.0629356869448467 0.128167271171539 0.151049341671018 0.122340546370814 0.174931444008214 0.103093539723619
0.10414541768436 0.152325549926371 0.0699920363398367 0.0922480353754026 0.124015886765903 0.187099642787843 0.143664425951334 0.12650900516895
0.210860757263479 0.170183709893508 0.0960696561795962 0.0237932008731127 0.0460360648531465 0.139503384633437 0.235344014298587 0.0782092120051339
0.144992969503824 0.211186106265823 0.0181848912057306 0.0793764621529244 0.271786410199418 0.0145264584240679 0.249563919701731 0.0103827825464818
0.263986483214592 0.0869703069997558 0.270807839103801 0.0491475178035405 0.0836844219073269 0.0650424193216614 0.0100848632776283 0.170276148371694
0.101830242992138 0.189604006779752 0.151476853650949 0.189045156031788 0.14201111835943 0.0445626114263299 0.164114499291178 0.0173555114684353
0.181029682808547 0.0389847801241425 0.248299928403203 0.00222786776678945 0.0924081490925629 0.235681488748651 0.132466962583065 0.0689011404730397
0.336608000440086 0.0646022653488585 0.000276607533040126 0.183226159170366 0.0797764020041941 0.0718660464996269 0.0158645857671105 0.247779933236718
0.00833205025088874 0.126928420825264 0.117837390257112 0.060528457117273 0.19680607998462 0.248373297535001 0.0439502532943236 0.197244050735517
0.165401833554876 0.173008471185279 0.17245854115224 0.0616121661809236 0.165431976916907 0.140014326069291 0.0644173189024027 0.0576553660380815
0.148272621207361 0.0784580969979367 0.320522253252542 0.0210293289037104 0.0221455371239523 0.263930398053041 0.0612811010192023 0.084360663442254
0.270961890305854 0.0499960468993697 0.0901568865413307 0.191173688480752 0.190200930499909 0.0544660013113213 0.126293440404109 0.0267511155573547
0.191021898859698 0.176011587810739 0.0620913002550478 0.0262732397207899 0.0984643765024076 0.201148677481044 0.157302045812526 0.0876868735577471
0.142982276932118 0.16820480296977 0.00293709779348916 0.0787267832467826 0.203197537376254 0.0520556038752705 0.210514817906506 0.14138107989981
0.214566777421699 0.128529327633773 0.0967826902712334 0.0761575604741609 0.0926371370755912 0.0718393607279468 0.197597854862068 0.121889291533528
0.00929555900424066 0.219964680770049 0.127203262500879 0.207152316327347 0.155123865470938 0.216036559885278 0.0064660502702876 0.05875770577098
0.21419080008367 0.182909877364241 0.152114713657347 0.0300883423250409 0.101230025664861 0.0159221354510637 0.207499896450864 0.096044209002913
0.0521668305808949 0.201011970556755 0.149722844210834 0.0573314708271583 0.00349965734795309 0.11003775443131 0.229437202512856 0.19679226953224
0.125349669651062 0.0368459275461831 0.161451103823415 0.261413275551968 0.111154230494611 0.142905861063346 0.023636203323015 0.137243728546401
0.108119351746155 0.105264506013995 0.209379572328542 0.268306641450067 0.0913930033774112 0.121020678134498 0.0823952606359915 0.0141209863133405
0.0630204805398695 0.0636813577217802 0.197104032850946 0.194239418043271 0.0467137256015021 0.183275674709763 0.0913941280181423 0.160571182514726
0.0778104855769629 0.0784548012065387 0.0696522354408135 0.167744187206954 0.0394878318839836 0.282850425995286 0.140343971380706 0.143656061308755
0.126459700372539 0.0969657103690043 0.175985856229313 0.0119416162751493 0.163517536663347 0.121771481587448 0.178979836325508 0.124378262177691
0.0535432348077423 0.120775927739174 0.190393239185493 0.140487864339389 0.0064972109760181 0.227687236987828 0.137872636193857 0.122742649770498
0.173005244799409 0.111217388756422 0.0704743133301561 0.182185086331485 0.140141127660999 0.109125847458384 0.0762486811744344 0.137602310488712
0.0646261530522898 0.212712701430957 0.210582228001375 0.146691987254137 0.0971851694342381 0.103014209546853 0.0944900062023015 0.0706975450778484
0.0966724385255195 0.135981696378005 0.148525568717642 0.163838833035874 0.140430800714566 0.149600226748785 0.0724212196598954 0.0925292162197127
0.00856149266065615 0.146120823952184 0.24211054622579 0.197334686181445 0.200585318503672 0.0321085101392773 0.0720308569389377 0.101147765398037
0.127643563092293 0.00360462338277415 0.103737095307564 0.30050942026598 0.00849010530302462 0.0288135867835959 0.183819377196855 0.243382228667913
0.0168143245890857 0.283710786754108 0.257226358160923 0.0489255189310743 0.238904166436044 0.00366759688618267 0.00613299515923794 0.144618253083344
0.167310429159511 0.160843426121335 0.11139656094408 0.170007165825998 0.0457348526500016 0.0290223870632974 0.101750823080019 0.213934355155757
0.0388246969225632 0.0901094559589127 0.221101831441182 0.0922186980997004 0.06757816802694 0.202602791895104 0.111527438069301 0.176036919586297
0.1100305361923 0.171805822473997 0.00775172850057892 0.163942755973667 0.162279925824036 0.0758318117483049 0.124644958540438 0.183712460746678
0.214555395614357 0.113519820005822 0.173850668972638 0.198056744638682 0.0109050475520005 0.0517560887537206 0.10471877303639 0.132637461426389
0.0148739468775544 0.0716820867059535 0.235528373646069 0.24686391559602 0.189874747003453 0.0667960094037811 0.129863859834727 0.0445170609324413
0.150770798788769 0.236666867029706 0.0465654749551645 0.196998640181015 0.0502114568979895 0.180927617427144 0.0339165719060991 0.103942572814113
0.0951792552867748 0.183087313399589 0.142640255188881 0.0995086464509689 0.0441596313666789 0.210540983227142 0.115206701621802 0.109677213458163
0.0854032973479166 0.209402973115009 0.137369345261365 0.0154684091056032 0.174630074430749 0.168234555038886 0.14041241008972 0.0690789356107511
0.0792202310315208 0.0426182094762639 0.210182402454248 0.168217607477207 0.122478027281826 0.161292221799122 0.117953627933168 0.0980376725466449
0.105605286319858 0.0671949658230569 0.08431677131361 0.168131073894848 0.13900717063052 0.174052103599153 0.17435298033125 0.0873396480877041
0.184800233620649 0.194620715193681 0.134732488173562 0.192495154824224 0.0252358404448269 0.0197731979281875 0.105441553708392 0.142900816106477
0.128082795365911 0.137624788587772 0.168313787954308 0.0295028226494501 0.156850846602327 0.195600207827227 0.102128027721817 0.0818967232911895
0.315893159736273 0.243556886538725 0.0200193413083483 0.00568805177827474 0.00586784720866397 0.133393701948029 0.0121050369998043 0.263475974481881
0.0335283247403191 0.0392609978331254 0.233821276485847 0.141345804750098 0.172808290567277 0.129448995197175 0.0768307334549526 0.172955576971206
0.117335620955289 0.0429416084144831 0.22336023430717 0.215158245021732 0.0670692569254407 0.035586056618778 0.0593371533091505 0.239211824447958
0.00758272710755384 0.195085505240048 0.0368580148847168 0.130839861771233 0.087237287164702 0.169826301183609 0.206522747587979 0.166047555060157
0.0601166667735707 0.100346825288947 0.108257716518567 0.278104513332116 0.0972532362602711 0.245709191601709 0.0382174910653082 0.0719943591595108
0.16050947064071 0.129435309543327 0.213549351569706 0.135284689004101 0.0372949030849175 0.00568093741320652 0.0738540247855772 0.244391313958454
0.0175389123869174 0.185564490288721 0.103688217639629 0.0820494661731464 0.260270763266411 0.0669419371096129 0.132886951219521 0.151059261916041
0.0366613579308672 0.0671688356774671 0.182213218569016 0.211652710620082 0.135202428319185 0.215664276502278 0.138124715410063 0.0133124569710424
0.027845405098495 0.184500466227285 0.16008136508282 0.0609995663213572 0.355989590504623 0.0472053441472246 0.0914626988850695 0.0719155637331265
0.106450611087833 0.144338012372587 0.0105190359470559 0.28861874102796 0.0150919163705755 0.255775661720293 0.069304050545853 0.109901970927843
0.218905963283569 0.189095647334526 0.045250063143257 0.191858655365284 0.173607915637898 0.00389850700422338 0.0995759229801211 0.0778073252511218
0.116296127231003 0.0790519855350106 0.0668348382781777 0.0683662416593529 0.189231251807904 0.178813522753882 0.185682672042549 0.115723360692121
0.133263049109221 0.166993908177564 0.0777327610951015 0.167573992316498 0.115166287376557 0.0923777887840592 0.121545135778096 0.125347077362904
0.232865046522853 0.0090415578940533 0.0887219181445853 0.111705766925139 0.156909142233239 0.00568607443890467 0.198741316327588 0.196329177513638
0.102271592101515 0.185389154907149 0.139614471806981 0.161150379482946 0.154821325556365 0.117444655110278 0.00451481062164777 0.134793610413118
0.0479373223300613 0.143036389190416 0.0809914789558878 0.215924192375944 0.211870780944931 0.189321570095908 0.0631325194341483 0.0477857466727029
0.180027273801994 0.107731271499733 0.0857652466253965 0.107855512222291 0.190388940998863 0.0757258252379119 0.0714137977068981 0.181092131906913
0.187524144264836 0.17444881031391 0.0925232374411394 0.131662347734413 0.0628827131323173 0.0183871413803366 0.197589605136487 0.13498200059656
0.294550698502079 0.0333488189592 0.0192011283092361 0.0173249217875617 0.144282215277411 0.183329881670994 0.255554946501626 0.0524073889918926
0.0215237323211898 0.137044880431246 0.21641683605818 0.254173235722058 0.198800702251964 0.0791991181632356 0.066531174278192 0.0263103207739352
0.146711215638962 0.0739947089356075 0.0474948844458208 0.199145159473026 0.218009140931668 0.152709646207264 0.095779416358145 0.0661558280095062
0.220778279833824 0.0735471335549895 0.208443355643843 0.197700583814738 0.0278471132713142 0.015785923397577 0.195986374271897 0.0599112362118174
0.203996954602637 0.0533128306649411 0.138939791635751 0.11035646487408 0.0370128362754424 0.144955490238725 0.176106927967433 0.135318703740991
0.0223173324199436 0.290828645710181 0.0044619307410794 0.139116632271721 0.00583438006104759 0.166144110425044 0.32562750619643 0.045669462174553
0.103178159704323 0.135189918010712 0.0134259408459923 0.225154145759845 0.151193753244182 0.228679060893403 0.0754117526188106 0.067767268922731
0.208365895424769 0.126180928814148 0.078207799315701 0.154925753174031 0.0599938471850964 0.16898714182367 0.0897193411551525 0.113619293107433
0.163274291268841 0.0890975835703906 0.208372512019207 0.145419157881774 0.126232377433123 0.0587119669798432 0.0172487650558635 0.191643345790957
0.209051212276327 0.111903002613328 0.116019469809834 0.178644494646325 0.095213734018726 0.0569337919687945 0.0955380688373545 0.136696225829311
0.153134025993198 0.148404112396319 0.159872890496508 0.0812890778418612 0.152649478271244 0.0343259545332994 0.27026643595348 5.80245140905232e-05
0.218351034538492 0.222027763920805 0.227122364456821 0.133809857216192 0.00329212880628536 0.00834568778569574 0.159977058061163 0.0270741052145454
0.170084860472118 0.0484561126362336 0.165020449409488 0.0794143850740119 0.0869336557661955 0.153532812099747 0.0863613298663422 0.210196394675864
0.166810190587668 0.0995073592437562 0.235138473238824 0.141704259897111 0.00893366557336032 0.1591072965358 0.0406893699408083 0.148109384982672
0.0381105464083269 0.267370368890303 0.17477106085536 0.069579243313742 0.179173750127714 0.105526593685022 0.127541194259802 0.0379272424597303
0.225458995642925 0.19071234201316 0.134346487482205 0.0979408588582955 0.156323637793114 0.0798564419767695 0.084357568002934 0.031003668230597
0.0153622986618552 0.187188059009468 0.0440368587821592 0.2333382546811 0.0351001162909219 0.209428693395343 0.158019463197154 0.117526255981998
0.390566026040674 0.00216139263321418 0.0192633034607883 0.0275361966430364 0.172969576599867 0.342050134247097 0.0242030006966438 0.0212503696786787
0.0921818338520341 0.0956511975386858 0.196704842821766 0.139698021415554 0.140381084812623 0.210336366464493 0.11663540518336 0.00841124791148412
0.0842507164309597 0.250188738763742 0.116482533494494 0.124317061099446 0.145083311115897 0.133144732710747 0.0827159525500607 0.0638169538346543
0.0765628101542424 0.105980449939153 0.21172734355826 0.173002068844901 0.0391315736634957 0.137086547073104 0.0333798502125916 0.223129356554252
0.143498950345566 0.0195130304029498 0.12987731731959 0.321266717918989 0.0484389537844211 0.0181014409750177 0.27123332026225 0.0480702689912159
0.09400308013946 0.0198141227702841 0.132100662157874 0.122290559215514 0.294900224603141 0.0449575098615698 0.147139697130384 0.144794144121773
0.00820731319856991 0.213060045202788 0.196097696402215 0.00663213519371789 0.184304182593904 0.10136487192434 0.233577496232558 0.0567562592519069
0.192801690893977 0.13920312025043 0.148245443869712 0.103344545959716 0.0141878823104831 0.244511736259485 0.0932751622868885 0.06443041816931
0.260165199764332 0.133579740168844 0.0050100692775826 0.0830147948024386 0.119221623871656 0.0017639857033326 0.240855042681731 0.156389543730083
0.00119903714476406 0.119834237367021 0.122321537381225 0.136091135385849 0.101644046289295 0.133142618646003 0.237072328129131 0.148695059656713
0.0628383985709149 0.0193361712272782 0.187618524367686 0.208030962932985 0.0572175923463052 0.149702860591005 0.146376835259954 0.168878654703872
0.131363490538869 0.0930383377209086 0.0260377622558519 0.164605179269382 0.164610008176108 0.140145778067852 0.0887339156182939 0.191465528352734
0.181562972988234 0.0522284270643979 0.168447055155644 0.101584980490832 0.0398220746835684 0.126071532566529 0.160059623767459 0.170223333283336
0.00660653741528739 0.204288658641213 0.093588617293839 0.196534332496965 0.0142191284508699 0.0226415205010872 0.234087184650423 0.228034020550315
0.207700282553933 0.0768398276522452 0.141267321955623 0.0960603220553262 0.186359148120771 0.0272679886311578 0.136532871567173 0.127972237463772
0.204115962246587 0.089847926919839 0.000930963332201739 0.118964723747523 0.155513880732155 0.25532886301108 0.160575951631283 0.0147217283793313
0.208703515973761 0.147050674706043 0.167109243939188 0.112286544183572 0.120681000957903 0.116094996772798 0.0195615907266912 0.108512432740044
0.111306271848033 0.174712447853466 0.109746557644043 0.172328185064195 0.162852566038275 0.0639217993189981 0.0549223435715459 0.150209828661445
0.189487278076914 0.178540175477837 0.179982094708875 0.0400311620118723 0.119127628624273 0.127535026981865 0.0301500973592045 0.135146536759159
0.164560498999901 0.180863436079164 0.0140061353972564 0.106215204326969 0.093556184763676 0.197649723170751 0.169277727740096 0.0738710895221858
0.0798628877645153 0.176676087058823 0.0778299206266348 0.0370767969505117 0.169108331774815 0.134171635491428 0.195313567674548 0.129960772658724
0.170278946276385 0.0209424735254006 0.0864765241408541 0.22425672514267 0.133100884234228 0.0482641762340704 0.173976673109724 0.142703597336668
0.134596505251447 0.0909060172940876 0.113475633333007 0.203870388060864 0.180732635885591 0.153270590699091 0.0659745038557602 0.0571737256201507
0.00275921810122143 0.0533977290185037 0.0953760143872193 0.0478439244572023 0.162719317165051 0.132246746968394 0.293887661363601 0.211769388538807
0.127791270235543 0.058053958640666 0.179797632289938 0.0516606168861278 0.242400010872093 0.0442598930472735 0.254002598448971 0.0420340195793869
0.212923873615952 0.200359215339043 0.114590156818109 0.0863516744974587 0.0433691318313248 0.0868806174779125 0.12159426714299 0.133931063277209
0.106973818021716 0.108259980277695 0.250535696439665 0.0074958976713302 0.197492778251743 0.00982563534770626 0.100020253650218 0.219395940339928
0.0433499838775778 0.114843761883249 0.210753513577188 0.0311755303744154 0.0353780099151959 0.226203834286906 0.221167372137679 0.117127993947788
0.00566909461347104 0.2466884186941 0.0926419983026815 0.0359836467552819 0.16591249196438 0.0999195354907407 0.124975406450299 0.228209407729047
0.184817509728969 0.0142744814489759 0.139205643900801 0.213873685022838 0.1616049186423 0.166837543596278 0.0554797263076912 0.0639064913521461
0.27826306950097 0.0042582534187936 0.0732000518215146 0.0581047044053246 0.0220507787891192 0.0600502044537261 0.25912269685549 0.244950240755062
0.116053103518324 0.120381373704101 0.173432593133716 0.191462339674797 0.0511958894780975 0.166167258739484 0.0178409622557962 0.163466479495684
0.0209073270585711 0.203443921557141 0.185257887431845 0.0721508123740419 0.20213353656758 0.107121642020583 0.0141265768413896 0.194858296148849
0.0492505824473736 0.0859687148167218 0.223085483089743 0.0113613792025248 0.184413405834628 0.229635428871123 0.178850066790029 0.0374349389478573
0.111104974507942 0.169630930254535 0.220398061873652 0.0130601902140789 0.0703105183238324 0.127720163923335 0.0894478457874997 0.198327315115125
0.122707828681244 0.111582527707871 0.152552376213756 0.102915601157895 0.186500914503625 0.0795983850341903 0.0789117986976 0.165230568003819
0.00205655015428416 0.134776494031056 0.222065871743567 0.126078586552657 0.0822157236440007 0.0935924980556982 0.104595698147768 0.23461857767097
0.0599810108768909 0.152603172619772 0.197728571069319 0.021188235665918 0.102123251455662 0.144784945258298 0.195338647890611 0.12625216516353
0.0992745396968377 0.155809144030831 0.0821576462130509 0.163616083212449 0.0577524838856754 0.177464667995425 0.190535808665167 0.0733896263005644
0.226625361505865 0.0336330216382589 0.0195736226489725 0.035189518702443 0.110227149071196 0.260567877506578 0.119473813562361 0.194709635364326
0.068578458323174 0.035682305244153 0.00367232387540867 0.13786757707768 0.0273380625707422 0.183531092897573 0.179838671363416 0.363491508647853
0.127213693216502 0.000727214341670927 0.0278980110573474 0.187949583902541 0.166100239507112 0.207653159907117 0.235903035333377 0.0465550627343324
0.114217481479909 0.120212540509238 0.291318858586889 0.154801323462688 0.0330875579443897 0.189021176862245 0.0172299350388507 0.080111126115791
0.169756412990776 0.103715404073225 0.0695673118315223 0.030688775902546 0.167514668303418 0.172730697375806 0.171624156695307 0.114402572827401
0.147782196044334 0.190706361965356 0.0650349411409096 0.163179627569505 0.160465561022228 0.0679579779649606 0.110287849212064 0.0945854850806424
0.0977204146833201 0.128856271826278 0.0328813694825121 0.213076007240034 0.0452099479843004 0.160327567055822 0.276730428271351 0.0451979934563823
0.0423440006446616 0.151334957800475 0.123858106612069 0.0235404196531473 0.256261126509811 0.15917570711578 0.234496779463799 0.00898890220025655
