0.101511121678182 0.0197191717590588 0.0346506591066679 0.132498265568642 0.222253283932566 0.0805708294981402 0.129235379854464 0.0583334631192177 0.221227825483062
0.18914549519953 0.157418982686002 0.00511984731420203 0.052477254047847 0.238945402981268 0.084013956776263 0.0167161081322928 0.0831238533408477 0.173039099521747
0.1477003562306 0.175368877009095 0.142421759864519 0.072528019774723 0.127405285184007 0.067217784048634 0.0820597767920965 0.055358207038541 0.129939934057784
0.173414847991907 0.162937164057726 0.110651992176426 0.156545547336393 0.11775166797013 0.046122835715012 0.0498346651745386 0.103147800190371 0.079593479387496
0.223038252645846 0.2043673439951 0.0162435783704255 0.157350588972539 0.0256483004514615 0.109253329559187 0.0495683745617117 0.194659300665699 0.0198709307780304
0.119799005087481 0.108689458082554 0.0107479051987309 0.0157704553914509 0.142029338238528 0.0699752791490846 0.145250956991292 0.198531464242803 0.189206137618077
0.0189211642288337 0.125876905795032 0.110319543389464 0.13076418237813 0.16407863993194 0.0727128621158462 0.14535402271675 0.171151107331759 0.0608215721122455
0.104540685600489 0.104607533214992 0.157280325289938 0.072735198782435 0.146366380931588 0.0630684850836839 0.14328324807564 0.160922802879863 0.0471953401413708
0.00159078962582515 0.153352699364444 0.266600289472664 0.165044985446254 0.0913008134938538 0.0292064763728326 0.0631696064610139 0.0342254806970711 0.195508859066042
0.148000730916742 0.107811923238675 0.178153571298857 0.108604753837716 0.121754396036881 0.056200448210597 0.22339826805823 0.0016144133568442 0.0544614950454584
0.147353123478246 0.049623433367575 0.129608637489301 0.0144655597870951 0.186726479511081 0.0870271814484575 0.120336645205467 0.151822812505539 0.113036127207238
0.177325056262939 0.0719204011188926 0.172020548927781 0.00532075684800207 0.141608031609792 0.0926459086846977 0.0850558897619437 0.0672309736007428 0.186872433185209
0.124344966863635 0.130486419410294 0.125629629965407 0.153924109525964 0.140413080299039 0.0295933213422078 0.0390916054926191 0.166373748892962 0.0901431182078709
0.160993920519622 0.0186357365599549 0.0680523445451937 0.0320755692448033 0.0858382158033713 0.127957055845911 0.203577401649381 0.160526177411825 0.142343578419938
0.0738471263025435 0.130901727957572 0.0932812025827807 0.117266374679806 0.096419922235984 0.124219378127832 0.127226617766324 0.11735593552671 0.119481714820449
0.107710217563786 0.0439853995315408 0.137734469501188 0.0882007147069263 0.129822480241118 0.164252501325217 0.130587654323402 0.0901950606417571 0.107511502165065
0.183569557307351 0.00899653667489224 0.1072424515031 0.189631254104438 0.0600666869911256 0.0292239431289726 0.199038422845299 0.0924365397741387 0.129794607670683
0.12908911722062 0.177211393399663 0.155796416415531 0.176159605754084 0.00171895143395308 0.129147299850302 0.0603250308469236 0.157568829510106 0.0129833555688177
0.120685632229423 0.143127736753166 0.0879627806440758 0.170503581617385 0.160681792750506 0.0269685950309709 0.108272128011832 0.159317543751273 0.0224802092113674
0.100173766173244 0.108001003431793 0.176620557417845 0.196567189220314 0.0411228805773904 0.238003494184252 0.0547355409467994 0.00698505164700826 0.0777905164013529
0.0870657261568498 0.218577123167054 0.0782736457834331 0.215447403688503 0.0830048714073808 0.173815239698295 0.0161748527135868 0.00613434611766236 0.121506791267235
0.0806934357187874 0.0958597769910814 0.040868598197721 0.180934403445188 0.230929355453966 0.1826795502802 0.0575606325552642 0.0447990376987252 0.0856752096590671
0.0288993933482432 0.157282080585194 0.17530182644392 0.0335892456497904 0.161220090808217 0.0127032757993412 0.191598784737995 0.223114066462725 0.0162912361645736
0.0574924315409203 0.129217778733664 0.123909854915997 0.0974800274222779 0.144614148987234 0.127972140883361 0.0790835702290703 0.115500760953647 0.124729286333829
0.198747209415068 0.164335526439414 0.0888434251671714 0.180061542274288 0.0695832380054071 0.00873371285501012 0.117129240575221 0.157985280100495 0.0145808251679254
0.02561688028587 0.109307463009532 0.126309112313621 0.0660123918762875 0.160160789706861 0.257651291258652 0.201660374627871 0.0229163836828621 0.0303653132384435
0.0445801564708443 0.258413535829488 0.14939401568923 0.0860838103037515 0.022582718137516 0.0466723907848129 0.104330487937098 0.176658109655555 0.111284775191704
0.117655367757933 0.172181021326004 0.171442614047086 0.135203519937219 0.0286445743156 0.00215395755849864 0.0712772982577459 0.171664101820925 0.129777544978988
0.107993155001357 0.0879011439430071 0.0251088950697179 0.140069965306799 0.160288893100302 0.113505216735447 0.0651702743118264 0.141339435481316 0.158623021050227
0.0837419868479136 0.122890754748956 0.11862714488789 0.0617024689124069 0.123769885293046 0.118819048239161 0.0273319474781945 0.156144140453151 0.186972623139281
0.0503042652754985 0.109569869137395 0.0859853905380985 0.201811281181556 0.0287170750221893 0.163751404777564 0.0187160124898632 0.195058996954159 0.146085704623676
0.190675456959345 0.106950763991607 0.0712658436284486 0.190443631546167 0.130950185632376 0.0499958270084637 0.178659646219382 0.0412511936440461 0.0398074513701651
0.12614570489307 0.141591563093889 0.0168708198538418 0.122427420459496 0.0432599142644574 0.204173593365017 0.164683566229171 0.082719236837968 0.0981281810030904
0.19039612893371 0.17848831639721 0.00466176467317292 0.159233830963263 0.0132955187375269 0.147887766350622 0.0778826695098568 0.0387864268801589 0.189367577554479
0.0621678657054935 0.26339656301508 0.0186414459835651 0.278194279309582 0.00162356488163388 0.0257597402709322 0.00290395999242714 0.0937604494453192 0.253552131395967
0.0686514927797901 0.0158495206341113 0.145038260911217 0.0471390221110035 0.157109315338141 0.146943695917502 0.140359316678578 0.132932985932204 0.145976389697453
0.129972573907656 0.179217481442561 0.137032615815683 0.0498357302848131 0.0422863285630161 0.146943174250061 0.046472787667532 0.153419466611772 0.114819841456906
0.0880046695542628 0.110485992426589 0.232715321472305 0.0718500331663076 0.0676734863326881 0.0115140237684473 0.000779094112054959 0.206226784600917 0.210750594566428
0.0830697608109975 0.0313635256885373 0.18320803316848 0.00512902536542514 0.11088708431829 0.14962415478875 0.0914169816474683 0.146502055076272 0.19879937913578
0.0023479611062891 0.0111042100544967 0.117366877130093 0.138788617378961 0.233777538266879 0.0778075026433792 0.118609914266467 0.198098276735793 0.102099102417642
0.139289021832602 0.107155553474693 0.161733273055247 0.0686481016114467 0.128035720783523 0.113694433573273 0.0922727261285235 0.0762019462735398 0.112969223267153
0.149208133911773 0.150375478838486 0.0341334503304779 0.0347759819633375 0.133401150306902 0.112028265711273 0.118850029647977 0.137414505753326 0.129813003536448
0.0616929934864608 0.0410294997340077 0.182037770301301 0.155227239866715 0.0634884922999695 0.0100382879329971 0.155754544445297 0.115097602313222 0.21563356962003
0.146477942901679 0.0154322594597957 0.161720081313202 0.0274643077724016 0.0684870824399679 0.0285947974508718 0.218237058999076 0.13902562966911 0.194560839993895
0.0821614935415939 0.0666680814158408 0.204366516248432 0.0220703770781435 0.173111454107412 0.208908513079211 0.0843363790134222 0.0274558176493381 0.130921367866605
0.109814940422492 0.18408905290884 0.0131817196067368 0.073073748613348 0.129886827002865 0.0785273720120565 0.153332617746896 0.119022027446165 0.139071694240599
0.0802916735194288 0.0180757811370806 0.0116798445470659 0.0532347805868836 0.140714381058077 0.182765316868712 0.293371003542332 0.125921893358169 0.0939453253822513
0.149374677869196 0.171358667360308 0.0676320232640322 0.0878587068576747 0.0186560164145702 0.118095011947098 0.111706036852 0.167821947987372 0.107496911447749
0.120289395716135 0.0546214367404921 0.0428748028631743 0.153068132737433 0.0778180707397566 0.14135351122251 0.15796086799295 0.0898896224169226 0.162124159570626
0.166601736893477 0.151362294283976 0.125509753546925 0.0808873857988702 0.0786930976045365 0.135638660784941 0.0768616320389093 0.0672781089622589 0.117167330086106
0.226753206006333 0.0875935772258828 0.153835701178658 0.174042456188883 0.0204077150569013 0.0912084868328825 0.0581552542515766 0.115211231635361 0.0727923716235213
0.0495406782768265 0.0054458079312712 0.124007034308643 0.149417479139027 0.160392904389187 0.138530793722179 0.044288065813552 0.172445201930726 0.155932034488589
0.0386281672505236 0.0355990247340374 0.0622227953282377 0.0551909433433998 0.151671811270172 0.171156433608304 0.155510239833253 0.126743319992278 0.203277264639794
0.0392582313673161 0.167098473535166 0.0305914850326904 0.220319444619696 0.1731140494743 0.0283378423233952 0.0188116087898006 0.16617233966724 0.156296525190395
0.153637167224083 0.183917310188411 0.193518076057253 0.181643862245224 0.00900566124359452 0.034968547460671 0.0173721868769744 0.132346194095087 0.093590994608702
0.139393673323674 0.132517195984529 0.0283170987727468 0.0892884721720195 0.218862971005273 0.0833828434809973 0.140205549317051 0.142690411000128 0.0253417849435806
0.201721889175445 0.0280233662223276 0.0456136391882611 0.0781252928146974 0.195564391696597 0.00396165481941076 0.221245990561736 0.147240254451706 0.0785035210698193
0.0848201421602256 0.0545121748179835 0.0570155113093597 0.122688241212043 0.183035746992834 0.0525688227835309 0.127893947980918 0.117490035946262 0.199975376796844
0.118535685462371 0.0386857356932723 0.15904958792754 0.136268505506231 0.105876615469431 0.136898690217326 0.0547756076482527 0.14244558470486 0.107463987370716
0.0748617051066093 0.123040629969582 0.151060965280078 0.0222169903473022 0.126480136512975 0.109340026879349 0.14303979930229 0.0928160145608987 0.157143732040915
0.0609435693759218 0.105750062085799 0.140098736986264 0.176829586857674 0.190565110485252 0.11593197136375 0.054426766467439 0.015629449190317 0.139824747187582
0.101793125799853 0.131451771711499 0.257586256956436 0.0670412137768406 0.235980596782636 0.0324223401129842 0.0342793149754205 0.0936292827414377 0.0458160971428917
0.193885711857787 0.191263546252686 0.130900496458969 0.00850686585019481 0.0194744879719335 0.165498495276587 0.0370700975292164 0.199965966767627 0.0534343320349991
0.0773971508780643 0.0437685732688411 0.196577529776117 0.185806962907988 0.177301140513757 0.107269648565914 0.0316370728698912 0.102825651618596 0.0774162696008316
0.142861919363018 0.0516423715306603 0.0236778182647267 0.0896975705905841 0.0557572805154962 0.18826620336334 0.0595466500584155 0.202660094117303 0.185890092196456
0.0516248070892586 0.115810483887129 0.104876211255646 0.0372768619735477 0.142106536548793 0.191541784036543 0.139435081079093 0.121067751167499 0.0962604829624893
0.0191127921825523 0.196790587776099 0.0390123976729687 0.16641559662855 0.120080729431475 0.0973829168922241 0.0916750162558445 0.122848979892827 0.146680983267459
0.0807845236321147 0.055172955976271 0.0737067532364724 0.0675080147049669 0.14487827065764 0.127862476726119 0.148462287206875 0.138768532126326 0.162856185733214
0.0315227269594517 0.0883304091486488 0.0498278905481987 0.122781675285916 0.145569809135751 0.143892969086717 0.122448056453223 0.121983598564423 0.173642864817671
0.205758563170551 0.036241167562344 0.175012024213674 0.0367895569752216 0.0652379471745679 0.0367422682388011 0.0936777802700764 0.183641522641078 0.166899169753686
0.133149968197224 0.245037023044258 0.0510758554311784 0.112059730033751 0.0384485283002941 0.123557609916867 0.00439165471999823 0.0706283101560008 0.221651320200428
0.0596940201076575 0.0954646776721952 0.0524308834598562 0.152243171641702 0.0695440711502454 0.0305151617657857 0.196889146722064 0.282018415819176 0.061200451661318
0.0970393729104348 0.0133215622652083 0.230867294567544 0.0546867156312761 0.239871718315225 0.079973898316611 0.0876552244483252 0.0765906842730853 0.119993529272291
0.195471482004817 0.0304208217655821 0.176184060005867 0.0940819469545838 0.163869809285113 0.185401340287766 0.0376920186282734 0.0835234748133602 0.0333550462546383
0.0601402701272911 0.233237452090848 0.0695013424163939 0.022282597263783 0.136443565076646 0.125374869224387 0.0839044174198216 0.0443852721727968 0.224730214208033
0.115581358392824 0.161361875722333 0.065382327658403 0.0409790055699468 0.0524475300577682 0.158255984888445 0.135947065073391 0.111655633008186 0.158389219628702
0.0751410819528325 0.0697140848367434 0.00613704153315321 0.0602939016732041 0.208780407720743 0.207978680554849 0.0427102663315296 0.153600497066643 0.175644038330302
0.0548996976742414 0.127081543829683 0.121811537659124 0.166206667759892 0.151171773907109 0.0668456111692535 0.189958333538965 0.00168530930009774 0.120339525161634
0.0609845495878374 0.0593283589084226 0.111240661691124 0.0546615863944501 0.20908583684953 0.151536501558619 0.0628577252622846 0.172054735618318 0.118250044129415
0.12565781068388 0.163922792668902 0.23533329061442 0.13059472507107 0.0847689434861027 0.020001092649433 0.0514214151075463 0.135683237125049 0.0526166925935972
0.180905734927424 0.269026487660195 0.0261696822384462 0.0150923962445055 0.0320072623354698 0.0582170227465266 0.0805424994337791 0.0733339956736505 0.264704918740003
0.161765701240049 0.00165207335942298 0.0822961027091127 0.160625758348167 0.0736105753343261 0.0816581684416685 0.119788404401464 0.148894129099235 0.169709087066554
0.210362926106874 0.0134667048909094 0.0924806325769318 0.00977330880662263 0.111843716060043 0.12250107707565 0.0645110549370852 0.207998916490095 0.167061663055789
0.133070448576273 0.00620854368773028 0.218127742954639 0.00345609360321883 0.253069197415431 6.00815363141207e-05 0.0563060861683711 0.0887105076870132 0.240991298371009
0.125600487960229 0.073676360723779 0.0734639285039671 0.163848479589107 0.0914542899297357 0.17316521882948 0.0447037932659858 0.0686954521253435 0.185391989072372
0.140076017441678 0.0417042894861991 0.0537825968323288 0.167870840610882 0.0698875987424795 0.0828171982613163 0.0263899018395897 0.196218704864652 0.221252851920874
0.108394921671824 0.139873478528564 0.127812680317316 0.14623641227293 0.164879250451166 0.141869073260838 0.0761703132834179 0.0496458512937007 0.0451180189202436
0.125543061110416 0.117299440071804 0.117480758908934 0.0623551825217333 0.0763283378017115 0.205401191676317 0.176289028291319 0.0364311953513142 0.0828718042664513
0.0905347242128408 0.148161494270473 0.0932805651557685 0.118585323616631 0.114130142257181 0.14082428493057 0.108189391447055 0.0935792142498306 0.0927148598596498
0.214251050261363 0.0777124699729302 0.205729418545359 0.124617481860468 0.11062427811969 0.121034117967032 0.0534650146600074 0.00149345947585144 0.0910727091372994
0.00779731118561956 0.0642247568721248 0.0158438456176827 0.0512420429277727 0.159593141967903 0.21867401759276 0.266698762418404 0.078711423663247 0.137214697754487
0.194903871786991 0.0292124562489153 0.100278164146362 0.127514774098425 0.134702921405844 0.0635619616455286 0.120386349738559 0.203749916366196 0.0256895845631791
0.2551055459875 0.0867806475254656 0.119161947288121 0.0529523722019326 0.0317281442140574 0.0785627192875376 0.230258684292691 0.0686796585546817 0.0767702806480143
0.0276715469176166 0.248553414655761 0.0646759284133313 0.0609795492274843 0.216040512673861 0.0144028621991032 0.143716695736695 0.0369840870732653 0.186975403102881
0.118795314734544 0.138195543125371 0.0454314009082359 0.0861806906817105 0.143392192226032 0.0588349063530816 0.163357293065675 0.157540658457728 0.0882720004476222
0.138698497790992 0.104618068514498 0.0616359860772824 0.0917263682430297 0.147238863960433 0.0771507456798158 0.140195295755697 0.101117520178404 0.137618653799848
0.00077733593121112 0.0947824205473396 0.00357137492644699 0.100283184016401 0.0518227002273341 0.12876765455322 0.256816991443293 0.161104931810587 0.202073406544167
0.175865556410813 0.0316732506099861 0.126794232095158 0.10038421800493 0.0449164213412602 0.152810960386259 0.142151520580593 0.0839391155615482 0.141464725009453
0.0791770084051238 0.157712992533294 0.15520736768024 0.115823575246217 0.0520522062254671 0.103924175154855 0.0861825960671704 0.0798321227880652 0.170087955899566
0.0192433642559609 0.146708110233409 0.108443127567953 0.181495521309481 0.0585296996111347 0.0772721483892667 0.0790157105311418 0.160660603750878 0.168631714350775
0.00168552125017126 0.0773231204011622 0.133827152965359 0.00464319152734554 0.198147635207873 0.0560061384297689 0.0242059885941926 0.284832376689873 0.219328874934255
0.105090770877347 0.158290078095438 0.149042061533206 0.0788928347386605 0.0813549556821584 0.160944782943562 0.0524123547828168 0.136667851670734 0.0773043096760775
0.128112660841765 0.187945787565356 0.126828492926841 0.150699548024795 0.17410698056309 0.135629590829494 0.00190720412584822 0.000921514715241621 0.0938482204075685
0.195959107936097 0.193048294446062 0.057587697698488 0.103096886872947 0.0364106335368986 0.0799001453621553 0.152362050299863 0.0527647410320869 0.128870442815402
0.133878407392785 0.015182130815895 0.0725457966546337 0.0841845482879104 0.0282643541576764 0.106159845963627 0.224415646207731 0.102625566702844 0.232743703816897
0.259682291097094 0.248415655201916 0.0657048421610667 0.020869415388816 0.0224095272405184 0.0719398682043454 0.203948921834185 0.0610102207864179 0.0460192580856404
0.207558633734719 0.0453392419469214 0.156837604259474 0.112764520634259 0.109118661201612 0.0585461485788158 0.0949782102897203 0.0864076874959171 0.128449291858562
0.216780197759555 0.0829230786835043 0.00734827181101642 0.0798381744587167 0.239761312328135 0.0781068829364588 0.0617617670669114 0.173822650549794 0.0596576644059085
0.0781932886688823 0.144143526804206 0.0264318819201051 0.216179526562519 0.138210292553387 0.00134293221388569 0.172635982886483 0.164401733113477 0.0584608352770553
0.0370917017272022 0.0888280783294724 0.181343456985583 0.00314559955671564 0.200025902271618 0.18202297340479 0.00598309230288575 0.088478069754543 0.213081125667189
0.119285236971013 0.0599281138236378 0.0824054728450031 0.178320392808947 0.0631963400327634 0.133968600529495 0.111413303767664 0.0811535973749661 0.17032894184651
0.015512805698092 0.167652106771338 0.0565500915210134 0.0657122847094349 0.257886693460386 0.12608218728796 0.23588822174517 0.0505685405595448 0.0241470682470618
0.0714056941941245 0.145492426128297 0.118680693990431 0.142562702364009 0.020674984976772 0.159783807883445 0.0932281477063955 0.0385329751147538 0.209638567641771
0.0150193772473081 0.00582895881571197 0.267491588591337 0.117324462089671 0.132917716856016 0.136341530807706 0.269646596975239 0.0505864786530388 0.00484328996397225
0.00277864252379139 0.274948397194094 0.286571732036171 0.0507387754066616 0.0610432930136586 0.0477320305661628 0.118671417140724 0.0085669794492574 0.148948732669479
0.130890985125721 0.0434159234104212 0.0112686536405817 0.00533206500448922 0.141847059649996 0.172311607476458 0.136339150112171 0.206441782724489 0.152152772855672
0.158207967063779 0.0807305230796153 0.172561673978941 0.124298352034392 0.169569972593963 0.106733616815775 0.0837091442378714 0.0250033368164232 0.0791854133792404
0.0112110099902575 0.0340882074353792 0.138794067297229 0.0677122187709552 0.23480303572331 0.175124995215138 0.180286233807576 0.14264440505149 0.015335826708665
0.140839021690561 0.147603861802646 0.0329753705951496 0.0592461402354083 0.158971211874506 0.0845695469589688 0.125325723695478 0.159442101235523 0.0910270219117596
0.162847068965663 0.0840189216762956 0.0621172547974213 0.09955394344919 0.128969621934876 0.111026980081981 0.147905941719325 0.171614100789647 0.0319461665856015
0.175672593044816 0.120029215071561 0.0574938251476927 0.000406945576024306 0.075849030300595 0.235760835967974 0.078670975614341 0.107054265480419 0.149062313796577
0.156476921151343 0.14589381928909 0.0782388055272049 0.11768654297691 0.0344723508492487 0.150316983453982 0.180102580547672 0.0253368757501294 0.11147512045442
0.168286827995701 0.0273407975021115 0.012278756019066 0.185003107322409 0.182840680633097 0.182776262154985 0.156644643997266 0.00594474960629299 0.0788841747690704
0.15087705113811 0.229168492819072 0.0984054626078859 0.165557409034076 0.118415222650055 0.110702894061533 0.0972187667221831 0.0274444789820366 0.00221022198504873
0.187910896396613 0.141121902512009 0.184369998973141 0.00313590288015679 0.00410026451642334 0.0550270678589304 0.159795880437222 0.186255999493571 0.0782820869319341
0.115816286942031 0.0952859560907246 0.137604081350117 0.0972140661583457 0.034540759872685 0.0878910151307521 0.122766545479694 0.158029870287566 0.150851418688085
0.0364040546344324 0.184560201200113 0.166305433070045 0.0837221361610919 0.0830429032977546 0.119507975083664 0.142664003730273 0.163986897222198 0.0198063956004281
0.262333220208834 0.124542382649528 0.099858410085618 0.0724679333458547 0.0390943182320731 0.0853347577389926 0.275747400900987 0.00956798400974395 0.031053592828369
0.0628081244740137 0.0649258312562355 0.102138781159388 0.236772457348934 0.218945790508984 0.0635577414990463 0.0138797779793019 0.160141390967462 0.0768301048066338
0.085292635345502 0.17445688079727 0.0145158197973558 0.226763677027305 0.0337041131460228 0.0242399070424637 0.135306301366821 0.107257422881283 0.198463242595976
0.0905931430566214 0.128695733598315 0.0501258343328635 0.129303610672227 0.157144665659427 0.194608181947364 0.0811810522097614 0.000883878780329149 0.167463899743092
0.0561471781923984 0.157938563520375 0.076714143984647 0.198614778228966 0.203744441465203 0.0498238522729919 0.00918434598797295 0.112587527553793 0.135245168793653
0.00207313306911446 0.0932415846145978 0.127839967223195 0.0133702616608941 0.226563320303072 0.189097771088484 0.048995926927168 0.0732739147892536 0.225544120324221
0.0296316848998741 0.176549740266792 0.0165649648923601 0.000753973911324025 0.141214672948524 0.202185765309413 0.193904184309671 0.113731357130978 0.125463656331064
0.135596566180734 0.0727789561683505 0.231744425861181 0.0411992926068933 0.0815954748301403 0.0923586052621206 0.189986346770137 0.0920102388633249 0.062730093457119
0.165853365955273 0.0797553705510356 0.0431427147503473 0.186067492722 0.0285944644972833 0.156200681740177 0.181797774468803 0.0888781586071251 0.0697099767079555
0.0761881879674766 0.0964251938801212 0.00339273097300536 0.175846744106457 0.00808606116056045 0.169200697897925 0.197279837254236 0.148898969782402 0.124681576977817
0.087424653401683 0.144056264257589 0.15584631339528 0.00527770517276248 0.0477576573962346 0.117486478663344 0.211226558811992 0.106387547265625 0.12453682163549
0.175344790261225 0.200876979856431 0.025856055172413 0.0344740313266292 0.122547217848904 0.00789547073448441 0.277178146688737 0.0954302655034938 0.0603970426076821
0.0303027000635318 0.121700174543287 0.0851765808074171 0.250334509714322 0.114782091186034 0.241286523474241 0.101809344002197 0.0168296658812182 0.0377784103277528
0.187234260309497 0.0668894406585291 0.191865381172429 0.0350545695302457 0.139091433314188 0.0868307386851617 0.0969625996109955 0.102928855920847 0.0931427207981066
0.123596773168854 0.133414838127206 0.202554933074534 0.114982753895604 0.0140739544721866 0.141255943365596 0.070220504117834 0.178326671912257 0.0215736278659282
0.143938529537908 0.088427116243887 0.107931411382662 0.122855204711353 0.0839928392331544 0.127138787689919 0.109476073432849 0.110465944474869 0.105774093293398
0.0816203869559836 0.00271857423604547 0.055214790695423 0.205784977238219 0.040293085395409 0.0911861859701973 0.205923933092576 0.206077917009214 0.111180149406933
0.110018566391797 0.0613096014385974 0.154223395509471 0.0832356805150309 0.140534541662475 0.0900954381827407 0.165019477312602 0.0389215281948238 0.156641770792461
0.167919247987155 0.0752596155800986 0.153425236587711 0.000335600042909682 0.155924056355461 0.259498961874829 0.0198517412196157 0.0608923337740996 0.106893206578122
0.0405642326491974 0.245912728375595 0.0486431376287374 0.0546435963301424 0.0690357163966251 0.0615664391148626 0.183503731476971 0.105821568769143 0.190308849258727
0.202908072080002 0.0490745681062254 0.0365294632164566 0.258298210902148 0.175197937332121 0.114579809270772 0.0987437853075824 0.0549522833155859 0.0097158704691074
0.22613704642247 0.120659357218907 0.0359928144905865 0.0642405462691595 0.0942779180289335 0.130962829734369 0.214409559782441 0.0460061977117422 0.0673137303413918
0.132976843583233 0.181073457965235 0.0888902190227112 0.0643076254706635 0.122957778037335 0.0651141283009757 0.066390258153235 0.188245142498185 0.0900445469684262
0.0180862993518537 0.0660118042609259 0.0576511707688037 0.142945132605574 0.223905161362408 0.198629223990546 0.240898067516903 0.0210472512634649 0.0308258888795203
0.012374751859336 0.0465261099919654 0.0204950966844774 0.166792674244387 0.0730559048062103 0.187521180849682 0.119088448615829 0.195611894123068 0.178533938825044
0.0148609950436144 0.0444199954972994 0.291153594566364 0.184347067826576 0.140866151609699 0.0444710266303423 0.131225544932371 0.0669437558702474 0.0817118680234867
0.0385591467118957 0.0873240282342183 0.0216017190673405 0.161901538389662 0.100674138437655 0.126949346467952 0.154522157110612 0.105559790564091 0.202908135016573
0.120386381287441 0.0154882158765392 0.00191531822648903 0.0649797050371768 0.272165786521738 0.0520432588938348 0.116389134717075 0.30428376862862 0.0523484308110853
0.0739098103868584 0.070095789474451 0.0909487278004535 0.205524349231598 0.145251492603076 0.195424824979136 0.0490659954579906 0.150615218137266 0.0191637919291707
0.0237411729283988 0.225791448143316 0.0907060296464078 0.222601189932052 0.0851443171569072 0.155370679607101 0.144578086387158 0.0411911306638652 0.0108759455347934
0.0175366693698795 0.127063210991928 0.133437994813251 0.0805774239664948 0.0512797409303414 0.160885681821603 0.146111346926019 0.192491218999028 0.0906167121814559
0.0733646910020842 0.0436573932429664 0.196091015369232 0.185548623996805 0.0947546368864438 0.136320833085322 0.0868176945124263 0.00186851854071365 0.181576593364007
0.0732643743028639 0.227717383129974 0.212892413323726 0.0407882498906925 0.0724819921415922 0.204047905362719 0.124020642132603 0.0130540771557304 0.0317329625600987
0.00899032613324093 0.128236823479345 0.0959233855927399 0.12322683431516 0.141681164346843 0.235710388829139 0.106928276183278 0.00609179627564371 0.15321100484461
0.245631491474389 0.0179921730409382 0.0821687904700051 0.0721798685212025 0.00253174126621178 0.263772609175657 0.034984532691699 0.16820788350055 0.112530909859348
0.131063781262215 0.0263099020202442 0.117141323020695 0.135660264223128 0.136862477091707 0.143556982763837 0.0561991858933985 0.110993244104454 0.142212839620321
0.114413720321219 0.203334534738476 0.12313324613676 0.133119239833013 0.00563116900920121 0.0437834716831521 0.0764503503875391 0.202191040693756 0.097943227196884
0.00535960327773947 0.204819960783348 0.0348024833542243 0.0729491562189956 0.132341250914709 0.189446979816256 0.0696498918554539 0.196770226780633 0.0938604469986414
0.0423682690905899 0.00776943566499009 0.048870136239723 0.293181544164926 0.0639581895453716 0.0513141941545041 0.12805721784868 0.205257663731686 0.159223349559529
0.185222282542203 0.0443852443247853 0.116087029701637 0.0719944142471398 0.117337300269646 0.168312078200815 0.159689702106054 0.107104076777215 0.0298678718305035
0.115266355489212 0.148430597313527 0.0667322396214968 0.0111280395392824 0.0273282513464346 0.0224871950611561 0.182609984553965 0.222713142798776 0.20330419427615
0.183583440479468 0.141689173113835 0.0478662425368888 0.0240447299863467 0.0800878609789852 0.138477551475393 0.0466248142557664 0.199905972132696 0.137720215040621
0.252145255385832 0.0471622102296143 0.0801817250869803 0.0460630710288763 0.108310576389783 0.264522266549179 0.0825449997424368 0.0277375932142155 0.0913323023730829
0.00424662909244929 0.148871901384656 0.12827601350386 0.134537138627307 0.124044906435201 0.120698708164871 0.0450696754116062 0.153160113794165 0.141094913585884
0.0902804777553959 0.0710640164235445 0.148160065864594 0.1728080729918 0.159678547418028 0.0955864671887274 0.00624633885722332 0.141386865798964 0.114789147701723
0.181520744607664 0.166425637438175 0.0582773496434537 0.00637480621079324 0.0612182269261718 0.0661614082079251 0.218410020112395 0.162056914067582 0.0795548927858414
0.108897850899499 0.124523944857042 0.0365700203176683 0.00832781164229878 0.189390691893078 0.0163813059699314 0.245051658533178 0.197324763383892 0.0735319525034128
0.00841420439051548 0.091748110823435 0.0802725034180688 0.200133027858229 0.0704154742723374 0.180799357765457 0.0614510286778404 0.13744671082009 0.169319581974028
0.121879609980633 0.10176549134607 0.167996639455298 0.114583827200884 0.12992500950343 0.0812447607065378 0.113202972783585 0.102765226686414 0.0666364623371469
0.0535304392622626 0.13737710029688 0.118948220018064 0.0167259563390605 0.165262535262502 0.153097415874377 0.13110006391913 0.116248929407079 0.107709339620645
0.00643441576631125 0.00304836440531742 0.259045397604555 0.155740608070786 0.148846893113465 0.27562040396415 0.0254002521868949 0.0280111822130342 0.097852482675486
0.0449936571147479 0.183277581748154 0.156029562136094 0.178334793117771 0.13458123645398 0.00814918696250655 0.0471415760598312 0.139531868949198 0.107960537457717
0.190609242520948 0.184246224439979 0.0745070227687989 0.181365351210676 0.109281704595943 0.084716046449129 0.103237675968168 0.0219732292905311 0.0500635027558267
0.200336392269164 0.2254163667202 0.0767360713254073 0.00682942950547968 0.0793429886995703 0.143971409689105 0.0385097276305025 0.0829683655870246 0.145889248573546
0.0252432531173411 0.160988004943736 0.216963864031319 0.0499290092323721 0.00620488201943197 0.0221082279792651 0.276880323224161 0.102735438069317 0.138946997383056
0.160230671070024 0.0595998581766595 0.144471846970726 0.114173680365089 0.175825609672615 0.165593071310976 0.0632808045950556 0.0500948184612986 0.0667296393775559
0.24243799844492 0.15945510197165 0.137936892921652 0.0873879575421125 0.0628866016400249 0.0275837251124494 0.200139716760706 0.00374347683119085 0.0784285287752946
0.057015108771702 0.142939281828181 0.112515426426996 0.0285119884353665 0.231432276867468 0.00116253290828232 0.219695204894032 0.072735343574799 0.133992836293172
0.218638172242162 0.107123329436927 0.103076617256978 0.201262672375316 0.0565362128252713 0.18495292381332 0.012037188059321 0.0176989916796928 0.0986738923110122
0.0747430230060495 0.160116356201879 0.185613356658262 0.0831754485278067 0.0387562904501907 0.113346891469539 0.179138719395299 0.133924205610911 0.0311857086800622
0.00142438399361921 0.220641768093554 0.0873376930268638 0.0827075702821634 0.16395570830353 0.179357751441862 0.137755208866969 0.0672079357163923 0.0596119802750469
0.00474653593767261 0.0194916637337615 0.233564461853319 0.118692627593202 0.191012313722824 0.116333151514188 0.164246546888954 0.0013253380686017 0.150587360687477
0.0186487284481882 0.046310068289183 0.220557281578656 0.190338899754929 0.212371866396671 0.042785148131962 0.0723122936011691 0.145222520573439 0.0514531932258023
0.18406146138355 0.0828341117960725 0.075935498443485 0.0502967850842229 0.158825062143362 0.103522768377732 0.125939689764245 0.152444424050136 0.0661401989571947
0.0790385674900937 0.196833441218176 0.00150475935648605 0.0846799854245653 0.0322219985795446 0.191467880632715 0.0590019257552985 0.157167999104251 0.19808344243887
0.00950796421963545 0.164869934464721 0.208626780835761 0.0352614859055225 0.0458389897194721 0.14310009222099 0.196276605723315 0.0410012542718068 0.155516892638777
0.0128441266922167 0.0988809233370028 0.0972200940336085 0.186106634723664 0.0983998985162702 0.0453903823577959 0.145076555552484 0.176251409034007 0.13982997575295
0.104136467548797 0.143367198584981 0.0230861072362156 0.115904620627185 0.129606618886755 0.141219421782529 0.177005418276192 0.101552324262015 0.0641218227953307
0.141066372094059 0.137036807483416 0.122964961130898 0.112274423209288 0.0831378595228632 0.0813890988296323 0.157315700262583 0.0147978949555223 0.150016882511739
0.0975195286866974 0.155066168839502 0.0684957879002857 0.130438806252433 0.123446037632676 0.158168805694813 0.0871213296203073 0.048969297068698 0.130774238304587
0.257684860938029 0.0086717041346464 0.0794131588307404 0.00101298968165191 0.0816691309685589 0.263357997527869 0.141365092675538 0.11439997551566 0.0524250897273061
0.136211383951357 0.185767750234017 0.0276395343076888 0.166081151012786 0.153353422603887 0.0179858806745413 0.0384538991599537 0.148647449506558 0.125859528549211
0.0726278864601279 0.0223400204963557 0.00501405326242828 0.0883653147863329 0.119825046115709 0.145532923153071 0.189818207750444 0.169824275671524 0.186652272304007
0.0768950644385916 0.0424204793625924 0.00744231804651902 0.17325200687311 0.0544956158610091 0.116539467505339 0.0811621992306244 0.226245381204634 0.221547467477579
0.228032084958522 0.145509866444313 0.0202103549211603 0.0253845553481849 0.00682703354277913 0.25475476425853 0.136529241147061 0.0499908195272843 0.132761279852165
0.068975013380084 0.124679748241508 0.0638405446105647 0.16017419045226 0.15071348686709 0.0579024894211228 0.134816544484544 0.091367743249283 0.147530239293544
0.064565162066856 0.151266453951297 0.153039670161267 0.0767527945457135 0.0830882803411926 0.0777732401706091 0.0944440549180551 0.109238448311881 0.189831895533128
0.164718401800868 0.140749826936624 0.104793567620971 0.0462088504672972 0.204363625647901 0.00574239474096365 0.0110348200275626 0.126306869343431 0.196081643414382
0.159408665625239 0.0194630576079947 0.0593086749755231 0.214296283286389 0.0895785021455451 0.117246053930455 0.167539593117228 0.12963015787583 0.0435290114357967
0.179819003099804 0.12027337893517 0.140136542895346 0.111695889763654 0.0288692330031947 0.180411239946434 0.0383800189627706 0.121207188932467 0.0792075044611591
0.362618367930219 0.0457322918750121 0.365434730541317 0.0687476990046709 0.062827591578849 0.0306952544139503 0.00366954014860825 0.0386957099803819 0.0215788145269912
0.0722757688941392 0.0849699161293082 0.151851348560648 0.191730603393753 0.0574221431293304 0.174797649215221 0.0624892700806637 0.184916004775191 0.0195472958217462
0.127821755476445 0.113275629124345 0.115810607898348 0.090201033572299 0.0425474378851765 0.144832117637538 0.0971939924783871 0.123991714440474 0.144325711486989
0.0830213177428104 0.120562058364343 0.100243549310694 0.156218558632767 0.167433231930078 0.090297920060606 0.0892933099195253 0.0405378699215618 0.152392184117614
0.192458920584772 0.0834385539148894 0.140693587303749 0.0956923872762144 0.125068147108173 0.0541360960364703 0.201208482852191 0.00848062647458212 0.0988231984489588
0.175611977847714 0.142809302053064 0.0426661840924247 0.00175183375102915 0.262533511434257 0.0331759805729305 0.0502185593603644 0.250436019948695 0.0407966309395214
0.150169415281669 0.00567852527316027 0.172817345041358 0.0391180661192354 0.135525887587945 0.197509225804083 0.0558510599294523 0.0580095919559384 0.185320883007158
0.011645971079319 0.000172751559945835 0.1508930683557 0.178144645537377 0.209883439550171 0.0866907278141248 0.114295008108458 0.113153870559524 0.13512051743538
0.190062494703349 0.118393493602356 0.0225325289947202 0.0826442328923236 0.198111491631946 0.131287329326685 0.0858861240684375 0.12726830867908 0.0438139961011036
0.100953834934185 0.117658124483084 0.0322133539333309 0.0602421982451773 0.176358788035095 0.0710844180207331 0.136261899699576 0.0634865565497414 0.241740826099076
0.0296926228150694 0.154326219286075 0.150742615859563 0.145748524004325 0.134867351603888 0.0780336976170656 0.133856190020705 0.0354178352901681 0.137314943503141
0.112894297048881 0.138851894750938 0.0200403112287026 0.167711767776426 0.12289265268347 0.0630848730748306 0.0200695217038208 0.225339111245758 0.129115570487173
0.0586784250881675 0.113045937601809 0.10436695122566 0.213523063998964 0.07780032104491 0.0670670942955474 0.0643912059041253 0.165093732899579 0.136033267941239
0.137076733372351 0.120165805332661 0.131164935135787 0.0829814008081424 0.0839876764512663 0.0693471884376889 0.067112098776221 0.157007822934092 0.15115633875179
0.125468609144237 0.0407365860941132 2.83974555955943e-06 0.00525569160603555 0.172986322877411 0.133530415636203 0.23262187583993 0.0782613881735971 0.211136270882914
0.10063406311562 0.102125469024316 0.0660977104600638 0.0673563932528337 0.122074285434453 0.15286761337655 0.138968186133397 0.163790880222004 0.0860853989807639
0.0639943863194098 0.124409542930569 0.140168002546246 0.110154650707669 0.0769329118109073 0.081695825496468 0.160055209726618 0.117789999385473 0.124799471076639
0.0363961379882691 0.0980743210083291 0.165769284311479 0.139978828650576 0.0321096309988375 0.119434850087468 0.13819639901401 0.1675620288478 0.102478519093231
0.0647583344156513 0.192937985715849 0.187326852847866 0.0977272084506072 0.0346115374355201 0.107207979219006 0.103911528016055 0.0894358466261401 0.122082727273306
0.302114434679347 0.0633819011329574 0.11864576625235 0.13832020822029 0.0203290064387662 0.0276023897415453 0.045444277470775 0.158583672884105 0.125578343179865
0.00749131584887905 0.0874849624840202 0.0385189344373399 0.12997131868668 0.116079584543539 0.229054029075769 0.0260316983943434 0.202225731346191 0.163142425183238
0.244923358787148 0.00383783630798828 0.0743765942085494 0.147634415664826 0.0474553997512226 0.00776220782031939 0.319085336460455 0.0224295604244002 0.13249529057509
0.0868724863686908 0.159960175626203 0.120801216852971 0.160726364050715 0.111772192936561 0.175768421030185 0.0847071520295763 0.0848450687099978 0.0145469223951004
0.153282302559414 0.00378326584487003 0.145607773245032 0.195443909326334 0.0472638608438105 0.107567897094136 0.0341938887483673 0.194082899073195 0.118774203264841
0.00481428215942379 0.205356639084041 0.0728854062708841 0.0737526143352166 0.115123794199926 0.168001434598144 0.131510691876692 0.152272554998695 0.0762825824769778
0.200261599613306 0.0244448369025079 0.045768933296194 0.210621987949453 0.107449075445496 0.0389168581936998 0.0258665279133936 0.177459964819059 0.16921021586689
0.0658962068320739 0.0997103480967279 0.208948411109293 0.0938927427381274 0.196493244645776 0.00311571884036317 0.113422119819788 0.157835904524325 0.0606853033935267
0.10370299712519 0.176245756965985 0.0504822985744944 0.107017477227172 0.153800354771275 0.0825211357975795 0.039630346933106 0.12569353681856 0.160906095786637
0.0795323479724874 0.13175482232712 0.115962434336241 0.166784500350543 0.141330060569699 0.0577769323015043 0.133147557434335 0.00756494676860803 0.166146397939462
0.150536296556224 0.153074054742021 0.196285630754139 0.0640159792662234 0.126467085473073 0.0384582986371854 0.105766642788448 0.0890775861812154 0.076318425601471
0.143671063881577 0.136107630319641 0.0501328389335083 0.205365571180536 0.0604577518686327 0.032371065519905 0.0957562997134981 0.160401763946641 0.115736014636061
0.0815448027622309 0.048815716385941 0.232426539045457 0.115167496563628 0.233535060557019 0.171424642795936 0.0195839242079356 0.0711317536860287 0.0263700639958249
0.0951466017845961 0.118415270350451 0.151566946983403 0.165193990290878 0.0414751609291568 0.0557098699050559 0.106898382861854 0.111039298741774 0.154554478152831
0.184927561102664 0.154644506687579 0.137749013690075 0.0703484565114694 0.135722407737301 0.117453620230546 0.0779408060195124 0.0284133541078314 0.092800273913022
