0.286977438806173 0.086817889865327 0.0641025478934683 0.03689437048151 0.30584137327008 0.174867775164212 0.0444986045192303
0.220323910485313 0.0664970153872166 0.155808289673107 0.16793149791115 0.140824309924233 0.155220692078231 0.093394284540749
0.0793315483733943 0.0679063465772225 0.0839259090501175 0.0998947651133777 0.206198402990564 0.408320268168901 0.0544227597264227
0.0235370775573545 0.0456419329640484 0.272600725653975 0.251780746385109 0.183122928968295 0.114281507025714 0.109035081445503
0.0329108611861988 0.292904234666734 0.200485273194637 0.119119532224626 0.144673330121718 0.0555201849313672 0.154386583674719
0.187475186493148 0.194479673113817 0.0193527445839238 0.0710737579393698 0.225744634863158 0.204582131006914 0.0972918719996695
0.156799426571671 0.0412681932043858 0.219404966129794 0.074718574260177 0.0763071190800864 0.217294988887328 0.214206731866558
0.294319236601115 0.161915139316323 0.124662359573947 0.140310869438487 0.0242138334601663 0.223965884095313 0.0306126775146484
0.216118752574951 0.210906519025278 0.157227928013609 0.0224008893094957 0.028636125752079 0.0620767176036751 0.302633067720912
0.0423018971107033 0.199507090933116 0.218417954405349 0.161900567978763 0.0551805137893802 0.149931376240085 0.172760599542604
0.0850669329344471 0.07793280434629 0.174799440247246 0.190829742344484 0.133664331568693 0.164006879713215 0.173699868845624
0.258171157412797 0.207251364710807 0.205078313479979 0.045784398485805 0.0280569358523345 0.0197584286766401 0.235899401381638
0.073418856357792 0.0332005427267125 0.216162656971055 0.140215925046831 0.125100770852952 0.206996964962781 0.204904283081877
0.185038895913149 0.0973625911184218 0.156233083552299 0.166163491790326 0.216826082221391 0.14830377998265 0.0300720754217633
0.0723754385250195 0.0317498037297401 0.304171721025233 0.20710148438868 0.240652531661659 0.0961837212547199 0.0477652994149493
0.0555976621485062 0.129408586688625 0.0895088029735574 0.189984082998797 0.19790022398296 0.17424329970083 0.163357341506724
0.0566066392258893 0.167137596108315 0.202554596242101 0.143830447732421 0.235831003775007 0.114662153276267 0.0793775636399994
0.0564215750125726 0.143337238012373 0.223147630693262 0.254093506683703 0.143675793583718 0.0527389915985413 0.12658526441583
0.19024816752313 0.0668493880953974 0.2173877267668 0.24814419039858 0.035841596201093 0.0390369786161483 0.202491952398851
0.247193713524978 0.128049920800855 0.0424153394016067 0.243748070103964 0.132122290664487 0.0370430817859923 0.169427583718117
0.000204155883457926 0.166266732750026 0.142709008473421 0.207045147672869 0.0763299056926481 0.205966219680462 0.201478829847116
0.0150880372701086 0.246118258042388 0.21062141944525 0.139828368107535 0.0760131783881202 0.0683235944777184 0.24400714426888
0.217423004697046 0.108393883505566 0.174416169284282 0.107241526978135 0.104008872895067 0.0606072416053824 0.227909301034523
0.0625643740474924 0.0404264077161305 0.258613171499379 0.0513023446604658 0.211840412327632 0.226740470168994 0.148512819579907
0.0298701992287111 0.258190317541733 0.13166203130801 0.0705700111922468 0.218833267749361 0.0819476372597046 0.208926535720233
0.153219630773032 0.267834956925743 0.0118522092880155 0.187901461994257 0.101899207783861 0.22449903922207 0.0527934940130209
0.0482672884560984 0.186472612156231 0.108488033698235 0.31273972737981 0.0810978056141873 0.24018636083035 0.0227481718650876
0.0268424476825274 0.0166877334494235 0.120310992386501 0.21336075640523 0.0603637933997709 0.285052171001633 0.277382105674914
0.0209102278474977 0.237902715302188 0.256198629904852 0.0409699833721197 0.164050743081779 0.124891129712973 0.155076570778591
0.154453852436529 0.217474419656831 0.237508283565366 0.107384575100266 0.0499927990011919 0.149076930112553 0.0841091401272633
0.184384272598826 0.0929544452660737 0.226323546873787 0.00758014472547834 0.104722400303833 0.179734174509258 0.204301015722744
0.188045106100017 0.121811314174544 0.156211698907461 0.142623180175306 0.143272585744817 0.0402071289427539 0.207828985955101
0.0761885388581187 0.191516561688164 0.0631031321706903 0.231523108065716 0.0943182202239042 0.228070508985667 0.11527993000774
0.0626124452137724 0.196608124050482 0.0850266916273451 0.126534359625718 0.205325257050299 0.104754142920473 0.219138979511911
0.0575177833309833 0.189838580161418 0.177392740764666 0.141303899441286 0.136410183407486 0.192929935545028 0.104606877349133
0.00200418638872724 0.162280808975196 0.125697741579625 0.283442989917757 0.147808255006123 0.150702980460251 0.12806303767232
0.0446536604968824 0.273743295515753 0.0928034591936943 0.0171371777222621 0.220759034965159 0.273299634461018 0.0776037376452307
0.163894575440762 0.0685842345535385 0.0518704045284206 0.244602573457019 0.194806594651991 0.217212203358041 0.0590294140102276
0.016955888592514 0.229765846683714 0.0734928737472471 0.281242601968471 0.0872400134551502 0.146141370971383 0.16516140458152
0.257468587541581 0.00270876572404568 0.086977042584343 0.178874734546245 0.0395117230019847 0.191975429978126 0.242483716623674
0.194405462249083 0.21396779898584 0.201016105439201 0.0311366902058383 0.0510863022028624 0.171579382383352 0.136808258533823
0.086153273301795 0.0309615264212768 0.137043070114657 0.205497343688508 0.252903174997959 0.104979226360643 0.182462385115161
0.213051115655996 0.0736721756553146 0.13303717718772 0.110603156285475 0.0939474727425656 0.149976249315805 0.225712653157124
0.0958985010254557 0.270290671230778 0.0161778195523301 0.148035643054414 0.232199042207185 0.0268014945101886 0.21059682841965
0.270523641190493 0.11059506243636 0.134312762590116 0.104689855243558 0.146620318741006 0.129244029159682 0.104014330638785
0.0303419391421551 0.312832242860492 0.0332632062043135 0.213078005488442 0.322006993063159 0.0732344429063289 0.0152431703351102
0.202575853542743 0.110562873829803 0.0316937413242673 0.174730437697779 0.154607013290792 0.193723909836682 0.132106170477934
0.185662985095184 0.0934425935032564 0.142424642738667 0.0889320038051895 0.0757904829502248 0.178838304733517 0.234908987173962
0.157450553395533 0.0726451046630586 0.214050547734395 0.125562847383033 0.0349269755023133 0.162988635296357 0.232375336025309
0.131830547936858 0.218549056083491 0.0920419653924546 0.0690151867887735 0.129151285376001 0.241765439129123 0.117646519293298
0.261908316688744 0.0852952647125517 0.00862572090181715 0.229918626883972 0.0373581524149837 0.212224278012372 0.16466964038556
0.0783856486284525 0.195140436441704 0.157457858898748 0.178043658830146 0.0531277773519541 0.183048574711412 0.154796045137584
0.034062465348819 0.0109105020973371 0.154461408336315 0.307482346877171 0.0187312734735193 0.155351425788781 0.319000578078058
0.153117635760454 0.288306409880539 0.0558944454469467 0.15376572079879 0.0485325857393419 0.177477322752372 0.122905879621556
0.0955092693319964 0.0512860241310851 0.0924811178918516 0.279753500501722 0.229866618093747 0.193684846357962 0.0574186236916363
0.0468068134571623 0.241792673242083 0.229149463327049 0.187254546495224 0.0549050546837352 0.0684709682240349 0.171620480570711
0.0125745322129389 0.156639388215732 0.220774733334724 0.0889245682657412 0.318187655206494 0.0224905996313211 0.180408523133048
0.0705538069054559 0.123993761020698 0.196893076073763 0.0863026704088644 0.0839785770356731 0.199614137457202 0.238663971098344
0.217215116710941 0.17069585253311 0.107489931099654 0.113025659092565 0.116454083057981 0.233870596926676 0.0412487605790742
0.093366997649117 0.201188236287101 0.186773512839531 0.150954295420613 0.153730467418808 0.12376818724811 0.0902183031367196
0.187121591936644 0.0194237589009553 0.0231684333092054 0.270131035106549 0.16646832562274 0.0590355720821971 0.274651283041709
0.175075841886936 0.153529311399779 0.182745910143499 0.182824951544197 0.103746154914588 0.121459572089533 0.0806182580214692
0.305042134109168 0.395382750770565 0.0102117468148542 0.0308989075609704 0.0694724210507828 0.0635797084828011 0.125412331210858
0.158639942092718 0.204976917707402 0.198047645297737 0.0932461270820267 0.21138810642198 0.0244138531672984 0.109287408230838
0.118957726116536 0.203238977505412 0.208331904225912 0.0526459736489136 0.155956673767034 0.115385336263483 0.14548340847271
0.0593915604565041 0.1922819503068 0.14433569885078 0.101521360049254 0.135172876703082 0.195530472967845 0.171766080665734
0.296161952745307 0.117180866755132 0.0396500619737139 0.13562205382437 0.0921874913058314 0.00538593579049471 0.313811637605152
0.134864169265587 0.104789386834806 0.194817424396313 0.0773215451207572 0.17688884179008 0.178099378765175 0.13321925382728
0.190424589519393 0.213759528585278 0.127484294506779 0.243146915521825 0.138869086961628 0.0340430560720206 0.0522725288330772
0.0196944825004202 0.220172341937436 0.0426535308398912 0.13943429641896 0.198787166224556 0.171055674057377 0.20820250802136
0.204347039058393 0.119085011984664 0.166985515474574 0.0854612670622392 0.185900322689839 0.152922956478627 0.0852978872516645
0.232320322670882 0.00704602315915596 0.0143751778693789 0.114119859393351 0.0710239637698051 0.314383360819272 0.246731292318155
0.132545345618752 0.0688616903027804 0.176366030704181 0.207949090486419 0.136404590469513 0.0725998567666589 0.205273395651696
0.115020008342039 0.201051947701542 0.0397769569871068 0.17071820761458 0.179805808341967 0.104668466383818 0.188958604628947
0.123151831611265 0.15634224686403 0.146240687673709 0.116856911140812 0.0988839825144978 0.17715224721029 0.181372092985397
0.272298438181445 0.389205989561295 0.0650653376864586 0.0788328387479156 0.14764903455264 0.0147829868373355 0.0321653744329103
0.0337083354280734 0.036332391415481 0.0804852138314496 0.275229458565816 0.195498224809988 0.115140537389652 0.26360583855954
0.0526511462290548 0.270744522145106 0.0410135351060695 0.118044538106416 0.218689218190811 0.0758173664657853 0.223039673756757
0.190970411919427 0.100652359593853 0.075800381662762 0.163964248590066 0.163138098897874 0.13958689031649 0.165887609019528
0.0449403193469938 0.131960796603133 0.121494413159005 0.237606645738462 0.160204616566158 0.16131267946499 0.142480529121257
0.158594437894464 0.104659415869425 0.0426750145028916 0.372430845737379 0.229690514642792 0.0556867002577454 0.0362630710953039
0.172031733580113 0.119022520423916 0.0465538184267561 0.135888427795761 0.239576461776599 0.150537749064718 0.136389288932136
0.258775443967537 0.149494407633566 0.0600094140719242 0.274060467986573 0.0654007631229872 0.183002887577207 0.00925661564020516
0.154914250683992 0.218145447525474 0.0305568916252641 0.0640445481892142 0.106002128890443 0.219773859011298 0.206562874074315
0.173693884798615 0.100042960302342 0.126654308755884 0.0253342628121709 0.343807901157396 0.0365894218407135 0.193877260332879
0.106943114476805 0.117418336722005 0.0230785173925189 0.0361427014910616 0.335576665431912 0.268597210203338 0.11224345428236
0.0506622537057083 0.0958050597464857 0.241046375118382 0.0784276692711236 0.176213096284193 0.341578813722272 0.0162667321518357
0.285498211929935 0.0423154430853477 0.258526295810499 0.153531173633381 0.14225403573244 0.0468637969399279 0.071011042868468
0.0121229982909702 0.0924769155789253 0.16208316615636 0.144852208015173 0.123851855789746 0.323792102660148 0.140820753508677
0.132571635660723 0.184035369718306 0.0876275834630491 0.0373652756764927 0.151751402706413 0.173112257285839 0.233536475489176
0.026770301486191 0.108465656134883 0.232562302644661 0.258176738421042 0.169295842177217 0.0291564254007579 0.175572733735248
0.0242874876647552 0.0495536152214202 0.301187041745283 0.377087650736318 0.145169958396722 0.0925031133109014 0.0102111329246
0.256449770563467 0.0971502074367191 0.0294827366930289 0.16966433951939 0.05365705221062 0.226515614869473 0.167080278707302
0.175128185828155 0.203557024663053 0.134043280124787 0.278124232317416 0.0550171138595873 0.102571666333083 0.0515584968739185
0.154416697575487 6.47798041880409e-05 0.233724609742115 0.220444713829781 0.135189998754967 0.0362166201767812 0.21994258011668
0.0659174237439435 0.211528698887414 0.20821401206284 0.236311687796889 0.0112558684170773 0.0400059165632099 0.226766392528628
0.248769897554144 0.231862936535313 0.0545713571900902 0.16460438602052 0.107370964299945 0.153395389669256 0.0394250687307318
0.0918483259626765 0.0435489029962265 0.168800547897774 0.162958409412036 0.312330596489456 0.0683532953725089 0.152159921869322
0.0714003510496729 0.163002229361511 0.214804018074438 0.219475395810109 0.128226701144455 0.0109953754026797 0.192095929157136
0.13307111431585 0.237380031751845 0.0306940689249678 0.0902670630442638 0.104788759634603 0.194010287713438 0.209788674615033
0.0647306438647367 0.353049101003673 0.144741036747083 0.119933772443593 0.0894523405630152 0.134656296739726 0.0934368086381731
0.0743357479172645 0.0227349852248128 0.0854495848910089 0.178218960101756 0.0262111599295279 0.239499970227212 0.373549591708417
0.0215997382912929 0.0839827944208742 0.173948165348689 0.254207225264679 0.193366586892403 0.0594461245928664 0.213449365189195
0.0525280959306391 0.061764552040773 0.0147264070913867 0.0804454457706534 0.219363272313263 0.278033613937027 0.293138612916258
0.217894718537977 0.146950855332003 0.0305611367553533 0.259728369885192 0.0396531848505579 0.218830326357159 0.0863814082817576
0.124586291676471 0.132156056915483 0.187470720007262 0.0841957313436238 0.222470342018627 0.0886016876729511 0.160519170365583
0.122703874440659 0.168450438820101 0.253654107022874 0.243731625383444 0.0690254897154775 0.0242033783816039 0.11823108623584
0.00561260028372733 0.0776009788114894 0.212990527140867 0.228172022697494 0.0301547931339319 0.256149454433885 0.189319623498606
0.270671243937578 0.0709786883773654 0.0142840928673168 0.081825302671279 0.0993102795385213 0.377166429838843 0.0857639627690961
0.214673896619075 0.180413261791458 0.153350270301524 0.201184940216745 0.0318874549900109 0.0808080521999566 0.137682123881231
0.00510803499623595 0.191554512570245 0.175914619041494 0.0232935742099809 0.229692934943806 0.152714806912603 0.221721517325636
0.205499620784133 0.290031853781714 0.0396102951386285 0.0845811364474427 0.0796249801027599 0.207336361360548 0.093315752384774
0.19584005467983 0.167197075436759 0.190574707133656 0.10864186631881 0.212934855334542 0.0786553571844579 0.0461560839119448
0.18533476378776 0.0693963438139475 0.181383449564966 0.112499271959481 0.212518697240447 0.182686818599819 0.056180655033578
0.093937816349342 0.217527315048938 0.114439828378864 0.164987601545716 0.032419066965193 0.128548965012078 0.248139406699869
0.11975088301977 0.188911010795616 0.163360229536593 0.166044083238996 0.172511949672304 0.0538818487506344 0.135539994986086
0.217057007280901 0.238561653528332 0.241964018708852 0.0654661386709167 0.00300694757779853 0.143076583397202 0.0908676508359983
0.0760170949376718 0.172655478573818 0.224269751658773 0.0173809743033981 0.156931843746253 0.172726467882839 0.180018388897248
0.346118110710071 0.0815773988342499 0.0860853319067149 0.0447358024779882 0.325568662313906 0.0464910648171061 0.0694236289399645
0.193692642013743 0.00527897478804958 0.210683866702204 0.125283000543368 0.264307733494667 0.132973851388737 0.0677799310692318
0.210086036767735 0.126018245401824 0.227981677453826 0.147614024089552 0.187132668815543 0.037141294058668 0.0640260534128521
0.0409938295965992 0.121159230250626 0.117531159564696 0.173073953834097 0.0777114166225085 0.235560148443146 0.233970261688326
0.230428680492281 0.230788307161601 0.0242545938860027 0.181329718327593 0.0951463241123831 0.0469825163312692 0.19106985968887
0.342429917067273 0.242834459679613 0.0557056883860091 0.038618382470084 0.142172843465346 0.0684892892357591 0.109749419695917
0.0318191649238863 0.306804949992432 0.0125549409997529 0.00844439474160092 0.291386259033796 0.263822520960941 0.0851677693475915
0.158539045890407 0.0686989204020176 0.176907142306256 0.153061334726174 0.2612965886164 0.130505034509932 0.0509919335488137
0.265180880435949 0.149987028419557 0.137612212246337 0.135113244428294 0.0872068872203976 0.12021499806872 0.104684749180746
0.304787995224763 0.119190855687019 0.270867407246382 0.0873391662061712 0.0931541681203294 0.0493445276856514 0.0753158798296834
0.295056572744538 0.21055216347297 0.122890617408354 0.0423245161112108 0.187557851995371 0.0727933766882051 0.0688249015793513
0.114890500499025 0.174274378636108 0.15356884467319 0.161013133787709 0.0687737059006592 0.160529489045529 0.16694994745778
0.140988636356383 0.106291581903239 0.191254553802038 0.154905699979785 0.159178225030927 0.0433046940072844 0.204076608920343
0.155429826798779 0.178699737482987 0.222737763068861 0.0997846973838778 0.159540625659662 0.0396048535839371 0.144202496021897
0.126795265134041 0.0384935654949634 0.053847511342081 0.058155186334224 0.360170631779756 0.356412731786409 0.00612510812852535
0.21050022419776 0.0926802099896236 0.131891630806166 0.131599977474966 0.0341444451220071 0.216835382578062 0.182348129831416
0.172017593289979 0.151109317730799 0.0927682651547575 0.0787115705823346 0.123335103534151 0.206766798059504 0.175291351648475
0.0163623574612551 0.0605691598510959 0.288399633960716 0.173899560989486 0.147687383792599 0.0444887555003975 0.268593148444451
0.443983362504739 0.000992436490736893 0.142355118464923 0.112026133730308 0.0227284541051791 0.271632478981433 0.00628201572268088
0.102815711288064 0.264894717237723 0.150436015584061 0.0138187333552473 0.179023134068313 0.213148649570449 0.0758630388961423
0.0436106646318908 0.143070130778069 0.0390292958552044 0.212388777194342 0.164930284201632 0.192337199592754 0.204633647746107
0.0492767275735122 0.215694405148742 0.165836169401618 0.158021423542745 0.185490853598683 0.0224277551789518 0.203252665555749
0.147689107367657 0.190882013469564 0.0555667960374264 0.247043885560054 0.1854202165446 0.133600922572133 0.0397970584485665
0.0621437482640351 0.176644345214401 0.151437543923156 0.165852588615944 0.146821938406629 0.0976617257402907 0.199438109835545
0.183390169847733 0.216302178816879 0.158820258374883 0.06053943580733 0.141578828941073 0.0324174993762987 0.206951628835804
0.238225172595976 0.114466254504346 0.129194024051071 0.121150632131077 0.040786969717242 0.239361534690405 0.116815412309884
0.229752632026945 0.189574035299412 0.147289434165322 0.0855045647186266 0.117548285517664 0.0540862840485874 0.176244764223443
0.00199476461661193 0.195079216899675 0.211323730439571 0.148996233083564 0.0891089591584441 0.177568381019985 0.175928714782148
0.0638694591108903 0.028741962386806 0.269192653654057 0.231541418299849 0.0378640971937094 0.15365346166065 0.215136947694038
0.221083564071213 0.0110823839962895 0.178671196583318 0.0916051675838548 0.0932984310257118 0.209068982033418 0.195190274706195
0.184186160693219 0.281495815477154 0.180068427845829 0.0235009406812405 0.230313427266829 0.090169740588709 0.0102654874470192
0.0385101017579463 0.184540882496131 0.260970059874547 0.132533946823466 0.268399506926676 0.0271010428224452 0.087944459298788
0.0816112627314104 0.073294864616649 0.0555850321386024 0.201185509713837 0.193166090188579 0.236356583574618 0.158800657036304
0.333112359864853 0.0717951946358262 0.0347601074453958 0.196633151020275 0.243267868010861 0.0524688710746082 0.067962447948182
0.108437320747011 0.138548722446267 0.209879269282543 0.152827747612633 0.0115642651707748 0.170614149640399 0.208128525100372
0.0319467279053075 0.30836888835931 0.303754153866548 0.0247866739992239 0.00890750221292076 0.312915765235363 0.00932028842132655
0.190550761352425 0.167236703319626 0.0866763294109267 0.186580828151523 0.176018657742642 0.0238269851096039 0.169109734913253
0.203723465122004 0.0142540988001074 0.173586542859229 0.191481321499355 0.117827741402829 0.200463852854594 0.0986629774618818
0.113854715460102 0.0754772402408535 0.0968378721498745 0.157372531951177 0.180162837482089 0.0900883689883365 0.286206433727568
0.183121596562704 0.0988109053928449 0.200034938054338 0.00102686420629514 0.0619142471503845 0.226356782513938 0.228734666119495
0.0736121182994453 0.2574688233044 0.239087658030603 0.158975880277525 0.0449010733930064 0.115676411442279 0.110278035252742
0.178278009209271 0.0256274453347269 0.0187767404459705 0.260972991852461 0.0803741157044691 0.160147464942732 0.275823232510369
0.0916234605804818 0.0608339053680414 0.0996024176288692 0.201553961354932 0.228557543589388 0.126878839818887 0.190949871659401
0.146924633343403 0.208389666735302 0.203611228031385 0.0730756775685555 0.128439028755625 0.17388201399562 0.065677751570109
0.100868401008908 0.177750717632689 0.053726523088099 0.141792600910421 0.206177251659719 0.198931853235412 0.120752652464752
0.0950891630442821 0.136983736159448 0.227701518285995 0.215657738409021 0.110916553791417 0.0629001779695173 0.150751112340319
0.298298399945648 0.197775189607033 0.00844611614421391 0.229320959480388 0.0600051423371774 0.0410151476804624 0.165139044805077
0.0402135137494316 0.0990792610422501 0.0806550380092838 0.264494963730998 0.175611308126691 0.25488565712746 0.0850602582138867
0.208378377466297 0.10587982840312 0.113016906365423 0.162029694117261 0.193043270072813 0.0754451980442022 0.142206725530884
0.177454133018628 0.0794430121255099 0.196717703741117 0.112318269938832 0.22533131338611 0.205325478969857 0.00341008881994594
0.0679367567506523 0.150258486019079 0.188571907849838 0.0433967259362047 0.248087592929828 0.171647245069461 0.130101285444936
0.0702929734337209 0.0609395727285419 0.265984076911817 0.0798009335907136 0.0523687678640852 0.187232777385637 0.283380898085484
0.163492825222453 0.23964706375202 0.181787793011069 0.16507926289342 0.167181315828741 0.000684041053250618 0.0821276982390459
0.0936490798660355 0.105999253869884 0.294933592133699 0.258089431026363 0.0193769818290226 0.118761652169336 0.10919000910566
0.0548285387901134 0.276552410374933 0.0172415263745198 0.161173215139608 0.118109008601174 0.240961226727937 0.131134073991715
0.036645983932839 0.161708252945277 0.106381964201857 0.209838872641143 0.078266136591587 0.233090209696236 0.174068579991061
0.0997820056696955 0.104333615735471 0.124393326781352 0.152539261571984 0.210332392467292 0.213479025746786 0.0951403720274211
0.24430191857293 0.000990833182914702 0.0788248919307339 0.10482674370955 0.421673774408868 0.0915871804725063 0.0577946577224965
0.0404330419965379 0.11603444392064 0.15587703192048 0.218109632859597 0.0687816652335258 0.341554845659982 0.0592093384092375
0.206429077845621 0.203248403871074 0.072676764046638 0.114025088801225 0.1538999291321 0.19916384396125 0.0505568923420927
0.0398105913244881 0.172375704616078 0.271983688966087 0.182968054800326 0.210275830098954 0.0539821644679211 0.0686039657261456
0.154774230035644 0.216394722830956 0.0765559213232849 0.136657348960262 0.180505653324392 0.2252978376871 0.00981428583836098
0.115801504981478 0.19942755804726 0.234411733687149 0.155658663233116 0.00552649324628541 0.162896258080109 0.126277788724604
0.274031934786081 0.100573837136162 0.0379905621450148 0.0271167812435569 0.123124644983161 0.175816651572348 0.261345588133677
0.088687020819039 0.0749598750867197 0.271853617701543 0.166442129439825 0.229704080970701 0.149408197719942 0.0189450782622308
0.157021486042549 0.102609645957914 0.223634756700968 0.081491560043092 0.0673537105861233 0.10358048452494 0.264308356144414
0.225628683612895 0.321684949293557 0.000997198615975959 0.0306090052634617 0.0707344345214122 0.216751902484639 0.133593826208059
0.275702940684604 0.0201716203672697 0.0864951291022635 0.163607281011058 0.186458218298555 0.170488042042849 0.0970767684934016
0.175595815326626 0.0137600748744093 0.12181706795956 0.209271696131561 0.179940037115837 0.218506711286595 0.0811085973054115
0.0421040495915844 0.297333769710002 0.190515661551404 0.215177812630967 0.0495352329631532 0.0550609688590894 0.150272504693799
0.190446648017697 0.291303191206517 0.192297531925352 0.109787777614336 0.158381443464522 0.0011823900440967 0.0566010177274799
0.165184513220386 0.0147795847122534 0.263649524616979 0.162489633097781 0.0470836710389739 0.154623659697838 0.192189413615788
0.00520736669242604 0.150225360325164 0.171310647468395 0.194405487669377 0.178161994267806 0.178423382776223 0.122265760800609
0.161623874920706 0.188303804952049 0.108930931799854 0.103833866861317 0.249116789568365 0.0571383222479724 0.131052409649736
0.184469967073081 0.269416915664903 0.0451456068136931 0.09366231719249 0.109480292615284 0.0219777422156778 0.275847158424872
0.155229500817561 0.136250706429738 0.0636224042757586 0.0170970136297742 0.26623864614975 0.287786147607058 0.0737755810903599
0.191834084542019 0.0628722912797124 0.00977103604876341 0.181267146341002 0.178166807208185 0.197228499069326 0.178860135510993
0.118591942362153 0.206751861264624 0.125363911255864 0.0586355933691457 0.227553935982441 0.235757130056617 0.0273456257091559
0.0138032305913758 0.152940434639747 0.202638015105565 0.161018197718613 0.199444179649737 0.14601396572053 0.124141976574433
0.102218906788614 0.140867408559562 0.216536038388796 0.257006268484658 0.0342991764066874 0.112051794218466 0.137020407153216
0.209854142100287 0.169726659368333 0.136611934691901 0.173737181049982 0.0228203854467335 0.033232167079086 0.254017530263676
0.152325571160838 0.118030471212319 0.142057068847617 0.163927957904414 0.152888693915054 0.110387951186595 0.160382285773163
0.151400372566602 0.0253295355899547 0.198352272537794 0.206780843536292 0.0717249106704028 0.168561264505899 0.177850800593055
0.17475592846332 0.112807872773024 0.0967578994270139 0.209624314505364 0.194828988009111 0.0428289324114819 0.168396064410685
0.10681106894156 0.0864973082266967 0.0572750193101564 0.174440625382345 0.341489334791331 0.032988135158776 0.200498508189135
0.0206147809803118 0.153440516164051 0.278719623701851 0.273793352534678 0.0775294746437371 0.188592324280039 0.0073099276953316
0.220235074605124 0.177533205973051 0.251023293014295 0.163017280035708 0.165702884537708 0.00308513551522027 0.019403126318893
0.119127449613053 0.124671210956767 0.241133187329337 0.025005820848326 0.258653398627091 0.201768614931623 0.0296403176938013
0.239337237537252 0.101263157441553 0.214496738109961 0.127495738167643 0.179449197696317 0.107382935379124 0.0305749956681496
0.136174493967591 0.152625714782589 0.22836239579955 0.155636396515847 0.0441854211110233 0.239347095094804 0.0436684827285962
0.325441234753505 0.0269744422654216 0.163606574920487 0.110859749204895 0.102930037200355 0.0344403486137691 0.235747613041567
0.0414785467063299 0.0211933343598792 0.260406198283123 0.24698611860836 0.231776974217812 0.0827439873739001 0.115414840450596
0.115918844212655 0.105595906973803 0.0513385315455301 0.104141395605602 0.196776722867172 0.288695581854177 0.137533016941061
0.271196974100942 0.053374321106554 0.273071997270681 0.0230581901345233 0.134788274394307 0.0117823820022234 0.23272786099077
0.115500535734183 0.184023136265396 0.12976961727489 0.214584324420786 0.160818158543248 0.119700861592631 0.0756033661688668
0.124258175282175 0.272882397331737 0.210975025638444 0.0272542677556268 0.0883207371812089 0.0450239378180254 0.231285458992783
0.227072519146157 0.229703704349316 0.0257291513981827 0.240229673768916 0.0746879503980225 0.0333252020682454 0.169251798871161
0.170662210511461 0.0955337075556988 0.143791409696748 0.0531333930262684 0.0919964369564481 0.203419144529624 0.241463697723752
0.0887423442358422 0.270132880061195 0.109401781338029 0.276466481413757 0.0205735400358698 0.155556346801695 0.0791266261136125
0.168426026604644 0.17314007374701 0.0831012829594072 0.233784004978094 0.175360763887678 0.126893102257665 0.0392947455655013
0.143474846566403 0.17087815700217 0.172728413510653 0.0163012930045083 0.00342452911061524 0.19335904404914 0.299833716756511
0.199329476756729 0.0813314779914119 0.202355413108214 0.0337355127482814 0.243254355146383 0.00659677178290037 0.233396992466081
0.0221947737964183 0.129659678823246 0.219868421807917 0.12954350974686 0.240075536767408 0.0482141452628765 0.210443933795274
0.181899361440184 0.180949930766036 0.100937148198919 0.172843843911814 0.0884260693129879 0.259380067657464 0.0155635787125949
0.118341670669033 0.270650778651842 0.0153363693291231 0.201833939070947 0.0309043493247735 0.28539887275163 0.077534020202651
0.0393013883038868 0.0994193859521778 0.0925458361691407 0.0893497650156589 0.0637328204336999 0.306385274503116 0.30926552962232
0.0946939235065628 0.100721678728462 0.215438215757654 0.0947940496844831 0.194102914497593 0.189770578202687 0.110478639622558
0.216461610467394 0.0880008401083312 0.100442900924029 0.198593732870615 0.0848137435498754 0.223247621527006 0.0884395505527502
0.144947146237692 0.188045431619468 0.249894784023076 0.00380648746854141 0.104032345965788 0.259528787518079 0.0497450171673562
0.0869563952908892 0.0681706233757179 0.0725745116083297 0.0898720556761672 0.287109022497656 0.263763976011088 0.131553415540152
0.0340695981960158 0.00782956802120226 0.0399923822189445 0.394898007900775 0.0739589495480275 0.165539912174468 0.283711581940567
0.218237328415947 0.0415724551229645 0.102807146952451 0.0578920429511754 0.144232452212291 0.188905828560959 0.246352745784211
0.086506625394723 0.184895246109332 0.0930277427880458 0.0872176689024991 0.166536576684352 0.239627130531365 0.142189009589683
0.21874591015747 0.0239911660336774 0.0723197541237193 0.26052372276388 0.23768311651412 0.0163631921810928 0.17037313822604
0.18780612127515 0.0886909432490785 0.119931649441713 0.345855051519019 0.182739102520228 0.0406178500605149 0.0343592819342963
0.27947413574522 0.0425815479297062 0.161257283824534 0.155225339117046 0.0826745332408707 0.108020426758498 0.170766733384125
0.240151914510522 0.251302439354188 0.250303231297672 0.0801433443347803 0.14066818845028 0.0222368144034956 0.0151940676490619
0.166287785401645 0.0986133674602813 0.123794811733017 0.00151966055518956 0.109583395338955 0.262244595181146 0.237956384329766
0.0247219099799643 0.0980600678428442 0.343523540206252 0.00220331418495145 0.211425475334424 0.170251513881207 0.149814178570357
0.126032163629876 0.0975057515184228 0.130875672113914 0.194810319662031 0.150232865731607 0.112890314342727 0.187652913001421
0.150290132863201 0.0994519188447063 0.209721579701685 0.166020577963352 0.0625571335006351 0.0699181016480054 0.242040555478415
0.189625357835329 0.00856143860650405 0.242832583952984 0.19072654862819 0.0655470961737393 0.0423232131164424 0.260383761686811
0.280026076070513 0.0435053562822252 0.145908410334671 0.0467360564951334 0.0802587289742754 0.198775677135583 0.204789694707599
0.197568663244058 0.0578597770840973 0.171850394878425 0.193318985675376 0.0147725017101768 0.135898936559531 0.228730740848336
0.182062484760316 0.00276576846724149 0.174739997657294 0.245914606179768 0.100265999122408 0.094989388251524 0.199261755561448
0.179437717869034 0.0139417731706444 0.120492990818835 0.237917338605072 0.229524359215289 0.0862627647035225 0.132423055617603
0.240869290011205 0.0493836314621881 0.131613919441468 0.174967832558725 0.218372350163412 0.00699995010994612 0.177793026253056
0.0594504309596548 0.14534027523344 0.25607361003652 0.144592904979963 0.079311271888485 0.142755482694775 0.172476024207163
0.275657680841819 0.165388330001514 0.11375219284533 0.111820007493096 0.138818635857063 0.0235599858633067 0.171003167097872
0.182286050981909 0.200843417221888 0.102571599565371 0.0680383113621241 0.0606730999005909 0.218458036039708 0.167129484928409
0.145035454464543 0.0667390502148076 0.169834360812507 0.227922709051707 0.0182790846221051 0.224070810983202 0.148118529851128
0.165200882228262 0.177652251784878 0.118507057182549 0.00588551814249975 0.211023952563919 0.100115198858783 0.22161513923911
0.031064577410097 0.194479114289734 0.153407784896189 0.197109873711457 0.150210099119095 0.106484371851945 0.167244178721483
0.175018683105086 0.0827898944180753 0.23701006380178 0.0246456743257953 0.155620912796082 0.216612320674073 0.108302450879108
0.139353445694452 0.154853715568788 0.0759090237420807 0.225631029419765 0.0989121473840492 0.0890886916725405 0.216251946518325
0.0802295854572808 0.135270485606564 0.105575681282259 0.191853229746556 0.0586621712216632 0.230768701973598 0.197640144712079
0.160361801656403 0.0207394997239056 0.0555969002492165 0.098600179612525 0.115777658213891 0.259284656937118 0.289639303606941
0.0266813149340248 0.0764958544884389 0.189097368615484 0.326213392824257 0.0583450230326084 0.105024154867917 0.21814289123727
0.240837123437354 0.217807186377717 0.198326935942814 0.132215396077999 0.120227550050133 0.077363075223299 0.0132227328906846
0.187497852968834 0.0673098848124258 0.251038877626788 0.0439579056983202 0.0116258019963607 0.17891862887531 0.259651048021961
0.233378762234911 0.165724567127247 0.0915728431375818 0.0231573094247174 0.228048449835756 0.0311558758436192 0.226962192396168
0.197047156510931 0.0516047971441048 0.187217292710804 0.0517114500708579 0.18824104660687 0.23373322308969 0.0904450338667427
0.197416116750326 0.06711290547012 0.240783243660237 0.0706438230265894 0.163959724461772 0.0277321211459621 0.232352065484994
0.0235126136141202 0.223237806591449 0.0501202756318211 0.161816776407436 0.184336093775663 0.205338362185435 0.151638071794076
0.218779771973037 0.178965151103257 0.169051291510541 0.147086993327562 0.0216974140121729 0.0516593048743516 0.212760073199079
0.133178623352569 0.129420784554741 0.235081215404689 0.254950825944976 0.151096947470022 0.0237806315933532 0.0724909716796495
0.192611406157215 0.0899924451174635 0.0232032446407901 0.174399794162006 0.108121757956056 0.200355921516368 0.2113154304501
0.242259566201312 0.203070465502132 0.083530203432442 0.139169111961254 0.247377525231089 0.0375457809520382 0.0470473467197322
0.193017242222271 0.0549135552162376 0.00436279647621693 0.251122977031394 0.240989876656507 0.0265522957347464 0.229041256662627
0.128496829689426 0.152274918474421 0.255049004087988 0.140255920548628 0.108784434439606 0.108331778376575 0.106807114383356
0.105034276229587 0.102747273457026 0.153955300654963 0.115131851958267 0.159272408918369 0.156397668549667 0.207461220232121
0.0519193574966424 0.214732064577727 0.235748592616951 0.288416647286211 0.0534224594729491 0.0522542023672434 0.103506676182277
0.197886659723253 0.14649364936579 0.204096060408878 0.139354331338037 0.0789832846820113 0.0941554010824654 0.139030613399565
0.157359171153216 0.253437756927444 0.177986056958981 0.0995088292847462 0.217371805121036 0.0298815932278562 0.0644547873267208
0.00317499630291528 0.210116362914932 0.0890532265579383 0.239962204231554 0.14708417134291 0.290180444318653 0.0204285943310978
0.00202700746708917 0.0405850761927662 0.18340881935385 0.21443153538402 0.184218579247714 0.253603299040343 0.121725683314217
0.177141292934745 0.180128849295828 0.181598879788208 0.134748497514396 0.165199045538597 0.153491578874365 0.00769185605386087
0.126699429990086 0.183280993763237 0.143412150336577 0.0832663494266024 0.200440852951866 0.185425258323824 0.0774749652078071
0.124456317431876 0.104605721784952 0.135984848316936 0.24382885185981 0.150357722448537 0.186767114913282 0.0539994232446062
0.191058477977462 0.205196544783343 0.116997983058747 0.138191360782166 0.0844203465976689 0.12325293048285 0.140882356317764
0.192579430100177 0.125570489789337 0.188613191115651 0.157849411538167 0.184699181610838 0.0910385410571871 0.0596497547886424
0.181901888050202 0.215239189690461 0.115071917771793 0.159134733411721 0.116128235300828 0.0491829745278266 0.163341061247168
0.0335727175954349 0.0393510075098762 0.282566011334701 0.0696008995227582 0.124815919349531 0.304932305857609 0.14516113883009
0.210214845750654 0.118379491562419 0.114287226324103 0.138172859300949 0.0619990036116836 0.201489367876854 0.155457205573337
0.178636139474149 0.0801539288125933 0.176364481283001 0.114860619625564 0.131045414405595 0.248221483522046 0.0707179328770509
0.120661551650292 0.0748318005871183 0.0496637060135559 0.0756407099740751 0.367896936637875 0.122898318619211 0.188406976517873
0.110226644537955 0.00624321573744898 0.0238638945088566 0.0940686284333439 0.298823089429853 0.109998073408808 0.356776453943735
0.163021796000325 0.157488818586018 0.113394719078355 0.172297998162057 0.0960237744991098 0.161264525362893 0.136508368311241
0.0465355799957053 0.208339290680235 0.248009544125769 0.228346979340087 0.147643599088712 0.0232846646863949 0.0978403420830965
0.156626145874692 0.238193098678217 0.00633626534857894 0.191514291468474 0.0925605928801705 0.17092902142499 0.143840584324878
0.0181306795614243 0.0722856773546591 0.227745418916624 0.157509166082352 0.266353048243626 0.142398630245737 0.115577379595578
0.174790212021367 0.103580651393853 0.0361938533201352 0.144664180600332 0.0792113175128889 0.230592639324298 0.230967145827125
0.183361671403702 0.231854567198644 0.240991502330036 0.19569509444948 0.118197154309479 0.00986206588307595 0.0200379444255825
0.0923267865559005 0.177747052267022 0.208708299699938 0.066459796519369 0.0982645055839666 0.191293806371886 0.165199753001918
0.218559573538044 0.293178079325956 0.0862783837383246 0.206051953826643 0.0997489982324175 0.0547774523697332 0.0414055589688808
0.301821782078425 0.196102018914977 0.0348754346506858 0.048347004767453 0.112111754554581 0.232573054575608 0.0741689504582697
0.107899172209983 0.0331978915007518 0.251049513982746 0.188300031475067 0.234548728061144 0.156138512742123 0.0288661500281857
0.0285096925635152 0.174584419983349 0.219503069238705 0.24529574723203 0.0508432934768971 0.246071929834978 0.0351918476705264
0.115433657277379 0.135828640382852 0.193378756517343 0.13425628374051 0.187287255926453 0.0780580417164858 0.155757364438978
0.106739551372863 0.136100275202447 0.119204205751832 0.0783152242137516 0.277430191287832 0.141224925872711 0.140985626298563
0.171369732742204 0.34517525376349 0.053684696479441 0.280065170279473 0.1001413600921 0.0181593665563643 0.0314044200869273
0.0693047847138512 0.150474993871327 0.238575072794332 0.0388627955186023 0.153051260913441 0.087072327882941 0.262658764305505
