0.136614789127473 0.0765454246155183 0.13581591977814 0.067483067245647 0.140163005489168 0.013773974775981 0.129271340892147 0.148199639772278 0.15213283830365
0.0662501822688069 0.143118916778903 0.00318912100227915 0.137744342685089 0.134961631635366 0.151623139844979 0.15850430259364 0.0870004834423038 0.117607879748634
0.100768493340072 0.13030183245701 0.102683574273262 0.130379882349384 0.0442052813570839 0.115403128972098 0.109340486071238 0.169755603617837 0.0971617175620155
0.168254759625436 0.193150995280639 0.00837485442662644 0.181765696966737 0.0510071684461459 0.171532534658131 0.0904396950061812 0.100208052226885 0.0352662433632195
0.0264757992228099 0.130090825291139 0.0117211887625597 0.132190379371323 0.19165653383271 0.262164847015557 0.0347547671391455 0.10704684877882 0.103898810585935
0.0820886000358278 0.0418623591038351 0.058963800600936 0.127874199714266 0.197486464159608 0.0665168467615884 0.114256506322256 0.117850752622445 0.193100470679238
0.141842011106069 0.00512807185374288 0.0368511663445404 0.00539271863945264 0.211453577705343 0.0443973793994268 0.182299229157534 0.181815836142602 0.190820009651289
0.049801550006722 0.134980108489037 0.117389599271686 0.109739517789253 0.00755482292229267 0.154296194845467 0.147922413614431 0.127470132265048 0.150845660796063
0.0202571244004992 0.0541071685674931 0.0811611760428753 0.0374828077644786 0.161714003826939 0.181006721394324 0.189229179211833 0.137388452582147 0.13765336620941
0.130129633636628 0.131080897808761 0.069977089693152 0.143679952633075 0.0587300662544779 0.11537536810548 0.164050468339343 0.0952343401030858 0.0917421834259972
0.0942995672465858 0.134555134598752 0.0931836568364252 0.136477433755456 0.118524531851858 0.102310215453832 0.0680594885751227 0.127313968497263 0.125276003184705
0.153205920783745 0.159051300262782 0.0399158678297836 0.107557696165871 0.128228289710815 0.0302229125403334 0.0787333508213949 0.168629681744481 0.134454980140795
0.138443164383839 0.118462269990374 0.174456410750251 0.140432744148916 0.16034598651483 0.119081031898263 0.00123673638388674 0.0997929432978846 0.0477487126317558
0.10472750977235 0.178418879958803 0.1273299139954 0.0393289660817557 0.0613197741139774 0.0666586259474659 0.197864968031253 0.0642371030005573 0.160114259098438
0.127155384346492 0.0544611831271959 0.0432333219357225 0.0410926057269273 0.0836153125584357 0.0225766947148668 0.227137549148719 0.198981084390445 0.201746864051195
0.207572590454287 0.201312013702798 0.142327301004565 0.0306778047353401 0.075551140555376 0.111736656064459 0.0548069079641173 0.0273547761334726 0.148660809385584
0.00813801795928939 0.0207331455550207 0.127154447364818 0.103030331944537 0.224027441941162 0.210274720436933 0.202222886739804 0.100291726527212 0.00412728153122244
0.147269520404405 0.0334547576337631 0.180081526741624 0.100974348243211 0.199758336622582 0.0669659075048523 0.0363133317801779 0.0494105085997721 0.185771762469612
0.033484302174683 0.0775528045355279 0.0954492754405316 0.108006165113781 0.181438990213734 0.143152928530053 0.162039821163893 0.182961029118908 0.0159146837088893
0.0976452981477203 0.111501483316998 0.147999341776567 0.0142474741128263 0.223355222159545 0.0104196180243819 0.218656227079284 0.00116804235293599 0.175007293029742
0.0215855547547249 0.132025298344689 0.155620596477598 0.197183778066954 0.00823699322658332 0.219870630575797 0.0268426913816837 0.105709292144979 0.132925165026991
0.0877646215642549 0.0458189364227686 0.149537035335851 0.153674574898232 0.187719808553273 0.041955276152048 0.117711728598841 0.0886034180247872 0.127214600449944
0.000116456705084206 0.188237827738894 0.193392424265093 0.0375580073886305 0.159669714953252 0.142692743181654 0.0660102896813773 0.0294536666070311 0.182868869478985
0.0845490919372449 0.0244741585945991 0.0923366186323774 0.174371039272087 0.0681550919077302 0.172245913116304 0.217232039405013 0.0854751523934711 0.0811608947411732
0.0613081488544506 0.185174613061574 0.130601370718535 0.171507125264336 0.00488882209386398 0.152516360900774 0.188714905415509 0.0947753338812804 0.0105133198096777
0.0242302182648851 0.0830102781722049 0.182457452301912 0.128386861126387 0.134248626006114 0.161163316860076 0.163098792009514 0.0236486365622299 0.099755818696676
0.114605873961926 0.125335606992258 0.166755717629671 0.00949933124076668 0.151916636946312 0.0738482504690746 0.20438965779001 0.0981981167890361 0.0554508081809458
0.225408806665859 0.0822694599191397 0.00643256817091164 0.137779692870421 0.0107763746603908 0.0465212405567093 0.072720340756761 0.225330912175819 0.192760604223989
0.0845611392230813 0.0468274031758539 0.259831939039576 0.152386648045846 0.0654597839776115 0.0939867744384214 0.0302250806995558 0.209319479679131 0.0574017517209229
0.0110420752403906 0.0706642955064253 0.0987697032790555 0.0321017601299833 0.168888710322654 0.209992521248609 0.056984802806864 0.129213902639825 0.222342228826193
0.138085259890641 0.0252259204172899 0.137156018217585 0.156481357481556 0.173718725210645 0.0573311913890508 0.135179718455284 0.0657773180666795 0.11104449087127
0.00914646642261846 0.157282428364572 0.0590514421369903 0.0661060652614302 0.0587970413683376 0.0713489100446808 0.0337904087420134 0.239473286827833 0.305003950831524
0.126657890499559 0.103419441837137 0.0909016938333673 0.0259789137290811 0.144465677437399 0.126757149828235 0.180412190547745 0.0561423548600926 0.145264687427385
0.105509357608963 0.160011921214955 0.188209580362926 0.108552318874017 0.069503320291736 0.181175171595009 0.11663226029767 0.0456693210676412 0.0247367486870832
0.044156607860651 0.0212780521829597 0.11763977341218 0.14499714784416 0.0307874936334992 0.271669912510002 0.157135291757998 0.184361250670155 0.0279744701283952
0.185773190408046 0.0238143751735614 0.100432270706266 0.14311348398605 0.230550213722094 0.166068589681778 0.0245904230160423 0.027403488937826 0.0982539643683359
0.00995909666559433 0.0992466812256575 0.0903015304248797 0.0729680102300211 0.135034229268727 0.119147678689193 0.0600414712281124 0.246327488297464 0.166973813970351
0.0357239370800739 0.228645486681895 0.197499595376742 0.00645959298768365 0.0156914064959761 0.0999249722517069 0.00737787609838229 0.164095358969754 0.244581774057786
0.0336385450226785 0.204395916910928 0.205248007306591 0.0465819913091075 0.077261127431243 0.0494485497433288 0.0900598365547713 0.178894156347354 0.114471869373998
0.00933750620222125 0.173753789060702 0.0358364159664016 0.11744847303082 0.241496654530022 0.173772174759946 0.0125703495252843 0.0648196761533012 0.170964960771302
0.267921754653202 0.0866927014673318 0.0324780571176834 0.0797043180247784 0.121723571644896 0.118967650901973 0.0498823794696176 0.135232437036049 0.107397129684469
0.147951925038976 0.09539799679102 0.171897068969101 0.0604004548882316 0.0365222006292464 0.0626398504627682 0.17100099094901 0.0806105928276381 0.173578919444009
0.214397760227411 0.0674889485022459 0.0044536245526095 0.0921652357240954 0.0881684827319617 0.0852320457075169 0.12243436383882 0.199085298399211 0.126574240316129
0.00478939516062176 0.15131480042333 0.114090612362442 0.161159574357834 0.136140064346495 0.0637138848967453 0.150026750209764 0.124157146636408 0.0946077716063602
0.128374137808915 0.0680973665340938 0.0898139161973158 0.197050797729411 0.0320401480609655 0.193193425727716 0.020076620903748 0.111510027982728 0.159843559055107
0.153322001857869 0.0937574067624614 0.0442767135654588 0.140726299619001 0.132533208863611 0.127558562129015 0.170958374257011 0.0337838243760201 0.103083608569552
0.12402054579014 0.0938213818599247 0.111306971515323 0.113725432511202 0.0176374057212193 0.134997350231124 0.123640152541672 0.186946139906244 0.0939046199231513
0.18029892280924 0.20293440282599 0.0478660292172416 0.0832156850220998 0.00346025862405641 0.150673218215395 0.0410807403846426 0.208738693560155 0.0817320493411784
0.116667234052343 0.0506388690866553 0.0187365338957785 0.0344261916202041 0.0141720353562922 0.180293079008291 0.274928203756282 0.300525122037222 0.00961273118693246
0.206521344257148 0.122785759250159 0.114356817980755 0.102324961187946 0.00290587799672605 0.179559591095605 0.0685198283240183 0.0284533557399267 0.174572464167716
0.164993551682622 0.027507370148998 0.0884826499427454 0.0336159119186569 0.102858466124625 0.15240575883389 0.157498153572175 0.153150067884339 0.119488069891949
0.0454643559468267 0.0572679572465141 0.156355829468995 0.0650989996797888 0.0211895353339982 0.146415250507255 0.158450171632468 0.137844652051041 0.211913248133114
0.0804778357779336 0.0124420242905914 0.128657300849175 0.164428121638803 0.0254194672163773 0.00893770407526475 0.292974552656033 0.190680215587838 0.0959827779079844
0.0475196106615479 0.230407496306092 0.0753098546392281 0.147662132030144 0.107788100120695 0.0777586515304457 0.0862882899574533 0.182020346480439 0.0452455182739547
0.0963039983418017 0.198904951274554 0.0878565543752569 0.126662668561169 0.176990476255174 0.0886533884951571 0.0022907963142245 0.0109575943377567 0.211379572044906
0.131917814060368 0.00712891857613873 0.193424815346456 0.0896331194575745 0.105323331056985 0.0526298769890592 0.0868302667909849 0.239668722421653 0.0934431353007803
0.0376018927752663 0.093595741457797 0.0241326251875749 0.102309505281975 0.117830165396331 0.133104702115572 0.0371210514344767 0.237534700599966 0.216769615751042
0.159212467930402 0.141313088681129 0.0910263774861971 0.102650360788202 0.105419239171253 0.156574144077978 0.0519663227728635 0.0623268074108736 0.129511191681101
0.0586954245570501 0.154969727273186 0.11822054115522 0.194351189122917 0.18191065714358 0.139312926618419 0.00313999656785809 0.0210459320656984 0.128353605496071
0.00286205699327896 0.0550716062263945 0.183040760080249 0.116443643627898 0.138456211574385 0.072218923569444 0.285457006524583 0.0605507997562679 0.0858989916474993
0.105400193350509 0.0792785604182669 0.0185707516759159 0.154597854720542 0.231895331972373 0.0845433954647761 0.125403750513165 0.0714590723923758 0.128851089492076
0.199021616673514 0.110800052983467 0.0493359313135466 0.0289037909238128 0.0279677752250342 0.165971153824992 0.198163983747317 0.112421575500206 0.107414119808111
0.124829574663971 0.152619516005879 0.108181830414047 0.175179930498206 0.0939321345537987 0.00387714167244373 0.0913384410734018 0.137907832984944 0.112133598133309
0.062945424976663 0.27938799310849 0.14398038384848 0.196563080969503 0.114714415237889 0.0178217170252686 0.101378602681119 0.0255537284572864 0.057654653695301
0.17459641551361 0.0456505464453009 0.0892225210717039 0.0309278208437579 0.127951054740567 0.11573204150821 0.0217543054880051 0.209395762139075 0.184769532249769
0.199120589216603 0.0868427600446262 0.0916070390598784 0.207498005105385 0.0802183891582 0.0591436585220626 0.060040429401432 0.0331387622291831 0.18239036726263
0.0178501077800808 0.00561580488889283 0.0538765969554167 0.162770081728912 0.136205738726814 0.174319299812391 0.155356965059273 0.140614374614779 0.153391030433442
0.147332768795047 0.00905212574702674 0.116391613219081 0.0448277487206597 0.058947933573703 0.122369927422933 0.262446751894679 0.111226190497783 0.127404940129088
0.177371337136288 0.148398076017987 0.0308784532421752 0.141756747375774 0.138027834919925 0.183113751402496 0.0334427813337339 0.0969261974594217 0.0500848211121989
0.09310556326671 0.127514988088238 0.155862403521711 0.0814921113386483 0.167930050338168 0.147289704487318 0.0357578128184857 0.0585261280134751 0.132521238127245
0.0525825746495904 0.110374657411798 0.0658613181148773 0.121308000049836 0.200060765978928 0.0967606391784377 0.110123916249619 0.12710924886983 0.115818879497084
0.126659918334214 0.0240932113430122 0.0690892866336867 0.199880328156899 0.142772089281697 0.179104940975573 0.0985320420149546 0.145233560216552 0.0146346230434112
0.0474534634750388 0.0991159252713287 0.175048926426501 0.228074457137028 0.0799377313053594 0.0961150812983079 0.1131226585709 0.105369958887828 0.0557617976277079
0.0698700013082678 0.147772669170983 0.175709347356996 0.0944191262832469 0.111325710906911 0.0196933232784083 0.0831286987792862 0.165414187048582 0.13266693586732
0.0233230067424244 0.236181948668147 0.0845543682178103 0.0187666833979052 0.163585371391615 0.0401265733591219 0.0941234312008307 0.15424260536844 0.185096011653707
0.109539242348696 0.0686437649150919 0.0955840463319394 0.0980191451534758 0.0563830586408972 0.174326751682094 0.0856839900228673 0.180902311469431 0.130917689435509
0.183690381094951 0.0156807108367011 0.0257811758972998 0.015988117463807 0.157444485682318 0.201672967600945 0.127219486365892 0.0617892980602094 0.210733376997878
0.154623187757138 0.0294872226826619 0.234658153122527 0.0380991240082474 0.0319725401039913 0.260244593660216 0.184865742724725 0.045181271832832 0.0208681641076609
0.107083535001446 0.127613888579417 0.10443375691918 0.113287473603715 0.0886256131554456 0.175801300923239 0.142387347053361 0.0884427928101395 0.0523242919540565
0.157332243723866 0.11739648216897 0.0214997922215557 0.0792582073147721 0.105529947254186 0.181792356653806 0.0136112520999695 0.164119228299677 0.159460490263197
0.0741361319906799 0.0151944924160708 0.00475206302804966 0.00352618770520726 0.159507738479797 0.287416940145161 0.156995062420748 0.0859485395700693 0.212522844244217
0.141770467794426 0.159889995029292 0.141102116846093 0.113411067247693 0.165921577835548 0.0598998189852103 0.0829359294288302 0.116943200646965 0.0181258261859429
0.136634303633221 0.116209446726646 0.0613054078804174 0.153079909757698 0.156888352205262 0.0834007969626588 0.0791437031170463 0.0709966297951582 0.142341449921893
0.136182290387601 0.139704478300816 0.0879156694975108 0.105735106858613 0.0758387123950748 0.13602886067408 0.119994093998774 0.107436268450645 0.0911645194368854
0.17043029544006 0.0898605082835683 0.0434752633948928 0.049246197755884 0.108765779437688 0.0304229692031885 0.22461607509276 0.121412198620666 0.161770712771292
0.257141468298382 0.152603305517034 0.209056580652488 0.0480695707471565 0.0385122971873179 0.0280906810879769 0.0100485062023549 0.170164223686766 0.0863133666205235
0.0679668981118881 0.111333634573127 0.213658543655007 0.0566386924327949 0.0451551748072773 0.209311236753222 0.0198589168682831 0.181184760740672 0.094892142057728
0.0725759660316737 0.16944159925805 0.0306858155216835 0.0667189668762818 0.109634606200048 0.0648567664767155 0.16712175412381 0.174134904256239 0.144829621255498
0.115676745065968 0.0769241215599518 0.172839184112989 0.079583946900896 0.149856322720288 0.173480128178652 0.184356244786196 0.0141319226387835 0.0331513840362761
0.19064283276093 0.0334233276189317 0.0127147015563082 0.086307508139054 0.317198322629584 0.0207133464341576 0.0605262478173474 0.176452184071327 0.10202152897236
0.0852079713290943 0.138758780359722 0.116685583551692 0.0972206389868113 0.142507457103201 0.0669785053343217 0.0751871969320092 0.111126177102362 0.166327689300787
0.0937081240598691 0.0437703346865496 0.161486329675408 0.194025418259808 0.207848689385159 0.149645025795548 0.126007870971565 0.0176700070634162 0.00583820010267762
0.182438680663741 0.24734891961231 0.226130855171888 0.054103357855044 0.0952228716416436 0.0550858560414765 0.0297696065939518 0.104673878562845 0.0052259738570999
0.044324825906421 0.148385909955935 0.0895433008391891 0.0365285754711898 0.16959828624202 0.0818901159802832 0.169375134163707 0.11581164886144 0.144542202579815
0.217147502025744 0.063014008387748 0.219680627799258 0.0664624914334044 0.0503619859716568 0.160750480779113 0.0630122073907558 0.143387204660408 0.0161834915519117
0.0720937059754804 0.0659590250793295 0.214223860799731 0.0224342085631404 0.146716474301726 0.201694864378431 0.161988761930877 0.0330315476021978 0.0818575513690866
0.0554321128362789 0.158785880949281 0.217192841298543 0.0846389152452653 0.0167415436726345 0.0802442578897526 0.219374858923352 0.0545344469830304 0.113055142201862
0.104714862230985 0.19838624783975 0.00755911439064744 0.0720325381579394 0.169390722064484 0.16420716694173 0.111738366840038 0.0263802383948861 0.14559074313954
0.0941789728589654 0.216960988778427 0.0672386397537919 0.112787025478098 0.0511319107906814 0.0461948311338338 0.203036987420935 0.130281267848361 0.0781893759369056
0.162935779287483 0.143573942004159 0.0270545687750645 0.168223043474802 0.170300952991014 0.0235858344195848 0.0412397268182886 0.108536385405943 0.154549766823661
0.0226428675651099 0.206397482268134 0.0830918640740279 0.194241992047866 0.0524062552732812 0.0212269495695649 0.177721160122128 0.0876489903835211 0.154622438696367
0.168166541976381 0.0636460345186286 0.194563481941789 0.0457477072229666 0.0673166991774297 0.0278876547103224 0.166873102770933 0.0941166468561713 0.171682130825377
0.255497937362867 0.0511028390015401 0.00879368645113557 0.219574447563637 0.0364930443624138 0.227982371904476 0.0461643256473127 0.151365203951286 0.00302614375533138
0.112491555156376 0.0597026992462422 0.138215359217639 0.103620092646235 0.102358941496109 0.168715024664988 0.15069710505977 0.0964759558472326 0.0677232666654081
0.170209095793321 0.118721816775823 0.0807618716247773 0.0130523832190069 0.0568858458221878 0.149343987617819 0.0641804579329642 0.173472591666713 0.173371949547389
0.0330975262870429 0.0827335340126607 0.17023804066533 0.0485111842370435 0.161123208088503 0.067525349408792 0.133810028098729 0.148625699569684 0.154335429632214
0.0703361331147252 0.106659431668793 0.166914210051601 0.106168342170136 0.113667146926167 0.138654790725964 0.0333702820774725 0.0931814409841418 0.171048222281
0.218897229306721 0.0256672348408094 0.181584430664547 0.0084858052157543 0.0459551063317997 0.184492323730115 0.149880952617915 0.0653472505538693 0.11968966673847
0.0855343918908906 0.0363795470729202 0.121715172713885 0.167347479508092 0.0122360391111411 0.166908173355799 0.0824435216145731 0.137173041410451 0.190262633322248
0.108302210228505 0.153080163869421 0.0178935358491993 0.113718917498946 0.205332508029108 0.0458627118998723 0.0852121647300297 0.12324968951541 0.147348098379509
0.133058314557436 0.0949191988879959 0.085959762847935 0.0995114116483904 0.0851740661774124 0.191397152062394 0.0283124996186578 0.117579998278423 0.164087595921356
0.0352131172136586 0.115647656012586 0.172497696808279 0.136776088378943 0.0293861642526866 0.213395847470336 0.104774865474316 0.0393376305219221 0.152970933867274
0.118685741881975 0.0542764086949038 0.188808100860289 0.036205079644482 0.121109026744619 0.0645999914197726 0.0732797813214653 0.187614348924206 0.155421520508288
0.0799572272049119 0.00531109429652571 0.0490131854996211 0.162182179841099 0.111105771011248 0.185771539009928 0.122717754203761 0.101405627105938 0.182535621826967
0.102794297094452 0.26831899065352 0.225658375452322 0.0326788001594131 0.0897612434343475 0.0746771328706562 0.0537229255035307 0.0450278696071761 0.107360365224582
0.045946469087595 0.1567524244524 0.10707648800773 0.163374480726563 0.0360220997226173 0.0957655262676218 0.0984221860029366 0.130635435635106 0.16600489009743
0.111176799307254 0.04940641873612 0.235854097912008 0.227229282091527 0.12443153639434 0.117074497537973 0.0579042434264452 0.0619935824416905 0.0149295421526417
0.0639677131298233 0.0953100833117736 0.0171918967291872 0.02864338194077 0.182409484084557 0.104052759042119 0.186832296725528 0.158951395695098 0.162640989341143
0.067398398497624 0.144703360616967 0.0098284927205577 0.150478628640131 0.15683409229747 0.0559437891647811 0.0480028251073192 0.157064543294401 0.209745869660749
0.175597519998447 0.0702252710328021 0.0775991021216668 0.149276475960358 0.0794991301392162 0.173292209923884 0.134598152109582 0.0445762647155845 0.0953358739984599
0.0604611420121485 0.106845388361669 0.0273659592047284 0.215404373777543 0.139856291562926 0.163523633035472 0.0414590004359805 0.0105873003118703 0.234496911297662
0.168061845464967 0.126419059656985 0.162617421897956 0.132849587327347 0.0117515601822205 0.176294547047525 0.0148731093742968 0.144205300668654 0.0629275683800483
0.126265671390529 0.000422697129301893 0.176593894281955 0.0426596789461003 0.106234130429751 0.129960490176421 0.131747988562862 0.165536476096545 0.120578972986535
0.0754790703771548 0.033765061906279 0.109314858048096 0.191618544675689 0.0967143516027772 0.162894047566161 0.168497135445237 0.109373712858264 0.0523432175203412
0.0677148263047991 0.0357571223621637 0.14509472733508 0.110667244461248 0.194225304235802 0.114316559671042 0.153078208630427 0.126031907961529 0.0531140990379084
0.0861578957352411 0.226269966503494 0.0911286226923638 0.157380877789205 0.069151625415268 0.103806237296388 0.0232699378621992 0.22348462901112 0.0193502076947213
0.0999932185079359 0.163549680779572 0.142996543230547 0.0890215785067649 0.101885344577172 0.113886074707333 0.0545107797232359 0.154319034320787 0.0798377456466521
0.132649998925449 0.124307759171043 0.114766114487534 0.120887953857989 0.0819133766625551 0.114574808394671 0.0756582890017734 0.102267186778108 0.132974512720877
0.127449786450028 0.0915320294765073 0.0671141761204885 0.147152114739131 0.15856919636808 0.137304779212554 0.125249786766102 0.117674587365854 0.0279535435012543
0.244117627839803 0.208708464338743 0.0606516276519297 0.0265257498120273 0.101038270076964 0.0647417939620802 0.124609177061275 0.152950194412586 0.0166570948445914
0.0737746505705661 0.0454705718833821 0.0704800492555741 0.0872702098672373 0.130574580764958 0.0384917326820224 0.215874989660568 0.174168377887442 0.16389483742825
0.163218113450255 0.0928690714195615 0.168799919281411 0.161565107904042 0.155909624309177 0.0377636190741747 0.0523862628690908 0.0929252954408789 0.0745629862514086
0.0555659684472747 0.215027551215478 0.100302659685696 0.0865100762917371 0.0795282563147027 0.1459417179096 0.241755230207815 0.0633310768513463 0.0120374630763502
0.154949946101573 0.0304188004941326 0.15913292912376 0.0410698240566363 0.185029146873168 0.00144298282279268 0.140505443755965 0.106166816117446 0.181284110654527
0.156797431697616 0.113789306099396 0.0513489979307857 0.143325689285896 0.0912585064926548 0.0871149547760752 0.0761959201737602 0.153068554780218 0.127100638763598
0.127266713411365 0.112827756235164 0.127189909986254 0.259815110128206 0.222210991224036 0.0106958051043016 0.0277747665485304 0.022070675391321 0.0901482719708229
0.236202670625124 0.0621622537398826 0.175936382898649 0.160570253347894 0.0929368090912996 0.0444321755621759 0.0339788638515547 0.0489629825080308 0.144817608375389
0.103006304934014 0.113321725351557 0.0860204778881291 0.0990178962811398 0.0200522761184249 0.0910746438531869 0.139565158750749 0.18483055690353 0.16311095991927
0.0420953785031699 0.127459818323831 0.152790202992392 0.198965250097359 0.142885166384318 0.215490612849697 0.0335573393618023 0.037240849906621 0.0495153815808098
0.180725997928783 0.0277214924187003 0.198082891865469 0.00612454558232319 0.0269887626132285 0.200102471047818 0.0474455561435547 0.205959330741936 0.106848951658186
0.177365895869732 0.0868443645258435 0.157196892060232 0.0626749398770925 0.0967320733546694 0.154303114324317 0.077367061346434 0.0489224864251651 0.138593172216514
0.00917558864339673 0.0406861351996437 0.144584371758977 0.133811916166065 0.127574823404901 0.170797398859401 0.145575052125999 0.116148416331695 0.111646297509921
0.0956428954748463 0.0635318615045796 0.0674119751235185 0.189047050740146 0.11516279421099 0.0741019287944451 0.157828510994625 0.0878678885160842 0.149405094640765
0.0927818515763852 0.162743930779177 0.0862440652699622 0.0279424536709982 0.0203984665386922 0.0432881165390589 0.199046473647611 0.116831941275049 0.250722700703066
0.169547629550512 0.121716826201759 0.0172443679006165 0.0210964485076768 0.115829473825355 0.207169804653737 0.0823230489105897 0.156672441120165 0.108399959329588
0.0899572215541473 0.158622282289559 0.0856961522034566 0.10599947484179 0.114007714534747 0.131823370534869 0.0480783571841821 0.208123771864144 0.0576916549931052
0.194748614760521 0.0395173028141394 0.201994680761132 0.130912596366144 0.0215882626686088 0.0541288374779358 0.273233822015953 0.00647833272609323 0.0773975504094731
0.139790338872461 0.0450759893502359 0.141984276569921 0.114602365932407 0.104654225988154 0.1378746738713 0.0903684264435311 0.129366561310512 0.0962831416614792
0.138827251605429 0.12595654641444 0.0410911633360515 0.136404348473419 0.0848664276195769 0.170878877529203 0.00754963762069939 0.0985650802715051 0.195860667129676
0.123108757363995 0.19170230713095 0.0473426005394786 0.100273306743606 0.0579263835362613 0.0595812327968602 0.0844990080412231 0.177848099994769 0.157718303852857
0.188654717034669 0.149856479104704 0.0995566727764656 0.0264716314029487 0.199843024153196 0.0840231674769193 0.106202385893989 0.0402338740104097 0.105158048146699
0.0755916104576886 0.122511644048845 0.0976582075955342 0.0706019206088838 0.154004545184712 0.0422820670529352 0.0970348758946267 0.177924981649452 0.162390147507323
0.0445745391046589 0.0425199033246069 0.0498865255150506 0.0931132865754621 0.0045412993208931 0.0075385861148247 0.281994281028971 0.217900787571106 0.257930791444427
0.0275834853699802 0.0895927062799696 0.0876999970429127 0.218058217237974 0.116434127126893 0.188690329138908 0.140191143410306 0.00367448844459124 0.128075505948465
0.167719270255508 0.0788117882783187 0.150304807098236 0.0238286256894038 0.15756707593708 0.0293662945972591 0.0961417738627568 0.171500510243337 0.124759854038101
0.158779442309872 0.169043545831062 0.161797987116473 0.00534858892024351 0.0975432848067276 0.0669865731522817 0.0752525758286449 0.101449801653942 0.163798200380753
0.0539216125910144 0.0251339881297199 0.15926882597879 0.233128349167052 0.0544744357390416 0.202939475030764 0.0611995600585886 0.157031758473816 0.0529019948312128
0.0587672455836643 0.231383427379827 0.104619629746047 0.0594892288384926 0.00514609972514423 0.0964580744967886 0.232072959099673 0.11271454896817 0.0993487861621942
0.0820437870317478 0.018349748491593 0.177317747407778 0.161876968240434 0.166681818324172 0.119385440758083 0.000121596504312854 0.0514649975968734 0.222757895645007
0.193017730087786 0.0189830752550847 0.160429237748934 0.0291242156076777 0.100161475192671 0.0233717180476879 0.216208639540631 0.238758990235514 0.0199449182840135
0.0448583371791268 0.154601685165678 0.179493268139174 0.0909796744433505 0.0661994116056145 0.117140890060053 0.131467422331277 0.162150129691797 0.0531091813839289
0.127913749845644 0.0233977684004066 0.0658721687374152 0.221722776352349 0.135044695460023 0.013515748839743 0.166134295611515 0.184263743164741 0.0621350535881628
0.0629409771431486 0.118674216245665 0.184348214207163 0.0690519997342108 0.151872101244507 0.0778372585290301 0.0584547929809402 0.120557140974671 0.156263298940665
0.154145532344384 0.163013717019663 0.0671261474192572 0.0889125476192451 0.136578755784578 0.0202548324195288 0.173360173820906 0.0617974039300786 0.134810889642359
0.215419342836954 0.0592395097449678 0.0020561937277661 0.0175191568110266 0.21622270016227 0.128227266859581 0.11220123252096 0.212192690149803 0.0369219071866703
0.201112861313177 0.130584634515887 0.107193461612367 0.0285007799478973 0.120075761201583 0.0314319702496694 0.106212301514756 0.094691923528246 0.180196306116417
0.156959126552825 0.0963068959726031 0.104897291436599 0.119472112951611 0.118193477416196 0.164505163882679 0.092467928718474 0.144434506568838 0.00276349650017616
0.146707367455217 0.0214203470491441 0.216488828976827 0.00524429267159326 0.184394019346466 0.148483028474326 0.0325100526257446 0.162155468208548 0.0825965951921345
0.0303291889189415 0.166745628901127 0.0285636774947362 0.176496705731033 0.100840820442562 0.164794266502665 0.127211702794838 0.131702907965235 0.0733151012488621
0.191709665699975 0.0055664605739844 0.0509558873433731 0.166823625520557 0.0176544030329492 0.128667968416659 0.11394388471242 0.159275164444107 0.165402940255975
0.0418422130710882 0.0385476614141693 0.0118281194943947 0.0813650785341222 0.21384964621225 0.0134563112261154 0.213428162404399 0.179616922676778 0.206065884966683
0.160666776903092 0.133158732580431 0.144352928052102 0.0374259197999676 0.0238818581098963 0.049965208178942 0.161730283900748 0.0990576338714298 0.189760658603391
0.072971778057741 0.115631735875216 0.124999647050676 0.0726509784292327 0.119462611277643 0.0726691997872175 0.154893130267518 0.138982568508532 0.127738350746223
0.0938586592831208 0.130086690201774 0.122426393028061 0.153726847971496 0.164500568661495 0.162278247171869 0.0381554990415469 0.0404010566324834 0.094566038008154
0.241391212985139 0.101724751968806 0.0959661781613764 0.0555026567115252 0.0487338353874186 0.142304991743167 0.0451026770796472 0.13934813219272 0.129925563770201
0.108652712921259 0.100533633634202 0.193330187323174 0.225959292180549 0.0309004331125802 0.0138672701566241 0.00562448697085143 0.143373971123139 0.17775801257762
0.0610050642475448 0.0628057286441114 0.0587378193154471 0.282339486288142 0.0618919275924498 0.0400421175610304 0.108985848439457 0.094574253599051 0.229617754312767
0.0267509034006417 0.0655855099721836 0.218050730106332 0.0469937007339399 0.100243512899533 0.173525682855839 0.103457642133081 0.0622446449544656 0.203147672943984
0.119928620007544 0.0742659505318648 0.13945398604438 0.154733355644327 0.073078306588801 0.0976627574199288 0.0769462246813894 0.113010035297965 0.150920763783801
0.0127887790447321 0.111631721945002 0.126615578838459 0.161095146683189 0.0882168784940542 0.219270704951682 0.0866618714964263 0.128667264979071 0.0650520535673843
0.0914732527006527 0.0366377130091067 0.143272166443193 0.104614005866968 0.114398233588586 0.09470772884064 0.0998815433531973 0.150084090102849 0.164931266094808
0.0620127276301699 0.0195559552435537 0.145458199790732 0.145861753492076 0.143589933149015 0.0894647799141918 0.149413592335588 0.203169888150674 0.0414731702939988
0.0486968248146174 0.104449368307497 0.000551477077892296 0.131452221740805 0.139398837713046 0.161921137929111 0.0576355338264088 0.178761404020962 0.17713319456966
0.101983528087502 0.0846232881737982 0.100902167556061 0.138419879824165 0.0921015709920355 0.0981395949951994 0.108600122719731 0.161395741630664 0.113834106020844
0.143155897368223 0.165653827871568 0.0116381118562152 0.15098377071012 0.157912139037913 0.0389117667787445 0.0201434117937817 0.0807811821472151 0.23081989243622
0.0122816825002812 0.0427361299238903 0.125508524804949 0.0593715539422598 0.182628418121315 0.0333163426888314 0.303440947073393 0.18278100397133 0.0579353969737516
0.194614007973353 0.220780520399623 0.0633427866431862 0.00466828113294749 0.0459301459472374 0.00212070407958704 0.124490748201701 0.139175676132536 0.20487712948983
0.222155692586618 0.0694959674615192 0.0165905690551007 0.0624163599597515 0.1978248291069 0.131264615770071 0.00536234236685635 0.100188267913154 0.19470135578003
0.0827122874520514 0.120251119786578 0.0647632524824593 0.0244066587692675 0.135910933185191 0.157745653028442 0.134764974216131 0.139613541551666 0.139831579528214
0.0187623708392256 0.183977905093414 0.145351720721047 0.00695641634014933 0.0793521107048327 0.17570640755164 0.158995901382571 0.0397916146592188 0.191105552707902
0.203379319053547 0.0366782255650275 0.00507017763185749 0.0946711726700663 0.193832882445526 0.16354527488169 0.181642586091771 0.00234224356471249 0.118838118095803
0.204430292885426 0.168550722348248 0.0223354049901359 0.0401839305604436 0.208106380690647 0.122468084148354 0.166704680471591 0.0154598499485169 0.0517606539566374
0.135803147575401 0.168283900195165 0.0572418022286988 0.110085329538132 0.0998804568678356 0.0482911496367762 0.133361557178138 0.0580549530713359 0.188997703708518
0.130060070838172 0.0619373939321996 0.186852304342577 0.0449131623388112 0.141670845230972 0.0641447202302363 0.0793606964249641 0.127004656189086 0.164056150472982
0.174009437320048 0.0613214040776407 0.195457998742914 0.129827980845378 0.16233209206291 0.0943139409070961 0.031430742349114 0.0227121015827534 0.128594302112145
0.0827398493151172 0.194645308911314 0.027956018001595 0.158387409047435 0.141692717705618 0.186280870499783 0.0210364699940238 0.0924010754118849 0.0948602811132284
0.162313718927049 0.162096337541022 0.0506982263758759 0.0826353378166818 0.0126644349952826 0.187588079099567 0.137779148194647 0.0960639282968286 0.108160788753046
0.179842994234314 0.0712217577370973 0.105121475509209 0.096114276104624 0.215133081574965 0.0706973295232972 0.0876836239173115 0.154126370595996 0.0200590908031856
0.0227732242732067 0.136238657596605 0.124431323876012 0.0489313437324182 0.155016044139447 0.170752575760012 0.1538474974324 0.00952762812887341 0.178481705061025
0.0897146820499492 0.0982472108346277 0.120272482695897 0.0786395683612805 0.197726047255801 0.0183718751848062 0.149590684211939 0.16787123904944 0.0795662103562589
0.0690614364354153 0.185659320305787 0.0412505635711302 0.186290516058782 0.0953202344235564 0.00171607685045163 0.151001325661715 0.146511041867215 0.123189484825947
0.124792073330374 0.0471324344735079 0.247277538192322 0.139194666439987 0.0728924723123288 0.0326509606095711 0.037638695417964 0.260314981669872 0.0381061775540729
0.0552295006274454 0.05955484877914 0.0772273949038831 0.142216662375432 0.146955104145866 0.072503755478194 0.145049591091854 0.159431462042505 0.14183168055568
0.0247172985294274 0.147143121274647 0.142612530044713 0.0427458405500313 0.154971506749614 0.150519823621232 0.170867351789127 0.016740756748769 0.149681770692439
0.120712550749867 0.160021099717015 0.056759964291056 0.0467425399617074 0.207374741664789 0.174789937755628 0.124345198793 0.060052420274248 0.0492015467926895
0.163084216471247 0.00491584687784649 0.0345169425215699 0.136217998441904 0.0932111499545816 0.208423188229475 0.149897579665732 0.160662104714286 0.0490709731233587
0.245845265356509 0.0086806628701052 0.0938709190790437 0.0749187491859221 0.0987263332291952 0.222739851359406 0.100464719011312 0.014201220893287 0.14055227901522
0.145736307969181 0.118946675104169 0.0928778998790621 0.135981458370873 0.0317668512457726 0.166764422427841 0.0860018958744162 0.117969253581495 0.10395523554719
0.193278531460845 0.0248024933001587 0.139707182362733 0.175426595855393 0.121792486564705 0.0369597166511999 0.0610434112788549 0.0984845518518409 0.14850503067427
0.00894129888486667 0.120628881004864 0.0706219403818607 0.0432673538834304 0.244179899143608 0.0717176040072573 0.0895816024382959 0.0739158680617634 0.277145552194053
0.085461924812857 0.173971127388519 0.0890097309941678 0.0179803765844016 0.116993667430283 0.189626220529185 0.193963671768563 0.0385804194629005 0.0944128610291228
0.160426773332277 0.121268372378507 0.139051825882667 0.167600576817938 0.0665512885169692 0.0981403807771132 0.0249365832106504 0.0680977181934247 0.153926480890453
0.136850987268764 0.0298366472155134 0.0186194067934395 0.0542944704193219 0.21850471359005 0.152503060575294 0.0699140479376375 0.109719625449936 0.209757040750044
0.135995852779559 0.205228500299422 0.166449696992877 0.115265633196413 0.0493042297212165 0.0361251320542976 0.0803530108874168 0.118953962779865 0.0923239812889335
0.159214261211421 0.185266319634231 0.128358478260117 0.0234267399383279 0.0880432393388764 0.0868738177339365 0.105178058845886 0.157830137783648 0.0658089472535558
0.185724160557368 0.157255586953533 0.0507002262001997 0.125481536154293 0.125035908279509 0.11892970378995 0.124280816429362 0.0105998496002324 0.101992212035552
0.0798574990712546 0.107276802727836 0.148579285685395 0.0101033669895837 0.136582076600892 0.125245691506934 0.065911138545871 0.184416741339456 0.142027397532778
0.291894315398401 0.0259877778057458 0.239170424049559 0.00283685348245681 0.00988941435089986 0.177949602328522 0.00494063499312868 0.0404804963644151 0.206850481226871
0.203685215711545 0.0978405271844719 0.0642617507516279 0.094788557315218 0.0163983663152634 0.0397351692957909 0.126792325094379 0.179836173753432 0.176661914578272
0.186256663140202 0.190160659391241 0.0984688406269618 0.0473963006115491 0.146408547739465 0.0293537821862454 0.138815612786001 0.0111148764193601 0.152024717098974
0.1712819160916 0.0965192918298645 0.0912504922295522 0.101720761955804 0.118017092394296 0.214040644745348 0.170253781048625 0.0359426412925686 0.000973378412341113
0.051210095926939 0.103205832247442 0.166105067433748 0.198658386714285 0.111204311699661 0.0979483424948437 0.0537695871589765 0.0354181799161918 0.182480196407912
0.0502181675971636 0.21200115041681 0.0301531566138929 0.172871524703304 0.163381483656614 0.0253757536571916 0.0640864792561882 0.199321763036813 0.0825905210620227
0.185813789655781 0.0423093373068418 0.0541629507992226 0.0343316430232072 0.000623510630749564 0.165288847757892 0.26426235280609 0.0522077761723038 0.200999791847911
0.143756175294803 0.119825417562979 0.131497054487745 0.11768826841871 0.123661609021199 0.118266134003186 0.032725114411998 0.0397455002280102 0.172834726571369
0.0764249265502155 0.0659418343228828 0.120216492382642 0.0987531515912685 0.185312925601704 0.0525377901643423 0.222638089545027 0.161706272164215 0.0164685176777029
0.0931648307020383 0.207204664597956 0.107478639826008 0.000876211919305723 0.181468465101364 0.105320551737651 0.0215969096468354 0.280196482070316 0.00269324439852571
0.164657597937701 0.108158865424402 0.0492058506476567 0.144002659870254 0.191538781581234 0.0338574165492061 0.0494675478750063 0.0216452429529888 0.237466037161552
0.0242777936680415 0.0328001233971854 0.0486129722706501 0.126580602334408 0.146999667063268 0.220323657987272 0.147954971703067 0.111760508590677 0.140689702985431
0.13606828930597 0.158297097792389 0.184677284384466 0.0411901049806984 0.0765756846572443 0.131297015820406 0.134248199619486 0.123152372789761 0.0144939506495794
0.0422081213299356 0.0935000234603388 0.0884847762902636 0.114973252429622 0.205501286911055 0.0525066540109947 0.0853138499594363 0.15377912265184 0.163732912956514
0.178392331993586 0.0583043424351944 0.208561284119065 0.0457958853251046 0.115471772118225 0.0282717545009033 0.203673513114748 0.129802209602295 0.0317269067908792
0.165557750511139 0.131008843640771 0.00733142640335077 0.0467810707467536 0.156806547982482 0.0315942542513116 0.216365902562664 0.0245907637907695 0.219963440110759
0.0850620325153853 0.0933298182906907 0.148822993769498 0.106876538986687 0.0867912617555383 0.105266941710953 0.0220470837763909 0.147330671098719 0.204472658096137
0.125944258471195 0.164893779418925 0.0354039085935669 0.00967250723058765 0.099351456922982 0.0640240981515819 0.101682953088327 0.180015006661847 0.219012031460987
0.131355951996198 0.0806484472579547 0.147612787555177 0.0549740262618349 0.153120995824538 0.144121912488513 0.0677431565256305 0.0725333474913023 0.147889374598853
0.153022649311642 0.153879693991516 0.090769284542344 0.0637230591649248 0.11132059354035 0.100943723034795 0.120303375734177 0.173287272556718 0.0327503481235326
0.0103922262002287 0.0697990935708987 0.0807902151070495 0.180553655440737 0.171653768759767 0.0346586007227749 0.134354979652484 0.115095653706602 0.202701806839457
0.105211546927843 0.0412028331028888 0.174222207624505 0.211779106017713 0.123939534694405 0.216193248668197 0.013939099989432 0.0200245076876366 0.0934879152873792
0.000432369240462396 0.14093834957021 0.113840787074605 0.141573045380171 0.121569864533138 0.0022825228140814 0.155311665468418 0.170207858927472 0.153843536991442
0.0592135566122625 0.182101888539489 0.156806109213119 0.0800720937907886 0.0193967784963938 0.123048459221067 0.0726325487214281 0.153779673292644 0.152948892112808
