0.117031107909767 0.102256347168841 0.132782924410598 0.253064476506108 0.161963937267605 0.23290120673708
0.242947791616078 0.323170448754253 0.180514268351273 0.0755097939475514 0.079356823957982 0.0985008733728624
0.120221328341385 0.0236358056292668 0.17440073008292 0.163952065087929 0.281306076775184 0.236483994083315
0.00343586255085408 0.0796354210583585 0.262863348878125 0.287473891306355 0.237842352631111 0.128749123575196
0.241727118869191 0.0861889803811875 0.201218824421874 0.168671058792308 0.180216267472378 0.121977750063062
0.193431066274592 0.152081149701124 0.0194835310913054 0.123845359781551 0.271796837448662 0.239362055702765
0.158986485330353 0.160622406017472 0.252222903167413 0.0684070698601255 0.257616237501086 0.102144898123551
0.035487095942988 0.34748036393508 0.162573357719045 0.236509340839375 0.00201604912774274 0.215933792435769
0.177878426193377 0.171020011847684 0.227006676319359 0.189901532896271 0.059475306490775 0.174718046252535
0.135965939675757 0.177547626042175 0.127847356887259 0.190703594381726 0.179002490990462 0.188932992022621
0.138614844638355 0.102425479183663 0.010853485195992 0.166156990886866 0.296130315195038 0.285818884900085
0.115819774115662 0.157925332335004 0.238897821641584 0.291797580892358 0.091719024507515 0.103840466507877
0.0693621655069225 0.184337383582285 0.1357729722342 0.226792089215929 0.290808588356169 0.0929268011044959
0.0178575240115932 0.3587748796417 0.156690183468889 0.309254423576504 0.00443995666771795 0.152983032633596
0.0146590273278815 0.461784615711153 0.139082238614064 0.0660378455076861 0.161458095398729 0.156978177440486
0.175155754489349 0.190712723400743 0.00680786813605107 0.234503869192381 0.335962972037418 0.0568568127440586
0.283419110649138 0.182312996763354 0.126496135942257 0.0531020647806947 0.0644658180039221 0.290203873860634
0.263798804626449 0.257528061919084 0.013701584343215 0.079485123347228 0.234092983410067 0.151393442353957
0.222599856549249 0.0871833892624665 0.0762356793919606 0.206589613696929 0.31672126349632 0.0906701976030748
0.0415998895790585 0.304454516215195 0.172556400806898 0.242862677093702 0.142097946601811 0.0964285697033356
0.155476052971849 0.0640251878966891 0.20008695377731 0.282401452344638 0.0509134475431527 0.247096905466361
0.134938617988027 0.210264586233222 0.027342051924598 0.224418710776093 0.209463819411083 0.193572213666977
0.0203653674928177 0.203481284075171 0.299338798681559 0.207359819403115 0.255413436080894 0.0140412942664443
0.0444922724612851 0.381081229076802 0.160385085574216 0.222036333614939 0.076217124941883 0.115787954330874
0.0775820745312771 0.127899313216502 0.302879243563977 0.07523797158243 0.132389129829863 0.284012267275951
0.247430090006292 0.105449254808547 0.1305015693541 0.189635110517125 0.222200416244619 0.104783559069318
0.0525634336283509 0.0127170019636862 0.338626329195714 0.17727065047283 0.365922087742624 0.0529004969967942
0.298013508808635 0.0678731115905163 0.267517991549983 0.176753859116081 0.0402030461333165 0.149638482801468
0.299529402318573 0.0790855825342207 0.00170390502915229 0.299278065386225 0.124723814642034 0.195679230089794
0.290369636511111 0.0621943181682627 0.257093647818695 0.01473784433993 0.1829656100651 0.192638943096901
0.163050101310473 0.0685443275707606 0.174292099463726 0.205035977509342 0.107003032868102 0.282074461277596
0.232338449505815 0.217364965155192 0.0463350265741796 0.193605370802086 0.0990761311163569 0.211280056846371
0.190052118640776 0.179365209403715 0.17268282224511 0.189908650079852 0.143020427651242 0.124970771979305
0.0911690360105188 0.0240363105873445 0.0494356000538768 0.0389343316945301 0.492747890299675 0.303676831354054
0.246552844281817 0.0460127868597596 0.0305553946780685 0.231896941716085 0.119526965679499 0.32545506678477
0.239336193613979 0.10916982052433 0.0296400556552455 0.164741499492729 0.262218737914703 0.194893692799014
0.165850350445625 0.289998216227208 0.180190877967277 0.0848349460005518 0.222974178173314 0.056151431186024
0.0944326156560455 0.256019598690057 0.0200497356678208 0.0807563954660328 0.327539249463653 0.221202405056391
0.243441225582792 0.101261842432093 0.0362567411799196 0.269319557855949 0.241131643479408 0.108588989469838
0.114142320333017 0.255761189293243 0.133739465652243 0.371678483012404 0.0292185932917433 0.0954599484173495
0.0753632104466736 0.230086552737539 0.148151420518486 0.238222857034811 0.0885399380919576 0.219636021170533
0.285399484261814 0.266498076899609 0.145089521669126 0.155577521924361 0.0184945585948797 0.128940836650211
0.126658035876859 0.334634035417862 0.0053834426029281 0.017737887777058 0.320993965556027 0.194592632769267
0.285784417195223 0.0162712689422141 0.172328682326343 0.236313818247086 0.141264599949105 0.148037213340029
0.164046324461494 0.13116909183422 0.240962218691133 0.0104890320142375 0.232650264781074 0.220683068217842
0.200893663662508 0.202404738137167 0.18334242228999 0.128654980017204 0.157536509169672 0.127167686723459
0.123634457756536 0.160775608527793 0.0413682251764102 0.0343491138127694 0.149666953683542 0.49020564104295
0.0304468723684909 0.152466448708803 0.138457688194474 0.128997841828137 0.35462007971092 0.195011069189175
0.226104653403965 0.00774043242133958 0.268922105105503 0.000285282431280073 0.201194692050453 0.29575283458746
0.15429569756015 0.111688193993746 0.043896694633463 0.312899179128772 0.178571651808605 0.198648582875263
0.221274240824292 0.250651856501276 0.0193725038915778 0.222746561050491 0.0865242622777809 0.199430575454583
0.285350076342773 0.24985047079211 0.252474717552566 0.178791476959134 0.0328616487772181 0.000671609576198239
0.195937080553513 0.239299829267543 0.284827993061673 0.135150791185641 0.0603128331961612 0.0844714727354687
0.134811707571616 0.124703979356842 0.129357538091231 0.216213999501734 0.119940970402368 0.274971805076207
0.123590966974206 0.221204134280537 0.11922050702644 0.114219139346326 0.195860094408062 0.22590515796443
0.0862583366977613 0.105763710328844 0.311697348014242 0.227461981285598 0.101617858206752 0.167200765466803
0.170732499472972 0.148819274460424 0.186524763630975 0.131589266754578 0.18772352905937 0.174610666621681
0.297592148359519 0.161377149037196 0.1069347871609 0.298569967659922 0.0804215001063179 0.0551044476761457
0.225000255407186 0.264169149397253 0.00943042617305452 0.185160328559336 0.177869696383856 0.138370144079315
0.0665447529091359 0.214640172942569 0.220316802342563 0.0626502016824253 0.210123466617403 0.225724603505903
0.0597326667375515 0.189734024184023 0.0402251340585965 0.237013916537724 0.362945153165289 0.110349105316816
0.174489610377297 0.102210952657225 0.123356209700704 0.173817691838573 0.179036016533671 0.247089518892531
0.0628685443507762 0.267952300049894 0.164370233280326 0.274310903125973 0.190127125537343 0.040370893655688
0.160742970378806 0.0732631975585898 0.214294384309196 0.239180368323498 0.173357783067236 0.139161296362675
0.152807552147406 0.0199320937302052 0.122905406557457 0.215898986740811 0.201291497217312 0.287164463606809
0.0786890697556922 0.0388782827631633 0.362507082827869 0.0584553920175356 0.289547565438252 0.171922607197488
0.256327601463496 0.0469940866881802 0.236028191428936 0.23182028449845 0.136277003049275 0.0925528328716625
0.0341792351888878 0.11631080424873 0.128430199426886 0.263828872272333 0.177282933525112 0.279967955338051
0.108135615819104 0.0223026089979927 0.266172488756523 0.20704518955075 0.262328614175466 0.134015482700165
0.0160226998270521 0.294228841509921 0.0561447966063547 0.256763094832035 0.190243260105408 0.186597307119229
0.196752894370105 0.00106276705642044 0.27652460842589 0.0363132595674397 0.249302707121286 0.240043763458859
0.187496363848571 0.118726377799626 0.177489175108207 0.130538053372109 0.162958575013982 0.222791454857504
0.22814665016814 0.237581986870678 0.00562302713142397 0.0578577530846331 0.334149722751679 0.136640859993445
0.236675583089385 0.131184975701489 0.099291325283198 0.0719198374519026 0.311263816869581 0.149664461604445
0.202857745125739 0.171982221192522 0.229369907167453 0.121238582146591 0.143041544240886 0.131510000126809
0.173784427056176 0.209369185508295 0.153913549085813 0.189653434009368 0.125545670211158 0.147733734129191
0.309793570355907 0.11644757194913 0.0587419382515781 0.0840770327588748 0.27783292844589 0.15310695823862
0.108038246515075 0.264533694305792 0.0901800153697739 0.0760714211873044 0.252872700307728 0.208303922314327
0.168397023819841 0.383161543375601 0.0703696762967157 0.0634035117612684 0.125891558250417 0.188776686496157
0.0104326390340121 0.103863057597423 0.277905857937678 0.0343114764615746 0.283391647286943 0.290095321682369
0.0840996725391738 0.0474537421893611 0.244024042318234 0.324739725916912 0.047128024602653 0.252554792433666
0.209150304881885 0.21019169347768 0.176760992946683 0.305043843696058 0.0322527997218697 0.0666003652758254
0.215602429580334 0.221208355957436 0.134802879547976 0.304924880060053 0.10631245302651 0.0171490018276918
0.0761756998638973 0.240103234721807 0.264970149557834 0.12859486581589 0.0503584926595744 0.239797557380998
0.119600844877436 0.0866092240888246 0.225725144000246 0.10263928354293 0.263278116286956 0.202147387203607
0.230062852904931 0.0816908836045147 0.203900022334467 0.156115664584689 0.205386302126213 0.122844274445185
0.148809689670024 0.350203822955373 0.114385539289083 0.00350636257035363 0.0978074445253605 0.285287140989806
0.274994122651744 0.00442253756724138 0.0953697727423311 0.190354664539832 0.168926210223185 0.265932692275666
0.324111156346322 0.139259158190191 0.0336718606102676 0.187641464669691 0.228536929924876 0.0867794302586524
0.321644784653694 0.0677344755763102 0.161278515119874 0.123865529744368 0.316681759242756 0.00879493566299896
0.300949368869079 0.00281476185413515 0.127581956818459 0.180212073285478 0.224984494192538 0.163457344980312
0.118601878712431 0.281082250295015 0.00696876874546748 0.245160560162123 0.330996405508701 0.0171901365762618
0.193590015954849 0.184335869999908 0.295167426422496 0.0150118194865247 0.299543412460936 0.0123514556752861
0.16970491539588 0.181818604667723 0.149275365897887 0.252315613548644 0.152585180483604 0.094300320006261
0.256646688804804 0.262450353152414 0.00363259151098329 0.0975023454341584 0.197223805176334 0.182544215921306
0.0538313271919203 0.359885300973534 0.0910541310386628 0.0708778185284921 0.20562314454006 0.218728277727331
0.29892331281897 0.112960815949594 0.110886324967385 0.0538489141027777 0.21721497757897 0.206165654582302
0.297857274927524 0.115089838070968 0.186540727831311 0.0505687863104474 0.11128410258152 0.238659270278229
0.0302893611134165 0.0874887542457005 0.323646580541774 0.0242849716652526 0.239084474904108 0.295205857529748
0.0576546193911665 0.147484591787248 0.0249423729232298 0.15856142910906 0.45137194105318 0.159985045736116
