0.0492509790663038 0.171033474850154 0.276523328295741 0.0382996354385446 0.172977593878725 0.243941296768942 0.0479736917015893
0.118302373015675 0.126205261070558 0.252886522366912 0.129290855569679 0.215452206551572 0.0301080600850801 0.127754721340524
0.0681392674598685 0.125120993606111 0.097102002305655 0.189230072672221 0.238585769496576 0.0747458914884847 0.207076002971084
0.148037382782808 0.185974896340625 0.178995635114043 0.145022105787401 0.19712247634366 0.0449289964294653 0.0999185072019965
0.108045668682162 0.195343521366264 0.0251995973992808 0.224389361148918 0.23599873915598 0.0387274789582176 0.172295633289179
0.125278954537401 0.0490699709565203 0.177765292509634 0.157147767456938 0.171606360106797 0.133891255398199 0.185240399034511
0.177290797060595 0.186024681781017 0.0235272357539921 0.164711144171692 0.1221622066122 0.153741340347887 0.172542594272617
0.289184366990581 0.110901763217781 0.251376983793761 0.0736981032128072 0.0126224494815037 0.107853142641052 0.154363190662514
0.0968981552951294 0.16996831828641 0.195091597151181 0.15654134717686 0.127861741002871 0.200284251819164 0.0533545892683856
0.197101342134508 0.228127558304338 0.0785559534425336 0.158115880257417 0.0816250991695059 0.22198619935623 0.034487967335467
0.190699755818699 0.0989179710044371 0.25924011676103 0.0519175694532388 0.279106717073008 0.0499870137830997 0.0701308561064876
0.213519892393782 0.13403445867462 0.054266785211874 0.116750022797705 0.108116970387214 0.171061521534873 0.202250348999933
0.143990950444452 0.163355274722511 0.216812370914836 0.130870697575136 0.122237356392055 0.181147197335438 0.0415861526155723
0.222582942911175 0.143858692505444 0.0976791144015094 0.102897147643131 0.0149211592979607 0.164662501700176 0.253398441540604
0.205107445442462 0.0426363110470262 0.2488372742177 0.236517933526743 0.0245123945619304 0.0889780185387583 0.15341062266538
0.101542655364822 0.19465474881435 0.188225948634193 0.120986025386949 0.172652921127455 0.0699747045864586 0.151962996085773
0.0596376663875438 0.233523217866418 0.0395801260200489 0.134684542362244 0.251457152450089 0.197011551432942 0.0841057434807145
0.116822106873696 0.247751236527109 0.23473390785375 0.0270923600446635 0.10028586488075 0.178511133994409 0.0948033898256223
0.159410402273366 0.141298890727226 0.00397576454667985 0.187970160955933 0.187203395744704 0.195877313975705 0.124264071776386
0.120101625167184 0.169082243616268 0.265282446155405 0.0559272002839503 0.0478355023076632 0.250246215269039 0.0915247672004902
0.0874670514179107 0.226408185613479 0.0201250026884946 0.318583313123051 0.0413478813851052 0.0375863118324176 0.268482253939542
0.139681768945323 0.1254502896787 0.0493266672717444 0.104003958067757 0.118717265283634 0.143354250724649 0.319465800028192
0.253606775005184 0.201492293716659 0.138064587829212 0.0698425170756054 0.119637070041229 0.201200265528585 0.0161564908035254
0.116199848035772 0.0417113595890637 0.217354493787683 0.141822656148651 0.171249733051709 0.159698990963489 0.151962918423632
0.181270469993264 0.148227244928945 0.154948242057115 0.199308907293437 0.158508888866672 0.0420248841385448 0.115711362722022
0.247161775295749 0.032897539661014 0.16699740813466 0.10942413794353 0.186031205969623 0.000908054866941433 0.256579878128482
0.197649844347227 0.106915356981942 0.0960461020223325 0.116051949082618 0.179536170930714 0.122208123615139 0.181592453020028
0.13838094165247 0.187070607320792 0.0466874140248168 0.11269269444949 0.106192432119941 0.148153700682042 0.260822209750447
0.115343529712764 0.140177206724508 0.0302300956405329 0.149285478036991 0.0710975003356031 0.285106039836228 0.208760149713372
0.261629649963927 0.134667527997077 0.0813543534837857 0.226479215328492 0.134433210250236 0.0981900981043945 0.0632459448720877
0.0948253307872575 0.0109613460500359 0.213166484036227 0.108413201881618 0.0342263659527714 0.173918396461456 0.364488874830635
0.268060407893945 0.0161638511846841 0.228284295569098 0.0366153213083128 0.140715049131375 0.0817070084458869 0.228454066466699
0.102933085715063 0.265778944808062 0.00322632394142964 0.261633108749672 0.082136441993707 0.259847183979903 0.0244449108121627
0.266977292722829 0.185342476043769 0.121931566998478 0.130340957982266 0.0302625817341843 0.132674672394505 0.132470452123969
0.176533683554116 0.176904154312515 0.0817147057981057 0.178729301336687 0.144854163662699 0.0602060392733315 0.181057952062546
0.197998206751082 0.239644763551569 0.0414643518061964 0.185453685059393 0.114649690616934 0.185014727065352 0.0357745751494734
0.0450867458032262 0.0767367150218484 0.19400729038148 0.0185978149112597 0.110365047375935 0.312235729984136 0.242970656522114
0.166140903148495 0.283010374561302 0.0457672058707663 0.0819296153350599 0.346010121504874 0.015920052244403 0.061221727335099
0.153221936265042 0.0715408698142 0.118851323450695 0.135111877635781 0.00908013810844732 0.245139945167627 0.267053909558208
0.0836260467830902 0.147898833840013 0.136414846495076 0.201807873689501 0.220689927424312 0.010504927583345 0.199057544184663
0.204755635639924 0.0642443351799281 0.0771682566874237 0.10015832150173 0.128804600601552 0.239537567281557 0.185331283107885
0.201335567601713 0.153664301033967 0.137905591899092 0.025825239893458 0.175336747407933 0.00772357942649646 0.298208972737341
0.258962916624213 0.0211423401695733 0.0324845454441799 0.0564350353776235 0.249265637719773 0.247728530928302 0.133980993736336
0.183092140042244 0.0281455680490492 0.125641018470523 0.243672644828707 0.192051814055508 0.0716968076080704 0.155700006945898
0.2355235690774 0.186811015967358 0.104168807775105 0.187416312746735 0.0361408977355242 0.116705972070516 0.133233424627362
0.239136813037905 0.0451149688431016 0.00808035900895989 0.121121418076338 0.135633555708724 0.200390633609896 0.250522251715076
0.131457391552895 0.183145052663212 0.0953594195948992 0.204154562310673 0.192043362443587 0.191920764873356 0.00191944656137774
0.200845599641589 0.0719985484092362 0.0261252600237569 0.128704545761347 0.202864980578824 0.272447330568282 0.0970137350169642
0.0875505606983542 0.0703478660769317 0.256036206597397 0.1386487059326 0.174364151121566 0.12746405709872 0.14558845247443
0.0945964316971699 0.200893413002103 0.0457043268189477 0.17788286570025 0.268313127418807 0.0163110790241665 0.196298756338556
0.218113461565221 0.293106353727369 0.136586258055474 0.0268863298755058 0.194447432722749 0.0356370082534401 0.0952231558002408
0.189915610733584 0.220593083044348 0.0901594860815358 0.177866242928039 0.210867827952481 0.0516897575747629 0.0589079916852503
0.0768526006234615 0.213565043966005 0.160315795417208 0.132069411003769 0.279450538748119 0.124824352729364 0.0129222575120738
0.0978783277371452 0.209262277432306 0.168323480295671 0.0885762646131801 0.225980192024398 0.208539672774537 0.00143978512276279
0.247817295197681 0.0397198732844443 0.155555002614669 0.222128625639927 0.214742297416652 0.03774233644544 0.082294569401186
0.0152756541300542 0.134712309547674 0.254874958679814 0.0792056112254053 0.248659259018792 0.190449639697538 0.0768225677007227
0.0894279363223766 0.0827587908659626 0.11107250429574 0.039683437707505 0.225945762562576 0.20701844320813 0.24409312503771
0.205435830926569 0.235268117086975 0.173022644524543 0.141461408060894 0.0494442035335476 0.0775154446938684 0.117852351173604
0.238861184296574 0.350073062064853 0.014086602034222 0.0466282806726483 0.179714195004268 0.0634584117853536 0.107178264142081
0.0680019269198004 0.109901519796829 0.0886276419271084 0.106595315140194 0.122703122046234 0.348225300439338 0.155945173730497
0.114709860651368 0.152560426568467 0.0793264221155215 0.213046370600979 0.293864181587669 0.00938421764859043 0.137108520827404
0.183016473342428 0.0660387138270662 0.0839193800030882 0.132758958893723 0.237730855724795 0.0405816093874826 0.255954008821416
0.240000679118929 0.210334274455157 0.280686603730241 0.034190464563314 0.0262323786588859 0.206976350838517 0.00157924863495654
0.0421925872254471 0.517692312333013 0.18907574149806 0.0439920257544177 0.029356439966995 0.113986453682878 0.063704439539189
0.139882872839616 0.175692780744308 0.210276596441786 0.157802590609046 0.0318515300050927 0.221069361895045 0.0634242674651055
0.012944262519537 0.124200656422395 0.0652557783162493 0.184765320275204 0.00211304258879539 0.354822106696563 0.255898833181256
0.00617943568820531 0.201963001807071 0.341968720369782 0.319690828658939 0.0074687351827943 0.092247050702214 0.0304822275909938
0.203300012430695 0.0168351572471203 0.0769508912968621 0.102249815947603 0.197414364371538 0.188865736704874 0.214384022001307
0.390873726778875 0.195892930141587 0.079604471295342 0.056732147620787 0.141338905981264 0.0787938705275355 0.0567639476546103
0.097545309024566 0.0888931881457542 0.00182241746091692 0.217266828113013 0.0401674225929665 0.247930902011012 0.306373932651771
0.160338070061773 0.08099947258333 0.0384333352560835 0.208679219282629 0.251623598682969 0.0538401389719169 0.206086165161298
0.117810705769194 0.31811415071236 0.00443275370185797 0.171938314504216 0.00974606955641848 0.135370022505556 0.242587983250398
0.065413502398869 0.160424554230831 0.2084528962705 0.0508329351621266 0.217832620178894 0.263136261422461 0.0339072303363187
0.192566741699757 0.0755481040205718 0.173936333481894 0.0497315388467407 0.21098884252949 0.0204728290258651 0.276755610395682
0.22188381347323 0.133651212950139 0.00803553770833053 0.249318394475163 0.0512323786000215 0.188879700794423 0.146998961998694
0.196349991347475 0.0138739098731279 0.116168153598827 0.313925680662679 0.281838993888062 0.0047350672244235 0.0731082034054049
0.223239011066149 0.130326544211123 0.237140331666628 0.103496845366499 0.152312617865406 0.120253796463892 0.0332308533603025
0.279854026758333 0.0780003221994978 0.0249502950483151 0.010320220381531 0.0638720015109271 0.283943950139427 0.25905918396197
0.207499837338977 0.116606500542323 0.206463786647168 0.0858276870164864 0.0439990447158565 0.177207117840898 0.162396025898291
0.115936797076341 0.0947237897225685 0.0792838889017935 0.183173014122589 0.154602453698288 0.164206151630794 0.208073904847626
0.115857040041982 0.249563505151354 0.163751643555774 0.0270310860700159 0.00132377177998654 0.188357922263388 0.254115031137499
0.0889838483077761 0.113868378439497 0.0519456433586558 0.04277277982192 0.176273247688286 0.250773677642562 0.275382424741304
0.14643960376821 0.0592836184200293 0.120713740537905 0.260335419937395 0.164627223907092 0.0739453874110746 0.174655006018294
0.23030622150556 0.105790327422959 0.22960280417602 0.141378164797604 0.201085409567009 0.00696451979377553 0.0848725527370738
0.0528436215965879 0.0260791055873684 0.060523743547335 0.241424598443032 0.191640629200292 0.156622074778026 0.270866226847359
0.180207884019865 0.150055819364614 0.209352620042689 0.089156611606312 0.155275314849563 0.0589221458459573 0.157029604271
0.248689425931898 0.114072080261733 0.0110006270224958 0.232508905151717 0.177459071563447 0.0418322727323221 0.174437617336387
0.0514165393371532 0.0112795069139806 0.245189614039044 0.134342561930629 0.239499838439216 0.166357165161636 0.151914774178341
0.133709807285367 0.193083105613248 0.151008695483427 0.0429361293340989 0.180727942079367 0.0220724934791264 0.276461826725366
0.0614807789736927 0.130787070573597 0.0280268394354808 0.253234539604445 0.218027507144683 0.204330266826942 0.104112997441159
0.0877758668242451 0.159605188878659 0.0926610616649648 0.199537204274968 0.19421758728913 0.0835110045009967 0.182692086567036
0.23081281508469 0.244270720517905 0.0123789608737644 0.0742858890130144 0.174994102517617 0.174474991563608 0.0887825204294005
0.255645240637466 0.133192076172811 0.238154744501296 0.0438903786690802 0.0722785898125178 0.132000770304641 0.124838199902188
0.0925633968507358 0.196131442743247 0.165167587882786 0.199794610260301 0.189620542313624 0.0236581528905884 0.133064267058718
0.122255580489091 0.145619342999238 0.158658718223362 0.106653503378647 0.093944298837267 0.231691000700123 0.141177555372273
0.140322822696225 0.223663536552071 0.108119053151493 0.0162090100963645 0.24565595402165 0.205252031790979 0.0607775916912174
0.0590893865391881 0.112254150740846 0.210341618142943 0.153122219157254 0.209435468279912 0.10418669056463 0.151570466575226
0.152800858068127 0.0703740885359081 0.171976795897578 0.211220561867441 0.196829247631226 0.00835587326294665 0.188442574736773
0.250659554048292 0.203014088177494 0.0415133583993467 0.220141282755772 0.248810520808622 0.0290549274160112 0.0068062683944616
0.16659341002047 0.226417220110914 0.208365464622441 0.262343845313859 0.00211620140529467 0.0695978285499809 0.0645660299770404
0.343598580502778 0.272431316908994 0.0686190099737677 0.0359436189597984 0.0506369774891166 0.116370743065078 0.112399753100467
0.0943356952998517 0.0994490572885881 0.169258718052882 0.218184359738984 0.105064015636425 0.273886461268959 0.0398216927143109
0.172461620487651 0.229708743569265 0.0984042858878392 0.00975279643112783 0.186696538913937 0.112516809290187 0.190459205419994
0.10278816020858 0.037757773213816 0.245794177947379 0.208636002300143 0.0611325992693522 0.210262315487255 0.133628971573474
0.247839954356292 0.162400355609662 0.0813372287494728 0.213074672360085 0.119594039140196 0.154886433175993 0.020867316608299
0.0692479829676484 0.0275002134787993 0.172041378367807 0.261815820520934 0.087918469770369 0.175247441654749 0.206228693239693
0.0110820204227806 0.251107521416099 0.0508961888995511 0.0867578443965095 0.28404300276048 0.288736756168531 0.0273766659360481
0.192186156867338 0.0324737895959191 0.0944074143253385 0.100744221472607 0.178622494933817 0.249914104535107 0.151651818269874
0.0730399255544967 0.0130876547727795 0.147854591618224 0.142443899770471 0.184274759691774 0.249676504820807 0.189622663771447
0.136425209839652 0.0728292443055907 0.063342977814291 0.0652403161419105 0.19604615872843 0.193308615588823 0.272807477581302
0.180191749540654 0.240509569999113 0.10187338610837 0.166988635029972 0.0731154488379779 0.0828888613747082 0.154432349109205
0.194443162331425 0.0627422906015668 0.0177300797104729 0.0798141197692498 0.0135503918233643 0.328995521286242 0.302724434477679
0.238511557377479 0.222700245129429 0.214046570535551 0.106813850089475 0.19302430247181 0.00819941856586922 0.0167040558303858
0.0337002516994655 0.203783262600226 0.0697097246281847 0.242372841250165 0.244959220903936 0.139261408651789 0.0662132902662336
0.296171613053374 0.179376578138017 0.193561892132857 0.0505001259859973 0.0720359926908213 0.166622396850686 0.041731401148247
0.017858890734177 0.0369134515584306 0.272210377805597 0.20240790417537 0.102455704496019 0.217146289429838 0.151007381800568
0.148338681446471 0.271646764236219 0.0586472819299014 0.123235184758266 0.0244249035736946 0.102030006793331 0.271677177262117
0.285768083969578 0.0760780515926615 0.0577758974470951 0.00390797298661692 0.188538278850449 0.150968903654717 0.236962811498883
0.0436789574808074 0.05288769602396 0.210768478356832 0.0688128603179076 0.085416872382535 0.322256951922072 0.216178183515886
0.156476315173479 0.18004659568476 0.00402011513639049 0.077106850851533 0.162221785266994 0.207749176745703 0.212379161141139
0.186968704397305 0.171879791150709 0.208498122855647 0.118972621004469 0.180659312843947 0.0339082046100498 0.0991132431378727
0.177396777143707 0.230581276678344 0.154514230733601 0.036397709759714 0.0628917659034045 0.0500482454736027 0.288169994307626
0.0489602566296351 0.187658922966878 0.17819378576689 0.157178257822344 0.101673540200106 0.164886320604481 0.161448916009666
0.118542053274723 0.0152404077825497 0.365344832263515 0.227136259241682 0.116662875626269 0.116361646196669 0.0407119256145918
0.0110171901633407 0.0133942058927839 0.243474357442095 0.0879103838625896 0.124465224474961 0.195846527998546 0.323892110165683
0.103400831076882 0.161341222619271 0.20603511894259 0.205189860423981 0.191931171573552 0.0698369508596286 0.0622648445040945
0.0391716972878221 0.205382440642477 0.199436312547794 0.166337744931899 0.256603371965218 0.00549162712091664 0.127576805503873
0.126775885225685 0.0345516055998056 0.0674857989788933 0.226647848440598 0.0802090878533906 0.221602946481772 0.242726827419856
0.225736779632864 0.142193003819329 0.116605892219855 0.0864455949308856 0.260449115929811 0.073387552749306 0.0951820607179506
0.146463728006958 0.166869379429338 0.20211804408196 0.00655215230152081 0.199214477964762 0.0209799096867892 0.257802308528671
0.0381242540609561 0.0947673184597606 0.353490856746677 0.277725845319041 0.0401611490081828 0.0765503362688273 0.119180240136556
0.254621186080073 0.315885947666944 0.0528915746998709 0.208437852928202 0.0678039877540201 0.0685120114317562 0.031847439439134
0.253994383033561 0.232805859517202 0.0277576103225573 0.044256585914035 0.0701534884947645 0.253796435106094 0.117235637611786
0.0447437425235072 0.0165281045915413 0.199177813108377 0.273934270789589 0.119434265200088 0.200169284321453 0.146012519465445
0.168107932164798 0.0752660809372368 0.13439537886387 0.0811715074970539 0.204683308861525 0.145675767507025 0.190700024168491
0.212451239320027 0.0863581022025375 0.201073891022173 0.165745094113014 0.030547750718643 0.0718275161714512 0.231996406452154
0.0263336076408257 0.170417143749851 0.196561011142307 0.124380902334642 0.228182432350978 0.160527671698529 0.0935972310828671
0.213083025238382 0.156791781350905 0.0437393436642505 0.014822817723576 0.262236854580563 0.189913906760552 0.119412270681771
0.14803385936852 0.191144299866556 0.201063770147708 0.14066578297068 0.00190157447730606 0.164162294698484 0.153028418470746
0.0093431919649894 0.232835429492823 0.146578729639363 0.364481611058795 0.103250086445692 0.0441931560803213 0.0993177953180165
0.249947487822529 0.105670921429543 0.127383416361309 0.140051184294037 0.113369511340905 0.133915840214531 0.129661638537147
0.210028038184354 0.0202477732650203 0.190582239232743 0.191121900396348 0.0539549781129215 0.133813167143227 0.200251903665387
0.200474812276791 0.199110985497133 0.129790202213887 0.245970313419381 0.0339954513405126 0.0668760109755037 0.123782224276792
0.0138316214752976 0.241247925851838 0.220612624374574 0.234543534726494 0.167876745454474 0.115810889045249 0.00607665907207235
0.113637809226414 0.221671773759466 0.128189420494288 0.12978838454978 0.109673443875066 0.207661573666607 0.0893775944283787
0.00665032038106359 0.214673788670043 0.171202965830167 0.229880420861912 0.14926731317118 0.125591105431269 0.102734085654366
0.250604381130304 0.09686708628843 0.160133738390113 0.210773720908019 0.0287395689047886 0.252127874770556 0.000753629607789915
0.0855485827000042 0.178500496343168 0.16512758065172 0.122091564073087 0.196109404440261 0.070903332358617 0.181719039433142
0.0362961555231164 0.0878604939771654 0.103634710936841 0.194596587715732 0.234210008472173 0.19798856565889 0.145413477716081
0.0906058285869229 0.0389173394441076 0.148786244780922 0.210610075771276 0.209102082365469 0.121899840520285 0.180078588531018
0.218352787167764 0.0176706847892414 0.113158600476885 0.0450408985955235 0.193472872668336 0.191451922563883 0.220852233738367
0.260631396150448 0.0742884367059443 0.06870973805673 0.120021395335387 0.222776570604949 0.199804936497526 0.0537675266490156
0.155640579996402 0.11033227736339 0.152407732751619 0.149979251085015 0.0844538855205722 0.221999277314441 0.125186995968561
0.155316529387827 0.182689556169158 0.191206858632026 0.064395859667209 0.0929360377220095 0.17389750822987 0.1395576501919
0.130086780592456 0.0817675778975721 0.106715248572164 0.207200109005034 0.161630083668191 0.211898731020523 0.100701469244061
0.118667666126196 0.153659037127285 0.0647844381989565 0.12018366243072 0.220730736485909 0.264594162413342 0.0573802972175916
0.155575552888675 0.0939991228207878 0.184092703476379 0.069225299352893 0.173847785091085 0.151204567191223 0.172054969178958
0.178133129557892 0.198326774795159 0.179558111537294 0.118336534088631 0.148318322473404 0.00616489866396384 0.171162228883655
0.0547371465295747 0.0752150707982658 0.255607282965295 0.125911395618851 0.129427612303132 0.197507732557386 0.161593759227496
0.0550976465611522 0.275762268690658 0.075979243716736 0.115760979562264 0.200341990598787 0.1568413662512 0.120216504619203
0.244172633040635 0.207309579197048 0.0530595106628421 0.0631438161983336 0.211382219813501 0.101730803696612 0.119201437391029
0.0158143656231014 0.0231695385868217 0.199557043421224 0.241103028887188 0.105027835399446 0.175779804308999 0.23954838377322
0.197347829076162 0.147688417604022 0.118035453906789 0.11199105148415 0.0856555805507894 0.206855895927295 0.132425771450793
0.191815855083923 0.0374708785706122 0.181283358074634 0.0309027479747268 0.0654833292193262 0.23934918013796 0.253694650938818
0.0124654874035591 0.174515183953492 0.124654788497986 0.230351580399285 0.105257079481976 0.0849230441041636 0.267832836159539
0.099631077450362 0.206142222923244 0.180614549636272 0.0108508586176248 0.01747716468207 0.291786534329989 0.193497592360438
0.100194235682469 0.10934438542007 0.287059798603348 0.212786120217037 0.0519608248545592 0.147937744373281 0.0907168908492358
0.00866085589281895 0.0309059921733156 0.292831830045448 0.0196708576410187 0.212005545435231 0.247915426216312 0.188009492595855
0.146789246297282 0.0903629048154361 0.249142897099901 0.0829102518973945 0.129289654768697 0.209697002236163 0.0918080428851261
0.0299652216727309 0.0856496458901378 0.289948382446159 0.025989426306676 0.0529415433226387 0.363360937183468 0.15214484317819
0.0447681550098919 0.0048838711678406 0.0489243327477923 0.367246237249641 0.297512165260422 0.000891083449334278 0.235774155115078
0.0179792653970685 0.230495944292809 0.162616133074268 0.300372229835455 0.135488209619914 0.0635473934793145 0.0895008243011709
0.303600496523945 0.130493014836025 0.189919306603406 0.0243457787268895 0.062709607192635 0.229884025769183 0.0590477703479167
0.0282311024108036 0.157814644893012 0.133395691340521 0.0252998153990957 0.150786157055409 0.25322622746281 0.251246361438349
0.0524956471121357 0.210945134143761 0.244363581403313 0.0525829846354728 0.210201463868953 0.101353606320994 0.128057582515369
0.177427963263772 0.260902865219986 0.121769462753261 0.134337709951856 0.0767043682683045 0.161242469682792 0.0676151608600285
0.280584883112463 0.0338743996155721 0.141641259166113 0.184622503246286 0.101258735319968 0.0653817603042802 0.192636459235317
0.219699316110734 0.207822481626647 0.162588243244864 0.140461569519097 0.0422101604230409 0.198602252606035 0.028615976469582
0.183675687963499 0.0636591177385804 0.0350749324443788 0.0817324915891097 0.33929742179415 0.05657930399741 0.239981044472872
0.24525823236306 0.136861921717149 0.147489429612213 0.0154397282295932 0.129992499523141 0.141897301122953 0.183060887431891
0.111642069876805 0.152579656506662 0.211555164196131 0.10160741563417 0.127778036165739 0.177930479004636 0.116907178615858
0.206341529260001 0.0855654604462134 0.0974656450657868 0.0701755759387739 0.274843669592311 0.11371416855881 0.151893951138104
0.0131486345781593 0.131894084374695 0.0642781220017573 0.120978359516736 0.193485245968879 0.239677352991797 0.236538200567976
0.132143413150798 0.0488298889531775 0.165012601341489 0.139998152200694 0.210917137651999 0.203836954929521 0.0992618517723217
0.184962914845193 0.0578674350011453 0.185556849595448 0.168001978681529 0.132315149588911 0.0815752237577958 0.189720448529978
0.169151709423968 0.0216967366782653 0.216268892913163 0.0539552294614533 0.291465632276346 0.0542773969145197 0.193184402332284
0.172668328511411 0.0585242958795735 0.10361407055633 0.167270170294758 0.17495255906717 0.132648288361534 0.190322287329222
0.0661403559645075 0.0788725271326535 0.0555194360185206 0.135209307404497 0.265688761224749 0.201455302471967 0.197114309783104
0.187201849264868 0.0287219251685768 0.205879588943329 0.0720437532472697 0.213637263950538 0.0941416028987692 0.19837401652665
0.220863822067135 0.234024303709619 0.0123668303607318 0.112530513520934 0.127661031110346 0.0391816204419834 0.25337187878925
0.119431013740576 0.257251831592232 0.0464095522498549 0.188800482250582 0.173014365379422 0.0224161261691745 0.192676628618158
0.129374335930415 0.209784069762944 0.0854083135060038 0.268037908573475 0.133974138935238 0.0744356704343396 0.0989855628575857
0.196624305248 0.106911258716034 0.0924135848814763 0.210647384961451 0.151819592605532 0.0106067625353261 0.230977111052181
0.203984005722277 0.0517382767240992 0.116253226856029 0.0575008027312922 0.0706476255001613 0.202082280940457 0.297793781525685
0.259912435601588 0.0708059801820007 0.201852106280853 0.0439973887978034 0.0640121237629331 0.267621950479406 0.0917980148954162
0.0239707055264458 0.217591878503522 0.103661327743881 0.153624508179239 0.155830641536497 0.233801905926574 0.111519032583842
0.0892772939797911 0.200343057348475 0.187489481827943 0.17933830620946 0.204015195601297 0.0865597559620121 0.0529769090710204
0.119915600537713 0.0872433441683123 0.0671128723337377 0.0197761180987111 0.231931526613031 0.270761185618697 0.203259352629798
0.0319603967969734 0.223112473751446 0.192230546516458 0.0627608762384167 0.283864646427096 0.128236922330544 0.0778341379390664
0.101322291558258 0.0643045169793285 0.145042603524818 0.0801584443046959 0.210218188923511 0.283966907960026 0.114987046749362
0.173586305813444 0.237917819612098 0.278225719224482 0.0578642684145174 0.143884153618904 0.0238873717561087 0.0846343615604476
0.112988243899904 0.0118377669798042 0.244572439795188 0.335064881379235 0.0683478709087453 0.174711832613417 0.0524769644237074
0.243873143630556 0.0255493243981519 0.153092834774298 0.0891123255567894 0.285443724094123 0.169105787953447 0.0338228595926355
0.0321587174455751 0.0209899225733555 0.272133659416667 0.0804406751734785 0.16395316443471 0.288090614177217 0.142233246778996
0.00697399399331579 0.211524121625684 0.226850380119593 0.15105914382898 0.0222300682701385 0.223985650293776 0.157376641868512
0.197931233345206 0.202450590692469 0.236538212319526 0.1901477647117 0.0222495469218956 0.124387163464961 0.0262954885442423
0.123430785055118 0.0566573057977076 0.0760809389244106 0.360671753843861 0.160667847603114 0.119408524432502 0.103082844343287
0.144816463470917 0.140636713611787 0.193862580851265 0.171641169089013 0.0852536796973087 0.126520953019277 0.137268440260433
0.229722243517367 0.00833609967565105 0.0496974715279127 0.261957324683385 0.172999521927361 0.253569155944614 0.0237181827237095
0.0551457130524199 0.0347904636428252 0.0186611763338148 0.184075974308146 0.284304379684648 0.16578581465441 0.257236478323737
0.0782004612255969 0.0434446166526881 0.124790980381332 0.224727309639208 0.101871216537858 0.18072331481087 0.246242100752447
0.237188135758065 0.022014556500236 0.0649764474225501 0.0265005013388589 0.333967762106857 0.0352024784491053 0.280150118424328
0.00542245943687708 0.207137698034742 0.177464336389036 0.225483867161711 0.214268945440515 0.131727625262252 0.0384950682748669
0.113675912565521 0.332537345948666 0.0717531604144402 0.024623239385426 0.26193864059473 0.0184998558776703 0.176971845213547
0.142429629006391 0.245371864333617 0.215834772163215 0.153908055708528 0.124116796575492 0.0693826686289819 0.0489562135837751
0.219215407752351 0.0175343103114169 0.21819527572485 0.251156833157804 0.0344949846650673 0.148790976489235 0.110612211899276
0.251947298893605 0.0238126759064737 0.223815224321277 0.16130028512148 0.266781368108458 0.00150315755894187 0.0708399900897643
0.177111087522213 0.199144592563583 0.165207105625745 0.135708036208259 0.0357134115434803 0.112066690454593 0.175049076082126
0.133567309721026 0.17878103172625 0.166884316965515 0.0902662043431232 0.159685413361313 0.169650170534214 0.10116555334856
0.246355042009023 0.108103438902583 0.223128383122963 0.0647244173694327 0.0556895276850954 0.217385981830034 0.0846132090808689
0.142383851871363 0.128465300404482 0.282130584123754 0.0122082917925136 0.0565874910254453 0.160360706916082 0.217863773866361
0.0223061461190784 0.0721456440113786 0.330501101689374 0.328045422463466 0.00141012479487922 0.119251771942906 0.126339788978918
0.00251751843425525 0.126418789980989 0.266003122726025 0.0592922080991045 0.0334636385424851 0.209101808586412 0.30320291363073
0.267554483892158 0.0287313513968395 0.0186884585353518 0.0162752859003295 0.213685079525652 0.217900546342246 0.237164794407423
0.326060424824316 0.100356183259488 0.046353830219066 0.10698275154487 0.293349551220007 0.0705899927602017 0.0563072661720517
0.0441540263282125 0.250650164099572 0.0703881843160476 0.242891893050095 0.0776814372287264 0.0779447092887468 0.2362895856886
0.0532714482853489 0.118895757521247 0.165061017077531 0.23778303147032 0.134560250769122 0.0757531188291448 0.214675376047287
0.249652965780693 0.141886727831547 0.149958865403517 0.0107115103967863 0.219652189324521 0.208092558540074 0.0200451827228604
0.166367410467417 0.21085596748087 0.0745217753671304 0.31980875708056 0.0793207908947654 0.0614631520784545 0.0876621466308034
0.0313075925533354 0.142485666096447 0.325672386003002 0.061549918925865 0.0601684338600896 0.27810190173628 0.10071410082498
0.282629061807206 0.237722185286699 0.0666171438726428 0.16176845417445 0.0905747144437896 0.146654981552603 0.0140334588626098
0.134589372909104 0.0832179418405154 0.0361232251198242 0.231135838784653 0.135810043302096 0.119545375914849 0.259578202128958
0.150538819630302 0.362113563218644 0.0887777738812467 0.0785838648494937 0.207821361834387 0.0665306677124797 0.0456339488734457
0.0193442986522809 0.0446928795565656 0.15431057319689 0.321902711897494 0.133017352271906 0.308073073493407 0.0186591109314576
0.0816358120270822 0.171480451665938 0.131096650870797 0.207835534479829 0.201059435980954 0.128345662938112 0.0785464520372882
0.200156684316648 0.0416682398380034 0.16088399640884 0.126209764299924 0.0143928173559003 0.228159354979726 0.228529142800959
0.0478611436489827 0.0921413781494647 0.306609999996163 0.117764102990049 0.273209638704278 0.0119951730884234 0.15041856342264
0.275519516168743 0.180321563652753 0.038144287116562 0.173525146291532 0.225033337912599 0.0931853158968794 0.0142708329609316
0.0803076893961084 0.0953554440801796 0.187338344677016 0.18660657572025 0.0417550706136156 0.163452205402815 0.245184670110016
0.076410400168576 0.160097630502902 0.179459946215081 0.127270649151979 0.150299404555381 0.169733340530931 0.13672862887515
0.260573807212106 0.147654873028528 0.278511167944523 0.100910811649946 0.0401516638198632 0.0584154618443337 0.113782214500701
0.15361016558481 0.102754875473335 0.0101255066123729 0.210357202200394 0.191847584215607 0.226119827216301 0.10518483869718
0.239087384505471 0.0749303377078131 0.0493349059887059 0.168628791129211 0.151903390320632 0.0900395354654501 0.226075654882718
0.0746735913965513 0.166641709008086 0.197316951411994 0.233538232503977 0.153959352936458 0.138902708837309 0.0349674539056235
0.271109992592471 0.0810356080194181 0.112239819912488 0.225591784992676 0.0479085174263763 0.104346897287226 0.157767379769344
0.269363290109232 0.0194938409117783 0.258911917089938 0.0491225934243067 0.0216248877545497 0.148278064350857 0.233205406359337
0.0480009150179906 0.280289269900747 0.0784631451546101 0.290829493174573 0.037312641710025 0.102608328965862 0.162496206076193
0.0157346274105307 0.144171284743944 0.214696698568806 0.169509678790761 0.0758602834810858 0.298184707874972 0.0818427191299004
0.128209043363466 0.188826309895244 0.105633818404264 0.0255308727006581 0.158175725903132 0.13158474670194 0.262039483031295
0.0426587818114846 0.268646404724319 0.275911702251105 0.116155800921899 0.150328806300079 0.0292242431000621 0.117074260891051
0.115554357541458 0.25049889715188 0.21565397959179 0.0920012583348718 0.090263022177197 0.049699873372671 0.186328611830131
0.172870262687009 0.0475964477806709 0.0940833523799311 0.337266675683628 0.238654899546268 0.0567392558579737 0.0527891060645191
0.101757203645579 0.248045593778592 0.290350205657357 0.0401711919431207 0.222156494677456 0.0510975099791234 0.0464218003187722
0.0111045692714916 0.283260816187483 0.0638584775440256 0.00681966577150982 0.299747548047121 0.0908678653834153 0.244341057794954
0.196853137985843 0.0962297108020987 0.242976381453125 0.173677929399796 0.0559084639500261 0.19500413679932 0.0393502396097924
0.39056571908482 0.115508001603091 0.194242987511674 0.0158155454580259 0.0515817420644296 0.0646713792285143 0.167614625049446
0.0884512545032568 0.219237711209328 0.191529425676843 0.144987335170398 0.0431881198244304 0.132357778803857 0.180248374811887
0.0330023727600923 0.234187149381215 0.0891710393592987 0.1662057682912 0.280020614159983 0.185950993108809 0.0114620629394022
0.0388363491139656 0.0945618015091003 0.117380479571504 0.257970690873804 0.185066502965525 0.205855006339594 0.100329169626507
0.209952362505705 0.0517937817109368 0.126566122453418 0.221665763011526 0.153098327064011 0.0707880207381307 0.166135622516273
0.115344748921975 0.0242431856666776 0.0905290203841992 0.282974735868373 0.268797390082149 0.028293217729724 0.189817701346901
0.0927286733330919 0.242355982478147 0.122471094461801 0.113055956025171 0.222224792368941 0.0949524805776751 0.112211020755174
0.136880891089586 0.206570119945516 0.210401207459028 0.275144129905044 0.0500611792040839 0.0390585341510831 0.0818839382456588
0.155087424419226 0.235607002081808 0.208624985502506 0.169667788435446 0.0464872695657117 0.154006820125817 0.0305187098694844
0.0134559913426887 0.228603616020026 0.218754183924527 0.0357531470425646 0.00218107422007994 0.313436829472649 0.187815157977465
0.119341881305199 0.0348432434861166 0.282355354514679 0.217228655059199 0.0221833287950121 0.202362599249109 0.121684937590685
0.179258106098975 0.0870973087399609 0.0389250866051131 0.229685208375892 0.219055034737628 0.0673080627901482 0.178671192652284
0.318076173498613 0.00391727202691736 0.229395573112805 0.00756392471868839 0.216550963223435 0.0681214785443919 0.15637461487515
0.207191616097202 0.132849810706522 0.200917485918338 0.0472232626876745 0.131918824163402 0.152926524594634 0.126972475832227
0.14682486551376 0.115486040406995 0.233249528609539 0.0815096336983862 0.170398453025983 0.153531211225386 0.0990002675199504
0.134336001426638 0.173859388110824 0.20521384319497 0.0697547152072027 0.138483191981097 0.179543545655784 0.0988093144234829
0.0900842808251894 0.136979392936511 0.120023357063437 0.181285807089561 0.17062642130773 0.170244314068949 0.130756426708624
0.223060071844835 0.0806693576691556 0.361748799375137 0.17445445323484 0.0344049273741996 0.0120235622203622 0.11363882828147
0.184592048265295 0.226410104847015 0.109718866793598 0.0938571842580384 0.136110888767417 0.209692332363949 0.0396185747046869
0.248385422561044 0.0206679752361695 0.0517976920775691 0.0254177459463918 0.201286612576358 0.256823886539832 0.195620665062635
0.216119215382914 0.302213828138161 0.0134677380465077 0.0164836613458033 0.0469084268895125 0.198986678080584 0.205820452116518
0.123511470041948 0.0727215490573747 0.00694345336992584 0.224274466322907 0.239479355620923 0.0973660828909228 0.235703622695999
0.222979005267158 0.217103428561966 0.114366686756031 0.110267749577182 0.0130305002476267 0.157098701914559 0.165153927675478
0.115377164105237 0.181281347260954 0.159707376416105 0.114977935593638 0.144576730432732 0.130281333338163 0.153798112853171
0.116922301281928 0.166397749114565 0.116356218687164 0.180012652375647 0.102371998254881 0.168038416948246 0.149900663337569
0.0694689393132964 0.145740014890803 0.0225300638439028 0.243561860224042 0.158306579287438 0.167219598235741 0.193172944204777
0.00220713848968942 0.0511840138103956 0.0188710090187687 0.327370644383731 0.188214358794292 0.321607200483531 0.0905456350195932
0.1209821818968 0.0289141428026798 0.0861597897317159 0.287642070136595 0.272671874722171 0.114683218042812 0.0889467226672257
0.219703593461395 0.213964253309729 0.00826913374097026 0.216637104857482 0.0983186745678206 0.158977751020684 0.0841294890419187
0.190144041325726 0.00404097242873847 0.251786232978972 0.251701181439623 0.148563867301555 0.000269262479775162 0.15349444204561
0.144946472921373 0.0975707985092555 0.242427822993951 0.192404392692919 0.0828039831307138 0.056332369267894 0.183514160483893
0.154056129060529 0.18247277650249 0.176895021638002 0.152198681460186 0.113056537778531 0.0883160041857306 0.133004849374531
0.255574642223513 0.0450472532783447 0.029468009635774 0.165851293404132 0.316328440145938 0.169486699056979 0.0182436622553197
0.139401045756424 0.188949513087846 0.102094609851552 0.107735413953791 0.0146607160363206 0.283044421296157 0.16411428001791
0.200144072235375 0.23372827865164 0.0254875679013757 0.0329571386952938 0.156359766541094 0.302744330687376 0.0485788452878452
0.515537353965652 0.0198411675457052 0.0620573250998495 0.105224005513395 0.269323288200722 0.00388139495449375 0.0241354647201828
0.252209036962105 0.17341691650476 0.0895025372404316 0.0273491343300123 0.0941748508060644 0.196255816376738 0.167091707779888
0.154805285840397 0.144263488199818 0.167281854994434 0.0679146004019357 0.245591273835758 0.0975332884804466 0.122610208247211
0.0330019322885884 0.0763418552166763 0.215923930759251 0.217838561116708 0.211795317762602 0.0790051076141024 0.166093295242071
0.0261601942186632 0.253397040964217 0.276719883472196 0.0854102062221502 0.0854039331435625 0.0549042066047383 0.218004535374472
0.103072918655988 0.121783099361317 0.122315881824844 0.246675788513453 0.131042629569303 0.218937441907352 0.0561722401677435
0.193670838781212 0.0624984012604117 0.0510944480278009 0.0739285028751242 0.253663372377533 0.143292879039225 0.221851557638694
0.292969336580561 0.0495416194477902 0.166197420767061 0.142548194820463 0.070139984180402 0.0486193163932357 0.229984127810487
0.25518188568 0.222084074048468 0.16157887194351 0.00146649577252534 0.143078954135632 0.115909619096631 0.100700099323234
0.0108398314199625 0.182837498079567 0.0423307720235956 0.153192080911709 0.266104888289178 0.0280339899390844 0.316660939336903
0.0574801950361796 0.279852650013236 0.0115723749343118 0.254899878292386 0.179428396959866 0.1691659771364 0.0476005276276207
0.182167313104342 0.0852342699489232 0.123842492328969 0.151994305528338 0.165280625669336 0.183291480255908 0.108189513164183
0.0821941622824603 0.301574111442839 0.00914320512875174 0.395113502138451 0.0497763009800863 0.115871306876882 0.0463274111505299
0.0849292479002428 0.276927236312156 0.106222379805738 0.130175904963206 0.177447977315418 0.201549705766196 0.0227475479370432
0.109655183403942 0.196897164309 0.19381600856827 0.158717702281059 0.1355230411034 0.0196476795869515 0.185743220747379
0.0748332731289401 0.125809765422174 0.208392598595175 0.0122189077823818 0.349346261367347 0.225307174734323 0.00409201896965826
0.0729693403693022 0.130149735926679 0.153296607398297 0.319623030544048 0.164659728624341 0.00376942413945688 0.155532132997876
0.073580576265413 0.0894739956870932 0.282448779337452 0.18706105411768 0.0220435087696301 0.154836404420506 0.190555681402225
0.222844352603707 0.039801755881345 0.187450727370768 0.0131517444353 0.217189547130094 0.227346095522715 0.092215777056071
0.0666677827799236 0.2661319299177 0.157949278156574 0.151201115593323 0.12200054370372 0.173366556647565 0.0626827932011941
0.171234744308158 0.0790075044580971 0.0498404011009929 0.16947885616403 0.189190717956019 0.164095146998579 0.177152629014124
0.204297894021176 0.203598775619951 0.26055107208301 0.269850485943022 0.0171292144266513 0.0244720504588994 0.0201005074472906
0.0128555406919656 0.0729131089293266 0.369896415345052 0.287027728742356 0.0232208035890864 0.16483901536975 0.0692473873324632
