0.0685279331981304 0.0773372839050939 0.0525829922701459 0.186478295492895 0.126285308781915 0.133472319025019 0.0873019791601579 0.16618806211013 0.0231338328742831 0.0786919931822302
0.0160748645994735 0.0707860394250029 0.180553430471648 0.101064639056919 0.14067243000449 0.180960658553552 0.0206133104898379 0.0591685421298764 0.0280409140865103 0.202065171182689
0.100169746312718 0.0803503319687542 0.100751076347865 0.151968722227838 0.179984105450028 0.0415984599666197 0.056516806272764 0.052948796519768 0.0734601152841651 0.16225183964948
0.02113546973556 0.159352499593359 0.0817996502063861 0.0846106745466435 0.0426093111556288 0.204266605081188 0.0511240668439965 0.0846776943414848 0.0858747574981118 0.184549270997641
0.189088618088013 0.092566066877173 0.121133306967258 0.0332966471496185 0.181727306711796 0.00168380117938926 0.0766058266733349 0.0053808626818423 0.151893059719408 0.146624503952166
0.119837724843065 0.0949770870960804 0.234787221678505 0.116986218587141 0.00898765378116991 0.0509855522999241 0.0379400252266353 0.0727067193711196 0.201254105054417 0.061537692061943
0.0146757054844205 0.1075502262129 0.229972428874883 0.0927995063090415 0.0780235063593651 0.216601033966929 0.000864500983810032 0.128385122075354 0.0879869257834649 0.043141043949833
0.0766447140783429 0.118766498026171 0.0634239821446966 0.00479675934359741 0.144573580864828 0.0549343197625953 0.192963929187399 0.108710945418496 0.134930685409681 0.100254585764192
0.0906720764548241 0.096739885078128 0.150519809195869 0.0811100597137236 0.189139422778537 0.0524332231048141 0.0660526559901072 0.116084084990632 0.0386252747253248 0.11862350796804
0.0596026933836682 0.203756393546582 0.0630004302961675 0.172844646178351 0.143574790223222 0.0180610262278657 0.121803422760914 0.0163204090495666 0.10046154543689 0.100574642896772
0.103870070715722 0.138672517901621 0.121699431037831 0.0278974351349695 0.103100318641057 0.0755288222359417 0.143451158596603 0.083229398103685 0.0725494831610365 0.130001364471533
0.115856205822592 0.116277106625014 0.00711901235329172 0.153088337244179 0.155822924253449 0.0811559631718162 0.091443636543459 0.15761753294427 0.119527455989146 0.00209182505278342
0.0246586245300815 0.0425108614010172 0.0671140619937277 0.003977825589157 0.22826887445492 0.232609075211222 0.0145844435064756 0.0742888640337428 0.193202773442742 0.118784595836914
0.140580698249396 0.0916898067845642 0.00700089632652502 0.126348378273927 0.0910242575840007 0.0936027461863676 0.0878686327662604 0.164774977845979 0.0676610232267015 0.129448582756279
0.132632041998157 0.030754771881419 0.14703454423152 0.0760439587832054 0.122133950662759 0.117841913255343 0.0440086128078586 0.057496656926532 0.160796992146236 0.11125655730697
0.210321629530505 0.0521645864681215 0.0571484155285965 0.00907786826663087 0.0416416187383472 0.0317501487385908 0.171233658925789 0.204249263512689 0.0953058358384318 0.127106974452298
0.115171535602334 0.0822598529092291 0.123237556821039 0.158924578189062 0.156866173160581 0.14915117397875 0.0378630361288551 0.0032324584848443 0.097979422780029 0.0753142119452769
0.012731479466623 0.18211644993833 0.0423321708079701 0.00433635099861036 0.241027575209117 0.126929889426888 0.0502953363213655 0.136645853942763 0.0397871097351152 0.163797784153218
0.118136411237236 0.0982347933405779 0.145960087859204 0.146232446236585 0.0814967735552204 0.086251396531143 0.0231488713261496 0.138901731723818 0.0910749564238142 0.0705625317662517
0.0998055544364394 0.0473640176915402 0.0842544545577086 0.141851033982895 0.0105961554398695 0.10725845158286 0.154247025903614 0.0435745293343414 0.118353340207854 0.192695436862878
0.122064965494432 0.0967718531642209 0.0355754511039327 0.132113123300499 0.136615976060443 0.115982386865751 0.129237982567809 0.0426523746863349 0.0564770900219386 0.132508796734638
0.0979121874753656 0.151857391453252 0.126984263211186 0.120666539159235 0.0381472719177451 0.0628491905379285 0.0178071173177833 0.136628389999029 0.0700686123712864 0.177079036557189
0.12281509707813 0.0895627642735304 0.0982457251334398 0.07363296324265 0.149112606189862 0.112546474266032 0.146908813973533 0.133392963975027 0.0720450655560685 0.00173752631172707
0.0834614538549406 0.000626029473159821 0.114284619636213 0.154897435918219 0.0879139789430901 0.170375454901243 0.0356832655369736 0.0505776704615648 0.134959282688067 0.167220808586529
0.167607575301641 0.0996254917038839 0.0981025897169204 0.137584972604757 0.0955388892937693 0.0858291154027149 0.0216319396295349 0.126041028540897 0.118082175319078 0.0499562224868039
0.0848012337525645 0.209237024151193 0.071569606504694 0.182483324400716 0.10973657718684 0.092647372714675 0.12931959771019 0.0487954956740413 0.00541810885354472 0.0659916590515422
0.0143874209214989 0.0266141403616152 0.0642942053919812 0.00425903264441049 0.133350680983207 0.154736123436141 0.141057220744983 0.177351898173806 0.232587683770176 0.0513615935721816
0.0481444343449755 0.0894842330220038 0.201835962180712 0.00174157081218909 0.141882987780794 0.104982610059736 0.177545560165336 0.159439951252815 0.0693439733949074 0.00559871698653145
0.158991789719419 0.142239951400754 0.151082413581871 0.189438156680945 0.0909251448650004 0.0576052374945843 0.105097715133334 0.03091103060019 0.0526785942067187 0.0210299663171839
0.134926288281626 0.0649224163987903 0.0675324877494733 0.145661563469738 0.125410014830516 0.0591908013247568 0.0685839146806965 0.0956725657208776 0.0939427748257407 0.144157172717785
0.120597822471126 0.0061145670080808 0.114731621853963 0.0310374995712276 0.0680040379163449 0.115128627312696 0.186631700494137 0.101845027599758 0.221510215158507 0.0343988806141598
0.0860540791950037 0.220733751221445 0.0138634656897615 0.142520604213785 0.025492048167761 0.203734646087332 0.125093913855307 0.0469875487845596 0.130200005023915 0.00531993776112976
0.0143422231208186 0.0941886982745509 0.158931420417376 0.0549354388221809 0.102366430378048 0.00286287987580234 0.101837079012691 0.0918406394222908 0.194197303886398 0.184497886789843
0.0493068732173095 0.0926409997864484 0.184051461581638 0.197308786591483 0.0635445325581555 0.124826381228536 0.143327531800724 0.0562876889094836 0.0741309086855681 0.0145748356406539
0.0345228458095575 0.166762405128594 0.0879677736437197 0.200716048485806 0.0858688113169894 0.0567815198286634 0.033052520185261 0.123113037511031 0.12703941655049 0.0841756215398865
0.102487964595322 0.12184203556488 0.0826439309149292 0.0632244794555819 0.0506379590368549 0.155096425391632 0.0741032511498365 0.109021233443978 0.197802240179655 0.0431404802673306
0.0750033564740761 0.0335088649730476 0.0512597190958962 0.0256093662767669 0.157743661355053 0.181459281729672 0.17762421173185 0.0509661167213278 0.168800885003705 0.0780245366386053
0.088825065056961 0.0991148031029359 0.117436733778292 0.102692761655856 0.143329831632043 0.10572473540287 0.0734519084604488 0.0431061499425335 0.119587091406855 0.106730919561204
0.150533690927742 0.0216240778565566 0.148608237027157 0.11326100712459 0.0906393162169007 0.101579846729418 0.0383241731013571 0.129092947325251 0.0453899043264264 0.1609467993646
0.0662919137565648 0.00502895341621769 0.13062958894668 0.0814119236458605 0.126389197749033 0.100888065191492 0.1227360077605 0.072278294754519 0.154896363631684 0.139449691147449
0.00849783095476766 0.0232672423314157 0.011718149864194 0.0869650325531124 0.220284149423606 0.219972891258959 0.208764027707276 0.120932859083502 0.0408379859257096 0.0587598308974575
0.0320437674750364 0.0913627123282605 0.168354282461002 0.0223276572520352 0.0971111858326631 0.106631973138895 0.188057839146309 0.162195115037019 0.0987946158215444 0.0331208515072349
0.148820470364606 0.131713641654391 0.148407540592145 0.0695939009603398 0.0499148292106604 0.0148210278862518 0.0255452296998423 0.15251820783542 0.143101702028095 0.115563449768248
0.15923398906834 0.1404850078426 0.16580288918609 0.0202636685438388 0.160912160942779 0.11713384185749 0.0186432996950163 0.134024351947405 0.0328174502989017 0.0506833406175386
0.082251710448952 0.0264383698020245 0.181937799695078 0.0253680341419691 0.119029411548522 0.0910132555165764 0.138396699378402 0.100966493866239 0.106015259004074 0.128582966598163
0.129514030128781 0.0841532335318499 0.154033402063408 0.122717951307469 0.0850453531375573 0.135013154089803 0.0380420911097987 0.125451369479154 0.0983747878966218 0.0276546272555574
0.162336087899007 0.0713085717784644 0.113657520342725 0.0475098342112129 0.166107956583827 0.0612010031413763 0.0857326723452813 0.0373899032090805 0.181302053539593 0.0734543969494321
0.0105656437692961 0.0464708682155934 0.180360742383424 0.0545190334852586 0.109917615843119 0.215036545260762 0.151881644340151 0.0433318098920956 0.0871307091102961 0.100785387700004
0.158418533325103 0.0623644222662079 0.0509513273761832 0.0789236877006327 0.143779024426147 0.0971886402784467 0.141955375124265 0.0399380522772715 0.169144041738192 0.0573368954875513
0.110863233968469 0.100115255815656 0.0711079191155121 0.0572306153638632 0.151251448817868 0.124501615432986 0.099700508423219 0.150404377492253 0.098067919712494 0.0367571058576795
0.127581870933964 0.189216967951426 0.127198208167209 0.115337721013977 0.153871085767034 0.0576968576188828 0.071990323212103 0.0463325949318626 0.00979280224729741 0.100981568156244
0.103061172607626 0.00575775575308588 0.0191793892287019 0.172782007202248 0.182201846414137 0.0767363917189352 0.101927950277451 0.152985229822903 0.153458269652448 0.0319099873224645
0.0650656990331569 0.00361543960262906 0.0509509957827735 0.0987371180838031 0.211442148293548 0.19218783928447 0.155883524901929 0.0767823945178847 0.0818175884577342 0.063517252042072
0.0315359876173514 0.00171472684387538 0.0767803423784846 0.163148585331757 0.140173610940241 0.0328283491502498 0.150438075209962 0.1875543142356 0.139430330062044 0.0763956782304337
0.0462553949499304 0.0875691097093351 0.116837983869292 0.0658461134832427 0.0521137884029036 0.105169559445896 0.0599981288147534 0.171999408277681 0.0753585133361281 0.218851999710837
0.080185946530865 0.108174677110923 0.063440812800437 0.107757988512235 0.0856703875306774 0.154200203913054 0.158051423845687 0.0578486978401179 0.0918391726057915 0.0928306893102119
0.157009958211376 0.0931568742513591 0.10489077542435 0.098556583104247 0.124286401517113 0.0492312435534806 0.0839638627646644 0.116156096141112 0.0134051996388983 0.1593430053934
0.0486618663330947 0.141212510316019 0.0872501916672899 0.120780995760357 0.156272384596778 0.118822116345511 0.178189393458162 0.0334204927207424 0.110302475236358 0.00508757356568746
0.0391633084694361 0.0255806356113264 0.204343684863434 0.172455887515464 0.194712525121252 0.0397577509138207 0.0941801304955175 0.0336371650802435 0.137179009739464 0.0589899021900419
0.0871386556284455 0.160697457003216 0.132131950221345 0.0762691369499422 0.0266428008208077 0.0229018148231351 0.143880855003007 0.0948873410187033 0.160594665544322 0.0948553229870766
0.144256973913455 0.188104910167272 0.148470098566201 0.103795627247753 0.121230798082068 0.0303675924104142 0.106994445348873 0.0359042173128645 0.0878585430690931 0.0330167938820057
0.0889121181993064 0.00154866750744752 0.0140540544300921 0.174060226206045 0.0526575302610891 0.119136247507257 0.168435234980519 0.157397221957271 0.180075347180193 0.0437233517707802
0.00829774747845974 0.181805664577433 0.0600205385540364 0.160002495042818 0.00978943056996054 0.0877770759538627 0.0268209125432975 0.19677153878133 0.134701153804161 0.134013442694642
0.068779309086101 0.130333464656407 0.0166595013498129 0.179133504671376 0.145311167545604 0.176556267597001 0.02243643593206 0.164335182142193 0.0836199638392491 0.0128352031801964
0.076871283369301 0.0603279082384173 0.119141790407312 0.0877844730636004 0.0354914657109971 0.0149833261941662 0.0794780630940415 0.171691337857741 0.170909800643271 0.183320551421152
0.168819492542551 0.0907370928766897 0.0448538923675344 0.0438728609773522 0.108035710492929 0.0776385740564611 0.100289141944332 0.164913011619699 0.164979310844827 0.0358609122776234
0.130745856924957 0.0743856704535912 0.13759460290548 0.0329663725417924 0.0939986188394238 0.151770252320479 0.087983726638856 0.124615739513121 0.0896497382104851 0.076289421651814
0.124263365055595 0.206358741700261 0.0404765429624608 0.00362145677705198 0.0837085582485575 0.172244234823846 0.0110545429993847 0.00747559661649611 0.224973670754761 0.125823290061585
0.114370085241908 0.197823654645703 0.198279275785087 0.183163412334512 0.0180161142101743 0.0494896152763437 0.17439618737361 0.0159085344673011 0.0443571122572266 0.00419600840813302
0.169956773940036 0.101609870257998 0.028555375369646 0.0879412973119306 0.0517612488507791 0.184012286798353 0.20694169102938 0.0498531689203841 0.075750656792885 0.043617630728608
0.112472984702364 0.0978201893704909 0.0635325213734636 0.0769798185705671 0.152533982207737 0.111275094095947 0.171641307230178 0.0462801481173706 0.114617381606181 0.0528465727257018
0.0294950845652463 0.0816900019661673 0.148974686183352 0.150482306175445 0.153882522659889 0.0509107238019225 0.00288363581877821 0.120363661694803 0.112688781606162 0.148628595528234
0.0910768763544439 0.172190292540191 0.0397610946378431 0.192173246731821 0.0498241814300272 0.0368105589873039 0.109191535032327 0.0181870196417148 0.19980809344161 0.0909771012027182
0.072669619513837 0.192874253613786 0.0788333109438147 0.191628691489752 0.0751128712231366 0.10630169743763 0.0645969973513485 0.0896263812460311 0.122229041173046 0.00612713600761785
0.0187085542952464 0.148704381722043 0.103425750130851 0.089341477329946 0.141606921545531 0.0616161399758545 0.188296755506582 0.0711280930930535 0.0425139411552915 0.134657985245601
0.0275129572805631 0.102295328606519 0.062949613708017 0.0163327231626377 0.0903222728696244 0.162651577824544 0.166010355403862 0.121821818537692 0.155396174580195 0.0947071780263464
0.0103735125630419 0.0775620359987442 0.087121822884747 0.110934961356609 0.0696335156083361 0.164588139147184 0.127752088987093 0.0946628551158287 0.162666730644086 0.0947043376943299
0.111825852914183 0.149223705257447 0.0335135010824263 0.267387349586458 0.0631807315628586 0.0132322535492521 0.128850113788768 0.0190796975131904 0.159177786410802 0.0545290083346143
0.0275502791644446 0.0728516317664472 0.134668452105161 0.169189839505544 0.0806888204761134 0.147864267988251 0.0594587227746672 0.0879107135325988 0.0817801865714406 0.138037086115332
0.166906225490904 0.0727996852689458 0.039665686971571 0.152214941242882 0.21664669210044 0.0627863538582714 0.116133850199155 0.0355083924819573 0.115650562835563 0.0216876095503104
0.0746540487422719 0.0725086683544331 0.00855062246606188 0.0348982662485995 0.144737985670682 0.153776325095026 0.195612521894793 0.179641590761189 0.0442190861818818 0.0914008845850626
0.0814969501035998 0.0902110685490947 0.132950426993223 0.0611020379696388 0.125405318724018 0.0847036561178933 0.15442211757775 0.0589130565983286 0.165514408142942 0.0452809592235115
0.087483664967039 0.0962936509241547 0.165354284228479 0.107329033327084 0.017108810141201 0.160048754530259 0.0822077450482539 0.0782014289345127 0.120393360483226 0.0855792674157905
0.0879028490231097 0.0948097925116133 0.112195123461031 0.0799848217234043 0.113508546694637 0.0715565046764649 0.090426079111366 0.113325283956633 0.130236380731983 0.106054618109757
0.147501007220595 0.037465335014789 0.00361520196687698 0.157435342422739 0.114095018459691 0.0836003391780543 0.0254917174824971 0.0812383370184424 0.168354546949896 0.18120315428642
0.152380136385508 0.0342413787534279 0.126288115417282 0.154012917797722 0.0843706152787556 0.0775106106534649 0.132629634246611 0.117699085232764 0.0599026345698919 0.0609648716645732
0.0645187449474353 0.131715291538179 0.0857338166441036 0.0260142322298916 0.0397032058012224 0.103113707535398 0.160639232176146 0.181963560753053 0.0475378224155011 0.159060385959069
0.00685001015690119 0.123663148285654 0.149550071875398 0.197285778162199 0.104190197239489 0.104531691183191 0.178499739869638 0.0225627468038201 0.0140763637285516 0.098790252695157
0.144060181614467 0.117423749314367 0.00532830419645471 0.109427845022241 0.100757987839147 0.0432771698277804 0.150735066655549 0.135374001380301 0.13748647611315 0.0561292180365419
0.0420633129437736 0.131210432163304 0.177221251117996 0.0223671092461384 0.0331639740660759 0.160410597415755 0.0165254512105738 0.104130569559777 0.132499628451893 0.180407673824713
0.134010471939991 0.0711951547446651 0.0389482485256243 0.0573349191771934 0.134387439100417 0.154318293826752 0.069883739829168 0.187060038586967 0.0669295925527893 0.0859321017164329
0.0768139385461599 0.0819869310778755 0.131420372401867 0.0446406333487913 0.0732765633562932 0.0885052099421772 0.112741323887355 0.16174873142359 0.0689946123664963 0.159871683649394
0.136817214149736 0.145249220335128 0.111020673950229 0.00758127101665787 0.0161329431453251 0.0983425470104214 0.150511962603702 0.044167765155229 0.161681432619886 0.128494970013686
0.0900614799186594 0.0037581806636898 0.173896712176498 0.117540601989865 0.12402846819045 0.164881564723995 0.0833739388050998 0.097936243321272 0.134691059129926 0.00983175108054488
0.105748017418414 0.120889407897027 0.100672290492945 0.0312289445151198 0.0423676110996475 0.0482515294105834 0.0837515928318783 0.177485026867376 0.191316970209698 0.0982886092573116
0.102344484715607 0.13297396736278 0.0955710178889666 0.146489218941664 0.0326103517305738 0.134545953906698 0.153225053809167 0.125432830679718 0.0628608110564064 0.0139463099084181
0.0909642710127734 0.130118487495344 0.0376257011622437 0.0977036789151891 0.0545170185862318 0.0873559431136758 0.0822929136401899 0.175505206094258 0.140558141281821 0.103358638698273
0.0577098357206468 0.157080983208121 0.0786737595772825 0.0374446752771396 0.00470526493291272 0.0256236261984946 0.2117365622162 0.190731330984301 0.167286325573543 0.0690076363113597
0.233986800146756 0.0379691904441983 0.0621750088178913 0.140045578617489 0.098388645398089 0.181986296220221 0.116747296632545 0.0113157168219141 0.0845570371536557 0.0328284297472416
0.141393941663265 0.0839605724637079 0.0436462153947777 0.069558947131792 0.136554544272099 0.0558714755261642 0.167772440477669 0.143316476289406 0.0448873957188214 0.113037991062297
0.126550817234299 0.157182199198229 0.155452182927957 0.0579309149095583 0.0385346338364993 0.179386937876378 0.00594436589359771 0.0436850348574332 0.131964949040509 0.103367964225541
0.0224287060461686 0.107842057209268 0.157763348115066 0.133355764437859 0.0972676780468773 0.216446632664647 0.019182407546853 0.193709800357886 0.0204921169948275 0.0315114885805473
0.0350204593129042 0.170218772148582 0.174635865606485 0.0236795325511498 0.17710905810948 0.11099374439298 0.0820099665410445 0.0748462282982917 0.0108097281982287 0.140676644840854
0.0663870942470158 0.213403121795426 0.139224630635405 0.197531482283386 0.00372966906595625 0.0910208654854077 0.0887913964662504 0.0486196533924675 0.0445968945235041 0.106695192105181
0.047246685244097 0.190962607404175 0.11721187668186 0.080312880226989 0.122618206584748 0.11083264082083 0.106262154232476 0.00861267286752218 0.0551378536699786 0.160802422267324
0.102586725572449 0.0204429187649536 0.0988606665422705 0.0490095981131997 0.191386629158058 0.0913569948239188 0.162272451869071 0.0419053237806101 0.0890797436254681 0.153098947750001
0.0405746957947123 0.177702332284693 0.0188849778627249 0.157490773126518 0.00709038278143688 0.042071329608328 0.135017007381619 0.129581359123547 0.112959697961536 0.178627444074886
0.024165870335646 0.0390548833137937 0.00112460932722448 0.176649005698867 0.208465346355304 0.0567557813572569 0.0764493714490449 0.224938717619246 0.033935061204116 0.158461353339501
0.105884110070787 0.146766700042542 0.0921714968692366 0.145803238651355 0.0815539868032389 0.046367761656012 0.112099339269783 0.0660760920803057 0.0386207766660891 0.16465649789065
0.11655228877117 0.0906603385038429 0.141686797425898 0.0699785273186463 0.167568597779566 0.151693089850014 0.00263933069292323 0.0592898003266559 0.100465975572429 0.099465253758855
0.107749535745952 0.018577828039604 0.0329418877176654 0.180299392906624 0.0986938947304369 0.0630083611908529 0.120781395554657 0.121393772090489 0.177915201035132 0.0786387309885861
0.0853085502883792 0.150654629215058 0.110435135354427 0.144495548862668 0.0475503231581723 0.0438817399941666 0.101689426590123 0.122226165457579 0.155334407010178 0.0384240740692495
0.0881822610088382 0.109222718945106 0.095286791690319 0.0916013374437608 0.188226569880636 0.147423072223369 0.0614361836605994 0.0592409665783881 0.147698263722329 0.0116818348466556
0.00604682614175142 0.0325065323436095 0.112792649366841 0.250172271098605 0.0222373221390718 0.0599446303428765 0.159447146169812 0.0430073248048774 0.0889560016285266 0.224889295964028
0.180363177142964 0.059450302398431 0.18876763488688 0.144812665398579 0.11069182223374 0.116510648027828 0.0771046989132395 0.0561913953125796 0.034463713523446 0.0316439421623131
0.0406268547015516 0.0690970848104737 0.109802040123766 0.21410989983049 0.05714475160993 0.150977197427796 0.00480818454408367 0.116654210794542 0.122554308463859 0.114225467693508
0.0102927077279517 0.0924943972173621 0.0329210409469823 0.172270229648896 0.189429186350402 0.159373556373191 0.12986130642667 0.152896427285736 0.0495400398016597 0.0109211082211488
0.165415010521317 0.0751903263238691 0.101514529619674 0.00755647368867924 0.177218055892266 0.0441623342094338 0.138285365444729 0.0826359618302219 0.159237636720693 0.0487843057491163
0.11644675875707 0.0521412620149853 0.168028000147164 0.180656439986081 0.00389501757415146 0.0771906035766332 0.137253229646388 0.0674426744017929 0.0717626246111295 0.125183389284605
0.180720453233862 0.110277396328048 0.0703876735085705 0.0413123018951734 0.12820822411571 0.0663092120563288 0.116256052584389 0.00302693518782125 0.170878066213683 0.112623684876415
0.140434453211509 0.158956262578267 0.0764805787308228 0.0394448365297914 0.0378208324995625 0.0711735998344511 0.11175857858782 0.109613668380835 0.15510127711094 0.0992159125360009
0.0157328861419843 0.0819196403224685 0.131455723653691 0.00976326644398264 0.059357981907268 0.17654317009558 0.125705768968785 0.171891787440008 0.0866754199299633 0.14095435509627
0.133680567790514 0.0519961929511067 0.0976062347163762 0.134364951644659 0.164966524326684 0.0738916205063655 0.0379744258503517 0.111274647387591 0.0388584186138363 0.155386416212515
0.0177879705307324 0.142663245157817 0.0490029620867336 0.021711832911535 0.214144294515649 0.0240189978948895 0.135516193175297 0.184473196729545 0.120838482216611 0.0898428247811906
0.0805569242424405 0.0361471122581376 0.0303634698637244 0.100348560043299 0.172711197539721 0.0520396346947817 0.0868089357825977 0.179090347458149 0.151850694944381 0.110083123172768
0.163400998329378 0.126723782752454 0.0547989927613662 0.14408668726523 0.103557032205675 0.0834925686140454 0.122978437067095 0.0164140793429292 0.0956600460432424 0.0888873756185833
0.0137951696200064 0.0204517821934833 0.187557817212088 0.0449121993034517 0.0871940303892822 0.237136200259972 0.10641214607177 0.00438061333522096 0.123085876479038 0.175074165135687
0.0592193432807572 0.0147606205932118 0.0916167181651938 0.0624486272764271 0.138369069069312 0.035612184226893 0.167065402330159 0.139726480888424 0.120225447934263 0.170956106235359
0.10064516297062 0.0899830422097867 0.0855043575143955 0.157968953553369 0.0444322254233948 0.0655043832826186 0.0149284038177173 0.12635719667667 0.154805396825933 0.159870877725495
0.161114560893525 0.120873457220451 0.096550477841655 0.162773777214303 0.0404437739572984 0.0112640733934435 0.147335183391976 0.049853631045103 0.1218179368563 0.0879731281859453
0.164000749821328 0.119748948015295 0.0380450177888443 0.00308878953506497 0.140269808472876 0.106677070344631 0.151832607865738 0.126357637589004 0.008456648256461 0.141522722310759
0.0799483244000105 0.0471585890285239 0.158840442049425 0.0128085521857208 0.120527088422163 0.155177175446386 0.160405821133679 0.135984760179009 0.113592333448526 0.0155569137065587
0.151354663197727 0.1675839815732 0.167974981573563 0.00303638271028974 0.137144282993307 0.108079972255177 0.0604031360928036 0.062563603381698 0.0323032908143931 0.109555705407842
0.0758820754670574 0.200828073821593 0.187741252560107 0.066279892534676 0.0777785102555019 0.0512588553379873 0.0791803365569466 0.122083190987555 0.110635085784507 0.0283327266940688
0.0879789043777147 0.0424785919340548 0.0702143819796979 0.16776554417402 0.103152467695067 0.0788502443457721 0.0466494043958675 0.122701934905219 0.117528361604925 0.162680164587662
0.117466112212981 0.0818639965489343 0.120520403003609 0.10593255412772 0.0946669208322134 0.0473545178728334 0.12213148337207 0.0540839271795404 0.162184385448561 0.093795699401539
0.039267219462545 0.165049791128274 0.150175915032832 0.118868819428615 0.0133267325925339 0.0683462175795208 0.10406567627949 0.142337268765021 0.00908597676951335 0.189476382961654
0.120978766114848 0.132128968167022 0.273661196293134 0.0369386540346638 0.141883639627556 0.0234796259751004 0.0950653674950839 0.104598566852036 0.0647184326987235 0.00654678274183321
0.0913217060855637 0.0645223561385992 0.125658955188739 0.15372665655641 0.107136926292887 0.081922517695861 0.0854154677039389 0.124888982541328 0.157848996340203 0.00755743545646969
0.00359845708935981 0.222120138122965 0.0458154937674645 0.17920642077862 0.19733839430724 0.0682320560715172 0.0834364196385341 0.0459265451381721 0.0081309563224935 0.146195118763634
0.130544914753785 0.117051758146968 0.0417008255296514 0.146461353216294 0.148745053183608 0.105501812999048 0.0143187797605212 0.11686320983168 0.135362697023707 0.0434495955547379
0.136434968099672 0.0326853493517375 0.131914526002079 0.104078330213649 0.110120523310681 0.064672339531799 0.159261301130345 0.0747474921864649 0.0566336566422066 0.129451513531368
0.166444681437107 0.0486626125843384 0.017466727777727 0.181891817133639 0.121851221946415 0.100394408602282 0.0534803535043888 0.0877183369148246 0.0346538331507682 0.187436006948511
0.245115823368311 0.0932226081245532 0.00479131107598523 0.0245044015828426 0.258574346699024 0.0553144838700256 0.0300573417146421 0.0469866671175319 0.200847177653575 0.0405858387935097
0.0513507970222679 0.0181967073193764 0.168892431496055 0.172814903665732 0.0678880409190147 0.190161884326279 0.0237218931288627 0.108926830815512 0.109214157490305 0.0888323538165957
0.0782927873906017 0.208264141857453 0.0508884294558997 0.154536793006775 0.0930768939113879 0.0249202918018416 0.210991703756594 0.00434126446562518 0.14774237291305 0.0269453214407725
0.0641685977952235 0.192020548710209 0.088063589842411 0.0443295381741882 0.0578980330135332 0.0531855073035149 0.183063387993641 0.0757960621972567 0.073888143630181 0.167586591339841
0.160967978221708 0.139187281018651 0.0414594360976685 0.0794489688351601 0.0387056763442156 0.0604692719333742 0.125646746057937 0.0682179914042598 0.121848118697895 0.164048531389131
0.103893622616611 0.106727103475271 0.152485482633771 0.0564589924492324 0.13187047809167 0.0872915503963417 0.0634694629691141 0.148482189212095 0.0241696060755616 0.125151512080332
0.150816711776982 0.167070595384515 0.0410581343643069 0.21905957452648 0.0489224960307583 0.136886873361159 0.008191437580029 0.00632172976189768 0.16764087882312 0.0540315683907521
0.14764667586802 0.0957694610750662 0.180318822282377 0.0424955320603284 0.163909373705487 0.183818527331115 0.050231015950354 0.0686431358075878 0.0570931723233326 0.0100742835963319
0.00280396875236179 0.0541107748480587 0.192654369227909 0.00642471479807656 0.158563789912346 0.225491416804391 0.050281940660833 0.277852940856263 0.0256346342674243 0.00618144987233666
0.202471417077757 0.146236692611809 0.0884904634372073 0.084822726451596 0.107275961203015 0.0416835827371523 0.00727387261945632 0.0702128079391831 0.0145717300976751 0.236960745825149
0.154690751690163 0.151985324880243 0.0280280183516539 0.168187976499871 0.143326923643434 0.110514564047432 0.0281975778856743 0.179129425622349 0.0158903525687113 0.0200490848104683
0.128056064548321 0.166780391109634 0.0363458738131012 0.0675740052092282 0.12584594131541 0.171819382433056 0.00822858157781406 0.141253330448899 0.118709961581796 0.0353864679627405
0.130959623690942 0.0885243116262379 0.115580235243223 0.121651804263755 0.134663793093907 0.128911898447244 0.0955696984546748 0.0717212607825325 0.0907426077253621 0.0216747666721222
0.0974032432012726 0.0539483765543648 0.147423051120436 0.164795198411896 0.162976185014431 0.134983585876498 0.137205271097212 0.0159163802054081 0.0173595694903728 0.0679891390281095
0.11393760740599 0.130909617076082 0.0998571893179552 0.116035823368603 0.0445845661848437 0.0150856000336038 0.127499536768452 0.131349642328616 0.116569476642779 0.104170940873076
0.030214599287651 0.116692021739086 0.00810218646696041 0.194543658426096 0.112236906180853 0.0062136160231425 0.0794563100030583 0.0916318422635069 0.099520130392252 0.261388729217394
0.189910903492729 0.0665043675602958 0.0289193887122218 0.188081466241493 0.0918771123099097 0.0550943395366473 0.0150671582072396 0.158729894183246 0.0455875661656812 0.160227803590538
0.0630852541035849 0.0823794507735188 0.167087643641543 0.28643054079809 0.0174711652094624 0.0743552723657544 0.0127902934600746 0.0561368608438637 0.134108988629116 0.106154530174992
0.05335244048557 0.03621156670472 0.184707424175114 0.182249451150416 0.0278418937547213 0.00560754254770311 0.0487268195197059 0.208300649028106 0.138336383613098 0.114665829020846
0.126519781701214 0.135263568580675 0.10912275155296 0.0594217604765949 0.0082587520223901 0.0991985834348709 0.0992458228409875 0.154320654693766 0.130752859068489 0.0778954656280513
0.140275627640554 0.0443877358365301 0.0855939761348951 0.0196090718689373 0.180313877514443 0.0960579461880276 0.104282416848017 0.143971176177332 0.0751691995064627 0.110338972284801
0.138964428998555 0.0847232659593827 0.0442818545463309 0.0764043899799912 0.130471353828124 0.132190899364254 0.109570722840149 0.0215277539837447 0.09176038116513 0.170104949334339
0.169456989606345 0.093641516191129 0.0446362557322721 0.0454301118445447 0.00869283592186227 0.129879313401967 0.0972926988254105 0.18911044223401 0.157747674220243 0.0641121620222157
0.0405777630983328 0.084422863432538 0.0193904364239158 0.153333893060754 0.113461952007452 0.000814276061691141 0.161858747281194 0.164656488038364 0.143049476605068 0.11843410399069
0.0988983601531624 0.0439872373118488 0.215585580102365 0.0226923355439501 0.078159326597923 0.0252047438032037 0.00617124312494395 0.0482773996662679 0.23471144900887 0.226312324687465
0.164036958943794 0.061169526241262 0.0932406139446591 0.00291648482053027 0.0990186828825059 0.115633707129162 0.159960170331498 0.172753679537825 0.101469901665276 0.0298002745034876
0.0603995285136674 0.0856057342983388 0.0752980389220373 0.142958815627207 0.142047534279408 0.124495960441401 0.00614830758195086 0.0851415515523595 0.172745682869151 0.105158845914479
0.169952628815229 0.107452378633923 0.126494957967684 0.155736606615874 0.093754259223148 0.00591876937302923 0.0973868067286798 0.0954275882980832 0.00385464129122098 0.14402136305313
0.142429433143309 0.126171451810462 0.0698721065684023 0.105886827109417 0.0599604005574062 0.0962816242547628 0.0468101152058842 0.0804037663962874 0.131813148904212 0.140371126049857
0.0404173838828737 0.0277730689565516 0.0612613275496087 0.135711366410205 0.242701582428812 0.185889540847596 0.131036194140415 0.00168533862409636 0.0222510272656446 0.151273169894196
0.0622034544217887 0.0222210137001602 0.136549155719007 0.0907015999044469 0.0682693386242079 0.0880709374647358 0.129648592840856 0.210250799405488 0.163726106214689 0.0283590017046202
0.00859737315033512 0.0983008495886943 0.0267911231985926 0.0508176388812796 0.162859399718962 0.161064030189781 0.115180801631665 0.185777696323098 0.0873844123390311 0.10322667497856
0.0825094561602859 0.143858397653838 0.171642181132612 0.126539740067243 0.0525902798473787 0.0113167465990002 0.15570110767235 0.0491172254460089 0.167758805320613 0.03896606010067
0.237718446016689 0.0664733603211133 0.182168751568276 0.135566019434882 0.00035010586639116 0.141851403557708 0.0803936950035958 0.0220316138567086 0.0528943872498265 0.0805522171248107
0.0282274522454949 0.0210816453731424 0.18386047798296 0.224589541860876 0.12276615482187 0.067084404702561 0.164915233350734 0.00608349288038697 0.0329654941138768 0.148426102668098
0.198046564227005 0.108211112668552 0.00488472375062059 0.219999516689212 0.0542363269531336 0.0810858399600069 0.0199934198502749 0.159432867800515 0.114252733323385 0.0398568947772949
0.257380103385692 0.0349916901331198 0.0839957786416504 0.0374828427221302 0.0464855917251113 0.233546127007966 0.0449028217791404 0.0219134922972643 0.237115331952173 0.00218622035575322
0.0358501769191336 0.235657462521311 0.0496265502140183 0.00852926633193541 0.0434745788836225 0.186703439162747 0.0509313736663018 0.138138304373892 0.186733616134722 0.064355231792317
0.103013836201713 0.169643231909494 0.00202738462651433 0.0386211692734818 0.0709766138594428 0.183279648958661 0.0816300136922388 0.204202691176927 0.0581625643574125 0.0884428459441157
0.156039076912323 0.158468728715156 0.0547185780770954 0.158035177253177 0.0435526481439917 0.0431981749095603 0.0468114824189813 0.149344756811029 0.0453349854311173 0.144496391327569
0.103599991239549 0.13300589208361 0.0474150020167489 0.0809418978900606 0.125985835457322 0.114925534125554 0.143135344508822 0.0832150029896826 0.101520726221432 0.0662547734672175
0.120019859887965 0.059576945079754 0.16934230490118 0.0554243901827414 0.175049562243505 0.136733187427726 0.174322479252952 0.0996139608360226 0.00970470465008002 0.00021260553807508
0.135119068182805 0.194062570520468 0.156755239198041 0.147252828749814 0.0866454338992426 0.00276237528853181 0.0730661420659868 0.0946954946100352 0.0301377265014841 0.0795031209835918
0.109387249097698 0.0954363817123174 0.085927680925772 0.138205711552149 0.106640195039017 0.0974470270732442 0.121559425509212 0.0998889472570855 0.127553601177863 0.0179537806556411
0.0619497841519038 0.0977979206528675 0.1144061695133 0.0430210925427157 0.162956139997771 0.131528992746062 0.0921634248276516 0.147903029947883 0.146543303400751 0.0017301422190946
0.0439852834780313 0.117643303341341 0.155991818586172 0.13992663835115 0.0723160635045176 0.0218560248647949 0.11378507143248 0.119622124733296 0.0824683645525015 0.132405307155716
0.149570784084137 0.111255953829592 0.00154373105590682 0.170985056712217 0.120276803230339 0.0436067191834272 0.121175290511689 0.0551262954926223 0.0806576638852802 0.145801702014791
0.0888559879490279 0.0274712422369763 0.188152968884247 0.0528368758884984 0.130425317931418 0.139887991878401 0.102385983017236 0.185913220746003 0.00728957581046422 0.0767808356577287
0.155288614135769 0.171616665276602 0.0690291090080883 0.0555053825014465 0.134276946606467 0.0829550744221451 0.0804386654106002 0.11248141642665 0.0222637752034198 0.116144351008812
0.0527732060257427 0.142080815612191 0.19190304270707 0.119314228271276 0.0885108229145935 0.0170373463823171 0.0722571947372006 0.0601248058473971 0.0482632875093876 0.207735249992824
0.102092812294338 0.0203789814593129 0.10624043458445 0.0085467294758926 0.060467870300995 0.161460914527901 0.180913875629473 0.160447875792389 0.187723467118123 0.0117270388171252
0.138624928268534 0.220846357109221 0.149796711640719 0.0608342709873788 0.0412751335466262 0.100266121365989 0.0467092137842483 0.114411359654516 0.0845633759817905 0.0426725276609776
0.181224707792948 0.170738271501009 0.0366989482568047 0.019893306691285 0.0661372214088914 0.10283131477659 0.133379128833699 0.00746183314243093 0.157880724736816 0.123754542859526
0.144689449453436 0.0768512221587111 0.151868569791378 0.00197083279981952 0.0713398723755508 0.152532216003248 0.0971448706819823 0.0329773413032424 0.135978941812473 0.134646683620159
0.168334600925639 0.130875992622039 0.106445535940157 0.0816779314178179 0.0474806725781478 0.0698699811845813 0.0714607358229041 0.0752398178533093 0.111400719436026 0.13721401221938
0.0596755138150042 0.0128732299135444 0.0134237131766136 0.295392903389922 0.0822222001771756 0.255343389284689 0.0198619306909745 0.0265529328765612 0.203975763306451 0.0306784233690639
0.0390481358733231 0.122904751731395 0.0805785623882132 0.130417254667758 0.0474637520214496 0.144723156779825 0.152560871079351 0.0652811620703044 0.1102948133296 0.106727540058781
