0.178866646266693 0.126323452436025 0.0910841700028021 0.134627046858 0.0409441852924258 0.0513871506861159 0.0477904512886185 0.161754782357709 0.167222114811611
0.228343646090465 0.237916900169115 0.0235077175087042 0.0436200429599485 0.132967409640732 0.191305469235337 0.0424848309381114 0.0135168429273542 0.086337140530232
0.119283488812885 0.131468751327314 0.200718556578408 0.00099600559045605 0.0488161938813804 0.0762854448845981 0.116850691306268 0.122881663757425 0.182699203861266
0.122103020890123 0.139114626929046 0.204650957932222 0.183009543087507 0.0116075929914452 0.0613669730145815 0.166762363909807 0.105099522837531 0.0062853984077376
0.121722730275753 0.0897490337617269 0.127176133823878 0.151502183075127 0.0639002943160578 0.0703495645151753 0.118191602418001 0.148089248076164 0.109319209738116
0.185224410649952 0.172296393433911 0.0821011294958994 0.00453420655576322 0.188277146387045 0.0442491231980227 0.113913593400991 0.108964081275228 0.100439915603188
0.208642595878827 0.17428770129002 0.199325076481445 0.158277865103792 0.0183109341728976 0.0386599634580003 0.0990464345008535 0.00046530793211242 0.102984121182052
0.0535884216565228 0.155183168174751 0.0702459236951218 0.0430257307132855 0.055273938625087 0.175951976463068 0.0564125436083302 0.197747551512507 0.192570745551326
0.156242678652124 0.00685342760987679 0.0122594586067361 0.164263404768001 0.0366044495666461 0.184875461944839 0.152536725221661 0.0614390238957185 0.224925369734398
0.0677755464803185 0.196709385113532 0.0226108853200155 0.145421324612419 0.205912673002723 0.0841418787906563 0.119698208106125 0.10990285952336 0.0478272390508514
0.206268843335703 0.0391292726773921 0.0266505423781748 0.134165524692673 0.0120189688542221 0.224482937407329 0.126953464605676 0.0176180046326166 0.212712441416214
0.072117486639692 0.176879343615524 0.108074336544959 0.183892177020813 0.187138501592843 0.00402698439762527 0.0864063293074451 0.0430528482070745 0.138411992674024
0.161120698469534 0.167769299645122 0.0860972431391883 0.142154349432681 0.0160425088753659 0.11688604057011 0.170709475509263 0.133427590740886 0.0057927936178501
0.0754165132409977 0.0107034003905365 0.0608791894499747 0.125910203891141 0.151111856362801 0.104276604264858 0.169264503526386 0.143938184009733 0.158499544863571
0.117334585475191 0.0819748343126295 0.145130222046086 0.07032311338556 0.0652445432624129 0.157145752197901 0.172885653666438 0.0408434826567859 0.149117812996996
0.129241010500875 0.152726665539449 0.215070501737839 0.0266832689702816 0.163378141677622 0.0193576739216096 0.11538903813123 0.0830234361615256 0.0951302633595677
0.121986051236638 0.0760007550260218 0.107406400604358 0.126038615226236 0.0711734135333599 0.141888134161479 0.0460755734066163 0.144511660269017 0.164919396536274
0.0571568685314389 0.0154516867205707 0.00493857004912175 0.192782742957204 0.0512148520905708 0.206904169647157 0.189234006304765 0.0983343096064639 0.183982794092707
0.151407618145683 0.167688855459989 0.0215349422300356 0.152498339775307 0.0863586247027342 0.0575097306997202 0.16789060592437 0.0542830937032754 0.140828189358886
0.103682935518137 0.160273214370838 0.183568514288505 0.0316598643120164 0.169363082476103 0.024890594230624 0.146716626375348 0.149881469022273 0.0299636994061559
0.106032867393664 0.173356177529382 0.0135700647721557 0.154338137961218 0.113868242841369 0.215091730348396 0.0312814039222989 0.095789129394885 0.0966722458366311
0.201662049025933 0.0608480067389077 0.0959798295646534 0.0686958609207729 0.0697225800127103 0.194878483999215 0.0646526537076155 0.221203335308998 0.022357200721193
0.136333010312908 0.138060866763517 0.115084723438683 0.135527590926207 0.172947461175108 0.0905794453005617 0.0894125346572874 0.0987135410831716 0.0233408263425555
0.132294416144227 0.11113278874909 0.147131627588908 0.147745367004403 0.0577750619733647 0.107753608482622 0.142783456907379 0.0542437920449672 0.099139881105038
0.0857257347873289 0.0211374880872571 0.0464490598426285 0.106737549244451 0.0424002128591587 0.230844895923135 0.00239983777833524 0.234658548191501 0.229646673286205
0.0592012956021385 0.0300794876289487 0.157605180592031 0.00836325320366432 0.12841927473811 0.060882959272988 0.231363924064443 0.24019697941796 0.0838876454797163
0.0172609556511476 0.0248815321293934 0.108355630221837 0.0721973316239416 0.195038102836966 0.0844357059972308 0.14592787202723 0.264995950414401 0.0869069190978527
0.129138086038535 0.0165294087165393 0.0671793112807466 0.0987498774402108 0.084815428501102 0.173672881834949 0.149734776145665 0.170750392659142 0.109429837383109
0.084353890202402 0.157728413561831 0.135716609386844 0.151760326047462 0.0654994497984256 0.00220794640392159 0.120970744122779 0.196620740284417 0.0851418801919177
0.20805118964887 0.150148028467747 0.076685600151591 0.069852376535675 0.045746040706117 0.163559412812138 0.174796757739988 0.0608901737579217 0.0502704201799522
0.0545942077569276 0.131172563346993 0.172732346060085 0.0699106800188108 0.143398834490664 0.0859075931573777 0.088539571814389 0.0969922934300565 0.156751909924697
0.106174742669035 0.0743767063031081 0.219735532622805 0.0889836944076786 0.161519163780065 0.018027423692857 0.0174037976553052 0.0581777739007332 0.255601164968413
0.0458973125648276 0.160922920231699 0.22982679709328 0.0767839657898028 0.0628631484097824 0.180222611044791 0.0379685511549346 0.158778311457393 0.0467363822534902
0.140403660851224 0.00661808157367235 0.00910509454044087 0.0244395723004501 0.113875039790431 0.283877015863127 0.051019706995436 0.241065783102158 0.129596044983061
0.13376585648074 0.216629049229957 0.122506846110459 0.097121107985424 0.00570043448180957 0.148153302228088 0.0565428070479899 0.132190087569748 0.087390508865784
0.00943034671795043 0.12925377020971 0.0881726023889993 0.163718842614771 0.170384251171738 0.159825713810156 0.0344528315693351 0.0995028332188619 0.145258808298479
0.137422474127432 0.0326001169685055 0.190562154898034 0.225570426326783 0.0808520486419748 0.177406752823655 0.11902344492961 0.0188712050958534 0.0176913761881517
0.150520623298344 0.125817084967748 0.129227631031333 0.0533990378193829 0.115705653008293 0.121004032063672 0.0879676427501 0.0971158075825051 0.119242487478622
0.102353404188933 0.0128448945536699 0.13700535231285 0.148166641977604 0.0283891071671064 0.0951655013148135 0.081373288483194 0.179764098349943 0.214937711651885
0.176215926775934 0.241958542460664 0.0168537729408807 0.17334425687559 0.100129671474824 0.154026894978444 0.0204867969375972 0.01578666658391 0.101197470972156
0.142580177990546 0.147513598175262 0.0137822938983449 0.0402740934151968 0.131913622013053 0.162281997476492 0.127319057773636 0.143732323609996 0.0906028356474738
0.0885642478734801 0.0574203903852494 0.176224104125873 0.142539437044714 0.172119548472953 0.174380062713668 0.0336557645418121 0.052327399811279 0.102769045030972
0.0287336398049833 0.165551691034227 0.134308161752973 0.155731900132278 0.0185703353608534 0.13736087953172 0.198604075977288 0.0338753596081758 0.127263956797502
0.17270387904255 0.0611428979613647 0.159481217318269 0.178914564837502 0.0307204423355142 0.0731721802080124 0.0598421114395327 0.156690425050235 0.107332281807019
0.0295981866610542 0.0580370021041957 0.168181766008388 0.178280167512974 0.207506122685307 0.0884246215756347 0.018290440412056 0.0956190050446109 0.156062687995779
0.0633754974076144 0.219922803516709 0.132429390062643 0.015569262026664 0.0160522635553923 0.0071414694300474 0.242081816391723 0.154670966844419 0.148756530764786
0.100359607668853 0.118924645554914 0.0274188890055704 0.176516060102754 0.23587622934329 0.110667522562964 0.0991408523889491 0.013729461482508 0.117366731890198
0.174703693802699 0.141056226937448 0.0997709290738599 0.0381497179802484 0.112790504139964 0.0740416048925304 0.14028198654223 0.161226838863098 0.0579784977679221
0.00895978282065749 0.169463499293659 0.14759352841016 0.14128352620617 0.196897096660928 0.108770690507628 0.126142209686486 0.0719841268508045 0.0289055395635059
0.0366410446537821 0.24296259849156 0.0441523945916554 0.12079715824783 0.198293080016196 0.231520926081018 0.00828180608062386 0.0698391403056528 0.047511851531681
0.0466953715527801 0.051041241481174 0.204583170752465 0.112143547530486 0.140777788241525 0.199667064131892 0.048260173411447 0.0548796665500372 0.141951976348193
0.193010571780034 0.076315294364606 0.0668059647521795 0.154304042286942 0.000267624065446691 0.0106751072091281 0.278947416769143 0.0063606302929874 0.213313348479534
0.20941865458566 0.0334752623820401 0.225211584579387 0.132829127107041 0.0829608728331712 0.0879643300909551 0.0259738079613895 0.118158110472392 0.0840082499879639
0.00928361188621151 0.15184485906668 0.0531498349780261 0.0156423768404446 0.202960737892369 0.212054475798923 0.0500921400811444 0.0853885359457248 0.219583427510477
0.264227537654548 0.034409927515038 0.0864985339531145 0.0702274838030052 0.0238700228548608 0.141345089172119 0.0241387732775651 0.174912639980501 0.180369991789249
0.0741060215439632 0.201317106737322 0.223799035323614 0.187772126174903 0.00239820474228059 0.108168851388076 0.129833708602812 0.0506172875103022 0.0219876579767263
0.0713430329161936 0.0673701342195797 0.0573140933638727 0.065784347798979 0.153969436030591 0.193115409772392 0.134235706531328 0.0692904596455959 0.187577379721468
0.0346884917455882 0.139215263456357 0.087225428626634 0.134471359360459 0.0834239165114798 0.169152138460099 0.125580301996219 0.15991281531452 0.0663302845286436
0.0415462077359147 0.0764442734251016 0.149874096170943 0.159176360723454 0.145582961584699 0.112894511043721 0.0893571443009267 0.130340744135639 0.0947837008796012
0.128767383377807 0.13342381300867 0.0708256542455674 0.173675980732016 0.0972718326693127 0.157421019244597 0.0736838222165734 0.0653842471878353 0.099546247317622
0.0034975470017618 0.0300104608362244 0.034327643241437 0.0572025560787826 0.196992126512977 0.204684275979451 0.170536640811264 0.0757962998917301 0.226952449646372
0.195621742435977 0.171515376923568 0.0938765726869864 0.170848031127221 0.00799480048488773 0.141196170137094 0.102463734544897 0.0156253548096439 0.100858216849725
0.0943228447247691 0.0357469677889656 0.117679510580527 0.155895348356114 0.118713708991879 0.210924065514173 0.0371577507026533 0.0355571513149074 0.194002652026011
0.14720647939525 0.10678856127186 0.125409048498821 0.105934049532287 0.0806372030600016 0.0475818301749927 0.176842892717969 0.106905591478769 0.102694343870049
0.182947215294473 0.0114861373099084 0.0895551161529866 0.00775513169497764 0.173928491697308 0.0788191441809067 0.195795030542079 0.112481337004304 0.147232396123055
0.0513000684681633 0.0133046405043238 0.0632455854235842 0.15910373644946 0.00225325192919877 0.188731415685828 0.186713406966294 0.143659129462807 0.191688765110341
0.157233522161276 0.187121669599994 0.0972466670560917 0.146769305842038 0.0246165106382632 0.0593519559056306 0.113682804022476 0.177333453240725 0.0366441115335055
0.0655811089930945 0.100334975894617 0.223635687232583 0.0810288270105049 0.0295785212178511 0.179438006739424 0.200720459250158 0.0857684999704345 0.0339139136913328
0.00366281833927879 0.200746264596023 0.206224656372241 0.111987169290257 0.112055874063785 0.119717246246942 0.0899477366939026 0.0468925068670417 0.108765727530529
0.0382486663853396 0.070884189636515 0.0244040876363062 0.143767145263153 0.173175578779872 0.233680326057754 0.157305986421916 0.129642451612905 0.028891568206239
0.0891212053880011 0.00661636735039229 0.00951447498268168 0.054781759552124 0.22653486914734 0.294453305966918 0.205787233578929 0.0749941761545538 0.0381966078790597
0.112854091861577 0.0176971478413349 0.0647812090255182 0.192889913474188 0.0945115364833751 0.157151048951569 0.151819165804714 0.0960943477232527 0.112201538834472
0.093345178966227 0.219182016944418 0.0507742509044604 0.184325637622651 0.113300644665623 0.105431785206009 0.0383386877383691 0.159909305014638 0.0353924929376041
0.0588420624072098 0.100333986359764 0.0536506733285047 0.169816286033417 0.0847019025898758 0.146722823229802 0.194342986330515 0.163331779844629 0.0282574998762826
0.191613421488458 0.0083100597668168 0.185924032950262 0.147495271456478 0.0861466520082823 0.167959855735355 0.183447053103591 0.00316554032950523 0.025938113161251
0.13233797435919 0.145440011342864 0.0590586564120625 0.121664209642122 0.148984000519717 0.0649077619623464 0.0833299268214842 0.215280243671648 0.0289972152685652
0.142413522771934 0.147189438318123 0.182392629050969 0.165122847527704 0.0976722107396382 0.00189944527229035 0.0891235853256164 0.00782551560814401 0.166360805385581
0.130375618545813 0.155304228092066 0.0412778816415744 0.193013159597307 0.113328420235984 0.135540809244078 0.0744935444277488 0.0523166765455865 0.104349661669842
0.00475225016140644 0.0965798503760577 0.080231952793369 0.106856861511287 0.0297670347977796 0.0638210123956899 0.215493701510572 0.162643291302089 0.23985404515175
0.176009325485638 0.123862367086621 0.087676932981621 0.00271154574924351 0.203295394777248 0.0723194987912295 0.182174336463985 0.0560692242680064 0.0958813743964087
0.215178243138674 0.0739413292256777 0.0670349710492039 0.216361553893923 0.0813535613881185 0.0636910629582914 0.157888077351953 0.0614982299779304 0.0630529710162276
0.127938188437023 0.13649051063166 0.0699450063815156 0.189402711718565 0.0411555477852109 0.135455998050962 0.0243094593048405 0.126564597102281 0.148737980587942
0.0715637147666076 0.145027107564317 0.147110770658269 0.160904790261338 0.170852075427376 0.108112912353438 0.00288728652038412 0.17230674995904 0.0212345924892299
0.177082621679335 0.0721838967167575 0.198039419282948 0.135713401829483 0.0253809140011263 0.0681968935209993 0.177098257217467 0.0240387276274752 0.122265868124408
0.136729106991594 0.062772361979874 0.0685094892430858 0.245842983124202 0.116691103208786 0.0800332039894613 0.100786558219771 0.0128745825228598 0.175760610720366
0.144229553205352 0.122985695654762 0.116039113616975 0.0311209916255394 0.108432587645239 0.0931424045858541 0.123150357353167 0.165929651864697 0.0949696444484138
0.0348886736302352 0.155974766088722 0.00779968693099855 0.167079236515208 0.169208615366675 0.159868965812648 0.156129914140317 0.0142990632741926 0.134751078241003
0.0430141698097759 0.119730031836741 0.173691006358865 0.0111415684026952 0.0829612627580793 0.0674699612237809 0.165117296965626 0.190224648828416 0.146650053816021
0.0388378680835898 0.0936008334258918 0.263169699926114 0.00258522675300811 0.267647259449746 0.0212279470500395 0.131000440964349 0.106601116451279 0.0753296078959825
0.178985198563722 0.169878069961797 0.0568186184366248 0.0607701317579114 0.138608010149543 0.0296400000635795 0.18904030217316 0.0545822867890375 0.121677382104625
0.174326302051208 0.0651980546257777 0.159148406375101 0.124246887395973 0.0862477396598026 0.0684011692060608 0.0936424653083871 0.0252229056072274 0.203566069770462
0.149996928706602 0.184882394364652 0.00775296795312182 0.0784384620944572 0.0630023542633678 0.0580928280122345 0.112724047408769 0.161166378518063 0.183943638678733
0.0741837717622173 0.0530675794487169 0.184595537814317 0.105772251320058 0.133925983273777 0.145524759591932 0.15059484860651 0.0524538854654273 0.0998813827170438
0.155665892664351 0.113664219230204 0.137082883365372 0.0696398468601466 0.190644466486331 0.106767859293087 0.0271298477787345 0.130106504783028 0.0692984795387459
0.120752348406585 0.0726933979987615 0.0731812507756916 0.185591164526104 0.0313363645690188 0.196983580701053 0.192612674177483 0.00494806205758771 0.121901156787716
0.168584677669374 0.131701707055865 0.127196812538596 0.0508892508866265 0.070758302830663 0.174991213439547 0.14205835197233 0.0510727202166986 0.082746963390301
0.0800756115921365 0.17439393987154 0.111218432516302 0.00986800935064379 0.140804816008673 0.166950278038757 0.0629348942368655 0.0434874959701333 0.210266522414949
0.101179003752854 0.0659706759569646 0.0608529940003051 0.177048399628913 0.0555109023019436 0.170348307973832 0.0961717708869996 0.134294962712035 0.138622982786154
0.0598079972817363 0.0501428409104332 0.0639878330371723 0.0990418179167851 0.20611097357936 0.122736334796424 0.180582362364717 0.172770884599222 0.04481895551415
0.0648951248676512 0.176023094048367 0.118576828624572 0.158280859222409 0.0682993665426553 0.0153448519602426 0.063147790468821 0.206524539031608 0.128907545233674
0.108505800600267 0.0146662216118167 0.0558691163247182 0.16066595656772 0.17692182542654 0.152443903621904 0.136454983494959 0.00528973807000775 0.189182454282067
0.0475555383967945 0.185965534434784 0.112453074518567 0.0969541713745107 0.0828731478635658 0.198699748381328 0.168355606824932 0.077522513322145 0.0296206648833744
0.0277413265294142 0.136470613717789 0.015044984658673 0.26076048624824 0.125446533635806 0.0197517344218196 0.199142620748067 0.0486118686057631 0.167029831434428
0.000405960817188303 0.200685962213854 0.0439183559255713 0.235823101511655 0.125027465452923 0.0919334846046782 0.00203679950161157 0.242306376486244 0.0578624934862751
0.156950947439108 0.0454816603302241 0.133121600879269 0.126727956924652 0.0932901678272707 0.061969070135531 0.165230413194945 0.0944233971437766 0.122804786125223
0.17832279002309 0.0315977717535913 0.132619510277421 0.187886843497059 0.173600147694829 0.073073810629911 0.0649940895596811 0.13582505059558 0.0220799859688372
0.00923399643811436 0.116281361249276 0.178003320498089 0.151233173552784 0.14502535991338 0.216790695531815 0.0204207087490661 0.0573225053840513 0.105688878683424
0.0938123423821699 0.141867874559997 0.0495363326737199 0.0938137419827884 0.283263209224805 0.0326617711232271 0.0240351778642182 0.173092214451341 0.107917335737734
0.139903821561352 0.0853436030549129 0.0519926045234172 0.167210304175779 0.129932763930789 0.142825163399663 0.12465407508942 0.0913083519275892 0.0668293123370776
0.0619443985017562 0.159530512711343 0.0138984576367925 0.164821230940975 0.0819070067601086 0.174600444073748 0.0690036313439064 0.102065010753277 0.172229307278094
0.190626242052822 0.0403489636021531 0.163695684711934 0.143041354417146 0.19008044442121 0.0527112373437689 0.0939722870390927 0.0943398227861897 0.0311839636256835
0.0725652834549544 0.0372371153955455 0.190432703359796 0.19074279712459 0.147298443721481 0.0822966631158848 0.127355607068503 0.0362886068446045 0.115782779914641
0.169445049239433 0.113790097857296 0.068308778058167 0.129191621037636 0.0459968388336644 0.143073562080144 0.035592747694242 0.159859730050243 0.134741575149174
0.188816934662812 0.0252347145914482 0.124035942860505 0.0906588063232752 0.0649946886405915 0.219135339134235 0.0417692100507092 0.119945638359089 0.125408725377335
0.152939833789148 0.12008912665762 0.136080050735803 0.0509158147678851 0.175720325862629 0.083521143975833 0.0626630848288406 0.10056954976932 0.117501069612922
0.101865038290625 0.139542370465507 0.107075960975714 0.180458461639878 0.0414217579147435 0.028846910754034 0.151097384502637 0.0951704048987247 0.154521710558137
0.181442754726568 0.0454252324635824 0.078410127010062 0.110402457131205 0.152721893370639 0.0971959130341892 0.022803674275244 0.166291661772884 0.145306286215626
0.06480819752532 0.0299751262749554 0.0940623728152431 0.117810377416257 0.175867875581544 0.150754429387948 0.165920071090403 0.0797364502194982 0.121065099688831
0.186150437006367 0.0672456197902222 0.0465658406709286 0.130116751835825 0.072330801373441 0.206895329225367 0.184077962126553 0.104845991706696 0.00177126626459903
0.171870133893306 0.0118061343875248 0.185707834635776 0.150063230469134 0.122221283170362 0.106215993894868 0.0204241543590955 0.110975109089766 0.120716126100167
0.216450997895928 0.0602922903036652 0.0340880557107716 0.073150264295451 0.140431107651618 0.131755650085653 0.0415860749321698 0.0881769817731804 0.214068577351562
0.0288451061439635 0.0436570442981842 0.174566176162237 0.16583485428201 0.149789680118347 0.145043109857246 0.0414526688424288 0.100013582291399 0.150797778004185
0.0770682704562277 0.105864437017157 0.183787123753409 0.141070568244435 0.148324876320122 0.0767267073708819 0.116506508288454 0.128008837546596 0.0226426710027168
0.054839643430313 0.152950009249928 0.178470243067394 0.0414864426938611 0.0848390384156994 0.0921242514333373 0.171550836552858 0.153856753986671 0.0698827811699396
0.102652083558888 0.179856605776066 0.183033407200172 0.0821573890655871 0.185006530551028 0.0116431836690521 0.104755066527705 0.0339813699309179 0.116914363720585
0.0442202012712467 0.163367475691573 0.0205088503015458 0.195618338986579 0.212287151829455 0.0640282132746198 0.128237139598586 0.111911481737419 0.0598211473089755
0.140518343232256 0.124443489549908 0.163578471264547 0.0102065005941244 0.151438138644826 0.170946224114296 0.173120063871309 0.0021950372562699 0.0635537314724639
0.17407885724564 0.0539699739187504 0.0455641316640249 0.0526246096654481 0.167536685606454 0.0763888676176991 0.14155664919335 0.190885820346997 0.0973944047416372
0.189964382945132 0.205121772173902 0.139270559772021 0.0447490941830292 0.118852550164132 0.13765812414194 0.0668209184333953 0.0956515245595679 0.00191107362688107
0.0733073143159295 0.139848103530374 0.152566103798153 0.0173212966746265 0.150180499839777 0.0555179245119734 0.101896159207765 0.181966049168529 0.127396548952872
0.0744182868388047 0.193644329128009 0.127744259181519 0.0466018999438623 0.180682314266887 0.159813321535094 0.0994530340404531 0.0981919774275865 0.0194505776377835
0.0833036352839587 0.0805228679018756 0.012977952006966 0.208414246547516 0.118279142366751 0.174233825441862 0.0648831809691968 0.101879354412336 0.155505795069539
0.0875359459551333 0.0735714366935824 0.0014782011883704 0.0780554133986646 0.126293915085891 0.196359465436683 0.139408797544491 0.147833691706706 0.14946313299048
0.136836239658337 0.0857444106510564 0.0593890344268043 0.0838643364850594 0.156035935339035 0.0921715900978956 0.0906452192546387 0.156135981592608 0.139177252494565
0.0429795761324944 0.284139696676117 0.0232862939118999 0.0753074692596671 0.110570972217257 0.293223688149427 0.0936779745092012 0.0676502547282663 0.00916407441566953
0.142579661304544 0.0772140052137743 0.0770047181711351 0.0299971856251194 0.133167525390369 0.160438681609459 0.205729802658098 0.0231573149840969 0.150711105043404
0.157958570719869 0.160733664260689 0.128037542708922 0.134465867505912 0.0333681526341035 0.0465001920396561 0.131425380344795 0.137645006102606 0.0698656236834487
0.155486458348084 0.114457480336812 0.0532272820507185 0.141552378065366 0.04889689615659 0.169646410747199 0.11054811460906 0.0927038843608703 0.113481095325301
0.0463697859745418 0.0669431907343223 0.0489264274742477 0.230519897768712 0.045491943043224 0.0915731209437321 0.0492566742661408 0.213470026472061 0.207448933323018
0.0964360006672449 0.00717144101502288 0.135537535308374 0.0914481431104965 0.166032363568676 0.160392290989036 0.0344613393774049 0.182447792245872 0.126073093717874
0.0514017841009913 0.0739460548581777 0.0211709940258695 0.236094641616131 0.152933749877478 0.237290055781407 0.0235942951571036 0.162272191514203 0.0412962330686374
0.123042107349405 0.0300464167933646 0.109217562060793 0.0106233967068142 0.170512044830399 0.159218264869519 0.118574387375009 0.0679282156178137 0.210837604396883
0.0453784740081831 0.0783775225806787 0.168577687380484 0.140312029006658 0.0605730178604248 0.18967203275728 0.15757353335098 0.00969649566218788 0.149839207393123
0.140425232196294 0.0634540802043434 0.191687602931615 0.0504465242505654 0.00403369941753553 0.22360769493432 0.114389615226061 0.142790068905754 0.0691654819335119
0.101099426577362 0.00613568407155896 0.206634616232996 0.0725161795834813 0.179953933828288 0.128586622510423 0.0667062574101864 0.0309007982859646 0.207466481499739
0.106169164934275 0.298507832166166 0.0657771300214733 0.199251251067538 0.00470224847200865 0.0485932792801108 0.117783624282918 0.0996962854495784 0.0595191843259312
0.0603584026270476 0.143946077880019 0.0857230947671493 0.0196447541907778 0.224050851399247 0.0933219831155369 0.13949039667957 0.130659047056823 0.10280539228383
0.0949641599839856 0.167168468578441 0.142332975878739 0.0299944548226039 0.176856677007638 0.0877379702189441 0.146830434408087 0.0820941945836066 0.0720206645179551
0.189730699134595 0.0359528414386114 0.199613978933506 0.0709721499088964 0.0737468277904226 0.00985607020846953 0.168449393921999 0.00193301711578378 0.249745021547716
0.00263787522007611 0.0466342767231214 0.0408818126998251 0.274287778761597 0.279858416821952 0.0905484275263054 0.209184267032529 0.010490661166894 0.0454764840476997
0.0189961516426286 0.120044290295192 0.175410328326274 0.0165011733904938 0.0293092475493611 0.125587129693851 0.166201716370656 0.151840531216894 0.196109431514649
0.0923128727392758 0.0816543617358346 0.158227000265026 0.108730567237567 0.0531515582876821 0.158431519885193 0.0759256927877817 0.147228646284167 0.124337780777472
0.125366661380448 0.169464930698704 0.123768298581736 0.132634997474742 0.0963033158201813 0.0364450501539476 0.119581246001354 0.0281526899534404 0.168282809935447
0.18157917338843 0.0145523268159239 0.073253427397332 0.147739696925101 0.140942169941563 0.174645151150137 0.072900333628084 0.0328941171335543 0.161493603619875
0.0434851326813228 0.0308270391118086 0.103232363591534 0.15797140542596 0.0486834989964311 0.14942352518357 0.176639863233879 0.133764012918572 0.155973158856923
0.00248146926548576 0.226701311844958 0.0937079248246638 0.155052864943329 0.041218393195141 0.0449478764452928 0.210983050207008 0.136236825481066 0.088670283793056
0.122619461050673 0.166116635064167 0.110119736802299 0.0537698243682279 0.131989211795326 0.105517029984546 0.133341532578977 0.141247388647136 0.0352791797086478
0.0932436808490798 0.127745290597104 0.178950604504519 0.176217600170876 0.189668526818369 0.00545324749446464 0.0235599444998585 0.188923671038969 0.0162374340267607
0.0780119541510791 0.137892678825519 0.151030199968895 0.102105141080315 0.0186123449605754 0.0688758610136726 0.19085623830862 0.0452142819995857 0.207401299691738
0.0642135624027078 0.181830204573072 0.12821849541214 0.179667808500089 0.185701745637959 0.0102292559074269 0.0256665330480648 0.100157030973065 0.124315363545474
0.0959090838444428 0.0764818628834009 0.176829794183279 0.146123821294339 0.0724956827546611 0.0313424598891589 0.136468724230249 0.14511498945439 0.11923358146608
0.166877211632453 0.0595552372044395 0.161622943015803 0.107996574410177 0.0642950417127079 0.0662855630443864 0.215635608023452 0.15362056860587 0.00411125235071026
0.108459764730039 0.00416268601322472 0.0414085932393718 0.0336677931479135 0.144324421564857 0.151434904545802 0.252344374645618 0.214430060980219 0.0497674011329538
0.0062583302241058 0.00889091592513907 0.0108596427033524 0.10831955529505 0.130957148862467 0.171935851303148 0.189042680085727 0.186336418507912 0.187399457093097
0.1844888093479 0.1478908166581 0.187074495344823 0.158013159943335 0.0244905189072829 0.243394175411176 0.0340453568098989 0.000861894157430587 0.0197407734200536
0.0535111811657662 0.145674386514063 0.14492574866021 0.130599612207784 0.178766682911786 0.201155377674109 0.119559442346364 0.00741580407507753 0.0183917644448398
0.0996813031442679 0.00473772435259381 0.120505251696516 0.0911745886254307 0.0262206829914379 0.214211942627801 0.182413878777489 0.0728733937481957 0.188181234036268
0.0998194223084698 0.0365827500599001 0.113137142588193 0.107304871835213 0.161682367068702 0.0117100418886712 0.1824182280121 0.147207941025726 0.140137235213025
0.172656471295284 0.150454226420409 0.00765856822667696 0.0280175797051205 0.138081402606987 0.17257232098572 0.0852412706173988 0.151323357528551 0.0939948026138523
0.197749601165355 0.0130706220550041 0.20940014350402 0.0561722358101617 0.111061354895111 0.0629415185383952 0.0421915780777504 0.179272354318135 0.128140591636068
0.136073128717818 0.0499258139330239 0.163123631150342 0.200127801783107 0.137200025218697 0.149703603675558 0.0869723046606029 0.0369605797474974 0.0399131111133542
0.196765445822965 0.0621887638182243 0.154126026367787 0.10539271596819 0.034267407060977 0.00341217376315097 0.174034248345053 0.180744393665419 0.0890688251882345
0.0605284372515492 0.00796176564700411 0.140388416466044 0.0317970124549375 0.139156663025508 0.229306713432665 0.127925636114762 0.045784686098345 0.217150669509185
0.129098783321658 0.0852622682912326 0.0899287397832315 0.0886248479801772 0.134513228398044 0.0186112983946022 0.226165966979562 0.0595272870862607 0.168267579765232
0.157137002122974 0.0185190358521702 0.00416306491293362 0.0128026546001033 0.204157274963935 0.21152106410368 0.0396533867554942 0.198831324782189 0.153215191906521
0.12224419485215 0.213657551515605 0.00235225851333323 0.0827034800763987 0.136130687256759 0.0188273666936767 0.152554809026222 0.214482499412337 0.0570471526535187
0.0217337060553616 0.256454734089949 0.304996112802687 0.133751036691754 0.0106119613787294 0.217747482908651 0.0184863833077964 0.0287443870468603 0.00747419571821128
0.140735339494298 0.206519457183904 0.0536974663375184 0.0452532526521617 0.108513643237556 0.0599006420163682 0.173050124967413 0.150719036400238 0.0616110377105418
0.050622955470663 0.0452778606307983 0.140373047819013 0.0364911779719078 0.200256816200461 0.115456922476753 0.0327896484717403 0.180980898858874 0.197750672099789
0.000265556229273423 0.0864705976504481 0.215198545792408 0.00961505669318003 0.199302211034068 0.224096665984324 0.0366459327485467 0.071604171078134 0.156801262789618
0.14983994760363 0.170836284937577 0.0270781701332645 0.0874112994398087 0.0435608690008373 0.228876338376346 0.128161912960253 0.020122606293049 0.144112571255234
0.105886920573606 0.145325684191927 0.158669126375985 0.00598577378422139 0.230671416352645 0.106316351119358 0.0559550427990749 0.0659621225880855 0.125227562215098
0.155128220284464 0.105195453789778 0.150730303715076 0.0599879137156013 0.116064611835124 0.15534316235624 0.0402660848733971 0.161950199474777 0.0553340499555444
0.135670250429402 0.128711534739203 0.039072755810546 0.146318703197563 0.138165739494279 0.0341101442817741 0.159050856364085 0.0744529194812441 0.144447096201904
0.158006703655939 0.140563342914946 0.158232279987173 0.222057315107227 0.181753114052476 0.0544783632232349 0.0494926919959398 0.0272934698988864 0.00812271916417639
0.101527507120075 0.0443836968397809 0.138354053910528 0.00776092057395854 0.121385968772149 0.15110515060637 0.140456920002398 0.154835179251682 0.140190602923059
0.187123230246534 0.119886550682089 0.257881692863453 0.0144409864026242 0.0435602793429644 0.161276445052222 0.0779914110942101 0.0665866110986489 0.0712527932172553
0.130365713067925 0.156495512010669 0.148151678384685 0.0875402155616195 0.0637675692949365 0.0784819185228207 0.0637791306092464 0.201814989568633 0.0696032729794648
0.0496462295174206 0.18642013714891 0.045977267195721 0.131537917826824 0.157666096730997 0.258581149336539 0.0713917612429597 0.0960065308077836 0.00277291019284453
0.0148618093129485 0.174593737946507 0.0154804573549025 0.0474541898171243 0.249813669684823 0.0338700404021572 0.0783457862968681 0.170675173423862 0.214905135760807
0.135306305924338 0.180603271729153 0.127488267599607 0.0623891488057719 0.0087901195407489 0.0676690353061264 0.119880374761063 0.131969837396382 0.165903638936809
0.130250944912348 0.0206709786379457 0.163019127075582 0.06833997292878 0.0627414611087755 0.159157304193427 0.197534198212898 0.182320840958445 0.0159651719717992
0.0811377311943907 0.197065336235878 0.124848811214049 0.245853828660378 0.0444241246991016 0.0858216818755777 0.0494541592391805 0.116535422280664 0.0548589046007801
0.130458196868252 0.096527158059 0.205740631186156 0.133792942329674 0.0510637391747925 0.0568875619475979 0.0405877054830722 0.0610404171890048 0.223901647762451
0.0726978443758157 0.0946335557339342 0.166530144572419 0.124010809500732 0.06143336354902 0.0463599604953284 0.243826110564222 0.0146774765711909 0.175830734637338
0.000925889749261235 0.141715997194807 0.124063322484446 0.0502962047915807 0.0156993465043849 0.122750654118305 0.173583353992142 0.177888519429347 0.193076711735726
0.2166158358566 0.0196256480780943 0.157101219883531 0.167222575985811 0.0425133950247321 0.187913653705737 0.030160338175789 0.0916209684303694 0.0872263648593365
0.0345243526601871 0.0359470548741862 0.190974772642694 0.123709211511853 0.0282172851891985 0.0212202182916551 0.177105225643737 0.18417401577132 0.20412786341517
0.120714909075197 0.00457976638194723 0.0316201379942085 0.0431226742769152 0.150615185893026 0.143785865877785 0.216406330299994 0.231970090030303 0.0571850401706226
0.0844316526220362 0.127565307350747 0.167266795699913 0.0405523458658316 0.137837917486247 0.0549286579909142 0.174559772748677 0.179215603785654 0.0336419464499794
0.0802882301290194 0.124759981026963 0.184703117696554 0.0791920837372705 0.00496660563469308 0.198069219481149 0.159296921373398 0.040240080970831 0.128483759950121
0.252285456634925 0.0668561006864055 0.180615016888654 0.0352817856615172 0.0107598046216808 0.125229438688124 0.128947512572766 0.0673575548083919 0.132667329437535
0.153975815902838 0.046000279748944 0.128486039047383 0.00846432516676539 0.0995695480041779 0.05130364274395 0.21940169952108 0.140993473151008 0.151805176713853
0.0517537807675724 0.0859914018867968 0.0714336972945719 0.141711390185624 0.19392249642319 0.0834171430416106 0.148758748590004 0.161012735610691 0.0619986061999395
0.151620627157197 0.0544169725289756 0.201122371950647 0.128195186341355 0.0319163720839789 0.165264016188078 0.000350456541229804 0.184622306565324 0.0824916906432142
0.109592873580185 0.0647912115002042 0.077351884027001 0.155356647903024 0.189654208388731 0.00214676051782506 0.119167923263153 0.267621951538564 0.0143165392813136
0.144621200335903 0.152874015145513 0.0912512339228247 0.093982871099014 0.0356984512611469 0.103915821748934 0.122860777230458 0.122187111021446 0.13260851823476
0.089463287867093 0.13031637379292 0.056414194005991 0.0747677025522423 0.19120235328482 0.17659842471359 0.0274645132396181 0.0464594780495972 0.207313672494129
0.0178078510244988 0.0592529598617273 0.00174939462105669 0.211609727594961 0.282352299644556 0.0125909924552483 0.172267328089786 0.061814243323327 0.180555203384839
0.232573649094075 0.0607998472234297 0.0990209892557613 0.154507852810404 0.0207776969700589 0.048914052079499 0.164352162414342 0.0156571744039883 0.203396575748442
0.193334098575013 0.0823380298958709 0.00514757534373326 0.164974963290366 0.164797626715929 0.0273641299377217 0.06612590047865 0.156676498481234 0.139241177281482
0.119825285031384 0.184703960596808 0.000364883364978418 0.00400814884184482 0.0770483423739995 0.168239801342907 0.117327545024089 0.191169820120252 0.137312213303738
0.141427355580241 0.0498933037353584 0.133249057602845 0.0908309167666367 0.07993365398459 0.176795562306657 0.176938015675476 0.00724507855672298 0.143687055791472
0.191287950662442 0.0172766688342078 0.173446454253055 0.129771420351838 0.166396263438345 0.048209695540464 0.0823941502922839 0.116669003277586 0.0745483933497788
0.184207433145693 0.0855711047144867 0.070524231406779 0.151012745470098 0.0271186732030933 0.0248786220204217 0.188404581658421 0.172102283057275 0.0961803253237318
0.0190669542841563 0.0591726523700395 0.228736029616552 0.193024144298832 0.0698175039605961 0.12987290963016 0.0490954975782386 0.214104613937738 0.0371096943236867
0.156842496592051 0.128423677661437 0.0364696209782018 0.0862179068886591 0.0588569788593563 0.0172745945431871 0.093190897285622 0.175818297547427 0.246905529644059
0.0940604484210673 0.180582471252245 0.207446085429273 0.0475032559486281 0.0534827879629742 0.045252380141691 0.101088222788858 0.206478212318073 0.0641061357371914
0.0302453603695484 0.158346999284263 0.0486602558966418 0.0369608750152045 0.266693753057548 0.0477926593387438 0.0315424854517885 0.238824884276808 0.140932727309454
0.144896662495988 0.0650113154609993 0.0893284311093873 0.226370884697204 0.144161417805495 0.0514599911458029 0.00163767623295633 0.0436880580176773 0.233445563034491
0.11561092410918 0.0784168911470934 0.149190878631464 0.10952667759315 0.142445866117184 0.107407093222508 0.15345604139199 0.114349983097715 0.0295956446897166
0.0981506594487281 0.146150153591508 0.143201361868245 0.00194780138071087 0.192503942858533 0.0511927891156616 0.140554409956489 0.175509201366343 0.0507896804137805
0.0631342405066528 0.167159705328885 0.11520963530828 0.00282050079138127 0.0628595361055467 0.124434683221157 0.255171680441563 0.108296114136861 0.100913904159673
0.0455001298131436 0.057932593027409 0.141991699471317 0.036485097826346 0.11531603464656 0.133283988327015 0.157518737283472 0.159330585067577 0.152641134537159
0.135276121072688 0.0768894669720021 0.167686245868752 0.0847724720295824 0.0797493717257498 0.167617061708977 0.101618879820607 0.125600938301137 0.0607894425005042
0.0696125615455712 0.254546578351781 0.0484629619529933 0.167020494749545 0.0650504889359768 0.0705812919942849 0.129265683137942 0.113863670219362 0.0815962691125433
0.207261908148589 0.126154065441948 0.137864895613806 0.135876712891156 0.184514332691732 0.0168045523244927 0.0423822183942783 0.0793914025252248 0.0697499119687732
0.113529330178553 0.0981051622775773 0.200309140713617 0.219272237714911 0.0662113017749955 0.0960020458461929 0.0776079900881427 0.0452566342382462 0.0837061571677655
0.0547030662735285 0.0742272145250872 0.18554869204587 0.0749007287868997 0.171796774345134 0.148346894835812 0.0972014267819127 0.0648065144739567 0.128468687931798
0.107683024933119 0.0885210140426327 0.0905164018253125 0.117594242554988 0.11212768749072 0.128447853559329 0.125391602915649 0.116444768907431 0.113273403770818
0.17033760186757 0.131128879228688 0.011108850488784 0.107125985567071 0.160542139802483 0.0675664089178789 0.127573573358823 0.152175979259399 0.0724405815093033
0.00325590180353572 0.179145197091627 0.0122129501198363 0.203297292490479 0.164614339819795 0.124773110209402 0.0847964553974644 0.0867831520932814 0.141121600974579
0.105200592890148 0.0804380207351676 0.126500216339494 0.0242196434334427 0.0083222903774642 0.18543463635414 0.199105462676493 0.224170532943885 0.0466086042497649
0.104547416102604 0.120777576282534 0.112801182344226 0.13220238959029 0.112242307498716 0.0618861598375904 0.127493440063994 0.120160905225276 0.10788862305477
0.168204095008197 0.109838572091841 0.0463906956820392 0.134574871352154 0.170478828770377 0.183022509926438 0.0691037408392616 0.0296712623345178 0.0887154239951739
0.121915880920052 0.0212732095963697 0.209904295107843 0.0324299183655648 0.127953555054023 0.0247969871527083 0.213560013578579 0.104502545822815 0.143663594402046
0.0891644991885008 0.168807980770178 0.113938278542636 0.062682772162001 0.0296166824941301 0.00126250255819911 0.18790072229315 0.15783626105638 0.188790300934826
0.0809131734992453 0.042258270332027 0.115663670808012 0.000471344580398117 0.130391095168301 0.0905409872761039 0.24540202049782 0.0276629487847094 0.266696489053384
0.18988845985043 0.153459878689026 0.188338719242388 0.159254502357122 0.0180772516033215 0.0984718434842909 0.157381667235975 0.0148989077660045 0.020228769771441
0.098874984798552 0.14381811684198 0.133641087456183 0.103230584138227 0.166876301985187 0.012759189275836 0.0699177715922866 0.119815858155414 0.151066105756334
0.0266774636859026 0.0379997360213644 0.0751744185808328 0.141604220043891 0.15558821960639 0.0609117097237281 0.137623172395303 0.143310023607992 0.221111036334596
