0.296700057853752 0.314159207067655 0.115801177243528 0.116380937336568 0.156958620498498
0.0104876233684078 0.371130060104372 0.223866642713104 0.372576673732681 0.0219390000814351
0.294299440889892 0.117563771314625 0.326423700561344 0.138661849458797 0.123051237775342
0.257578946522255 0.24235844045713 0.145680958902069 0.222803150871479 0.131578503247067
0.258383133227108 0.000276497536478794 0.253481201700875 0.281729778000451 0.206129389535088
0.24957671771608 0.115181135935588 0.117451843946485 0.143429225671541 0.374361076730306
0.171997690924075 0.153886561752616 0.166307349389769 0.28593799499138 0.221870402942161
0.269491381141792 0.154441616008354 0.14013703992626 0.288076122590936 0.147853840332659
0.130348670424468 0.43674495094326 0.10347191556419 0.0466456378691627 0.282788825198919
0.0583492552926316 0.297775525508758 0.183362806654375 0.155874533531783 0.304637879012452
0.255919237061137 0.134474031889121 0.232301133705291 0.317176603643679 0.0601289937007715
0.251563196954887 0.269698164356367 0.0289411584946367 0.15640755400404 0.293389926190069
0.488282824987956 0.0438658479111333 0.0225187798859805 0.0240459879984833 0.421286559216447
0.13410605354273 0.239740132497072 0.265851041722965 0.270118036767245 0.0901847354699885
0.0918197145194066 0.311030049383441 0.0748129399248821 0.265390102271625 0.256947193900646
0.160736927281175 0.358592711795886 0.0251076390038103 0.25860403254223 0.1969586893769
0.306511138826243 0.0206685015229363 0.33212867352063 0.182949215826022 0.157742470304169
0.128235167800469 0.283020155349233 0.289197222928077 0.0608845904072481 0.238662863514973
0.266839108648798 0.0287799081161167 0.407150803901169 0.168673600406427 0.128556578927489
0.111604966857554 0.328269467628326 0.00424034452943638 0.265932808848827 0.289952412135856
0.28975404540805 0.447222927282289 0.162933476380792 0.0478837551985848 0.0522057957302842
0.332528293382519 0.171259628635749 0.114869761427391 0.165449075479552 0.215893241074788
0.102135467625071 0.253391803480053 0.422549026487801 0.205376670884163 0.0165470315229121
0.261178043468079 0.0563915048130399 0.271198512452961 0.237090770439142 0.174141168826778
0.101906016564493 0.33179136481037 0.0285544072746187 0.309346297305969 0.228401914044549
0.0411801198644223 0.242566568688688 0.307600248794363 0.196928987048732 0.211724075603794
0.382455189709503 0.201098736527366 0.120338524865699 0.243702662983315 0.0524048859141166
0.129824821375185 0.113636415982929 0.421888702102952 0.309372252429861 0.0252778081090726
0.0858788134793253 0.129535486609984 0.0797831259147493 0.264974007868981 0.43982856612696
0.238466447911974 0.37027458037709 0.00808875706640083 0.261158205981655 0.122012008662879
0.180801301100889 0.20454772200259 0.166358258915298 0.306624055215783 0.14166866276544
0.0758783151033586 0.151964006360689 0.200152238664202 0.24179814216782 0.330207297703931
0.0865938376750747 0.157704703280536 0.238562989246623 0.329174901439778 0.187963568357989
0.22146467322563 0.252421366731584 0.0357420934267457 0.00621012532803809 0.484161741288002
0.113462772386305 0.202957698467846 0.150834595146801 0.294913717472063 0.237831216526984
0.3672925176551 0.343716833840595 0.121966298045704 0.0791600903194557 0.0878642601391451
0.0985550698799089 0.302733135479698 0.287203356809901 0.0171577256991193 0.294350712131372
0.103874222370439 0.100876461102533 0.397802589509932 0.393140247249203 0.00430647976789338
0.0588949705300964 0.271294737883025 0.163903528607016 0.255193359443145 0.250713403536716
0.25836998968104 0.255583459987713 0.19354226966646 0.0861171231533594 0.206387157511427
0.128902473199217 0.0431758212407756 0.185662063173883 0.392072070552373 0.250187571833752
0.377799787445645 0.333090315553458 0.0144043641227981 0.231269323519971 0.0434362093581273
0.227644314991279 0.168592464840949 0.347753688487545 0.00966773003243456 0.246341801647792
0.57126659141972 0.114413442511244 0.029477792476391 0.14799206084602 0.136850112746625
0.0164628468472405 0.345150624571046 0.404237877449091 0.0557585068243377 0.178390144308285
0.12711154182558 0.0257974204449404 0.325174194054478 0.200987381552439 0.320929462122563
0.178784256590569 0.282982027270446 0.302454410976479 0.0166918706634362 0.21908743449907
0.271591163303962 0.117612901283893 0.0628375067346083 0.118543954182239 0.429414474495298
0.137718751960691 0.320303369306179 0.164202641647818 0.165623681751198 0.212151555334113
0.214643451354064 0.0957601599827992 0.240837803067184 0.148781260383264 0.299977325212689
0.0316101547264514 0.0332220990012357 0.453711822523815 0.0338744724495233 0.447581451298974
0.300786851662645 0.165699414248502 0.130604342843514 0.140605885627511 0.262303505617828
0.325635767882541 0.0865578676472136 0.247293966285403 0.0955771947387719 0.244935203446071
0.0420992599754026 0.366299515298392 0.030391130779715 0.139898720744104 0.421311373202386
0.134169001374011 0.326907252141557 0.375782981441106 0.146662775482043 0.016477989561283
0.142700546049393 0.0150567537720914 0.419439822361312 0.207974172967672 0.214828704849531
0.16545496997561 0.010255139838046 0.399007949259444 0.374928653263702 0.0503532876631979
0.27891904200843 0.201904159392098 0.134128630710001 0.323071578921061 0.0619765889684101
0.129992039880047 0.222708024779038 0.285377396541641 0.0360305626522913 0.325891976146983
0.281321855692873 0.0307737870764528 0.258620024637953 0.251164876393488 0.178119456199234
0.0227629354003427 0.328710057272968 0.288498667572002 0.255453143848782 0.104575195905904
0.194735629349344 0.0236595424287055 0.197975018923178 0.347097420315722 0.23653238898305
0.0596183782186033 0.10773944006039 0.216952373962214 0.12017461206898 0.495515195689813
0.361048525343472 0.00878553349010327 0.0171546963241978 0.250487917060872 0.362523327781355
0.0368306432883983 0.364214291446724 0.209170530588082 0.372425163607199 0.0173593710695968
0.176534429838609 0.356320643578677 0.22099554977905 0.157556752249035 0.0885926245546283
0.276982568575116 0.124622929505345 0.335616331670732 0.176391876379847 0.0863862938689591
0.27298460635158 0.137754174957318 0.0371035649398172 0.146458757353904 0.405698896397381
0.211642083371942 0.321195198870961 0.109432806467774 0.0688966711687633 0.288833240120559
0.141893373515041 0.114395000808886 0.147960589691197 0.150370179622331 0.445380856362544
0.31105972842435 0.0229497592744924 0.391166813225036 0.252839007083392 0.0219846919927302
0.182005803436957 0.420838152541523 0.200812018771875 0.0578969618737583 0.138447063375887
0.54397257054609 0.239232085345884 0.112587535732225 0.0900117840020836 0.0141960243737176
0.130860144399955 0.392765591357431 0.40374078410615 0.0579918097519603 0.0146416703845038
0.13704792260684 0.37105683859193 0.00701316168341315 0.334179612523461 0.150702464594357
0.413286172056923 0.0562805903556291 0.226045713416862 0.145167809370711 0.159219714799874
0.24390119967419 0.0501233255424442 0.0257235428084804 0.376148443289614 0.304103488685271
0.119667447636111 0.196286017003587 0.201101521381284 0.285287992742076 0.197657021236942
0.318211860422802 0.0686186565492023 0.288720838501018 0.013221203799548 0.31122744072743
0.320795794384379 0.121472566726593 0.2970110210818 0.115981607122439 0.144739010684788
0.0107423510060339 0.176270716678461 0.072944444343668 0.497804804775835 0.242237683196003
0.219016433259335 0.297568186287869 0.110136113461668 0.313427637096042 0.0598516298950872
0.133529988774353 0.233237186649491 0.294139702831396 0.115134859673438 0.223958262071323
0.0957678168476491 0.258218568301377 0.233582022472865 0.237412695528847 0.175018896849261
0.0857560933406564 0.25801344282035 0.180048528856732 0.326354034166375 0.149827900815886
0.230023057998024 0.0757862717141042 0.113961783640265 0.139066915286856 0.441161971360751
0.313317602761718 0.264603361884439 0.222285721103497 0.190330330180894 0.00946298406945153
0.0385131037729589 0.337867275573211 0.202076168386443 0.00838593870644715 0.41315751356094
0.0348231407389093 0.055459106536619 0.137869423716039 0.42812430263873 0.343724026369702
0.120758429784878 0.343485903656774 0.115173137420044 0.124766862048747 0.295815667089556
0.221615473793993 0.21253375906293 0.298317248016261 0.0758171372031817 0.191716381923635
0.0303066816326016 0.0920331272204172 0.377226042884001 0.387388715380522 0.113045432882459
0.187064537473718 0.210309536791334 0.28919476270279 0.00810057098647539 0.305330592045682
0.230156365655955 0.255766441750239 0.235558706464776 0.0451076932814216 0.233410792847608
0.391398999226378 0.0711691210266378 0.146775216794268 0.292779383967813 0.0978772789849035
0.0771050331962164 0.00834513210216791 0.0594132392101816 0.378024104830111 0.477112490661323
0.153876767185285 0.226658897412373 0.330566459102229 0.0505374412624243 0.238360435037689
0.0319176790397566 0.0165832599197304 0.340523587770177 0.300825937122021 0.310149536148315
0.0465719410944219 0.185062204948196 0.314772038969349 0.229621874539614 0.223971940448419
0.237096169237716 0.186674836905182 0.337877062018279 0.172556124063875 0.065795807774949
