0.0852340519105458 0.183947459435311 0.101547531046295 0.0678610546208956 0.254160563440876 0.138960030134808 0.168289309411268
0.0885897001465861 0.212240862562691 0.145492787581763 0.188313940746948 0.0242116327579086 0.171953333405437 0.169197742798666
0.0586860939148033 0.177020484765096 0.237468138224759 0.0547061241012865 0.0712167013880278 0.161382224370669 0.239520233235359
0.106017316723585 0.356637641990547 0.141532297716115 0.0916392299096765 0.210230519508728 0.0535073955713519 0.0404355985799969
0.131233110053551 0.0921660544414685 0.18056133013038 0.128888025000804 0.296740181327388 0.147703924889308 0.0227073741571003
0.184096539566202 0.175379572690393 0.0644593935049625 0.1091225728224 0.122037776308602 0.156216834996122 0.188687310111318
0.159049067909683 0.209379691530606 0.165792603499364 0.0729755133808325 0.135804912424561 0.121642880470376 0.135355330784578
0.117758683060157 0.0147951166890802 0.107727812152966 0.268818472588502 0.148047159937697 0.107113777760994 0.235738977810604
0.218826277580491 0.110955986398714 0.25722905750019 0.161469067286071 0.0560622940454539 0.171553909932438 0.0239034072566435
0.0553864745100559 0.266788399935036 0.210344096402961 0.268940322856363 0.117356500210832 0.00585329636392652 0.0753309097208259
0.017891940548505 0.361927899275041 0.0867079373913117 0.0567576341931697 0.0386326879889128 0.390343654792516 0.0477382458105431
0.112047572528072 0.221151074888388 0.00691793381835009 0.11776691285458 0.284015398165636 0.199275940473826 0.0588251672711486
0.0647573207366029 0.13689916888498 0.183017082273621 0.272231576185419 0.239659341401041 0.0608839966965468 0.0425515138217893
0.110259581694421 0.200294792965117 0.0912566621410847 0.206207477238403 0.147837197156371 0.0913694695745204 0.152774819230082
0.102125405513512 0.190853025921897 0.124456778007672 0.146107829953413 0.191073289032681 0.171102032282024 0.0742816392888014
0.0913321610444822 0.177317460914022 0.19081789444906 0.254685296661703 0.0275685473588288 0.245611263875641 0.0126673756962626
0.212505524489333 0.158700676178277 0.0649466289958389 0.229871894380048 0.166543200518298 0.0913722118753127 0.076059863562892
0.177984089964998 0.169924657914055 0.0552995835406148 0.104701272940872 0.135351271035184 0.288657035246429 0.0680820893578467
0.21984816441855 0.225190610767929 0.117142079216054 0.00695493524842369 0.154805940230213 0.238505097623879 0.0375531724949524
0.13258875943091 0.00872569291224193 0.215826844770218 0.186872358146586 0.128724201305347 0.237453187079126 0.0898089563555704
0.0191569083599134 0.0729973305563452 0.168276002337509 0.177631107596533 0.144954955600053 0.25218714978218 0.164796545767466
0.067407340078772 0.281755361588904 0.231291633382452 0.0161326524298891 0.02574636176815 0.178764497219456 0.198902153532378
0.128792286927677 0.0802887991493444 0.181685717237355 0.191696151989854 0.217216866029822 0.0303856885024607 0.169934490163486
0.0455854389690067 0.0892490863544178 0.167401206269571 0.181972732047142 0.0823458989508776 0.291826064232618 0.141619573176367
0.022275215645471 0.180992877761479 0.266509195091699 0.159563626424015 0.0949870961639336 0.274792379771676 0.000879609141725694
0.185062239194032 0.136543651018146 0.0239129764178075 0.175503575370961 0.135640144781183 0.16679005570307 0.176547357514801
0.143139636230226 0.102347116150881 0.203006315095526 0.193565097441217 0.0637718755299918 0.239898610018426 0.0542713495337321
0.18203168689504 0.154014493205718 0.13394535743784 0.224979666545603 0.234587611994327 0.0462809378860023 0.0241602460354697
0.162098923907378 0.106920915777891 0.0272948196808348 0.135692657236453 0.139037791470739 0.213467678585573 0.215487213341132
0.0515993657533238 0.0465812048725023 0.272416171143275 0.0663727105777378 0.050927380171989 0.268367504859683 0.243735662621489
0.227959907359285 0.244629472129917 0.106592905766933 0.0208174398260145 0.0570073920438258 0.220975310958097 0.122017571915928
0.213706523173217 0.0613106482987336 0.153340315062883 0.035103870645064 0.199210884129833 0.128007283818985 0.209320474871286
0.058742097880494 0.076818152866566 0.278085183369969 0.124477092166434 0.155397732930491 0.158187189923968 0.148292550862078
0.229444275004502 0.0405713102487899 0.184063411864458 0.121767985421436 0.283318038775993 0.0352973222895359 0.105537656395286
0.0747961104905208 0.393399520301692 0.404211652613317 0.0972405977818662 0.0121376592322735 0.0076924879999507 0.0105219715803795
0.20582881536749 0.179841914584092 0.0307288888269014 0.0724491007107669 0.164338743697264 0.176295639153957 0.170516897659529
0.277051232355667 0.247473851324047 0.101369700026626 0.174199817455083 0.0969132995164172 0.09794136153407 0.00505073778808935
0.263427640981464 0.262326453372033 0.0402436270436339 0.130660932471401 0.24899432731868 0.0500903783945529 0.00425664041823469
0.222857809454902 0.256989600883578 0.0857738428167997 0.0558681649566311 0.0360873542254319 0.180218836974755 0.162204390687902
0.0746279369809906 0.0717364974517644 0.128488803697664 0.330336949973675 0.146596141638582 0.217640461513072 0.0305732087442522
0.0821475050136446 0.165898828463845 0.0228204815988032 0.201664282675822 0.275321699887121 0.00909261470302513 0.24305458765774
0.0577248502302123 0.0469696574616402 0.282272632898759 0.116454589024524 0.331157584330234 0.0388003761267064 0.126620309927924
0.181226425960759 0.0890722733193265 0.0260607526076636 0.194818183055145 0.180315779314398 0.237969293031249 0.0905372927114594
0.00856638420348492 0.0257511344047024 0.258198281635855 0.0215675008387526 0.23725604471039 0.247388321421544 0.201272332785271
0.101831214332407 0.0790019672450091 0.208561791458647 0.0736918667714641 0.0711365514851827 0.230415294450799 0.235361314256491
0.243265647315595 0.088305473269748 0.125146651897391 0.0763122972402711 0.238475686781873 0.208016347895369 0.0204778955997528
0.0338485560135477 0.191989847907638 0.0440436689612135 0.273726670212792 0.170140321238044 0.00959232966268576 0.276658606004079
0.359216414180439 0.0517336380682463 0.343279148144053 0.0688216223065648 0.0399677049590438 0.115358934085734 0.0216225382559184
0.100355493579944 0.12854714971243 0.0833497344193155 0.245677579606983 0.348716987756706 0.0591163103001371 0.0342367446244846
0.0238954683426193 0.223803426868038 0.0700936781359292 0.262396204370047 0.137499221512998 0.272835894297653 0.00947610647271665
0.205688597980845 0.168672533108378 0.0196751393384428 0.0936464979430411 0.14474475992962 0.198509959331309 0.169062512368364
0.191357686563429 0.17234064361579 0.0648818835039894 0.204024113848752 0.0520468425852122 0.171922360151675 0.143426469731152
0.170688815465123 0.159680235876137 0.0147213460098112 0.121967547381835 0.1724217603115 0.105819342615598 0.254700952339995
0.0551342974003414 0.317852235756799 0.198811538903837 0.253371088975226 0.00340485416469075 0.0956859379335471 0.0757400468655588
0.107783856549078 0.213432677523925 0.187365460975004 0.114528433383824 0.201087540945014 0.111909826667807 0.0638922039553484
0.101170264149115 0.123006966662399 0.196296113035912 0.0928315127584834 0.260991461858625 0.112433626810617 0.113270054724848
0.135484770266236 0.201857136864603 0.0218172007365938 0.105686986866898 0.0722166585886569 0.224842118544467 0.238095128132545
0.0843440335998874 0.206781883524323 0.22353751361617 0.0962978614239287 0.0880645702582772 0.219187249864616 0.0817868877127971
0.214643563372765 0.103981076536585 0.175031456727923 0.288196396654533 0.127716722129793 0.00102947639988555 0.0894013081785155
0.111268333510244 0.215199022101737 0.105815181872262 0.0686524628435218 0.13347208063851 0.13029188598102 0.235301033052705
0.150301960026213 0.105150080595809 0.177250083461713 0.00336812875980106 0.0184986957584922 0.245233158998343 0.30019789239963
0.0389418232438948 0.0221610071461906 0.223028910243887 0.193465189888181 0.00108285273195225 0.226550016955289 0.294770199790605
0.0122708767618246 0.0559994702076258 0.361633711952042 0.0156833892402494 0.0956079558029224 0.314166040252448 0.144638555782888
0.178807375608602 0.156470139822563 0.0149836532509982 0.203432908000778 0.118357163619078 0.206788269495363 0.121160490202617
0.0610639819173817 0.0623022888529453 0.294359132023957 0.124593939308022 0.202986248735608 0.0726889602786319 0.182005448883453
0.218040416211315 0.0794402115009404 0.0876456409031016 0.187254373684015 0.207608434150749 0.171740800004513 0.0482701235453659
0.109917631821773 0.112645788100946 0.190803490324502 0.0522806675781606 0.174464999962167 0.224021280467049 0.135866141745403
0.230254164215036 0.262238436803083 0.164481544376159 0.0710716445200799 0.0352545937277515 0.0915184257760769 0.145181190581814
0.2913220694042 0.0226493688655472 0.151294714994527 0.270251990598439 0.124251792960274 0.0858277794616659 0.0544022837153467
0.177269182977218 0.221425412665568 0.107675397197043 0.217603260453367 0.0519297851328923 0.195513327006379 0.0285836345675318
0.132893187675683 0.156297074412023 0.144966008972519 0.0808911649397035 0.199152436831313 0.123886664518671 0.161913462650087
0.0647499780725174 0.160640055890587 0.265888868233401 0.0982164675341834 0.0282288919106945 0.300909120646562 0.0813666177120554
0.175067255433273 0.174459850926088 0.163659208519657 0.187486180606547 0.13368460112089 0.140421548122586 0.0252213552709601
0.199212733067426 0.104723213747478 0.248870238857211 0.175057287468244 0.113657298172008 0.0861420413813282 0.0723371873063043
0.244361304801079 0.00472955996204706 0.194497999439196 0.120978794036046 0.181957424928102 0.208420922603264 0.0450539942302657
0.190204760035283 0.195683035878951 0.153191080683366 0.0758033588012643 0.246663301961862 0.0171904599298941 0.121264002709379
0.205372455035687 0.0942495598188928 0.117150659264882 0.137201637069535 0.132879576322952 0.0865977283159809 0.22654838417207
0.211047769398739 0.110355129473213 0.19373764899994 0.0395008715930403 0.0786862796311615 0.259885968627096 0.10678633227681
0.0626034343560026 0.275866501914975 0.0534483362417374 0.278381340602635 0.13448213602082 0.00841129165185738 0.186806959211973
0.247991721423874 0.251443357940191 0.141031248673503 0.00972251253738336 0.0471796188333323 0.0345937880817844 0.268037752509932
0.183083408917511 0.184408939341699 0.151562643555044 0.168682154411006 0.05563194577683 0.195585102950411 0.0610458050474981
0.141367919376139 0.195602276618368 0.198956651475556 0.0337711034831965 0.200756672713319 0.0323218797503581 0.197223496583063
0.080908026963476 0.012816672216226 0.289031572163177 0.0150877232875529 0.294635906927172 0.0314671226884243 0.276052975753972
0.163234564747201 0.0981354441739723 0.141588126715465 0.117966890166311 0.0822581407284851 0.187249571771396 0.209567261697169
0.0381487091685361 0.140611664325433 0.153838378666512 0.248675975017987 0.172904307518489 0.198514767033848 0.0473061982691943
0.103189406306249 0.282568650552948 0.0888090524488895 0.107907068878931 0.262530374248394 0.148198409858404 0.00679703770618451
0.16289090561395 0.0931793775795806 0.240389754997233 0.130429679550327 0.0159416242488869 0.0690894477693121 0.28807921024071
0.180884891804592 0.0913000708751936 0.0659137670248495 0.138042980688661 0.264355087501664 0.114220161334152 0.145283040770888
0.065749284073932 0.203710645725717 0.128780600286493 0.210856773241843 0.275487042509129 0.0442190593424893 0.0711965948203966
0.223438926178282 0.142000309766275 0.00682221205813267 0.227558805913007 0.138147658293357 0.145493937325522 0.116538150465426
0.18599680614376 0.0820572144897034 0.157419897035863 0.0571152027017296 0.110666602067569 0.113458833811735 0.29328544374964
0.214845489840288 0.182449936861595 0.237011121861234 0.0204680031351696 0.175623794757942 0.163781258519131 0.00582039502464041
0.166988788703612 0.0933754495733476 0.219679081930399 0.0869145492246422 0.181820620139576 0.207673598738223 0.0435479116901997
0.037344385962867 0.340647878246803 0.270662397533537 0.205876250286404 0.0964462339950562 0.0310507111193323 0.0179721428559997
0.0303622071071683 0.300990788905196 0.106702321232464 0.294672184634062 0.00376902119316675 0.245979229011253 0.0175242479166898
0.0549381093926463 0.155060405280389 0.254515083202474 0.092376174128146 0.194936962700647 0.112942123597375 0.135231141698324
0.0761421317223045 0.293549903068952 0.027688410543061 0.171750602601163 0.100146811266056 0.274923018892188 0.0557991219062762
0.213915899858625 0.00656612509667461 0.120119450634089 0.0232501046793193 0.245084067328692 0.194163476423926 0.196900875978675
0.162790268425827 0.239810350320334 0.0352856495901771 0.0744215693978347 0.240562614738747 0.0991590163679304 0.147970531159149
0.163220320540092 0.12783852411901 0.0864094905552107 0.233718510811141 0.132774689548699 0.233582071603149 0.0224563928226977
0.0731386400707619 0.229566377470731 0.305422339838799 0.0358241894272954 0.135068752178608 0.0941238856777298 0.126855815336074
0.00297478840564403 0.076749708211165 0.0829127586649131 0.2276982939787 0.23751957688531 0.207507514166437 0.16463735968783
0.129729051066631 0.0388102609976126 0.172656532863113 0.20057185912868 0.180857807830046 0.124208174943974 0.153166313169944
0.133398496979486 0.216313191026855 0.0993216349405981 0.105489686961843 0.099687083324311 0.1687993878466 0.176990518920307
0.107918271766131 0.00658049001108557 0.222713824684822 0.135435000241806 0.0642521796658047 0.194803756100139 0.268296477530212
0.248146780679833 0.0373028633488708 0.113538082078963 0.0496308385275629 0.0222710959522772 0.262330190253627 0.266780149158867
0.16080568577603 0.116637172225008 0.103982105755086 0.186506567927763 0.189681098623275 0.168545937939767 0.0738414317530711
0.0365208860544655 0.246205693957483 0.125731457507001 0.0306075388689398 0.261207713124984 0.161698226617965 0.138028483869162
0.0469373783933136 0.164506775356056 0.268828812292843 0.0910970578748476 0.0784309790479134 0.331234267271577 0.01896472976345
0.0487038821804993 0.23607797363086 0.254486384063564 0.062686582638372 0.119518556111422 0.0754427578786275 0.203083863496655
0.118348677041947 0.195973153865032 0.259083317586864 0.10554245587031 0.0939081558995729 0.0537626873532048 0.17338155238307
0.178407887044304 0.121388855667225 0.165815632561804 0.157116858455715 0.244273097368989 0.0523102277420063 0.0806874411599553
0.0876307187876607 0.125089646043801 0.133381489414751 0.06925270567263 0.193168775928331 0.0802101490083815 0.311266515144445
0.0579615940267409 0.0988823505315097 0.149564753343262 0.171688985708727 0.0653249726428602 0.239493797281104 0.217083546465797
0.218472486536958 0.139238624169723 0.0736311020376176 0.159459248128627 0.279834556741213 0.0727556563561399 0.0566083260297217
0.107078732079551 0.0306527649378846 0.124605694696704 0.281514789727411 0.0222000040313578 0.125310530468919 0.308637484058172
0.075896225295373 0.196695853205821 0.00468181232715138 0.135959904476331 0.198531536551234 0.121725229303215 0.266509438840875
0.207406167219943 0.168315162045112 0.191934784574723 0.00583558641020428 0.146246348977553 0.231649376585381 0.0486125741870828
0.201177771443853 0.0738742580295015 0.0205561745038334 0.270938258257538 0.199670037488217 0.153147268096418 0.0806362321806398
0.241614001739835 0.0085152241810086 0.302840032323828 0.160038104240531 0.269070540324959 0.00889246845656149 0.0090296287332772
0.117400873098885 0.196740401454273 0.105204747769834 0.0764185780453137 0.205410871698662 0.0669652103951962 0.231859317537836
0.209107210632484 0.00527056425210754 0.15255780754216 0.207947337307624 0.153056228934672 0.157664178852562 0.11439667247839
0.249813422231213 0.255073288087614 0.00308304445705155 0.242057756818947 0.183521720459305 0.0115705419507507 0.0548802259951175
0.300482064109219 0.289345271450928 0.0587224669353785 0.238966237015101 0.0198713341778516 0.00255795526668513 0.0900546710448367
0.210677098627135 0.237750815333165 0.236123038134657 0.00599210481574986 0.00840952373968157 0.140711672385026 0.160335746964586
0.16191197833498 0.227668650984559 0.167845778818912 0.0414095969107406 0.211202144862107 0.0931200490319439 0.0968418010567567
0.0457952887541885 0.295886055103194 0.0316215510449558 0.0660411768621704 0.334489933199613 0.0178793346783876 0.208286660357491
0.116413628309201 0.0116512719203039 0.271851030702344 0.217344227120357 0.0789710034993414 0.251457528405331 0.0523113100431218
0.012433573913064 0.181726183268618 0.195532819784391 0.216077853434233 0.107496713438316 0.219633520393871 0.0670993357675075
0.0422814141123698 0.160854371320169 0.0831125596400379 0.209213682342359 0.180607507505141 0.140390654885052 0.183539810194871
0.208420531864743 0.113554678006798 0.209025092711067 0.0965146813744577 0.0698992048691748 0.199256422253127 0.103329388920633
0.199892833487541 0.191347297209612 0.0242775049220943 0.184843925371958 0.00622532627611572 0.28594335676835 0.107469755964329
0.0887203864805352 0.14975847359603 0.216575146270454 0.188857974302632 0.0854648662612359 0.104965363946404 0.165657789142708
0.116715715381825 0.108692026403241 0.0466961062029998 0.170348563890549 0.0483830632304625 0.232299349346353 0.276865175544569
0.191330287557714 0.189880105655354 0.160537090610207 0.120697991365953 0.0588628184279264 0.106434549059007 0.17225715732384
0.0180534985703502 0.190329240792431 0.115461635450473 0.263729291121947 0.118023766709105 0.185088584280871 0.109313983074822
0.251537506734954 0.196890730910027 0.116726664433344 0.050336544961976 0.106978799209757 0.0268162916699635 0.250713462079979
0.146826281192433 0.17008939261309 0.0453831899013217 0.237211058123221 0.259568957733411 0.0643282568613651 0.0765928635751579
0.238568599803172 0.004010718605705 0.218276698803743 0.289441723312621 0.0525416919527565 0.0786252135636876 0.118535353958315
0.190257584941771 0.147299930967392 0.093088443015241 0.0736454211940012 0.151631812672507 0.137598407734498 0.206478399474588
0.069834906980743 0.161812179282271 0.107290886269618 0.248643396539658 0.147151577575124 0.0241546454941158 0.24111240785847
0.122453482445326 0.115973361811928 0.187890954458605 0.249546161563633 0.202143028678559 0.0353622120307014 0.0866307990112482
0.164324373777936 0.154876578801144 0.14757236643148 0.138727754648233 0.115268331395204 0.0526367616470362 0.226593833298966
0.262441664625188 0.0765855215757291 0.00716552524267902 0.365163067795514 0.149459142174682 0.0538147655667676 0.0853703130194404
0.0533834724514511 0.0539498980105178 0.205025797637752 0.146860723065607 0.22160543587437 0.171654069444393 0.147520603515908
0.211794133465543 0.179058695841783 0.176333418052769 0.0368538546167373 0.106826389159785 0.00634813853414993 0.282785370329232
0.0829487765158975 0.232798384665873 0.225813548246059 0.114129247101689 0.170919207274131 0.16340250288569 0.00998833331066019
0.0408015873807012 0.208803340192573 0.183817811166403 0.21606157398864 0.227611117864113 0.0446825056977675 0.0782220637098024
0.16951704587477 0.101473894636342 0.228283688885681 0.142565039771413 0.183039709918748 0.113445678282028 0.061674942631019
0.177617547680713 0.241404042240084 0.239318728523587 0.0832668441858871 0.027807071568823 0.0543134144956835 0.176272351305222
0.119776408317993 0.048865564852886 0.100877554185489 0.0886510155727028 0.309550620905719 0.30576022888856 0.0265186072766503
0.057759728804198 0.190414182975282 0.113095094203359 0.320592080080598 0.100042979539623 0.119315322865447 0.0987806115314931
0.221007901577341 0.187787691424188 0.225433972758039 0.084071005732288 0.0251766486441631 0.184678646165503 0.0718441336984777
0.239534886043911 0.102194236684965 0.0280791193534601 0.306313389365125 0.287270004354432 0.0244390479241305 0.0121693162739774
0.0825686597502901 0.187229367758549 0.190689360441069 0.144291001729307 0.0812874397601723 0.0588012133263426 0.25513295723427
0.0865677644677037 0.123798589945636 0.120206563622105 0.155706592093773 0.164172277615843 0.188944542062162 0.160603670192776
0.000749060014759028 0.231035880015443 0.141611716000797 0.140751425189244 0.152938504601631 0.111558429728353 0.221354984449772
0.316751924021887 0.00888869296051243 0.0115901160123431 0.223490531168441 0.316078565748312 0.108680174664912 0.0145199954235933
0.176420529344884 0.216778351440154 0.123892621558087 0.207042192189949 0.204969594914343 0.0701647918913811 0.000731918661202535
0.0884033830532007 0.023792963077584 0.213137217113623 0.187258326287313 0.161739259461058 0.325502162319149 0.000166688688071964
0.130251457988693 0.148583827172589 0.0706301501496822 0.243423292648818 0.0236205400818602 0.112249520550456 0.2712412114079
0.136821433473677 0.0133232088235463 0.289424553880259 0.101218840642268 0.125626409239253 0.197027139994011 0.136558413946985
0.0275147121928853 0.21273127430315 0.195476377459638 0.128457610985102 0.0935526694387702 0.164344227477129 0.177923128143326
0.137782929209243 0.149017432533191 0.0768518987838328 0.000922508020780229 0.295630179751256 0.00357677148221449 0.336218280219483
0.0673036594942637 0.150097470525189 0.0799879768276732 0.316804197743625 0.0227503778047366 0.0841725991795349 0.278883718424978
0.0767572710918658 0.190884010141164 0.122683040662246 0.00724268255750336 0.273101375588136 0.233305819441731 0.0960258005173532
0.0206913889219965 0.24381014613594 0.319960662096096 0.0503037412905505 0.0994303197146049 0.250284375403127 0.0155193664376844
0.0654482811303245 0.172184432774626 0.101065668160413 0.267407206206953 0.0864887876090243 0.259955111270676 0.0474505128479824
0.165903245936427 0.157219687594253 0.282510092322992 0.202085210849269 0.0522818455911857 0.0880437785271325 0.0519561391787413
0.0102876288264491 0.0825977188459163 0.211903653781735 0.190209261005232 0.198120687752071 0.0230526439153882 0.283828405873208
0.217823238145929 0.183866962779522 0.0996224722232569 0.217629071279869 0.0347603931057195 0.135464895638437 0.110832966827267
0.19378121319646 0.0864402558836167 0.064969836403648 0.0733941514934609 0.232270475301099 0.203623170609149 0.145520897112567
0.149506673269804 0.151007527492864 0.0590754401665685 0.285686635942733 0.0722133636040803 0.0261235875296723 0.256386771994277
0.186144636905548 0.161407602012328 0.133173554213236 0.039048495511683 0.0997342494762172 0.124544621341887 0.255946840539101
0.129643850982643 0.23138111784589 0.151391626503034 0.180377743704821 0.166156997329434 0.0611959510516198 0.0798527125825591
0.100615941730138 0.0283272720817968 0.107955900259088 0.213133070482393 0.147366603713101 0.188325638472576 0.214275573260907
0.235492983805989 0.225536785720096 0.105640295551846 0.0570993352324567 0.102587945050885 0.193656107823033 0.0799865468156936
0.251241253923859 0.0414341765467495 0.329815649746866 0.0215442600518566 0.184052968857982 0.101091195873306 0.0708204949993818
0.0800411395074398 0.12488941436609 0.0638363946552731 0.187862824082219 0.289447039080983 0.0521889102712945 0.201734278036701
0.209729238446662 0.188243957908208 0.0364748964389069 0.264782874564093 0.135143308692331 0.0587689548274351 0.106856769122365
0.296794897155471 0.113239492509206 0.207325548016208 0.0844221657967449 0.11720955447515 0.162691299063554 0.0183170429836662
0.155248228033342 0.0289371099210023 0.157525156404939 0.148779602899877 0.137273019922804 0.202908434067124 0.169328448750912
0.0652367765899072 0.268398623890875 0.0473938094925899 0.251709894497595 0.0434584092222038 0.273751775023625 0.0500507112832042
0.211855554666296 0.180791668450854 0.146294747793985 0.127691417075741 0.168645163636375 0.0327601173738744 0.131961331002873
0.0731603587077115 0.00806379956047872 0.0414267884380862 0.394174809380791 0.0455756798353552 0.410188057737754 0.0274105063398233
0.159373108758801 0.184070187156597 0.184602349551253 0.147955884832804 0.0540160801953678 0.12213557465785 0.147846814847326
0.0490666847079758 0.0321765312965774 0.157877737956562 0.1105333939535 0.296752594894334 0.250880542337332 0.102712514853718
0.205474935541982 0.0585599509893525 0.0503413471169201 0.233849661722055 0.153429680628749 0.212871813413324 0.0854726105876172
0.247849848245387 0.214582920328268 0.119250390340145 0.0985091413891962 0.155410048827743 0.16080084361283 0.00359680725642979
0.184481365566439 0.149802323537102 0.0910207605264198 0.0501390691192787 0.286718077138728 0.0705919581462267 0.167246445965806
0.237896209908729 0.0403441355742736 0.204746705385495 0.0526598002153134 0.1074003038141 0.121915065176278 0.23503777992581
0.0673269228227542 0.306101199885784 0.208545992029287 0.0212845116974607 0.086166484514587 0.00380868009427954 0.306766208955847
0.159358058445938 0.146325483657582 0.0406945338131825 0.0722875758343051 0.311234808017323 0.103417736772187 0.166681803459484
0.0897844009333625 0.0174684365677125 0.195658192944445 0.14281717907144 0.117646010344314 0.085074992034864 0.351550788103861
0.250507544563016 0.174448225026787 0.0379289373395218 0.0286936573850814 0.27783645470187 0.12035017717194 0.110235003811785
0.0965146888272817 0.0111102103667784 0.0814924046140849 0.209797041795412 0.179683956593357 0.208671335908253 0.212730361894833
0.129567994403643 0.0474316484364293 0.236081551934378 0.00376987058747915 0.266144176742393 0.15028644112286 0.166718316772817
0.26258679362011 0.154155675569849 0.112428171664729 0.233138076137152 0.18184011962359 0.0123048517962058 0.0435463115883651
0.118422053060204 0.00932249692885741 0.197077281069381 0.225183304155809 0.0636025413367973 0.151485998159087 0.234906325289865
0.137452054082433 0.208861356800349 0.0433819735276643 0.130405183097363 0.142379267493895 0.167538307931688 0.169981857066608
0.0685450351594344 0.079675028108696 0.01364660126971 0.27757785597725 0.137840299403683 0.225771196732083 0.196943983349144
0.0385858195333329 0.0163433203169265 0.244450882894214 0.0720632031520724 0.209352532676447 0.193870738846034 0.225333502580973
0.163067199781005 0.0339083727863083 0.335415524416042 0.173531398451343 0.170008128063018 0.0994465738113257 0.0246228026909582
0.0879818709051378 0.138528677800021 0.196451120323326 0.211890581766139 0.0607576887130365 0.0702193562017023 0.234170704290637
0.22002575512861 0.00512115933182498 0.260148450516469 0.140233889486972 0.0924514868113779 0.170465201032217 0.111554057692529
0.0461473614928774 0.0414287213645395 0.183393176154159 0.26149052790856 0.192162233864369 0.00646808141927725 0.268909897796218
0.127290684866265 0.11543570997051 0.0786327130196821 0.251498674745877 0.179908699262724 0.220974180313555 0.0262593378213861
0.131301716027586 0.154631125356979 0.225675138072256 0.18219772559781 0.101422116456387 0.125074879061642 0.07969729942734
0.137138174643887 0.0528856043583869 0.311326537944452 0.0431008190608737 0.211019790589795 0.215329247214076 0.029199826188529
0.277764266349903 0.165871850132935 0.301965546843475 0.0257993326167946 0.0332692784034319 0.0201861485274092 0.175143577126051
0.250966111915499 0.0785593885940652 0.2025419677276 0.243596218163684 0.0739174868639799 0.0453800616234508 0.105038765111721
0.0746445785302725 0.173975877624751 0.0867047188685739 0.0288860607899021 0.260601957758411 0.250599983950179 0.12458682247791
0.205286160377918 0.212740531876879 0.239221708388996 0.0398992939155335 0.221030207048521 0.00211866034873093 0.0797034380434225
0.188143064629912 0.15915253046015 0.0363992601370347 0.115143636958851 0.153270504562221 0.0941757030025228 0.253715300249308
0.272997531421617 0.155434046922256 0.0378271202403014 0.00581367266385971 0.163486309126797 0.189122821817403 0.175318497807766
0.144037630560465 0.0605583434522898 0.0679888083881429 0.217212006716114 0.229341997920789 0.0389778482092725 0.241883364752926
0.317348677130063 0.235840143371942 0.0424569395111485 0.027381202750396 0.258610456413012 0.0512785879733133 0.0670839928501256
0.213106076325544 0.19963556612174 0.0852711234735094 0.0144481864927756 0.183223564117982 0.138403498733626 0.165911984734823
0.0827857929040398 0.0819691356171926 0.297665175052623 0.234544842023905 0.129359695794975 0.140760573362676 0.0329147852445875
0.107395515030741 0.228322104497187 0.0272265717838975 0.223084200141292 0.254021713044973 0.00120732370476318 0.158742571797147
0.0570482091721779 0.146371601401836 0.0578719581684884 0.215614225860629 0.185835266298988 0.109020249977524 0.228238489120356
0.187988416207856 0.222852557210206 0.109541141439007 0.137874008284127 0.128371035533023 0.132925521954649 0.0804473193711325
0.215356118951994 0.0271152367243373 0.193517215911051 0.120014437616825 0.136909040142132 0.148915464343075 0.158172486310586
0.157651253647833 0.0696860992784985 0.0213176530217689 0.176671652071071 0.109321051440147 0.253654347994162 0.211697942546518
0.149199740115201 0.217257153885031 0.118888781035426 0.142014085951561 0.0631045253162185 0.233311399622252 0.0762243140743113
0.231547846352524 0.0654665173901698 0.241141302246544 0.0719076549385345 0.251935268401347 0.136780179828364 0.00122123084251689
0.243389361861364 0.194200369106832 0.00312623489535801 0.0202847984511573 0.138835024984231 0.181311330151015 0.218852880550043
0.270562003715497 0.104984222366312 0.22457693198657 0.13192067068187 0.122256583800309 0.062376274993605 0.0833233124558366
0.132183020342808 0.23000129876419 0.0222346027215864 0.31466842801781 0.0367523552196371 0.226896947581348 0.0372633473526204
0.212405507550039 0.051871498706577 0.275047025478896 0.0109691182827407 0.133072262094379 0.0842513983736972 0.232383189513671
0.109397963665713 0.231667310379882 0.16143700888197 0.0184103158704537 0.194481361323158 0.143157939606296 0.141448100272527
0.0310449609731833 0.179150133457859 0.160836344120629 0.186054324101814 0.179141185358544 0.20782341321867 0.0559496387693001
0.208325837690327 0.0404629811782192 0.0193111107726666 0.183546093571358 0.0559751937768837 0.27414827958238 0.218230503428166
0.377501157949186 0.0540498679205171 0.154025445333898 0.154369085323256 0.178578165809133 0.0071663544520444 0.0743099232119662
0.0269325835479948 0.293057249642972 0.0514972395367413 0.294294830030316 0.236729762255756 0.0237349034209768 0.0737534315652437
0.0428982661765697 0.0854833605456871 0.185022217894115 0.165814158252905 0.154278894631445 0.214309619781601 0.152193482717678
0.167245580555076 0.0487110382899456 0.140627721448205 0.0659636233232118 0.241521909234139 0.145483116926762 0.190447010222661
0.127788833612872 0.134971194741501 0.0972486901958559 0.096220169346428 0.168760364034505 0.321263028823871 0.053747719244967
0.360774350722696 0.0321367328958686 0.117377494546574 0.154906267050637 0.00727166839463467 0.259153439782111 0.0683800466074783
0.00585285221331153 0.112065463746341 0.312694887350476 0.017028961290949 0.183142566708557 0.173349076159203 0.195866192531163
0.193001571249086 0.233127267636596 0.0666339361134242 0.111267283017816 0.0708556080644906 0.188299564095323 0.136814769823263
0.180569172180765 0.0833739043908337 0.160163046699108 0.122650255302522 0.147466437546484 0.0237602952282926 0.282016888651994
0.132548502010771 0.154769884109083 0.125980276911059 0.167593811642069 0.157515371484426 0.185979814964987 0.0756123388776051
0.00905807536026726 0.160056628959883 0.07426985304981 0.172983528807744 0.147673969495765 0.101079702353081 0.33487824197345
0.143723335805524 0.302811272000587 0.206974510391083 0.0947880519106058 8.15309322106592e-05 0.179030684864137 0.0725906140958526
0.184966464493412 0.211862754599203 0.216636676642233 0.127673295481301 0.0185566531960317 0.170968263820691 0.0693358917671274
0.134699905888095 0.0150216407447583 0.152178496555021 0.192446154864521 0.207101638111985 0.106050685412415 0.192501478423205
0.0776528569724244 0.219824068271873 0.0360498044918257 0.208836435983818 0.16018938045461 0.0297425413614874 0.267704912463962
0.255478866432307 0.149887133776186 0.125393255869128 0.0123821670789577 0.0740625277780401 0.22782191694116 0.154974132124222
0.00511621151391459 0.259867036324645 0.239158789268746 0.0783244586554587 0.00996804656270977 0.336613937168727 0.0709515205057993
0.223198340413647 0.169797187013473 0.0839202184485626 0.0590245537134411 0.209883329217576 0.11956822147189 0.13460814972141
0.108812858324718 0.0907431904070389 0.254381598417998 0.110921262402766 0.211047270778331 0.0785958699465649 0.145497949722585
0.0161850158963668 0.180579186473414 0.126810638818907 0.148002225635413 0.180180278517707 0.22180927481926 0.126433379838932
0.367390259469277 0.0271876074411654 0.266809454692657 0.138395931343831 0.0494865747212948 0.00810804402451804 0.142622128307256
0.214996350741547 0.342840904196066 0.0327137794774869 0.0836242922925887 0.0301949510177055 0.242046188762358 0.0535835335122489
0.0678650644541902 0.263851406955181 0.0729493145902801 0.285455621154604 0.161060071755512 0.00679681031738561 0.142021710772848
0.0525759893854492 0.0333178122521664 0.206087108875385 0.217798866020872 0.162453649247252 0.319594445152617 0.00817212906625765
0.0381813820312413 0.18875941556571 0.312176751825588 0.00450187050456108 0.0666094579874534 0.2550557657015 0.134715356383947
0.203870783069092 0.128969019907237 0.205502219129143 0.123329755474478 0.0134548372977138 0.163016669239635 0.161856715882701
0.189572585430673 0.200143601787468 0.139152552479461 0.0684423251063881 0.243916072288247 0.152503052735498 0.00626981017226454
0.22551730935366 0.0567927131577459 0.20433544863745 0.0888289341795338 0.026413721891923 0.212276300484486 0.185835572295202
0.159949037088255 0.244801101393236 0.106903795900909 0.118124921843319 0.204453607189556 0.0970394573591872 0.0687280792255386
0.00245097744004857 0.234135654701773 0.263344765401821 0.195819970427821 0.0325405573420701 0.0916024174540705 0.180105657232396
0.00252237206958441 0.0306201175274457 0.171116377937154 0.276143856902886 0.251099184064538 0.0217597193024962 0.246738372195897
0.13226451533284 0.131858685113706 0.0725064835898886 0.26399194060027 0.0088493982918076 0.16895938838137 0.221569588690119
0.19845070959779 0.170000928137843 0.162654049450231 0.120314167474287 0.0976347190615173 0.146746149892578 0.104199276385755
0.166131736344121 0.0422784892534962 0.170742269089602 0.227126733526417 0.0578254652264911 0.124153321980322 0.21174198457955
0.244447562354254 0.177334575032147 0.224669940775898 0.0358981188582018 0.0551033137963667 0.21944772573739 0.0430987634457433
0.069070774804162 0.24140244535145 0.231923320264972 0.0150532246186045 0.0154843605612027 0.247715564712444 0.179350309687164
0.32432080134514 0.0533884895157561 0.181509444739638 0.0296656706312519 0.00513249926848302 0.165865208218394 0.240117886281338
0.0967288026657113 0.170605585473673 0.23864598383733 0.0974439667763941 0.105869859353901 0.1167180689158 0.173987732977191
0.172562072549222 0.185362990775331 0.0978862117990781 0.0461373082253853 0.194230101865069 0.23162520412177 0.072196110664145
0.158441843167215 0.198220148712707 0.196374025117433 0.101744040652282 0.167088519414473 0.0245989704143972 0.153532452521493
0.12062532225042 0.0732249296324973 0.309084133185301 0.00890638201420738 0.150801188738821 0.131659705795309 0.205698338383444
0.155269939946619 0.19396180306612 0.149861016078096 0.097930331750627 0.125294089020518 0.268130937042079 0.00955188309594103
0.172578094314873 0.12906299273794 0.116552749802762 0.0305378131338801 0.184059797846161 0.168311940843031 0.198896611321354
0.0896723601069925 0.032866173967824 0.194261570468917 0.328966243398392 0.213263549058829 0.136522098514156 0.00444800448488942
0.178473844851592 0.111770957500488 0.0913995477691082 0.144272496101187 0.157446827157119 0.23724272411223 0.079393602508275
0.316745144228493 0.172444757881127 0.0980549855908571 0.0110613478501676 0.178972519952661 0.0172195633064093 0.205501681190285
0.242970437779107 0.250562668204007 0.0466228776056793 0.170091469053119 0.0010300772502333 0.13019209736189 0.158530372745964
0.252535603976164 0.248664798384423 0.119193485177884 0.00532177664586629 0.18493098655788 0.010345632817543 0.17900771644024
0.186487809174026 0.193269892045612 0.137509243202583 0.0591160099086422 0.0925779197003963 0.122941298937939 0.208097827030801
0.100823939553822 0.139007575021912 0.122408325310174 0.263691353577138 0.0849768369609714 0.186652547631067 0.102439421944916
0.26701729835885 0.238325957770643 0.0739117263989921 0.0304631507624854 0.043894895688844 0.212243042337731 0.134143928682454
0.0665128394578157 0.239473628498386 0.172584850015712 0.0130280954324967 0.079229295588849 0.183332040892654 0.245839250114087
0.279305323997824 0.0844772010183409 0.0659309982143293 0.221786404295962 0.206259245005451 0.0279940517481041 0.114246775719988
0.109918985227249 0.120016536179142 0.207396291236528 0.254078537687821 0.0425644246784954 0.221710486432905 0.0443147385578607
0.108359210855179 0.122424154969564 0.223913993675547 0.0898462009111604 0.123366786772404 0.253692041808984 0.0783976110071629
0.094621224326192 0.202850872668937 0.0954353139576974 0.090541058159808 0.216195923205352 0.254127460392916 0.0462281472890986
0.0749304538688708 0.125916296316829 0.0516952631382847 0.24666172269442 0.24248497653629 0.043386291698425 0.214924995746881
0.16634635706567 0.083733102283475 0.172610720940443 0.0892751034638019 0.206363355531842 0.0819061383595912 0.199765222355177
0.237862928950644 0.139997653148386 0.0644806276294675 0.211241652203863 0.277900921329966 0.0419592863397791 0.0265569303978947
0.209578380041357 0.172620194040758 0.0869745946885892 0.22951693578078 0.118133123254263 0.110653368295713 0.0725234038985404
0.133001299149671 0.152224685198401 0.1708761010552 0.170936660437386 0.125724535212263 0.123620855126501 0.123615863820579
0.0327193069302469 0.179369177999275 0.0588373681046045 0.260448605782628 0.27366661782965 0.0823709968309159 0.11258792652268
0.0102591313621927 0.176550638919208 0.268588400457466 0.0513291854578944 0.0421251548303919 0.19254433671271 0.258603152260137
0.0819083208309922 0.198647175268707 0.15859171322348 0.157555633275563 0.256501538889772 0.0976696945483312 0.0491259239631546
0.0934275810485592 0.0788163076586642 0.133053298986422 0.214054164839763 0.233966829307478 0.139523142630694 0.107158675528419
0.182122499387611 0.194400039109371 0.0965973264102908 0.00150822579470291 0.170463469613246 0.080519092189339 0.274389347495439
0.310115803974105 0.00662780273642014 0.270653750072678 0.120474604776542 0.180832150149687 0.03618101741056 0.0751148708800077
0.223567457171685 0.0539085431338856 0.16518440310531 0.262538218833334 0.0128472287301106 0.13888768369628 0.143066465329395
0.122266349781493 0.250359755090531 0.0713983838185795 0.0301936419863937 0.0663120241853456 0.190690825388304 0.268779019749352
0.250468195620596 0.0745527519064959 0.0465129349168781 0.131613237535688 0.0814696307850539 0.1396687039134 0.275714545321888
0.186183357151025 0.208803600855199 0.209239535036201 0.25518798583569 0.0469547516956842 0.00809958635249913 0.0855311830737016
0.194656471718016 0.0421199999571052 0.232155945567887 0.013968785544795 0.298048548544098 0.214063061636731 0.00498718703136854
0.207759434360386 0.0585611938664711 0.243406851700615 0.173005606612586 0.100548178170596 0.147929577985982 0.0687891573033643
0.263028072275739 0.219696648627829 0.0539828681204564 0.230885201245441 0.00758613954731335 0.141075456674177 0.0837456135090449
0.187017630199621 0.180237047402694 0.160445392557108 0.178402175266144 0.0160737983712144 0.120147549832709 0.157676406370508
0.395758242045789 0.110563302272257 0.329413640822033 0.00239002461392731 0.104515075649144 0.0058234800675907 0.0515362345292587
0.0602252862977773 0.219924963507042 0.14370972921593 0.0523876527810873 0.158994353986154 0.147229569098983 0.217528445113027
0.110926107139022 0.198070564279232 0.0980076580768204 0.195536100594351 0.110740616856063 0.163339000576322 0.12337995247819
0.0232927195811361 0.269702698836255 0.299363540410402 0.104319483452909 0.168818643626699 0.119599211740511 0.0149037023520886
