0.0454226571095969 0.143287638401622 0.241553891406267 0.149183164127768 0.164548359823157 0.256004289131589
0.129895112241674 0.164458771615968 0.305519409495541 0.102147647178676 0.261196058431112 0.0367830010370299
0.0355124135560954 0.297221429874097 0.0324822576038491 0.127415732664424 0.275613405049279 0.231754761252255
0.0580741152861137 0.266205966968943 0.152241732674596 0.0649991167612786 0.172411434869803 0.286067633439267
0.129454349887027 0.263234206212105 0.270254646835765 0.236882211629453 0.00977587414241067 0.0903987112932385
0.206072044922975 0.27610485720837 0.26614677867419 0.0928148295360519 0.106523767782575 0.0523377218758389
0.399590481994195 0.00461451282590692 0.149359555313985 0.126522669770447 0.0315933159575887 0.288319464137878
0.218597739181771 0.143604938665312 0.0253261803725986 0.315760394117336 0.0245836047862632 0.272127142876719
0.0146210300034002 0.240600339851431 0.0710264743082736 0.418839373256842 0.158233885664028 0.0966788969160242
0.180577339244618 0.091946034551825 0.243800140614804 0.125755044935366 0.261385532439372 0.0965359082140162
0.204899301739272 0.10747196057925 0.219829898571797 0.227483707252485 0.201676392734336 0.0386387391228601
0.0083524205655532 0.277858293812695 0.0198360511727632 0.207475820229879 0.202676149887724 0.283801264331386
0.19322208761425 0.256113457871779 0.17448515223385 0.180979969528389 0.0131238579379869 0.182075474813744
0.177751537513571 0.134386375635611 0.267859233912101 0.157004736993717 0.0608034204318072 0.202194695513193
0.114062209175785 0.278983681476396 0.00788502681659245 0.171337099684108 0.205104413248135 0.222627569598983
0.119925038193327 0.327118788907632 0.225309546158881 0.06211623838651 0.0899212853949377 0.175609102958712
0.12148682133456 0.187800560740066 0.109045842149989 0.160326792368587 0.20198595677879 0.219354026628008
0.298830032956563 0.00940663352341998 0.095108647764332 0.147263529913573 0.206341741959928 0.243049413882185
0.282258451552687 0.0594089639374298 0.192450851736493 0.0150540325022118 0.114985651384353 0.335842048886826
0.170487976575154 0.0559140238027312 0.282978254467679 0.0595754546915028 0.158253918122433 0.2727903723405
0.0532050923767135 0.0647587518667734 0.0555862343875529 0.205401361119475 0.359042990166075 0.26200557008341
0.157073455055798 0.166708441879249 0.143519689425725 0.306055772717715 0.137169521128911 0.0894731197926029
0.22966468175979 0.0961596405161774 0.210013237916376 0.187834662709742 0.0790260992574918 0.197301677840423
0.227931411750051 0.101085147702028 0.00841018464937432 0.214706179813096 0.219645270397567 0.228221805687883
0.206520701690411 0.0817056321208449 0.00539111816537114 0.142963088233767 0.174502505553838 0.388916954235768
0.245277210190035 0.209300616165222 0.189884996294888 0.0628984189634747 0.178585148858467 0.114053609527914
0.0477065475673665 0.12068457546144 0.270394898656595 0.288415308785291 0.0550019345750523 0.217796734954256
0.308901403007513 0.404866392297272 0.129284237479605 0.0643110015279251 0.0648951975722412 0.0277417681154436
0.17302527206698 0.254133956531426 0.0075035581762524 0.309371408423279 0.162893087495285 0.0930727173067772
0.145263276839157 0.109421714503592 0.172871637370714 0.186863269853468 0.16556091201075 0.220019189422319
0.0787257101501944 0.227013796426942 0.357666130380881 0.239484680694492 0.036102837324477 0.0610068450230134
0.0720961795666494 0.141678130622991 0.181027870537293 0.285841642439268 0.20029798885865 0.119058187975149
0.159634569287103 0.0362052766405629 0.201640295504785 0.14858182317515 0.37975471579314 0.0741833195992582
0.215680232257364 0.248415583271688 0.156952091807394 0.0424047325442128 0.150456083865622 0.186091276253719
0.204388386273619 0.233413930009688 0.328095021081382 0.0360170044128152 0.00412409113775697 0.193961567084739
0.177133729978127 0.150958582411629 0.204864144404291 0.211932220521206 0.180284348368224 0.074826974316523
0.213783560466576 0.0775934535874544 0.0413684170240244 0.0437228768332047 0.323360228227652 0.300171463861089
0.127642580152353 0.321740768471067 0.261635508276586 0.112023499773243 0.156480404850973 0.0204772384757785
0.000330793726662159 0.278600500991815 0.180991237622574 0.247984831888008 0.234861465884042 0.0572311698869001
0.018339606169414 0.233548113153368 0.250566327483879 0.149634082822432 0.177103566048283 0.170808304322624
0.108200979116901 0.226872922865084 0.221712063990813 0.197390378022203 0.143679019383201 0.102144636621798
0.243747684451146 0.18830430901536 0.27945379827603 0.143996448764524 0.0756944534993778 0.0688033059935618
0.153496529473587 0.0694303183045006 0.247282418227348 0.219610500395545 0.297316283767577 0.0128639498314419
0.158324246926136 0.219931983961344 0.320394436633225 0.037828532101629 0.105489155182298 0.158031645195369
0.182485890211278 0.0255716056384398 0.232768708293973 0.251191169538253 0.109293601454856 0.198689024863201
0.193207693078164 0.197062521874283 0.202605148967787 0.212643525682849 0.150252788308413 0.0442283220885026
0.0294832969983013 0.158260858706766 0.257152035724768 0.120898763165988 0.321563595479153 0.112641449925024
0.0613351934008869 0.0585409485155835 0.392224194599667 0.163978866475981 0.286872422694182 0.0370483743137003
0.334819439041463 0.0460024323652489 0.0772264497985648 0.317282712775494 0.194219179363547 0.0304497866556828
0.138197771358769 0.17676204478291 0.196631379529563 0.180444655300178 0.179202477714373 0.128761671314207
0.11034773994914 0.0997893740950877 0.376358009191962 0.274900644889049 0.0251012605745895 0.113502971300172
0.129584064985128 0.220872662683216 0.206644524483473 0.0960708706183829 0.142814883676634 0.204012993553167
0.0608070845416007 0.33902668281431 0.0907410763124233 0.357976903142739 0.115188327232586 0.0362599259563417
0.0863353282728529 0.248453997322156 0.326345232012113 0.19161836009429 0.094159114931491 0.0530879673670967
0.182836751321425 0.223902177396302 0.249370879366952 0.136887685330866 0.172779629564066 0.0342228770203896
0.0136735816864303 0.117164396984707 0.259772615822174 0.113998192378476 0.339549160662688 0.155842052465525
0.133494730995252 0.136601408788259 0.14575340702759 0.274996277073436 0.139046686673111 0.170107489442351
0.1817226120056 0.0242414675267725 0.189735502264649 0.0616909956571157 0.326026334457064 0.216583088088798
0.179911961627077 0.0254369805129308 0.125008657285734 0.224695067099714 0.387417194922261 0.0575301385522831
0.105293099794277 0.219708682284097 0.18130519019471 0.174851708232336 0.117196340497264 0.201644978997316
0.208779666639236 0.163085248170869 0.257322327051845 0.00726796548537353 0.274063252361851 0.0894815402908262
0.252188661692755 0.226864900934645 0.0176713116099234 0.148365297709853 0.171809857095514 0.183099970957309
0.154111994226856 0.155776979839259 0.290151487059859 0.119028444052521 0.204906711172006 0.0760243836494985
0.150586609593044 0.141275509443877 0.00499390504266829 0.258274055179944 0.139796238906856 0.30507368183361
0.0185299585700598 0.174175076254508 0.119772857316695 0.337689126261571 0.27419777430176 0.0756352072954067
0.072775105363038 0.186755418936991 0.0640412069989582 0.248548641614727 0.234579803611378 0.193299823474908
0.0525407829633502 0.261942782642933 0.179314980558675 0.147594975542412 0.134858947277949 0.22374753101468
0.165944170150917 0.219603820560384 0.169340255106894 0.225896507113224 0.0856172448315824 0.133598002236999
0.0678441924011571 0.131261508737703 0.0400315958878768 0.323771717693465 0.0872295436751581 0.34986144160464
0.233931110518479 0.137660281763454 0.168682774089328 0.235652667832869 0.0335166090635863 0.190556556732283
0.253282032262206 0.0494128038057155 0.204196711096138 0.248364407546803 0.244190461756519 0.000553583532618019
0.36031651580063 0.000612712909664069 0.0645642234633549 0.311646071437358 0.016980386775069 0.245880089613924
0.125174620464244 0.228037106252051 0.215537465222781 0.246533597435637 0.011604371352178 0.173112839273109
0.112751634985436 0.270944744217616 0.328069744896019 0.13142784575626 0.0107924627244379 0.146013567420231
0.127476333193858 0.197669376536386 0.141130846580351 0.226077455481329 0.227531601170624 0.0801143870374523
0.146399376964991 0.13063538267452 0.287322351059941 0.0767325412912275 0.243184286969974 0.115726061039346
0.106930004442884 0.217044284237162 0.161390830804011 0.161792684031029 0.140592618618764 0.212249577866151
0.0626139823543746 0.119337914368212 0.317736925873542 0.30767401518292 0.0904186255293965 0.102218536691555
0.0715756948664918 0.189641847147965 0.00215331218284343 0.592965618819007 0.0257004590169805 0.117963067966713
0.0499913626867772 0.291911041052611 0.197711155387148 0.0362275745501504 0.157655376860396 0.266503489462917
0.258735779744624 0.252892124166118 0.136104916294154 0.280336040299085 0.0517060076828407 0.0202251318131777
0.162827088018496 0.197222160748221 0.136577830788543 0.250962616115683 0.0703866229023313 0.182023681426725
0.264341260904952 0.0330080053082237 0.214575702845364 0.183180576378677 0.0322683573852707 0.272626097177512
0.327233351273461 0.164537242233969 0.189092183703886 0.143237130190133 0.165869822201979 0.0100302703965715
0.0199319880807877 0.270097272358925 0.0606196041042503 0.173051012406374 0.399409009403944 0.0768911136457193
0.176502966726076 0.201552317497238 0.0451629335691715 0.3229348026991 0.222257574349901 0.0315894051585124
0.0893561446485314 0.448077441665846 0.0406418407915913 0.203513850685044 0.112983596049484 0.105427126159504
0.181116724143284 0.273128768410012 0.00726470066951794 0.295771177466288 0.194347182104481 0.0483714472064168
0.000400600142134327 0.138701413100301 0.205180968956117 0.417255132839485 0.208488884448011 0.0299730005139513
0.16954137712922 0.153144952572887 0.0955883046922196 0.169774267703607 0.23529593337186 0.176655164530207
0.109174915378828 0.14939100409052 0.0821705380251126 0.242841082918345 0.192626727327126 0.223795732260068
0.110489386891979 0.226996433794777 0.0158887585967965 0.251978126490498 0.167533562350643 0.227113731875307
0.371466175274064 0.0886070820375795 0.00674837556544274 0.0494069076015833 0.154489823477454 0.329281636043877
0.357648561577901 0.132127978642213 0.21280955715629 0.188115381522877 0.0517950856568262 0.0575034354438924
0.0953063226235145 0.240158644044971 0.378797140910828 0.0955623023588896 0.0382084425880363 0.151967147473761
0.262915951751752 0.316585582294857 0.0833178421484895 0.0840581308442232 0.0387431878866295 0.214379305074049
0.221563473447075 0.123903949019654 0.248448891851383 0.160155092090726 0.187317349672338 0.0586112439188239
0.155667926747574 0.159164093776471 0.225206749004455 0.170388553238665 0.236562891432416 0.0530097858004195
0.0670679535947805 0.313585054275364 0.179205203303269 0.270405664061612 0.08589502826242 0.0838410965025553
0.0389416220814935 0.263767242192015 0.219731065236551 0.0910963780393038 0.126608879834666 0.25985481261597
0.159755964896773 0.138102274150317 0.161531154234415 0.303020194819166 0.00350108853138788 0.234089323367941
0.0738346874246805 0.0995671107597949 0.1919042544576 0.227247185226147 0.0536425374477113 0.353804224684066
0.0753786513521065 0.0311912165497083 0.145724292814377 0.366850080919609 0.299768854486901 0.0810869038772981
0.273593603735202 0.387819818060834 0.0104789087934144 0.0102856062678926 0.173943070143571 0.143878992999086
0.139904779455487 0.237683428809565 0.209617632103673 0.0673634239118973 0.100272102617083 0.245158633102295
0.130181580866574 0.165590749610002 0.151510853550423 0.160961359579614 0.225269663666893 0.166485792726493
0.226933077920221 0.234589616474466 0.224822266492222 0.152779664056739 0.0281591605744071 0.132716214481945
0.184418252574002 0.314054528229761 0.193463312068507 0.00156887740031999 0.00523904648045133 0.301255983246958
0.130888140361137 0.132553737788695 0.34225182869141 0.16837049774526 0.176425034609376 0.0495107608041219
0.019805117056649 0.0976811633902688 0.0867121045531012 0.286118089783978 0.239128577131054 0.270554948084949
0.137818290303038 0.244293565833425 0.204791749731098 0.153854614233862 0.0201487060745342 0.239093073824043
0.16123976297034 0.0779444463137958 0.190517464347374 0.184597184214877 0.176234137203494 0.20946700495012
0.149093362529418 0.31205853363193 0.103646002127949 0.114594794625138 0.0372887741664943 0.283318532919069
0.14575528348365 0.182973088951675 0.126159343538479 0.190702493403003 0.168219492110101 0.186190298513091
0.213452302299743 0.207280758263585 0.101360830549584 0.196236593006901 0.12181891170862 0.159850604171566
0.261090578181256 0.0108108922185744 0.26429344635485 0.136749806988094 0.171932394889992 0.155122881367234
0.0273461480596657 0.118640340689253 0.229494581709768 0.0787426294554588 0.286380784235776 0.259395515850079
0.285304608067018 0.14572704117758 0.179248257530052 0.0514601852519807 0.221176191739041 0.117083716234328
0.156403821303402 0.117048215496395 0.0216803848713436 0.221689241306112 0.368622594340379 0.114555742682368
0.212939173913335 0.0855591995353033 0.223396236799885 0.18348439799039 0.21872101755126 0.0758999742098266
0.202707139779854 0.0173448105055503 0.028629974562005 0.218714421704444 0.327125317311869 0.205478336136277
0.245587818655511 0.223891211504713 0.163781630639588 0.214096970509156 0.0793887217189257 0.0732536469721055
0.09141612233971 0.246056972069564 0.112258035922126 0.190962094226115 0.109739295630037 0.249567479812449
0.285454187589072 0.255358097672776 0.0308953766493611 0.246921429970372 0.0328706803092919 0.148500227809126
0.347140907998298 0.185082282577332 0.182203809881427 0.126208865816452 0.00552725318025964 0.153836880546232
0.0688246387780696 0.221628860855337 0.00797238881383384 0.267108219101977 0.22412075984423 0.210345132606552
0.359468927289859 0.0185968442649705 0.334665188279528 0.178873252736226 0.0401253460629148 0.0682704413665019
0.154385556537345 0.155100174571323 0.331848017235538 0.107839596721717 0.052859328915344 0.197967326018733
0.0688467043184926 0.233241242808017 0.271954348251713 0.231064709931247 0.0208949750391907 0.17399801965134
0.0182492434878637 0.251500729169724 0.33030093008177 0.183796622896754 0.092161222306799 0.12399125205709
0.198370213282332 0.0982911027713835 0.177483749093096 0.135566334024664 0.157283927148898 0.233004673679625
0.0685084162014082 0.176582573683199 0.155498616880643 0.219623338090488 0.215200124823579 0.164586930320683
0.0868001521868297 0.20952163152168 0.0229193197616782 0.165668682060766 0.260694071974799 0.254396142494246
0.190234002049427 0.131209714726698 0.250194258167684 0.188322063856357 0.0704791616292333 0.169560799570601
0.207238234973949 0.218499068383962 0.0378854774519951 0.038711616829388 0.267615841015606 0.2300497613451
0.0609084992640558 0.0773950502987918 0.287002793564681 0.302507008795745 0.0539576561089066 0.21822899196782
0.225883513715186 0.0328983254978851 0.0917129412731663 0.14242563967925 0.279344777488742 0.227734802345771
0.23128209752269 0.251616253296256 0.15222216435602 0.304564816556754 0.0491230224895881 0.0111916457786917
0.00928367990808986 0.388646789405293 0.254389231411409 0.0922104449544022 0.180734623035857 0.0747352312849493
0.160118094882357 0.0198814157870263 0.318534205354364 0.277120972277511 0.187099996094673 0.0372453156040689
0.0170350289291338 0.172654215449148 0.227069228855037 0.2175473527629 0.223681097443383 0.142013076560397
0.163044667506271 0.30695129064235 0.0437790356100452 0.0107411724255688 0.180603385049748 0.294880448766017
0.165227677593622 0.172286745949607 0.246921403915555 0.0771849280465735 0.184400256301139 0.153978988193504
0.125597062444715 0.350325462954771 0.219487116059645 0.228215053214616 0.0222062192565572 0.054169086069697
0.115881733054136 0.163454140973727 0.270243341303605 0.0826871283659769 0.0800177673725939 0.28771588892996
0.113179409758733 0.201407641026172 0.0297383464341961 0.146035240451781 0.256685324250772 0.252954038078346
0.0629480913990106 0.198116380081669 0.285979516888595 0.164557314808376 0.233934783483894 0.0544639133384551
0.0974691682701353 0.00586782124688101 0.526277058562005 0.293358108108517 0.0374429287426006 0.0395849150698607
0.0180179118710815 0.167804676495188 0.213015527759235 0.337662218489644 0.184282295481204 0.0792173699036472
0.503812053987061 0.0610167787076845 0.0569406375261621 0.135328846935534 0.136593693110374 0.106307989733184
0.268344095899542 0.269953387974724 0.207548003597984 0.168391328193787 0.0181797326967136 0.0675834516372502
0.372579964720713 0.00335064284959044 0.261384458525417 0.0485445498481346 0.178702496183636 0.135437887872509
0.151034223579567 0.151397093106973 0.198180985617891 0.155414322924126 0.151079055301419 0.192894319470024
0.0419333691026245 0.205523555348001 0.206941739557551 0.208698147051138 0.178701391761337 0.158201797179348
0.188960407002089 0.0896567995037472 0.285727295589024 0.196244058608072 0.00754003782936025 0.231871401467708
0.1622702973971 0.127563683527326 0.0479397838106502 0.275313022381196 0.16602895551266 0.220884257371067
0.0967225721225611 0.255694335780231 0.299144310258636 0.0309189159833097 0.228449531902318 0.0890703339529443
0.194104741124538 0.0848501993508054 0.279807184251954 0.0755911670692623 0.269384752811912 0.0962619553915273
0.247183294260972 0.0243678580094951 0.181707008952393 0.225392746388098 0.169112853891983 0.152236238497059
0.171999419172973 0.125247147172445 0.136108578748254 0.20052303759562 0.189378711199197 0.176743106111511
0.0101598107431369 0.073437908994657 0.238725793518314 0.0645888908751098 0.390916171216754 0.222171424652028
0.275341996462097 0.29113992372337 0.0499273424086772 0.100014693802063 0.128841631095556 0.154734412508237
0.18020460906698 0.143437196268249 0.307945959299322 0.165857550912089 0.0167823205137077 0.185772363939652
0.0417819183998325 0.0748496785793105 0.0704350006090419 0.372608392966913 0.187066469998087 0.253258539446816
0.17091503350014 0.11434021880627 0.401292184042171 0.0484221721573342 0.258168834162784 0.00686155733130158
0.29131943999218 0.415267954054002 0.121055728362554 0.00204258498761086 0.141742872352601 0.0285714202510512
0.214299838535671 0.358730220293184 0.152858594488417 0.147506264255989 0.100930550715298 0.025674531711441
0.266629217871046 0.0684047541285858 0.163719781137082 0.0579575557700919 0.189679572075833 0.253609119017362
0.242088607264601 0.198408912855697 0.0315242880114655 0.0871657782631207 0.228107891664574 0.212704521940541
0.0199820465048218 0.26719395963205 0.0411359781734207 0.203322156994581 0.119917062694247 0.348448796000879
0.0758951906069093 0.286050616875802 0.00561431134255454 0.113853743003854 0.25591350040912 0.262672637761759
0.251371922258607 0.351113195912282 0.15599523800518 0.0420870663225731 0.133392800298231 0.0660397772031272
0.0809556429197591 0.236831475516429 0.264208461866052 0.179903647267789 0.0767751453314732 0.161325627098498
0.200039597275772 0.00513461675661895 0.249764784206519 0.204569174031114 0.175192159513208 0.165299668216767
0.123404041787162 0.0313294032582557 0.140202437674748 0.300810752037777 0.312273911448074 0.0919794537939837
0.0152698526333607 0.218245551225238 0.228486639662888 0.280283621408885 0.150067271345407 0.107647063724222
0.083837164814154 0.0779459777988075 0.310003319812314 0.266714984287966 0.247128482064093 0.0143700712226649
0.118856914077818 0.0950887423588968 0.0690024712921108 0.235426855766562 0.195810996112301 0.285814020392312
0.199292575674853 0.059491451933645 0.221028188372729 0.226422570060847 0.0853767366003617 0.208388477357565
0.275566296791695 0.25159513395382 0.17326366250831 0.110699745365676 0.0185725137155095 0.170302647664989
0.246867570253421 0.157795481162959 0.143857099628578 0.0904264718142925 0.116269830174269 0.244783546966481
0.326253948190706 0.0827904226343197 0.0957031904402252 0.0969467440405443 0.166363638439543 0.231942056254662
0.0937711234651853 0.125216195589815 0.0940902985840899 0.0614356597488492 0.330835820959741 0.29465090165232
0.251332794112342 0.17226624367311 0.24643372376066 0.134683586436287 0.182901128710755 0.0123825233068469
0.151818219068205 0.104943185908364 0.350250478334334 0.0963687670033377 0.187930188324742 0.108689161361017
0.210252560819205 0.190879257702857 0.126911882366155 0.0090796561544745 0.245745554373258 0.21713108858405
0.114636490760771 0.193540416507413 0.160939268350294 0.231876498753618 0.0706875482679786 0.228319777359925
0.155762724389029 0.38868030397885 0.418796563152646 0.0193230711096798 0.00680808424757023 0.0106292531222253
0.183466279954127 0.260917571427342 0.0872691508007385 0.0306767455138815 0.294527355515412 0.143142896788499
0.287369412986263 0.206926209851393 0.0586365224902115 0.047870484585254 0.239737557718728 0.159459812368151
0.293408366913674 0.103250623054064 0.187475370049498 0.278958736251625 0.110615471095645 0.0262914326354925
0.0113145262886787 0.0862713816648429 0.0560384307665302 0.178830439127945 0.368339961546029 0.299205260605973
0.0825567660819941 0.00335161821184402 0.279549613591744 0.133700216736069 0.219188490230508 0.281653295147841
0.171511407595392 0.135787928482998 0.190814658915187 0.16313351853404 0.203892696374949 0.134859790097434
0.190287132685489 0.00605349682723011 0.226368917705221 0.241257847173778 0.094970126911122 0.24106247869716
0.196035723425985 0.101896275418789 0.126650825680073 0.197737183708938 0.198200795949023 0.179479195817191
0.226421105253023 0.209738698651359 0.290302459517321 0.0822125485938364 0.0756433535893381 0.115681834395122
0.042665034543965 0.258237683237198 0.211651404904145 0.209830133889703 0.250795402681916 0.026820340743073
0.138828016993139 0.139508935640765 0.0670727777199696 0.235255240040644 0.0896986602872495 0.329636369318233
0.233525509963558 0.100572281750884 0.190443104722676 0.10964526966658 0.230800947274483 0.135012886621819
