0.117802443705727 0.0527008723455547 0.146191143956328 0.0999049634588756 0.0655521756175179 0.272884286365421 0.244964114550575
0.205866067186314 0.10671527585513 0.0319657529302595 0.181740769614897 0.178814248789663 0.19886260043599 0.0960352851877475
0.0374234665390953 0.157885591449781 0.253448542279952 0.0802841594446491 0.184922460484657 0.0634536698619495 0.222582109939916
0.105555453018589 0.227133339378001 0.0197235241621965 0.00369180983585952 0.237861634028356 0.188447055964019 0.21758718361298
0.220352609572859 0.136306838859763 0.0486839350831171 0.240174819122493 0.0630529848947633 0.0437449113028308 0.247683901164174
0.260225183515513 0.016063967000102 0.14610382241507 0.115804448711216 0.174113448017311 0.0993099905833535 0.188379139757436
0.222805001521605 0.246951134654175 0.104357041641078 0.172927292102014 0.0939925142022331 0.123723475298771 0.0352435405801233
0.268177856672064 0.249801922588357 0.0851390155713975 0.0182747982962135 0.0643768213442185 0.12277623753637 0.191453347991379
0.0830529705612885 0.182566328623528 0.0754650917450061 0.178086138012233 0.250959714920502 0.128692639583131 0.101177116554311
0.244947257263338 0.114818007229122 0.123618460723398 0.191592319092656 0.142869531650969 0.139591091688253 0.0425633323522653
0.274887880413669 0.229841481614627 0.129577739274436 0.0470022217645753 0.0142588275401234 0.138223464647098 0.166208384745471
0.234759376897377 0.251027081141491 0.254227068285013 0.0835091497115394 0.00815438450134422 0.156335761351292 0.0119871781119442
0.218525049883599 0.172592687891859 0.189717766607879 0.059243928685203 0.0979075217373587 0.108026182293302 0.1539868629008
0.000289777257469954 0.0373729846312003 0.314041928499885 0.0598008968831146 0.222543673545119 0.128271827974432 0.237678911208779
0.22605103625679 0.230833804610877 0.0311601615322285 0.150265735557118 0.1815432470628 0.176591874532707 0.00355414044747968
0.209373270482844 0.180615833831642 0.131837754563844 0.0967597161945756 0.130146703793266 0.0661261333711966 0.185140587762632
0.0205666626118835 0.142152251912617 0.331594724773755 0.0476972653866687 0.199876143646465 0.135775065010748 0.122337886657863
0.0528856079362093 0.133649838839591 0.0259065918136902 0.30959235020984 0.272582661287602 0.157766084316018 0.0476168655970491
0.0963780392275785 0.178278656139921 0.226201803354335 0.0894465240937792 0.0834178177180022 0.259220640200467 0.0670565192659174
0.146475671384751 0.0605741221161991 0.199400248264131 0.261572551581703 0.0754561281564492 0.14975530886989 0.106765969626877
0.182678437811848 0.196588312775542 0.123959467398189 0.133902509202421 0.243860022953676 0.0816720260503969 0.0373392238079271
0.131971397843627 0.196009567185311 0.233218003206346 0.125349878263462 0.105646645499828 0.0901163591974145 0.117688148804011
0.268328885717274 0.187086768170954 0.0602964481746164 0.242731214294531 0.0335973345117422 0.199221549780053 0.00873779935082888
0.0979196048050572 0.368558571795339 0.137355847027478 0.141080617443812 0.109516639431908 0.0668040346593454 0.0787646848370615
0.0849074000485767 0.333331421301263 0.0320155616295775 0.184590122235824 0.216685496258548 0.0150793778798039 0.133390620646407
0.00063578603674621 0.296711408577178 0.141591251381423 0.171123956240005 0.301049309628774 0.0717364069826927 0.0171518811531814
0.103705696104989 0.0489146474907919 0.0925982463785705 0.188376270693088 0.257163582101588 0.0758235026366456 0.233418054594326
0.149113279996045 0.162073509637687 0.145341623563692 0.0486795934056425 0.220288994434674 0.0649587184706396 0.20954428049162
0.0521318775091592 0.0389465534055939 0.107597439842726 0.294322114385528 0.131812309169657 0.223120656935982 0.152069048751354
0.266113411058294 0.190912912359392 0.0552702148326304 0.240744012589281 0.0959461097026705 0.0697930117603389 0.0812203276973942
0.210275074628376 0.042585107102165 0.226504369008733 0.267997165701524 0.190998876256496 0.0228159124372634 0.038823494865443
0.0960010431157982 0.264615117482595 0.0162845080909675 0.0533908982461239 0.139497062275605 0.273620621088216 0.156590749700694
0.187085632869464 0.109373786211759 0.0954823842116225 0.131004701434193 0.155765552283861 0.134380953862216 0.186906989126884
0.04232520631285 0.34173159333515 0.0939107958169118 0.116144397507136 0.312182496802325 0.0509130659131079 0.0427924443125187
0.0519558781450829 0.199246590454884 0.170347708579299 0.127173860637135 0.0347453171288599 0.137316770351338 0.2792138747034
0.10712632538102 0.241570137614651 0.0881907236511984 0.12864116831214 0.18211329135297 0.148778048240827 0.103580305447194
0.162742920331641 0.0882430828423579 0.177203018947738 0.148998839674801 0.14117689085919 0.152127093106131 0.129508154238142
0.224420432527324 0.107847535412143 0.0778536400761568 0.241502832964423 0.0905342362922219 0.226310352128257 0.0315309705994747
0.073607341887877 0.218271031409328 0.098800222623327 0.187136617766044 0.0405540744640732 0.326008143605098 0.0556225682442526
0.188290659526536 0.080016408814504 0.115879295052994 0.0809826369131987 0.0855695679896001 0.318629387999214 0.130632043703954
0.25376877982265 0.0411968115215687 0.157516505099074 0.119519536377265 0.0100970389572696 0.169217057094003 0.248684271128169
0.0837403032690594 0.188400307648142 0.145551322419891 0.123327263107352 0.155717741307506 0.136859530725131 0.166403531522919
0.351406271546319 0.0414670781938804 0.0148115047979494 0.114081094658734 0.226967943287148 0.204166192801007 0.0470999147149631
0.11430218183001 0.0308305797173799 0.140350831657673 0.03557739434172 0.0785129663515459 0.284304547017414 0.316121499084257
0.132287109832561 0.16651589452564 0.0826527181055763 0.171905786967074 0.178451814922398 0.190529997904928 0.077656677741823
0.125795062326177 0.142826777743149 0.0376730151165918 0.187730381851905 0.110477556726723 0.290787420781567 0.104709785453888
0.120390425057134 0.0396245930565136 0.270628257367237 0.107023170537543 0.112812991298033 0.299977143076328 0.0495434196072113
0.158031605737958 0.240632135222271 0.157222753347087 0.0296015922474227 0.209204799419391 0.108718213410111 0.0965889006157587
0.0449666386573266 0.195571988151838 0.210308917764696 0.215088821464392 0.236030804307936 0.090886969328704 0.0071458603251059
0.191390978069663 0.118861713463043 0.17900911396621 0.228773473750451 0.0167144172166497 0.147811246717317 0.117439056816667
0.256051042553757 0.0781402227353604 0.167957272147959 0.0690183329393564 0.123334955100487 0.0699958692867031 0.235502305236378
0.0907250658950441 0.180589956482862 0.155832733716228 0.158553884545429 0.163021802420267 0.191105897262269 0.0601706596779004
0.173246709285824 0.0157279993880542 0.156623990371169 0.168170570271879 0.262718368218472 0.0216845013202799 0.201827861144321
0.101150206213672 0.200903777402337 0.193672323404073 0.096050907999786 0.0551646666239747 0.141937629484866 0.211120488871291
0.15965375394824 0.207182992588169 0.0684945388193932 0.113698062380787 0.0956530207916769 0.115650373612106 0.239667257859628
0.334769813680251 0.354088058554152 0.022844690002907 0.0559195679322704 0.01417277637745 0.0415742070680978 0.176630886384873
0.202189545756184 0.0834720054012439 0.173119966566045 0.193768337016695 0.177390158719556 0.0497655893664592 0.120294397173816
0.190964551508953 0.137373631772962 0.175494411872073 0.197959476496785 0.0254045015177307 0.19443350021664 0.078369926614856
0.170095523708039 0.128548394817564 0.106540413258046 0.203482788371256 0.21093336719117 0.0617036929175838 0.118695819736341
0.130292251821114 0.077820433887924 0.184878243222374 0.207184467215178 0.0287087012532673 0.111668110413399 0.259447792186744
0.201785223032692 0.196426114063404 0.103947045699476 0.0953690847810422 0.0681357469773072 0.126410354440229 0.20792643100585
0.169835449004713 0.021182689111564 0.140627983902276 0.32084300583503 0.163205691587922 0.0793571727610807 0.104948007797414
0.211677679024199 0.0788373909704592 0.19863642601738 0.0987494822083233 0.164416099605603 0.228417380818412 0.0192655413556234
0.0667322491741483 0.187474667364841 0.202559063551062 0.0279587026646426 0.187283087981255 0.20085118375206 0.127141045511991
0.244864179421679 0.0494464069559255 0.157803638160949 0.0994679249052485 0.205149447144958 0.24263484045995 0.000633562951289702
0.114260720689531 0.205009421316585 0.122144086788327 0.190329096055742 0.0368074505843075 0.133619275249375 0.197829949316134
0.103549352949708 0.0406032070835142 0.164446877138714 0.0185868203501602 0.240584387119306 0.251327512029719 0.180901843328878
0.22263321005955 0.0124778267708367 0.236317234727536 0.229835732015835 0.142229188874127 0.0809415926763451 0.0755652148757698
0.0319989112668052 0.203774011584733 0.172107004582921 0.238619435694862 0.116585181166088 0.23244014381084 0.00447531189375076
0.18613556491611 0.19394752823187 0.154467925459842 0.116718639916029 0.0328501362981976 0.16722434234746 0.148655862830493
0.0117485084022253 0.0711618190877505 0.0740510357793385 0.0963301345024597 0.366436708060464 0.041497591144533 0.338774203023229
0.0536900499956731 0.15309615763152 0.0186879433972055 0.0308954800319721 0.0899375843556591 0.289289900966031 0.364402883621939
0.236175757300644 0.167848389666605 0.037637431034386 0.095795095088954 0.167648030890902 0.0910413832583235 0.203853912760186
0.136803411532649 0.135222043425892 0.150013269296402 0.249423608940786 0.118781872075067 0.177095419150205 0.0326603755789992
0.0690914648206032 0.310324991505855 0.304965802871554 0.177995227067528 0.0799010762954937 0.0174835707170184 0.0402378667219479
0.182944524571967 0.204129047433316 0.132968727228201 0.0448674579696683 0.157467714375713 0.19111693191784 0.0865055965032955
0.182776335449515 0.0328595442354543 0.121137383205914 0.110172019176005 0.194936763514413 0.126561474529193 0.231556479889506
0.243042717688179 0.128155290742376 0.16582044021546 0.242163939867369 0.143364583671983 0.00885083780186393 0.0686021900127696
0.0487948157444046 0.0271665128747591 0.00585435953397397 0.169886836597571 0.273244094439645 0.266974264313571 0.208079116496075
0.0450151598842138 0.244088301326022 0.152515235813871 0.0675822068525128 0.218295725180053 0.226187145465943 0.0463162254773838
0.149553319599376 0.181411395331445 0.0808125462641064 0.0163559494640282 0.201360512785054 0.248673086557808 0.121833189998182
0.121613739333688 0.144901517549439 0.0293952584161405 0.250203237640461 0.164457606759492 0.266194502514221 0.0232341377865574
0.147994658362317 0.189335486226058 0.175693045516376 0.107445351707764 0.0836271087506503 0.25014629394329 0.0457580554935459
0.222283797722492 0.175909151677193 0.0298595503361021 0.1550463141384 0.135864137239801 0.261431759289319 0.0196052895966926
0.192390475648307 0.0886288879005592 0.0552304747143241 0.179119465553472 0.202857762933118 0.0763006355016564 0.205472297748563
0.190129216932651 0.180095323881824 0.0478141181127312 0.137649735479798 0.0720116340545236 0.173243618890163 0.19905635264831
0.0267720107742784 0.152259625662897 0.0345073031857212 0.227902800551683 0.187112074951595 0.349006317448378 0.0224398674254463
0.0139668558667501 0.113381363498522 0.185972455543687 0.0229780868523828 0.30463222864962 0.179998245732017 0.179070763857021
0.137289498489772 0.106880868402405 0.174993580124675 0.0163744250848273 0.159111091131052 0.186658989963744 0.218691546803525
0.162741617114402 0.165141210052447 0.168195597952283 0.0988551814339457 0.180282859424776 0.192204944570198 0.0325785894519479
0.211294645704194 0.0345118564190599 0.244413419078929 0.0755118989965682 0.0517107033052735 0.135438767916419 0.247118708579557
0.127035290080548 0.242789061279542 0.273214742337865 0.176648732461183 0.0296414944295538 0.12801117798596 0.0226595014253484
0.0911422858997611 0.127428849902972 0.010733530082247 0.179330128732319 0.0299224973137424 0.286805550045595 0.274637158023364
0.246262143351759 0.249239991535944 0.124614707011004 0.109867311712203 0.0182959777748755 0.00997966773354111 0.241740200880674
0.0678859527297352 0.161817122355627 0.0895361782089332 0.171596665835719 0.133372517970345 0.192852573191678 0.182938989707963
0.124831375183208 0.176703042976321 0.176725812786939 0.153147607617179 0.210835111525325 0.0222803797893147 0.135476670121713
0.130258263790534 0.340338834267934 0.0119606713202899 0.013612895177583 0.00020717783156161 0.106126611800813 0.397495545811284
0.0874573075814867 0.155964683271706 0.195240839398787 0.246963709340775 0.0150869204142396 0.216175750497997 0.0831107894950097
0.23807542065046 0.297176206757669 0.1666576914322 0.0302079529319139 0.0727351061538239 0.101295544629802 0.0938520774441314
0.181775632147221 0.21963404461202 0.183930520734762 0.142737666853083 0.159216315230525 0.00611388254272655 0.106591937879663
