0.104694565342317 0.325533914538032 0.221843123031876 0.132771010285789 0.215157386801986
0.417719732146007 0.188491939445789 0.0675163070599895 0.0518187079812748 0.27445331336694
0.156009129743894 0.0280412799877774 0.282518020532216 0.404116249587205 0.129315320148908
0.0216084132604129 0.0541334673633767 0.254739160591447 0.36639282427659 0.303126134508173
0.121633945946521 0.304713696997939 0.242112853626696 0.0175935678870252 0.313945935541819
0.151501696490507 0.229546603808892 0.0491431124474433 0.361902616536156 0.207905970717002
0.178517440364251 0.14089887751497 0.309277028141241 0.0287424475982043 0.342564206381334
0.117510185971174 0.235886982941949 0.277222199082577 0.0880431119473697 0.281337520056931
0.301153439651692 0.0470828863181691 0.0558405946403831 0.290634080677699 0.305288998712057
0.201282684130576 0.0203275679892908 0.0624554906561902 0.376424254643669 0.339510002580274
0.414334145279389 0.386858925211531 0.0424677034105112 0.095496873431548 0.0608423526670203
0.0459892297832645 0.407442868885301 0.190414596611381 0.0167616866001534 0.339391618119899
0.0267759045767603 0.310805125907669 0.199175182185247 0.1737738946294 0.289469892700923
0.194226062520293 0.183027480810696 0.266059148863151 0.271827370151089 0.0848599376547709
0.254915575121931 0.106419294792499 0.182001841909718 0.1553904037175 0.301272884458351
0.101841392895212 0.309093010089546 0.0820360352686001 0.189360045434206 0.317669516312436
0.357294670296565 0.226958432398202 0.0536344230484065 0.144796532551376 0.21731594170545
0.354474820076524 0.141916470522298 0.288820970407783 0.0268072919499461 0.187980447043449
0.140737821984438 0.189827701753617 0.394954899808002 0.0427188301430815 0.231760746310861
0.0248433998708894 0.338529586784118 0.308746434158492 0.112309672708572 0.215570906477929
0.186359938280133 0.195434517804194 0.132951927272708 0.239961276917851 0.245292339725114
0.383628162747198 0.132112138637693 0.108822884254812 0.0556689821740846 0.319767832186213
0.155679522798497 0.13848820424015 0.275673929457932 0.163476508273778 0.266681835229643
0.31071128227213 0.124961576536084 0.0590660455297118 0.410525776830076 0.0947353188319985
0.280462375121309 0.0898281465580177 0.265031376408334 0.207851222193035 0.156826879719305
0.310550272103912 0.045402291985807 0.221680672474781 0.274118542344322 0.148248221091179
0.291636923969696 0.0973798144149638 0.0547777892210558 0.341710612172129 0.214494860222155
0.190387417394547 0.226854764154623 0.125050543362345 0.217567248397877 0.240140026690608
0.202711674481198 0.230740255527993 0.243909702599934 0.149180259827934 0.173458107562941
0.20627331697154 0.200621717737639 0.124140472080411 0.211816374394632 0.257148118815778
0.256591840474923 0.31934363908638 0.224372149860104 0.196837199267481 0.00285517131111297
0.366346847164618 0.0641830338420587 0.126567384278858 0.182598219389298 0.260304515325168
0.28850212166203 0.292449699279668 0.215841583968628 0.149198107594208 0.0540084874954653
0.297296335606676 0.306707634190889 0.197848251007306 0.0796550207203533 0.118492758474776
0.179347817504143 0.23977954870192 0.146385160762412 0.261343009164864 0.173144463866662
0.0701019172728379 0.329505030365111 0.0743092967123176 0.195691827403894 0.33039192824584
0.184273541840489 0.268395697284418 0.175487746027283 0.207644102410052 0.164198912437757
0.248491268515759 0.0875605060735355 0.283657959282715 0.197195648171793 0.183094617956198
0.229803975605839 0.164047490999143 0.156856951762193 0.234760252673597 0.214531328959227
0.0638956704234481 0.308064805429833 0.323247859127615 0.0272862278356629 0.277505437183442
0.208796166532998 0.137590195802523 0.19749802932353 0.231862762677246 0.224252845663703
0.274397257439878 0.264376495732842 0.0600954141193549 0.119491564732173 0.281639267975751
0.0797386655490877 0.156331455517499 0.374462992746777 0.337872034924707 0.0515948512619301
0.000631368079754778 0.200326645641082 0.065364145594505 0.329267432642255 0.404410408042404
0.243876516796393 0.0313335788288398 0.223912795301797 0.252066881304316 0.248810227768654
0.0401480401793087 0.169996856504584 0.412213984757746 0.152147945776236 0.225493172782125
0.00086567576181261 0.189714152891008 0.373935252540625 0.24314305207478 0.192341866731774
0.374626169789903 0.0617619255527786 0.248718090107128 0.182666756489567 0.132227058060622
0.0960564282687633 0.202092034945476 0.121318961982943 0.131142900040824 0.449389674761994
0.165942714205191 0.182134059455705 0.219814879573819 0.183497616306088 0.248610730459197
0.0618042245056552 0.185170271327062 0.31110883763882 0.223387985304363 0.2185286812241
0.2343796492828 0.425854808919543 0.000365022719754094 0.0820567322030944 0.257343786874809
0.231940361970057 0.330024736067664 0.0813278200510119 0.292807202389982 0.0638998795212862
0.181606000513602 0.137414220575636 0.0916652588639788 0.261049063924451 0.328265456122332
0.243893264306403 0.217795464284968 0.0703889599238462 0.362695522245062 0.105226789239722
0.254233091125281 0.200496691458942 0.0376012865907004 0.229424360327967 0.278244570497109
0.312497362392154 0.0136129736059818 0.10667370885257 0.358979097385487 0.208236857763806
0.21838443923593 0.333940041007481 0.187205553702054 0.0306726673610406 0.229797298693494
0.143645788954204 0.0515665965259227 0.269313545742317 0.281696358175266 0.253777710602289
0.244810161901694 0.189258749942973 0.131480217256331 0.294570414713129 0.139880456185874
0.356452428578561 0.0621296819865004 0.230454514640353 0.0980837182973223 0.252879656497264
0.0664529526725167 0.131446484578093 0.0343319296040454 0.453556078991597 0.314212554153747
0.427677214915324 0.250534595390603 0.00382503823608923 0.0312812093451432 0.286681942112841
0.378884461740067 0.213998931340312 0.0829376496552637 0.169206296775684 0.154972660488674
0.344700272852351 0.0370371022601708 0.318472660777157 0.259643684014982 0.0401462800953393
0.219322238812807 0.175782013552845 0.0751312543937026 0.289910092628308 0.239854400612338
0.199532697686548 0.129028713232209 0.322477406601317 0.0607424090014874 0.288218773478439
0.0693614694610947 0.303583885033252 0.118989037303956 0.0958936434470939 0.412171964754603
0.236792332557066 0.0087649733263291 0.287013428112674 0.311399364705604 0.156029901298327
0.124011487309994 0.238846753166702 0.290093816693976 0.308398550168549 0.0386493926607791
0.117495574376927 0.137671679754759 0.370317002166642 0.204149109526652 0.17036663417502
0.256700115041618 0.197511000108297 0.208897188962319 0.0600731424432943 0.276818553444472
0.00694721070416442 0.234889817741407 0.0426564475411059 0.495805870729294 0.219700653284028
0.278608592875911 0.281443283735472 0.148338068343539 0.236763183754481 0.0548468712905967
0.0461315810147344 0.434981092003841 0.340556382925325 0.0167246164790906 0.161606327577009
0.0905702323867168 0.225703086751839 0.216705114687504 0.228596411302647 0.238425154871293
0.273718144404318 0.0667678843368479 0.233655862995451 0.254703991722606 0.171154116540778
0.234688748359584 0.173564963547393 0.000462798603837038 0.301991708300726 0.289291781188461
0.149407596091093 0.0965999820577947 0.324514439709645 0.14937116491661 0.280106817224857
0.28031760395233 0.377099692935676 0.135229703570106 0.14897061401852 0.0583823855233677
0.293396912202837 0.0236662050806288 0.332553957626376 0.114397985684154 0.235984939406004
0.371559941208831 0.0876314658450586 0.233049981951443 0.13994534487537 0.167813266119297
0.297602380378762 0.171903204149888 0.226064982230393 0.159292683203154 0.145136750037803
0.32719442000246 0.182658733496668 0.0155620436312313 0.323318542499601 0.15126626037004
0.144286116084184 0.239559258496867 0.191845196253841 0.337209711899545 0.0870997172655619
0.105646687881602 0.045617711358736 0.285812953480195 0.250857563430241 0.312065083849227
0.318203194977532 0.0694973171211776 0.282737595715419 0.257959628376999 0.0716022638088719
0.289301081966048 0.108967136593328 0.285906784846616 0.217620203120797 0.0982047934732106
0.0895926400204535 0.133691725809381 0.0370845646423269 0.439708550335981 0.299922519191857
0.262989716257713 0.00342259069583326 0.113309342154168 0.344591666779876 0.27568668411241
0.239164790127551 0.200955147032825 0.0717191364944902 0.112679100178875 0.375481826166258
0.0499170879375004 0.169033440643952 0.0775876628674179 0.265652445170718 0.437809363380411
0.0516213707213013 0.268634545441671 0.342279964340201 0.0872591843741686 0.250204935122658
0.282861151874552 0.0588176405344064 0.142305249358831 0.152005009481139 0.364010948751072
0.271683385011357 0.181361841918217 0.291265762114833 0.112967712297187 0.142721298658406
0.227039147447024 0.115729535285815 0.353543545682861 0.254479942669073 0.0492078289152267
0.33241761143273 0.33219797370636 0.0599768913301377 0.0135509820767462 0.261856541454027
0.352855433884691 0.169669233160972 0.0305982220764956 0.0764967574342347 0.370380353443607
0.140035872221416 0.462384925994982 0.0303330414059083 0.0612190191549095 0.306027141222784
0.298223165520856 0.132646594275945 0.224612819844261 0.00630064272362661 0.338216777635311
0.381264890237483 0.279309665996625 0.0957033270182766 0.0571754521594197 0.186546664588195
0.293964264626611 0.352083874447457 0.211980999710809 0.00939860183806809 0.132572259377055
0.0815667389252815 0.242595533392243 0.332865874194274 0.0213449604660931 0.321626893022109
0.266703120163985 0.280645086957533 0.010894755542717 0.233365096178155 0.20839194115761
0.133049238532957 0.313192771158487 0.106333950120992 0.229579545006897 0.217844495180666
0.235216150550008 0.187632512842764 0.117788217320852 0.00330093237831111 0.456062186908065
0.165007418418183 0.294416030216425 0.0772609581670541 0.430822300653181 0.0324932925451569
0.143976847770155 0.207209498426611 0.173449345570324 0.260608758339053 0.214755549893857
0.207619172621776 0.154441697850257 0.353958034717185 0.180811375950009 0.103169718860772
0.176839985073688 0.220185698399471 0.0555661317220654 0.312625380861523 0.234782803943252
0.139205888789985 0.174339318328972 0.354942625647467 0.205223605610265 0.126288561623311
0.222432051282092 0.239804461294106 0.0942838921729712 0.250977442511675 0.192502152739156
0.226933708003634 0.315137680417507 0.212282820157823 0.189184973477009 0.0564608179440273
0.203921263878911 0.237100908708285 0.237741839783999 0.151096543804553 0.170139443824252
0.0296447260126661 0.108131889264008 0.0319769021549642 0.444811629317314 0.385434853251048
0.165888340582473 0.222007281368848 0.0902527723976013 0.19289374288035 0.328957862770728
0.0340164953584017 0.069811699562201 0.308799838363805 0.234033109783868 0.353338856931724
0.080673455724883 0.11847712837568 0.336729092462483 0.225945111712318 0.238175211724636
0.158748668073191 0.3340243011218 0.136472555169384 0.359806161740907 0.010948313894718
0.0600436782762252 0.331531226656972 0.0418123509477761 0.286456271375521 0.280156472743507
0.174872182178945 0.162251085357018 0.182569200462706 0.00293688622210187 0.47737064577923
0.249441458781792 0.0569003034640555 0.253810004667332 0.14005588869247 0.299792344394351
0.228971832020758 0.0399523688645635 0.215374745017342 0.275495353904983 0.240205700192353
0.23248916453789 0.249173343167251 0.320100109724244 0.109250918851413 0.0889864637192022
0.221676771503257 0.234544835252777 0.280778484851336 0.0685672092438417 0.194432699148788
0.24991840060233 0.06377675344321 0.319688476688292 0.0419676248423385 0.32464874442383
0.2641623022313 0.166698447651245 0.292102587309976 0.14916073606114 0.12787592674634
0.0600881259632819 0.312369045319155 0.0144888639983659 0.239063392546671 0.373990572172527
0.40560166875629 0.0517415717592292 0.226262103999748 0.177995759778092 0.138398895706641
0.151098064263372 0.235288478635711 0.156090302857049 0.360556512936493 0.096966641307374
0.200313054455844 0.210818333330899 0.111225510299876 0.218552441404494 0.259090660508888
0.0655798058967479 0.198356546828973 0.179493138060068 0.23074087799203 0.325829631222181
0.256753425899197 0.128982858344241 0.189693452846599 0.179771656454195 0.244798606455767
0.137151532850576 0.307515277447988 0.337912106333889 0.0786692387993853 0.138751844568161
0.312046608757716 0.0442842165981619 0.263375912965431 0.0935349470824869 0.286758314596204
0.110298263996552 0.278842298108822 0.190811319530561 0.0655180439851934 0.354530074378872
0.190448859657138 0.136466582840302 0.394616922359946 0.0283863531459168 0.250081281996697
0.00103753648134088 0.437764613620271 0.207471826195736 0.013120250410761 0.34060577329189
0.0183260392615087 0.244539499178569 0.195754325009403 0.291043537584847 0.250336598965672
0.0458340895454352 0.00390729347396245 0.37977076217287 0.377774068649644 0.192713786158088
0.322641401948406 0.282477656661445 0.123592450176925 0.110998895956658 0.160289595256565
0.217462098748998 0.0863162290086563 0.176900202699665 0.264236932691245 0.255084536851435
0.0879869522918104 0.293739494911863 0.154291027685629 0.208654590496941 0.255327934613756
0.259132656540903 0.00302861930134197 0.118940344094799 0.0693992382918418 0.549499141771114
0.0700550734163952 0.292072977807157 0.220656782708348 0.257385515279919 0.15982965078818
0.0961975424768791 0.267047071229186 0.23853431538117 0.096980719281938 0.301240351630827
0.0190597257540701 0.397517204173338 0.178901103350676 0.373085788020359 0.031436178701556
0.107184070953266 0.0894918052698767 0.185707630681212 0.441027679883932 0.176588813211713
0.278633017545078 0.142116334222771 0.300804460430926 0.198162384075062 0.0802838037261619
0.335718534126672 0.0420667224027263 0.195118448129934 0.200910528514664 0.226185766826004
0.00383329511267236 0.237634321261409 0.224538489391915 0.247065976581142 0.286927917652861
0.162942937916362 0.30539658242516 0.327996574686443 0.0519941696432618 0.151669735328773
0.268122362344582 0.188758498737464 0.256827286463136 0.201167544006636 0.0851243084481817
0.150401012968486 0.0352241787032694 0.251951829423989 0.131614664668253 0.430808314236003
0.223691160794198 0.283428103131041 0.0738690376176816 0.180743607899519 0.238268090557562
0.0254900880439088 0.232462045411254 0.303830512402038 0.374793823894345 0.0634235302484537
0.155920111561042 0.175760742237197 0.270933255803401 0.294766281047657 0.102619609350702
0.29610332026879 0.19147773324012 0.168401093068996 0.0423266541783319 0.301691199243762
0.392816882114885 0.203809102741506 0.131081609648159 0.144726253663554 0.127566151831897
0.138046545351409 0.163464965418866 0.178035284782637 0.389572079957918 0.13088112448917
0.193788104313268 0.253661889241635 0.107320324203638 0.255828189189515 0.189401493051944
0.303360916267259 0.223503395561584 0.157779063696515 0.150557969543395 0.164798654931247
0.285673156972007 0.209610509914493 0.24744319620339 0.147321667944956 0.109951468965154
0.00639870541323922 0.265552893894118 0.194508427577136 0.22223134827616 0.311308624839348
0.1904376993668 0.262820903434378 0.0885039373633751 0.177104721442905 0.281132738392542
0.096519082447725 0.32569455866125 0.0862287880292824 0.170477142753559 0.321080428108184
0.0807125028483115 0.243421807001826 0.286475557856626 0.172548546245507 0.21684158604773
0.232867050030702 0.312001655003265 0.0750574596015099 0.109415922756216 0.270657912608307
0.341884462096232 0.285030772010372 0.11724229348201 0.194333618224644 0.0615088541867424
0.177180446750326 0.187899170616526 0.21145680756264 0.254649121884815 0.168814453185693
0.186637174214745 0.0962430846061265 0.366448424632532 0.228214248089881 0.122457068456715
0.272198126678766 0.138695706271103 0.193859079666861 0.270401558978822 0.124845528404448
0.125077537726832 0.0868191677586302 0.320837633318484 0.0425631295236537 0.4247025316724
0.294990477502776 0.253863753262582 0.206417321670354 0.09142424878059 0.153304198783698
0.100687562137096 0.196999613124421 0.334862864775858 0.15289064147324 0.214559318489385
0.194438030954477 0.154928330321769 0.0720669754558371 0.0280201333469755 0.550546529920941
0.155831537065603 0.196257308383473 0.155325216976807 0.282764096894341 0.209821840679776
0.215319304158371 0.152330280386039 0.231070526875244 0.140773220208884 0.260506668371462
0.126500775906254 0.0891308855113897 0.0041761356668469 0.401444227623589 0.37874797529192
0.193368958709055 0.238870075818563 0.236983208203737 0.328915142652543 0.00186261461610256
0.356494583601407 0.373288061216587 0.197532848463844 0.0672279775302041 0.00545652918795753
0.203882855803656 0.243140348563665 0.0458380135178393 0.255302363742983 0.251836418371857
0.356743301047338 0.0496235826933833 0.126438282120837 0.266348265217559 0.200846568920883
0.0146344550517397 0.14629489845029 0.287493346839263 0.322380645977399 0.229196653681309
0.177649301045398 0.355586730149175 0.0951534351014746 0.200454638106506 0.171155895597446
0.151757188196597 0.174818980260481 0.294560659909413 0.221364670442673 0.157498501190836
0.0853930031026874 0.660660917045523 0.0299715259115549 0.0865613814572444 0.13741317248299
0.210353972636845 0.176765677204805 0.0015760757267099 0.239032136875804 0.372272137555836
0.179723622246827 0.178249531068905 0.231830304886897 0.254330774358888 0.155865767438482
0.310952112090913 0.08476798719366 0.0370920455926433 0.142571390614358 0.424616464508426
0.256436128900468 0.327540706644956 0.203314975445114 0.0146357165646679 0.198072472444794
0.143396050667698 0.134199809655568 0.366785460005155 0.23588392009317 0.119734759578408
0.377748543517008 0.00353852208433362 0.307257687310114 0.299314127702136 0.0121411193864087
0.108833008967158 0.129106790347183 0.246918803720207 0.363622214960043 0.151519182005409
0.290162123780723 0.193174115386582 0.126853842246909 0.125023709242435 0.264786209343351
0.382405490481923 0.0753561261322925 0.375318580471802 0.0762617612968313 0.0906580416171512
0.0601025792373371 0.14707994783527 0.303327349670141 0.20777376908109 0.281716354176161
0.385665569735283 0.276961631338785 0.00545084554822695 0.273380338142339 0.0585416152353662
0.0793996881373187 0.140272229741275 0.0613468813476615 0.33312793584806 0.385853264925684
0.0866017632431535 0.235629918177051 0.0594904130762563 0.297795930496676 0.320481975006864
0.280308491134075 0.175660664896571 0.0919503886624852 0.372541265310988 0.0795391899958812
0.0107834153547504 0.326226008554433 0.180572009944454 0.0912305073404094 0.391188058805953
0.146647823058487 0.338548212367836 0.0551582169538715 0.0245128482451381 0.435132899374668
0.285604756308212 0.044610389228238 0.0716230828277139 0.410186781757355 0.187974989878482
0.272380302819427 0.0675608102675222 0.235983439243378 0.235396828263516 0.188678619406157
0.247650354682625 0.171840277979794 0.340247986866277 0.068492960413601 0.171768420057703
0.0900703809951652 0.258900153399919 0.163740946815666 0.225926698045632 0.261361820743618
0.190692640637392 0.166408111579566 0.257364266765647 0.329400618762877 0.0561343622545182
0.0310784249646619 0.0714169476228463 0.371363535963364 0.350045054915089 0.176096036534039
0.404392417945391 0.17392886492779 0.0838808279265772 0.181860093248438 0.155937795951803
0.374356723696446 0.112150774993662 0.212791272949146 0.228413789557202 0.0722874388035439
0.361778264019446 0.339655048473141 0.0716646258502186 0.154947574775431 0.0719544868817631
0.0678109884246221 0.081729053615599 0.289202424900759 0.275995265948438 0.285262267110582
0.323628290284286 0.311595306457639 0.0373980534464748 0.32637887612396 0.000999473687639069
0.0638757312155846 0.274761138360704 0.257356429982394 0.158626150000198 0.245380550441119
0.183517583745965 0.0224727993480334 0.296980829937151 0.228031469499874 0.268997317468976
0.10254317526653 0.409322108080233 0.317063442331158 0.0897576349438846 0.0813136393781944
0.306930693508953 0.271727655066923 0.0244899247118597 0.246733264967127 0.150118461745137
0.137919110832494 0.245199666336225 0.282401956789644 0.11124120887856 0.223238057163078
0.0955857501404657 0.380065086186017 0.332020989405876 0.00576720455183731 0.186560969715804
0.299051073360557 0.291953601937426 0.0494361138960816 0.245596506194637 0.113962704611297
0.0204259229700594 0.306846069484774 0.268916491043814 0.254329735224484 0.149481781276869
0.0160966815192214 0.0744247430579111 0.286325174652576 0.449097267448169 0.174056133322122
0.27810598948671 0.1246116027392 0.242141473776676 0.0812763122947165 0.273864621702697
0.21313658766992 0.0764168835488597 0.273848094933704 0.299347941132053 0.137250492715463
0.112508139490806 0.274079684161097 0.157548764686818 0.261913892014052 0.193949519647228
0.0677344517980582 0.200374440393182 0.227622026783054 0.234719169315274 0.269549911710433
0.221885196299432 0.154412658094368 0.124389352545912 0.370867486417288 0.128445306643002
0.00635828662369831 0.369654087174408 0.113445147432338 0.433153267381727 0.0773892113878288
0.264783207620833 0.0705095371236241 0.0564310848029428 0.434082774663298 0.174193395789303
0.132556369346875 0.197507914416782 0.471835313193517 0.112494615907166 0.08560578713566
0.251447688589771 0.224008366454068 0.250977506712594 0.0228177111669459 0.250748727076622
0.270145512971899 0.0189178889703474 0.347600904799856 0.186522658216124 0.176813035041773
0.271284918862632 0.376759406391089 0.0899305846165232 0.156972736857385 0.105052353272371
0.0617199340604912 0.228005933647816 0.114098415835356 0.291451173525079 0.304724542931258
0.223876759074209 0.122541854952305 0.102202680956021 0.325867062105435 0.22551164291203
0.233298908905984 0.205795755086599 0.247996631616471 0.114682198639393 0.198226505751553
0.274257075908101 0.0922669194613151 0.168080339358294 0.296968456650542 0.168427208621748
0.164172196274945 0.108821820032493 0.12063288728167 0.215903155789453 0.39046994062144
0.144359705831862 0.226500193206215 0.176440172559907 0.239151154050866 0.21354877435115
0.0112805532256011 0.000280027299838014 0.241905784190944 0.263458953424514 0.483074681859103
0.120355729792252 0.174412974548495 0.303974404529229 0.144437836956436 0.256819054173587
0.200961573949982 0.197441318995007 0.310111134582976 0.0240307687522129 0.267455203719821
0.0265395196173008 0.121341740696459 0.260644458845391 0.428373712634272 0.163100568206577
0.157210980956305 0.134555683263087 0.301785528420004 0.252209180012218 0.154238627348385
0.0054505027446092 0.333077041075695 0.349538992641932 0.0149948728096848 0.296938590728079
0.0187989855955769 0.388140615069159 0.15684331754526 0.144017391689002 0.292199690101001
0.228953820781992 0.284341482954627 0.0683710633368335 0.207102533753203 0.211231099173345
0.0733027050822395 0.0429229485085984 0.352485922862908 0.438354798880428 0.092933624665826
0.107400826231279 0.0202653801533122 0.339924075748189 0.305593284450439 0.226816433416782
0.298453485983379 0.328149250813075 0.144975146820069 0.136853009783522 0.0915691065999561
0.235426057622659 0.108518491008918 0.353884415467944 0.0749935338407662 0.227177502059713
0.312781583868033 0.122448432727235 0.207327209558181 0.278006432776438 0.0794363410701129
0.437330094692618 0.1524586110694 0.00595595609854144 0.305580965116789 0.0986743730226512
0.0248624502704667 0.0248920852211571 0.268690392253082 0.401727113611258 0.279827958644036
0.116936456379034 0.180124135092711 0.390102794607936 0.0669799415781657 0.245856672342154
0.312478169090974 0.242502998229463 0.119702495441691 0.281565328198286 0.0437510090395866
0.311464609700787 0.116072695568884 0.142206699230073 0.0905127389315954 0.339743256568661
0.135282499407882 0.120487383014585 0.378692807484318 0.253096636867697 0.112440673225519
0.0636190248698287 0.0390242809420433 0.607268976275602 0.258732226499901 0.0313554914126241
0.027075488807217 0.269220707105335 0.0326002333697338 0.140244846755576 0.530858723962139
0.27772568766713 0.25549462058225 0.140550861167577 0.262563824807971 0.0636650057750713
0.162508681288357 0.258112163502458 0.22786101691136 0.23853949125265 0.112978647045175
0.31671494624404 0.0862438091941763 0.30259834912014 0.0614154859907496 0.233027409450893
0.243806504165644 0.212813034120863 0.225449341361266 0.148240939531608 0.169690180820619
0.0758174933282445 0.0247133978599378 0.372707221320559 0.169554257059232 0.357207630432026
0.149253842657167 0.393815184306468 0.402990206966476 0.015298260146669 0.0386425059232201
0.117096080035488 0.061200033487168 0.302251492776086 0.0345836486676593 0.484868745033599
0.0564217744719638 0.116547282222912 0.306657484673276 0.329824437577694 0.190549021054154
0.0172548489423688 0.217267132826873 0.230597518286027 0.210754129848815 0.324126370095917
0.275414227841153 0.0835715445693764 0.203759192756831 0.232584012769321 0.204671022063318
0.200360649656707 0.264780169866254 0.141008641386562 0.0777843956772827 0.316066143413194
0.278804334934231 0.130763742158152 0.00689477761114842 0.283572659448181 0.299964485848288
0.0999127115105251 0.060868444229741 0.300618696377988 0.30445550190704 0.234144645974707
0.297404191117918 0.264811514661107 0.110403194331439 0.195906744650916 0.13147435523862
0.264433795165571 0.0857956389371653 0.251911641250265 0.209411543958639 0.18844738068836
0.272305803580522 0.16786452103295 0.210791475461605 0.221631423817984 0.127406776106938
0.222020475760622 0.058022373715336 0.111515128799127 0.303515378541218 0.304926643183697
0.197212824768574 0.0907898449381764 0.0496189595835058 0.339750020168817 0.322628350540926
0.28934831414895 0.3367101673042 0.140368372921647 0.176529842342261 0.0570433032829415
0.168544099803837 0.180636866577147 0.269603137968717 0.079152536893196 0.302063358757104
0.00609736888891798 0.400605845534733 0.115010059501782 0.132529135204716 0.345757590869852
0.0910285611963443 0.152722124771084 0.244161668277622 0.188838810255883 0.323248835499067
0.253882428654738 0.41060823692388 0.0315001254097577 0.145881365421182 0.158127843590442
0.0741358734174528 0.180857217095376 0.184731284609043 0.405229161155723 0.155046463722404
0.25296480539517 0.251071798265083 0.228060656384298 0.200767449390504 0.067135290564945
0.24402504493004 0.00354281164781502 0.313993292371382 0.241175329226291 0.197263521824472
0.25726479192841 0.207084276097929 0.335737510259005 0.0441866521797514 0.155726769534905
0.235716878592089 0.133416683144318 0.337418705229027 0.221514772735341 0.0719329602992249
0.0060776435265082 0.437936625067115 0.0769275482957581 0.343281326804429 0.13577685630619
0.245744989545795 0.1468120978975 0.184957572222147 0.157381341088708 0.265103999245849
0.220408517843918 0.192984154117137 0.261304818684515 0.208340459402279 0.11696204995215
0.266159047876735 0.171138070299886 0.30930098706999 0.119289527536141 0.134112367217248
0.0677530274521017 0.14880458519993 0.174925728411448 0.239626141792427 0.368890517144094
0.0077747456433398 0.335490749537152 0.267234391109473 0.0798635962938026 0.309636517416232
0.225532675758964 0.116506168621375 0.32400488074294 0.17321615905196 0.160740115824762
0.1768218706226 0.313787169293824 0.220844166374732 0.266098065842781 0.0224487278660623
0.085525356416566 0.199049419184839 0.174400053560334 0.314235859511227 0.226789311327034
0.0117750949797753 0.0885079712690922 0.128903070963763 0.162054650398493 0.608759212388876
0.235484315118861 0.301320963407034 0.0308333879829602 0.087807241758714 0.344554091732431
0.262552295921922 0.255919359853498 0.0129950032006761 0.332585327158188 0.135948013865716
0.237224966905209 0.162377042585566 0.246728299132303 0.187800725442477 0.165868965934446
0.111813846168754 0.0568968606120046 0.192213755054227 0.469200350571425 0.16987518759359
0.175502018032041 0.0138370290428657 0.236598624437552 0.421530003421317 0.152532325066225
0.0654588650267981 0.0874691603663417 0.0537951225515459 0.383258841689122 0.410018010366192
0.453653083989607 0.0133033265721853 0.158286805492845 0.0653496165632402 0.309407167382123
0.152872433249096 0.267300401594746 0.0993777955790724 0.226684639518907 0.253764730058178
0.219247914139532 0.278620669695264 0.0233039543147384 0.286221050198719 0.192606411651746
0.196094386915386 0.268560118246533 0.0725749595039767 0.287766948638183 0.175003586695922
0.160894144998698 0.257854451791586 0.166897742131583 0.0830297258204058 0.331323935257726
0.141124424221394 0.0668318855491624 0.179867744838817 0.205838483737067 0.406337461653559
0.152066072417666 0.222769216036845 0.0435821753942011 0.420603012770376 0.160979523380913
0.117708013058302 0.121615022268803 0.121028853427749 0.410530228138516 0.22911788310663
0.583374546082088 0.0234837824812176 0.0394072079459325 0.177427909210959 0.176306554279803
0.176910058038931 0.145354994226364 0.309288495817453 0.114179490200845 0.254266961716408
0.241509024816101 0.0900348469442848 0.204970994701143 0.336008699087549 0.127476434450922
0.211294777473433 0.267499721132236 0.269489413747013 0.128893748022341 0.122822339624977
0.0909504800415334 0.264656640987426 0.262166508694628 0.135410700313109 0.246815669963304
0.335235152783645 0.0967214360198719 0.105836058841074 0.304235012510111 0.157972339845297
0.284518929680675 0.0321968154794155 0.419523703547301 0.0394030520028296 0.224357499289779
0.0378770861997454 0.168949918367614 0.16204213528768 0.325098159631928 0.306032700513032
0.0224250862314958 0.0326142845589834 0.44827498419616 0.225425773501447 0.271259871511914
0.342074890517232 0.0646903731799698 0.211327937155981 0.229369431099401 0.152537368047416
0.348498806995932 0.0313731195176226 0.307011821824485 0.103698943317262 0.209417308344699
0.228936917531877 0.0785042668690136 0.42010689172966 0.232010305953202 0.0404416179162473
0.200294629583209 0.0536614597878537 0.0199541620372936 0.422192308308213 0.303897440283431
0.246738148778337 0.0366714186532529 0.217298557471862 0.284563349439551 0.214728525656997
0.16319521669571 0.26262760562824 0.052827967057377 0.199982401800544 0.321366808818128
0.0126537242109246 0.149621496975163 0.281412404173684 0.181051819016858 0.37526055562337
0.128880557957482 0.536758385896127 0.243415203449423 0.0602729985191266 0.0306728541778404
0.295962113789039 0.145170767177312 0.256143176169878 0.27510039184819 0.027623551015581
0.242559690022567 0.312186154207362 0.106906140197884 0.145102753106043 0.193245262466144
0.416685385874481 0.215002359103838 0.211791642830082 0.0953830023933357 0.0611376097982625
0.106359231493458 0.251290933432024 0.137328872668486 0.0735651980790547 0.431455764326977
0.348856063034221 0.183451847952998 0.0658558713647839 0.124446091596326 0.277390126051671
0.0341337690053749 0.198291757913819 0.260848516393116 0.336712534922645 0.170013421765045
0.0683706826137332 0.0161238169008916 0.33757169099154 0.241326395003873 0.336607414489962
0.322401996499883 0.201469987170765 0.157443453921376 0.0543947213631091 0.264289841044867
0.134901075362247 0.265367463427121 0.277139446007918 0.0989911953555369 0.223600819847177
0.283889931297326 0.212520012782409 0.124277442219182 0.293484464912542 0.0858281487885403
0.217958519358234 0.216516115042387 0.126378341186371 0.197260528639431 0.241886495773576
0.0805336061287394 0.0133446510511179 0.218175383535951 0.359499151194409 0.328447208089782
0.0894225630605206 0.259455327752552 0.13355992814745 0.190511924594396 0.327050256445082
0.292430586602495 0.317277872908986 0.013417701367582 0.220034015149844 0.156839823971092
0.0412498234810651 0.290798015797744 0.123311213796615 0.369390080538397 0.175250866386179
0.230197238559576 0.350391242806734 0.185393027092892 0.223224897865204 0.0107935936755947
0.0306907859745538 0.160226588453962 0.474949937828142 0.333008985912299 0.00112370183104277
0.0977375479827931 0.0724136936463632 0.389935720388886 0.264176951122065 0.175736086859892
0.108566202435777 0.477346920888294 0.163836467898198 0.165832171520139 0.0844182372575919
0.276330190564675 0.00199436870501029 0.235693216144725 0.344998807387814 0.140983417197776
0.283887781717242 0.101635142173461 0.216524409081506 0.0506668518151161 0.347285815212674
0.125391993477652 0.11582625021304 0.296636780208519 0.23994339309395 0.222201583006839
0.245206391340937 0.139064900808023 0.281494372911804 0.26081841005555 0.0734159248836868
0.0822068347470391 0.249296244069832 0.299520261566425 0.230262789595595 0.138713870021108
0.244440307795375 0.255470244218717 0.236075775290303 0.19694612786402 0.0670675448315861
0.0365458275078509 0.0632069191904364 0.287756514480721 0.501366628320556 0.111124110500436
0.155128757026531 0.194998157778053 0.0937134428363796 0.276518091499521 0.279641550859516
0.284632827864924 0.23765010387212 0.0036671124428065 0.148753530510092 0.325296425310058
0.213368289747329 0.230675837965793 0.0840813572485762 0.428870753041806 0.0430037619964957
0.42915976026293 0.340407307908123 0.0254364435310919 0.0220391382242997 0.182957350073556
0.258595871941914 0.203167488863658 0.171705861572764 0.0543486139069465 0.312182163714718
0.375416571985399 0.0310072127104021 0.274584703434172 0.0677658402495566 0.25122567162047
0.150508945049532 0.179819655243561 0.247818549917311 0.257470318803635 0.164382530985961
0.109007220413731 0.274232088037816 0.460597507322316 0.071179442695377 0.0849837415307599
0.307350669910273 0.255040491489109 0.00284096302473653 0.328998986052035 0.105768889523846
0.150124914594877 0.433835417303992 0.238359878952621 0.136715668260516 0.0409641208879942
0.0974636976928221 0.241181528102007 0.287839800961694 0.141927260717523 0.231587712525954
0.0126529936244952 0.113713728951193 0.178100587531443 0.348675142997735 0.346857546895134
0.287650952681097 0.0821519568889114 0.0455502943207489 0.271697482401108 0.312949313708134
0.308765653488156 0.0765262973880415 0.322699651891831 0.0809807819044495 0.211027615327522
0.283704186305027 0.207381970859206 0.0307337095646156 0.288926803688034 0.189253329583117
0.160417188867349 0.145034315651146 0.131983427253473 0.245312228553011 0.317252839675021
0.113803705870763 0.232012652475367 0.262656335513706 0.25647180747969 0.135055498660474
0.411714378218412 0.291706531961415 0.0204132167808936 0.0654136131797133 0.210752259859566
0.444629382434 0.015300287927148 0.207174166133665 0.20311811193845 0.129778051566736
0.521791926681851 0.0577869159060867 0.161531226305088 0.21958976875272 0.0393001623542546
0.297553191819423 0.113936612241687 0.0174037447211258 0.150513353433212 0.420593097784552
0.0809624677476754 0.242316711769074 0.212517449434286 0.014273116726534 0.44993025432243
0.268062693847116 0.0015418715904797 0.149268416175051 0.462768488442361 0.118358529944993
0.132546238847421 0.184576505112556 0.228987702804173 0.243368364638953 0.210521188596898
0.0352079994418937 0.311808444326248 0.306286545332652 0.302946690791323 0.0437503201078832
0.237033169161205 0.0779749098595309 0.2944836771501 0.0239884660595766 0.366519777769588
0.272663484688429 0.312959075695728 0.168175438230275 0.155641418865352 0.090560582520216
0.330964220650826 0.0968372385110652 0.344478712467709 0.0584965230064634 0.169223305363936
0.125877141639604 0.175608577759699 0.152167771708741 0.405404146221674 0.140942362670282
0.124717151750773 0.0626202783462041 0.368958336204684 0.417375198035516 0.0263290356628236
0.0397984705514088 0.358367902159286 0.141701707018928 0.253909762858576 0.206222157411801
0.33051927405964 0.122219644876725 0.182850060918838 0.27050734505916 0.0939036750856379
0.38329200293409 0.301079386072202 0.00163921293209261 0.156350276257353 0.157639121804262
0.202447524544187 0.202410289004432 0.180565041571206 0.281994894021487 0.132582250858688
0.303855442066147 0.146406134137138 0.150949774931185 0.227843206170239 0.170945442695292
0.288016958976169 0.181923570592048 0.304665046623386 0.123364170449818 0.102030253358579
0.376442807301239 0.089318698036783 0.0501864116553465 0.13364992720678 0.350402155799852
0.414172734073119 0.0682825168097624 0.141431036840381 0.338194222438833 0.0379194898379041
0.292781217929363 0.160688312658629 0.105763048156304 0.125930428943212 0.314836992312492
0.019788632991265 0.265681892484779 0.115900096029149 0.196492639510475 0.402136738984333
0.209714098494532 0.165277758010464 0.150715159918964 0.448950135732849 0.0253428478431924
0.158432030770332 0.297008129791523 0.0460337503757382 0.188707756361596 0.309818332700811
0.256367427535107 0.0148415266076697 0.0122005912004669 0.285661320962907 0.43092913369385
0.107676821915235 0.253646450264585 0.142363830006546 0.251379225918916 0.244933671894719
0.272548778462364 0.0574374087766324 0.161024866182006 0.160211252701395 0.348777693877603
0.226018027205966 0.210386826054864 0.00690748628598941 0.377338249267719 0.179349411185461
0.186174302618362 0.21936481536806 0.0972744718152627 0.238778481646988 0.258407928551327
0.226739199061055 0.242733873137411 0.200686150233125 0.19587930226426 0.133961475304149
0.354151147446058 0.10427766655566 0.29412888033769 0.116352805364536 0.131089500296056
0.201464601903799 0.0376217681485175 0.212497853016421 0.250267346351017 0.298148430580245
0.190636659896163 0.0942390310269227 0.239630792037525 0.254953740175937 0.220539776863452
0.352145645239773 0.212463820841366 0.33426419840306 0.0480723094099199 0.0530540261058804
0.451220754712763 0.289245799487296 0.0652386067714033 0.165942909433183 0.0283519295953544
0.111296996359251 0.276962363547112 0.0954487242419198 0.254276714457223 0.262015201394494
0.288712973147681 0.361308255238844 0.00993943541944761 0.130754553935428 0.2092847822586
0.131518492040785 0.316065401301795 0.218747911596239 0.0203800805726224 0.313288114488558
0.289189559896665 0.285017001439473 0.252214276054786 0.101191019428242 0.0723881431808338
0.172959117068707 0.10320775726666 0.0373788690047775 0.243196524534374 0.443257732125482
0.185734189036293 0.244569779835465 0.00995176401972721 0.472504793370826 0.0872394737376889
0.24458611002679 0.172272926316632 0.146078010865858 0.109512947069177 0.327550005721543
0.0809368144840138 0.0659431052295475 0.363809316048923 0.278920178052215 0.210390586185301
0.267034172656084 0.0198734977544822 0.280038064262738 0.300425080647183 0.132629184679513
0.0972628022001372 0.0123521251805368 0.253777549873659 0.0478970643742562 0.588710458371411
0.0714644064757334 0.313503760318592 0.0624883998323991 0.273112136597612 0.279431296775663
0.492263420705007 0.0164319665951445 0.0187136456421631 0.1794815774072 0.293109389650486
0.046419572453735 0.113088898718915 0.278493939016433 0.23439002249007 0.327607567320847
0.22004804110698 0.171436028912037 0.105816277390415 0.219391905285011 0.283307747305557
0.208872640710637 0.323290552342976 0.297240208734413 0.0953843813001959 0.075212216911777
0.00325591686480733 0.505261176993592 0.255780518587615 0.142232342855482 0.0934700446985041
0.13853252251105 0.160935384117011 0.382125037177299 0.267413856653201 0.0509931995414397
0.371896020180042 0.180548196036498 0.101220888494293 0.140165579584116 0.206169315705051
0.352422496891141 0.258419526008991 0.263638522964959 0.0735175435946311 0.0520019105402778
0.0645315686458958 0.416616142215871 0.113955584520146 0.0857924550056627 0.319104249612425
0.397033977180212 0.0375330928561088 0.0733264033552957 0.214266239427478 0.277840287180905
0.152490211035827 0.0242917483211402 0.128982576484082 0.377869441763356 0.316366022395595
0.355026406903044 0.210321777268081 0.101741440542506 0.0126091300987583 0.32030124518761
0.135798081269236 0.305037321586041 0.28707711383508 0.143136449134454 0.128951034175189
0.22255797364675 0.409515779946128 0.23772845068556 0.0383276907004895 0.0918701050210729
0.231985265197596 0.292649590873624 0.303814717262509 0.0631816163816503 0.10836881028462
0.205829187522799 0.0229906738673987 0.316086091600576 0.151064434519395 0.30402961248983
0.124568729144649 0.265306122434181 0.163938182048284 0.0820747606440212 0.364112205728865
0.357179984401617 0.267267914120826 0.12817578922795 0.172040053202269 0.0753362590473383
0.0200623161056434 0.126061920249605 0.31699528339177 0.263306554755405 0.273573925497576
0.162678239889993 0.262292438086012 0.146021197171356 0.224291872629648 0.204716252222991
