0.127589337760865 0.0480608749634313 0.154381560278992 0.161628773661235 0.142280556920477 0.12820993705349 0.0327368635293355 0.205112095832175
0.0969557408974654 0.234065109442462 0.226128409393847 0.103045062334896 0.133593896744739 0.0700786740195144 0.0500588554604149 0.0860742517066612
0.0712637640203088 0.183557274459592 0.221205116684454 0.109930262842439 0.103651355682545 0.0324942921763054 0.204084287996279 0.0738136461380768
0.154065926811422 0.0962353390209033 0.215994939836321 0.139426705635585 0.00915247542808374 0.160386374441652 0.127760872209503 0.09697736661653
0.139203169859171 0.272592971306328 0.0490043131223504 0.146194745728661 0.0704540113603563 0.0817674040605877 0.226698084558091 0.014085300004456
0.0363492282331155 0.0529633800162899 0.149041521472015 0.0991791741968111 0.152140510576231 0.113387600666172 0.154213324080443 0.242725260758921
0.144037471748588 0.124891361731187 0.140025169340772 0.100795614083343 0.147063150978643 0.135026936755573 0.0958959148746898 0.112264380487204
0.228978088723058 0.149037842550997 0.0715780352047255 0.116058973122407 0.013785994380058 0.10027074669312 0.233927186440167 0.086363132885468
0.201891578168025 0.230350796960978 0.0344591145058251 0.224121231538832 0.0297983241702857 0.0653355874317487 0.208779534958375 0.00526383226593028
0.159941446977919 0.142411202068577 0.181125927447288 0.0414935241810003 0.0906951042819806 0.0911526746089758 0.0702420532755854 0.222938067158674
0.322309467005156 0.0170359400253665 0.168742423368671 0.186753162474985 0.0462279854580098 0.0880968838477629 0.0659248298427968 0.104909307977252
0.273364301195433 0.097639039384426 0.114724204395581 0.0211337775041541 0.188260326325238 0.0149829771873473 0.152341229901749 0.137554144106071
0.203012355846018 0.0200612023810747 0.140416612265297 0.0759347090880954 0.101604904493028 0.19030057389089 0.0530222722762692 0.215647369759328
0.0446820636234737 0.246755869648747 0.0194630534699428 0.25695154629924 0.0506932249474342 0.0889094252851246 0.199160190048656 0.0933846266773818
0.184756948309873 0.128034442166598 0.121983953431683 0.0644525102849863 0.0766310852035679 0.180101029239638 0.0263197927988439 0.21772023856481
0.037480697222042 0.156751973560039 0.177101766545143 0.236553879344174 0.0988634522273788 0.0849310852919232 0.0521745486620634 0.156142597147237
0.140490397776267 0.0495075571783977 0.168687262559455 0.240689863018778 0.0793677933232578 0.13996131976699 0.145342982423428 0.0359528239534264
0.101622533686419 0.118699591370546 0.165734670452442 0.0275954253605275 0.194983454348444 0.159380689336456 0.175640844229057 0.0563427912161084
0.269789134565509 0.229276098688332 0.0236840494509928 0.264054639281216 0.0399315612382192 0.0594302046984466 0.00588632433786602 0.107947987739419
0.233100779226199 0.00603532303628842 0.112749467418358 0.250742753102165 0.172900234032346 0.0543110837743797 0.0415386899498932 0.128621669460371
0.0711532925126841 0.189473052473496 0.185890720242324 0.00590556222831467 0.158956437965499 0.152290059605243 0.0786345291187224 0.157696345853716
0.0826509052609123 0.18910764416362 0.126399992645924 0.0101050234473963 0.103881854519088 0.125393894941988 0.235459971725917 0.127000713295155
0.079531100161289 0.20326636301368 0.216522273676683 0.175136221361951 0.0826147451260924 0.172166955843428 0.0282174264959872 0.0425449143208895
0.180067353926702 0.117677831974349 0.0634724161479923 0.0407665652312714 0.107953346567297 0.156741517192588 0.139862429750217 0.193458539209584
0.0380212943186706 0.112269916388892 0.039998759277581 0.192077925578831 0.251519091230371 0.171632370287878 0.166536946063955 0.0279436968538217
0.199475667070649 0.0354061877969304 0.171591876596703 0.13306308540268 0.190442475792831 0.0263411369020154 0.163964421919793 0.0797151485183977
0.0935628412971436 0.207937403010824 0.20986745318376 0.0847234851278573 0.199237118518097 0.0482559185236782 0.0802105318013634 0.0762052485372766
0.188009234305995 0.0724370774301932 0.0627264830229796 0.151963852795994 0.032364072041605 0.180128390030792 0.126700108669843 0.185670781702598
0.0480531457269744 0.163425281266951 0.11072242266329 0.198568549309839 0.0732859940713134 0.198919524022696 0.166341305876306 0.0406837770626291
0.0501398297033123 0.118055800245407 0.138986506080888 0.114032980911365 0.0850463525574816 0.186034554106024 0.144089220108307 0.163614756287216
0.145737024882887 0.0953388720613346 0.0921889085484291 0.181002649887348 0.118535922709124 0.0466642097406262 0.111280853805574 0.209251558364677
0.106405370324132 0.123079716073211 0.110580536128491 0.184158421382508 0.17226349354589 0.127036074273279 0.05006259893099 0.126413789341499
0.229957120363628 0.0191835883876824 0.225300889219974 0.0977280599327716 0.102435142214764 0.22105620786013 0.015399714817947 0.0889392772031043
0.0330121722113238 0.218229500644557 0.0881575178051094 0.0538288179839928 0.177430714626143 0.0888595336012379 0.236819769134678 0.103661973992958
0.0543348722343483 0.112594587252935 0.23208654114732 0.208748354186382 0.00463359156492261 0.124562590097266 0.0742773065598278 0.188762156956998
0.188081381150955 0.0481647359149508 0.174961364388058 0.00338758963775397 0.237786499063254 0.138387623329904 0.0814947813808218 0.127736025134302
0.0715495287376281 0.103874509766655 0.169260206334636 0.221839648108639 0.0563014456130253 0.0831728976841732 0.0798154377390727 0.214186326016171
0.070265203234202 0.0358341822416619 0.112733017190779 0.258271894771057 0.273573776022737 0.0167924172188605 0.0185133288926252 0.214016180428078
0.00413543573036515 0.120173007022645 0.174848154607333 0.144859495984741 0.17520010904421 0.148159869547023 0.188401867923315 0.0442220601403676
0.0437233124606704 0.112581303223057 0.104439370877345 0.224998976566085 0.156467458047646 0.18638501065923 0.162050068631216 0.00935449953475022
0.138415049177631 0.200952578070304 0.183958422497575 0.115103021088833 0.0165679425575362 0.07330517465851 0.0215400902123535 0.250157721737257
0.222028850330926 0.161286265259579 0.135169847404526 0.0651207748569188 0.192220156816539 0.00077521815016041 0.0205617829697524 0.202837104211599
0.17141337922846 0.0598447941280312 0.00653602255084286 0.11457096854915 0.198411648258696 0.149876050289294 0.13214596847031 0.167201168525215
0.104630387457979 0.210260221146751 0.0681778799233072 0.0208589322215859 0.226463904269829 0.00977199946646811 0.136469191191603 0.223367484322478
0.103431821043953 0.0830962320762027 0.0131507719240453 0.0696526466395645 0.0816706642558866 0.0647853935375102 0.196507808427373 0.387704662095464
0.0355489206669295 0.23910401917183 0.101423896867362 0.166866796916687 0.0626082894005443 0.168561108417814 0.168933760843186 0.0569532077156469
0.18860752889451 0.0381910553816096 0.0713003586038157 0.0146804911553909 0.117269465992771 0.195884342360761 0.163086654346923 0.210980103264219
0.208650683836816 0.0789884246417704 0.00256334084028611 0.0474742216509071 0.135817314103041 0.178078324674937 0.150233220840249 0.198194469411994
0.137925893682205 0.141937122860049 0.105275459200172 0.0722630793155957 0.0934774857104178 0.18030506050605 0.0986957541096793 0.17012014461583
0.0837977119151968 0.0566261345700165 0.0465670503199502 0.181620834637971 0.204616055142644 0.115369659961868 0.100241757659005 0.211160795793348
0.0709643708308612 0.040242244246958 0.0514877789059674 0.212380219789175 0.0235070859576303 0.293391816919467 0.119322666068117 0.188703817281825
0.268082536880232 0.00633241948269849 0.079996398610466 0.231120020513887 0.175059437905955 0.142387328872335 0.0250599419903644 0.0719619157440628
0.194962871035063 0.16052363147658 0.23366812938125 0.0110041180966987 0.176976012449519 0.0700794820959984 0.0927658791600641 0.0600198763048279
0.153162980111362 0.0622303790169246 0.143476874598054 0.0187763687862816 0.163759271065853 0.145545225907813 0.153555086818348 0.159493813695363
0.120862627647839 0.127269594750447 0.050867498870212 0.158477509659222 0.0331254258311743 0.188710376024611 0.11675718273699 0.203929784479505
0.107326101406822 0.06408985433716 0.103792562397775 0.127529343441946 0.120843623939739 0.139921175482388 0.193887013949232 0.142610325044938
0.132446274615348 0.159743135837225 0.109419863455514 0.0588165265433404 0.110432945320971 0.106297330766451 0.164386247005709 0.158457676455442
0.0528930406716603 0.275324789928782 0.0341111263119433 0.0945297496139395 0.129440233472016 0.196337465120725 0.170861430437253 0.0465021644436802
0.10103251821182 0.17712856671109 0.127636536421924 0.0262366096721838 0.0890184145647723 0.137074605050145 0.165021728595163 0.176851020772902
0.245614450532632 0.0628695257810542 0.0350145240258162 0.239307161499941 0.0603911429376578 0.00899932697368018 0.113254562253544 0.234549305995674
0.00679059782367435 0.110872133573487 0.0828376922924254 0.174053453744016 0.191217127455782 0.201426045268201 0.0772608596529715 0.155542090189443
0.0306834667692998 0.106734337292069 0.196789522251351 0.19684962379053 0.105361340396373 0.241569174778266 0.090356989177649 0.0316555455444635
0.0910487127150986 0.124034043092544 0.0371138323400539 0.161304721884845 0.19525721631085 0.173135536336599 0.0512593667748742 0.166846570545136
0.12084309680897 0.143289505374471 0.165883117278714 0.10259268969174 0.099752549460226 0.0615595814421576 0.185709560042321 0.120369899901402
0.167426676489645 0.0791048659143098 0.203719530434577 0.169280526295606 0.0932002261436485 0.053448218298678 0.218453051948627 0.0153669044749085
0.124870711842879 0.103920400210786 0.0463270145060463 0.188060681191609 0.0344641197429161 0.23970827262235 0.0923645699967853 0.170284229886628
0.102667392146522 0.0989957597195317 0.121201925533266 0.283352428057006 0.0160398123701009 0.0880977177234461 0.0357718930739662 0.253873071376161
0.335492751284807 0.210334998175145 0.0187094426332529 0.248785337872479 0.0205290615987721 0.0270018066403977 0.0513411883804312 0.0878054134147148
0.103560928435206 0.172311013068377 0.178811027736305 0.0391593153770659 0.161281599687294 0.167410691121396 0.0280186514077866 0.149446773166571
0.210460154004265 0.213512469621058 0.023386126980543 0.0295410071512213 0.237509965452202 0.150168099490626 0.0496334414772635 0.0857887358228216
0.124921595736879 0.19673666868868 0.0941054741839352 0.103775909191257 0.0259995173583293 0.262355127944394 0.17388231457979 0.0182233923167362
0.000722852584926439 0.167190416327434 0.196842398063734 0.0417367522349112 0.100560925591923 0.0455091891552134 0.249371184029286 0.198066282012571
0.185126053233213 0.166031196296314 0.155687219071011 0.122050108783569 3.85971938791135e-05 0.179441291632288 0.0922809120337239 0.0993446217560009
0.145050286020532 0.0946497357668126 0.0568104972250837 0.192809076051482 0.20093891777923 0.0430038082948706 0.135497670180984 0.131240008681005
0.122906235673719 0.198540469413849 0.0403577420661734 0.139006174537656 0.104548212278794 0.218764368326887 0.173520202482599 0.00235659522032253
0.0764589637315486 0.193518706658598 0.0395644950856842 0.227431839187527 0.0750331621542576 0.150131571891747 0.16874386452559 0.0691173967650484
0.260358839207815 0.156472385798252 0.126229146803282 0.0616366753738115 0.0325874235186307 0.151331793370601 0.195077300169785 0.0163064357578226
0.0176661993042166 0.0210006441278024 0.176168361862483 0.237291829415604 0.168064094104489 0.116924236674511 0.0454205105828105 0.217464123928083
0.164347386480436 0.0866707650500634 0.133633346567723 0.143135846910972 0.147342118622836 0.0964005306697159 0.0616861164716872 0.166783889226567
0.208936922348595 0.188867905237082 0.105649663732706 0.0891887439020547 0.109984895965537 0.113669502936555 0.0889667329412185 0.0947356329362526
0.0946483005213214 0.00951487433299817 0.308585057058852 0.182253235476453 0.0535735279349188 0.0748504891152205 0.177633713340284 0.0989408022199521
0.191507656998746 0.245188817567503 0.096103984515347 0.0179387742976346 0.0870491592559453 0.084860787062917 0.202930066992356 0.0744207533095511
0.175310149241829 0.168889946166505 0.122149220768452 0.155230156304917 0.189782376370349 0.103144321779482 0.0693809340068315 0.0161128953616342
0.14120404021852 0.0354266310204112 0.139888731692845 0.0797720153825564 0.00993647992494702 0.243078375769865 0.215660777753959 0.135032948236897
0.155625097300096 0.123423510670231 0.142631364952278 0.204081044567127 0.063991073999479 0.192527829170851 0.0773669851898139 0.040353094150124
0.10389147168273 0.149367872511073 0.0693067808845093 0.119537177551367 0.196050867579559 0.202128654137118 0.0186052266208043 0.14111194903284
0.218668308402599 0.132824794109618 0.159429167653628 0.071833918433748 0.146135202518609 0.0173384498882138 0.237913377746694 0.0158567812468905
0.150191205146205 0.170864013143824 0.175496308496119 0.0825199768873477 0.271946982343378 0.0114740405102552 0.00694548291353255 0.130561990559339
0.0112880630937612 0.172251585691022 0.173948854192297 0.186057101320746 0.0251305599293778 0.0755329689259372 0.174154917362615 0.181635949484243
0.195480115224849 0.0850083268258573 0.12240488636228 0.212959342287254 0.110377011728951 0.0720036019229451 0.0440341469119117 0.157732568735951
0.189287090392818 0.0852106011919993 0.137771415986955 0.0669904140659638 0.191318714315818 0.135335248379089 0.0536980564057327 0.140388459261624
0.0807793822104501 0.23575807922024 0.213028485121291 0.0171942090145685 0.0309506014848875 0.0721804851520868 0.257236145664791 0.0928726121316852
0.255955203163658 0.168928466076482 0.00353948554854747 0.068579851357662 0.0948154622521756 0.220308230973937 0.12742746963061 0.0604458309969266
0.124529326597289 0.0369310340998833 0.0553542344057491 0.0217609723758657 0.140988816008997 0.222698420699476 0.257823712782345 0.139913483030395
0.000666168834239683 0.182503697681293 0.0776346825602138 0.341674187243799 0.207076626117732 0.0716313155864435 0.0919365429358302 0.0268767790404487
0.0789069444477464 0.151321250021113 0.10049630126902 0.0730282581550662 0.231791702859407 0.152436056657616 0.00598873188556151 0.206030754704469
0.155633219707032 0.141934104383546 0.178767718591066 0.164346638424483 0.0145126702277077 0.116991620682414 0.0935633394928487 0.134250688490902
0.0561720611327828 0.176548434202633 0.075356944612349 0.0990036389313797 0.161730607015464 0.118984073809035 0.0976732323971468 0.21453100789921
0.102430666487545 0.134185730061108 0.0560212863572219 0.09475729917497 0.0416991010024096 0.0161455151262481 0.3084976243906 0.246262777399897
0.0878803126307355 0.216754390526567 0.194867247837782 0.0143789647081217 0.0872460135031879 0.0694880999409635 0.112257240032674 0.217127730819968
0.171728552061851 0.166225897361271 0.0959469559315285 0.137612326240755 0.132006560464649 0.0744729432860454 0.0752880221458465 0.146718742508054
0.214196013672648 0.0855392781319105 0.140406136102695 0.0410612779468603 0.174211376121141 0.202217207569347 0.0816783180736576 0.0606903923817402
0.205970092989543 0.0128679005462113 0.16752603208108 0.128965996726743 0.161568538279183 0.110681064882736 0.0574732518604805 0.154947122634023
0.18551746973865 0.109580062816829 0.16447328541482 0.181204617041684 0.196005336702496 0.0705960007556067 0.0321393359725452 0.0604838915573691
0.104399168836021 0.193206627418925 0.0662979659521752 0.0460551976274239 0.0772945416987546 0.212576121861995 0.1772831518094 0.122887224795305
0.0709020621883705 0.0233475543946343 0.0989895932304123 0.00226162904128712 0.0413640303789576 0.24050416163432 0.331150759236566 0.191480209895452
0.176436551548774 0.173053233821246 0.137631334041819 0.116040130895806 0.196268391452246 0.0578002132237641 0.115296074882868 0.0274740701334768
0.00770654018612044 0.204224915085457 0.275372528877703 0.029095017976682 0.0253668196139192 0.158458917612064 0.154146455124246 0.145628805523808
0.182842384186054 0.0238021519801814 0.195293989396113 0.167553021434254 0.19629304718751 0.179714871568997 0.0469648328983728 0.00753570134851796
0.0596574930898077 0.190426618241091 0.0297898334250555 0.165627857960319 0.361517346694431 0.0493294119274795 0.0250430895646466 0.11860834909717
0.044736339034093 0.217803566003448 0.181109579717276 0.0172427992908007 0.204676853539849 0.0974189605817273 0.137091287176987 0.099920614655819
0.0578697536593876 0.140480753816413 0.148539651289609 0.0843735650525172 0.094729058895382 0.162321613988781 0.161347767669727 0.150337835628183
0.21391548604669 0.00392510411671254 0.0808120107004459 0.235985692263076 0.104157334375843 0.144839185948038 0.0216287272920885 0.194736459257106
0.13068998562895 0.147441528694897 0.115942351744984 0.0895045080317953 0.0228290813818357 0.190375698472547 0.12333964741859 0.179877198626401
0.116110457415629 0.0550426744575624 0.0381627856686151 0.095472149699873 0.209224438112348 0.147031403113237 0.188743854274889 0.150212237257846
0.00716401590647949 0.14680392454724 0.082389883960332 0.136531768033949 0.211603782480346 0.162857600903978 0.211749183771677 0.0408998403959985
0.102172442968235 0.107527448994766 0.185984397878143 0.30648660257202 0.0104093845514956 0.0730434735543812 0.0436427962960008 0.170733453184958
0.148332803907424 0.159327350622 0.135126151905541 0.0821122754854029 0.0805675730936769 0.0997779148462364 0.0939160119547028 0.200839918185016
0.170440330459255 0.192376550093488 0.089190004751707 0.108173629014676 0.137837364067875 0.129236087238652 0.107551224857024 0.0651948095173227
0.0803813549171611 0.20714163954961 0.123962785279383 0.106829218389602 0.0449582963853171 0.198528591431341 0.146157441999866 0.0920406720477195
0.0365892679034683 0.0634968445446544 0.0758950880197861 0.0426082583110043 0.0183719887987291 0.281058819503574 0.258910204318134 0.22306952860065
0.162105084676757 0.101958901684721 0.136951206475085 0.146410400400848 0.12714594703106 0.104894317116626 0.0560612119412142 0.164472930673689
0.0848159252246112 0.0428604854543025 0.238606401913798 0.0252724229755973 0.131523861360782 0.165490031736508 0.0661766497451191 0.245254221589282
0.217709361179607 0.106295712640611 0.14922172796586 0.0504017175928665 0.200771285482908 0.0512403710895862 0.109738385562039 0.114621438486521
0.194186686736784 0.196222642795909 0.033488581531146 0.148414598627785 0.154295382939285 0.00176377877968517 0.144985635186352 0.126642693403052
0.0631521987112817 0.0510918855264114 0.167917670017872 0.196979941963578 0.000267222457357075 0.0878323429076893 0.231806273434274 0.200952464981536
0.246170043525871 0.117626460079773 0.224021974411278 0.0444337749893856 0.0362468379826264 0.299581112807314 0.0032500384266996 0.0286697577770528
0.0397810405104889 0.183717034712058 0.0899803658330783 0.0484606678234831 0.0423097814348139 0.14834202568495 0.272320957759189 0.175088126241938
0.0738644601375057 0.219219609412735 0.107640205646857 0.179815034858397 0.0139162818217339 0.239610767253093 0.132052041242714 0.0338815996269641
0.17969293468091 0.034608730118482 0.0601811315300178 0.0282723931260874 0.207922876304052 0.0259658090739186 0.237567460292983 0.225788664873549
0.173842757259894 0.176289755814834 0.133782431098817 0.160262178396792 0.108239989913162 0.0303005271832957 0.0895651314092609 0.127717228923944
0.0505985111469859 0.2123895249914 0.125359999336851 0.120309988059697 0.113197315826918 0.174523782347714 0.192138050416995 0.0114828278734381
0.152188247160727 0.152746907755087 0.105382706932793 0.117246908924199 0.196608600012477 0.0687134111420835 0.113261924506901 0.0938512935657326
0.202925789021282 0.201275492729321 0.160001601753762 0.108226818128095 0.0781957442935585 0.176910915219554 0.0361103892771193 0.0363532495773077
0.181643223849502 0.215604802217536 0.160052813831921 0.0213894316805612 0.0610160490631297 0.0679485511443624 0.0941724888200972 0.198172639392891
0.174383160557812 0.0712698160652805 0.127337992137279 0.0212144149759778 0.137045359917727 0.203996700346569 0.0689388211997377 0.195813734799618
0.0888117034926856 0.125540010075045 0.198002136794299 0.132935277098508 0.0393006784605863 0.182978462130063 0.0490021186198642 0.183429613328949
0.00784853842694846 0.197160746641557 0.198616722432886 0.115986429040276 0.114232095994499 0.210890756033325 0.153661937097089 0.00160277433341947
0.125114768066749 0.148880161868688 0.134161589601799 0.0612977507954629 0.12509890992847 0.12406541885708 0.096567611071834 0.184813789809919
0.153472795401068 0.0148529436053248 0.224483615243977 0.0598016313094158 0.195455708363861 0.2338553968178 0.0501056304150767 0.0679722788434768
0.228562640604624 0.0683799708670186 0.0449136575311429 0.125912372381813 0.0868765552489672 0.0779660629517059 0.179652362322098 0.18773637809263
0.00440151279616321 0.0829608324378871 0.17109496394229 0.193789118245124 0.146662311024432 0.186721231433958 0.0513699066895071 0.163000123430638
0.00578714333517664 0.278072810165205 0.140907906003145 0.157764170039308 0.0443045913854941 0.220006001799669 0.039178264242482 0.113979113029519
0.0318431219155904 0.337170130375368 0.0597832210260149 0.162866331076888 0.071419501393149 0.200709810205978 0.0727589396057194 0.0634489444012924
0.150089200844302 0.0635361163149902 0.0629795557945671 0.159739941629071 0.19195887837323 0.09821307510102 0.227841198157634 0.0456420337851859
0.224740393785214 0.0238472113262167 0.156301506979308 0.102447495723338 0.188193020630654 0.00189025010587599 0.236494681420693 0.0660854400287002
0.0233100662578634 0.0602111837475641 0.223682927012774 0.0959697579169532 0.126095906826515 0.195045136365572 0.238322998458985 0.0373620234137736
0.0738097937407444 0.159525319838227 0.186321002471392 0.133245674315957 0.17381867987191 0.0252815793328802 0.068634142565487 0.179363807863402
0.171539166145936 0.0304747645521399 0.218495962946315 0.0149089081811096 0.209633964021577 0.0442319651250034 0.228464342131692 0.0822509268962276
0.224107946116105 0.0381102147302552 0.00786256705927879 0.225865186330845 0.151693219673596 0.000278484302537951 0.155317521728024 0.196764860059358
0.0516512222001521 0.191108487207062 0.0586305776418193 0.094209789989248 0.150207772848653 0.204870946400452 0.203124687690222 0.0461965160223914
0.1667484785462 0.115640222214053 0.167328746095458 0.0896672863287823 0.182395930419522 0.141397232876493 0.121358670966341 0.0154634325531513
0.125047681017052 0.0998811304592812 0.249186966820686 0.0105998952162145 0.0268973584786698 0.105471027295139 0.101397157191861 0.281518783521097
0.2065650822619 0.160397215135021 0.113094481802374 0.202234285518856 0.0565683401299062 0.0403739496375154 0.0758676901185323 0.144898955395895
0.0741862820982892 0.00125851827050236 0.188278819696197 0.176297783933599 0.0669558842872287 0.22514523344815 0.212103024192201 0.0557744540738323
0.122534059514349 0.180552575460129 0.122258874279314 0.182502748727747 0.150391220132352 0.0879879044012053 0.0727853148922279 0.0809873025926767
0.211963564957571 0.0730531575406044 0.160363562930201 0.087274333317106 0.226236087982966 0.0118442159818718 0.0768671592358795 0.152397918053801
0.143973551191145 0.0533000674455411 0.0816354096660598 0.291745301649265 0.160745038816045 0.172431625741626 0.0204017311154441 0.0757672743748746
0.263811227711051 0.0977161134683419 0.191467294860194 0.074726700468483 0.0923573721798994 0.106694637357153 0.0392904500871136 0.133936203867764
0.236344218517921 0.189616819856685 0.246195654278886 0.0513217512542694 0.0127039021105168 0.0327907159774618 0.17272279959036 0.0583041384139002
0.137940326678566 0.181970408738426 0.00238442407157608 0.0172369096249309 0.187962065325419 0.192233297846667 0.143343645847981 0.136928921866433
0.144827864824748 0.103627795135929 0.153101163203797 0.258144490156306 0.0368287459681858 0.11536469926873 0.0307626384427643 0.157342602999539
0.14000413871931 0.197518299439066 0.0587796849841495 0.0663199926224066 0.198547282660659 0.074257760453674 0.140358559921279 0.124214281199455
0.116399659042797 0.10061770959225 0.0443435211223004 0.205671525179107 0.153198569262421 0.0474762961341156 0.172715555442966 0.159577164224043
0.0519228849553715 0.124461851029169 0.146108530764701 0.0496464411773046 0.157161561888506 0.250091827094708 0.182771827072163 0.0378350760180764
0.0425044837042282 0.0623416820254255 0.242693119835004 0.130592069973594 0.0238245951194027 0.176131393057282 0.308699176232688 0.0132134800523749
0.113728215275008 0.0252393067824784 0.0541766355121443 0.18804426435011 0.0818584407174323 0.0954052015834186 0.210914389423046 0.230633546356363
0.0184432051762734 0.0572490451773693 0.15079105224495 0.224989218484159 0.223393406688436 0.152497277838043 0.00187752841218915 0.170759265978579
0.161028845121549 0.0773188944639 0.0457746853353516 0.0498629379532284 0.164058290674825 0.167104982952257 0.148843219111339 0.186008144387551
0.176858001785599 0.165170524797162 0.0222154830034997 0.124150922952834 0.127424259625394 0.152121867646978 0.0809891212128942 0.151069818975639
0.218539174896786 0.167618263595675 0.0119160516928542 0.171453560085235 0.100939434521879 0.123962062730598 0.10077838795447 0.104793064522503
0.0279747547114846 0.124831932213581 0.130661431133905 0.195053477212087 0.129549624752578 0.1368510843244 0.201995232359305 0.0530824632926603
0.182185644331593 0.041656280227124 0.00509161357253666 0.264829182574862 0.161443567504797 0.0764207970235978 0.190448082426257 0.077924832339233
0.184507762260571 0.143086484502589 0.207282082167473 0.211000706964249 0.0142558482916472 0.0679261520965034 0.0295829071447512 0.142358056572216
0.0616406406220546 0.0694668859325923 0.122847356190127 0.173496593094589 0.273202900748104 0.0282471985801403 0.0156527831473965 0.255445641684996
0.27832694440104 0.120883985772901 0.190509049401842 0.14696594742601 0.094589057435058 0.0687153184896308 0.0638172560587518 0.0361924410147661
0.0990135266341359 0.145471228785932 0.0767858113705746 0.139188347968885 0.232450175444703 0.105690118465706 0.171530435008979 0.0298703563210834
0.267456965217913 0.250004604142239 0.164781719455227 0.118414841620206 0.116635790327374 0.0355580384581606 0.0241340535457127 0.023013987233168
0.0122929015298468 0.0170812063844585 0.032138423408911 0.144129341621791 0.193599404731653 0.260650777234027 0.143866133488215 0.196241811601097
0.0111294976559174 0.178265182618748 0.0958963929753427 0.170645191040174 0.124531148437689 0.123184034735795 0.115745844421703 0.180602708114631
0.253654625767708 0.0841042091320522 0.0536425561969849 0.104404868239404 0.00972655848128205 0.100109234904949 0.153125439537142 0.241232507740478
0.156576861423409 0.106509340665187 0.0622850895893488 0.113029704506272 0.190002049099488 0.109454078702061 0.199424479122516 0.0627183968917182
0.149071061820858 0.00692298381191742 0.115914771868371 0.10297680497793 0.163807203848762 0.182791371919111 0.128940097932195 0.149575703820856
0.0646713308382281 0.202878204388264 0.110562119502999 0.200713962462533 0.0520908225297867 0.114679761241351 0.0349112445428784 0.219492554493959
0.156865276226222 0.0847190877861597 0.259131420750647 0.214687980817104 0.0176270528426321 0.0732264969748467 0.118850550167168 0.0748921344352212
0.0508378881637383 0.106307484664781 0.137201359977155 0.182530554095968 0.135759666987775 0.189379159693043 0.125549485784865 0.0724344006326746
0.15771136258784 0.19074284332859 0.11311558883323 0.0427547032735486 0.0852613355290351 0.140269108266719 0.088964852687944 0.181180205493093
0.214491974413942 0.116486739550808 0.0011581277013068 0.176982212579693 0.0369407535265097 0.064748215487919 0.119920278472353 0.269271698267469
0.0570752234302238 0.0839843814734721 0.154394130242701 0.0730412781047845 0.1158292050618 0.232875101215092 0.0370564839214833 0.245744196550443
0.139504315975624 0.106145117101134 0.196803909821925 0.0432228945419256 0.134613306260136 0.225505707738851 0.131936113104457 0.0222686354559477
0.0117554897652469 0.0586826190703715 0.0170994857199582 0.262601790422046 0.117892170655953 0.209454481933322 0.206982072311334 0.115531890121768
0.152504922524431 0.202912262028153 0.0372878106822519 0.00552936835787951 0.127833936022084 0.177805262972678 0.113060533034154 0.183065904378368
0.00616060871568482 0.318025374425354 0.155269121085783 0.00336316352010567 0.0808660044070473 0.268349467778629 0.143844889006849 0.024121371060547
0.0419054724495528 0.0664691185495132 0.195659549028834 0.272030789966208 0.175190031201652 0.113701850657151 0.0878795025330015 0.0471636856140874
0.148769079576116 0.168099874091815 0.0926050082740746 0.0352744833073509 0.174816979071869 0.147303845796287 0.108234487718849 0.124896242163639
0.141750634124051 0.150617973668189 0.142892413355954 0.167909239858285 0.134840715943212 0.0794498711243489 0.0843835219269633 0.0981556299989969
0.203670979196716 0.0183497516388816 0.101618859755297 0.0619847974707688 0.147746256208264 0.0901298704471416 0.171590619926886 0.204908865356045
0.17553690193011 0.160730638226369 0.178902310178199 0.105766846753607 0.150005722777438 0.0979037942572275 0.0306775286741742 0.100476257202876
0.186427549671433 0.165670419296683 0.0430733010435395 0.0862445196055571 0.197506512653524 0.181178052385045 0.059611202346816 0.0802884429974025
0.188913824823645 0.0694208906245479 0.124919069538185 0.176443013658418 0.134945982828544 0.0509000234483974 0.163946592262874 0.0905106028153871
0.158451518074405 0.140895663542672 0.132528161145138 0.00290754838601048 0.157612390635738 0.0191034881448828 0.197063692965067 0.191437537106086
0.0980707519578674 0.108340005340492 0.200116387958677 0.138633168320347 0.175557292399327 0.225105952468385 0.0220698488716937 0.0321065926832114
0.0817830894729851 0.0649614333901056 0.0939624281331611 0.144287680430573 0.172791217894032 0.197881446622411 0.0913520699039398 0.152980634152793
0.0592891954165932 0.171658120582121 0.180510147479591 0.213110302579915 0.0276370038550561 0.188295054607911 0.147830016536246 0.0116701589425674
0.210015568598226 0.0214618878432133 0.13905531796713 0.0842533690819384 0.121896203423892 0.309020411901878 0.0816951172663868 0.0326021239173362
0.163933373953413 0.187840968215961 0.0364516387446597 0.202174623431842 0.088787344290587 0.15704325671781 0.161381952346442 0.00238684229928507
0.102812367648651 0.0279871359776102 0.0603465819435151 0.219404734860963 0.176209404067051 0.234983690904365 0.154931575718692 0.0233245088791521
0.0706318420294754 0.154905785650155 0.062644166158336 0.215997163782585 0.25225673415192 0.108811948775853 0.0529871206596979 0.0817652387919779
0.100956894491588 0.016541839477672 0.339995965802023 0.0961394207470665 0.333654586812573 0.0336575480700795 0.0478837511493715 0.0311699934496275
0.162433322127114 0.158637570791367 0.175668572444754 0.108168616315356 0.152062728385946 0.0199915195601821 0.00364729757595043 0.219390372799332
0.279939311185844 0.261140719107246 0.106533208223014 0.0320864048145612 0.0557339486045304 0.183567765557921 0.0324237877539334 0.0485748547529496
0.0511241979129286 0.177442996002692 0.0400710371531654 0.12024440248427 0.0961442337900806 0.243593936902427 0.0533423816338378 0.218036814120598
0.0228025259294178 0.195261888432052 0.0410228749866033 0.0578502089766715 0.232292641406243 0.16606366273284 0.259270021940979 0.0254361755951939
0.059244677676462 0.178680421514457 0.0904147509545492 0.0349243146127582 0.291874009693739 0.0987843865991672 0.0274966341046711 0.218580804844196
0.0113429418507184 0.198450199333731 0.167083352058802 0.0226863767344189 0.126680464408524 0.160302386492175 0.190344983395997 0.123109295725634
0.162871549042793 0.177938700390855 0.014884379554394 0.184549144619094 0.0752876358231768 0.00584576186315516 0.168249941455308 0.210372887251224
0.0371118399298637 0.102809002827545 0.232603382443745 0.0613742065585461 0.089383096808608 0.258821024856171 0.117122855085706 0.100774591489816
0.180789684083582 0.165211536508308 0.138795058916156 0.0683612100435374 0.0254835467250557 0.14043749459159 0.0989855373909934 0.181935931740778
0.166743854088621 0.213006879499563 0.140523475195062 0.0260909194447339 0.0963673756150389 0.160777778404969 0.0695466602617928 0.126943057490219
0.0877235621003214 0.179517133687035 0.0442042610319026 0.0353683369873313 0.120311389770987 0.0502248313351961 0.197211505324979 0.285438979762248
0.0755560052449767 0.080808010932411 0.171756699546576 0.068607761625315 0.213123787153911 0.03586915986838 0.117321520728066 0.236957054900364
0.144786128406905 0.135775993472625 0.0190368247794173 0.172725188915694 0.0832209903963831 0.0170184411122438 0.16597961598772 0.261456816929012
0.0177971361189598 0.181961996806671 0.178405205244456 0.167145875816693 0.0693985402012808 0.100784967611961 0.107871748736903 0.176634529463075
0.0937612447089872 0.10986331625884 0.0323049820453773 0.157070675904026 0.167608013735476 0.0727693860035286 0.01105154484109 0.355570836502675
0.0706843492311726 0.0210342636247951 0.164676548071501 0.00868470250111756 0.167378941847749 0.175536383450909 0.148894115415739 0.243110695857017
0.204830305450984 0.169802497001533 0.0764605694112191 6.39643310068434e-05 0.00800710428558997 0.20710732827103 0.134767846468765 0.198960384779872
0.179112119981653 0.0190140742565364 0.0504736897513032 0.214641712973432 0.0991877765365594 0.0153164284434907 0.209913691896928 0.212340506160097
0.0911672291166822 0.163485017736294 0.203182363642891 0.16671600686539 0.198054969376112 0.0534191910688242 0.0421633428645416 0.0818118793292654
0.11977524925595 0.13464740643773 0.189518950473296 0.17516674191911 0.0314328978728214 0.169127693763945 0.158034871675509 0.0222961886016387
0.0151668763230908 0.192581857213805 0.196083392970985 0.19705332107751 0.0225383018403668 0.148868543645269 0.0542318209761437 0.17347588595283
0.109529726309809 0.283973474278843 0.0133295144665559 0.141580666706362 0.104281480582619 0.0273811498639737 0.0366268573097921 0.283297130482046
0.367436045755773 0.188969930333638 0.0812520074833436 0.0914876129712118 0.00680357294065437 0.0946191695462273 0.157864511004921 0.0115671499642305
0.057510993749826 0.23098729550016 0.21597688891805 0.13155015421369 0.171568099536556 0.131763299955047 0.0440223401670901 0.0166209279595806
0.136489628291732 0.104086693153646 0.380076003957254 0.0295120468190456 0.164225287419978 0.0328448328875836 0.081892574818704 0.070872932652056
0.194622904813608 0.211117454639812 0.1249423747822 0.0608033662325605 0.18995567613857 0.0330664735817182 0.0868276359898551 0.0986641138216768
0.0185869974820843 0.249043716714552 0.143794842999647 0.0569304343320174 0.251702440950646 0.0731857492497825 0.0974808140296109 0.109275004241659
0.189934547997309 0.178828962154224 0.171416291364569 0.00308567065461907 0.09743655481874 0.0800675617676219 0.0418384760865475 0.237391935156369
0.148811044601953 0.0984144850115801 0.0739549520996774 0.120443237571329 0.152002228218315 0.198326021813298 0.0462582402812641 0.161789790402583
0.175419961277567 0.110610935267478 0.207745982717214 0.202058845551695 0.0383484953844298 0.0935627019391729 0.00882743687089271 0.163425640991551
0.092459491489282 0.0688989655412701 0.0963485929782836 0.132138570601037 0.175195821530266 0.136252765318525 0.0978546499387516 0.200851142602586
0.099815057451862 0.145258488916164 0.0664841989516502 0.118022320192638 0.13991660559905 0.0872753970601979 0.196293897439259 0.146934034389178
0.0496949183453436 0.0417286670444737 0.0587326772212457 0.219336195189285 0.202575482584439 0.301962191077868 0.0452423861038242 0.0807274824335203
0.0349121100681963 0.194973240974906 0.163284150587922 0.100768812424354 0.0757939607378979 0.170032043727072 0.191385511797323 0.0688501696823294
0.108491883766576 0.134886621788474 0.0443085384034095 0.028083946312893 0.149084810019554 0.21093626684726 0.100240419960846 0.223967512900988
0.148707555480259 0.0618100714567351 0.0578157360545993 0.149367878573519 0.145287428647475 0.0928937948345431 0.168939742823791 0.175177792129078
0.174566091089216 0.0585521201791134 0.0286958360658853 0.161883232852263 0.204526842720329 0.101297129881034 0.188624906839318 0.0818538403728401
0.181947839010472 0.0426217494063185 0.116279630791563 0.0941697450458595 0.129586120936022 0.0513360668770855 0.193731319811824 0.190327528120857
0.139133437292644 0.109997798064443 0.219738317580037 0.0031231840193926 0.141302747279544 0.132028826797485 0.0318312015938956 0.222844487372559
0.149784926807806 0.139837974905789 0.132589808518347 0.170321894247132 0.241418056328799 0.0501714583125827 0.0917770739835622 0.0240988068959822
0.063726588373039 0.193692773118188 0.212662485653216 0.041938388328948 0.0438695313526213 0.15985517659767 0.118556059286558 0.16569899728976
0.280414491907087 0.0868789061227662 0.134590620684225 0.165289253818343 0.226860362160327 0.080520874918927 0.0253449813545205 0.000100509033805145
0.177784661302765 0.109563570680885 0.020795306700141 0.170618002477649 0.118307601577122 0.219214134782892 0.00562417392707992 0.178092548551466
0.058854528461179 0.151232779767017 0.192121709980928 0.041759336988872 0.0454114126294124 0.20707768129356 0.166639516840281 0.136903034038751
0.0177743535901585 0.0731718185495793 0.0957081469783191 0.267156464225569 0.245412477175563 0.0674891638953213 0.0862121743828644 0.147075401202625
0.111335600748854 0.191562509964791 0.256359228858112 0.0737978261835658 0.0637902910608044 0.132765882689352 0.035373797382277 0.135014863112244
0.208577427092443 0.160771029969064 0.0546857034390857 0.0575089676416887 0.0683816159554706 0.0303886397457288 0.234031128359345 0.185655487797174
0.015962773155261 0.132102323709302 0.227237488461748 0.030267955460346 0.110564045640116 0.146803922618383 0.0198782697362758 0.317183221218569
0.182526261310566 0.178072362167973 0.134261694361426 0.0345310183784095 0.0251405587319061 0.0810687478267919 0.180145283274655 0.184254073948272
0.0702394796498487 0.0212576346558857 0.012848985626313 0.0482884489935211 0.223809211800505 0.152437717164117 0.252751839940522 0.218366682169287
0.164666918252884 0.192691035710898 0.149642868893459 0.0397885928234657 0.0498116796224214 0.200919271475029 0.154016668407118 0.0484629648147248
0.116076700351474 0.0226626476863823 0.126317333999676 0.0694721800672856 0.097631385435934 0.227867908920697 0.245874777723531 0.0940970658150208
0.222679178808536 0.110475579278945 0.104564810054135 0.199106815837767 0.114632260865837 0.0954718162287133 0.0109633554030969 0.14210618352297
0.289340859644018 0.130502915256567 0.00202490603502635 0.0468669195916456 0.0056492844958712 0.212664628581063 0.0168128832616063 0.296137603134203
0.00979621073775364 0.225848517075561 0.0579249496691751 0.223150411674409 0.0743323662031712 0.184361654309 0.201952389749641 0.0226335005812892
0.251277913289085 0.0736119644024653 0.160512090243791 0.216322330891005 0.0634102259489349 0.199636142121411 0.00303261712080723 0.0321967159825007
0.167563056717724 0.101486543398065 0.0674823015369354 0.0849454562090277 0.239886232146622 0.193042469994237 0.000115858283280623 0.145478081714109
0.119355283146253 0.174687052604145 0.12362003516113 0.216894899245185 0.116356661991453 0.0181902589943657 0.225294981413664 0.00560082744380457
0.10742850221216 0.234548344109155 0.0419145402486219 0.228134761498904 0.0465095827137399 0.0504895174074556 0.201126934577723 0.089847817232242
0.105885708170095 0.0848006135167458 0.0742429986304738 0.0994271039774608 0.141078400147584 0.149694048538586 0.152744981792711 0.192126145226344
0.256565226499517 0.173798245340692 0.277674503226078 0.0632813631303099 0.0740017109596962 0.026546428952466 0.103055664052735 0.0250768578385057
0.0424056354484837 0.122874814916395 0.232921245038624 0.0899468968705536 0.183248242339807 0.146230943504897 0.182184113656597 0.000188108224643566
0.153028269293191 0.112159813308538 0.149606741631635 0.175670775010056 0.132975866457226 0.140408769835969 0.105540086500686 0.0306096779626989
