0.188605488883845 0.16439244205437 0.0300617097721849 0.0459095318084877 0.148672910676488 0.422357916804624
0.0745855016369056 0.220443537533401 0.132304043636646 0.209307892037234 0.231692956562664 0.13166606859315
0.334074644782594 0.0343123862682874 0.281653777789405 0.0228885148838 0.101311497300176 0.225759178975738
0.249449769259024 0.0587676774333602 0.154468784685221 0.259377965672082 0.0367365143526376 0.241199288597675
0.0347964460961913 0.242561134920983 0.116184489416791 0.144118724926573 0.398454042807482 0.06388516183198
0.00365671931360078 0.058524163508573 0.377388824904218 0.196248972478004 0.226932587682433 0.137248732113172
0.165780806176467 0.0209567107429873 0.102104032179494 0.200057206128365 0.283075903373465 0.228025341399221
0.191250085097574 0.216372436382865 0.131092502743208 0.0963147098953961 0.215866806791069 0.149103459089889
0.296854249863414 0.251976677401699 0.0590480749381467 0.0248346539688472 0.144790726639604 0.222495617188289
0.12257291006451 0.276176410310853 0.176067456066371 0.106809536017235 0.192029069930521 0.12634461761051
0.165313639334561 0.159948769240123 0.0796189160866825 0.248856462300553 0.129147943906958 0.217114269131123
0.0553766368669346 0.421260517826534 0.221070318039651 0.00664173462950763 0.053838638075816 0.241812154561557
0.267568688391312 0.0441254524786651 0.223158884305805 0.155961639525836 0.0768716912845129 0.23231364401387
0.114447735198605 0.223766088257063 0.271630950337205 0.116698638896446 0.00283069650062224 0.270625890810058
0.120826958689853 0.184427295022234 0.196135307921057 0.197916902859411 0.058804504982159 0.241889030525286
0.168714491147368 0.240894183459357 0.0773351863370587 0.0764949162891588 0.248274754631303 0.188286468135754
0.0479179714693262 0.305932772392154 0.288772704720942 0.230200965058388 0.0947080433364692 0.0324675430227204
0.259824298885774 0.21581460948194 0.00399190622932845 0.0936905222609789 0.242832808936354 0.183845854205625
0.273595799274988 0.0818297112955461 0.162413537288962 0.0831446988894078 0.148422484473089 0.250593768778008
0.0558069154939848 0.169609731517118 0.00266218718137568 0.168773552865225 0.277226342226174 0.325921270716121
0.140473743954925 0.294787641576859 0.0802349670277488 0.0474196342477482 0.243086287322448 0.193997725870271
0.330871372884222 0.124957801428906 0.160075780748794 0.142506465546076 0.211435947235672 0.0301526321563294
0.226665609186806 0.163545210431624 0.0903048577634391 0.163185355716429 0.219892994712226 0.136405972189475
0.201510893022082 0.32953515899717 0.257203394076553 0.0157937875991591 0.0407064204799012 0.155250345825135
0.123632124769535 0.068300398642193 0.309266484095581 0.279904695490773 0.202172837565495 0.0167234594364233
0.0478777490364449 0.239339292322252 0.247964495100074 0.089488983235485 0.239115426027249 0.136214054278496
0.137144618310807 0.293230408206747 0.142167052513944 0.0679828493105403 0.106246143356949 0.253228928301013
0.23441356947729 0.126769856605865 0.209624286031588 0.290542910078604 0.13541318448566 0.00323619332099252
0.0801248931535783 0.173411218095051 0.154436418984052 0.271492749215403 0.0654201790181645 0.255114541533751
0.223806578692229 0.195045286159592 0.0958786370236456 0.237059746203712 0.174563464585518 0.0736462873353031
0.205832420771107 0.271146118105936 0.128658198178862 0.0755754624396755 0.249093188589592 0.0696946119148277
0.234424174604959 0.235107765600193 0.118192022074683 0.186207764416547 0.157612604178305 0.0684556691253131
0.205618941127879 0.0476121583764713 0.281421089931196 0.2493168674075 0.0304095683236247 0.185621374833329
0.234125108978077 0.11719834922202 0.206656525530748 0.0323978043385432 0.174143210290178 0.235479001640434
0.547935846723909 0.159641149170992 0.00113957155987819 0.136153348990573 0.000126026380161905 0.155004057174486
0.31605321815876 0.0821879847649106 0.24081555489535 0.137100834230776 0.155616069860084 0.0682263380901189
0.103777855032841 0.270583825308482 0.166523751968716 0.0796425567136956 0.207567346371841 0.171904664604424
0.190872806481965 0.0981080087982948 0.0851354644970994 0.265775036946928 0.166007034359326 0.194101648916388
0.0105739609448375 0.114250795995897 0.445721163148399 0.256999346549536 0.14621153084497 0.0262432025163601
0.323828468034214 0.145514018825824 0.0704431328186375 0.120677773145197 0.0566690482685552 0.282867558907572
0.303279517828962 0.230029926680261 0.334591641616606 0.0484802249695329 0.00869587124476558 0.0749228176598728
0.0683095878474604 0.0415768635806819 0.215671482644699 0.251140946843168 0.267733476152185 0.155567642931806
0.325668227360003 0.0702994034403596 0.012695419816733 0.150992347021598 0.188085951206474 0.252258651154833
0.26770988212305 0.337771094662652 0.161319021377582 0.112764381147164 0.119625755545233 0.00080986514432039
0.19329437762896 0.0686097290305022 0.235312792461276 0.275157032935135 0.0784681736913201 0.149157894252806
0.413269938886161 0.0235073680663076 0.0339441557563886 0.125168857691985 0.157982628148539 0.246127051450619
0.160130972145345 0.169596934683794 0.0992907891849529 0.278646234196092 0.269632799326455 0.022702270463361
0.274350539885429 0.303274591566843 0.0282281787097317 0.102292099558984 0.193006865743888 0.0988477245351251
0.209401940573779 0.243685978716449 0.110933511336643 0.0330090288945506 0.089466209791213 0.313503330687365
0.103417666746345 0.184047167345011 0.202963395691625 0.182165749456526 0.191130914850926 0.136275105909567
0.184387111067464 0.30573510184736 0.0123505798176467 0.0842101743336705 0.0257647681936848 0.387552264740175
0.0801962296611018 0.162265881290924 0.256866022508535 0.0707524313100504 0.126585102329895 0.303334332899494
0.231208359639907 0.165157940822877 0.0148630109866189 0.128098412216105 0.213398362634699 0.247273913699792
0.235650036608452 0.0426106671682962 0.16664447820007 0.156163184058683 0.219654725060775 0.179276908903724
0.0932984024473346 0.25165694017856 0.149759726878033 0.201401034331454 0.208219764596179 0.0956641315684394
0.183718659798648 0.09126681564291 0.118579641115262 0.235634067974232 0.144508006139968 0.22629280932898
0.156770239200521 0.170674814522959 0.0702251079114087 0.22080223132511 0.199147768415523 0.182379838624479
0.111796239168846 0.0876514031839959 0.272976925960167 0.0184255494058395 0.164188730405672 0.34496115187548
0.169026038135489 0.208789656573309 0.153098055861379 0.218085131405958 0.139541863890934 0.111459254132931
0.143262824256915 0.297744842986015 0.0500026018508777 0.108730711153027 0.0436415005896421 0.356617519163524
0.0871986241763783 0.167461874097927 0.146442995924477 0.176363475204328 0.247966536439922 0.174566494156967
0.194939533669282 0.348538510966059 0.141833625467059 0.0111026638487862 0.175071356905888 0.128514309142926
0.279140577170176 0.253654459912567 0.0157433772780868 0.205992810627004 0.0955863951581011 0.149882379854065
0.129982015832044 0.200853435594449 0.110780692090898 0.0725094941675934 0.302102936661591 0.183771425653424
0.268931265151583 0.129863788180969 0.164797425079992 0.135823809776868 0.132917153461809 0.167666558348778
0.161849459236986 0.0723197758094093 0.336586943687187 0.00502391155058004 0.10771754742064 0.316502362295199
0.0296440365547252 0.347186211170253 0.331283672907934 0.0776748550555946 0.0182759591443748 0.195935265167119
0.112703626105433 0.358020084236674 0.0234850422252504 0.311826141531835 0.119466967259996 0.0744981386408118
0.19849847791286 0.0371288561611447 0.276682675739141 0.414336084778252 0.00944564895844727 0.0639082564501553
0.206508289375008 0.235092968089865 0.12649730078899 0.296538421659694 0.0144338089911165 0.120929211095326
0.296375995862408 0.247037400189949 0.0105891270165588 0.280941146480593 0.0297376113402827 0.135318719110208
0.391397762341157 0.130309251625353 0.245231391809518 0.0229238669957614 0.173005996144507 0.0371317310837036
0.181801297805463 0.0214020989750598 0.0536010420898406 0.294984910801403 0.24070361726124 0.207507033066995
0.222985247533957 0.312098512484753 0.0393692526353046 0.0522134046924869 0.173173594682797 0.200159987970701
0.0459722136150789 0.311993403045132 0.264854751861055 0.137893284965142 0.101669541390713 0.137616805122879
0.0458981281689512 0.33038257886038 0.0159081670263587 0.333336200397072 0.0592669873208566 0.215207938226382
0.216003172456177 0.164657839411591 0.316815329831404 0.0553130384208338 0.195368364963236 0.0518422549167577
0.0705563814536628 0.385000436548543 0.163717116135966 0.142236492326534 0.187239740276511 0.0512498332587841
0.266431237532959 0.0811325528333177 0.0308595934080794 0.149823686016801 0.213889339505874 0.257863590702969
0.062747944796978 0.238430526298578 0.130468321320417 0.0569266200818499 0.266379237263208 0.245047350238969
0.118733866877906 0.338491263893721 0.0860167907829315 0.155223877052904 0.186309662705075 0.115224538687462
0.0483893402561268 0.303111820624535 0.276364436930838 0.207008382421459 0.12113453351129 0.0439914862557498
0.18756686637907 0.048786684033601 0.116249573791633 0.253169278643225 0.151994702060219 0.242232895092252
0.160502260775058 0.240493657342946 0.0636893461769732 0.128232992370951 0.214412404200036 0.192669339134036
0.216774557548537 0.0238239608293092 0.211070323691025 0.215233032662763 0.174985917945617 0.158112207322748
0.0519535541564259 0.18880405620158 0.220394498565476 0.0201953094887482 0.0828015600831023 0.435851021504667
0.226413349530963 0.190197318817044 0.260646907199806 0.0624342331343178 0.253200705663262 0.007107485654607
0.127253469000821 0.471646064660843 0.0107057712864791 0.198239274384269 0.181715245476545 0.010440175191042
0.0125033413542072 0.297625639827005 0.16772602919503 0.267710819098427 0.131223550486497 0.123210620038835
0.00366477420710883 0.253363662618791 0.109889549888965 0.299237624181735 0.331261656538157 0.00258273256524346
0.171484160334154 0.348610390514553 0.188438543103685 0.00964294628575844 0.204501151430947 0.0773228083309027
0.252825360351855 0.232540067195224 0.305446047431158 0.0322100826659269 0.0461895434619319 0.130788898893904
0.145429158289306 0.174164853545337 0.226176558445966 0.263510448801143 0.114492350977529 0.0762266299407188
0.00968627009472306 0.238500294132321 0.0428119436264432 0.11896617090612 0.193551640804462 0.396483680435931
0.144348673091473 0.276343508209366 0.153281043358679 0.0932804955995817 0.233636359376229 0.0991099203646707
0.311007436190577 0.0301134539375438 0.174838413486232 0.273486999360009 0.13471170135164 0.0758419956739986
0.261446099946302 0.0825963286250671 0.240936091003083 0.115194800477369 0.18656694795657 0.113259731991609
0.225807657025496 0.0687741977768011 0.0480264903172676 0.214338532678745 0.235802458790507 0.207250663411183
0.321488316947475 0.289496450781785 0.0520364275641569 0.0478430872901444 0.0483658652918275 0.240769852124611
0.139489599292145 0.0911176036609093 0.19193825636354 0.0463637997473421 0.218619956696362 0.312470784239702
