0.0793204411856702 0.194765988464637 0.0458590100876167 0.281346644395327 0.045556072216005 0.160386239283987 0.192765604366757
0.06713551612141 0.0538282564178883 0.261087949954673 0.036928251033918 0.204367884778368 0.237248155599405 0.139403986094338
0.109155064595804 0.030481188766962 0.0630502276387235 0.20388536706791 0.334135979507178 0.214834751206331 0.044457421217091
0.155570533275614 0.198612550802986 0.0878946855146779 0.0990453485834063 0.0279226721634326 0.248486364576181 0.182467845083702
0.132770358814426 0.104424034159337 0.197200509506741 0.0730492923438174 0.0244428444033504 0.25757455035333 0.210538410418998
0.132978146928575 0.199194077034545 0.0317707328513679 0.0445106733670456 0.275716876901197 0.136087816270099 0.179741676647171
0.207001347101766 0.199985757296242 0.172265079832766 0.0561123279675647 0.0362263576485058 0.187671154603814 0.140737975549341
0.0786847536624234 0.0624519653774602 0.316346674947763 0.210800834723504 0.0141730485877022 0.190792201583937 0.12675052111721
0.0570696597719433 0.120613457272163 0.0822529813402864 0.048431472331462 0.19819975699619 0.171173273548656 0.322259398739299
0.113753915459983 0.127610168355782 0.260658529682702 0.0385620655481087 0.103340332196675 0.0934561466448289 0.262618842111919
0.243092964765357 0.00588676945938097 0.187188310728928 0.107357113535946 0.198501947731333 0.184514378652082 0.0734585151269737
0.0163600494955815 0.157885520126319 0.264347653019588 0.13718464032963 0.135288175897614 0.0600207028859573 0.22891325824531
0.203690076688129 0.144715887561116 0.183991483547498 0.0659444552253177 0.150863552230768 0.0952195064277414 0.155575038319431
0.228212070205123 0.167979972400387 0.201872210846498 0.187937042667061 0.141378562946053 0.00752959467865747 0.0650905462562202
0.0824199999970355 0.181591336617963 0.00102313536198455 0.0643305385386903 0.301704768808233 0.0633424505551776 0.305587770120915
0.160312541029435 0.130982641523832 0.161506724055558 0.0381757023917 0.100776210764669 0.216210793412495 0.192035386822311
0.217194413222858 0.190907281168145 0.0768879559264151 0.209196986134779 0.15581541235237 0.082773926598994 0.0672240245964395
0.151725224695805 0.134902139133263 0.219357280341416 0.1173320250396 0.0621090433601696 0.13834901193785 0.176225275491897
0.15514844395352 0.159428057628115 0.221351945194494 0.159452306875962 0.0039381316707721 0.118479480514956 0.182201634162181
0.0298383599216113 0.0679431979578572 0.0369549169983708 0.276415108396432 0.25204123774774 0.289865690330924 0.0469414886470644
0.283743255906689 0.0106207091224962 0.0262433246924808 0.00141380605261096 0.29374751640837 0.252271462321151 0.131959925496201
0.207481625281837 0.135232565651997 0.243426060800212 0.0104323029137229 0.0285779075856637 0.247346657159187 0.12750288060738
0.21385694608989 0.187655534008695 0.205180831373108 0.108900309715788 0.0846989802621071 0.000845975239764963 0.198861423310647
0.106177144918057 0.174554098554329 0.0973248839995107 0.163829460646646 0.145884130095161 0.138595816122508 0.173634465663788
0.146600105655538 0.251484233882281 0.163424734050536 0.248156638378152 0.102439636907961 0.0502719209290093 0.0376227301965244
0.162614939064885 0.00988844792891559 0.0499209959048666 0.197075331521276 0.144764694038754 0.18976982776736 0.245965763773943
0.066174520136863 0.163036928482894 0.163968140425126 0.214684692597282 0.0320058083680765 0.194739862786888 0.16539004720287
0.0609136494616841 0.247716537985811 0.171854399264685 0.178909597764511 0.0561642637960492 0.02579433747516 0.258647214252099
0.222245915354011 0.0549396393742809 0.154435296836093 0.0926291302743517 0.158208520049275 0.258156575390616 0.0593849227213731
0.230017647103366 0.0266157509471023 0.229486563191012 0.105207380824263 0.17923653359008 0.152160286828171 0.0772758375160046
0.143861368242664 0.25492514976679 0.127919870116274 0.00377387571262048 0.170356739564698 0.124687639902746 0.174475356694206
0.065095825283369 0.189655268707755 0.248376891518056 0.243799456060124 0.00396063293046408 0.0975562849258908 0.15155564057434
0.0840731267291468 0.231531430336246 0.105238818157193 0.00938588979879809 0.233392100603754 0.13221868992443 0.204159944450432
0.019475366157508 0.253996755651873 0.207084887320854 0.130554455853742 0.240035338260223 0.0648180627563019 0.0840351339994978
0.177007896111821 0.0762245483078871 0.198251968134901 0.171683359329525 0.0828715724366179 0.18463661765628 0.109324038022967
0.219116227556022 0.163871390244904 0.200185448070981 0.0653370957109201 0.117306655679854 0.09918576641974 0.134997416317579
0.222520662993008 0.525691803056721 0.00824521606200173 0.0146392033701359 0.0626805486417658 0.0319244774532676 0.1342980884231
0.192256762734067 0.0713284307296233 0.143806044011829 0.161655704379593 0.18653971349125 0.155724309970139 0.088689034683499
0.0261090916523385 0.0509462107888171 0.251790935428762 0.234377438124291 0.0870129572893869 0.184252249367322 0.165511117349082
0.240721111911925 0.101487266458868 0.119048935499485 0.000813006005448425 0.137855798827448 0.236025753016716 0.164048128280109
0.0991564607604301 0.192650124238486 0.204553233287195 0.119248946586593 0.118535654369778 0.178343289719544 0.0875122910379729
0.188911949779744 0.100806809960821 0.146616746410207 0.0529176730069105 0.322221050608492 0.0512335815409346 0.137292188692892
0.146640545413437 0.0870849895657042 0.0861006459207787 0.184092991126896 0.169433470054768 0.158314662518145 0.168332695400272
0.246556750934725 0.222349814661624 0.0567439515500302 0.0423077090816314 0.0465169762811388 0.252465780186875 0.133059017303977
0.233671352853522 0.134608266450966 0.0793953037962221 0.215444191733237 0.00467484223952284 0.106761241475951 0.22544480145058
0.0674969922831993 0.175652955757191 0.135618743778766 0.0785865588230878 0.212586837305438 0.121514580770194 0.208543331282125
0.204553289666408 0.0543553680416475 0.236123968866294 0.153404497658138 0.177162034236621 0.0507666679755679 0.123634173555324
0.238265610198223 0.155815298445918 0.166043350698019 0.0513083502623093 0.181701511679176 0.0980607029150132 0.108805175801342
0.149917961328239 0.204223806430649 0.0313835970907987 0.12867552766302 0.215118371400505 0.109611058770683 0.161069677316104
0.179747434542477 0.206162683434178 0.0226584743283919 0.0646975791297822 0.274026478257051 0.178940240783509 0.07376710952461
0.075336255373482 0.188927939308055 0.00987658035437859 0.204298166067986 0.252320441741767 0.150898347074064 0.118342270080268
0.0115331066743971 0.156241287212947 0.10196594651989 0.229971876223201 0.18142035832604 0.274238070153169 0.0446293548903558
0.137567623941443 0.158117287364094 0.0966387469046997 0.301232846455685 0.0561277193453326 0.153966767800682 0.0963490081880634
0.201293803477913 0.145873192749321 0.209940534423191 0.185408873456168 0.00775988306876502 0.116370211546045 0.133353501278597
0.149391229008526 0.198301834570483 0.0993689795251035 0.0807816955365219 0.0406295310877091 0.222594816098904 0.208931914172753
0.0313245007130985 0.0744452490886878 0.187051705729609 0.203589204949927 0.179052338707295 0.138541332990917 0.185995667820467
0.16634065451251 0.114082840365513 0.162713847221703 0.134224660157911 0.100031790808163 0.19860250720649 0.124003699727709
0.183403447548928 0.0956020263824342 0.217078596920515 0.0259055033333708 0.157847447495166 0.212028390580067 0.108134587739519
0.056284383865758 0.0820906533201201 0.241498533762812 0.10190459326809 0.298567730622675 0.0847166636871514 0.134937441473393
0.15409782284338 0.232907327679326 0.22391243198085 0.0284668093637069 0.112295502483122 0.170324891453491 0.0779952141961248
0.048046483755308 0.178741109463066 0.167652756544252 0.16516474035338 0.15970519444683 0.101413168393401 0.179276547043763
0.174460590668589 0.212372367532319 0.133224043567582 0.18507180758979 0.199270273558751 0.0227051576183638 0.0728957594646051
0.0621988217326633 0.0431063281735219 0.156542463748 0.102284763489133 0.234742646104252 0.266240694134689 0.134884282617741
0.178898105158811 0.166915236389118 0.226103001088414 0.0597408778026579 0.0511431311645542 0.104972890236883 0.212226758159561
0.0470479252292727 0.208930452037024 0.0704265690759637 0.137723644836114 0.19240551928292 0.104838325734794 0.238627563803912
0.119272066951027 0.0950951951671878 0.322961684595192 0.0499115907841264 0.208601214894935 0.19617985176626 0.00797839584127175
0.000790511824156957 0.216112065020546 0.193495735837382 0.101533721768992 0.229985900769677 0.0747200304041836 0.183362034375063
0.090749851834441 0.0735212258150077 0.112400483438321 0.189229983189799 0.183242381497611 0.219686794957459 0.131169279267361
0.268950605976405 0.174031098568708 0.137300937047494 0.0599346519095223 0.0294485963165868 0.155733896221308 0.174600213959975
0.0980327642187844 0.15256564458964 0.00799545461421676 0.202013508446381 0.163387534319738 0.188605900869223 0.187399192942016
0.168156448199118 0.213324496633509 0.00762389341787666 0.240105431175033 0.0407072190220781 0.23714979275202 0.092932718800365
0.164582034565163 0.214151546636292 0.0132440503748504 0.259948824425095 0.214292637567836 0.0811096949565112 0.0526712114742517
0.066030094512058 0.172841239825407 0.143597986486773 0.130865523587486 0.106941450854004 0.251690165427113 0.128033539307158
0.117067120194508 0.229901119493561 0.0685825833088527 0.103692986971934 0.177774737732845 0.065665908638866 0.237315543659434
0.205405847203579 0.174582699694038 0.0165747043404922 0.156600814011838 0.11182222614968 0.170615124052438 0.164398584547936
0.132042436670925 0.162701586410236 0.0531722022279131 0.227587487049196 0.130949971583361 0.117657987157725 0.175888328900645
0.295491953604511 0.140963032969287 0.0345393179782085 0.016560745662576 0.0752993381148935 0.303621226736456 0.133524384934068
0.2034421670233 0.00915661828429319 0.215739402363527 0.0258769800201136 0.27621866468195 0.193885909693151 0.0756802579336652
0.101461482554845 0.0985466678472502 0.131710256787186 0.30827170954052 0.123503526848299 0.0987683027613812 0.137738053660519
0.0532554044408671 0.226103627472075 0.292977443498311 0.162112401533287 0.150321553626474 0.0600270869526284 0.0552024824763573
0.090290835284963 0.359521867432108 0.0690508059206991 0.0161292506249627 0.210617415703674 0.178234379148286 0.0761554458853063
0.11015273302887 0.0460443904072415 0.206263795446087 0.0494034234839884 0.0531474548508649 0.284781913978356 0.250206288804593
0.171370059224111 0.266772285994078 0.0941234203414488 0.0548394418392306 0.0629480684466117 0.24912184801742 0.100824876137099
0.176981084983897 0.0357088408023713 0.241194632642062 0.1314662128691 0.232949827757694 0.0100593130895205 0.171640087855356
0.283268519214591 0.207500269694567 0.0631747460206311 0.0314871800093684 0.338989078374751 0.0272033399445243 0.048376866741568
0.0312851531349171 0.203908113803039 0.0531818375495262 0.177605560616618 0.230970423404622 0.235131570036113 0.0679173414551652
0.0913770073541922 0.20567885888304 0.261816970543977 0.0242736946164516 0.115559714367707 0.275496434499797 0.0257973197348365
0.180203303611643 0.132442717695105 0.26677022976846 0.00284987905816287 0.236129500267721 0.101923915051636 0.0796804545472716
0.0132300349653241 0.187997945944105 0.191907289066779 0.0737586023169006 0.168185913352586 0.204361992940567 0.160558221413738
0.240080373837184 0.227111805156907 0.130488264452526 0.00179479096111597 0.118654090305501 0.21475945823019 0.0671112170565762
0.152183480789209 0.175788686203854 0.241115942257789 0.191507750857176 0.0227418904158044 0.203195442044438 0.0134668074317297
0.229334907171357 0.0509755164556574 0.0802592054046307 0.0372693806198869 0.209355432318623 0.203531845207284 0.189273712822562
0.16525749484682 0.187512600888671 0.132509908391578 0.194118718234793 0.0211128224583355 0.167212924629139 0.132275530550663
0.0933108563367267 0.0689042065757135 0.23211972017022 0.253418709342761 0.0369127191960225 0.136295373620731 0.179038414757826
0.014613202580632 0.188708311623202 0.183497159537987 0.233047711142069 0.020388682928294 0.19207296637264 0.167671965815176
0.133149251345345 0.197895620474368 0.197267667178197 0.118011105762937 0.064085827044459 0.180660852498687 0.108929675696007
0.168766722856639 0.0116285336973647 0.0602501260359789 0.296140224580885 0.244838027758025 0.0984365671153795 0.119939797955728
0.262579891409231 0.138406118289937 0.0723709919755102 0.182755506533522 0.162570935725871 0.123314740888222 0.0580018151777049
0.215442288664776 0.24369083033808 0.0730304563206626 0.155285184235386 0.0412705698530856 0.155904435676135 0.115376234911876
0.214763868218932 0.130690970614294 0.0360481701339358 0.166923274303744 0.168072152644836 0.243514820448556 0.0399867436357013
0.208358814221527 0.274887481202226 0.14891525610609 0.147871061902375 0.0219632900781572 0.179744263695059 0.0182598327945663
0.0996153897424861 0.246182895878246 0.181929924602728 0.110965612782064 0.0796477481525635 0.132648098829308 0.149010330012605
0.0901152688035482 0.194383812154824 0.203909047969252 0.241116703828081 0.0814903871200885 0.0909113568006495 0.0980734233235563
0.273214237851387 0.0464670271506034 0.10839859050302 0.139306628441285 0.10157043268463 0.195498781075064 0.135544302294011
0.175333202245912 0.29051900253142 0.0784802252678406 0.133119104662233 0.216355755184192 0.0337104606250752 0.0724822494833278
0.127725676455888 0.0517468140371518 0.146028643663297 0.236162173448387 0.168311482464177 0.0744346513593004 0.195590558571798
0.189823223462631 0.230271280297333 0.232457971299922 0.0778699413836274 0.140584428677785 0.000566192745613108 0.128426962133089
0.253513530365552 0.126483402033114 0.141720649121649 0.188253375061587 0.176240837613739 0.0173600487571605 0.0964281570471985
0.136822668956426 0.0818042688327665 0.00236743671415636 0.0979730146338348 0.246238701179337 0.203201055903805 0.231592853779674
0.154930069490683 0.0678688955943158 0.199780224658283 0.14093437632033 0.21112809968257 0.137164994071093 0.0881933401827253
0.18852292310507 0.0408211768930326 0.207807485791512 0.200072354078196 0.170033072558157 0.160114079774145 0.0326289077998865
0.0916532961647058 0.143040492273764 0.193051424016526 0.217473429486013 0.0982016866548657 0.00494175341634053 0.251637917987785
0.0123145693519953 0.332314457148989 0.163311260305133 0.0192412226626722 0.214976412909852 0.0438739671608765 0.213968110460483
0.331321781212164 0.00195709590986481 0.109855683326285 0.109151845580046 0.0184965292398679 0.16104058603371 0.268176478698061
0.213256654487372 0.19556871383585 0.198865116709437 0.0755076363994463 0.14526709531208 0.0875433712155785 0.0839914120402364
0.309707218491389 0.0244412069270109 0.206714761556735 0.131814409633644 0.101244976708829 0.0182822866188921 0.2077951400635
0.100396281762652 0.0314665561111851 0.0946070699944456 0.115802740192551 0.218101866334287 0.219266759577143 0.220358726027737
0.0565252800039142 0.000307738311875465 0.109283311160256 0.292151257328007 0.136032917553861 0.08408698773552 0.321612507906566
0.0285616902309631 0.210588438230412 0.190917207742132 0.14581729935099 0.104971906620157 0.120821253675193 0.198322204150154
0.0708863113672992 0.0196443479023826 0.238139265781372 0.466640470943569 0.0852992536150066 0.0895001445971406 0.0298902057932303
0.0428228836528509 0.203866503173397 0.203623389732546 0.131037115069108 0.0667946523035393 0.124702234856883 0.227153221211675
0.233786369714484 0.122267248086641 0.264915873548579 0.0610617189835574 0.03220719476233 0.0853152760472342 0.200446318857175
0.0591283219833767 0.158359555230055 0.288224785567704 0.033696245075075 0.0276159304888274 0.0743270196748791 0.358648141980082
0.0910947640215049 0.0704442304135822 0.385312836470011 0.144121618930068 0.00818680439779315 0.168344643003018 0.132495102764023
0.0906430926938218 0.165924905653168 0.0137448686028197 0.245579220564244 0.188497546557328 0.161790834813574 0.133819531115045
0.0152798483244556 0.286955104750788 0.0159542975445175 0.0645741715175464 0.327300816740828 0.160174494517021 0.129761266604844
0.00950547166655808 0.202058243895048 0.0829168970620785 0.0327573966430599 0.364146709156634 0.23246427583423 0.0761510057423916
0.190668280608955 0.195526048961857 0.162935852654599 0.192143515045499 0.0780192561352115 0.0797354294856799 0.100971617108198
0.0179744474732944 0.165372196637733 0.158796086604469 0.191484577235901 0.232057056403089 0.167972537197298 0.0663430984482156
0.124796064675678 0.190641007671847 0.151643970612622 0.130742821233794 0.134074083642889 0.199083423417244 0.0690186287459258
0.0594083362072279 0.0307593759095979 0.0372540350487399 0.224294489479819 0.187072373099282 0.146842985416675 0.314368404838658
0.33831944593051 0.00606392343770789 0.0828850753651477 0.127488328274484 0.371574601024022 0.0258328652328729 0.0478357607352563
0.175325853460166 0.159224724073608 0.0496733618350206 0.145937625245171 0.138347818818704 0.2234276900521 0.10806292651523
0.184356628772516 0.180891180432438 0.0858419159116135 0.150186385695 0.139227692212679 0.159619084969735 0.0998771120060179
0.102877733566022 0.214575240676234 0.102553935035476 0.310833870540446 0.196005297110226 0.0105061191314926 0.0626478039401036
0.125398330934901 0.230762412175844 0.190293143591301 0.00253285540433121 0.118997054619093 0.124686346276209 0.207329856998321
0.179109023902793 0.0612758606513134 0.0312304888581882 0.124308836216734 0.0891208896834342 0.192192790237175 0.322762110450362
0.0454427340657377 0.3726540299648 0.0347100312133114 0.061715171372302 0.0718616280313153 0.0955385150352683 0.318077890317265
0.215607040016063 0.140741491627252 0.0135877422101258 0.0725508346958385 0.278752956930556 0.141234349400001 0.137525585120164
0.0151952147639299 0.251850843953263 0.310995085234498 0.0365235460900905 0.0175713493838445 0.256561377049136 0.111302583525239
0.151128167378234 0.0676514459971756 0.0555577881226124 0.203830682864862 0.271559797918312 0.224681675881047 0.0255904418377568
0.20661509135843 0.0107123316446594 0.275707781272839 0.00561578088553198 0.172460989823173 0.202654810710445 0.126233214304921
0.0517419867036429 0.0734149343857027 0.125956928194883 0.317703183939635 0.074298526081152 0.0464419977084273 0.310442442986557
0.202679629345117 0.175003213248132 0.0319829393425319 0.0666245902184396 0.137331316024159 0.149082359097485 0.237295952724134
0.216813138924241 0.145602573530841 0.00517491626491423 0.290813863661977 0.0132633157346086 0.236254972187446 0.0920772196959731
0.12749820021102 0.00038415855075522 0.164143982730978 0.142158149864811 0.226901133234682 0.170862387651251 0.168051987756504
0.066992433658862 0.145349641305588 0.0868069460071064 0.127397720758398 0.236602885111215 0.0875054605230523 0.249344912635779
0.253335719789547 0.197726809553072 0.131164279854799 0.127999891818094 0.130485090942679 0.00803947631347667 0.151248731728331
0.159217575106216 0.101231043585258 0.183870384247416 0.130369852717218 0.207555939378663 0.016672204766194 0.201083000199036
0.0959517931474491 0.0168862624472205 0.114794641218828 0.065415188088844 0.276188623185853 0.255147249896589 0.175616242015216
0.157233372763398 0.178579331405874 0.145927661192672 0.141363686566074 0.0704855183962925 0.184481722168722 0.121928707506967
0.179291277241281 0.0881558624491893 0.157661361174093 0.21596163523508 0.185206410611378 0.173506180936167 0.000217272352812272
0.25422978772804 0.0549027837964356 0.259813689739038 0.182730824695479 0.0556377422711168 0.0988322556711417 0.0938529160987491
0.278568743647052 0.0965328512903765 0.0292782131455323 0.269699110602928 0.211597787503255 0.0715490574506512 0.0427742363602051
0.0589997678833384 0.181382805081629 0.137590474513002 0.0819697073437193 0.306043870162792 0.206265506073988 0.0277478689415317
0.243556889534039 0.153989506381244 0.232706001193812 0.0249886953027132 0.210606129669429 0.129195018298993 0.00495775961976959
0.0634257010933051 0.309063310730203 0.258743483511351 0.179467754193836 0.0238061174840521 0.0594078577347137 0.106085775252539
0.0775815405380052 0.0324851613843793 0.222272647920826 0.241342301477507 0.167163084639837 0.188317388750959 0.0708378752884866
0.0689166715556076 0.0600991784918057 0.233304372025086 0.274388869082197 0.172786512720309 0.176475852043893 0.0140285440811026
0.221173779738206 0.345297822170865 0.0646218273322901 0.0233820129285708 0.0209322061181269 0.180971168084443 0.143621183627497
0.134089694384138 0.264922264962874 0.0215276304554344 0.211250366071962 0.228013271332601 0.0475670974627218 0.0926296753302692
0.104094012635122 0.205978988059481 0.159942732670919 0.0865827596394442 0.217028370761567 0.213528578436117 0.0128445577973501
0.194366346520343 0.0330838828465202 0.0900231541449232 0.304777969000399 0.0117948974759137 0.0999001556298494 0.266053594382052
0.264196463134815 0.158171714863025 0.174053762607214 0.0483822407235677 0.0038691164877303 0.227502463504137 0.123824238679511
0.0955154277161904 0.104630969915968 0.227927103404058 0.106986672613821 0.0985316357352506 0.226355101211923 0.140053089402789
0.0262696724741315 0.167494431070045 0.115297790853988 0.194417290844974 0.172419558275778 0.103783867421245 0.220317389059839
0.23499811204441 0.00384716369068817 0.0490623684230532 0.219221352936914 0.112741165187363 0.0308296160980554 0.349300221619515
0.14698957770691 0.273977383214445 0.0441919708284915 0.222329174325468 0.0985553256759013 0.211037805033547 0.00291876321523735
0.0828956384269984 0.149624606162816 0.228595708285395 0.183602188735329 0.115927684782991 0.0552748820637176 0.184079291542753
0.267639489648793 0.00309192719565064 0.32166109687549 0.155607364606976 0.112016913270963 0.0318849463262011 0.108098262075926
0.220704511552315 0.201220626172396 0.134868198370582 0.0396328677559476 0.104776842652801 0.110530932300622 0.188266021195336
0.16900280601092 0.162173460749152 0.162647046341735 0.109840477502506 0.102457096131301 0.182148857993373 0.111730255271014
0.0364771667571909 0.00212581392966133 0.0809725247124218 0.304812808150011 0.200923640799673 0.185354968701731 0.189333076949311
0.0388849946410361 0.240184800353971 0.149349958667564 0.0394727836109482 0.0438506710070911 0.0694749614178513 0.418781830301538
0.0340356983224492 0.167024678789025 0.197986790089822 0.198556063681756 0.0718280285050264 0.209149704830125 0.121419035781797
0.201887868120909 0.151189569590023 0.0382633138128542 0.21669227736047 0.218051616979612 0.0683184001539824 0.10559695398215
0.316311148571708 0.199671065960465 0.295646715313014 0.0476159304104781 0.0373293836330355 0.0361885233742111 0.0672372327370888
0.0894445347563463 0.0851634749271299 0.255566545450441 0.0614998735752546 0.232213845494214 0.00923189939615387 0.266879826400461
0.0812649222099059 0.294918247012252 0.297911945454009 0.224269907041645 0.0378021341709442 0.0436081392297117 0.0202247048815314
0.0774983438055482 0.158226939283141 0.117355023707454 0.190121682386694 0.202139755344965 0.042858996230644 0.211799259241554
0.301869347423224 0.320900989072486 0.0107442302647444 0.0633445783045098 0.104386043527796 0.148621185563771 0.0501336258434688
0.0613717783638949 0.16158200923416 0.204689098985949 0.197556767096685 0.209501239117739 0.00537892014216639 0.159920187059405
0.0691300378978692 0.0215129122867283 0.215747453379057 0.295404351669554 0.018612859084835 0.120493110031836 0.25909927565012
0.281499290790545 0.0312829936280328 0.0316532358885752 0.132809998956716 0.158317829128323 0.138511616894398 0.22592503471341
0.140071685941099 0.123037882218389 0.101219922313054 0.243172310930839 0.142761181921142 0.14236211370674 0.107374902968738
0.279645109748531 0.179190172185462 0.0694900248416407 0.120050952390614 0.0862102570442674 0.0392872301483488 0.226126253641136
0.221976342435673 0.107569581052922 0.0559601263272306 0.238882303190202 0.0961214986607666 0.113141109607774 0.166349038725433
0.117898704328431 0.203198910784852 0.176760228204267 0.0803679945041145 0.174610615716472 0.172243929398158 0.0749196170637055
0.0275099167386248 0.155893778450286 0.278200282305935 0.24377577865391 0.000291602640097205 0.064418477532127 0.229910163679019
0.0741488616040462 0.022602341277095 0.217042356124874 0.206012766486979 0.2150374458876 0.1919731222862 0.0731831063332056
0.179387422849408 0.175556601161963 0.105016703667111 0.157538542538863 0.229985484685441 0.0975440945058943 0.054971150591319
0.302547081061268 0.116586692563491 0.0402982451031884 0.121242531378542 0.137554581751388 0.20718710731099 0.0745837608311326
0.283934415972949 0.109513058326601 0.197219911452924 0.0910792768158242 0.0950974051570828 0.173327755560762 0.0498281767138571
0.29398110734375 0.127685332531721 0.196656591828451 0.0464786775496816 0.0168469468324962 0.238710722513622 0.0796406214002773
0.0260126555329617 0.206697509253299 0.157051489710171 0.0284178701036577 0.23055350370501 0.128496841836627 0.222770129858273
0.132646412868974 0.134871642562017 0.176576230827483 0.195890093685146 0.044442803755586 0.0960854557292811 0.219487360571513
0.0752081947123395 0.0436275805421535 0.166663842601914 0.256513210950768 0.188517778099203 0.225793069257822 0.0436763238358002
0.121505052372492 0.110381191804229 0.202988847359445 0.165632002343454 0.0481903204759325 0.172888076682992 0.178414508961455
0.147502340657395 0.128220101697199 0.168758882587947 0.200148783502675 0.146136426006085 0.133941482092848 0.0752919834558512
0.160333583779971 0.124963588605765 0.280333980562521 0.0875385484246718 0.164705270227438 0.0870944939364317 0.0950305344632017
0.147046246234885 0.15942975979447 0.190174339623276 0.14329408061002 0.252115719039735 0.0932740421776993 0.014665812519914
0.175300399918338 0.192379631283647 0.118042521127656 0.0494820499683244 0.171895465266748 0.166494340027382 0.126405592407904
0.260547155867821 0.0369954454753496 0.0412976597441392 0.253579932518227 0.26949878538741 0.0166247237632061 0.121456297243847
0.220948396212741 0.0269831307578063 0.203062835485285 0.106373418215372 0.206348355456712 0.214506359358645 0.0217775045134382
0.133564350805405 0.00445766861759779 0.273502854290286 0.115395067659731 0.0493354367494653 0.260292444505331 0.163452177372184
3.05280094533028e-05 0.228233561944285 0.285601230039853 0.167207642006644 0.175214042518282 0.0840770691961322 0.0596359262853505
0.143238055853098 0.142550996204543 0.175036896777928 0.0728250826406926 0.174877188974122 0.17454411572302 0.116927663826597
0.154063449963314 0.191260466746265 0.167439233700504 0.0715988685062791 0.19785848193877 0.0962225642691211 0.121556934875747
0.222204674415375 0.0415282972563231 0.0517563408419427 0.227284845741154 0.142863418345322 0.224964628441145 0.089397794958738
0.120550941652396 0.191011053924603 0.255326798232605 0.0803103032838417 0.0107534194548063 0.141456533644982 0.200590949806766
0.0851313349801377 0.0362428063566583 0.14348208460328 0.20609141301434 0.1634060282734 0.129010342051767 0.236635990720416
0.323748906003489 0.110889388410965 0.0781866633851768 0.133660289066681 0.172427458679186 0.11117092838736 0.0699163660671421
0.254167267979096 0.041174589143193 0.154503858592928 0.0483850205772755 0.00152992595912729 0.232511753618426 0.267727584129955
0.212196116496417 0.167581440986237 0.247344268794171 0.0992769474670053 0.113101228623417 0.048992456497423 0.11150754113533
0.203905753138754 0.0479014144281858 0.207384413244854 0.187283813057883 0.252398031909597 0.0842482455856676 0.0168783286350596
0.188917292112244 0.10189621594928 0.221728129381946 0.144725370311743 0.134871713621058 0.19633982272016 0.0115214559035693
0.180199691111128 0.21901438160837 0.121482620505828 0.108487132544652 0.0224437875754771 0.124476460581951 0.223895926072593
0.189028895264432 0.267817746606044 0.155774957791375 0.125289311365032 0.113740356757888 0.0382039524785039 0.110144779736726
0.162798416534242 0.0402592899222227 0.199652181349809 0.0312640801189338 0.20141335326475 0.217699995393367 0.146912683416675
0.292334579697303 0.0328153451600946 0.0865189179217118 0.0301550196951761 0.0966339161813496 0.139313934230312 0.322228287114053
0.0112336111270835 0.126586864951967 0.136722057487892 0.0315069425843026 0.237472139698638 0.192183433684824 0.264294950465293
0.202655555136518 0.036885128214237 0.251793496934603 0.198158692875696 0.0305957159214631 0.0676702025201074 0.212241208397375
0.220962453929456 0.047042721339567 0.0364531608680472 0.28105212932186 0.237432525668743 0.0986185801789602 0.0784384286933674
0.0518099348197638 0.187312419755836 0.170272581786072 0.173238231933375 0.156523840636064 0.152274475035805 0.108568516033084
0.14194641715084 0.182348115776187 0.0952961024645889 0.100753844060215 0.203112960307232 0.195962382973543 0.0805801772673951
0.199055021147962 0.0010705059579763 0.113168165426835 0.23228909590861 0.223134412945531 0.104623832854843 0.126658965758244
0.227508516543163 0.033505347330105 0.192014052933302 0.150610680630786 0.173547212515928 0.152613763195339 0.0702004268513772
0.216815566022662 0.120570497704412 0.0944216161857288 0.115619026279981 0.213887630354324 0.0347864093345137 0.203899254118377
0.261208558377426 0.0288886296344057 0.234229494360547 0.0337994727006507 0.0568037155786534 0.171090804584962 0.213979324763355
0.343953555533572 0.00692923573237064 0.0449407772381561 0.0443295923135202 0.344947053169596 0.171327951864699 0.0435718341480868
0.0369682825471635 0.0987430229222419 0.166116801329106 0.138692411204305 0.248610430549648 0.216983926653621 0.093885124793915
0.173042937803251 0.302523904867294 0.105541785896179 0.0304397822055167 0.0627611806984728 0.271225036181872 0.0544653723474142
0.151027294492749 0.0886274892115377 0.200250998856306 0.0313123787479742 0.15191326965114 0.188754056684526 0.188114512355768
0.212912910226721 0.134242131147499 0.206971641543805 0.147770120264697 0.00850229724997725 0.21684377951101 0.0727571200562909
0.0611778686959854 0.183366040834121 0.0840349053246261 0.190837125402033 0.14432945956317 0.185364471516547 0.150890128663517
0.234176178333745 0.0213305536930113 0.204340573999705 0.12432006582828 0.193101423118186 0.0352864518839874 0.187444753143085
0.184718042009835 0.217820001138666 0.197478383078875 0.143361426113505 0.02400472402542 0.226409586524541 0.00620783710915764
0.0609558460754539 0.286623632436717 0.0696698369639897 0.307879791127221 0.0413900326433563 0.225443088785667 0.00803777196759539
0.10448614708548 0.0434971513946477 0.246682672726998 0.130266033102381 0.211262070690208 0.117137178213521 0.146668746786765
0.237201225707993 0.190099135108127 0.158094535618881 0.140529769463723 0.101227470860414 0.0748025188946072 0.098045344346255
0.250040579925778 0.11665747539191 0.013557651715123 0.205377336722957 0.108449245988373 0.106180377579176 0.199737332676684
0.144530457795189 0.0766572733905557 0.0356186906264166 0.30146428300589 0.249048124438799 0.078084124450704 0.114597046292446
0.114762506590163 0.298447746954397 0.0814381568772628 0.249018333179091 0.217274300205401 0.0273570768025546 0.0117018793911298
0.0563143859559525 0.218781797980121 0.173753451260705 0.0162944577859708 0.234591500831757 0.147518475562629 0.152745930622865
0.0499848886985128 0.295104280481078 0.188511553629212 0.27230689997435 0.00065031416116995 0.108389866858963 0.0850521961967143
0.119583777547414 0.180552170324858 0.151532459284251 0.0140261089314164 0.200342715397949 0.156079975300902 0.177882793213209
0.0207067933507137 0.175259097919113 0.151913589716814 0.166798005540853 0.128507458944296 0.165758168265636 0.191056886262574
0.0752904936198414 0.182415594880932 0.166209409505732 0.157920625154425 0.122598921412359 0.100659078413751 0.194905877012959
0.225174786259461 0.0825872689251228 0.121187209939949 0.242390347672373 0.160957911339702 0.0489178602733134 0.118784615590079
0.203897421648588 0.344458876895226 0.116627774623015 0.00546509591870263 0.0652397354182167 0.159719226444516 0.104591869051737
0.111073087232461 0.257453563052563 0.0401120690769646 0.143413547377552 0.13271117392973 0.0684067067477876 0.246829852582942
0.138963129164432 0.177404284649887 0.203085903098459 0.0670753709021181 0.154071990534734 0.0976098230193829 0.161789498630988
0.334828109971954 0.185628347528875 0.0158871763868884 0.10768616766668 0.140211854968908 0.201859850948473 0.0138984925282209
0.0290156237268331 0.185987683709793 0.0614950607502351 0.175645757568608 0.123297345892808 0.353047920599541 0.0715106077521817
0.203978099214651 0.0609028335263376 0.143474352357884 0.247529179940532 0.15450996208382 0.0381279232798414 0.151477649596934
0.165684777065595 0.196438639538357 0.0444999210064459 0.205954120089725 0.184641713563878 0.0929466194080821 0.109834209327917
0.191716272963756 0.19861363475651 0.0960136093517079 0.166804031714291 0.0788556754321267 0.0954511095336571 0.172545666247952
0.154072486481358 0.0901778311317491 0.160748857539431 0.167602333935808 0.0424369531362007 0.227461232594079 0.157500305181374
0.160972916840184 0.147283733498616 0.150526835596902 0.0249654243096346 0.128999936006859 0.061601703487608 0.325649450260196
0.187986006006691 0.133793747262844 0.0455564293603055 0.249711695313139 0.172061021593449 0.0916388021150747 0.119252298348496
0.0849335341083989 0.0785543630612192 0.212428787710416 0.138909967174382 0.193877048401805 0.151081797952269 0.14021450159151
0.088020581689922 0.15327053918332 0.140313418772447 0.170709150320724 0.150111449901399 0.133383303092479 0.164191557039708
0.242674707554252 0.206660904706579 0.221350401993132 0.0904843901993377 0.0589767851061586 0.110756135930871 0.0690966745096694
0.0918189548646684 0.198801488014855 0.0256938810173962 0.178838274534539 0.11830093743022 0.187788337955571 0.19875812618275
0.0906875108923142 0.101421428653337 0.191817249018482 0.107666041034435 0.200551670252382 0.164046483165563 0.143809616983486
0.233563376100102 0.0782037614853931 0.0881814340274571 0.185682073661995 0.125833948577991 0.115233233906572 0.17330217224049
0.217395382611311 0.185754771688067 0.0264909719675385 0.192782235528285 0.0371882338337287 0.158964070915906 0.181424333455164
0.0377645286693358 0.0957565041367594 0.0819573822025564 0.163617595319033 0.132014377382762 0.235785626236467 0.253103986053086
0.187203453643827 0.146858706332062 0.157302488685893 0.116169270913622 0.124432183304402 0.185882770677039 0.0821511264431552
0.35214052908121 0.038494906492213 0.188134988639747 0.0673116380192044 0.0827803799502077 0.0721961453887696 0.198941412428648
0.173146547172183 0.0815766364989533 0.250398077693519 0.117518067141497 0.203422702932486 0.0605803414354249 0.113357627125937
0.219130510087825 0.0906521255555544 0.0613069329435647 0.068679657093945 0.262797085114886 0.109091813279964 0.188341875924261
0.103347157538652 0.198533530641102 0.124204601901687 0.273859300626482 0.0883893400633371 0.201403244405817 0.0102628248229236
0.173460117250177 0.206985001294513 0.165816492405661 0.101010959288785 0.0681820352514397 0.166586851827608 0.117958542681816
0.333246782784862 0.134477324196298 0.066992213211661 0.213730522643105 0.0410976259853984 0.0682269104320544 0.142228620746622
0.0295676887961809 0.145199973843078 0.0127334555013968 0.111212363636011 0.271780355880516 0.117024696160487 0.312481466182331
0.045427870460266 0.0223505160777981 0.131148476835926 0.385181568854118 0.248090316942672 0.0993322917995998 0.0684689590296195
0.24694301268904 0.00138656653243505 0.133708052514908 0.230996958250639 0.135782749493337 0.193244024747844 0.0579386357717952
0.0654876256201774 0.128547300292877 0.145026263935484 0.251675838940146 0.152005457945803 0.13808549160177 0.119172021663743
0.136485079950725 0.0663337005831831 0.0495124998248305 0.162254216919158 0.195690015737108 0.206145916346944 0.183578570638051
0.207850014417003 0.186377392582685 0.135183094741698 0.19039821563992 0.195532744236542 0.0798239798082971 0.00483455857385477
0.251981670586702 0.152297006400125 0.0389503354619824 0.161880474753538 0.0746585229979068 0.28530686979438 0.0349251200053656
0.0282273660593211 0.358805297291236 0.245503162493059 0.173089614975773 0.00949516587633234 0.0106340034228903 0.174245389881387
0.29566236951628 0.0682108679140239 0.0768147696466967 0.0258516578286286 0.374145268747301 0.00154408886972654 0.157770977477344
0.119761563669011 0.210627338136955 0.193904387082653 0.221903860858919 0.131437146505691 0.0226393762030277 0.0997263275437438
0.264445130821061 0.149423206448617 0.0632388923898006 0.214627383346852 0.257424238043596 0.00704992602044086 0.0437912229296327
0.0430955885175449 0.224856206307106 0.0731018461936691 0.141415978051087 0.223506338477477 0.180865920035461 0.113158122417655
0.0408769465361906 0.143579010681084 0.197596127295618 0.18228569100189 0.275451247940149 0.0309756661581786 0.12923531038689
0.0906094539713777 0.0813889360530283 0.094066684241038 0.364278956950114 0.115585410309094 0.149440017145306 0.104630541330042
0.100770858826061 0.216510699543327 0.170441052489692 0.287174777530532 0.0359730593828083 0.150438986109467 0.0386905661181135
0.118491431139641 0.214827500352112 0.204443920746329 0.181553349289799 0.0231652412030678 0.193712956840707 0.0638056004283451
0.185098954606131 0.080859855358228 0.095894955937539 0.169488295940915 0.143537890560441 0.132448589790122 0.192671457806624
0.0544069425311726 0.106984196348292 0.144814349316988 0.234427735245056 0.0593620982536811 0.203629524703136 0.196375153601675
0.0976624657863923 0.110786603778106 0.167119299725037 0.142438099764497 0.171028951440737 0.161668787138935 0.149295792366295
0.175640327194111 0.139948614419449 0.230014055096789 0.270884526180322 0.0454291742937556 0.0725131233962235 0.0655701794193506
0.0790604469392268 0.0632367984344897 0.0747176820098198 0.145369503495539 0.155137787413927 0.254033063742681 0.228444717964317
0.120271340621733 0.133659281238582 0.295294042108726 0.247312076121155 0.0396469891601078 0.0127443431307128 0.151071927618984
0.109629166937293 0.0322327806802061 0.20853150584577 0.151968049039439 0.111236571958439 0.213118026995295 0.173283898543559
0.231344300909679 0.221784962762481 0.0368959599898993 0.0362860961393781 0.048147885879914 0.224512771692529 0.201028022626119
0.061399060533006 0.0845955918446697 0.109604938709766 0.0588148567763836 0.111408611893486 0.229929540449629 0.344247399793059
0.115759724701077 0.0429688485636823 0.180750849962474 0.299757178141121 0.116055332316629 0.0928583638843301 0.151849702430686
0.211635197600001 0.0993125414135957 0.165609616522257 0.158004431991909 0.181413395754029 0.151786991482547 0.0322378252356606
0.0552228076416493 0.247698671228536 0.217435239487955 0.115527358273384 0.129146913328315 0.132929948638115 0.102039061402047
0.272833317805658 0.0236174680201633 0.192436288710553 0.124283808506545 0.0439878819019673 0.175728618365974 0.16711261668914
0.105010571232003 0.193434021795548 0.206112299377372 0.106956734148082 0.113524539226776 0.174153569542022 0.100808264678197
0.104170429865643 0.280919885455762 0.157140553163473 0.190268700963319 0.137966404249701 0.0553800105356542 0.0741540157664487
0.239278580676324 0.163031577042327 0.0200386307810678 0.0483771684973449 0.361473377497668 0.041250199696976 0.126550465808293
0.0118465892597968 0.0527000479845568 0.244546609108101 0.249772244283374 0.239778158522557 0.114732329279427 0.0866240215621878
0.162955890893518 0.248409507142571 0.296126470255373 0.0431915103010299 0.0296742773953663 0.0805682647131486 0.139074079298994
0.218611548846641 0.124681219503526 0.0612120570877821 0.16887414737675 0.116771165703332 0.208559078586148 0.10129078289582
0.149678358252452 0.16398378026324 0.185566908945661 0.215173397089776 0.188622919262572 0.0270219851990338 0.069952650987266
0.414103120773734 0.0539377232083794 0.044350972990958 0.177726975045674 0.110514200313628 0.115589463500585 0.0837775441670411
0.105673057658023 0.171463788378409 0.132767942210314 0.0170275704752215 0.303174333208051 0.26077382322308 0.00911948484690182
