0.198412859398634 0.141820206493545 0.121098441709094 0.274182582860903 0.149332669097667 0.115153240440157
0.273052353728787 0.247156541373246 0.14743517804499 0.0446487226367044 0.106400192836261 0.181307011380011
0.239068084968533 0.0192938536258437 0.217971916754511 0.0665341267099073 0.218505599844023 0.238626418097182
0.250537465986712 0.157247352195913 0.0635373224715786 0.289367046497031 0.222380538917168 0.0169302739315977
0.204457816212646 0.131440901430803 0.154437303401823 0.0403648302934504 0.0924456800411379 0.37685346862014
0.0794362729419949 0.00409010073681414 0.304072046074461 0.253035678189636 0.211452159531106 0.147913742525988
0.137920756615086 0.140094546179729 0.225004388605152 0.118437053955003 0.163830765404971 0.214712489240059
0.192328350008599 0.184900186516822 0.123343199338413 0.190385999888769 0.249319240155975 0.0597230240914221
0.123553084580717 0.186734330581231 0.0232123006187067 0.284463873525433 0.108716476363004 0.273319934330908
0.198797659117856 0.257342352059633 0.215888207146015 0.0776193087470556 0.222890555463228 0.0274619174662125
0.261899195946779 0.0433113767053567 0.345144517437887 0.151162841035555 0.12751745912655 0.0709646097478731
0.222566578914452 0.221252725526669 0.150765393019429 0.0525238189290558 0.0657460979442581 0.287145385666136
0.109631023525228 0.298868469610067 0.389196927066314 0.0628130086049627 0.0945670731640338 0.0449234980293937
0.0875057239613371 0.00220172360026993 0.267894710307363 0.194677003406875 0.247330272121592 0.200390566602563
0.237514494751236 0.284628320934299 0.0689656119461299 0.0780729210998775 0.190725627143848 0.140093024124611
0.0249854934078569 0.278867122567641 0.161724042074146 0.0221726538160373 0.277183907936136 0.235066780198182
0.0875659186695028 0.175062362121353 0.299177310963838 0.0223617227415057 0.313393742181573 0.102438943322227
0.288300070757294 0.0471208752032399 0.337327787908927 0.0102450099132149 0.291078943041399 0.0259273131759256
0.145105438593728 0.166144785669223 0.104851144827333 0.0514248155303534 0.22676125150874 0.305712563870623
0.451094561670719 0.0457706003953468 0.0452014691931828 0.3058346586272 0.0908266659794597 0.0612720441340918
0.169983913630114 0.161902663694488 0.129473026071348 0.165998885828153 0.198578221679257 0.17406328909664
0.132104952538943 0.174337060291655 0.270183286310836 0.101308219189374 0.0521745375815834 0.269891944087609
0.257338393197887 0.210761420663666 0.119462922141883 0.313178931818873 0.0128225911493398 0.0864357410283511
0.127892259139156 0.12635516219507 0.184048390175483 0.210202108705355 0.0466176123398331 0.304884467445103
0.301539913241883 0.363168822056454 0.0232854357953613 0.238686542240118 0.0639940076167738 0.00932527904941052
0.183474516239506 0.0318893896790094 0.245464072689775 0.229615905446893 0.0307219503676871 0.278834165577129
0.0390518869483097 0.07551177982604 0.255272668239016 0.319441147988767 0.172260632040611 0.138461884957257
0.419317811729448 0.0829726682741523 0.0240950360324354 0.0230656218216487 0.375763369108564 0.0747854930337516
0.0347645004817801 0.0676847698903084 0.301818958286238 0.211761544645009 0.115545849201155 0.268424377495509
0.0792134322566945 0.181273133330584 0.26278724635189 0.262385450574326 0.0228262540516178 0.191514483434888
0.272006443407707 0.0119956200188124 0.238151819117458 0.0368008226304621 0.136653222429172 0.304392072396388
0.239113773036043 0.202940416584245 0.0207113030033942 0.225136892829258 0.24809408262851 0.0640035319185495
0.312376333929042 0.168330006469306 0.146119745916968 0.0183580372377501 0.0296207789880413 0.325195097458892
0.224376662360917 0.0960825671948082 0.181542953630678 0.130885109790006 0.116977313005364 0.250135394018227
0.263399985223182 0.0421470786823878 0.262648235533936 0.238033687269798 0.164202847580269 0.0295681657104275
0.172092623492654 0.0998545512599032 0.235374702965597 0.0848217181208228 0.0926736043831405 0.315182799777883
0.087050069702106 0.237555892960704 0.245509249482242 0.124024033679719 0.118668687651043 0.187192066524186
0.168420825650045 0.0705635421663969 0.126131875619613 0.101898735256298 0.175138678334397 0.35784634297325
0.124226828036679 0.337183721554597 0.00287828373420516 0.336130800086574 0.163554643950222 0.0360257226377231
0.00986168956569772 0.225150105955219 0.253598678444857 0.199460716543583 0.201057035292516 0.110871774198127
0.112828250357048 0.243738357148516 0.1550649051551 0.114029986871878 0.177408055433013 0.196930445034445
0.176891977540253 0.119255755654873 0.182451661144208 0.204832781046699 0.188754745782819 0.127813078831148
0.267608886853082 0.160358079564775 0.0752123876751687 0.118725851268068 0.0786007054288489 0.299494089210057
0.237220397284308 0.122956415806612 0.0401346592060894 0.373395176432521 0.00968373396660949 0.21660961730386
0.21855825327468 0.123200505264176 0.00623779001383992 0.21168712956146 0.206339924917168 0.233976396968677
0.00622255766981321 0.227210800623553 0.0181659139896424 0.377841205403645 0.114722280228745 0.255837242084601
0.254164960508784 0.18690230654211 0.0816956196980998 0.359214996648765 0.0328947650814216 0.0851273515208198
0.202251385359538 0.0792568133656059 0.193415142044199 0.00815599577432007 0.3217334828225 0.195187180633837
0.217240994291485 0.00559254541124168 0.219703258997167 0.168472275311479 0.208679372189872 0.180311553798756
0.186035240814643 0.326602673426212 0.0452394495435515 0.0765174974411867 0.185232937767927 0.18037220100648
0.184401354225492 0.170109880406753 0.213798704680855 0.0770928079357624 0.163093045550059 0.191504207201079
0.125788760188849 0.334914274233104 0.199585112439456 0.110885876306831 0.181670292424935 0.0471556844068243
0.195834718367462 0.227335150669189 0.261052523106364 0.132870219904285 0.17288760861 0.0100197793427002
0.219503281164549 0.087600446902131 0.0926339116151727 0.228573908283988 0.169615473604717 0.202072978429442
0.417891836077281 0.389962528049745 0.0594644316956614 0.0414069842649924 0.0654955256704516 0.0257786942418687
0.291972466469533 0.224117265163341 0.198971651287277 0.0545851577445903 0.0434102446596157 0.186943214675643
0.00970007346896349 0.350110348555525 0.0653148682597415 0.313919748163562 0.259124124890742 0.00183083666146589
0.257136925379344 0.0253524672571258 0.225901038418318 0.222713116976681 0.10341359795797 0.165482854010561
0.137691501212354 0.212918002868374 0.244822219146893 0.122425550320096 0.0589325569334348 0.223210169518849
0.189669733163493 0.0289190875020375 0.214547293365279 0.221260890048644 0.141586166066214 0.204016829854333
0.0267105799099034 0.198751449948949 0.0618919257490458 0.269543861425873 0.365139603193731 0.0779625797724969
0.0313754989595941 0.114310826155836 0.292447657489374 0.44914007603693 0.0375822391087574 0.0751437022495092
0.0177856890686913 0.0385562777230722 0.229778483578257 0.330639627196447 0.343221156927335 0.0400187655061972
0.259640065889662 0.00418253720355106 0.176843968156159 0.146734234585267 0.161016160780194 0.251583033385166
0.0418454279546566 0.0655618751935421 0.256802152684264 0.0571199069293261 0.371092830627864 0.207577806610347
0.262977132196996 0.176472077501995 0.133691689619278 0.110323879872644 0.148339953021642 0.168195267787445
0.0567120881881438 0.289338125869163 0.270853353358555 0.0889490432400758 0.111457729219157 0.182689660124905
0.231036860849689 0.235305201819462 0.118674305674043 0.104894686989778 0.225760439125159 0.0843285055418684
0.337071837952972 0.0835051632047708 0.162372109636383 0.0309007037228898 0.110408062815084 0.275742122667901
0.0876312920087813 0.151853849376383 0.0556604916342327 0.358596324904103 0.115809635741634 0.230448406334867
0.0213460941224724 0.360538735172065 0.0640955536412456 0.130097241756927 0.156889867050228 0.267032508257062
0.237025245681318 0.035754711206278 0.1047390030886 0.211424695844029 0.221793625564022 0.189262718615753
0.155035775033676 0.210457636963574 0.204077146043655 0.0576789970105664 0.190586279284454 0.182164165664075
0.0932629190144226 0.0269445054423889 0.27687342885762 0.219950344486258 0.327740649824765 0.0552281523745459
0.239983883107223 0.0273611804708956 0.0946049104080441 0.191358815222284 0.303072484107887 0.143618726683667
0.185829049542744 0.200277808635578 0.261980792473483 0.267528215267168 0.0180833780232615 0.066300756057766
0.0123233428806757 0.242772252749056 0.221998579832962 0.191629448477864 0.109948654512981 0.221327721546461
0.311931444694824 0.172769273757542 0.201205943754327 0.0402860590378253 0.100544706056676 0.173262572698805
0.151378313363834 0.260737309312939 0.23788483694311 0.178434140710131 0.120618088428692 0.0509473112412931
0.0337164367014832 0.228210058255222 0.200724580966753 0.235829473466167 0.148142240630368 0.153377209980007
0.0994685431552479 0.381771084799523 0.0578976850242846 0.244591219007686 0.0993110535932082 0.116960414420051
0.201154917879169 0.0847970662154739 0.041485643364515 0.130396893781555 0.29986433416185 0.242301144597438
0.174742922370676 0.108285272861417 0.146772002704776 0.246955538929202 0.0211590430790143 0.302085220054915
0.389978103856795 0.116305175406002 0.0618984264909347 0.050600379100016 0.074106025044812 0.30711189010144
0.218942927218205 0.174168435646152 0.122716243965073 0.0839777786490514 0.185187966422941 0.215006648098578
0.153496610596413 0.148122934421784 0.237773728549767 0.0485174419792752 0.162049187095642 0.250040097357119
0.506304166013189 0.0505198686182937 0.106684957462112 0.0507274532119389 0.224051026320847 0.0617125283736189
0.289592001117943 0.194305811663912 0.182736415777762 0.0212893661471928 0.000505071307953936 0.311571333985236
0.0599807904651429 0.108968932342074 0.315915764632949 0.0735903986094527 0.264852437264095 0.176691676686286
0.255555942261786 0.167553177771663 0.109321048339105 0.277704621780588 0.0880537348017541 0.101811475045103
0.376203127355317 0.0215195453627207 0.277760931775624 0.0749307438497533 0.0834995219211323 0.166086129735452
0.0285551954640181 0.199360882826307 0.0543670121622403 0.152417140691892 0.280098782088556 0.285200986766986
0.0911885302037811 0.188356982716073 0.180105677322285 0.320493400907115 0.184968684517577 0.034886724333169
0.0469307060029743 0.0354311675970742 0.267117018594955 0.24869052195301 0.165913236431033 0.235917349420953
0.0206279525371015 0.178893687505889 0.0438195085419894 0.310287777703945 0.104840896690436 0.341530177020639
0.113063313490283 0.23827630040053 0.204281027858812 0.238024241456856 0.00598091005418173 0.200374206739337
0.0279354534219415 0.242881132917187 0.0674237795517361 0.21928669754292 0.179782913115247 0.262690023450968
0.159522929017473 0.233725637315597 0.0253367439699639 0.281235057077171 0.0442154552835198 0.255964177336276
0.161559752593797 0.3456349403351 0.017949454668227 0.065637928480408 0.252411511422767 0.156806412499701
0.114048546438114 0.190780860537509 0.200415556278001 0.16413988121558 0.0332959175875968 0.297319237943199
0.0145964008331463 0.130137884128574 0.0776545373824523 0.273186283605241 0.327514402890365 0.176910491160222
0.261998820572755 0.0623947001850486 0.0269657805526132 0.27433726088727 0.320157841094441 0.054145596707872
0.192427414708627 0.254587709026549 0.242929485022394 0.00565070152491311 0.201857390457186 0.10254729926033
0.17714310689561 0.189182971144742 0.0812466841000229 0.17184718057999 0.301750556659989 0.0788295006196455
0.372534718003558 0.132562712709833 0.000145620865842341 0.0354891733464235 0.421750909962021 0.037516865112322
0.161318244486945 0.179782762951985 0.124362454529829 0.170927955920967 0.106248689833539 0.257359892276735
0.0322311219369387 0.192253102181828 0.0827559826871461 0.33888815562348 0.305607645209471 0.0482639923611365
0.158058765420352 0.267945025129918 0.0631191301351483 0.25720751554066 0.00930593219644779 0.244363631577474
0.0625715266165294 0.193023896789359 0.118522131910325 0.283130204472867 0.132807204123445 0.209945036087475
0.162375508657833 0.0716021973284236 0.119875376769689 0.249887844974728 0.212786460840652 0.183472611428674
0.405826380598095 0.0150542641271211 0.0133637514258533 0.194354725365756 0.359943392238727 0.0114574862444466
0.108666494115838 0.177439855192719 0.0354825796601467 0.162375710766879 0.303103605081781 0.212931755182637
0.0341232336230103 0.251148972943027 0.261940523140188 0.0598394622737918 0.263951766758864 0.128996041261118
0.355898028534869 0.00632350975513344 0.3232070492065 0.0802846680492705 0.221220518315365 0.0130662261388621
0.126836510075765 0.227305113468089 0.231884042226504 0.110255039769788 0.242505691902706 0.0612136025571487
0.163052509464678 0.2668024753201 0.125866285400087 0.280196683227854 0.137970482224996 0.0261115643622852
0.248719864453098 0.246261510926267 0.259946731220055 0.19654957100363 0.0196477313745694 0.0288745910223793
0.0903892508795597 0.317003862888726 0.28513819775563 0.0479898935912555 0.248992143268396 0.0104866516164321
0.201067923734689 0.0781722059831587 0.23397452099089 0.24603095494251 0.116140969450328 0.124613424898423
0.0991119991609795 0.0965268654775463 0.0794485871485311 0.226216214725303 0.309531266702208 0.189165066785432
0.232333303363712 0.108151273461125 0.142639775024386 0.261921905679048 0.188689743864875 0.0662639986068543
0.0955648653846572 0.146926799184734 0.368335796572193 0.186284751879948 0.0379112692332174 0.16497651774525
0.0433782844351763 0.139358109302881 0.338506207913483 0.104771197327524 0.15167084383537 0.222315357185566
0.288360447333 0.0244630415602696 0.186928961273405 0.120183537269501 0.117304304987049 0.262759707576776
0.466256692609407 0.112202360438836 0.186024798583314 0.0754307654197603 0.145515755110491 0.0145696278381913
0.138553184119344 0.154892168298564 0.195576788184549 0.113856440932252 0.131331786413293 0.265789632051997
0.0607361911790743 0.215244350983313 0.0995938507927179 0.151371955753416 0.438730219572259 0.0343234317192191
0.0864401397472596 0.101646538075952 0.265651946990607 0.231760281023258 0.0272443074586675 0.287256786704256
0.257459899565124 0.210496848613729 0.112082279779076 0.120105353499698 0.211164796674215 0.0886908218681584
0.422830536782289 0.332033335478641 0.0662090801784241 0.0408281753258826 0.0552584773525209 0.0828403948822428
0.1051849938783 0.182621123042015 0.240161153673536 0.143144115412582 0.248246167070074 0.0806424469234935
0.294605611808823 0.155101756413122 0.217437135936003 0.10348728723989 0.0553350911212027 0.174033117480958
0.0282801263054941 0.11513018696655 0.203151247423565 0.2161733170087 0.257043798317374 0.180221323978317
0.0402164645908921 0.181964905893709 0.221767464702562 0.219131363229716 0.3007989054087 0.0361208961744211
0.0571502032294159 0.0502634059390088 0.397102287718949 0.200324822257802 0.0940462823279424 0.201112998526882
0.2731115704655 0.246092474505057 0.134343027243438 0.179343802555351 0.137476614456912 0.0296325107737417
0.221447650853892 0.213601807074691 0.0648797462215047 0.083196743327694 0.213751226212778 0.20312282630944
0.113339785043655 0.21038978373745 0.200591406753621 0.219431063614609 0.030333157506472 0.225914803344193
0.153895168661822 0.119311296520992 0.00157504116507287 0.242738128433346 0.211138309052833 0.271342056165935
0.205409722668641 0.242916001153729 0.150423317639884 0.086984957177252 0.182014482517064 0.13225151884343
0.205116339248417 0.300176624890788 0.120386738363396 0.0686227402102556 0.239445459922119 0.0662520973650251
0.0903862215104989 0.35080713329492 0.13332047841732 0.250397941805342 0.126135282518489 0.0489529424534303
0.135661393921356 0.0337321892298957 0.219858979280279 0.206116266863506 0.167132026428153 0.23749914427681
0.0554531742173098 0.297261063297877 0.233652311941662 0.336550023264429 0.0646263743421118 0.0124570529366106
0.142702123293333 0.0110002320216912 0.155364999589165 0.214554073182534 0.0935798961598407 0.382798675753436
0.294042405974181 0.165737212273569 0.0022123320782525 0.205148120955871 0.120242164899636 0.212617763818491
0.151126341118269 0.0131249457391779 0.194213922531629 0.194371835101606 0.283476487670085 0.163686467839234
0.0999554343238287 0.0849489280713104 0.00312929535160071 0.254725814942672 0.303724925495915 0.253515601814673
0.0875186459764546 0.056430483895434 0.375620139340355 0.0415639723308997 0.150777123986688 0.288089634470169
0.233358271181254 0.0557961804980255 0.13808323857784 0.0543496118330307 0.151949568053435 0.366463129856414
0.198962535842562 0.148378079834232 0.19225446639065 0.179085264316019 0.0721231474893764 0.209196506127161
0.163332584658119 0.0776986847571553 0.0573564277073402 0.262492863134295 0.284863610160678 0.154255829582413
0.14735027177686 0.125213688026398 0.227526753767371 0.162690169408092 0.145797798008215 0.191421319013064
0.0998567660041692 0.170243697011211 0.205357550753863 0.248793124357963 0.169568278757626 0.106180583115167
0.171051571870059 0.185986501422005 0.2156661631812 0.0753353985115225 0.161136209768811 0.190824155246404
0.266349188890193 0.00241800774237295 0.153548625632599 0.269602304214082 0.12598466518002 0.182097208340733
0.0276870465703279 0.402744690185179 0.0956846323300801 0.400702337038876 0.0486401886066537 0.0245411052688838
0.199707519537111 0.283254471676433 0.233269504340851 0.00824140734113316 0.251164724182614 0.0243623729218582
0.161330911462674 0.197951565780256 0.0819330370257055 0.077895714764507 0.244106908783543 0.236781862183315
0.196681639058103 0.0299337368448762 0.0612547683663967 0.265585573735723 0.408572601217798 0.0379716807771037
0.101476893196848 0.149506400831186 0.0747246054739283 0.27438828363235 0.122473886677698 0.277429930187991
0.112068502315567 0.219161018219022 0.145170165968571 0.316533981853894 0.151550453466172 0.055515878176773
0.177373424913273 0.127165301882359 0.236575335674918 0.0733414365977935 0.128485304827716 0.257059196103941
0.130341789766538 0.107542300387892 0.227976234830156 0.276153498871808 0.110158285527073 0.147827890616533
0.0880281951359605 0.0890561298612043 0.183812407311782 0.0907999608306173 0.227405239544893 0.320898067315543
0.16587971338734 0.122538564000176 0.106403363509987 0.153979388919535 0.270488578076549 0.180710392106412
0.0213196700416103 0.242418591589671 0.0271588870042692 0.324641686680855 0.123867153404473 0.260594011279122
0.101367866846683 0.268550723838409 0.197074103793821 0.31727526466707 0.06867108922517 0.047060951628847
0.137723160275514 0.0995469168927748 0.205288786274852 0.293802432409334 0.189977607343597 0.0736610968039286
0.210689171986857 0.0365991143695259 0.119969193805468 0.0587127869318536 0.306658030581429 0.267371702324866
0.201876686636101 0.170564448907149 0.332676488095867 0.0193764102188993 0.123579458732004 0.15192650740998
0.0271636668358802 0.202335579854189 0.121202551781098 0.156064673414457 0.227574605393763 0.265658922720613
0.257612271696399 0.027459282628828 0.1772714300668 0.380358617589497 0.00914021507741271 0.148158182941064
0.188479245763539 0.0867761849368386 0.242018379240549 0.0442780873998082 0.283815247110408 0.154632855548857
0.336946287549483 0.077016561983492 0.131907921969304 0.0844178400476397 0.274861105477673 0.0948502829724091
0.019598206934899 0.407817341054762 0.29873753972554 0.0274629694166503 0.0170271852904047 0.229356757577744
0.199449782717041 0.257354923501456 0.167407390069511 0.242680601193444 0.0558080205748072 0.0772992819437397
0.249740615121814 0.170173300741907 0.155796972576913 0.0878434957654237 0.279793694891878 0.0566519209020653
0.184361334075822 0.0788232286279398 0.215368748276608 0.190063425360702 0.18231150605524 0.149071757603688
0.0268557990306348 0.161794966390628 0.275172048701879 0.105731106537474 0.177862332368641 0.252583746970743
0.0697372806282892 0.257262427963826 0.223543761223865 0.066495378786367 0.198339806134532 0.184621345263121
0.137562300541988 0.194021795117385 0.164491380776853 0.212672161424209 0.0371050098750118 0.254147352264552
0.23652258496998 0.21744143715898 0.0219683686992936 0.192691242487561 0.196762565987959 0.134613800696226
0.100848206928023 0.0494807557952368 0.2697578301591 0.268154217287621 0.214253104412214 0.0975058854178052
0.275849518060409 0.0476490499546954 0.0452463604380979 0.270406810160792 0.165445254547597 0.195403006838409
0.144146096755542 0.061506320079712 0.00774192433266767 0.184849398684799 0.30169012010163 0.30006614004565
0.259205394267585 0.0908791887586391 0.0208132754103738 0.322909729243923 0.145384760028832 0.160807652290646
0.258188922649649 0.197452189750658 0.141681648832552 0.100769722455479 0.203250720922181 0.098656795389481
0.176732148394442 0.458288774101514 0.0383254146268051 0.0176955116505566 0.0537759401257271 0.255182211100955
0.147248242423138 0.151371211087403 0.263789914964754 0.133326528304867 0.0347268576602722 0.269537245559565
0.0401898873991326 0.296753431695634 0.10135736462559 0.0745834111849619 0.205417677861091 0.28169822723359
0.231324056609345 0.126104367051683 0.199488167754343 0.126642790555356 0.0294718265709782 0.286968791458296
0.165828393974553 0.0697459839690573 0.15120279018584 0.19481409224748 0.128932850053452 0.289475889569618
0.231912868530764 0.179549813637087 0.150747628162479 0.20422006138099 0.0510064632334175 0.182563165055263
0.0632967795238565 0.201700507247979 0.260828601684424 0.297005828528757 0.115960371937193 0.0612079110777896
0.0473942238493502 0.168484978471793 0.123412789330402 0.217465673867862 0.233240318664641 0.210002015815951
0.220054611356419 0.19749931322962 0.0670469824423817 0.086882556438536 0.232110592420048 0.196405944112996
0.0361082233959564 0.130591645841541 0.35792406943309 0.0609075464227274 0.230715067520041 0.183753447386644
0.02574014865425 0.0200872892269702 0.483858412818029 0.146551826565315 0.128116976733895 0.19564534600154
0.0115720280612676 0.140100582634729 0.145143650772376 0.180627475488411 0.178845016858808 0.343711246184409
0.138975456527643 0.116364688671266 0.163944644699696 0.10876539114316 0.385737006592185 0.0862128123660512
0.213016862777785 0.00181557348788268 0.0615665683194627 0.218246987288681 0.385815053715869 0.11953895441032
0.173282417362848 0.0269720618610555 0.119347252212258 0.217514417968352 0.366966009765831 0.0959178408296556
0.113498913120903 0.149936701035132 0.284301710778733 0.0350960540694837 0.298725270800093 0.118441350195656
0.170852732734374 0.0568266385931145 0.273592329015221 0.166461621978279 0.152347685900274 0.179918991778739
0.179474360394346 0.133771243567384 0.174260526214514 0.197491767549708 0.107795322148055 0.207206780125992
0.305452587370299 0.157077694825217 0.165491757373592 0.200532776466025 0.0485383547025479 0.122906829262319
0.259224236347178 0.0512349751860201 0.147197102562041 0.108184775102838 0.257869513908803 0.17628939689312
0.0853020189899939 0.0625565010719276 0.175049583762492 0.247827234762552 0.149204735302694 0.280059926110341
0.131258637304437 0.0194524940822624 0.267127507302948 0.164592038291336 0.177372876813282 0.240196446205735
0.0147182952418458 0.24852078447733 0.145365124254006 0.330345595478897 0.252890129170663 0.00816007137725812
0.129653595563848 0.261500252963484 0.076847927001418 0.267014561551336 0.127574622873634 0.13740904004628
0.0420307195789761 0.116190618804785 0.0266970287808646 0.183539568841564 0.358435754351381 0.273106309642428
0.324666808701208 0.246458219585503 0.141538056643116 0.0726218708448185 0.157682504307498 0.0570325399178574
0.123723576145598 0.186024564054258 0.26659589602311 0.175166178540576 0.172960415350528 0.0755293698859299
0.186489295350977 0.105592303305995 0.199255078675847 0.220589972216344 0.204192603497923 0.0838807469529129
0.0632239698562689 0.220661963997814 0.122832192226767 0.236378013181919 0.180011848634042 0.176892012103188
0.224694208213233 0.176534347097547 0.15667951020431 0.106480272247656 0.155675771087926 0.179935891149327
0.345977426452038 0.183920155757232 0.0261262643260224 0.0428987466703603 0.0506690393601114 0.350408367434236
0.236820697956862 0.292617427850612 0.126580791272049 0.185073781216999 0.0917292403103683 0.0671780613931106
0.299451114888503 0.244806048913215 0.0299790537245331 0.274365235369601 0.108996027970121 0.0424025191340275
0.189473786675659 0.166688411611227 0.0607263343499703 0.217553357020548 0.3134606461378 0.0520974642047959
0.303073221464719 0.0486490791233653 0.304741988853288 0.12597910781931 0.11742920319481 0.100127399544507
0.0314991567228237 0.0094310330381361 0.397038938394158 0.416772544211227 0.0492874678164765 0.0959708598171787
0.157169359851213 0.264845740614704 0.205491351387534 0.238015799096914 0.068845295619224 0.0656324534304103
0.0549734748217887 0.151395388485581 0.259356416830624 0.153521554883744 0.266043667916695 0.114709497061567
0.266902691190088 0.314756717187341 0.0133017196251805 0.194144231269077 0.105150405556015 0.105744235172299
0.298098565749922 0.188043051484138 0.103775839722875 0.00514208112323855 0.374401099824764 0.0305393620950628
0.232943652796228 0.184412220571388 0.177631223173905 0.182041735698716 0.128785260251172 0.0941859075085908
0.156060986739044 0.168710041636922 0.129936713379936 0.286641746610636 0.210538538467352 0.0481119731661106
0.132788272495279 0.230680071941635 0.0941658210374224 0.0940328417371278 0.267932657012558 0.180400335775977
0.0430219746313201 0.105633404877635 0.134556361747884 0.223584699703271 0.312244958726308 0.180958600313582
0.136451877768648 0.0389785043600642 0.223384823834243 0.261224428908248 0.188738465187945 0.151221899940851
0.0604981020070718 0.401276019993072 0.185153044415649 0.0267154769252012 0.0274750066377441 0.298882350021263
0.126302495732681 0.172079065553545 0.346456260343817 0.312323961551887 0.00222773183969831 0.0406104849783721
0.0205542552626834 0.237823342705 0.180812245746142 0.200866182923946 0.22371936126736 0.136224612094869
0.166230789998918 0.307419294818923 0.202823287822387 0.0423903965687509 0.0500795769018728 0.231056653889149
0.256033299334843 0.15861810758318 0.199811805671929 0.244437768250774 0.0748639702564605 0.0662350489028129
0.07919734103411 0.120518824408583 0.0980516642239959 0.426009079425828 0.109407503712022 0.166815587195462
0.0577778179837829 0.0917398046941428 0.28340661295589 0.484078310777779 0.0671300950615465 0.0158673585268587
0.0794788066068418 0.258743664783381 0.21883465486589 0.252417390110256 0.114052907941228 0.0764725756924034
0.00751155083441462 0.161415642152564 0.00959609083956032 0.202915022498617 0.292257851935827 0.326303841739017
0.0703830339640756 0.185730870848792 0.244013433385483 0.0399966430318201 0.192131063460285 0.267744955309545
0.316934500941177 0.204788797598492 0.0482657422502676 0.331833768214178 0.0607743998798224 0.0374027911160626
0.197862652390775 0.024394719827119 0.397011785580712 0.342067164864723 0.0160455024047518 0.0226181749319183
0.0770044025694163 0.19014002462946 0.260560780681147 0.181949468608181 0.0796139489567129 0.210731374555083
0.109622606738573 0.349852759327464 0.0271875667191869 0.00237354807563565 0.293660960273755 0.217302558865386
0.176262335751341 0.0646426578909588 0.193469104425769 0.134719667708636 0.177929001139584 0.252977233083712
0.197499055873117 0.234148949725873 0.00713739696693909 0.235376295259733 0.220502154204734 0.105336147969604
0.0825629484935533 0.334446640038004 0.0455018457871263 0.0689319223379008 0.0321194471319522 0.436437196211464
0.200011264956064 0.171745838245515 0.149082144955998 0.189217124302658 0.192026667927782 0.0979169596119831
0.110111812402408 0.244802991035779 0.0875352171297399 0.243273379282994 0.286299294445546 0.0279773057035331
0.059639817970751 0.148858996466913 0.308479922333538 0.0166847594567999 0.20444825674418 0.261888247027818
0.0977702091731845 0.136011873519909 0.190965744805215 0.23165693250613 0.100644665082895 0.242950574912666
0.224477993983546 0.0402282512286501 0.101953198155315 0.325661596798075 0.279506057234689 0.0281729025997248
0.150225220992457 0.207537388694341 0.281110859457514 0.0115822389054192 0.155020858387399 0.19452343356287
0.14062752570274 0.212775083440266 0.000577174692735947 0.172555775582833 0.22271055630335 0.250753884278074
0.0967136882497462 0.133088244495324 0.361451707253186 0.0387193616769329 0.329980826359047 0.0400461719657626
0.143726304520228 0.101263445718791 0.199414854485597 0.0180727241500771 0.228131727161784 0.309390943963522
0.280591172133136 0.0181249961096727 0.0802144865082924 0.256624347124817 0.0584811080314716 0.30596389009261
0.0426508686215446 0.100097602436802 0.0633295868599753 0.347852681651362 0.265190929686269 0.180878330744047
0.192823677615251 0.239759947111514 0.15924239529698 0.234421343415707 0.00721485562145884 0.16653778093909
0.129973821058827 0.259745237903517 0.245238230306859 0.00620671989250815 0.169501723301516 0.189334267536773
0.226487918902929 0.0261623393520767 0.179458425704029 0.135808560356891 0.133905876460006 0.298176879224067
0.177419324035561 0.149231137748736 0.117496330247933 0.152622459445092 0.251961802869135 0.151268945653543
0.0405234994181474 0.285316242028381 0.0471752462319573 0.158670991673065 0.223215566705609 0.245098453942841
0.0674375914679794 0.236546496769641 0.0721347276690548 0.333417440677645 0.198968061399891 0.0914956820157894
0.249913535823787 0.337633255343384 0.0227160655933233 0.0436635858619522 0.188585826879077 0.157487730498477
0.0199907530714815 0.193681940162617 0.10623455041586 0.218188177031056 0.360785629456226 0.10111894986276
0.0545980127692659 0.0979507294137326 0.266054456871995 0.210997079434864 0.249559463120109 0.120840258390034
0.2459405244487 0.353752967347091 0.152595296500495 0.0436885626289601 0.187741654803023 0.0162809942717309
0.32280650143849 0.030809513223229 0.173064323091174 0.0503256083962475 0.162320556819488 0.260673497031372
0.14186948721687 0.206721984668228 0.0501502086075649 0.366632892995932 0.036082267400311 0.198543159111094
0.169448172455037 0.154948101040063 0.217526349690823 0.0483791517144848 0.211965373728662 0.19773285137093
0.252855313814421 0.238088218476441 0.205453532548184 0.0857666574093997 0.199718951482598 0.0181173262689559
0.225522204784115 0.132046085772434 0.20944183637187 0.196446646716504 0.0785674148802546 0.157975811474824
0.0525502539511595 0.210967165767092 0.13673999234759 0.221906241742638 0.0586841979142274 0.319152148277293
0.0480821093509242 0.223816942182733 0.178492379851256 0.232589185335393 0.0896851864432352 0.227334196836458
0.215132080646421 0.199324509025836 0.163809192125792 0.19193091051384 0.135045393662217 0.0947579140258929
0.207884951714091 0.15128543361782 0.0827424183513559 0.496790476891496 0.0161287194248803 0.0451680000003563
0.0252014455814162 0.296611473712989 0.100982654990433 0.235360764249998 0.341799216313785 4.44451513801374e-05
0.28793111854027 0.014311972355004 0.167188547804471 0.0202716345306539 0.154799087933376 0.355497638836225
0.0825785260964547 0.0326289248538548 0.298226829292997 0.0174928368728299 0.297581178125808 0.271491704758056
0.156466559829901 0.181819921722271 0.302588396685966 0.148152851084596 0.118260959679404 0.0927113109978612
0.232087305288324 0.328426228526515 0.0420885671988321 0.100711257546972 0.232130506749126 0.064556134690232
0.0890364323460635 0.0118101950813495 0.303569654328876 0.456529830473032 0.0303292322372482 0.108724655533431
0.25798737035292 0.0857604652588261 0.22030339652357 0.0577068851045401 0.27119121307274 0.107050669687403
0.229749874332404 0.0964381603692628 0.0592342476200604 0.267481778075036 0.273404263916587 0.0736916756866496
0.292882196478551 0.157143186079748 0.0709344701327467 0.079206723455249 0.19129390950706 0.208539514346645
0.225358799723209 0.124879426823802 0.165829701935291 0.0976638286945942 0.106042895763773 0.280225347059331
0.145463301940735 0.192036061675348 0.319045895129265 0.0146357321209502 0.319960103383322 0.00885890575038036
0.0559699292570332 0.229996559877104 0.0646102893897323 0.273386841187621 0.208950216979826 0.167086163308683
0.00757133923990064 0.329712460905864 0.0741899381792764 0.080272918089741 0.204853676390246 0.303399667194971
0.142217012375288 0.282062048259495 0.0355717373001552 0.0723301766670913 0.194119372217984 0.273699653179986
0.12214176588391 0.190058590930197 0.101826289164306 0.106174327193575 0.173476497421801 0.306322529406211
0.211100435823 0.206514368590634 0.0935910156243737 0.10555076145604 0.189031916671995 0.194211501833957
0.176515201689961 0.147791130754811 0.0891161818051004 0.177092192867794 0.161592612168698 0.247892680713636
0.141136526987894 0.329365488189036 0.204697134834803 0.0230555557942663 0.176356007179189 0.125389287014811
0.126515959754996 0.119463910559271 0.205977469383859 0.164563117393707 0.182405150947057 0.20107439196111
0.0955956689802565 0.00685223981518592 0.203230284614499 0.557061677871868 0.0551107625355272 0.082149366182663
0.19922656373711 0.175224630778134 0.0657829483421297 0.0249235912511451 0.17727089827091 0.357571367620571
0.249256046148046 0.0538788094496868 0.263138447106334 0.0482001024567598 0.260578579353064 0.124948015486109
0.244785090117134 0.217248006122109 0.317484314900156 0.0189143776006068 0.0758697608244203 0.125698450435574
0.0901971554952254 0.0532609617153318 0.214220509343841 0.280406035750941 0.149617097460836 0.212298240233824
0.158840066199032 0.0380708367557649 0.176233315401896 0.297569574559221 0.106973775571995 0.222312431512091
0.175224544443458 0.180978458964478 0.0149721735310962 0.262587416854636 0.159122100433098 0.207115305773235
0.0986502829821596 0.174570411504387 0.281856273410032 0.061650293772103 0.274660193780555 0.108612544550763
0.0739002803408401 0.24099275490747 0.23110046767829 0.0438467967332055 0.145402054713011 0.264757645627184
0.130455278944704 0.0741490575969764 0.378778830381066 0.031801962277217 0.139933691651998 0.244881179148038
0.0135132518239004 0.0997392073285034 0.287765718467819 0.296866494288457 0.265242340935383 0.0368729871559365
0.0450398330922818 0.247209959641067 0.1062662999806 0.176328622344134 0.160015652977346 0.265139631964572
0.170578466964953 0.283810962706068 0.0920506805396093 0.193935227500166 0.0201500819387561 0.239474580350447
0.249322999892498 0.189936867863136 0.340071147398054 0.0254157567438442 0.186943795538862 0.0083094325636062
0.0670323626453797 0.000980670343490832 0.34757634895766 0.0758005829325524 0.217126433673416 0.291483601447501
0.138739277689954 0.149772277254692 0.221995990251997 0.182391645458595 0.148739920970134 0.158360888374627
0.28631830583831 0.0898932117426339 0.220173782186737 0.257176410488888 0.0639485469404954 0.0824897428029351
0.112652022049517 0.266037449169137 0.0339462385213083 0.153413868447683 0.0496418531495961 0.384308568662758
0.597012968620138 0.0741842694688962 0.0722586696503899 0.0431499707954111 0.0452929322323334 0.168101189232831
0.0701711174089086 0.0238949166402569 0.362562958884514 0.278751293821179 0.160583052914526 0.104036660330615
0.161891867091963 0.189221896968673 0.219001075982231 0.179836132327462 0.207083081999771 0.0429659456299002
0.23419881810811 0.167324518917525 0.114291155020888 0.259113860440725 0.214167847596964 0.0109037999157893
0.0692483170945307 0.284067830254854 0.0874424404247903 0.170740463806106 0.200600272722986 0.187900675696733
0.325032690787717 0.0100231239342563 0.348990887942124 0.0706980265978743 0.100860645551381 0.144394625186648
0.0926201627879837 0.0282092381764329 0.0113252172170055 0.0691379854677942 0.329308414791748 0.469398981559036
0.131224134828591 0.130833123888835 0.169541986049459 0.0890277160280065 0.429164261203792 0.0502087780013169
0.284146777615607 0.0480529610575153 0.271717802090349 0.0323482831766676 0.191790549229401 0.17194362683046
0.199964290876989 0.210158985413266 0.213254928323141 0.149887593610886 0.223441914931769 0.00329228684394914
0.230365997569641 0.302253980728873 0.0341638933499097 0.0708974248972565 0.130328521971999 0.231990181482322
0.0148140732595191 0.163768741726611 0.0440873485667995 0.274986396662561 0.253295729325717 0.249047710458792
0.167282972778433 0.0913079808547853 0.241093941673268 0.0772629376587791 0.335378432859278 0.087673734175457
0.237031435555996 0.22594110675023 0.110023372324142 0.0233065231235218 0.208673687404759 0.195023874841351
0.327452750193792 0.0194077087197854 0.121876424550182 0.193465320408794 0.326298137142011 0.011499658985435
0.129894775017971 0.00909708860047113 0.343640599278374 0.266899511296106 0.0339724039222466 0.216495621884831
0.192762247629867 0.265149676582767 0.147213244849951 0.274280933543298 0.0171339049221488 0.103459992471968
0.126859655254341 0.101308334318684 0.095176494217787 0.228261333014378 0.206033089081418 0.242361094113392
0.0687714391103108 0.203729884030638 0.140873697072695 0.27210449903637 0.0200397442108313 0.294480736539155
0.224620889732035 0.176758616030004 0.126081860943257 0.208397946335546 0.0126399595516129 0.251500727407545
0.334143149702624 0.0200301431454494 0.00779644412722343 0.381841971720023 0.0677489457371333 0.188439345567547
0.161757073158641 0.209450616813806 0.423424844886455 0.05805734374901 0.00380815136679465 0.143501970025293
0.0789368885188506 0.0619549028314116 0.286290615015042 0.260357244876182 0.183168136922346 0.129292211836168
0.0511472072657303 0.218351606913308 0.108253072165907 0.144252477725733 0.248042602563198 0.229953033366125
0.156876138650432 0.127809695973719 0.200028138791358 0.246341878315985 0.239797048988462 0.0291470992800434
0.232284547855897 0.111934562769985 0.201150300578491 0.222051459663861 0.144920206785239 0.0876589223465262
0.138704757197141 0.147316923690365 0.106996415298728 0.0645175583037835 0.272249012156018 0.270215333353965
0.0153906804220894 0.117271119964106 0.284193839610453 0.0669624217788034 0.273281803233723 0.242900134990825
0.171165862908101 0.0287834424795183 0.204247500099282 0.209679098944595 0.0981327234985793 0.287991372069924
0.115777338409748 0.339527276250675 0.25747812019611 0.029008951174487 0.196851444827404 0.0613568691415762
0.251613520823659 0.0794967114401448 0.106045600211892 0.166964389971773 0.113080437953191 0.28279933959934
0.100199814230286 0.194725537097132 0.0760872628364682 0.278857317577341 0.0982175318687181 0.251912536390055
0.0594332901534616 0.272333691677941 0.306514934585681 0.223036606448613 0.074422571903725 0.0642589052305779
0.229424134809596 0.0995453758100138 0.242779355777386 0.149883458898044 0.0278747948255165 0.250492879879443
0.0377496341173718 0.0397816306904182 0.0672366271855676 0.32955418552064 0.230702272691325 0.294975649794677
0.276263998663911 0.176205860441591 0.140261020863235 0.150646049335891 0.239825126601024 0.0167979440943479
0.253540595988008 0.083778680051532 0.134977824448492 0.12795323276737 0.15775319919642 0.241996467548178
0.15195741346542 0.228839360312643 0.200005232163957 0.104089895023455 0.121881093725246 0.193227005309279
0.0462874205367916 0.209804522482476 0.228564869690357 0.192962732455572 0.194930864406436 0.127449590428367
0.0649276448386103 0.0342691534570851 0.121384852723801 0.240519638297587 0.414258498559625 0.124640212123292
0.195167062269726 0.168845747919485 0.154474375584975 0.219328423001271 0.141079474351461 0.121104916873081
0.16820433853874 0.0571475514612537 0.14929395652448 0.268289403468343 0.178953933911868 0.178110816095314
0.239366012663385 0.103521851522981 0.0910217303283376 0.399679261796537 0.152210858675876 0.0142002850128831
0.308323456754072 0.0111452526918758 3.83733748884146e-05 0.0611891250685061 0.277338985921812 0.341964806188846
0.154577288879342 0.220507321095861 0.0729257689469998 0.226213953778604 0.146936557876205 0.178839109422988
0.0212659902881724 0.111133664124215 0.357329650091848 0.0859255631201659 0.119148768783927 0.305196363591671
0.0056111178526704 0.358286791497855 0.320778511398986 0.113203424522669 0.043045049857648 0.159075104870171
0.122602891062886 0.0683770094789371 0.0287076406042579 0.324815167405046 0.233402125199222 0.22209516624965
0.309740323225179 0.09006884606811 0.147357631537391 0.127921940444587 0.221917154716163 0.10299410400857
