0.249538547809246 0.0420153571639253 0.25466261033863 0.0930025089837449 0.360780975704454
0.0976337349262754 0.247173111677856 0.225003104676947 0.221695947508031 0.20849410121089
0.326372312451933 0.0258358814620123 0.283108516220074 0.0589411627153904 0.305742127150591
0.253068816074515 0.224809951481466 0.22426826112164 0.0442986078578733 0.253554363464505
0.264951437716698 0.421294305837223 0.112659356698299 0.0880476140909246 0.113047285656856
0.32158577706292 0.20832255611097 0.0660397724980437 0.093929716244693 0.310122178083373
0.528221614651903 0.215842861513811 0.018671402757942 0.0794417504200265 0.157822370656318
0.144931136514287 0.330796769084449 0.0101649713814861 0.230988810889322 0.283118312130456
0.0568959410750074 0.164339383099449 0.400326801013947 0.0894956646902109 0.288942210121385
0.0748258817463514 0.273750671704357 0.0594872992093794 0.342874187579928 0.249061959759985
0.0277227593915466 0.0923538857209151 0.351546297871262 0.258527287904981 0.269849769111295
0.213831198333786 0.245367890261153 0.227548168550552 0.100727187725345 0.212525555129165
0.611378500720957 0.0608139093673189 0.0466590443399387 0.260304256066486 0.0208442895052999
0.371260183297816 0.216129088275588 0.000902847759661707 0.277876051506506 0.133831829160428
0.0336239926589894 0.37979559992963 0.311837826887022 0.0670161429102578 0.207726437614101
0.227380371550525 0.300702270954955 0.160412400662368 0.27713287093944 0.0343720858927116
0.303869721350518 0.0579290019711891 0.183682364883831 0.276500650002092 0.178018261792369
0.107577127225198 0.288414934680693 0.252644915930155 0.160116976161065 0.191246046002889
0.0176561249171748 0.00514165925880607 0.481627367073683 0.240503057061549 0.255071791688787
0.131761788565122 0.159074321150211 0.144327579093995 0.348510724061502 0.216325587129171
0.158644316211968 0.327988098936635 0.404396518538695 0.102240437536212 0.00673062877648887
0.0471350311365334 0.198361168689724 0.312860107983967 0.193804239465812 0.247839452723963
0.29453055729382 0.18444860551694 0.188909601746129 0.116804585393737 0.215306650049374
0.204712956639686 0.13755175606152 0.285652648719345 0.272992830904792 0.0990898076746574
0.259985835028829 0.305913929974835 0.0362646672742288 0.0422755515355895 0.355560016186518
0.226621002371336 0.265752886243509 0.20511149898937 0.102569562171532 0.199945050224254
0.186775688720244 0.248052312577178 0.318529097564167 0.209894365502962 0.036748535635449
0.112734281154099 0.260610846273822 0.259472086187926 0.136067264790995 0.231115521593158
0.266730846172786 0.0891967884242693 0.222280092678589 0.18582141842104 0.235970854303315
0.290767597803405 0.0145873371588927 0.146813193518736 0.471471231942123 0.0763606395768432
0.0686832151096598 0.263161010770794 0.0171974019953382 0.269143825647632 0.381814546476577
0.111884323197739 0.277936259388571 0.328184273811876 0.230405829088455 0.0515893145133593
0.240836510799399 0.114079225123015 0.321543554243051 0.239535435845715 0.0840052739888199
0.265099285276919 0.165387526473826 0.192520300936538 0.347685244552316 0.0293076427604009
0.370950597026232 0.112868333143846 0.365743645522214 0.124039946003719 0.0263974783039894
0.0386901113728221 0.256545623754844 0.143318210792402 0.409695879653594 0.151750174426338
0.042183942671831 0.16384357503566 0.0805511251490166 0.672247660614139 0.041173696529353
0.418089695606992 0.231869025300977 0.103244987424547 0.228799560191306 0.0179967314761788
0.33068422390908 0.441426039854343 0.0263157842234214 0.0490112352837218 0.152562716729434
0.234653736137793 0.0754519549663592 0.283277326402849 0.298110739577747 0.108506242915252
0.252544785811666 0.250957260159093 0.229573173938791 0.0936517738308528 0.173273006259597
0.213521462036173 0.275485423470604 0.181166696988376 0.0506847759779313 0.279141641526915
0.201232969776898 0.0700482685753848 0.302317435579007 0.0966253848309591 0.329775941237751
0.132993430055692 0.254783123462268 0.355332304592695 0.0147719681875464 0.242119173701799
0.406481112873944 0.128742842938922 0.408376996575258 0.000156930548224327 0.0562421170636523
0.182951649786773 0.234677172190124 0.232515421276498 0.143649385267744 0.20620637147886
0.266401714462247 0.246652758766271 0.0351067347065155 0.146667218125792 0.305171573939175
0.283997317341782 0.104740033816766 0.155428199654728 0.133917831273505 0.321916617913218
0.120242227676765 0.148864015706076 0.106872246535931 0.14597662041539 0.478044889665837
0.170169160961336 0.171351649458334 0.433261009291074 0.0700141001091813 0.155204080180075
0.239944453248747 0.0966768092977366 0.231698101926518 0.390890914172982 0.0407897213540158
0.0164048172817511 0.0172041354003878 0.360773835022224 0.494144374803103 0.111472837492534
0.269352054623779 0.160179170124541 0.201068463561817 0.266437365459699 0.102962946230164
0.250144513511136 0.0593857639635542 0.120116928960799 0.32120817794166 0.24914461562285
0.457876588049716 0.174585781953788 0.189294068275891 0.0906642663120641 0.0875792954085405
0.261841221482946 0.258721091531963 0.310605657120746 0.152700494974231 0.0161315348901146
0.441167602436643 0.0603434246816555 0.2582978850716 0.094628330082381 0.145562757727721
0.39789125964573 0.266032205233176 0.0670307668540618 0.0785505347908465 0.190495233476185
0.228864886081652 0.289420412665269 0.148398240397738 0.32131893740549 0.011997523449852
0.293204425943321 0.03030354364506 0.101225856437026 0.353283297528589 0.221982876446004
0.100303794513305 0.42058984941352 0.0151493826752077 0.155412943974183 0.308544029423784
0.169126995539894 0.0353971814355421 0.263077830883714 0.173581785112778 0.358816207028073
0.0826265264929216 0.212378036237097 0.101611494790855 0.297799578701636 0.305584363777491
0.127730313820933 0.153371473583193 0.194896452440968 0.235296621074275 0.288705139080631
0.101543333314934 0.306482997680364 0.230862841074041 0.0727636080148074 0.288347219915853
0.067247735590985 0.077011699633791 0.458145827305817 0.0103573413866603 0.387237396082747
0.123585655236128 0.397042725843395 0.311349978421343 0.149241818825 0.0187798216741333
0.331880735472231 0.0829390248774674 0.182980117751103 0.348097729171917 0.0541023927272818
0.095791460519873 0.23615378786631 0.266083786282537 0.248342797416929 0.153628167914351
0.182973083757411 0.294846157956974 0.197706327193986 0.120515437613581 0.203958993478048
0.229168703240237 0.319258883322242 0.0932510606548264 0.0535963781751812 0.304724974607513
0.0431030188565174 0.412897549774343 0.334862854450342 0.0982830808423614 0.110853496076436
0.19834883451112 0.341760383279355 0.162729094432589 0.0649778356394495 0.232183852137486
0.25404557052545 0.195318166524794 0.191018204501517 0.295317101455299 0.0643009569929398
0.275942581241424 0.01437613874405 0.18583702148332 0.352017602777857 0.171826655753349
0.0621469198749362 0.195519274618428 0.201908366521119 0.252490650380133 0.287934788605383
0.234536992382489 0.116092757182036 0.266911418972288 0.243891161509031 0.138567669954156
0.118076678593959 0.370572029431061 0.185028215256903 0.195478480913727 0.13084459580435
0.319242207516441 0.189158815984558 0.139643042293691 0.0276159104013659 0.324340023803943
0.322707464011023 0.00340705995617925 0.332180059364155 0.242991077008124 0.0987143396605194
0.581907186969671 0.0186956943340869 0.211215607653016 0.132980865603796 0.0552006454394304
0.0406886728550123 0.168530015514797 0.203722139388196 0.575371598127923 0.0116875741140719
0.219080341617639 0.0286454584739125 0.248445343214824 0.312371629988847 0.191457226704777
0.177304324119328 0.262477568611382 0.0867545113528661 0.226454077883214 0.247009518033209
0.299186377037129 0.0455683542179038 0.350063486142382 0.0927505357945759 0.212431246808009
0.0199567745398688 0.302389908866369 0.214056374650262 0.237242073998046 0.226354867945454
0.397200690981012 0.238844272540102 0.0645583115502467 0.220437516020869 0.0789592089077701
0.226915120878435 0.105473243910369 0.183761252943633 0.175584468817621 0.308265913449943
0.305510246319545 0.211101443116742 0.127885258832303 0.114704755868073 0.240798295863338
0.0512584802614582 0.259427642759068 0.191253381065627 0.277157105719581 0.220903390194266
0.39737791934456 0.319840115656787 0.228085134880582 0.0485559387211426 0.00614089139692891
0.056581725538956 0.0549468303594585 0.286887163842156 0.0865920671062684 0.514992213153161
0.486642931325385 0.0938723059161379 0.114928005029881 0.246726268616965 0.0578304891116305
0.231128112483132 0.11898397965062 0.206417851148044 0.197834274377349 0.245635782340855
0.241124041784495 0.124081432853262 0.19631668124636 0.154645388765525 0.283832455350358
0.253340235328637 0.308502872285135 0.0689095523733322 0.289519850192928 0.0797274898199675
0.187912423751837 0.343452906223606 0.0838067574693552 0.148610641996232 0.23621727055897
0.273393135688631 0.201473155756568 0.0260325598714739 0.015320832140325 0.483780316543002
0.162346855528502 0.222863091095874 0.264356744638137 0.27083150264283 0.0796018060946562
0.251000734181912 0.13812472411196 0.159171883924689 0.281109496913586 0.170593160867852
0.206769422466683 0.321281160265529 0.305465800015729 0.145497761820909 0.0209858554311502
0.0792270380161378 0.289676628681299 0.312228178981519 0.298864458030884 0.0200036962901606
0.42808470831109 0.110357280140549 0.411585653433082 0.0158532074765503 0.0341191506387286
0.0428224622113464 0.0963497793065249 0.180101449408499 0.362212289089116 0.318514019984514
0.201830233164702 0.312171611357605 0.282279359198776 0.0671768178428727 0.136541978436044
0.157255771827848 0.258965925276882 0.0774557722766267 0.227155244103984 0.279167286514659
0.30268914837284 0.265384350593641 0.179589624117772 0.129255814200708 0.12308106271504
0.223183075045346 0.0993828421150758 0.227205658576875 0.293433114150689 0.156795310112014
0.191626761772674 0.360058809561339 0.367168382071043 0.0344854642395994 0.046660582355345
0.147523808856239 0.242430197790161 0.206792976736175 0.0908582683215471 0.312394748295879
0.271504672612134 0.0365092562922879 0.280158089093529 0.142090657522829 0.26973732447922
0.240150504516126 0.212820439334906 0.136847377793723 0.151771621411328 0.258410056943917
0.212187838191127 0.259899792391503 0.239997298148264 0.10527756566962 0.182637505599486
0.179219233148117 0.0579887429240949 0.354407486053138 0.0778957417722954 0.330488796102355
0.217946899116644 0.160720790766067 0.240860719470524 0.0821040689811647 0.2983675216656
0.209538452873928 0.160560057778673 0.240628232629282 0.241548231263116 0.147725025455001
0.103535139843043 0.289867039636912 0.0861118144057314 0.296453269398755 0.224032736715559
0.217963800022877 0.0402041935313551 0.0214456028516002 0.121743931065144 0.598642472529024
0.199328979275257 0.13082319485924 0.371418802658174 0.199037069023078 0.099391954184251
0.136197994614527 0.0795098194822633 0.371951575364087 0.273475596190127 0.138865014348996
0.103803859562729 0.113301657161013 0.338417223682403 0.225336555008205 0.21914070458565
0.245780594041956 0.277163057216442 0.16137142249425 0.0491455209148093 0.266539405332543
0.0608720928526433 0.116041070776514 0.244248752225192 0.244069236551025 0.334768847594626
0.0356006023794574 0.334106064772094 0.0701950188373563 0.185239250793879 0.374859063217213
0.154885998678645 0.184008151132446 0.225253440201435 0.311746030148622 0.124106379838852
0.0183703698833551 0.492981491313921 0.0485210974112482 0.142304583669897 0.297822457721579
0.219802895421141 0.0196884971831955 0.240718491711128 0.227616520346894 0.292173595337641
0.0697105229009109 0.0615096290874888 0.154584627845535 0.39384334304553 0.320351877120535
0.21798967353639 0.0859644855205788 0.447237657494374 0.00862702223868802 0.240181161209969
0.0479671119439094 0.36575534398738 0.0485183372032556 0.116602734491369 0.421156472374086
0.179460638082921 0.0730031710379683 0.328173307362966 0.30352347795601 0.115839405560135
0.278189893273748 0.0188151394724539 0.159042205330768 0.192676179648593 0.351276582274437
0.264899034673991 0.22994025676486 0.285528976112483 0.112658036317883 0.106973696130783
0.181383827099036 0.131584731073009 0.254633126999944 0.227523382126381 0.20487493270163
0.179373854965683 0.352434740680034 0.0404024789179643 0.249363981055793 0.178424944380526
0.175626673239152 0.293146164244946 0.216889377815061 0.215647327920125 0.0986904567807158
0.245077551025371 0.188237326381072 0.25261645236019 0.217055118942274 0.0970135512910929
0.335720650784043 0.363579729052223 0.189789247991321 0.0698551921448302 0.0410551800275822
0.248820835469862 0.105045546228821 0.242048238330236 0.288449129979778 0.115636249991304
0.0381919458393822 0.0304490989468672 0.409812462956063 0.0922632259697837 0.429283266287903
0.388559604764639 0.0892455614249014 0.194135813851397 0.297209561347403 0.0308494586116594
0.396994714407359 0.119528870559705 0.0420533783208077 0.245713533120018 0.19570950359211
0.296807041225861 0.245818905703857 0.0824095291887626 0.245483535880361 0.129480988001159
0.24375989081464 0.0325444628309975 0.107788511805071 0.254117569145429 0.361789565403862
0.369512453674414 0.0204720961846109 0.103788694235861 0.317456906679388 0.188769849225727
0.192294588516806 0.0852097988952633 0.0498870347772789 0.0895686289998718 0.58303994881078
0.337737595769034 0.354403056959992 0.0789961957063743 0.189932757735028 0.0389303938295722
0.395405305101348 0.25370624742644 0.0979472316630813 0.0272098334838852 0.225731382325246
0.329510044223292 0.150934364426508 0.190929136367023 0.233166093328096 0.0954603616550814
0.031226748977246 0.365552899434447 0.204756833891826 0.172690306763236 0.225773210933245
0.33156698867093 0.310048308838636 0.285859051271838 0.0175866200355298 0.0549390311830657
0.233137519436832 0.109653539313074 0.284301045238529 0.344176050880387 0.0287318451311779
0.0686241389611964 0.449983915847685 0.0512415386921165 0.211549464611283 0.218600941887719
0.0536961638038912 0.0406717901756935 0.332600903656949 0.303247322354169 0.269783820009297
0.21517485676921 0.153887146008651 0.25660257872019 0.171869507905761 0.202465910596187
0.275645449422749 0.310349723347548 0.18699218291907 0.0372887877826094 0.189723856528024
0.263302772994382 0.316584183011032 0.0465462504048861 0.179108563431941 0.194458230157758
0.495317972146126 0.244085345299897 0.0248980903764949 0.176699111260308 0.0589994809171742
0.212581042268798 0.247717019379434 0.231407507968099 0.179568391025259 0.128726039358411
0.437099796173892 0.244144118249374 0.177074502185921 0.0201050107935273 0.121576572597287
0.401255796653066 0.101086725569506 0.0951464667895967 0.24722315522698 0.155287855760851
0.117182400393346 0.202285659226129 0.201284286787979 0.257853546578813 0.221394107013734
0.0587053362278426 0.162975408587749 0.268271592484127 0.361927585138394 0.148120077561887
0.212638850799033 0.214884102759766 0.188414700798791 0.144572513602535 0.239489832039875
0.130533612239029 0.412818449408584 0.0137485833463193 0.0555545626039796 0.387344792402088
0.124158253119615 0.406329318284454 0.0670086542962142 0.0881697265823848 0.314334047717332
0.275628161875902 0.130733663134738 0.0831712683844568 0.339800074081587 0.170666832523316
0.199704705247478 0.119786590500284 0.257707410939424 0.253135256191119 0.169666037121696
0.116386078817863 0.179049059693697 0.18803804517847 0.263898450173258 0.252628366136713
0.125831618760652 0.283779550767143 0.206598540123462 0.216285386974966 0.167504903373776
0.397821793212255 0.0660911427515584 0.391807423224531 0.0411113438107368 0.103168297000918
0.407780211097987 0.294554598365988 0.0691564829456109 0.205844031854453 0.0226646757359617
0.249175296470866 0.34611812222635 0.114983726798289 0.153834297001078 0.135888557503417
0.264820152496352 0.311983942895993 0.228396055449687 0.0717712594941535 0.123028589663814
0.36545893913152 0.0385331771702785 0.00749604211330574 0.441617301887187 0.146894539697709
0.130856893333396 0.00401425803278043 0.213111698412408 0.394134965573571 0.257882184647845
0.126307872943736 0.216755975288105 0.231810466530994 0.155892150071344 0.269233535165822
0.355018489408391 0.125451616814421 0.120447545353065 0.000766211635132681 0.39831613678899
0.083841305492432 0.223262437124083 0.343904001765795 0.265035346739799 0.083956908877891
0.104972012518547 0.222461275418498 0.112288817294295 0.0885781001936336 0.471699794575026
0.106666931528488 0.00666115388532027 0.268278829863542 0.503264102326575 0.115128982396075
0.141226449112109 0.198415381377547 0.32618748211096 0.143465685775146 0.190705001624238
0.157477593432362 0.303411839581184 0.158998877294208 0.128371214491951 0.251740475200295
0.28308400802818 0.284095204285733 0.171259573110993 0.161660716525009 0.0999004980500844
0.254521939834826 0.115545397987379 0.0825730094410688 0.279287244216256 0.268072408520469
0.233501976109236 0.134394002810521 0.0841339595826907 0.238239395566233 0.30973066593132
0.122593177997861 0.221425727800946 0.283875158438271 0.252573267627011 0.119532668135911
0.0946307548757751 0.263518856875654 0.436520149348756 0.131239727649923 0.0740905112498919
0.0393018425962463 0.0455974983158716 0.107123094945644 0.368797723998431 0.439179840143807
0.306161854597671 0.265645993821372 0.0603656000324126 0.277073526523526 0.090753025025019
0.0854626342495029 0.196476083985138 0.220615036369913 0.176826823447978 0.320619421947469
0.193505174360659 0.207046356448427 0.215398255908357 0.196784233581055 0.187265979701502
0.246658117550458 0.135308040173567 0.150559999585016 0.284238532216433 0.183235310474526
0.201347034287749 0.352467953855381 0.0254459617429718 0.280283433677181 0.140455616436717
0.31466921812799 0.234870770554325 0.0317677486373555 0.263100806439607 0.155591456240723
0.0736343046795308 0.143356774874608 0.265810812411945 0.234683698407979 0.282514409625937
0.107407814588201 0.0336270722825341 0.26699101849329 0.31455098342025 0.277423111215725
0.365372803694819 0.0891018137770859 0.0244053477517158 0.374997206092941 0.146122828683439
0.395981580265833 0.152922637055948 0.131745964564851 0.0882736086030382 0.231076209510329
0.253017817927619 0.244438786468035 0.255271103538539 0.00967056385155759 0.237601728214249
0.321842067467034 0.317728222138116 0.305212371396573 0.0142913865367044 0.0409259524615735
0.0037107050564777 0.385539739987732 0.00910835209215741 0.194646333043049 0.406994869820585
0.0589114848312631 0.0303795238862977 0.335121913933485 0.345286856348558 0.230300221000396
0.32642583231432 0.368482456818339 0.00968215681096138 0.268215285538467 0.0271942685179125
0.0720661362724631 0.336253894283293 0.35394628183532 0.00940259017957713 0.228331097429347
0.398767264921987 0.333071571704913 0.08083715714255 0.0582229322006138 0.129101074029936
0.373093254643067 0.201840205690641 0.395733437801776 0.00485732366657369 0.024475778197942
0.262439670601486 0.25496132832592 0.162447096743447 0.13285201439976 0.187299889929386
0.432824583507527 0.115783827620886 0.0957522206539162 0.155849480658556 0.199789887559116
0.359952501274716 0.0302452340379683 0.328647961452806 0.094112314590755 0.187041988643755
0.0337067534130284 0.106231742842565 0.378264188228939 0.325066632299873 0.156730683215595
0.210068510671982 0.0154834333975495 0.336841148447833 0.401953559257896 0.0356533482247398
0.124408569175031 0.326791450692962 0.315657765247226 0.168702626341767 0.0644395885430149
0.179311485163885 0.289895307756174 0.239425133887307 0.273610439070292 0.0177576341223416
0.073223659326937 0.185113160666532 0.308345479951624 0.341648887230325 0.0916688128245816
0.321063314827666 0.139127851737611 0.218264336175845 0.280813932082757 0.0407305651761213
0.34962894445487 0.254573759066687 0.0691546388799576 0.0339271150137826 0.292715542584703
0.109948915484952 0.143421884273056 0.266582030692043 0.175593905817845 0.304453263732105
0.0701482218334778 0.217190870717095 0.341721645042 0.256851982660351 0.114087279747076
0.290908511240801 0.154913292625182 0.0292686548597261 0.349942780477941 0.174966760796349
0.139873784069794 0.0899459915587647 0.198587422184892 0.213420472991185 0.358172329195364
0.287973238336217 0.262434762103014 0.192188210739151 0.0817355109780729 0.175668277843545
0.0238874133256703 0.119224732514418 0.133871616690529 0.356607611829457 0.366408625639926
0.213633343680854 0.240835052854456 0.286132802133078 0.137211273164688 0.122187528166923
0.274487975966258 0.0131529886714508 0.173313626215766 0.118783759740037 0.420261649406488
0.226040114167188 0.0676775397033167 0.267784283349914 0.327438911633765 0.111059151145817
0.0958557054694286 0.213712055135045 0.13403449659363 0.284534230632014 0.271863512169883
0.386552256725599 0.06975026261522 0.25154368995365 0.137685949169656 0.154467841535874
0.164090221711244 0.285004309206403 0.284401750973127 0.0366116627277679 0.229892055381458
0.250975053275021 0.202559145147729 0.302010181630342 0.203768593703303 0.0406870262436051
0.0594910282599483 0.0555095302003491 0.485389439932212 0.121563365155624 0.278046636451867
0.195099216329611 0.311210309606356 0.136724000589003 0.17291642678838 0.184050046686649
0.30804736008175 0.132799737993705 0.05490922955165 0.246503643409297 0.257740028963599
0.0282315812083251 0.274780194840416 0.183472652266236 0.190882311786146 0.322633259898876
0.290507809678549 0.241907621749037 0.278531722736592 0.00165491004430147 0.187397935791521
0.274395503346846 0.0145157005881901 0.358985870559678 0.15892216992418 0.193180755581107
0.224928420513323 0.235873609375292 0.351144075970491 0.0611510182795626 0.126902875861331
0.241524111301079 0.50400959527742 0.14859070775634 0.00965097579923148 0.0962246098659288
0.0279862732018229 0.253189056765089 0.366579831592198 0.342644203468918 0.00960063497197201
0.207810085202973 0.184468387423083 0.160324761286156 0.280697982777092 0.166698783310697
0.260868183428234 0.0933536856639756 0.193663444244475 0.378931368769633 0.0731833178936831
0.360790363043286 0.0475108562674112 0.123999129263942 0.174656174731133 0.293043476694228
0.31575285795161 0.0837934210013839 0.0507573329632786 0.195411950485853 0.354284437597875
0.132939636182944 0.329731911431066 0.115634429431217 0.173437390825564 0.24825663212921
0.240829547927633 0.18486281855859 0.330032138486048 0.135240052669713 0.109035442358015
0.250412349135475 0.297227302979755 0.297290024766343 0.04268702094733 0.112383302171097
0.121194243362293 0.309039592749048 0.150478205662483 0.229079697003692 0.190208261222483
0.126921421646374 0.146193833510089 0.202755816550698 0.305559008975757 0.218569919317081
0.320021625701746 0.480509340347404 0.022725143525011 0.0780781952266248 0.0986656951992137
0.434311934471156 0.112920364216097 0.00249553295740363 0.341139887354974 0.109132281000369
0.161407335387297 0.171191322209827 0.378491814328528 0.143750253107902 0.145159274966446
0.130413719115583 0.153099042749651 0.198358385648451 0.2790358369604 0.239093015525916
0.262258124228134 0.219137244729098 0.178585378607968 0.231189041462638 0.108830210972161
0.103246426103769 0.245494783454285 0.235791740171088 0.22328561795107 0.192181432319787
0.118805914168831 0.260868719710135 0.366500316679143 0.00599166755621684 0.247833381885674
0.161909010632679 0.00318562336433511 0.410221177614747 0.0768783326990079 0.347805855689232
0.144972185176843 0.122181206894333 0.270168738845657 0.278252583162116 0.18442528592105
0.083773291389499 0.334242890631396 0.216820567696999 0.0635502539513375 0.301612996330768
0.277492670661047 0.331315361506388 0.0390882908070083 0.1239017216894 0.228201955336157
0.190662393635545 0.12574726011851 0.104666782687056 0.217692867961463 0.361230695597426
0.281719868300783 0.0487811814853294 0.0587139768987017 0.302682078802144 0.308102894513041
0.145950356125151 0.278050928174629 0.0967753110142134 0.299695034454496 0.179528370231511
0.261790961497433 0.283781881665686 0.0121347132894221 0.300670400536273 0.141622043011186
0.132834104846672 0.126973895795566 0.355326018221739 0.0605299753177934 0.324336005818229
0.325063440058798 0.190142231056927 0.282413805174776 0.0445118531007615 0.157868670608737
0.391345182195823 0.155238013779454 0.181004220943673 0.105349708378744 0.167062874702306
0.141310591270666 0.307114252979782 0.450440751205437 0.0425584723506576 0.0585759321934575
0.0614237427206702 0.246463225180804 0.226624491225631 0.249358484214309 0.216130056658586
0.130428164971836 0.20815302125532 0.1880890427433 0.220826359829916 0.252503411199629
0.141642120687115 0.146178441553582 0.295113910828274 0.216623724054589 0.20044180287644
0.167064098438853 0.210959832176935 0.319663066206734 0.0850422561955552 0.217270746981923
0.215614650215089 0.0754246906619229 0.236916203357399 0.319886157063943 0.152158298701646
0.18585479366624 0.305630415780612 0.243345514195553 0.0750990871427459 0.190070189214849
0.400434894091125 0.132113313595506 0.231028783937341 0.148430536529532 0.0879924718464953
0.307231395954718 0.315443607084939 0.213306202013309 0.013051200591742 0.150967594355292
0.095470838487659 0.0123443824106674 0.279123828400838 0.26270508715307 0.350355863547766
0.341466367049164 0.0196125121927362 0.275853296165848 0.336604362419937 0.0264634621723144
0.142482439016788 0.266301300315982 0.17398539683925 0.140397085446201 0.276833778381779
0.297731283314727 0.0353222827378545 0.0654426427252592 0.111716175002902 0.489787616219257
0.217239568988133 0.228060016935108 0.149772876339178 0.201458222629461 0.203469315108121
0.0359706899280373 0.238467153408277 0.292870613588219 0.198327806833744 0.234363736241723
0.0542638762242434 0.350560544610252 0.0614894793340198 0.251557623363162 0.282128476468323
0.24383791566382 0.296029318089226 0.120851821389073 0.143932759375951 0.19534818548193
0.243736347165258 0.321099317950061 0.307171470853988 0.108778808314255 0.0192140557164389
0.0324381573546221 0.39482244490523 0.138122319463169 0.244317601425059 0.19029947685192
0.0941916606537393 0.239741946908356 0.231532180775912 0.248845455061214 0.185688756600778
0.154222580140602 0.339472895365528 0.112455814480049 0.294197886913528 0.0996508231002923
0.217467019176325 0.242890755603226 0.0940726748709359 0.284867649526963 0.160701900822551
0.18487121837101 0.127598865898167 0.170886654588288 0.212054558019531 0.304588703123004
0.198212426204079 0.0646970618435397 0.261808908247736 0.330087303875195 0.14519429982945
0.0560181352592453 0.296092986876327 0.310575750252122 0.167943301680155 0.16936982593215
0.0137458141912536 0.192303062893663 0.0321462029970215 0.173430334047043 0.588374585871019
0.2082867560959 0.21370705040999 0.325542633826454 0.136782500837442 0.115681058830214
0.0755198505544473 0.293633411978174 0.280532347980534 0.148952219176756 0.201362170310089
0.0669983677742803 0.137175958254616 0.274571830378988 0.236808687073317 0.284445156518799
0.224618054420251 0.140426844879526 0.248377053685806 0.171064075442955 0.215513971571462
0.299784139340405 0.19887665071415 0.129408612193438 0.217749771209674 0.154180826542332
0.188870687959542 0.132926311105656 0.190599521616516 0.265902962635749 0.221700516682537
0.0734717904569396 0.227833158444046 0.304972775234892 0.040831738360671 0.352890537503451
0.0693068714701808 0.0711064844844846 0.381589651610786 0.0463120172044275 0.431684975230121
0.0610157411922091 0.405601036507592 0.136425286614358 0.242904374374009 0.154053561311832
0.083696064263035 0.0596530275085771 0.0631282136644591 0.402949215481994 0.390573479081935
0.299803436168848 0.173071379812228 0.128501344999391 0.103152435345766 0.295471403673767
0.09369540695314 0.307894410844901 0.207002859222208 0.0874136092789649 0.303993713700786
0.242849653442094 0.225982870423085 0.124300195948888 0.241592050122813 0.165275230063121
0.257302869895832 0.262299867701343 0.198183444932392 0.208529120220499 0.0736846972499334
0.320668414406648 0.0450024781029778 0.132501273005758 0.304820344157834 0.197007490326782
0.345695606005835 0.101645433817781 0.0331059470169747 0.232735338728416 0.286817674430993
0.376220851408767 0.0361800878169056 0.0268905133428265 0.376713958545138 0.183994588886363
0.267966562431877 0.0982165160939715 0.31121245566613 0.0255247285663338 0.297079737241688
0.230718198385272 0.227948751010983 0.229215822784497 0.178989875451177 0.133127352368071
0.144233975251331 0.265280777237463 0.148340484208146 0.0210374106904043 0.421107352612655
0.290961453316119 0.171123915895913 0.0741367268604327 0.320981299997723 0.142796603929813
0.0651313067013107 0.161822043031359 0.295684299543213 0.184241238857468 0.29312111186665
0.435444596613028 0.0720637361816594 0.0437344939218994 0.0642307797477038 0.384526393535709
0.314941471468683 0.265830503116106 0.208733302081047 0.0780690475021001 0.132425675832064
0.169451590635016 0.0255892908030936 0.191094881696881 0.317244589306242 0.296619647558768
0.437591478744889 0.220836530957552 0.0981777448143075 0.23610486268971 0.00728938279354083
0.234674533957006 0.17423367919119 0.0756718324946078 0.10838825311667 0.407031701240527
0.250712556066107 0.102886247433007 0.243499630058025 0.173589974551525 0.229311591891336
0.192923113663808 0.0790576076113287 0.218933816707818 0.340580584036781 0.168504877980264
0.144843384012332 0.185517479608931 0.233557083001919 0.295168651417326 0.140913401959492
0.221499111736707 0.236948993352313 0.246172463529668 0.0925777244106278 0.202801706970684
0.146844498805629 0.0626986037002675 0.327664632106838 0.150567190637902 0.312225074749363
0.0292965199758092 0.0508443783231492 0.33246614792196 0.381101093939729 0.206291859839354
0.325847447290358 0.0814593532251468 0.166380800124226 0.203441188882748 0.222871210477521
0.206206500601424 0.142757157852053 0.381591076918236 0.134371382090408 0.135073882537878
0.20276696635062 0.35659893608223 0.141404428438593 0.0358856166651904 0.263344052463366
0.301856679972901 0.290782280668688 0.124984214453927 0.246969754366407 0.0354070705380761
0.0804596823277841 0.285919881412143 0.265245548811349 0.17789009175468 0.190484795694044
0.328623027107613 0.342286076065111 0.152136117137145 0.049049600491974 0.127905179198157
0.311895799280907 0.28816252329447 0.320688307526869 0.0132856892044882 0.0659676806932656
0.0825304330545105 0.286940864053734 0.28228979453252 0.0673487028172482 0.280890205541987
0.147218391757532 0.182641783954395 0.173953795557292 0.182918146688709 0.313267882042072
0.142360364270951 0.502496298227255 0.0487822667963371 0.011568719486308 0.29479235121915
0.0689260452456948 0.248881673950868 0.15912128167281 0.296277745613923 0.226793253516704
0.0125151824128196 0.337479699575873 0.0757880416440293 0.488235964826116 0.0859811115411623
0.34467651984944 0.2605218000493 0.103179995162665 0.0511876790993611 0.240434005839235
0.429252450313828 0.0214775163217911 0.295978513177043 0.0933225322998022 0.159968987887536
0.00299727920287572 0.181304394021883 0.31015899784004 0.495144034224419 0.0103952947107821
0.231830718785738 0.315901050327112 0.0483545601124987 0.110959722352742 0.29295394842191
0.218022152562363 0.292340651494917 0.108788232086036 0.181374885139872 0.199474078716811
0.232640410479444 0.121790881039819 0.204173881695641 0.213912356434148 0.227482470350948
0.332615218012713 0.0479961032215148 0.164725891796454 0.28506273279513 0.169600054174188
0.297247196796764 0.194525442584917 0.145924162370647 0.259330967898261 0.10297223034941
0.280687956651697 0.21944515761167 0.299809076012763 0.0452306520443752 0.154827157679494
0.0253094203668465 0.176102525159577 0.210499991361354 0.320785464658522 0.2673025984537
0.300000374845608 0.226915586072384 0.217705581957011 0.123551411574136 0.131827045550861
0.110408390497976 0.294403138144234 0.105169790537917 0.318161641568679 0.171857039251193
0.162169189523269 0.350645326692485 0.0348189232137097 0.255273175505761 0.197093385064774
0.148255054446615 0.0726559418854345 0.311489262982544 0.337058120281319 0.130541620404088
0.239576577037965 0.155203811811034 0.251771059068359 0.187741894869025 0.165706657213617
0.392643706251764 0.452444973462067 0.00785285760007344 0.00457782907908599 0.14248063360701
0.150703541022528 0.384134976644093 0.302520618051468 0.0486797738695814 0.113961090412329
0.386084068806304 0.0056297645455839 0.387647918440986 0.158676929574501 0.0619613186326253
0.00379625769960505 0.391041756977516 0.165012859778583 0.345585358752209 0.094563766792087
0.556665874080272 0.0421153219850253 0.120163102837502 0.24563927830787 0.0354164227893301
0.0611096134227399 0.122453147926265 0.263788038593937 0.293111777203239 0.259537422853819
0.162255748116422 0.0606664068719971 0.367333036701175 0.150667312302602 0.259077496007804
0.198013813385771 0.199917686714436 0.0807723226085108 0.273398003328045 0.247898173963237
0.328103850607862 0.105766174228916 0.309316953735959 0.151045827234377 0.105767194192886
0.193600674253097 0.240248804220553 0.281512184647395 0.120814192208825 0.16382414467013
0.248522847439194 0.270417133027187 0.0620632868606934 0.322016906102321 0.0969798265706041
0.443023236718229 0.036726298025812 0.132922531847953 0.371364526377576 0.0159634070304294
0.279483864583019 0.093816283780568 0.14872043578853 0.295587036186823 0.18239237966106
0.299961221981003 0.226080151836195 0.125969246866025 0.115596980042905 0.232392399273871
0.43145183021052 0.0906649891748117 0.104868871055232 0.241317995668781 0.131696313890656
0.333200710016694 0.0710358032150837 0.0455053433495129 0.278621676144588 0.271636467274121
0.0958456409679784 0.415306233433093 0.215191432668367 0.167760532302579 0.105896160627983
0.426738707142907 0.0107599538808925 0.0609993546250424 0.255536495191323 0.245965489159835
0.216742262441053 0.219812837119373 0.225212425660938 0.227009020141944 0.111223454636692
0.0805540536278311 0.281351020899251 0.241040647515308 0.157448953136582 0.239605324821028
0.198257805654754 0.0162135437698495 0.218136848368232 0.23361102166913 0.333780780538034
0.158617248014699 0.359269063156678 0.241666286954613 0.070417499100469 0.170029902773541
0.168145421100981 0.0483199591003376 0.416264700286451 0.302930689628754 0.0643392298834765
0.208770043062604 0.0529016820737489 0.504144520939655 0.00688279187485947 0.227300962049132
0.119895070782001 0.259398640051002 0.279015518568985 0.263948645189554 0.0777421254084584
0.155353003052483 0.29726900079682 0.257121847048155 0.159549566368579 0.130706582733962
0.163889696820594 0.171786515786687 0.102984340217581 0.44252681902767 0.118812628147468
0.0424105170872522 0.318474239381675 0.130662219587908 0.223388986158921 0.285064037784244
0.0796572634204977 0.224347795223679 0.291225893620292 0.258428432659216 0.146340615076315
0.034097687651562 0.280808240513265 0.431001601799428 0.12304644571582 0.131046024319925
0.225237533735707 0.222920380523596 0.0478313972610718 0.260459594105095 0.24355109437453
0.295546783296258 0.144958574953539 0.239971896141495 0.313780076631238 0.00574266897747067
0.224291659070093 0.35828035429513 0.0867766580104889 0.223475538254087 0.1071757903702
0.209006560946988 0.116375299234644 0.31057965748949 0.0780642097891659 0.285974272539712
0.192163134374252 0.0913156471375873 0.272366275208381 0.239080493593803 0.205074449685977
0.271951603157576 0.189123414181394 0.174185368010458 0.0979651612358401 0.266774453414731
0.102400053488378 0.309281600453723 0.0667315500809012 0.305238827583214 0.216347968393783
0.0683951425615851 0.277262601909118 0.107956642140614 0.226169230855996 0.320216382532687
0.0486455707208797 0.167814661698465 0.302453878950801 0.101658985768709 0.379426902861146
0.0063021697133049 0.230639061765845 0.246357310270798 0.485073902959965 0.0316275552900873
0.31292780514549 0.137515606562935 0.272742650495266 0.258848579533282 0.0179653582630278
0.429174377029338 0.120449935333471 0.170162111985882 0.257707635178624 0.0225059404726852
0.0104643556561206 0.249962928807383 0.132897058901983 0.210182889859036 0.396492766775477
0.0781501802937363 0.319966391432028 0.129243703749091 0.289443511313286 0.183196213211858
0.206593035925174 0.368430042272162 0.202810990414755 0.120494578170703 0.101671353217206
0.208652615021594 0.237973971684157 0.373917495978112 0.10243803611967 0.0770178811964675
0.230491907397556 0.167736776239032 0.249092780037151 0.0983353930938548 0.254343143232407
0.117808477154321 0.209761059472544 0.30421962265639 0.20124761906464 0.166963221652105
0.228055998755938 0.265251949885422 0.106505024803417 0.261347689157175 0.138839337398049
0.326045692117483 0.274376916622806 0.0806856041888997 0.0708029299018005 0.248088857169011
0.187086134945046 0.212012863850081 0.145907255412649 0.214052359349633 0.240941386442591
0.211562552136447 0.265640854916006 0.375226311353499 0.0742797365875857 0.0732905450064626
0.100417148640843 0.310853560944481 0.111358702339116 0.193318167511584 0.284052420563977
0.037346346842404 0.359631785309897 0.148664402011189 0.200527795316348 0.253829670520162
0.254279314182379 0.0220381761920285 0.230026571340604 0.0914484418474936 0.402207496437495
0.362955847073893 0.0164421003845535 0.265002284177768 0.319811879973805 0.03578788838998
0.315692749501589 0.0631274187318481 0.0705995029972407 0.177117969271863 0.373462359497459
0.340588825444431 0.34104822838644 0.0567974117256045 0.0260777873916773 0.235487747051847
0.15874019014276 0.155990384238083 0.299706101221736 0.327983397422936 0.0575799269744854
0.333980851601861 0.00173913684426786 0.142216824172179 0.487354106678241 0.0347090807034514
0.158151073026291 0.294980601847042 0.122473096451319 0.191636260556362 0.232758968118985
0.332631117551066 0.209197359482935 0.0438746996187506 0.309275221372449 0.105021601974799
0.0823956964480964 0.0342850273533255 0.0867586901415605 0.361632428798371 0.434928157258646
0.261510589838761 0.0489238705536831 0.0900536037174824 0.526872888564985 0.0726390473250888
0.208282806318602 0.219926546506352 0.183692080394357 0.205334664024412 0.182763902756277
0.233947865584686 0.17864834006049 0.272380878565736 0.121264820745216 0.193758095043873
0.239254803818768 0.0594265927841579 0.155500657477833 0.192503668686454 0.353314277232787
0.2297189390016 0.0913660838336211 0.190695336428993 0.253596669270736 0.234622971465049
0.062964805599668 0.114315904547734 0.115842574454851 0.347552743180525 0.359323972217222
0.00188921222522637 0.258153968483439 0.365994515695961 0.0303976893586687 0.343564614236705
0.029852476018492 0.0975924591581333 0.278880415849841 0.534861914880955 0.0588127340925785
0.131652796214985 0.0390394200142798 0.163797100691024 0.0355261356620736 0.629984547417638
0.0366025364170646 0.419533759830871 0.129194090834909 0.169477431923401 0.245192180993755
0.0683033695467525 0.30711643865527 0.109331442414911 0.369969098237367 0.145279651145699
0.452200548909828 0.0808077008038746 0.318471983664411 0.0745755897958621 0.0739441768260238
0.0346402909980403 0.016717655345196 0.0322373339839567 0.719541849836996 0.196862869835811
0.0392124397675238 0.368756792740574 0.133804593328192 0.243086855830397 0.215139318333313
0.106826362437057 0.240482045368213 0.337074945343088 0.222827700531077 0.0927889463205658
0.20252166023843 0.105298474053485 0.185922082259924 0.307978087923118 0.198279695525042
0.203132941915277 0.182645434840008 0.224207452115284 0.125929656414874 0.264084514714556
0.211059769201743 0.106476358695437 0.239470988847085 0.144920876748626 0.298072006507108
0.0691501628389767 0.371726790277737 0.0136888661484841 0.23877795855848 0.306656222176323
0.195274140676329 0.114460726343407 0.0749382645093896 0.181309509251474 0.434017359219401
0.150083941912018 0.0477814952139919 0.398865596240939 0.150422215919276 0.252846750713775
0.195158437800526 0.176955213411186 0.161841770614639 0.181078629580189 0.284965948593461
0.0213421159057652 0.0998212278799354 0.277504891287089 0.546870331761825 0.0544614331653857
0.203531526860044 0.226505342545154 0.309577334962708 0.0429992858988944 0.217386509733199
0.168262255299917 0.311111438960909 0.227117760534194 0.168841508082322 0.124667037122657
0.12463463128717 0.303955045601748 0.0738649350259721 0.202973340825245 0.294572047259866
