0.0106739624819234 0.0760970553197662 0.166789568546176 0.00555500595691448 0.0609347330795631 0.122051417484734 0.169854136933817 0.0667161326879605 0.166994269476855 0.154333718032291
0.223699832133831 0.124438476928406 0.0461852252400412 0.0020123834574566 0.219783518980558 0.110591686593933 0.0786725327831212 0.0325058114607419 0.0573882840465075 0.104722248375404
0.0963919094889542 0.105635404364642 0.155153901483175 0.135825078688823 0.00582666403719339 0.0946663508127039 0.0528289986346906 0.134636602932173 0.0651985203892871 0.153836569168358
0.131244430732184 0.101468966658845 0.111681824988142 0.0938183086422676 0.0280711818499011 0.160541482604023 0.014715232879622 0.1200392567969 0.0756305817411615 0.162788733106952
0.0634635981406734 0.0996427004904199 0.0713975464889053 0.0125077397154833 0.175942464460856 0.135214741817154 0.0609947509938853 0.174998855293137 0.128043141475319 0.0777944611241658
0.078152741725834 0.103609599502198 0.0592169421350901 0.0668283251394444 0.16661142424654 0.145125223107791 0.100716327824171 0.032433237961407 0.15051820242911 0.0967879759284137
0.0431494266805317 0.0947984186360302 0.212681658103528 0.0704962723564955 0.056019667505566 0.143242270277912 0.0065739356465179 0.172889338047946 0.200129108261787 1.99044836840841e-05
0.160598846019253 0.028663049884879 0.0229346613909848 0.101952750697536 0.109093177682053 0.0236692833362231 0.128286056913566 0.136158362192433 0.134637360376932 0.154006451506141
0.104529947182756 0.0500380588539277 0.157178124869883 0.228853431455426 0.147781184282554 0.0640375765683622 0.0782397460976123 0.0511202539449547 0.109032322291851 0.00918935445267196
0.0766303369196115 0.117774615633426 0.0981048919381872 0.0941367057209846 0.100454227922139 0.0790527287826994 0.116369728535454 0.0576038903109844 0.14850768291512 0.111365191321394
0.20272362063414 0.116899559884387 0.261737490008856 0.0385826034336646 0.0610828626361477 0.0795443332938428 0.0138114097996546 0.0818071652436627 0.00785185385232455 0.135959101213319
0.0796025221425628 0.179535162629933 0.0503282014413087 0.109358948462728 0.0854297626852223 0.159854121556662 0.0515267373076915 0.118059253743143 0.0148424228938715 0.151462867136877
0.0979099231127479 0.0228843147312186 0.0674434230931067 0.120975582988457 0.187168613729386 0.00351988013774169 0.0638138906221806 0.117750103239521 0.175745246594335 0.142789021751306
0.181486368492729 0.122501278952867 0.157531189549004 0.0236123119035729 0.0529677827903397 0.155652497342486 0.162581708540073 0.0208555038920297 0.0578713669466498 0.0649399915902485
0.00441536509744382 0.165336115567328 0.183427331684041 0.019494649227212 0.191027145134986 0.0273382294855303 0.143270662763595 0.038622553913744 0.0891964707871162 0.137871476339004
0.12056005108526 0.0854225682393916 0.119523239613248 0.0849875692990552 0.120857919684713 0.114010081057244 0.107567777330944 0.119296888334469 0.096026543511127 0.0317473618445471
0.152736080006586 0.150346084152694 0.176046691953697 0.105774508789045 0.0541824366394045 0.0920072148872243 0.120893126404456 0.015305732437983 0.0691642170019175 0.0635439077269925
0.154588199492649 0.00600495845021442 0.0518213783213199 0.0246069774974497 0.0922117505154605 0.225023689429199 0.00321298623285373 0.166402813198195 0.153840563647201 0.122286683215458
0.0669016995460476 0.131112699691707 0.09884562504635 0.101971387976454 0.123714675893052 0.10866470791488 0.0705458681881153 0.055194069815139 0.0725093600871044 0.17053990584115
0.023817228347782 0.0446499692296732 0.115850046306939 0.124770765786539 0.00990797068949474 0.150122928886254 0.140644152212505 0.000365714318198801 0.129560037449324 0.26031118677329
0.0905673588787807 0.0520384407684952 0.00875143461767817 0.148910216202687 0.0986199746744657 0.148727395837295 0.154268003879064 0.153304103395434 0.00575601062628809 0.139057061119812
0.191196618509352 0.0804494995080008 0.141169593757721 0.0666071095829944 0.193886611777846 0.0118720215367893 0.00751682730286622 0.0769136833102849 0.154984804456109 0.0754032302580361
0.148842498323659 0.042387896319721 0.0301389298364063 0.0831321631600344 0.14923223147092 0.0345627115506996 0.111695003777357 0.117175422795357 0.166584735923247 0.116248406842599
0.0675792233920451 0.0831673008821477 0.0951013142160994 0.0206492934881655 0.0757476409032359 0.00299761005858325 0.161410046676182 0.277253301148841 0.0516244724845698 0.16446979675013
0.150502136337572 0.0489977242765882 0.104407432779502 0.106964765362664 0.10538758000018 0.0144976499647393 0.11784263651616 0.162173189378851 0.0632412342996085 0.125985651084136
0.0957277459968075 0.164887077868828 0.200047052297611 0.176315805201644 0.129867225739684 0.00921854740587725 0.0234691351003867 0.0075578420263042 0.0081286921560278 0.184780876206829
0.131049999390058 0.138254585070094 0.0557982582049742 0.131850434717432 0.0289963570361476 0.0974451481141816 0.151109511034348 0.00619749429695308 0.113458793343009 0.145839418792803
0.159293852322 0.123226955675847 0.146365500142794 0.00139936589119412 0.151215597530544 0.027040750937164 0.00768824072454342 0.170677810724371 0.00682437636927879 0.206267549682263
0.04896404861139 0.182091207951515 0.0497229362656274 0.128834951558002 0.139957410750889 0.105635971535458 0.0307082356178813 0.0120877815509268 0.188387179070665 0.113610277087646
0.232224607490959 0.0705711027317036 0.108776895218676 0.0180075038203295 0.2012207347089 0.0324455877365756 0.116484431554947 0.0897859245454954 0.0309590706457672 0.0995241415466467
0.012432944391072 0.158810093542803 0.139388420396429 0.0747988777451507 0.119137435749106 0.067312014876719 0.0936232425216282 0.0380203282567631 0.129820867534567 0.166655774985762
0.133800616675272 0.229632868536849 0.178190986266215 0.117460919541546 0.0317971722689844 0.0253191292169554 0.119010386930677 0.0335125690553348 0.0894165272744644 0.0418588242337017
0.117696962003234 0.0747324113852762 0.0508885843675547 0.132936848864514 0.0901723061338907 0.115009014405766 0.150619754131874 0.0842770125071761 0.171265027358234 0.01240207884248
0.144801774167432 0.102636766238944 0.0722564384923024 0.0743759066428393 0.153270239038708 0.120560689473419 0.126901425202973 0.0407822850770108 0.0930115165745359 0.0714029590918347
0.0985708895658446 0.223572624262978 0.0876759007176941 0.178176173826814 0.0823005458469996 0.055985032188142 0.0310815045436054 0.0464637780752887 0.000152864164403505 0.19602068680823
0.0217130060564307 0.0992997078835299 0.12207313449621 0.0537521811510217 0.196075575766869 0.150318119679319 0.0404121529080583 0.00503436344505836 0.156238273859565 0.155083484753938
0.0514723044227931 0.0582361307297026 0.0928287090893733 0.0676144941226116 0.16106607370285 0.0164359781603867 0.183964134825108 0.173364930641191 0.126275917530265 0.0687413267757186
0.208330332104751 0.0947979959458771 0.18013870680365 0.0709851341410341 0.12100680959178 0.143995607819427 0.0698303371879263 0.00638070187029575 0.101013130139592 0.00352124439566706
0.117173301685385 0.152226302391805 0.0491545950847921 0.00145581607339179 0.173722872673695 0.105584832741949 0.0901809875240536 0.131454590175592 0.0647349392408094 0.114311762408528
0.111177990195188 0.0697315739524122 0.148253305045932 0.0745525427163393 0.0131548522285636 0.0605549477798428 0.151394250869941 0.14054334647278 0.143908893672761 0.0867282970662393
0.13716498481303 0.013499036573881 0.0121533630043368 0.064740030243346 0.16457914889486 0.0787112216880068 0.202224548972741 0.120387275235194 0.0783144456636573 0.128225944910948
0.169832154418416 0.0537795674156768 0.163539969874329 0.132924709113526 0.108349637528522 0.0633978938325605 0.0125591819868528 0.114508613859847 0.101228335062447 0.0798799369078226
0.202029782915103 0.0130818363553741 0.0640873840781722 0.0452303065166847 0.222431467983877 0.06423921007596 0.0699016361882745 0.196112701060707 0.0464977681579324 0.0763879066679161
0.125599488615477 0.136033171175633 0.137471482437803 0.158839787963209 0.119296506267275 0.0806903237894764 0.0201575636370327 0.15656073648653 0.0607754454799707 0.00457549414759385
0.105155122661451 0.0938779465376899 0.151238638196798 0.106188272809302 0.138587384452325 0.119821047097829 0.11019242488712 0.00713844022976441 0.108350705061375 0.0594500180663459
0.122458613789164 0.11923027523869 0.1324514458192 0.100111003897081 0.149767804532698 0.0991295078747509 0.146936797695839 0.0652227347314845 0.0411336141712525 0.0235582022498391
0.0662428268915235 0.195280709149881 0.0745721845072192 0.0627928354053575 0.141403930043436 0.0328185655527325 0.107955763077868 0.0789459094584024 0.0663983974493341 0.173588878464247
0.206839306934428 0.0561950372877141 0.0592391749916873 0.0887476030380843 0.15505042945271 0.0337391406048528 0.0450575418673226 0.0960489335831873 0.106714345838614 0.152368486401399
0.0986400500074452 0.129120773189597 0.0574583250073161 0.228069700830735 0.0311792915923246 0.0841330138619246 0.0917047158329719 0.165496536045699 0.101720021678876 0.0124775719531105
0.110708857561801 0.266824174024138 0.0178217024677968 0.0135988211071656 0.03211980984318 0.0456566801505796 0.0856476085202649 0.250396355298794 0.131398937907574 0.0458270531187073
0.0423661000538991 0.196958123621707 0.0877406407643927 0.17006890438808 0.0968262222182348 0.0105782965990064 0.00296283493112588 0.133921248837806 0.0671572842243978 0.19142034436135
0.160639563338719 0.112511254159564 0.16758052411519 0.136448418319108 0.0923230683176954 0.000563819830574128 0.0223223680797068 0.0987745584516749 0.163743353150216 0.0450930722375514
0.14261829208962 0.0993040320912499 0.167481274166151 0.0949494103944204 0.041858423954611 0.12647637488659 0.164968242049162 0.0651501699554045 0.00779025656421869 0.0894035238485727
0.138985579909762 0.0650370783491443 0.0354644046620695 0.095621978759044 0.158990385538022 0.145021418729685 0.0341133257318321 0.0817539388464385 0.0828192422423439 0.162192647231659
0.162626648846587 0.0534806410470359 0.0523870517370766 0.147592560508623 0.00539634084712487 0.144215273588984 0.0672656386435136 0.0576503288707553 0.152328069689303 0.157057446220998
0.162400519403066 0.163328810319028 0.0598789666376648 0.0893596277460506 0.159271994964591 0.140038656968487 0.00991410002983636 0.140266166440509 0.000171265817711409 0.0753698916730566
0.0852731322795275 0.184975461699293 0.0266274975494734 0.0892134146451835 0.158960378814304 0.0135588621710862 0.109985086742221 0.198858781362287 0.0496608765747897 0.0828865081618336
0.0958770583499448 0.00557885487655604 0.111944975323898 0.0551255647067228 0.121581442186963 0.11162688717577 0.185110866243241 0.0429643835680633 0.108689765833055 0.161500201735787
0.041408300215976 0.141520425378446 0.131883637646849 0.0684698568172159 0.119528598484706 0.0822182075460576 0.0151053313940856 0.138128806967178 0.144748781384958 0.116988054164527
0.138939343749567 0.0434227365346482 0.0745949388139638 0.126868937198875 0.0443383936616769 0.0602160825880104 0.171238648876357 0.184119457147641 0.150607542961899 0.0056539184673624
0.0247103620384867 0.0893974642991239 0.139502968080797 0.101458455197325 0.0420132740877983 0.15926309545605 0.139412970547943 0.079351981521874 0.104193253286281 0.120696175484322
0.0325427939970326 0.0448608795138418 0.152651262462855 0.0103193781776022 0.141477971692441 0.143553473162656 0.15960585825386 0.121847371897813 0.162631887778122 0.0305091230637763
0.112980959954038 0.0764591842321371 0.0175156762647181 0.169724401281555 0.113334678622921 0.139463433652195 0.108817759369877 0.0402514276941224 0.120909037161875 0.100543441766562
0.140796562805374 0.187618860708309 0.047458361998518 0.0798357185785731 0.0707462301673416 0.118243089451296 0.0313437442879432 0.170434964739266 0.103537776082399 0.0499846911809807
0.141926137546583 0.0824318771929976 0.0429154316559079 0.171188318050178 0.0999069972521939 0.0690855134693683 0.167961038049474 0.0340055116718966 0.0988509248760273 0.0917282502353731
0.016245098456139 0.147778711539378 0.158689011877792 0.187089628366955 0.0859169471547151 0.0282460409995087 0.184454704050923 0.0783015246916381 0.073821908549996 0.0394564243129552
0.0816169372881771 0.0988815163297176 0.197502819690971 0.049540032398764 0.0235723214963847 0.162558586311188 0.142140040804594 0.163854726238876 0.0714310802037773 0.00890193923754954
0.142066676947815 0.0200997098627899 0.022574463166131 0.172116619634575 0.159199246924445 0.0571571026386972 0.198560969736004 0.0569005463462208 0.0138934275373418 0.157431237205981
0.0254763630710662 0.231871844546553 0.155901680255207 0.205668175101513 0.0138833683091644 0.138201629493452 0.0302115084288584 0.0554770330484108 0.138432672388687 0.00487572535708743
0.0806816454935675 0.127150583850963 0.103861234760825 0.049241532854075 0.15135795181453 0.116287424794887 0.202585900917547 0.050268666046321 0.111242568720359 0.00732249074692417
0.149377909141388 0.145989136236794 0.141976386355274 0.0749035321960853 0.0726108898236414 0.0158077146040374 0.0924403326216729 0.125778326242887 0.0864987497710471 0.0946170230071744
0.0757127376357538 0.108978528201639 0.137296842612123 0.0379420727685556 0.150347950065702 0.140301455870836 0.0467112977451059 0.118512328652436 0.0296054150954213 0.154591371352428
0.112782734615943 0.094328268065832 0.103842142806763 0.0397022266768725 0.171836862036 0.00992205859312974 0.18659980966712 0.015504696188087 0.164294461610204 0.10118673974005
0.0978272507898717 0.195678559829687 0.0289846181572497 0.0784499400294637 0.212448019507748 0.0303975363205063 0.0311810391795023 0.174919203275178 0.110733053653367 0.0393807792574265
0.144326548009457 0.104121862306628 0.0197264388514866 0.15102567888136 0.00956998940925458 0.0663037344666406 0.204069041269936 0.0385832046247714 0.15186742874443 0.110406073436036
0.0414908713904615 0.15025280942208 0.162175113659958 0.144561575111313 0.002319251275679 0.112330268064203 0.122825037219559 0.0785432716468615 0.133694693696118 0.0518071085137673
0.0683258170328271 0.052351258801316 0.143662861348554 0.105366848676082 0.120580844246314 0.135832663460048 0.117403043479955 0.0561516554190026 0.12772662921368 0.0725983783222218
0.0221841029799155 0.173852257095473 0.0323650298626052 0.0433649753508161 0.173073078629834 0.107767469062693 0.161779357476137 0.106412181635907 0.146409423288101 0.0327921246185177
0.0896037573520013 0.0305607123815673 0.14050230900039 0.0369960821175899 0.163486961659489 0.0219914836003673 0.138898124151259 0.181514730805798 0.116176901333181 0.0802689375983576
0.0088830721279644 0.145321993204336 0.132528613418675 0.0941035744612591 0.115067379663294 0.0900751379135822 0.138380956422616 0.0558793898423392 0.0481519965098942 0.17160788643604
0.138726009753514 0.0285635038015089 0.0809551140871003 0.189816458836501 0.164301005007525 0.00938792340722222 0.164870433714459 0.0461804562956417 0.0767776739231879 0.100421421173339
0.142345028216305 0.176938973107892 0.0194100488938414 0.0189877744765073 0.12137858565566 0.0698488235182591 0.0781697644850832 0.071279643321615 0.148668931901427 0.152972426423409
0.122819444285384 0.178923235470844 0.146168557485235 0.0951993932491522 0.153547937976026 0.0688847863835302 0.128969926726299 0.0116487229183754 0.00442772139515934 0.0894102741099946
0.0732759528746522 0.0778225857492512 0.188010666179358 0.102947806369096 0.0246942216084395 0.11770556236828 0.0329527795551115 0.0151663254481804 0.243383289929462 0.12404080991817
0.0130716983711812 0.105625978116482 0.128799878972531 0.11933984317024 0.126300200082816 0.095256670957514 0.154254161437844 0.152655105610972 0.103064362849536 0.00163210043088381
0.0943487441540442 0.145684767813465 0.0664608024232185 0.0653248741777722 0.123702219269159 0.058054089631409 0.141784190320109 0.0150522950539141 0.14058983123405 0.148998185922859
0.116589185076419 0.0715072973136382 0.010191038578763 0.0825872309675916 0.133104829878566 0.0408677907527879 0.11829690716762 0.145468710204353 0.133532735613727 0.147854274446533
0.0621101808734987 0.16998986164342 0.0734135768942909 0.203734825729112 0.079382085159102 0.0407790662320802 0.00615970643530629 0.222761076137297 0.0107854024016135 0.13088421849428
0.109797023604628 0.180097426456263 0.084928606181497 0.185684792117962 0.0849652797368721 0.121531340449253 0.0459317022507714 0.0353077502498746 0.0408379187752333 0.110918160177646
0.032444262484449 0.0646770399722834 0.155591188675642 0.148997231824446 0.147547527437602 0.0705342518897368 0.121321637827646 0.144170468644897 0.0420410872923235 0.0726753039509747
0.0558887043711975 0.0426092519976319 0.0569910251201393 0.0930807582619624 0.193288669896477 0.150712458229779 0.0642320080588752 0.121060249568757 0.075876996473498 0.146259878021683
0.0778261255017387 0.108351750590536 0.212079990692994 0.0692497057795859 0.0180308958480688 0.0387688431240602 0.0628913921863027 0.190522557066447 0.18604144636675 0.0362372928435173
0.0261506187439812 0.0781898381935989 0.184229822395415 0.039025840434571 0.116344367565953 0.00453262020400689 0.0504145965417759 0.182108259711216 0.19968463237571 0.119319403833771
0.0336165890880067 0.20009414507004 0.275082762519498 0.0536182288510028 0.0131952209844963 0.0272959944799146 0.0357815810899359 0.225492670295009 0.0630941027940606 0.0727287048280353
0.12775307360134 0.0214356869969696 0.0230274074863623 0.156513570532727 0.157929086203355 0.0682053058487471 0.012254823301145 0.186855256046956 0.153319896220922 0.0927058937614771
0.0453453957710968 0.0763872215463803 0.126912395905106 0.0742084278459689 0.11263754548657 0.0927789775991651 0.129100327930183 0.164155170977277 0.159992688004769 0.0184818489334841
0.0670617802881413 0.159631122945155 0.0988069386973407 0.0223832289488683 0.159484678828316 0.105238601583098 0.108527249427421 0.121080037625073 0.0357067531062081 0.122079608550379
0.0877544667466511 0.00771520361658837 0.0373089471271976 0.0945191092548095 0.196136441782512 0.0609318922221502 0.181248112268875 0.170163774459195 0.163187008267729 0.00103504425429228
0.145908295764783 0.0124845982877681 0.0513742542751878 0.210079818020532 0.0333711081816219 0.171231888897407 0.0478545057935625 0.065507057610164 0.168984797345773 0.0932036758232005
0.11635434157752 0.122446645920133 0.0702247076848962 0.0196383674183165 0.0673280580807474 0.160352787504559 0.141831647938014 0.129953907590447 0.160006083559196 0.0118634527261714
0.02348204155998 0.0842252932485911 0.127054263630231 0.166476819329328 0.0542533841371904 0.202204884741887 0.0299947144816631 0.087745765106634 0.105873393096803 0.118689440667692
0.131561942997983 0.0912588731105189 0.119278443639559 0.0660076557425733 0.0454629374478096 0.130883320568378 0.1094676606465 0.130248731175829 0.100404196703241 0.0754262379676072
0.0173328346253528 0.100189236710611 0.107314213641793 0.0522511872230973 0.149666255258993 0.118079862849861 0.186039715086206 0.167827713087116 0.0632411414124366 0.0380578401045338
0.0119676849271141 0.0177015969647991 0.144987457991219 0.0017571022560538 0.171991781886625 0.163359963168731 0.0569248515259664 0.1752923723601 0.113628506637222 0.14238868228217
0.0354842651289854 0.0138303772288942 0.145092138973347 0.148287635516495 0.153065256087499 0.145954163045359 0.064069276767167 0.0710905241649818 0.157161317418937 0.065965045668334
0.00486717422969329 0.173056718276399 0.17862144174005 0.0262578873516273 0.142783340849368 0.0551171723431944 0.0363455529619125 0.161912546629995 0.168826071727643 0.0522120938901178
0.122699029837585 0.0530952961155355 0.0920872768339028 0.0390601595351598 0.0397263232728741 0.0152596109108738 0.151439419852593 0.188107044121975 0.127799292293733 0.170726547225768
0.0470642128280702 0.0755179824788534 0.179783344175479 0.0800664110968874 0.0557698986444582 0.16017396780748 0.0494659441545628 0.0894429601654482 0.100009190567882 0.162706088080879
0.144061484978793 0.056037825247518 0.138878152051338 0.0925446973532965 0.0286828577134815 0.145472821582935 0.124098464040697 0.119232008786029 0.0599920807221802 0.0909996075237315
0.111086228880154 0.0190281236167693 0.170439157179239 0.041636118346863 0.0928310446874863 0.108864122172608 0.0892393258609025 0.0724844011625814 0.105765747205867 0.188625730887529
0.0535014014103031 0.184484408472964 0.065407280340966 0.133750947882493 0.173706975513448 0.0408724833996399 0.135185777475134 0.05799430668418 0.037815614952407 0.117280803868465
0.0723213643643677 0.145247596313353 0.134156901377734 0.108459285385472 0.150482312209129 0.00692698731020865 0.0824301970433206 0.0334377727203178 0.141127849601241 0.125409733674856
0.00211985144518715 0.0823797601493175 0.0965749995231968 0.109616700058379 0.121753613331099 0.191608743155926 0.161370987739289 0.0457047704795033 0.092223747850725 0.0966468262673767
0.210669612684795 0.122634329855964 0.180095926720535 0.000518880754073562 0.048073460590156 0.00181460274051617 0.0499646463618896 0.0797680259587967 0.154810480723932 0.151650033609342
0.136931318151981 0.0931748120531782 0.114910537027245 0.0319876201603436 0.127897540482111 0.00218373513958 0.122517543621989 0.0929362325186787 0.154200256975103 0.123260403869791
0.0487115663735339 0.14707994010346 0.0780947092351713 0.191294679745084 0.172956654793283 0.0335410351793771 0.169547044674147 0.109485184045463 0.0469274064024962 0.00236177944798489
0.0392360314043206 0.16953283687455 0.102151479420302 0.144160807899364 0.069929276064876 0.117644420748929 0.110657968479004 0.172260383100643 0.00665241675773674 0.0677743792502737
0.0866023407955921 0.0679755695073081 0.0860483851588516 0.154321450251171 0.0502852612265335 0.105669183701047 0.160322026813388 0.177321007762713 0.0404340763917606 0.0710206983916363
0.038376687948526 0.136804177137083 0.0580108073348914 0.0970139004169484 0.103487514656058 0.0402048152090914 0.167745204960094 0.140580363398155 0.0762631977901331 0.141513331149019
0.188847170450771 0.162581664019912 0.187563811105362 0.107924334861454 0.0013572637864782 0.133114530904669 0.0124022057847725 0.0428563676333303 0.0157926557187579 0.147559995734493
0.115445207199168 0.151387119239042 0.16911866762958 0.12676390460258 0.0526808096406601 0.102627070740479 0.0328019657062424 0.108011212710819 0.00837263707740419 0.132791405454024
0.0885535515725382 0.0106492685155321 0.13805664540098 0.0557990756337697 0.182653812877796 0.110487083288453 0.232327197173888 0.0696635496478442 0.0584934435192116 0.0533163723699878
0.149215395514576 0.0245138239121266 0.185627619926966 0.145602854219943 0.0242359141517252 0.108294090001866 0.191505562590471 0.0305922067734406 0.0411565028687318 0.0992560300401539
0.116443640993474 0.124091423047605 0.120165954726052 0.119157149112741 0.0253512745727557 0.0877938890827419 0.167724312296303 0.0339215099425849 0.195042864592524 0.0103079816332194
0.152347969214212 0.144147069206677 0.114170641905513 0.0217918574352722 0.188876773675036 0.0841678647862346 0.0279080307117314 0.0801115814418087 0.0520970191529785 0.134381192470537
0.0208738630556508 0.0785763813903292 0.0701032508844784 0.126677446616544 0.189638292508492 0.116409240932061 0.0345808346760622 0.103592821078116 0.184249708561246 0.0752981602970202
0.160730872144413 0.0606992359552703 0.0723962205656732 0.0807254233576578 0.128976507668375 0.129114994574207 0.0399610160445096 0.16790541725445 0.159366217508034 0.000124094927409171
0.0487690105903075 0.175302470262386 0.0391060785267716 0.0494511889396656 0.0802663931123385 0.173631031947874 0.0363727918308982 0.0902464254202047 0.153423849577853 0.1534307597917
0.192924803528168 0.16820547907184 0.0696714801087938 0.164890983964179 0.150569919443943 0.0671696377629085 0.140210770018672 0.000971277698045159 0.0141910287491516 0.0311946196542993
0.171689389901854 0.140830117514348 0.229574044755915 0.023046830445463 0.00967802022939305 0.00122811387303558 0.0637215153938686 0.0656460477360605 0.0917752124872959 0.202810707662767
0.0695405754672688 0.125893656808447 0.117231093056644 0.0269196204269312 0.0607062477607813 0.0447348723200228 0.0700073004070886 0.0305516272398951 0.117482537801339 0.336932468711582
0.186141369846512 0.0137375297087418 0.1599830175415 0.146957675029383 0.0880395359400151 0.124375476346061 0.0163599624779291 0.0412298325688009 0.0526984219152036 0.170477178625854
0.0724594787552941 0.108538567948177 0.213384693310731 0.0192337229939656 0.0271497429201296 0.0988010779504664 0.06508418427623 0.0632216917462582 0.19358139353031 0.138545446568438
0.0145398872792309 0.246390593193022 0.0243940955909147 0.00993175507213532 0.297836631478583 0.134942479285347 0.043051541944682 0.0317933764083786 0.0682171404308702 0.128902499316837
0.117541810271627 0.0186741406478525 0.0378063333363736 0.268736923180119 0.110886838126314 0.0638693810136351 0.135345222826688 0.142914082338181 0.0953076650047158 0.00891760325449455
0.0410674324213142 0.181167568627689 0.013184211823529 0.155959917303759 0.0137964071742477 0.161676869519574 0.12942472650631 0.109571449334476 0.139174408489435 0.0549770087996676
0.0821567439508141 0.158841875327162 0.131512214536198 0.0372503149566273 0.0733151006207954 0.0419950780130792 0.120964886267475 0.113043117077698 0.150919673233182 0.0900009960169696
0.12049161126987 0.0182038029889712 0.0759359816680883 0.0736046790498355 0.167047247992431 0.14880040391081 0.0153557051601344 0.162690997627896 0.0699277124981871 0.147941857833776
0.100789903707657 0.105436892568363 0.0268196758312226 0.0867072184919634 0.143925270807566 0.156325911766152 0.0863860444244253 0.039059116564854 0.165862904340899 0.0886870614968971
0.124868457456652 0.0553961824904232 0.115923493714814 0.165740239353163 0.0793323354885644 0.129196430924539 0.166573587968993 0.0440200119861784 0.0855988288919669 0.0333504317247064
0.0607553393824488 0.0230168652355259 0.180123011197393 0.135613271536903 0.0820078478317037 0.00843953144127224 0.0627643625427991 0.213812499667304 0.155725905688198 0.0777413654764528
0.00765192862986278 0.162457747028389 0.196046232082077 0.100543862724741 0.0712595383553346 0.0257042527814332 0.134309128989438 0.122071093669062 0.144512699964004 0.0354435157756586
0.166408178734412 0.0025730630050837 0.0180965728793069 0.0300271813890393 0.13163442535539 0.17736684317021 0.158866853016515 0.190933864870418 0.10797282942186 0.0161201881577635
0.046931014989103 0.151994238661994 0.0084324488163741 0.174157843990947 0.173487908341886 0.0393437238525113 0.0826490313753753 0.18314571063593 0.104010379357119 0.0358476999787605
0.147060006577396 0.115856542968245 0.0860383472871496 0.157897346965108 0.0905616854019784 0.051392561072487 0.0397662309393857 0.164402871700648 0.119366596971606 0.0276578101159967
0.0774266821536298 0.0267958465290892 0.141566643038852 0.221218760675749 0.0942735604755339 0.0378161245536938 0.214271690718626 0.0678324582666693 0.0141802726489175 0.10461796093924
0.0644949697606513 0.238714780889493 0.018807198021661 0.0906568939672919 0.00470510407172859 0.259871984685954 0.0981656443346036 0.0187336560072351 0.180008339319 0.0258414289423815
0.201022227526934 0.0894499526452179 0.149132107383469 0.0454743541709682 0.0147928025503899 0.000240663602731398 0.180484000337284 0.0140967764674902 0.19817467104062 0.107132444274895
0.240569147715158 0.0249286137481264 0.0447927144626957 0.0879809941966006 0.105006767153312 0.103409328013445 0.0273671468915556 0.0333460758528217 0.150626317825096 0.181972894141188
0.068048599709557 0.130694405813916 0.115684023804694 0.0415383327368261 0.0356692075388552 0.178471894952549 0.133304897754353 0.079127021335622 0.143159739136856 0.0743018772167708
0.120116725831001 0.146874144378877 0.00156565114116751 0.120138444247387 0.0798082531296402 0.123897219403106 0.0975700217399025 0.119280256245883 0.117243973389582 0.073505310493454
0.136140807428224 0.117126728808972 0.0703544414335705 0.0483776193978347 0.115078880429239 0.0334222138380345 0.173976616847789 0.140044289096992 0.139531461599067 0.0259469411202781
0.177950094045822 0.0677846376153177 0.122229701632614 0.107701117622499 0.0287895178383482 0.215285205276161 0.0734592062057429 0.12436011587427 0.00738165778401556 0.0750587461052104
0.0409489001283362 0.0352657580936136 0.182259476256896 0.141409363638718 0.177078192870074 0.0354940675472634 0.152340888606515 0.13781073300797 0.0291634439529865 0.0682291758976276
0.0347515689281516 0.126886692914002 0.114527886796388 0.0573681990935774 0.124313489328405 0.0752275960784707 0.0715957794059222 0.142901331427386 0.126880429574067 0.12554702645363
0.176803717821303 0.223241156539855 0.107123400758407 0.0504745796760886 0.0591499644735586 0.147246698142163 0.0267051334348816 0.00460894497173061 0.137052436805945 0.0675939673760683
0.0160775932158263 0.0882499039357939 0.115412313416205 0.082566582731942 0.100605233392441 0.112327866128966 0.145632909910667 0.104672739458098 0.147742326703873 0.086712531106188
0.130037100642512 0.229273488396677 0.0516513777054519 0.181999185247206 0.129906083196247 0.00521157349198568 0.0922355952837543 0.0829911345413654 0.0427754927674744 0.0539189687273258
0.118985289372255 0.0206135905861437 0.0882038718587077 0.0762826489040277 0.177323768704849 0.0887120862965607 0.0823477516367937 0.178360384677136 0.128971524897016 0.0401990830665107
0.114391572421149 0.132869368190694 0.163031863591187 0.1296612592891 0.0873256116418292 0.109199220496661 0.0146924807679499 0.157527900800889 0.00290446075557083 0.08839626204497
0.00578593571161821 0.0525017755065515 0.179280646729248 0.0741489375600977 0.0961424315859161 0.190588599578611 0.215897156233079 0.0261819142020076 0.127970945178647 0.0315016577142238
0.181357996340075 0.0981291237005931 0.130459296048883 0.107598562126653 0.0425584397989386 0.0737862541476327 0.0322060442001361 0.144350674874627 0.00901991900852626 0.180533689753935
0.16213989896203 0.112706718005983 0.00777384165580501 0.112841638634346 0.0202591165017239 0.120676171643017 0.166986635855608 0.0542895334391872 0.094811632588657 0.147514812713642
0.0315700767157027 0.0487860354466683 0.219731791196779 0.0680306807782679 0.028754081916655 0.126967448319624 0.0830200119163973 0.0705585645999585 0.128081912541447 0.1944993965685
0.054263719872734 0.129626700646438 0.0227003228882033 0.165960619020319 0.163105460732616 0.0545887077531563 0.123775352836991 0.139147447507045 0.0144289245607363 0.132402744181761
0.0995930000834105 0.0414747999814045 0.0397081924934103 0.12779036888793 0.0793937354472283 0.207363762775327 0.00926358606774446 0.0381130393232961 0.217217517537861 0.140081997402387
0.139140532924537 0.00577677854984503 0.08149079885194 0.0683535008105393 0.0146324881638435 0.152313664802781 0.175816070015201 0.0676779331495471 0.17921427774642 0.115583954985345
0.0484903183798679 0.0211680602822894 0.199828353950963 0.174710232140611 0.119314730094178 0.153406859641318 0.0189610196270892 0.101931111861067 0.00367978052540921 0.158509533497207
0.0199615891582295 0.0283937405836756 0.048461157103984 0.179100059880007 0.182856341689581 0.00340703008352444 0.18716066578005 0.103577739928284 0.158200256852478 0.0888814189401877
0.0272917943097701 0.0309268280991726 0.0809729215566182 0.15817710703341 0.0974306092337614 0.00986777946455933 0.090267503910568 0.163060579170063 0.159393509371856 0.182611367850221
0.124193894118165 0.0938595448974887 0.133431510581449 0.142510845047982 0.146314857945659 0.114168301670071 0.0551453261064928 0.0654988239029478 0.0221839879711119 0.102692907758634
0.162190988153505 0.136540463781444 0.0287650867902272 0.0483041889816133 0.0793804341646649 0.0897487974536045 0.164771136228118 0.0193889198038104 0.135710116168485 0.135199868474527
0.130022645949164 0.0212734047441836 0.0885730835907479 0.135420436717985 0.167341479049851 0.0764833206787867 0.138656915342535 0.05263318158772 0.0504113997197788 0.139184132619248
0.095359970902836 0.168316440226616 0.0618349729842119 0.111012794907981 0.145653607226273 0.145892871160873 0.181802226313266 0.079214344645329 0.00580500532660979 0.0051077663060044
0.169029075178133 0.0042844857037206 0.00239703277022582 0.0640502858218602 0.0236393691648169 0.0792431707399642 0.14432724250794 0.144243849497054 0.185487340067845 0.183298148548441
0.106684449724078 0.0963349234249926 0.176066349111698 0.152664293961069 0.105195706737283 0.0817290143335058 0.0517794361044419 0.095915817598678 0.00910496851499583 0.124525040489258
0.0843869714294754 0.0137848009561931 0.0647362194434341 0.0771624284103509 0.161094049435053 0.164546347163062 0.0534617370862257 0.11348582214907 0.1848915235473 0.082450100379835
0.076888771606987 0.141369435137404 0.222756222653011 0.112308846035231 0.0775810376338254 0.0127169684453455 0.0786563241345922 0.134236277343336 0.0565650159562641 0.0869211010540041
0.229186064616568 0.0434452463584472 0.0737705821595356 0.0138642712610832 0.0293080837068539 0.0422390869533996 0.206068706873533 0.037508420218847 0.25451433800416 0.0700951998475727
0.0419138580129981 0.121958636765672 0.196429983411336 0.112437437347193 0.00662086536892124 0.0577167797403545 0.16714290178998 0.0312624647617829 0.124086045927104 0.140431026874658
0.114311834498025 0.160988995321766 0.0512900310940253 0.0211939201082923 0.154729778234307 0.125681528109429 0.00625409947801107 0.10664224220274 0.150586432108915 0.108321138844489
0.0655690187900203 0.0705735403476332 0.177575406872583 0.114506684069476 0.0238719864271864 0.151849560488062 0.0197774930977408 0.124900091595678 0.136298620009539 0.115077598302081
0.111610504817463 0.193309898808982 0.11841913961612 0.00431467294348524 0.0331118906901712 0.144166066634726 0.000642221846341279 0.168648550398473 0.0536611639849851 0.172115890259253
0.0338016426903548 0.163296587759383 0.0229875664484973 0.0996118723782377 0.057285001810199 0.0874898711734041 0.148714610444598 0.186520966519543 0.112352894482304 0.0879389862934787
0.132246045422797 0.1743674341443 0.0712513646550196 0.123069426210627 0.0162516714310428 0.184999730476737 0.0428718263104206 0.0620629144101014 0.16137098258196 0.0315086043569944
0.0280379060941659 0.089846723207629 0.197480300611009 0.121269920393134 0.125414451425877 0.0499473417630862 0.195033351314253 0.033771573661831 0.124950465603467 0.0342479659255474
0.0404298944340665 0.146519846026384 0.155141400027974 0.126754242604075 0.105167775032369 0.141434914992513 0.107547029916898 0.0406664443598513 0.0684865192937615 0.0678519333121075
0.110034864043376 0.0285118681079274 0.168371866621394 0.132327886687188 0.0882506634246703 0.171906514198962 0.0961202530014592 0.110113874615742 0.0918646827469702 0.00249752655231
0.0961792339996395 0.187297601866445 0.0687556488742504 0.0494539888957418 0.158155294592148 0.04005343503781 0.0926159663295018 0.153386758813027 0.0410353739998629 0.113066697591573
0.120945043605275 0.0633969257568344 0.149791022923792 0.136619263902298 0.153123100284395 0.0214166413558295 0.0741504831795123 0.125074299948187 0.102669411011087 0.0528138080327896
0.133293694990543 0.17697275454979 0.115904661527504 0.159612198285109 0.0913998671046142 0.0982489010021178 0.126854297931174 0.0119304557153169 0.0639164815515015 0.0218666873423287
0.0735710746084512 0.0864076981189323 0.0490731975464997 0.08939917623609 0.112546423827965 0.0279538286908048 0.186685068622985 0.165961379293041 0.13243851316708 0.0759636398881505
0.0340199222295855 0.13541671135382 0.145725555283382 0.0737074161350494 0.13031524875378 0.0249842889334546 0.18442515634877 0.107829950983184 0.0979018299026778 0.0656739200762966
0.0557931215625424 0.0818775015865192 0.156048000080028 0.155331119787794 0.00543342305812871 0.10730879637627 0.110512603900777 0.138125724715249 0.0426276326647583 0.146942076267933
0.110295384130111 0.0871371406398931 0.137965893380466 0.0464178475722706 0.0943773913175532 0.143605028503325 0.0918583861195017 0.146071712820387 0.0723014976339353 0.0699697178825576
0.191039530342558 0.0350065428733426 0.0201431239089288 0.0638777256820845 0.118376870184007 0.0687896462196765 0.0856733841214673 0.101947034136136 0.119097005724343 0.196049136807457
0.0384277646221999 0.10440518168974 0.184023264425894 0.123661168028136 0.154449977229461 0.0418098129648583 0.00075765681797712 0.224227393242583 0.0269539979715325 0.101283783007619
0.0581418574412505 0.16533541035485 0.0164535518732325 0.0638985087182651 0.0933753157950284 0.148268990136211 0.202957825386641 0.174927296519677 0.0646352286428141 0.0120060151320298
0.0294638280717541 0.0146257369791988 0.269142967833104 0.0370000629031973 0.173515253076601 0.226786220867825 0.00381484294011833 0.0582502897051334 0.182520088452515 0.00488070917055388
0.139011334147409 0.0654980943547138 0.1572657101138 0.0542997795596162 0.0922760646009249 0.105215425044944 0.132189318836295 0.0415207614398695 0.100798398052006 0.111925113850422
0.0253837223910722 0.0739113668968203 0.107272400841593 0.0696713696100225 0.168557007282741 0.15463319620692 0.00133640400590676 0.113737177996066 0.146851622663184 0.138645732105675
0.171618598836054 0.127460949344105 0.158017807571452 0.162100442805092 0.0742981450366584 0.0562596783554804 0.0102104277222535 0.107354795388262 0.0642141176537695 0.0684650372868727
0.055746708713361 0.137056876046262 0.0382559226657674 0.0197521344327277 0.147990939662294 0.0854194173722801 0.137212615074753 0.213028792795219 0.098486216484022 0.0670503767533128
0.0961608911060521 0.101782711880172 0.0688235697152865 0.13908970343448 0.0858223627185149 0.0862779320115609 0.146072750388712 0.0104948606480998 0.11856462249421 0.146910595602911
0.167752749594849 0.0833678207363559 0.11881330854232 0.0977615417189464 0.116649599586157 0.000697808790296044 0.122280574329027 0.0962399377677326 0.115441943261935 0.08099471567238
0.109583586720378 0.101113833155684 0.140598407282971 0.160842119008965 0.113040347288288 0.0777047772157329 0.00157990166496018 0.0641180185762233 0.190211758850251 0.0412072502365463
0.115347148369751 0.0798918009186609 0.130437523440187 0.102798710918528 0.0431712701329969 0.0900918337158185 0.124275426625354 0.138748947903923 0.0447119914788683 0.130525346495912
0.0677474261045097 0.18781423008812 0.0638134318421139 0.110225048933174 0.172076472304048 0.0662530105170554 0.00655155703663155 0.0246670510477898 0.153388863297396 0.147462908829162
0.130183318343907 0.0708547156842419 0.112002685707748 0.113943628109735 0.0263896996582694 0.123709837535042 0.100320566227879 0.0786354019492503 0.132858647847266 0.111101498936661
0.153376225553632 0.0434974404075013 0.0966161388790332 0.158775692981048 0.161520684483563 0.094187537015834 0.0138409664260906 0.0558766204104423 0.0861900316209483 0.136118662221908
0.0134484762486757 0.118533004363444 0.161461591630064 0.071746074182285 0.0540657843002457 0.155387975324641 0.127745629950547 0.0169748840589219 0.131710001430545 0.14892657851063
0.0136699938279583 0.0993369889177063 0.19484973409569 0.00306380537192786 0.202384088101418 0.0417131140735395 0.148865664864245 0.149798396595227 0.0651839552251661 0.0811342589271212
0.0519581399248006 0.140310788315054 0.0243801954159519 0.159168299446511 0.0846433059117335 0.134807473882101 0.122568713116505 0.10681538289638 0.112688490870026 0.0626592102209357
0.19315395380453 0.00559736144421194 0.193936108612755 0.0130128248032046 0.152571790233492 0.0588169377587597 0.0537427840368803 0.107109114525166 0.182397105095909 0.0396620196850922
0.189648598766916 0.197852136479101 0.0390250981803702 0.0309659653368514 0.145997891026997 0.0643642316164721 0.00296522652094401 0.0649733030182233 0.203268586871965 0.0609389621821598
0.0966999172569293 0.030403718153953 0.122558235149801 0.171978224372975 0.0375766504809325 0.101884653397991 0.104957094011692 0.126721783606732 0.113038803324192 0.0941809202448012
0.121860221366387 0.122350407780471 0.0943978293903902 0.091947573117584 0.00892151818641052 0.00917436418653112 0.0158880935324532 0.229545211054325 0.165472873261441 0.140441908124008
