0.146129238504456 0.00726497232503761 0.0903491256416013 0.0153925183631439 0.125552827309494 0.1706577387297 0.145164013809525 0.141615124678306 0.157874440638736
0.00622088264766691 0.108073959439941 0.140890717147378 0.175226306577291 0.00134965412781918 0.21042798886746 0.144935176136007 0.143652291806767 0.0692230232496689
0.0977098021582742 0.0587737870516929 0.0184747324334998 0.215781180696184 0.199396150083276 0.0768819234193264 0.169508573711778 0.0570976510973287 0.106376199348639
0.115097429089654 0.140660191489758 0.102015888208552 0.131253608793424 0.138440334289158 0.00802081228579798 0.0438745883003421 0.121883173988453 0.198753973554861
0.108946865961878 0.164105237830337 0.159259170393652 0.1296975384343 0.0197601648598896 0.139634081147134 0.0994222602393876 0.0515290574058326 0.127645623727589
0.132748202981229 0.174176709545296 0.104091365139289 0.11996977972984 0.0236313542913722 0.182236979606787 0.0976511870068245 0.125493941282894 0.0400004804164703
0.0838362534659901 0.176299975255389 0.196961663327235 0.0970181885593717 0.12474812445368 0.021503603465412 0.117929231399914 0.0128403584195779 0.16886260165343
0.119729432626518 0.0271193467873348 0.253870204393164 0.0187984901158151 0.157252691576596 0.0396403547956972 0.114084692175958 0.243074622496339 0.0264301650325771
0.0135842866676728 0.0535258467981215 0.140537283182101 0.0955293161812761 0.00627408563654564 0.0918702000675193 0.230241942491931 0.17734977912118 0.191087259853652
0.00632718584747028 0.0716931209002654 0.0290317247220673 0.268619547701 0.0703347701136916 0.163879019758605 0.279119607799327 0.0950235189912516 0.015971504166322
0.123255965568612 0.0523424337825776 0.0952388521384444 0.329426828281754 0.0301540112294367 0.160798961953145 0.0382527594438232 0.046679959046459 0.123850228555748
0.0711198157059844 0.158231372508445 0.185819946775366 0.0804548672967739 0.0922296519521328 0.039532437276256 0.154293257962837 0.0338449550512636 0.184473695470942
0.0667568285445063 0.0871189691299761 0.0338167369811188 0.032308128613581 0.0890070393588428 0.280742030418968 0.0623204757206399 0.0257781971181127 0.322151594114255
0.0921695632516628 0.00824524405369634 0.232658853104868 0.0606898194389096 0.205166746963797 0.0833036830118747 0.000969641485947635 0.129846631599662 0.186949817089583
0.111369762467388 0.0930972362542495 0.0303773820496686 0.18879093719741 0.170399572609288 0.0201829860765806 0.155177370918278 0.0747668263370106 0.155837926090127
0.0855112520602992 0.12537336560949 0.223547916313397 0.0211129465773065 0.127547028411087 0.127134587346579 0.0876364824522018 0.13266303038138 0.0694733908482595
0.120675783601126 0.0576588173832972 0.137089341743323 0.131347987813341 0.07773128508803 0.14223246786989 0.0258204405900115 0.142607219213495 0.164836656697484
0.0678518649483236 0.0287056365252147 0.0819406739243599 0.0137020863435511 0.198051234330761 0.110721420710455 0.20926622533199 0.177318316879814 0.11244254100553
0.142472469041207 0.121380774893692 0.179128147792681 0.00939540231511842 0.0369844585993518 0.1866167648746 0.0702220278202343 0.11822863778433 0.135571316878785
0.022794097652701 0.122153744703121 0.0968461257339678 0.0193325861212951 0.125311009890612 0.0540043490802823 0.188017009265551 0.228502755458085 0.143038322094385
0.0621792026253072 0.116861129054169 0.0587043053046031 0.0929042126676198 0.124266124928515 0.182559830372168 0.0236318891341799 0.169318310010614 0.169574995902824
0.176659083058355 0.0331815058538055 0.215020158139472 0.046925849236237 0.0902385039253288 0.121679688487731 0.101852968120045 0.0166243546085706 0.197817888570454
0.0384898380003051 0.153147591015167 0.10055702366018 0.0689037184261435 0.0813679367708857 0.155940474371587 0.172100694652461 0.172365774889204 0.0571269482140667
0.210169538324635 0.164748813287264 0.0249562515201305 0.163495960904796 0.062134832369996 0.105241384148394 0.114155557698882 0.039649207531299 0.115448454214604
0.0404372996384659 0.0441272662504135 0.220677873558438 0.197283835268736 0.173550820719132 0.0730717331018068 0.120793164745901 0.0902138522361455 0.0398441544809612
0.115845808875303 0.0691216982403225 0.069277033746304 0.157073036522452 0.0364931023119263 0.179228532594501 0.0262984156640896 0.186695493641088 0.159966878404013
0.18046372285649 0.0977452869231199 0.0405714003205388 0.166136289275919 0.0644056742002404 0.00380031554836668 0.126944490488305 0.0770662315189771 0.242866588868043
0.128768510434601 0.0719783827645637 0.115349092177002 0.100751973632309 0.0407972559236961 0.176187174872369 0.142111498346184 0.14347668275854 0.0805794290907345
0.154592426785016 0.126592473949234 0.135032898721209 0.128917096541239 0.0773364713073285 0.0635615943612243 0.138584262710066 0.11878643738276 0.0565963382419234
0.09999321555238 0.0667559202493708 0.0834129520160762 0.0408300951400747 0.221003573335877 0.00773662587019669 0.317815145640834 0.0579209113932957 0.104531560801895
0.0051291084000686 0.0542670530796137 0.176481675368465 0.137051344143379 0.178991736342029 0.16366263047869 0.122512135423597 0.0972701205851961 0.0646341961789622
0.0448401451650487 0.0873880048882687 0.185116116592935 0.255790716035137 0.156107494530366 0.120597833763359 0.0365045881459967 0.109665717364752 0.00398938351413599
0.0868748881198561 0.166552029271457 0.0453046890513647 0.0829996848341818 0.162920985257873 0.0252307215868649 0.169637207724388 0.150320622113512 0.110159172040502
0.189248902519125 0.191081341348776 0.0127202975690528 0.122240134663589 0.108544220045264 0.184652275812087 0.138068534835375 0.0245850366137905 0.0288592565929413
0.0158249339501959 0.155346778184437 0.135516134682793 0.196447827321311 0.152720268385279 0.0127512479700607 0.0270017616331285 0.148395437917153 0.155995609955643
0.143474650625626 0.182431323321734 0.032591954819954 0.213480288696703 0.12633919162582 0.0831321419022418 0.123118228047287 0.0643330325875887 0.0310991883730451
0.0317658682739581 0.159220552250562 0.0210603958908859 0.0783787214291375 0.209939184618408 0.20812500355872 0.211764848082218 0.0511949538999669 0.0285504719961434
0.0327538326559796 0.155469491979619 0.231098709575573 0.0136606082273261 0.246862662904742 0.0379297305506483 0.234981868647738 0.0127857866909556 0.0344573087674191
0.13795635611381 0.0573079788712975 0.0428441892951664 0.159941540765375 0.1675847383142 0.138488309272777 0.104133268773737 0.184949316266025 0.00679430232761217
0.168515755698664 0.0947292640092452 0.142829841462245 0.154373936468738 0.000843076141382175 0.117158094216841 0.16833397738904 0.018720846421189 0.134495208192657
0.00345780072897251 0.157788063939654 0.181628689667866 0.0941283178632723 0.123615897706768 0.120354677805932 0.0926903266541031 0.17079640248127 0.0555398231521626
0.100790619398907 0.0660087620641565 0.216151735553901 0.0072955139963609 0.105392678556169 0.0721800524059199 0.230601277563005 0.162485504551571 0.0390938559100089
0.178876968019094 0.107218844199845 0.165735087059655 0.17474877928435 0.108916495081242 0.0634381011487242 0.0636130370571399 0.0641880746034424 0.0732646135465075
0.188809386775109 0.210285220556558 0.180082624297264 0.0256210878656066 0.0559968004173717 0.116721636430557 0.0278622125680376 0.165509079730683 0.0291119513588119
0.123328926846507 0.123627261547488 0.124122505018657 0.092041085077756 0.129037625681684 0.0467716493319803 0.133622436486629 0.097402477678061 0.130046032331238
0.145399319668082 0.175473850006654 0.0856268801693848 0.093047342901725 0.102846150199729 0.00371122699780173 0.103090002290701 0.123586000872373 0.167219226893549
0.0282796000970712 0.203943890350059 0.0740435508172657 0.0731143952857682 0.173295617292967 0.0811695665186589 0.197633522493472 0.107201101633377 0.0613187555113619
0.0500375920611493 0.0734045049840912 0.219925372836602 0.138127976674351 0.00540808685644122 0.207034766178257 0.0864169954454379 0.126520117678902 0.0931245872847683
0.141621159210225 0.12710996196959 0.0448494047941966 0.137392808569045 0.0907778947622288 0.0153928553054244 0.168654442487575 0.104335197048129 0.169866275853587
0.145506609504649 0.104443502241654 0.0412075754221284 0.0958196873222324 0.174357856097519 0.0044419663350176 0.175061983327488 0.0912063471489276 0.167954472600384
0.0645044934013791 0.114986745515866 0.113328002412174 0.143283477009593 0.146680750304733 0.169473621390137 0.123944512051811 0.0741915514671864 0.0496068464471208
0.0850511331219688 0.189382540577792 0.115642103084374 0.0884714162667038 0.056470293356349 0.0760286911891182 0.147327552738823 0.068361754998998 0.173264514665873
0.0201483102651013 0.129349795351095 0.167022282178652 0.109430636972565 0.0448892538509459 0.15864516008445 0.0312811411728432 0.201420941271084 0.137812478853263
0.0982258042764849 0.0708714579719582 0.045697047174577 0.13186013698063 0.197750448706122 0.188978669417622 0.139406767015677 0.0384393335790598 0.088770334877868
0.200099549670201 0.0894005169712388 0.110648764483787 0.00732946168954671 0.222637871984095 0.0529196209198206 0.0716275995909776 0.0439612061623232 0.20137540852801
0.0972165530429703 0.00555477413520624 0.142067084623215 0.191366936967911 0.185518858538239 0.0625447954339025 0.0252341576455407 0.106255636104025 0.18424120350899
0.0338465421247438 0.154162123174074 0.000873638643064187 0.0705986688667928 0.183389954050949 0.0419646101844634 0.204789715111968 0.160891235978596 0.149483511865348
0.142170069680595 0.144323163453318 0.157419151579394 0.168979535217371 0.0937313154012274 0.142121340967458 0.0111001144295312 0.0988235154038241 0.0413317938672817
0.185801558903222 0.0943009700153872 0.201237848666373 0.216320411329632 0.0748191248006597 0.0475643044119918 0.109904282498892 0.00143391507632259 0.06861758429752
0.151126341811091 0.0626072712117087 0.0763291706474593 0.0969569630443875 0.114541140549538 0.156334557071883 0.0508279704398743 0.18449695995207 0.106779625271987
0.175070008452772 0.0277639620434141 0.0528173820995417 0.186094818188024 0.124790427763442 0.0487829486761036 0.0938025630349089 0.123499426142949 0.167378463598844
0.112041314936094 0.0964241621240406 0.066921763639479 0.118936843531608 0.147575163085872 0.106219201258705 0.222162910311523 0.109156020902615 0.0205626202100629
0.162888521460956 0.162038745399261 0.156949587655677 0.0130766127699883 0.0945173718147393 0.103388312282792 0.122046326120756 0.077099064462474 0.107995458033356
0.116321945693215 0.147870804623319 0.212069887752885 0.0468674954652283 0.139652386553983 0.107782142402438 0.14614516185836 0.0458997794247262 0.0373903962258458
0.129565595630177 0.199045244736271 0.204067346689545 0.11062777486725 0.0733813770400396 0.141057475600093 0.070847353380594 0.059551628647327 0.0118562034087027
0.17333823662217 0.0555719018321663 0.0747818924807241 0.00803898329428271 0.274480805216387 0.0395273936731004 0.113603480264156 0.0738343834001807 0.186822923216834
0.14849453824432 0.130029346197963 0.0935265961414303 0.106725974947722 0.0691934094752615 0.0462102746201133 0.17046806290289 0.112370394657514 0.122981402812786
0.0160769770607081 0.181847037696622 0.0882370703301553 0.0493202611668137 0.204131306905973 0.0872296927085081 0.123718076373043 0.0269172268661929 0.222522350891983
0.0115640697640777 0.0482312863768768 0.162210575494578 0.164365800462661 0.0740116127774468 0.121116550227264 0.154558408338134 0.152801829979228 0.111139866579734
0.0468153897715695 0.00683223674723632 0.177613586794692 0.145057546493777 0.0650246045786522 0.128586831221836 0.141018323024178 0.129415228635997 0.159636252732062
0.165405426455506 0.0613637265129688 0.0772805024390816 0.0632802782397287 0.157186677076869 0.149319768715205 0.0437570710200897 0.0894075091654385 0.192999040375114
0.0491802567918987 0.14342215588394 0.046654959320767 0.17576731001766 0.198217065227952 0.179411522121969 0.126310961944281 0.0767661671610892 0.00426960153044267
0.1413456610269 0.154885333869878 0.113976633949508 0.112242861993932 0.107817917681812 0.183956451382441 0.0762819420580183 0.0857212921406661 0.0237719058968454
0.157945568345045 0.0675598569632345 0.0310578259438332 0.156007632192727 0.184754390146815 0.0967318028623825 0.141781450534223 0.0989016749669626 0.0652597980447777
0.0109147863607241 0.119434830482292 0.0747357550092055 0.121980474566751 0.131010248709944 0.143940272614857 0.165903490346936 0.023892325877127 0.208187816032163
0.0887050838296916 0.0219987599956057 0.102273055308557 0.247900374389771 0.000623897347029431 0.223523513908424 0.0223393759849751 0.272187419432107 0.0204485198038396
0.149252690521707 0.10498127922768 0.0489191610748825 0.0976416259014859 0.154430181808626 0.140543093611377 0.0594438308660191 0.0788891974319813 0.165898939556242
0.233933472237283 0.00391358328840134 0.0663353298863077 0.0230703771449938 0.0322072207195682 0.180462958388069 0.182559446022424 0.0719596321017364 0.205557980211217
0.0709346172768256 0.213691397994126 0.129680097298724 0.146960920663777 0.117767881050538 0.129314615625548 0.00314139114656757 0.134762919427798 0.0537461595160948
0.0304073411348858 0.149477727325388 0.0711184203817907 0.161492631960561 0.126859326478584 0.130640008939165 0.175827601245866 0.0818067823804521 0.0723701601533072
0.0423143050652775 0.12570882929141 0.169203564694497 0.119658524793545 0.162154501860265 0.0872603317240283 0.137451071770111 0.0420568901970614 0.114191980603804
0.188668626841886 0.289146355888365 0.132838106678005 0.119756063662286 0.125245960330892 0.0333310279033691 0.0199678574193703 0.0204320925093621 0.0706139087664642
0.0463980342387574 0.36253185056104 0.0397018149304458 0.0447720759586273 0.121351622285857 0.025947726493038 0.339276445354066 0.0152257835874589 0.00479464659070968
0.207640307180719 0.185788476703196 0.165997219586489 0.112455444919069 0.210528246810448 0.00688903322375806 0.0559783385291603 0.0105989157805958 0.0441240172665651
0.0557676017628758 0.0166905292588597 0.139281739301071 0.114439091547907 0.113668393385952 0.0996716852192788 0.120837170021949 0.136804596939306 0.202839192562801
0.153238976084264 0.194836085256062 0.0745651650921027 0.134279349940294 0.094384738584726 0.025170020264159 0.0286510214353409 0.200699417069782 0.0941752262732697
0.14307089701828 0.0700859444970743 0.159922546861463 0.0415040209936923 0.114259355122333 0.120952071684504 0.109388299278645 0.105785288635871 0.135031575908138
0.0308867186678681 0.0273010374231889 0.0231481381189717 0.279238735005609 0.111931291434154 0.0806622662407471 0.173094539596627 0.236719127628656 0.0370181458841784
0.133515663954655 0.0251541821921244 0.176268003475849 0.121133645752828 0.0947077648034474 0.0608235263207053 0.095510131699253 0.116194882650237 0.176692199150901
0.00866691184248966 0.111359565605046 0.174900673189988 0.114405301920359 0.0919417723101053 0.0802725462732623 0.145097614019929 0.116496863044771 0.15685875179405
0.0528800579655123 0.117031017315991 0.0933487774792306 0.057640585154687 0.189260457968638 0.0206883592211695 0.199534532839327 0.231565289472322 0.0380509225831229
0.176929422887563 0.164747782998703 0.0276357776466831 0.115631236452056 0.225863571429893 0.0678752279106641 0.0334542397434289 0.00982124322343337 0.178041497707574
0.0880209798665484 0.0798806661675246 0.190022266304217 0.0693564466953552 0.248812098809365 0.0779186693671588 0.0528826399855268 0.0973063404275516 0.0957998923767531
0.0381759554971965 0.171495045777604 0.201097047007678 0.098222118487273 0.195519790653567 0.130125556249472 0.0653206565677494 0.0302143118097133 0.0698295179497472
0.0919974693743455 0.197829138745163 0.145105926528045 0.0304893513306352 0.231286990155211 0.0831158668373241 0.112299056799876 0.0885166254229461 0.019359574806454
0.0867323174931667 0.158195026119128 0.109340957345519 0.0537774226871295 0.146162208198667 0.111402494562925 0.0654260547367474 0.152173743344531 0.116789775512187
0.113933248588628 0.0438045304456117 0.151364911217131 0.164358316408391 0.171779530227292 0.166715899919094 0.113702920553678 0.0594371049954008 0.0149035376447734
0.117379942186428 0.0237607812796309 0.036117877123851 0.210694937837074 0.109357006029791 0.211126787813748 0.114023086547224 0.103587393473324 0.0739521877089301
0.200426860676993 0.0556110668861982 0.142086104966112 0.218947299022363 0.0494817390064861 0.0980176989581028 0.070435729042926 0.0561475847994854 0.108845916641333
0.150694882769557 0.127067662016673 0.174001959710089 0.12536186487206 0.0178844601926182 0.0956854143333032 0.0954142553821353 0.0183710672685386 0.195518433455026
0.0454174964311506 0.0858252162917754 0.193743627923804 0.177633945908584 0.0316948795766303 0.00388057625641575 0.197699795435023 0.157045875314923 0.107058586861695
0.0403958305318755 0.0975859182830186 0.00647465101022397 0.0478087976749654 0.0784935616142114 0.114057147924009 0.360080153847411 0.163911274999347 0.0911926641149384
0.0454928326907804 0.100661316733494 0.131332604267693 0.0980341156712451 0.0113173508256822 0.17702111595085 0.141677393227461 0.11785294116797 0.176610329464825
0.143807832060748 0.218464017551446 0.172336053554473 0.0119980007690163 0.00555817434661844 0.0824949516445152 0.146247823078143 0.100872366064966 0.118220780930074
0.266769174568726 0.13419279139066 0.0282926366244642 0.100246350291182 0.244653645282812 0.0552888657789393 0.0252588245077339 0.0487388878695876 0.0965588236858956
0.113249395704511 0.0648018649243582 0.163571499602662 0.034647278150258 0.0702104659224718 0.169379055141307 0.157313964128929 0.123187287704155 0.103639188721348
0.179707768037945 0.0405145354018307 0.150574554659145 0.235215803422271 0.106505650846847 0.0983458904186929 0.062271853272789 0.0884520896844342 0.0384118542560444
0.0936539948609523 0.147173929780431 0.0156261870542006 0.0329289256888286 0.256717331842357 0.198470973682778 0.0178599730032835 0.166384855978818 0.0711838281083505
0.190735441595702 0.0467422101932328 0.15242595723536 0.0159946433543862 0.0371616905810339 0.194084066713308 0.156880203026445 0.0893178158989148 0.116657971401617
0.113834563855822 0.0301479569821903 0.00547103726561698 0.141961693515119 0.107992769328796 0.200650060502041 0.181062295894324 0.0579412977341857 0.160938324921905
0.0634358991647848 0.0911406604610099 0.0274493713362766 0.226860956485251 0.207568514758328 0.11413983264995 0.0249217194888614 0.0730992681637055 0.171383777491834
0.0855930557735566 0.162653468873563 0.120277209718741 0.165176598047123 0.0182755829818419 0.058236455042983 0.167363742761748 0.177143515102281 0.045280371698163
0.118508033163353 0.0984486903423083 0.154512420172672 0.138179920847693 0.0999556752205415 0.0721385783957401 0.0151673459793761 0.155866259523496 0.14722307635482
0.0223625100017593 0.00455508977963303 0.104798994810138 0.015806216108044 0.0217280947237789 0.249871401454303 0.232645151080477 0.225103729250752 0.123128812791115
0.0513549463970058 0.175282034253845 0.0299944005786383 0.167340295007611 0.0528125556772437 0.093516788429336 0.0417984825728442 0.198056340074665 0.189844157008811
0.0580898330577735 0.137989906925286 0.163524197299706 0.00143016646232903 0.00239713689961532 0.237405489427755 0.133636430798756 0.233036751314368 0.0324900878144122
0.115891457150782 0.00153578681796505 0.201369007147912 0.0257764591819148 0.169854419150594 0.123601520860758 0.172470502808667 0.114204049173546 0.0752967977078604
0.228901384356896 0.0602898195849542 0.0615234631584935 0.1899730243904 0.219177063779808 0.109224684600952 0.0008920843973648 0.0254666360001139 0.104551839731018
0.110771788867505 0.11555965922012 0.185997542853188 0.137691637896038 0.123176713958625 0.0160869121993773 0.180056261877428 0.00530346591701585 0.125356017210702
0.201715843824276 0.0338215728110199 0.141832796247036 0.154623084361134 0.017574948194784 0.218779276835105 0.118637313226399 0.00900644858123816 0.104008715919008
0.173766532170631 0.051930932183216 0.12616980903217 0.20812995219576 0.00195083123143944 0.0971458788863366 0.216041523019037 0.0900711765044801 0.0347933647769303
0.03982605041002 0.0707940390914509 0.00209559800523369 0.208593571119257 0.26161022971601 0.141594239209631 0.048098139790043 0.174133658730675 0.0532544739276787
0.0191695200542468 0.161122739211904 0.0578108324671514 0.166199428382771 0.147865937337153 0.137196884178726 0.233594989914909 0.00420680519732972 0.072832863255809
0.0708849612629933 0.034322996129395 0.164343573028742 0.148887540654502 0.108277504471158 0.119293084763514 0.0460315743479776 0.185809766621856 0.122148998719862
0.107606613851516 0.100383476572244 0.205726607435138 0.0877262533511661 0.0248826218307939 0.138130126623511 0.136231026177037 0.0949153153120361 0.104397958846558
0.119273518453663 0.173102573850141 0.193291049206956 0.0889011939512179 0.120485003090727 0.12182380032743 0.0242772316192673 0.070771594827744 0.0880740346728537
0.0358817735804831 0.0834954852526339 0.109522407753249 0.177216514223468 0.241227613166497 0.0926150232768122 0.0028656348904596 0.23017923035256 0.0269963175038386
0.0468534372485687 0.122228424761175 0.00890326863426662 0.049842933914041 0.177636729464632 0.143286139657105 0.117264961933551 0.18081349233663 0.15317061205003
0.0542765186134632 0.0876324971394073 0.0163667293029213 0.249061377479459 0.242340402589507 0.02107006990984 0.127856248082478 0.0146916121968098 0.186704544686114
0.174757862797374 0.0401791554691393 0.138653425311016 0.0432559479841016 0.0803346049433414 0.141928045623402 0.100434594141912 0.163615169698297 0.116841194031418
0.0766551812790509 0.143851503753155 0.170305874376483 0.101647150199822 0.0110896489416801 0.0717677454689965 0.195785710145093 0.122470931723532 0.106426254112189
0.0314538083825176 0.0308899149723627 0.0399192561830634 0.10405190470506 0.161383992499066 0.132282418509218 0.10437108902561 0.19979562163792 0.195851994085183
0.031937426057824 0.159560387964554 0.156618640904119 0.15530368083678 0.0405997618057237 0.0265140665723757 0.138302124124093 0.144301877072647 0.146862034661884
0.0363438853985037 0.0553079420509764 0.126648277968107 0.204335161878253 0.215612517908603 0.0653514694237609 0.0851040425250004 0.0376076117418257 0.17368909110497
0.0722541039614533 0.196588368398628 0.0375320527279943 0.207209256921351 0.0593674427681738 0.19034254245587 0.105334540973271 0.0741700979283795 0.0572015938648797
0.106735536607196 0.170834742325516 0.00236344610979164 0.0524448227869001 0.188077363049743 0.0327270878302086 0.0506717237809672 0.282705012289142 0.113440265220535
0.114833805146508 0.145816741811788 0.138127408442675 0.018885673701514 0.0428884341613589 0.217683847490618 0.0114152308023826 0.0270215645687541 0.283327293874401
0.0694912699193699 0.184921400783736 0.0617626030266458 0.17396686005293 0.187524304692345 0.096143838099391 0.129989978580485 0.00930438201530327 0.0868953628297941
0.11465826416937 0.102913550747641 0.0442863022422324 0.179343063429607 0.0942891448739269 0.0593087057380974 0.127019680944065 0.166363246903656 0.111818040951405
0.179828103405971 0.0801290305594901 0.0690719626890645 0.103085313225232 0.0971397826581431 0.140897290800321 0.0945218919408343 0.0999088865848569 0.135417738136088
0.118300276268372 0.112942272629772 0.170218602154496 0.144066718215241 0.0198399992729314 0.13915077241726 0.0526046184814502 0.0897059629256397 0.153170777634838
0.163544927992087 0.172430702801179 0.0349697789711241 0.0856208841193492 0.172165730221249 0.0158260296401613 0.0396013191298687 0.187043372093723 0.12879725503126
0.0585015049658201 0.00254994061136585 0.148903181234009 0.174209281419563 0.17356229389773 0.0570231010135118 0.180452068584531 0.0548711255646468 0.149927502708822
0.114686207724943 0.137733526948826 0.0992792275837715 0.298396607702111 0.128084065978046 0.0622222751104683 0.0247659536614491 0.0279984480578615 0.106833687232522
0.12286221729032 0.0768697601263697 0.198881851921587 0.0852057800914066 0.0569537963646483 0.0199400800471454 0.039366664367293 0.220492315586268 0.179427534204963
0.0818388675044663 0.0833963611398654 0.147639113984913 0.0854918362806633 0.15213893381617 0.17659024273154 0.0709475919987398 0.169637460677599 0.0323195918660441
0.0358563877568625 0.0839722619326784 0.0623121368431924 0.215139095074752 0.0995424192461369 0.214960180884275 0.12827964623784 0.07192581012058 0.0880120619036829
0.151539069583489 0.045705841463254 0.0111379601164716 0.0666991006273461 0.0563448298685204 0.144290864619477 0.198904024437115 0.188985382211393 0.136392927072933
0.0421129995409473 0.171990017924243 0.137823448237251 0.234684252913158 0.036819580824898 0.137561545376982 0.0200928874250875 0.166033833936389 0.0528814338210446
0.0734589437565698 0.053701800743743 0.122014429970683 0.193231564583584 0.0576424818823642 0.00689618619592991 0.11069599839472 0.170847050165272 0.211511544307134
0.0216903075999483 0.058417343076971 0.0548047930044341 0.0245932172754434 0.22499672062151 0.225256158770246 0.0708467936222209 0.197443254445964 0.121951411583263
0.200888697737134 0.0243270115949385 0.0739418207286293 0.0875360296284159 0.160974414036269 0.0429776345199098 0.25023877966373 0.000203605286099878 0.158912006804874
0.0786192666427134 0.103013541033303 0.0831516758605727 0.189107218006473 0.172694229837044 0.0456195972337931 0.099650034202721 0.120294190829729 0.107850246353651
0.0772062985256057 0.104743334096088 0.146915626180703 0.00192462102723413 0.086308864258188 0.199636204806332 0.169255590771778 0.0473965270309309 0.16661293330314
0.0516861000678903 0.111704903660028 0.029188533433766 0.182014342963633 0.149883697255103 0.00221142527901059 0.237603694318018 0.221251378009237 0.0144559250133144
0.0539482085996308 0.0875705905997036 0.191515068771781 0.115036690981154 0.11303522022896 0.0724373758025012 0.201761533382685 0.0605027556325606 0.104192556001025
0.0279725058513807 0.0084145974893081 0.082696048859376 0.136059192818658 0.185501258540131 0.0559655817998114 0.0899746291744604 0.190891373237883 0.222524812228991
0.0452355973212452 0.153511457072787 0.0685853570303281 0.184251947302352 0.0781314179008744 0.167769492724478 0.0430783392108036 0.0885895541585028 0.170846837278628
0.108478125726029 0.033871875772937 0.114290920754702 0.0416790879808106 0.150014959263049 0.127680298696817 0.104539016122968 0.112429919083252 0.207015796599435
0.061556213805376 0.0666248891491317 0.0278089023048548 0.0967225317426097 0.167434422435184 0.146991946387766 0.123104843473352 0.134227041937697 0.17552920876403
0.0596849207957865 0.163224854637578 0.123538577214056 0.154600031140113 0.182845734844646 0.0545138870356414 0.0123914601555717 0.189279245085321 0.0599212890912868
0.18729211176645 0.161768300814263 0.0536605255035537 0.127068374713971 0.083982028754292 0.116568694309441 0.00240986640034785 0.164038793861639 0.103211303876042
0.168050981435594 0.127442533589282 0.0737872478151492 0.146608229895221 0.116345195453406 0.0663810335404896 0.0668908926491807 0.0492858849310401 0.185208000690638
0.0548741310012226 0.0765948713100483 0.117869947731544 0.140007051428024 0.132898302826393 0.149875491987347 0.147169690679929 0.0225079084686715 0.158202604566821
0.00215938647832979 0.0154579083982252 0.198799040800337 0.0957944961246968 0.146693972485918 0.0381033160057448 0.225172648715466 0.138671318586929 0.139147912404354
0.248295967234399 0.191066295602493 0.0260536670144461 0.231762607583133 0.0611164164120676 0.0036457359001296 0.115309382109299 0.121958816440483 0.000791111703549815
0.194811140460973 0.181968555819731 0.0007333343595392 0.120079959004955 0.132288616656618 0.0316065346375904 0.0553015534135292 0.137816091017299 0.145394214629764
0.203296037645078 0.255887795413679 0.0197306471189185 0.0272920725080251 0.0148102772560752 0.166749007212835 0.0210933884076654 0.0330048514125539 0.25813592302517
0.0380099829300904 0.155967511933986 0.197968576930952 0.0379639754368754 0.165725464501892 0.129337278755358 0.0355319207782862 0.0632654625164494 0.176229826216112
0.000494856190186627 0.0405101695640262 0.164733458828186 0.190876084297439 0.166072758873906 0.0873433292950783 0.116132568920538 0.181795837371755 0.0520409366588855
0.00110654872540273 0.0160366353695621 0.156197000409893 0.20505193145667 0.15834361177465 0.179119511229977 0.189675707425844 0.0325073531977689 0.0619617004102324
0.0470022959188499 0.115146006594359 0.0290125199352424 0.0368209895360297 0.00267922026077848 0.177691229223277 0.183312515274712 0.181710266906025 0.226624956350728
0.18532043700635 0.0930120593870936 0.21975157561258 0.0549948261482246 0.0654328596530583 0.158991166588528 0.140989660076534 0.0123671553029443 0.0691402602246872
0.131922671697439 0.00503245168800056 0.010996264286602 0.136632570969402 0.0473689947435557 0.190145175165859 0.155873366415231 0.262188915360996 0.0598395896729151
0.0050790049194178 0.189131550686821 0.178246681686128 0.12260217690607 0.17802614607645 0.0834844755838273 0.144797375654713 0.0979870390083566 0.000645549478216307
0.292914289430462 0.0571349142689726 0.0695070548005598 0.0372050801353285 0.0138586968947604 0.0528155506420332 0.0452189536368375 0.180146207195052 0.251199252995994
0.0177389383157907 0.03628635322874 0.148067796585443 0.172698264353182 0.0433703091721465 0.0242834593627841 0.178730537176868 0.175926769627008 0.202897572178037
0.161887778562074 0.0652377990782771 0.0890004624933634 0.16810807171296 0.0793492331065652 0.0937744451694972 0.0425040329028785 0.143248020619067 0.156890156355317
0.0518496489703612 0.165351293857651 0.0271356534509289 0.143825930501841 0.291012492078192 0.0821482347619572 0.164167241633876 0.01566253318496 0.058846971560233
0.0943400265670484 0.137244706947938 0.163434882164141 0.0475555322549121 0.00748162140923611 0.0246772420956012 0.180218914885148 0.18063041680816 0.164416656867815
0.0178618635414214 0.0675126919226886 0.0980900519035215 0.0136787899522233 0.208303704196425 0.112831467168481 0.103444598415771 0.197432266484155 0.180844566415314
0.0333991873583551 0.122808305002747 0.0548637866277493 0.00391284952234716 0.299765067809261 0.0616040708104913 0.0496210512260673 0.213365440229708 0.160660241413274
0.022704225963789 0.121426888729405 0.134547416150222 0.166060865260824 0.13224682639527 0.217715377727401 0.078503300091261 0.0683418696246402 0.0584532300571888
0.12908987460802 0.14592553059532 0.0165195490303177 0.0775481341517219 0.117061794238135 0.124760307946915 0.0991688947512198 0.140394190601949 0.149531724076403
0.0883598313865355 0.0916408638513176 0.107070447772973 0.158748119682422 0.17222325643943 0.08503896742129 0.0968949790747588 0.171332170581039 0.0286913637902338
0.0350589627290917 0.139832484100103 0.198483474105852 0.18722138098013 0.0312098275705216 0.0575344686156655 0.0410913253968993 0.123148094661652 0.186419981840086
0.119716994193244 0.0485864516238506 0.0915853881767856 0.208975805124496 0.117699977835274 0.0461231344182107 0.10891556885816 0.0921562551114219 0.166240424658557
0.202723131042875 0.202767229648658 0.0687497631153486 0.0590022608251828 0.233308494943318 0.0753094068740538 0.0742607596346617 0.0105606208032275 0.0733183331126745
0.136300423086907 0.0879462681786801 0.074772001918122 0.09274135709305 0.132738335824753 0.139802296440419 0.128627473157425 0.112142046046637 0.0949297982540069
0.122064178023756 0.0284610590601058 0.232304756977039 0.218191552389311 0.0121146207719012 0.0781000855036658 0.0404909341754743 0.0721248533227397 0.196147959776008
0.199343537361068 0.159274877930252 0.121476864056926 0.159372288595238 0.0604111935507476 0.0379388162532383 0.0540881835088193 0.0249536585375713 0.18314058020614
0.0556045792635016 0.0547152613744663 0.110230887604365 0.160182873036571 0.139552675679595 0.105221146749315 0.126091742810121 0.129737934127525 0.118662899354541
0.0959751456230963 0.11323793295046 0.118728945854322 0.132829711551659 0.118400937366128 0.125798942677238 0.0367621477197416 0.123228285007954 0.135037951249401
0.206051893407267 0.116663919562522 0.108908200579952 0.0862713254651872 0.0650702508427692 0.0401524710645102 0.137862957326486 0.155291003813127 0.0837279779381803
0.133701422837486 0.0848586399586832 0.0771285211097441 0.0760813102887514 0.119461034683286 0.183354035114457 0.0813283380990287 0.224763427519879 0.0193232703886845
0.0743965155080687 0.0965794305894868 0.1068638583529 0.0479470075237534 0.116517470824681 0.142742919547219 0.178653688143601 0.188537893431249 0.0477612160790413
0.0719325107202271 0.141367903766581 0.193137739017865 0.0505979270033318 0.10198920522854 0.0713416935258017 0.138957331335178 0.0371191582055865 0.193556531196889
0.140083256292283 0.15369140049871 0.0635718561893747 0.0809541433012869 0.117544239326601 0.121327464420562 0.0345118552960384 0.147974996220827 0.140340788454317
0.0128269139646719 0.0275678537656098 0.146687508433161 0.127170148953675 0.0662978983309733 0.160479703208348 0.200318964102163 0.0846823166004229 0.173968692640975
0.0354350905407028 0.115095887871503 0.0932324236402925 0.172826934193543 0.180292714846366 0.00498159609010599 0.170532215035678 0.202108869758228 0.025494268023582
