0.29979869031733 0.0776539648178206 0.518417962109454 0.104129382755395
0.334584968231256 0.206827873365929 0.241856153561638 0.216731004841177
0.47334536609887 0.45647135748307 0.0206789969621528 0.0495042794559076
0.302005210240421 0.0783703714516222 0.479922658042255 0.139701760265701
0.16721092718688 0.227875054118551 0.293569412218084 0.311344606476484
0.0697273304350123 0.166870187941232 0.40372089253438 0.359681589089375
0.519788339036743 0.24912198618041 0.166221936554559 0.0648677382282884
0.333924793106736 0.230523588423212 0.142104661209223 0.293446957260829
0.0901187954716041 0.343283870440343 0.320564844128227 0.246032489959825
0.348426733018931 0.372940633837648 0.0262050518277127 0.252427581315709
0.514768238491071 0.36239013343803 0.0794562197795477 0.0433854082913511
0.485051644193433 0.00624065174372894 0.234552323408462 0.274155380654375
0.251909771157002 0.0652983641766437 0.161833123710719 0.520958740955635
0.0939637178652879 0.175105543084778 0.415602266620627 0.315328472429307
0.316246801902058 0.238884096401436 0.189109221323766 0.255759880372741
0.104502898252174 0.418052070037169 0.130483497135351 0.346961534575307
0.356858540235933 0.18258920761686 0.379827479962256 0.0807247721849515
0.429893779741222 0.121747386315284 0.212812917850627 0.235545916092866
0.222414526009952 0.0702832455166709 0.333990558678105 0.373311669795272
0.201722850608344 0.342963155866701 0.308976615040917 0.146337378484038
0.0281003383123249 0.112011002426979 0.569504235615324 0.290384423645373
0.31809088495802 0.181868984023891 0.162123313121266 0.337916817896823
0.305753357978543 0.120464839335788 0.304015187527249 0.26976661515842
0.0741153451173307 0.146505481832517 0.429313581955646 0.350065591094507
0.216939755556527 0.393360836451767 0.179626193510446 0.21007321448126
0.189790225691081 0.047655119893306 0.379484765410421 0.383069889005192
0.315326698567025 0.220563843370521 0.269841381005028 0.194268077057426
0.354881631833535 0.168134761615708 0.0363698469210708 0.440613759629687
0.343225434034315 0.241928543585624 0.0567804999677978 0.358065522412263
0.0745236626145106 0.0465222258019989 0.0970402087823511 0.781913902801139
0.1771651189176 0.273680972519716 0.112354045403405 0.436799863159279
0.185793914426789 0.338911584402064 0.130982372560561 0.344312128610586
0.15645084735628 0.458956165225047 0.339365102270205 0.045227885148468
0.322189269364274 0.217002183063657 0.147619683554491 0.313188864017577
0.182983060117179 0.0813973929768401 0.415294285379957 0.320325261526024
0.144976071308356 0.242321950770485 0.11820885955173 0.494493118369429
0.305096374041763 0.318083051575041 0.362257830779944 0.0145627436032531
0.463132810309208 0.403700284031571 0.062817890540761 0.0703490151184598
0.450312019376651 0.295203664130875 0.0762307451714463 0.178253571321028
0.383112961036091 0.22843975584254 0.0112824911945327 0.377164791926836
0.204578050247151 0.24124074214605 0.349012143644477 0.205169063962322
0.396617499262809 0.0816400922533849 0.0768593421429144 0.444883066340892
0.0120937989432153 0.40461501897182 0.147982454107361 0.435308727977604
0.457263800172236 0.356820697497555 0.102144450395036 0.0837710519351738
0.503927951555913 0.234106683823587 0.258563360065411 0.00340200455508886
0.0865049120297124 0.119580458423124 0.407494162184526 0.386420467362638
0.233364118516524 0.145384668391934 0.358288689799315 0.262962523292226
0.240668639478331 0.26501364535557 0.185334762681623 0.308982952484477
0.0911695263142207 0.088416226452913 0.666846207884157 0.15356803934871
0.369703853862206 0.14813166327301 0.15842893260249 0.323735550262294
0.383031518243697 0.272327340843769 0.105495340165869 0.239145800746665
0.352134377564348 0.0149151614954425 0.334037484466119 0.29891297647409
0.602886973494272 0.121035459741731 0.0425172720116426 0.233560294752354
0.151845665770178 0.417942951064553 0.0498850718377965 0.380326311327472
0.0710508012701836 0.617951187095424 0.179212128083803 0.131785883550589
0.254554137246055 0.25403339054168 0.222557082305105 0.26885538990716
0.0787627829374268 0.392821823954374 0.36753331248114 0.16088208062706
0.345552478416159 0.0721226740937197 0.353239007850417 0.229085839639703
0.0953392042274155 0.691042542880253 0.112176224725115 0.101442028167216
0.104775161965919 0.340028697838675 0.296416324370459 0.258779815824948
0.426792821527031 0.0414729029144213 0.413956106792759 0.117778168765789
0.421584380326238 0.332569574272349 0.0581061804962083 0.187739864905205
0.32922722378002 0.25113090058239 0.0473148961180407 0.372326979519549
0.397918075260815 0.0657640734855504 0.146986388861378 0.389331462392257
0.203703313910413 0.369517953454475 0.0852028671348242 0.341575865500288
0.317454224143631 0.224148710301544 0.385396211688078 0.0730008538667472
0.0256244558472693 0.0426219555219021 0.443233997854378 0.48851959077645
0.302143732216166 0.00414900163546481 0.254892723140131 0.438814543008239
0.110468235458652 0.214567571406013 0.641016660046746 0.0339475330885895
0.134154566125137 0.483675312557584 0.107987562699119 0.27418255861816
0.220066101385557 0.0650179684793073 0.319006941758564 0.395908988376572
0.0856113128482307 0.304782888953991 0.262880755267845 0.346725042929933
0.352336469291037 0.273988827332936 0.265452250787763 0.108222452588264
0.150996191647004 0.326133184097536 0.333198512174894 0.189672112080566
0.26148953464704 0.245567105088766 0.286417060897365 0.20652629936683
0.0758329947816788 0.138558445399009 0.364475633499211 0.421132926320101
0.371441450822039 0.359156316673504 0.0467389867914826 0.222663245712974
0.0517007753557555 0.140587652951221 0.327500657163445 0.480210914529579
0.00813711411702981 0.167557506213118 0.739776992791601 0.0845283868782511
0.293113098211776 0.20546574327385 0.266977138285599 0.234444020228776
0.00384410093977716 0.188928019307735 0.473314401498504 0.333913478253984
0.3012196684787 0.0967736946292836 0.295672776705471 0.306333860186546
0.225510926912223 0.292348319465839 0.258189323633518 0.223951429988419
0.0829507945892638 0.225820960091694 0.349047414150105 0.342180831168937
0.33980930561574 0.185080595125456 0.336251778924093 0.138858320334711
0.177748082991057 0.314586890515286 0.387730177589433 0.119934848904225
0.167565894608886 0.322581128937389 0.243626128092838 0.266226848360888
0.123722875686303 0.145550864747028 0.352498585190684 0.378227674375985
0.252916567611068 0.196122462079532 0.31888426756477 0.23207670274463
0.224211687064499 0.222461130488727 0.332960808706393 0.220366373740381
0.292505550455156 0.509882657716625 0.0928071391729934 0.104804652655226
0.363749734478891 0.190733854171273 0.279855266240797 0.165661145109038
0.346225280799468 0.150471873315706 0.123117484566859 0.380185361317967
0.201233637092941 0.0220562496418321 0.329591720390852 0.447118392874375
0.264480419277372 0.356959088297796 0.37806534877457 0.000495143650262456
0.431459487259484 0.125339489603459 0.0352495329138998 0.407951490223158
0.19307972371534 0.278039473964588 0.364129202804717 0.164751599515355
0.12547399908502 0.383138678719066 0.272853872193375 0.218533450002539
0.0593768863638566 0.315350653830084 0.350818692095897 0.274453767710163
0.29904900789025 0.259655942607716 0.164875104672546 0.276419944829488
0.298635293882549 0.471136732097969 0.141557256710181 0.0886707173093014
0.248357743925261 0.166429786174585 0.253253584217545 0.331958885682609
0.310228969991379 0.263496114312946 0.333160594102518 0.0931143215931568
0.228800045080635 0.470561447705733 0.27513789673964 0.0255006104739928
0.0496032902568942 0.443454692328621 0.102892964228807 0.404049053185677
0.490997958991235 0.0860822930036974 0.0854444081098761 0.337475339895192
0.121200817985041 0.310424719715151 0.269571331986267 0.298803130313541
0.263623371991922 0.193170722136171 0.30545969363312 0.237746212238787
0.484245173049795 0.28121975983362 0.166624625664602 0.0679104414519834
0.182746537436485 0.217129774530654 0.287942080172595 0.312181607860266
0.112075565767834 0.0670468361674942 0.228146916324935 0.592730681739737
0.204626065773321 0.392960657379717 0.341119763600084 0.0612935132468786
0.208792316508001 0.145901606460163 0.103362255261455 0.54194382177038
0.268184542242386 0.24783487870816 0.284655569470462 0.199325009578992
0.441689462850112 0.0352058948866362 0.226242539471532 0.296862102791721
0.238429409260078 0.377783135500068 0.281834852627438 0.101952602612415
0.158969074760082 0.23491952333291 0.299084153132229 0.307027248774779
0.203615985695317 0.404020095325582 0.130308439698037 0.262055479281064
0.129110940271309 0.264876579353089 0.397664629624573 0.208347850751029
0.0924946866068838 0.310063424724614 0.323140150167978 0.274301738500525
0.00870472566455058 0.470419296058397 0.371171651714436 0.149704326562616
0.0289871603287818 0.273444374561963 0.334745074851676 0.362823390257579
0.13649269337471 0.0442665131504807 0.323968925580918 0.495271867893891
0.315782623806162 0.153399331923107 0.207454051181463 0.323363993089268
0.154724870840336 0.273055568318743 0.394516189236859 0.177703371604062
0.28562321177359 0.010632948290065 0.411505959362208 0.292237880574136
0.238165356407206 0.316689215072886 0.166900891600006 0.278244536919902
0.159500250849778 0.0179628926494945 0.336709259624787 0.48582759687594
0.278146601442502 0.322812293642175 0.240735699945501 0.158305404969823
0.148845022875562 0.380657635645792 0.389263363396671 0.0812339780819749
0.186141269233572 0.449393380865357 0.168725409292866 0.195739940608205
0.000410532746487748 0.35533645222353 0.251241012027457 0.393012003002525
0.339786192565934 0.243336943620086 0.0735934687547782 0.343283395059202
0.541065634369016 0.316884477175558 0.10170437964995 0.0403455088054772
0.0666539828002801 0.116052336004521 0.352452826927277 0.464840854267922
0.156113387170401 0.284586905863002 0.25590957524451 0.303390131722087
0.206311799026514 0.287459719353048 0.202584287273859 0.303644194346579
0.496389804971411 0.0154735462531029 0.136949125031173 0.351187523744313
0.276060595493135 0.0882331105229613 0.294139019928441 0.341567274055462
0.32374614590857 0.25483081807188 0.211664907809563 0.209758128209987
0.258035046352389 0.182112372841931 0.141228851268212 0.418623729537467
0.152336860909357 0.167149293502628 0.606240168109409 0.0742736774786048
0.222731593660132 0.273738868125042 0.0323194489403072 0.471210089274519
0.477784076522668 0.300750649617492 0.169732180141844 0.051733093717996
0.223215824054565 0.184861028381843 0.363953584137376 0.227969563426216
0.0271935585498851 0.445977013054494 0.368045709627106 0.158783718768515
0.200937973349399 0.318802230506395 0.44885764912957 0.0314021470146359
0.0942543193054607 0.633682988278843 0.244081260719664 0.0279814316960323
0.382635301732715 0.142155266244621 0.106038800206769 0.369170631815895
0.10274079308774 0.292955554690276 0.222245512220129 0.382058140001855
0.183760241877709 0.360489638518594 0.178254286515001 0.277495833088696
0.361950378477786 0.188588007109154 0.0884113504539659 0.361050263959093
0.245579140055325 0.0640113731518075 0.37444625550127 0.315963231291598
0.754028962096152 0.216685720016146 0.0130824980156753 0.0162028198720263
0.0734432695374595 0.41192922691377 0.0866575684557883 0.427969935092982
0.0239591845487561 0.139637576207547 0.206507531430734 0.629895707812962
0.153711727968076 0.241728002396436 0.342431277385598 0.26212899224989
0.129873933558751 0.520334920235572 0.241618725360287 0.10817242084539
0.352550429440887 0.259183524296077 0.338113522057657 0.0501525242053787
0.543768403384226 0.269215438112613 0.123199520752586 0.0638166377505741
0.284104929389698 0.18819547067511 0.275385166506112 0.252314433429079
0.315675323419607 0.0213126072338105 0.296378554762049 0.366633514584533
0.140349942210266 0.326097665865173 0.0127068680808858 0.520845523843676
0.207067178452537 0.186644073950365 0.521240669765675 0.0850480778314232
0.488179152561194 0.32394224386111 0.0209655066553213 0.166913096922375
0.571611634362441 0.178680136887655 0.247389328425469 0.00231890032443452
0.0919239908704004 0.415515608942563 0.147876271835472 0.344684128351564
0.20091126956328 0.451872394942506 0.0777368374436569 0.269479498050557
0.223581748881362 0.17973825412382 0.220487774203228 0.376192222791589
0.198247017052846 0.400786380979414 0.257273549085319 0.143693052882421
0.262034194349522 0.266324100840838 0.324005562816701 0.147636141992939
0.233590673470247 0.285139372613359 0.2184147568653 0.262855197051094
0.276694867031004 0.297097200026336 0.124655965081241 0.301551967861419
0.330080941881349 0.174046294261026 0.416967079175469 0.0789056846821558
0.205798093395965 0.175328314591522 0.276342381362775 0.342531210649738
0.113324923503785 0.0516486351003509 0.762385106516459 0.0726413348794043
0.532938723570346 0.14674688417448 0.262554144443038 0.0577602478121368
0.0570293072387088 0.296434118599612 0.410980956228016 0.235555617933663
0.437842708947381 0.185927188779563 0.150090554827655 0.226139547445401
0.324448698728299 0.344308062466211 0.272087462082605 0.0591557767228855
0.203969260046134 0.417311460876002 0.0582732213384669 0.320446057739397
0.273295766255117 0.195157400375771 0.30394035611843 0.227606477250683
0.264452219456635 0.221263537025857 0.232408927621934 0.281875315895574
0.0957848600851528 0.415049795460474 0.107222958299525 0.381942386154849
0.176445741132452 0.464329999368444 0.158425683814359 0.200798575684745
0.198349018879501 0.263871736762223 0.315036771254737 0.22274247310354
0.460525769134301 0.410019895094544 0.119106992694964 0.0103473430761914
0.357338595115237 0.36222632248822 0.270284268112863 0.0101508142836802
0.34940836237563 0.18529202764988 0.154562246054793 0.310737363919697
0.301168011544497 0.275369225332119 0.312480263725518 0.110982499397866
0.294609353196188 0.410051491632111 0.0759989967582057 0.219340158413495
0.367760742812208 0.266534189921199 0.274950965898812 0.0907541013677809
0.239083793799302 0.319865472605753 0.0867871084788158 0.354263625116129
0.268676345014801 0.270878949689706 0.156908965517356 0.303535739778137
0.423671087251268 0.0246114377697209 0.0116840104107375 0.540033464568274
0.383890404275384 0.123758948626666 0.320537523808019 0.171813123289931
0.294159516483498 0.111476520780703 0.14338663661676 0.450977326119038
0.227120161510079 0.155107766235759 0.314859849306676 0.302912222947486
0.0507576011936975 0.488156937894758 0.21830102801964 0.242784432891905
0.304082376188354 0.289163725017647 0.357707790695677 0.0490461080983222
0.292333841782829 0.14545963456047 0.276299146419233 0.285907377237469
0.220638801049292 0.0161283570114528 0.548326724625101 0.214906117314154
0.329716329129163 0.260580611477547 0.0964577389764848 0.313245320416806
0.239804229012942 0.378907074474974 0.104895816402472 0.276392880109612
0.206125206475652 0.33738407234406 0.321365045845842 0.135125675334446
0.273276874706589 0.00395093085146022 0.429093784646537 0.293678409795414
0.279557788664695 0.135723238342231 0.293584610508353 0.291134362484721
0.0934434182160511 0.416398977326918 0.321828829934931 0.1683287745221
0.416475515283778 0.100017513909494 0.184426376104086 0.299080594702642
0.413364871410046 0.0119696348740886 0.351798754185005 0.222866739530861
0.00723128924846574 0.333432745049015 0.242268033366926 0.417067932335593
0.0820478283256908 0.307400194196758 0.288408306649288 0.322143670828264
0.14838845559322 0.197770408238482 0.118214790941671 0.535626345226626
0.435303303421489 0.209601026645339 0.116024686296947 0.239070983636225
0.333919206634587 0.0816597108770692 0.151696567887426 0.432724514600917
0.0677749676841596 0.189394469239333 0.395268779658218 0.34756178341829
0.270693484810819 0.457960553340389 0.231906646566146 0.0394393152826458
0.22496920477697 0.200034263420851 0.264160694425273 0.310835837376906
0.345970479747484 0.118738653341942 0.38154779044069 0.153743076469884
0.319523030658065 0.284047657324454 0.0329253033261026 0.363504008691379
0.350082556435195 0.272049055259377 0.0285189350641799 0.349349453241248
0.00627922368546976 0.39045521310351 0.3953268165329 0.20793874667812
0.243696899866675 0.151080483392825 0.283935310514057 0.321287306226444
0.393842241912398 0.19957899492698 0.270898740093863 0.135680023066759
0.0575114327908783 0.443084432110563 0.184626015582383 0.314778119516176
0.331996709142417 0.215596390670565 0.071098239310553 0.381308660876465
0.401853009165707 0.142803189282891 0.0444211961585037 0.410922605392898
0.500259936018927 0.194122412073669 0.282999087970572 0.0226185639368319
0.377564175172448 0.18166106051149 0.0751245479944898 0.365650216321573
0.265573610913074 0.175185592674256 0.0746538193814805 0.484586977031189
0.176286397041853 0.335773921494008 0.226039669302181 0.261900012161957
0.43542876882785 0.010744831711964 0.180234525707138 0.373591873753048
0.0429504025619269 0.181644140230249 0.735542699255316 0.0398627579525081
0.235583050044211 0.343785775397559 0.189409393644378 0.231221780913853
0.354250784382477 0.389232084179765 0.204679103545081 0.0518380278926775
0.33182524574593 0.297915735659637 0.108904279238416 0.261354739356017
0.109345597475293 0.236422835219428 0.307127731862197 0.347103835443083
0.163877559839358 0.379095692582909 0.0808267510091449 0.376199996568588
0.202083857556656 0.034669928669161 0.406852337718151 0.356393876056032
0.425510575855953 0.265316038366275 0.245877731638368 0.0632956541394045
0.262516176611031 0.221649533725218 0.383819228736703 0.132015060927048
0.020514698989517 0.385555651274224 0.409576007654289 0.18435364208197
0.111473951593601 0.563201900922292 0.0661771007868709 0.259147046697236
0.385778704410119 0.0272921663517936 0.128272750801153 0.458656378436934
0.400721434991665 0.199278169230258 0.181621044650603 0.218379351127474
0.130590774456037 0.0443263141859549 0.321636629137312 0.503446282220696
0.298641969126859 0.136351544782017 0.314656955370329 0.250349530720795
0.322101061195132 0.214145120970269 0.126167437892388 0.337586379942211
0.282938764344873 0.154054744063928 0.0715732746269408 0.491433216964259
0.295770726952115 0.161544870974969 0.173144094194209 0.369540307878708
0.0102339821280125 0.529565577312374 0.146551378243388 0.313649062316225
0.0728411425310031 0.547404945158501 0.0866092579121906 0.293144654398306
0.0875751518140973 0.41949340627107 0.366831446609042 0.12609999530579
0.170846904697417 0.307072997171081 0.228579649464136 0.293500448667366
0.0477457240214771 0.178116087797785 0.519581878875625 0.254556309305113
0.132176129273663 0.364415245182748 0.424784220333921 0.0786244052096684
0.0139892560774681 0.266580264726247 0.282975099512885 0.4364553796834
0.212446224393139 0.479477368269266 0.159912602053585 0.148163805284009
0.512905239453187 0.0280074782766038 0.190175077635207 0.268912204635002
0.352571772047319 0.449456937571541 0.039200979219618 0.158770311161522
0.177270506682798 0.258732965669787 0.300391429423435 0.26360509822398
0.0669217287890547 0.593458887124742 0.148038640105356 0.191580743980848
0.390036069958109 0.223834848877274 0.252859418198976 0.13326966296564
0.241666974555199 0.242879448148362 0.41016737391398 0.105286203382459
0.372971625272293 0.384467047998564 0.241559760875363 0.00100156585378036
0.403813879318417 0.102636808390483 0.217536309901474 0.276013002389626
0.219110766549884 0.289855278277091 0.139733426894745 0.35130052827828
0.321356934993169 0.571074170572344 0.0808265424350418 0.0267423519994451
0.359125229198578 0.292677864708678 0.129747215269914 0.21844969082283
0.120348454806353 0.386209381321166 0.375126530720295 0.118315633152186
0.0673012905562664 0.261553164154105 0.551502172872751 0.119643372416877
0.230525248612146 0.132257767027399 0.556888117308223 0.0803288670522314
0.177362869930716 0.210989603265545 0.288843295512859 0.32280423129088
0.165493276918357 0.795539203680056 0.00265377178897615 0.0363137476126115
0.152841749178593 0.320152163565884 0.229947555164207 0.297058532091317
0.334826964121475 0.342343574914352 0.214670611902815 0.108158849061358
0.332475300668837 0.168401632853612 0.364008280811002 0.135114785666549
0.367707243046036 0.0865270228400364 0.467250093208281 0.0785156409056463
0.243646044601493 0.27476664078711 0.417806346327121 0.0637809682842763
0.396746265546144 0.201726687239103 0.0467815126842487 0.354745534530504
0.337293383399848 0.0178399627708978 0.228257269723067 0.416609384106188
0.261331158661253 0.250728677754959 0.263366236798225 0.224573926785563
0.286185110035388 0.324141172301816 0.226793147523974 0.162880570138822
0.0844337182144677 0.0902075178171029 0.262416420953326 0.562942343015103
0.141694420255974 0.324383333918894 0.313288666032046 0.220633579793086
0.47694759130788 0.192885333733553 0.126236401576299 0.203930673382268
0.290019920259023 0.2818760568417 0.176749487094554 0.251354535804723
0.188385387644192 0.294242832024592 0.444369658890246 0.07300212144097
0.266170303052587 0.0141496002070221 0.491811005566876 0.227869091173515
0.235462445120347 0.200172967984355 0.112926760416679 0.451437826478619
0.433303994003267 0.268214634203205 0.00800749338762059 0.290473878405907
0.348379308476385 0.252209949980203 0.119119043063304 0.280291698480108
0.143747166441092 0.279624487470349 0.367288255800668 0.20934009028789
0.0151149721569957 0.320585343334532 0.142019503326666 0.522280181181807
0.136130837719925 0.0374992495044553 0.371208713584269 0.455161199191351
0.310064075062575 0.139196033958145 0.264927676374469 0.285812214604811
0.161508916489801 0.223041080960878 0.32497658108341 0.290473421465911
0.297360591095447 0.616293225399976 0.0769767445792538 0.00936943892532282
0.344064256016675 0.0579471798185953 0.179867416802933 0.418121147361797
0.24364126737131 0.338654460680291 0.171892913544042 0.245811358404357
0.236000430617607 0.5349716387849 0.00846745228754122 0.220560478309953
0.235120948982399 0.198775088152001 0.388545006623102 0.177558956242498
0.10070969717345 0.298054563314662 0.270137558257452 0.331098181254436
0.505065410241838 0.149292663480088 0.267148110833287 0.078493815444786
0.06913657909496 0.490893161524687 0.353615189018283 0.0863550703620698
0.255608368062093 0.348369349180862 0.371303541804649 0.0247187409523957
0.595207885067153 0.197819567972824 0.018815821583223 0.1881567253768
0.105104065014978 0.151802458864619 0.132169428334036 0.610924047786367
0.341115741901077 0.347437938486615 0.192351803610097 0.119094516002212
0.141807054713776 0.140314194792013 0.0276103244501147 0.690268426044096
0.128795900773188 0.404355946000361 0.166394947269044 0.300453205957407
0.117395375515821 0.389986129235614 0.353898702819996 0.138719792428569
0.35829355902771 0.376642302048912 0.127233470188605 0.137830668734774
0.239769741964917 0.232551277192008 0.230497340935611 0.297181639907464
0.0209164405264388 0.122858989904526 0.173463459000169 0.682761110568867
0.217792401550895 0.311919591852658 0.357156989296374 0.113131017300073
0.395161644935861 0.129835514263095 0.199181610094662 0.275821230706382
0.344146783935237 0.226660407951292 0.0273793766013315 0.401813431512139
0.275174842022576 0.345668910593909 0.37153291723286 0.00762333015065466
0.0470827288949875 0.232112551083054 0.366855909745733 0.353948810276226
0.257142307594245 0.370056712350012 0.0771685772610308 0.295632402794712
0.394610012231035 0.113779694769654 0.114453278011332 0.377157014987979
0.688734635443693 0.1152477373565 0.16227206519079 0.033745562009017
0.336187768692292 0.0325717635198109 0.273041282773949 0.358199185013948
0.0854560353031458 0.30410703210724 0.30232893723878 0.308107995350834
0.301687100236591 0.304668281822708 0.391810300540365 0.00183431740033577
0.152717763969609 0.36270066806879 0.102747822408541 0.38183374555306
0.431927771302359 0.0199751568512621 0.206054991717031 0.342042080129348
0.0297349240897071 0.292495364199598 0.508296380983712 0.169473330726982
0.118796958329652 0.602037925759196 0.0867732827810095 0.192391833130142
0.203973613759501 0.272389432911568 0.247557918378479 0.276079034950451
0.383488296783731 0.178743373677626 0.323616017662775 0.114152311875868
0.733719101822109 0.243740457724742 0.0148560329839889 0.00768440746915918
0.228191907841994 0.230726823466859 0.266436061924614 0.274645206766534
0.29494667618052 0.382963905237088 0.287562527638217 0.034526890944176
0.362371660107378 0.198767859549112 0.31769173979823 0.12116874054528
0.0340670260680238 0.167520094168212 0.415326306476192 0.383086573287572
0.117362986449704 0.304443977493023 0.200470178582551 0.377722857474722
0.243605798701514 0.098585783580958 0.395024916976861 0.262783500740668
0.0709695742242344 0.187088598775084 0.611957419282021 0.129984407718661
0.257008626286972 0.174261069679336 0.34512171591961 0.223608588114082
0.686078459292097 0.167236367133812 0.0700583475744295 0.0766268259996616
0.310755875617125 0.212695617238506 0.125386370953478 0.351162136190891
0.101402811061632 0.139124583324783 0.658317056536525 0.101155549077061
0.0382499276423119 0.132266879634944 0.656145267853634 0.173337924869109
0.222236054248701 0.158415274754592 0.343557181932831 0.275791489063875
0.125990029111359 0.00414249428789753 0.442433266995609 0.427434209605134
0.246866888603265 0.334768162327827 0.00356215102808879 0.414802798040819
0.350355815931867 0.0845756161452744 0.312194037134482 0.252874530788377
0.0432370425495228 0.5133231458273 0.0381293426907575 0.40531046893242
0.228695929650032 0.306142134748798 0.348231108787375 0.116930826813796
0.333206613108702 0.313670540214417 0.121548396385919 0.231574450290962
0.23472734373461 0.157519394510515 0.240067828170839 0.367685433584037
0.335148605058722 0.160086460737065 0.443172696765342 0.0615922374388711
0.11862715502988 0.568281052878457 0.275265879571191 0.0378259125204716
0.0312814909673939 0.539050333990128 0.05133282273619 0.378335352306288
0.319874920108655 0.235081204892616 0.321916846717257 0.123127028281472
0.204643080938466 0.40058314681686 0.34013687783375 0.0546368944109244
0.360442641362169 0.0200246225497466 0.199493484322677 0.420039251765407
0.04586227136532 0.404308758254042 0.30934701180946 0.240481958571178
0.432872931896042 0.323610781004581 0.0185800568500527 0.224936230249325
0.479404227613711 0.264532176394848 0.0933089537658243 0.162754642225617
0.25889775759372 0.280076564114612 0.241645934025438 0.219379744266231
0.554123649741795 0.25774455321391 0.0505356619856902 0.137596135058605
0.183828283816698 0.304968535354089 0.320710696093389 0.190492484735824
0.185442912395755 0.309801998352517 0.0051865402079828 0.499568549043745
0.151818870401415 0.346110117620415 0.27190804262442 0.23016296935375
0.148160326823356 0.362483363792149 0.117903144865156 0.37145316451934
0.32573458192703 0.474137846361805 0.067992010099037 0.132135561612129
0.255892508997027 0.299419164468684 0.191748799390078 0.252939527144211
0.331339776131491 0.264224868475963 0.381932915934181 0.0225024394583644
0.37403186928387 0.208249849706107 0.140631933403848 0.277086347606175
0.0747857568829095 0.0290510271602739 0.689313052151255 0.206850163805562
0.526680627441909 0.0257676668453198 0.376982014916013 0.070569690796759
0.294150791233894 0.220182789285251 0.350160000466834 0.135506419014021
0.199799769401792 0.211596747629402 0.522243312202054 0.0663601707667518
0.247961960192804 0.0213719713275684 0.418191450426021 0.312474618053606
0.171755865202692 0.329234854389086 0.256977760168486 0.242031520239737
0.342725031767203 0.545422410290902 0.0261262642425697 0.085726293699325
0.24266969005831 0.307779311234425 0.313511691945882 0.136039306761383
0.32692555841519 0.281688128714437 0.205080845624748 0.186305467245624
0.341440800450368 0.43250619780812 0.113232232295902 0.112820769445611
0.209836420295124 0.125120919576624 0.396292364413184 0.268750295715068
0.218674303059213 0.388393089964834 0.369316565876542 0.0236160410994114
0.339718163736697 0.175960786798417 0.112351585046627 0.371969464418259
0.297239979131383 0.338423125771179 0.340622499594382 0.0237143955030555
0.300452572818151 0.184620597106468 0.265885647306006 0.249041182769376
0.0553052413403162 0.390826868363671 0.368565136587682 0.18530275370833
0.148730342853997 0.0692141934063661 0.636696765369953 0.145358698369684
0.091683866403093 0.261335106478989 0.563551505259725 0.0834295218581933
0.206730306870415 0.494303016408655 0.10250810093332 0.196458575787609
0.0504791186671274 0.527046381136867 0.125043722929124 0.297430777266881
0.354714417002517 0.458381699622118 0.162335245362486 0.0245686380128785
0.284421824308963 0.244858174952661 0.192802161550013 0.277917839188363
0.123936415593989 0.467512804532799 0.188288843736865 0.220261936136347
0.290422946473055 0.323730885085587 0.363197728477588 0.0226484399637706
0.252766422010179 0.428843567644982 0.181344620792748 0.137045389552091
0.11876975803643 0.336679826002133 0.0969757416322631 0.447574674329174
0.15185467571015 0.321360694325429 0.114228944439319 0.412555685525102
0.285172283859891 0.0297993722933324 0.650290659220528 0.0347376846262485
