0.0197250370422443 0.295563521249159 0.197765477721123 0.0398982240853231 0.120302715671563 0.326745024230587
0.0759874857667947 0.0995355215945573 0.142300633382614 0.194249630782779 0.295828517490373 0.192098210982881
0.213437167719401 0.0975003993297976 0.217193869353835 0.172345177025385 0.16777784585499 0.131745540716591
0.00892844398631015 0.231656379749793 0.204964454193352 0.261056620775899 0.0526351860489055 0.24075891524574
0.161152784634759 0.208765464228051 0.0396026820717755 0.202216510760684 0.18012105375309 0.208141504551639
0.131772356576061 0.266319035659714 0.0483879538918291 0.149986091033857 0.189687459097528 0.21384710374101
0.171467222251914 0.0635224895995457 0.135221839184816 0.222441263623315 0.0893779028465674 0.317969282493842
0.223881414877717 0.0602146666069041 0.17155904863645 0.174916134921377 0.168759700343808 0.200669034613744
0.0630520972683514 0.183535204942126 0.216439238246707 0.209307156224154 0.316392261805938 0.0112740415127244
0.206092886426047 0.140364952949977 0.129819858142339 0.0163637832859128 0.327829284317086 0.179529234878639
0.236919407210453 0.247535490837374 0.192304680350848 0.174934851175114 0.115500069568103 0.0328055008581079
0.451839913961274 0.109358010877132 0.0514894391948813 0.0798347232060532 0.0691998184930374 0.238278094267623
0.192440026096526 0.214876031583721 0.0507323670099034 0.134016093133102 0.216623463809631 0.191312018367116
0.207941350461883 0.1473970128576 0.10093925998433 0.147684777762652 0.145909995297659 0.250127603635875
0.271400287603268 0.22399949447859 0.198502359031751 0.0711145112476108 0.065776503094527 0.169206844544253
0.0344738421846082 0.316998541982716 0.248707785474955 0.244439160145093 0.143697789794131 0.0116828804184968
0.0839317636425955 0.0435961942429483 0.105307128153122 0.264334913629248 0.261808326653918 0.241021673678168
0.198817548629637 0.167233176421787 0.0137272564258421 0.28877662786525 0.253071307891971 0.0783740827655136
0.209772180247503 0.0809866677570951 0.0917714850600475 0.251031213354814 0.281084537228432 0.0853539163521081
0.237396185412748 0.273929923007978 0.160031621107986 0.11155650973171 0.0700653328577525 0.147020427881825
0.00574103272521217 0.0761909965911118 0.237414703735129 0.247299749934341 0.123262808765721 0.310090708248486
0.168460058358248 0.150080170951366 0.207999376951849 0.244875736556943 0.183284779540776 0.0452998776408162
0.183105693477141 0.0103018419454576 0.15563400143056 0.0626441174684126 0.504129402412557 0.0841849432658722
0.277754725826364 0.00652875883219479 0.0396140823637042 0.337768375732973 0.335185921942717 0.00314813530204656
0.387714256124658 0.162278360165631 0.106529392909122 0.173311304769166 0.167702891829043 0.00246379420238087
0.051882370827585 0.229990424205767 0.158076473557093 0.258479974452996 0.220546669827114 0.0810240871294445
0.168548206676834 0.231037283892922 0.208436938912593 0.129041772873457 0.109741876599105 0.153193921045089
0.0752973376143633 0.123157126620232 0.0690134634852539 0.0555672775216015 0.376230426724445 0.300734368034104
0.224290642269387 0.133504971475156 0.0509586038441248 0.192135980061168 0.116158294701076 0.282951507649088
0.258130684393965 0.274093012517993 0.189054278379327 0.0983682750757674 0.146451908518006 0.0339018411149418
0.0235943582949884 0.358717949239705 0.144355646881358 0.233891675689014 0.148048701280826 0.0913916686141096
0.0436507214983433 0.278515598918389 0.29081304556689 0.105605649205117 0.274094745496177 0.00732023931508355
0.165878057866696 0.0112153471300369 0.260344427531364 0.30502582546502 0.251150770742347 0.00638557126453606
0.300303161221974 0.0429276148510061 0.115770917103293 0.0170014629670037 0.221472302803437 0.302524541053286
0.11644772331736 0.116327367483373 0.180871983459145 0.230947266711164 0.127243352167882 0.228162306861075
0.303173141001821 0.0663148539973381 0.317074071389335 0.0636125307096802 0.185150596329076 0.0646748065727494
0.162136465192786 0.158427091325197 0.19660424069109 0.175948931924705 0.203087421837329 0.103795849028892
0.213671742542894 0.22729956811825 0.130286977809248 0.145417613163204 0.177107149610257 0.106216948756147
0.223723441609825 0.258344990878278 0.136692295905094 0.00803918328545922 0.161895556913504 0.211304531407841
0.252514334723654 0.0693929174423993 0.104404744161713 0.223472194740513 0.146476332737336 0.203739476194385
0.18942150358173 0.0138526028987479 0.225452064974045 0.20963336773768 0.2101527297331 0.151487731074697
0.390643945930803 0.00287250329137408 0.337780041622316 0.00297448661348058 0.112027743868616 0.153701278673411
0.198963270212484 0.13727528546505 0.168467577458668 0.0517210972731188 0.178330993908184 0.265241775682495
0.217875579876408 0.218662998412395 0.211074170473393 0.253196586865786 0.0921987151257598 0.00699194924625769
0.0649451602358611 0.107340233697638 0.125093378536426 0.172270471827049 0.368742278268124 0.161608477434902
0.172532186602905 0.0244073330187974 0.191707015596496 0.247745279354871 0.154128188919732 0.209479996507198
0.115248023451408 0.090290055329156 0.34071865026987 0.236841095490206 0.114090215270178 0.102811960189182
0.173299606189075 0.206141103957862 0.15805417842463 0.058110430902697 0.127582427618842 0.276812252906894
0.276336887276936 0.00557483971756808 0.367314238142556 0.182653682261203 0.159569565082932 0.00855078751880582
0.15470634633367 0.254028589549609 0.021781562086165 0.143828291617724 0.22203274605552 0.203622464357311
0.160298021647308 0.217085843766393 0.14199457329806 0.0999216054205096 0.168340745004536 0.212359210863194
0.18892862591189 0.126351376619217 0.24093504593746 0.0655087354234209 0.23260830939194 0.145667906716073
0.072916977898067 0.0929947908322311 0.22697394281673 0.22012083062528 0.167811885630031 0.219181572197661
0.0816220948597042 0.250525985531286 0.250300070258101 0.0874739851941033 0.155413957222768 0.174663906934037
0.021695045514098 0.186008985606816 0.0287426229668584 0.198142968223607 0.290870734276846 0.274539643411775
0.214491188484712 0.136309413238233 0.20703924230472 0.0488546568936298 0.290900445790508 0.102405053288198
0.149196184534905 0.0502774900617578 0.113018344882741 0.276192673847702 0.181564176974311 0.229751129698583
0.272728365905875 0.0519374671923967 0.221403448803959 0.0627094606318507 0.263682400228044 0.127538857237874
0.133091338235512 0.22201893116981 0.262734840183711 0.00252417636340729 0.126370025882073 0.253260688165487
0.211487164514063 0.207332070061854 0.0960166687837642 0.0828268071104071 0.198030002302992 0.20430728722692
0.0671499715086458 0.12667475400163 0.128313541292714 0.277949641994385 0.180379855111788 0.219532236090839
0.183186491998519 0.115019357928059 0.194554799133506 0.261449104868116 0.178683109290569 0.0671071367812305
0.315340016773605 0.0461378208331562 0.274176369516224 0.0305318191825722 0.115241569303649 0.218572404390794
0.235949992005962 0.296380124354072 0.0370579507786177 0.346059238369768 0.00477990798484676 0.0797727865067338
0.0517305365829228 0.188228222866072 0.160071956447816 0.205653232733257 0.180506344527053 0.21380970684288
0.300508780063843 0.127584689664036 0.103536765523018 0.241365718541581 0.105362161471134 0.121641884736388
0.0597466847721067 0.130329405271258 0.369588462915822 0.178475358096962 0.131469997205367 0.130390091738483
0.146759931049703 0.153720867248781 0.190442398235826 0.0675272327951798 0.376631587551984 0.0649179831185271
0.190588266874594 0.212683088292174 0.191353954498682 0.213937603157661 0.0226688202210159 0.168768266955874
0.177289639409673 0.0647740865888173 0.0061227623863845 0.066848529494596 0.391550144169277 0.293414837951252
0.128477005036716 0.25948574908811 0.0360943911934685 0.197565625907534 0.213848228639873 0.164529000134299
0.0046011605257037 0.211652339704389 0.154335782982358 0.252372028941631 0.225307677109565 0.151731010736353
0.176090300789901 0.124041593522101 0.142248340586404 0.137686083686139 0.202491884634868 0.217441796780587
0.295934924042431 0.196162419094165 0.0957473765321377 0.120194007354138 0.213687447593088 0.0782738253840419
0.0891418162692933 0.179782492144273 0.112986108735832 0.306978162665627 0.151894518193975 0.159216901991
0.186442091388202 0.215127383067754 0.282543897178311 0.0770319192851897 0.0146896771255883 0.224165031954955
0.24395984794454 0.24316791553014 0.23981063170459 0.198246270131444 0.0670610642365887 0.00775427045269662
0.233416230036936 0.124727821518693 0.181044454550197 0.158752994622726 0.140206367413748 0.1618521318577
0.204348103233093 0.277513026463365 0.148789646671512 0.0251873896036535 0.20855803408218 0.135603799946197
0.125494841001406 0.000119134747311111 0.264527061345185 0.14751188060491 0.252886990625157 0.209460091676031
0.269465180580618 0.182698555996764 0.0327933489650887 0.198582069116025 0.190183357594923 0.126277487746581
0.260379490522016 0.349340212078165 0.00541927223052413 0.00056290562020191 0.209925734858436 0.174372384690657
0.279295152288814 0.084913017933299 0.240398631686438 0.231578423476425 0.108040530481351 0.0557742441336737
0.143339217635641 0.110235228021251 0.299585879016806 0.250624254495769 0.00617895683631001 0.190036463994222
0.0110925237330517 0.0891328749849102 0.251279567971852 0.136411465019605 0.220829809118906 0.291253759171676
0.154344117556697 0.108165477475819 0.12892873786116 0.102796720355986 0.27521386701663 0.230551079733707
0.161009387935545 0.144632078419848 0.328382616325093 0.0142378123655729 0.0437175932264659 0.308020511727475
0.443654599631052 0.0605780787599091 0.14940799132383 0.0609262641036661 0.217828516297246 0.0676045498842965
0.294355830290965 0.233898796351162 0.0618215089459813 0.297820968778397 0.0464911573401229 0.0656117382933731
0.247547181925703 0.0357921935450846 0.274780678646751 0.11001276078258 0.185110351305077 0.146756833794804
0.248524843392456 0.0140917071462102 0.220320352009026 0.252123457654329 0.068834878719117 0.196104761078863
0.274070749802317 0.0547329006156132 0.197653273386982 0.0826597079917439 0.141365640053887 0.249517728149457
0.291701070501489 0.0943788982258004 0.195837039309833 0.0738635651641089 0.13768079366306 0.206538633135709
0.284552791423395 0.209786257238049 0.295426187458056 0.0486894119314206 0.0342389141033829 0.127306437845696
0.258076160214321 0.135208374409913 0.080717929137381 0.0498478716013321 0.414251244611215 0.0618984200258383
0.0241919390044834 0.279350335325973 0.134991337168067 0.187700889371469 0.295580527338395 0.0781849717916129
0.23604401167747 0.247229298102789 0.280407859764668 0.00398204432929219 0.229059777058775 0.00327700906700598
0.118180160049154 0.23616950919408 0.159683573160381 0.135237761909782 0.223219245847431 0.127509749839172
0.161284589543403 0.195673888957486 0.168857633135091 0.178273134735889 0.148292583468803 0.147618170159329
0.206780359587964 0.297505040357522 0.0806435580080305 0.175101161558721 0.0394329757462884 0.200536904741474
0.284707138667582 0.19467341239913 0.0182762728253632 0.261022173932909 0.0300379850745713 0.211283017100445
0.0986081810780914 0.21090753074929 0.205310303572278 0.0924290083886329 0.308575400822349 0.0841695753893592
0.271754698933082 0.132158270449601 0.229586198707741 0.248030703659419 0.0124752000833428 0.105994928166815
0.266754185330684 0.133661197880322 0.236931564320458 0.00955624900965955 0.154404497619587 0.198692305839289
0.293922037462903 0.246119380270482 0.115375401831721 0.0123212691537636 0.220612059074061 0.11164985220707
0.159811535192117 0.184370925096036 0.115759802433914 0.00928215009985755 0.227120285097428 0.303655302080647
0.107736112567769 0.259028556815475 0.151423637466571 0.166570976063689 0.0838159573316091 0.231424759754887
0.235513753945734 0.217355303048793 0.176036486531564 0.014738190605866 0.0397482021032678 0.316608063764775
0.0725531570730162 0.276576162808623 0.0192298060841814 0.184298013222058 0.182761600769633 0.264581260042489
0.0251022566958151 0.3385896647402 0.0249411920785163 0.134939367870096 0.296966097886232 0.17946142072914
0.0528207153819287 0.133605038442289 0.106261921220642 0.363539175363064 0.312740199145756 0.0310329504463199
0.271459455458051 0.0553439030451558 0.0285305546294358 0.317726548029259 0.145802777072982 0.181136761765117
0.08054521347 0.179523764192543 0.0791559579125864 0.321792043820008 0.0831286718889603 0.255854348715903
0.0960344444016891 0.24576952777585 0.00456270929551651 0.0852690230317711 0.283879327032823 0.28448496846235
0.0107666408544156 0.15563360239551 0.0691693433318497 0.348803138933104 0.277741273908401 0.13788600057672
0.159218960355234 0.0580642552802797 0.294354741256229 0.281840989681846 0.0220179948672943 0.184503058559117
0.377558673705017 0.288629268378542 0.139024362823211 0.00382577501014052 0.0587565098353372 0.132205410247752
0.327155499285308 0.0488987384974248 0.192552574244445 0.222328782341912 0.0034909770756755 0.205573428555235
0.132516384931293 0.158025590604498 0.22086029644205 0.201787497283559 0.163313490352584 0.123496740386016
0.154148311820106 0.178451577701593 0.241920610344002 0.221874964347339 0.0391095768713364 0.164494958915624
0.0440708902382153 0.296159317788542 0.197295782027243 0.248845043796164 0.0646406021170658 0.148988364032769
0.136008406996978 0.0190712179033196 0.101215931203456 0.222486545707146 0.304083902508954 0.217133995680146
0.0669427491912204 0.402106965800007 0.00857436151740068 0.379433995992152 0.0760574365752533 0.0668844909239663
0.114720438521054 0.174765057570698 0.062150565401621 0.321411353253568 0.00835278962823166 0.318599795624826
0.31324943978059 0.0659590612039152 0.224629528820399 0.152220956194643 0.198350419189899 0.0455905948105529
0.0759305838434098 0.00811133439032171 0.166110572644619 0.345851240380153 0.327073411147257 0.0769228575942383
0.176373304166818 0.174179964396702 0.250150974271018 0.160257946558018 0.0877717974418537 0.15126601316559
0.238961666251272 0.0669950493758219 0.0714657435785686 0.238312922191895 0.249960173708098 0.134304444894345
0.177142935739679 0.0198411283584305 0.174267442804229 0.200910432560107 0.268367487224312 0.159470573313243
0.153174402726796 0.28677183928964 0.0136169250170526 0.0390484258659054 0.306282118432141 0.201106288668466
0.25791393241831 0.0744928920929365 0.22203781060183 0.193576643410917 0.107018237565815 0.144960483910192
0.206119108894661 0.0308247908246559 0.172806679449896 0.0914655213705978 0.464458910772972 0.0343249886872172
0.245413502875119 0.109714171217614 0.128362713038485 0.201949327456272 0.211498302636311 0.1030619827762
0.18022801357787 0.0110368654545239 0.139702309808157 0.0810191785439301 0.294687413606655 0.293326219008864
0.0281198927874745 0.197541241693811 0.293384554538565 0.186742507523882 0.226379948932231 0.0678318545240357
0.00953574278451644 0.367525804895487 0.0545541291963515 0.263113596151303 0.12349096702214 0.181779759950203
0.366356567357697 0.112319514323982 0.192995137690138 0.00941368165959755 0.0213781699248764 0.297536929043709
0.236841287992267 0.213842715541916 0.10811492439424 0.155074695607761 0.216369982829984 0.0697563936338331
0.0522801603796564 0.129344110977265 0.223673167818854 0.259657159344261 0.274141843590986 0.0609035578889773
0.0756811874004424 0.221850549581744 0.209215490318186 0.25827555070064 0.122309541747134 0.112667680251853
0.26740717675411 0.197228110863318 0.324060877069628 0.13670799640479 0.000514546627128577 0.0740812922810249
0.0483134955928177 0.123397365275651 0.0879385380754509 0.284704035718165 0.167943312214282 0.287703253123634
0.21433592191835 0.199726126592372 0.0257881301973129 0.238904553163607 0.221728976790787 0.0995162913375706
0.14950642018823 0.204267883204646 0.0340347782956679 0.277786185352896 0.19819827830237 0.13620645465619
0.18976425891312 0.196994598581358 0.228506334440245 0.0127532757295415 0.176966784379004 0.195014747956731
0.185069691844222 0.0358147279629877 0.216926712236977 0.101459930968311 0.222513650862368 0.238215286125134
0.195963689712163 0.160845945929368 0.207897097097553 0.196922322045857 0.171722171166356 0.0666487740487043
0.22479647797304 0.0164053411575561 0.188816669314615 0.222815116265766 0.328292806688194 0.0188735886008283
0.151319360059909 0.186573684550251 0.389840960223423 0.0161658363010187 0.0401287925605552 0.215971366304844
0.263704504177812 0.134181390301848 0.225859399562111 0.260850041400166 0.0630195145356946 0.0523851500223686
0.124970867927949 0.243664976608856 0.181338099895889 0.0237435965710177 0.258676869806828 0.16760558918946
0.165940713126039 0.0200645616871495 0.396114398564782 0.108281461377863 0.198250702427601 0.111348162816565
0.16748213206802 0.129858978758249 0.141002626047937 0.224005180272192 0.172516272546453 0.165134810307149
0.113629931461344 0.0814873662215958 0.333482186066172 0.0770735031154965 0.232458257153331 0.161868755982061
0.229339134164736 0.10950112161116 0.267819104829686 0.092631907653608 0.188562377363663 0.112146354377147
0.136397253058868 0.192451964123765 0.103473601914049 0.414446616139692 0.0920328192699277 0.0611977454936983
0.001996684755231 0.223064747235284 0.203282597649026 0.321195670424801 0.0926201586243775 0.15784014131128
0.225966367606938 0.13128980279027 0.125109105155563 0.106599889275888 0.19433958452365 0.216695250647691
0.000428355699724703 0.0831736221093935 0.271956804850506 0.311585223600991 0.0373422314032959 0.295513762336089
0.0917187832070464 0.212360443939554 0.212174684589087 0.218348291384466 0.124314337849146 0.1410834590307
0.151127488396736 0.215963408485501 0.193915047180199 0.186936617326697 0.0979729722388469 0.154084466372022
0.209365526020261 0.275467845491805 0.126101428691074 0.264935904556289 0.0906866583469434 0.033442636893628
0.199826756498176 0.0676351049607322 0.0914804828219695 0.269006386157395 0.214426221350204 0.157625048211523
0.169356187830411 0.184925882446805 0.133924017465263 0.0682968168454132 0.141412664926456 0.302084430485651
0.197740949000413 0.218373054575829 0.064810332348661 0.156938589851219 0.145838270685489 0.21629880353839
0.133591823411012 0.164254132087877 0.261744857196389 0.21755156966691 0.217073275032577 0.00578434260523422
0.0517753224700196 0.26848994887815 0.165753423785357 0.224458620964705 0.112635347051182 0.176887336850586
0.26148946948688 0.13972534557186 0.259207645966528 0.177778987398993 0.16027250468331 0.00152604689242843
0.282055672799877 0.0835385001505038 0.0809419723644899 0.0202393016702734 0.331596587259142 0.201627965755714
0.0345369228747189 0.0253002420832831 0.114528201652357 0.545271855827844 0.0171051784783087 0.263257599083489
0.187006981837797 0.195885911936307 0.10574272151284 0.0508758343495942 0.228397100307814 0.232091450055648
0.121973418404849 0.312541514377415 0.0140120036057515 0.219104564441864 0.0903942138768832 0.241974285293238
0.235149029220958 0.22292437248898 0.114607855109728 0.113142214269583 0.0747491187170803 0.239427410193671
0.201511523645054 0.216312189169014 0.257892866395797 0.210470383152804 0.0825311286859319 0.0312819089513995
0.152965381252834 0.0909762948873876 0.211116226130614 0.309833589633794 0.0777205533261266 0.157387954769243
0.0316247381493095 0.0999547805109411 0.210700633601071 0.295572574415313 0.237790028776218 0.124357244547147
0.160976177465083 0.0230947723717079 0.419212384368911 0.0801169068560604 0.311458203209465 0.00514155572877344
0.399345324794035 0.0770644596784024 0.0612797913631435 0.358129123851128 0.0605526720657009 0.0436286282475898
0.0348542889045228 0.217228919216051 0.315545835392511 0.203715834340578 0.0785048741748692 0.150150247971468
0.262445019269872 0.0814630981702289 0.13561724473855 0.244784717278997 0.0572035939215453 0.218486326620807
0.276572393230848 0.134767218991753 0.00454233676830974 0.0155660816147052 0.247866506668123 0.320685462726261
0.241330241304313 0.247531436005112 0.314036280152394 0.0895374146603953 0.0535841088106493 0.0539805190671354
0.0431509355528468 0.135960768710599 0.101056870026684 0.103813945282526 0.313894153080537 0.302123327346807
0.318065316173114 0.292733950104483 0.0191895402862215 0.0861574993425503 0.026448117939983 0.257405576153648
0.214278103126959 0.109227004641471 0.26557185947358 0.241943924184425 0.0339091548547993 0.135069953718766
0.199897231725308 0.224554868620431 0.165721936492316 0.183022804278094 0.0875771017273402 0.139226057156511
0.349846173854497 0.0548236577191117 0.182378491279232 0.227246505121271 0.0396797197573365 0.146025452268551
0.292493738543702 0.171331523728577 0.0242630951428828 0.203517947934219 0.200493142849366 0.107900551801253
0.0697141722907915 0.0665990827950537 0.121340279959533 0.178192103654807 0.340908886735388 0.223245474564427
0.191873510923619 0.0983533756282029 0.0707359990318097 0.0692204418195962 0.280541145444343 0.289275527152429
0.0825026605627349 0.244661194590844 0.0526665672246639 0.203821893610173 0.118603720639556 0.297743963372028
0.131159293039728 0.0145838332672232 0.0162539242553602 0.28431837974787 0.257816338705492 0.295868230984326
0.210552537783647 0.148691265104638 0.226279731265329 0.248391733885831 0.0607629037825048 0.10532182817805
0.0245035688791821 0.0347184244889003 0.259811975860352 0.254838674803178 0.211695792059997 0.21443156390839
0.229266102044167 0.297682813645695 0.0411401189344722 0.148182268218877 0.0390075552635659 0.244721141893223
0.164720835014708 0.155605993795788 0.248954103331512 0.117603149227752 0.240527872096257 0.0725880465339838
0.0273001028114858 0.239449528413793 0.264152930170265 0.126060174185682 0.0564230221373243 0.286614242281449
0.111805359465331 0.0389310656664217 0.231719081745176 0.206053230016209 0.175090615710523 0.23640064739634
0.0406022437970111 0.130560867622163 0.182035265517768 0.261189841610389 0.247748366012338 0.13786341544033
0.168903483851335 0.0822173426359808 0.252938057331979 0.122808838357341 0.126031454522949 0.247100823300416
0.122071010648246 0.0898138587653594 0.0630355130092989 0.131832648525371 0.256591287225289 0.336655681826436
0.0944145335301822 0.244220723408856 0.296509866500847 0.0305724093741603 0.294231669263341 0.0400507979226127
0.0561275536578624 0.0750367706478857 0.30269308069942 0.340263879197492 0.157022733762498 0.0688559820348416
0.0539768378899882 0.197252465033266 0.311393656825883 0.236082188625193 0.0856419980976236 0.115652853528046
0.0592220941960442 0.204930421928594 0.241915126101155 0.0390194551788878 0.183737813428233 0.271175089167085
0.072822583809191 0.176584632785336 0.17465554825294 0.192385045005281 0.228957234937405 0.154594955209847
0.0814598753313752 0.238469477190281 0.167806039707446 0.0305593575799284 0.215988688070329 0.26571656212064
0.146303578328547 0.273460416036693 0.320062684542285 0.0810330699107502 0.0748851925672542 0.10425505861447
0.225258253528176 0.043082805011794 0.178668925682724 0.292889364158502 0.195487109283608 0.064613542335197
0.308727468853909 0.0488689572872973 0.121183497973761 0.0643639988200686 0.287339630614138 0.169516446450826
0.194958165799459 0.175366219365851 0.108003685291718 0.239576188372183 0.251556291493145 0.0305394496776435
0.192738866399196 0.0776097066471912 0.406780263266711 0.122684149511616 0.0340190844270619 0.166167929748224
0.0712110814629119 0.175528342506432 0.0348406425081496 0.286868224185696 0.391710759490982 0.039840949845829
0.2508996233913 0.0902133582483614 0.302838756188689 0.317858410327132 0.0376371616045145 0.000552690240003063
0.00106259682542382 0.0372379318081879 0.337968811604465 0.342554523098613 0.252050690124073 0.029125446539237
0.0754758859073021 0.212630269680256 0.209868304684683 0.166632262789864 0.126761877617598 0.208631399320297
0.0400244281050396 0.287361503750483 0.22507977759426 0.0111692421776606 0.0864281136085028 0.349936934764053
0.235021071425399 0.12048439726511 0.17228349196537 0.230455618746981 0.20582933686394 0.0359260837332006
0.314882954270072 0.112118940013921 0.176840766188701 0.0255486666560672 0.261622369572061 0.108986303299177
0.348469466376773 0.144641936927953 0.195014225027884 0.0462940589673315 0.263877397978007 0.0017029147220518
0.22281493745051 0.0256758356700635 0.209557779694777 0.232272486691311 0.10255552340205 0.207123437091288
0.123800138214311 0.257374792880365 0.0762738618893047 0.0672863876757399 0.233729506380212 0.241535312960067
0.12348283769519 0.157386349911041 0.148040165496235 0.205067841247884 0.171845928238729 0.194176877410922
0.294415942752085 0.296712133015338 0.00851417293109817 0.00688681309771069 0.102471139333975 0.290999798869793
0.137628476505955 0.265068026806398 0.22102640591013 0.0637647304392579 0.0177016688594403 0.294810691478818
0.204789496270185 0.0565237131211437 0.184561179726201 0.248835018322106 0.0269317113783997 0.278358881181965
0.195460019004489 0.072281494139232 0.212189501815882 0.179176332561443 0.0810886447835597 0.259804007695394
0.0381939709151632 0.28698256036915 0.0114212086363949 0.176889464915716 0.228533532838916 0.257979262324659
0.0104816407556738 0.0427293208437361 0.350333754681999 0.153510474498884 0.0621289566686996 0.380815852551008
0.21287372150416 0.0342108378382382 0.268266258572641 0.187697808476816 0.198043655534835 0.0989077180733092
0.26288894396011 0.0942074829020035 0.160417317385994 0.251182890307592 0.0798215117314357 0.151481853712865
0.107038735833441 0.234245174324378 0.179762782112827 0.164599688287759 0.269958484210846 0.04439513523075
0.187970007975044 0.186265464154426 0.203000587327862 0.115276092662264 0.230218638440894 0.0772692094395091
0.472782457507342 0.205828037752418 0.0207406318349323 0.167528619520229 0.0403576050262719 0.0927626483588069
0.0579174681272602 0.0921609355052918 0.3172542385367 0.377266705147166 0.131820228023068 0.0235804246605145
0.231211789758338 0.0622217348083968 0.20743551238823 0.152939801488399 0.223284867801928 0.122906293754707
0.0694492759843897 0.378593451151379 0.0666661282956276 0.164376103235871 0.0341586934956556 0.286756347837077
0.278839253833512 0.214800004716351 0.0866269243855467 0.23638738802214 0.0569243718632963 0.126422057179154
0.0144359746078355 0.345953290263755 0.00248524667320823 0.302566119645577 0.196712795757472 0.137846573052153
0.0818929235976249 0.0486087145552395 0.262445583212327 0.0821493559875556 0.142930371108981 0.381973051538272
0.0247679333454918 0.172440616984549 0.311152046134841 0.38549580652495 0.0981339153902463 0.00800968161992135
0.0810788715062726 0.164893314539071 0.00295748465755356 0.249602596022713 0.2666539889918 0.23481374428259
0.103529447446555 0.328452553084231 0.214891404397698 0.100331657887714 0.196809249617917 0.0559856875658841
0.320002080007483 0.307961770133934 0.032315257199494 0.311798261104837 0.0183160144486904 0.00960661710556173
0.0594509441705892 0.247107301120804 0.259133541868594 0.0987606975353104 0.212703069317305 0.122844445987397
0.217409442504881 0.127575735527451 0.101496124622758 0.0973017292100137 0.14121486410237 0.315002104032526
0.287204521896696 0.120058056904929 0.118756655565056 0.0422809765194585 0.268063688878252 0.163636100235609
0.0499903321970399 0.276986121301748 0.257921262541221 0.0123362529005219 0.243293670841552 0.159472360217916
0.0845263077842984 0.150832043048737 0.393567118972947 0.239931309687261 0.0709544929713258 0.0601887275354308
0.0109761434040506 0.232437673931498 0.315373420093091 0.131484958104851 0.289827034718368 0.0199007697481413
0.14720947475229 0.0907612301386244 0.100225691494918 0.167521155607532 0.212845956009323 0.281436491997313
0.067635698661919 0.109600190901257 0.197935283663161 0.306682218269364 0.0288954146876877 0.289251193816611
0.167322339794783 0.0283901143582256 0.253619248296628 0.119123235158204 0.12704587953797 0.304499182854189
0.105406661289023 0.130964954174526 0.0718209078669616 0.27621521009646 0.147466022175123 0.268126244397906
0.209790412992462 0.247877867566384 0.244263297905448 0.0466840126414601 0.127266098619624 0.124118310274622
0.257086404041466 0.223981275174957 0.12715903101686 0.00745479389103379 0.0630798886541666 0.321238607221517
0.107268250657402 0.259107273591549 0.076679834888809 0.355532061980777 0.146547944692597 0.0548646341888656
0.195006455165819 0.193352301108053 0.0889086239964036 0.115653931926854 0.220503199486401 0.18657548831647
0.0555256176938699 0.13898905831186 0.231223916879178 0.0541915192936593 0.202530249203784 0.317539638617649
0.279665792101457 0.146963916825379 0.195504263351262 0.135284297625832 0.00193796696871667 0.240643763127353
0.0656937876430515 0.058673278929431 0.17151057971453 0.0338984070996188 0.218362678849062 0.451861267764307
0.0974899511926657 0.265235625954037 0.21116081325479 0.212368527095166 0.113284820240146 0.100460262263196
0.125246307124486 0.128631906339514 0.0739919877729932 0.237336471030388 0.189282542844332 0.245510784888286
0.35016530788603 0.163135412650852 0.00533910110698351 0.191516599768533 0.218878770801291 0.0709648077863115
0.342844802360032 0.0829064113814802 0.133962909412184 0.10645819837247 0.0105200064349309 0.323307672038903
0.271895086893187 0.146836979208675 0.0485252982038967 0.226594456530017 0.305957297142035 0.000190882022189331
0.020667900207019 0.00731237752748406 0.029275930828621 0.251446792020515 0.522498450821619 0.168798548594743
0.120179754547654 0.296926835012058 0.0303182739722795 0.21545956826943 0.130054444754144 0.207061123444434
0.230721545033907 0.159829770500864 0.152381516040811 0.113514247361524 0.164113227162723 0.179439693900171
0.151827347690155 0.238307805957254 0.165554424216255 0.19720369005615 0.150297746437157 0.0968089856430286
0.0687900878024038 0.238418161469163 0.0514270220837498 0.292794464054048 0.334003237427232 0.0145670271634029
0.176158116412636 0.13876314440598 0.215826623287223 0.245337468536848 0.223225403672956 0.000689243684356568
0.167909776703858 0.158759709865088 0.0267956373522654 0.228039826788675 0.169906948253711 0.248588101036402
0.0876433747506635 0.108477024376541 0.219719526976297 0.314046967436857 0.168790456255002 0.101322650204641
0.0367405146305844 0.0735505573552806 0.340942185229677 0.197605497703942 0.0551504631940713 0.296010781886445
0.164495072960119 0.201347844210762 0.123146448120488 0.235687179064899 0.0855545595622161 0.189768896081517
0.104418729414219 0.170393472382045 0.250581788411686 0.252452060782947 0.1011759199121 0.120978029097004
0.223978487337604 0.195061048875603 0.0688034973610897 0.213950812639027 0.236738100812804 0.0614680529738722
0.0634655329568976 0.35929942840022 0.263970638975404 0.155970368603149 0.00309184875146355 0.154202182312866
0.142701969587857 0.0391231322182734 0.216657657881958 0.0773143860749665 0.223835062882846 0.300367791354099
0.0973938535853707 0.0860672385766512 0.129915004964264 0.233207370085236 0.25632438466239 0.197092148126089
0.222966268014074 0.0334486241639627 0.252071744128103 0.049066500464829 0.21034874701146 0.232098116217571
0.219886296176839 0.0894303144925171 0.124708698375358 0.175296576509542 0.200054428792117 0.190623685653627
0.238768216158068 0.125414389608569 0.00518202157241428 0.223506882926337 0.165473565142299 0.241654924592313
0.192231371320832 0.0623254030930834 0.00151465024073322 0.38824637421388 0.287822752761342 0.0678594483701291
0.196860867248746 0.135766778152177 0.0732092805651768 0.171051627502402 0.222983819580927 0.200127626950571
0.00328214033830145 0.240532842609338 0.186790050543019 0.259842154231852 0.024055754150577 0.285497058126912
0.0789795556126295 0.199863220800199 0.221758321735217 0.152942748836452 0.16460988121486 0.181846271800642
0.296066839488545 0.0277329530412533 0.151424477257332 0.159359552902693 0.231039209230063 0.134376968080113
0.388217353444908 0.398348549395994 0.017416379841577 0.00490529536958441 0.107770665251627 0.0833417566963095
0.242540172934962 0.0407019656615297 0.113334093593331 0.176567464141649 0.0299360919359882 0.39692021173254
0.315001167381127 0.0659305080655241 0.0672596216248988 0.163809816601214 0.0690057622516736 0.318993124075563
0.294444767410286 0.266946540079972 0.140918651335047 0.180532431010149 0.0184527281788014 0.0987048819857439
0.258526911249321 0.208482401689287 0.0783077970412163 0.105779244234086 0.260979449024668 0.0879241967614212
0.154419328075104 0.218684555309944 0.176199648712485 0.188670135909166 0.144135707332053 0.117890624661249
0.192148751878358 0.0326045881498539 0.264414295093404 0.228264485253116 0.140878294557958 0.14168958506731
0.232034139471082 0.202302092452781 0.108996380385533 0.115985355500019 0.222843208973048 0.117838823217536
0.0538857188327657 0.265326492816707 0.241683804453643 0.200907756772918 0.0190147603493903 0.219181466774576
0.26974148048633 0.066715032104424 0.156169415522495 0.190185510401186 0.310181795527685 0.00700676595788054
0.261917032184832 0.248510209924058 0.0967572786311728 0.25186922537553 0.138814961365719 0.00213129251868837
0.459048866188546 0.0167910224643953 0.198376818171516 0.0159335159252658 0.011071679303786 0.298778097946491
0.233778351036019 0.158868530871171 0.229578318873718 0.160796191945844 0.175176737177088 0.0418018700961596
0.174835669494573 0.219370109385326 0.0217310119729893 0.104192960992848 0.246128588053791 0.233741660100473
0.169745871126269 0.00874043203501943 0.284650780973827 0.218179683037823 0.0518087656291559 0.266874467197905
0.00229218118899966 0.162077379329372 0.164190447507309 0.279424840865055 0.0729284274363165 0.319086723672947
0.188353259776005 0.207488931814803 0.0945036361762799 0.200253941323228 0.151824561942036 0.157575668967648
0.0302481545768657 0.189939745859128 0.153454573339047 0.221758121883796 0.195280762574398 0.209318641766765
0.256337330137511 0.0174880484586237 0.1416078241847 0.301418025133795 0.197238994679237 0.0859097774061331
0.0708167776553733 0.151046759398138 0.259370782323833 0.277445736604095 0.134277673432282 0.107042270586278
0.112424962024436 0.139776503362484 0.134422562056816 0.24912045632556 0.181231273162526 0.183024243068178
0.264114527159172 0.221035268024857 0.279516298265951 0.0824030411627488 0.0393864255442955 0.113544439842976
0.177250673304188 0.169147748716667 0.210490582458529 0.189288436316716 0.0746984693069208 0.179124089896979
0.0320435375140578 0.106868015208897 0.287537434116034 0.333705133720392 0.0821475575220096 0.15769832191861
0.203610096266386 0.26641491532272 0.124265883738952 0.0114928705208819 0.157341595384335 0.236874638766725
0.0165394187063362 0.167839984821251 0.119564830146581 0.18732689076819 0.214681500217591 0.294047375340051
0.0677021417717249 0.0116824753568808 0.0755673536928729 0.254514190820954 0.311655659037884 0.278878179319684
0.217741009734069 0.291053008537782 0.124546226187046 0.111510469105769 0.0426454368953669 0.212503849539966
0.259316517963538 0.247057744057642 0.00355436959026511 0.150095785344065 0.00718234418373498 0.332793238860755
0.204894085543422 0.17968247209852 0.237866051507893 0.0126636489523916 0.183790222992951 0.181103518904823
0.292438255678944 0.148050401582915 0.103877235230797 0.152709954341478 0.0688506350532723 0.234073518112593
0.179583229103906 0.103802962336633 0.307217025039831 0.110226996241496 0.252189866257819 0.0469799210203153
0.0746241674186299 0.179294916631686 0.211706209533473 0.250839691640794 0.188710020294984 0.0948249944804335
0.0685336590926084 0.00842220837627145 0.315222350357179 0.114026194745917 0.419279993174584 0.0745155942534401
0.102584767642076 0.0259395544492855 0.318334340363198 0.0898590136307517 0.368506374420701 0.0947759494939882
0.128201324370539 0.304671477051788 0.198893416665778 0.0890324693798836 0.149541360371068 0.129659952160943
0.299640617574237 0.248709322115487 0.158995190891783 0.233189940410676 0.0435335899046091 0.015931339103207
0.20681112863797 0.0557083142133551 0.136713758202677 0.171584184467372 0.24986237996613 0.179320234512495
0.060357372999167 0.245439487054013 0.318487163327068 0.139869809429267 0.0836480692936296 0.152198097896855
0.116846214520026 0.00433490059592128 0.34700780776435 0.330206514305464 0.0283342403663982 0.173270322447841
0.266361725623333 0.146961909885567 0.201282462766969 0.0307642397991562 0.217860150914306 0.136769511010669
0.294227418308434 0.128156682445644 0.255931371556316 0.038422514864866 0.102880474182318 0.180381538642422
0.202317104405416 0.0835200548206817 0.128099545979694 0.184368535240028 0.181001596756291 0.220693162797888
0.254749388697103 0.0084813998885356 0.209847061213017 0.0278143979302886 0.064001825244465 0.43510592702659
0.183001511851028 0.0421366157915353 0.288766423546235 0.16293480269505 0.0482604115106412 0.274900234605511
0.298426333210661 0.190222861264703 0.0434331399549214 0.298367236844898 0.153839542276254 0.0157108864485629
0.212999497285481 0.222418537798574 0.0308283521913706 0.183909742236323 0.165776190969105 0.184067679519147
0.163209200746789 0.130646011645907 0.0167656158366843 0.0972076945561474 0.313068147823153 0.279103329391319
0.243416541770515 0.0614479851001269 0.177678049932447 0.248276454663781 0.128574853909707 0.140606114623423
0.0196211665737853 0.187323979830678 0.152316369570312 0.391799768451641 0.181337376916482 0.0676013386571011
0.286539586441952 0.0224839959143856 0.354677417432983 0.150403827699457 0.0684659116071635 0.11742926090406
0.00478179990857118 0.170813349555716 0.338645956898151 0.0823404579081045 0.023530814203434 0.379887621526023
0.0885155223307566 0.0464997132037183 0.284301001241876 0.252542196460815 0.23540590115782 0.0927356656050142
0.187939588351031 0.335125248350773 0.123670408697312 0.129706156370543 0.010910688378173 0.212647909852167
0.153578320274215 0.186077542533026 0.113685837552806 0.198547732467324 0.142059035120484 0.206051532052145
0.248947222560742 0.264354966909762 0.226992360506351 0.0489512185469893 0.00645451159780598 0.204299719878349
0.0825899932421498 0.336880639557964 0.373469066019639 0.000820176976309293 0.0354545493888009 0.170785574815138
0.11915452030411 0.150973342236633 0.208177916773914 0.207924462923206 0.0875820692142383 0.226187688547899
0.256574390508373 0.0170929644799285 0.268890740589707 0.197638805073838 0.143828482061783 0.11597461728637
0.274269404967527 0.201553127321727 0.200377028857535 0.011824871595532 0.177375572589707 0.134599994667972
0.0871139909218847 0.206143863494484 0.0455319001454226 0.2048646723253 0.307076689174582 0.149268883938326
0.183288121699709 0.0217442945747115 0.251356161626944 0.037358011560192 0.111195572660912 0.395057837877532
0.177742226572618 0.0306336947125821 0.213199321055533 0.0781725561812009 0.231975616085249 0.268276585392817
0.304609150748046 0.0345127058099015 0.100486465911021 0.0749659763364027 0.21997282312835 0.265452878066279
0.067351492905848 0.0100727215584493 0.22634703016798 0.0366006233249434 0.30680203898696 0.35282609305582
0.1802857901631 0.195503132210336 0.276559252210063 0.0952878087149397 0.0990916428284575 0.153272373873105
0.253449549951081 0.194442452864449 0.0140219068991273 0.0853220071499828 0.195885806794984 0.256878276340376
0.100691501965279 0.32322968901268 0.199598209803838 0.0743034479818525 0.141877989149013 0.160299162087337
0.10965250349421 0.130277744293608 0.260970791453095 0.232940428487567 0.0206323715811955 0.245526160690326
0.118570230209918 0.120674114175786 0.0990154295018154 0.196817729434627 0.337174268965056 0.127748227712798
0.24496503844385 0.0915899037959075 0.109764856780267 0.121302687143672 0.190897683518517 0.241479830317787
0.147453681579855 0.0701239543147397 0.211956399603451 0.203243996513931 0.149502562930447 0.217719405057577
0.0776610899308289 0.217215936921428 0.193657416482614 0.12445631608915 0.267086184325025 0.119923056250953
0.254923655364156 0.0383376187507484 0.251616908345322 0.107697340564584 0.19173440649796 0.155690070477229
0.177017290376544 0.0140438272415165 0.0934581400901364 0.249403054923094 0.245285486829768 0.220792200538941
0.204836375757946 0.214596864600348 0.13304131874692 0.107162793067978 0.151812702583415 0.188549945243393
0.127636477482921 0.245030415731628 0.216983640849594 0.0142103391385644 0.272363213434035 0.123775913363257
