0.193502752295958 0.212726234026212 0.181573496245475 0.0499113374969836 0.217703675108434 0.144582504826937
0.271418438661357 0.13100460862092 0.0446897224753799 0.0630916094823723 0.299054837928347 0.190740782831623
0.166814103016553 0.293966356741781 0.113046194983203 0.268143813952747 0.156975773057154 0.00105375824856237
0.169825337766914 0.0589418321767508 0.00213274355152189 0.215862970030648 0.53430864622911 0.0189284702450544
0.0865272065155458 0.197825508065929 0.228843526297067 0.0546753542227554 0.239794875766816 0.192333529131887
0.201208198043735 0.0867226014147909 0.205278498905329 0.157544601012426 0.18334796390509 0.165898136718628
0.00124467501601838 0.239322616331289 0.0670675751234637 0.272107965815242 0.182308016456954 0.237949151257032
0.201007102842832 0.133729087185919 0.293850264040872 0.0812525538434149 0.186602508640457 0.103558483446506
0.060490098898426 0.0939883645790405 0.200278364440179 0.253575315064823 0.174086232990552 0.21758162402698
0.0511842652467246 0.327800794220794 0.299576547113517 0.0699124693184945 0.0136169741698563 0.237908949930613
0.236262184956286 0.152511228104556 0.0537566158341298 0.271355000742973 0.219107900374031 0.0670070699880249
0.31891622785659 0.161710011901273 0.196362568701942 0.0497732160083961 0.241670683175854 0.0315672923559443
0.0915507331833981 0.118404094406068 0.158121525237711 0.237983549723984 0.246853147307564 0.147086950141275
0.250177323164266 0.00168331258691529 0.113150062441645 0.370000936078262 0.0905259125067156 0.174462453222196
0.0725895049389243 0.10738999537885 0.153839687486078 0.076405005495384 0.523829664767945 0.0659461419328193
0.13286843698153 0.12603928823136 0.141877513836763 0.206097215201813 0.0921240995908131 0.300993446157722
0.0615079595023439 0.177862574211623 0.082328489146761 0.139666283090649 0.271319016777638 0.267315677270984
0.188495894404115 0.202834513928761 0.314117084801532 0.192692357396011 0.021392024909316 0.0804681245602643
0.177046660857299 0.207598255528734 0.250762201129029 0.120964519035811 0.182475466763342 0.061152896685785
0.17991196740966 0.316033869734704 0.0866113145340781 0.0641696122339644 0.125351920735507 0.227921315352087
0.0790458506714287 0.0253778527475999 0.154445331641058 0.294377962768861 0.133449254420852 0.313303747750201
0.334139415093259 0.144116034809077 0.0594240032585945 0.0568440373966089 0.0495807954574366 0.355895713985024
0.0576318170904568 0.18630015124155 0.242497921671068 0.0169963348843831 0.360435763524977 0.136138011587566
0.173044477743958 0.0306495173434556 0.101394868731461 0.141426364232435 0.219771411125486 0.333713360823204
0.185918163478305 0.252267925708679 0.19980341608641 0.209755090585242 0.0131087522746654 0.139146651866698
0.162930330736457 0.307133248547598 0.249050092065424 0.148169290590213 0.121719759899843 0.0109972781604645
0.0856299739875978 0.175592015898885 0.152617261075646 0.035749443918513 0.200089573122135 0.350321731997224
0.023415316719416 0.212518514068988 0.0576587597128586 0.363858408147001 0.140533347663049 0.202015653688687
0.156257886973242 0.1763745671693 0.173009409443018 0.0435513702986592 0.118360875225242 0.332445890890539
0.239411223143057 0.205473571797552 0.261618043517545 0.217122843334287 0.0519700087394694 0.0244043094680903
0.0776865922325532 0.313970426483543 0.0481536631956319 0.461103511918731 0.0364359502829548 0.0626498558865867
0.175886633259541 0.24790707809365 0.161927945178058 0.0888818866007088 0.129773556339149 0.195622900528893
0.0787788709894868 0.528319613936417 0.135252248725361 0.0810093407377767 0.122338787297053 0.0543011383139054
0.0708714516287783 0.532006612843119 0.0439263549729602 0.0370317766832853 0.231762667948752 0.0844011359231056
0.10529553511585 0.0855376452235263 0.25367643461009 0.193244184429714 0.155691987360671 0.206554213260149
0.0438564632313706 0.35256316632588 0.00807429407547769 0.242687892563068 0.229432925361055 0.123385258443148
0.193803065246587 0.130756594570366 0.228434036971695 0.00935651210467648 0.212875700962435 0.224774090144241
0.117355641813686 0.239011324797761 0.126786858305243 0.2235342175517 0.179448530246284 0.113863427285326
0.168700391912121 0.0287300432166035 0.202303595048705 0.456144392428422 0.0707449431894194 0.0733766342047292
0.153553314059846 0.100054193245821 0.139729001059756 0.302358951152326 0.0553317302913074 0.248972810190943
0.242434535461182 0.19697247403898 0.216444898876814 0.219724593770013 0.0712697626215244 0.053153735231487
0.102921361707815 0.2903793181459 0.0720194930605754 0.235570198937661 0.203940592122666 0.0951690360253827
0.0379691758488301 0.239966261647323 0.335785241533441 0.203487776563249 0.037038258330005 0.145753286077152
0.202131715018615 0.158071720590193 0.188386317185826 0.119375267539493 0.197099286584016 0.134935693081857
0.0427485990967669 0.0192701907199515 0.233293658285994 0.014529355551713 0.386053127615807 0.304105068729767
0.120094153010882 0.216310801611391 0.361926966122526 0.167327953687672 0.115325025678292 0.0190150998892374
0.288413707380584 0.101442007804567 0.18183266936655 0.322050278469786 0.0733433820171039 0.032917954961409
0.155345398871823 0.161928662689907 0.142584925978158 0.214781812087651 0.204520304827654 0.120838895544807
0.207118287133514 0.170073796471488 0.226784452078194 0.0683444747611278 0.0454085729279197 0.282270416627757
0.317951455259526 0.0652732146761654 0.150623271031013 0.102765038812305 0.141036077254885 0.222350942966105
0.202509154315417 0.210841318385748 0.188581601054901 0.216304753191262 0.106622218052909 0.0751409549997634
0.144439408451271 0.218674863788044 0.23215652394055 0.138205684598596 0.0500894139186017 0.216434105302937
0.054413098925652 0.0230818065400362 0.0972804619932117 0.43504553601629 0.354086049613887 0.0360930469109232
0.125122229755493 0.196370869826511 0.192837470021289 0.153410546678587 0.148555951010107 0.183702932708012
0.239608963248025 0.0596175511173864 0.121440421970325 0.272197237753514 0.25107430634408 0.0560615195666688
0.0844909649028615 0.170008573216743 0.107069994868022 0.336908149852309 0.240105485423402 0.0614168317366629
0.298974112299813 0.0994518209911612 0.154671274103445 0.110811263263023 0.0390688308111145 0.297022698531442
0.317265437662885 0.0645828262915844 0.131664136878573 0.233155392074201 0.0138850840785998 0.239447123014156
0.284233163980667 0.218390257837938 0.149695662596231 0.201105724046437 0.135022819103286 0.0115523724354406
0.235473163439631 0.0701168833042093 0.0117698625741333 0.174709390666061 0.141203832705638 0.366726867310327
0.0505693520944193 0.201242885304994 0.294539132462185 0.0702783016434028 0.202522394468389 0.18084793402661
0.0637397058169884 0.0957336983795704 0.26259731475209 0.167062947010311 0.112080550995705 0.298785783045336
0.198081346108904 0.244614921489853 0.113713027372856 0.137241973435545 0.27262891211362 0.0337198194792216
0.044004339373583 0.31064541297534 0.322183775543042 0.0135499404685914 0.236053999859321 0.0735625317801231
0.122061177165146 0.167515963715762 0.142630613514944 0.203440731965788 0.249111966859964 0.115239546778396
0.0849392754059159 0.278896642487963 0.146214660672826 0.143176988254055 0.250575251547742 0.096197181631498
0.0189526647015899 0.228391252635143 0.187455983222963 0.155387731683231 0.219981996389649 0.189830371367425
0.249596456279098 0.210335009914836 0.17746527517226 0.132428778438761 0.167653723179384 0.0625207570156608
0.164421713224141 0.19712921432571 0.165705153042219 0.195066115448101 0.0878040116457454 0.189873792314083
0.0136959847096804 0.222070877340829 0.342313958029773 0.160578010954447 0.216596161656669 0.0447450073086015
0.207902026571417 0.125123458392005 0.186607053410659 0.217763099969677 0.136956262509917 0.125648099146326
0.248275318320548 0.166038662544907 0.0505299007747709 0.172722665793732 0.148021515894689 0.214411936671353
0.231341583256016 0.157961260223691 0.194392689475804 0.116402530913884 0.123169129771227 0.176732806359377
0.151939064998268 0.197005203474149 0.167851821652634 0.0325074917050581 0.238691596952563 0.212004821217328
0.146458581285113 0.0642452300381387 0.235578788190437 0.231109201366207 0.153522792363726 0.169085406756378
0.229433478283504 0.102041529865257 0.391637128276569 0.270936011900771 0.00130391613707313 0.00464793553682612
0.138664819170586 0.162873069845134 0.24242305638634 0.199857855778751 0.192242859839614 0.0639383389795752
0.179850757483715 0.259032895579864 0.139035298433774 0.224514979894865 0.133303642962754 0.0642624256450274
0.260316237316947 0.190948460017923 0.178994522781089 0.0627396689769568 0.257800576341619 0.0492005345654659
0.071001664492426 0.195332297236115 0.101497001378827 0.239951501868982 0.162737037966159 0.229480497057492
0.169978809231919 0.10397341194787 0.173928810184631 0.00507488797924043 0.265513315040652 0.281530765615688
0.108890546290583 0.251413663651063 0.174854919336422 0.197817648174581 0.119986311674149 0.147036910873203
0.350175705246161 0.0171640166543265 0.0410182390720906 0.346238211094637 0.117889759198534 0.127514068734251
0.0112393020348817 0.26615448232465 0.0217992292280776 0.342730963541175 0.0383197257173385 0.319756297153877
0.141116715283887 0.185682919733403 0.183259694126845 0.243753732984368 0.0719732725139804 0.174213665357515
0.240907303000036 0.0649255556539262 0.41401859523652 0.0100819489494587 0.131312072670844 0.138754524489215
0.135075201476653 0.251867952459894 0.0960763956422004 0.194685401524174 0.143611830057149 0.17868321883993
0.147335874914617 0.323065793541153 0.011685365256994 0.280584448854638 0.0875222887787207 0.149806228653877
0.207298622491404 0.156114406069112 0.163216987621015 0.214941792374116 0.0511068224663166 0.207321368978037
0.0723441208088096 0.192415554520299 0.41173438492076 0.135536068711859 0.181415423016198 0.00655444802207391
0.112928512066665 0.0029920030543555 0.310455389791722 0.0145594555740132 0.318418501806384 0.24064613770686
0.264712773503139 0.191531459483025 0.253374458478118 0.211031376860575 0.0735341499849058 0.00581578169023722
0.127119440705654 0.22943816537927 0.165850508600064 0.199946474646034 0.197466317909712 0.0801790927592669
0.102007346770954 0.242944022824666 0.140208326930476 0.0781530909514467 0.195230488636548 0.241456723885909
0.0884365891777991 0.213486652607288 0.212873671182803 0.126045559289157 0.180742235508037 0.178415292234916
0.141826079899321 0.407790042741719 0.0600081899666317 0.229173482045872 0.037611672048277 0.12359053329818
0.125728719106468 0.296827516437687 0.341843861488441 0.115792250188901 0.109261221620151 0.0105464311583522
0.206082405084085 0.132046663895862 0.364263967016441 0.112100610090943 0.0594594348652439 0.126046919047425
0.0807722740712924 0.14028003419911 0.074571176713558 0.350405621802851 0.0593977993337231 0.294573093879466
0.148138689877209 0.112067109502206 0.283702712460576 0.0844122510832469 0.209387521724004 0.162291715352758
0.119545685080417 0.273564932199803 0.126944591926946 0.225766291790045 0.225133082762433 0.0290454162403558
0.00589163196292152 0.179652412976475 0.323217978041207 0.119607298290816 0.270005809172429 0.10162486955615
0.0885784553548861 0.199978558269678 0.18243161134057 0.150755097151184 0.169457200287891 0.208799077595791
0.0463542708436558 0.207165992562142 0.220807966643324 0.270468672434799 0.0262119022897576 0.228991195226322
0.156361266586649 0.246493943913631 0.108307960782561 0.14890129034324 0.0363060323507852 0.303629506023133
0.349807050362726 0.0829091138868382 0.244412172442867 0.0346377169159433 0.0617777494234998 0.226456196968126
0.0682111936646397 0.530228559974344 0.20698155431035 0.0506397489215883 0.0161544244599711 0.127784518669107
0.0821258987197727 0.0208511105605309 0.155836923857921 0.297822156397758 0.0804470206170676 0.36291688984695
0.186463039822469 0.142495308337352 0.169945136437455 0.23030378712146 0.231232468338689 0.0395602599425751
0.121309693141579 0.0908293893602569 0.133375195964567 0.197341501283585 0.0912229354821016 0.365921284767912
0.0907163989249736 0.00815876294943518 0.0299613540321731 0.234963210910032 0.388107738452502 0.248092534730884
0.216868736204745 0.19938274601948 0.207788448738736 0.217097668087459 0.140800823701861 0.0180615772477189
0.290753265240411 0.0570022493932782 0.0507919525922344 0.239220484770451 0.286267876533526 0.0759641714700998
0.190675597151306 0.0727345060662594 0.261926241076833 0.273804922584269 0.0333095900953044 0.167549143026028
0.157116109798225 0.250870327422488 0.192373233516889 0.24776518520979 0.109287210676294 0.0425879333763124
0.069910504918731 0.0894881331319133 0.204497473970878 0.258816419757845 0.248504135251229 0.128783332969404
0.250332355546212 0.0785355283823324 0.0363721518449007 0.0448492592903533 0.187799955305883 0.402110749630318
0.167324198440373 0.192196242843916 0.155297018630671 0.200042849286071 0.152357545319644 0.132782145479325
0.241653112973166 0.0826320286501669 0.122168325407938 0.00609762956370026 0.296038219162169 0.251410684242859
0.193593605477988 0.195030485811566 0.162604224841131 0.151225909101087 0.278387801750401 0.0191579730178273
0.307208225785751 0.141319180871443 0.17215767981637 0.0625723985438107 0.0193305274585713 0.297411987524055
0.253725144029225 0.0151637828721157 0.0937112168737222 0.346612232878405 0.0698993063630266 0.220888316983505
0.259705650417304 0.238644799391444 0.113058231689385 0.141808604553609 0.218843150652 0.0279395632962569
0.0953384228172945 0.0595636468408077 0.393847964965339 0.128053849390451 0.171374884539278 0.151821231446831
0.18667933847823 0.162478478819481 0.112527204475124 0.184163446703497 0.315698368376047 0.0384531631476206
0.21037093446555 0.184515017610698 0.214810454588928 0.145507749876495 0.0403475713060057 0.204448272152324
0.0491407785731956 0.231410438581318 0.284635985490869 0.0562551678946535 0.0405371271338153 0.338020502326149
0.281706736061521 0.0484844919598604 0.15186844752867 0.124860608033215 0.23242695185436 0.160652764562373
0.21253926804205 0.23247942866161 0.0378244982039093 0.281422452946152 0.0211953127669025 0.214539039379376
0.138337352304915 0.297693633663581 0.127637483090275 0.0871210899385166 0.243956652437983 0.105253788564729
0.170111577192492 0.124184771106246 0.211171200126102 0.0948226147801741 0.189259486071686 0.2104503507233
0.054236123417512 0.211115237808678 0.257247201327097 0.0136590624059795 0.358057932540268 0.105684442500466
0.0726120986362716 0.0663475735269538 0.0410376272022416 0.338322137654354 0.37445782349096 0.107222739489219
0.160004826454292 0.146985658268926 0.0309757951248943 0.206614779637642 0.231974618603907 0.223444321910339
0.123637097469749 0.415872961611285 0.206945760823691 0.115867266882495 0.122821474559652 0.0148554386531285
0.307312706805925 0.300183560146138 0.210901489635599 0.0204727644407174 0.0970162655936784 0.0641132133779418
0.0219443818861146 0.126061803611923 0.192878241722794 0.252812216207572 0.268406089333327 0.13789726723827
0.124463402784623 0.0937279271185466 0.0757995492010002 0.250942539038183 0.12789704300393 0.327169538853716
0.0724281550367469 0.000702259860876203 0.188154370709683 0.0373733024561054 0.404184279937218 0.29715763199937
0.177136844653185 0.210643725905379 0.27085621385578 0.0201464438789569 0.0220232260809622 0.299193545625737
0.127228204369632 0.100351168827535 0.16952641664102 0.282818127145184 0.0520203528780888 0.26805573013854
0.232386754646056 0.21973484083235 0.21443312311648 0.241719381071189 0.0219720402828395 0.0697538600510855
0.241253277038708 0.048967306595545 0.374493325719936 0.00817059973377117 0.285531497689442 0.0415839932225986
0.144141279484995 0.214964962895704 0.0500003980192557 0.0938747918351387 0.161800924317001 0.335217643447905
0.0965039374476662 0.189186899207082 0.285835621395378 0.0118594623963729 0.372193241539928 0.044420838013573
0.191557198416478 0.115294099553928 0.261710252329804 0.176716283420485 0.151614090907733 0.103108075371573
0.286262059719959 0.269865223653765 0.0407224513996301 0.0028411696499099 0.220724649528615 0.179584446048122
0.0490774357937795 0.18938438505938 0.0556867159729165 0.306881939302148 0.211282163946097 0.187687359925679
0.205329601834608 0.244962544623824 0.199708614135365 0.189978256030266 0.0777291168990926 0.0822918664768447
0.0719708479137025 0.264934899487323 0.208862657151116 0.123334514739849 0.220149092337843 0.110747988370166
0.278478779664478 0.0278565021490066 0.0346462355646853 0.386641979795943 0.192595499326269 0.0797810034996181
0.17034528181394 0.242567944478987 0.0315282386165957 0.0682639673476385 0.262194495714018 0.225100072028821
0.0750422878145094 0.276893523117609 0.226498317896364 0.194120426353716 0.0643680881687168 0.163077356649084
0.270632357647238 0.0523406602331572 0.0673547955164006 0.195972674585724 0.196684968144401 0.217014543873079
0.287361750834616 0.184166390179453 0.213499275474094 0.227895944938616 0.0600264629587736 0.0270501756144469
0.215126733518895 0.210196308690214 0.0239159812893938 0.210495424486241 0.172165024158609 0.168100527856647
0.216827363433484 0.223756835263463 0.197533727781749 0.0372049459482258 0.0337212131331925 0.290955914439885
0.0765452819824588 0.107572756102466 0.319724896930719 0.189224140107509 0.175089273749615 0.131843651127232
0.0156390671492463 0.199479560505323 0.168143190378182 0.190833340240769 0.419000583769655 0.00690425795682475
0.305304002458514 0.170161655434377 0.220513437809867 0.0104532916187505 0.0614617236305266 0.232105889047965
0.0467804810868397 0.214689917883185 0.0200531318613652 0.25754851586778 0.109401362496412 0.351526590804418
0.135042981233846 0.0193381006174517 0.271071189653269 0.233615870182628 0.0710203297817649 0.269911528531041
0.319015610455433 0.12928011786283 0.129799756867191 0.166477960970824 0.14663480304805 0.108791750795673
0.260599491981184 0.175159829918495 0.284262976516758 0.020505629749751 0.00689020146790748 0.252581870365904
0.249701304465454 0.0573853467219427 0.13097578964308 0.301524431427797 0.251755806522015 0.0086573212197113
0.290743181252803 0.115899672246022 0.263248918178577 0.133276597802568 0.159089472743337 0.0377421577766934
0.223881362882304 0.173034631186141 0.144752828743551 0.231893117512531 0.117587732736686 0.108850326938787
0.212397406514579 0.0467707550965515 0.010876746026467 0.278791737534215 0.126769104281761 0.324394250546426
0.119977515463574 0.179170782434957 0.196877978333736 0.24419067691878 0.21784914809423 0.0419338987547226
0.233300579350997 0.193020838491504 0.0197919935004688 0.241484924106679 0.124393490268347 0.188008174282004
0.0427252935177065 0.304453398026191 0.0587124119825377 0.174202928831915 0.118730076060595 0.301175891581054
0.278406461912399 0.130174426586091 0.0297219257722137 0.150625576117954 0.0647053332591245 0.346366276352218
0.365162378626377 0.250180412167565 0.0486199582460769 0.260539124920151 0.0584934018578019 0.0170047241820285
0.112115746985865 0.0856704075757078 0.234637387907756 0.229116340056719 0.138692711866797 0.199767405607155
0.0502993820381419 0.176303438317658 0.239158170978851 0.307079392280144 0.118720450151848 0.108439166233357
0.113227773515733 0.47265242770792 0.146545350038813 0.105367166990934 0.00440262696799704 0.157804654778603
0.0222671800895695 0.22977880510949 0.168949935547773 0.239879127588843 0.22181258696674 0.117312364697584
0.232539647823069 0.319496870651753 0.0958796796759821 0.139024871846837 0.135270590765807 0.0777883392365524
0.183398604965557 0.135187183229941 0.126878450846883 0.231201034890315 0.157381306963181 0.165953419104124
0.0763877858472755 0.334678916132437 0.191126436642399 0.0722300279941728 0.273957163335082 0.0516196700486339
0.0925361806724694 0.180788313390603 0.285513159490796 0.143294499278754 0.281327500051153 0.0165403471162242
0.372306365255172 0.291118857256225 0.0350341272593034 0.0756098251443036 0.0449102647640963 0.1810205603209
0.164661184229738 0.0882893576697052 0.2435125437664 0.139997317122657 0.175492416015083 0.188047181196417
0.195415843942892 0.184212548203456 0.0794695128617023 0.153955597385554 0.171390409501741 0.215556088104655
0.103860522462942 0.273107157650545 0.352546186810164 0.040803313268679 0.102764102571527 0.126918717236143
0.0852184644947575 0.261710831480147 0.241914143513909 0.183935447898701 0.0876787289277628 0.139542383684723
0.231446736950053 0.262572780890599 0.112355508393717 0.023771298667862 0.0475073112668865 0.322346363830882
0.0567433704119126 0.405343569858117 0.00182105165500575 0.104728902311806 0.385400397389138 0.045962708374021
0.271633747659979 0.278714772194111 0.180360411439682 0.0203076160893676 0.0321282094273268 0.216855243189534
0.154558472013362 0.23000173768259 0.0360173840843668 0.18818681902712 0.136719112437377 0.254516474755183
0.341106900932149 0.0363766683031963 0.213040084298718 0.0946069924243029 0.19647013497341 0.118399219068223
0.122964124983443 0.0690159199183909 0.0946317166933008 0.344188621689244 0.343586909627967 0.0256127070876545
0.069818699855294 0.215021774045159 0.278787545033839 0.148506906798006 0.0817654750152291 0.206099599252473
0.214509785151847 0.0232131685163142 0.15622311867611 0.290239379333227 0.180842631912557 0.134971916409946
0.0621623246293406 0.233972450747633 0.0322193966162674 0.162474263288421 0.265998250844382 0.243173313873957
0.106905064063663 0.252875755755361 0.133309860747444 0.250487791216959 0.125245632930883 0.13117589528569
0.204392306439795 0.214215199771561 0.0338605064584019 0.26002520446352 0.114228577926686 0.173278204940036
0.15583348774894 0.212848792957458 0.0314842778078193 0.407261151578164 0.171645557528752 0.0209267323788669
0.174664692778053 0.260103974950962 0.215920512696256 0.084704737242403 0.0523675643836416 0.212238517948684
0.121168536735228 0.121701598243659 0.268090814032232 0.315462754706412 0.16574251435688 0.00783378192558938
0.288194966285093 0.143935732204723 0.200806201650176 0.260502533237422 0.0587655351907664 0.0477950314318192
0.0286554279016775 0.283181596252995 0.126931153517779 0.185006458123025 0.105304718729721 0.270920645474803
0.293327989993909 0.0773295025662174 0.080715949274671 0.0328781436222917 0.465430949268921 0.0503174652739895
0.0656587224174343 0.172514721104612 0.0286648910544532 0.293175359934696 0.123752678677923 0.316233626810882
0.245589934932968 0.107008529429795 0.123529778723986 0.179550185797163 0.0846921090205649 0.259629462095524
0.180939106717961 0.187502452050239 0.243519830442775 0.194949192412078 0.103593061765206 0.0894963566117413
0.269948432578902 0.241476289946638 0.196861517174374 0.0514583918350214 0.0617293990321531 0.178525969432911
0.230535791421845 0.0784763635848006 0.182874859916445 0.0568691002125847 0.206087538693572 0.245156346170753
0.0230841065759663 0.205402116779216 0.219430069244002 0.196501750274024 0.194671394834866 0.160910562291925
0.335172359615094 0.104057033508015 0.258568759266124 0.0821584951750446 0.0238541845627696 0.196189167872953
0.00321575123201715 0.167389298204335 0.0953998062312961 0.0974444709580853 0.311303781172017 0.325246892202249
0.152462874854628 0.445201075541625 0.108887297488196 0.196072920464494 0.0609397768527604 0.0364360547982959
0.0443035797463766 0.304456229773956 0.100675825878554 0.267621937921087 0.227462976992107 0.0554794496879197
0.198106975717194 0.0658568246441729 0.194287038040924 0.185053217786495 0.200033806342196 0.156662137469017
0.0978149811864276 0.0572341651226306 0.30265200695123 0.227001816467796 0.0958900548707354 0.21940697540118
0.142394408796575 0.256489431184328 0.0902242790759501 0.175776750345222 0.174492380836957 0.160622749760968
0.167918531067081 0.137477356805122 0.111309107112963 0.331573877496476 0.224936431354599 0.0267846961637585
0.19218167877085 0.229197925031335 0.178525350418002 0.0447554988378128 0.209824802854303 0.145514744087697
0.120281514452278 0.125007520007697 0.0526018651476155 0.282852058543379 0.220272171906973 0.198984869942057
0.205257050563087 0.160937385834435 0.107005426178306 0.144340023126273 0.185479780099403 0.196980334198497
0.134535661018119 0.138314732782761 0.199211787293767 0.170841876737217 0.16947564828504 0.187620293883097
0.189402949062496 0.247098337573346 0.165125965435142 0.0863427845396295 0.0371151958080017 0.274914767581386
0.328608674303118 0.269145847256786 0.0117828048214236 0.024264148742957 0.267508478439848 0.0986900464358662
0.267107579765469 0.239560209113574 0.247758276330226 0.0175955971651666 0.151894362913615 0.07608397471195
0.00662864630869173 0.0312434392007337 0.223777314018781 0.238063176102779 0.3057144532533 0.194572971115715
0.109643443598408 0.197156949475632 0.195598635322564 0.219183964157067 0.135421806074396 0.142995201371932
0.247729224558296 0.464150292424565 0.076370099132107 0.148970812130489 0.0551115315930724 0.00766804016147061
0.261690520941584 0.116147022907713 0.0730698384826038 0.0397717427713321 0.144249819679614 0.365071055217153
0.24428280332574 0.0463246227474587 0.13240632861333 0.244622213889445 0.191199790877539 0.141164240546487
0.24336429923348 0.0828929998398764 0.101740673862467 0.307714815540543 0.234266384487154 0.0300208270364791
0.22872333482554 0.131505168388045 0.131063036724307 0.0974220455203094 0.211521181732252 0.199765232809547
0.0941705658063727 0.133526879403204 0.027863883135477 0.502975201088396 0.183467699972482 0.0579957705940689
0.000982799101403957 0.152604001034996 0.263204361416679 0.203661177922478 0.185748118282057 0.193799542242385
0.174152095008726 0.21602758889168 0.11889560353194 0.0773909243139555 0.296344823632944 0.117188964620754
0.0374043882348999 0.146013120496822 0.159773966339175 0.235512544878891 0.27495099995134 0.146344980098872
0.255122952257454 0.0834719532272325 0.0259124761997519 0.315494933266188 0.119129320016463 0.20086836503291
0.0578145109529036 0.279704875667277 0.125862220547325 0.00162700509753661 0.232530565617711 0.302460822117246
0.246442947452897 0.0072444195947511 0.0184592444477486 0.117226641263218 0.267399582595501 0.343227164645884
0.23381632407889 0.0841748624994001 0.238957397284826 0.137865750748416 0.284447386884024 0.0207382785044445
0.14035540771993 0.120149176674156 0.29318029119511 0.0874357635490908 0.27211557288355 0.0867637879781636
0.101016614312326 0.213118152163005 0.13185387704644 0.258776168780794 0.259605650518362 0.035629537179072
0.183740193229012 0.223975879191788 0.134894680162183 0.179451357230598 0.0356516754597514 0.242286214726668
0.234243461194655 0.142024731114898 0.249102677605902 0.102948315736045 0.227781563525676 0.0438992508228235
0.163499989162567 0.223060976065663 0.0876844472993397 0.194352431571379 0.221941682588188 0.109460473312864
0.335283476580131 0.0482506986004195 0.306360444379223 0.0792960709525721 0.184361192003592 0.0464481174840619
0.0683536833422524 0.131034845682799 0.185561928786024 0.25805207871608 0.265832078332046 0.0911653851407989
0.245132569158413 0.262988659087076 0.260459704410144 0.00957172392465312 0.116301082151535 0.105546261268179
0.132844814114908 0.190859685230038 0.0651334574903183 0.14544506513233 0.329656081904515 0.136060896127889
0.167290830684448 0.169933618964791 0.222755642280009 0.155899333860786 0.190169941148278 0.0939506330616885
0.191269441566746 0.0736369858652122 0.195179309340228 0.248148961154987 0.0485386219109738 0.243226680161854
0.156904818112147 0.0408568374131248 0.316604544112107 0.122145145603361 0.216004054210565 0.147484600548696
0.0413010144884451 0.157236079456809 0.0801288235504275 0.34245353182075 0.075186344763109 0.30369420592046
0.193840707453201 0.23072324405904 0.177335184982627 0.163713959161868 0.119943990274841 0.114442914068423
0.289549070858835 0.141535600558452 0.300086353234197 0.0784679358740688 0.0533714089071892 0.136989630567258
0.128725885363315 0.366502607583159 0.0846174842958044 0.019460521055453 0.164090450392539 0.23660305130973
0.113712074861904 0.207005199019911 0.059496151882313 0.269089198691847 0.098581067496994 0.252116308047031
0.0621255965466263 0.228295477247923 0.223970468506104 0.0258624902838774 0.240834577155299 0.21891139026017
0.206326411321411 0.117584377433747 0.31686772038032 0.277131855206902 0.0449118057237886 0.0371778299338319
0.0363266293893086 0.224148709104144 0.310856849872423 0.215651928858728 0.077842992283912 0.135172890491484
0.123576939911665 0.187562170129898 0.00895268682622126 0.148265248744959 0.278311149672423 0.253331804714833
0.0829522985149474 0.014512209282526 0.161105294285386 0.0803940296337686 0.303025187531599 0.358010980751773
0.130813121736681 0.278596457788256 0.0409775261369264 0.207449965233805 0.192993914665934 0.149169014438398
0.218439034945683 0.0736361638554981 0.234055988124828 0.0878602034054507 0.0733253518417416 0.312683257826799
0.194757141554448 0.163949436820168 0.0926793247494426 0.167162175325559 0.167824205205908 0.213627716344475
0.116446918080979 0.16604713221067 0.279577377841046 0.252487963996587 0.0353626061730922 0.150078001697626
0.274782765399428 0.363818723775893 0.0491756524484276 0.12439661240463 0.171962207547177 0.0158640384244443
0.253680406397768 0.239993750585597 0.037654038892081 0.234354815112664 0.191614885439454 0.0427021035724363
0.173665954600117 0.133787555766433 0.282985682251652 0.032585148297452 0.311635128884285 0.0653405302000605
0.263441432398289 0.31622288121985 0.256939425672042 0.0110003816361224 0.0155540193565109 0.136841859717185
0.214102329097733 0.148355265705143 0.142742484810398 0.22706404658496 0.215431208913819 0.0523046648879471
0.142939207644894 0.286034725265476 0.019989477384428 0.087750574594267 0.30441369737295 0.158872317737985
0.0713295383464363 0.148799375170379 0.179834641262072 0.240296952253839 0.218257299738401 0.141482193228873
0.290299444641858 0.0205745984626814 0.254277060950025 0.141936500311984 0.279660120306874 0.0132522753265772
0.121493195768683 0.119116613004151 0.0591544740016035 0.316272599446986 0.191018371244719 0.192944746533858
0.176373865807389 0.202716656923218 0.258724154374362 0.0556678605787682 0.240837156253052 0.0656803060632111
0.0453608123912474 0.338611180854391 0.271578588273417 0.140435355957171 0.148392503064714 0.0556215594590596
0.155595558308316 0.327832753576185 0.0976994088143843 0.027866705840791 0.284023790321354 0.10698178313897
0.00899729778898192 0.28168638383269 0.150328845132192 0.0759245564845228 0.256620760686808 0.226442156074806
0.35023576079882 0.0987110633710334 0.11171394955741 0.024868733467478 0.318444586015931 0.0960259067893277
0.147285664079589 0.0485513892724874 0.266087095309581 0.107038618042875 0.259555273792062 0.171481959503405
0.193694795780949 0.0458595382410891 0.149651443495288 0.0602568558519046 0.218788355853787 0.331749010776983
0.233537758970912 0.0647544407591209 0.0673766249659438 0.2676588591395 0.120204555443749 0.246467760720775
0.154221978847822 0.211207321199654 0.164901257126007 0.112399069611862 0.235648871859978 0.121621501354677
0.210466881144909 0.240982624958632 0.00582161940176205 0.241304173533654 0.172134607815917 0.129290093145126
0.108073639927879 0.225975523727355 0.0615032961532671 0.160684802182688 0.189271292204572 0.25449144580424
0.181833709288647 0.11652419111496 0.207715656672126 0.207627197183142 0.098486801674188 0.187812444066937
0.244483983961018 0.383558109259647 0.00203827696087762 0.119108535950494 0.0910543002216829 0.15975679364628
0.0641022433957934 0.164007794816565 0.189426449485654 0.152517635417124 0.13643978355207 0.293506093332795
0.00608824330011462 0.379621887433109 0.159371228028892 0.10907004174124 0.219600060057691 0.126248539438953
0.267345585371122 0.146670603597821 0.0960304204266247 0.266840546501887 0.101110678505394 0.122002165597151
0.245723704500006 0.289607566174212 0.0813650259108175 0.0884600332953682 0.251691860274905 0.0431518098446911
0.202833629375081 0.1829151725174 0.213640504969588 0.0385080202002682 0.235103542406754 0.126999130530908
0.160611437961099 0.163516041854539 0.198930777562849 0.214512450669833 0.0871421992722132 0.175287092679467
0.209393771606288 0.0697935497612393 0.0363094140479508 0.234851810103457 0.209416139751223 0.240235314729842
0.256853486597178 0.289376346342515 0.0151683199292462 0.38943174980008 0.0267132298895565 0.0224568674414235
0.289115017255641 0.0622314080845996 0.0162375406673825 0.308465580208589 0.126356199882042 0.197594253901746
0.0685454418209703 0.162129615137602 0.193467158011685 0.163943396579807 0.235358292843373 0.176556095606562
0.233508850391638 0.186131909544963 0.300877242118862 0.0939612519527191 0.125885649208044 0.0596350967837749
0.295865577391087 0.0296786415416556 0.0724766104606616 0.138514863671003 0.167103440756606 0.296360866178987
0.332136735229985 0.0323973065315845 0.320327423249424 0.0497356192311748 0.0208954764683777 0.244507439289454
0.267691318348178 0.198288771994827 0.0814818926992991 0.0596413369664035 0.258978653943633 0.13391802604766
0.193491908674631 0.0732422253982015 0.254759778925396 0.112595777165747 0.2254480159353 0.140462293900725
0.277446234532938 0.0500367755259469 0.24338639010778 0.0282470050867548 0.253709213444675 0.147174381301905
0.200767742218213 0.261797722473685 0.120181316763654 0.22220852568962 0.0324010039104816 0.162643688944347
0.0588584484465029 0.242187273226999 0.241662458337875 0.194531185297686 0.085666976529284 0.177093658161653
0.169013292787192 0.30548216530643 0.0872993337740249 0.174898429423361 0.227600863954546 0.0357059147544463
0.147690618609975 0.126075675287351 0.205302499277954 0.166300331837702 0.262500096280124 0.0921307787068942
0.00891465084218776 0.16666956121859 0.338160284348492 0.079695219197069 0.194226086419437 0.212334197974225
0.19596084384369 0.0555875524577655 0.33115536047596 0.0595307429358973 0.307591673412224 0.0501738268744627
0.2486881938153 0.0760081260957892 0.57472535711604 0.0050542074594948 0.0284507276961896 0.0670733878171859
0.273890463306547 0.315916990356112 0.118301880125607 0.0133429216529371 0.276041534349529 0.00250621020926879
0.00410487721618266 0.332811970969988 0.270948114024392 0.0470333663400423 0.198772686677309 0.146328984772086
0.26258174910087 0.194428437237704 0.243791980094136 0.098095650504478 0.106207852902723 0.0948943301600896
0.264354364923161 0.0671744542777072 0.0126388232169772 0.272790344024807 0.0647541244878393 0.318287889069509
0.391110153915568 0.0337149025612451 0.0220931779699856 0.171119354859509 0.0850665359884691 0.296895874705223
0.237586819664077 0.00837877842788712 0.263710446405658 0.0536446984022889 0.151468213406121 0.285211043693967
0.283296699924916 0.121535124273087 0.0795675298745426 0.0569953797994258 0.215307732419878 0.243297533708151
0.0999551317629001 0.0268436368919484 0.217631529540696 0.247588769772279 0.264684217312088 0.143296714720088
0.323965685069093 0.0537937949485696 0.0810736021284077 0.0321048793148201 0.288226798097613 0.220835240441497
0.16798889246806 0.0167785319544072 0.0660895732315631 0.506290022412181 0.194017668655303 0.0488353112784852
0.348352975474146 0.028812172878939 0.0382809382309983 0.211677862108911 0.215756752786664 0.157119298520342
0.0338390846806105 0.18534082227878 0.266460714664293 0.264047484087224 0.158086204793359 0.0922256894957337
0.220688662116027 0.173168995457224 0.233716518454642 0.23626057682808 0.132831741074037 0.0033335060699895
0.0999743010765216 0.15860724478762 0.265075446853143 0.231667715377274 0.193079791417765 0.0515955004876762
0.203288574659076 0.158547199097154 0.0222690062494606 0.300228784989009 0.101780765860977 0.213885669144323
0.225641118486278 0.241837164691853 0.11285319680035 0.143177251902165 0.100242534068475 0.176248734050879
0.276350622100487 0.211549906622945 0.0542158585646261 0.113037992123416 0.148778149163304 0.196067471425222
0.282245664433384 0.290034837856939 0.0207422231105549 0.0963895573311118 0.173668401484982 0.136919315783028
0.208574499796236 0.138017327513705 0.153531408636674 0.276359894225442 0.0601167528113026 0.16340011701664
0.143220900021506 0.161810646022578 0.170018082998873 0.13882731477575 0.161181041629679 0.224942014551614
0.244156600487538 0.231511521895702 0.0180439323444336 0.173100956117022 0.119145654308025 0.21404133484728
0.17509070948733 0.0930165880562946 0.0624997645011224 0.286351734919847 0.0960170360371098 0.287024166998296
0.0465939790308203 0.380050472462155 0.0343485901201216 0.134594920683518 0.0358432334279221 0.368568804275463
0.166389585541061 0.101522326091275 0.24757329140632 0.119281326592215 0.243115959972989 0.12211751039614
0.264462525270561 0.117397620534237 0.0317981772684357 0.293251698145647 0.246183171837802 0.046906806943317
0.215124896005854 0.242191061925592 0.0268079912783755 0.0935023947143915 0.200062743398366 0.222310912677421
0.0408391476948203 0.192723428112853 0.0742282494066522 0.291670282435431 0.124993645038016 0.275545247312228
0.302855316892492 0.0210209892807176 0.245374568068648 0.144891220831259 0.143844862840329 0.142013042086556
0.090201736753549 0.0657948756395637 0.140890334468932 0.261886617655215 0.130037943596451 0.31118849188629
0.208393311738525 0.122665643407735 0.168194499074128 0.258109690838001 0.0854696079054571 0.157167247036154
0.223485107707334 0.0268384824409669 0.332759278700094 0.150207569276243 0.170260467818324 0.0964490940570384
0.0048978834775173 0.121492738987356 0.235298356670013 0.0670482947971282 0.397300117245266 0.17396260882272
0.213857424621639 0.219188343315274 0.227604394875473 0.0442984127204725 0.142669788110428 0.152381636356714
0.0425294707934959 0.160854340233711 0.333668481139063 0.0283837437827932 0.273172577268314 0.161391386782624
0.208169961977586 0.0645251562666746 0.0721092866072836 0.132709700656935 0.408918221140754 0.113567673350768
0.225174401331707 0.190831703777531 0.167361266002304 0.110930131570963 0.136772624814587 0.168929872502909
0.284866059611138 0.0723011076123935 0.396908840655709 0.107818073767516 0.0029243464656205 0.135181571887623
0.250027430814031 0.0951665116817828 0.236220340832902 0.219029830969232 0.0664201044251726 0.133135781276879
0.28320480925185 0.254964511384685 0.220726679794886 0.130462944166522 0.0590792238699271 0.0515618315321311
0.0780770772040555 0.0975423454343901 0.0020489343803938 0.212678200248663 0.138462706329263 0.471190736403234
0.160153240905994 0.0332685249228332 0.0590187526773297 0.278460685200559 0.209889735584285 0.259209060708999
0.267996006845884 0.0359264330347948 0.101050304422542 0.0804578493544109 0.0457755720753735 0.468793834266994
0.0163675105233932 0.35484508902857 0.0216002051616256 0.485218092410325 0.0418917940507516 0.0800773088253345
0.284657438641987 0.246018855662067 0.034957946445473 0.165772188923898 0.169185311071601 0.0994082592549742
0.053779405286837 0.147852785190954 0.358388014621306 0.0659205743052321 0.24509790766282 0.128961312932851
0.0890255631182963 0.174396898295505 0.224698087202136 0.13821444285887 0.14466980383702 0.228995204688171
0.211133034897653 0.046883341576664 0.250165667252958 0.0912241492587391 0.184453737626536 0.21614006938745
0.281296209740796 0.0906694479815704 0.106844213640892 0.284605847026434 0.0432206595910159 0.193363622019292
0.00686465605000015 0.081085066457964 0.0605666650897297 0.338701314716333 0.352960240349931 0.159822057336043
0.00565697088594431 0.115039984110664 0.0331075790891695 0.0620625555547956 0.421557851109344 0.362575059250082
0.0130913296482051 0.153210506799686 0.317484718976191 0.312391081736383 0.0793021109041634 0.124520251935372
0.0891560050719686 0.282549137365926 0.160125288612427 0.105274073448538 0.305642268812049 0.057253226689091
0.0412054842971426 0.750871847756395 0.0275983615563101 0.00709056391615746 0.130661267691306 0.0425724747826885
0.0885138439991001 0.0214348343467834 0.326668918211601 0.280008672748879 0.0371428085832815 0.246230922110356
0.2161106234768 0.0819292421199578 0.110311200000759 0.246796066746732 0.156169191805557 0.188683675850194
0.189339623534378 0.256665721077698 0.0830714813726576 0.233401326174595 0.183572007031731 0.0539498408089408
