0.119948264999325 0.2484519538981 0.16824972817106 0.242901185753057 0.0504040315542982 0.170044835624161
0.278735669865427 0.11974623705368 0.0193847765032916 0.275302948906339 0.200418371052749 0.106411996618513
0.212152004998357 0.324353245985051 0.128614689811795 0.0034868966804829 0.312730064552601 0.0186630979717128
0.0733335809020395 0.116472782739423 0.11586197668308 0.447235762650783 0.105865146961855 0.141230750062819
0.306398758757181 0.360521099383687 0.148437520393317 0.111667037647073 0.0308528595383086 0.0421227242804333
0.169220136988448 0.272237179691085 0.0517430988314911 0.196606028022921 0.176577369699809 0.133616186766246
0.122634759884609 0.0674803255920548 0.262589517524901 0.0922080435711777 0.253026640099542 0.202060713327714
0.207998772258719 0.128615826853451 0.206796538539284 0.284359713240744 0.115355496938721 0.0568736521690827
0.163355981260695 0.12606985688693 0.0696421310118295 0.267940818124784 0.204005849927082 0.16898536278868
0.00915008128827339 0.151390879692799 0.21733916450092 0.256671521044732 0.191602947474618 0.173845405998658
0.192203917659081 0.0631599023328518 0.166203509545489 0.221132235170508 0.229090695068977 0.128209740223094
0.248371925965821 0.101833523756713 0.214181340524403 0.0676715255805021 0.323301967608689 0.0446397165638719
0.286587719315155 0.0147492859408949 0.0951193281180976 0.242263802920499 0.159399938906695 0.201879924798659
0.150532237176504 0.25999114866837 0.0751626520050384 0.248126921975516 0.168110759724173 0.0980762804503994
0.169494386439566 0.204830763386023 0.123044242827017 0.141213954147172 0.162413985019819 0.199002668180403
0.0261258137786243 0.253413626837275 0.0884258783894265 0.270800459202763 0.288738407575373 0.0724958142165388
0.254619938130457 0.251003129507338 0.213026501827233 0.0817221757045108 0.0843282478889437 0.115300006941518
0.198131887994191 0.0586598955863753 0.134263412766971 0.238437628981512 0.202612167325745 0.167895007345205
0.161732342906242 0.44406479039771 0.0120759597810644 0.102569509145529 0.0843991985064655 0.19515819926299
0.198576254479922 0.2913927966177 0.219292722444592 0.169486106962851 0.109399416114178 0.011852703380756
0.10710860680472 0.147270861025206 0.131383418431905 0.195421340016084 0.259325307555554 0.159490466166532
0.0666058759924577 0.24208951873616 0.178375401638983 0.0991998472079864 0.15291752036257 0.260811836061842
0.0909991881894916 0.429486082015857 0.233930200334338 0.0538617241487149 0.101911361340772 0.0898114439708263
0.241156967535944 0.113575263358367 0.123754943065726 0.168767561981028 0.299155746019135 0.0535895180398004
0.0153247344777069 0.284914280366289 0.29603427310937 0.291822214124682 0.078945647989075 0.0329588499328762
0.099182752414919 0.242029119390085 0.171500999794559 0.244367261573738 0.00935681130574693 0.233563055520953
0.178442864425576 0.219453798811665 0.0599537667791705 0.227484506158621 0.17519987942011 0.139465184404857
0.202561960311587 0.0324369754639772 0.0299396383811661 0.320300088962201 0.0792432778772357 0.335518059003833
0.0832205683533372 0.260850376329582 0.0717668104916655 0.222254072867393 0.127772713078203 0.23413545887982
0.072310657590157 0.225986696138037 0.245074629506364 0.239503375434561 0.0973196971493971 0.119804944181484
0.0941202939250442 0.235344780284909 0.0342077465894397 0.220143839566143 0.186364915255252 0.229818424379211
0.0500420231875747 0.27738015194914 0.233132904636143 0.127181562965435 0.139072717538161 0.173190639723547
0.0908519112600623 0.292331485447974 0.145871088541938 0.0212734978420399 0.158532981713129 0.291139035194857
0.125069616432045 0.269345680806566 0.200687286258929 0.0660624361420534 0.00624995802760588 0.332585022332801
0.11659468650267 0.0982991292258438 0.114958305889436 0.212810874686493 0.242461302562918 0.214875701132639
0.13627831083565 0.233251579643738 0.149496980207823 0.15864764876712 0.0567723645254775 0.265553116020192
0.120585283298109 0.234186236870964 0.184789524560394 0.100798525282324 0.104346977615525 0.255293452372684
0.0409184243036526 0.0963993520875324 0.122813912695881 0.239730652565187 0.245267121875129 0.254870536472618
0.289717379445709 0.0422846883767901 0.298826059860551 0.149387462837066 0.0536759140153994 0.166108495464484
0.129883569631707 0.0522379245335997 0.324442567131118 0.042739547205388 0.323001013267061 0.127695378231126
0.341056306114089 0.0634764314072445 0.0336020461651425 0.254354555773113 0.0412771853412319 0.266233475199178
0.0512144254381291 0.266353487800891 0.232907980073933 0.0477093406520464 0.273736775704924 0.128077990330076
0.185784241038639 0.239193170553772 0.13100317658378 0.250918021878192 0.0511544137345369 0.141946976211081
0.204565702489549 0.265320377605413 0.0117108410692772 0.209585622267812 0.23874921567076 0.070068240897189
0.261490003470868 0.184836870003511 0.0271178686325385 0.212895993829176 0.077001099214155 0.236658164849751
0.0750937519842382 0.0353940681903552 0.243428096757777 0.230996972489074 0.304119596966202 0.110967513612353
0.0296121387904382 0.0204454797146292 0.279026464177059 0.176126566883874 0.281714099461576 0.213075250972423
0.234211727355758 0.122360184143373 0.179280452533604 0.200619405557072 0.197069672033604 0.0664585583765897
0.194962052224517 0.109829563901163 0.116548697655365 0.231751703610099 0.191581496635568 0.155326485973288
0.109373307651842 0.314499500043005 0.0375556399711418 0.193474902000147 0.268557915633284 0.07653873470058
0.0973245652666964 0.0496213670356362 0.190492516933487 0.159492350353236 0.279244682997492 0.223824517413452
0.386148469353786 0.130214963423582 0.0324763397351757 0.238581462923434 0.107595293093766 0.104983471470256
0.253267999621995 0.172074377049503 0.148101202437113 0.162374491345078 0.0203668245173907 0.243815105028921
0.112211730558175 0.121163251693943 0.0469574704001914 0.309115159944777 0.223395078087213 0.187157309315701
0.13298449158753 0.218715844176698 0.292841726359677 0.02148339914053 0.212996042277523 0.120978496458043
0.183237316250789 0.323297923535148 0.154099666395198 0.0272454322457143 0.0342695085654545 0.277850153007697
0.0372653919564015 0.177630513588137 0.210376974826092 0.171829670055881 0.224521874269136 0.178375575304353
0.172407743247493 0.174173197304497 0.277944999566245 0.045213461434153 0.085423430625079 0.244837167822533
0.184717797004781 0.0109423648800494 0.210504143341974 0.309239281804726 0.0433701875449972 0.241226225423472
0.139396722397202 0.0823062214991752 0.24016719960696 0.214080729013656 0.119096997062061 0.204952130420945
0.21933108436044 0.0872420041666749 0.152183266641759 0.228669548493703 0.197381841818195 0.115192254519228
0.252925384802666 0.243477218908988 0.00444248833959722 0.266748563537331 0.12837462917834 0.104031715233078
0.269321426743656 0.260955672002199 0.0441215764805738 0.0839832113368337 0.25984882628918 0.0817692871475581
0.166323019327804 0.319626434170805 0.0407284703951557 0.0725865880539098 0.398715182877595 0.00202030517473069
0.01743677986037 0.208466273626003 0.22640177339695 0.22190820773023 0.202916578065802 0.122870387320644
0.212465133188438 0.161368862490489 0.0814907998381529 0.13906269256657 0.147219716903119 0.258392795013231
0.226818566208475 0.144842831379323 0.0435260560527902 0.187515370566646 0.18448424957937 0.212812926213395
0.202796833456419 0.451855798367078 0.0802529680097918 0.0260807377500437 0.163297457547986 0.0757162048686818
0.207228379074555 0.131837790671179 0.234124170594094 0.0732348262783746 0.222213726650187 0.131361106731611
0.0353969087075838 0.216648981967763 0.271014053251749 0.0199877267844038 0.344051915735443 0.112900413553057
0.0405170687739345 0.117171037499081 0.263192323484446 0.293869201704619 0.228460269158205 0.0567900993797145
0.121859113278347 0.0891928167212359 0.138930103652143 0.19010618359033 0.152686883721107 0.307224899036836
0.112477446520849 0.064090723836671 0.0651540070057637 0.309450005724172 0.122716319169746 0.326111497742798
0.147871593731364 0.0708221240110464 0.115623714379815 0.44332098453453 0.0854320773278762 0.136929506015369
0.19694734852913 0.0591915610794054 0.20160981771205 0.146642897327256 0.156011242984898 0.239597132367261
0.196799223474737 0.0515081235476026 0.149180826456827 0.304560048182212 0.241688534388561 0.0562632439500615
0.0652600838645475 0.164339624949559 0.259171321106324 0.214172471771914 0.0151334996797164 0.281922998627939
0.330340027163956 0.0725523814181268 0.056629912105637 0.110188609075089 0.255931446416738 0.174357623820453
0.171251903265477 0.217189981660342 0.212938735089669 0.086579699529898 0.186377588203631 0.125662092250983
0.104043696084406 0.260942778223753 0.0123502190886912 0.333329316241183 0.175133989431062 0.114200000930905
0.320740202437007 0.26029593524751 0.248653533605549 0.093118987995802 0.0218715046338801 0.0553198360802526
0.0351714731457877 0.228262668957568 0.0271770091944224 0.0384194213668405 0.202801006963539 0.468168420371842
0.2939525879697 0.218306631076146 0.0422724000898033 0.184771704394723 0.00136248390526739 0.259334192564361
0.222560399352217 0.000371714611603949 0.311684739950828 0.0413140784482811 0.338204300490456 0.0858647671466142
0.200038633397298 0.195492321311098 0.168654766563267 0.0346691406169896 0.131213884660042 0.269931253451304
0.281876478819229 0.0471276575014841 0.221075781378923 0.139781673320422 0.175323785355901 0.134814623624042
0.0369446612782575 0.263287761167478 0.15669920204056 0.220728755315698 0.0599131186963238 0.262426501501682
0.330867005926801 0.0656483042819177 0.266348955158397 0.0534736630773085 0.238150461313586 0.0455116102419894
0.0247950038052606 0.154236185520208 0.227377959880836 0.323488468248765 0.239100084291389 0.0310022982535412
0.332943930245077 0.0774136568815992 0.0770758944554958 0.138664775766659 0.135918451474109 0.23798329117706
0.0216772951012862 0.116025194741368 0.258344412301328 0.0425870375147929 0.298753787988463 0.262612272352762
0.220462106039262 0.276026776787133 0.126533312357265 0.0025838528654799 0.0843872877576757 0.290006664193184
0.209856694445187 0.283801713000557 0.104055539868935 0.109179018769552 0.245184872897398 0.0479221610183713
0.216517513293077 0.0365432880335427 0.163003914092836 0.211390836932615 0.0854509034683054 0.287093544179623
0.344294114235714 0.205599253766703 0.0551242700274397 0.117558622182777 0.0800009477082572 0.19742279207911
0.339687295959214 0.124018400308921 0.184638242326872 0.255320462187638 0.0102458506000447 0.0860897486173101
0.236721178507809 0.0760320401485979 0.16100152733312 0.244574107344937 0.0731890347624022 0.208482111903135
0.0557251867952081 0.285877005382045 0.257567620263201 0.215119570427445 0.165034350574231 0.0206762665578692
0.18197449290579 0.086034419313883 0.170475937159232 0.213672504671485 0.230850431380939 0.116992214568671
0.176555659174798 0.216869435726554 0.117976916102661 0.172121416389282 0.113720673795489 0.202755898811216
0.0508284460401151 0.256979389183149 0.0111669917612893 0.310293117340817 0.146856899854268 0.223875155820362
0.0342689328500357 0.316838119586376 0.0270129115471986 0.406551876279754 0.10328360563627 0.112044554100365
0.0505959659890522 0.00715363631082471 0.0605403101692689 0.208904826101602 0.361606946408493 0.311198315020759
0.291926253080795 0.0518357146907477 0.291210160965877 0.0303585790763633 0.0815050237878828 0.253164268398334
0.277550014240725 0.141562925103989 0.367298653030965 0.0599627525770858 0.099555473771378 0.0540701812758575
0.0633445210319904 0.449475431311521 0.278826797743301 0.140850534980632 0.00107809613676821 0.0664246187957876
0.274497311066002 0.0957163099473985 0.0495615729431915 0.146068350323973 0.0452930772037618 0.388863378515674
0.239727559698468 0.255892564630717 0.208844609819244 0.116313380216979 0.0507552847744257 0.128466600860166
0.264507230362818 0.278342499808269 0.0988261004358393 0.113628793158592 0.122670720326083 0.122024655908399
0.18324185269034 0.233063465393239 0.219606181937216 0.145166256662707 0.11289569839993 0.106026544916568
0.216993454401124 0.245298414083895 0.163367618937641 0.227115108862823 0.109741285728812 0.0374841179857046
0.307598124088477 0.161059933915119 0.0289374711322345 0.0635636048690782 0.316774336575388 0.122066529419702
0.124517993354958 0.13382763074099 0.127039153602205 0.0104379066829922 0.19992728219744 0.404250033421414
0.00365693863888783 0.131424450411148 0.226553193307382 0.155158525463889 0.221628593288378 0.261578298890315
0.306336634825516 0.109491740048092 0.143619304932623 0.0980623046164394 0.298078912970178 0.044411102607151
0.250704837692998 0.250007029691845 0.146945507929975 0.178645990442325 0.129142093597055 0.0445545406458019
0.0521339054699661 0.107644248502005 0.262551783293266 0.298387641401635 0.244136051588862 0.0351463697442656
0.117230090630536 0.157469037036027 0.167084148672359 0.114713140989847 0.231371652108919 0.212131930562313
0.349964557999404 0.183466044287327 0.000707351110076561 0.362452640652764 0.0934880490631796 0.0099213568872492
0.204158201520446 0.281621242284937 0.0939648034703081 0.0985144802914684 0.274236862067533 0.0475044103653079
0.341402911849081 0.166193143229152 0.0378711012968902 0.15127720973576 0.0948082089974106 0.208447424891706
0.0234624005271123 0.418545952775881 0.0343109879945801 0.148313689830774 0.137151789682623 0.238215179189029
0.27954567095381 0.201708231946975 0.127715137440296 0.0535477300752686 0.122248224519326 0.215235005064325
0.271470521160381 0.0897133185211996 0.186796496292042 0.130505185079886 0.132978797774122 0.188535681172369
0.0552496849650481 0.17193535893491 0.241929622520685 0.217203946752054 0.0288497762859743 0.284831610541328
0.0876496930280659 0.19492628303782 0.114636437131886 0.125525948124112 0.306882027299119 0.170379611378996
0.132986173934124 0.0815653108569368 0.250916033205304 0.0939098484831324 0.212081316841074 0.228541316679429
0.161000690872205 0.120250002932098 0.263233962034953 0.167027372595123 0.134833434288853 0.153654537276768
0.210295009491477 0.0967424146453257 0.197581249038577 0.0524500647463159 0.135239448396172 0.307691813682132
0.186259381430832 0.168932053024018 0.164060715656444 0.166417254468975 0.205750361399654 0.108580234020078
0.100838473410444 0.00266093286853955 0.285123226247061 0.189480403285966 0.101125864073595 0.320771100114394
0.18447218253857 0.0795562140947383 0.0896975995696155 0.259083601467829 0.267629703383177 0.119560698946071
0.269458536289486 0.197835357503717 0.184453573376255 0.105145500201467 0.197715096792046 0.0453919358370305
0.220317720219995 0.0477858944243763 0.145569833123402 0.0825957403380714 0.238460176349072 0.265270635545084
0.120458965277367 0.0899740090685401 0.255886358554255 0.227186413372524 0.291921355847511 0.0145728978798036
0.119381070842012 0.165072564451346 0.2049387044379 0.0847837757451343 0.18045969088293 0.245364193640679
0.236800086008132 0.091202297526718 0.179101991367226 0.297028490785827 0.13060157389261 0.0652655604194864
0.156285806967737 0.0208064055221701 0.222891776525758 0.267450705771847 0.0449828907143371 0.28758241449815
0.202533348996776 0.0361490286282207 0.276544671002456 0.104148690938644 0.11365607739552 0.266968183038383
0.024551576074665 0.238896619430711 0.220968283641438 0.221477629453623 0.248682684824781 0.0454232065747815
0.0212380697170766 0.245311932433504 0.260754544601782 0.275962805249337 0.102231681251162 0.0945009667471383
0.0506601406748154 0.114197909547693 0.246746906055235 0.309036791914246 0.0570365575362132 0.222321694271797
0.307654518963926 0.22538215960212 0.276940855822901 0.107916593525853 0.0240344078788413 0.0580714642063583
0.116124750417976 0.1750909485443 0.0711602099863904 0.114546705260892 0.238249669729318 0.284827716061123
0.140198921608212 0.134681679608939 0.391557339702053 0.0504904986597039 0.157845843736754 0.125225716684338
0.152915133354965 0.0404259291785928 0.163158963807862 0.320855105710254 0.00173437821190808 0.320910489736418
0.121395976018775 0.139079288161357 0.216658330799781 0.04642099614936 0.143750013318712 0.332695395552015
0.311074855005339 0.043799992465549 0.0110892373308639 0.202282339266332 0.273497337071409 0.158256238860507
0.11853981134474 0.169097099594061 0.158024880501451 0.246340635258924 0.255134833870059 0.0528627394307652
0.0208436293135099 0.474499338735981 0.0677786450991254 0.228482640687727 0.0293875233980131 0.179008222765643
0.173958138518707 0.226680256658005 0.0350734512608016 0.369704052573134 0.143389199050589 0.0511949019387631
0.231165368635851 0.148397476579164 0.247290579821243 0.201904137448207 0.0957830928625834 0.0754593446529521
0.15114595190295 0.205452610513028 0.00280504906372683 0.145393398741781 0.240034382573562 0.255168607204952
0.179969183510554 0.227612094599998 0.206242045512994 0.188006340244013 0.0606521288856089 0.137518207246832
0.20629330731556 0.0560374796590027 0.231849059478656 0.218232311182844 0.163964516892653 0.123623325471285
0.32028615942754 0.208290944646907 0.00186771846061796 0.310933398591966 0.047676175350023 0.110945603522947
0.0457714233971203 0.265199203238676 0.250793525784695 0.263965360390339 0.0490467506196891 0.125223736569481
0.080925434409619 0.0902313061313527 0.246817319618223 0.207320136096489 0.27016254310723 0.104543260637087
0.325232228308793 0.0123267553462916 0.28407382248028 0.0852318792087994 0.118465036955616 0.174670277700219
0.13089721958087 0.110580394136004 0.275863575501897 0.246212686625121 0.0626569838229202 0.173789140333188
0.257241278525343 0.0758652738938698 0.322364048036227 0.317941954797783 0.0134324308586056 0.0131550138881711
0.297906691085743 0.314721278072595 0.154390052432963 0.152312319680175 0.050875778057889 0.0297938806706342
0.0966584814697984 0.196865442734842 0.227921290881079 0.110485152535899 0.133252389460044 0.234817242918339
0.169579917075962 0.238848040330726 0.20159852143157 0.164719778830204 0.00745471152376851 0.217799030807769
0.257552865115399 0.209609062581829 0.146908383860591 0.107168200717104 0.104522344678733 0.174239143046344
0.168255739126328 0.0515736508157144 0.186143744786472 0.0248087142423171 0.320666268261089 0.24855188276808
0.0100258965506811 0.0912532583290599 0.375808923061331 0.267021154347076 0.1645787572736 0.0913120104382517
0.273275013689197 0.0662874209680922 0.127485448725583 0.110302049696015 0.225028779869432 0.19762128705168
0.0227559659979555 0.366265516580193 0.107712995222462 0.0351793750681036 0.12326179457141 0.344824352559876
0.282759263925787 0.0302957748331556 0.0449326645914532 0.0499547896672794 0.258130062122749 0.333927444859575
0.154954189681889 0.276249551164326 0.0736261901647499 0.281397734474444 0.210221551925465 0.00355078258912648
0.0372270227347439 0.256226956113896 0.235273499145319 0.0695381769772264 0.219633633359934 0.182100711668881
0.118916866920944 0.215421838448492 0.195474924057969 0.272996354694678 0.0234526995003218 0.173737316377595
0.100374955269207 0.0352817397993615 0.108158974319667 0.208372939177753 0.33712840442027 0.210682987013741
0.00725849162906332 0.00526777452647006 0.307220588676347 0.491877438388764 0.108302831133319 0.0800728756460364
0.0531941138313651 0.0181155146893562 0.154665868339161 0.138671628469285 0.242889798528623 0.39246307614221
0.248268721605426 0.156210781619495 0.0533727919194785 0.151109570884511 0.303522475177228 0.0875156587938621
0.230109331849221 0.169075979142803 0.203470656841177 0.211825923301268 0.17550385855883 0.0100142503067011
0.165366113173998 0.165756336518147 0.0889473607890667 0.156817239637499 0.210246072617865 0.212866877263426
0.277289899538122 0.110379812286985 0.131994289802859 0.109743905021289 0.0736150546740729 0.296977038676671
0.116056174751004 0.155158761446984 0.215716842973104 0.244580966529641 0.188574974376637 0.0799122799226295
0.0350108167429337 0.0887624877863798 0.325041497541307 0.33659233708398 0.115524486729122 0.0990683741162775
0.0846433967210416 0.186327059903052 0.0501782884471619 0.164017260907297 0.306174582094245 0.208659411927202
0.277913294552156 0.171236271917853 0.2129610730078 0.0771033444868985 0.144435733384246 0.116350282651046
0.0024331750514956 0.215451050544213 0.332703497186078 0.0375943477972553 0.171724946383061 0.240092983037896
0.0659063278881223 0.123401387033937 0.0910042763687683 0.183367744640443 0.136192700335407 0.400127563733323
0.153857424400751 0.142253545052743 0.257023150992058 0.134685752502755 0.305885043579525 0.00629508347216776
0.264387777150283 0.0426821853222766 0.137704337095101 0.19948642966869 0.0742480190382595 0.28149125172539
0.116573161555359 0.101160362204436 0.278499830547282 0.239911788473671 0.131630492460099 0.132224364759154
0.190641076156828 0.13438885915109 0.088204664650378 0.276948612210147 0.238698644330098 0.071118143501459
0.272880669965971 0.193493012623024 0.239517595534072 0.230147331122959 0.0409856747289861 0.0229757160249884
0.0709319383347974 0.117341767659779 0.233515836160726 0.255924947027402 0.250831626876155 0.0714538839411415
0.190675469438792 0.186384736307353 0.110543709443935 0.242731377824793 0.0484008104025355 0.221263896582591
0.257197592642413 0.209574590190569 0.105761494890887 0.126350858569502 0.222571901481725 0.0785435622249043
0.210479960781758 0.253825225072162 0.162653434092474 0.267087582089404 0.0498300385147184 0.0561237594494839
0.168755749017487 0.0836129478296062 0.203684649851452 0.152467073175419 0.146253680532657 0.245225899593379
0.207605002048737 0.244694910978342 0.152672507047219 0.125608970189798 0.169704753499175 0.0997138562367293
0.0618034841400072 0.0300703581199959 0.292268446752166 0.0125513021256766 0.327903603968882 0.275402804893272
0.220300991392466 0.0852647879156225 0.153549319770936 0.0723596976059228 0.23700015911811 0.231525044196943
0.30956729596192 0.277047054119714 0.143971673768158 0.0268423544998102 0.122186666927269 0.120384954723129
0.285206517304667 0.251279985528133 0.0576943086751081 0.070706619027399 0.0188228894823406 0.316289679982353
0.306539829649035 0.0935894575962146 0.0763929642942578 0.0395444961938077 0.0478446234548481 0.436088628811837
0.00744470488803299 0.252502162713307 0.0858551855642411 0.212036480754624 0.348303649492702 0.0938578165870925
0.0384827900906604 0.255246733560797 0.170441281152711 0.123792142687466 0.234154811001498 0.177882241506867
0.10869034213601 0.295713832626598 0.000121174423264948 0.370420759319072 0.198807633566089 0.0262462579289666
0.183542474314054 0.265358461508539 0.0145190168574895 0.269466960742792 0.0232075562057815 0.243905530371343
0.0240972859542793 0.139138621897601 0.186241623620994 0.216418798091611 0.232851899644004 0.201251770791511
0.205902975060562 0.167108472793931 0.0110694366353511 0.291455426138442 0.298454588712244 0.0260091006594696
0.267523580047487 0.0296344510406764 0.0772013040216308 0.259809920478102 0.159491959508972 0.206338784903132
0.113880766966436 0.259527830929128 0.165687813757855 0.160091743147977 0.0293587110141711 0.271453134184433
0.070308746710491 0.00476135573262765 0.154833617370282 0.108525754604205 0.466160162438135 0.195410363144259
0.0280338304794712 0.267343658609322 0.244197304350454 0.035637531472384 0.334350119206655 0.0904375558817143
0.1204054767094 0.153238702192553 0.329568570683581 0.371870663308725 0.00761137309202627 0.0173052140137144
0.214267155194055 0.277303284935501 0.173944029187134 0.0277766597679275 0.183690089920121 0.123018780995261
0.222340387250229 0.297004412823854 0.110023482474464 0.184078659421494 0.0915862880016009 0.0949667700283577
0.0191263144593976 0.411007889653639 0.154636927286823 0.2463954762384 0.163896876676826 0.00493651568491469
0.155068114629641 0.142057742832037 0.297194225420465 0.184041764243093 0.0175817617048624 0.204056391169901
0.0152113628886127 0.0706000803447201 0.162502089361147 0.332189485017963 0.27789396670932 0.141603015678237
0.195652577685877 0.262675859992064 0.0933370597890829 0.287181078493156 0.127750016953396 0.033403407086424
0.0444414427541481 0.243106207475017 0.0922556683442113 0.205070958519158 0.0225507927060506 0.392574930201414
0.205586471245446 0.258410779251508 0.160272488632721 0.0602088223492069 0.138867216380053 0.176654222141065
0.224519223851932 0.206555951955528 0.0912514969530269 0.176454615563433 0.222399611416656 0.0788191002594242
0.191588920382158 0.0838963865950929 0.11734821677989 0.207932041233585 0.112242789436826 0.286991645572448
0.21247220157421 0.12971852141574 0.117781902309952 0.250645390974417 0.23284132846862 0.0565406552570623
0.270706660611408 0.172877579185706 0.322155682529684 0.163005499496752 0.0518222114170451 0.019432366759405
0.0679806640611218 0.0275831870759262 0.273174578437902 0.290493439162529 0.258384921156147 0.0823832101063739
0.245534821234043 0.103591734289597 0.162993019958409 0.102611749893884 0.158817765363408 0.226450909260659
0.156452214293725 0.177050941828009 0.0302058706951733 0.0756707472479909 0.271956706303308 0.288663519631794
0.0916127566275291 0.0689833039953296 0.247307020842555 0.291612780859977 0.163706180942747 0.136777956731863
0.267556162987867 0.38962677705689 0.118087180297599 0.0554847249955805 0.0127123315675625 0.156532823094501
0.279878716542975 0.25301332597758 0.0820541690963978 0.133982414337492 0.0342923237191616 0.216779050326395
0.108826771133015 0.248616404575706 0.0711655162978777 0.201913870665078 0.250723911737201 0.118753525591121
0.203998996921735 0.190808445575496 0.150808112212217 0.10141102498861 0.172818596391601 0.180154823910341
0.155615667133262 0.380910625031163 0.121199592311473 0.0798772676705565 0.0428485172070385 0.219548330646507
0.127300510279328 0.189661739969861 0.159304487560698 0.127094763629301 0.0706540662724985 0.325984432288313
0.0746907371710382 0.177733482930214 0.0862327386199162 0.252236401589392 0.146036800782946 0.263069838906493
0.301834872940454 0.0877448322729678 0.244920847506213 0.08956302420505 0.127497457390391 0.148438965684924
0.0960852733569871 0.0364897731705562 0.116286228368013 0.167765069783201 0.380037922113664 0.203335733207579
0.0297702636168832 0.164710252976163 0.230488436372976 0.161302182040599 0.240133257627541 0.173595607365838
0.0743161040270837 0.331429811566052 0.201492534319932 0.00497762393918749 0.0539998406864052 0.33378408546134
0.125950373762819 0.0313315177099719 0.34961295781111 0.314195313939903 0.104756639240156 0.0741531975360403
0.125033753810824 0.125365144130864 0.240228967260719 0.150708450411338 0.14574733766391 0.212916346722344
0.284276874450962 0.10571876438845 0.0797700429724323 0.182836861762048 0.104828494830536 0.242568961595572
0.266416892053344 0.0985725307550374 0.230358406448546 0.282339490788154 0.0875792921565079 0.034733387798411
0.276313098262329 0.315966404328665 0.0143073792748364 0.0216034622124293 0.214267775578821 0.15754188034292
0.316414829586583 0.208388122426817 0.0583647416206648 0.0647672777212568 0.166192916705289 0.18587211193939
0.140549880807549 0.0441834754495749 0.106306315865569 0.226147565230674 0.226511924330847 0.256300838315786
0.135053831748608 0.11812267585233 0.248427565506317 0.137038517246299 0.21648427298184 0.144873136664607
0.2260722163748 0.0177874799221874 0.213379566875049 0.0890107178257838 0.277048618309523 0.176701400692657
0.0457891394293322 0.224003445096356 0.518669917152404 0.140020461107551 0.0382249788256221 0.0332920583887345
0.112091794273789 0.0243783225885972 0.364585749584734 0.0860223984437728 0.404284216369649 0.00863751873945789
0.245649081236589 0.205673875975838 0.180622405738831 0.1057702428303 0.220689862103607 0.0415945321148348
0.163917446293415 0.173699230189841 0.00411768899975943 0.221699128694795 0.226163165449237 0.210403340372952
0.213375054112836 0.072749818382685 0.202659898616847 0.107113601234246 0.196341682756264 0.207759944897122
0.262033121650866 0.101682974571091 0.199975431402094 0.126397052451142 0.0844727729013858 0.225438647023422
0.145536135480475 0.263763885080524 0.0666608619544062 0.126704558164019 0.183396131136434 0.213938428184142
0.169687181455983 0.161718923101514 0.160049137486688 0.123111742588901 0.190211560577916 0.195221454788998
0.00198564189372685 0.218874246341085 0.087129265011796 0.429379353372193 0.0468609944438427 0.215770498937357
0.158740935151067 0.0589027417038647 0.133306112291325 0.093582429895395 0.276445317316076 0.279022463642272
0.225518650034894 0.071844594068352 0.0863043433638895 0.234387472198973 0.158984330178567 0.222960610155325
0.140460403963984 0.0711580164754775 0.222815186819528 0.26539871149264 0.112313714228162 0.187853967020209
0.272465867935385 0.00578243289839088 0.245070822873006 0.195429149329102 0.175091258181774 0.106160468782342
0.247815823524795 0.206479011271161 0.0396348328013815 0.147940698981757 0.141207166842583 0.216922466578322
0.173005627013327 0.183509220415831 0.0798122965878538 0.0138096048462858 0.301205595572313 0.248657655564389
0.180906192568952 0.0580562748902812 0.120743643797147 0.117429294937352 0.343994200598015 0.178870393208253
0.027603596838507 0.197561818256239 0.115319846271941 0.111856984348684 0.346702165161925 0.200955589122704
0.454865411645446 0.00991273281061352 0.273520045308143 0.138369676145129 0.0699950808921326 0.0533370531985359
0.0369590160557706 0.320335436877401 0.27746102268527 0.0914457911757097 0.0727018415663678 0.201096891639481
0.149298370100615 0.269646261393535 0.303540997248506 0.07089452365896 0.0737958285432603 0.132824019055124
0.246296125546469 0.0637652185143437 0.230726454539228 0.156385184174383 0.0901948636364385 0.212632153589137
0.34792400485954 0.176191130986258 0.242952166649272 0.0430453362057301 0.000587877774240999 0.189299483524959
0.137430079168666 0.0405855779993883 0.334773875983277 0.378937958541373 0.0330682381098104 0.0752042701974853
0.0809118122439907 0.134917191418751 0.149085329224977 0.208779304717388 0.218586931177974 0.207719431216919
0.226156276303048 0.070074403070455 0.0702520165594625 0.187026483695717 0.325288809277108 0.12120201109421
0.278360581348783 0.0849635657950431 0.113728827205266 0.251151678265564 0.209545738579477 0.0622496088058666
0.0573482002160103 0.315113146043779 0.0592676271773445 0.317515084004577 0.160663657344141 0.0900922852141478
0.0612368138710568 0.301548323520083 0.19184036064383 0.0909939489842803 0.117488294066914 0.236892258913836
0.236094108353809 0.162163332818179 0.0548544128496733 0.135439459595503 0.239259626468651 0.172189059914185
0.278249706537359 0.0332193399992952 0.172393983059125 0.0901762375205131 0.350333196353707 0.0756275365300011
0.113404213048635 0.0130429715235445 0.145398468394383 0.170942674475219 0.39135569601612 0.1658559765421
0.222245822205006 0.195837558483268 0.0381580865726212 0.305390028758358 0.176544782715643 0.0618237212651046
0.108129476549125 0.191123793728428 0.0364375601522147 0.235263735385103 0.264900664461204 0.164144769723925
0.048374034747409 0.167340643475952 0.326229583886351 0.0924890524413536 0.149094994098964 0.216471691349971
0.209221150240935 0.0652159236145907 0.178952824819648 0.0574549415279389 0.266419409008984 0.222735750787904
0.232316581275981 0.209348941355283 0.155191973514147 0.0129134404825495 0.244331946822963 0.145897116549077
0.212674383626736 0.259850463975958 0.247767326000443 0.251593188334891 0.0210015757903062 0.00711306227166654
0.243159402321595 0.0600369392767521 0.125378421384317 0.248925875729291 0.0687798286563664 0.253719532631679
0.15467375433874 0.238022048164693 0.349026661676257 0.127280844599967 0.0345633666178254 0.0964333246025176
0.102906982925823 0.315992650614582 0.0633930985832442 0.354965074400135 0.146712693201358 0.0160295002748579
0.17811058131 0.106034273033232 0.206610728869193 0.094818225889071 0.120017568941948 0.294408621956554
0.142691380283227 0.244628295131687 0.0864814395168175 0.297019198723064 0.148143860593192 0.0810358257520115
0.252639690670794 0.0856656212922206 0.0182825110279815 0.280242301111663 0.259572332235425 0.103597543661916
0.0291845010784728 0.124250577336169 0.224379622089215 0.120728155725588 0.252901025174803 0.248556118595752
0.27112679611607 0.260489174603176 0.0714498978151148 0.169767491406017 0.163438715642655 0.0637279244169671
0.276914647324305 0.186577828400468 0.147837977667316 0.0567132631210723 0.0595540462192111 0.272402237267628
0.137377759960181 0.23975019766865 0.224360330403038 0.132641268350009 0.0350818256822164 0.230788617935907
0.0153354490551798 0.226007986731797 0.10645324146598 0.25494384972028 0.315264181618068 0.0819952914086945
0.238306350283811 0.145902555661294 0.0502458311020841 0.14708989175567 0.296843133969073 0.121612237228067
0.0436969678135777 0.341394751636938 0.014841801054368 0.216408171902259 0.216492033321817 0.167166274271041
0.0917599863958237 0.333672421235237 0.0672267897439041 0.0353491063916937 0.34456517068347 0.127426525549871
0.310355477767509 0.04641168066126 0.0838369179737828 0.114921352590568 0.229420683872528 0.215053887134353
0.196069542122838 0.111014301777639 0.191770405680124 0.271005577848064 0.0505426680300639 0.179597504541271
0.212793699597275 0.243079589556098 0.216288127036005 0.0655984094922218 0.114809231745597 0.147430942572803
0.027226386023734 0.313566751211795 0.275154688046636 0.199402220167193 0.12030439292843 0.0643455616222131
0.293149079914397 0.0201237584798855 0.0313530980756161 0.222327175363437 0.190382841716479 0.242664046450186
0.0646624600637593 0.130097574922478 0.168329050169839 0.3060249810096 0.190884592919392 0.140001340914931
0.275654854140771 0.2671767476526 0.176411551140105 0.00563980993495413 0.241163269891797 0.0339537672397725
0.0120752369796809 0.308023992485011 0.232487517822689 0.177234079220209 0.217128805809229 0.0530503676831814
0.0433228549195749 0.285968571680062 0.0197530537386705 0.000546500776869189 0.314113111984889 0.336295906899934
0.143655332168147 0.135335610146732 0.2446665460887 0.165938115460587 0.0231877597367965 0.287216636399038
0.057284461748519 0.159144647444049 0.240792078544665 0.0959725791160788 0.296730584572877 0.150075648573811
0.0459121050881906 0.371946979514255 0.168514393110003 0.139383508923345 0.0149401391647588 0.259302874199447
0.115889146110559 0.164128317942507 0.128791587753104 0.143565841527417 0.224420830632919 0.223204276033493
0.216323722275615 0.199595449259353 0.211896604058221 0.0248665608180568 0.169917693367585 0.177399970221169
0.248527700807776 0.160307424369907 0.13765713000992 0.183302512448578 0.136243825542034 0.133961406821784
0.139946577180966 0.046645268196115 0.416856864591919 0.0470865448079569 0.0238273518389336 0.32563739338411
0.209579015570796 0.192824799638108 0.105039607723488 0.196831531433663 0.174227031645511 0.121498013988434
0.110404791070196 0.226561760418675 0.0865548874960063 0.217975731498798 0.347914853772836 0.0105879757434894
0.115451552556817 0.375433021620864 0.260193882947635 0.107358791177182 0.114018786835763 0.0275439648617395
0.0589072918366136 0.333739951412073 0.394547893526825 0.182577677756043 0.0297915401762091 0.000435645292236038
0.249121237814401 0.227592180451158 0.0720190477164954 0.179652305274519 0.00854413409562523 0.263071094647801
0.118101772621569 0.172532369256426 0.0333043384744789 0.249026326612296 0.163927169370715 0.263108023664515
0.118417500025244 0.3701796973966 0.0470928095542915 0.279078863096069 0.136769790699011 0.0484613392287844
0.212563240405193 0.13584448538138 0.0685089234684984 0.193027750942472 0.211912570387712 0.178143029414744
0.12877005822922 0.104779220615501 0.0326071620152785 0.325253296507638 0.1824133616868 0.226176900945564
0.202217618507671 0.0243584765794681 0.303709859976517 0.0521636077865149 0.206492457038742 0.211057980111087
0.321469460334241 0.0821876770079591 0.328744182808747 0.112452150807955 0.0490299829680817 0.106116546073016
0.0459142356385313 0.211785995580398 0.0665365473600622 0.278103549866341 0.23760747158387 0.160052199970797
0.330662255092828 0.0477005351177759 0.189729083370185 0.14205266025138 0.195618565292722 0.0942369008751093
0.277550491130938 0.19594169877045 0.115091944157452 0.148506541370088 0.254684085016546 0.00822523955452464
0.275844158829915 0.310456194510162 0.194868203831271 0.17367166183798 0.00535536948676712 0.039804411503905
0.124464653851548 0.0453518605184062 0.237564476378178 0.222782404423531 0.126073426736189 0.243763178092149
0.180624324575437 0.189236488669151 0.202975281226587 0.0122527399453042 0.201472182295451 0.21343898328807
0.101638560275391 0.156496460564737 0.200497664913826 0.335372460960988 0.19637066828365 0.0096241850014083
0.0889892218557073 0.313339668147696 0.220442237225065 0.228799838514939 0.132499680667908 0.0159293535886843
0.0565730624801983 0.225261819818321 0.25769803044845 0.152316036838382 0.151113601307081 0.157037449107567
0.334861340727024 0.300242697956653 0.1985009277304 0.077611917197011 0.0345711674359807 0.0542119489529306
0.122794180622932 0.235358565826109 0.202710027198422 0.253921250117425 0.0765613216147267 0.108654654620385
0.324044816153036 0.0371778338781655 0.209051407580792 0.114252757403622 0.0160613063482703 0.299411878636113
0.0750750677678245 0.156727526426378 0.307757053694601 0.0670033031248055 0.208583550919036 0.184853498067355
0.0264369737056298 0.152113053428358 0.186778889463147 0.282484020106933 0.16805477097936 0.184132292316572
0.170432822863261 0.240819565672568 0.364168310978182 0.0419653852275645 0.0951619397535949 0.08745197550483
0.106322216337549 0.0728830415524105 0.103299843066872 0.332691571131414 0.0220977702981275 0.362705557613628
0.0638186354632281 0.0660640017459774 0.303977578774937 0.199679924799803 0.0881604333435546 0.2782994258725
0.281872139447973 0.151561521923068 0.215647991601386 0.253568075591062 0.0953918328882808 0.0019584385482299
0.203446810610042 0.027841040238332 0.126011036280153 0.046950317859322 0.290975851103763 0.304774943908387
0.0502800013793792 0.459305290934527 0.23144637200497 0.0480416824868127 0.101556946645404 0.109369706548907
0.217562308703917 0.0392555646194131 0.396129394136472 0.24921941724059 0.0120411085596243 0.0857922067399836
0.299267803029855 0.0205836068747681 0.0606165889056367 0.278709762858436 0.274226382577397 0.066595855753908
0.0100855412057845 0.2773514928836 0.213586829607659 0.271991229511908 0.00316961514753957 0.223815291643508
0.0651133058427645 0.20669592784683 0.213854419787547 0.165816932544474 0.274121866764891 0.0743975472134927
0.103691330558853 0.0590258476131378 0.135873895381046 0.312965774540217 0.13513756188647 0.253305590020276
0.00370703354920708 0.0976657767399426 0.291084020318166 0.186774611523593 0.182502326528021 0.23826623134107
0.269720920182308 0.0528594551809455 0.0976480809628592 0.0398002617835741 0.264469262415917 0.275502019474396
0.0345767911286981 0.291604820615864 0.213262591947499 0.0628598323532543 0.18744719959158 0.210248764363105
0.0766828105796121 0.205312073393959 0.186316237844084 0.21657323904267 0.0924818332712324 0.222633805868444
0.157677954973057 0.249679211375912 0.205317401587656 0.0782207694299233 0.287893577625799 0.0212110850076537
0.275417866783911 0.313289846533335 0.162105553119505 0.022533836567802 0.056374431775694 0.170278465219753
0.316540484989047 0.0864761142483411 0.235888405864184 0.163726580704688 0.162557524598793 0.0348108895949468
0.217710324959524 0.226205548292013 0.176678428152296 0.230007343813847 0.0765938494078524 0.0728045053744668
0.296872689877059 0.0970792468495412 0.125661316980918 0.0200064252611427 0.200560527306304 0.259819793725035
0.0208563255846059 0.374580349418832 0.147806034777871 0.0388612978427555 0.235627318058929 0.182268674317006
0.12969144332626 0.140292386280289 0.218158566951972 0.242546843285818 0.184254498978833 0.0850562611768273
0.143412548014834 0.254644687170343 0.123665320232362 0.257113913995816 0.100053215308025 0.12111031527862
0.0171008772823794 0.426650773682349 0.103433291070401 0.0854608141385849 0.160639660720006 0.20671458310628
0.210988933663626 0.174801591231447 0.200923148628279 0.053994742627672 0.221452226037998 0.137839357810979
