0.0682741521648386 0.155470725842147 0.11299652245729 0.0679410390606941 0.150472525107068 0.0196341342159972 0.0130549938070823 0.165869098984962 0.188649523235167 0.0576372851247533
0.232565635522341 0.0787438513998705 0.118625715358334 0.0579804238108527 0.0686325216719726 0.128532968510998 0.0718863231933584 0.119774677521326 0.0752076798639393 0.0480502031470075
0.0660088216650977 0.131724065119888 0.1233724093493 0.121011260942787 0.00836167679907069 0.131096893152446 0.154618620945514 0.00225300784942272 0.149462962147595 0.112090282028879
0.152858347306558 0.225519131894263 0.0326451983474162 0.0652243672311521 0.105220382304096 0.00825736238458488 0.0825281514639663 0.117702036066652 0.0726127547086922 0.13743226829262
0.0250411203992843 0.115307381110491 0.0349139260527579 0.129637449500929 0.0691242850758713 0.137125097940267 0.135650012525956 0.136398989517007 0.0825863306639233 0.134215407213513
0.110246962060485 0.00994281070306128 0.0142493846387692 0.050707981985595 0.207363213109366 0.188985059076224 0.0544472338911453 0.109991979567654 0.201029444081532 0.053035930886169
0.127470902440039 0.0862529565231344 0.0285669037074113 0.00766616853889599 0.0401270479031713 0.183813982682809 0.190618188075516 0.141826132037737 0.00581706936494932 0.187840648726336
0.145602673478944 0.077553948155548 0.157774735716719 0.0592824133822407 0.131384266834303 0.117991166628721 0.170676936325687 0.0356569541483869 0.0738891875196199 0.0301877178098301
0.0182309766781226 0.157829883897786 0.101515162688292 0.0928412147114341 0.0804251978896233 0.140568112740794 0.0060602057561796 0.0839093729744636 0.183217194145182 0.135402678518123
0.1482930086719 0.0547832506888612 0.139959770674591 0.127077608574511 0.14541790658705 0.0795400436611733 0.00815745904629141 0.130280409280899 0.0193612247790983 0.147129318035624
0.0803094918446014 0.0724836619068465 0.130552483257457 0.102935560544418 0.129376765401341 0.108857059723153 0.112569043336936 0.103438167745065 0.0976102474484687 0.0618675187917137
0.122898399410814 0.010775318901342 0.0992354986419679 0.206241502033457 0.0150199614118329 0.137527882944973 0.0017889593108369 0.0267975213571311 0.171433342116097 0.208281613871548
0.135329712749409 0.0878989168295014 0.143259390145529 0.121629034677139 0.0135008316563402 0.0832861814693685 0.0739298727175147 0.166026716008495 0.0500703553123742 0.125068988434329
0.164286325240203 0.111337341370084 0.0433988839809058 0.0458731365756939 0.179584802013498 0.181245621939189 0.154608949353321 0.0273216613128344 0.0401442366072367 0.0521990416070344
0.0722172529362168 0.0653191736385724 0.0488813870110827 0.134578113630659 0.0740917631559165 0.160793430423693 0.161603369410209 0.0162038598825643 0.160322241902376 0.105989408008711
0.10679589983701 0.181588377552544 0.138787267419971 0.0453744418793663 0.0239291066093202 0.0676766665549214 0.0975089252711043 0.167974179036811 0.0115844659551323 0.158780669883819
0.0876005755463479 0.11382204269471 0.163852208359121 0.17725619998503 0.0160354458205432 0.0563225090420832 0.0519299664930782 0.161426341765035 0.155285111890899 0.0164695984031522
0.239771807530726 0.0545842221482768 0.0339917566014695 0.0736841661155821 0.00233990508444453 0.175461790587413 0.0876162433471113 0.170894728540309 0.0709532064488809 0.0907021735957861
0.162657185800317 0.0785939140071559 0.180936101841913 0.177493130546664 0.177052604799228 0.0283926413583933 0.0421923152123177 0.00318199423315985 0.0129224691713592 0.136577643029491
0.160966478915973 0.128079849267958 0.0805200332256947 0.166213368600586 0.0226076119286951 0.0308364434596376 0.13671279376904 0.101875026465185 0.000627263279997001 0.171561131087233
0.101811041613417 0.0101011468001818 0.134626754712341 0.160042557570115 0.120294276421546 0.156426192408447 0.0648042986458849 0.00359237937738477 0.133971214816465 0.114330137634218
0.0809277691380214 0.0806851460139309 0.184285327573811 0.0740030299909475 0.0172882848944268 0.157825459563559 0.0999640356810953 0.05259809415985 0.122545189606957 0.129877663377401
0.0859375517460267 0.198595035414057 0.0838582875620421 0.0460078969527664 0.0118600974974537 0.213882731892276 0.203534570117816 0.0263873391227236 0.0622868152745756 0.0676496744202635
0.0547933524507169 0.0570297734783997 0.154883678267878 0.0591554750741628 0.0817844240609715 0.160869247585145 0.0801229545002662 0.137639582466848 0.107820577857138 0.105900934258473
0.0827700334119216 0.0421781168852289 0.0371457616486256 0.190242369565829 0.0088524972245333 0.060018513446511 0.150047258371678 0.142543128371888 0.194457212874398 0.0917451081993868
0.162755041346121 0.135833110631973 0.111820914682175 0.0907086226580011 0.106071648060085 0.154415523218419 0.0710544308792267 0.0221884960939215 0.05678415733754 0.088368055092538
0.082627470987485 0.0216176573539043 0.00292970959852101 0.234664455012806 0.190729775677908 0.0193731374141881 0.145248410381437 0.0808965018140624 0.192238734617331 0.029674147142358
0.103150094700025 0.0761789537440943 0.139396568479157 0.0284743461072253 0.050788724118449 0.160429907563026 0.0355365998301291 0.133339227069939 0.111884071692339 0.160821506695616
0.0765247707736531 0.0279262163107261 0.199465441830202 0.0194175957334226 0.0842591060110763 0.0648348282851362 0.0497913886034477 0.137205804642377 0.206314886396619 0.13425996141334
0.149679574300816 0.0974520594593009 0.00933909522725514 0.033919939810102 0.0981407694747556 0.139419376236084 0.158671294345997 0.115210476300049 0.168890912163839 0.0292765026818019
0.23645847121434 0.0192964115289919 0.0674420041975582 0.193057504245827 0.0256909701744989 0.157241275470295 0.0376420332221847 0.0932389433493789 0.1488232520132 0.0211091345837265
0.0524076032845472 0.104535680202322 0.0139464332292895 0.0979176885922918 0.0478554218327826 0.160953932802268 0.136918439565587 0.126599032792196 0.122059663085085 0.136806104613631
0.0398508271726149 0.0882536965421646 0.0592254532744207 0.0443776377019748 0.193375951742908 0.113479321606383 0.024897971454868 0.149774899588707 0.0572355902298548 0.229528650686104
0.108700723862525 0.0372087873898689 0.121962996660296 0.179423702116973 0.171436488503103 0.0247961844257578 0.065930542491781 0.123932566557661 0.0418164030157627 0.124791604976271
0.133439509244278 0.0219504471350052 0.131608471069487 0.121755787728104 0.18058288810283 0.0596590584834406 0.10763746176229 0.137359513576681 0.0416176897330875 0.0643891731647981
0.125652428095507 0.0223095410718274 0.118579417423233 0.172656889887502 0.055089839166981 0.0345478979195309 0.172246464568653 0.136801342375358 0.0703202202278485 0.09179595926356
0.111357888306717 0.0538275389359678 0.0682170444025438 0.110031676033212 0.173077583052714 0.163778317112903 0.0706807193232554 0.157697521806629 0.0232627100875869 0.0680690009384703
0.133265160176838 0.128773836495844 0.0357172558651704 0.125138005681901 0.0714238707676113 0.1134803497107 0.156765658876357 0.0999395021312021 0.108156702372774 0.0273396579216017
0.0617121792537182 0.0960751900283241 0.077861024515093 0.173155965542381 0.0510171355249339 0.130348341354819 0.116429825166683 0.00850135189076147 0.128022878685564 0.156876108037722
0.0456384384742637 0.0587329036932511 0.0640033606603154 0.0599294263486014 0.187485755455781 0.10937352024328 0.0424565908473811 0.18895992542771 0.167918012734377 0.0755020661150392
0.187492312646372 0.0146092060127388 0.170700476766215 0.0289153646620411 0.160940036880152 0.20652599031697 0.0625518175910882 0.00133438824759159 0.0484279582891018 0.118502448587729
0.222547612879034 0.146628128141422 0.0744552488595575 0.0283820668520004 0.164673946655378 0.0543697950224205 0.124415835728146 0.0914604744207563 0.0234783842128624 0.0695885072284226
0.0642137038161054 0.106130519229657 0.209567786137914 0.11918816754014 0.124651195370904 0.0076371320747113 0.078391200653134 0.0675829624140011 0.148372992350195 0.0742643404132387
0.0951119151036151 0.0432610668028525 0.053548996335094 0.170247167973016 0.0940703259968724 0.0751023759320307 0.144136191430009 0.165798196450849 0.111744036148921 0.0469797278267405
0.100618059621496 0.0418484039673457 0.131575855657274 0.161670726088323 0.0854139170304678 0.115725069182408 0.105489093004701 0.0957005367939323 0.0676219945783735 0.0943363440756792
0.0909969015059046 0.0247953383130832 0.119530009249145 0.158624791229827 0.133243516167289 0.0860514909917963 0.14302475185946 0.0500824245986242 0.10709225469271 0.0865585213921619
0.0731021121537056 0.180265368377446 0.029756896973965 0.0209006019131994 0.127169086088551 0.171059880604669 0.156152061687174 0.0655556272295846 0.0153789382511919 0.160659426720514
0.0586675951491848 0.0796650503619074 0.172425132608506 0.0613050715395456 0.0973377287946513 0.17139907629314 0.179644590036156 0.0156792027218464 0.137318879071347 0.0265576734237151
0.151527468733347 0.0692124307487675 0.101626608190588 0.0584979876955422 0.133524129415747 0.0712430111115823 0.142450327486733 0.145028101447987 0.0579709888583536 0.0689189463113522
0.0204684998767036 0.074645893956583 0.119981558003383 0.201562652648153 0.0713303815873009 0.0872538526265936 0.240600348106171 0.0388117918811386 0.0992556256372644 0.0460893956767083
0.0591180348926988 0.00789772261280922 0.00466301013680897 0.121180303035505 0.11331543982208 0.133284516884407 0.21646228146584 0.0137359108134999 0.110233492193162 0.22010928814319
0.11239980890386 0.107374863081811 0.120974587330822 0.0898967528953732 0.164181996844465 0.0626186919923881 0.0928186157088271 0.142655086196834 0.0689991739792903 0.0380804230663301
0.0377167708502721 0.108956070081744 0.254176936376236 0.102529969262814 0.0084727928417756 0.126499089351412 0.0431500074946698 0.0256865152881313 0.0590651530894254 0.233746695363521
0.0184229519170617 0.070017766007633 0.209256213622321 0.0212832437916657 0.0768567708003742 0.0857574411354801 0.107087411171019 0.143242797315294 0.228783829707042 0.0392915745321096
0.152841408509946 0.0968112146168579 0.0497342076525156 0.00540418755746044 0.15503548269377 0.116909150616306 0.174328189909196 0.11253773410525 0.00552299749532963 0.130875426843369
0.0148701575651146 0.182645376358227 0.105764522015113 0.107054571975342 0.12577218443019 0.0161072124698159 0.140151225017696 0.0864309938566222 0.142228953254635 0.0789748030572448
0.0908451694151465 0.155300590299627 0.196688645421347 0.0156995753685384 0.0299138427503581 0.0417638381458623 0.185222651163378 0.104552876526601 0.160198646691247 0.0198141642178949
0.0872602220861072 0.165227025556564 0.0818554787964385 0.136399053354506 0.171891106709264 0.0339836248600804 0.0151481964208472 0.163847857025968 0.103709079189277 0.0406783560009471
0.0652837645635224 0.172952280037265 0.0354485926008022 0.0805118027826994 0.0783497033876663 0.181343405978853 0.10751410374917 0.165689950415924 0.0902491832751007 0.0226572132089969
0.0890715688856548 0.0309921392888492 0.138651069563233 0.115082795074217 0.095684154464775 0.0723321867381601 0.142277754169532 0.108121188601099 0.0437168735664097 0.16407026964807
0.112554257851896 0.144362256764517 0.0482352497219426 0.210393917772164 0.044987467539115 0.0657452640190394 0.150058464599092 0.066452855514778 0.0692315152611828 0.0879787509562736
0.143597187015102 0.0817288154317138 0.151225932421638 0.0230272679821921 0.0895257997848164 0.0910047615748684 0.0697829931608004 0.170253854394452 0.144031677469243 0.0358217107651742
0.111956079751931 0.0843278974393117 0.0800592525292693 0.0762909476347552 0.112556450152266 0.0788197265614127 0.0568359740768849 0.165026199724564 0.074495456855802 0.159632015273804
0.0222482752689558 0.101166791707807 0.128901094690257 0.0879742974673516 0.142494155138571 0.0473037866782064 0.131033627381857 0.181873411000406 0.115906354133288 0.0410982065333005
0.204283259173765 0.0476328795397474 0.0522067494688265 0.0861766696942912 0.194341159867877 0.139163556332072 0.00943022627064565 0.102460635702368 0.0257019121321585 0.138602951818248
0.10969017037577 0.0777096744679005 0.187658050697898 0.00543569651107347 0.171908911165834 0.150851224764527 0.132528238732112 0.000123609687985323 0.0693015713812267 0.0947928522156733
0.0385568253815469 0.0567685052869257 0.160634569276841 0.127370094592343 0.122950286114552 0.0665134804275098 0.146712967449086 0.109780818940433 0.0508750341347374 0.119837418396026
0.0962778512053762 0.0524094119375795 0.0338354426846953 0.174210087623977 0.112824802997897 0.142766486004267 0.104912187552212 0.149255800167401 0.0391225032736419 0.0943854265529534
0.0666504535051752 0.0247595969616401 0.105914696737233 0.0752288493565093 0.0862884928219832 0.111407548620682 0.199093303324836 0.132105450643136 0.0937496673930788 0.104801940635727
0.0642983624706428 0.0740626788600267 0.179594889386527 0.0408991025139114 0.0501766854891011 0.189481894374786 0.086014828351678 0.0418520476898641 0.0890186177961287 0.184600893067334
0.128255899040458 0.124252220844429 0.0270021397441151 0.152325257264958 0.118922591710952 0.13517587523347 0.0173327848263331 0.067762341583196 0.0672135659493677 0.161757323802721
0.0199701025712208 0.185365032464393 0.00766273672091931 0.0866497986416728 0.141237707968835 0.163165622940553 0.193805616736282 0.0781006177441828 0.0541265205530499 0.0699162436588918
0.219503717537958 0.0443350269819033 0.125293716981073 0.101901061623783 0.0126600460616139 0.223167988965657 0.132263943139976 0.00492889879443221 0.0202112330943323 0.115734366819271
0.175177246427909 0.0505919017599549 0.150417698765522 0.00163904579768134 0.0857632799773189 0.2024395003938 0.0572613017946166 0.0980052127784741 0.0791450660968651 0.0995597462078577
0.0170894560019772 0.162614161523031 0.142855966557349 0.104894413769231 0.045990191347367 0.104675463660879 0.0905152048807267 0.075855805492184 0.173893678966683 0.081615657800572
0.0754491872602577 0.0198695237072377 0.113333825862933 0.0377731884557039 0.131427121487579 0.0804486068825001 0.118923286329194 0.1139993014705 0.158880445831069 0.149895512713026
0.0775155703342122 0.109689941860937 0.191357619692927 0.0286568271286381 0.0573449878186181 0.0836204364474054 0.055458226746477 0.140239022356871 0.110110546879785 0.146006820734129
0.0202096746581534 0.0625841530248775 0.0767817649295803 0.0773210601097132 0.0502253271708149 0.169594483387753 0.150608680464873 0.0966700867266431 0.246791016551908 0.0492137529756831
0.100065359506982 0.101438310585952 0.0771687572862466 0.168570947415688 0.103035144782587 0.0267069663220039 0.0452190573304823 0.150652644224873 0.1430328070835 0.0841100054616864
0.119828442054332 0.135893813537773 0.118391314041567 0.0174903128637126 0.0893780010560146 0.10764843062481 0.0597826588713576 0.0396416541781785 0.164604291414939 0.147341081357315
0.0645092899533805 0.0672844931997467 0.03513691968944 0.0438831830614147 0.142770727831537 0.228717561803695 0.0321197305477362 0.200249064153102 0.18283170827981 0.00249732148013742
0.0300433977388822 0.0948284342390443 0.127078603462604 0.160936187730734 0.116677424432913 0.0325546399594421 0.151171480389969 0.0614747397098254 0.0712199578669347 0.154015134469651
0.109286613437362 0.155544513405323 0.0173113407270121 0.156768776343066 0.187346099221263 0.080424264505706 0.0133918053879156 0.0583443590932655 0.0268999046231382 0.194682323255948
0.00711044438506518 0.166288757508701 0.00203081018938309 0.118083583051969 0.0487474161143329 0.162132484353009 0.119346238609553 0.0699992569068645 0.135781634973697 0.170479373907427
0.0765059281169044 0.0433806064089703 0.138178289160939 0.148226400129412 0.148064161988185 0.0105422141920964 0.100124933660835 0.098760066572769 0.11602966682245 0.120187732947439
0.1069735421485 0.153706215567617 0.138204338416724 0.0107335499141391 0.0975981952018553 0.159301056245462 0.0397375950117786 0.0555384527975801 0.147336661789803 0.0908703929065406
0.121059581305953 0.137230262889429 0.00288247573168286 0.0475381773022842 0.186634633889997 0.0518268069711666 0.131843186674729 0.112594361544561 0.127814096559521 0.0805764171306764
0.0960884831842964 0.153205328323297 0.00895731179949037 0.156512131303073 0.105895388379205 0.132760237005398 0.0754624330974227 0.0667498091972896 0.108659577588735 0.0957093001217935
0.0668877813757801 0.0354107777142447 0.0456148474825697 0.203214963288479 0.00877008803441317 0.18825034311076 0.12221434354136 0.150665876201674 0.136548591098948 0.0424223881517726
0.139326284639056 0.122358636763053 0.132608324122235 0.132002826411524 0.0987549253079556 0.0751479491376985 0.131458302567532 0.00817704736602827 0.10496894973906 0.0551967539458573
0.00887878518085573 0.0924029777515231 0.142631896335252 0.0215123716665146 0.127571011900431 0.215310207873719 0.0453114706082599 0.0856887171951036 0.0854093093745719 0.175283252113769
0.0975774223627322 0.156410039484832 0.0969465662992059 0.166124898098058 0.15736522668609 0.0238671775087283 0.106706973204452 0.0075407996290117 0.0904133787894255 0.097047517937465
0.114636182701621 0.106137040110396 0.106799757915711 0.0476730483770254 0.0654380568101609 0.0798288711593936 0.00632317948288539 0.149173124338089 0.137390989578255 0.186599749526462
0.0763612668986669 0.0464517876533984 0.144144294019011 0.046604135067144 0.110632236639762 0.13483201795108 0.0527931777881142 0.127400186466183 0.140208930223041 0.1205719672936
0.140011850049383 0.154786644227232 0.171395283044495 0.0814419418512357 3.0882917495285e-07 0.0327738622042121 0.0436064725315796 0.124354964749046 0.185531390871486 0.0660972816421554
0.103980585293136 0.13080598603964 0.148894939211214 0.124701123492407 0.100821023221319 0.100992847585545 0.0391803731492941 0.103228624092029 0.118338139361629 0.0290563585537866
0.0505101486931409 0.18727739778498 0.0753698995662684 0.00863251797185799 0.173793123574519 0.0202977315177251 0.03346781771405 0.20954794515862 0.0942454290591589 0.14685798895968
0.034589074287818 0.109330940624952 0.0435302878687176 0.0579306507769213 0.145086801542484 0.0864468313715497 0.151172296641787 0.078459546010107 0.136214869045756 0.157238701829907
0.0547819570158263 0.167898790323473 0.0117838455347773 0.207703918209915 0.153254582817345 0.0145337592863961 0.162668898180941 0.0352697116665206 0.165785167644559 0.0263193693202458
0.149126637042266 0.158613183784321 0.0183512906664327 0.0961341941185756 0.0403179890135404 0.00166159937179118 0.18300277966788 0.203015707787529 0.0812788259603651 0.0684977925873003
