0.118263882478856 0.126096671551251 0.0069197835016393 0.268222227819765 0.236172028081502 0.0463885099592011 0.0874512070809966 0.11048568952679
0.119727278927246 0.197981793266695 0.0609835414217057 0.0489755981354273 0.113243689017272 0.17244575533053 0.222414853433806 0.0642274904673184
0.117255266066082 0.00925435418387538 0.112162281613991 0.198033133262432 0.0282745968156739 0.173213591679532 0.201695776095851 0.160111000282563
0.201278976481821 0.0121342196941797 0.249544482966903 0.00536058293065543 0.192480939952786 0.0843692416055186 0.24180616599484 0.0130253903732959
0.18087751869566 0.079173447597287 0.0719252167681972 0.0632848841889515 0.225526189070295 0.0904550781111465 0.155906937453248 0.132850728115214
0.0785843869358419 0.155127642808672 0.130747005388138 0.151716185654733 0.0379391984122667 0.0394673977226789 0.162395157633302 0.244023025444366
0.160117993940867 0.201147862705749 0.279285547786542 0.0564183376979562 0.0171424004182912 0.0392741909371937 0.107726482992064 0.138887183521336
0.233376720663717 0.111737318332445 0.190422281774795 0.0589086332730206 0.316062306671486 0.0506276476455964 0.00770994992112624 0.0311551417178132
0.0339214216084916 0.120628529345951 0.120626749120321 0.142329717914872 0.0950736470937165 0.171027578688626 0.176616200087937 0.139776156140085
0.0516487189127033 0.0965786297818017 0.126837423070544 0.0926428287930657 0.299031417504543 0.0800734351225619 0.149270575899874 0.103916970914906
0.171491604496548 0.116310983875786 0.138830394267984 0.194614951976449 0.0134401019582977 0.201655523372326 0.0831006995885901 0.0805557404640184
0.116597093712017 0.0130504881916551 0.0893153055036235 0.187531187645636 0.00907213903381266 0.127240764868595 0.226174722362403 0.231018298682258
0.0512247117614673 0.0717357955674288 0.0594987265498587 0.110288210958396 0.212934054463554 0.214299630695822 0.175479004309547 0.104539865693927
0.0773077969471815 0.132056212495118 0.245645751725315 0.14020477803927 0.205649200703554 0.0851628731535689 0.017566886593385 0.0964065003426081
0.144852192007885 0.222607009737729 0.0374170633578292 0.0657564870588615 0.159902110073182 0.250678163280121 0.0452577568694317 0.0735292176149592
0.0706930276586676 0.0876802430320712 0.155100277839135 0.0972979365374819 0.204229031877521 0.173204510924239 0.0885723044317034 0.123222667699182
0.146499716711357 0.193358028916502 0.0668020483170208 0.021279474670864 0.198745388343384 0.134026582586518 0.198784267850721 0.0405044926036321
0.161862509576889 0.0739490362783149 0.209219784617629 0.143837408177621 0.0115612010371154 0.0815333053904402 0.133380380326354 0.184656374595636
0.147401298541944 0.177642606839751 0.0498693929391784 0.12239596206082 0.22787721911885 0.0464932750920059 0.190993967262576 0.0373262781448754
0.162904709640841 0.115799537332696 0.0942420067033534 0.0517366316538767 0.117105297945781 0.112164947493501 0.255461476155498 0.0905853930744522
0.06572976563924 0.0528236288026869 0.0391742160026796 0.288453532923252 0.0945349358132526 0.188691342227889 0.0860901292999464 0.184502449291053
0.191761303911628 0.179787211581115 0.205922337423081 0.0770518682606098 0.0401967560388152 0.103957411893403 0.0919485802567915 0.109374530634556
0.257397331334901 0.268380188403509 0.124846331709388 0.00673536557891401 0.069184154997992 0.139990550273075 0.05867614025375 0.0747899374484722
0.0738294063885408 0.0719688984374723 0.166257368890529 0.198426932703888 0.130085606343604 0.110245777609716 0.0847696849218177 0.164416324704433
0.00541890291781664 0.0177221986490826 0.110853737609284 0.190427611861696 0.0543316168343266 0.216881822507273 0.218515230341067 0.185848879279455
0.0971338327600941 0.200905052925903 0.0316843752497697 0.0197656358882351 0.0575855537664517 0.111712913240132 0.142992843315399 0.338219792854015
0.183219052096593 0.101424585983479 0.240323388450955 0.105315890852865 0.0970664840102772 0.00691600754498812 0.160898887806867 0.104835703253977
0.0703227510962004 0.156395176656648 0.17943656362302 0.187074419342708 0.243527341700145 0.0712949376122625 0.0759113652179928 0.0160374447510229
0.084607262065945 0.104738682237806 0.0354664571486129 0.0973225489366764 0.0671963474707015 0.293736945840725 0.00839887947117131 0.308532876828362
0.0646234676435479 0.10754142912071 0.0440508233347302 0.0841185988053561 0.0648115665811708 0.173169139353925 0.226588298578361 0.235096676582199
0.218998737316788 0.0431439728575226 0.121095561938071 0.0242325294261639 0.0370446895103304 0.284335687319453 0.222923637263861 0.0482251843678103
0.222186143348977 0.0305660540078515 0.0953095058149404 0.289620915414063 0.0392331346902405 0.0370030693361596 0.132988823916649 0.153092353471119
0.17618152804194 0.0397796499230087 0.13002425018862 0.196594635648123 0.21056035296811 0.170037621940537 0.0579105532097677 0.0189114080798923
0.0832150987131176 0.116985833652509 0.147049450776979 0.210933996329177 0.0520199661765103 0.120856862976453 0.132288764869461 0.136650026505793
0.083008082223976 0.0263542597821661 0.380618432492585 0.29096053025547 0.037953229373972 0.117649215516315 0.0607797148796273 0.00267653547588908
0.170163765557777 0.178400582017304 0.208021853701892 0.0306084144880844 0.215415568007504 0.0331056927648106 0.064433821972446 0.0998503014901817
0.156897790158028 0.0185787788999231 0.140283198452056 0.265541532176987 0.216070210483008 0.0170928394090406 0.172464560902824 0.0130710895181344
0.109798504082587 0.0520939525810086 0.0369562763664846 0.0735360185356705 0.221577686187329 0.107076135410141 0.201730229885512 0.197231196951268
0.1752344994909 0.0260348681879827 0.17787813939721 0.0284858270280316 0.180640736160376 0.123391735956909 0.110163661672065 0.178170532106526
0.076721803155024 0.0713309670330758 0.211717007888547 0.210542810318353 0.136422017320389 0.0804185353627802 0.133987690582217 0.0788591683396142
0.0671249334123495 0.00139976422706015 0.146652627272482 0.0417912670469138 0.255201139785945 0.167162765831779 0.174226176114793 0.146441326308677
0.174310140800215 0.208213292950985 0.0363557949298858 0.135236159170436 0.0455157323829346 0.256802263772131 0.123889080345743 0.019677535647669
0.0367677646264901 0.219394168272472 0.145902786948696 0.306015925490283 0.0187011561295203 0.0468246053996374 0.020820549743694 0.205573043389206
0.0891708056392324 0.0934721262812711 0.0464616452151653 0.165754112142183 0.164395185517587 0.11333617156435 0.14968674127949 0.17772321236072
0.0441341514939706 0.16107198673715 0.239720159202689 0.150280642233226 0.0516008287606596 0.227189160960968 0.0335974768017012 0.0924055938096361
0.187379518338894 0.113826031639296 0.193798182573721 0.155037278376042 0.0878325098687603 0.0234699076775529 0.1761948784728 0.0624616930529341
0.0740782717176822 0.149429510438149 0.0747032700777787 0.224595459298087 0.171837433360276 0.0762197759727598 0.0826961698876723 0.146440109247596
0.192678713293108 0.0563326088244334 0.0902253940452992 0.0253707997848867 0.145737679703224 0.111598662623708 0.0510612759065847 0.326994865818756
0.00427595258597548 0.0592128695176097 0.249953803420931 0.179672046725284 0.0491787964272761 0.219153987030612 0.11954651075883 0.119006033533482
0.119658250409779 0.315218159764569 0.187730735139815 0.0538166615387819 0.0111113912821211 0.0149242272457676 0.173403029616719 0.124137545002448
0.127090576722122 0.29328161254016 0.0494083541628017 0.0678893747413353 0.235276119020481 0.0500737532315462 0.0953898052874063 0.0815904042941473
0.0585480473822748 0.167337420014648 0.0887158476254782 0.0736666501773179 0.188038351106406 0.0845227675229168 0.148698230238955 0.190472685932003
0.0484145152920466 0.108718979239253 0.238434229149455 0.0309906084443921 0.231897581748553 0.0904885082000487 0.179898076920395 0.0711575010058568
0.186719809246311 0.110586158840401 0.0629928580458244 0.00349971326713693 0.146065386304803 0.0542062521941738 0.179968302545198 0.255961519556151
0.1824246857378 0.0901792625378096 0.198584384756402 0.124288777444077 0.0195457687083708 0.0801390924689744 0.167374728619221 0.137463299727346
0.199225474148188 0.102003096929394 0.099335536918272 0.200384642681156 0.118476037582763 0.105538255101256 0.12808963642069 0.0469473202182809
0.191498668579146 0.225237512100639 0.141752011658726 0.126352371171635 0.0297063727700174 0.0338105166124187 0.131008528257257 0.120634018850162
0.114219076708 0.118330937995465 0.178855728909366 0.132332673985096 0.104219484283204 0.102646721907954 0.178107873027426 0.0712875031834887
0.251727666415964 0.0846516804337442 0.0103118022759687 0.0547386802847175 0.0196169575287044 0.330781073656037 0.228957952016272 0.0192141873885935
0.0678150807372953 0.274051231405106 0.228614770488894 0.00302895989025166 0.0604821152277899 0.197450441519209 0.158926514267867 0.00963088646358689
0.097379839763417 0.123328885310134 0.0582258513005485 0.135575663335542 0.0726856310668503 0.0667082007919378 0.207799221577374 0.238296706854196
0.114533119846895 0.15815402710916 0.0832639476055882 0.121056482745753 0.0194003498967885 0.169368460776657 0.187763567492552 0.146460044526607
0.21896331856323 0.232111677046536 0.0341137364305215 0.0706149755550322 0.175595259497955 0.00622405676938417 0.0858621981174041 0.176514778019937
0.179904724491047 0.193958739340275 0.109054572349473 0.133804754092389 0.140755959167718 0.0619736964682138 0.169493942252177 0.0110536118387084
0.149631729144245 0.030119420096595 0.191454178478464 0.0625695264475802 0.199566576444286 0.109776680924386 0.231062935406883 0.0258189530575614
0.260548684253688 0.0249572133751654 0.337490781828154 0.0577532556348576 0.159771685114766 0.0931553461156307 0.0456445659480051 0.0206784677297327
0.0823933256848638 0.0955138748142738 0.0905726214916068 0.175355759248956 0.171670737137048 0.149581287076708 0.150646588083784 0.0842658064627591
0.176834045099874 0.0188503946495093 0.119596183754002 0.00916247965388105 0.273959814277457 0.0251433033724764 0.157215400163485 0.219238379029315
0.106958919749521 0.011521659949657 0.179719982655132 0.139563161913134 0.175550383406765 0.157308449466119 0.163599456463767 0.0657779863959049
0.129464535378715 0.193420941522125 0.198097726527087 0.164395824432619 0.0869951583395953 0.0573625237936982 0.0808396723591183 0.0894236176470426
0.196596918371118 0.18090925341074 0.0400991434424938 0.0757067384084847 0.246759066997552 0.0720610948271299 0.178926823859906 0.00894096068257649
0.185141929897288 0.139103096660863 0.228391150378931 0.194761557922882 0.0990653622110065 0.10616164173644 0.01823692097307 0.0291383402195205
0.0523791125021346 0.178160385089041 0.247128658694098 0.192905685388079 0.112727237409371 0.0725904352554594 0.058391414261155 0.0857170714006617
0.0166722293768255 0.138271749964127 0.115988117305324 0.112107263447193 0.207714648099741 0.0195394867678914 0.213673459015437 0.176033046023462
0.182957053924532 0.190445884316557 0.0760705205113758 0.192999202691255 0.14140176327877 0.00758979857589923 0.135535387233394 0.0730003894682172
0.087079684090975 0.0584275938547511 0.201268176736715 0.00873487711009946 0.0911440419070179 0.108822932579792 0.143419802610686 0.301102891109964
0.000139617270042125 0.148086093066798 0.107096195352564 0.146712609698966 0.174029399131363 0.183386112976233 0.0906375647349373 0.149912407769097
0.136911784911244 0.0719778486629403 0.197517496326279 0.0489887707340661 0.30903094688362 0.134450073158135 0.0350554200666387 0.0660676592570772
0.199360377862761 0.0012405085287223 0.0753724452223637 0.0677462359190755 0.0640799303831491 0.199429744168865 0.205663125554338 0.187107632360725
0.20582880298231 0.0213712846674406 0.0909933539568887 0.122513456646429 0.0293608581564005 0.204060198917369 0.165249805393361 0.160622239279801
0.141200146395247 0.19920600568821 0.0539599866983541 0.143287016287592 0.0735133169734227 0.149766312423317 0.0798556761856605 0.159211539348197
0.121904143341575 0.157750795677832 0.051421377586337 0.0809157773327249 0.190337759729425 0.216202017889464 0.0075215125450729 0.17394661589757
0.161168936989531 0.217705549170902 0.0135076931600598 0.117627077629135 0.000974490737395547 0.159964608267421 0.267981639203098 0.0610700048424575
0.116584759298397 0.0121523764350137 0.159503609040233 0.0903399354771447 0.28542694683711 0.030621588305146 0.0293778347229249 0.275992949884031
0.0163224824657176 0.0568522894888898 0.207162280681667 0.107816777748057 0.140339731295994 0.149836801538314 0.146928732465166 0.174740904316195
0.139482402780148 0.138012710694999 0.0565138414096055 0.0887109311850084 0.0684400019955992 0.157802584156575 0.122277335344958 0.228760192433108
0.124066028604522 0.131551324861986 0.139284436613251 0.102065274828186 0.11425482049982 0.159384848288869 0.0884700321282144 0.140923234175152
0.164242081307351 0.077389929249529 0.125644323439873 0.0277171254687022 0.177839584536871 0.179851494222634 0.128428574085662 0.118886887689377
0.0392421448112273 0.124393043361438 0.103023806488404 0.111538052441746 0.190535926446201 0.185823930910532 0.0861698669119751 0.159273228628476
0.0658881387757164 0.325999304728206 0.0340891736230064 0.114063707507742 0.019021268237752 0.20648074045712 0.175252961954513 0.059204704715944
0.0661684735886392 0.215088187312473 0.21989402154179 0.0143184236021427 0.201270139172011 0.0386045351996157 0.212370457522618 0.0322857620607109
0.217531225120093 0.124521956406451 0.259470969356607 0.0451902878745978 0.00667696078785169 0.131077453925817 0.137121686679816 0.0784094598487664
0.0577614739614761 0.0604304936514131 0.205264048135165 0.0527158233098169 0.221441321008352 0.220856576857394 0.063893858723428 0.117636404352955
0.0521643191900713 0.108586647203166 0.187424599501859 0.241250700110088 0.0887463260381671 0.102182277941288 0.185610609130185 0.0340345208851762
0.0351858658012913 0.144287778164961 0.170482198693993 0.207489582134692 0.131182302621203 0.119553723654298 0.178689004608097 0.0131295443214644
0.126328258278319 0.190789110813692 0.329833639988149 0.0686319046013004 0.00302799207828391 0.068880060401101 0.183447665454762 0.0290613683843926
0.229506955952041 0.185792370924473 0.0597834121272988 0.0577739549747333 0.02402399480964 0.150130364992159 0.23089186897338 0.0620970772462743
0.0567467588335683 0.119054105769874 0.149772910612875 0.204411013273604 0.024898434942522 0.081271500859687 0.11619753569474 0.24764774001313
0.0958553017077489 0.154549918613847 0.106971830864116 0.0431905057340104 0.0110265170108733 0.203075828639501 0.199365852641043 0.18596424478886
0.0552722898254006 0.0977179806537684 0.163305566950907 0.0967008567235209 0.156590841769454 0.0718067158412038 0.13736869591126 0.221237052324486
0.0940273638126284 0.022674182265888 0.217706846071343 0.0351708262385726 0.197048896841063 0.153077352822233 0.081165624803592 0.199128907144681
0.18048358736685 0.0971061531239407 0.102974684630643 0.176975639677375 0.144103505707819 0.0589440261490871 0.173220327340015 0.0661920760042695
0.157689763019177 0.0839393649127746 0.0457510693964929 0.113044921838494 0.208286745738161 0.015130866149555 0.0971956963841395 0.278961572561206
0.0258543587186202 0.111520792759385 0.114936417157577 0.105440157132105 0.179101581007881 0.0943677205399156 0.0889033555397812 0.279875617144735
0.058153161422557 0.0772137013543073 0.0550562439542974 0.185109580320044 0.162672595856119 0.124543635671872 0.163374918659178 0.173876162761626
0.102319898252778 0.0317714416156175 0.102549928447988 0.170372472772471 0.0886980614964744 0.303480807461904 0.148607170278776 0.0522002196739906
0.138647640250399 0.166468581597157 0.0186499201828148 0.128109749599167 0.234039265803982 0.0656728256532104 0.224302282080331 0.0241097348329382
0.0207885716965208 0.115525130205072 0.153439996631657 0.0473654275591447 0.190461860433911 0.225302009919148 0.139621585077121 0.107495418477425
0.119888468033929 0.175700853597149 0.127016023775607 0.0628352465688799 0.113040056855197 0.0887103208856782 0.151076292878044 0.161732737405516
0.231156977513065 0.0730333791618518 0.110352257091927 0.0116860947150621 0.0525171521334649 0.114831125025178 0.206127083213262 0.200295931146189
0.145533481054279 0.13567158025399 0.0954884685546087 0.0491268587810019 0.140447888348384 0.155518144491669 0.127383859201484 0.150829719314584
0.0992400168550924 0.00919273787277293 0.200383972205692 0.0758198919998247 0.210291296854401 0.177246859491098 0.0495921803184387 0.178233044402681
0.213013135829175 0.22584456462578 0.0506280351855351 0.0163544456810972 0.0828578221991021 0.210089924302228 0.129406818514564 0.0718052536625185
0.0838963779019146 0.113509003926923 0.123109145153162 0.198412872551319 0.187728822444793 0.196054826978068 0.0489417700185789 0.0483471810252416
0.0381906279219062 0.169678475707553 0.184144164253422 0.111006413658341 0.180076905663379 0.0216413637702636 0.113789338011094 0.181472711014041
0.156104009054495 0.0163270294688679 0.297018741621558 0.0428215223308274 0.0753412683637272 0.10480654878054 0.0221232813445521 0.285457599035432
0.266457030859514 0.0846136863763463 0.0579080333011495 0.0173991798177668 0.158612296962367 0.241315950469695 0.069842141738787 0.103851680474373
0.0492176330720136 0.0601058839451616 0.21141029905414 0.173428139700023 0.230192259985425 0.0120965260800459 0.110279540010627 0.153269718152563
0.137418965415493 0.12376332645802 0.25002471492381 0.0297170963552217 0.103880042933923 0.241542270558618 0.109539902121017 0.00411368123389752
0.256975475004447 0.0826937313077781 0.0958395160189702 0.146753483727708 0.0110149261906649 0.0308057582781661 0.23582497872192 0.140092130750346
0.0751696539904892 0.172481989603092 0.0391930158244226 0.18773794895546 0.178009715977601 0.151283292304351 0.0587184137225854 0.137405969621999
0.00706655569114991 0.0462033390747275 0.104759921296407 0.255708265237606 0.137173747653137 0.100048878275833 0.144762519694003 0.204276773077137
0.15476754010264 0.153667668397889 0.120348738790582 0.140862127187115 0.0794735009176133 0.074261050742054 0.105462091862577 0.171157281999529
0.237560240367917 0.0844950822572347 0.161039957602832 0.00663422757337001 0.223819213955027 0.0418665789932816 0.166086306487575 0.0784983927627621
0.027001569288999 0.171000779481177 0.16114514403593 0.160298278170939 0.154477794876549 0.184301494732033 0.107769819798217 0.0340051196161563
0.105215249783063 0.0980646485254911 0.172173857822258 0.0113962919367828 0.238176593853835 0.244212810460097 0.0241783037571396 0.106582243861334
0.210287518263834 0.173333283445127 0.04833719171758 0.0655805315552177 0.112077049675838 0.152229081733917 0.211016132000924 0.0271392116075616
0.0319679947926439 0.167397733879893 0.157049551219227 0.129559043404015 0.129184929601593 0.125077966473253 0.0755245267979489 0.184238253831427
0.0377416831331595 0.186212130966322 0.0954368308249324 0.0070351689714066 0.20499673836181 0.099702278761097 0.172633994390356 0.196241174590917
0.0933989598461019 0.174479023447053 0.104785004770586 0.199400447992408 0.176511775716082 0.0400043534078547 0.00254638866586162 0.208874046154053
0.122707211507368 0.196866966714493 0.00963770794816197 0.169647359540427 0.0819495390273354 0.19909215260636 0.119582216683778 0.100516845972076
0.13675130500856 0.163172362742858 0.0741295436312134 0.0769556014749524 0.0662670156761688 0.209467137074074 0.0395656852184426 0.233691349173731
0.0252381193312704 0.026637454236039 0.220196364667433 0.262358739743996 0.211187224235279 0.0455606117247616 0.00930364523638041 0.19951784082484
0.186679287976846 0.172968687995521 0.165008617908754 0.111008732982466 0.0410631186163594 0.196387318084579 0.101942374634799 0.0249418618006756
0.0481830921339583 0.101632350858835 0.0695515420192622 0.175769079723096 0.143044367225252 0.134777937489451 0.143637679655588 0.183403950894558
0.173202415969802 0.134066544087332 0.141570955830357 0.096121514291994 0.216535352452549 0.0133351087367368 0.116951980670576 0.108216127960653
0.0980261595315692 0.0524817287393021 0.0785729438793008 0.141525493223834 0.189185656187165 0.26293606154479 0.0608773160288456 0.116394640865193
0.109487120558287 0.00134087862231457 0.172679821003784 0.125972961812994 0.26193784958172 0.12583043613962 0.058371866125742 0.144379066155539
0.241939377368565 0.0920740430613544 0.292509052115529 0.119437423984809 0.0103517035114686 0.140750571962847 0.0133694464820793 0.0895683815133483
0.00764605074363069 0.243305158491346 0.11961791556617 0.135460230684285 0.117675207127761 0.23136975313188 0.00957723320903491 0.135348451045892
0.141719469090455 0.0848526328399538 0.0093702356164294 0.203580386746681 0.195997671943141 0.0542094592991175 0.250588126010907 0.0596820184533153
0.0462454429266961 0.0660632246574334 0.263094713898865 0.262212715880002 0.0361893515357939 0.26059273100843 0.0123375780432486 0.053264242049531
0.073117071058851 0.0583980798816031 0.201262850452535 0.0484168343910612 0.173898331204026 0.121531059226193 0.13767908000947 0.18569669377626
0.134610772792357 0.0696817918706203 0.107182062942956 0.0383116952722157 0.197915172968379 0.162677625199506 0.243341876244091 0.0462790027098753
0.097512465927603 0.176774294792477 0.0790220148356296 0.120704139808134 0.057713423035438 0.162770191644345 0.24177002364667 0.0637334463097033
0.0449752043201427 0.158065554578497 0.164673472327433 0.0595451266336962 0.145192429909701 0.105914696053184 0.24367786802355 0.0779556481537966
0.155897012586242 0.125257416974339 0.0583004916681045 0.0362311753473709 0.148362391615156 0.214452786272367 0.0996369678735373 0.161861757662884
0.100012012570639 0.124614071112902 0.231237048768427 0.045156410624306 0.19773403366301 0.232766858593536 0.0387254799209787 0.0297540847462014
0.0211557200613505 0.0246833431858496 0.0770095893618588 0.00563538986392375 0.134481381716395 0.168487159656261 0.32984273788029 0.238704678274072
0.166913627471669 0.0398708526809108 0.156181781271121 0.0699153363144823 0.153330183488887 0.2022243223296 0.0944952459154004 0.117068650527929
0.0831114133344925 0.0983235365313361 0.202564425628519 0.138750794532717 0.194247137661351 0.0787336416627419 0.157411947961501 0.0468571026873421
0.0456557844706071 0.0698763464104094 0.0218325902015886 0.198183362569277 0.0753731889848863 0.217185933544222 0.211286976377083 0.160605817441926
0.0862235556899584 0.162950139661515 0.162162009121059 0.163692987202902 0.0972616919537175 0.070384694701548 0.160761277601313 0.0965636440679869
0.045116115641935 0.243739976538496 0.038563026477567 0.113540378507602 0.0185377002740576 0.210606118548426 0.0422091669086496 0.287687517103267
0.112423643520866 0.0162205291622119 0.191619390787533 0.156481416026366 0.159910635061163 0.111788073025861 0.183979318235459 0.067576994180541
0.151315601195714 0.176420794919903 0.0408325219237663 0.144149178256693 0.168424589608545 0.141123098662373 0.0328443410125828 0.144889874420422
0.140692598741102 0.0113323175625495 0.147240812763835 0.169741011564239 0.151555369157147 0.170934448051374 0.115899509725399 0.0926039324343544
0.142725638844229 0.114124757328601 0.0783480760687362 0.150855541370497 0.230607349615043 0.109668849461433 0.143019876400296 0.0306499109111655
0.106179211061197 0.221860116279198 0.0578979473469856 0.164901869764199 0.0627753458314148 0.200110182905528 0.169295530422487 0.0169797963889901
0.00200531516337285 0.212038494956321 0.0221663469161742 0.0922560328138237 0.228105037748801 0.184928133429912 0.0198414069481471 0.238659232023449
0.0178415985596263 0.00739403240493133 0.175619350764209 0.137902339079484 0.0684529270402311 0.360192236586156 0.138232183071106 0.0943653324942572
0.0924576557939156 0.171529774462942 0.101341689495674 0.0975929849898095 0.0770444884589254 0.188225024678889 0.163522625297868 0.108285756821977
0.0916194950653536 0.146293352486004 0.106480089418269 0.186736232948382 0.122306797445979 0.00564809295356251 0.182163075904327 0.158752863778122
0.172303686518405 0.12886635689233 0.107740556209279 0.219207181417724 0.00876046756159834 0.125868866526944 0.118229110338093 0.119023774535627
0.0126350806663141 0.247208108641162 0.246208659976519 0.0784609285890831 0.214838801795209 0.123760722227579 0.0508829893967476 0.0260047087073853
0.0488254413113547 0.128350434643627 0.159345199529165 0.0475700137529212 0.106301620313759 0.202840631399906 0.241532011533348 0.0652346475159186
0.111742005640493 0.194681325005841 0.105598871940672 0.0640732743782988 0.112491499748726 0.176265110217157 0.102661893437238 0.132486019631574
0.158846011629367 0.243890489185943 0.186968825156944 0.230967793333965 0.00636016254231792 0.055900035086404 0.0316484752778284 0.0854182077872302
0.0819074671813078 0.041401845097224 0.0429050679644989 0.11088671322456 0.0162558433942812 0.095062381025053 0.283285716992369 0.328294965120706
0.0183196744028492 0.0139307277635765 0.240174026560612 0.138345439423755 0.212327223833961 0.144789308796207 0.226205524533185 0.00590807468585346
0.256465706466236 0.0106984544014758 0.0455011563310475 0.0716073838048005 0.0764652075421527 0.177040962405334 0.253842319866525 0.108378809182428
0.221026120507813 0.0155792237113611 0.0157835531804159 0.144631302439093 0.0607020064046834 0.210582572595187 0.164342447621238 0.167352773540208
0.052033400998586 0.237828059914777 0.00889310287851304 0.0501379888911457 0.235224761642223 0.169221144990528 0.232517898747293 0.0141436419369346
0.0427139373384581 0.123592295173233 0.283926189937869 0.244864517976111 0.140118556580928 0.00204899318780482 0.160423125231764 0.00231238457383184
0.0292630642496662 0.221441834249569 0.217614417754114 0.188576419034197 0.0649745625597043 0.171968741569778 0.0650655908351434 0.0410953697478278
0.165101445621403 0.19379717517583 0.253466280335021 0.0285565087507232 0.075266560414606 0.141809603755477 0.089513455469692 0.0524889704772478
0.187108445916195 0.0347261636896588 0.279560264532134 0.00570932801169151 0.168363359786591 0.195576782861433 0.00410442572349521 0.124851229478802
0.0125340335303227 0.304001456599857 0.131870202575935 0.105232889796853 0.101964145765891 0.00414581946238038 0.0607862615453806 0.279465190723381
0.20109544139308 0.149478573661942 0.0049525816424632 0.168115555126538 0.143848595796329 0.0498190730194114 0.173288643216907 0.109401536143331
0.105272605296052 0.164508038992264 0.0479974589857911 0.158009679816524 0.0966550654855626 0.159594804339047 0.107077840291639 0.16088450679312
0.13460463576484 0.039641389072088 0.215556623272542 0.119201126899416 0.0618645769388038 0.192605287847611 0.0755238151109848 0.161002545093715
0.157383119912494 0.157794630864252 0.116590679111539 0.17947977832389 0.0847148863265582 0.0760258473104459 0.0118298949949315 0.216181163155889
0.154091730365337 0.124504374204739 0.0269175685096302 0.155747637978794 0.236826936745555 0.00835825979018571 0.219479937810598 0.0740735545951606
0.121474988299619 0.181164827413047 0.109288855878042 0.171357056100758 0.0837038450616861 0.204053440757982 0.042935674120657 0.086021312368209
0.156541749438393 0.101233428139644 0.205078222513588 0.0632064834953395 0.0729846449013455 0.06420724570404 0.23911108988399 0.0976371359236608
0.0681744189431671 0.291887300730084 0.0565492779045382 0.238983325822389 0.292541839641943 0.00157824286077839 0.0377716563202962 0.0125139377768044
0.0703099810479596 0.0753494236221592 0.146421917436911 0.0189189881795678 0.0264728621731814 0.269061424860274 0.252654959779127 0.140810442900819
0.1426750075577 0.28855547669424 0.257940654177217 0.0427232223040767 0.0595269786707897 0.0307198632118465 0.0147286208400005 0.16313017654413
0.175773042143606 0.0367226061893377 0.0566226936062563 0.340695153492962 0.201681831462403 0.128585840251133 0.0378749058956826 0.0220439269586191
0.0418435550029453 0.10805780964802 0.0268801122340844 0.123524511961669 0.00347375975402985 0.260738031664422 0.258770251431698 0.176711968303132
0.134987975713117 0.0131381794974268 0.265134802931738 0.000543362854109211 0.231651321352952 0.0843265212777737 0.0134443432254342 0.256773493147449
0.0889606112201842 0.229004309247965 0.132189974519455 0.157308473158655 0.00456534622651905 0.169569963878332 0.0184020783401466 0.199999243408745
0.19186007422524 0.143487765980896 0.0474139901782363 0.115127893688671 0.148920225818575 0.110917166587119 0.0420100717388314 0.200262811782431
0.0775991497853898 0.245613684210659 0.026739300705045 0.146590870865269 0.17800172236223 0.0407984863226745 0.15197957085105 0.132677214897683
0.167412761802972 0.157948038883646 0.149457084282008 0.111684858756821 0.112591307168425 0.0692085495378396 0.207427909914458 0.0242694896538299
0.0476845935886839 0.124913270399249 0.227225314752738 0.0566326336414055 0.138888983491716 0.0266467976482702 0.222428175214237 0.155580231263701
0.0259968271832049 0.13374289368384 0.103559641690671 0.190128123875635 0.185654168198985 0.0608150616666582 0.181046666215378 0.119056617485628
0.181433777138876 0.129992292194555 0.150449401283653 0.0749446064202149 0.0825401462494813 0.171645429104211 0.0949863321480561 0.114008015460953
0.237377041052333 0.0313435592476027 0.0238424745541255 0.0179524419302749 0.228736887017827 0.150831971159306 0.0463959843344826 0.263519640704048
0.0767477542521036 0.173033758463747 0.138532544020114 0.179761600600289 0.0201172620412337 0.104212174460069 0.136342846927718 0.171252059234726
0.114364101278102 0.162744171119832 0.141632127476166 0.117919282175488 0.182507124202311 0.0713693339165279 0.00973939354789306 0.199724466283681
0.219874742924868 0.197305944427295 0.023804692025956 0.228550984514734 0.0915043603252919 0.000558898340137993 0.0161320396401166 0.2222683378016
0.081999347100925 0.150280229690299 0.16280970128842 0.0958417545465576 0.176746883536652 0.114705389199054 0.211242914743652 0.00637377989444113
0.0842384226173363 0.0530482478201367 0.152543418145107 0.116778284659602 0.14351980160077 0.167209718155849 0.105098285784169 0.177563821217031
0.00511938558274003 0.175429738798327 0.142010252806892 0.202346160856459 0.214000176533433 0.0196254727243531 0.0505051515843242 0.190963661113472
0.0739331030122778 0.000836643814912595 0.0612923384551163 0.0214753724459238 0.22137352629631 0.262223660211393 0.145783917821654 0.213081437942413
0.187202509204022 0.0149198073295912 0.205597452905049 0.0453233384187153 0.149040848618115 0.0203650862451926 0.135313120730266 0.242237836549049
0.11394509208119 0.100486235302871 0.206048491705097 0.243589812523637 0.177348372338863 0.0310835294294913 0.0967852226519792 0.0307132439668719
0.177628594973944 0.162854207199191 0.139408335647991 0.118289950691129 0.0863974109367417 0.176612372164692 0.0670720181295821 0.0717371102567291
0.184896370765458 0.1652824031493 0.0915895218457154 0.0917592225278348 0.108101418172825 0.0662387266455728 0.179764578753141 0.112367758140153
0.232696582693195 0.0239001479077151 0.259184310824402 0.020168712859125 0.0971180804708235 0.0105444006550718 0.250325440321716 0.106062324267951
0.176068487111657 0.0178032988375853 0.157419939597381 0.140592478491977 0.108817360283422 0.0285690218465367 0.180998357732098 0.189731056099342
0.214116256753448 0.0751040730247861 0.0673512569445824 0.0529093817250097 0.0379813096869117 0.231578836349458 0.175125148527257 0.145833736988548
0.180736617904601 0.128213601772167 0.149329952473495 0.200808195104365 0.0178018936386665 0.0149962439269866 0.216452822432043 0.0916606727476769
0.222240826205089 0.0263464330968815 0.127344940544266 0.195888266700983 0.0451215730012628 0.147922297260496 0.073913615181781 0.161222048009241
0.112836049182168 0.109211854036947 0.225467452723717 0.15074364430907 0.178246036596068 0.000592072558005767 0.0683050877357825 0.154597802858243
0.0680791984672431 0.0344237287902081 0.192977634046092 0.127181186229682 0.0451781986954211 0.193016178662762 0.142823472492719 0.196320402615872
0.0945079336769643 0.158567919497379 0.141618659768504 0.123115012533715 0.0525579019112363 0.128111062669411 0.142000636213657 0.159520873729135
0.162129305192153 0.172274596413558 0.143974160413548 0.0578823943717472 0.0624931475396616 0.00207697995308733 0.20095093339199 0.198218482724254
0.182539530455113 0.110832579419707 0.136263648658443 0.0691629206476458 0.147153790194697 0.137461671309678 0.0895823473995496 0.127003511915167
0.179159586562078 0.0706311927605448 0.14225230159746 0.0138567932522678 0.15421361935091 0.130046946632921 0.152800066014495 0.157039493829323
0.00186160449600635 0.224400296769914 0.134381858952618 0.214964275403557 0.0755469429320267 0.00540756203586384 0.225505052384299 0.117932407025715
0.0968913455426399 0.210413474092004 0.0261174610816731 0.06640648149264 0.206393107436028 0.0937512206658695 0.14713945710303 0.152887452586115
0.0100136034166711 0.0602116891168938 0.252621650972401 0.22968748255603 0.107875352688995 0.04540627338648 0.197571553253648 0.0966123946088811
0.191245005152289 0.0617790984941723 0.194710611864442 0.0750780671822787 0.182346022765654 0.0377863654303471 0.215802514532725 0.0412523145780927
0.101921645659579 0.169440574184896 0.150034383171408 0.141705932009369 0.152342069969577 0.00841259975922581 0.1645704165662 0.111572378679746
0.0563779182210575 0.166415762170555 0.0177148402737944 0.182122695875342 0.2490020876861 0.145219806442285 0.108908322645206 0.0742385666856599
0.190779387185848 0.0410073091438029 0.225687192452055 0.127501709876049 0.0704843246285374 0.0389662091525995 0.265044284158965 0.0405295834021433
0.171719490796859 0.126693654667987 0.138006557135068 0.192355886404039 0.0664100972816486 0.150870373548446 0.0256811366551538 0.128262803510797
0.172543576423183 0.0479151045431896 0.0912839774903216 0.12092103375587 0.209066715175657 0.178686426060514 0.0579630064649494 0.121620160086316
0.164633157444472 0.242241605217332 0.211508161125561 0.0154918788326576 0.120297051908523 0.0837654455262183 0.116027989086842 0.0460347108583946
0.0196751942929249 0.183289115632915 0.216360982202222 0.0869028919971656 0.089840670067135 0.0942932982483261 0.207423899272254 0.102213948287058
0.167214900076414 0.129381178595067 0.165890654723461 0.178556741982881 0.14186316694575 0.0183422432079291 0.130833900445623 0.0679172140228752
0.0940477560142202 0.141826475263714 0.0909970631935276 0.0998589553055631 0.0829763208674465 0.128148006955071 0.186885003934587 0.17526041846587
0.190473862094054 0.127138283220831 0.169250670215865 0.0506266531015471 0.191272292767569 0.0475944790004598 0.0262797519679331 0.19736400763174
0.0865739082623634 0.0692786013801948 0.152429335920808 0.0983718626545491 0.219045664899793 0.0614946131127635 0.0257860434968821 0.287019970272646
0.219568549936825 0.149156954393894 0.0522178534036146 0.10211142266414 0.21746677291536 0.136174136145948 0.086389334183854 0.0369149763563648
0.0755407662400223 0.172241956026387 0.148787229339092 0.0640484371778569 0.165383375002185 0.0871827800688519 0.167866230760634 0.118949225384972
0.0799357634705798 0.223672901057455 0.12042426650236 0.0521800887506302 0.143798027492218 0.0288119684779055 0.228084673382147 0.123092310866705
0.176838648156913 0.0589871200242601 0.251516620111168 0.212650847038765 0.186524387280758 0.0248667787582627 0.0849546068375565 0.00366099179231726
0.199173941064117 0.144356979770477 0.113792402775198 0.00569656855918435 0.216718294182774 0.117143904743472 0.0711496207255743 0.131968288179204
0.259792602017096 0.125765318417001 0.0914869738925279 0.00394770943190712 0.0305929659584996 0.136997819222705 0.160017642495287 0.191398968564977
0.11463416299765 0.0147830857925346 0.257013457920915 0.216559839428069 0.0237410849010688 0.138745831069913 0.0425347200487048 0.191987817841144
0.0554202434250143 0.0614559287347027 0.123709471945842 0.241078413216737 0.115290974055209 0.0596005836014884 0.190024512347285 0.153419872673723
0.0741406044951964 0.0407815594919682 0.243478416693677 0.222771275518741 0.134783716797696 0.103318269250009 0.00435946184488229 0.17636669590783
0.201687399550186 0.00621771117842081 0.130224642136545 0.126925071334418 0.117319782514651 0.0319984591859094 0.171225938291645 0.214400995808225
0.0567464986358064 0.147291691171107 0.0306254129454521 0.206863958608944 0.144370864981307 0.107642750663624 0.166718229330895 0.139740593662864
0.189591386974111 0.0125618142970497 0.252596962879136 0.0429011401597518 0.233229523585576 0.143773379047607 0.0538104177854736 0.0715353752712941
0.164988052953031 0.00088538026267142 0.143678566700137 0.0319809013544221 0.225391433173773 0.153221676878149 0.112082939599962 0.167771049077855
0.103990802273821 0.176808322661088 0.0500720630447286 0.154243618695882 0.170908849037515 0.164354426829114 0.150168334471265 0.0294535829865858
0.178753333391221 0.131504064242717 0.0891765016233688 0.0137897816403486 0.207602715612739 0.181893466098686 0.156811034817904 0.0404691025730161
0.237806866755703 0.107829141826805 0.105290961379371 0.139201277619405 0.163570498878013 0.00744411589188359 0.00696823734352958 0.23188890030529
0.143489103535607 0.0817912543752177 0.0176768901869412 0.30317648795712 0.108927182914947 0.0196501437759527 0.113962496597961 0.211326440656252
0.132420579464645 0.0608965980791459 0.161828596367438 0.102686631583596 0.129002782110444 0.181055362886414 0.0611896019769267 0.170919847531391
0.0541453137802927 0.123363213871408 0.14506836517653 0.169947812376647 0.081322794618629 0.0844531577526814 0.16344941060357 0.178249931820242
0.156187333030485 0.091296580918004 0.0673222986367779 0.144256543601638 0.132424130283271 0.143223830985727 0.152720459841358 0.112568822702739
0.223856473700472 0.183195375668718 0.154966268335833 0.0152165900880369 0.0110168032269235 0.183568010332713 0.066713916159441 0.161466562487862
0.133480972547866 0.110719754834737 0.129491917406297 0.100382334594272 0.123649590769826 0.0896373941602873 0.171313103193527 0.141324932493188
0.0306721979108517 0.0338454653030791 0.208327402605567 0.233310663833055 0.151732124847294 0.138601645407658 0.0109190706480057 0.192591429444489
0.112732057674554 0.18919333275387 0.164924189608122 0.110356589337622 0.0667770591707134 0.199031380844539 0.117135415868735 0.0398499747418441
0.0960593169295188 0.180372365490842 0.146733312227034 0.0382537859612618 0.165690330422205 0.124473003179344 0.100492727728949 0.147925158060845
0.170877108345009 0.090768679404438 0.0879870916783084 0.0141605867075591 0.131310340846653 0.145673359891781 0.13186100310045 0.227361830025802
0.0410513277588868 0.1533692261723 0.236639347702417 0.15670987536889 0.0609898580624394 0.0985076278361069 0.0911050554379402 0.161627681661019
0.222350024029145 0.175522152646958 0.264938010026467 0.0822907171933725 0.0232208776570739 0.045129306321786 0.112808642145188 0.0737402699800096
0.211837106842636 0.19458876448202 0.182488656888205 0.0274471303782003 0.184782637959543 0.00456368986066092 0.117888534554855 0.0764034790338786
0.0685011516511425 0.24683798545066 0.114479379387067 0.0337157552138486 0.125172102899079 0.198145610167661 0.0834732832759942 0.129674731954549
0.163623425984786 0.142223300677644 0.0615229769716069 0.129254685547084 0.166299744829599 0.174893981623674 0.0667203288961199 0.0954615554694862
0.00560478803675934 0.159094548171201 0.0729465601049514 0.11810321612628 0.186824033852914 0.20574835935305 0.167240853418566 0.0844376409362789
0.188778582468889 0.10837911158069 0.0684902350859368 0.0696970163360238 0.0261450500793075 0.22040597202684 0.214840217048997 0.103263815373315
0.115841661566828 0.0959026306716478 0.131930267648486 0.181834806986655 0.150454664527762 0.0806530983138986 0.0798457172230531 0.163537153061669
0.131886174118152 0.149976765272154 0.0405707745928222 0.219926844303432 0.177253267746019 0.00194172464391049 0.207880382841444 0.0705640664820665
0.161371845563472 0.0411767931202858 0.070636781345551 0.175793307349894 0.213663054962774 0.0668771422952032 0.174133586235549 0.0963474891272698
