0.0122090033086959 0.0751043162345661 0.102852267805746 0.173060546279815 0.149195697808093 0.215835700811293 0.271742467751791
0.234967807806149 0.118807636648853 0.207457156408652 0.233761995797399 0.0594822043039432 0.124781004903494 0.0207421941315105
0.229056412040697 0.222306809493035 0.0889271380522839 0.266305567541498 0.00864562689016065 0.122308267447512 0.0624501785348133
0.224783617057016 0.0486324848230214 0.0710101976404474 0.257081940175816 0.159815801945334 0.00270158464620702 0.235974373712158
0.191925732275518 0.178241174514638 0.168658440617684 0.185938675025712 0.00268365699271071 0.121340298583336 0.151212021990401
0.194837848251616 0.0444395110364679 0.117569877376167 0.00185946282892686 0.1589930788062 0.382878943102372 0.0994212785982494
0.220625583643744 0.26324351642627 0.076350801586594 0.0110343517789466 0.0649159392877985 0.130699017688155 0.233130789588492
0.0159744785270512 0.0189570873437313 0.244667995656039 0.221755346039985 0.207612138428673 0.131022187622685 0.160010766381835
0.129820693552682 0.147543969315657 0.258800378490733 0.0638693125173189 0.0791715646763623 0.127662789942158 0.193131291505088
0.179016842203122 0.0567191109916061 0.278686615423182 0.191355376468399 0.0848338955119812 0.135037686352865 0.0743504730488454
0.0984237773733194 0.135744903792666 0.0987691899674201 0.261845944734094 0.0761075983821814 0.223369489358026 0.105739096392294
0.0668726123005753 0.00177106656280221 0.111536526250219 0.0253968552568564 0.268583612897621 0.259329342275292 0.266509984456634
0.244012949686083 0.00392738338883361 0.0550907204893305 0.146085767659458 0.283752723283875 0.0999705136320797 0.16715994186034
0.136056905873046 0.106278372989357 0.0911524621168018 0.073168885350476 0.0372834608341368 0.262321476108975 0.293738436727207
0.288863562544859 0.278390062918059 0.0426383500385081 0.0472119628439081 0.189646733580258 0.0270849985873969 0.126164329487011
0.0266526260950551 0.305473516891491 0.0808390880632482 0.107938004760539 0.299721948703075 0.148626322700261 0.0307484927863302
0.0303391190190294 0.269041016746677 0.0279523465834383 0.211017647678143 0.170198741218937 0.0210198532835737 0.270431275470202
0.0717524207254309 0.156722971373207 0.194177501427475 0.151888303987904 0.155957715395623 0.104334434051933 0.165166653038427
0.140803197698651 0.00326624439231277 0.0230682255255562 0.102054005102129 0.238109813708853 0.247649529730203 0.245048983842295
0.10968900226854 0.0838090437462081 0.0353377766989738 0.282357216549865 0.00464575572094732 0.121327207240522 0.362833997774945
0.114857163814552 0.0947436052040236 0.0588328064650759 0.213527131127372 0.148400902562805 0.225204835541452 0.144433555284719
0.24589633399309 0.217714582930893 0.0384277390141192 0.0486667698639571 0.0392409422468536 0.30891875552381 0.101134876427277
0.187245357750258 0.00279932582505381 0.092550925359248 0.141393003676902 0.279584693512429 0.122377793522815 0.174048900353295
0.109204141934833 0.120193568260729 0.331223964404087 0.163754769279362 0.0314279499799378 0.104328841201229 0.139866764939822
0.0846643102800757 0.0414623081480564 0.232410545372121 0.244781343568674 0.0340105250991287 0.26506573232721 0.0976052352047348
0.102899885289756 0.11706030339173 0.149112086891119 0.152187321080018 0.0817182788769904 0.19681728658203 0.200204837888357
0.252628501773786 0.139667322779874 0.0485039705871478 0.157843962312966 0.204209246571368 0.124746999336898 0.0723999966379601
0.242349653164176 0.0166474372157724 0.0882975320054797 0.0565568022491965 0.23315878037803 0.194519487278008 0.168470307709337
0.034853217313921 0.179047008836251 0.111346879523379 0.177690007639922 0.192987011993898 0.179086905418426 0.124988969274202
0.0431568976056159 0.13063055535948 0.163065890683527 0.248636657497968 0.0245680544413592 0.274680783616382 0.115261160795669
0.198623614324603 0.31304166668013 0.0204369027566553 0.181238720396173 0.0483214652763092 0.00970970843917571 0.228627922126954
0.131755111163647 0.108024028977156 0.129808805264035 0.126865033441817 0.175530304729922 0.138849775533422 0.189166940890002
0.0997159481414457 0.174780533512499 0.0950809227411548 0.161001117320171 0.270872567545929 0.0542645667082845 0.144284344030516
0.240328630143835 0.0805985024845335 0.00852355048094539 0.0168619251126366 0.136872825179002 0.235904905246658 0.280909661352389
0.20085086344266 0.164931890755546 0.199280425161599 0.103723335262703 0.106104181275574 0.0697411867842457 0.155368117317671
0.22866108701515 0.111212124482285 0.12028156325907 0.164570823207047 0.168368718398175 0.135761781428106 0.0711439022101663
0.0638761554029788 0.129880752828857 0.186699529363054 0.216550366945558 0.140523282802447 0.0824496040950174 0.180020308562087
0.28243021860739 0.217971611534747 0.167457549447607 0.221443591557716 0.00105817671190281 0.0019428813096576 0.10769597083098
0.128655434825955 0.0230843238016757 0.333145003978219 0.0524349514639983 0.214071516843562 0.00195811529469246 0.246650653791897
0.190117355687627 0.156855574678233 0.279132659426545 0.0632621007875817 0.00101110333454972 0.23215973329457 0.0774614727908943
0.105096311451552 0.138652427741432 0.257843884424821 0.137467040449046 0.114162317641279 0.00208067711126864 0.244697341180601
0.191248284604205 0.200615693235673 0.0731458509295414 0.128088222823021 0.0548620244159732 0.183778409875145 0.168261514116441
0.0180244334278835 0.0336545901615156 0.0736199520531745 0.134056882207097 0.227642373184207 0.249095784828763 0.26390598413736
0.00438257939124602 0.278107974649937 0.0732267068723069 0.124760386371729 0.182922900420485 0.264547203215238 0.0720522490790583
0.0792002620733974 0.165776424378527 0.15247442910477 0.182122953172087 0.2119604934408 0.121564131191219 0.0869013066391983
0.104339490132091 0.0567214632094728 0.0490991329690851 0.156444049506907 0.125249987337858 0.271362050881048 0.236783825963538
0.215910628945577 0.132588894812243 0.294861241241888 0.109094223512861 0.0714900933605297 0.114184591102639 0.0618703270242627
0.26030413823247 0.282743023317222 0.0670573929791033 0.0816730769115256 0.0179145977985704 0.204063445543452 0.0862443252176572
0.125231809669638 0.217546221123225 0.0573674585741448 0.138455827481656 0.238456181141018 0.00469603669025352 0.218246465320064
0.133241116827608 0.0671287405212105 0.140850070803917 0.253348500677164 0.130869844568796 0.0015835729251931 0.272978153676111
0.130464069666615 0.189521054434036 0.127387713204847 0.132923161949044 0.0610952465105211 0.155230326387499 0.203378427847439
0.142091499372578 0.143200312179213 0.0938451002240403 0.128363419269457 0.183873243655022 0.134598610619415 0.174027814680276
0.12932896474393 0.0218787935297469 0.221681968429254 0.234842591281562 0.191407673845029 0.176223282767922 0.0246367254025564
0.198887451825537 0.225220505527097 0.0772273497622046 0.189373151122649 0.219670490027548 0.0665002454250075 0.0231208063099572
0.205095510916132 0.192568464537815 0.166155583864094 0.117743222187511 0.175519994038686 0.0386190806724926 0.10429814378327
0.0789002222809971 0.168645773064426 0.00604560864505807 0.282999875281058 0.194358566076145 0.0376570425753652 0.231392912076951
0.193877777848542 0.0357487032509025 0.153967409849329 0.116830531353367 0.100636755763746 0.0583385526975089 0.340600269236605
0.194908883756992 0.162489461028766 0.0578437066321645 0.064280655758289 0.194884859671919 0.137984630465051 0.187607802686819
0.113796448509487 0.175966858100262 0.163310883729644 0.102414528130561 0.154943875925324 0.208465052924742 0.0811023526799791
0.0859124394943396 0.0593617166513357 0.105591600501695 0.235511473088249 0.097189406600541 0.155840501062447 0.260592862601393
0.200930266800688 0.190634353842823 0.229134466272541 0.159256135095615 0.00128220830500763 0.178045742933566 0.0407168267497604
0.00968639609912982 0.154901298263677 0.130950710065308 0.131649990335904 0.108187669398536 0.200046683978024 0.264577251859421
0.0814908741522975 0.138194202974438 0.2045361292842 0.0453100675449079 0.241718410235877 0.0983882916168671 0.190362024191412
0.0326332447248344 0.22923563520994 0.196482897592993 0.0084097411634037 0.197570142644021 0.128219062626886 0.207449276037923
0.144003237355921 0.203618185408858 0.193747801920589 0.176307918320938 0.17292460946754 0.0704641158207608 0.038934131705393
0.195483628032896 0.18188452655169 0.00965254471850628 0.114615064909335 0.0812043135332659 0.216488815524489 0.200671106729817
0.123639875607608 0.185968638397347 0.0212644610525445 0.219164616045923 0.262279488517121 0.0668079152946614 0.120875005084795
0.172814678294056 0.0632057577376068 0.144656384946812 0.235803097970801 0.116123195640182 0.0208570104409125 0.246539874969629
0.104645705471804 0.198449361331807 0.100691982641766 0.150108320643273 0.208196888103823 0.157360414368486 0.08054732743904
0.125802211373456 0.425413619293396 0.127171423581872 0.09115610734063 0.114962314122451 0.0110193860914865 0.104474938196709
0.0877290048414769 0.190067119192761 0.0894986978288029 0.118708787406336 0.17121651965252 0.271533332173424 0.0712465389046786
0.234180866073547 0.0273961271364637 0.119809696783805 0.174259316118963 0.161009729162719 0.249657118087356 0.0336871466371456
0.0502120498496336 0.232002113139132 0.173495433229906 0.178399357140731 0.0257533799305358 0.155892921161932 0.18424474554813
0.0848198632654962 0.0302327055019997 0.275934322916747 0.159071921198746 0.124330091644894 0.0845185033863635 0.241092592085754
0.0533889237980743 0.157907436513658 0.268778389279767 0.222557463320103 0.125535924972373 0.14655476700687 0.0252770951091545
0.183242796968641 0.129741238806903 0.077974879548551 0.021877905681457 0.229708077782934 0.163526285212473 0.193928815999042
0.0714342234157719 0.0665006144717478 0.214560675620768 0.0634692359253126 0.174758302597255 0.149379067536832 0.259897880432313
0.0424818950018076 0.18954705365639 0.178172223247978 0.0668750159545618 0.175426240985703 0.142194263470191 0.205303307683368
0.144421231778416 0.147839477798645 0.153105061594065 0.186040638874099 0.0950193688311038 0.152927704362429 0.120646516761242
0.218848576078502 0.182307879720683 0.116357270746295 0.102845862222193 0.136421163308071 0.0558889194878397 0.187330328436417
0.184715899471198 0.214064955251846 0.0842502264977546 0.147442450135324 0.247895498551785 0.0393323131999463 0.0822986568921464
0.174772633910502 0.0663215805300026 0.214617783632268 0.101267721672351 0.0925652965681317 0.104594649011093 0.245860334675652
0.0272890806897949 0.208621982271214 0.00169465706495031 0.0679827737749122 0.239740908944009 0.270155322907478 0.184515274347642
0.105657365264312 0.0433006747022546 0.300468797294784 0.155404849938808 0.041295590733457 0.122446463303949 0.231426258762436
0.116216795467711 0.100618767949377 0.18033170648651 0.0795671827567083 0.189520168844627 0.1433708099057 0.190374568589368
0.29036687567176 0.127330963560547 0.0745743290264778 0.339413627747985 0.0629125143329902 0.02196681923838 0.0834348704218599
0.104377278583894 0.238878729392954 0.180020739511865 0.234770322631162 0.0338841546001607 0.0389196392145799 0.169149136065384
0.175959797630139 0.250074002104341 0.104167705636788 0.0205255658616373 0.390496229857856 0.0194235209125124 0.0393531779967252
0.0643186713698325 0.211648908466092 0.168467321984465 0.201887892754314 0.138514746594656 0.0789317342402407 0.136230724590399
0.104439533194104 0.0717985646184023 0.00754413550267112 0.149389806587941 0.227406733539397 0.252609358958842 0.186811867598643
0.122459923137973 0.0067489871002901 0.322312610604957 0.163311751280735 0.108610441495071 0.260789601541008 0.0157666848399671
0.128773581133999 0.122124383056232 0.249041901572632 0.217403622274073 0.0390805563554015 0.0953288654590217 0.148247090148641
0.0575982413937377 0.124278327887473 0.0911997221791906 0.215378752088101 0.2131248030057 0.0976175162363749 0.200802637209423
0.0219940151601639 0.0335602858448229 0.0642760927286719 0.250092365131485 0.297348472272617 0.186302326856633 0.146426442005606
0.244728841448673 0.000284915283765589 0.0362567350998221 0.278237982094467 0.0030717965955906 0.123045366762829 0.314374362714852
0.0158696894971928 0.209355621232508 0.162381452797932 0.0102736349705783 0.0457739024183444 0.487266627407897 0.0690790716755488
0.336581109028789 0.0484276100361471 0.0559294095985805 0.0534056293309728 0.130456154723153 0.171318853354695 0.203881233927663
0.128189652750915 0.0605460722071005 0.199628554619386 0.150368591973392 0.226833892291023 0.153219650140381 0.0812135860178027
0.15268767817889 0.186173299061906 0.239145959573999 0.115744704488106 0.0203272194475056 0.225087496157102 0.0608336430924915
0.222106913215186 0.0851574863725297 0.228423257291469 0.0566148244984526 0.173581983486815 0.0100926890383311 0.224022846097217
0.163976588339885 0.293127083342459 0.118580118720409 0.18232940854738 0.0694646063665807 0.0882635021254641 0.0842586925578228
0.252741934356108 0.0236431448649663 0.016261383982255 0.320327875394686 0.31463000868126 0.00815852311667449 0.0642371296040504
0.0743670409211653 0.174601886899905 0.165001891547509 0.104716116799604 0.0799666007653314 0.196400037952083 0.204946425114402
0.212802678913005 0.0821518443002999 0.220400187216075 0.0502882489719494 0.0392605646880521 0.189688748667602 0.205407727243016
0.0737110791481175 0.0760574046514406 0.255309163442946 0.164893557215525 0.158156854620966 0.24967149098177 0.0222004499392351
0.238607624332558 0.0963457231736336 0.108941534880049 0.149064116361551 0.200433606132398 0.0647676219275907 0.141839773192219
0.167904950630587 0.174512976414165 0.0557131263143713 0.165567026678132 0.1291733088135 0.194951766395555 0.11217684475369
0.3102961826567 0.160489551881033 0.148367699670407 0.280356473110861 0.0258847072334792 0.0196620931236943 0.0549432923238251
0.0586088556001261 0.078819053144416 0.06635425567781 0.231479333543787 0.157763291213983 0.284745117482444 0.122230093337433
0.238321651697508 0.133271938465552 0.156936487691265 0.0271831345877947 0.208477695747361 0.100498913123241 0.135310178687279
0.243808795735047 0.111157455427967 0.049629121727566 0.0204440213020265 0.143596710085631 0.222493026835752 0.208870868886012
0.182166510999861 0.139631245881712 0.0438199657296052 0.187875800525704 0.177838960741441 0.139866946527757 0.12880056959392
0.0385347072509646 0.0903602805476518 0.186539906010172 0.224171969350099 0.0349785179204262 0.227579550035958 0.197835068884729
0.16392756459255 0.182719464534423 0.143966239445939 0.16324732739535 0.0721186139673669 0.165622767684358 0.108398022380012
0.198016806782681 0.0203573718422165 0.204595226219105 0.0976538768861406 0.0557997480005296 0.253365942163795 0.170211028105533
0.0650648856292284 0.034395154942308 0.271518704767074 0.0768479843304491 0.0585760521723846 0.21944464836318 0.274152569795376
0.188451027638903 0.090236241001906 0.164632721488848 0.167049612216944 0.162879023119661 0.0767558389446056 0.149995535589133
0.195544226115328 0.0839609343947317 0.167367390904021 0.0246350256137477 0.210379946709274 0.160671682958375 0.157440793304524
0.112866878822173 0.28879704914508 0.100897045847016 0.207789156153291 0.0356678877152435 0.218424225600821 0.0355577567163769
0.192289918200663 0.154625430345713 0.0653428522081492 0.206687463614116 0.0735254428648221 0.0852161772651371 0.2223127155014
0.111063843815658 0.178387031384774 0.0363230503995624 0.144889302335935 0.29662584064901 0.0677102709833798 0.16500066043168
0.198529731792454 0.263530059222513 0.0724114110549744 0.257309330847315 0.00192052360344973 0.0404015040496631 0.165897439429631
0.23249261449212 0.00798353174414469 0.161938217465083 0.0598375197643432 0.0523379915893503 0.275701123008168 0.209709001936791
0.0184653900870204 0.239769131656312 0.0680344303977535 0.135969313777847 0.144084638774368 0.197272783913024 0.196404311393675
0.127603765276914 0.214832610874149 0.14499205062298 0.204429168375276 0.0984002368420157 0.00227177377668132 0.207470394231984
0.0394207519403011 0.137132158203059 0.172947090449845 0.237690791632923 0.14195838674365 0.156326835170837 0.114523985859386
0.144149270011641 0.103995782859743 0.193342207556439 0.147879820116293 0.215903116205186 0.185307621014256 0.00942218223644345
0.13671397570195 0.199550325926591 0.200292741365848 0.171196362450919 0.198990449707565 0.00582759948773735 0.0874285453593902
0.108605419375258 0.12616600899712 0.0738611703448844 0.165070716987234 0.203847437667006 0.172320114268939 0.150129132359559
0.0174723310027714 0.105155349629689 0.0271778342293451 0.2010372121043 0.265361310239003 0.0965102695595216 0.28728569323537
0.132307245490013 0.165170448383674 0.251763870839246 0.00773423090989858 0.133275371650793 0.162196790392898 0.147552042333478
0.170269363412806 0.176203064644565 0.21124617688134 0.074924088990827 0.124599441517718 0.152427382328537 0.0903304822242067
0.155700976227139 0.198540841995883 0.284048704124803 0.168181289216185 0.0827905689252043 0.078626929868151 0.0321106896426346
0.244845297166118 0.201608456822662 0.106007545370808 0.237951585507836 0.042996240619091 0.165970524665468 0.000620349848017254
0.153641987877353 0.115020052966351 0.272221697906358 0.142770012916431 0.0778208809417519 0.180392780734381 0.0581325866573744
0.23324560833799 0.0388895919303982 0.0776785022905208 0.061333170857457 0.133216967156755 0.197189929800263 0.258446229626616
0.163259176579573 0.234631574136008 0.21555517873102 0.12627125697427 0.0585136620243804 0.128146348534309 0.0736228030204402
0.0582356253000345 0.28873605799003 0.0564521138630361 0.044362052574034 0.211673816926589 0.264144898423345 0.0763954349229324
0.229211373151571 0.187067675958702 0.0625656502967622 0.0470589133399688 0.128972265555447 0.24276326695314 0.10236085474441
0.00133397658555702 0.104363106937966 0.28237011267145 0.069740704253797 0.0864352750023264 0.202056694353362 0.253700130195542
0.308058274039471 0.0442976341963961 0.313228618392092 0.0309282635283905 0.0771091621648819 0.0720155049827316 0.154362542696037
0.0980309167641292 0.144957876510695 0.179740555029543 0.152729325187417 0.214885031773364 0.133489592385126 0.076166702349726
0.186262267655207 0.1060706883731 0.208656020269225 0.14462058480209 0.137028588586656 0.0605029845773373 0.156858865736384
0.170867949037263 0.0360932967400856 0.166234485856283 0.157918071573009 0.182202881704995 0.190889781865544 0.0957935332228202
0.183359296707611 0.17738947370638 0.144290241279288 0.094682043877178 0.183426007502218 0.0518021510371796 0.165050785890146
0.04465326936638 0.206283785182083 0.00602814823413985 0.24171958577445 0.184507407465708 0.13600670637888 0.180801097598359
0.106230039545231 0.224104504276126 0.0877321807683957 0.165301756541391 0.121915516419524 0.169872800423406 0.124843202025926
0.156163217904068 0.206376314684097 0.0424190756520064 0.152942791527639 0.167633657292111 0.225121272261203 0.0493436706788759
0.0665916440950241 0.135437804728918 0.000615405810395145 0.269727595846621 0.0513020438397997 0.189505912105033 0.286819593574209
0.0853027911456656 0.119618916370846 0.230120781362238 0.158318989102062 0.089514949296888 0.069823967034909 0.247299605687392
0.0795499685812841 0.296803140253617 0.144167802012822 0.0422060505572768 0.00386670007852465 0.341305607963544 0.0921007305529318
0.190404137045929 0.0197516545551409 0.115426865690225 0.260384484356067 0.199538189792418 0.194513240113089 0.0199814284471302
0.0351323166770322 0.148087460119066 0.058451689618878 0.328141128905041 0.170514769345659 0.191070434432782 0.0686022009015415
0.251466188300785 0.155629795666768 0.219357835367366 0.222446618456754 0.0984962633007395 0.0340400725865393 0.0185632263210483
0.00957147258829535 0.180647526877623 0.041826667311864 0.140686025534735 0.109622904466952 0.268345046736198 0.249300356484334
0.170502902542839 0.0225351783075097 0.124941555224291 0.183087635276008 0.240070408245374 0.0913840117995293 0.167478308604449
0.372849909790226 0.184380902230291 0.0278449461785218 0.0804077256216698 0.309242147220031 0.0224879069752672 0.00278646198399384
0.314410374126075 0.235491712357986 0.226684468705735 0.0755825925345823 0.110431092115426 0.0128309847092573 0.024568775450938
0.0916294709936405 0.182507430747752 0.0389065819917172 0.128777681406536 0.159325643902876 0.236811373816312 0.162041817141166
0.213589906895898 0.0956866900705535 0.165628904099845 0.204646838924199 0.163972678340613 0.0167804800290554 0.139694501639835
0.116768252984131 0.199609111412696 0.0981243465743498 0.172244009547675 0.313969189566706 0.0674442771310496 0.0318408127833931
0.0327661734683465 0.318078980587442 0.148527861046708 0.218946033570561 0.139657441979453 0.00624204543001081 0.135781463917478
0.295630344824318 0.0240619973605195 0.239729419007632 0.236770468297473 0.13316863715527 0.067427807566629 0.00321132578815995
0.0526484319742864 0.0881477161738328 0.173123640218502 0.0445895667616041 0.271965866358507 0.274726724092896 0.0947980544203712
0.0335045659347512 0.220692777609087 0.233447259980497 0.250498385505078 0.159986895286406 0.0954383123508031 0.00643180333337727
0.118926678119981 0.125314803546029 0.168821674349236 0.159593828281107 0.160954613355141 0.0961974511366806 0.170190951211826
0.202202631071867 0.0705566746796473 0.0758862258514587 0.191136000077158 0.197928321832774 0.0931493569897706 0.169140789497324
0.0520928204377579 0.246570228947882 0.0291819597220665 0.162128863076716 0.13668182084783 0.136236281033654 0.237108025934094
0.224304946162906 0.0991191905204894 0.158490037844939 0.0724605105073285 0.10073705807961 0.101626481177061 0.243261775707666
0.230132937028464 0.22719356076566 0.162907340902695 0.137461519982611 0.115384532079595 0.0310842554020466 0.0958358538389283
0.444961087700476 0.0656587341266926 0.148721464851361 0.0151740583275525 0.0325197298206022 0.0711895858708762 0.221775339302439
0.113480652920002 0.167432835194868 0.199870625142438 0.0972141192286757 0.168760255974788 0.0418681252798272 0.2113733862594
0.221959968152343 0.163565187814063 0.11727511815574 0.204159800356079 0.071111832711591 0.0376039741042135 0.184324118705971
0.0874688417750638 0.253192918627764 0.195643834051139 0.014447297082523 0.0752499947903567 0.237150855445252 0.136846258227902
0.0381692187772488 0.0115279736623547 0.228257925776652 0.0979839207189336 0.228917626763549 0.221404747926101 0.17373858637516
0.197067089314615 0.192189823463668 0.108728412471251 0.191752344483449 0.165532166987816 0.0153802591254135 0.129349904153787
0.126082844815017 0.140203762782492 0.158343118618134 0.142011453731693 0.17329977401867 0.0948934569097724 0.165165589124222
0.0332291541248936 0.261869665570084 0.258088380585797 0.196830480745714 0.167812403580614 0.0631093735411066 0.0190605418517916
0.0956509066798557 0.235784818806838 0.240896541436004 0.213470133305482 0.00176752006373343 0.0311302618293363 0.18129981787875
0.0484222540565006 0.0934286411172037 0.271417494499863 0.204723570810564 0.0421961214749178 0.164888429999232 0.174923488041719
0.193376114960838 0.315056416117557 0.223792283859073 0.151950400485095 0.0625092701935847 0.00577836928362398 0.0475371451002273
0.0375003457086515 0.0836060248959163 0.244186615295684 0.150389499533178 0.164454072102225 0.107653981745641 0.212209460718703
0.199556245638672 0.21973571717642 0.010816910762569 0.0763991917714215 0.20028415562702 0.215354302157186 0.0778534768667118
0.140911492052934 0.134865458800508 0.163208564907241 0.14783492524366 0.131770283605816 0.111324693317368 0.170084582072473
0.265736142226201 0.105875782554753 0.0218678599509276 0.086705786414495 0.118245695281406 0.161076805178315 0.240491928393902
0.0364555444817289 0.28603199239804 0.0183554259386457 0.051610764973225 0.0545558328375649 0.236517478451656 0.31647296091914
0.0916360388358899 0.291451069186448 0.162219482896833 0.0535700720129209 0.0316880360084129 0.0670427130201232 0.302392588039372
0.0158720990349428 0.192582790507563 0.209985559998928 0.164857791988625 0.204248742235177 0.0102377421388664 0.202215274095898
0.219755188078921 0.116697237226115 0.0279731489954787 0.165679195695803 0.15470901544419 0.209407827721568 0.105778386837925
0.233395826732188 0.0524654007176128 0.239197899619515 0.111640041703516 0.117734968783397 0.0388226715287601 0.206743190915012
0.0489141831514025 0.169534848329989 0.391103946767888 0.0681651381804927 0.258622667117307 0.0491841788912979 0.0144750375616225
0.179731941567197 0.060432710151388 0.249029801156122 0.00877623740868423 0.22603863062148 0.0906188603311898 0.185371818763939
0.131217699108072 0.220621411743903 0.149213464933863 0.0656817713173107 0.194578506736861 0.157599572609914 0.0810875735500767
0.233290016985283 0.117586848447195 0.060703957309908 0.00909641014054435 0.0865220254606184 0.218508867596088 0.274291874060364
0.0194557047098935 0.215112208240228 0.311467600675901 0.0430083042145601 0.178796446856272 0.204410996818761 0.0277487384843844
0.123205810643766 0.180949199053172 0.134657420259707 0.127383773112171 0.142372102886258 0.15001806081778 0.141413633227146
0.00967527973438671 0.0777222464639727 0.196131967893606 0.12186716459661 0.337762109819935 0.00696287348607226 0.249878358005418
0.14871366743512 0.122991447271169 0.163783318734651 0.149025083396554 0.163492588810478 0.102747979098773 0.149245915253254
0.209688433035136 0.200609895485307 0.0579645405455076 0.171295471329597 0.0241570279404656 0.187008607609733 0.149276024054254
0.130120551261713 0.0305281244496073 0.0362308361078391 0.212653338566162 0.195475088051527 0.228385159926705 0.166606901636445
0.0867600825627571 0.0772844750047713 0.252798737255321 0.166457063220364 0.0871081959204483 0.175570274272021 0.154021171764318
0.069126385831894 0.0174434965202862 0.132273123576724 0.199320804648997 0.223332334494828 0.261013075967224 0.097490778960046
0.25361054518656 0.260958863520923 0.0924193802855661 0.140614325380864 0.0333511840215963 0.0769687021885784 0.142076999415912
0.232261380797317 0.151675004064359 0.271969074360232 0.0463362566268431 0.132124050026736 0.0434777160310407 0.122156518093473
0.0491332527820573 0.045605858280704 0.12183153701319 0.160801262544419 0.142632953480771 0.228830578158228 0.25116455774063
0.218093840367503 0.172182641258661 0.0616515847374367 0.26223685717386 0.0760953351790644 0.205218001428615 0.0045217398548601
0.178596118363024 0.217363779258811 0.138413322303744 0.117554619694064 0.110826504933365 0.17703784585534 0.0602078095916518
0.229771057942882 0.204388175767223 0.240924048848916 0.146228979904641 0.0126571875845728 0.125798190270934 0.0402323596808314
0.272923058297965 0.19537956595702 0.047032663718348 0.109074914884051 0.022571037940584 0.173798957732709 0.179219801469323
0.0935751968200585 0.0535874539537228 0.0267131809495045 0.0282819497093274 0.343645531443863 0.212557815742215 0.241638871381309
0.251657657482008 0.0862665172062511 0.176778082387488 0.020105569952337 0.100049897011496 0.0944114819846541 0.270730793975766
0.236298953795245 0.155770061787349 0.080456666329931 0.0289347187105127 0.242105948585672 0.0897166235922794 0.16671702719901
0.173390687964038 0.171409596139402 0.188593220432795 0.111049160441163 0.183371711869129 0.0262678961315262 0.145917727021947
0.100347734834488 0.22271020297777 0.222479142328018 0.124740652503821 0.148687670805296 0.0201361346228676 0.16089846192774
0.247775533437801 0.207449081107633 0.0499103947377236 0.118242940378296 0.14891747860718 0.160376161343194 0.0673284103881733
0.165329117470334 0.160772842539598 0.162631234524445 0.179819264707277 0.147257162118203 0.162314707970282 0.0218756706698617
0.295726321406362 0.0991461997935875 0.184067236226322 0.0302952570926286 0.0542803472571675 0.281461895008699 0.0550227432152332
0.109294422486272 0.0623098871742006 0.211666592109319 0.0830866994007121 0.0746217710184353 0.317285383654689 0.141735244156371
0.14941324912141 0.0617861765309955 0.158128675050222 0.0704016155769092 0.172507787917933 0.212268266195614 0.175494229606916
0.256871584607795 0.0509447642650573 0.181922910419454 0.107159470668678 0.0546789031186978 0.0169788417104646 0.331443525209854
0.136425783859352 0.061725523315473 0.197226147915441 0.0498798859705453 0.206308004726541 0.224671399132657 0.123763255079991
0.0611409858324473 0.191514565672257 0.214881757901957 0.00800679308539538 0.265369413628415 0.0644850666899732 0.194601417189556
0.102162706150434 0.145649034429865 0.145860544490472 0.260413113762543 0.0864021704245396 0.0591500735081892 0.200362357233957
0.157457867598358 0.18603735324057 0.184805890639836 0.171671717701061 0.0863273559628269 0.140860516587553 0.072839298269795
0.0791843633731614 0.183259749163845 0.0293116650026152 0.132213899024633 0.297810665773285 0.0496968554277454 0.228522802234714
0.195617102169007 0.185855131199109 0.0752500947986275 0.133150515961088 0.156525345076787 0.0437104326574633 0.209891378137919
0.192221424339252 0.248674213789126 0.151826285909635 0.100736877587743 0.147178542880636 0.0873805354131579 0.0719821200804507
0.0595287122373978 0.115988013180151 0.129640165046394 0.030622818277705 0.463203207066707 0.0662464051304116 0.134770679061233
0.127474121536555 0.188536766334678 0.158898478752764 0.166998111544476 0.0106956121411335 0.166973097975464 0.18042381171493
0.209869569044636 0.0285369136144242 0.0841708026628128 0.217174706582648 0.195012780323106 0.0693288523888435 0.195906375383529
0.169136093912329 0.115049344089699 0.184846679269123 0.0653803750455 0.168007482129377 0.173034809970782 0.124545215583191
0.0258139240437006 0.221413343186274 0.125364732112558 0.220044350280484 0.0400724092667812 0.131052545865226 0.236238695244976
0.185625827765967 0.102781307459149 0.0695508535530717 0.125177586676427 0.141923635499854 0.216258195833917 0.158682593211615
0.227986741242923 0.101080650664708 0.0248487499680441 0.0918371207020199 0.215464236622327 0.140084793327963 0.198697707472015
0.275659570362005 0.0851841330543555 0.0181402587384153 0.0266860109997473 0.289777963609652 0.240584120568723 0.0639679426671012
0.188764800850832 0.187273688605512 0.0639092149966985 0.0433009728621234 0.156763973400735 0.0500233587392771 0.309963990544822
0.261214637917073 0.142086876881331 0.0612037552600502 0.0984418189076983 0.112206324592851 0.0480401534067422 0.276806433034255
0.0191550878198702 0.330807621869654 0.211323691866616 0.0327209787970033 0.236927429475256 0.01222556428518 0.156839625886421
0.121842130522276 0.172871871698283 0.0311811819170274 0.155609846351566 0.189894933466323 0.125899280152616 0.202700755891908
0.0709222046635348 0.211191820944987 0.0160053131980896 0.0422552177395291 0.294580119998198 0.103639130350056 0.261406193105605
0.0387832178432814 0.171839452330093 0.0444424208069292 0.0757426141017046 0.231886235083368 0.224436169518432 0.212869890316192
0.225601912571796 0.148952739709586 0.165384575975456 0.0764695338110819 0.243099884987881 0.0853821672632706 0.0551091856809284
0.233775492035668 0.0642119082263935 0.0395170183212949 0.23982671856221 0.251845020411395 0.047505402888592 0.123318439554446
0.1013137279373 0.0743402576140462 0.133712659197865 0.254793170616536 0.207321327988256 0.0821793408399195 0.146339515806078
0.0624639111525797 0.176112799375447 0.236301067835212 0.0697781604382273 0.227406667395891 0.115588665850986 0.112348727951657
0.219160980031049 0.10623351990942 0.0458605182668794 0.00635746790466587 0.22370517308612 0.196603603538757 0.202078737263109
0.182710447884106 0.0648172984380963 0.194299071895823 0.117392669152727 0.202574661361573 0.20802997575257 0.0301758755151052
0.194263136342043 0.0896400248407473 0.219976544244352 0.211753637441242 0.0488583926176699 0.186895632769263 0.0486126317446829
0.195492586498164 0.133004528030596 0.054867162468872 0.103376501278956 0.249245560004808 0.220450637895886 0.043563023822718
0.245018188026265 0.293238825381299 0.14467814272388 0.0797752165984032 0.0829649344624094 0.0373504431382164 0.116974249669527
0.205388223512577 0.0816122718341488 0.23044179195095 0.0265464148642154 0.116723434255535 0.150649920755335 0.18863794282724
0.0416025242191253 0.24505107968535 0.0521262451008394 0.261646309200828 0.072715590708512 0.117487212860434 0.209371038224911
0.0525436527858661 0.221729324963342 0.144384987308817 0.226197631416614 0.0702364308647319 0.246134903316906 0.0387730693437228
0.0620509005963093 0.11757605114186 0.0324016557691921 0.24765901405312 0.132902334564987 0.111764792987796 0.295645250886736
0.142761712118727 0.188881158535666 0.200687718328308 0.0359157615172973 0.0810785256770739 0.104774612387553 0.245900511435375
0.152723706573703 0.034913400273166 0.189444226880498 0.18135839152867 0.179538875240941 0.139531505736817 0.122489893766205
0.130984786746995 0.239768203480922 0.0605201531042151 0.178060381879638 0.0396322337949742 0.0796869537761821 0.271347287217074
0.222475539142059 0.0951864263512315 0.289891813207693 0.129947946994514 0.0248526680084195 0.124836285609837 0.112809320686246
0.135529872371187 0.185429844415206 0.109958998723735 0.214539572447968 0.0546493612917333 0.181798679028087 0.118093671722083
0.0991435752986094 0.231614837538651 0.0677140127731441 0.228352486223589 0.11294248349961 0.0181328808555128 0.242099723810883
0.00740977507431465 0.0683852326066493 0.0892063700479699 0.254736422776743 0.112868571254105 0.197197232028842 0.270196396211375
0.118565811043027 0.190806656652396 0.01376265444625 0.0350848110381088 0.16660321477552 0.260375012030297 0.214801840014401
0.0481084101290424 0.221629723372462 0.14408818505533 0.211310950058426 0.0681279185473335 0.152260710843667 0.154474101993738
0.201874758738816 0.2405254475891 0.156575831854536 0.0243875666375427 0.11616209504935 0.211072679120962 0.0494016210096935
0.100967010538784 0.0759910644078201 0.172051289390826 0.0632942903237297 0.0486109325535153 0.22728084126517 0.311804571520155
0.121872066139554 0.079467067665569 0.099189182620975 0.197955282441815 0.157609218276142 0.0336930553403778 0.310214127515568
0.0335804536959889 0.127114060294598 0.0668632831571124 0.232625156285324 0.226937871576265 0.0758246354054311 0.237054539585281
0.0384721609345349 0.154242528790691 0.183689574996295 0.185159877366773 0.115808063450453 0.174331618352371 0.148296176108882
0.0489865810005469 0.0883536529035517 0.195823200009115 0.106874346674211 0.242309396421872 0.206155962786408 0.111496860204296
0.0927406122989242 0.118515754766779 0.231244817019383 0.233696566922458 0.0269985998230608 0.191306686589672 0.105496962579723
0.091494301052839 0.0847632124100838 0.126652255225028 0.225966717229422 0.276221659400444 0.0925583522275223 0.10234350245466
0.176619512003123 0.315613399121199 0.141449769614833 0.0269442049285982 0.166806230950956 0.169694504568518 0.00287237881277225
0.130710736012937 0.198507157703518 0.0614617406063157 0.0728526962790937 0.128372745978649 0.29529529168157 0.112799631737916
0.274594686518479 0.130381716627385 0.102465786326779 0.183649962231605 0.000895858088457833 0.30247172755472 0.00554026265257573
0.0668800708315743 0.330343679611076 0.274010020017249 0.0984870641184804 0.0424986064890161 0.0580556866879535 0.129724872244651
0.224461257723588 0.277808117253621 0.0117267115632646 0.0553995996773523 0.137442744610976 0.141327876436496 0.151833692734702
0.118965825872502 0.120590716714065 0.0360876131522332 0.25077517782187 0.063558256595187 0.11285633381653 0.297166076027614
0.173260161863139 0.189265976593576 0.183986418618005 0.134340920294455 0.0426307640900313 0.159047802563477 0.117467955977316
0.0234685489932426 0.280207780549788 0.10107286890954 0.0110277190431432 0.298179554164135 0.25080474930722 0.0352387790329313
0.249529040325614 0.240999731129524 0.148518288941203 0.197222697523207 0.0203795706551965 0.0279885555093808 0.115362115915874
0.115219517272799 0.147785297839531 0.305602275110481 0.104639681809847 0.0890545544069634 0.0500820535082517 0.187616620052127
0.211014375488427 0.209401271632611 0.104235355745641 0.0280131517983508 0.0828785058029395 0.124441920406285 0.240015419125746
0.176864174836564 0.0421057255635954 0.0397497604677765 0.224082775961906 0.191237629516335 0.141726061931539 0.184233871722285
0.160987864462732 0.0922036639142742 0.145330511402389 0.0970151022238216 0.201784888699724 0.123904867572234 0.178773101724824
0.0373072730646409 0.211083382121016 0.157533017326489 0.17170493532094 0.079045735738813 0.200423863553801 0.142901792874301
0.255206057949121 0.146217781742623 0.0481531989769617 0.0802790240855045 0.0551630473237209 0.155476857988833 0.259504031933236
0.181694460614403 0.278801097784785 0.239675358618103 0.0747591906405719 0.0665967493174358 0.0081901842238488 0.150282958800854
0.0775885792483833 0.125940581979312 0.0805898051936696 0.00142196313614344 0.223974964669129 0.364856932118362 0.125627173655001
0.137329889562906 0.13892474918556 0.100573311945197 0.194167161681515 0.197094621520796 0.00372161842391602 0.22818864768011
0.160171900775453 0.167738796472357 0.0028690005706944 0.240401642133089 0.0753189795820458 0.157997930530312 0.19550174993605
0.174895677868691 0.129275045277917 0.191404453587404 0.108083101608725 0.196927599114957 0.189964395368074 0.00944972717423281
0.31829429445178 0.00287041153523673 0.0258749201781724 0.16657753701093 0.0394618910675895 0.36797396318539 0.0789469825709022
0.0199533222473526 0.171599922984338 0.0474051592944058 0.227773946683732 0.202974701018416 0.161955173814691 0.168337773957064
0.0777191668636399 0.204461281358275 0.180242263473817 0.00480751703800134 0.127125726302762 0.148549163237714 0.25709488172579
0.135007821186255 0.0215876250056379 0.125979394210822 0.196479701553912 0.216683778521015 0.142966368584901 0.161295310937458
0.0891221152452394 0.00134612627691834 0.287065747123789 0.299649585868878 0.00647790346436066 0.16932055345082 0.147017968569994
0.0795351708299364 0.255608228323689 0.012516934088363 0.225690411980883 0.0745297870784154 0.2425293267971 0.109590140901612
0.0101110019052324 0.18226229258411 0.207764488216021 0.0738684916270442 0.149781320989308 0.0546696823855076 0.321542722292777
0.290244463835109 0.166575374485801 0.136678288054569 0.0257879971932749 0.168566631745414 0.0116092500688893 0.200537994616943
0.057730471675237 0.0645042242351081 0.106390110975626 0.182086938969926 0.276133171226135 0.244478726541527 0.0686763563764415
0.00531658242119858 0.258738941547976 0.164289031657383 0.0432425892952388 0.0895437487092823 0.195276481680095 0.243592624688827
0.122662823736095 0.197148304614368 0.282041059302822 0.0184177942463412 0.27320021679788 0.00586440020384146 0.100665401098652
0.0876338079209235 0.0407496651542688 0.218494972743068 0.257382885317473 0.0720851577751514 0.0629697475669441 0.260683763522172
0.230240409328468 0.188810573119281 0.242566904011836 0.0719453730442333 0.033369045187617 0.1285193556437 0.104548339664864
0.00199621902246209 0.0469210420642378 0.279255307057788 0.200934624350623 0.165556121868204 0.175481860260161 0.129854825376524
0.0992014004384551 0.0189021798677275 0.168155133679357 0.205800670338611 0.0840053147861461 0.295661053321519 0.128274247568185
0.262386570979777 0.114604347196408 0.112956670619551 0.299733884056834 0.056584581107957 0.151717013931525 0.00201693210794742
0.161068571894782 0.164385863626998 0.149722356026502 0.204920933250318 0.0207187698701762 0.0955013718919867 0.203682133439237
0.150055782115365 0.191495432864636 0.117708965567433 0.0734002906737455 0.161999094731705 0.114676049741157 0.190664384305959
0.322227184827454 0.0391442996128574 0.00773228911179659 0.0709077149173344 0.0414728997075679 0.264767267834524 0.253748343988465
0.0653495891177926 0.233820206121327 0.105418030298361 0.051495665765813 0.330682570763809 0.0937761126685978 0.119457825264299
0.214018930924749 0.167227400554317 0.114072434431883 0.0878008561844499 0.164824746627273 0.130938686452033 0.121116944825296
0.00346877294418357 0.1107798392084 0.200340978737355 0.137859941492353 0.211510696720885 0.143164882380263 0.192874888516561
