0.280203150048638 0.0461878347068025 0.39180690433379 0.28180211091077
0.35098640214873 0.278566596115705 0.359159911425591 0.0112870903099743
0.019342133093908 0.276787785991104 0.416866510359855 0.287003570555133
0.463995837960022 0.00264746835296574 0.321907098626408 0.211449595060604
0.226310172397624 0.198938845822981 0.506245113663582 0.0685058681158133
0.0596836416349099 0.302577802538867 0.324196215627951 0.313542340198272
0.202927838626224 0.173214625125205 0.241912256305092 0.381945279943478
0.129617473352303 0.256671627391571 0.540414309010465 0.0732965902456616
0.456576014367049 0.140666091699678 0.131467888065993 0.271290005867281
0.0984113879074928 0.335439500907299 0.247874634855281 0.318274476329927
0.281589549940878 0.304141576557305 0.0909718470698664 0.32329702643195
0.305149008696911 0.242775333009468 0.31866576675313 0.133409891540492
0.254528894747752 0.277974372167844 0.290440531797148 0.177056201287256
0.219613678129309 0.177767001324759 0.488502563213909 0.114116757332023
0.364681371174194 0.166038685656054 0.353444063055576 0.115835880114177
0.00732417163677106 0.619740974739268 0.290049683569915 0.0828851700540459
0.332882453464158 0.289119087471271 0.0615702270302619 0.316428232034309
0.364434751268269 0.281626122636832 0.144196689843526 0.209742436251374
0.0315652297417284 0.473767042073708 0.419638070613727 0.075029657570837
0.00176909237701962 0.473946132358593 0.479471704331531 0.0448130709328568
0.318775349320939 0.228628703657501 0.283781274535788 0.168814672485772
0.308915526057112 0.325577818373564 0.150956579623495 0.21455007594583
0.0242134662193064 0.229430240254782 0.435798085822212 0.3105582077037
0.433309900007144 0.181162943203783 0.0922668811341083 0.293260275654965
0.128026794442004 0.222408873370694 0.213905910912728 0.435658421274575
0.302260168991235 0.43740529944987 0.224949241078099 0.0353852904807962
0.180466892358753 0.169637064550356 0.444691773244859 0.205204269846032
0.327760925106798 0.420937044320611 0.0420887114428482 0.209213319129743
0.184824360219862 0.128979550269618 0.366002543753744 0.320193545756776
0.0868184968890273 0.159775549787051 0.335932475632263 0.417473477691659
0.00599064597714257 0.192058813594987 0.594962667928349 0.206987872499521
0.2717337775714 0.337299567299839 0.238891581853174 0.152075073275587
0.258731732029263 0.248495818429669 0.00864342613805064 0.484129023403018
0.407831682479753 0.0924802619796845 0.241919312598747 0.257768742941816
0.248525306653043 0.328718173793531 0.341968739255947 0.0807877802974793
0.152449178710258 0.304813187184008 0.341261419102556 0.201476215003178
0.16967799109593 0.161738529134215 0.174517352412794 0.494066127357061
0.268524980127946 0.213119935982616 0.271486772784773 0.246868311104665
0.0574884810488364 0.546997693383407 0.275824329786791 0.119689495780966
0.191803894814354 0.4591808746521 0.304707378571677 0.0443078519618692
0.375280931480438 0.118642810539607 0.367790069075149 0.138286188904805
0.176234118864625 0.1643409309637 0.35403997121626 0.305384978955415
0.155110500427996 0.294065468637738 0.444550649462209 0.106273381472057
0.11812570682507 0.474937700601041 0.35524809302048 0.0516884995534088
0.287398477160844 0.0624440584711761 0.318630497902703 0.331526966465277
0.0311315569907707 0.288855888644184 0.269557438354353 0.410455116010692
0.240696066403705 0.19069467653461 0.352704003262329 0.215905253799356
0.206226987057654 0.348890912024729 0.251417011389471 0.193465089528147
0.183731088249915 0.126603350195766 0.337173523095283 0.352492038459036
0.195181809006451 0.24791150656119 0.247482611514862 0.309424072917497
0.295287610364167 0.390835122769044 0.0725438045871396 0.24133346227965
0.152891053232437 0.288139477946684 0.134263197028016 0.424706271792863
0.022551353126737 0.396607409598047 0.573662581958839 0.00717865531637674
0.0981641914150425 0.015184940554989 0.606189938059682 0.280460929970286
0.240726017018033 0.20948323447204 0.306372904760684 0.243417843749244
0.4135258139522 0.450219224596718 0.0410992769425466 0.0951556845085357
0.128347173332421 0.104323889809793 0.309659866774149 0.457669070083637
0.35822639167546 0.317528923976471 0.00382723735236403 0.320417446995706
0.00369349199339379 0.327022062151428 0.0452727011184725 0.624011744736706
0.038605770602425 0.217359832494017 0.384596818891227 0.359437578012331
0.175261397609665 0.220326755566831 0.416239881074831 0.188171965748673
0.193006376958048 0.457133388268289 0.0704844180088988 0.279375816764764
0.197415301004958 0.262473898453095 0.190228656429071 0.349882144112875
0.135403353855439 0.34318856898413 0.28840212260283 0.233005954557601
0.0159236445362726 0.0357575820326541 0.850060290385988 0.098258483045085
0.393757582673189 0.372153395709657 0.142388812486821 0.0917002091303338
0.447825642799753 0.421418286616662 0.0531897376702634 0.0775663329133219
0.277567703970443 0.301296487945019 0.285094912683327 0.136040895401212
0.224895018668225 0.116629893274727 0.569056643386822 0.0894184446702264
0.319991741413025 0.0296595384617378 0.351998126268911 0.298350593856326
0.158814267558434 0.436652914981327 0.39145891855526 0.0130738989049789
0.014475353574184 0.675821497860025 0.0406092908274903 0.2690938577383
0.0368468157778503 0.323630022506446 0.321764115751864 0.31775904596384
0.289488896554382 0.0656907135465614 0.323824833908313 0.320995555990744
0.530185666875186 0.121702859468589 0.295842959194723 0.0522685144615025
0.143203649141402 0.293372794612751 0.345302156976491 0.218121399269357
0.32093737597259 0.264261769290211 0.318430228951919 0.0963706257852794
0.248330820299133 0.190081581129521 0.409003874268252 0.152583724303094
0.337619362109227 0.253436476092398 0.088391509369257 0.320552652429118
0.38011163724044 0.324675804510357 0.177529745196976 0.117682813052227
0.424638804875648 0.0526251073166567 0.292165346226188 0.230570741581507
0.390046660061003 0.145517266418448 0.0618010626445472 0.402635010876001
0.287348397001105 0.222611782398836 0.1494964715399 0.340543349060159
0.318603240390569 0.160578706440755 0.333246782524524 0.187571270644152
0.271588962586958 0.262126334597051 0.367106987190006 0.099177715625985
0.286570171184466 0.15910161752341 0.381116592712968 0.173211618579156
0.0593741418809445 0.266377747508085 0.301842692442748 0.372405418168223
0.068127318492015 0.0471041389945073 0.574228515218843 0.310540027294634
0.224028470147549 0.148871243606568 0.401552453231293 0.22554783301459
0.284186845055703 0.212070826374769 0.259944538237686 0.243797790331842
0.523091520804539 0.160133404200119 0.138397996504406 0.178377078490936
0.437004571908988 0.184452185636062 0.154200934701326 0.224342307753623
0.298277348376618 0.400299886327254 0.217328459482148 0.0840943058139795
0.417785430637542 0.262349547029101 0.28003243355921 0.0398325887741475
0.246343109110663 0.251696579889933 0.330959889750924 0.17100042124848
0.335110802847526 0.203904413542809 0.173516376631417 0.287468406978248
0.303953613278846 0.470893601573839 0.0274345627761573 0.197718222371158
0.140296823900458 0.298008228399432 0.407386356583815 0.154308591116295
0.387055511270596 0.0768913979371944 0.177547997463205 0.358505093329004
0.134951715624881 0.669026856656219 0.143632597499545 0.0523888302193545
0.40285725147943 0.400357607431975 0.110513403212678 0.086271737875917
0.114866627587509 0.251221625519712 0.267747705003025 0.366164041889754
0.232991271002592 0.468978574113916 0.122096636938605 0.175933517944887
0.514969164401542 0.0608972698681649 0.238444883477795 0.185688682252498
0.516909709454716 0.226173905267558 0.192093945949481 0.0648224393282451
0.377705202826088 0.328720301968095 0.172067443081336 0.121507052124481
0.522390453640294 0.347559162346006 0.0588580830975637 0.0711923009161359
0.538393114503493 0.085387476836229 0.176389449644884 0.199829959015394
0.198440162047811 0.0514602973605786 0.338469837050652 0.411629703540959
0.14395962374857 0.222002252437433 0.34539870616676 0.288639417647238
0.12428702601957 0.247233967407811 0.335001430610724 0.293477575961895
0.186159783303704 0.412043874026884 0.200462793322244 0.201333549347168
0.216571010103995 0.0161877581340438 0.758212109947022 0.00902912181493919
0.409267788454913 0.0626686176721781 0.274131078055439 0.25393251581747
0.211498243315187 0.168184242146856 0.321183861715618 0.299133652822339
0.0994264072129167 0.289426167847626 0.120242729341383 0.490904695598074
0.563399893986769 0.0972649000551028 0.265316480507088 0.0740187254510397
0.337579713412244 0.377356390067718 0.0925171773492854 0.192546719170752
0.0257120096023621 0.0713784768148633 0.307874363753105 0.59503514982967
0.231033273719349 0.332126044522069 0.146124444032424 0.290716237726158
0.434966355345426 0.220315009405088 0.326920416156717 0.0177982190927689
0.459108355804926 0.111630499533795 0.100118592667219 0.32914255199406
0.276439291379561 0.223268311817291 0.0901137049442728 0.410178691858875
0.210807289146243 0.415696149539673 0.367089515369477 0.00640704594460707
0.415716235655018 0.0517668035214984 0.270203000176402 0.262313960647082
0.486311444212913 0.182430693673318 0.233715667933536 0.0975421941802332
0.23627836086009 0.215597750650508 0.259918075252946 0.288205813236457
0.460575580748153 0.177982775600896 0.23011170588904 0.131329937761911
0.385070987987662 0.299580025743531 0.14373530567835 0.171613680590457
0.0797626398297814 0.316996137265849 0.130342943176954 0.472898279727416
0.0232243096299885 0.351303157332859 0.4024458755831 0.223026657454053
0.187848892264119 0.365641449435304 0.358072332318151 0.0884373259824263
0.0698104103176905 0.134678197953932 0.416072829159122 0.379438562569256
0.202596333753236 0.24175810065221 0.478335440319392 0.0773101252751619
0.13565825782739 0.337351821388479 0.506812007795632 0.020177912988499
0.126184496730411 0.403488487279062 0.349981162603087 0.120345853387439
0.33719639508205 0.089730037558084 0.176054746569244 0.397018820790622
0.336712438729613 0.0220025367151555 0.0178535814169657 0.623431443138266
0.214273754841461 0.520335818476312 0.175126909405999 0.0902635172762285
0.186948448486856 0.27125915534833 0.352962115500757 0.188830280664056
0.602494174044054 0.10165152552122 0.0484460835008255 0.2474082169339
0.205005972775227 0.215392288930761 0.310744743383541 0.268856994910472
0.230831688091597 0.246374504970004 0.18062039077883 0.34217341615957
0.178651833485953 0.184171657513196 0.519939160047157 0.117237348953694
0.659061336536832 0.239761182156032 0.0683469365785021 0.0328305447286342
0.0197691646352457 0.337478773952495 0.555817669031677 0.086934392380582
0.351106560291218 0.182019743276154 0.392429706443384 0.0744439899892435
0.337370662161005 0.116564259830493 0.0826371482964029 0.463427929712099
0.304949592267575 0.0693470396428227 0.31038651443993 0.315316853649672
0.350667521996165 0.13045222117656 0.19040917444587 0.328471082381405
0.285450979984179 0.128135728543376 0.368850196637609 0.217563094834835
0.259095003110323 0.356226359069802 0.357630081688595 0.0270485561312799
0.24724044197361 0.091082183432028 0.349310205056685 0.312367169537677
0.30805352438692 0.347204197335133 0.17622298760812 0.168519290669827
0.177259493373535 0.106530070162978 0.377940339329289 0.338270097134199
0.327746069141887 0.314467711666474 0.138035536250299 0.21975068294134
0.0980153623929992 0.347530210164123 0.0903639825467708 0.464090444896107
0.0202930921795204 0.31080368270863 0.0769303816607274 0.591972843451123
0.298095694095448 0.0788876839888486 0.47286273195019 0.150153889965513
0.342548789883613 0.1208934572788 0.159948230163872 0.376609522673715
0.199300406952832 0.469033224903903 0.256426344379477 0.0752400237637878
0.349455852343551 0.374678332817112 0.0804404393950611 0.195425375444276
0.397055268727077 0.0856441114563035 0.253775939617226 0.263524680199394
0.384818894089285 0.167814563767272 0.186504706005364 0.260861836138079
0.188539971061111 0.287546921573311 0.222083005311538 0.301830102054039
0.334118762926062 0.374542484492267 0.167946154531977 0.123392598049694
0.28490715821257 0.249774885151524 0.303098939785394 0.162219016850513
0.0230572303177654 0.552212125398056 0.388723533295517 0.0360071109886614
0.210966719012893 0.327072244183719 0.319336456523566 0.142624580279822
0.0911456272023883 0.359514991879303 0.167309561940907 0.382029818977402
0.104729819596429 0.65146948342861 0.024386708795854 0.219413988179107
0.213832630600656 0.261804780854008 0.192296066088786 0.33206652245655
0.277560572782562 0.356658396170383 0.318304485204034 0.0474765458430208
0.19019689572722 0.0859890070248121 0.34737069438233 0.376443402865638
0.216831655976461 0.557776502018858 0.151525609598949 0.0738662324057317
0.258978136339213 0.31619263082236 0.227328382072002 0.197500850766424
0.00312203155089996 0.178835253584061 0.278975300710779 0.53906741415426
0.310733828915279 0.312105963312681 0.299855588066564 0.077304619705476
0.169936383132818 0.383407786915525 0.199530086596922 0.247125743354734
0.0355901199986817 0.613359352641606 0.0238694853837364 0.327181041975976
0.125094908692191 0.3308323648297 0.101855776895204 0.442216949582905
0.271168058730786 0.14249601083727 0.273248046936743 0.313087883495201
0.163209049941448 0.00809865047851837 0.542250301459116 0.286441998120917
0.140207563087369 0.0686050757234856 0.315956264018838 0.475231097170307
0.0566465340496359 0.0944821845774264 0.461570192020732 0.387301089352206
0.236584367181051 0.345000863063638 0.227645770880089 0.190768998875221
0.533419411956235 0.0310317243481949 0.22195403656432 0.21359482713125
0.184025978060138 0.133103339449903 0.220268651867705 0.462602030622253
0.404364954106682 0.136603257626335 0.439262309568842 0.0197694786981406
0.296547758102569 0.16988238095542 0.204238561441703 0.329331299500307
0.335450506194413 0.0699594011588143 0.5100748052728 0.0845152873739721
0.250363583052053 0.245887293403371 0.111037460493575 0.392711663051001
0.455399147338648 0.457976644966207 0.026619898393328 0.0600043093018172
0.0690021071797679 0.250515859484107 0.379839880398913 0.300642152937212
0.0789313095995318 0.451794774153968 0.346513542070533 0.122760374175967
0.252173471037833 0.0328693812767512 0.460841409418417 0.254115738266999
0.23701646746994 0.264724797774837 0.272954659935472 0.225304074819752
0.353991688454338 0.275927339397472 0.131063629032098 0.239017343116093
0.323334183230091 0.150495315190486 0.235165080178933 0.291005421400489
0.270896387950529 0.519615152726343 0.104998252758256 0.104490206564872
0.304706419518224 0.217745111837383 0.271440709351952 0.206107759292441
0.297385661320807 0.300684135625112 0.313643125629554 0.0882870774245272
0.0789345548660987 0.320904689069962 0.244580874795607 0.355579881268333
0.0547023480223682 0.194786888298832 0.558859567313384 0.191651196365415
0.310113820567638 0.27939732560903 0.0962720384153781 0.314216815407953
0.538246145597463 0.232288243780259 0.0593648230848771 0.170100787537401
0.545445915738345 0.188195093393082 0.161986623015459 0.104372367853114
0.416386673560988 0.0317344503044831 0.0182042799917243 0.533674596142805
0.456131642190708 0.395136521828209 0.0973151212000339 0.0514167147810488
0.227244809429253 0.525098033202431 0.227937267913844 0.0197198894544712
0.378036593888193 0.224640213745021 0.099552316634099 0.297770875732687
0.323014191392047 0.180142957097831 0.0726072368229609 0.424235614687161
0.0769273269040773 0.255952733169143 0.310289365549048 0.356830574377731
0.222785730471969 0.47827121161668 0.174811467553198 0.124131590358153
0.249152266486879 0.197734220252464 0.223773623343903 0.329339889916753
0.169642723592692 0.0812343575072939 0.526818127314777 0.222304791585238
0.307643725518505 0.438468603295965 0.116850667621466 0.137037003564064
0.0882395341435283 0.197371012344336 0.289256413714364 0.425133039797771
0.207476545106553 0.037081639268511 0.478704643510463 0.276737172114473
0.431562673324444 0.177632727359042 0.0432157062563966 0.347588893060117
0.482480367057279 0.119464521189038 0.363627076296142 0.0344280354575405
0.0443787458968107 0.293277735829493 0.499233861925705 0.163109656347992
0.254658969467201 0.373009196152742 0.00814574445129823 0.364186089928758
0.396816260881844 0.229130881935191 0.0985477121364127 0.275505145046553
0.0535571243210422 0.313460396258417 0.31918072001158 0.31380175940896
0.294456051245938 0.261000955210985 0.255353266768649 0.189189726774428
0.188823950313096 0.285298919854684 0.3625261875507 0.16335094228152
0.176811308503807 0.321100519936424 0.212961534256216 0.289126637303553
0.186404580928422 0.268881823238956 0.235401119905537 0.309312475927084
0.467441013431414 0.114930316419236 0.347026736075222 0.0706019340741283
0.0182235824086615 0.343084169617849 0.349253106452006 0.289439141521484
0.301412250117196 0.264897209605812 0.217829122501174 0.215861417775818
0.41742463452442 0.188925740496687 0.341957831244938 0.0516917937339547
0.368724983629938 0.169227669530199 0.349521735488851 0.112525611351012
0.00536129067013186 0.327606668804182 0.256080865447239 0.410951175078447
0.269341977354089 0.288874462372759 0.321457471142899 0.120326089130253
0.448383528985484 0.119194452161629 0.00263192406517869 0.429790094787708
0.426649204474386 0.0959551893298899 0.188767041271738 0.288628564923986
0.432555260312042 0.19550349146022 0.179058626712514 0.192882621515224
0.393238630641572 0.064656948220334 0.430645490478265 0.111458930659829
0.290662944298775 0.600995592145273 0.0873014547215446 0.0210400088344074
0.127031243901609 0.235071163593818 0.118206324537658 0.519691267966915
0.210870748875209 0.379416479840852 0.0723736323882486 0.33733913889569
0.28818768029566 0.215560895441637 0.441611246533447 0.0546401777292564
0.553270034629184 0.104717897572791 0.0548392851538758 0.28717278264415
0.262296197793352 0.438204245791405 0.140142812937967 0.159356743477276
0.450618316394436 0.388611707970912 0.14450569240481 0.0162642832298419
0.34331065501583 0.224411062257709 0.0399594426241507 0.392318840102311
0.253425331855974 0.226706694375357 0.234352369499795 0.285515604268874
0.233623994496806 0.284664646794775 0.285941258598926 0.195770100109493
0.186759080590856 0.370181519300911 0.344347279182616 0.0987121209256173
0.19316315730669 0.0539390626763576 0.375953111760086 0.376944668256866
0.214394591866425 0.147010604033534 0.0584614832221421 0.580133320877899
0.236558094097273 0.254107424830173 0.35813750123043 0.151196979842124
0.185689551074991 0.239693121941772 0.293137557840661 0.281479769142577
0.2957517841827 0.233589927377572 0.215987914569392 0.254670373870336
0.115263376960573 0.387756434725532 0.303210258425892 0.193769929888002
0.376484283069919 0.180138210832305 0.374107658190365 0.0692698479074106
0.106201555377067 0.438134284085396 0.156207554787811 0.299456605749725
0.395289403678281 0.273836317045378 0.190040314264876 0.140833965011465
0.357209218315631 0.368661194309499 0.192375335208078 0.0817542521667917
0.131984326934549 0.167532354037863 0.443349315159601 0.257134003867987
0.345051493658552 0.114844064844835 0.325366256079916 0.214738185416697
0.335409608336198 0.0226947339860137 0.359975944674526 0.281919713003263
0.106535746141602 0.343447139847293 0.240117544807291 0.309899569203815
0.239935982338724 0.286162042105938 0.262404356719469 0.211497618835869
0.0973382470763111 0.325576890066608 0.241326631271275 0.335758231585806
0.0469340917191785 0.210935281648632 0.386333123671481 0.355797502960708
0.218936087951725 0.29910545932382 0.218219206442686 0.263739246281769
0.411104860433056 0.397051597153545 0.128892713494361 0.0629508289190382
0.326694181817698 0.276132562179853 0.0753769257352458 0.321796330267203
0.268550837987645 0.342442764892169 0.241393761624307 0.147612635495879
0.666563767860611 0.0516801871038336 0.218601655463067 0.063154389572488
0.166544675420774 0.465057162906068 0.359645866957654 0.00875229471550321
0.189234398969142 0.555482317427412 0.249225475320822 0.00605780828262395
0.235632682413446 0.126443507057038 0.51530354280934 0.122620267720176
0.16229720234369 0.47115505466213 0.0540356304420721 0.312512112552108
0.197581336566424 0.224998381689869 0.335519079756214 0.241901201987493
0.33923016517176 0.103045466707678 0.393210165100691 0.16451420301987
0.257258180721041 0.0275105083194535 0.271036929624895 0.444194381334611
0.10320872184153 0.205643931726553 0.395959670375965 0.295187676055953
0.255647741373221 0.495924911804882 0.212202917463794 0.0362244293581034
0.289232820629996 0.324809365296121 0.0870852530858927 0.29887256098799
0.217198502498081 0.128996437890002 0.246975349404815 0.406829710207101
0.122936763667579 0.438466073365799 0.0726639338500338 0.365933229116588
0.288510338236809 0.259925325283903 0.288452678857899 0.16311165762139
0.324127810565617 0.311462295894862 0.343041131038633 0.021368762500888
0.505571816535045 0.113865742230751 0.0241865320636604 0.356375909170544
0.396819574083471 0.11004989024559 0.0334395682048139 0.459690967466124
0.450155874957701 0.407991833320891 0.0886825892936682 0.0531697024277399
0.408590380288892 0.237022542401933 0.274564923879011 0.0798221534301646
0.184821684281524 0.167557135260352 0.408387368433356 0.239233812024768
0.14805878104225 0.0227499936874546 0.446414470841877 0.382776754428419
0.3612396778874 0.208541936441182 0.253018648387028 0.177199737284391
0.0670368016456632 0.294742737898423 0.284755418762801 0.353465041693113
0.0175372218899831 0.234870783780077 0.537091590856755 0.210500403473185
0.400628022114364 0.153185113470236 0.0728081083746338 0.373378756040767
0.31304926104352 0.203147056747935 0.437813178161474 0.0459905040470711
0.225394677547261 0.247935957172994 0.158444759278865 0.36822460600088
0.309715740848185 0.2883017345826 0.266362144878985 0.135620379690231
0.239597851762639 0.000568149580270416 0.153588392102401 0.606245606554689
0.226330144497869 0.104101101941579 0.577707418467129 0.0918613350934227
0.0582966180221789 0.274560234205166 0.335230218270583 0.331912929502072
0.336067006823189 0.0802492764927816 0.18945733215184 0.394226384532189
0.217847423858801 0.212508934371607 0.24240960545458 0.327234036315013
0.0590694215944382 0.459951459120331 0.231915656426597 0.249063462858633
0.131074124108823 0.336587387827021 0.307032225691912 0.225306262372244
0.308587910714741 0.359641820507935 0.0824632460167272 0.249307022760597
0.306743742052271 0.233462636903604 0.245243401167817 0.214550219876308
0.00570075497602929 0.366299603432898 0.427314498475323 0.20068514311575
0.264774837334288 0.285327455022034 0.233670164375414 0.216227543268264
0.347586570041601 0.356964777757067 0.00410743793231805 0.291341214269014
0.197981325954042 0.185451057888217 0.457681867836712 0.158885748321029
0.0696315650295656 0.297892663057883 0.236246327302117 0.396229444610434
0.164262168186271 0.407186721339948 0.130295202392632 0.298255908081149
0.429869614471542 0.128133137871399 0.0517342006305315 0.390263047026527
0.244798385397717 0.227965775541113 0.0459376792758098 0.481298159785361
0.262989558150502 0.392456238143367 0.0318613827696809 0.31269282093645
0.537510104670855 0.263822477341134 0.0961176089901683 0.102549808997843
0.474636817216216 0.0828091497220041 0.267434894755936 0.175119138305844
0.36198756102203 0.0701357891820689 0.225064394957279 0.342812254838622
0.314332963237114 0.153962090200618 0.273920654447579 0.257784292114688
0.27146652017122 0.211825526217439 0.358658818959622 0.158049134651719
0.0248327638817514 0.118858031210541 0.511869906373465 0.344439298534243
0.00615877395289978 0.330691307830261 0.371340590753034 0.291809327463806
0.251579145874715 0.246781486284581 0.291931359595498 0.209708008245206
0.0235458285487749 0.172312647624568 0.459863570175331 0.344277953651326
0.311694670523391 0.324483477624354 0.0330968536254163 0.330724998226839
0.0234389864268076 0.289043707234084 0.288569108122719 0.398948198216389
0.476895772454765 0.37605254497203 0.0753571146095875 0.0716945679636175
0.162762320422692 0.354579948646295 0.400220599896917 0.0824371310340954
0.149849974703321 0.238865759909216 0.291948206892774 0.319336058494689
0.180833050783855 0.145962038269088 0.258404243391672 0.414800667555384
0.395214916025828 0.100084704138505 0.311839151345433 0.192861228490234
0.290431657380629 0.251420352948061 0.148593021065935 0.309554968605374
0.14432199209242 0.213648952973039 0.236400930547121 0.405628124387419
0.175046938396204 0.167013226440502 0.289154089826309 0.368785745336985
0.352328439466988 0.087206237367508 0.459806326684606 0.100658996480898
0.115644909319037 0.355300681101546 0.326517604010324 0.202536805569094
0.0255433921997965 0.362930993423102 0.0195758268755654 0.591949787501536
0.409564422923861 0.292408834967261 0.0559743951041216 0.242052347004756
0.307571663792663 0.132520211170964 0.160537546424393 0.39937057861198
0.0769909500412326 0.291601515038971 0.294383922495209 0.337023612424587
0.219411422032352 0.36827185219794 0.105087168411347 0.307229557358361
0.424511905232716 0.239292944182023 0.207641549492115 0.128553601093146
0.0709720590706172 0.437381286089839 0.0706595897979673 0.420987065041577
0.183121903461451 0.347187783818898 0.326727174572548 0.142963138147102
0.144790048025008 0.387493388408123 0.0915088638836301 0.376207699683239
0.566862195273085 0.230504534388684 0.159376175020461 0.0432570953177694
0.274892295877964 0.287001048982829 0.196497172019525 0.241609483119681
0.072169470121799 0.139013076848742 0.0874340705843781 0.701383382445081
0.338034481582936 0.123546805458716 0.473076351163276 0.0653423617950726
0.240346676008349 0.270304069531544 0.110428141941724 0.378921112518384
0.38997985108361 0.30964622565189 0.0867028787186572 0.213671044545843
0.233997864320455 0.116680280938532 0.302153964229972 0.347167890511041
0.18993849809181 0.365481774158326 0.0366329224834322 0.407946805266431
0.218085048557831 0.254330843412308 0.373728624893764 0.153855483136097
0.410266474002874 0.263401578123343 0.212973493784211 0.113358454089572
0.344996771439098 0.118060060915634 0.299996696261536 0.236946471383732
0.215031839445767 0.438197187567594 0.0719120524887565 0.274858920497882
0.0385013352991195 0.221639529495163 0.213353537760332 0.526505597445385
0.598203350299522 0.103366506551536 0.206014883242038 0.0924152599069044
0.415675878210912 0.358314996886831 0.0522962905335885 0.173712834368668
0.404201837019683 0.406047807472124 0.0644616702091596 0.125288685299033
0.224090129311364 0.227740870080202 0.28845072040833 0.259718280200104
0.137584366602624 0.399913300940408 0.190568369282367 0.271933963174602
0.158920473923854 0.444410663342879 0.105652634848334 0.291016227884933
0.239767694337362 0.182595511273692 0.315119972534366 0.26251682185458
0.354191120540068 0.150784473330019 0.199679698467729 0.295344707662183
0.236915954749043 0.245024599006783 0.435764239913762 0.0822952063304124
0.176436401419311 0.430315639507846 0.32626720770791 0.0669807513649322
0.221411993160018 0.0541085934024081 0.478199166632325 0.246280246805248
0.279160906674495 0.235373821674977 0.346022495296453 0.139442776354075
0.299590501806066 0.35308170564539 0.00414621167677766 0.343181580871767
0.181453108669027 0.000897674834053169 0.357171236990171 0.460477979506749
0.209861617473582 0.072264062965895 0.293456805802115 0.424417513758407
0.289540809734892 0.134969367116256 0.269545428860872 0.305944394287979
0.156126709614246 0.192979415170005 0.21554784493695 0.435346030278799
0.317772508947496 0.0341841453666942 0.360071788561971 0.287971557123839
0.215829326903706 0.312339392792888 0.308879795418406 0.162951484884999
0.227561055596332 0.591961443718406 0.0351720962502335 0.145305404435028
0.25910099711376 0.359989129813236 0.316919927016528 0.0639899460564752
0.0708298490995735 0.279169657680086 0.345130983121157 0.304869510099183
0.221394544925976 0.273305530018061 0.352286913943109 0.153013011112853
0.360387792896214 0.397802937865787 0.0359389913957463 0.205870277842253
0.250928381439882 0.153075713617553 0.294265421385912 0.301730483556653
0.208838992508463 0.332761344534752 0.369553374149738 0.0888462888070465
0.125006438572459 0.191620147830725 0.38337099708182 0.300002416514995
0.270548975151197 0.358564771470577 0.246122548372082 0.124763705006143
0.302226032327818 0.328593122682625 0.0606032596709528 0.308577585318605
0.097760770905245 0.192073486093197 0.36619167785 0.343974065151558
0.320861132909614 0.153142287027188 0.203667763657457 0.32232881640574
0.0559861152783549 0.314097907722458 0.20502124990857 0.424894727090617
0.305341610346236 0.142221617900701 0.331612749942171 0.220824021810891
0.230739639957814 0.45875643397203 0.0596057770302079 0.250898149039948
0.319064873060391 0.146339356035138 0.231752898563658 0.302842872340813
0.169848723615321 0.36810351184674 0.328517663718005 0.133530100819935
0.261405048412209 0.296332593820524 0.307622764998975 0.134639592768292
0.274836388268543 0.239773668764606 0.0416734239301875 0.443716519036663
0.169514632877686 0.20224054479805 0.315787949441608 0.312456872882656
0.108057041354864 0.549093485348012 0.268470700301249 0.074378772995874
0.164464299787057 0.570807123275663 0.0833937526330299 0.181334824304251
0.206875738665941 0.356289359557039 0.163666048354957 0.273168853422062
0.0927809183282238 0.318190690181777 0.270070983110621 0.318957408379378
0.0420974202472924 0.197060751790294 0.486147770787302 0.274694057175112
0.242529057887235 0.372328284611591 0.349161493605275 0.035981163895899
0.00800315812692557 0.18862760700774 0.42285417962576 0.380515055239574
0.312192251039907 0.145994679369189 0.222964687367887 0.318848382223016
0.054111063625984 0.465231148370537 0.208699863033149 0.27195792497033
0.395555729287577 0.300145973832312 0.0150831383236038 0.289215158556506
0.312180861098853 0.148607450800187 0.332897749502319 0.206313938598641
0.525730474837757 0.134710924766566 0.326718128615579 0.0128404717800982
0.411846443754974 0.0940558547700767 0.394878552219012 0.0992191492559369
0.246772023116415 0.384825629828448 0.0880388022830457 0.280363544772092
0.310020563991108 0.311144117876536 0.0368636907743543 0.341971627358002
0.192927913520507 0.0762610312185532 0.182633173679447 0.548177881581493
0.124974622049455 0.381070302162375 0.434230281962139 0.059724793826032
0.0828517824345292 0.094458344273569 0.399030939093187 0.423658934198715
0.292386597718039 0.122544512179604 0.276262043744874 0.308806846357484
0.172378765496499 0.334681151814521 0.0720229953602305 0.420917087328749
0.492647012866261 0.0554675123913862 0.241007616882803 0.21087785785955
0.05620167306567 0.177449593774237 0.117803548415957 0.648545184744136
0.211404611581068 0.443546970520557 0.186783149478301 0.158265268420074
0.00501890698452248 0.283609224429125 0.281227851411078 0.430144017175275
0.33488970550414 0.292759776541362 0.237290530643884 0.135059987310614
0.397064721386881 0.275363356577504 0.105592725770603 0.221979196265013
0.312564255840583 0.128424649568052 0.21434846101877 0.344662633572595
0.222935386468335 0.242116416935901 0.265822659507554 0.26912553708821
0.32633109046543 0.272214615378833 0.20789626275068 0.193558031405057
0.221472175024219 0.236612380505868 0.281352779197796 0.260562665272116
0.288496695302703 0.292226918805847 0.118740696569381 0.300535689322069
0.276468236791567 0.266027819093206 0.160823407738902 0.296680536376325
0.0536527326141784 0.113758473344436 0.349422521469733 0.483166272571652
0.378100310442973 0.158918198314433 0.00264961389962476 0.460331877342969
0.0941061143354038 0.231318171219903 0.409969554924188 0.264606159520505
0.233738615973978 0.402564324495132 0.152706853576481 0.210990205954409
0.205211692953512 0.221780097126689 0.210177891547175 0.362830318372624
0.246972048557216 0.264779457008499 0.294279507719333 0.193968986714952
0.156972163988642 0.283432035111439 0.231398345972097 0.328197454927822
0.439292646337361 0.143073642728989 0.0490029214988253 0.368630789434825
0.313015444815916 0.198271763239319 0.244820580260511 0.243892211684254
0.276551383510562 0.209100981605825 0.43635481982965 0.0779928150539624
0.372845600387484 0.327385330361406 0.25212667414798 0.0476423951031304
0.232953913331057 0.279179426116701 0.333757546357533 0.154109114194709
0.160310219082444 0.287239785117272 0.286595629577016 0.265854366223268
0.164159191599146 0.192756181572902 0.184591603627501 0.458493023200451
0.300451665439978 0.210634506459056 0.102524552881978 0.386389275218987
0.231043216816664 0.188949365359269 0.304808238297426 0.275199179526641
0.36835538177657 0.0293242035216813 0.394883858883269 0.207436555818479
0.218677482401215 0.294592236190646 0.366256088931576 0.120474192476564
0.172345745255226 0.174560783740357 0.257175604540067 0.39591786646435
0.381424457507891 0.137601920226573 0.192794377418758 0.288179244846778
0.037136471418757 0.00474185459515162 0.508457479912339 0.449664194073753
0.102654978716888 0.139963142231074 0.45209278600911 0.305289093042929
0.436367365234582 0.329711179953309 0.105806767938831 0.128114686873278
0.321399548479534 0.402736024725111 0.0861627089083254 0.18970171788703
0.0457755006880839 0.30986848061991 0.278968131208564 0.365387887483442
0.107914724816589 0.427947379875594 0.265486369629066 0.198651525678751
0.272514794807975 0.245830772868582 0.219334196145827 0.262320236177616
0.00418584634086489 0.223743556323348 0.281992882614846 0.490077714720941
0.305156100154154 0.136589876233626 0.317342044823008 0.240911978789212
0.271007238634508 0.161565744179878 0.316149218019435 0.25127779916618
0.329546397539341 0.0474898142327868 0.214198490519292 0.40876529770858
0.35290153664928 0.209040049636351 0.367643910324566 0.0704145033898036
0.0190324833941944 0.478264469320565 0.112230986961014 0.390472060324227
0.11533877030589 0.319836569163248 0.535167150831167 0.0296575096996953
0.44498253516407 0.242898610968854 0.23587089439307 0.0762479594740062
0.261139345147085 0.180432324835957 0.276648373121769 0.281779956895188
0.117203498077027 0.232534206979261 0.400512772678527 0.249749522265186
0.164708543729663 0.304343340546545 0.411366928554537 0.119581187169255
0.0478707000164491 0.0717912385903556 0.356163168822618 0.524174892570578
0.196809215426958 0.280061901530426 0.250387921428464 0.272740961614152
0.185209053398208 0.0315375046101783 0.329836212222623 0.453417229768991
0.134659358471984 0.411844313651245 0.300756086456713 0.152740241420058
0.527312790313629 0.0297227529532294 0.135704479415481 0.30725997731766
0.0861742607839307 0.283431829252579 0.153439152099234 0.476954757864256
0.0685384360745435 0.307084265795429 0.322384322152993 0.301992975977034
0.315046554602093 0.195015512379579 0.304961183316629 0.184976749701698
0.00131164031187574 0.218564137642461 0.405534483292783 0.37458973875288
0.356615438460045 0.167643795047917 0.149090406216548 0.326650360275491
0.175113309243391 0.294987524422035 0.199459741001976 0.330439425332598
0.206748914708245 0.353600085955281 0.343122057349405 0.0965289419870681
0.062174748961975 0.417745992575336 0.486647193045343 0.0334320654173453
0.143410897270993 0.331700127360553 0.44668370298997 0.0782052723784833
0.367887278563584 0.231074397076878 0.10558145559888 0.295456868760657
0.565531415816378 0.3000616878129 0.102416265860335 0.0319906305103875
0.163107681306164 0.304534649968215 0.0555998978709706 0.47675777085465
0.296337914333646 0.371504022351942 0.311479414423815 0.0206786488905967
0.0987676387423401 0.474787913032681 0.133307701674282 0.293136746550697
0.528831928673976 0.0261513838762265 0.153194875386271 0.291821812063526
0.298721757750793 0.382154211247715 0.15570342600377 0.163420604997722
0.12529205689959 0.374489353488355 0.273332530476543 0.226886059135512
0.326947292662913 0.353604837949179 0.248129491026877 0.0713183783610308
0.30002636947577 0.360351094084487 0.305235382890049 0.0343871535496937
0.219248575960192 0.115668810727334 0.573163296663119 0.0919193166493544
0.358010715734375 0.140125149780258 0.401644742174646 0.100219392310721
0.221977488365932 0.287630676382694 0.303071676090688 0.187320159160686
0.255022585072928 0.253979779639326 0.466919582763212 0.0240780525245336
0.344283849055372 0.300419953338595 0.0793905239923288 0.275905673613704
0.235959666942684 0.172616036099423 0.194756866465549 0.396667430492344
0.185640315956259 0.389219363536849 0.0937103713765744 0.331429949130318
0.341045694638329 0.493998648629589 0.0125183845133849 0.152437272218697
0.377789946109778 0.287743812228015 0.114390347669979 0.220075893992228
0.00415736646504585 0.136868980340062 0.257443878303113 0.601529774891779
0.205477526354573 0.0981314584171892 0.306753838745619 0.38963717648262
0.319406147904032 0.194819470627745 0.403145121682289 0.0826292597859345
0.326889427235081 0.134313089161925 0.281228981638313 0.257568501964681
0.197632706328369 0.256133935958198 0.291728371208581 0.254504986504852
0.436992276931828 0.318284530905958 0.0744443717885137 0.1702788203737
0.0610442201119424 0.338926386716595 0.0717376057058913 0.528291787465571
0.246185957989004 0.165098174342545 0.248202861290069 0.340513006378382
0.290241077285156 0.298647139429818 0.318109739828933 0.093002043456094
0.0226011334210501 0.376975666960436 0.494432718492829 0.105990481125685
0.351716636825915 0.284057140240813 0.201490325869332 0.162735897063939
0.307047682186773 0.410072084817853 0.0523517792026 0.230528453792773
0.2250049534193 0.199234260334447 0.145109802819907 0.430650983426346
0.119585816298725 0.403622769791323 0.23012233086084 0.246669083049113
0.287365114308698 0.367600463595577 0.332856046828781 0.0121783752669443
0.28396518661345 0.649243168283357 0.0266385831888901 0.040153061914303
0.102119157912608 0.308435134305324 0.364704749248106 0.224740958533962
0.211611672632481 0.143344418919335 0.43345602530333 0.211587883144854
0.311376683375708 0.240008772327926 0.178249061233973 0.270365483062393
0.0470550593272125 0.100831566104038 0.307564172916445 0.544549201652304
0.251876533088869 0.0223412758997372 0.347586368209347 0.378195822802047
0.138351689878349 0.347637028181355 0.030839605035286 0.483171676905011
0.350055568638499 0.102214474798981 0.191315961773378 0.356413994789141
0.151137913234378 0.165567587442033 0.274912220201006 0.408382279122584
0.358694857077571 0.218914947630338 0.0572848884836922 0.365105306808399
0.341761035900625 0.0430952102040149 0.377735414789518 0.237408339105842
0.469129215521809 0.19890518767449 0.155976622717986 0.175988974085715
0.366460480881287 0.0803006997937055 0.443920214819809 0.109318604505199
0.267951133215878 0.308305423483762 0.116165691345258 0.307577751955102
0.00709158341824417 0.452771013010378 0.0666477730588741 0.473489630512503
0.37059524300251 0.330670286749135 0.11312641035698 0.185608059891375
0.465505352552131 0.252070399711335 0.0617776777048431 0.220646570031691
0.0334118954803596 0.483274883216379 0.0104185428149852 0.472894678488276
0.139828811197829 0.283822843544966 0.248595779995959 0.327752565261246
0.161865049271538 0.0810945014959647 0.591310476664211 0.165729972568287
0.242877198330903 0.430128248656194 0.303505170469441 0.0234893825434625
0.351267210548582 0.435751456726606 0.0926183262854992 0.120363006439313
0.391787707141544 0.336409788145209 0.0980428206633027 0.173759684049944
0.312167485437496 0.302987689262616 0.211367391273686 0.173477434026201
0.180366769434741 0.0830934546668413 0.454185264459742 0.282354511438675
0.485805546782716 0.019054637360881 0.0270096173048713 0.468130198551531
0.213075186802958 0.272978735579131 0.129272347452334 0.384673730165577
0.312079740422729 0.125402071639829 0.284589101270869 0.277929086666574
0.0781094945455746 0.702139107481888 0.0511447854980138 0.168606612474524
0.215124283101942 0.0249000453003359 0.314806257873406 0.445169413724316
0.124958044150783 0.0448351125103271 0.493431649986685 0.336775193352204
0.272166266692294 0.0828801138435322 0.3408418286717 0.304111790792474
0.334249833479432 0.281081700796963 0.0556822467520873 0.328986218971517
0.326154624065101 0.125291193877331 0.161476672438676 0.387077509618892
0.316876162131794 0.213699058217529 0.0649562136304615 0.404468566020216
