0.154120460309724 0.0475442569371567 0.259349203124793 0.239007959120609 0.0759220167217039 0.0202075869907314 0.203848516795282
0.0940899982010802 0.00410609752855422 0.234779730403935 0.270643384589647 0.244278894019805 0.0843144995616245 0.0677873956953548
0.213297181598351 0.0672170815838341 0.14453895711744 0.0767973068580893 0.16314026061151 0.263243597506731 0.0717656147240447
0.12310842452144 0.160279326029461 0.214857314293876 0.139342196026878 0.150996756939761 0.102095016749843 0.109320965438741
0.107063130884811 0.178879074761421 0.1716949084649 0.195806771968495 0.139614000828211 0.0404296118601625 0.166512501232001
0.23359210572079 0.0600146693655996 0.0653073671703865 0.116265907275861 0.217097345174038 0.214668630803196 0.0930539744901291
0.116337422051248 0.153334219367899 0.173895157528813 0.125764769201808 0.147350645637006 0.146793394513348 0.136524391699877
0.0916369337799919 0.181781006246817 0.222639168889403 0.151471457327844 0.0862389437167924 0.110719846365479 0.155512643673673
0.0539166967422318 0.283362395829024 0.235337302035118 0.0206232479248476 0.0023742712988359 0.292151430153407 0.112234656016536
0.169070874092597 0.2043097627129 0.252431252887054 0.0302385655731585 0.0271357019473715 0.265919014628063 0.0508948281588555
0.168337192426237 0.234127103661755 0.0843817160381801 0.236462229387203 0.0287590021577152 0.0346022876308841 0.213330468698026
0.161202773086069 0.0543695339468572 0.331793335924909 5.11094240300833e-05 0.215025704581596 0.130600990784706 0.106956552251833
0.0852589852156402 0.313105524061184 0.126456851155944 0.0882783122763511 0.255273091882336 0.0705210422778322 0.0611061931307129
0.198364060395369 0.151457789674994 0.164617519847504 0.140781669629849 0.104166513060099 0.0523276964472409 0.188284750944944
0.266220144825033 0.106330518489964 0.335399757620844 0.0520105723994195 0.139015951064544 0.0897143058244194 0.0113087497757759
0.0892936266103331 0.173197775810983 0.167850735702169 0.157919126657977 0.0778461987472638 0.188107425363807 0.145785111107467
0.159992309464472 0.0683348206996821 0.113587297272221 0.23041649745508 0.185184313649743 0.00885727402009593 0.233627487438706
0.113322076191856 0.015756214224637 0.0374681665343154 0.234590589514766 0.263680402604626 0.253120009304733 0.0820625416250665
0.205620199562558 0.0625921145189032 0.209918025187667 0.241513432065788 0.00317121708894509 0.0884310181272343 0.188753993448904
0.311327833149109 0.27620815606814 0.240626337391448 0.0315505103528526 0.092332106275556 0.0265752261522468 0.0213798306106475
0.123885875776275 0.015406081012015 0.183144256147879 0.223056888917025 0.211868999617393 0.1373817547672 0.105256143762213
0.0059954923321215 0.0159879147936963 0.00638052963344103 0.189038430969157 0.269205789694374 0.136337741744707 0.377054100832503
0.286865453268493 0.154491460802188 0.0892542401751843 0.0965617099625961 0.0504545960289084 0.0178209006979981 0.304551639064632
0.0954012874157456 0.0381693590168169 0.0207016559369619 0.0681046810720573 0.212061423528125 0.359129904890021 0.206431688140272
0.191480676597135 0.104089135127772 0.0495982299581395 0.0360846991874559 0.0286088328006977 0.277472681555465 0.312665744773335
0.251718695160398 0.0507302424487805 0.170875047651339 0.152872465100212 0.129814317989335 0.157825916083965 0.0861633155659706
0.363720482335798 0.259370528334279 0.0667718094205223 0.0647877267800607 0.0014496501932876 0.202316298540751 0.0415835043953014
0.060886127100938 0.170365419074307 0.227286384291221 0.0608349117189033 0.148436186294207 0.212496359206882 0.119694612313542
0.17273369171716 0.0721952102122822 0.109893245569003 0.225531139953493 0.154206239683017 0.125929658011754 0.139510814853291
0.264908218754096 0.158209236691423 0.166498844058626 0.0813155588623277 0.249934327273617 0.0241654191074203 0.0549683952524902
0.174596762286124 0.0420613949539033 0.120784208900711 0.157900766887392 0.129440788052893 0.199720760041148 0.175495318877829
0.221586462638155 0.183862358979413 0.132537756734664 0.272906295436393 0.0250326622702788 0.088295452172599 0.0757790117684976
0.158427243356826 0.142360569327817 0.152598710680733 0.0181698047441009 0.23109223250575 0.0788853498656876 0.218466089519086
0.180750327153952 0.246373319796577 0.000211672623853511 0.0756748925600987 0.0325391940184158 0.22607536177494 0.238375232072162
0.118111111807553 0.0772168026125868 0.182782318193301 0.168442035929745 0.127236143190597 0.1590709186603 0.167140669605918
0.0557270237174662 0.11096779394452 0.111319324750437 0.251498937125351 0.215079377234038 0.0967586583202151 0.158648884907973
0.220487720574171 0.183632390843469 0.0433097579478101 0.162756213511083 0.172064151310392 0.106094974093216 0.111654791719859
0.14319951578442 0.0428063144256029 0.219670496781663 0.22288698679341 0.0186287663779815 0.247880271932598 0.104927647904324
0.17164046185932 0.00707414829339225 0.0950990075217299 0.246820814626063 0.156978412751349 0.269804978663724 0.052582176284422
0.134735273538417 0.184320557364766 0.189051942771827 0.043356345216044 0.202635892275662 0.0502124017544267 0.195687587078857
0.130197221688014 0.19681441232395 0.187111324583729 0.0998638081905616 0.0815871043443292 0.153585879899933 0.150840248969483
0.199151728281888 0.112408923074435 0.0515158196332117 0.158344568827903 0.124081675058687 0.144795701823954 0.209701583299922
0.145278165678934 0.204795237542547 0.115778623466947 0.193401085456602 0.17824549306299 0.153954341109612 0.00854705368236729
0.0431618569788323 0.229945018567311 0.204439557922301 0.022386112511035 0.298808032175781 0.0972355416142982 0.104023880230442
0.0711146567988803 0.213092739101707 0.150481711036643 0.139651294685354 0.139336963263469 0.139354180333079 0.146968454780868
0.268155267318948 0.137351959618497 0.17260319981976 0.00584638343989436 0.11143520581049 0.102099523468008 0.202508460524403
0.0523024968640198 0.193720226780413 0.0476556546983738 0.244316924465906 0.0608425669812078 0.20119580221795 0.199966327992129
0.232749386835207 0.351412215694746 0.166047494451057 0.091384736645839 0.0413346961715474 0.0336485657785624 0.0834229044230416
0.0720953686117914 0.215540822361848 0.265145437803115 0.0788394280849455 0.0672727060361977 0.0735525270634711 0.227553710038631
0.0674977713209301 0.218665801230247 0.229909628150672 0.0305670532955265 0.190552871672313 0.159300365224753 0.103506509105558
0.0596998910370067 0.00421839211704775 0.0859475097401578 0.0263723655500828 0.334982970964689 0.370529126034004 0.118249744557012
0.259164753665053 0.207229300612632 0.0531046724702666 0.194208347330332 0.0726017892070496 0.100986079101683 0.112705057612985
0.0437342891236917 0.151697012038805 0.112040166282067 0.140821275742708 0.224845523510555 0.100285279096789 0.226576454205385
0.0969301880751802 0.0542268488563456 0.160486175508795 0.235464801385444 0.0760321543889628 0.15522846722393 0.221631364561343
0.257219700294046 0.146750212088126 0.0692502970170048 0.200871555119997 0.0751433438483605 0.0834066498955149 0.167358241736951
0.140793657329631 0.0127995053604117 0.246203628728531 0.286775477902672 0.0366603738432005 0.127356772842828 0.149410583992727
0.256570433060283 0.239285753155473 0.0632579839944628 0.171519165898583 0.135401934544808 0.113832990017741 0.0201317393286494
0.289022220558404 0.105632397123107 0.0548844899546366 0.221219706730432 0.114277612722281 0.0608665775302806 0.154096995380859
0.078816829943965 0.199736585704411 0.125643828922666 0.193233898074083 0.165980294622095 0.165581698404803 0.0710068643279774
0.26035771464112 0.00599726277823281 0.0866000835978702 0.144083333644645 0.0995624951651175 0.0701475589780737 0.333251551194941
0.180726408562116 0.120453012960625 0.153849881237508 0.21114772314197 0.142069312870017 0.0739591646646229 0.117794496563141
0.155767491966169 0.14850308669839 0.195877321336265 0.191014709029304 0.0919077440268743 0.11693961402599 0.099990032917008
0.0530195677683499 0.193115019148475 0.132774294832469 0.151572566671759 0.0696140480409146 0.0309097881604402 0.368994715377592
0.0846218417508592 0.0526368906980058 0.249215776655956 0.0405817255004667 0.0152512485985539 0.184973084824239 0.372719431971919
0.155497260265693 0.151555212222544 0.147940264816558 0.176445617256571 0.122893055836584 0.0845158929248192 0.161152696677231
0.0455246596992518 0.22490963426581 0.0733506161508768 0.147299646102493 0.240853221044687 0.223177091136285 0.0448851316005962
0.156152344724756 0.454882946164867 0.055997191917532 0.064492694623921 0.108110801612276 0.11588538811848 0.0444786328381677
0.229044152007675 0.0974064314471037 0.185480674209502 0.229398519574116 0.103393614319802 0.0661597427872248 0.0891168656545768
0.089671097350703 0.121259646180016 0.191578569302473 0.234119326328984 0.285286765544434 0.0137318961207059 0.0643526991726845
0.144947909409299 0.0767637163495889 0.158082956678432 0.155827324424518 0.163409428127254 0.178612972509074 0.122355692501833
0.234995746007344 0.103456264815817 0.0585044342925258 0.142182106844365 0.132889407324363 0.229027091361459 0.0989449493541262
0.202625759344411 0.174526734091873 0.138376495940485 0.194552571834835 0.105833078062046 0.00901499547663323 0.175070365249718
0.00527291225284207 0.133202867073539 0.363610715490423 0.238344545120597 0.103509534115362 0.133460369380036 0.022599056567201
0.0273395358918604 0.0763044619316765 0.308914271241959 0.128088688731141 0.25828349572214 0.045492879882187 0.155576666599037
0.0227504826687836 0.0708533734594175 0.0705564727842784 0.219541003053117 0.154383643004716 0.197897626100621 0.264017398929067
0.165226412418195 0.172255119793277 0.17247478828887 0.0523818498732168 0.0863937182346404 0.141557355897943 0.209710755493858
0.168419898714398 0.32438641731749 0.0601167811906223 0.01559069529667 0.0188209939530097 0.102417025201151 0.310248188326659
0.134149308924284 0.193396542651607 0.129972145166266 0.0730806013442518 0.0503404447869004 0.190611112113676 0.228449845013015
0.258059008987307 0.0971854301349683 0.0785952239027768 0.101539891922958 0.283153355992725 0.0531435347160035 0.128323554343262
0.199917670212518 0.243916605299995 0.227961940328721 0.0460663070812745 0.047342201891711 0.0462625083706441 0.188532766815136
0.232968557561083 0.0227418713414929 0.148141822585853 0.185679418468687 0.041591758769738 0.0931727879535701 0.275703783319577
0.0995099959559528 0.187944326141567 0.199076305657187 0.0943468402940085 0.207804590629772 0.0476210545858176 0.163696886735695
0.213214014979016 0.183214265561418 0.0735695393777459 0.147624803703709 0.206497544597527 0.0611584215967867 0.114721410183797
0.142060185165208 0.222901452392345 0.0549457208407824 0.247682385654223 0.119472249454162 0.128843398210214 0.0840946082830647
0.176339963181281 0.12748680709468 0.0296524049994629 0.252125394385354 0.188716317394358 0.195194193602665 0.0304849193421982
0.177940701379422 0.184304373199064 0.0892293278214077 0.0735605965470971 0.117463141439865 0.168968137041525 0.18853372257162
0.186775819909654 0.125620885020239 0.0805023137798398 0.241072784967047 0.226793948510825 0.0361232604160264 0.103110987396369
0.179135213980334 0.302676693830691 0.206322668278857 0.0213195865525767 0.155819483543504 0.0312203516970157 0.103506002117021
0.15120361986623 0.191673030099214 0.0187505912583177 0.163824097974939 0.016354531688549 0.212882443260253 0.245311685852497
0.270961267623524 0.116468184379574 0.241924480924119 0.0579592442032396 0.0669024724308306 0.180537755575205 0.0652465948635085
0.0343466953582566 0.408406942490218 0.0517711956684463 0.117612760381704 0.233253985028764 0.0997341123934928 0.0548743086791181
0.268507476564844 0.00336335145024625 0.122355345931016 0.195395851808136 0.143489449025648 0.108395214580352 0.158493310639759
0.109264551508026 0.0546342152665856 0.021345758200837 0.197305702545959 0.451971742997324 0.114733512777753 0.0507445167035158
0.173580400678436 0.100351907081393 0.0575256019150236 0.217959103811407 0.234816257444374 0.118965261983467 0.0968014670858995
0.234363951081565 0.152542020333285 0.119742508690278 0.137904988084308 0.0899155344986146 0.200329054481676 0.0652019428302734
0.213231147487057 0.280461699197331 0.0982625979331764 0.0107991295129359 0.0997844482021605 0.199781299105003 0.0976796785623375
0.130958246892809 0.188499687313174 0.191245314690488 0.153636379699392 0.119926627762876 0.108769437056708 0.106964306584553
0.187887675573205 0.108551737060369 0.178354718960045 0.186450016167762 0.0733256105414427 0.0468130888127409 0.218617152884435
0.236762417396552 0.197719809935561 0.00481696679414761 0.0785131739089492 0.136600148999693 0.258033109887102 0.0875543730779947
0.185182313341996 0.153828598166839 0.286059627489177 0.0501277018083143 0.133986532269592 0.047524254673194 0.143290972250888
0.00405588034870838 0.22692291075106 0.112697159644144 0.0915178469633206 0.070659278269912 0.217934018486815 0.27621290553604
0.0882299439333789 0.0178603036151498 0.181664826437121 0.021890728048593 0.298002800441418 0.0221245177742825 0.370226879750056
0.181309084489214 0.037944618028361 0.153285584989881 0.214195521845163 0.0744797519352918 0.216968656313141 0.121816782398948
0.283420588986551 0.300223622273916 0.0244005625693813 0.0632346893034146 0.066842385851429 0.161408369087242 0.100469781928066
0.0721741135676949 0.182921128358124 0.176632336587863 0.169112196874922 0.195668513573889 0.176942651588131 0.0265490594493764
0.206111765689954 0.17917835952213 0.0900846007459964 0.113373478381805 0.178001458511091 0.0627667823696939 0.170483554779329
0.105803859946519 0.021084437860633 0.187365847718113 0.0964839007198496 0.262763496926448 0.311413216952552 0.0150852398758845
0.193265697795508 0.10711344579657 0.0657266923626221 0.228277381514076 0.141500267870367 0.225127513321139 0.0389890013397182
0.0380186821328429 0.0975340695085217 0.222575558683266 0.135396913883953 0.178644236551121 0.119473418821984 0.208357120418311
0.138568857301901 0.0784035316289272 0.254567077870688 0.014779003551308 0.323020164198268 0.0203260722496271 0.17033529319928
0.150491915134115 0.190484820747831 0.0606573135181901 0.00722617490253926 0.211852151487389 0.179494118950422 0.199793505259514
0.0475521757307557 0.214433164992076 0.0391219597606893 0.231097193310961 0.209669422888554 0.233911672454417 0.0242144108625466
0.00771545057205108 0.299528887322523 0.0378033259189884 0.199291608838932 0.064621251985227 0.10077711902307 0.290262356339209
0.0599612183401624 0.229091667104514 0.129915456785842 0.0944873582181388 0.0354509756451595 0.26281370857832 0.188279615327864
0.16453930327498 0.233527306146504 0.00145980339001039 0.262662151572973 0.0809816656969572 0.172210833485314 0.0846189364332616
0.0981241053043293 0.18367368213079 0.258610309871493 0.117486064350429 0.155141214318673 0.0240749027169888 0.162889721307296
0.292393108329025 0.277762889646277 0.166734748361795 0.0669061268243248 0.05042944001956 0.133773692081407 0.0119999947376107
0.104388810343379 0.0459205610357209 0.207983174675095 0.23655600657055 0.185989761172201 0.0524838634954779 0.166677822707576
0.202509103988961 0.0213517486979245 0.136193522059449 0.204263131610094 0.1831621679789 0.122298957389846 0.130221368274824
0.150120661893008 0.19772921727627 0.0290441868788737 0.0835091854657825 0.101228447393281 0.247578098250974 0.19079020284181
0.168689279013509 0.102162988224265 0.172593336691676 0.241052061221578 0.0638691521180663 0.120381599696107 0.131251583034798
0.0778253693416232 0.221532034006289 0.14254630748724 0.216241635882937 0.0389334734366032 0.263685547226507 0.0392356326188004
0.0621841750009157 0.185598817700086 0.160956532686294 0.12585066626032 0.210211290863044 0.112495118639092 0.142703398850249
0.230289426684504 0.093653091760345 0.247351173191929 0.201078337717416 0.0407708216879404 0.123685195288274 0.0631719536695912
0.0112841174172699 0.193515941703882 0.135518960085178 0.203916248807463 0.0494866398155531 0.19534279962433 0.210935292546324
0.0914570794892645 0.214239432034399 0.0416540931789097 0.164510297471234 0.189346203713806 0.197953034935877 0.10083985917651
0.16873369197558 0.00128553241596289 0.0240830691896852 0.149929172138738 0.12294544024544 0.263857540913389 0.269165553121205
0.158604758468374 0.113168278459272 0.148311876224392 0.16698393007291 0.146890100899884 0.197176992771839 0.0688640631033294
0.0641818837457147 0.214486264260575 0.363296751871464 0.203755970212805 0.0315383843965698 0.087656952405398 0.0350837931074741
0.242868708624779 0.0769002663685743 0.127020387646092 0.166659170507175 0.0700007839179885 0.0551415954976447 0.261409087437747
0.148576382419749 0.122163159087013 0.232866323119739 0.031138588389511 0.0730752511668946 0.0954570468196532 0.29672324899744
0.0798891524369308 0.149035414538725 0.0789277136337502 0.0729199582254775 0.195040278731347 0.251901080474091 0.172286401959678
0.186136998915026 0.182817189203028 0.0175631955327344 0.177257895010702 0.129854473782563 0.131427392266593 0.174942855289354
0.224718456527468 0.0663466049270369 0.212562001132596 0.186826622792683 0.0759307263539544 0.0543591716731393 0.179256416593122
0.154099001271013 0.159889302750874 0.140062399851488 0.175798468719214 0.164992824611477 0.155174313804636 0.0499836889912976
0.160689653222151 0.109871784001436 0.11297166781304 0.153716336712903 0.24768220188114 0.0430973252640815 0.171971031105249
0.25036112876793 0.0136894944223273 0.033851607293517 0.229378701484996 0.267056557479644 0.158762644168529 0.0468998663830568
0.180214937530728 0.157814547714066 0.2741157119424 0.0989768018975178 0.169944355133735 0.0894308751859062 0.0295027705956462
0.00618278264080562 0.234152380552667 0.12574123934996 0.298229346731756 0.163599399581376 0.0944838055015775 0.0776110456418575
0.262748619364897 0.191740630393698 0.176234069805575 0.119732676813408 0.109237608810608 0.13202598616929 0.00828040864252338
0.119318177760316 0.217529902768975 0.0767531541192808 0.0419415573002177 0.225224658636156 0.114240487526916 0.20499206188814
0.100604263029114 0.12162717665357 0.188868141543121 0.0778128695181767 0.126667802603062 0.232203541228761 0.152216205424195
0.0533287410296574 0.198214478612975 0.119831658330463 0.184714866883136 0.129370322615953 0.308778177182175 0.00576175534564147
0.16706104455937 0.305721606184317 0.171570549065578 0.083570885707541 0.0646009079540547 0.193121558487339 0.0143534480417996
0.0945636851545976 0.312996534641066 0.223865069194458 0.041361596062752 0.123325790572922 0.0443621662668248 0.15952515810738
0.334864945490876 0.150749385283973 0.0657064729425324 0.0945788532813277 0.118669353669012 0.129590401000351 0.105840588331928
0.035402281694061 0.256200802006595 0.0275737988172734 0.015297164809883 0.160915961546685 0.304278769411454 0.200331221714049
0.207335443506023 0.00796561452433133 0.0746993869659549 0.354893580635798 0.13378606649193 0.188218924573901 0.0331009833020623
0.0542183179260779 0.233008612117773 0.17754562403178 0.098406829530995 0.105526916986681 0.23617134822228 0.0951223511844128
0.201313189038706 0.0433244810757875 0.192919456187246 0.168973388607475 0.1129226350841 0.144719378562116 0.13582747144457
0.125002589111732 0.132719459639779 0.15318574433713 0.0650009534551014 0.181568676927609 0.155519780571024 0.187002795957624
0.00361470777854714 0.118839647414116 0.273119392725383 0.161377531678914 0.00169197939189699 0.435475627912436 0.0058811130987072
0.201124910957973 0.0283600378651351 0.0924000256065374 0.128351986317859 0.141966865681966 0.163521539497994 0.244274634072536
0.208751987709641 0.113056993116105 0.0807066589632252 0.274613904216746 0.260641391220991 0.0582530863615056 0.00397597841178683
0.243532390538571 0.159221815310362 0.025721089491637 0.101251015575981 0.234307766636605 0.225516628734692 0.010449293712153
0.0751029355714268 0.175091198034649 0.0373620903317925 0.177097148822847 0.182361364759375 0.154912775452116 0.198072487027793
0.161342369554457 0.133727343624254 0.00316167146109754 0.191819717170422 0.198819981212666 0.0978735757845201 0.213255341192583
0.157735765042588 0.129269679456973 0.207828049199974 0.142997016007723 0.169154212638782 0.165614002604017 0.0274012750499432
0.159782267113158 0.048167237465592 0.0825642920766742 0.245426759964823 0.0740631999701615 0.243408728911267 0.146587514498324
0.170468643709057 0.19613482484731 0.166534051320854 0.111135108413089 0.0784702758767011 0.0907920899442582 0.18646500588873
0.147534140906784 0.211499866688455 0.294678975070192 0.0313670335830837 0.173359833166471 0.0778452709806139 0.0637148796044009
0.158383269633963 0.0791863582935342 0.228133703476416 0.071305625157089 0.129113774608044 0.207312411153179 0.126564857677775
0.119659701437492 0.183820605065504 0.151114295409522 0.181689801644024 0.120626981373645 0.126778214272419 0.116310400797395
0.182431894361302 0.190391343742313 0.0445693956903776 0.184804150945385 0.144553019172257 0.125845520813752 0.127404675274612
0.120950115122244 0.0892627501222113 0.126536433969154 0.0432617351459877 0.195970756763026 0.0938658518540752 0.330152357023302
0.151117799637518 0.129873733917944 0.205608081583307 0.0779984350852266 0.0835310957584185 0.203987647901735 0.147883206115851
0.229359079351473 0.120845995467469 0.0841515477440614 0.116039432161611 0.0524677054640999 0.183459100098739 0.213677139712547
0.194840427311102 0.0215629105006627 0.119255723050033 0.0194465438019061 0.0143753225341718 0.418140817260508 0.212378255541617
0.00831349004669199 0.259400214829082 0.189432067696694 0.141240915100453 0.188391244474468 0.0977747467813349 0.115447321071277
0.237330333062101 0.0592157932333798 0.0974727605116193 0.207489768165478 0.0328596735357417 0.16707774648679 0.19855392500489
0.0593205411222445 0.13836411461676 0.177431836763044 0.219566793518099 0.112118497384204 0.165934747140457 0.127263469455191
0.183204567699576 0.178812560614724 0.00309857852581348 0.205354900236166 0.0904131925092878 0.203145174542876 0.135971025871558
0.260143419530186 0.211089659211883 0.0842626071619037 0.177823294015632 0.0186278222941912 0.0309001392113417 0.217153058574862
0.131269234386423 0.102356114179626 0.167753967690152 0.154432750355735 0.130302515260718 0.145642159618029 0.168243258509317
0.0704304598359338 0.302230582897151 0.250466014056232 0.0885209195847393 0.221101188053502 0.0286437107544139 0.0386071248180279
0.203217889956915 0.179347098051833 0.0805565004775741 0.17120740887599 0.259572542962417 0.0628361391717362 0.0432624205035343
0.0827176735975325 0.295325306917688 0.231492071639878 0.00539968514514967 0.192564570167632 0.0116204985733722 0.180880193958748
0.115882624833226 0.0619403567510764 0.188448967696403 0.334330215700757 0.128530106587181 0.0949637524036139 0.0759039760277423
0.0244042575473545 0.125507770900065 0.248030725729202 0.235848722298018 0.128206261652141 0.208013759763607 0.0299885021096126
0.0502834038051421 0.205818395869926 0.137220470935086 0.224454828336168 0.208627999244356 0.148931814418181 0.0246630873911395
0.0765037650757737 0.155313696006903 0.185721996673315 0.104175896803379 0.244531151207621 0.208356550485351 0.0253969437476575
0.0406943671084118 0.218224664189727 0.222445990000482 0.232874865046225 0.0842997789827984 0.0745322666259387 0.126928068046417
0.00789340842729176 0.207630535662321 0.102765147743062 0.266042014413125 0.0284551883305918 0.305942891583912 0.0812708138396961
0.22786570111902 0.0446015448634875 0.294980706319409 0.0123327291953821 0.278046763569659 0.0762760311148978 0.0658965238181447
0.33098384956082 0.0574541121252991 0.114469714886693 0.299290062196369 0.166678756273655 0.0167702043582965 0.0143533005988668
0.189225395324046 0.051589139073917 0.185632521684623 0.270857180476931 0.071636410902761 0.193573774263165 0.0374855782745567
0.253724327674022 0.0983266922315377 0.0439996654024774 0.18829831257621 0.0675021167420497 0.093374558345226 0.254774327028477
0.18824783564641 0.0100867564113977 0.115897993028827 0.217477799016037 0.245529020569935 0.193077885643398 0.0296827096839937
0.00362303821150977 0.264446269460533 0.265099541586904 0.185265573260008 0.0417123373517661 0.13018915078857 0.10966408934071
0.173897306871511 0.0336904456174813 0.0741903948272731 0.21799441102879 0.146664672381917 0.180377760970538 0.173185008302489
0.168267386391103 0.0610544594684152 0.183912242092514 0.176026057990213 0.204431341658908 0.0748287199407393 0.131479792458108
0.0527429650739691 0.122499153887331 0.110787696194362 0.2786122488376 0.291906168076032 0.101397865216717 0.0420539027139893
0.0326221303528064 0.37710135877071 0.0517536897983325 0.196666565824646 0.160825277431995 0.07775045898481 0.1032805188367
0.132026975535662 0.0206557201637974 0.0717396448348675 0.0912640387889438 0.342446716216182 0.147378047024328 0.194488857436219
0.0580395773674474 0.263072855360352 0.15746618319011 0.0572048716079468 0.170944637799044 0.236236552569958 0.0570353221051422
0.101131639136936 0.187147275415642 0.146825564720077 0.160611677013711 0.190948466997497 0.0593147535298992 0.154020623186237
0.217503635756736 0.0739197457354067 0.0595741301062401 0.130031330713361 0.22130958732803 0.131364274992615 0.166297295367612
0.179951130633576 0.016867738754976 0.305719933656076 0.273604631291661 0.00590132488704847 0.112122211139358 0.105833029637304
0.0745251422277568 0.0369966716600538 0.0728535619359927 0.171580602458223 0.190127271082508 0.196031082544823 0.257885668090642
0.178666149777816 0.0200521653890136 0.287729837513243 0.164293330997809 0.0597291723399002 0.111060468759936 0.178468875222283
