0.342494994538501 0.123323197673612 0.256854542344436 0.0453551640020444 0.231972101441407
0.140029961426425 0.218958228245586 0.157861866954351 0.249673507605318 0.233476435768319
0.19018243702369 0.0890952119591776 0.201838636495399 0.189942935028442 0.32894077949329
0.541970926929844 0.275976325648443 0.0452622837482595 0.0387280219953185 0.0980624416781356
0.258865315338632 0.155669196024882 0.239808191393342 0.0436235714916302 0.302033725751514
0.204485985268907 0.273838421815175 0.304957929445727 0.0210067863821586 0.195710877088033
0.236382405447088 0.167872970602424 0.113578851516201 0.377225150790428 0.104940621643859
0.328355110554103 0.0465334689673334 0.339224202131211 0.285750495588229 0.000136722759124634
0.208090532329224 0.266104761636702 0.0787325213100424 0.20435700549824 0.242715179225792
0.0136926288295784 0.00175339614331676 0.352661247713786 0.190058626672988 0.441834100640331
0.329198011355911 0.252793521760213 0.361060666685958 0.0100672938627875 0.0468805063351309
0.25877280954476 0.225009457331061 0.236665405293977 0.177080652972166 0.102471674858037
0.503181636922399 0.0292670955849881 0.214091610714028 0.114645857453374 0.138813799325211
0.276353497121354 0.208617920803602 0.335006641670902 0.163066728906248 0.0169552114978936
0.0417934000692654 0.357163842616215 0.0733625782063493 0.249333358156016 0.278346820952154
0.0189228241812572 0.299247844731931 0.255892975768035 0.29539296641663 0.130543388902147
0.323062992795324 0.397935276453119 0.00592460860284555 0.0264526904973095 0.246624431651402
0.217058463814806 0.28422060349134 0.343441479839305 0.08720302471144 0.0680764281431101
0.149227897443602 0.500072647665311 0.0955713869766489 0.0305857102798251 0.224542357634613
0.181521166819704 0.0183031736409275 0.467039430028334 0.324459644588142 0.0086765849228918
0.097962601945716 0.250874081282105 0.281647641837292 0.2425052207107 0.127010454224187
0.297560005366009 0.139598933095068 0.230828035921318 0.114676289265254 0.217336736352351
0.35005786031184 0.00422542211113782 0.248931578280605 0.142721098031004 0.254064041265412
0.117426951832508 0.0797117774361852 0.39814175168625 0.0048297287285329 0.399889790316524
0.288234210757197 0.0198907452107645 0.228981061547899 0.233189475297112 0.229704507187027
0.216964069271325 0.00428243160616176 0.409239885810543 0.0899961247304481 0.279517488581522
0.284679667293114 0.150344421767775 0.316557356334501 0.226768272128872 0.0216502824757382
0.479351621862238 0.0288966982862651 0.150472795754016 0.312916716445075 0.028362167652406
0.300385577192351 0.0251866335619917 0.145009888530388 0.268507541655921 0.260910359059348
0.232061964329995 0.269656212995298 0.257739414023418 0.14667785704042 0.0938645516108681
0.330418729535987 0.104287791491133 0.280386618594037 0.0230464663910363 0.261860393987806
0.170392400498481 0.127967010545134 0.270114328863488 0.215140057830785 0.216386202262112
0.290520290294818 0.204857705406957 0.231755093327394 0.0639554159331431 0.208911495037687
0.10235426923338 0.259238868459287 0.281764835845248 0.290548676239702 0.0660933502223829
0.230510263685492 0.235761774680152 0.221188870765246 0.0846376526969431 0.227901438172167
0.150284698943699 0.307146601460235 0.227925308192994 0.00694849435837279 0.307694897044699
0.14670656538841 0.255186958029556 0.24546807526615 0.110176056377889 0.242462344937994
0.248759598718847 0.330242621771552 0.0412116228323834 0.136029957665984 0.243756199011233
0.185171796735879 0.0723063330056277 0.022018240527183 0.346765511546943 0.373738118184367
0.295684173563299 0.0693141046145111 0.010001107654806 0.0245724176284614 0.600428196538923
0.28046655741814 0.21322465747271 0.156675206857239 0.113170583674733 0.236462994577179
0.300473946678889 0.0249821681792537 0.375656355190963 0.24796516290535 0.0509223670455448
0.0790853424951055 0.256899083147028 0.157806066069305 0.199514495947666 0.306695012340895
0.353349228235218 0.148932903715829 0.110165053362885 0.230446364055206 0.157106450630862
0.281831183967989 0.241441396999757 0.294246497599335 0.137131039959594 0.0453498814733239
0.196821633052636 0.0728455436532871 0.111693867470764 0.31085192416806 0.307787031655253
0.205860442676166 0.351896010995176 0.0713595805505818 0.172005243738226 0.19887872203985
0.281905831610263 0.275844293799731 0.17959026833876 0.238771467859384 0.0238881383918626
0.225912856611665 0.331102884821888 0.0375236491085831 0.315163854190401 0.090296755267463
0.150130690677952 0.038060290771619 0.163244133874641 0.287128134412459 0.361436750263328
0.338238217549665 0.0304489622888151 0.334545147159203 0.118616134180557 0.17815153882176
0.0610420065182469 0.233058803953788 0.143518355187294 0.249044920816771 0.313335913523901
0.0196526125262622 0.263528297114274 0.406781716686541 0.166757268099797 0.143280105573126
0.118937278077058 0.138759468511375 0.294073938712908 0.187581669718428 0.260647644980231
0.307379335528849 0.121890998257697 0.241491502673723 0.255131921901971 0.0741062416377592
0.2011928193463 0.169438310752982 0.2119827226694 0.208067234397805 0.209318912833513
0.0739671442376638 0.219449308174856 0.292105473972736 0.0158213495909263 0.398656724023818
0.18497729268308 0.330840386821994 0.261276264715307 0.202355845772349 0.0205502100072695
0.301444992688151 0.0843987221084846 0.284543928306886 0.254336957234903 0.0752753996615756
0.410374717028711 0.299786818544225 0.147815104556308 0.106168704243907 0.0358546556268493
0.227391040071633 0.164779889667633 0.278127262700657 0.183417945610624 0.146283861949452
0.263078314105358 0.396434661187378 0.122246954548297 0.0456520756807646 0.172587994478203
0.292311698533071 0.259461363427926 0.369307669907709 0.0752343232788839 0.0036849448524112
0.353344322431189 0.0260538459626636 0.325133320224158 0.0661623567296128 0.229306154652376
0.283389634394859 0.236375957164141 0.0886030293901393 0.296984536318042 0.0946468427328186
0.0940991152419657 0.209034397717288 0.447164396338565 0.2347744344165 0.0149276562856819
0.310900214879616 0.112224900453223 0.135254503100275 0.316188026883493 0.125432354683393
0.500758429498379 0.0366307451382631 0.0591554138116742 0.397316240057852 0.00613917149383186
0.19770922788255 0.166229508753276 0.238053377503102 0.238618484306874 0.159389401554198
0.139378327152344 0.0829506954003368 0.284591290652854 0.189615521262704 0.303464165531761
0.24781842949143 0.241995781539818 0.258337434848239 0.249465465640198 0.00238288848031492
0.45459954020523 0.00832327354366578 0.296805574329504 0.137847886278775 0.102423725642826
0.177912156961141 0.303043228814028 0.070961144619215 0.297254717671157 0.150828751934458
0.0541402942815087 0.169196790296148 0.19874717130242 0.13398393398608 0.443931810133843
0.241233842155342 0.239957034183308 0.048228596862068 0.30188725953576 0.168693267263522
0.134350149440592 0.269717199984064 0.00830159525180781 0.288376498461909 0.299254556861627
0.0223080632645003 0.194867288124544 0.394693763319422 0.328279493021614 0.0598513922699194
0.103542999878916 0.283745750712478 0.0211470383804479 0.0752206942849322 0.516343516743227
0.215094314545721 0.229880534160267 0.226186133946159 0.0240309889754791 0.304808028372375
0.30761679727498 0.361189873914755 0.033549951900685 0.156948996369948 0.140694380539631
0.383463970447936 0.0806549952571731 0.0873213244391939 0.443132119003444 0.00542759085225326
0.212495655667063 0.241034065399288 0.149524600603822 0.210176670238833 0.186769008090994
0.0331818542393586 0.451073655407452 0.213621991308069 0.28559634676969 0.0165261522754301
0.164818863879336 0.186396138708887 0.0289533502480142 0.488580590157256 0.131251057006507
0.31743630650861 0.147165419462864 0.229961062489006 0.138160838875694 0.167276372663826
0.189069561060224 0.264069166239344 0.321539801731837 0.150339798698511 0.0749816722700839
0.264702865425867 0.237874903261792 0.077977660524888 0.104404119533263 0.315040451254189
0.183446103487221 0.298879792646225 0.0785069578729828 0.124605357243525 0.314561788750046
0.188112125532003 0.0407368178163822 0.433457323893074 0.186264675673996 0.151429057084545
0.13634806728314 0.142729476852901 0.120815249011943 0.259481538887573 0.340625667964442
0.268123883776119 0.174176342890657 0.287322880337499 0.132638222198083 0.137738670797641
0.17108373688065 0.291845394245017 0.245419632371926 0.273542549717175 0.0181086867852318
0.255043255489337 0.259264384128721 0.0990563933049185 0.383886664542724 0.0027493025342992
0.108599150468646 0.216288932409395 0.0931274612800498 0.412586093447214 0.169398362394695
0.166070865323502 0.237736902017072 0.0375270331476814 0.460864723831643 0.0978004756801013
0.0353665738992728 0.379457408434198 0.213330628790699 0.29252470574415 0.0793206831316803
0.208508093826614 0.191855488932136 0.233006770180927 0.234720878253653 0.131908768806669
0.446574054985561 0.227371285140892 0.110429042322168 0.0466151034666846 0.169010514084694
0.0321547339501278 0.203397349925192 0.299057530045035 0.208734842778426 0.256655543301219
0.654670859497292 0.0441373437765 0.00371704445640265 0.205297318813985 0.0921774334558206
0.086207712946319 0.166360402886101 0.583842109754391 0.139545941682915 0.0240438327302751
0.231315112850081 0.145004798979267 0.298569673761825 0.0652649401294924 0.259845474279334
0.524032866270221 0.0469160170253412 0.235046895916143 0.0595579304472507 0.134446290341044
0.229147376744593 0.0248372183102537 0.475613054103361 0.224511930497004 0.0458904203447888
0.294385590721941 0.349773347224567 0.226087650893033 0.100558804885218 0.0291946062752402
0.220384499660996 0.281403044931492 0.263187022517327 0.0343685479771112 0.200656884913074
0.0844278433317749 0.329676150530805 0.304049710681435 0.130870434078837 0.150975861377148
0.306200202429475 0.176159084074049 0.342181775899575 0.0637980106621807 0.111660926934719
0.0589904827885978 0.220629097642224 0.312780984531191 0.206240012858146 0.201359422179841
0.388406928164232 0.365851851701244 0.0103309803326318 0.101671606053543 0.133738633748349
0.190766318396333 0.259304133074624 0.289776787382207 0.0642343765979891 0.195918384548847
0.399302179387416 0.142934003209122 0.157005034670534 0.122207400466396 0.178551382266532
0.302875689498795 0.0854031477914153 0.216645790469874 0.0429567126605256 0.352118659579391
0.387664247399579 0.341763242668231 0.0174293190781687 0.0983100194332108 0.154833171420811
0.253883644613249 0.229706423087473 0.00536277766609994 0.281469638898872 0.229577515734306
0.342174770148392 0.182397505809008 0.0671224279090387 0.0396835795028457 0.368621716630716
0.192834327988104 0.216548052440789 0.208112251314536 0.0805658084684572 0.301939559788114
0.223454913767863 0.169517765214599 0.228380776419592 0.14809437536386 0.230552169234086
0.252950774041859 0.277366767059438 0.0763512359713693 0.0544053740509247 0.338925848876409
0.151568729271601 0.0453766538760116 0.260138142256167 0.231534010839273 0.311382463756948
0.291170069004607 0.0564963524661147 0.186968653933769 0.24073822418237 0.224626700413138
0.0365612015083251 0.323599523865142 0.515046301713603 0.0696857876552937 0.0551071852576365
0.207314519465801 0.37396990578121 0.169015021684819 0.144112274113044 0.105588278955125
0.247300307926084 0.356149767370756 0.0563376057348003 0.291729067518265 0.048483251450095
0.271572153377328 0.100446030569432 0.195773391176879 0.243739704635981 0.18846872024038
0.332969262622728 0.275513086985264 0.169723133502892 0.0267248448829487 0.195069672006167
0.304295520314504 0.238581147303139 0.362916922613791 0.0215294109524038 0.0726769988161624
0.191747265753234 0.00869968048576706 0.214180588345232 0.409893897605686 0.175478567810081
0.310329259015079 0.298638119503564 0.0534978407137805 0.139933956368537 0.197600824399039
0.230891767015528 0.20868404419794 0.226791977091885 0.0562926769209075 0.27733953477374
0.364869299702142 0.106426288786147 0.0627358271806741 0.136101739651646 0.329866844679391
0.5867705173195 0.164953100886839 0.0890240192996217 0.0681496180609691 0.0911027444330709
0.158155799486195 0.0711423746303755 0.270756362854952 0.233478754023876 0.266466709004602
0.33287597117755 0.333327417885 0.107570858772826 0.112851519522223 0.113374232642402
0.237388030473691 0.358088485115126 0.0612727372210575 0.0441119035054318 0.299138843684693
0.0638198186933242 0.457259552205313 0.176689155070837 0.0167564317754039 0.285475042255122
0.123334130952155 0.21930197594535 0.167844143209127 0.261406890670963 0.228112859222405
0.174144381813747 0.256819343027082 0.27319310656212 0.0490049862061646 0.246838182390887
0.237181749445671 0.355273917379452 0.298463878993058 0.0871114897447373 0.0219689644370823
0.278103772384718 0.058475386862858 0.264150394827075 0.226236749428926 0.173033696496423
0.299321351467587 0.294605551880075 0.0739137646553078 0.0837995884156611 0.248359743581369
0.377048465495603 0.213267240584588 0.243268356684574 0.0689753476208131 0.0974405896144216
0.261133130573826 0.0940822908355672 0.108296385928142 0.233492747873954 0.302995444788511
0.204552734641888 0.03907143011502 0.230112464615575 0.249947358564017 0.2763160120635
0.363638074155129 0.029771264026701 0.19675165413377 0.000629801058941294 0.409209206625459
0.0700039891745603 0.27654316158774 0.182064887004133 0.185326169257975 0.286061792975592
0.185157696745969 0.192536717222306 0.00373507738992352 0.461000778063277 0.157569730578525
0.276293289836188 0.146405047479661 0.253074908184305 0.233323950906211 0.0909028035936354
0.192415307124622 0.0988114272073182 0.183921177558299 0.442356605642062 0.0824954824676995
0.0448737311700883 0.375590302384347 0.371298348181948 0.073839025862021 0.134398592401596
0.229036921566387 0.172858684746403 0.217930420240959 0.146199103808324 0.233974869637926
0.0365451761367909 0.343250039671283 0.147391341268625 0.374859561709155 0.097953881214146
0.247839435156331 0.147250739926221 0.240357032551268 0.20296616746424 0.16158662490194
0.230434460388512 0.295135199418281 0.275257610632066 0.161393832287157 0.0377788972739835
0.240989060986467 0.134539773317744 0.324520805707116 0.065284137390008 0.234666222598666
0.137148690326718 0.139208115002391 0.367293798959409 0.324833701509953 0.0315156942015286
0.111980765813252 0.201983067639973 0.0805767787740843 0.204425768867856 0.401033618904834
0.203886879019542 0.326361248558863 0.041784937087584 0.194829925509671 0.233137009824339
0.0675747973352824 0.334528640238119 0.395832806303306 0.079142649647006 0.122921106476286
0.113487716772089 0.101568181595298 0.379476620013299 0.169036532551327 0.236430949067987
0.244484740051442 0.11730116024423 0.329408665770142 0.100995238610451 0.207810195323735
0.218699637019844 0.0385822757201133 0.379342659692863 0.162822242806712 0.200553184760469
0.0570982033692361 0.18757427535607 0.223516288620957 0.208649583253214 0.323161649400523
0.209158516665077 0.178663594291333 0.155327321412117 0.260207268167188 0.196643299464285
0.177759824276997 0.206612274277314 0.208031647336069 0.222558730001403 0.185037524108217
0.328736752404638 0.276164579275241 0.228752198430462 0.155877450610583 0.0104690192790753
0.306616057930869 0.236228686332557 0.0769634568894348 0.0370838459248805 0.343107952922258
0.242923090861294 0.270358256278717 0.0298038792772959 0.340752238170539 0.116162535412154
0.281974449291731 0.285289427422486 0.215020638346493 0.0785900153827631 0.139125469556527
0.0790743866643136 0.163980345214903 0.354056450066412 0.121564240295414 0.281324577758958
0.133234638033042 0.262666475953476 0.0139776233494683 0.116588156367837 0.473533106296177
0.210948769807701 0.205817835791001 0.0622964853952233 0.313699372590064 0.207237536416011
0.299189247896807 0.267788805062183 0.258735400964942 0.00225737854765616 0.172029167528412
0.0371338948131653 0.379114124873888 0.282219626693807 0.135161210695192 0.166371142923947
0.219928600533499 0.206696944239885 0.182387140089255 0.192553206112544 0.198434109024817
0.200934128915577 0.360727437243141 0.0466747032370761 0.171235411499645 0.220428319104561
0.248103875740122 0.115021261560499 0.387538013673356 0.211719628172986 0.0376172208530371
0.0218960949209152 0.116144455486709 0.399906009021785 0.334530935946898 0.127522504623693
0.264838667730198 0.181623885422895 0.0346905038916332 0.255933338848408 0.262913604106866
0.168570629619259 0.441168382778767 0.0912501889796232 0.263258326933993 0.0357524716883581
0.150376384787267 0.294573001013868 0.183355554892468 0.332806088744538 0.0388889705618599
0.0199294289408399 0.13195240916157 0.327801198882812 0.183012174560539 0.337304788454238
0.175736896409329 0.25647688774998 0.0171040481146891 0.118846631456355 0.431835536269647
0.221951070132334 0.0465361677479351 0.284374060466026 0.0851698068978263 0.361968894755879
0.104393342451444 0.227598405397137 0.289448781248019 0.333379121743894 0.0451803491595059
0.19308656228021 0.345087342262083 0.00507318275562092 0.126884456419841 0.329868456282245
0.143846258400351 0.440150855447697 0.0568319490804389 0.157090270635512 0.202080666436001
0.245805063850129 0.257271691329899 0.323821624582908 0.016818110986797 0.156283509250267
0.197487649036632 0.257284727898614 0.203357672660398 0.0511175794856481 0.290752370918707
0.259172289725799 0.217941430669684 0.0429721987860991 0.0610868310380677 0.41882724978035
0.0201185670656699 0.330631950321939 0.146878108857573 0.353829954066652 0.148541419688166
0.0288962374379884 0.344352530131853 0.448894366258563 0.0242099376833901 0.153646928488205
0.0761774422539809 0.169212063207335 0.114584844177179 0.320624867231003 0.319400783130503
0.21167685993592 0.00709028084083332 0.270541862871246 0.243434854031234 0.267256142320766
0.184071846325014 0.0342912140301345 0.634580346013188 0.0372644276397881 0.109792165991876
0.167873566290963 0.282326890752874 0.207730157347315 0.0946808368759872 0.24738854873286
0.190007506873285 0.150603862697426 0.25998042686305 0.258705453614062 0.140702749952176
0.312024714547398 0.126253668514396 0.138612012805637 0.215200483214126 0.207909120918443
0.247714190792665 0.1128160417391 0.24159227126618 0.0797048418501903 0.318172654351864
0.293889916087752 0.407323270680672 0.152240029353098 0.0803990905712395 0.066147693307239
0.220950093377512 0.234081252010545 0.0464217577178279 0.197423433591901 0.301123463302214
0.197128097260091 0.00401709814644795 0.220122013000828 0.309977753253824 0.268755038338809
0.0257849481676039 0.28773355804814 0.215813182574033 0.172749867930557 0.297918443279665
0.0935516678640132 0.233817381100403 0.00176862516559307 0.293244082368636 0.377618243501354
0.28435983160476 0.227318531433853 0.232726128889109 0.0319667434192415 0.223628764653036
0.0702165297819955 0.187702059469158 0.383248013124916 0.31086505187035 0.0479683457535817
0.414849732856155 0.088151596187586 0.272115302319454 0.017869804766808 0.207013563869997
0.100397270432743 0.267518571405283 0.129512675824575 0.274589585220483 0.227981897116917
0.189226929203825 0.186871126041916 0.128833302013307 0.438040194654283 0.0570284480866679
0.270731175290318 0.199730649804539 0.26103921667933 0.108860077810103 0.15963888041571
0.318728846819603 0.303971592902482 0.193002582266788 0.0738244791425098 0.110472498868617
0.0325034084023665 0.372726722323296 0.185363368248822 0.105660908531768 0.303745592493748
0.238333643906045 0.114155747958094 0.160679192892481 0.313938104308158 0.172893310935222
0.0250950044166448 0.0315350655624578 0.419099039894377 0.0977078915144369 0.426562998612083
0.213891507837323 0.23842524534977 0.224846679917131 0.0725565687566012 0.250279998139175
0.190916443721248 0.271975006574646 0.508012961309314 0.00276333903269951 0.0263322493620928
0.387854574476204 0.0351287294376434 0.191687663353914 0.108679184820454 0.276649847911785
0.0358874357969816 0.109370244441619 0.140086320669937 0.389044729745744 0.325611269345718
0.225225416277377 0.229475129969539 0.0943255532424622 0.160080159505352 0.29089374100527
0.33375898338913 0.0881402913609278 0.19909695510786 0.27579676746308 0.103207002679003
0.163003408838472 0.195288646016186 0.244985700904506 0.0699937077058148 0.326728536535021
0.204078143239191 0.240472280446995 0.272982004258214 0.197914966840606 0.0845526052149938
0.267714903466874 0.0873783254899686 0.240811568560682 0.180091099945517 0.224004102536958
0.273536106277569 0.225797496947671 0.00120473397063247 0.137467506329253 0.361994156474876
0.267903081568481 0.275870760264725 0.0978248501748556 0.142280662883692 0.216120645108247
0.340248219997262 0.131288664120597 0.389633320086858 0.0553658129009367 0.0834639828943464
0.172536483221435 0.165970297121054 0.156205583830879 0.260596233276777 0.244691402549855
0.0617953050883291 0.0468062331183157 0.520859525801001 0.168783449556884 0.20175548643547
0.0903525643877049 0.3928107019426 0.149149056477513 0.0969395270542858 0.270748150137896
0.210910082825353 0.352309903192733 0.201269748381202 0.00765157462113806 0.227858690979575
0.0955096863554402 0.109109065617914 0.214059661540098 0.385708056262751 0.195613530223797
0.123665652044456 0.0850671446624664 0.284021014317215 0.331068520224956 0.176177668750906
0.308416102983995 0.267507556125501 0.270918662062789 0.0993613972559609 0.053796281571754
0.230936652866814 0.19365941420093 0.242413639104332 0.295460960224727 0.0375293336031971
0.0762641782819063 0.316075963342051 0.264571188941722 0.328346096097393 0.0147425733369278
0.0126735308335966 0.70151604489168 0.165865783195437 0.0477270795864256 0.0722175614928603
0.183177202770144 0.186278952097583 0.167957779100734 0.268462197056475 0.194123868975064
0.0573945943561246 0.203231622689811 0.159562473316504 0.409011843335326 0.170799466302234
0.0125105069826961 0.0965608396374779 0.31880872673443 0.29879926972825 0.273320656917146
0.196292808971625 0.110326590623087 0.296897287281723 0.249556552774428 0.146926760349137
0.347441126702121 0.190920324957743 0.105547205534633 0.0111282685117456 0.344963074293757
0.271862635262844 0.268536517471795 0.119816458316368 0.163563828124631 0.176220560824362
0.181548104014122 0.136263870498007 0.00275294232073907 0.43114358553822 0.248291497628912
0.0614699133288769 0.260326686696626 0.314827603296087 0.356120607251426 0.00725518942698487
0.0197805562030641 0.127400780553599 0.252937357760404 0.310488453880101 0.289392851602831
0.277307252902114 0.308574320423916 0.0141789847266281 0.148686495898814 0.251252946048528
0.329948355361633 0.0536218627454589 0.21292252636347 0.0200591604501323 0.383448095079307
0.42250557225961 0.527422945373987 0.00160192340663391 0.00988235899996754 0.0385871999598013
0.231136436247871 0.38439245407353 0.199653000457971 0.0663057809517153 0.118512328268913
0.478584735610331 0.335754761405733 0.127000504715572 0.0413923774438094 0.0172676208245549
0.268990786853705 0.194511528114608 0.240047241701842 0.0285268049502475 0.267923638379597
0.260579840882812 0.268807940918303 0.203687050101248 0.170392894296175 0.0965322738014606
0.0656317895951718 0.0194227769142279 0.402261403888921 0.0535946831732087 0.459089346428471
0.277757950429014 0.0627095287467039 0.118776693037204 0.219562365419019 0.321193462368059
0.114290264085288 0.409782976367748 0.420350526726288 0.0374734088886796 0.0181028239319966
0.188253607099346 0.29547403084588 0.0778556516062163 0.293386847457734 0.145029862990823
0.169891626838161 0.153415378680043 0.32551428299188 0.149253088747689 0.201925622742227
0.355216792524336 0.183567545147857 0.0786878336735127 0.230923344500761 0.151604484153533
0.277888635638949 0.273321940880998 0.248551402078765 0.0869304015455054 0.113307619855782
0.280785333159509 0.207572570184172 0.176604836300705 0.100936624845799 0.234100635509816
0.274763998799823 0.216202612981393 0.23350709507475 0.0400425163012673 0.235483776842766
0.276055963605251 0.32370429742992 0.0618983944973738 0.0400618403925136 0.298279504074941
0.107723831743459 0.26667229778227 0.153753375095806 0.367439343732303 0.104411151646162
0.27575750370405 0.124444800355691 0.30042630780187 0.14950390570518 0.149867482433209
0.232326801805067 0.306753536333699 0.307698909301875 0.129624967449248 0.0235957851101106
0.126969578244985 0.123598490578777 0.232681676756113 0.268307004341002 0.248443250079122
0.203382638524506 0.119862254524872 0.154239638034941 0.258954547008393 0.263560921907288
0.104909256941933 0.0299649515308311 0.351970539841632 0.0313357663768953 0.481819485308708
0.231868206734972 0.284691237377499 0.181347304782498 0.0922708128810609 0.20982243822397
0.265945265060194 0.189805960370545 0.0885399390665071 0.119666219226182 0.336042616276571
0.395550939592419 0.0346007817488157 0.0210242351960371 0.255678226734129 0.293145816728598
0.0520950036186217 0.0313222993891795 0.218243323080786 0.393262842813279 0.305076531098133
0.264196153345152 0.191270509677686 0.16083768941632 0.341148869216975 0.0425467783438678
0.112658948226218 0.265880221177689 0.291384431795789 0.089878254848192 0.240198143952112
0.279940855390166 0.285762580521016 0.170651159611557 0.165677528331723 0.0979678761455381
0.266453327646791 0.105175318580273 0.108513216638549 0.175735796816222 0.344122340318164
0.0075931828334002 0.156762904341485 0.351260209158286 0.200427310602508 0.283956393064321
0.140562288118938 0.282542175048615 0.413563899994997 0.0856734346278117 0.0776582022096375
0.268310108731827 0.219375305497064 0.148907045094615 0.124046025058323 0.239361515618171
0.236013179895632 0.176317509606742 0.208643076024363 0.211357642061711 0.167668592411552
0.27795387959734 0.146687051997708 0.227427819359522 0.199418234227777 0.148513014817653
0.228539399374247 0.154482294729753 0.207684614776126 0.301517395245989 0.107776295873884
0.213761734582933 0.0762829185234212 0.252451664575485 0.139094733892358 0.318408948425802
0.0415553182913193 0.303394211845199 0.0809307660216092 0.150132886581886 0.423986817259986
0.0507559601355709 0.257785545088298 0.216271790578629 0.394576054952725 0.0806106492447776
0.144380222934205 0.0360142297771695 0.198998620146282 0.390519114256431 0.230087812885913
0.0243472358764344 0.339585177833661 0.292631634915136 0.0027663346173618 0.340669616757407
0.280938387782192 0.209293675106166 0.11561449158938 0.16787906433818 0.226274381184082
0.367272753747733 0.176239876081979 0.0897400553724149 0.305791428862458 0.0609558859354153
0.23604319902372 0.354060559695036 0.0110320291075585 0.0369128927254994 0.361951319448186
0.167278845450305 0.294722854982639 0.23152437016197 0.0738385789287971 0.232635350476288
0.126004906426653 0.387072033581136 0.148858925225504 0.0422743777810103 0.295789756985697
0.091167450569325 0.229587246243958 0.162277951995674 0.00301593536459331 0.51395141582645
0.171639299040127 0.337717346563058 0.0702392226701114 0.260096628407098 0.160307503319606
0.360799826510234 0.325009768899821 0.148003474859766 0.132552770215314 0.0336341595148648
0.398310647681901 0.108387388960534 0.147056082342106 0.0140067090027044 0.332239172012754
0.197824688408046 0.288638982035091 0.308005792439155 0.0615832326147261 0.143947304502982
0.224884885250137 0.211231325918969 0.0781961816874988 0.228803527764911 0.256884079378484
0.00317574157595137 0.100429499457784 0.326644179150781 0.2254852334263 0.344265346389184
0.205767644523272 0.184218145669175 0.255152796963 0.0171990535340788 0.337662359310474
0.0486494552833731 0.456098903077682 0.19210528719716 0.0768952952457692 0.226251059196017
0.147671848205491 0.200642813557518 0.19718079988814 0.267248416011573 0.187256122337278
0.16748453961988 0.151908438137609 0.204822564873229 0.23146178413803 0.244322673231253
0.294195778462419 0.162196087877031 0.293229526306945 0.212393201740379 0.0379854056132249
0.235416706632534 0.151866924114046 0.142281944009476 0.255340944408568 0.215093480835376
0.0861279410241584 0.312043787966875 0.146350641598153 0.297519281726005 0.157958347684809
0.301610373519022 0.164783537331486 0.0298620779293018 0.236201523816403 0.267542487403787
0.196435178696534 0.173444600424539 0.34752299419632 0.135090368988021 0.147506857694584
0.139095578143966 0.214021206326768 0.292349814952503 0.166752110546911 0.187781290029852
0.0951433676461349 0.0212306202365965 0.181435385314558 0.66896440548044 0.0332262213222707
0.153558153424081 0.0297580781725654 0.233392501383508 0.208261536649703 0.375029730370142
0.137146270357877 0.0128355028733258 0.468060767484551 0.0682003442962494 0.313757114987996
0.20031316516349 0.187764004314015 0.0710763453920517 0.458045110884277 0.082801374246166
0.0722625629259363 0.252583472066212 0.406108835430278 0.180610081944546 0.0884350476330274
0.220030989950707 0.318285627065794 0.300500534311167 0.0949751236497179 0.0662077250226131
0.388780202284983 0.160185633855823 0.0201635341142484 0.0309866481665561 0.399883981578389
0.0110947446061265 0.407314816135267 0.120483066015422 0.260881225475418 0.200226147767767
0.066411620091493 0.00686582219919198 0.332856698985361 0.243686202630277 0.350179656093677
0.0373073118102388 0.246981445481392 0.288782624336146 0.140666396860861 0.286262221511361
0.0188191647151093 0.100540859557496 0.315268878464862 0.518733237646368 0.0466378596161636
0.185317547175097 0.0792726980532691 0.273765276300789 0.352333878541602 0.109310599929243
0.152445574113643 0.275373910795263 0.27637699332543 0.179521828679439 0.116281693086225
0.321075909520289 0.248629256214674 0.0926970037015541 0.128098216940109 0.209499613623375
0.360808582298195 0.140500537481971 0.196344900092104 0.191643232947056 0.110702747180674
0.197169142922938 0.172225860743489 0.345479053941878 0.093131589907488 0.191994352484207
0.334164353154102 0.296962987804678 0.0339918978988546 0.106895832790863 0.227984928351503
0.305187873511478 0.0245053263268014 0.34957204902579 0.24371262627793 0.0770221248580006
0.234479343241056 0.212221406709814 0.222672303676465 0.0792829962362813 0.251343950136383
0.0913212831936031 0.206049149732859 0.383438688033551 0.0518582591033784 0.267332619936608
0.360489608993299 0.0196474029825058 0.0108759802589909 0.328683720576347 0.280303287188857
0.443719519172605 0.103330398577227 0.219734147926629 0.217168403616562 0.0160475307069771
0.21290118707524 0.238779312836653 0.237482705730084 0.137088573278224 0.173748221079798
0.0838807828267605 0.270086910380421 0.341472261208335 0.0340799181825995 0.270480127401884
0.0665871979084077 0.0689123979419052 0.268110104408199 0.367867158439516 0.228523141301972
0.236167938057544 0.0511111794749102 0.309754499327542 0.0947790500625442 0.308187333077459
0.0676722214350667 0.308527706026607 0.295910915948988 0.212293862259022 0.115595294330317
0.0902861630481037 0.217024453670246 0.283803140704982 0.256948933824457 0.151937308752212
0.23455489975789 0.104825673961302 0.272234660199614 0.151436193882997 0.236948572198196
0.313570575738525 0.0245950539490048 0.342570693142918 0.102865679871951 0.216397997297601
0.0879290918570359 0.0936476814746377 0.134569715116216 0.173320211307628 0.510533300244483
0.165146295028538 0.304342209118333 0.384944130810712 0.0733436208260533 0.0722237442163627
0.180041783200887 0.105638550146605 0.298566422113353 0.29666167595592 0.119091568583235
0.196084548590383 0.186321944496487 0.184459428049456 0.242215631464172 0.190918447399502
0.286138029925232 0.211010816493484 0.0720347757766775 0.401510028604277 0.0293063492003299
0.280360720994346 0.329042865800439 0.0101569972827903 0.0309910051611971 0.349448410761228
0.312712047727466 0.270487627545526 0.151764465035394 0.0399105975854666 0.225125262106148
0.257722604342669 0.146125362517922 0.207673666383315 0.0543210336299491 0.334157333126145
0.259527792675054 0.0851248792825549 0.304098241105364 0.0963806131233956 0.254868473813632
0.225787810452042 0.331909636182778 0.0813283409361009 0.18965474910835 0.171319463320729
0.189695187842812 0.287641451111165 0.0860712873769333 0.315782748597302 0.120809325071787
0.284684820815491 0.0553133995172945 0.384452119829808 0.118647717150132 0.156901942687274
0.093042270651742 0.341356704383277 0.140915111845591 0.175647343928379 0.249038569191012
0.374147002451083 0.107007369169342 0.0533700326841765 0.235189065341677 0.230286530353722
0.222352094775729 0.199535461391647 0.411235652399035 0.135679963577963 0.0311968278556249
0.25514821872103 0.207607143146086 0.226931752150632 0.222609955942547 0.0877029300397058
0.26843176392269 0.242807965875796 0.0295421859329251 0.154445827163947 0.304772257104641
0.225046241249252 0.220711215113021 0.241212543295376 0.042982260182975 0.270047740159376
0.138531927500092 0.316937680453419 0.029865181857383 0.271825113067054 0.242840097122052
0.00979075246871963 0.248215484315095 0.238620750154808 0.206974057130283 0.296398955931094
0.0422158803334517 0.350003612916451 0.00284752853020806 0.260619704531537 0.344313273688352
0.0904353799561009 0.119398159306956 0.296428158559688 0.187885574917178 0.305852727260078
0.252351213171875 0.121850172759725 0.440363144876684 0.0128694034776409 0.172566065714076
0.243913358071528 0.128183828687086 0.115017140183149 0.223769513646107 0.28911615941213
0.0539381657494206 0.272386420665076 0.00671196438054721 0.304152806075354 0.362810643129602
0.242136563571557 0.262531230699534 0.140173044893324 0.206439374951211 0.148719785884374
0.321336668539445 0.202724590697439 0.014240001731475 0.119742783040613 0.341955955991027
0.234306007596454 0.0372292029026999 0.376357105471829 0.0841338174484493 0.267973866580568
0.214533008650883 0.221147584611284 0.229312553571213 0.262184061462195 0.0728227917044256
0.311569756133788 0.151902453455811 0.34938852203731 0.0429613109832174 0.144177957389873
0.245834845673136 0.0931141254359094 0.180907279833411 0.22871529773081 0.251428451326734
0.130164104899963 0.35858823673498 0.243260619471363 0.0568546527337423 0.211132386159951
0.495948108889373 0.412784914635641 0.00743574877281432 0.0657171086593756 0.0181141190427968
0.0798556107376763 0.269874480523606 0.277255372550357 0.283252325901621 0.0897622102867399
0.115989782970672 0.14730919256893 0.217114032018818 0.192927100027219 0.326659892414361
0.365462052848145 0.283071904688525 0.181955078588683 0.137922099495456 0.0315888643791909
0.226679081500306 0.220929346542052 0.222905640841375 0.169212467050558 0.160273464065709
0.209873181728847 0.277211777692324 0.218309461579564 0.0473792474799904 0.247226331519274
0.380943087830483 0.0601340630212422 0.0710949512956986 0.383385281871804 0.104442615980772
0.281247963521937 0.155377356579229 0.192410074715551 0.295624644611903 0.0753399605713806
0.242513824362198 0.0523013750187681 0.2775878260141 0.162779722376963 0.264817252227971
0.0682271924756504 0.127551903832194 0.274903828684613 0.245004732172895 0.284312342834648
0.101984252686057 0.28967892315691 0.222247942669187 0.118990579390991 0.267098302096855
0.216469912592822 0.0683570559870404 0.244482089210077 0.189490712975428 0.281200229234633
0.0181739981122547 0.260643403773534 0.108376145074449 0.0966882538048501 0.516118199234912
0.274763337655103 0.178599535335645 0.259850152939341 0.0518363648140994 0.234950609255812
0.246950630434885 0.230680262655958 0.0811450463889665 0.123045682352607 0.318178378167584
0.247802635687749 0.192784359117624 0.15943883103366 0.221610060670836 0.178364113490131
0.191077624333974 0.316140612432348 0.0740518355031404 0.292797161875189 0.125932765855348
0.219101508557648 0.289616382450404 0.0475491088293699 0.257932910372293 0.185800089790285
0.00956127324436409 0.191596009322322 0.294434509963601 0.215948253473835 0.288459953995879
0.129405325472905 0.247832452824273 0.139430453439067 0.293803581145715 0.18952818711804
0.461005689124615 0.279409025046327 0.0201006216139453 0.142137141288271 0.0973475229268415
0.406394748643208 0.133889132489467 0.148592241701036 0.113563432565757 0.197560444600532
0.0117777520089968 0.401148454713207 0.281117695524565 0.113191595129344 0.192764502623888
0.196803744812744 0.193894597653098 0.229221529879306 0.225761482956998 0.154318644697853
0.182899809188146 0.120894171764421 0.207362219537131 0.328097281670905 0.160746517839397
0.0529017063082977 0.325358175059845 0.273497371864796 0.314042130515008 0.0342006162520532
0.159127864906881 0.191194489192448 0.23296124024531 0.188294030510844 0.228422375144516
0.153891711115711 0.381047601757949 0.0674335457606026 0.1322064690482 0.265420672317537
0.127155135916413 0.235135869685401 0.379223448416748 0.121037997057012 0.137447548924426
0.195012987939905 0.203576033514194 0.233627456015144 0.0746531118524505 0.293130410678307
0.174651739951035 0.164498098331045 0.148602655310852 0.365155082458217 0.147092423948851
0.116722943043829 0.362268443355178 0.0879029389220772 0.124298664215865 0.308807010463051
0.0451395841059393 0.362549180399123 0.0122800341938129 0.0475995748268368 0.532431626474288
0.0769126890211722 0.276366683203283 0.142991667843554 0.17250018541072 0.33122877452127
0.121645872698553 0.240369456375223 0.297358648477487 0.306960957516857 0.0336650649318794
0.12847558840007 0.209101893413557 0.00561668661329433 0.179146322579142 0.477659508993936
0.330013999284264 0.104234044741106 0.0398612269387575 0.333484431088629 0.192406297947243
0.214389034087496 0.101310200098296 0.240350132814328 0.231578825219112 0.212371807780767
0.261432192517162 0.303055229303628 0.102965775522739 0.321814042356993 0.0107327602994782
0.227940316361319 0.292010716774466 0.384234857810685 0.0366816259741151 0.0591324830794156
0.0618000201777422 0.288556903678803 0.199450797073327 0.207622245151465 0.242570033918663
0.162070684662668 0.082995092727943 0.271806439059757 0.173191484414671 0.309936299134962
0.284389092647159 0.13602931942806 0.171183786636988 0.201734044889604 0.20666375639819
0.337090500602497 0.194327728709316 0.0305541654969819 0.262672453744862 0.175355151446344
0.258021982708413 0.191769967761108 0.211456749462693 0.14731306427638 0.191438235791407
0.285224947157982 0.397218079561935 0.296842793523281 0.00327610579706308 0.0174380739597397
0.0206918334947457 0.173497145515372 0.292843260074487 0.207548391158286 0.305419369757109
0.185834875906565 0.350646485709349 0.092097376660526 0.308540262682322 0.0628809990412385
0.204052774444456 0.270068989809054 0.271031835944876 0.0702847476744025 0.184561652127212
0.301743798634047 0.186643917268972 0.312252332307694 0.00594008244837478 0.193419869340912
0.0598796026581141 0.0135056099713245 0.347340634527976 0.38091194936898 0.198362203473606
0.122698686556049 0.245188256690331 0.239508131461534 0.143523775563565 0.24908114972852
0.276537200139025 0.0156905535244999 0.223204031385143 0.187849574147235 0.296718640804098
0.179855108603955 0.253444075838472 0.33037766307561 0.209300864044341 0.0270222884376219
0.0421719784382297 0.224417016775494 0.259926948595214 0.285005352937206 0.188478703253857
0.370553932978516 0.377362269359814 0.0872879528814343 0.163477117096522 0.00131872768371325
0.103280292942699 0.364820720265318 0.109249804849268 0.347447714241316 0.0752014677013992
0.0946267884677482 0.08389619014486 0.274611479343234 0.263177453255889 0.283688088788268
0.0691539206987535 0.151119740961528 0.298214641048029 0.185229271709708 0.296282425581982
0.0574205848292855 0.395593974545966 0.232220904390508 0.103969032982398 0.210795503251842
0.220018430477441 0.205170346117823 0.193298561411301 0.257713949793009 0.123798712200426
0.181768568059665 0.177325710372648 0.402910051293719 0.144550483118408 0.0934451871555605
0.102573850530161 0.353821058155992 0.220900287386502 0.117241669806313 0.205463134121032
0.311928610892681 0.0291479660463566 0.315695263729036 0.186408178234509 0.156819981097417
0.150707268317379 0.0973451278974911 0.23464909469954 0.2254114692468 0.291887039838789
0.0438738558925919 0.302790008809027 0.346653513520446 0.00256412142946972 0.304118500348465
0.209833889719698 0.411685325046779 0.12959441536242 0.196234790694042 0.0526515791770597
0.0456076033807126 0.263301610603996 0.32683254263684 0.183740532507101 0.180517710871351
0.0632144303414433 0.0825323476039514 0.323015439480504 0.281923503993875 0.249314278580226
