0.0150339084211257 0.0297091749268659 0.22508697195516 0.23356675588191 0.151955666122209 0.069519970588195 0.275127552104535
0.0304328240263642 0.184290071266635 0.269082031136063 0.225296910004944 0.0861727569943086 0.0995507963344175 0.105174610237268
0.101118685582797 0.0637791622096247 0.402267891264104 0.0282361183141007 0.0503578749578061 0.31356299573385 0.0406772719377174
0.101740534868174 0.0868914467159133 0.13076201273469 0.177346548441566 0.223333724036901 0.217937752722342 0.0619879804804131
0.0187313660775592 0.191084309544842 0.206620905745058 0.0582793636907783 0.168882569015964 0.205306850365946 0.151094635559854
0.219936059264273 0.232432399309477 0.213444113331208 0.00958947257875754 0.00746029685971285 0.0981191056797115 0.21901855297686
0.0271882865786492 0.214639883076168 0.106744310400023 0.204818404615663 0.17829861139753 0.0173397486511235 0.250970755280844
0.0242313862384221 0.216325860323311 0.1246493029784 0.0290058190978182 0.155926918324731 0.21963606375901 0.230224649278307
0.0552137295588617 0.128192822817258 0.225034267456682 0.197214212472395 0.014764876932273 0.237946116251827 0.141633974510703
0.15363214918046 0.127643723457865 0.0486762212346934 0.237190217462942 0.142085919913791 0.214550393876719 0.0762213748735289
0.159942629982473 0.19005530494215 0.195235202133543 0.105628571806767 0.198778302581655 0.137813323577927 0.0125466649754862
0.0905547857110636 0.201238359607494 0.254803614712387 0.00786802094319528 0.298405820916868 0.142439215223112 0.00469018288587997
0.137838815949618 0.160898507475015 0.0974875292138567 0.00129280949426069 0.0150594792521216 0.225858900800855 0.361563957814273
0.0617974399523894 0.219252460812629 0.189215179030043 0.265682760388096 0.180876755126809 0.0588846940914977 0.0242907105985364
0.0114171832762279 0.042676387352226 0.319546617022882 0.156852198166616 0.0512597739611752 0.0969772996399255 0.321270540580948
0.146732071787918 0.0614637411905471 0.183367624863036 0.0542347359170118 0.16954077817142 0.253557540598653 0.131103507471414
0.0429912867240099 0.135646690303868 0.219979623536323 0.0161327513964768 0.360028721212112 0.0837329637241335 0.141487963103076
0.160685982321248 0.124154530319529 0.102576505727313 0.201874835357207 0.0426537399814347 0.235677569884751 0.132376836408518
0.201377340168433 0.196833345551262 0.123974647954333 0.0368546830874829 0.198629167145688 0.138302336949596 0.104028479143205
0.190614247653579 0.0381785006354201 0.233178910666411 0.0322948841678774 0.0758390918249757 0.262830202624922 0.167064162426815
0.0130459118125688 0.238881188208027 0.184147994855688 0.104069059808778 0.117000422656807 0.191042355791756 0.151813066866376
0.194186472508672 0.210634836662019 0.157359453094382 0.0728042072862629 0.00266383662473147 0.246471092542497 0.115880101281435
0.0307162805099572 0.327147891910487 0.182922005075598 0.075331277440214 0.00431625548242472 0.0148234088534102 0.364742880727909
0.0925959579735385 0.359692936761365 0.00117606743159721 0.0117221220307469 0.359687853432411 0.172855214040928 0.00226984832941332
0.091212845622337 0.14278326339339 0.288615449428954 0.192076657363173 0.0264016542089476 0.244104861803091 0.0148052681801068
0.0450162978067035 0.00945453211273965 0.00628472756257417 0.0622000257640917 0.202415854933322 0.325180299826253 0.349448261994316
0.0708787171583139 0.174411832644006 0.108550081015996 0.189489943033431 0.187562301307184 0.142507884167509 0.126599240673559
0.059154478283984 0.0386314497633059 0.135831883153337 0.218219066682664 0.257979876344315 0.253204900044165 0.0369783457282295
0.170895802530654 0.0527152261596387 0.150700622772582 0.0893086443423242 0.22761744367727 0.109326915262122 0.19943534525541
0.101830580385257 0.221639004494243 0.146385530110917 0.212414156856023 0.159698529880751 0.00854442377531553 0.149487774497493
0.101488591791155 0.152238742946969 0.0487769624896136 0.128563906921355 0.123600324649703 0.176016303608887 0.269315167592318
0.144886555092363 0.0701064416064097 0.153097555930224 0.18671429669768 0.0767862651214822 0.184332802505643 0.184076083046199
0.012053310855909 0.0529877724925642 0.0874497711952417 0.152012814597737 0.216567751124647 0.270637388663861 0.20829119107004
0.209613720309684 0.197410919468628 0.148938572783489 0.104454078950034 0.044259627927049 0.196797921933273 0.0985251586278425
0.133255354163101 0.170319644931199 0.227582716578216 0.15054536453174 0.0530620492233791 0.141181848010949 0.124053022561415
0.0385724267688191 0.158707023898229 0.10479734901534 0.194877306630812 0.245144639646265 0.0178079108311017 0.240093343209433
0.074221244629123 0.28363522941889 0.197283360504887 0.034584922115557 0.256098156366909 0.0390652604503183 0.115111826514315
0.0967538372286613 0.166929294635803 0.119402257123657 0.0659643865132591 0.230142386578662 0.109801334103914 0.211006503816043
0.00214548392193794 0.218954796829471 0.10734842833156 0.0432288705434643 0.0621791684470323 0.283776713789277 0.282366538137257
0.274811108615073 0.264982305099472 0.0217876984653854 0.0165841495072775 0.223593292975422 0.0534386903358392 0.144802755001531
0.114200706689539 0.169275202108472 0.215159210290234 0.141163323557009 0.192564683077182 0.0243975300369319 0.143239344240631
0.0721815286532585 0.175277379646399 0.1251112717944 0.146739389477812 0.246837597162169 0.183494445376545 0.0503583878894164
0.196955244970271 0.222388555476322 0.108053051905903 0.178320070442509 0.0373253411178194 0.111208414993446 0.145749321093729
0.137078269979485 0.225426558342492 0.136924049397329 0.0360343435542614 0.215903846628208 0.0593579267632056 0.18927500533502
0.242898891367851 0.118310306269284 0.149207671164289 0.113660762624387 0.172387504263226 0.0864311349285132 0.11710372938245
0.186286050445919 0.0755284298544856 0.173441530638125 0.152298582955831 0.0906570346709437 0.152747846327624 0.169040525107071
0.284716036808938 0.251939134657663 0.0404004509485187 0.0581551947824183 0.0302268377115276 0.123115260137115 0.211447084953819
0.0223921742310794 0.22915311382946 0.183399122530534 0.0560414783765768 0.082632671295627 0.193872781600046 0.232508658136676
0.0718269568464822 0.05340791017367 0.171695958518964 0.124675718887339 0.0879327228625812 0.279980639166019 0.210480093544945
0.146576278427698 0.0879595504172191 0.244850860418003 0.0490317323107581 0.0911903522391422 0.0701086588017364 0.310282567385444
0.266958475316858 0.206932803339775 0.108500504486045 0.0111870569536294 0.294908702636943 0.094192895786183 0.017319561480566
0.0907294764656452 0.251605068731895 0.051610030824924 0.11655884548596 0.25078655571308 0.109008532502401 0.129701490276095
0.201429564349813 0.120811379115416 0.199696065065795 0.127616816412073 0.101694582344282 0.0921720136647408 0.15657957904788
0.179655974398446 0.186710026342152 0.20731436344875 0.169595388964084 0.0919278900548421 0.0829782738797837 0.0818180829119418
0.169354722229546 0.154122176993813 0.165977429289159 0.190942500993775 0.0504030332595449 0.243549780922698 0.0256503563114631
0.0892468804869504 0.135741315536402 0.181482364256867 0.105095360958032 0.151111800935239 0.110763579844835 0.226558697981674
0.0940355470581805 0.13464830859942 0.126110924755758 0.114226890242491 0.127230710365876 0.23275466698542 0.170992951992853
0.158983108093296 0.193370634448981 0.196016718648478 0.0339529827878547 0.16509380515172 0.178694428435564 0.073888322434107
0.0356031823642025 0.073597114438639 0.13626285504171 0.150455885567643 0.139154339416987 0.232238169894028 0.232688453276791
0.0986039230366107 0.197416862076783 0.179167151351825 0.196205777090435 0.00440135775951042 0.215693048800517 0.108511879884319
0.182348727700028 0.115919621276658 0.15539215444007 0.0997884174430569 0.105396194405876 0.148373409597967 0.192781475136345
0.208880637173003 0.174780285591378 0.194621512937859 0.136206009680969 0.018427979365395 0.179544317649698 0.0875392576016971
0.176530715866619 0.0824765912410351 0.156997340996468 0.163644791728547 0.156027192161523 0.0119176877283419 0.252405680277466
0.193932297428468 0.0857669453157136 0.164771514768924 0.108965516050738 0.185497950758969 0.0466045555811959 0.214461220095993
0.157978205721259 0.296217854522021 0.020615583895971 0.242532367944819 0.0311699353523598 0.166299642698318 0.085186409865252
0.203214083634137 0.0397921212296541 0.127163698994924 0.0295153859440316 0.0972432075666949 0.205092824757963 0.297978677872595
0.0875930545498591 0.0455124066830973 0.193661743734019 0.228464740461956 0.230239033181246 0.0691668454895151 0.145362175900307
0.241990658127012 0.0766680092790074 0.1255554143687 0.0518752378688518 0.144580957973499 0.122145976544542 0.237183745838387
0.119107234429236 0.0913664206892568 0.22914772655731 0.128261987141965 0.171202466667029 0.0731181607049626 0.18779600381024
0.164673329870466 0.163856534905291 0.206421519673445 0.0870855213002684 0.110810533204244 0.0600211612153224 0.207131399830962
0.0813876484000257 0.152561413720247 0.24115050145638 0.0428733288501788 0.0384608065302195 0.220203450419761 0.223362850623188
0.187423240408444 0.0380359741641809 0.164555167206819 0.161010376934709 0.254283874523991 0.0138510262693927 0.180840340492462
0.141912437019124 0.119105834547939 0.16788613799526 0.200374769291309 0.0427144394597637 0.160549753248278 0.167456628438326
0.0729557834616327 0.0344876259659845 0.224666136386179 0.134715989430148 0.089363790285064 0.276591041133231 0.16721963333776
0.192376939983257 0.204550600818929 0.218850492478549 0.147565883185301 0.134786610709724 0.0069720264911117 0.094897446333129
0.221448775880534 0.0528363301856848 0.104864699649326 0.289814405003757 0.183468749282651 0.139682804187067 0.00788423581098148
0.0148454345986421 0.0360830187448242 0.336686681779818 0.217425021511519 0.137298030413886 0.155907357717697 0.101754455233614
0.127241361050006 0.230431594679628 0.086445229080642 0.0542901810693504 0.236627270312156 0.125431681575864 0.139532682232354
0.230488632363207 0.194423987373327 0.0412477843562056 0.222596812335714 0.216230304022665 0.0631433258364368 0.0318691537124454
0.230528735009618 9.55565342414078e-05 0.268781284644008 0.13473776963854 0.255975053008965 0.0337962288877357 0.0760853722768918
0.270308597060617 0.0829369114746669 0.210048739512388 0.112828880558582 0.0933393854628266 0.0491188539363719 0.181418631994547
0.113269290055564 0.0165971768687438 0.22199211146387 0.139598910074133 0.0422026727795252 0.2181744419486 0.248165396809564
0.250835832454934 0.112585912882397 0.11196038725619 0.260660222733537 0.0962579160992407 0.0126677638070123 0.155031964766689
0.212714824382392 0.15711871426261 0.0121330197733855 0.245997180049811 0.140822239308346 0.205478304146479 0.0257357180769761
0.153236100632979 0.0154449880067904 0.237927200569845 0.147637827839525 0.243619156641945 0.180151192791522 0.0219835335173924
0.0495714701322728 0.144411120400223 0.148779913898143 0.0865753819645934 0.217812891413957 0.107084643769525 0.245764578421285
0.125146325832694 0.153097524240231 0.213754159063227 0.0587659056197954 0.236193368797729 0.094905707853727 0.118137008592597
0.0669034806086348 0.248257295971033 0.172575672761753 0.129350644642342 0.213385768394669 0.0194070737251172 0.150120063896451
0.055574909841098 0.062900925133379 0.0725656506335037 0.282009365636577 0.0447299927668961 0.219502003850536 0.26271715213801
0.0829263976859064 0.238148465425555 0.0224798293213489 0.0601012410489203 0.231568442828007 0.236622432960069 0.128153190730193
0.205630138306679 0.0288791051932163 0.13270726125217 0.0819125411124922 0.255151263067006 0.248784377326199 0.0469353137422381
0.123347152149153 0.20352788096513 0.0728226537333818 0.101919081700981 0.187695904873567 0.134037124109935 0.176650202467852
0.0665551967224007 0.238205062328812 0.166185284648587 0.161040150177103 0.186955179230564 0.064775428035251 0.116283698857282
0.0752128392549898 0.103952680669704 0.154762834585777 0.147730629859961 0.135045150828534 0.204386696146395 0.178909168654639
0.154377473210447 0.251623414066917 0.0293681758673497 0.196528777798033 0.163190423921593 0.060211426043393 0.144700309092266
0.0870108830435883 0.313298623156019 0.105170743896367 0.176959143719534 0.0101406447473104 0.181000598960793 0.126419362476388
0.240809264534333 0.243168023455515 0.149132052339313 0.0360441990235914 0.00692821117830304 0.217730989082919 0.106187260386025
0.254283051750027 0.0173261813348223 0.0737475056006324 0.148241728134875 0.162334942835059 0.22753065344838 0.116535936896204
0.138760419603188 0.0750789635911137 0.150833259365857 0.0887973506009693 0.187803686228946 0.203497270541551 0.155229050068375
0.231398018054909 0.201267743581599 0.106805052104729 0.00833469273971933 0.193698266115587 0.205421046938255 0.0530751804652001
0.0948967058532082 0.243877030579905 0.00884935015142601 0.095019368006657 0.149288917115321 0.140618882660504 0.267449745632978
0.221804406940101 0.169310013612559 0.137606708624334 0.0426517817967638 0.189801948152934 0.211020026392652 0.0278051144806574
0.16593244594087 0.0449776287778652 0.0401576427878113 0.26114534515888 0.163477173415567 0.259953440370568 0.064356323548439
0.143389854361642 0.229959581580111 0.167422489626816 0.149067102555476 0.102150627204192 0.149028459082718 0.0589818855890441
0.179576755917959 0.207993995748528 0.11186865537231 0.00814240308857919 0.144650341724058 0.287757452555546 0.0600103955930196
0.0491439176444926 0.160460717906537 0.173693089364861 0.179505645714895 0.171309578583049 0.188905493015779 0.0769815577703857
0.00142484387347446 0.118340048507391 0.264207979260699 0.186247837859355 0.0658705109395989 0.22571834412053 0.138190435438951
0.221746604587666 0.0680984425584777 0.243916883370431 0.0196994536971159 0.0211985498593523 0.223640907924154 0.201699158002803
0.119994333434398 0.133276928404974 0.136878243781185 0.15631742165578 0.10023478704903 0.186672075105939 0.166626210568693
0.0606413428980072 0.0393981525665799 0.0663230230161042 0.142558661000314 0.272700129254507 0.0917484620486166 0.326630229215871
0.16927734571166 0.193726809719694 0.103192817955597 0.184872363781509 0.13850511842177 0.0762971925397403 0.134128351870029
0.0893313890939344 0.107125786446759 0.290937464455666 0.0709293843677085 0.0834912172703442 0.1993404205861 0.158844337779488
0.193711210974406 0.147594680678883 0.0900484722980959 0.0384236933089486 0.19517884008845 0.127534694540834 0.207508408110382
0.00692689977783607 0.145361863007657 0.0338190002905083 0.267616622011708 0.0242129607568665 0.264136119436136 0.257926534719288
0.0119745389890243 0.370301472649437 0.293596092448152 0.0319651405683093 0.020141141027436 0.000645965688970721 0.271375648628671
0.0362895144135777 0.133890119902968 0.0705749825614043 0.258737331706948 0.137196462768113 0.27748053387972 0.0858310547672689
0.18996340484734 0.193020800709405 0.103812903227137 0.108486031002336 0.0660422842182147 0.175147119169008 0.16352745682656
0.111634348915339 0.194349177775243 0.119099651120061 0.134815068273255 0.0200973391510273 0.207738461233678 0.212265953531396
0.135192717151479 0.18326520080229 0.0654745002175882 0.244071946028136 0.061508259996693 0.190177334647101 0.120310041156713
0.129008427519398 0.1766342272637 0.283269438332585 0.0704142258662682 0.032766812332965 0.22652529572756 0.0813815729575239
0.0916589354994275 0.111647188454525 0.107904605032737 0.111076487178002 0.252890518754025 0.0779456374142675 0.246876627667017
0.122806239560276 0.175919061631097 0.257109212752553 0.0796132372550799 0.168431201485053 0.13224775425018 0.0638732930657604
0.22333209800972 0.0540611471042809 0.0888921449329366 0.208343395390567 0.0200129302382156 0.196732197983798 0.208626086340483
0.0446338099020283 0.178196791768989 0.190762850857146 0.221045205758926 0.132298673533715 0.152101449615216 0.0809612185639795
0.143779571596747 0.157853518660608 0.173577669941104 0.252779972187459 0.0104116009058437 0.0892030581574662 0.172394608550773
0.201583565599285 0.192009701992501 0.229169387027024 0.164530201499936 0.0317439258078628 0.00161182367703446 0.179351394396357
0.180258635926847 0.22748072148141 0.298790582172565 0.180313999024708 0.041259402183715 0.00937842045321501 0.0625182387575402
0.0615776993776848 0.137328028588363 0.153941500097744 0.25755623319376 0.156671633211815 0.0985459316170247 0.134378973913609
0.0570348046007602 0.336048418029325 0.0376409776696802 0.0103266246276544 0.327496914527692 0.224623798057112 0.00682846248777542
0.215415887263871 0.184762496790613 0.190373243882025 0.139538691127194 0.151070082468724 0.0128963682836744 0.105943230183899
0.167469811467381 0.147341491659065 0.114419421959862 0.041466465335615 0.237675103214014 0.260002548968958 0.0316251573951055
0.141397681560913 0.0632748299846367 0.113159032287828 0.273252601213019 0.071455386314266 0.0661526739204936 0.271307794718844
0.194843372938334 0.176703176572658 0.0330928269389431 0.0311180957804707 0.0780493481146339 0.26711756464088 0.219075615014081
0.0237916523272228 0.145164199343144 0.156634335729787 0.213736306054063 0.138464480986678 0.106592124511334 0.215616901047771
0.0682822058319353 0.195846455709864 0.286316886955259 0.0686305352463926 0.267112077435037 0.0643922976860582 0.0494195411354546
0.020974768862458 0.0687195235503492 0.190232633982244 0.269147592410618 0.123553789694652 0.145694350229804 0.181677341269874
0.122947527811494 0.274264768765539 0.279891136725872 0.228977778523646 0.0249774516803935 0.00355312412364947 0.0653882123694063
0.200355467601568 0.167314824472608 0.102623884066928 0.205784484472123 0.169856459267767 0.0147518419650736 0.139313038153933
0.184383412174632 0.0120564254581277 0.1122218273937 0.119569579540938 0.273708097675365 0.0906211484393349 0.207439509317901
0.100404012737176 0.26619089759218 0.164671004566968 0.0195907365238089 0.179319262174295 0.0770401264152997 0.192783959990272
0.212313082320545 0.129105361606451 0.0618931670592545 0.134720800594764 0.203226652774223 0.0685008561432162 0.190240079501546
0.092027157031925 0.0933615529528205 0.0482720923977605 0.195328702691458 0.287890621301452 0.036851315172903 0.246268558451681
0.167459214846396 0.0481942788470725 0.0762870729782833 0.149130300563389 0.245690726648137 0.163016721536268 0.150221684580454
0.0612938116787351 0.188296530076614 0.228474393760162 0.137478338323386 0.013201467775905 0.209040505998638 0.16221495238656
0.130523217902084 0.1775861025194 0.0156926930034708 0.250198412661568 0.239358406965002 0.0376056770052345 0.149035489943241
0.00780346465967114 0.21440753775924 0.22829380861896 0.182148232504146 0.0895877370741566 0.0534357568762127 0.224323462507613
0.192999896927869 0.183969240830348 0.1737611146483 0.179428711646988 0.00727379671705319 0.136253989118101 0.126313250111341
0.0684008107936079 0.0310678892278475 0.118164411980075 0.3798800445479 0.117248198463764 0.16365913206232 0.121579512924486
0.0294687474322027 0.0798011939216591 0.24403632440857 0.21113043758929 0.110595391424735 0.224747328745932 0.100220576477611
0.0537017757147769 0.207067704822149 0.0485279198820214 0.197559328527852 0.0301033459395108 0.241601167357953 0.221438757755736
0.19904136092012 0.0437851786737648 0.106705069973202 0.0383993552491128 0.221936996915484 0.24065420632028 0.149477831948037
0.17156470894183 0.0940488691740631 0.0459340369147207 0.145317674368245 0.239929038237496 0.18903455817793 0.114171114185715
0.187283543434487 0.158321027764836 0.14186672811659 0.137397116784538 0.0149691768754754 0.208211573190778 0.151950833833296
0.129734339633411 0.244247320742217 0.210654286546256 0.135124550907625 0.11963654544169 0.0708384279018378 0.0897645288269624
0.0282177231296468 0.187034777789576 0.1642134799686 0.13220558811353 0.136300211596527 0.154483349420661 0.197544869981459
0.0920569793956184 0.144004057378892 0.00096454419655748 0.23248276206517 0.0270449214569459 0.294757233934834 0.208689501571982
0.0842834536991353 0.0108964228089854 0.201101245461321 0.0552799408468907 0.150090190489837 0.244077296943525 0.254271449750305
0.145339390893931 0.261177105376999 0.0249136723036168 0.315586887283657 0.0242435712334489 0.21245434992021 0.0162850229881374
0.315070862619543 0.0753725492413126 0.0172596760305811 0.365379643274713 0.0496640033980933 0.0134426163459383 0.163810649089818
0.0756394335783309 0.254126828970539 0.000385078163310247 0.147635654625303 0.226318465066257 0.0731554588160621 0.222739080780198
0.251234178722792 0.0990550066973477 0.0867085478102294 0.0390715941901137 0.0200960327062124 0.354886963250849 0.148947676622456
0.233564033195632 0.0322439550829842 0.0679927721182481 0.0609286999340886 0.261124300081692 0.0444740810628989 0.299672158524456
0.0442863650958258 0.059122950040054 0.0687630251120857 0.115269038868697 0.259336615877256 0.184425161722363 0.268796843283719
0.104707640316332 0.220654011057788 0.166454781165145 0.0990265366197911 0.124510007525537 0.122728483590494 0.161918539724913
0.165843159806664 0.110012739557285 0.134572013760341 0.115392973386883 0.130647113312232 0.190359718381169 0.153172281795427
0.00147231760139519 0.22371394786341 0.168931793717556 0.110624964392937 0.213965303372745 0.131936462873364 0.149355210178593
0.0157500004220158 0.412141953554652 0.18674539126618 0.0571452029757089 0.193164891234534 0.0215013640938085 0.113551196453101
0.114821353000334 0.237571558767957 0.0316166394240476 0.22163037454529 0.21923454723862 0.0122806432817806 0.162844883741971
0.0868168780061197 0.1198390424125 0.110294736418955 0.164393740533069 0.158588289021669 0.168154889426413 0.191912424181273
0.173512730599461 0.132167796102008 0.0478043270369203 0.0302776272438137 0.195124705707488 0.224882654914308 0.196230158396001
0.272635740774898 0.276395234563996 0.0488845595178138 0.0616385734002843 0.268110504681849 0.0137418379122962 0.0585935491488629
0.185203545944423 0.100434590897354 0.20124978439466 0.110637026941844 0.178147133084444 0.0902014480983074 0.13412647063897
0.164404260813208 0.0949042735206487 0.0270669625749122 0.260654474668125 0.251436576587579 0.107194166872264 0.0943392849632639
0.151905013297651 0.266733613101125 0.207258822790757 0.0919464118479785 0.0611010151601843 0.132329557681126 0.0887255661211777
0.0821829835977245 0.0609740710692364 0.137241748290644 0.0665649791933968 0.18547311443046 0.232705222459425 0.234857880959113
0.186068931278535 0.166611712649206 0.192850139619387 0.070415744436811 0.0508089959410292 0.178126701647307 0.155117774427725
0.105297470642995 0.258883153996078 0.225526270152516 0.041005812101081 0.185927133903908 0.114559918622335 0.0688002405810855
0.0320863915765313 0.258176594263354 0.099030930896092 0.164661132599521 0.253409268049597 0.0673104898426715 0.125325192772233
0.106540274193299 0.16597684268872 0.0637769167639081 0.174758531716023 0.2264897256455 0.211641428671694 0.0508162803208571
0.113005553894971 0.188457648997532 0.215968002401448 0.144611027229123 0.198730315506628 0.0545139985165339 0.0847134534537649
0.0685111545791552 0.192464823840574 0.168496708018924 0.21487301165971 0.27168091924981 0.0624406157752937 0.0215327668765331
0.2253680152205 0.025378102010526 0.235027773669171 0.221451994713472 0.0326304478969815 0.235715987264586 0.0244276792247639
0.0958373584047262 0.168166903481214 0.170327420864808 0.20642774822907 0.0717797494738982 0.198540813475453 0.0889200060708308
0.0301682364080153 0.265490548179161 0.121553006258986 0.170756282060558 0.16773487598448 0.169759683964178 0.0745373671446217
0.0596173613601684 0.0900501188757805 0.144693220854038 0.239869300419469 0.180444995059895 0.221102817693982 0.0642221857366674
0.141922850316851 0.142701745514966 0.0711858682590674 0.188957073488544 0.212717426912899 0.124426287971145 0.118088747536527
0.0678362884751975 0.20070943382702 0.214048684135114 0.156672783684361 0.126121071119325 0.0693022514536011 0.165309487305382
0.0444635615108876 0.0408678010514482 0.332965225266436 0.186740512275706 0.313622214293356 0.0158729652234052 0.0654677203787617
0.0226067254486927 0.126482028638391 0.266831163778722 0.039648250857935 0.247820439996346 0.160548638642667 0.136062752637248
0.167573796311073 0.0579252304002751 0.177198359566263 0.0373414209067154 0.19050807213528 0.254829799579348 0.114623321101046
0.22384988684996 0.0645006459188746 0.0903512481427063 0.0302459888507971 0.277958243574569 0.201251332936582 0.111842653726511
0.22606504358951 0.0398789729596908 0.272880519849589 0.097840758082613 0.0756780937384793 0.0795823728093585 0.20807423897076
0.227781891781725 0.100010245680571 0.0160529538231203 0.138766867582434 0.266356893286556 0.067020847011526 0.184010300834069
0.0634772573235747 0.228208506630595 0.143958184695364 0.104667478849025 0.0953087076253155 0.23232289930104 0.132056965575085
0.0581167023718154 0.043572891834771 0.100953099336867 0.437291986031155 0.164768312190611 0.120763832292827 0.0745331759419541
0.185096170427157 0.14293059539567 0.229933101260129 0.0384571784478076 0.238383422204461 0.110398697433347 0.0548008348314269
0.233581105752508 0.0776546671686795 0.277754022142869 0.0222916692101764 0.185281748081322 0.0140210835987586 0.189415704045687
0.244454973640891 0.0942709299642517 0.035630201892555 0.0638078943256076 0.0490939054371277 0.245151215501525 0.267590879238042
0.0596120266599356 0.108546197533528 0.117856891805896 0.00514403274011978 0.377927440792184 0.0991566656240412 0.231756744844295
0.204791578518006 0.239845842303836 0.173720406892248 0.0018028826065321 0.187883603065067 0.169008620608583 0.022947066005728
0.10502663635318 0.00975953636710119 0.16679482549445 0.19363384699127 0.218751121559381 0.0905163672828285 0.21551766595179
0.101006278497338 0.143103416690256 0.0908634613112878 0.171790086744811 0.136193208948483 0.123262162260839 0.233781385546985
0.0918521310559032 0.165573855979719 0.174313954725005 0.122841876582151 0.0191375203677333 0.236410231108358 0.189870430181131
0.0369130804473719 0.272274493409967 0.165316639748152 0.075992191532887 0.0771362822708178 0.320318688496406 0.052048624094398
0.331100380152294 0.00758146072024677 0.0313638282342504 0.0585564663709023 0.206643638309475 0.295907984767381 0.0688462414454507
0.295113194822804 0.109922534374943 0.103693042152955 0.0758871679362721 0.151743554981698 0.0869904481919161 0.176650057539412
0.127551722124402 0.144979948940347 0.182701061557627 0.164030529481113 0.108243805625195 0.147176781175166 0.125316151096149
0.167093625965277 0.0437020215814737 0.144760272402658 0.0524194912329436 0.152601648004366 0.285145337688678 0.154277603124603
0.176237254701337 0.189664613755657 0.121245584155297 0.200008170001674 0.0327042380204924 0.102138972468201 0.178001166897341
0.161490194322346 0.0991157595623698 0.0499886052756829 0.0775158711418569 0.204163597151158 0.0451261332487531 0.362599839297833
0.183362283594313 0.156492814577115 0.0762055775339885 0.192481304497028 0.178916089561435 0.0831695374440913 0.129372392792029
0.066161171703888 0.0574988181931606 0.158317447879254 0.195626148060249 0.106284680076138 0.289809830258985 0.126301903828326
0.154635760532421 0.10915603051223 0.065557909097077 0.199400080311899 0.148693763748672 0.122408400767008 0.200148055030692
0.17076609790264 0.0997318365783042 0.231049806744673 0.105591441926671 0.0502639333616057 0.161643271645057 0.180953611841049
0.204715210068502 0.0459043992819763 0.201186993333639 0.164156938677949 0.128128177391769 0.246149475210772 0.00975880603539296
0.167940181010528 0.102052272786192 0.113260187473817 0.286376612107123 0.107961271036374 0.151276454675289 0.0711330209106776
0.0306672888207189 0.253938510908109 0.0450798836923091 0.153352449500685 0.286849043913296 0.00770820765615142 0.222404615508731
0.201263252488329 0.0872859959455545 0.123939461223969 0.217153094619588 0.252200832605579 0.097215628141629 0.0209417349753519
0.0736552892292375 0.150964536974076 0.00342295495363257 0.0856071214344547 0.157569266285742 0.293495628137189 0.235285202985668
0.00853210344068187 0.243202450319509 0.207161409610081 0.20878695648354 0.177989249165034 0.0378868953902667 0.116440935590888
0.00248986216081946 0.0956607023219613 0.0543737173842674 0.235663387236273 0.297627254351652 0.218330615393862 0.095854461151165
0.022466853126333 0.266421271965307 0.0251033898471088 0.25886608244055 0.234441394791036 0.0921332133993495 0.100567794430316
0.0898142838502334 0.0684796195627983 0.161475865095543 0.216599224364497 0.10597200714723 0.128038692823475 0.229620307156223
0.0151774342223697 0.171293379198311 0.145704258704373 0.00138673565301321 0.226364803586184 0.253839725905967 0.186233662729782
0.075033579882991 0.0676094890119563 0.292349431699566 0.115165134683823 0.0287733278872238 0.132933587548093 0.288135449286347
0.264578072482979 0.0687358614936088 0.174246298383813 0.197376636500854 0.0514390949818156 0.0712406514582434 0.172383384698686
0.0233480083169376 0.281597805946822 0.163974566806025 0.0428870332148143 0.158682005264759 0.0163552607623293 0.313155319688313
0.169895466406481 0.0512964701966114 0.148208740925725 0.233792319088624 0.121497770443395 0.202593459146665 0.072715773792499
0.231233307059893 0.0760010406202667 0.180137784223576 0.1480691352128 0.261103513801191 0.0866127325107712 0.0168424865715029
0.0853892063742998 0.160037236939856 0.0967083467022851 0.18368505431147 0.272121108912174 0.105552514657145 0.0965065321027709
0.125049676818804 0.132275312367725 0.19108527471753 0.139181565920411 0.16477308682012 0.0319575698516274 0.215677513503782
0.0661089881894506 0.243210680633355 0.00599246508274871 0.0192425821206963 0.340708530967272 0.275654989142354 0.0490817638641238
0.323156548858463 0.00553554861091208 0.114078171869204 0.102776000007526 0.157291752289012 0.137825076074026 0.159336902290858
0.166748835954338 0.159772970020912 0.236814881163263 0.0963400464822013 0.0915081948752476 0.236312218404691 0.0125028530993467
0.127450745158691 0.194932695093654 0.143665217668218 0.148290171749327 0.211015838617753 0.17165668818014 0.00298864353221769
0.110069279827802 0.0879387230936284 0.134744231636385 0.234214159349149 0.140865995077704 0.25587163105929 0.0362959799560418
0.169943973951535 0.0643466029660682 0.00483329286954266 0.286425817380877 0.240628685001444 0.139247230454104 0.0945743973764293
0.121962173462838 0.160009346123573 0.235824467976904 0.130840779558252 0.113643961964847 0.0451820657581007 0.192537205155486
0.179193989253284 0.206550533804468 0.1144864876027 0.0977467077636255 0.15192887597465 0.118891599022317 0.131201806578956
0.0483582148559599 0.137309810669028 0.125447589730573 0.149179298577329 0.212197012594003 0.214762673838419 0.112745399734688
0.266661299572946 0.273328605658328 0.0616821430198901 0.0270740862112751 0.0795073983298194 0.14656708333013 0.145179383877611
0.0345295224304884 0.201178555643239 0.144012099144356 0.206364908030593 0.106704102642431 0.215418455219694 0.0917923568891983
0.177562764139491 0.0891704567981337 0.230612032150313 0.172477344457999 0.128382807919807 0.134212169579508 0.0675824249547478
0.189710649118611 0.105057287297374 0.190637327849438 0.153308533605621 0.199649052822387 0.125760255808933 0.0358768934976371
0.0116068361855223 0.0809392203348429 0.393645563988375 0.0983517840128258 0.0152725131175796 0.327829951672738 0.0723541306881169
0.231799760147939 0.00254366672264743 0.213509643995348 0.175072098526669 0.319962644978233 0.0156193291887688 0.0414928564403954
0.0180816417063085 0.132842684886551 0.226278482896217 0.022361193856686 0.22672654293668 0.226822070754013 0.146887382963544
0.26366272636651 0.0506159536890712 0.0852991526496744 0.286685321628476 0.187902658461512 0.0417601104732945 0.0840740767314614
0.31050683506054 0.00346039894123827 0.260922904021404 0.0121718539621102 0.0852565287484385 0.309577239472072 0.0181042397941962
0.16274964147708 0.0704650287862863 0.0783231896819227 0.200242779177537 0.143485366478963 0.162263090176719 0.182470904221493
0.231625872536303 0.0427602141004389 0.220663706832415 0.271414097323978 0.0506313431456447 0.0294234845510201 0.1534812815102
0.0310768259421348 0.239088951906259 0.0824356571565491 0.177884308723869 0.164061718940069 0.0734658681691679 0.231986669161951
0.207473146393894 0.349682903949787 0.163706323428461 0.017605971882877 0.17856394767835 0.0803526468210474 0.00261505984558319
0.214164672220695 0.0980057721189152 0.121697339797039 0.175944913362671 0.0368863038719862 0.184457949796058 0.168843048832635
0.137644940259847 0.245523772460074 0.125188011901392 0.181077998883691 0.120497446230034 0.0112699279193722 0.178797902345589
0.0618648260832654 0.0695751053252319 0.252482558779356 0.0973549041775308 0.11269732530677 0.291313225312846 0.114712055015
0.0264763469672486 0.210097595705689 0.183061679703815 0.103924172463597 0.183568025636977 0.0991638425587731 0.193708336963901
0.222029389130548 0.256002889320848 0.258357402730964 0.105741969078598 0.0757344681308479 0.00521404877598389 0.0769198328322102
0.1223259336833 0.0130040043351452 0.0877476918748175 0.132867388532769 0.328710344208976 0.0886867801200338 0.226657857244958
0.0843078134268709 0.165650704942831 0.263168263217069 0.0987530690423538 0.0552090416047615 0.229850199522611 0.103060908243503
0.0235437037674275 0.0244315781685493 0.0203628735048415 0.279122427893189 0.206119604880927 0.194791280325392 0.251628531459673
0.151873585288206 0.269613828652581 0.150638281601015 0.095930342045506 0.162764591284072 0.15675330793593 0.0124260631926904
0.110337140050428 0.247285308114607 0.0108023940092494 0.168765169250543 0.109349111264691 0.171930368788707 0.181530508521775
0.169572342495673 0.266063838884962 0.030943938932305 0.148482372423854 0.179650290064667 0.179842631368576 0.0254445858299624
0.278611609748952 0.245643657823291 0.111028966028483 0.111575519771743 0.108366423130303 0.0747927674567202 0.0699810560405081
0.225454596922449 0.117556571463359 0.13026478028362 0.179054649462958 0.20867267876696 0.104973707967902 0.0340230151327521
0.0114483080690649 0.0298785638809882 0.311844886963185 0.0789838564747678 0.314951566917448 0.180580034970132 0.0723127827244129
0.205317390246719 0.136043022099037 0.185800048409765 0.147149434177814 0.105135709819834 0.0816929681749746 0.138861427071856
0.0178606135706148 0.152993984248386 0.107338236999555 0.222996085902514 0.192967515583791 0.0877845600066868 0.218059003688452
0.210147773401412 0.084719563946196 0.127318346465833 0.134370826579492 0.281069636687253 0.00157851998085306 0.160795332938962
0.199088666312878 0.0739521534269957 0.0483707020847116 0.199789094629271 0.107213786025429 0.216174896712639 0.155410700808074
0.249015587961776 0.0782004063705237 0.217364265556397 0.0252823915285859 0.1683407574212 0.211068339937812 0.0507282512237054
0.0384682930414026 0.0397001597950231 0.22125749072482 0.0850025042173452 0.187478871297151 0.261949646083125 0.166143034841132
0.218245975364188 0.00452826479295329 0.0584875801787719 0.133938066772227 0.266792039562339 0.0839824905435733 0.234025582785948
0.0621776610760116 0.17813837628014 0.174573619741272 0.151441667691212 0.0685332132029109 0.210527249589859 0.154608212418594
0.0586440786479147 0.166095959865192 0.203223033708614 0.0587833182479291 0.123728982236144 0.230254017602327 0.159270609691879
0.245190520971774 0.102768627847472 0.147685339698645 0.0183161046586883 0.201007512450448 0.0883522167133196 0.196679677659654
0.235618039706957 0.239840335219443 0.17441257517867 0.0895947720083953 0.0301059183308509 0.0245916769167278 0.205836682638956
0.0562272546259261 0.155320744517536 0.222164469881319 0.122724381108784 0.0207353165266539 0.186736174128869 0.236091659210913
0.150109278705383 0.0393646657386231 0.225746489212672 0.152991446595374 0.0216439487825709 0.184565063307861 0.225579107657516
0.103985808072525 0.198817889641245 0.205118514970309 0.00717832632953437 0.180753383814399 0.172848980530687 0.1312970966413
0.0349307223914602 0.00540801879528896 0.270492494866929 0.158832714621803 0.422256777716209 0.0601885609481232 0.0478907106601868
0.198467773792023 0.256240966796597 0.114648956134103 0.241867058295088 0.00424626442196824 0.177160900064645 0.00736808049557614
0.209727166743229 0.0782186784643821 0.0752098101761334 0.215310789036471 0.246777680746538 0.0442204855419505 0.130535389291297
0.20508587764456 0.0250148027248936 0.114331856013725 0.175705645151841 0.204780763930311 0.23478467116066 0.0402963833740098
0.225932557436119 0.040869184752842 0.123352881601608 0.140334839141336 0.142912433943072 0.0994460161119321 0.227152087013091
0.122067889754303 0.0587548199900396 0.121949332305292 0.162248224550257 0.278606517414925 0.06990120828425 0.186472007700934
0.14515903057749 0.255869127748018 0.175516111234199 0.0281556853730576 0.0434984329329641 0.340843737824469 0.0109578743098021
0.124720714164569 0.0977869331401729 0.112568130843232 0.163126289480589 0.20167790672197 0.123121062558488 0.176998963090979
0.157373080195071 0.226803321545532 0.105778464993295 0.0851454998228873 0.182069295201028 0.0789497009732082 0.163880637268978
0.165903674066168 0.115441659895683 0.109995932306482 0.155251925689038 0.0331204135366951 0.227234865528037 0.193051528977898
0.0471453432717024 0.037735851776161 0.183527388652314 0.00478084778809832 0.257201708177656 0.290076427005345 0.179532433328723
0.0309315410671737 0.180616705052068 0.1711479344966 0.15480269418129 0.235907434117683 0.0634260771897891 0.163167613895396
0.265097695943208 0.116227687901837 0.10437144556103 0.0662126295068054 0.204138465162306 0.045017027855649 0.198935048069165
0.213930603100717 0.0455237668774748 0.203318382157349 0.134209573116656 0.121592956354647 0.169848992041737 0.11157572635142
0.0500217303118448 0.0636328349201206 0.177025815082539 0.213383541329942 0.213158948717807 0.0899645476749287 0.192812581962817
0.0424662414057622 0.0241596574978554 0.346914657876701 0.000761694262399429 0.174163160395815 0.095982695532519 0.315551893028949
0.114010822852935 0.0716223311426429 0.190856219853723 0.232706302854111 0.226758947255672 0.0572760425945502 0.106769333446366
0.0139979241214912 0.190983845716543 0.138936114018607 0.10842956015139 0.30632250287414 0.123566517915373 0.117763535202455
0.0526877622247488 0.153042747578299 0.231322498623867 0.29363315534831 0.222921146612196 0.0209584749002598 0.0254342147123191
0.209163141914942 0.0245822585951579 0.243094925835384 0.21509173921417 0.169260067031621 0.0372695264394407 0.101538340969284
0.322839651715428 0.0806743900327728 0.162663379523491 0.0855874829189023 0.109098978219562 0.0772285749216218 0.161907542668223
0.0732173860769761 0.14848092262178 0.181525458169079 0.0104412523318222 0.237068651302069 0.231192735701042 0.118073593797231
0.247623362200933 0.0860573864109535 0.0196878571592631 0.164618361919026 0.0162950435627493 0.193278892134613 0.272439096612463
0.0536127908797789 0.178596641553483 0.216557214687148 0.0354933606665157 0.157719227490736 0.195006434072348 0.16301433064999
0.102802520243611 0.0672390912627226 0.2716955614932 0.12521686227003 0.0563399264675163 0.280449370672504 0.0962566675904167
0.0349896986839357 0.184560761829074 0.156038151504343 0.230190518264623 0.176868702322185 0.18123710267224 0.0361150647236005
0.187718100419752 0.111656067205103 0.174825344357521 0.179317150383512 0.165141127813247 0.0495470171202801 0.131795192700585
0.11553938461467 0.212833509977483 0.085228528828827 0.0265905696569997 0.169034883017248 0.174123299118944 0.216649824785828
0.165199503108591 0.0280821275977877 0.176568829471906 0.258122157216242 0.240237209860323 0.121281626631304 0.010508546113847
0.272397509724136 0.123786498968528 0.335564669468478 0.133409332476201 0.0862381744263687 0.0158340374142446 0.0327697775220427
0.0993530132103987 0.0477797602301168 0.0647948070392096 0.161825727707357 0.140020687756682 0.23653884395399 0.249687160102246
0.0237840855918535 0.0888580450731907 0.321190698086107 0.115583432944948 0.0740520723673284 0.130022631817049 0.246509034119524
