0.244676931010172 0.135104844000612 0.193567033993295 0.0797339936945506 0.346917197301371
0.217169673612752 0.331792095014012 0.0593405736268765 0.344784226041808 0.0469134317045521
0.262437288252775 0.086653165231051 0.31610943341344 0.113936764890988 0.220863348211746
0.0627289422165807 0.222758637274389 0.0498691255169949 0.336428145291775 0.32821514970026
0.077824333992663 0.0895163940187443 0.365183945336424 0.372014548761999 0.0954607778901693
0.170164824607402 0.00588975904510471 0.0794652390685411 0.349959955954294 0.394520221324657
0.478837946511332 0.0967566628053682 0.0364698993590297 0.295411828362641 0.0925236629616297
0.1298929479831 0.204132368062824 0.261746134917723 0.0759537132775405 0.328274835758812
0.180229970748964 0.171614888620178 0.218907016564345 0.0788197859437656 0.350428338122747
0.25875363623439 0.430410880118559 0.139736916419722 0.0371514418669487 0.13394712536038
0.0968819567606213 0.274029859679625 0.527531651714226 0.00235324055097397 0.0992032912945533
0.215609098622249 0.0381051875937526 0.354715390559346 0.119848613440297 0.271721709784355
0.157810580801948 0.31236347364871 0.0747976553210328 0.398080849098912 0.0569474411293968
0.373713239914016 0.198621220745249 0.170119186861445 0.111520560201586 0.146025792277704
0.252659402914022 0.221621590693972 0.123822016793449 0.0345806383186373 0.367316351279919
0.0411974251178222 0.0300407855741065 0.0271000263197347 0.47788614648391 0.423775616504427
0.158763401610775 0.230388957715329 0.064191829262571 0.265330556134129 0.281325255277196
0.000413348464766996 0.301017765883335 0.177725647406541 0.280461539548155 0.240381698697202
0.159254658624141 0.271444041632131 0.0715386080900585 0.0717068340039323 0.426055857649736
0.137943529155599 0.151511873722798 0.309311685039172 0.275010343435691 0.12622256864674
0.207553767638168 0.221697666090031 0.190961101923635 0.20079875833036 0.178988706017805
0.236821718768304 0.118180498383916 0.264636875979146 0.233736304404463 0.146624602464171
0.0625894451839114 0.330679057867781 0.5282036918122 0.00335691695137642 0.0751708881847311
0.0179554798977095 0.016497499063723 0.175453124269583 0.0255073329616306 0.764586563807354
0.273685563321947 0.28715265872526 0.0509308040912781 0.214714197862822 0.173516775998694
0.0491228289566438 0.267334017403333 0.133254201329557 0.242107012225973 0.308181940084493
0.0486367243823612 0.572990543572434 0.196739802428326 0.0420487981447693 0.139584131472109
0.463970861485045 0.441767595219753 0.0236195862799534 0.011074115218376 0.0595678417968724
0.171893289470751 0.361028080874498 0.0157177765620155 0.108406879329708 0.342953973763028
0.307192622470914 0.00391804166362382 0.257020564672186 0.130711695489596 0.30115707570368
0.177432125356275 0.161774154351935 0.27043187558594 0.204710759406937 0.185651085298913
0.00933056745652108 0.311855582615268 0.274519947422261 0.341166807475669 0.0631270950302812
0.281021938409711 0.0959653796726459 0.320418169091483 0.202477474863486 0.100117037962673
0.310726330645464 0.294478534713932 0.0277828887982324 0.0338813525010114 0.33313089334136
0.348600725043087 0.140449246044136 0.0760447807073115 0.0556457566548026 0.379259491550664
0.105371183838098 0.117256510847324 0.278651343695084 0.286002789454422 0.212718172165071
0.302192621888691 0.266694261944653 0.0862675092891106 0.0902086033720564 0.254637003505489
0.27561315569637 0.182576257186558 0.192650578513631 0.287000087081557 0.0621599215218839
0.249371894801205 0.0821616996814615 0.119429782105775 0.265979157184862 0.283057466226696
0.171262342199658 0.0869527008905367 0.22718226465358 0.399053394966026 0.1155492972902
0.237551600229113 0.21246361070113 0.0575159750322878 0.0984616494663551 0.394007164571114
0.286963307144788 0.142201095008179 0.149512162860293 0.269447456445258 0.151875978541482
0.302036555170415 0.147174335432119 0.198653670698302 0.0539061938480224 0.298229244851142
0.367688438601847 0.00649367625227717 0.150839091681912 0.298769403897412 0.176209389566552
0.275635235924824 0.0885975732302166 0.332196887821325 0.093048438034197 0.210521864989437
0.355134132487851 0.136731161159247 0.106620834397869 0.16478954233675 0.236724329618284
0.474471985002542 0.17483462288922 0.00147992056099466 0.309955502007884 0.0392579695393589
0.243886121506336 0.210904694975938 0.148493859202232 0.0481839674722242 0.34853135684327
0.11823106582055 0.233435979066208 0.307447538051604 0.242195333486593 0.0986900835750456
0.354450607445663 0.202939430181192 0.0616186791592528 0.257510855795962 0.123480427417931
0.154287504044737 0.160627195517721 0.062046460149757 0.620342402102785 0.00269643818500017
0.176395565681617 0.136539407221048 0.293279471078758 0.139703769585097 0.254081786433481
0.249303979514579 0.0623392917144641 0.279340901091153 0.0414124938365754 0.367603333843229
0.39870855652429 0.212721742627457 0.0725277254190253 0.230122999307493 0.0859189761217348
0.128563661952741 0.069517638828903 0.308943369091746 0.167714628040056 0.325260702086554
0.433096793088864 0.0148755178675945 0.0928288706654612 0.0885259847598292 0.370672833618251
0.247993586572628 0.264592892656024 0.186103967252643 0.0808770307568312 0.220432522761873
0.131529353319163 0.215078881799015 0.320312508589337 0.0601859517163445 0.272893304576139
0.235524342161874 0.246970053324597 0.110720884768243 0.151874863371892 0.254909856373394
0.240261653765504 0.153417291504802 0.0105296082449803 0.299959899383687 0.295831547101026
0.0146289023098788 0.255402044140334 0.141819893935894 0.303311711897123 0.284837447716769
0.266327378028809 0.0633765018141903 0.254347616767378 0.283439358707994 0.132509144681629
0.135195280008853 0.0518680526305206 0.282161067621413 0.179366748960899 0.351408850778315
0.227019382462019 0.250084929896831 0.254800868448073 0.158362817753553 0.109732001439525
0.111778050622093 0.20460211209696 0.313030493241243 0.291969406669763 0.0786199373699416
0.140281270306167 0.100976440929747 0.250996591833045 0.271308106305851 0.23643759062519
0.285270699669151 0.208977227073536 0.186415524477412 0.175754033161861 0.143582515618041
0.29070392126958 0.17581773745009 0.0785525587027707 0.27525244279838 0.17967333977918
0.185695800502967 0.140364928318082 0.263421013483662 0.0751713221740272 0.335346935521261
0.307535831358387 0.123460669258785 0.0944277580791651 0.320089451772342 0.154486289531321
0.185459778695617 0.034518811307136 0.261889273431861 0.262975373509602 0.255156763055784
0.0605780558798095 0.0817066991844127 0.0399089994282808 0.470133551593076 0.347672693914421
0.291189548948393 0.249598438524649 0.0700430053820899 0.0865628556365142 0.302606151508354
0.195571911108728 0.38342617555377 0.123934862010313 0.12683005788823 0.170236993438959
0.0682346574270392 0.120862946165582 0.273336452521787 0.285698679420377 0.251867264465215
0.271813175951515 0.226193777269486 0.311264729012502 0.130725208277493 0.0600031094890028
0.304734241475331 0.264973987228553 0.121804772169103 0.0650085633017191 0.243478435825294
0.0541039120593828 0.453771970462642 0.000659230056422998 0.0556487742420818 0.43581611317947
0.322154198965583 0.3549897289338 0.0308677604305252 0.157551680466175 0.134436631203917
0.346957445120411 0.155731888415962 0.381639007139111 0.0546332127625138 0.0610384465620017
0.254925277808422 0.0471324695397825 0.129303339731621 0.237957346102517 0.330681566817659
0.25230041932551 0.234855749744881 0.220304725963546 0.190678304268394 0.10186080069767
0.242057062536674 0.150514256045579 0.164283891327682 0.131882326221257 0.311262463868807
0.128998226543837 0.167919755531422 0.246700674506479 0.24501850177704 0.211362841641221
0.265035621750157 0.250717561043859 0.210230223733821 0.0819670625684837 0.19204953090368
0.196319614449453 0.178533756731752 0.254663285353604 0.262501439805714 0.107981903659479
0.114592162888845 0.239609487547705 0.474495617417398 0.0239486334090926 0.14735409873696
0.23147818168934 0.174577683718082 0.254936119445624 0.150132906262825 0.188875108884128
0.163764782223275 0.286227088622981 0.25753369791404 0.149561451558143 0.14291297968156
0.0500036545437367 0.416979058930423 0.0771278253971683 0.191327219948422 0.26456224118025
0.0184185408890171 0.417857815434935 0.182817614462679 0.155787199745846 0.225118829467523
0.130511605335022 0.239569211791894 0.248792280807247 0.294438167574667 0.0866887344911709
0.130050247448101 0.399311690526063 0.368554784144709 0.0609629575142961 0.0411203203668313
0.128665519794014 0.198093202455393 0.280434080752225 0.306018168048843 0.086789028949526
0.219599247676501 0.268494705119027 0.289186704959681 0.0200775716121046 0.202641770632688
0.138974603480504 0.0519963944941199 0.295314472756579 0.178524162163228 0.335190367105569
0.017185651180615 0.170121863671229 0.38583344595528 0.364899416852195 0.0619596223406817
0.0320067335404183 0.0226705536838149 0.296895931120681 0.454815194648077 0.193611587007009
0.226067303638262 0.238328434831985 0.202218729991011 0.054964997379141 0.278420534159601
0.220177211830811 0.11232582414572 0.244127741022354 0.222506505842084 0.200862717159031
0.199944253945426 0.0332474716115833 0.297447401581409 0.175316092480909 0.294044780380673
0.197887510947632 0.128223165075672 0.144960125428086 0.340639956871505 0.188289241677105
0.242855749197911 0.221766398418439 0.0859934322181564 0.215488023577792 0.233896396587702
0.157695263330536 0.0737032393887093 0.285084127778389 0.195437268088464 0.288080101413902
0.236218033246759 0.0149073292419042 0.247466116026273 0.254148314686061 0.247260206799003
0.0218397816654242 0.352368343874311 0.222869190698308 0.139463148054276 0.26345953570768
0.258256034840097 0.0205519713647209 0.270902288105136 0.24639253426446 0.203897171425585
0.124350549392709 0.185495581464322 0.320363153681121 0.254318488146689 0.115472227315159
0.00411023059978611 0.141692316641203 0.330994056345793 0.294437315347647 0.228766081065571
0.0678702248795901 0.279922352012185 0.0748790308833701 0.221519140064058 0.355809252160797
0.167272532609063 0.215115604545357 0.0985973928761775 0.256523769174092 0.26249070079531
0.142790397887812 0.2186168081638 0.182040774423263 0.219788682193255 0.23676333733187
0.300973512027734 0.196890782952052 0.3541573099852 0.0992050050019925 0.0487733900330214
0.183789914363641 0.329208664981161 0.067530046281967 0.00996974023428133 0.40950163413895
0.256467497202943 0.0326981257168485 0.368029056745583 0.314104760441127 0.0287005598934992
0.321624452058579 0.0661027594380104 0.219309853635652 0.332260256969055 0.0607026778987043
0.142739025397791 0.295732788877066 0.307133047197123 0.221679015909906 0.032716122618114
0.264435829102315 0.249506963614227 0.0637469206618223 0.247101463147273 0.175208823474363
0.134892790412092 0.190674892640483 0.17684697289961 0.247088364029371 0.250496980018445
0.314447856897592 0.0810052419344131 0.221336484358116 0.0379419780716275 0.345268438738251
0.139648143800044 0.277189591746487 0.253697473420708 0.218136964155563 0.111327826877199
0.330182205775905 0.0847458559309909 0.319636547461475 0.0789409478370859 0.186494442994543
0.147027345082589 0.187106209132103 0.284003695743758 0.246128387678675 0.135734362362874
0.204353082402977 0.309302713043675 0.198660540553117 0.194507514461139 0.0931761495390919
0.279050835666689 0.162910349627105 0.1949055262324 0.252952397536134 0.110180890937672
0.123079848561166 0.0631178622328398 0.329126230537098 0.0532938686204041 0.431382190048493
0.159262333379878 0.409464247304269 0.189592855188562 0.166377994987123 0.0753025691401685
0.159908439847592 0.185700569577481 0.111999620521265 0.287856079097521 0.254535290956141
0.217754979675595 0.0130602837815818 0.10638489332208 0.392642637405177 0.270157205815566
0.31162794392232 0.256646139816254 0.0382274733058283 0.164576329063705 0.228922113891892
0.212336678159574 0.208581141798691 0.374887557629232 0.101285462304578 0.102909160107925
0.14239067195373 0.328617246138201 0.0689995145065301 0.226678463857178 0.233314103544362
0.21870425235554 0.25376157000108 0.000372959644460142 0.212281267809244 0.314879950189676
0.0786696524795796 0.247394564664388 0.147371666864537 0.374560615412253 0.152003500579243
0.250732764320058 0.149059010968322 0.174655226733844 0.324158809022784 0.101394188954992
0.143925466594774 0.381938660837021 0.259420396004394 0.0399491090016568 0.174766367562154
0.128237808598536 0.175047992715324 0.295274489695315 0.097782560440576 0.303657148550249
0.278529460073162 0.272142379241755 0.10385663536444 0.116197927561537 0.229273597759106
0.233129788229794 0.225366919831693 0.116442826760457 0.13224706634748 0.292813398830577
0.198799181852694 0.0820634073706895 0.422119393081876 0.22240347911909 0.0746145385756498
0.11234445785983 0.164114746039644 0.183458742397658 0.251556937414106 0.288525116288762
0.0222029196435827 0.333378597889191 0.237045327116575 0.038415300324855 0.368957855025795
0.11484605342795 0.316966834629558 0.303242134567166 0.195541520657413 0.0694034567179126
0.0689283634856728 0.286471021488823 0.313999467040712 0.135395269174531 0.195205878810261
0.0178993723898766 0.157076345003294 0.142377364936893 0.447071968563537 0.2355749491064
0.119278616821362 0.254279329527761 0.0909372153637997 0.22738219236732 0.308122645919757
0.201141631950455 0.210511734144213 0.0707848539957234 0.188581131595884 0.328980648313724
0.173005149319163 0.313074461765169 0.278360301507921 0.183131272307788 0.0524288150999591
0.316573806908692 0.203371936482704 0.193693899546849 0.0697511001761713 0.216609256885583
0.231027930455152 0.0301513813167467 0.224470610199518 0.255808471873389 0.258541606155195
0.142377620827203 0.333175375577918 0.300348540768162 0.0367540455900767 0.18734441723664
0.211207636633934 0.314803701031921 0.24550009677656 0.11365847001292 0.114830095544665
0.245726660416077 0.183784321349167 0.182825102104411 0.229325047760172 0.158338868370173
0.136960686487871 0.259565583020619 0.242852896302585 0.200141080075836 0.160479754113088
0.0218644524813399 0.479478100303517 0.0228148381038215 0.419866166136434 0.0559764429748873
0.161432025661947 0.303458049791157 0.0961203742816405 0.156679381285379 0.282310168979876
0.228792820297337 0.212348850109983 0.22310581656916 0.14329521759319 0.19245729543033
0.273142884065628 0.179947019393681 0.260966365304156 0.0119563234171734 0.273987407819362
0.2606653196722 0.157738539656583 0.101999619724184 0.0426636077975866 0.436932913149446
0.33483724014541 0.089219719789318 0.366969381338586 0.00581960884782344 0.203154049878863
0.380648940894071 0.0749216116701162 0.293977606365146 0.166008732388052 0.084443108682615
0.368457909885799 0.135608364733786 0.276672515062375 0.10899665521344 0.110264555104599
0.300563654231147 0.0606608522375574 0.102086262942622 0.236395647442669 0.300293583146005
0.0214034174990358 0.230015273936617 0.164783360140938 0.350161858658628 0.233636089764781
0.143269244140736 0.301795103359933 0.162754741777755 0.11791010687922 0.274270803842357
0.207739221657677 0.23616501207093 0.290772846512692 0.186225443123101 0.0790974766355999
0.0553347721351641 0.244665215358364 0.314887719775656 0.233821713759068 0.151290578971749
0.23040274212403 0.322801650135035 0.0763284118079085 0.0454790264972392 0.324988169435787
0.169075351872087 0.168769869679914 0.133831522445417 0.392187158764122 0.13613609723846
0.265923730207005 0.183034165432512 0.191576930191277 0.187701284775024 0.171763889394182
0.299455555932824 0.0937682459370709 0.268750497463841 0.172778791420065 0.165246909246199
0.145767997179821 0.322234398297846 0.0547199027568962 0.0762248391811604 0.401052862584276
0.162551550125293 0.0723857812091323 0.262453481528671 0.194943947297715 0.307665239839188
0.236787209764448 0.273232677303511 0.252594220247892 0.100620138926323 0.136765753757825
0.266367489819502 0.274775116020522 0.0798585299838692 0.258300073780473 0.120698790395634
0.354118171256739 0.33824375599161 0.0458746317286851 0.188728238021057 0.0730352030019079
0.31593187595577 0.0380797718320042 0.309395014791538 0.124698331896406 0.211895005524282
0.0666201234841658 0.374736504134476 0.0237574245697082 0.196673934801134 0.338212013010516
0.178244746144727 0.197464747353909 0.317599165948441 0.0963689694530791 0.210322371099844
0.191844452307172 0.304636886857523 0.157542744791415 0.117452191617326 0.228523724426565
0.0602823921041379 0.250597578741514 0.243727075900679 0.107347614884508 0.338045338369161
0.246376707288793 0.269215179040547 0.241565328088219 0.236090704902215 0.00675208068022687
0.270999134968826 0.253725427011184 0.0235761519421626 0.283615077102028 0.1680842089758
0.196947066804084 0.164673200872339 0.255535655851026 0.0884875051485262 0.294356571324025
0.300115358878316 0.16472369780521 0.210339883989106 0.0489103619456469 0.275910697381721
0.328278221404384 0.0309107516326991 0.379588118760067 0.0068876095749616 0.254335298627888
0.307383981441659 0.28939567675776 0.000867437710800438 0.337932116015621 0.0644207880741597
0.261607247882478 0.118772613709345 0.179831866185011 0.186008346234489 0.253779925988677
0.0264019572954016 0.256306249290746 0.0548959043558521 0.363910082260091 0.298485806797909
0.0592120209880325 0.220391600961986 0.247492914208031 0.233877839611977 0.239025624229973
0.297294413150585 0.233157877802952 0.272286081335927 0.172715333761298 0.0245462939492377
0.168386131995584 0.155671200370585 0.3374450292221 0.159657568390324 0.178840070021407
0.345933192544117 0.125634885524354 0.138843374363521 0.326690884087301 0.0628976634807072
0.0847518964651566 0.259787129173055 0.34469225580104 0.110286904634378 0.20048181392637
0.133164088552789 0.0907036136933591 0.216499895541421 0.214671887960025 0.344960514252406
0.330455635218723 0.224188350952752 0.181776983196526 0.059594907515228 0.203984123116771
0.0735683690213321 0.0186166047569356 0.322776856503506 0.192080159031407 0.392958010686819
0.143214414101645 0.23069116901692 0.224957603083599 0.198850443144863 0.202286370652974
0.0803951414820697 0.115326185091411 0.282745927053073 0.263311264430386 0.258221481943061
0.0260939405546021 0.286293818450667 0.352384725152424 0.180526523866344 0.154700991975963
