0.178839686916523 0.165999113216824 0.17391634033304 0.264898216873956 0.00983468822519143 0.206511954434465
0.171995954670582 0.203426185942455 0.148943437226205 0.291067258594445 0.0729336952681281 0.111633468298184
0.0322174050093649 0.0866329514267321 0.0526448314384936 0.196981853478629 0.338118257987089 0.293404700659692
0.0780915469224433 0.199353456389693 0.107506143924845 0.236182374564809 0.355311797208045 0.023554680990165
0.059531311616383 0.225405537391672 0.179040826906832 0.0626222647811479 0.28896545008104 0.184434609222925
0.196921708160027 0.230067409133917 0.0374340499796123 0.108150136666378 0.246411886175072 0.181014809884993
0.169268653925469 0.213405884280834 0.195685584037025 0.192336217728614 0.129784185977881 0.0995194740501775
0.0155195564469576 0.300888455674132 0.0358414476432229 0.271643465021488 0.225597624987857 0.150509450226343
0.266650728784166 0.0666426112755077 0.0749037629325385 0.0678587571099732 0.319995283988485 0.203948855909329
0.187295576601676 0.144816488805179 0.273905554980679 0.250197201965584 0.0730667199813893 0.0707184576654932
0.157042221813423 0.206628921554091 0.217454429502464 0.176203007863758 0.173157375076931 0.0695140441893329
0.153014474228516 0.123639010145608 0.252695454434835 0.264583746571353 0.147521082183449 0.0585462324362384
0.357706699328235 0.130981457993599 0.0923063139142812 0.213163842608299 0.0142535102246207 0.191588175930964
0.213891944563766 0.314507622015452 0.224529997350563 0.227102254573035 0.0161555068009996 0.00381267469618487
0.0367897715044623 0.134079994710982 0.0365243034294338 0.287706700992092 0.358388697812584 0.146510531550446
0.279274070666264 0.117259616808474 0.345774024503884 0.0119082328290305 0.075378324349677 0.17040573084267
0.108565884143355 0.046793438303196 0.176083892066666 0.195393108009575 0.2298293396932 0.243334337784009
0.194359250230242 0.229240062273917 0.0751991614339 0.210081314300842 0.0599245046342689 0.23119570712683
0.326575550683243 0.12607351587766 0.106276235941349 0.121838132468153 0.0994697392886439 0.219766825740952
0.063233805216479 0.168635279080523 0.211971663594857 0.165521608548786 0.341684508141454 0.0489531354179006
0.289534388561779 0.127294743345919 0.133317375861928 0.105151844533115 0.147913748943378 0.196787898753881
0.145282502570032 0.024863827339391 0.131736712566118 0.376433971322755 0.129716826991686 0.191966159210017
0.126429250844166 0.150846272376596 0.0198664720827134 0.0823471695771679 0.296171385303078 0.324339449816279
0.24030167618247 0.227633675476445 0.089421012764413 0.121595351384255 0.0507710342346223 0.270277249957795
0.0555148336689355 0.0777937381329068 0.222321348810216 0.252815420641522 0.355167240384029 0.0363874183623905
0.0749294373590199 0.068203844043866 0.216429524513405 0.212971266015484 0.233741363403163 0.193724564665062
0.0683589504286128 0.181027222199312 0.0434635150319737 0.294151084459423 0.295501437619777 0.117497790260902
0.220813182564523 0.203359476446268 0.0881924121012223 0.217601595435207 0.133580926416936 0.136452407035845
0.0963778086930998 0.335986304114525 0.0555828118312355 0.15388225502651 0.302364923216294 0.055805897118336
0.132652321668187 0.23578694521087 0.142198209606755 0.220814238672057 0.109579707940234 0.158968576901898
0.0837125728396641 0.0522748918345238 0.237965434424317 0.300064966392593 0.101157961692843 0.224824172816059
0.337452182791465 0.190340409328966 0.195907662262461 0.21087325216873 0.0591340907652713 0.00629240268310627
0.255222861733938 0.0361991781360145 0.132231616964914 0.233087370317119 0.246720959138824 0.0965380137091899
0.2551027999924 0.00274490541475241 0.115317134590555 0.0824268709330104 0.35677266792015 0.187635621149133
0.184429504071955 0.217159924292357 0.160701859108535 0.329011325535235 0.0973553617740335 0.0113420252178846
0.192423308841149 0.150092902805316 0.156794247235537 0.13464016738311 0.169735172040987 0.196314201693901
0.130982381015648 0.144184134861155 0.339631762519996 0.0526404271002553 0.0758189685245912 0.256742325978354
0.264953651831929 0.0348984533066779 0.201060980654886 0.178888792795157 0.273389382801093 0.0468087386102572
0.174612077815489 0.130619973585981 0.0183279772342465 0.231496377282886 0.245033736756871 0.199909857324527
0.140998174617358 0.272714900312906 0.00821107414794908 0.291751082162256 0.197236158345831 0.0890886104136988
0.118290225682409 0.17688001692101 0.195160860701161 0.197783803607978 0.133180197241983 0.178704895845459
0.240669594359514 0.216251613119553 0.196772135446998 0.0820984559131709 0.0708212565720144 0.19338694458875
0.00815310732922222 0.252782442447939 0.182514566789494 0.0599785521120291 0.369955594152815 0.126615737168501
0.143317263095905 0.275979823166124 0.0224123688537789 0.172320116696675 0.18237818331383 0.203592244873687
0.0251695890346201 0.298681463575055 0.0317672299941625 0.193256003590866 0.128430393230202 0.322695320575095
0.187586298107065 0.410364686901797 0.0194621510265074 0.131587761237336 0.0303578285953664 0.220641274131929
0.205049991444241 0.140483191419139 0.116468202239941 0.310603803938007 0.0222073369334623 0.20518747402521
0.168537373768084 0.201136077225775 0.189344252453561 0.22704314180728 0.156209833992008 0.0577293207532918
0.0225707469465369 0.0078357601360543 0.0856662992951083 0.355489647618234 0.190218771326047 0.33821877467802
0.278105908158557 0.0357219070583216 0.0728429802522131 0.102570782809674 0.252927124469427 0.257831297251807
0.121474923964229 0.161048620502268 0.139506111279326 0.0375401502429284 0.249654580840465 0.290775613170783
0.197875590387593 0.179057848545172 0.214548179517164 0.102264111274298 0.17326186029005 0.132992409985722
0.0843093443724986 0.299143095297376 0.170043545758807 0.168455989850039 0.0744559458616516 0.203592078859628
0.148028489436275 0.0178761693825185 0.293389216503613 0.0750923809356497 0.208906927320697 0.256706816421247
0.240258649263939 0.214233173981369 0.0674997667841675 0.220310524401021 0.232722453623005 0.024975431946499
0.0121872999013404 0.343371662244406 0.144609679467491 0.0976444066490452 0.228216105733669 0.173970846004048
0.17694154486543 0.0012292232719761 0.210510058194579 0.133982551882442 0.262047663286936 0.215288958498636
0.276502557859204 0.164585463224557 0.0888360105998543 0.0353678111634194 0.265530595821621 0.169177561331344
0.211847911102401 0.237776777677183 0.0131610336208518 0.202832420074531 0.203067335281314 0.131314522243719
0.0386641873682914 0.188020269326576 0.000708728850696795 0.382494048255392 0.236000597793173 0.154112168405872
0.0847265231399818 0.374647131430075 0.0718871534821521 0.379610566598525 0.0383405822899758 0.05078804305929
0.186637931710162 0.257480833786791 0.0702161690495796 0.186157690171138 0.0385632799163464 0.260944095365983
0.238594082450372 0.0347282407877758 0.236045945495588 0.228759088936477 0.00280547716120651 0.259067165168581
0.0162944975427173 0.202086180461813 0.290199183134405 0.297808582270064 0.178045599217674 0.0155659573733266
0.249986464068261 0.0903105219645643 0.268081057386744 0.115373209455903 0.130893399318885 0.145355347805642
0.325896829405842 0.0361976862342316 0.137501111238966 0.0994037924644989 0.243385920566136 0.157614660090325
0.194893875495108 0.205391810028953 0.187572023848929 0.00964461946205115 0.180545974396002 0.221951696768956
0.241569573215553 0.0147836560293895 0.0613864055480128 0.157993412889526 0.422745028944029 0.101521923373489
0.24317655405027 0.130606215951026 0.233185791043983 0.00698820005113458 0.125921476058937 0.260121762844649
0.202271144326899 0.116392964790129 0.233574184676565 0.188737768871747 0.197245376906285 0.0617785604283756
0.247389303718135 0.0917931517274189 0.175833486807359 0.255479960708566 0.0794320792191052 0.150072017819417
0.241652190377046 0.00144987368782044 0.101608249639775 0.0498363031942279 0.333544226356099 0.271909156745032
0.225626839113456 0.133869691651847 0.135132205941625 0.065116286566221 0.237517487766359 0.202737488960492
0.178043280020006 0.127064210134283 0.0707697442264817 0.165267022824477 0.205674017640279 0.253181725154474
0.10198945991829 0.199331877649169 0.206781310407494 0.243920275438124 0.176277404329385 0.0716996722575377
0.3165493705693 0.0840623890920321 0.197171383256539 0.105337602844699 0.107101674459585 0.189777579777845
0.0905008166433054 0.154986019829754 0.215823897921888 0.0294406780170702 0.252643141610302 0.25660544597768
0.207360668356522 0.0525651095612524 0.186387728949519 0.173742914050282 0.298862878742633 0.0810807003397925
0.323038761569038 0.189882322556723 0.136446566224117 0.194540665995929 0.11699953553026 0.0390921481239329
0.00689283063281213 0.25600935797073 0.0678980474990933 0.332243226596044 0.185919543030603 0.151036994270717
0.108497343246164 0.208630317276116 0.229680468979405 0.252008138355687 0.167064793514911 0.0341189386277177
0.121302192047589 0.152741875161136 0.134027143629248 0.232327789536481 0.298401159572579 0.0611998400529683
0.0495954319137121 0.275878704128732 0.166672844227301 0.117423882672534 0.277330476051486 0.113098661006234
0.200491713717899 0.123501751341512 0.230908079852956 0.243025269430999 0.158783577745516 0.0432896079111177
0.249679146777221 0.211875953940212 0.00473523873242467 0.135657999868858 0.0162648621332874 0.381786798547996
0.292738456481936 0.0992152607036582 0.0774512567727383 0.125712025132081 0.311598872230427 0.0932841286791595
0.172496414210766 0.112700708801809 0.273688157207985 0.197250446974069 0.197646657985228 0.0462176148201427
0.128876773781519 0.148104891468212 0.256486238649027 0.146714512121241 0.049820106400987 0.269997477579015
0.0201601191081976 0.086123889703036 0.0145851105651116 0.413998548807434 0.342838970426875 0.122293361389347
0.128898323403965 0.0370001576517193 0.241196603039035 0.15047481570924 0.343373692597099 0.099056407598942
0.00681548384089432 0.2246634375532 0.0090023665344961 0.237527274466023 0.260048232133389 0.261943205471998
0.0563234807097396 0.127772282016071 0.103253121531703 0.152014980429782 0.104209394860743 0.456426740451961
0.278128687686101 0.0966710812097941 0.0956477678057711 0.261950475274489 0.221118370801227 0.0464836172226179
0.119760985358205 0.238253665569903 0.213612911102414 0.200092114664612 0.0173617942468058 0.21091852905806
0.0385337140991687 0.256607271342786 0.31423410028811 0.13593278007709 0.038120757580667 0.216571376612178
0.241672581980218 0.144168184860156 0.079583863522052 0.242920003643961 0.114478465353565 0.177176900640048
0.216560051863564 0.194647911246377 0.0345517595179425 0.20497642865728 0.173189491527335 0.176074357187502
0.177265721156286 0.23311965166255 0.0345734624941749 0.222801291577462 0.0960217443325124 0.236218128777015
0.244926377636452 0.107342317557493 0.204852958694191 0.225954321008091 0.000386310854994445 0.216537714248778
0.048587317654904 0.289530030255863 0.114796520448907 0.156573547033895 0.296646075736216 0.0938665088702147
0.256763467421994 0.134350454030767 0.016656729773056 0.288470021154428 0.0531591650719987 0.250600162547757
0.192893002915704 0.166618185243411 0.0691713350040653 0.197077587227226 0.170507358843539 0.203732530766056
0.102120671331448 0.165518007529111 0.299208772848876 0.245584065853184 0.0594269505698932 0.128141531867488
0.107760462572509 0.200403776541626 0.166537647761246 0.155818098152379 0.184638363415207 0.184841651557032
0.545304807201084 0.0334259009708107 0.208954323628271 0.0568880604124175 0.0456491286043611 0.109777779183055
0.27295529084173 0.0765179425890787 0.284701685301605 0.173293684947302 0.174473508385408 0.0180578879348762
0.15489463262521 0.0752669884461148 0.210078786429701 0.132340251031846 0.128786211500203 0.298633129966925
0.211919711235674 0.214107835879768 0.121347522717761 0.146905275421005 0.215231272249432 0.09048838249636
0.00800006775727507 0.352417221895371 0.227698825787874 0.0254667304948661 0.180597364010365 0.205819790054249
0.140356751475099 0.149925982279876 0.231249630200623 0.222059782795619 0.0244753512641472 0.231932501984635
0.0964349349197668 0.374837095111659 0.323877374701281 0.0341158539167718 0.135828700184752 0.0349060411657696
0.134884847030942 0.142053375175814 0.14212779575565 0.041741359055891 0.282534978350334 0.256657644631369
0.245903188239025 0.0882320531690846 0.191686988206276 0.131413988453438 0.100110090997685 0.242653690934492
0.227245647758862 0.118658392934816 0.163352719783675 0.161490934167063 0.224910558663103 0.104341746692481
0.142118022668615 0.171833668333216 0.0506517453259542 0.15676942070059 0.267820229471729 0.210806913499895
0.25587091918449 0.167765721214708 0.338203228433035 0.139240935414328 0.0857053210708996 0.0132138746825401
0.167860161243113 0.271509835295698 0.0459772796918508 0.278464505186382 0.110154773935786 0.12603344464717
0.264171438805012 0.114952020966088 0.306375591975518 0.220942479221365 0.092824244922031 0.000734224109986447
0.0270762780215363 0.261349837150179 0.217829203524219 0.0385388634553967 0.445709104182701 0.00949671366596727
0.244605972459249 0.0281425306332232 0.17416377846111 0.0786050283236922 0.218422221252611 0.256060468870115
0.297355300493353 0.247220224662725 0.160741019864149 0.0543334367825122 0.0524550599236016 0.187894958273658
0.247600777069113 0.206124050718999 0.12083825941401 0.170544496460437 0.132281102818515 0.122611313518924
0.228067032900814 0.182566706583281 0.0118104352839106 0.42084387783564 0.0499284862375235 0.106783461158831
0.252567744850207 0.184323860878145 0.275178743803824 0.142222643799447 0.145666288720774 4.07179476039057e-05
0.0435827862788924 0.209276117930018 0.176318449774426 0.274700377718422 0.0441828948036219 0.251939373494619
0.107206291083051 0.0132103056990378 0.22276233145529 0.0867199538762785 0.351320618959113 0.218780498927229
0.0420654500179873 0.00697622171296012 0.335944070508289 0.319863226947424 0.287433488960002 0.00771754185333787
0.226042589750698 0.140983395206479 0.206927116953079 0.139646225477193 0.117044274075459 0.169356398537092
0.181357898258835 0.106468202897302 0.232159549429047 0.281626193533491 0.0843008222447519 0.114087333636573
0.110201210984294 0.255878067701778 0.229074588457795 0.0839538306807575 0.129549445934211 0.191342856241164
0.055762592298268 0.226522070378532 0.0396941524302309 0.340686099866884 0.0500784233422754 0.287256661683809
0.182793733207652 0.00942481941689576 0.086003068934205 0.330964644069433 0.0776972077166325 0.313116526655182
0.263568051527567 0.148929251728649 0.158403345257469 0.128492614900579 0.208490065799319 0.0921166707864172
0.0765550719237475 0.266048087743016 0.00405002267445726 0.174723763240857 0.197880956973587 0.280742097444335
0.148545247921604 0.118314075021238 0.29412943110564 0.151735784651074 0.285474347568861 0.00180111373158364
0.110824110447445 0.0537419810408682 0.301024026143388 0.0680897267824594 0.322684926529401 0.143635229056438
0.141872375478281 0.0698722703998946 0.214288733419202 0.126718141298876 0.243962720073911 0.203285759329835
0.11043467021282 0.173415160702694 0.324021402085597 0.145587662233885 0.101451999503808 0.145089105261196
0.135089271813409 0.00406505915704327 0.0990187682214246 0.312699397969521 0.213934368916106 0.235193133922495
0.0510726016356832 0.204948105070312 0.224110479260815 0.231389927505596 0.226335402216476 0.0621434843111177
0.208928730643772 0.115195783435773 0.19805584235463 0.121021092628812 0.247813473478057 0.108985077458955
0.0226572144933009 0.224434446826825 0.140933466082969 0.0704818205915732 0.279269223517713 0.262223828487618
0.314964326937962 0.34693503044509 0.130355327390771 0.108175415055546 0.079080461195937 0.0204894389746935
0.135638171239731 0.185345138877599 0.2442676067284 0.00441902100883325 0.165732238977776 0.26459782316766
0.0535182377839383 0.258267938571437 0.166143861112678 0.15002681529304 0.0926885180446267 0.27935462919428
0.245485399906159 0.104686000549893 0.109768262788023 0.202932410879658 0.221493378047686 0.115634547828581
0.149422966792499 0.0505617767561724 0.236460592139279 0.19167302308708 0.36272721987652 0.00915442134845012
0.326694213711042 0.00798335851504321 0.196095833270418 0.183766363948307 0.0780948863568099 0.20736534419838
0.162476724932878 0.128050517403037 0.246288730373642 0.195410711241919 0.250846277737713 0.0169270383108112
0.255229512371176 0.255737918162424 0.110990792593016 0.128211847127882 0.18718119335191 0.0626487363935915
0.00684881423536443 0.16877109641525 0.270226038168325 0.195209028803547 0.242464368463624 0.11648065391389
0.247871509541505 0.232040404005219 0.0413544349365872 0.0924257159270754 0.164149523731593 0.22215841185802
0.167888776274784 0.127307703835157 0.188971131921907 0.218152841442912 0.0597133997377046 0.237966146787536
0.220801398280068 0.206457679844339 0.0736337710381459 0.196168347680794 0.27023427966877 0.0327045234878836
0.232817326697077 0.152522564378222 0.0178184986280609 0.264354789517759 0.0583503149252706 0.27413650585361
0.0511898292040235 0.182285819389047 0.129430437274774 0.349960671931696 0.2008640848732 0.0862691573272594
0.264320917361602 0.129330531674476 0.0110211341694004 0.0240649213908108 0.300941796701013 0.270320698702698
0.141259314687866 0.240104888762501 0.233788351040062 0.116557217313975 0.00506672177551606 0.26322350642008
0.0807638865227818 0.266780308922878 0.112644487489195 0.302878706714022 0.0630183976265235 0.1739142127246
0.210355925712283 0.209960855310969 0.156442610922031 0.13749332575321 0.264544949416617 0.0212023328848897
0.259587805066231 0.0880437318571651 0.0683213456967773 0.311441992630083 0.122275172229114 0.15032995252063
0.0509849193116356 0.163228247216416 0.240166579979644 0.105644963986488 0.250676209723709 0.189299079782108
0.174791250889364 0.0911627280550184 0.0621127826938551 0.0749216268748156 0.352459872623216 0.24455173886373
0.139169331322993 0.186550958241844 0.0269221631856716 0.263369275858176 0.269331809056779 0.114656462334535
0.0367666192617005 0.100613773180471 0.242117651081623 0.144603608305721 0.249182465595334 0.22671588257515
0.0777732424459025 0.215217671247018 0.066148208761751 0.254276109911686 0.176921010108275 0.209663757525368
0.00223840663155372 0.0444163237868328 0.259371758875833 0.289981442127166 0.126903467175076 0.277088601403538
0.294715178448912 0.101893865536233 0.271969169203669 0.18719907853625 0.0431613482415948 0.101061360033341
0.130052397901957 0.203376431170677 0.211269989591467 0.183567227228781 0.189922449664171 0.0818115044429468
0.0160848858266284 0.203086132836286 0.292852863887985 0.217687636050438 0.237402661433306 0.0328858199653574
0.304164740198922 0.324995214308263 0.0281380862693662 0.0823341725494138 0.148499624730049 0.111868161943986
0.0833941548727381 0.102291454837347 0.295174239601081 0.11823761825016 0.142161297967476 0.258741234471198
0.243519887150897 0.0587911320794029 0.0322847801016498 0.141522503302653 0.260848888420435 0.263032808944962
0.295150889935504 0.233046486318014 0.027169654911059 0.0624067665342864 0.276362852509266 0.105863349791871
0.227715330864298 0.120090266381369 0.146924562350012 0.122973123293913 0.229054043518489 0.153242673591919
0.187730815011018 0.159184335666696 0.216647038572913 0.241035355341974 0.0820271981938405 0.113375257213559
0.0258418347148016 0.309155720886413 0.176432028470023 0.232315811311245 0.0820232261957455 0.174231378421772
0.18431560860408 0.0280348247691373 0.211207295103591 0.227320264695032 0.186270938372883 0.162851068455277
0.190623192409716 0.0705859908027386 0.212451802328747 0.205469612131449 0.162442375433952 0.158427026893397
0.237953546448768 0.142120987719293 0.198645243449232 0.169271392723064 0.172361515817408 0.0796473138422352
0.160665106101594 0.0848425559409048 0.234835194056885 0.0986735841428707 0.168170771051597 0.252812788706149
0.155135060446054 0.0630957588875797 0.113558600371591 0.364213908610412 0.163648357259301 0.140348314425063
0.259122497965236 0.169131230086832 0.20513796390377 0.0400573307221127 0.319684991289521 0.00686598603252807
0.202880349759001 0.0575379077731562 0.173537254042498 0.108163256821231 0.281202464596139 0.176678767007975
0.0957312011391635 0.144544392583597 0.199220370956979 0.237616964937644 0.225495042389172 0.0973920279934442
0.0504777758439208 0.29960035097649 0.157111455150249 0.0825486881578987 0.21465237310387 0.195609356767572
0.238398361072037 0.00979152289893459 0.199938115538628 0.0651568691241995 0.217569267171075 0.269145864195125
0.00306667173544581 0.1190039438714 0.197045041729428 0.085518084009759 0.309330855979046 0.286035402674921
0.269989620968799 0.191907181337605 0.0485048861607712 0.164706748259489 0.144740760328641 0.180150802944695
0.234576185565425 0.0484648756464375 0.260201473013982 0.19643567690723 0.0985685343140247 0.161753254552901
0.0537198438306894 0.093559235795461 0.347656664196246 0.20667899178426 0.101720073942262 0.196665190451081
0.0681212145281608 0.0711138865899028 0.137092969268536 0.44424557088066 0.080675077063243 0.198751281669497
0.123844186912791 0.073534512018929 0.149691576272957 0.21168185331989 0.21327721334557 0.227970658129863
0.182875631822493 0.17997518915879 0.137198786953244 0.154959668488654 0.134685397977796 0.210305325599023
0.0613089697599902 0.271020872278241 0.161397210292148 0.0600841598855671 0.224604179390347 0.221584608393706
0.343642724781525 0.049791491331911 0.329706093921096 0.00435544408646249 0.053949530197601 0.218554715681404
0.382612288815497 0.0556873306352685 0.114996497495261 0.319040069808277 0.103077677513315 0.0245861357323804
0.0378631253130585 0.183328063269231 0.133497936722496 0.0366542697946313 0.315048043386394 0.29360856151419
0.247197141879828 0.166154682741765 0.191820641855636 0.0188351512216542 0.156400256441927 0.219592125859189
0.16463297445843 0.222354186410258 0.2539971374875 0.269819833452124 0.0823438674383974 0.00685200075328965
0.0174461014927803 0.233361835630632 0.389678141632146 0.110781255877314 0.0118534240089715 0.236879241358156
0.219273991061782 0.102666990029679 0.283400719588041 0.232823890751096 0.101189143454487 0.0606452651149146
0.117401200750346 0.00985914051062355 0.278095874417664 0.107113065070537 0.205242999974626 0.282287719276203
0.181898626891126 0.177089021384287 0.179347904112243 0.192311559939566 0.112634301824448 0.15671858584833
0.256619978052157 0.285144728240172 0.141478888564441 0.190861206548045 0.0771599428534711 0.0487352557417134
0.26405164135753 0.0379203973102532 0.251466267028501 0.115618472655555 0.0811314591642871 0.249811762483873
0.0891068122829103 0.168851754373557 0.261717809722715 0.157735037273237 0.0576954630741852 0.264893123273396
0.0876464792805787 0.143609674346487 0.145383699575079 0.07186253183234 0.284932402399536 0.266565212565979
0.0215340382470559 0.183313622133747 0.270463566925919 0.171510897968394 0.0696229460395854 0.283554928685298
0.219858206732858 0.0789197328014997 0.0685473673014114 0.249466788943433 0.27348577100169 0.109722133219108
0.244577911861696 0.0479446867082041 0.127031391673692 0.162609065414579 0.279672215549733 0.138164728792096
0.123585928929315 0.233692685938072 0.102233181361514 0.3238862013115 0.0496770824590419 0.166924920000558
0.376632418515755 0.151486242777129 0.192447472998993 0.0386574824212802 0.0220515548559873 0.218724828430855
0.225836306943176 0.0540796989470123 0.225833991585972 0.120720863088293 0.153966497044468 0.219562642391078
0.335704058987483 0.143163061272623 0.0303563486432221 0.212748196805808 0.000800657926096875 0.277227676364767
0.143811278591912 0.0728245223867311 0.147987934844169 0.116582672406183 0.214725780447589 0.304067811323417
0.15662441943301 0.260355410856216 0.102116283581891 0.168298788349454 0.218170760092326 0.0944343376871037
0.168764252781126 0.16598792832015 0.238204049817176 0.194659672074939 0.199017607559593 0.0333664894470157
0.242987749557763 0.210805034465649 0.0715729394654002 0.231721816685473 0.000925390295019059 0.241987069530696
0.153327123898956 0.136235053589675 0.157073335474115 0.241844478933273 0.251604735429934 0.0599152726740461
0.17434747293498 0.273899276401989 0.21482115374106 0.0401613375428614 0.237029167173528 0.0597415922055809
0.0934724367760488 0.196494429473374 0.0190905109078662 0.276091777437979 0.342101343263315 0.072749502141417
0.317945559100206 0.0115132107379889 0.111130208540162 0.0512840714190866 0.160099962584391 0.348026987618167
0.383971153472085 0.0675694813857785 0.363271743290878 0.0316096623373432 0.0459609399837436 0.107617019530171
0.0788129775762495 0.0946702954452717 0.180182096331701 0.21509265388106 0.241605843717703 0.189636133048015
0.0931954852870876 0.221014105031568 0.208166147592013 0.188426512481498 0.175926112201482 0.113271637406352
0.241285248344175 0.237091838389248 0.114973411887901 0.128729248539179 0.125211164151063 0.152709088688434
0.289568283043777 0.208899839928625 0.196254466272955 0.0235203657725735 0.0588287247420361 0.222928320240033
0.14728575298073 0.343697427782383 0.0011588668110535 0.0608081356145697 0.0886824815614662 0.358367335249798
0.12439062095509 0.378659752254935 0.000292519375733195 0.089043854404441 0.256560971069546 0.151052281940255
0.173307239058039 0.202857171811791 0.0997273940267948 0.0452036217624828 0.229503060408058 0.249401512932834
0.176376135785308 0.269484094345503 0.196171820917598 0.0884981158710676 0.0358500230916286 0.233619809988895
0.123898420455481 0.0950544801069967 0.282727426557512 0.0434836888431408 0.233324015235769 0.2215119688011
0.147285708279531 0.058188281163871 0.117571031526855 0.294155973887115 0.126651806013249 0.256147199129379
0.0128862120666788 0.171757775239144 0.262059381674359 0.236410711154348 0.108639050261672 0.208246869603798
0.15980818286539 0.00165359879040946 0.100825874151285 0.330097013971739 0.115306258191175 0.292309072030002
0.19388728021874 0.432891361027418 0.0617885971673121 0.00444450519959098 0.295861694974487 0.0111265614124526
0.16007529077703 0.0320905684897848 0.0243180812554744 0.177890405906884 0.346730749440248 0.258894904130578
0.248292130175678 0.06669925296208 0.17347209048053 0.170085967711675 0.103557084952791 0.237893473717247
0.256980918729967 0.238762148528581 0.18185035193602 0.178599371965232 0.00440997400583132 0.139397234834368
0.240240495933556 0.160043862744099 0.113690130292632 0.20373416959588 0.0970221847007026 0.185269156733131
0.104080429521439 0.154227754564057 0.233630689479598 0.219243785329412 0.130530382962368 0.158286958143128
0.0630313698760642 0.082663389673096 0.0698166682643542 0.277568744337105 0.265602152686116 0.241317675163265
0.0812910474896225 0.0731230862530579 0.255403932155705 0.275929601563447 0.223101464518661 0.0911508680195064
0.315970505270669 0.00994267581876867 0.22499774076834 0.0373098403661735 0.13808451369588 0.273694724080169
0.0561677966302818 0.0312480117753153 0.104647262330076 0.278678304475866 0.205611731015406 0.323646893773055
0.155326978051167 0.258757852369703 0.508608980014733 0.0241627898082611 0.00956914515271798 0.0435742546034185
0.0241250683918167 0.145703268832755 0.231840915573676 0.0888154369531702 0.150181030323729 0.359334279924853
0.248477684456716 0.0659922147138479 0.132204688534393 0.00951508025778923 0.320115627338663 0.223694704698591
0.251680826702364 0.254744326173502 0.117698298868101 0.195684809960068 0.124923128815376 0.0552686094805894
0.0302355387975133 0.158685147354362 0.0655082313427613 0.154663865397308 0.131423640715221 0.459483576392834
0.0427271918817541 0.0675314310894023 0.404439556441231 0.265956095732983 0.00286034045193869 0.216485384402691
0.143535896095238 0.1550861537077 0.0206503226430558 0.20290698966631 0.250266414568555 0.227554223319142
0.0416605082367344 0.183014443710488 0.196125630269573 0.19180260121878 0.212563057618975 0.17483375894545
0.1207652990812 0.209576140042486 0.19811173427397 0.10520227240727 0.147640643590271 0.218703910604803
0.255463203931459 0.261682284196786 0.0465372954059325 0.237693053207511 0.151537439137754 0.0470867241205573
0.0471282859130945 0.309299228506372 0.252688202487439 0.0494248916645709 0.0367256691670172 0.304733722261506
0.238404895843223 0.0907618546565641 0.129030481037028 0.182463072985085 0.0959672511058331 0.263372444372266
0.216119843654096 0.227722307207048 0.052973399381701 0.215313492719325 0.129373295980266 0.158497661057563
0.111060443981089 0.256433279716296 0.262745209898013 0.00601612641638901 0.233319768969436 0.130425171018777
0.212693571813082 0.0285410394036413 0.159760371223575 0.117258955508717 0.296623623549305 0.185122438501679
0.0219292350630898 0.08616012903185 0.348783406247625 0.236617309270755 0.253262572518719 0.0532473478679603
0.220446982785105 0.0667998405655814 0.214486447938548 0.161890016266581 0.173945599035873 0.162431113408312
0.274228516092012 0.345632984802579 0.0180075892377095 0.166782874848641 0.0533515295659862 0.141996505453072
0.240823047875903 0.228672602515154 0.324743370112024 0.00899259417832321 0.0858515894660115 0.110916795852584
0.341878601144307 0.0195737798737058 0.238150143254672 0.255229490421685 0.0825593563402817 0.0626086289653479
0.155864045438226 0.068765581257449 0.199037461272703 0.196013214993508 0.18155230341286 0.198767393625254
0.0107165175618468 0.359035726996867 0.32985318844033 0.0132009406682582 0.0555571419605167 0.231636484372181
0.0729248152872695 0.310726260570692 0.095283858232324 0.0987339873881936 0.257500748410422 0.164830330111099
0.158260373344379 0.289727331171003 0.22818395003712 0.0945175622342254 0.0263238723422955 0.202986910870977
0.0299862532671829 0.255478234051599 0.229719286685515 0.189112091177997 0.244152462853707 0.0515516719639989
0.186773484011672 0.322679925808168 0.12199044601091 0.0864512085555805 0.0902512080707995 0.19185372754287
0.107420964729743 0.263727553658409 0.0978167130722436 0.411736901590218 0.113896599327426 0.00540126762196105
0.275564798412587 0.17795825686705 0.118436289152342 0.273818519772734 0.131292457675725 0.0229296781195609
0.251535300234294 0.131365430752133 0.256762984936604 0.174068947076881 0.175346367947094 0.0109209690529943
0.277300610140547 0.257392064540441 0.0402533722455151 0.0962921393170152 0.202636028647823 0.126125785108659
0.15097380355557 0.218168981484996 0.174564326654274 0.241962282715314 0.164860808881541 0.0494697967083043
0.283721803670742 0.0614519899648372 0.127267326737839 0.261377278969868 0.173012548477052 0.093169052179662
0.25756955217679 0.0871408944363144 0.233420197537484 0.220087243215791 0.0822014413576192 0.119580671276001
0.103852506297402 0.0112848012478529 0.153374530610125 0.211820530615258 0.217802949412876 0.301864681816487
0.342518123924698 0.155187407601643 0.0142608377880633 0.312896165568968 0.0619351340128044 0.113202331103823
0.12517797764118 0.111608088242021 0.244710610870196 0.18753648932648 0.219887745341788 0.111079088578335
0.208390009272779 0.042834769195229 0.215782665004395 0.0888426253204128 0.142296414460195 0.30185351674699
0.316970936337549 0.326156859517386 0.0182257125576047 0.268327860065377 0.0637866098004105 0.00653202172167303
0.22252508861129 0.0104351831766781 0.0529322499375453 0.295619066312868 0.329290329242733 0.0891980827188859
0.211732053805556 0.209830293790367 0.188785115919284 0.183093402756752 0.145801161650018 0.0607579720780238
0.0575944757353036 0.222973876191274 0.240008947293695 0.168718944490011 0.174959226529048 0.135744529760669
0.271051884293471 0.209944519413276 0.220103464083282 0.157186278273391 0.103258490187907 0.0384553637486729
0.350462068267869 0.114600092700366 0.025714355672067 0.26402091058949 0.0703332119505065 0.174869360819702
0.171546213135428 0.209697258483286 0.143805728776596 0.187108261108237 0.0812783247722022 0.206564213724252
0.219023427831732 0.214218868826847 0.155377939195264 0.0899379903797066 0.18270982176109 0.13873195200536
0.124511805124738 0.120560143181973 0.00686766528880135 0.166721887428985 0.515970218747139 0.0653682802283641
0.0978618917496913 0.164954231747547 0.258128048475299 0.204181309212835 0.156109371543477 0.118765147271151
0.0727603684205033 0.23367896083844 0.188312676447797 0.132114574964833 0.227956208146024 0.145177211182402
0.0150125009240158 0.417637658562334 0.103514980036733 0.224582031417664 0.109611475128376 0.129641353930877
0.115718477664845 0.249789980604882 0.329155431759975 0.0537005981211909 0.0812209910967041 0.170414520752403
0.0744816845280178 0.195528459977536 0.205396441734834 0.199921112341086 0.17057955293454 0.154092748483987
0.245275733699715 0.221646960402096 0.187955286256185 0.0950514302819684 0.0741240220659981 0.175946567294038
0.222982695695314 0.248815448752795 0.0453808024846789 0.161032024943343 0.218390970194014 0.103398057929855
0.131493035808395 0.269926819194275 0.212244264637928 0.121112812900372 0.0804679958446223 0.184755071614408
0.178471338538568 0.218102515326587 0.0599441142412894 0.153248007022758 0.182403693558446 0.207830331312353
0.0628297586581259 0.281620547389691 0.131500490924783 0.200893900363451 0.154086718544585 0.169068584119365
0.21801981254506 0.22417382719891 0.10455047002898 0.133058162009747 0.318988638097313 0.0012090901199902
0.38173209135325 0.014970936928577 0.12453733910607 0.115280534747062 0.0960262163455993 0.267452881519442
0.254302065367288 0.197704712577454 0.125594975336291 0.0690287662309767 0.182264736480131 0.171104744007861
0.23675663165433 0.182721511001787 0.187596791717108 0.0498459235694955 0.130983617690902 0.212095524366378
0.0914151446373989 0.276872199241641 0.193326676377072 0.0498872324675877 0.304462894217651 0.08403585305865
0.14711513660277 0.214654675467008 0.183568854607425 0.173424878586066 0.0998444937097717 0.18139196102696
0.198025697929382 0.137053421420868 0.26361019279343 0.234865167889609 0.157492003968849 0.00895351599786188
0.36524824184228 0.00437644235679116 0.178274662055372 0.354237941526462 0.0195359700823405 0.0783267421367546
0.311996738845056 0.124349296788704 0.0315858317878588 0.31232678575479 0.0914034528807995 0.128337893942793
0.406875839767075 0.367870595941702 0.140448168418995 0.0250459749982602 0.0254778457767372 0.0342815750972307
0.156073072858569 0.0745709578885895 0.192677668972432 0.181842553729166 0.0692264843951068 0.325609262156137
0.335876859672408 0.0528191464745289 0.0398093008110726 0.194918206712838 0.220276583193853 0.156299903135301
0.341002496380763 0.0611753226153631 0.123189884397257 0.0331010692499814 0.333669292137417 0.107861935219219
0.253263246831247 0.0834926780524449 0.221105757705128 0.191083915098547 0.124317198735572 0.12673720357706
0.265588119530345 0.236218485986397 0.120566977083224 0.0378887744678243 0.143234188495421 0.196503454436789
0.151902367612171 0.171268299651704 0.203621685618707 0.18601091076446 0.00593593631399428 0.281260800038963
0.321715245989163 0.415554768941182 0.00796449591730782 0.0434419849494923 0.138739039758346 0.0725844644445087
0.189076654483075 0.216578731944853 0.175889132247962 0.089827788744855 0.139313939650474 0.18931375292878
0.135848342735709 0.373773985594534 0.111185599429343 0.159585250106043 0.15272524341109 0.0668815787232812
0.217249435639678 0.325335559115628 0.128919171192504 0.161260810202311 0.0471346131041039 0.120100410745775
0.0999061897432236 0.117815509416773 0.182591896692429 0.134052586083255 0.229459408778569 0.23617440928575
0.289551747182007 0.0350266701068368 0.294855754000638 0.0649147199868117 0.151808062261534 0.163843046462173
0.192895169257503 0.12273767410811 0.092877965600059 0.383232166174279 0.0610915939976313 0.147165430862417
0.00910635725897574 0.245581956118196 0.210522696194033 0.0616408003940988 0.282254500460423 0.190893689574273
0.133776535782308 0.353690346968587 0.192359624806122 0.0395243221778784 0.211625793819132 0.0690233764459731
0.125506018778339 0.228900583517658 0.158157095037422 0.197790002898523 0.237469509879365 0.0521767898886926
0.207464000365921 0.200387842137456 0.28386662498271 0.223469859045373 0.0817172390635588 0.00309443440498153
0.207310192128519 0.174855021909835 0.250881564491683 0.170192164530875 0.132938674979878 0.0638223819592107
0.199148712655096 0.22980453627905 0.191046523373949 0.213678002481197 0.0657378723108045 0.100584352899904
0.157892679356819 0.262462753858024 0.0916235622579693 0.338585951146763 0.00113100842919718 0.148304044951228
0.201403336218269 0.327437424359766 0.156736423867287 0.0397785417794965 0.0948627467663343 0.179781527008847
0.0500952775113258 0.507073784175312 0.0272279797289149 0.106407749671021 0.244968730713944 0.0642264781994833
0.234755081261035 0.161690876498646 0.133026400522149 0.208982800925321 0.158333990164191 0.103210850628658
0.191091189283467 0.27480120632912 0.125332373606863 0.0444670257196602 0.230195469634948 0.134112735425942
0.0409408980296436 0.241870184038322 0.124363577545572 0.292351814877729 0.0421509092169674 0.258322616291766
0.0528853733128728 0.291572524694124 0.318891301429558 0.0259511640308115 0.230530090273379 0.0801695462592548
0.198551739090764 0.215403581416688 0.193567658469281 0.185011846664798 0.0489089832372198 0.15855619112125
0.192202681567234 0.0851179063925759 0.197056968310254 0.0560664469013327 0.264401938422584 0.205154058406019
0.0368889555202812 0.16581713027075 0.208230234187047 0.129362374037139 0.368472909827144 0.0912283961576388
0.172895424644156 0.111988420206525 0.11032962035078 0.021930438665219 0.125055420167586 0.457800675965734
0.00804795763181223 0.167518783376824 0.174934748855353 0.259054545922905 0.257987715780547 0.132456248432559
0.328749312696762 0.0805408275515098 0.162401350868857 0.276771380955783 0.10302099074143 0.0485161371856573
0.220197271267404 0.0780730110789181 0.145458239806167 0.0172614134480496 0.236161365397121 0.302848699002341
0.167217687663818 0.253011504897176 0.0361224022139646 0.139733166692526 0.162208188912185 0.24170704962033
0.176692425551044 0.055688081708132 0.0241196098620551 0.192446449144741 0.2770915265059 0.273961907228128
0.0582017757473411 0.10488628939948 0.340059020861128 0.139474645913262 0.0661569087142889 0.2912213593645
0.257095977709701 0.119736084061119 0.108627684840852 0.223378782014605 0.0732372583933587 0.217924212980365
0.120502750641087 0.107701184674198 0.241480179743925 0.169064199907234 0.168676445840155 0.192575239193401
0.154059992864075 0.160300992552231 0.135848392041538 0.229895529195666 0.149885706784727 0.170009386561763
0.138047981752958 0.347010574243029 0.240557352655554 0.205680667720681 0.0456471631303026 0.0230562604974752
0.194766545867982 0.143086257998876 0.129881465647913 0.263483191900229 0.239573795374547 0.0292087432104531
0.147203892397258 0.181687856346161 0.219987339745033 0.131782129772302 0.046118272609529 0.273220509129718
0.273460119863367 0.0415881757810749 0.0519056835283644 0.21617579283917 0.230569371244182 0.186300856743842
0.196914265793619 0.274408912870651 0.177261681469778 0.156578779328239 0.0825257835027138 0.112310577034999
0.341284143560634 0.149267291212067 0.202690576169924 0.0577081459892073 0.175535286644213 0.0735145564239551
0.198764716733909 0.153211646944059 0.370549193456013 0.0162283312719654 0.193470182947314 0.067775928646739
0.212683596542365 0.384069618779703 0.0995473997642247 0.204066522802777 0.0415222362120967 0.0581106258988335
0.0734343243499615 0.202704708713145 0.133517599207772 0.194255514791116 0.319993376818996 0.0760944761190102
0.211273394410885 0.163349132037977 0.0367442893308834 0.211984327346621 0.207730559334141 0.168918297539491
0.30709020495167 0.148037262099994 0.140516831613784 0.0556959844467862 0.290234791671758 0.0584249252160074
0.151593006741666 0.0109825536711257 0.237386392067538 0.186283319699293 0.233610262140099 0.180144465680278
0.0226985111202798 0.242815624861148 0.21389910971603 0.294839139038585 0.0456432663038585 0.1801043489601
0.212267243694945 0.310009264441573 0.126188688596204 0.00839900358172668 0.169157147835673 0.173978651849878
0.189725826350046 0.200595145551941 0.133851511325565 0.110493793857636 0.184827136032856 0.180506586881956
