0.100250611529071 0.180833604184301 0.00229516057221879 0.165855821175718 0.24429811025063 0.0191944104173254 0.144784623676932 0.142487658193803
0.218227160894431 0.0829876008523027 0.109475257018106 0.198068536767169 0.0702257836601866 0.12495249834574 0.193680852687567 0.00238230977449676
0.0798237228716958 0.0516489653015429 0.148884737332602 0.183320591575043 0.126345207342439 0.0870612395977613 0.150756986077052 0.172158549901864
0.0796066500973713 0.15401752549185 0.0439356176295668 0.081342775631062 0.0818568948585601 0.210885293455952 0.205294967761674 0.143060275073964
0.0652068519221399 0.174592694945181 0.232886659874254 0.119680567258726 0.0109110779914594 0.195983971359696 0.19908069608774 0.00165748056080417
0.136648706469875 0.133000281748452 0.0396499619824848 0.0922807126591517 0.0549660218790502 0.0343712129619308 0.333356018127757 0.175727084171298
0.1699286226124 0.147926116752668 0.139982237449071 0.0456516996837891 0.17172287338304 0.103483265435235 0.165542714189449 0.0557624704943495
0.136988598553747 0.0461252099769656 0.189863130502084 0.0532193188631409 0.159534442387446 0.186035233931592 0.139049035156464 0.0891850306285612
0.279492256512532 0.0536646692982764 0.23451794868384 0.00714231682621165 0.0796324185953602 0.193978411813508 0.0263448530698042 0.125227125200467
0.183553296554295 0.151064186301027 0.108727414168467 0.362809277774115 0.00111021231869027 0.0864677849216208 0.0561421321092453 0.0501256958525394
0.318171326835311 0.0252521780924123 0.197833106314868 0.112449942315044 0.0758585021102232 0.0353630752594485 0.0614779768991966 0.173593892173497
0.0951203479203701 0.109477207564486 0.142472628690902 0.0579091319588657 0.0825101782531646 0.171604316112487 0.149950051024117 0.190956138475609
0.119021052342115 0.204257596843855 0.109442309643855 0.157807182810888 0.0301540269066689 0.0899966913963021 0.171401246385446 0.11791989367087
0.0655453698578104 0.130352851309729 0.0221230587712506 0.151641662019458 0.143646106977215 0.137658051420251 0.141269933896484 0.207762965747801
0.176994106190206 0.0511486453357696 0.017426359392843 0.243642791596275 0.192236321701916 0.0423318376265822 0.011533886971306 0.264686051185103
0.143651257614007 0.0131561745016449 0.0577915709453662 0.0536327086958395 0.161027234033378 0.235385876295943 0.221877513921302 0.113477663992519
0.151843055297924 0.211081844551486 0.146555248562948 0.0717810589064772 0.0628309031435158 0.0696850211456352 0.186233060517077 0.0999898078749374
0.033037275662311 0.28521108070031 0.0940614300725984 0.0333482755929825 0.0896067560113337 0.0785241938069469 0.0884438018859452 0.297767186267573
0.0551880187963955 0.0608789846401261 0.0375710807713381 0.232173913578939 0.106537148077193 0.159646564084974 0.168518427675513 0.179485862375522
0.148859936465658 0.109941075496896 0.198143430947791 0.0715518199220352 0.158539434757903 0.10549842306205 0.120024819117243 0.0874410602304232
0.236143275380747 0.0588330524955852 0.181763202235221 0.26292288025205 0.104516803976374 0.0546172325601439 0.033177602443964 0.0680259506559144
0.0855486491844121 0.0543678832610371 0.251283429006194 0.133317968465678 0.246661750306756 0.0397619225049835 0.173805506931324 0.0152528903396159
0.263315384072493 0.00447841698324156 0.193701104203681 0.00102253973363983 0.329494280638602 0.00512454872893494 0.0932721194627716 0.109591606176637
0.173759152751591 0.110795352409305 0.105692513424221 0.210186523605568 0.171907506535002 0.114921347918278 0.0674571562547172 0.0452804471013187
0.203512741890549 0.095269644087464 0.0911944971187291 0.0913421754573753 0.0673258046518373 0.0128576879902244 0.313414062400866 0.125083386402955
0.14046401196127 0.213327314642109 0.160600087089401 0.0334733341390977 0.0373966043977086 0.191227867496646 0.0722195711973096 0.151291209076458
0.120951729107231 0.237804899110136 0.0817322895455181 0.0215578614650114 0.190915555401494 0.0933830779505258 0.102545651892862 0.151108935527221
0.0126234282050971 0.103045025709735 0.222373275789051 0.131067860651678 0.103915476518727 0.0789233914521421 0.144568893399593 0.203482648273977
0.0602585337294299 0.0612525315609377 0.205984096502865 0.207372776927798 0.205008905283662 0.0697785320466204 0.0995299372973793 0.090814686651308
0.031601593124887 0.245936990702575 0.171787240415412 0.163918530997831 0.00213658335569271 0.0742749059388076 0.089112894715704 0.22123126074909
0.182862310638427 0.187106184661634 0.041641298679436 0.0582571825681302 0.16313614695334 0.182312667207846 0.0489902240895261 0.13569398520166
0.178335734392608 0.152546583618714 0.0622402946458171 0.163271770560346 0.139517693573317 0.137874539047157 0.0146774148707282 0.151535969291312
0.0499678595361146 0.221072273509011 0.14909527015944 0.132270061669741 0.21067510524006 0.0522707551278058 0.0701320920313822 0.114516582726446
0.0585996428631296 0.180616470010366 0.224367316213785 0.199051992478868 0.0677466683404995 0.164181353415486 0.0822103120991955 0.02322624457867
0.147487999974005 0.197179933391708 0.0571710786728316 0.149137365257996 0.0786382251498985 0.161057169173808 0.086282745480122 0.123045482899632
0.0286420632380603 0.0784779869350544 0.20598725934733 0.0249399290469896 0.223468943655236 0.207999042268416 0.0338637925441283 0.196620982964785
0.148129082588644 0.180827887551898 0.163397129942409 0.0267955735974826 0.0533451806854111 0.0757186667222905 0.172276668640965 0.1795098102709
0.04790882663222 0.0487217442958145 0.2528441902305 0.116195775683365 0.00815529833790225 0.164908643705617 0.0867193197986257 0.274546201315955
0.0580481280725995 0.210920267563269 0.205230656692163 0.0840647906191421 0.143375886522158 0.0172464457820059 0.10457138911073 0.176542435637932
0.208703139021987 0.0259410064385609 0.154630256136379 0.19119420804015 0.0691068852131927 0.168336560067811 0.00221627313199784 0.179871671949922
0.123314613949949 0.161468339212181 0.221125376173036 0.0978954738008723 0.0454171334743087 0.196001850416493 0.133099486950189 0.0216777260229707
0.0514845421555211 0.169984831617768 0.273136712816061 0.0135855536441369 0.26824232029349 0.0371479875705326 0.170724055318014 0.0156939965844756
0.164261168499443 0.0438224854687365 0.0602922880098815 0.0921737037901913 0.180410577855549 0.154086895106247 0.16907522141965 0.135877659850302
0.0434492327272422 0.0643653893794719 0.137240711832951 0.0904049607856371 0.121523130929549 0.234370266983169 0.0471846240120458 0.261461683349933
0.0709872860416093 0.203175514466514 0.0561221625083446 0.188443173027851 0.108986993899916 0.122367320172879 0.172277250564888 0.0776402993179977
0.319490600476545 0.118279614468046 0.111800744901316 0.0931725208806344 0.0681465409372066 0.0354182683566521 0.245011578950864 0.00868013102873581
0.153145755618021 0.149552376772023 0.174632868199258 0.0777661464502092 0.151920198035896 0.109947086400346 0.148004271754039 0.0350312967702075
0.0125658810246677 0.137849723440002 0.0422192141423356 0.233459245494239 0.235423236023153 0.0169217436697927 0.0927942789997419 0.228766677206068
0.0851408266611086 0.0200359412786638 0.106401324554079 0.0149119275504099 0.189443998046582 0.226105040832683 0.129596246621453 0.22836469445502
0.18641348649101 0.0286373592567415 4.91217187802677e-05 0.139828890887938 0.168900158483548 0.191012942009347 0.156420077681716 0.128737963470918
0.191290624478049 0.117196060111671 0.0132160858902552 0.156555056919431 0.192761428774551 0.146677888632541 0.00748831626570455 0.174814538927797
0.13433180535659 0.05575526512708 0.102063412046949 0.155465171285786 0.101115861338705 0.145107151794617 0.0845344881285137 0.22162684492176
0.190502211092613 0.0871012079455037 0.229222449504367 0.171004292338354 0.184838598507983 0.0766035775894188 0.0377529836712292 0.0229746793505322
0.0850705203807969 0.0769602087859188 0.182767778698641 0.148922926836091 0.138697967248954 0.106072757896604 0.0926527608732861 0.168855079279708
0.010516343087343 0.258574361372458 0.0692288193539165 0.0680658584636725 0.128906787457799 0.211572608242871 0.235576822979828 0.0175583990421121
0.100576694951736 0.00649304208574242 0.0817071510327453 0.210957717263933 0.036410382069212 0.177573976098352 0.189277838016141 0.197003198482138
0.151009230251933 0.0552229617489907 0.160940387944795 0.110159408818154 0.28106652944896 0.0272146137229173 0.111040704848498 0.103346163215751
0.06512322990931 0.167766755236264 0.142475677381597 0.0814235602778783 0.122448763366953 0.0837820236688448 0.163787203651578 0.173192786507576
0.120918906096963 0.0660544720508352 0.190606675888351 0.207475692994145 0.0266589611077115 0.18876228602371 0.00093888385661114 0.198584121981673
0.188788677726791 0.15048404452198 0.110850112470995 0.138722500111744 0.0874276965467037 0.0639267954238253 0.125273908201051 0.134526264996911
0.0494513906066275 0.119469215002084 0.227301595369158 0.220976768996484 0.00447025301636935 0.020804086016327 0.214589776481659 0.142936914511291
0.0758556522399201 0.171173229482712 0.183806829164292 0.179773084000837 0.0140807761626277 0.13216664984415 0.0713942803678583 0.171749498737603
0.0325219177547739 0.251162286467875 0.240068079998268 0.0843359089149399 0.152344674325789 0.131347806219847 0.103045929697816 0.00517339662069217
0.193111680003321 0.156115917754575 0.241899467592196 0.0801528767391409 0.0255159538429495 0.0189207653700517 0.164907742483378 0.119375596214389
0.222951207216279 0.00119890735162996 0.0333388453573003 0.129771721737858 0.285281669742742 0.0112997111339045 0.0305927697428891 0.285565167717398
0.00976886952258695 0.206639651315778 0.164778036133927 0.084227040547475 0.00429921006828627 0.24493363525597 0.0920944687688006 0.193259088387176
0.126432802386108 0.0323989439029874 0.22722001478573 0.0308358182392835 0.117624316769544 0.0455679295408313 0.218522153450088 0.201398020925428
0.215873492752168 0.0655487934604403 0.135704766232505 0.146268691663077 0.228641042515695 0.139777713312023 0.0635754825030364 0.00461001756105418
0.00763456041833701 0.187267302589056 0.18487264007876 0.229693456561262 0.169874162016 0.0511749499707931 0.0647937009928504 0.104689227372942
0.029837197047189 0.11184329065223 0.118220477076867 0.120580170056539 0.158236745325959 0.203556807468417 0.0545318576265665 0.203193454746232
0.146832568106427 0.104076889228395 0.17601274487496 0.117204070649564 0.135877620916899 0.158766939299119 0.074522106277251 0.0867070606473837
0.085259828394748 0.265098380171053 0.150025237040168 0.071262291944561 0.146721030338843 0.081412374523182 0.185169020569275 0.0150518370181703
0.0194939358117365 0.173514795847623 0.197847195692556 0.161934122903285 0.00430187338923403 0.0446870273441025 0.287775739312449 0.110445309699014
0.120026303772242 0.164565240677403 0.079949135481611 0.134824826820757 0.161845064454752 0.0376533345516129 0.215232446089181 0.0859036481524404
0.100592925872626 0.137477713905318 0.111574179653192 0.224136810998943 0.0021546106673199 0.322390046404505 0.0884765887063341 0.0131971237917618
0.180780204168243 0.229242652936136 0.0818731294980952 0.208208439191197 0.0602597067586354 0.0441464569372944 0.00701522489966769 0.188474185610732
0.0106818369453527 0.0745184159915328 0.118837257719363 0.162329538324331 0.180243288139316 0.221454212094991 0.0447119630180118 0.187223487767102
0.207296194828534 0.285410642357744 0.0377790534467647 0.195941882316909 0.0476511133404427 0.0556594618480037 0.0969932404917259 0.0732684113698763
0.052756173095361 0.315726021989854 0.00829918979404278 0.0256120943263912 0.206356679523047 0.176529486879037 0.207486132573939 0.00723422181832803
0.0384908616607276 0.0210251213022316 0.203363308013069 0.173047393424921 0.223173634514948 0.124842272144598 0.0571109088214525 0.158946500118052
0.084421237150435 0.0569188063137895 0.114827106877629 0.162831314946451 0.0821059879657944 0.156556242188429 0.240313236542163 0.10202606801531
0.102983706548583 0.326376154716944 0.013685452799577 0.0305591837421255 0.015062862315144 0.312542043037743 0.0834493907272813 0.115341206112602
0.14271301139936 0.0600979132495314 0.151231085939697 0.0784325841719506 0.198231530763236 0.013005339169311 0.174444509173138 0.181844026133776
0.0500853406921022 0.116026098376702 0.271705133885279 0.0470058685257097 0.212365050620061 0.0015802554538067 0.00588282782768478 0.295349424618655
0.160482709207945 0.0912468769271476 0.11700499399193 0.172749646112103 0.150459040887025 0.0575006681634508 0.153273003649705 0.0972830610606938
0.119838643819626 0.147217442820088 0.099930552693463 0.120939278479384 0.0644331444825497 0.114634851133256 0.145025128386295 0.187980958185337
0.17599101581831 0.0832200008896273 0.11501915864338 0.190822625422541 0.152519919637306 0.174112911998501 0.0611775638083809 0.0471368037819544
0.175744167183708 0.163740365160099 0.155742699935286 0.0351092756495679 0.235904092457395 0.0787696239305065 0.024145431460743 0.130844344222695
0.144182741319731 0.0735532472737467 0.151345269576142 0.18990965840266 0.110864433976814 0.123123128102243 0.0955308916410553 0.111490629707608
0.0636318154247129 0.139095372780875 0.296467596109428 0.0540755247733501 0.00740744897693641 0.0381242452750542 0.209357083924905 0.191840912734737
0.154680610541833 0.232532690145513 0.121873344232471 0.0436157038002082 0.117097816734812 0.123964360521114 0.118121443988518 0.0881140300355313
0.180800090104783 0.190952144738604 0.182925602588148 0.123427990486287 0.00878727299157935 0.0736516622839345 0.0908559955959612 0.148599241210704
0.0874372876925263 0.224556935085303 0.139433015188678 0.0534383618032396 0.206438143458779 0.0568879753015897 0.142112336052353 0.089695945417531
0.0900563326038747 0.120778832767875 0.0917609407721417 0.100146514381541 0.181844384208465 0.19149919948909 0.118872721887722 0.10504107388929
0.0262269571784111 0.0832022241806886 0.129395614781112 0.203192781846506 0.135440543106557 0.0386760402463737 0.234083601256351 0.149782237404001
0.307424662179543 0.0903704514227942 0.0892782774872031 0.0358787009066487 0.219750860569919 0.109028893578313 0.0683903192192312 0.0798778346363471
0.0643534165887067 0.0244353042934055 0.0740896351003614 0.27188122736481 0.0281612350039029 0.215279206415496 0.0651295104979427 0.256670464735374
0.145386668499974 0.0251545683512409 0.00307190365999374 0.00536843743832709 0.27973867718535 0.239835058578517 0.0757713992558584 0.225673287030739
0.133993066098147 0.135276774954744 0.0793965597584816 0.0321937609625419 0.160460046981103 0.149868925321972 0.151113056406407 0.157697809516603
0.13105008784296 0.0387812037757874 0.193637040412944 0.131669383453379 0.185849206236215 0.201575827529499 0.0517826546792217 0.0656545960699936
0.0204031725148816 0.0269800550900038 0.118250658957754 0.285491192429891 0.0900587360806099 0.225064631059286 0.112061917502646 0.121689636364928
0.353874216912544 0.0023355107727276 0.00905571228430329 0.174494761695564 0.0194157579001337 0.355081086556392 0.0444297391328169 0.0413132147455181
0.154981145236455 0.108460055265454 0.0498397007140094 0.186322195684774 0.0519670803834893 0.118756872238503 0.20720068372521 0.122472266752105
0.287666623930586 0.0172827282771606 0.0093152606138692 0.164738357327437 0.147260164639278 0.190859276064909 0.0573642290653065 0.125513360081453
0.197770742420462 0.0847211037719821 0.161942347246654 0.133707628371763 0.157438793337663 0.131928444738962 0.0656921082224819 0.0667988318900319
0.213766014343554 0.178538145439151 0.184329664976842 0.173300097987283 0.0245856381565964 0.0667146452841222 0.13032694864727 0.0284388451651804
0.109369675497638 0.105168261892835 0.0740025208138446 0.0291165133182781 0.286998216430637 0.249551812280111 0.111140116457048 0.0346528833096074
0.210687365569196 0.129511201092398 0.218090741510419 0.141008699711221 0.111215580943134 0.00029761361394039 0.129288847453989 0.0598999501057024
0.0341491685281877 0.145052705833313 0.0652028706881062 0.24630804661418 0.154711669720509 0.0827416551620048 0.0627796128905636 0.209054270563136
0.0726459003704921 0.135078743831396 0.018502401433193 0.209884917655911 0.185896431927929 0.0189628296095436 0.223263387921162 0.135765387250374
0.147110665554721 0.0342682063603241 0.0920625961281146 0.0784060798933541 0.128687008795013 0.0258404207053918 0.246631250654109 0.246993771908973
0.21388450866022 0.0956682515150492 0.0782787004122788 0.193546668748246 0.145927341433249 0.0397656653914463 0.0649321800109814 0.167996683828529
0.166803766670654 0.0183705328443586 0.0339210209131054 0.134010649518499 0.00175508618708348 0.224945532985308 0.228467844549433 0.191725566331558
0.251931155470414 0.168072325232079 0.105767385039774 0.0802000805208053 0.270520887305452 0.06964211543887 0.0190218946634741 0.0348441563291315
0.0510843216217585 0.143665240116864 0.0192803943671808 0.207540416979957 0.0211296982542532 0.0722630610302742 0.247277757244265 0.237759110385447
0.195663613439139 0.0296440490741603 0.16717055582407 0.122847385750759 0.168486803523025 0.0804172252259264 0.21642303976471 0.0193473273982109
0.20983177837727 0.200786553464497 0.0686520999536335 0.160146911320336 0.0238347605761468 0.0849877548064302 0.198204997111947 0.0535551443897392
0.0986573260235843 0.0630257678902663 0.181087869755556 0.0313626644650244 0.148615892152316 0.066233328418869 0.199865278986822 0.211151872307563
0.139847639069769 0.167097285163021 0.163028261619374 0.0190112048483416 0.135361105329127 0.0892334334528607 0.0977570064451838 0.188664064072323
0.125753025148729 0.157729270400759 0.226909857569459 0.120734340788025 0.00608880094765837 0.125580702676475 0.134500531615973 0.102703470852922
0.185467703706488 0.117658406052751 0.116968740408314 0.0575277006975781 0.0454737696226563 0.176793910432722 0.109954688865158 0.190155080214333
0.196025867716768 0.165476519246817 0.00309467528322925 0.173770984894643 0.129597793445019 0.146401705226739 0.0814488918574473 0.104183562329338
0.151405925675948 0.0226010015893356 0.173687249264559 0.183189272664518 0.179619456893956 0.0945541837052226 0.181325622926241 0.0136172872802202
0.0138636517334142 0.235364162612999 0.0433966624465475 0.0966619416124141 0.0862141651728048 0.215305524285071 0.216256887349812 0.0929370047869366
0.131930339415107 0.109552304513864 0.0121365473408251 0.110021902816683 0.102973569953636 0.32119562241802 0.177206932754229 0.0349827807876357
0.182653892209432 0.197327070212393 0.10550409359015 0.138195129123608 0.114959165766626 0.0111658397400935 0.0715515113552052 0.178643298002492
0.129307382348728 0.0955799292945729 0.182193927995481 0.0240773305759106 0.143188357088103 0.138476622233975 0.140592665452383 0.146583785010846
0.125910959642988 0.166902170449398 0.0669782782127489 0.177432428099015 0.185409620399537 0.0622289929906953 0.145607484274284 0.0695300659313335
0.0425950144411557 0.0702112975020164 0.0310252752597036 0.0904058213343657 0.0838454309077291 0.290901990447427 0.319002353661702 0.072012816445901
0.124698075551298 0.00143602818254149 0.297663784902413 0.00444691320773647 0.0963756029766855 0.123254556549166 0.223653186004477 0.128471852625682
0.112561854517426 0.052818742184769 0.0594993750103687 0.127124819212829 0.24103355818992 0.12187803972477 0.260063092482383 0.0250205186775338
0.0439045337877646 0.214019768411207 0.183827016546648 0.0496297119353487 0.110047053007862 0.184041379803565 0.0234550481671753 0.19107548834043
0.0549573730279447 0.098331389480958 0.171811776923396 0.149744405162536 0.212861746459987 0.15356182400266 0.0802316264067347 0.0784998585357824
0.183684794301775 0.125740139917847 0.175701421083288 0.149579936861874 0.0256620812084202 0.169071192738882 0.0885768532703313 0.0819835806175818
0.0994778083249517 0.336267277645565 0.0347209396045809 0.195924162667073 0.0219025689784216 0.151925412371827 0.0548311303622007 0.10495070004538
0.095349757801728 0.0928768156224661 0.190162830046696 0.0482593643558553 0.179301576110202 0.203414427505128 0.0746187178199193 0.116016510738006
0.138489961901518 0.0480459736133942 0.219654874579911 0.170445467624302 0.252137526647385 0.0584601329255401 0.00209963146762352 0.110666431240326
0.124923648313601 0.0351304713026917 0.090345331307786 0.209226898583843 0.00983430989673786 0.167462132697664 0.314001442276333 0.0490757656213418
0.0746317448469616 0.116771264497871 0.00482638393005984 0.054904861986129 0.137329165561632 0.149989209649325 0.213204115360887 0.248343254167134
0.146151756456778 0.100572866030969 0.0892211834357154 0.0359826175215861 0.199145234831764 0.17022727365161 0.111093413306332 0.147605654765245
0.260563336513333 0.0588376146212435 0.0159777105237268 0.0778132886677025 0.0658699531049561 0.046318966821855 0.28804120962351 0.186577920123673
0.114948888499517 0.126456849665072 0.175482467213559 0.150742042997515 0.00370606854721559 0.0646812266258903 0.180923946229418 0.183058510221813
0.156371425675161 0.0699207017732625 0.204985448716719 0.18021747923355 0.186006479178008 0.0334034119331327 0.133962427851591 0.0351326256385763
0.00982590128565424 0.0661735509987784 0.20039925513814 0.221634998964831 0.0140565011069426 0.0171739316167167 0.245523357634706 0.22521250325423
0.196494284190098 0.11105748648605 0.196716192574323 0.12645225453448 0.0975880558310903 0.0936214432163927 0.146179300096848 0.0318909830707179
0.174445933996915 0.167945572621365 0.152696450264418 0.151523364506895 0.144169093911697 0.121268390284315 0.0235988395327619 0.064352354881633
0.154467142233645 0.00562342725219293 0.16996727707621 0.0357644453805601 0.243870841801845 0.21284421645279 0.0210851870136588 0.156377462789098
0.130276969633841 0.166573058930207 0.164380379488274 0.212698827891608 0.00681385944057549 0.247614925076703 0.0443816188158557 0.0272603607229348
0.167807459118387 0.0671056223651847 0.0758427628492282 0.00613647618264247 0.199832847319439 0.08330740615494 0.195211787959126 0.204755638051053
0.129590944887034 0.232909690159363 0.154581420412411 0.00673963779862854 0.120846019889155 0.00527130685938547 0.0690393246685748 0.281021655325448
0.164586544883373 0.224061970005078 0.00338160062603965 0.182648122987362 0.0917358209878032 0.192445326171214 0.0851607774568256 0.0559798368823043
0.140111538712104 0.0582024575265749 0.179485698605413 0.192373774200707 0.126477870711855 0.0280732584751984 0.185531202562883 0.0897441992052643
0.0811224188322472 0.0524608247791055 0.0149216631681794 0.0957555968975339 0.0522100038279032 0.0767500072631024 0.234418625032305 0.392360860199624
0.212677483853077 0.194154239572988 0.101320408090245 0.196330749366754 0.0168938547040282 0.000480124557273716 0.109459453016088 0.168683686839547
0.105254274925833 0.119748545470441 0.164536967076876 0.184348103002853 0.123963147292144 0.0736564469371887 0.203065945728692 0.0254265695659724
0.118060512779125 0.122611190800048 0.218187096283654 0.14929553896581 0.122973016798756 0.141581043510996 0.0893082229856909 0.0379833778759198
0.0559695574146331 0.046317932712685 0.0714738761342076 0.153556690061862 0.229379375890215 0.140274703374848 0.14749094231203 0.15553692209952
0.151007312527893 0.183759833755831 0.107674136763783 0.0753473379841055 0.00151024166915241 0.182813785555068 0.181014463933633 0.116872887810536
0.264398422168992 0.298727548962198 0.113304116398464 0.0549147610782953 0.0785370135235379 0.0576041794691162 0.11574658198005 0.0167673764193466
0.152353379814844 0.0200201932453933 0.135891621522768 0.188282056885606 0.0334067818098989 0.0351890839407511 0.210683105017514 0.224173777763225
0.0687262882302857 0.145595300054569 0.0287476084957753 0.0834261634175457 0.191191473942379 0.202810182217106 0.11288795575748 0.16661502788486
0.0928101921539266 0.135062652035049 0.0836169620980668 0.0240209477239171 0.180086529784077 0.0581930054178109 0.284562391562494 0.141647319224658
0.310859792723737 0.0628802017496424 0.107927468958796 0.0194175848212703 0.0995542440443074 0.0418904177246752 0.0728733576574287 0.284596932320143
0.181043464899959 0.177525234281377 0.0916037020341296 0.110648038735481 0.0784878140997682 0.160801238472268 0.0133884484536195 0.186502059023398
0.142642410563077 0.0957126679923977 0.0827561009337541 0.0154395092852906 0.205643944159426 0.116490351043369 0.181280068381639 0.160034947641046
0.239065907680198 0.12440496256688 0.114230160972795 0.144409536031843 0.00254155577744337 0.218636283295308 0.0568502031928695 0.0998613904826625
0.120742635047141 0.109060777299412 0.142691872344598 0.0601983383812109 0.144707996568864 0.0821313744358243 0.163710548297013 0.176756457625936
0.0664129756284026 0.231424728265676 0.259315740624537 0.0238111285745434 0.0405294811581566 0.161292739211722 0.187218319565367 0.0299948869715954
0.179240506290765 0.185349125604059 0.192792886473976 0.20133485001923 0.0405728097380177 0.0645284174265303 0.0608270259177821 0.0753543785296408
0.00929703297091296 0.159856026546662 0.161403546663723 0.269029310401621 0.228433377903299 0.0995735211774644 0.0171759164877902 0.0552312678485275
0.184205081350963 0.174792121500012 0.00196231552765844 0.118541333224953 0.137378393454193 0.184282547375804 0.0121815400163527 0.186656667550064
0.106672521793075 0.0499860852459074 0.175793762065373 0.118542372543317 0.0319392268827869 0.26762200322327 0.0202785370490421 0.229165491197228
0.130952716943831 0.079854268754291 0.178200242113636 0.109633702046406 0.212855602986543 0.19907258222965 0.0536723897129656 0.035758495212677
0.121096099517807 0.0710126747059232 0.152979229910635 0.183461614734952 0.0634415191770177 0.0616620810243933 0.164266430251072 0.1820803506782
0.171949772958419 0.170491051240771 0.150251809443599 0.0857744285238666 0.100238556728606 0.118709117377507 0.147258702947629 0.0553265607796015
0.0252413548554409 0.0337402579167125 0.0684269625952643 0.254456222205127 0.257619142646362 0.173548565077747 0.156159977560145 0.0308075171432015
0.0855506961396466 0.144029622104015 0.185854265455842 0.139161295366828 0.1889158773356 0.0993634620282504 0.147355391631036 0.00976938993878207
0.105961957716671 0.0329001681214958 0.0920243606220333 0.0754380424518631 0.10358029853511 0.120791791968162 0.266486695419997 0.202816685164668
0.206753595153117 0.145909703162678 0.050334180968261 0.119503870928453 0.0844287829562792 0.161662108697964 0.126752633712614 0.104655124420633
0.0691979890379805 0.0436308365738123 0.0666160601729066 0.18733287417134 0.254156698843964 0.229085438764377 0.0822086216839446 0.067771480751675
0.0964903532594271 0.0581389019583957 0.219024983025652 0.0208190458919756 0.20216553162274 0.163213551401581 0.0404805484493653 0.199667084390864
0.0587223768812128 0.0823945552020545 0.27820800475495 0.134676481574507 0.0363636075210104 0.0595253558862067 0.212145396792704 0.137964221387355
0.0240391561859978 0.19493646765886 0.249333562666581 0.154853332815219 0.21530560200939 0.0327420288764173 0.105098032551137 0.0236918172363981
0.220499123161568 0.166761734615055 0.0989864301150539 0.0285069031356431 0.166890668335185 0.103544558574005 0.116755863733388 0.0980547183301027
0.0449171035768354 0.17260446579416 0.157778976035892 0.125504569581165 0.145087433172983 0.132578577575257 0.165557160004225 0.0559717142594828
0.0967447823957612 0.127995285703166 0.198773589128692 0.0931832935822886 0.182257894082695 0.096042654111443 0.119026380562036 0.0859761204339182
0.13286071574997 0.0723317568400499 0.0951832346082451 0.0637802721419148 0.164495652923216 0.153447184221109 0.144171435953354 0.173729747562141
0.0849761039416681 0.195648988865963 0.108940818508591 0.123502766960195 0.205883593884874 0.14908792191126 0.0891509975919236 0.042808808335525
0.166786129757257 0.222811804737637 0.109297557819084 0.226765510491573 0.0590624118394119 0.00951073531080968 0.16624693608208 0.0395189139621459
0.145010789036255 0.0297139585812264 0.0332364809007433 0.0155889227943345 0.280416199190006 0.180176224359541 0.122088944612836 0.193768480525057
0.0113441095780964 0.0743341881879313 0.120553171017697 0.168009684756729 0.0552762783576117 0.200053271238278 0.149355702392676 0.221073594470981
0.219880137489163 0.00216120028619182 0.0725494619837713 0.0516574026055278 0.02478231575727 0.232757536520862 0.188495979857309 0.207715965499905
0.382674338625776 0.0551855111402879 0.121850030200045 0.19154537536762 0.101347366327336 0.0694476713075696 0.0389874235393091 0.0389622834920572
0.191137416360309 0.204765539923598 0.187952885391228 0.0068724929206591 0.174561254849905 0.104511528723685 0.0134916141667284 0.116707267663887
0.164934727002625 0.193197715297816 0.0690237961026487 0.10402640514573 0.0444360063361931 0.175600229305973 0.117729593311038 0.131051527497976
0.0987328798703438 0.17031407842755 0.0825096696516546 0.224716127064504 0.0927035240413815 0.226102328324587 0.0490145653922475 0.0559068272277313
0.14781802421994 0.0982904931228857 0.2299468023377 0.1070795523723 0.224248085579431 0.00999986395837979 0.17226920184177 0.0103479765675938
0.189400537240922 0.06317033534111 0.0455286915353814 0.179960774419662 0.134595700448267 0.152278053871691 0.188584272468436 0.0464816346745308
0.016424783650144 0.0619670933045826 0.133658393849237 0.0770952645361294 0.209747914354725 0.136818265745868 0.166401847288314 0.197886437271
0.193034166592291 0.106894760926496 0.144399306584095 0.130372589473551 0.200730906146897 0.153147410364749 0.0497156205081989 0.0217052394037225
