0.0487208587946128 0.162085832433636 0.102823333040004 0.185867456282344 0.0273403583075218 0.175653916528305 0.0192147587734371 0.0958632323964105 0.182430253443728
0.00982266323899728 0.0249268359765636 0.140985420892036 0.209547390607239 0.0712269814458655 0.114752139381332 0.205867150350603 0.101676451768113 0.121194966339251
0.101556560362003 0.0488993689174216 0.220467348152673 0.220510685941453 0.186579690621712 0.132264004676583 0.076040634771049 0.0129700352157425 0.000711671341363022
0.0228629494978258 0.0829156682043464 0.0841373195574431 0.169512114928962 0.163808737897518 0.218768159046256 0.249148962536567 0.00106293381468657 0.00778315451639441
0.113984497214908 0.195425707087467 0.067346285264786 0.00513015525392417 0.206453274581071 0.252067583954418 0.0966017709099296 0.0413118084990117 0.0216789172344834
0.138449486838895 0.130425569682197 0.127767579693542 0.101274462276519 0.0800935466227522 0.169320880129003 0.00191472096838368 0.119691486812935 0.131062266975774
0.0356722114894936 0.0963383191584414 0.0854355693823521 0.166411267387584 0.235209705228082 0.0661591550118926 0.17559459912422 0.0481627697424737 0.0910164034754603
0.0390541977364661 0.209083712414209 0.119984805559339 0.080308009906658 0.155632253589051 0.152090338759842 0.144658340992784 0.0585600770238263 0.0406282640178263
0.160030518483468 0.00786904093292261 0.133982018337173 0.097435528949094 0.0231859789268588 0.171262656099104 0.21773516708015 0.174029458566611 0.0144696326246176
0.0100515175986723 0.0234200525575763 0.0689006568539472 0.239780037836965 0.0328563155401449 0.211401315470762 0.0599872385984387 0.147336358070843 0.206266507472651
0.13931643156104 0.112341076088839 0.119166675528033 0.160032719922762 0.0259605865421939 0.309382122376136 0.00693751116520798 0.00282277225655361 0.124040104559236
0.129548853260842 0.223717653489174 0.0473055082501609 0.0764475127665256 0.0156640826349716 0.00606941123314788 0.190924270928911 0.211949459154756 0.098373248281511
0.15778482806268 0.0972221942872065 0.0094338066613601 0.187132209172068 0.0912703165494712 0.182029526334018 0.0512770758016977 0.136754702965774 0.0870953401657247
0.0197805765895216 0.0248434907910933 0.240786232811172 0.0768572859234372 0.189509721425648 0.153773530939378 0.171054266045868 0.109696628686983 0.0136982667868985
0.197723952485613 0.227093194116627 0.108089404972259 0.0531506568148737 0.0699027478695593 0.059570497160172 0.0231745981611518 0.0670970869558238 0.19419786146392
0.0818909129503778 0.120434858859358 0.159733158272087 0.0164367760811718 0.153905290354662 0.156857679050601 0.157606814013843 0.0543634733296446 0.0987710370882544
0.0629443659414517 0.0128429224053411 0.029019406576827 0.203887270137759 0.206586096000246 0.0699027318900288 0.032182910784264 0.190611149238368 0.192023147025715
0.111822165956597 0.00303962148008397 0.102905105936346 0.160182502212711 0.161368228649512 0.0526207681173455 0.153968824850523 0.167091478374144 0.0870013044227377
0.0661741899712627 0.11720390213696 0.0628378266751374 0.0610438523598975 0.0684596038810429 0.188868674866803 0.0513243191851794 0.198377867727478 0.185709763196239
0.0574902154940511 0.207878199953371 0.182922977287477 0.213440418952046 0.0807283878302917 0.00821276930772646 0.0426811276994403 0.0922382812850123 0.114407622190584
0.00393497283489427 0.161978814976175 0.142322651935163 0.186798405620882 0.019538473212177 0.12640581037223 0.0601910915232026 0.14550473361357 0.153325045911706
0.14771396184446 0.123838212906637 0.112923877312868 0.0388909166679091 0.0116943422053132 0.144018241616933 0.180612470263405 0.103991698413263 0.136316278769212
0.0475349242485616 0.149220968110443 0.196703533726826 0.0503719790099601 0.124143064035863 0.166855302933927 0.0165277326289162 0.0970243305746993 0.151618164730805
0.179695327749837 0.285623259817404 0.0251958676994245 0.0352275459103129 0.158187676448453 0.209746712868118 0.0125802535244441 0.0634215237133766 0.0303218322686309
0.138537005519222 0.155980091985901 0.0276889776669789 0.109517387475597 0.245688402326516 0.0825867531123728 0.0983152568580004 0.0696228318343223 0.0720632932210887
0.101031005990196 0.119810724471255 0.194041434580936 0.0345206072188853 0.0776126783673459 0.15344865980895 0.0789728651751684 0.0639342089103256 0.176627815476937
0.0849094025814325 0.10573421146131 0.0677134703300019 0.0546135641948721 0.177516971322839 0.214335801102284 0.0522643650299653 0.199654776948659 0.0432574370286361
0.121144006549935 0.0994654813039215 0.155936759338946 0.0672296407579639 0.102463095664446 0.00565904437218734 0.167052670555108 0.127213829200567 0.153835472256925
0.0300108721098999 0.206911712004641 0.110730596709311 0.0671445000721883 0.0892505716344344 0.174954923515842 0.190228183353776 0.0727043703214072 0.0580642702784993
0.183866213106598 0.0403347236934351 0.0803115842154332 0.174818542915259 0.00217788763455498 0.0134169104146574 0.274123623705711 0.0165118594530095 0.214438654861342
0.11064443466816 0.0236586813805685 0.176216465091679 0.111127060434572 0.178482094530308 0.00812657543642711 0.184497678155251 0.0712074588157466 0.136039551487288
0.0700229052117514 0.207103946846675 0.152478712263082 0.202428713389962 0.104678904141189 0.0285348356103113 0.0434825372178641 0.0606029424695015 0.130666502849664
0.0963205059116185 0.0736242040187602 0.0142260602414694 0.159786284264164 0.159704261882129 0.135882571309441 0.160757472608682 0.17383824927312 0.0258603904906157
0.205995454717898 0.127266322646239 0.0607669350043674 0.154690877049166 0.148778035542602 0.0286874135052312 0.128019424889094 0.144175245258483 0.00162029138691879
0.0360369444722279 0.165404161164725 0.220987112322184 0.121037225232884 0.0642581110207414 0.130241877828849 0.000554825849138101 0.00121230097376791 0.260267441135483
0.0568429135055348 0.138419983735764 0.183317898362703 0.134297252663805 0.20898643243387 0.0274928299943392 0.0290883694739907 0.0313167827710023 0.190237537058991
0.0446908780513996 0.160671609716918 0.139678610473509 0.044075527272172 0.0646581143883297 0.130035359035186 0.203572917335623 0.0706232644026067 0.141993719324256
0.12245531188671 0.110843431175295 0.189323101817499 0.0449493443615775 0.0649740202557579 0.20250884469116 0.198815036567764 0.018179903249649 0.0479510059945879
0.161161430480575 0.0663132381363861 0.0393456221629216 0.0375796448052725 0.159665622727988 0.234901805081372 0.0247614148368628 0.122309566274406 0.153961655494217
0.0871831790945902 0.0952231719969564 0.180311947387866 0.172381816983237 0.0585535521685837 0.0739942406254567 0.187308832216575 0.063808611208919 0.0812346483178159
0.0234956906932258 0.131131175470123 0.228782010357156 0.204296526477264 0.0664646003444561 0.177626312238277 0.138294953245894 0.0224066348753484 0.00750209629825566
0.160792656583646 0.0525618043492657 0.012180635153715 0.114756107360274 0.098398479093766 0.0485169416111178 0.150441950301462 0.210570225450997 0.151781200095756
0.151476703905421 0.0356367147458705 0.1504115431218 0.122881473827304 0.145291704110347 0.161321778518761 0.197357193222075 0.00544288109972439 0.030180007448698
0.0915150527466543 0.142010866586524 0.127176835156985 0.0682965193444025 0.157636615994815 0.147299522637511 0.0803397125429976 0.0467094858794364 0.139015389110674
0.0651657947273845 0.140074307163142 0.147674407365372 0.188216025903948 0.0758682895025995 0.0115912800192413 0.11840211850803 0.167203500856688 0.0858042759535958
0.192012238495232 0.156487726089412 0.1434354738759 0.0293534362350123 0.176541538379701 0.115060903156242 0.00945953913644531 0.145928050841658 0.0317210937903972
0.144363255945715 0.139707819680664 0.100793618838405 0.103018053534396 0.142610760508724 0.163643461710588 0.0351131695949302 0.155671187107718 0.0150786730788601
0.135827914725244 0.111981879595208 0.137012807892853 0.0629237446308451 0.140469768304305 0.098356696248962 0.0888365308418017 0.126899872869477 0.0976907848913028
0.133463373068508 0.162932882607504 0.164060572651817 0.0951819274216817 0.0290793758317875 0.112663344225701 0.105993029390612 0.041716954593644 0.154908540208746
0.22766726821197 0.131602522814896 0.0490181583168903 0.0576916528368953 0.0309664577848392 0.206379900244368 0.111188296324345 0.153536949095532 0.0319487943702627
0.123240517558003 0.0525086217224778 0.0719213489281519 0.17254632408331 0.163065615464342 0.0606368424473687 0.0861665103778361 0.149008200241625 0.120906019176886
0.202342556042567 0.135641386323517 0.00209473660261963 0.0974572071466507 0.00478100117126129 0.196962459043805 0.117374744847232 0.0609802601065086 0.182365648715839
0.0888773438465827 0.035800512923508 0.00913285919654135 0.23805443355802 0.226164818476696 0.00653552973834564 0.188422287693489 0.0515149135792141 0.155497300987603
0.0812993766089415 0.120693027636885 0.244548698312047 0.137540454355955 0.0468455222647498 0.0116315691786443 0.17582944450281 0.104758177648193 0.0768537294917741
0.161765498143166 0.129354470041329 0.105556657713482 0.0868329421017131 0.0811274599510398 0.209792685052332 0.0335159072100765 0.00399445941286316 0.188059920373997
0.231166216140173 0.167923894424368 0.0037279780551559 0.058455488999513 0.0780198468928792 0.209718787757073 0.00516764339812373 0.190169202245637 0.0556509420870768
0.192441740633016 0.0729256917339278 0.0119879540811489 0.15363336127041 0.0182982164676069 0.076276164398929 0.146916416709125 0.148046315825484 0.179474138880351
0.0503174789432923 0.0585303843538921 0.029870880801894 0.138032726875491 0.282059269574237 0.0753387170976301 0.0801708757942624 0.124701573095679 0.160978093463621
0.18974222332785 0.00338044419375858 0.204582682753815 0.130211809657136 0.224232999008568 0.0190114481858258 0.0765987596066292 0.104819486378087 0.04742014688833
0.108071210876394 0.172032808025495 0.104385962515975 0.0590225272869186 0.136187176661747 0.018010433279111 0.0757412723734063 0.112044426414062 0.214504182566891
0.0428074631235046 0.00705813414598762 0.263586084836152 0.109210914472088 0.187657067245231 0.0888328874915377 0.230926924614285 0.0391028217964549 0.0308177022747582
0.0174809040548743 0.121388554568301 0.0594936652945961 0.171518689344616 0.0704129943234132 0.193620447772543 0.170059423607262 0.0577270683834168 0.138298252650978
0.00593828614821958 0.00451926796606432 0.135073124343086 0.190907724794577 0.120285079777498 0.0804491697552471 0.13223021226198 0.152493684912284 0.178103450041044
0.0681684195421384 0.0842714917670828 0.0690994624327471 0.0792561608644816 0.169222241022908 0.113612381412232 0.191923680451303 0.209815847880695 0.0146303146264119
0.163511302143942 0.0457086227933378 0.223520734844336 0.114436410376731 0.0684778984442536 0.0575348394320256 0.18431101509772 0.110176666833598 0.0323225100340567
0.0300236961311148 0.106497061431705 0.258533524297302 0.000915213834667291 0.0574923344554494 0.211685986386481 0.0708355688584963 0.104127727759484 0.159888886845301
0.187602227611622 0.166470525204693 0.0295951343370221 0.0966812800651351 0.119075308359998 0.106980904291566 0.109851135576383 0.181337626719505 0.00240585783407611
0.0461330925014009 0.0554574200238651 0.0787866357526868 0.119318409361827 0.235276131123931 0.149937256844683 0.0810669264689645 0.0363970541863221 0.197627073736321
0.0351831068767392 0.0185970056463778 0.0457805682493736 0.239238473571342 0.0345697102856877 0.178168514648175 0.0915764421765361 0.206073402355135 0.150812776190634
0.20421977130918 0.156421418728777 0.121664120975466 0.175292112317383 0.00622521587394542 0.177846088116883 0.0437033882952381 0.0497674989457095 0.0648603854374176
0.233457111753307 0.10792579355716 0.0258393450775315 0.1219081388985 0.0466169885197979 0.230221352291941 0.100248349355693 0.101559758238425 0.0322231623076432
0.12781000112969 0.0811134690384749 0.167569235485751 0.136845073500787 0.0598211757594529 0.184391699135365 0.0216821786979319 0.0795689527381868 0.141198214514359
0.203925376959602 0.11462496227335 0.0632148280800174 0.091537666841368 0.0837444215066966 0.0983578784458215 0.0487270551091463 0.0675876183062586 0.228280192477739
0.0693193311208261 0.0234127874401061 0.155582211580022 0.0188264046214371 0.317627113205144 0.0398204838674236 0.187431987555315 0.0312475152607027 0.156732165349023
0.0593720856933784 0.172532417796873 0.0867934275602251 0.140273642289209 0.0146691951498838 0.160642094256929 0.175138642344514 0.0110795468154629 0.179498948093524
0.0740040953588431 0.0933503276781453 0.138126894925768 0.10888841786101 0.131624545038494 0.0441885622444781 0.132261466662644 0.136363367729204 0.141192322501413
0.124988712580114 0.0543863902582048 0.169120677458431 0.109836157065926 0.0332996053553503 0.0686686935440142 0.149459105570228 0.155556040912252 0.134684617255479
0.186799678060272 0.0670557905502091 0.0566074440959701 0.111489650138975 0.153814935051161 0.0716425217807049 0.0374478325526173 0.101183166979786 0.213958980790305
0.111958084320943 0.16452617776931 0.0769298409425127 0.0470985962665061 0.155108934935686 0.190666580562143 0.0250847977290187 0.0848710707120488 0.143755916761833
0.0165063752697252 0.173621679950557 0.182619760126459 0.0566345430703681 0.132882497970806 0.112242271516712 0.145043672624192 0.115648785101567 0.0648004143696131
0.0152099262185774 0.106104966184046 0.153335092494707 0.127489105609685 0.189843888412717 0.188209781902933 0.0783820511295427 0.00769129929429073 0.133733888753501
0.0993828718857976 0.0712242692356173 0.0917904529822719 0.0951470798495745 0.169764381279632 0.193950014107016 0.094130091324899 0.0653521649518019 0.11925867438339
0.135402753611541 0.103433794984103 0.14235932463105 0.0578940976340999 0.0852330108178883 0.0603090956982118 0.178562026852603 0.159880537842224 0.0769253579282791
0.201994653951888 0.0528485117768427 0.15320797166791 0.121881998633093 0.13815925760972 0.149525821297386 0.133784863533827 0.0164592414767903 0.0321376800525413
0.128944471731993 0.00540115770671124 0.195454675420785 0.198863445712928 0.151688744895895 0.178852202186114 0.0577016550807428 0.0344749473496458 0.0486186999151849
0.183911264211826 0.163465599405351 0.167788496549734 0.0243496026909631 0.075956726804415 0.0347718777882504 0.135596475820857 0.0192627733321454 0.194897183396458
0.0877192147187376 0.0342520207218904 0.115144824806404 0.0639267358371493 0.102490729834484 0.224690027585782 0.0465233447065674 0.226021066018048 0.0992320357709377
0.127683753113764 0.126339284715835 0.14205981221681 0.101971483028934 0.130910018558655 0.140297465970703 0.135508213161696 0.0663464582010526 0.02888351103255
0.0216855621161573 0.18351981481173 0.112082727952513 0.11881516312558 0.171603057500687 0.11785871748467 0.107142859204005 0.127089006123244 0.0402030916814141
0.14798009094299 0.0936212118293227 0.112854844074906 0.112763095350072 0.0262497950786146 0.167163094774196 0.0711321160717404 0.155741283185883 0.112494468692275
0.197907852568988 0.0192400684207747 0.0488411328047244 0.185705718162194 0.15323619540359 0.128446946451929 0.0595492702956559 0.00640764998380798 0.200665165908337
0.0452397596673449 0.026478665498674 0.0244380487884093 0.0156760681509264 0.0641163939821014 0.103202511432832 0.297239430149225 0.245542960699851 0.178066161630636
0.13731604098658 0.0284583456335804 0.15017083128443 0.0403148066937013 0.123075607136112 0.17755419995647 0.120337956401444 0.138323653181061 0.0844485587266213
0.0896527073365654 0.152805848344399 0.127568151188988 0.15024416581044 0.177202707858183 0.144700121540684 0.00574017119542547 0.131845519672241 0.0202406070530732
0.0283867930110374 0.0355689403853663 0.13255379282351 0.170666099149946 0.100562764752851 0.13250286885526 0.0816108554387466 0.168107222817376 0.150040662765907
0.0898379618500671 0.211550146675951 0.0751224663054188 0.105379823837037 0.0799733867353868 0.0975093510319393 0.11420404470179 0.160193238094846 0.066229580767564
0.0428964920116349 0.147438456775592 0.0650749360396633 0.194122082849352 0.00230755265640014 0.20479203650054 0.0210688563156675 0.174123333622896 0.148176253228254
0.0622969768357007 0.0950909716755286 0.155635321951248 0.0716163348927253 0.0269161190545579 0.186596212039739 0.0625899315250873 0.178000239280079 0.161257892745333
0.186911867207584 0.196622800886551 0.00191706255856665 0.055954928441807 0.0627039492117568 0.0874789365939506 0.152909788413347 0.180410450057739 0.0750902166286986
0.105141160327895 0.153938772593596 0.0591384736552478 0.0388765044142428 0.0639416042839428 0.159247137924934 0.189887251242556 0.160597123682966 0.0692319718746202
0.133440778032785 0.152533486481156 0.14755244422109 0.0662942873338228 0.0886655038941144 0.0212062655820093 0.134301630440144 0.127044184252414 0.128961419762465
0.144844838648584 0.0373550513224873 0.0401762047743494 0.0142768285307583 0.214395270586082 0.106110903887962 0.0800729921953852 0.232702165752797 0.130065744301594
0.0745636375537913 0.113628317423033 0.174626881426679 0.0973866364418835 0.0131533652422924 0.193669146132924 0.104771231886497 0.190884309015438 0.0373164748774616
0.139997479330466 0.170933486465166 0.136874168632635 0.104727413752454 0.130166877778522 0.119379548496688 0.148838501367599 0.0468862942539596 0.00219622992251106
0.0968828948690789 0.318395849959743 0.0387344244781276 0.0933088268439395 0.0523935490940513 0.0453930288105354 0.118075139683087 0.0966279332553214 0.140188353006116
0.18164201428175 0.137140877614626 0.170755173541597 0.125004358386098 0.0401318608920782 0.137826901485977 0.0695584440683396 0.116745247227588 0.0211951225019459
0.101390852546465 0.0384526593261559 0.111801220890913 0.066091053848038 0.0666205323888622 0.0392766767284971 0.233344020838023 0.0692896937088344 0.273733289724212
0.227014908277466 0.153878089082245 0.00213077561953495 0.143660471549121 0.181192232004297 0.0166114617373989 0.161498599964737 0.0288700180348706 0.085143443730331
0.0714064630618841 0.129516248887651 0.122683989745215 0.164467651300249 0.0952450549447332 0.191442770159547 0.136842800797199 0.0599757378813709 0.0284192832221521
0.0864760485278496 0.19370905439326 0.059741792962704 0.16226010416371 0.0641878185772209 0.0310177536396079 0.238143037779229 0.0686941772909319 0.095770212665487
0.0920080999413443 0.0771809300782197 0.0285423473742622 0.0518158759391904 0.0318252911472673 0.1755790237559 0.250738983193554 0.13418212790723 0.158127320663032
0.0541372250950388 0.0102135565786463 0.00442448807799573 0.204707103513475 0.10539639426833 0.131920997140228 0.0919120620890773 0.198270226037258 0.199017947199952
0.101254407017195 0.0244712162746128 0.135965384174475 0.188696060693147 0.141781303008147 0.0244787583943506 0.0690779953659556 0.181059043917343 0.133215831154774
0.0441705089884385 0.103402584935749 0.121271674860141 0.170067233778317 0.11563477845663 0.0579512905825118 0.173867370069414 0.100788428371852 0.112846129956947
0.142605246730891 0.13796872421358 0.0482774733743195 0.121102330911691 0.0849178353251506 0.097396265636815 0.128499360605824 0.104112644470665 0.135120118731064
0.186289474720366 0.00226656209362602 0.16253506535858 0.269804047473429 0.0469671459218185 0.157219663524237 0.0138180835074782 0.0249707343619785 0.136129223038487
0.0894419979646151 0.0666887208311806 0.205607641071947 0.191658843357907 0.200251118679764 0.0461079630784844 0.0514628252980586 0.021667832134959 0.127113057583085
0.125999680534769 0.101821530354171 0.102572129264426 0.134723748055224 0.131825534569213 0.117530592855912 0.0558846829536434 0.130119482162755 0.0995226192498873
0.0539272508477119 0.337022131819816 0.140127373676497 0.0320836785517945 0.207579345188905 0.0458948469610846 0.0732898411780377 0.0853694109223041 0.0247061208538488
0.164870714949814 0.058001584964955 0.0883917587404119 0.0331244745292567 0.148491964606539 0.185881459753594 0.0634177979843547 0.195373016391123 0.0624472280799524
0.09152268636266 0.167488312752986 0.0700757368920165 0.100485836010102 0.11534222802833 0.165252111479752 0.0163310311911926 0.109003056982152 0.164499000300809
0.111182471158674 0.0717829642970003 0.146857841709065 0.0908698864527063 0.054767417630113 0.187751038302881 0.0953147290742526 0.110919484946526 0.130554166428782
0.0596793432519239 0.0117923066490967 0.259062972229546 0.0336372935936482 0.248291635127511 0.0235372356492792 0.0214200411950665 0.139779637289602 0.202799535014326
0.157263230433061 0.053822885317488 0.24990359167168 0.0211480275143978 0.0463686672672058 0.104857565689753 0.170138248946446 0.0956710723630195 0.100826710796949
0.138902212345211 0.0335973940409184 0.179648268398213 0.208224453200572 0.0634742328892744 0.0846331677041482 0.0459173041475428 0.0335018587149159 0.212101108559205
0.0623757998647709 0.0402773299816817 0.098421190572431 0.144137573727855 0.170571593722091 0.112113196744499 0.0523330639701539 0.143992700602365 0.175777550814152
0.181483651167799 0.150857631620503 0.170509746473644 0.00306958815876643 0.107621774554449 0.150396146076692 0.0647935921346999 0.0730772265176606 0.0981906432957854
0.0293177966032594 0.154498199220184 0.071664189133762 0.111818033783304 0.144970057800307 0.0752999023423492 0.136234791827287 0.118567770032027 0.157629259257521
0.136307733010054 0.17141545648959 0.182983354968733 0.154348186325415 0.102059001687145 0.0898693511316574 0.0888743500025253 0.0132381715237952 0.0609043948610847
0.0545258243493254 0.143076724244459 0.107966359171604 0.0679795569875937 0.0431182965993752 0.137653489436389 0.126680391070458 0.204015499516676 0.114983858624121
0.0836820657198473 0.127535546694509 0.143691789824891 0.165331592790922 0.121656532454528 0.0735603471630527 0.0636561665254257 0.120461744424337 0.100424214402487
0.068630735489087 0.00917217716259753 0.113816481139403 0.105962046846545 0.0629968447123152 0.200639135504371 0.152564647564812 0.0525447824054435 0.233673149175426
0.114521715899129 0.0963346019405718 0.116022714428123 0.0399461704370627 0.157416547536172 0.191736357706011 0.0174916790789521 0.133171985409934 0.133358227564045
0.0280155122315898 0.0310785368608781 0.0713454626130922 0.0132213382737214 0.244513896336002 0.167186167655102 0.232240423423555 0.0750030147595765 0.137395647846484
0.237061133995247 0.10916809998005 0.0190197818008182 0.0819549398434823 0.179697279869222 0.18766818626302 0.1116062633561 0.0350956166982332 0.0387286981938268
0.118733234989934 0.150849367564679 0.117767026806389 0.117640566111433 0.108821671082686 0.0792302682461715 0.086641062838987 0.0895822022730123 0.130734600086708
0.136562062298761 0.0650320744796683 0.0896591141184614 0.149461339966376 0.0376009881005761 0.137490917608144 0.0860543575772983 0.0786621446148612 0.219477001235854
0.0535056529743736 0.0382734268347238 0.17903176214948 0.156025576660579 0.101972799685038 0.0829784543884333 0.185400973257505 0.0768226898103692 0.125988664239498
0.0301990170830918 0.187514500364637 0.0314939815350954 0.21370194190132 0.0153358793538497 0.192126321110509 0.23299887148361 0.0700322554818542 0.0265972316860322
0.0191688227452258 0.0932880487083334 0.199538047392825 0.173113406471585 0.0796768430325994 0.0812393007414947 0.0272118858578179 0.162383284030328 0.164380361019791
0.216029908621137 0.112429523692468 0.0737661458155331 0.117514825017633 0.0503084246806798 0.145895898081862 0.173400091053055 0.0826426683248869 0.0280125147127455
0.0781624934621552 0.0619561530822393 0.273141456680979 0.00744971366951487 0.214655061154825 0.0565776685700609 0.093688918144496 0.0236518797311081 0.190716655504622
0.185146434109836 0.067617713812333 0.0057727478062935 0.238780978593256 0.063186978170673 0.0801795986437407 0.119442391546125 0.0409628905595482 0.198910266758195
0.131462048124953 0.056253308385177 0.104472527245407 0.151493386061387 0.14809675124722 0.014223014514758 0.15436482995279 0.144839478730271 0.0947946557380363
0.0921646899377672 0.113351896239751 0.173245663157767 0.12108842623307 0.0334962194540207 0.110386600068516 0.0798602535004988 0.15653163484289 0.119874616565719
0.19441516280296 0.107658458735609 0.066900777536517 0.131515116498361 0.153634831044012 0.0833875871018425 0.116687262003288 0.0496169417293095 0.096183862548101
0.0120984623760101 0.184659019814611 0.103457400787595 0.20273911984422 0.0421890608176382 0.0958248241735811 0.0408581742519922 0.128617449354415 0.189556488579937
0.127967465359494 0.0988560192868743 0.0249809437158036 0.0606962447527901 0.0717721517063486 0.00287545499049535 0.279993158176283 0.0800046707895846 0.252853891222326
0.0174881585092492 0.0365523659734705 0.203943853470341 0.0797540459019213 0.145709834004175 0.095091930158063 0.140078442374448 0.205015332580522 0.0763660370278097
0.0927387833026974 0.166869153324747 0.148069631942269 0.0567430735506564 0.18047331306828 0.0838088744438937 0.0787094071522595 0.185700321791163 0.00688744142403431
0.187452052805232 0.0405139383884459 0.116571084207079 0.132706994033197 0.143105483301133 0.0401499462080024 0.158205957956078 0.149638020101442 0.0316565229993891
0.132492336681037 0.194230433135293 0.0129445145904648 0.143638942156701 0.0885882318608271 0.041611202630963 0.130363129312938 0.16842981762286 0.0877013920089152
0.0543833721404331 0.117786516844362 0.160202829135502 0.130711523429026 0.0759121608656196 0.119363674369736 0.111301756058992 0.0100814117361016 0.220256755420228
0.0174154707391012 0.313291101736788 0.181281806710414 0.010662421309208 0.064274935786884 0.212831250875908 0.0399110941436943 0.103625906061066 0.0567060126369374
0.160306423654774 0.0213424729292982 0.0378176137711272 0.127368728634139 0.0746443055138793 0.1614364764074 0.153922410523135 0.0966587493448308 0.166502819221417
0.200885787670104 0.0449749386835954 0.0130503360255446 0.071425624891689 0.121024464907843 0.138855401748854 0.187284012524421 0.17762635673918 0.04487307680877
0.110912040661386 0.0629878087133439 0.225517920238982 0.0498933546929586 0.103582457807067 0.0158345951403332 0.245017367903721 0.0649856065492235 0.121268848292984
0.159347426152573 0.101169483906685 0.115382391214924 0.105999704446574 0.0624478782093112 0.0690540058166983 0.101024831932224 0.152785482994094 0.132788795326916
0.0356518221003644 0.191049383224853 0.171321279960342 0.13404294956178 0.0478647287601387 0.100977520636745 0.0127023486013701 0.161185871766876 0.14520409538753
0.213374603169744 0.0213644865445926 0.0533111584171873 0.137443234029867 0.160255165103607 0.0420669250108463 0.0352148314561316 0.153062609914247 0.183906986353777
0.320939265672633 0.0907303216710919 0.0139110766867911 0.0617917750087173 0.0499609628551255 0.0550252546384856 0.223021685147894 0.183178558559707 0.00144109975955555
0.139276512114721 0.18593076690146 0.152740728439778 0.0650886668355637 0.177363259887744 0.0851095483147869 0.000876718386420207 0.0143174316890616 0.179296367430465
0.00196037771908232 0.29260511797835 0.201390668134733 0.0266924821631387 0.259636604903525 0.0812685237030832 0.00235868059874807 0.119802219511064 0.0142853252882759
0.0666763738071105 0.0503916005985856 0.152902192846065 0.109821655177188 0.0210910364256689 0.204677016563574 0.140784635955405 0.175676247155907 0.0779792414704973
0.0615330178065136 0.113050911957582 0.217261572045426 0.0490174109781797 0.232794704799166 0.0562997481189222 0.16586671506017 0.0729203630619478 0.031255556172094
0.0285558604155364 0.05518395403574 0.0563930903580004 0.176113776382533 0.181867845784721 0.0446251785236237 0.23643513317403 0.0849640874733772 0.135861073852438
0.0430186706888565 0.176154858684354 0.105123629548763 0.248751828534267 0.122806208085285 0.0116620250087444 0.124870604665284 0.0784538770131887 0.0891582977712587
0.0854710824271526 0.127442413895932 0.0878363284918025 0.0737060350309667 0.115379860684883 0.129514751305242 0.0982248759285575 0.187566935991827 0.0948577162436366
0.263956571649699 0.178816174084856 0.0766558737792436 0.119979774981109 0.0426446035985426 0.102720255051329 0.0240743688732634 0.17382525073496 0.0173271272469973
0.149800824210376 0.0471385567528637 0.195426620071246 0.094308533799393 0.101209347647571 0.158716218866859 0.0814688411848759 0.10031529339523 0.0716157640715851
0.143002159014172 0.0426123165074993 0.10194916436646 0.125372141125989 0.112765651849451 0.141951311306351 0.161625206672554 0.108828314937503 0.0618937342200201
0.109397837648369 0.22126671538242 0.123668789339993 0.113307793028823 0.043025957785221 0.112153860697347 0.0509899060487648 0.176397012140463 0.0497921279285994
0.0499454495170139 0.106817775621982 0.0595516815994463 0.231367527372091 0.00821259375252334 0.075219110296332 0.175490093084501 0.191393035430946 0.102002733325165
0.218007632139316 0.131216853475559 0.209968676522836 0.0440009849585529 0.0665617423981718 0.0166822063172862 0.019373872983374 0.155753071219908 0.138434959984996
0.176099465034057 0.0589752364562397 0.126967738772436 0.140202516056519 0.0559509382739906 0.132264507928547 0.113837685192372 0.0398879256717487 0.15581398661409
0.188621690184235 0.0705938287237506 0.0464441354716686 0.0642808702959065 0.178976642727367 0.10876599363139 0.13832870127932 0.1213843694707 0.0826037682156616
0.226222674454644 0.10906323630131 0.0701319215615076 0.263470758511471 0.0257933334292255 0.0732150287179349 0.100432674589682 0.12665365890259 0.00501671353163478
0.168821921486955 0.00548277852896702 0.0253247651929159 0.062381192108703 0.161439714818773 0.123925900116059 0.110771636114346 0.15012377849379 0.191728313139491
0.0891541929068409 0.112136379162172 0.123984259351224 0.128603666436409 0.0784720352523069 0.0363383896004969 0.11019845577974 0.148956399899939 0.172156221610872
0.15587603507297 0.151119938086482 0.172207108149716 0.0839327188272953 0.02106924418623 0.136554362123633 0.141616636785823 0.00276364944605135 0.134860307321799
0.136870063438237 0.0980694928290494 0.151490684951976 0.0727402688408218 0.100956990488888 0.133192527417662 0.0944511053069047 0.157615216499132 0.0546136502273291
0.144503275212982 0.137634656673482 0.159396632069076 0.0600823169232093 0.0704299134737722 0.103542573810253 0.151279310136761 0.12328934859061 0.049841973109854
0.110157027282732 0.00325678742377113 0.217951276895995 0.127839433604434 0.177650210187669 0.0930644104331995 0.154743558644313 0.0484546211438698 0.0668826743840167
0.0949552557701109 0.202408931300217 0.058012602295862 0.045972619109306 0.107609347826287 0.115491989713463 0.161650016136466 0.0210622194908563 0.192837018357432
0.081753325122825 0.147530073113484 0.194142036737285 0.0746525670741023 0.0496708050569999 0.0642181839903998 0.190093129015993 0.050861058498908 0.147078821390003
0.138921834651638 0.0202763044343969 0.122190560476969 0.213434552883053 0.152844757118106 0.0419719177721215 0.155237858878403 0.0378067741535458 0.117315439631768
0.106444368277954 0.148536772971162 0.0256648848030297 0.114379327024692 0.0718215452866579 0.275382700471737 0.0670063481075051 0.146554942543638 0.0442091105136234
0.22746702027575 0.190465820424776 0.0219674574816062 0.126439755535461 0.0509352155107621 0.0750368592325215 0.176745400668539 0.117638303162035 0.0133041677085493
0.173352985163784 0.114455820164312 0.147529579486685 0.0933166076350688 0.101441940404051 0.0817090164077845 0.147246330798628 0.0388895504263314 0.102058169513355
0.296100587731174 0.113533123797477 0.161142183990162 0.0690185357646779 0.0798297573302387 0.0551075534619991 0.159924840364925 0.0260463974999818 0.0392970200593644
0.0288100707192818 0.118850525948511 0.215379123232395 0.0527516708589314 0.125776768839655 0.165004124724988 0.0601121089118019 0.0869668395785732 0.146348767185863
0.0309015543035754 0.131463434675812 0.121847620906703 0.168579972675855 0.128056502249173 0.18311116756898 0.0424123547977833 0.0641070037446348 0.129520389077484
0.202941616168987 0.0113951508956972 0.111543457956515 0.118655169557285 0.0319954989022165 0.0778338003821696 0.112001701735847 0.148097869846812 0.185535734554471
0.192803815153479 0.158839513958185 0.173907372234823 0.014144689856091 0.0313899003478258 0.170442363465997 0.101351743878352 0.144126271475213 0.0129943296300341
0.0888115084265353 0.154378631485106 0.131412109584643 0.0950254682705935 0.0323119489236178 0.0156445931117846 0.166738799913923 0.100400535386884 0.215276404896912
0.0269081085588565 0.148047094028833 0.198757113575331 0.0413088205669503 0.103698840001222 0.04790838308034 0.169501775437153 0.0847158607508353 0.179154004000479
0.0947219690382157 0.151766333310263 0.147127247761662 0.0703900473296808 0.106395085956806 0.206961133745055 0.0690383869095801 0.11191062763652 0.0416891683122173
0.181706121995303 0.326022028429708 0.0348810319672041 0.0276403416732143 0.0923738366414581 0.0912961425617154 0.0138613533412898 0.202978908633715 0.0292402347563924
0.137077268875623 0.0034837189076074 0.0415412208398555 0.0497311182665187 0.239661779323553 0.0731516525868568 0.148389134495554 0.0263721599825211 0.280591946721911
0.0568264249596907 0.152602051996891 0.0811988235113451 0.108465638237953 0.0629174068945733 0.112225387074451 0.269966565314173 0.121297232520415 0.0345004694905074
1.21001203300797e-06 0.345869987300545 0.178620519038518 0.0321325082254515 0.0685899410501594 0.0312077130558816 0.215139298206021 0.0801114041642293 0.048327418947161
0.190375660218874 0.107768784872811 0.0363488207296859 0.0271297068409383 0.144595379731798 0.0144604742220164 0.175251700634635 0.190606708760625 0.113462763988615
0.0491030507034671 0.0265577067805037 0.18224648763705 0.101368333887865 0.164154066452663 0.147584478036852 0.16606164388465 0.102749533644747 0.060174698972202
0.0573478216946711 0.0144542418396301 0.191238142936414 0.125844077284779 0.0447589255336856 0.00932722587532572 0.176577454803332 0.132764221109178 0.247687888922984
0.204706331748331 0.161674961363959 0.0903555558083056 0.0573693939437009 0.0177794880775786 0.19990162119803 0.0806445990658834 0.145409902981172 0.0421581458130392
0.03285463944133 0.127789984671265 0.0511180878286205 0.0403468055497285 0.164089353932226 0.0871484832697283 0.194188718482588 0.134747428355217 0.167716498469297
0.104668356599815 0.0497803328839056 0.152942636092464 0.141776074783136 0.172292651652622 0.109116883031834 0.0304058295925304 0.147845580535572 0.0911716548281206
0.149790868818481 0.0480125554431576 0.136363369095814 0.140337638127546 0.121316462635149 0.149567265663156 0.049575140574115 0.151094405273831 0.0539422943687499
0.0190360202855925 0.107797865106269 0.113542331632678 0.133143903281778 0.236219855362958 0.181514905064179 0.113339028900304 0.0949395703403983 0.000466520025843389
0.0352362593227774 0.157554643676205 0.173769007823419 0.156676452151799 0.163202889919498 0.0074885164935161 0.0606328941114974 0.0837731937092573 0.161666142792031
0.00273600010716874 0.108647235438792 0.0839115606381814 0.107796973361001 0.0469402410030942 0.0331827973261066 0.290926253825733 0.14637246542492 0.179486472875003
0.128867226678461 0.134680061192614 0.0876512521478948 0.0319596403406294 0.151232924787777 0.108915016485484 0.0887041839181058 0.134251395163929 0.133738299285104
0.00524098210992551 0.19065792015456 0.0348802848405432 0.0924666867315968 0.111412924762877 0.144139419795672 0.134258733658116 0.186195267993222 0.100747779953487
0.0897852223717723 0.0281597909641559 0.215394078945536 0.0589502004212988 0.109706555564633 0.0229222188090285 0.122640789520592 0.279763658646449 0.0726774847565354
0.0258302615072925 0.182698407211004 0.07194963017599 0.0376084475024531 0.223686156350545 0.21194079877938 0.116680570686042 0.0636498799859148 0.0659558478013789
0.118905502873906 0.0674789870537784 0.113907334604367 0.199321852203245 0.162477326511874 0.0663963875899693 0.0111860824800329 0.165878071769505 0.0944484549133235
0.145961355493092 0.210128806530512 0.186284766608316 0.162468228281744 0.0862360848989846 0.0548894543468724 0.119797168959161 0.0170915894865479 0.0171425453947688
0.201274131130074 0.199188773369425 0.0940013650745217 0.0352402828939276 0.0292821088440934 0.196753285301141 0.0162136849394262 0.137746280243423 0.0903000882039688
0.0629168308300713 0.0818895918066917 0.22245593263133 0.156445475549386 0.182749345249909 0.00171664125496232 0.149473912037656 0.0972181310367618 0.0451341396032315
0.011036079985621 0.225337634813898 0.205481937647468 0.0789085674583972 0.0436845624953948 0.0351519022945077 0.0524425191986782 0.20203468961162 0.145922106494415
0.0098477184189233 0.103081099438561 0.148840053555371 0.0473151537982747 0.194890505599452 0.249398701552392 0.0623369618899572 0.0122743160933433 0.172015489653725
0.146174546228884 0.0278474868215548 0.15102716671989 0.0325875331601611 0.149705262123394 0.140728166654999 0.173243634185589 0.0913877657835531 0.0872984383219754
0.00531174696864952 0.0199064326918587 0.146421731249711 0.14309070436538 0.253228945818963 0.122120100535212 0.143444070452861 0.135296862700183 0.0311794052171814
0.173542362783955 0.0215786166062077 0.0772873502729104 0.0331892279897939 0.199497024751449 0.143795599531111 0.174658868085203 0.0516580227002109 0.124792927279159
0.149832988996886 0.0316615836104052 0.223039086124025 0.0272320546825429 0.171223638274163 0.0100592873294191 0.0557801146026989 0.107644474740914 0.223526771638945
0.190549585329682 0.0360120951008839 0.187825970055903 0.161812518561121 0.14771824737168 0.0472781723065269 0.0504801942098244 0.0884986878310423 0.0898245292333362
0.146446310049353 0.0164804262613044 0.132060735080226 0.0547270270016667 0.178199797044412 0.106618334750602 0.168128144046692 0.0604619113547491 0.136877314410995
0.0723787218295515 0.00209844313361203 0.061634317882626 0.0954548938368554 0.136511067943707 0.13385463236959 0.176786608662807 0.16800695438626 0.15327435995499
0.121546620515594 0.0181835744848585 0.103642666865589 0.0604098655210294 0.134949062240416 0.200497416766927 0.173725955783762 0.117054874104794 0.0699899637170294
0.137946197065217 0.0284221546898181 0.0537079033785702 0.0465204683803789 0.171573398665672 0.224926466865984 0.107740922409511 0.140374708141442 0.0887877804034066
0.155433280829104 0.145720811615534 0.0949668729978576 0.171370743524052 0.0367357895085941 0.0410023292816504 0.116056511436984 0.0695210566830228 0.169192604123201
0.00512364881114171 0.0592014860144065 0.0361554796017702 0.157133921080132 0.0673300492856645 0.0601028903529461 0.169696379823715 0.289344487644731 0.155911657385493
0.0976112429476098 0.125914196879392 0.164943189202052 0.0256676619716978 0.0961564399116618 0.0931998469169512 0.221852484554767 0.149623574477114 0.0250313631387544
0.245702419354564 0.289218209161572 0.0269296033242141 0.0575260391072648 0.0646979914759713 0.119766874084938 0.0275751561256442 0.00877041707731339 0.159813290288518
0.186573965205524 0.0315655252392773 0.00738302247378936 0.0940881461597722 0.0618349108653682 0.0578964256556435 0.235658390068142 0.27738809200386 0.0476115223286232
0.0196250426369701 0.119390138632046 0.136774986722213 0.181692278597551 0.00627587408219117 0.1024761755381 0.175843368702547 0.155089542555735 0.102832592532647
0.0274921152859977 0.188964018177989 0.00938311102865115 0.0472575343808457 0.149339868175113 0.0426215081701184 0.180166187765978 0.192413402874023 0.162362254141285
0.0445295416175948 0.1603029741635 0.0740585036261777 0.104916859154459 0.0869080643502032 0.117412678545803 0.0591576715572999 0.248892944047318 0.103820762937644
0.044116851473888 0.104649176592933 0.118104805611624 0.08357963639715 0.147205981202547 0.124804045890529 0.0924622065255397 0.145930160527115 0.139147135778673
0.189183867762763 0.00198197599869962 0.0857912636531435 0.190534534422379 0.0683166499211598 0.14192781846204 0.173084912282215 0.123493840975281 0.025685136522319
0.17204380058215 0.0898062215434125 0.101796173776548 0.143003226600987 0.0827821206328501 0.153883804372672 0.104508569163607 0.0216379168855548 0.130538166442218
