0.231857863150428 0.0678409885471226 0.12511867324087 0.0518752475150126 0.0962738846782606 0.0666973442993248 0.208758506086283 0.151577492482699
0.189853800050446 0.0136771442607341 0.11391278972989 0.213679278569399 0.189619754774549 0.0224250634132086 0.0802517051706865 0.176580464031086
0.16225194195715 0.141990962655099 0.0904934415771469 0.177391157072341 0.0941422964082174 0.0688800208163057 0.103572277292405 0.161277902221335
0.129583074910096 0.155577048413361 0.189706540920899 0.035595687726011 0.121573747279214 0.195093153439102 0.135246119456299 0.0376246278550178
0.265871757358114 0.139685742211209 0.130534987955988 0.133917233433354 0.07162878897735 0.0974323687471233 0.0173461413122559 0.143582980004606
0.12083884242993 0.155012422834663 0.12085565098648 0.153761679324101 0.162822971047119 0.0800080560634083 0.128736620568427 0.0779637567458716
0.105572665658558 0.0523251938593066 0.205829564725077 0.0873328315169552 0.0774045653146102 0.224775954016321 0.24500096648317 0.00175825842600134
0.148943396571928 0.0895334340004655 0.157364458610324 0.0869666341818184 0.221416838841512 0.161307828448557 0.0707113961382518 0.0637560132071424
0.141520033081468 0.00796513051001649 0.211269473678852 0.0753922579208123 0.141503774417467 0.165125737324408 0.15976141569336 0.0974621773736163
0.153229413833099 0.195486086368954 0.0846511694079186 0.222234887031474 0.0443437687747099 0.0538724544147884 0.0965663716462102 0.149615848522846
0.124647810949055 0.0922964030882632 0.225717916003407 0.0271589890925164 0.11393947125088 0.170918848542813 0.162984280815609 0.0823362802574563
0.155313910746399 0.110625584330092 0.27162997505177 0.0825244528508171 0.0889934488955847 0.0648473504094655 0.068588070237345 0.157477207478527
0.187859017948047 0.192935705998308 0.0274584115674741 0.00436563460109449 0.172246711255814 0.113456656197349 0.162496088538779 0.139181773893134
0.156783393474968 0.177742739008522 0.0183368115104075 0.0626154620432031 0.190912015244058 0.154521547747065 0.0650285079434706 0.174059523028305
0.14759080540757 0.145242763396329 0.00793809957198957 0.107092705063535 0.145940159942663 0.23382932569841 0.0167780822144942 0.195588058705009
0.0792745768069617 0.200712304691493 0.0080796231750944 0.11054885580553 0.253268568823066 0.184482415485071 0.145359358979007 0.0182742962337766
0.0339230802709922 0.240887134774244 0.110131830461032 0.0539140846530253 0.260403172775935 0.051644724158835 0.101345695350961 0.147750277554975
0.110165409661937 0.161627415471208 0.128336248582247 0.110193312233274 0.0424228005955964 0.137199091847901 0.175365846938873 0.134689874668964
0.230342733189038 0.0747340984835135 0.106912306552851 0.0963091685206819 0.0914802555350735 0.00517523325897524 0.22956690164999 0.165479302809877
0.102363667559874 0.0857187882705999 0.16736211268719 0.128795679958129 0.181958777415084 0.0135256009149468 0.137974172565871 0.182301200628305
0.177557322336886 0.0482597529775033 0.113142445723684 0.24587486048931 0.0195583826127291 0.0312041676275866 0.122573608961481 0.241829459270821
0.0416225310797356 0.00780901617786409 0.201346314886034 0.207986197629942 0.217723106545346 0.0776521619876072 0.08196904385922 0.163891627834251
0.172964578044663 0.125982130986094 0.174619269000758 0.0432849681191625 0.193130200490995 0.159393863763165 0.0218863967646294 0.108738592830535
0.0694994112776156 0.0342169408017821 0.244175006747217 0.188425592285799 0.230654492355224 0.0330953737635555 0.0460866932796729 0.153846489489133
0.117444019524189 0.0580240335747443 0.14502991651704 0.056509175516463 0.148421155128992 0.209833031995115 0.162827114574293 0.101911553169163
0.150997712092306 0.212000148363909 0.116190836142016 0.0931213369941818 0.0562712961357042 0.192128530881104 0.0453540162155636 0.133936123175216
0.00879836037346963 0.0501641793152643 0.244035650655377 0.0112286784113294 0.105377410568862 0.0816508505509013 0.29102412238549 0.207720747739306
0.269635061069551 0.112831932460646 0.13622614524937 0.219090246423311 0.036679968933274 0.0279622921214174 0.140796374902201 0.0567779788402298
0.243714705686182 0.209527734689146 0.196114395198811 0.115414589521948 0.10587185800418 0.0742755534483393 0.0105079933491081 0.0445731701022851
0.261310635403938 0.0170996716958811 0.0319824382973594 0.195198903019932 0.0359027650101231 0.138814628681709 0.145233386447937 0.17445757144312
0.0287080242222595 0.0606148381195497 0.125548850833539 0.0159788156924522 0.160567771335488 0.110420949791445 0.258952187694394 0.239208562310873
0.169378672110931 0.195929834648211 0.0501799429831985 0.25919092300739 0.112149598712852 0.11157068038295 0.0528768738483142 0.0487234743061521
0.112590339965662 0.162021486786897 0.160583283039804 0.0495366327282294 0.236041116373705 0.0235500731590298 0.0905725490163883 0.165104518930284
0.159211221195516 0.0703926675170478 0.0781865733550966 0.151733889217935 0.158655804088942 0.129299846773595 0.135813200423513 0.116706797428354
0.143992536746074 0.132465435715897 0.0979326197735986 0.0870775138831936 0.188358275167677 0.124290898986988 0.0373621271889523 0.18852059253762
0.202219290243064 0.0516308194973692 0.221225036663969 0.159509030174386 0.0683719992900555 0.126296571465774 0.107366642573652 0.0633806100917291
0.155012466532929 0.168496614178068 0.123922533443955 0.158411929940314 0.14587521684065 0.108577410637333 0.11772255065426 0.0219812777724915
0.0643916069791238 0.077669529371446 0.270970715497368 0.0783195569705107 0.0488085180296077 0.182136980253556 0.218969665667616 0.0587334272307712
0.138258098842519 0.129723960036867 0.0435222566370578 0.00357851770748512 0.16767999663721 0.207470926224009 0.126748887181168 0.183017356733684
0.114471504252279 0.179366183132047 0.145164808871415 0.0901253581579486 0.159170272826545 0.10065036758944 0.0868114854102494 0.124240019760076
0.0929168147540337 0.271716373541086 0.1062494962918 0.140653438069926 0.0696719764650024 0.238872892924269 0.0415940703915437 0.0383249375623394
0.156905363642827 0.0919572206093951 0.230576659603965 0.0127145638164016 0.15742686173989 0.239215974840808 0.0817758900127324 0.0294274657339821
0.0796758524112839 0.0550106366957645 0.0583489449688316 0.0574605518803011 0.276384737078452 0.320138641202279 0.136330713788219 0.0166499219748691
0.251852065047625 0.0530378519488 0.164848268134768 0.0705958164509411 0.157173789603254 0.0535483341690498 0.15882200519047 0.0901218694550914
0.122255147374804 0.186948614913287 0.193023213667201 0.0301658200318648 0.167957815505584 0.201864315137251 0.0480558371685241 0.0497292362014833
0.159790745900328 0.0486167514923421 0.125537859224835 0.160662608778506 0.158614507430439 0.138174903644223 0.0494920160126035 0.159110607516723
0.050871575846313 0.197402555569273 0.18283563442676 0.0646393052435691 0.0106065777612031 0.159740777348659 0.198430984594243 0.135472589209979
0.152178195614233 0.0426075805791178 0.155621504578319 0.0359962410983731 0.191076037240847 0.0543951442319467 0.187941939374945 0.180183357282219
0.183916270910925 0.165112626734474 0.162105920465125 0.0420450296834894 0.0994638621500711 0.0843750046964319 0.208477695404429 0.0545035899550552
0.168286748159914 0.0179123420745831 0.0855330862368656 0.123985189508577 0.237978704027168 0.0755639938082518 0.167613554056327 0.123126382128315
0.112391611672549 0.122396942482824 0.0327372494722682 0.241528057144354 0.086241779679763 0.204708597525528 0.121799109920465 0.0781966521022492
0.0309063982457545 0.174560244579557 0.188028064378788 0.0694618084216369 0.0578910880248738 0.186350699558 0.0403506407336386 0.252451056057752
0.0150441898474267 0.194648378156371 0.0145682552560017 0.152503691158021 0.209361492692506 0.182934604023787 0.0123122248779603 0.218627163987926
0.23138205364989 0.078072478782888 0.124512896096063 0.102543072543883 0.108721987104141 0.148220923638048 0.179362608834442 0.0271839793506443
0.241030983866966 0.0155587581800092 0.0567069428115015 0.240457800872351 0.171010808296387 0.184684107046789 0.0873274256416929 0.00322317328430403
0.00157212712778419 0.00565550722745351 0.301749158670311 0.0864008706042837 0.165680559230707 0.253802426076882 0.0310780050540832 0.154061346008496
0.173922819825758 0.163949218996801 0.206446529744111 0.210940767230825 0.0409437080746556 0.0947777529961009 0.086433709179613 0.0225854939521366
0.00855302297831965 0.0871861529027668 0.0628650041476775 0.266005414790525 0.226595203086685 0.197400771119736 0.0801899407159227 0.0712044902583668
0.0832746866649396 0.201843879250272 0.0389275043570221 0.168054986088618 0.201232361173157 0.172128912063048 0.0381271850457732 0.0964104853571696
0.214914472268038 0.178458484623297 0.102732467487514 0.12723698499499 0.133598639832779 0.164556252207992 0.0278468660311246 0.0506558325542657
0.0381474829774594 0.215075136522076 0.0162514129041125 0.144178495145125 0.160458688056116 0.207325196351364 0.0448980052923824 0.173665582751365
0.018765583282897 0.122090924364563 0.18720395575584 0.10451051397235 0.193166875237719 0.0622960541422989 0.161464472674975 0.150501620569358
0.247697447563796 0.153358668404106 0.187439227911682 0.0198011380009996 0.160407781108184 0.00260432392915102 0.172362476180028 0.0563289369020547
0.160300384437864 0.0592968556485212 0.180879901290622 0.193232837818531 0.144729594366855 0.159881885338645 0.0148664923732274 0.0868120487257326
0.25493783501609 0.118187276807407 0.0629023168073088 0.127427244817573 0.119114815109663 0.162277263776794 0.151962421700901 0.00319082596426428
0.0122923786352903 0.0771186498371587 0.211467594712645 0.208730029775844 0.188106584255481 0.154856344459137 0.0797793891634062 0.0676490291610371
0.0513227697253697 0.0950521222959353 0.219655863076058 0.218523065459727 0.0260956531359506 0.0733025678981289 0.067285311641053 0.248762646767777
0.1521561532277 0.0784535947703524 0.0797466273511842 0.0781166784106223 0.282628709273053 0.147869549953518 0.0931706526444525 0.0878580343691178
0.0606452146119715 0.159345127472861 0.11417595965546 0.214003337132219 0.0967044629874297 0.000273554372840735 0.171257385528745 0.183594958238473
0.298816223189089 0.00405070813041518 0.0204982751838236 0.183747872036157 0.0656481991510396 0.0721161653263225 0.160615798664498 0.194506758318655
0.20972661844671 0.219564540449871 0.0535355190505425 0.0929117621308905 0.0323666444691132 0.128219040468197 0.0607404924737922 0.202935382510883
0.263349436297029 0.148675025905331 0.133871905112066 0.0198125545315741 0.0257647340583985 0.168270358904295 0.211677750722415 0.0285782344688906
0.125816054585379 0.00112551814498861 0.0406909402977934 0.155819616789903 0.21206117960434 0.296239491310809 0.0487143897040281 0.119532809562759
0.00461550329621401 0.182787243854725 0.138706229401788 0.141298614317408 0.207533904643006 0.211829331202762 0.0999363751776823 0.0132927981064161
0.218341872713288 0.142322492867448 0.132092247420063 0.11032289094636 0.123531544539671 0.0582055405102783 0.16142569346154 0.0537577175413516
0.0336940350383334 0.229312620816169 0.000221032716620247 0.194056406427264 0.149063173651944 0.179315249524051 0.118815215774836 0.0955222660507826
0.205420088808985 0.0153650661773584 0.210011190118685 0.122619189886542 0.00162239255442964 0.166119333848568 0.0956930075197498 0.183149731085682
0.0456699927823033 0.167306235463906 0.0131015537529429 0.103940390044509 0.237404050054405 0.205647591016982 0.0943290363046443 0.132601150580308
0.0329317562006346 0.140495106733473 0.0209003351436507 0.151175397529818 0.197821073476137 0.176445452852259 0.0925437273463394 0.187687150717688
0.311776810572631 0.04417861201013 0.115140817382771 0.029420560977421 0.281762841042016 0.0891445502618552 0.0633930526443387 0.0651827551088367
0.228324123567764 0.154776560535841 0.0349255222750053 0.0954629322394832 0.121550288882692 0.0131858709716884 0.211107811703064 0.140666889824463
0.140503871743966 0.0574851325542768 0.097827535436985 0.161586597437079 0.18101482710149 0.117892960724528 0.0651902525863384 0.178498822415337
0.0927264090870708 0.173001831372804 0.180909011931085 0.101007696788395 0.130386822916453 0.211766959735606 0.0553734491513751 0.0548278190172121
0.0366788284734485 0.178741898909957 0.11702294873499 0.14672688233085 0.0587206042363048 0.133512332856023 0.201460224088055 0.127136280370372
0.0595376411829359 0.172579854138459 0.18225472018126 0.0152860842980912 0.14567453995648 0.127568519034465 0.122127267827904 0.174971373380405
0.125435526500318 0.110531546821527 0.138201156670412 0.0951515731566682 0.145450539678435 0.0880473305856396 0.0320978255095931 0.265084501077407
0.0861840322684091 0.308198599858714 0.0259912936171759 0.173143487423653 0.0948563309516221 0.0176831516900648 0.11006215111211 0.18388095307825
0.290595150087022 0.138495593801871 0.110196939497743 0.104682828188302 0.0864564902831978 0.218562655769855 0.0206213025392677 0.0303890398327413
0.218702047962245 0.182733740342706 0.0432956128767633 0.129603900497881 0.125945671485701 0.0359068726868258 0.208053686793824 0.0557584673540541
0.146232165158155 0.147375949166764 0.0920207647257301 0.133781702024299 0.165365780496823 0.0095153999244751 0.184896983421431 0.120811255082322
0.0756932135914539 0.110582334423895 0.153166059941748 0.172928836380429 0.153303530170859 0.091832777284014 0.0915247360291826 0.150968512178419
0.0273800845742299 0.238255555136477 0.147587846132952 0.0138759615732875 0.104174408971054 0.114663395354985 0.315898000551053 0.0381647477059614
0.196996106316427 0.0966709457633846 0.12717892586482 0.158531191651374 0.0888170101813846 0.0489100507750658 0.145271478494005 0.137624290953538
0.126051904095639 0.19482664104713 0.148022058702939 0.202024313730879 0.0650904513957167 0.0433641291334757 0.091191235701733 0.129429266192488
0.0121004261828892 0.322878415691823 0.163954421507662 0.165822162077554 0.176352587406549 0.000512461139591315 0.157625061684148 0.000754464309782388
0.138677329676137 0.0717878273816309 0.14679153350065 0.0551952132306633 0.207832467923578 0.137826260930303 0.123075601427437 0.1188137659296
0.116744038892554 0.232106018417275 0.126668808887199 0.0946765545334439 0.104778905601256 0.0602329253266714 0.103283454181326 0.161509294160275
0.164403851682883 0.0227073406609035 0.00757299062284082 0.181624408737339 0.058493819955865 0.181273328867224 0.290057465379889 0.0938667940930564
0.152902832088087 0.163179967032767 0.140848186674701 0.0623735606740764 0.248989041275769 0.0739134614997319 0.0170863384196029 0.140706612335265
0.0822360073101771 0.0365588050892711 0.00939951232025123 0.258525605451486 0.190354282140863 0.124296565455721 0.251945133380746 0.0466840888514845
0.0338151722150491 0.052874112924888 0.100998311692116 0.156908887415645 0.0585551326488962 0.213955251709441 0.297377964346912 0.0855151670470529
0.0901670291916279 0.140663998113483 0.0753770632764718 0.153435017955338 0.0928907517672326 0.139311754264809 0.128340998828852 0.179813386602187
0.181499922885986 0.311865381834909 0.0122917511368367 0.0488601757618983 0.134826194757931 0.111681626344883 0.16957022208948 0.0294047251880752
0.061937075168351 0.169402068514354 0.160794689278593 0.181021380649149 0.125370468334866 0.169660102770459 0.128817605122516 0.00299661016171132
0.0896675990400513 0.147378423064597 0.12500554361311 0.0275343437453179 0.192855451677375 0.156628080623707 0.192712947034749 0.068217611201093
0.0279668300628016 0.0434650016491794 0.209135702362731 0.193761800231817 0.103097345789658 0.223926791452393 0.0252558877392416 0.173390640712178
0.0191304719938181 0.134123910067944 0.186031385261414 0.189385723395017 0.0763811210094009 0.111809570341761 0.15663760417082 0.126500213759824
0.210326842050115 0.0462993249740898 0.17790411270749 0.120232279523272 0.212818739878807 0.0931818646508749 0.027843407663721 0.11139342855163
0.0800747575289603 0.124078468326781 0.335492120697582 0.17956656810056 0.0746693570450715 0.021229376666114 0.0267959403197564 0.158093411315174
0.132360207148064 0.14495284066436 0.133317226457 0.19617005911621 0.0373148202518911 0.120533591810676 0.0751926930106635 0.160158561541136
0.35228138311103 0.103560525071982 0.0505218787900317 0.114714851048671 0.0804196763617674 0.0310854196775739 0.258470431729366 0.00894583420957922
0.00932609692963537 0.205839046610823 0.201493746217319 0.197023146926061 0.171844902830351 0.164977541194543 0.00792770854122004 0.0415678107500474
0.133127484865526 0.205942083960404 0.016355865569303 0.178676350862404 0.197671387755279 0.0862463365588653 0.157870462496291 0.0241100279319286
0.128003205401131 0.0644444916605947 0.212546107000402 0.0279395891126263 0.0176148706942795 0.0950800110670828 0.211342038798533 0.243029686265351
0.24698022081851 0.0511297996701551 0.0847087871389245 0.0103967163913974 0.255127985438777 0.0503455782161896 0.0356345653528438 0.265676346973203
0.139754897154462 0.195508058187684 0.00316899455762907 0.0551370405902024 0.109818901706572 0.237532796632103 0.173105932231969 0.0859733789393777
0.088993409191704 0.198949303072103 0.0342338936205998 0.0844417023712388 0.231816639726152 0.105049840195474 0.193409192519338 0.063106019303391
0.0381217590340561 0.178329702891418 0.167819290448941 0.131847346309349 0.191933483047253 0.148968572760402 0.0695528751353326 0.0734269703732491
0.210156091355729 0.125958867639085 0.0301262664232267 0.17747665068514 0.0892365134961125 0.13657074313435 0.041490090065604 0.188984777200753
0.12247057801166 0.106638130280129 0.235345738697383 0.0216832705314566 0.0640904674947931 0.0624369209232506 0.151536447307447 0.23579844675388
0.163156478521735 0.0648408778286375 0.0222064753813646 0.302924676054014 0.0140655383788582 0.129172245218668 0.137133639741505 0.166500068875218
0.0944824363375361 0.133666729977259 0.133894772061556 0.011342579525093 0.171496465157893 0.0252165753811392 0.202953553484708 0.226946888074815
0.0377405868984986 0.196508233402758 0.0842981268117026 0.181882942393887 0.165793300056363 0.0763678709798362 0.187059284519527 0.0703496549374274
0.115969559226207 0.148252496305081 0.150214898313957 0.20583829091355 0.141349378669433 0.179132788593874 0.00193445606417006 0.0573081319137271
0.268544751848732 0.120092691247117 0.0665116726128867 0.267580209381123 0.0421588279107693 0.202334195364614 0.0156887284880916 0.0170889231466664
0.183329367749749 0.212964301658453 0.013067077765512 0.0312465034032426 0.0912771523410629 0.177703982766937 0.0419553012061557 0.248456313108887
0.144570910671741 0.165306246281863 0.066200775931445 0.131211239046037 0.0890456041398673 0.154979250635739 0.158134105105527 0.0905518681877814
0.0558488635890963 0.163710388391286 0.0823746644840504 0.213333744183745 0.0194286301863867 0.248890277301781 0.165913396891446 0.0505000349722085
0.151168442258866 0.0331571987384412 0.11713739104826 0.188194350377184 0.117322369544029 0.0793923462213946 0.164025064995202 0.149602836816623
0.12500793844378 0.180148739629937 0.100504062770273 0.0483323381368306 0.18311160253934 0.146285658229405 0.0399885994992548 0.176621060751179
0.210054658487498 0.165238299451642 0.0912086459477233 0.0472540374685427 0.20833053213173 0.129581288569038 0.128009978419461 0.0203225595243652
0.0495582958032293 0.0620298117240824 0.249373153948158 0.237661506925431 0.00490493370709482 0.143648700600982 0.0933507407880356 0.159472856502987
0.191852882270986 0.0811049304811046 0.189808328772307 0.0275782087498631 0.0195077197605638 0.0804378753237598 0.200379798985629 0.209330255655786
0.00940524054080846 0.0760849121707072 0.202312014141197 0.207721419510572 0.174873438999007 0.202823624770839 0.0989725037981855 0.0278068460686833
0.33041911678162 0.061827743826849 0.0619174136536753 0.146569126805104 0.174896125462114 0.0281449838258165 0.0570299922410975 0.139195497403725
0.25716589893061 0.028365361736604 0.223699335457708 0.0918880269197854 0.0542777559609026 0.0495628625684963 0.116936164411049 0.178104594014844
0.00283543129113455 0.297755278045362 0.164335890665306 0.177351196687324 0.0929005014029575 0.170811654929056 0.00820701201919963 0.0858030349596599
0.0211689214228291 0.073624182104863 0.0911540660133528 0.0826841282757229 0.243750055683668 0.225151675660215 0.219851713441379 0.0426152573979704
0.0575466267022641 0.0262931139865784 0.158858560236353 0.250573823719841 0.012272264949413 0.105126435060412 0.384023944662526 0.0053052306826115
0.166776945194504 0.0485647205563399 0.103692597839287 0.0995166535159139 0.100259759541891 0.183458047205479 0.120895458664466 0.176835817482118
0.0458294053138858 0.0391075485866369 0.0178831829288021 0.194232608969721 0.202327382626925 0.097677651401062 0.230783970801652 0.172158249371315
0.111867542582092 0.202897381745384 0.21408474471409 0.0501988548844707 0.11593092426658 0.112062545747618 0.0678781980929061 0.125079807966859
0.147063595334299 0.086030264673443 0.111384764726511 0.316156508403856 0.026017186831604 0.00149096738247913 0.292616391279209 0.0192403213685983
0.0728205041323603 0.0697343002626505 0.0812075537435262 0.166092798687393 0.114916698017043 0.143155530148675 0.177088733544387 0.174983881463964
0.262801324323041 0.132958755733327 0.193780326662599 0.113461154435125 0.142325397380424 0.101557353416135 0.0331630715992838 0.019952616450064
0.0667812665227811 0.10774111245027 0.0541714135058179 0.0214060588575299 0.0797199817838644 0.181238900324602 0.256569114937425 0.23237215161771
0.210084530890004 0.0794987316693644 0.212608293220977 0.139358054427581 0.0165197263042813 0.22036807033615 0.101879588095192 0.0196830050564499
0.119402570244154 0.166016050570909 0.169754501061309 0.0925675604134456 0.124139257730685 0.0328975446338876 0.1529052009642 0.14231731438141
0.1829921699423 0.000120268572675816 0.251435659664127 0.0242791465553912 0.17242460867794 0.0118397146448404 0.304644549494306 0.0522638824484202
0.184777339648496 0.205843661657871 0.0395096979083743 0.0872320623230206 0.0317984857216737 0.111273463546873 0.165707029280384 0.173858259913308
0.263227997009516 0.284087353619737 0.19319358076144 0.0160863538522978 0.022522793510846 0.0690671811316428 0.117660643346529 0.0341540967679922
0.115771658684885 0.280494129933665 0.0615513628606799 0.118906607797611 0.0627246905695166 0.0418725731347106 0.0532504370484559 0.265428539970476
0.17553569090445 0.111654644916672 0.136216124526722 0.199606364553142 0.0738664351408445 0.16984613575047 0.0293855490019056 0.103889055205794
0.156190231833361 0.179929447850897 0.0358181679741055 0.124542712855212 0.0891428471747459 0.105008808202791 0.208965815328476 0.100401968780411
0.077928047761049 0.282325109396351 0.0846352163225967 0.183479421201027 0.144549304384578 0.0765998808291235 0.132357485305437 0.0181255347998378
0.130385754873426 0.0672812494827403 0.13066644749233 0.063326432807795 0.20082333489637 0.000426930780433708 0.198720784772984 0.20836906489392
0.0946463197441392 0.0519245903600596 0.156846883317148 0.192242580758934 0.122480215452559 0.119368501982582 0.193282584865666 0.0692083235189117
0.119942362343865 0.147120183355732 0.0797278238279569 0.271189777667228 0.104223253552206 0.062451888097368 0.10388466320523 0.111460047950414
0.0621406092178943 0.110491736228554 0.2134710881653 0.0198172025509306 0.0770760223153686 0.0559178983486968 0.163837708171934 0.297247735001321
0.0645584716982621 0.189264402360726 0.0864357272826462 0.0589106957605372 0.108370486779708 0.143587412737498 0.160477046485747 0.188395756894876
0.0925717966577229 0.198829888024732 0.0684999801143388 0.208387218206119 0.0793802055167189 0.193699108776757 0.146144230285531 0.0124875724180801
0.0875830742179504 0.19228488470763 0.195835780704052 0.00164129711015789 0.341070734634493 0.131265279660795 0.0181176725671183 0.0322012763978031
0.042554513951645 0.198619714609242 0.0702659505208716 0.07549462545302 0.0958764580954229 0.221714297519358 0.203998934560638 0.0914755052898027
0.111249052639241 0.0619650815446383 0.0795332697333406 0.237787161133629 0.110508386044739 0.0541951900612263 0.236429539352791 0.108332319490395
0.0392815394616622 0.0734583845374894 0.119357273838168 0.0311232402764383 0.0803540078522209 0.169499364285825 0.209864845748702 0.277061343999495
0.0318657829112288 0.218242002866184 0.0451897658283034 0.22283671969563 0.0564159878574268 0.126519863477142 0.251160998932337 0.0477688784317484
0.0297685765947806 0.167854836402661 0.0909564050758183 0.208671660665947 0.0438449264062934 0.177393250531875 0.0769005768233997 0.204609767499225
0.048966219982664 0.103009401352935 0.248486255008127 0.163172379452537 0.187473638171287 0.153915286573132 0.0220670149249719 0.0729098045343469
0.049585230183276 0.258533633631557 0.17358490115721 0.151288653671229 0.000502038960280322 0.0893952918784529 0.199745635417274 0.0773646151007203
0.1328574089346 0.189981409520352 0.0174231549536004 0.116765306695736 0.197663484688726 0.0230616100837511 0.212108940685907 0.110138684437329
0.137307635799572 0.129699006431189 0.0430325508271319 0.141968904732326 0.0753223684264924 0.189343551729318 0.0835162461602639 0.199809735893706
0.312851393884016 0.235451091475815 0.155982982463066 0.0251055763157004 0.0506614664168067 0.0873073501433545 0.0547029834282566 0.0779371558729848
0.0424488295384117 0.15492477124025 0.186176549116313 0.207378350407232 0.115886369204199 0.100925087901178 0.144714809668261 0.0475452329241548
0.197190739837143 0.157874401723106 0.131554507913194 0.217253191018481 0.0829483093274845 0.0196109180005762 0.0724754944048325 0.121092437775182
0.133273542170135 0.258928098429794 0.114352050980973 0.0101810925814574 0.0539707724110079 0.143173369234938 0.252425174621713 0.0336958995699814
0.211310787060362 0.105659816528392 0.0143367574731684 0.210011030967705 0.0490137547666784 0.159668980168208 0.0863399594052452 0.16365891363024
0.0555504756494429 0.0955663282475396 0.142357006520417 0.0931106532189901 0.101041496665543 0.218125147774935 0.150668377720183 0.143580514202949
0.111798684057545 0.144370981364005 0.13929503128783 0.112600874170938 0.17178318831046 0.023524451778557 0.171332832667906 0.125293956362759
0.155340461955718 0.174912823562665 0.151067766736324 0.0574602522626102 0.205783981086138 0.0318342880607627 0.15942588491217 0.0641745414236106
0.19715317163075 0.211957556257638 0.00720098898212168 0.0561209275966215 0.00556310289167652 0.253148298813724 0.0961625782296327 0.172693375597835
0.181378213832738 0.155839526341442 0.100785786004047 0.216436761095799 0.0644090896271542 0.0907722115518965 0.146371949801 0.0440064617459219
0.0826001949841321 0.144035386922773 0.0220298551042497 0.0333844765095612 0.217201301764096 0.251375408702312 0.0449941616276729 0.204379214385203
0.146081651915682 0.00587783547822245 0.0359831913849845 0.141932318213719 0.236178631862174 0.12949542442875 0.257395495481239 0.0470554512352287
0.135135602174811 0.138279339898497 0.122475933897675 0.161120337426167 0.0581697585625557 0.191108434187693 0.100405628968587 0.0933049648840139
0.158088919411317 0.202266306866834 0.108306979964775 0.0918116591520296 0.095586379807498 0.0765898482898251 0.158982258998509 0.108367647509213
0.0448531946802758 0.243201033710192 0.200415415522777 0.180500670809994 0.106089991740007 0.0224252123406491 0.0265147901613875 0.175999691034717
0.119056244759766 0.0659623233150293 0.2391975959011 0.141593384426791 0.0383830061750713 0.203191382502491 0.0920645649321141 0.100551497987638
0.153131092740508 0.104436638475599 0.161345385888884 0.0795614988792117 0.16221496970393 0.0375580290930379 0.234558354419822 0.067194030799007
0.00116169613890095 0.200308303098037 0.196260783804945 0.129193754050219 0.118482362109982 0.0827688088279079 0.222082917388881 0.0497413745811269
0.0506187984939166 0.181760619496655 0.152497376428341 0.166792853260062 0.0576905242521182 0.210331494372742 0.0117964501938956 0.168511883502269
0.0538278221259151 0.209871862657817 0.0800597209113664 0.15843772184628 0.0117660510097107 0.278908248045392 0.034641317427118 0.172487255976401
0.221905908966447 0.242406536949721 0.107545811944359 0.11835615437997 0.11085421172799 0.0298512044209715 0.134206293832169 0.0348738777783719
0.169851581993024 0.0121947814820818 0.0585470022581992 0.221823543858851 0.14156495771081 0.141625579891043 0.2166693222114 0.03772323059459
0.268691157847493 0.0185911888147482 0.102573377544552 0.00785502617719482 0.265903301991519 0.118514616488669 0.181293486857655 0.0365778442781697
0.165703328341368 0.0254157837401096 0.156129440517671 0.132097179694463 0.160097797866051 0.173774374918523 0.112466368103854 0.0743157268179608
0.179612160617461 0.00106801122687186 0.180862187842379 0.00416732803615434 0.129262589207825 0.222725323246732 0.146606307980489 0.135696091842087
0.288099520624509 0.215035126313336 0.064598699949791 0.00196245015535858 0.142729495800452 0.178349421065878 0.0666012535637127 0.0426240325269626
0.199672703481239 0.0129996036754078 0.0492734127596231 0.00256655940427119 0.173875443991072 0.261292695246246 0.0595022296508388 0.240817351791303
0.133203864672975 0.183500499149187 0.168051509506563 0.00607531082275975 0.0795650394528568 0.108644716471116 0.152499800661715 0.168459259262827
0.0264294060793922 0.0956012994136184 0.147518950765794 0.183695886547627 0.160601518014839 0.130144870118823 0.0582394402351411 0.197768628824766
