0.287028771917527 0.0284547253179491 0.25138425627524 0.391319550066033 0.0418126964232499
0.366700563621539 0.210970873675488 0.238218949979249 0.0238441119641983 0.160265500759526
0.126949005510159 0.229119738678199 0.124626640590519 0.251631136129849 0.267673479091274
0.199958433954696 0.27940948788549 0.226182448574676 0.13058406362031 0.163865565964828
0.189155466332446 0.187871698302278 0.178743324734635 0.209434626493366 0.234794884137274
0.105042540576629 0.186074077528831 0.171288150865152 0.282148011879188 0.2554472191502
0.115437032545374 0.181931727839607 0.191608527461798 0.216987808235236 0.294034903917985
0.0722786100714806 0.180923892287366 0.424111531717746 0.0633782044947763 0.259307761428631
0.0965992975648116 0.32785507385019 0.183950226256352 0.119093150698655 0.272502251629991
0.139181915956478 0.185722792877533 0.206904542448173 0.218956953255742 0.249233795462075
0.239287015421755 0.273439313031286 0.156878249490589 0.135636353376098 0.194759068680272
0.0958573120261772 0.225362856476482 0.0322553263367133 0.254860784892783 0.391663720267844
0.271296580062838 0.230348034208752 0.243597849831446 0.167915666672249 0.0868418692247141
0.203772887197502 0.0998041789632522 0.18195336793518 0.329263562343083 0.185206003560983
0.263572278607739 0.221081313773115 0.206996107927504 0.1019668794586 0.206383420233041
0.506899083987542 0.0474993219518095 0.0769562204764817 0.300404268492366 0.0682411050918003
0.380414429388909 0.198484590174193 0.12294608060267 0.0646784442204236 0.233476455613804
0.299915125808248 0.262973530811706 0.142292099397834 0.183820067289276 0.110999176692935
0.0318518634360012 0.233369607262176 0.260693408511361 0.0910654314383996 0.383019689352062
0.239132041451863 0.153183234566038 0.139002990174577 0.209771597450258 0.258910136357264
0.256998697787177 0.254762915930253 0.0636834220868896 0.218168888677575 0.206386075518106
0.301454776513025 0.279068289119778 0.15662251033599 0.139497945193572 0.123356478837635
0.314546405926477 0.0352089576008123 0.190586208510945 0.174312518700509 0.285345909261257
0.30875056686302 0.102217882264328 0.00679419207490176 0.114593220632661 0.46764413816509
0.0483682329343575 0.259722231800322 0.108371802203937 0.363313527359678 0.220224205701705
0.161990145343013 0.116233342346081 0.262113755846308 0.292096369099136 0.167566387365461
0.118216514873974 0.324281917425802 0.0982533381294286 0.310895053906566 0.14835317566423
0.292428154923692 0.25780127460315 0.326206599470346 0.0901182921499091 0.0334456788529026
0.455726984207423 0.310407149370346 0.184745967624003 0.0412679190317764 0.00785197976645184
0.210788189398927 0.235877636602744 0.185843805494151 0.146057795479039 0.221432573025138
0.160618714172392 0.299271243665957 0.0230266343571556 0.261934001361452 0.255149406443043
0.0440445050266022 0.290061352778374 0.174364246660362 0.17572311393169 0.315806781602971
0.184247043478288 0.251284466697649 0.0740535201588489 0.0806632448577531 0.409751724807461
0.186550518678694 0.304581222763573 0.0520391152141149 0.256838800606816 0.199990342736802
0.24522063736631 0.246161153760581 0.167727158996837 0.202604199234144 0.138286850642127
0.153119399753416 0.366061795638432 0.0934127005997259 0.379241041311754 0.00816506269667099
0.062689802225645 0.308089846948176 0.239304111004901 0.188304416574671 0.201611823246608
0.0267233354128958 0.296337897670916 0.224682347997647 0.322020579533533 0.130235839385008
0.00222035255927479 0.203086419704546 0.187906992218468 0.275704184432429 0.331082051085283
0.19882756601399 0.113440167927642 0.232822618671112 0.242717224754513 0.212192422632743
0.298478287252951 0.260132652690758 0.155210605913542 0.19187949902932 0.0942989551134296
0.137591784291172 0.040962681280267 0.102266430650322 0.364516850363134 0.354662253415105
0.100889386245731 0.0247502032536521 0.323033685589656 0.24109018164499 0.310236543265971
0.0718921056439303 0.286577717955057 0.280885807658034 0.074234870203548 0.286409498539431
0.151866712644681 0.145704248459971 0.385702394037229 0.316309377521761 0.000417267336358176
0.0370691607878474 0.24953792653906 0.309660961925293 0.145646536265527 0.258085414482273
0.0394036235649284 0.25363118421074 0.294848372532734 0.285181882249481 0.126934937442117
0.118982994341608 0.447573959085698 0.177928617290548 0.217507515111721 0.0380069141704258
0.294791343162319 0.224673696039217 0.390528795207333 0.0403268803753479 0.0496792852157829
0.0974354309336455 0.00946058431227147 0.36981703964935 0.252253672075464 0.271033273029269
0.239532984144913 0.357446814912746 0.0113299586527745 0.30306577482301 0.0886244674665569
0.271845245393399 0.223521192353948 0.258816537950122 0.0582913924606749 0.187525631841855
0.151683831440372 0.236522604762045 0.117773605961495 0.230866251912031 0.263153705924057
0.251494552289303 0.242480290576282 0.180271980373527 0.211701095908833 0.114052080852055
0.0631568057125231 0.327690229765818 0.217390945027806 0.368618467368661 0.0231435521251914
0.0572044802581434 0.330967225748434 0.143738418898601 0.358423523946027 0.109666351148794
0.310447293597288 0.34055936147739 0.21129078359841 0.103741841742508 0.0339607195844044
0.353228718046932 0.368000163772868 0.0609157342385762 0.0863690625306815 0.131486321410942
0.244760238685913 0.0177752974129126 0.269218464395593 0.204024213188882 0.264221786316699
0.416119327850724 0.241563341925458 0.19215759535879 0.144191397812307 0.00596833705272121
0.275891015897601 0.276593732008244 0.105832671251467 0.218772927344352 0.122909653498336
0.0465748397759607 0.280435610068737 0.187640657342907 0.20558106364104 0.279767829171355
0.164267042244002 0.0599703085371851 0.130923943860423 0.486277418879938 0.158561286478452
0.0842159551096542 0.215044337347829 0.226184941727046 0.245754499216427 0.228800266599044
0.274813498313354 0.302109527122158 0.199692224592908 0.19483081892599 0.0285539310455903
0.210979638549535 0.0904502625863147 0.418575126365249 0.0303656284013123 0.249629344097589
0.13179980961965 0.131965658333345 0.193728825523794 0.288738160549195 0.253767545974016
0.331602328852022 0.18411133444703 0.0273970757167697 0.269471688461844 0.187417572522334
0.0339745982334383 0.126952136043536 0.0635482276014499 0.529803009421286 0.24572202870029
0.378206698789065 0.0837034806401016 0.131619155051988 0.194279951622174 0.212190713896671
0.308454562704437 0.138131429022341 0.25215500360449 0.0926662104891556 0.208592794179576
0.0990518817607152 0.0584021889983782 0.238810032247569 0.113932335488648 0.489803561504689
0.196561347233891 0.207897045425933 0.273136620584294 0.0966074924728528 0.225797494283029
0.167912605923917 0.332144553075614 0.110982438421389 0.0571264818834393 0.331833920695641
0.151221930050668 0.105541061069466 0.256792513379615 0.346403055350412 0.140041440149839
0.294832027428574 0.117087614027811 0.0224595301683672 0.279411908084193 0.286208920291055
0.257841543834928 0.41604714049618 0.168021874490872 0.0687541174030213 0.0893353237749983
0.216975814952993 0.18711140416755 0.121505413140536 0.239555862003178 0.234851505735743
0.0383209008417984 0.047386857744921 0.273455493939443 0.383317181283265 0.257519566190572
0.241622515513654 0.112622976920288 0.238109784505235 0.208354747198629 0.199289975862194
0.382082087805555 0.055499623004493 0.230188980581844 0.198389967354011 0.133839341254097
0.136346654224044 0.255946671879684 0.277035937846231 0.277872804744524 0.0527979313055164
0.0726955207588415 0.13448282653319 0.0666651174717904 0.378063796138704 0.348092739097474
0.0287834544739526 0.218992728252477 0.0549401651819401 0.277337381410708 0.419946270680923
0.0320138914109986 0.111344202529423 0.439977495261651 0.313574785830609 0.103089624967318
0.178485763824196 0.340165427069006 0.0287600717559156 0.264567685011402 0.18802105233948
0.313587157610028 0.18384174380266 0.129046087315611 0.182747302545915 0.190777708725786
0.133473553615042 0.344742433540162 0.161902294745295 0.152264057021792 0.207617661077709
0.225663178943487 0.307648206656531 0.0419920378672249 0.186435659501258 0.2382609170315
0.190916456296069 0.278868891847869 0.241970654512241 0.130534126023157 0.157709871320665
0.111949374714637 0.319784895606301 0.0417669816857508 0.300662620590584 0.225836127402727
0.0474910433674302 0.171187886170442 0.256241931927008 0.0695019871747742 0.455577151360345
0.4099001362554 0.00027295702692045 0.0302272156241267 0.51096004127338 0.0486396498201734
0.320398720398886 0.183361202483535 0.110119724893478 0.0870647056230738 0.299055646601028
0.381009359150158 0.0211689487633867 0.111464357442979 0.1340174067883 0.352339927855177
0.258378220908917 0.290966458998217 0.0939406120388467 0.159307296623818 0.197407411430201
0.287487590960295 0.10643556394636 0.203725563076227 0.255623460610903 0.146727821406215
0.0578139647150547 0.300646236600615 0.247265886425892 0.292904016335093 0.101369895923345
0.13540579495925 0.50040854468203 0.0607031080014477 0.280887609756196 0.0225949426010767
0.0232546041862227 0.0984206395382825 0.252227612903447 0.272796938652257 0.353300204719791
0.0679406437179407 0.151990650917505 0.218448320020878 0.277939077297754 0.283681308045922
0.0961077093956037 0.378909475822442 0.168011202658631 0.229404950676648 0.127566661446675
0.249184048840053 0.166471613555372 0.0755858993121632 0.330648405750325 0.178110032542087
0.0398177555857228 0.170481775095137 0.393905668978239 0.391702694830743 0.00409210551015836
0.262256706419342 0.225154752300103 0.0815827042129807 0.343430471375321 0.087575365692254
0.141538085128311 0.319325336027006 0.0415525775555061 0.130997820942001 0.366586180347176
0.316173038912152 0.254074496392758 0.00239409090610129 0.112185360155333 0.315173013633657
0.0756264934740636 0.331694866175488 0.0611599318819283 0.294961940333812 0.236556768134708
0.246952354419851 0.108543838774446 0.242054647584562 0.239989127117675 0.162460032103466
0.237900998047182 0.254724778712992 0.18878797926553 0.0234010729554626 0.295185171018833
0.203536187555946 0.141370413532193 0.21766204028359 0.253847443143771 0.1835839154845
0.0554351519375107 0.262817280287504 0.0448276150131229 0.381322755085392 0.255597197676471
0.278714097095483 0.292755076964253 0.171223836330561 0.238386203954851 0.018920785654852
0.151316124264377 0.181793030461806 0.342662294587025 0.295854567386008 0.0283739833007841
0.123553895529863 0.196399686152569 0.186952551809493 0.246851463489568 0.246242403018507
0.121083703684623 0.278278266479501 0.128215414054108 0.370157279459973 0.102265336321795
0.282241813418426 0.172975302602018 0.126284371317402 0.0767057864238555 0.341792726238299
0.201337917383167 0.135227873605829 0.282248679161123 0.113833510887969 0.267352018961913
0.339629749811697 0.213290394893484 0.228741017656473 0.105855810359494 0.112483027278852
0.0808270067117304 0.304588667543882 0.161987824279373 0.187282625573419 0.265313875891596
0.220897817719661 0.173069565080555 0.281106512146515 0.266107265364723 0.0588188396885453
0.0401508516353636 0.217357467900024 0.25291143157504 0.215400823638283 0.274179425251289
0.101668220499258 0.224409430508802 0.22635764979247 0.257903731343816 0.189660967855655
0.108620603689275 0.0787660926364719 0.351422186118435 0.277040030762086 0.184151086793732
0.0719004736357145 0.327518564722912 0.275290670482282 0.00455121205810058 0.320739079100991
0.335418717963127 0.192764173186136 0.0818498101571817 0.139257787805227 0.250709510888329
0.0518597124697541 0.216636545497841 0.414131270851275 0.220354324280886 0.0970181469002439
0.0175276575853062 0.320950951168091 0.206911154190949 0.133152330652907 0.321457906402746
0.0390014734725526 0.431530589576107 0.0830489446158174 0.34901394765666 0.097405044678863
0.00692290271531861 0.166173598621822 0.132089961885395 0.375082735437101 0.319730801340363
0.0649721254887517 0.296659252264188 0.251489688495621 0.276351467360548 0.11052746639089
0.317030220019678 0.100616269689257 0.264034497782937 0.288225534197452 0.0300934783106768
0.217009145474418 0.187026934829407 0.263764884785932 0.234285353330542 0.0979136815797022
0.240883459938574 0.279375095649698 0.0596543577228449 0.181244827286045 0.238842259402838
0.380170722884701 0.300708378576033 0.072074543306354 0.150819948273917 0.0962264069589952
0.265447475634537 0.268340199700877 0.0874601004170128 0.346371109748371 0.0323811144992018
0.079219865461922 0.352839893567652 0.174827494670836 0.284744798690765 0.108367947608824
0.106960233550114 0.248295502701963 0.0348087806534923 0.246804090914495 0.363131392179936
0.125327369416319 0.346644689908825 0.212576099291291 0.145265349872187 0.170186491511378
0.248961299394758 0.2982035830849 0.129786527864965 0.0297139614707079 0.293334628184669
0.00166211229930191 0.107646203798169 0.312578976274697 0.249677606191134 0.328435101436698
0.192156434062247 0.183985697838845 0.124853810749234 0.221752034636548 0.277252022713126
0.0300071676149798 0.218205652634835 0.244096592490778 0.192064662877381 0.315625924382026
0.204220546566965 0.215942767189268 0.0712934904869696 0.239328708159378 0.269214487597419
0.335183086279304 0.412512339271667 0.0212917052400775 0.110351858091434 0.120661011117517
0.228792201889329 0.168389017665942 0.15293855450373 0.264986350610242 0.184893875330759
0.303689493655487 0.248692416085894 0.122684036136199 0.283651741160745 0.0412823129616756
0.313539895221582 0.176165727493706 0.376270175902796 0.0172780300268116 0.116746171355105
0.294813428559822 0.0603610011257207 0.139794044452963 0.268863160936243 0.236168364925251
0.25877202816153 0.148017018289833 0.113040555684625 0.172293680909799 0.307876716954213
0.183515929326669 0.316123976290339 0.179329683762803 0.256503179825929 0.0645272307942597
0.126491949361242 0.355506755732352 0.243692541078194 0.0283672285680724 0.245941525260141
0.306907978203082 0.189713702620971 0.121434107834484 0.349443784605434 0.0325004267360297
0.285400593978952 0.244534038808931 0.312802081470342 0.150974367945174 0.00628891779660098
0.191793223963479 0.227505688422084 0.223571993867606 0.136147246248834 0.220981847497998
0.181916308604867 0.337195229773093 0.346394018561969 0.0432058652089658 0.0912885778511052
0.104573143048566 0.191201094574852 0.257495106775509 0.154076101923151 0.292654553677923
0.135709991831095 0.226854038716364 0.13573324763336 0.364167334291845 0.137535387527336
0.232963253055607 0.0980411078199343 0.323797798805796 0.314686375845834 0.0305114644728293
0.179145119707815 0.282935438990815 0.0757647189560148 0.206605923350607 0.255548798994749
0.213471625891479 0.113474529199435 0.233120806840603 0.004048103824892 0.435884934243591
0.0991754962375939 0.18974325523233 0.456185176831697 0.113869178792939 0.141026892905441
0.196454286793307 0.147058243721553 0.224330009268536 0.171698754679051 0.260458705537554
0.508997979648915 0.215261813636196 0.0880678677079735 0.0456813141316994 0.141991024875216
0.167211515767724 0.0964001121389341 0.226275229611411 0.194768258116091 0.31534488436584
0.279232478538243 0.12294514599143 0.346416304186417 0.215568533307699 0.0358375379762113
0.259773604190718 0.284115341142622 0.204748169500989 0.093572937948054 0.157789947217617
0.250461008352866 0.00154019337437692 0.275254935852192 0.215972490194467 0.256771372226098
0.145783500831 0.258751722393471 0.2341183230425 0.0814421650940961 0.279904288638934
0.294414152501012 0.0967878635054727 0.398129807777529 0.0295888430369153 0.181079333179071
0.141141377452576 0.370460195036214 0.116801121217383 0.158865345806377 0.21273196048745
0.154917895809223 0.164576184567954 0.0351612786440508 0.394704103247295 0.250640537731477
0.27113866124529 0.254709100912273 0.270277862314746 0.201529403203403 0.00234497232428767
0.105958545701108 0.230700303002578 0.256615136460472 0.366254992943886 0.0404710218919558
0.20041372490536 0.174984269217201 0.187427838027215 0.208473502694865 0.228700665155359
0.386071305565423 0.169818569949142 0.277177217063957 0.0314544022444074 0.135478505177072
0.042327310611024 0.246805789211882 0.341688336654483 0.325895498840445 0.0432830646821663
0.126852158102757 0.0672118728567783 0.227709244404597 0.308606569761029 0.269620154874839
0.0056116711348595 0.341797703753396 0.364048184056098 0.000615519064916018 0.287926921990731
0.342476901699396 0.0744582181769921 0.377469465353406 0.025477776602687 0.180117638167519
0.321941690188574 0.239868371663992 0.167707845505993 0.234529476079068 0.0359526165623735
0.311732009380014 0.219665383308495 0.126869328689091 0.166176251346281 0.175557027276118
0.399692578082296 0.0522027945353525 0.282345857949052 0.105528868778859 0.16022990065444
0.109282626866293 0.186389229891583 0.124583663228239 0.323321785790254 0.256422694223631
0.311673570077155 0.0405163625142906 0.27777947123552 0.143646579933531 0.226384016239504
0.258832242797119 0.267130200442894 0.152683081415514 0.136234649048322 0.185119826296151
0.17710776447712 0.203149977359155 0.138307845796601 0.241639048053216 0.239795364313909
0.0719121204461949 0.441265276288158 0.268863753311458 0.0591543846137953 0.158804465340394
0.14600982379492 0.2394222210455 0.0514909983462354 0.158701310480825 0.40437564633252
0.0164605043798242 0.253130420366392 0.077654286365454 0.350469513894542 0.302285274993788
0.151499433253325 0.228068986870193 0.224404602715261 0.208401159040246 0.187625818120975
0.0696734815841759 0.279832515403364 0.194031910486606 0.239921243482752 0.216540849043102
0.249129584620026 0.0688614722347896 0.136572738804712 0.32448134101706 0.220954863323412
0.220911439181623 0.356138510390607 0.227258736116812 0.187899771633273 0.00779154267768481
0.304708739879624 0.390191641661887 0.0889443739422937 0.00199704638850533 0.21415819812769
0.237027244095932 0.0780079394599802 0.444735777947321 0.186254292888591 0.0539747456081761
0.173239382640814 0.111985278651731 0.168527512924291 0.198190732381711 0.348057093401453
0.206709475149927 0.210260503637568 0.0738773465722018 0.273231557236032 0.235921117404271
0.16209673561593 0.250504486093771 0.0761696348530952 0.247928024334646 0.263301119102558
0.201737107981033 0.179696541132047 0.145786199517402 0.342165948500671 0.130614202868847
0.308860490580373 0.00601058890103311 0.29821966920182 0.370842606029733 0.0160666452870419
0.16059312152741 0.262075734175469 0.264420235044351 0.000310788808669945 0.312600120444101
0.377641106746426 0.386804577276588 0.180288757358961 0.0426621519385301 0.0126034066794956
0.271907214884067 0.206884374470338 0.156977674738043 0.230614723063755 0.133616012843797
0.0948369395560734 0.235138878786695 0.434670787946487 0.0322523235106591 0.203101070200086
0.0500567828391531 0.334796416711537 0.159517332000096 0.0717606453610679 0.383868823088146
0.304529056084655 0.371638942281952 0.163234501532763 0.0901986772107325 0.0703988228898975
0.306265633404549 0.106065945070771 0.328012681801925 0.228704082158139 0.0309516575646166
0.241992960157701 0.0644730989367326 0.342786774588857 0.0959141417942499 0.254833024522459
0.28055481204858 0.00324382260204914 0.36322166795015 0.224008660281617 0.128971037117604
0.216669956515334 0.0142244833699463 0.281463321098842 0.372460669398611 0.115181569617266
0.124129491983793 0.218350743496951 0.217188041743207 0.278865808482246 0.161465914293803
0.157457130223744 0.194366024403791 0.217953543599689 0.137861254869605 0.292362046903171
0.0790107126755574 0.180941831707864 0.00420349088922489 0.280558546377255 0.455285418350099
0.169247563827109 0.0587131759290737 0.626108716962439 0.00674833909050076 0.139182204190878
0.426170245172781 0.0178415625984794 0.06874396137793 0.372638094515388 0.114606136335421
0.449517706839568 0.0464482952983254 0.0666404439415736 0.0832952988791804 0.354098255041353
0.470815402708293 0.291493904502051 0.081483343729037 0.0629622662829623 0.0932450827776568
0.232597302353251 0.230501370003005 0.183022297841253 0.137743883106388 0.216135146696103
0.285955572815665 0.196168183238746 0.179688675144738 0.0442411987161241 0.293946370084727
0.279804468460133 0.20451355221067 0.00392541054029339 0.259404624778908 0.252351944009996
0.171779932626441 0.206684185180747 0.204774445679064 0.261561653378462 0.155199783135286
0.0737283302153087 0.259106185203877 0.285695016957699 0.308061478848012 0.0734089887751031
0.375632541823101 0.0825538932335332 0.378122816164186 0.124794083131862 0.0388966656473186
0.139821715415611 0.416601822249474 0.217463051143118 0.160485553167405 0.0656278580243912
0.128714944504522 0.208139872832061 0.00617158852223228 0.303797947717357 0.353175646423828
0.118293774788249 0.0426280809069621 0.342089055934233 0.158709810284755 0.3382792780858
0.0937416733044486 0.312039081272393 0.0896160022165159 0.096919655749449 0.407683587457193
0.331222193539703 0.0184876853411177 0.311243407659699 0.0494615823412671 0.289585131118213
0.239710639813667 0.227188023287247 0.269938910004871 0.255122998319357 0.00803942857485752
0.187495174600838 0.130802884478239 0.366658108304865 0.0471941334119692 0.267849699204089
0.310911124712003 0.127470850236819 0.272099321902791 0.288297209451395 0.00122149369699226
0.39226244302291 0.139834305916644 0.111375638979573 0.204694763740839 0.151832848340034
0.252391517208496 0.0653757429386106 0.0860040390124278 0.213874580453022 0.382354120387443
0.173264008858944 0.331482822622523 0.245088876096019 0.00450737973399077 0.245656912688522
0.216108136494442 0.05115723975335 0.0420808380706973 0.385772746474621 0.30488103920689
0.131041487240305 0.107905864825008 0.238761827527715 0.257978107848019 0.264312712558952
0.533338973878305 0.0474363983346394 0.223985166043733 0.00149821179237218 0.19374124995095
0.00927138228191344 0.167398689425824 0.359025758337678 0.327288718168671 0.137015451785914
0.109082394096422 0.106562482439854 0.379163148237745 0.193135828709565 0.212056146516414
0.110397112610391 0.189500659680713 0.293546145033282 0.268144836895985 0.138411245779629
0.176096305299911 0.569472054754947 0.132596526318044 0.0419139527858121 0.0799211608412856
0.127648481641097 0.0493899989542873 0.424805455212543 0.222190744796504 0.175965319395569
0.261904153147967 0.0785097218129689 0.122712588569835 0.282236226703631 0.254637309765598
0.0786523285127836 0.184930190274081 0.23185749473467 0.222405473888904 0.282154512589562
0.0675666353829345 0.102543414596804 0.336707239395433 0.24144727719084 0.251735433433989
0.201632662516164 0.25444184328007 0.180551816029966 0.149770630690114 0.213603047483686
0.240645081871842 0.0891584093430157 0.26613562230785 0.366620649722622 0.0374402367546702
0.0405327152742366 0.248194052558013 0.065714406760237 0.218435266477821 0.427123558929693
0.262154923393338 0.0770778695815774 0.248755506774619 0.0751246874019702 0.336887012848496
0.314558075424102 0.0770163364390978 0.281283599540041 0.222768501542493 0.104373487054266
0.00815977376382202 0.207054355985822 0.274213681198158 0.209090565330578 0.301481623721619
0.0825936645475234 0.173939451873813 0.174583455895743 0.257398762068534 0.311484665614387
0.21355802199391 0.0566404073003025 0.079936661034767 0.369802062828642 0.280062846842378
0.239592806909785 0.0380320838695318 0.195044300098704 0.285281057221357 0.242049751900622
0.219149336306392 0.329380876886362 0.111042026889993 0.188554595957561 0.151873163959693
0.361396945961028 0.291745522457492 0.24837200194771 0.0495248187692098 0.0489607108645606
0.107582663859911 0.177475316065201 0.261964429887841 0.182108991302738 0.270868598884309
0.159081557106065 0.354521641982091 0.019151359649605 0.148678070934185 0.318567370328054
0.261578914777115 0.306238077807207 0.128929433901211 0.0707186868591523 0.232534886655314
0.30243518352273 0.260651499466953 0.136974280283489 0.155374479847877 0.14456455687895
0.2293460836432 0.291156690095914 0.110189804101204 0.00506536394490304 0.364242058214779
0.113356953894992 0.109525482805386 0.163929487407433 0.361572621780429 0.251615454111759
0.173792911959463 0.0467392787888116 0.129721993374854 0.251750713831026 0.397995102045845
0.127728558958762 0.247639982519331 0.361558399183235 0.2527478908328 0.0103251685058725
0.436396621953567 0.0553918895710808 0.024500309145694 0.0106294184912081 0.47308176083845
0.232292332767403 0.0454002705153161 0.186906676474841 0.221706604174317 0.313694116068124
0.314625893366816 0.0609132307437637 0.200268022764734 0.220249598421571 0.203943254703115
0.271535516907945 0.101671557089479 0.306324530495472 0.0954927599353086 0.224975635571796
0.0775149184416445 0.121134667713432 0.245545893325154 0.491013173194361 0.0647913473254083
0.189437773853608 0.355297564160377 0.305554602037427 0.0147244162554535 0.134985643693134
0.137130017972215 0.120972973562516 0.232027375406314 0.331219389419438 0.178650243639518
0.113586601225785 0.390589694420184 0.128746920548621 0.181858623490412 0.185218160314997
0.231281220980336 0.289136992443747 0.260084845126083 0.196239432586091 0.0232575088637424
0.0968894412179358 0.130395793509046 0.456870366042618 0.227496308391839 0.0883480908385618
0.369516482169553 0.0099074144101582 0.0802892638258066 0.0467703889788598 0.493516450615623
0.114704610277133 0.194750283955014 0.117790563876879 0.282128891677285 0.290625650213689
0.243208764463255 0.0701795739856553 0.0480414894288872 0.423585431045396 0.214984741076807
0.296182893818762 0.350484153609615 0.170198008028813 0.087657085260928 0.0954778592818822
0.243703141265877 0.0521528882590481 0.165626221321644 0.189294465634736 0.349223283518695
0.16985489797854 0.136111378794464 0.160441334651676 0.281540938080654 0.252051450494666
0.0175395503888157 0.0185420673402352 0.290939873030486 0.420105435933215 0.252873073307248
0.635694714486067 0.0726244623827312 0.0084731793998115 0.274655883971555 0.00855175975983604
0.195101316989453 0.366727332301692 0.0324861053326446 0.120389095816183 0.285296149560027
0.392180378045052 0.192361240785572 0.377300309078891 0.0357721869380088 0.00238588515247574
0.199357100300298 0.201760365061037 0.124274427149192 0.246451118043178 0.228156989446295
0.155401474312151 0.146801507746342 0.0631985835846481 0.362229291673658 0.272369142683201
0.180911347451119 0.0956870503162277 0.355533039102776 0.346946650121873 0.0209219130080056
0.0387540927351117 0.209258946380276 0.0671128298749958 0.379805975854191 0.305068155155426
0.27786311535565 0.250687263738819 0.219092024346382 0.250842576366859 0.00151502019229033
0.213232376171254 0.0951579650715328 0.149153805445808 0.28600959503321 0.256446258278195
0.209556718238476 0.446181801788526 0.130121252749777 0.163777712706324 0.0503625145168975
0.0667302699035607 0.0325570957783541 0.238272024306809 0.190573317847835 0.471867292163441
0.0351848963491701 0.362317836753964 0.205020585431283 0.10718681467996 0.290289866785622
0.314011060455095 0.202227482352189 0.0628007484136369 0.253138577118412 0.167822131660667
0.139225907267607 0.363297729368353 0.0723292733144439 0.121816619684437 0.303330470365159
0.209666602231797 0.206036893415602 0.16124771940254 0.18356440920355 0.239484375746511
0.362226579086961 0.206865700564481 0.00029974130683806 0.15000999276635 0.280597986275369
0.35835891556115 0.113368959317779 0.0259716976705444 0.113143504669514 0.389156922781012
0.121065163033868 0.400960147920215 0.189570020270688 0.265202546618798 0.0232021221564314
0.0845779174495411 0.331497351058169 0.0607720763853762 0.323577717616906 0.199574937490008
0.354858712490018 0.0258786733684836 0.171786919973055 0.158031285373855 0.289444408794589
0.120118447797505 0.00508831109291718 0.402799688821423 0.325975449775026 0.146018102513129
0.00325537546113349 0.0340107031713922 0.432019912394558 0.342589469719441 0.188124539253476
0.277028017074976 0.186963076745856 0.104387663567729 0.0631525710181814 0.368468671593258
0.466462952296253 0.0975855871895755 0.0126923077392866 0.0406466127257078 0.382612540049177
0.38599658833528 0.146075462023048 0.263377359190733 0.0627638890991528 0.141786701351787
0.356029750381492 0.179216420247528 0.179452579145564 0.0613209103209651 0.223980339904451
0.308815149361253 0.0855943992748804 0.28371874387102 0.218447247121031 0.103424460371815
0.291654322258554 0.343170807272654 0.128099449777139 0.152241567358849 0.0848338533328044
0.325175164127669 0.167074569991043 0.221002114192046 0.142637507228472 0.144110644460771
0.470138805704602 0.132320731363402 0.193859066009692 0.177655249432257 0.0260261474900467
0.164090847649675 0.313596037298706 0.0357797066937164 0.168354830435322 0.31817857792258
0.181305407258357 0.28928818285103 0.161267312266441 0.0625947442526053 0.305544353371566
0.201736645101168 0.606731991027065 0.152362771502678 0.0216220593099956 0.0175465330590923
0.317650790817739 0.00139488735177067 0.406095843464065 0.266838578916594 0.00801989944983148
0.0591285274882395 0.596007416999953 0.033943387138082 0.157510099749257 0.153410568624469
0.115105110599456 0.250790499105573 0.168732749542059 0.118266033877044 0.347105606875868
0.1616118024414 0.235769103537181 0.169705306322884 0.19940008520312 0.233513702495415
0.473240520586769 0.24709611606002 0.0448052099575819 0.169916685770185 0.064941467625444
0.233116384603167 0.213725674197965 0.195200507904217 0.218824923910474 0.139132509384177
0.289388706272502 0.28308748777144 0.235811197048073 0.067647605800647 0.124065003107338
0.199161905552061 0.151524638228772 0.199015321972596 0.157666178589617 0.292631955656953
0.288619965912933 0.201114358186921 0.334401295480904 0.0072476703260409 0.168616710093201
0.210814864935927 0.177990326160682 0.445618512115753 0.0356397631939806 0.129936533593657
0.27319045258981 0.0139149038748408 0.272850979983474 0.370637587779131 0.0694060757727448
0.200678959961687 0.0906783568092861 0.317851880267599 0.112209643816733 0.278581159144694
0.166293211851177 0.0746048273118674 0.341012673844292 0.0440634457223838 0.37402584127028
0.285531654813336 0.0357921439495315 0.194407319398893 0.303274623630066 0.180994258208173
0.235020855076331 0.261808566812065 0.0384838553067013 0.345093206864096 0.119593515940806
0.0715942797438982 0.387209239502202 0.354422363511727 0.109994555707701 0.0767795615344717
0.0408659542262335 0.154151997044085 0.221812918795921 0.454289597655051 0.12887953227871
0.104709457328881 0.050871738327863 0.21705781451973 0.352210193260073 0.275150796563453
0.327129168277052 0.102636472849503 0.296733818339297 0.15081737465539 0.122683165878758
0.164275357908234 0.083923171178632 0.387730974563027 0.140252071561152 0.223818424788956
0.294792026271119 0.270464095392988 0.352104733378041 0.0229679528733472 0.0596711920845049
0.315759551890511 0.112913971406919 0.279415414331691 0.0872202337782372 0.204690828592641
0.279429866771245 0.202446592011858 0.203779385756225 0.0099410216677059 0.304403133792966
0.470819455802629 0.0405311449153518 0.141966646120953 0.33764231173315 0.00904044142791541
0.00670798939300546 0.0155773163473695 0.274900227005683 0.0723870476557128 0.630427419598229
0.36537116619475 0.248976097897563 0.176527819867315 0.0343345487638203 0.174790367276552
0.0757829062547217 0.153425690230181 0.343699720050817 0.263963846525718 0.163127836938563
0.209621399871695 0.0219024734521951 0.0721412769511575 0.0434647115148538 0.652870138210099
0.0951987969830931 0.266498696596836 0.0215070541161017 0.219800762273424 0.396994690030545
0.133089496188476 0.405913569239605 0.30870358154359 0.0293102802037282 0.122983072824601
0.296037727591939 0.299819177753981 0.00340904260092588 0.190078169244889 0.210655882808265
0.194579982869082 0.172971008653277 0.235780485187451 0.206046504650196 0.190622018639994
0.176366284173109 0.0970045899045091 0.048873227117274 0.415756231115383 0.261999667689725
0.198007164692517 0.0604619035549979 0.0684142482338459 0.357375958004031 0.315740725514608
0.113272770253472 0.243003159571738 0.277087434806574 0.26267145554686 0.103965179821357
0.227803926152027 0.0709197962599316 0.264654852414437 0.239336097218509 0.197285327955096
0.250742005478843 0.293379465643564 0.000584070502077439 0.283174419186223 0.172120039189293
0.00282438454757808 0.139919480473713 0.493751449445111 0.315530434330735 0.0479742512028631
0.33220430924318 0.186128163970782 0.0034362199270743 0.196584814187268 0.281646492671696
0.291810319292852 0.207098164408177 0.147399510265635 0.0448937740811931 0.308798231952143
0.276901999230485 0.351300122596291 0.245677273595534 0.0890601793743853 0.0370604252033055
0.130298217833813 0.116041604535522 0.320600214879496 0.0912847906516302 0.341775172099539
0.0683525364547275 0.214626142166426 0.274801062221532 0.25844736246089 0.183772896696424
0.210211389131892 0.102330610888495 0.271680299950684 0.255140858499257 0.160636841529672
0.132038863366975 0.326758327165658 0.283070697431266 0.224877115059004 0.0332549969770974
0.376472090396676 0.0645610491361809 0.114999419814047 0.397450972256282 0.046516468396814
0.0500526744462862 0.20541605301542 0.0993130764790863 0.303560231687823 0.341657964371385
0.15556237030993 0.179575921305542 0.172953334519836 0.430026724430104 0.061881649434588
0.432487262990222 0.288947226681934 0.0269601446712517 0.151109729922813 0.100495635733779
0.383164933053977 0.162629803905199 0.213944395130413 0.102717964683388 0.137542903227025
0.116118566689765 0.184049157963014 0.0891492888142233 0.340603717578433 0.270079268954565
0.194958551463887 0.240691002061567 0.212189703536276 0.0268914357463918 0.325269307191877
0.150344133103862 0.322347006186255 0.0158238467969914 0.375151887172917 0.136333126739975
0.287338806865362 0.296851773618783 0.119366394444126 0.106623426080245 0.189819598991484
0.0484129675750772 0.021517676993968 0.239640345009853 0.388531617419109 0.301897393001992
0.249399151749936 0.352939148066238 0.301016914709251 0.0820345178807728 0.0146102675938023
0.238165255955652 0.0868921294941949 0.280416487353166 0.392372874750424 0.00215325244656251
0.262006698255031 0.0894209243776256 0.307115255629268 0.0672811021752853 0.27417601956279
0.385169515990758 0.162871997151349 0.216566739190828 0.167968460778655 0.0674232868884095
0.144210303179424 0.161740986132483 0.276836560548649 0.315991736643423 0.101220413496022
0.20908593436829 0.284837606565548 0.0579740962670789 0.0960136769731972 0.352088685825886
0.16194622789011 0.263143716762502 0.206633190008817 0.268392142864994 0.0998847224735767
0.253197314413949 0.042765012756621 0.208925906540926 0.26176165295565 0.233350113332854
0.0984499296842858 0.205567603385333 0.170928351455064 0.259107642897718 0.265946472577599
0.207725485081509 0.201173853229976 0.0906975466718741 0.035110880237028 0.465292234779613
0.218521368704406 0.205012939915142 0.205530515373082 0.290643100850347 0.0802920751570225
0.205711800399823 0.101370507709464 0.166847578777761 0.139251874789846 0.386818238323106
0.160985579994906 0.666245688994397 0.0384586424172104 0.119529457974399 0.0147806306190869
0.203849433984481 0.378402682695759 0.137489870470989 0.13722914509067 0.143028867758101
0.101223398265297 0.503337250420331 0.226386959332178 0.134073737004437 0.0349786549777571
0.178746677098564 0.331815585125699 0.054541669163951 0.155706750298017 0.279189318313769
0.250800560472012 0.299389188643024 0.0529749982648828 0.0422149650636987 0.354620287556382
0.0028657771211753 0.153101057255472 0.0366438415697641 0.391930564831962 0.415458759221627
0.384834136207213 0.0270212835861335 0.147686889616235 0.411854812838782 0.0286028777516364
0.130393550715632 0.163367562822535 0.174459440355595 0.11896435364701 0.412815092459229
0.256277961637768 0.214435807571574 0.214863487082132 0.240824695096652 0.0735980486118745
0.0510840422496845 0.0891768136767564 0.130776205332971 0.296892785721047 0.432070153019541
0.354895009120653 0.329718213607954 0.0773767318187008 0.103553796315859 0.134456249136833
0.346694674998846 0.20958982328961 0.350143862422857 0.011349910289544 0.082221728999143
0.15515659753492 0.0698189685910282 0.199625705924363 0.27812349822643 0.297275229723259
0.0748305559994875 0.302948825015645 0.141810844295566 0.209174677466534 0.271235097222768
0.155561122320492 0.238568983878317 0.158870718673286 0.161725250216482 0.285273924911422
0.34879952280562 0.0224627621784427 0.0936215768980791 0.48311420082631 0.0520019372915483
0.34264707661405 0.164103790786156 0.192870763636919 0.00685457500393387 0.293523793958941
0.10987897767668 0.370764323240318 0.331859236856392 0.0252639581488234 0.162233504077786
0.394413605389878 0.35501883273243 0.0314948368317083 0.113392152698016 0.105680572347968
0.269142218729805 0.108006500982948 0.180540744811461 0.334652863816748 0.107657671659039
0.100402147168528 0.385643083814523 0.0422086062741364 0.413004214142247 0.0587419486005653
0.0994019224993159 0.371374164764679 0.136756993973595 0.136298222988546 0.256168695773864
0.216568634730148 0.0633361896410938 0.272387352776673 0.287421584637954 0.160286238214132
0.282279010069035 0.308975715391027 0.326412229431374 0.0567510174503284 0.0255820276582358
0.455123627013159 0.214826118247228 0.122670348717578 0.200230792987492 0.00714911303454381
0.255055858621193 0.185608889816884 0.0203342214251885 0.443371614510078 0.0956294156266566
0.244491073600505 0.00502680722674671 0.240606340865347 0.284318343130559 0.225557435176842
0.272029280632922 0.263744176625661 0.082527707269072 0.186588657697825 0.19511017777452
0.285209779450036 0.0556987692847831 0.120698150698347 0.370987375279545 0.167405925287288
0.0248330251402931 0.374438534894791 0.331482906810188 0.226124153629282 0.0431213795254463
0.267737601854856 0.277502518284432 0.213474905449499 0.128897805852614 0.112387168558598
0.264512300634642 0.0504173297466824 0.190165676431649 0.191365489891632 0.303539203295396
0.347815216384563 0.277356359892541 0.0761754230324144 0.0996951423945851 0.198957858295897
0.524027262537118 0.274014492348837 0.00423037403952208 0.125691493674801 0.0720363773997216
0.226459906936794 0.0932362657801029 0.281174873977878 0.195765181567551 0.203363771737675
0.213757621986241 0.258245720718892 0.0910158475673751 0.112158742439124 0.324822067288368
0.219394806846356 0.0288802551187064 0.37175583582058 0.177488474491334 0.202480627723024
0.439296806001334 0.506999761300815 0.0102343095860094 0.0344175182561462 0.00905160485569591
0.0547004533570064 0.22114492160095 0.244234126903276 0.235647873696653 0.244272624442115
0.313452635355261 0.0102135113356128 0.200417804418065 0.0379454904214799 0.437970558469582
0.121698403729781 0.33898331943789 0.42262752353401 0.0917193559657001 0.0249713973326191
0.316193606470189 0.326822158432657 0.0423102128538128 0.00753424626399813 0.307139775979343
0.337884340731191 0.352030364625262 0.0692196796949525 0.111199215285952 0.129666399662642
0.240981502590678 0.102713084449812 0.295743596424714 0.299384223830515 0.0611775927042819
0.0622605296265649 0.337401916997286 0.00550850562371968 0.339416212088588 0.255412835663841
0.133439766999431 0.311458559326916 0.233672805800716 0.0868104693044158 0.234618398568521
0.193951796952196 0.225327966247588 0.264443270085307 0.0507159361717022 0.265561030543207
0.146499861413274 0.000436438212047807 0.341757302055159 0.227150435577353 0.284155962742166
0.225347913759965 0.266271774743457 0.235330389507271 0.0765836199633796 0.196466302025928
0.303825967299433 0.20405711919496 0.061754897399014 0.105132796029145 0.325229220077448
0.0196594606922262 0.19426503619331 0.245137894018499 0.211577829279846 0.329359779816119
0.124540530286351 0.192978576295443 0.198983316199495 0.200852859497048 0.282644717721663
0.0886185138991422 0.0686925838250398 0.447665751768807 0.353135771623705 0.0418873788833054
0.139438612399453 0.286232670524116 0.346483450932524 0.0859843856572745 0.141860880486633
0.131887664486678 0.188031468072953 0.22447139008934 0.289793795577188 0.165815681773841
0.317512122677108 0.29395145100485 0.104520694311844 0.0542777132575879 0.229738018748611
0.15845787269819 0.322226406840051 0.226718681832994 0.289063338096872 0.00353370053189222
0.263582924688885 0.109053932135901 0.21742795613718 0.140966700678815 0.268968486359218
