0.284646344603769 0.041570862766843 0.156531976591468 0.302815191092973 0.214435624944947
0.199034595241219 0.283668991668508 0.30431760072371 0.0205616007182505 0.192417211648312
0.269383247599137 0.00790213319639415 0.187466478851198 0.370277172021124 0.164970968332147
0.217828649227104 0.0260258745366673 0.246802895000278 0.317750572080293 0.191592009155657
0.141092520086757 0.209425103833891 0.242761153129467 0.167034840680489 0.239686382269396
0.374832337710629 0.298564884059887 0.175392737404784 0.148668262418084 0.0025417784066165
0.153478673565612 0.211847549861302 0.103437738089847 0.31783868909283 0.213397349390408
0.267164866904687 0.131446193483858 0.262338858899941 0.179487843891611 0.159562236819904
0.437286623612232 0.126297152808009 0.156058774644262 0.086388125416767 0.193969323518731
0.305337046813741 0.0246050169785122 0.308599357002855 0.166068974573187 0.195389604631704
0.0557614943032664 0.0933302812862962 0.303849842119193 0.142229602102622 0.404828780188622
0.480058539379736 0.0845277263674624 0.146453346772652 0.27139985086942 0.0175605366107294
0.210773274140761 0.0167947802015609 0.333461080300122 0.131343472895609 0.307627392461947
0.182540441873268 0.324521220021111 0.148586419726 0.224782081066015 0.119569837313607
0.0479926269697784 0.197144132217438 0.281619918934871 0.208591125653452 0.264652196224461
0.0935882415945874 0.257571749110346 0.213217027867441 0.231379001886736 0.20424397954089
0.286215418157128 0.27608159536966 0.120536155056745 0.25735200640456 0.0598148250119066
0.0865585247354209 0.313338660251507 0.315868872206455 0.0554744276624833 0.228759515144134
0.134984637347141 0.215896736273426 0.113984433078287 0.293372157310249 0.241762035990897
0.247880713403823 0.097657722525635 0.258402685969913 0.352927975234244 0.0431309028663853
0.168634643897204 0.264405238073896 0.291719988050695 0.246626592056778 0.0286135379214262
0.425302565414695 0.200216280317892 0.0628976379734378 0.223061201377542 0.0885223149164338
0.236725716275996 0.225782102638 0.0872765269955687 0.225762837442348 0.224452816648088
0.0965995001942338 0.2035091649036 0.479464661074464 0.154185586163386 0.0662410876643166
0.0171599513667714 0.124665327523994 0.353315956153266 0.135073023320448 0.369785741635521
0.0160643358568593 0.265043915957104 0.183036423057551 0.310791118135042 0.225064206993444
0.00134440910632952 0.119126510259235 0.0536018241657209 0.424142633757634 0.40178462271108
0.0877869640919811 0.162763283178812 0.312516841974703 0.13182157687216 0.305111333882344
0.0670200682099783 0.167810893223995 0.0151199975878839 0.399378785839711 0.350670255138431
0.211380567227621 0.242825490215826 0.29017266193135 0.00902082596268302 0.246600454662521
0.0756766440652166 0.374968260623346 0.0134277259322244 0.322121421677393 0.21380594770182
0.0251153020762792 0.380601770387465 0.264081401249181 0.329626725064206 0.000574801222868379
0.127988125847483 0.31731891177132 0.0464278129663913 0.174881310001739 0.333383839413066
0.141310634522797 0.369862305491072 0.193044811589121 0.067493878621191 0.228288369775819
0.286917572182276 0.0716981785820118 0.259228065861017 0.176767941249552 0.205388242125143
0.0985768704080776 0.291285750475303 0.126025342404722 0.177788233447714 0.306323803264184
0.231283568580381 0.193980365546237 0.224139305613459 0.147477648002018 0.203119112257904
0.194212036954364 0.174016280847286 0.163793732181382 0.242842641210074 0.225135308806895
0.193279209613853 0.278700609729211 0.217153895288105 0.051314405340439 0.259551880028392
0.130654324307078 0.121618327701664 0.00135979899836635 0.461050776857657 0.285316772135235
0.201452212670824 0.285008759336891 0.203754977113513 0.0453524276802101 0.264431623198563
0.382579702866934 0.0794515572960195 0.1579684575218 0.168777294753546 0.2112229875617
0.282063367701955 0.153510232193804 0.273095935422606 0.290271717258292 0.001058747423344
0.17074358049337 0.00449231734863966 0.0331367980801825 0.275321004426374 0.516306299651434
0.233206518615497 0.172534324040615 0.243016007476414 0.11044991726332 0.240793232604154
0.209398330747559 0.208019685382561 0.109847880430803 0.155483584721983 0.317250518717094
0.102517385059035 0.132465482277967 0.0538890441704271 0.382148502334613 0.328979586157958
0.266191867858469 0.211831384896611 0.321700651690424 0.141508463420662 0.0587676321338334
0.307312514875655 0.150238463729694 0.120813547154798 0.0767833272457601 0.344852146994093
0.414666267527796 0.0527820992489233 0.152760640374122 0.001348206029661 0.378442786819498
0.323936411813622 0.00269026234750879 0.298747560596527 0.227089374995048 0.147536390247295
0.192334253146059 0.415470430681214 0.0298846473736581 0.235968634731886 0.126342034067184
0.378530217559859 0.193313409398614 0.384838056113044 0.0376073459888062 0.00571097093967663
0.0899389475293746 0.276812047869406 0.315160932595977 0.00831285421078902 0.309775217794453
0.143118415227133 0.36168108732452 0.0116756617908159 0.3298960899474 0.153628745710131
0.0905189115292492 0.346659224351425 0.00785572529554072 0.291435861822444 0.263530277001341
0.136406252455307 0.0317656411721784 0.272070445457471 0.240235307430278 0.319522353484766
0.209853076384571 0.247247452451038 0.0975290410571339 0.287660327025548 0.15771010308171
0.421216813276632 0.271621307923544 0.24370062541719 0.00340938632106245 0.0600518670615709
0.209972467441522 0.503304409442239 0.269270723755105 0.0125835281209246 0.00486887124021021
0.267675099537788 0.119870186370892 0.21635360607651 0.0938684304835148 0.302232677531295
0.0145675130240799 0.36351007020438 0.103946739317645 0.32929472898231 0.188680948471584
0.263626710629029 0.263659706607291 0.140273794729795 0.146932454641477 0.185507333392408
0.015409169132141 0.428889235068113 0.144483180008339 0.306826765968679 0.104391649822728
0.380476352206026 0.0839820159148822 0.192285016258045 0.166036177023728 0.177220438597319
0.109077363324389 0.255730919584156 0.173015665028318 0.178471760785481 0.283704291277655
0.00107739209112814 0.286448225527597 0.143935594083505 0.378721491877079 0.189817296420691
0.048138630031634 0.204459147979631 0.278814450572143 0.0577845967673518 0.410803174649241
0.0963032288877073 0.300043476711632 0.118920548879733 0.2857799092625 0.198952836258428
0.014344016730599 0.381884380675829 0.160385969627264 0.207430452952141 0.235955180014168
0.0318343356337385 0.253862383773351 0.360836799944977 0.135536572994451 0.217929907653483
0.0504384407513634 0.428915769674577 0.137889567873602 0.235410813413965 0.147345408286492
0.222475371400147 0.271766305433075 0.00140245969601663 0.0150151709782423 0.48934069249252
0.116122188035902 0.123065437909444 0.0530159352364539 0.360127500611485 0.347668938206715
0.137254599302458 0.196437928660069 0.198509618905007 0.196044279695443 0.271753573437023
0.36276420575944 0.10374072805123 0.145064781881782 0.224955257259856 0.163475027047692
0.211565825963336 0.288972054403912 0.401601561684404 0.00130974216662338 0.0965508157817245
0.114921816312944 0.0143580207876888 0.392376128494546 0.153131913589715 0.325212120815106
0.20527636295644 0.0785371011350301 0.21540875594049 0.39784034885129 0.10293743111675
0.304808607976425 0.248138102312382 0.0941115008599571 0.180086022680516 0.17285576617072
0.310211688918172 0.0861408893355083 0.262413049361945 0.296036501329741 0.0451978710546324
0.204065685492996 0.324328313644082 0.104034557920201 0.046160721124176 0.321410721818546
0.236028890276341 0.122700031337401 0.18084512868496 0.225097800128001 0.235328149573298
0.197232684239043 0.319469371096935 0.149616966755725 0.274670632712131 0.059010345196166
0.309820949126042 0.258394367419141 0.0347084840594761 0.276904559717909 0.120171639677433
0.0783518660088527 0.0670468413692986 0.0285820586141528 0.435477567233138 0.390541666774558
0.216643117650045 0.236689622256246 0.386820150275179 0.128426678230593 0.0314204315879379
0.186747565087945 0.200663327191947 0.170131114128746 0.238469075187805 0.203988918403558
0.0752840259745026 0.352341180783076 0.232255910181354 0.15967400175474 0.180444881306327
0.226537011423526 0.353718271553152 0.0163820478275421 0.169740151939187 0.233622517256593
0.204419841469834 0.146086208905041 0.24734540268064 0.243308877289192 0.158839669655294
0.174762350750386 0.281663387916357 0.151419811608382 0.223236633001008 0.168917816723866
0.335407116686225 0.156125666070316 0.00840943331881095 0.268500946480013 0.231556837444635
0.286740591636006 0.346110601930921 0.0954695543338288 0.222369464520696 0.0493097875785479
0.275158354267411 0.26775158267523 0.0154282433247496 0.374976888299121 0.0666849314334879
0.329272624464895 0.119250077332252 0.17319821343428 0.250995767884161 0.127283316884412
0.126279594090613 0.407197883932837 0.0608076014878871 0.148590481761484 0.257124438727179
0.162858995347258 0.0292200122109851 0.360515192151159 0.0798314778726159 0.367574322417982
0.197231781416861 0.369181126030158 0.103275935008587 0.315013076753739 0.0152980807906549
0.322966702474626 0.308678322054568 0.180357053568666 0.172731423210253 0.0152664986918876
0.186017845060339 0.271491221040237 0.268261181926505 0.235174541411187 0.0390552105617317
0.15932673139794 0.130004352193335 0.0844610334041532 0.218406938452591 0.407800944551981
0.193885566318125 0.215361417462287 0.265182984825514 0.116482279085744 0.20908775230833
0.341196652531568 0.0262087239519348 0.114196927804464 0.230419897656918 0.287977798055115
0.176115802411159 0.162188081127503 0.243167807874361 0.00595495561572439 0.412573352971253
0.314472388478102 0.057957404981933 0.36020659768814 0.0291945707874063 0.238169038064419
0.244679530578006 0.181217443837971 0.209532150966024 0.0950488306471462 0.269522043970853
0.15052546755749 0.266415505926124 0.178920966567832 0.267050112665572 0.137087947282982
0.11893830779839 0.159780151560922 0.0946694661089939 0.00904242851914528 0.617569646012549
0.256330017035686 0.271205717870346 0.130593492536217 0.0254701669618185 0.316400605595933
0.394573990814022 0.10805930615478 0.378204753594215 0.0229408545384137 0.0962210948985687
0.13592872802792 0.276684493259153 0.252079763935162 0.0322402284278043 0.303066786349961
0.302343990112702 0.179465126946367 0.0363600002081633 0.290032468244475 0.191798414488293
0.0512723507613924 0.09362354588919 0.225666571978276 0.23403257530212 0.395404956069022
0.0348981811533889 0.285757561264079 0.218439818277119 0.177820675652801 0.283083763652612
0.0991531602123907 0.59120325301109 0.0353978926038238 0.179304605828723 0.0949410883439729
0.171999962569888 0.0757936234550378 0.406713268128272 0.223544209098947 0.121948936747855
0.0867877443349156 0.208450304841587 0.111119812589642 0.43707233659432 0.156569801639536
0.35514582667109 0.298815665824408 0.156527498950627 0.0104743117860338 0.179036696767841
0.0657208934284481 0.329170846428856 0.108183906160556 0.38391598090536 0.11300837307678
0.249324572729877 0.186137978499522 0.247958972403372 0.16893805609656 0.147640420270669
0.259103905469836 0.131480036841696 0.218723032351699 0.300138598068374 0.090554427268395
0.238749138929708 0.267620673893649 0.146707958276388 0.136426434182746 0.21049579471751
0.253663189273832 0.203371403670329 0.268365494021061 0.187884931482533 0.0867149815522452
0.254933396164765 0.338374132828817 0.0392039335982189 0.348335663899976 0.0191528735082224
0.130333082728444 0.1005221354123 0.194231960263604 0.0430127556418404 0.531900065953812
0.175639138730929 0.0744799111324705 0.0551659967817333 0.0829990482710668 0.6117159050838
0.00628023988600327 0.287368493509462 0.312484606861164 0.222370121707546 0.171496538035825
0.237152787163235 0.16944519497316 0.150221329847924 0.362177378636848 0.0810033093788329
0.320951489994924 0.193344652597071 0.217636840415268 0.241459889880223 0.0266071271125143
0.102608833062321 0.466471248018449 0.0332700905027199 0.118617120285428 0.279032708131082
0.245108093456751 0.238479004333314 0.208077593835304 0.168369370418222 0.139965937956409
0.229153908112549 0.19623858527649 0.167985249448771 0.200815693921067 0.205806563241123
0.262446054909845 0.256031512080927 0.265749898918361 0.127254793764476 0.0885177403263907
0.320337588614806 0.232364126389427 0.111872703216554 0.21651371633267 0.118911865446543
0.235981887827067 0.208084104282335 0.0958443212892753 0.287811355749849 0.172278330851474
0.259254495116881 0.257851194942812 0.0116459646822489 0.396628242887677 0.0746201023703816
0.252245600823302 0.270044804270356 0.257791468515143 0.217278297918423 0.00263982847277576
0.217838268367711 0.174206871715511 0.249647775137558 0.265255766052611 0.0930513187266099
0.0949142148327261 0.183042116560584 0.206675494610572 0.127805121140035 0.387563052856083
0.227256865499814 0.0709400418837744 0.332633541709901 0.330960713016273 0.0382088378902381
0.188890735296201 0.171005199466929 0.250790707235556 0.145036124055291 0.244277233946022
0.214959216184128 0.234384727185737 0.134259238429683 0.216823116032264 0.199573702168189
0.0401154562861813 0.0985014367778719 0.308056772225429 0.278325092416133 0.275001242294386
0.0665517688000783 0.392747058023497 0.218378609494492 0.155089326679127 0.167233237002805
0.27576239820575 0.234015732696868 0.0684241003038951 0.155976030428658 0.265821738364829
0.289138752507927 0.17712743573547 0.258580628349671 0.125370362778801 0.149782820628131
0.0748747102702819 0.213206675178409 0.312007477000678 0.0417929903289538 0.358118147221678
0.151355248411037 0.282564991279965 0.192201808787238 0.059795166926845 0.314082784594915
0.442449127613014 0.2112496057659 0.00783908062086824 0.183507902793065 0.154954283207153
0.322742922037851 0.162608481452851 0.350026939338522 0.0867030212622957 0.0779186359084793
0.202198375338719 0.209848265664265 0.199607523378243 0.29467796125258 0.093667874366194
0.0802451667132803 0.344341913205145 0.306500363619773 0.100944021311399 0.167968535150402
0.010733818685453 0.392091430827537 0.147680890659217 0.135951859070819 0.313542000756974
0.130562326167155 0.291794448943267 0.217199410667602 0.0572800994762628 0.303163714745713
0.248427349560108 0.177483559064238 0.374320187525772 0.152856536837619 0.0469123670122634
0.193717212153337 0.491727797509512 0.0985037348929841 0.0928430507452677 0.123208204698899
0.45153966898324 0.0412031140901212 0.224023839810779 0.136290353737328 0.146943023378532
0.134010927706124 0.238819554498789 0.189057634685447 0.175370401296469 0.262741481813171
0.280934462817472 0.156197892635344 0.0180417126441755 0.297241292673497 0.247584639229513
0.219009275264114 0.0820595562305826 0.0300012907429921 0.388313997637203 0.280615880125108
0.200549877266377 0.209370838044747 0.0907198722502375 0.333030477924403 0.166328934514236
0.0798294807134056 0.269424471479308 0.134423537061655 0.267413754755259 0.248908755990373
0.0588558063349605 0.0874381907151388 0.0100142415681215 0.408483126163436 0.435208635218343
0.279184255504183 0.277405846398572 0.251025889760592 0.0466553483490203 0.145728659987634
0.0835079339655023 0.244345950644785 0.217054471703402 0.216826396288094 0.238265247398216
0.09418625226592 0.228150135637978 0.215173372180491 0.285016286720885 0.177473953194727
0.148550678553692 0.164337973336817 0.219552886021351 0.230832987945443 0.236725474142697
0.20322482876186 0.159417822199219 0.209433353960628 0.214532470953498 0.213391524124795
0.176116610702128 0.34015424977136 0.252442129631238 0.13226079604789 0.0990262138473837
0.279956680627435 0.00640372308744472 0.17038923499119 0.233188760098231 0.310061601195699
0.312884690601961 0.235916972044664 0.140445596476041 0.161347082826479 0.149405658050855
0.239083519542569 0.222779405423941 0.196017519815118 0.209359307631046 0.132760247587326
0.0272194061901291 0.0718152078051543 0.589844295738954 0.129716166005185 0.181404924260578
0.372806260723581 0.302726427421114 0.0486961424842926 0.18298813360227 0.0927830357687421
0.31891506345097 0.054225912968792 0.151662728085735 0.155142178484419 0.320054117010084
0.220775999180125 0.0486771700453449 0.0887506559486847 0.230412928659453 0.411383246166392
0.114824101816485 0.307059822103999 0.177355850107392 0.0702604578115078 0.330499768160615
0.186486284716926 0.238107178529742 0.0505204769096866 0.207470837165681 0.317415222677963
0.320446119296972 0.415316859521594 0.0392822905113783 0.0930547325727743 0.131899998097282
0.329908630872352 0.0630805643192348 0.103094397546748 0.304336519475997 0.199579887785668
0.202832037680574 0.359664192621022 0.0159237344353621 0.153224452663302 0.268355582599741
0.40520556808264 0.000201077859306522 0.215655529538818 0.111226731577684 0.267711092941551
0.0161026279803673 0.0216940862874943 0.464491187140367 0.294690536694612 0.203021561897159
0.242970721682593 0.198825517219187 0.0714036772862967 0.396032805142504 0.0907672786694189
0.136766785765253 0.117591700913663 0.291186839437234 0.260489508535324 0.193965165348526
0.213404713478396 0.0457062717719481 0.323312256838338 0.327251786296123 0.0903249716151946
0.174779358854961 0.190133874397598 0.19290594913617 0.246310631667227 0.195870185944043
0.260431521075675 0.0913119534972294 0.12740505075395 0.248722601324783 0.272128873348363
0.306590311747619 0.129964863852368 0.0543359704168606 0.290860328771963 0.218248525211189
0.429904828826755 0.327787997121899 0.140986446094243 0.00309923907740435 0.0982214888796983
0.195272447190648 0.146753551511249 0.164639953033299 0.291197525783958 0.202136522480846
0.068361708552372 0.0490823826281164 0.41844761841869 0.152823673210603 0.311284617190219
0.00253110204877973 0.249478320509664 0.318466129047162 0.163408153670149 0.266116294724245
0.0845714875070316 0.284209606054864 0.284069832193282 0.0532793657944644 0.293869708450359
0.154909107096087 0.191097834984801 0.346168803458404 0.144185004136055 0.163639250324653
0.123531407023605 0.00265509179269565 0.321317141480518 0.137730874976077 0.414765484727105
0.246138794681349 0.218108754653548 0.290304182761618 0.0659398722428367 0.179508395660649
0.212714679740001 0.125145802865257 0.201896861694814 0.145680987812215 0.314561667887714
0.0284995963816023 0.670454367542585 0.177724518796184 0.0277189061906946 0.0956026110889344
0.287928999983843 0.241622161678663 0.103516419677171 0.269999316188857 0.0969331024714649
0.195741800113338 0.0408596528959503 0.248088121402282 0.291107199097915 0.224203226490514
0.236267194153832 0.219136614012714 0.0336831169007552 0.282242379923587 0.228670695009111
0.308738122620502 0.322115578378997 0.122380292088531 0.0312184457516229 0.215547561160347
0.0184902086982411 0.21582379090097 0.0636006955565916 0.240922142628535 0.461163162215663
0.224389031229792 0.263847633084474 0.175208829924756 0.149721116973084 0.186833388787895
0.345376034923238 0.206254357721848 0.1808224191172 0.103953689943716 0.163593498293998
0.159364945818318 0.0450036386742613 0.3087726516962 0.0625050674390786 0.424353696372142
0.218108203158193 0.0898175206543155 0.0658631114535143 0.592471285788141 0.0337398789458359
0.235056377476726 0.103744252965244 0.0470763656870014 0.301752871925692 0.312370131945337
0.301116595393644 0.124116190132581 0.0246886192292298 0.316090363422769 0.233988231821777
0.107930336981194 0.271299222172349 0.0612495690861575 0.285851129558879 0.27366974220142
0.213058477397035 0.0821007489726751 0.329335351186141 0.311134057359174 0.0643713650849757
0.302030854686971 0.208594438022207 0.0958952030557169 0.247828978727467 0.145650525507638
0.246125471021618 0.0945049881624091 0.221185036006406 0.23778607822749 0.200398426582077
0.272309057767652 0.153460638981106 0.105343080505151 0.217572192888076 0.251315029858016
0.210467263212054 0.0554083659487391 0.274579292737913 0.231446601354505 0.228098476746789
0.423819407942078 0.0250728480407998 0.49741375527126 0.00101484425085748 0.0526791444950041
0.187060035149136 0.195569814629566 0.238345381924883 0.178669853488862 0.200354914807554
0.211724086275125 0.308687540702542 0.21535074654318 0.113293996689994 0.15094362978916
0.150075402161499 0.215829691690376 0.27328861885355 0.248434760545298 0.112371526749277
0.0776550716194985 0.302353607266591 0.104797395700721 0.287914367738697 0.227279557674493
0.157188883041894 0.27302849788706 0.187700676553042 0.350542883749725 0.0315390587682793
0.21556260953773 0.290663860961124 0.250925274332966 0.16584741695138 0.0770008382168
0.298985977097748 0.0343221352393162 0.372529590317918 0.0612526827270024 0.232909614618015
0.0389945404100465 0.0602267959397368 0.461964900614603 0.267144283769106 0.171669479266507
0.210644220871551 0.155305156500829 0.227672806980183 0.113440062357169 0.292937753290268
0.13269385263018 0.154220828477806 0.16616240767081 0.331351486420961 0.215571424800243
0.240557928232193 0.269769376563102 0.341297279550665 0.0864680213224242 0.0619073943316163
0.213565183350494 0.276244587703372 0.110682208633865 0.307529259552612 0.0919787607596571
0.281305340722103 0.129796243341835 0.0961207811318086 0.0378915395904046 0.454886095213848
0.231360768570362 0.27105471985575 0.159661943387916 0.0439364528634891 0.293986115322483
0.392599326469853 0.315810490390537 0.20806486347293 0.0820645567819319 0.00146076288474809
0.134178389953119 0.389171581038933 0.0825614494720456 0.26186217510476 0.132226404431143
0.112373837370989 0.120250195940309 0.492760134972301 0.0105052085925608 0.264110623123839
0.232621324300278 0.207937236383037 0.294323946762238 0.248823136686935 0.0162943558675115
0.351720549367438 0.185156432359361 0.10052411605453 0.304067255922472 0.0585316462961983
0.0122494671263554 0.242142532968301 0.0819852850780403 0.43369192473153 0.229930790095773
0.275617622780334 0.283623779625175 0.234630328697251 0.126169037991131 0.0799592309061097
0.541523911968899 0.186418093596581 0.0142745530961866 0.1095181791288 0.148265262209533
0.33547252392791 0.0351404455765021 0.0941814400953295 0.206563469406071 0.328642120994187
0.175156150342743 0.192424071707553 0.174916890464119 0.159820719650239 0.297682167835346
0.314824542210921 0.111277406359062 0.264906513941288 0.00296127428959778 0.306030263199132
0.170003553306636 0.303912916330831 0.151777525496149 0.234693927123103 0.139612077743281
0.193388520544562 0.235965024970534 0.272157387326983 0.27990067008152 0.0185883970764013
0.0579331345112692 0.407473481358257 0.0500441732744066 0.0123614013687472 0.47218780948732
0.217596141081169 0.161301315968868 0.271698233647908 0.291773200989267 0.0576311083127873
0.047387471343949 0.295124186920613 0.106489612655219 0.235760757941281 0.315237971138938
0.0502092326694992 0.216328943961631 0.32083073171622 0.0806842344175237 0.331946857235127
0.0635132693839436 0.127838687927336 0.218496560520584 0.128259565041758 0.461891917126379
0.218918542134463 0.159265647123662 0.123251787588068 0.222141338697496 0.276422684456311
0.265199757519343 0.152245673556024 0.120718872662087 0.137888548614293 0.323947147648253
0.102369280622469 0.309012976634491 0.252322952322909 0.251546934003248 0.0847478564168838
0.0167169877829357 0.268411583515396 0.395222925417408 0.0407801008704087 0.278868402413851
0.362546151036158 0.0944373106928454 0.117800209355492 0.28335159553101 0.141864733384495
0.173677640696654 0.265563986982475 0.286848792551181 0.1052559478178 0.168653631951889
0.0349882118839268 0.4304898377793 0.266070146346291 0.195211505868717 0.0732402981217642
0.117626147313776 0.314821769723315 0.0610645319183093 0.380654838275717 0.125832712768884
0.164029266628105 0.0239219184431355 0.591432063301123 0.0433547359968225 0.177262015630814
0.308835150469932 0.276620308079948 0.21213663135496 0.171054305841678 0.031353604253481
0.0557954525028149 0.148098253445039 0.293893058514506 0.221714012074575 0.280499223463065
0.0443623473496701 0.393452876933208 0.130948412205122 0.166765337566016 0.264471025945985
0.474143418602787 0.0283876488777862 0.0459882920130295 0.0167993970404533 0.434681243465944
0.330079390451435 0.204846691258629 0.02483991709796 0.267235538747854 0.172998462444122
0.0597352138432299 0.280069597679318 0.483666286309528 0.104411385515636 0.0721175166522881
0.105956966789614 0.0107678481641124 0.337577167101129 0.243283228323942 0.302414789621204
0.0639459182442598 0.0598204528724942 0.302489024676534 0.320172324570997 0.253572279635714
0.1968524603503 0.111507434112519 0.250877069930254 0.136518681617528 0.304244353989399
0.0648683472519691 0.627460510709078 0.042072813171793 0.0111923146734366 0.254406014193724
0.36846797264567 0.019468115808591 0.236345006624317 0.158310439657899 0.217408465263524
0.0571968306254478 0.119684763799558 0.441046254276655 0.135273354801844 0.246798796496496
0.115313694764807 0.366799246373248 0.0914654539023139 0.259693846734326 0.166727758225305
0.0825643898324256 0.216644349031658 0.163129156742706 0.299274014963373 0.238388089429837
0.315576256559752 0.247501327081462 0.0637103140385931 0.164178600400391 0.209033501919802
0.269565555279895 0.244474698793735 0.0155171552674418 0.343011382979101 0.127431207679828
0.0859524131204084 0.111641095167332 0.375079627478737 0.190600390039855 0.236726474193667
0.171266400984158 0.130215015346528 0.103199705381915 0.382167476701474 0.213151401585925
0.484246301974902 0.0960641394655103 0.121430479763837 0.171380843185243 0.126878235610508
0.321885556983079 0.0121637997471193 0.276602305968486 0.079899885425389 0.309448451875927
0.304251107685073 0.234887042444935 0.141223038158658 0.093134553519675 0.226504258191659
0.325376184085039 0.205074560812956 0.0383945533508399 0.254301231736157 0.176853470015007
0.018494890063612 0.227400966512448 0.210225203242249 0.300646720779776 0.243232219401915
0.364206414756856 0.346984312251423 0.0766596910978985 0.159367591515267 0.0527819903785549
0.34184808565404 0.321547073841952 0.014183232858644 0.140336744190684 0.18208486345468
0.192304136928753 0.377760560320758 0.0288037714917516 0.361798497057815 0.0393330342009218
0.258122397594464 0.074874395403433 0.181060526041479 0.222476590702329 0.263466090258294
0.330994693840627 0.0601419871017835 0.179244537747711 0.0660488982721507 0.363569883037728
0.258732110556371 0.12012937575263 0.072144756501953 0.373158483690478 0.175835273498567
0.187217409883019 0.0561213698247106 0.349254147936653 0.0377772460953437 0.369629826260274
0.190996303349767 0.22090029900707 0.241331306953593 0.111431830635318 0.235340260054251
0.0436508693239409 0.173517895761327 0.142822578563763 0.37378037284363 0.266228283507339
0.197818311946805 0.124964714435352 0.146179850849109 0.2533537191385 0.277683403630234
0.377308910583047 0.00388775123315825 0.00047908647266321 0.165726880212583 0.452597371498549
0.356514770077104 0.0296866188886671 0.308816649385376 0.0659932239929336 0.23898873765592
0.141090594428571 0.115788150898982 0.272654677668098 0.242823001539138 0.227643575465212
0.100714928874079 0.234381949944225 0.298473733358613 0.083295307893622 0.28313407992946
0.159781638450261 0.317614813116258 0.287113977045602 0.138061860620897 0.097427710766982
0.198545040679133 0.103275686980606 0.384393816592941 0.176708310241334 0.137077145505986
0.312325730959339 0.264556873014258 0.108247848357606 0.288460984144022 0.0264085635247755
0.173385127849344 0.289270156428484 0.313955618575193 0.108187075553638 0.115202021593341
