0.313327374368399 0.0905831986200697 0.365591311871897 0.230498115139635
0.294093399524959 0.195843816772341 0.438855900071566 0.0712068836311339
0.703155142053889 0.141705446661647 0.106995700450939 0.0481437108335257
0.134107190478155 0.184604559221031 0.433728067760788 0.247560182540027
0.0754378645387588 0.270895468632149 0.375505682760551 0.278160984068541
0.324170585620013 0.435647659615753 0.119823736598339 0.120358018165895
0.176579623508379 0.264711065393561 0.417150734617564 0.141558576480496
0.633483543124243 0.012289377181686 0.0618307379873657 0.292396341706706
0.0187389415491664 0.430189366143736 0.205173296519384 0.345898395787713
0.157556788175605 0.233803406056435 0.456576844225328 0.152062961542632
0.353095467481441 0.138978971265595 0.384875180807556 0.123050380445409
0.34881283463509 0.0716566381032361 0.309944061834404 0.269586465427269
0.313393591383094 0.00859044730194342 0.377572029838234 0.300443931476729
0.374381207558515 0.505103788845376 0.101398104610808 0.0191168989853014
0.0177210645016752 0.132697259862438 0.428879015061795 0.420702660574092
0.328768009858404 0.291994373746825 0.0708938334951024 0.308343782899669
0.0192892429973847 0.389029644278378 0.383797562703872 0.207883550020365
0.514937458220835 0.0704962014975364 0.163708271736082 0.250858068545547
0.210123790632137 0.343928017421931 0.112275362089502 0.33367282985643
0.242308670572329 0.260936397965897 0.2498239839415 0.246930947520274
0.0068738604927284 0.050823131907873 0.780538418756643 0.161764588842756
0.282716895376148 0.0323386754764693 0.293388087712752 0.391556341434631
0.487377351542845 0.0839533596694028 0.293585755590813 0.135083533196939
0.210147613051534 0.0554125353877624 0.16313716129646 0.571302690264244
0.229164564926542 0.0962205097032485 0.245251079953569 0.429363845416641
0.439889685596433 0.093635162948462 0.155692964429932 0.310782187025173
0.203061618295089 0.55594520053938 0.186893797406769 0.0540993837587621
0.0762607705551171 0.320614332308706 0.209080438377498 0.39404445875868
0.316482682870964 0.333962982083991 0.300242960636641 0.0493113744084036
0.37656064384234 0.461112418314901 0.0920926918860991 0.0702342459566598
0.199124321439603 0.244262487919117 0.278801073837109 0.277812116804172
0.177749844615636 0.0772773053038775 0.509533136743061 0.235439713337426
0.229810913972453 0.649796707223054 0.0765589005212671 0.0438334782832261
0.277375962806728 0.0899627125219889 0.364412962235896 0.268248362435387
0.351572600595224 0.136466615209386 0.40005005041545 0.111910733779939
0.0940553784926875 0.379179576767376 0.156578412435913 0.370186632304023
0.183216705441393 0.367902181311549 0.242155703837446 0.206725409409612
0.253344253071498 0.30206457526822 0.223378597063824 0.221212574596459
0.0457363986683478 0.166713533487388 0.50621819764191 0.281331870202354
0.28971963287343 0.482718076730149 0.0767686800491754 0.150793610347246
0.105092486505129 0.856028317457198 0.0235389529799304 0.0153402430577426
0.0772663435080583 0.543231365665661 0.3547240405748 0.0247782502514807
0.183731862854234 0.299336385149028 0.18075500617995 0.336176745816789
0.229691823811707 0.356150518663734 0.136059424203196 0.278098233321364
0.181437235512293 0.276364421835169 0.427239399244426 0.114958943408113
0.313985671389096 0.0509328009233056 0.163684855568185 0.471396672119413
0.131392514217887 0.416566449879036 0.135704022599942 0.316337013303135
0.302548746379487 0.134760779820707 0.068375589588398 0.494314884211408
0.410991888486739 0.122929939417708 0.431242082637078 0.0348360894584744
0.169505600458087 0.325987009479126 0.433478634227477 0.0710287558353096
0.142534479406939 0.229862918069432 0.568998770906431 0.0586038316171976
0.0222418743218052 0.0113837244223524 0.59049622097917 0.375878180276672
0.311558451510985 0.0868501233967238 0.255910492588277 0.345680932504014
0.0179813079945312 0.15413477951984 0.197620063318041 0.630263849167588
0.0473581566649437 0.499494162348256 0.130494111754505 0.322653569232295
0.370578336838868 0.555267742089055 0.0413747805454133 0.0327791405266629
0.283266536543407 0.438868919203368 0.248079490898691 0.0297850533545339
0.0581217942210249 0.385916867549839 0.233886368760624 0.322074969468512
0.25456000292797 0.381949480944777 0.175998276196235 0.187492239931018
0.242863202779283 0.192256910183817 0.237976316791356 0.326903570245544
0.269168944087853 0.0193002071459008 0.333720394706837 0.377810454059409
0.0719919045101421 0.666473290084916 0.0501847007856901 0.211350104619252
0.214158128933746 0.34930046874116 0.0938187986523735 0.342722603672721
0.266939263246757 0.346999015710557 0.0284969041443354 0.357564816898351
0.239134058360925 0.326187596199676 0.320956055356444 0.113722290082955
0.313227683257669 0.196623888441565 0.194411993363514 0.295736434937252
0.264545650104562 0.259492937597258 0.237444938499608 0.238516473798572
0.181180731728339 0.347695183998696 0.10900515481119 0.362118929461775
0.198549493094071 0.376286549221419 0.308069230125578 0.117094727558931
0.271492123554454 0.246754268995197 0.205339078429397 0.276414529020952
0.356339964947532 0.132124023686405 0.21394017730865 0.297595834057413
0.353705065391818 0.127722600985949 0.209434040248677 0.309138293373557
0.291841189103969 0.0690168479959759 0.26140055578095 0.377741407119105
0.15627190613805 0.143045782331054 0.616984749039443 0.0836975624914528
0.195343991231051 0.340703568605596 0.167657502114822 0.296294938048532
0.297202930829289 0.232066193734467 0.211317466902797 0.259413408533448
0.169954431580942 0.347928382742666 0.342300542215605 0.139816643460788
0.198111269392347 0.192560152341374 0.333156232328233 0.276172345938046
0.22773455710509 0.206610469217404 0.241792671997653 0.323862301679853
0.0307049411197182 0.223838326022674 0.53999204501077 0.205464687846838
0.380116097481787 0.31754765487721 0.128890092555649 0.173446155085354
0.216205369963562 0.10206494004212 0.419711983189561 0.262017706804757
0.162007063415661 0.0301345812438372 0.444332285190327 0.363526070150175
0.0923630862496252 0.364998803762353 0.182907475955817 0.359730634032205
0.0192840219833356 0.541799394294103 0.370530685291053 0.0683858984315081
0.03565328775251 0.287399464891328 0.324832361462143 0.352114885894019
0.0997029753047073 0.546415480574576 0.198598468056587 0.15528307606413
0.36836969507008 0.343516628208801 0.17785271498305 0.110260961738069
0.414344979891259 0.403085577988839 0.104209836196239 0.0783596059236633
0.493292466324816 0.161449017158546 0.203334484249286 0.141924032267352
0.272535497695851 0.327828492329805 0.0339098118246931 0.365726198149651
0.157946123138343 0.378885523572137 0.0244515727612831 0.438716780528236
0.0595495912989393 0.356489901998748 0.0177606743480028 0.566199832354309
0.474081778906415 0.384301654331167 0.000605490770069169 0.141011075992348
0.229168388914439 0.148591267064231 0.284811657100562 0.337428686920768
0.27141848650831 0.338338313840041 0.255205482430669 0.13503771722098
0.333339112356398 0.283300168954192 0.0442161772573334 0.339144541432076
0.305770420357674 0.355962542803137 0.0594116209902965 0.278855415848893
0.00916063804277129 0.695877506012568 0.194439655426197 0.100522200518464
0.119351071120098 0.0765566853265616 0.461603271142041 0.3424889724113
0.337755760659218 0.018000613444257 0.276001299283095 0.368242326613431
0.255747309894819 0.306198308487952 0.119351397582423 0.318702984034806
0.248955096339599 0.397761742607693 0.0757784931355029 0.277504667917205
0.311583316508179 0.0895226960299645 0.501526136073853 0.0973678513880026
0.131659555885535 0.325278359485525 0.244935022728825 0.298127061900114
0.244439003081281 0.337649448320116 0.239016228008984 0.178895320589619
0.286387799577406 0.00237727696064033 0.143061873686477 0.568173049775477
0.390367388743188 0.159410239669481 0.173151278923043 0.277071092664288
0.0937132172932781 0.322551531905805 0.340596485625677 0.24313876517524
0.0303041112526049 0.391473729374125 0.381295037532734 0.196927121840536
0.15740990304747 0.249004582900557 0.193111936359083 0.40047357769289
0.280147680565646 0.137312160512213 0.326263389862643 0.256276769059498
0.100571963617895 0.302196286792977 0.271661385386346 0.325570364202783
0.201849451092546 0.37430990525652 0.170318520228627 0.253522123422307
0.338479901137887 0.300499195839227 0.00674552419654648 0.354275378826339
0.299036267072603 0.192223846319598 0.328904993055805 0.179834893551995
0.299267970639633 0.201218145044448 0.355472130391737 0.144041753924183
0.186118799776937 0.244789321430957 0.275536174375116 0.29355570441699
0.476243278239924 0.0365746896285674 0.237507681500334 0.249674350631175
0.0413126629216254 0.338729680478964 0.193383448248397 0.426574208351014
0.356068691512704 0.267444313149977 0.304569022845633 0.0719179724916859
0.00112238303031506 0.358555829392942 0.195553973989026 0.444767813587717
0.3259525845876 0.150949645653461 0.365136728586109 0.157961041172831
0.591302380863433 0.168066841999703 0.0898705974770526 0.150760179659812
0.470350791525613 0.0795560104369801 0.107458468036987 0.342634730000419
0.22499349813318 0.173429419707606 0.23568637539464 0.365890706764573
0.145298498095489 0.336929154346715 0.22314082322288 0.294631524334916
0.287130813325315 0.140597717225038 0.436559326506759 0.135712142942889
0.186616395489214 0.124226863520276 0.142708321702143 0.546448419288368
0.291607813551393 0.253624823717895 0.285237577121245 0.169529785609468
0.25840718770211 0.373742338985902 0.184964820482979 0.182885652829009
0.362506009272647 0.553041576884598 0.0015827788792724 0.0828696349634828
0.335084324355988 0.427897853098993 0.118155339825435 0.118862482719584
0.0327469062412636 0.384560121290168 0.384078199653406 0.198614772815163
0.152188475211614 0.206167226617977 0.406156997212788 0.235487300957621
0.229348763575537 0.455320137841782 0.0108880607008776 0.304443037881804
0.489902926883167 0.113004923679228 0.179261038639584 0.217831110798021
0.199358340201282 0.20473186373587 0.306246427920466 0.289663368142381
0.335178560859695 0.32786349196658 0.175825055293702 0.161132891880023
0.132721373663665 0.234871563686997 0.164982505114489 0.46742455753485
0.36833122855615 0.250050758362594 0.372922398510576 0.0086956145706801
0.4674676308328 0.034697709783431 0.321778732862014 0.176055926521756
0.101439656156332 0.308557454977469 0.162793509384201 0.427209379481999
0.0929153781906887 0.20515652024576 0.245732096039874 0.456196005523676
0.329016905542154 0.426687057592218 0.226110211440516 0.0181858254251119
0.229539629969708 0.180982851630845 0.269577195040289 0.319900323359157
0.103359044537422 0.184398603744248 0.493691780796328 0.218550570922002
0.0308536466419449 0.456642189049444 0.0702630200215453 0.442241144287066
0.0750855013465077 0.496487277050853 0.101268455242398 0.327158766360241
0.406724763063153 0.345710544089827 0.158061743547737 0.0895029492992827
0.063953041797783 0.298541575643619 0.0824868637644794 0.555018518794119
0.262407636996976 0.261461782693022 0.214283245478366 0.261847334831636
0.386922595605661 0.238540337228387 0.140050336624677 0.234486730541275
0.289873810664508 0.324319200548776 0.0265702421495627 0.359236746637154
0.0471466227126016 0.409502797943491 0.116765772345956 0.426584806997952
0.230061573391411 0.422575087439833 0.270707265290441 0.0766560738783152
0.0818382273318072 0.314599186425602 0.155786819549159 0.447775766693432
0.631867185776783 0.10185239485134 0.188678889191139 0.0776015301807379
0.205377020863626 0.189590073740177 0.342196838796157 0.262836066600041
0.0431439633141864 0.256682179363262 0.451992974484579 0.248180882837973
0.0715159121879876 0.389090964648703 0.519876686677119 0.0195164364861908
0.141541096655416 0.377908194047272 0.0249424055731692 0.455608303724143
0.300851730917675 0.0841595156667965 0.355931796511091 0.259056956904437
0.380748005910219 0.0810683675177741 0.373755308023943 0.164428318548064
0.352972996883132 0.0705603389277416 0.314247933351459 0.262218730837668
0.0511297406617165 0.338679033195658 0.307763586111084 0.302427640031542
0.46083166396723 0.0583089919404484 0.0727000455778571 0.408159298514465
0.299966417655155 0.410690148381764 0.240883160013619 0.0484602739494617
0.258805552228671 0.121448598533693 0.388792240792251 0.230953608445385
0.0475050943329023 0.237527597850655 0.335705336597015 0.379261971219428
0.155812185637102 0.312078450119246 0.291378496835894 0.240730867407758
0.261307517195357 0.0825425842710132 0.20828044442535 0.44786945410828
0.195280687994438 0.132650747512287 0.431562097458963 0.240506467034312
0.267534895271143 0.114460079103736 0.351474109684637 0.266530915940484
0.245448737168694 0.403748645938458 0.060492820740967 0.290309796151881
0.453837598189449 0.324988688489055 0.0317697944373313 0.189403918884165
0.218240565384426 0.359526827041363 0.219496959483265 0.202735648090947
0.399125555741649 0.210819972675361 0.13665252670131 0.25340194488168
0.606525467824728 0.0189764303954943 0.242307497118739 0.132190604661039
0.125673837340187 0.0425825353917575 0.428614886441754 0.403128740826301
0.439219495391508 0.0674496794961855 0.441797869069633 0.0515329560426734
0.295216864449159 0.15101865506213 0.298184892668365 0.255579587820346
0.334252527335569 0.0131812178002984 0.327323547017872 0.325242707846261
0.573365937764362 0.00519506430541367 0.308993635331843 0.112445362598381
0.321880341843847 0.367461524863615 0.305251363272565 0.00540677001997305
0.127938341131732 0.352436693990986 0.285276933615442 0.23434803126184
0.259262046058685 0.330925851519212 0.255725555270868 0.154086547151236
0.118284536653519 0.460770447954363 0.332709644304728 0.0882353710873898
0.0522411155341899 0.190730852798597 0.388070596786051 0.368957434881162
0.0435134173748081 0.229417745991356 0.382848682442294 0.344220154191542
0.350209673019218 0.284806045423984 0.206288058971147 0.158696222585651
0.158907758133836 0.264218666378331 0.332949731073271 0.243923844414563
0.474099738933145 0.140340927113654 0.328753246097573 0.0568060878556285
0.40549763354235 0.404341721166916 0.102718108140092 0.0874425371506432
0.493294614466008 0.0369120665280968 0.0886686968991098 0.381124622106785
0.204271421261427 0.33216764654363 0.370784396160766 0.0927765360341768
0.227648867365811 0.29980078466844 0.165772329578015 0.306778018387734
0.350958674558319 0.213434308112743 0.29682961174991 0.138777405579027
0.340378841112732 0.109205584555661 0.179824388653409 0.370591185678198
0.452529168055638 0.343916708033969 0.0733776945211974 0.130176429389196
