0.00721762371369956 0.450061158049731 0.0674688244920371 0.475252393744532
0.350674262509329 0.237585138010031 0.183894256754005 0.227846342726636
0.402181562198524 0.0711552463184048 0.353823201438921 0.17283999004415
0.219589209973579 0.204806100251634 0.190460250834647 0.385144438940141
0.318738029484669 0.341429492377956 0.00553182693762821 0.334300651199747
0.403705386085012 0.213266617774 0.241738242349912 0.141289753791077
0.119778397824523 0.575133374052697 0.106661480003888 0.198426748118892
0.292419128104395 0.343545406707453 0.123148083842722 0.24088738134543
0.320656003794015 0.0382347441311047 0.386863496964986 0.254245755109894
0.336662051705828 0.461400963915069 0.0599782671313417 0.141958717247761
0.249352750921955 0.134472250220278 0.287991053984323 0.328183944873443
0.0820931647120266 0.345136048460567 0.0601179773929802 0.512652809434426
0.298674917809121 0.218482409371486 0.458080637865712 0.024762034953682
0.303747495430462 0.0648263377366853 0.11810877634014 0.513317390492713
0.170677009509847 0.222353672215646 0.238547984809412 0.368421333465095
0.241898223637678 0.332801577806396 0.286732718362767 0.138567480193158
0.319634163229128 0.57035885089246 0.042835866079321 0.0671711197990911
0.0902570681556642 0.204158380080812 0.468886880573897 0.236697671189627
0.132401152811735 0.322837435779232 0.186707276899867 0.358054134509166
0.373459602884597 0.0387473987147823 0.417983985434027 0.169809012966593
0.195864854422966 0.386919503746708 0.181083714869717 0.236131926960609
0.297637437237704 0.255985852861646 0.118463635242046 0.327913074658604
0.26732155099613 0.111790912505344 0.225128815114708 0.395758721383819
0.172108137517938 0.310034658904036 0.171318836446372 0.346538367131653
0.435205908468943 0.0762761971356286 0.374300576970434 0.114217317424994
0.24946701393433 0.174857443389775 0.335086142024377 0.240589400651519
0.187620252484458 0.389510487727891 0.24603215261906 0.176837107168591
0.406672401103375 0.0334665766613314 0.423130352688372 0.136730669546921
0.334621622941527 0.0948832726554737 0.350359218143774 0.220135886259225
0.352745895544408 0.142371169227997 0.293106069625631 0.211776865601964
0.213750208418832 0.336034442072834 0.353524650352948 0.0966906991553859
0.0710906298770807 0.322190509629578 0.565033072149145 0.0416857883441964
0.0642038916641297 0.275764460036666 0.519592581517552 0.140439066781652
0.399261332517119 0.0573645198108268 0.396649923586145 0.146724224085909
0.346187718301231 0.240251809268035 0.113945732896309 0.299614739534425
0.295122146767176 0.392907287428228 0.238373551421868 0.073597014382728
0.314661234180724 0.305602129546959 0.100000480585962 0.279736155686355
0.095766880246527 0.175012280516108 0.414504389642217 0.314716449595148
0.242392168358294 0.350996161807751 0.109680302285856 0.296931367548099
0.136831329257069 0.335995846109383 0.298216589009506 0.228956235624042
0.326308361875706 0.186953706810628 0.261171711765321 0.225566219548345
0.26372605191113 0.219331306163511 0.0290405009515475 0.487902140973811
0.355467555103971 0.269707233641403 0.120201930135381 0.254623281119246
0.0477681512322073 0.192327884492472 0.674503574541596 0.0854003897337252
0.0204179890095654 0.328316605721861 0.393830340238562 0.257435065030011
0.00989755489765108 0.240931409238958 0.357023119386964 0.392147916476427
0.251750531585466 0.353207858193365 0.0943766104800864 0.300664999741083
0.263998749167874 0.187528082092551 0.0707086904062947 0.47776447833328
0.402543432409002 0.305548814675944 0.279151541179121 0.0127562117359336
0.184250688226238 0.271350260370999 0.296280493669915 0.248118557732848
0.198228629813029 0.0409595786352088 0.398192003609138 0.362619787942624
0.0902653616096898 0.603203214190701 0.149432292429869 0.157099131769741
0.165500170147008 0.032259370454983 0.480031523861986 0.322208935536024
0.0930831037640891 0.463291816416301 0.214125743028732 0.229499336790878
0.0736432328989414 0.397669483606625 0.13831057283494 0.390376710659493
0.686983129213217 0.0334033303265666 0.0204858093662059 0.259127731094011
0.346635035077231 0.110582884984222 0.369039700197149 0.173742379741398
0.364423243539016 0.156123913360257 0.441818347865214 0.0376344952355133
0.204616888612668 0.128090263888095 0.327854574158159 0.339438273341078
0.220566072893411 0.252214699604012 0.327242938329037 0.199976289173541
0.217937941110932 0.351491965729553 0.395958356620151 0.0346117365393639
0.360856195422981 0.361803826186133 0.15918066756331 0.118159310827576
0.0886385567556898 0.420046625228447 0.352135439124114 0.139179378891749
0.27190869541159 0.170872121451616 0.283324868620621 0.273894314516173
0.00742748642532178 0.396622396695041 0.356936664854601 0.239013452025036
0.0166698446509246 0.0204619964165501 0.466623939487807 0.496244219444719
0.332538542620089 0.217789307689016 0.352477444427418 0.0971947052634768
0.111025340698337 0.469259518035891 0.281605152103686 0.138109989162085
0.0727377773397732 0.278102550735782 0.322706311561642 0.326453360362803
0.155369578167812 0.436500577432418 0.401238961342748 0.00689088305702269
0.772337180917806 0.0282660614486888 0.166336183551755 0.0330605740817505
0.18096115741296 0.335439157879669 0.353344614516268 0.130255070191104
0.302514220653681 0.315280683438204 0.258032480827674 0.124172615080441
0.0562503907939303 0.330876954449383 0.263949433561004 0.348923221195683
0.307825055813741 0.162037330041304 0.34805489941239 0.182082714732565
0.0370661716373777 0.0864827262138582 0.297372672237804 0.57907842991096
0.316526081835887 0.11437597652606 0.225310033279692 0.343787908358361
0.350325547199534 0.306984463899439 0.302543994346705 0.0401459945543217
0.0842432804001879 0.252588541643897 0.293375321049473 0.369792856906442
0.337892363622655 0.166004227063359 0.212623913487636 0.28347949582635
0.0748574831307401 0.35220071356428 0.117193156422278 0.455748646882702
0.57398754541283 0.235143387622442 0.0736356136084473 0.117233453356281
0.299031868471644 0.141579483624678 0.0361601587106397 0.523228489193038
0.357582850298474 0.150481777804147 0.286334392001125 0.205600979896254
0.246618973073035 0.374540735800826 0.276685957677162 0.102154333448977
0.0078377813599448 0.36140775000339 0.292466756930675 0.33828771170599
0.150630099586268 0.40988540540974 0.416224971598762 0.0232595234052299
0.167154240230464 0.138838309611923 0.425540600175227 0.268466849982386
0.32380180029778 0.0798778138932708 0.243189929861558 0.353130455947391
0.408894049118379 0.371323500503942 0.138575996675636 0.0812064537020432
0.134605666341574 0.386963981632862 0.327436482400954 0.15099386962461
0.263177690782357 0.103580656910864 0.363307198135035 0.269934454171745
0.272626467407904 0.0210455911906439 0.111567458634483 0.594760482766969
0.232094899974068 0.257677646691453 0.301870146970966 0.208357306363514
0.342846261977284 0.186024120444671 0.0725347622150484 0.398594855362996
0.0352802040085266 0.120898796624787 0.128738863912731 0.715082135453955
0.114640845884629 0.318281298052299 0.300366361827674 0.266711494235398
0.201329658991046 0.309427588479392 0.24437888187453 0.244863870655032
0.207383071710514 0.13014209613434 0.226251254117221 0.436223578037924
0.288555401845167 0.240977749602255 0.354593652014236 0.115873196538342
0.305907590001552 0.300551080866014 0.334223586165732 0.0593177429667017
0.221492348634131 0.430781034753053 0.0165503847906852 0.331176231822131
0.331460531931683 0.088275623892113 0.265220275448089 0.315043568728116
0.419838181034721 0.135394069733682 0.0731757397746376 0.371592009456959
0.602559843120561 0.190888400407414 0.167186153174529 0.0393656032974959
0.489506576241165 0.138631378455489 0.0702348069692345 0.301627238334112
0.401782573079885 0.378865062032317 0.198834532845259 0.0205178320425395
0.0440748846388236 0.47649757753086 0.318498053754171 0.160929484076145
0.291869652962242 0.252030817290926 0.193911203205838 0.262188326540995
0.179703968105269 0.261198706546939 0.434444640087921 0.124652685259871
0.323897817363123 0.148718655774414 0.243798446839736 0.283585080022727
0.228317661350751 0.304879528834595 0.053143697542809 0.413659112271846
0.256183003189234 0.317422878932608 0.176717111046788 0.249677006831369
0.336770433319482 0.311926400054384 0.0575395304806271 0.293763636145507
0.372832407047908 0.164640019580051 0.273197388478884 0.189330184893157
0.244837051408614 0.172545793421356 0.433840387829568 0.148776767340462
0.26749648184319 0.0808657110603814 0.380917368504417 0.270720438592012
0.0959203485695359 0.153034989080734 0.284680367467495 0.466364294882236
0.282482150214239 0.349768521519048 0.189912776803529 0.177836551463184
0.294140874427764 0.196780253772721 0.264658687879478 0.244420183920037
0.460067957280235 0.377793595672916 0.16197879124223 0.000159655804619117
0.305431077862659 0.137954229419565 0.174731349110399 0.381883343607378
0.138750438890596 0.061107625416974 0.14916598490594 0.65097595078649
0.025872344611595 0.503977808976552 0.306218788228859 0.163931058182994
0.284372409158756 0.193301438626547 0.282805002909515 0.239521149305182
0.280495346112209 0.127481479075701 0.407217536753916 0.184805638058175
0.205195919425666 0.262541325726214 0.206982951643997 0.325279803204123
0.355182889609369 0.379990787496895 0.126019144199486 0.138807178694251
0.191646951609224 0.396349070479766 0.144472347409355 0.267531630501655
0.0680569949751514 0.343225193919482 0.29588982089333 0.292827990212037
0.493597740241736 0.288472117783373 0.160417298933266 0.057512843041624
0.34820773215195 0.212729883360214 0.351233280808434 0.0878291036794019
0.273118924377372 0.335978950809686 0.330086305065668 0.0608158197472735
0.0236452231421221 0.269935027843078 0.325321278386008 0.381098470628792
0.204561699447567 0.0781487021152867 0.327865635400164 0.389423963036983
0.102416768334185 0.385589329961852 0.121018578437699 0.390975323266264
0.0639413068265981 0.554738192719277 0.206963432863681 0.174357067590445
0.359648232404367 0.309244508108734 0.250896163557162 0.0802110959297369
0.185953592354745 0.0566573724922512 0.273964223280641 0.483424811872363
0.270840539976798 0.222509617648275 0.364336861828149 0.142312980546777
0.278035117339703 0.335790778131516 0.142383857492814 0.243790247035966
0.147491014512298 0.0675287189621681 0.599275060831961 0.185705205693572
0.147490739617147 0.308704811579509 0.120057177948833 0.423747270854512
0.137878419233912 0.099067650398056 0.314865873195409 0.448188057172623
0.522688548666714 0.14480113798667 0.139398964304082 0.193111349042535
0.0698434565860445 0.442633776304313 0.0143070298962771 0.473215737213365
0.109434290730159 0.288520592710696 0.323477359306542 0.278567757252604
0.199907916612999 0.219782243751679 0.331590869946874 0.248718969688448
0.0415397044268211 0.434542515650267 0.00542100778238727 0.518496772140524
0.191610209498273 0.0523376232230789 0.412031668355673 0.344020498922975
0.22380330438438 0.422282333102158 0.050836410988227 0.303077951525235
0.305658748631119 0.317836812105762 0.0968827762185686 0.27962166304455
0.0231700872373143 0.349764458533487 0.181711608578008 0.44535384565119
0.271044714385734 0.230888078675577 0.357724659958597 0.140342546980092
0.0219036351934332 0.390202971025448 0.354141024438518 0.233752369342601
0.277832278994274 0.303340658230639 0.0223555139960239 0.396471548779063
0.385954862504696 0.359020769253997 0.171774787626531 0.0832495806147757
0.053182667088245 0.196025344359599 0.639095433825534 0.111696554726622
0.267207297257803 0.149099168448781 0.475623273944606 0.10807026034881
0.131916387435503 0.425382524166909 0.16439732025459 0.278303768142998
0.473401381084665 0.199567580824921 0.211594335367501 0.115436702722914
0.464495245304577 0.194780511691788 0.0835829002238501 0.257141342779785
0.286310149883237 0.230392095971955 0.204836675303203 0.278461078841605
0.102293787234947 0.370038302070318 0.213445032555574 0.314222878139161
0.239662867949129 0.1137580363943 0.345151758120273 0.301427337536298
0.00481400955998108 0.613447833091406 0.169420211891972 0.212317945456641
0.334824462255068 0.195520183866574 0.436737415570964 0.0329179383073943
0.251598326091177 0.249342689846844 0.223612467513783 0.275446516548196
0.566565592370871 0.264840178464574 0.114035392333842 0.0545588368307124
0.295955871316699 0.128479292422351 0.314859601486104 0.260705234774846
0.323122822794706 0.342535071313868 0.102704863107207 0.231637242784219
0.0815053323157289 0.476775778297869 0.359802544497494 0.0819163448889074
0.152226689688171 0.465946333850319 0.290561974023808 0.0912650024377025
0.0802176328586741 0.144866379871178 0.628635733660524 0.146280253609624
0.391520497207031 0.460161367866522 0.0471130939591924 0.101205040967254
0.303107766535028 0.297466644937022 0.221499186180545 0.177926402347406
0.108860356019276 0.275481748170358 0.489087767975013 0.126570127835353
0.355654671845195 0.32586981053594 0.0943210991422183 0.224154418476646
0.137547423035504 0.554045516169868 0.238127753639835 0.0702793071547933
0.138463242485056 0.360057305645748 0.396075977516053 0.105403474353143
0.197432639828787 0.244274096695213 0.395262112760055 0.163031150715946
0.340600401266984 0.159498972641684 0.306277874474875 0.193622751616457
0.0304673230440567 0.0878908860741981 0.444727387724319 0.436914403157426
0.119336703836289 0.337809899332957 0.137849437936648 0.405003958894106
0.0357323795703349 0.245238903439355 0.249165889424429 0.469862827565881
0.148642239464821 0.200964104397289 0.621344287309446 0.0290493688284442
0.390250044942444 0.0276956387229055 0.348463843463122 0.233590472871528
0.309883851708294 0.211226740113276 0.160004106293209 0.318885301885221
0.13077518275728 0.0554300011590829 0.385342825465175 0.428451990618462
0.330978048047449 0.269948401206924 0.02138210613058 0.377691444615048
0.424001409450822 0.322000767177014 0.0180111841988951 0.235986639173269
0.312497645110071 0.521048531658355 0.0746031535150491 0.0918506697165257
0.416704317186722 0.464905754405109 0.0963517161926268 0.0220382122155425
0.22966388653488 0.125259157266513 0.474090156013953 0.170986800184654
0.25206660682083 0.215208241001838 0.255091499887609 0.277633652289723
0.453457864706761 0.030235186804963 0.0969168357785271 0.419390112709749
0.391356271660998 0.110862252686747 0.346742777449607 0.151038698202648
0.0371897152651256 0.451533509103621 0.209317817678996 0.301958957952257
0.294062306145076 0.352892650599204 0.16701591069673 0.186029132558989
0.262348835639688 0.245451159355817 0.203050874649839 0.289149130354656
0.157970774932562 0.189389687633816 0.259765475335177 0.392874062098444
0.414621860765078 0.0327827757237317 0.372680512644044 0.179914850867146
0.370165013863506 0.385887788977681 0.07181911954464 0.172128077614173
0.313998162693652 0.219414324551594 0.17722431846385 0.289363194290904
0.450548283249504 0.194922452757467 0.121938274891613 0.232590989101416
0.355557966739847 0.291016634285741 0.261882473889653 0.091542925084759
0.167099327869713 0.0207160233764843 0.290883588649639 0.521301060104164
0.148838288485761 0.168774749455385 0.267500030119618 0.414886931939235
0.487570714210763 0.0155659304149953 0.458657992356064 0.0382053630181775
0.287848438905666 0.0337032116828713 0.326155576763694 0.352292772647768
0.091829361421738 0.0424857928050483 0.599653741159862 0.266031104613352
0.0979548373003712 0.228874330997115 0.362807050638739 0.310363781063775
0.183116780218059 0.0981225762131944 0.422222331392461 0.296538312176285
0.526579682798914 0.0142159194093529 0.108336721970552 0.35086767582118
0.348007019018077 0.522170692552008 0.112806663370091 0.0170156250598238
0.417490018198093 0.175382749998819 0.00827352478120161 0.398853707021886
0.335790701059697 0.236546479679226 0.106262890016363 0.321399929244714
0.326478097170747 0.00122626572499543 0.311511186835144 0.360784450269113
0.292207764085955 0.318045997166152 0.196933675665898 0.192812563081996
0.255180611070237 0.290935780681439 0.280176633026442 0.173706975221881
0.287274442434807 0.367828340821947 0.0437035317455967 0.301193684997649
0.264490286303453 0.35140109973033 0.333009886030845 0.0510987279353728
0.120523938455992 0.0685987117682501 0.535899494568211 0.274977855207547
0.653537227098353 0.137443838963797 0.17244333340522 0.0365756005326298
0.283173808386013 0.178754534179082 0.286225666518686 0.251845990916219
0.487151085219619 0.279827611744105 0.210104762779282 0.0229165402569944
0.322524108442164 0.266548434659255 0.069742157760084 0.341185299138498
0.315985017628055 0.35070722134356 0.272849635021747 0.0604581260066376
0.473539197873508 0.292321497076333 0.0734690517472759 0.160670253302884
0.033856320260825 0.160067312617435 0.298076081375979 0.508000285745761
0.359929261315161 0.274794100815067 0.306615949504069 0.0586606883657036
0.279194425675347 0.184896615733274 0.233181089731554 0.302727868859825
0.126735976884952 0.273362944770316 0.340598771977291 0.259302306367441
0.48805975939804 0.134271716489718 0.0092666718819572 0.368401852230285
0.333462427884808 0.206864943739677 0.199946636488546 0.259725991886968
0.0759876736321854 0.283462002848852 0.280337988476615 0.360212335042347
0.267046155861462 0.321969660785019 0.015484473628538 0.395499709724981
0.606987129696066 0.124994375322558 0.103462887694671 0.164555607286705
0.212439762958833 0.262434070768664 0.242578407969339 0.282547758303164
0.213327085456584 0.0920494010914279 0.421427656592263 0.273195856859725
0.106479407878837 0.239051991626228 0.294394185796001 0.360074414698934
0.347870823948091 0.151558903432899 0.482249964812338 0.0183203078066709
0.189071177591595 0.483491372627038 0.316186173859524 0.0112512759218429
0.329895614785427 0.580260603015923 0.0210989168814179 0.0687448653172317
0.250440240247407 0.249016543068356 0.234257426994508 0.266285789689729
0.2744883125637 0.258624905464798 0.285780800309874 0.181105981661628
0.265288566564622 0.0767254419198901 0.343960758711129 0.314025232804359
0.00735161075390459 0.354509158943538 0.0294728458996929 0.608666384402865
0.296822240053983 0.172129084896098 0.054213585637495 0.476835089412424
0.416371069816316 0.230392913235361 0.064542711702259 0.288693305246064
0.157291864007831 0.151092589542343 0.00259546391118252 0.689020082538644
0.298219852882727 0.012758469483794 0.385306681990227 0.303714995643251
0.356492048805668 0.0902973394203995 0.211524369808965 0.341686241964967
0.136787834744931 0.611748517863982 0.143278111066669 0.108185536324418
0.356775467385373 0.163643033502922 0.352816387372087 0.126765111739618
0.141915613848654 0.327336073640194 0.191465924063203 0.33928238844795
0.334630923187692 0.0818422144538006 0.215495823851064 0.368031038507443
0.202460496549667 0.359482446578473 0.135515989012895 0.302541067858966
0.00988907817944174 0.289821392809966 0.331980829285547 0.368308699725046
0.366653918828366 0.0244308305412989 0.427733476981163 0.181181773649172
0.126011717801088 0.551901257824485 0.297499105013637 0.0245879193607898
0.0311559558616593 0.361276930762862 0.374364299290507 0.233202814084971
0.082852514884466 0.141124962985584 0.393271809352026 0.382750712777924
0.304388474813206 0.417098621628236 0.0982829814828085 0.18022992207575
0.0115591443552524 0.285865558982301 0.165170213029246 0.537405083633201
0.562177496691654 0.340009417774878 0.0475347411935626 0.0502783443399049
0.271928421091997 0.210550620971008 0.448856515730112 0.0686644422068831
0.221470451983813 0.261067713804065 0.180116061379276 0.337345772832846
0.263674408807227 0.198048498582142 0.244748117834521 0.293528974776109
0.301419829277872 0.11432247944503 0.062031612788151 0.522226078488947
0.588410767467924 0.110327252545212 0.0904782453311078 0.210783734655757
0.110028022464132 0.372389399075932 0.381710160676769 0.135872417783167
0.351131342332786 0.23201574034306 0.30006238558897 0.116790531735184
0.179443863325091 0.439229602541055 0.142411389910463 0.238915144223391
0.199024047169014 0.435034757062315 0.116383740894678 0.249557454873992
0.0597230540222803 0.432020464414675 0.0355178170309651 0.472738664532079
0.319623015331329 0.13646551625405 0.31808319953535 0.225828268879271
0.383447024004455 0.388265952323795 0.120994894663475 0.107292129008276
0.485486110283429 0.029212122758683 0.0993790086002126 0.385922758357675
0.414161945637405 0.330385755655496 0.114486885786591 0.140965412920509
0.0105194956330356 0.259953725456016 0.311714669199784 0.417812109711165
0.37014569273126 0.438988263649414 0.0125563683457053 0.178309675273621
0.0432709676736642 0.317468371988965 0.230145963306376 0.409114697030994
0.251145446848335 0.270025828365596 0.210351951366804 0.268476773419265
0.10509875239167 0.371631678278351 0.453390653959275 0.0698789153707034
0.396875832327941 0.0550261308732057 0.248588761037108 0.299509275761745
0.24167876958686 0.322040571303817 0.276060187544244 0.16022047156508
0.308419938129596 0.483462011113815 0.110723030805594 0.0973950199509959
0.324590940762146 0.0957914064718865 0.508735316462068 0.070882336303899
0.301551759106606 0.171905854267037 0.422930439661013 0.103611946965345
0.525835688584087 0.3799716411002 0.0638462791540878 0.030346391161626
0.242832923129143 0.218686609335634 0.254690895562565 0.283789571972658
0.657174863801625 0.171522755332595 0.0228939935002192 0.148408387365561
0.163330167006736 0.365584748518065 0.372449192943127 0.0986358915320719
0.408790504745965 0.0639038926782549 0.116536841143478 0.410768761432302
0.177041009010044 0.285158276871885 0.232433387418832 0.30536732669924
0.698233655295696 0.208171808678487 0.0931578040191821 0.000436732006634968
0.116886457183354 0.00758708400230903 0.410291549936789 0.465234908877547
0.145157721418986 0.330171208096327 0.356328595426566 0.16834247505812
0.386576490946836 0.253905599256784 0.103471145349892 0.256046764446489
0.327496336422421 0.298106019336378 0.267982447985709 0.106415196255491
0.232938064207262 0.0229166690533253 0.212185911011212 0.5319593557282
0.145365666074539 0.223977826466708 0.174529740225649 0.456126767233104
0.355523243252046 0.090093987970028 0.378575703343754 0.175807065434172
0.176273171048079 0.374455848229056 0.264754294988482 0.184516685734384
0.0282794851681954 0.406721586553349 0.349772464460358 0.215226463818097
0.17128194598427 0.675953518944597 0.0312420242594131 0.121522510811719
0.611558226195265 0.0280404693337749 0.0702834808710626 0.290117823599897
0.305170074707092 0.13290419364611 0.0552085415028957 0.506717190143902
0.129094752951487 0.0618217852704059 0.139324165077339 0.669759296700768
0.00906843837299648 0.431759614367785 0.181830540084039 0.377341407175179
0.225642580233097 0.124003616051697 0.35008790320526 0.300265900509946
0.46109341607873 0.00855671531434667 0.392983108540925 0.137366760065998
0.479401661728271 0.0210328425797409 0.335186697027549 0.164378798664439
0.29170064850881 0.308595230087321 0.242991461065909 0.156712660337961
0.332006852328038 0.187003577915413 0.200383088758825 0.280606480997724
0.28913846698313 0.140301255848499 0.548585919986293 0.0219743571820769
0.0222331158752296 0.525488742660801 0.0856801622496921 0.366597979214277
0.396321195209777 0.0177972243359453 0.300756704967525 0.285124875486752
0.11983893085632 0.235518843170938 0.381013644660166 0.263628581312576
0.0481237580066884 0.185136297439029 0.619355582683462 0.14738436187082
0.258758591130253 0.247839702706363 0.254307692353447 0.239094013809937
0.541423007172152 0.189505463152326 0.233074470814553 0.0359970588609693
0.0993325176206246 0.16695798681053 0.491978081106346 0.241731414462499
0.332132199490748 0.161640332232807 0.371111350514242 0.135116117762203
0.454070027843798 0.120638882420859 0.292719325257203 0.132571764478139
0.212724106032739 0.315809842505628 0.137651853948788 0.333814197512844
0.0802250075567 0.15551302277127 0.158588258570908 0.605673711101123
0.265346531859285 0.270881138232899 0.346556118161954 0.117216211745862
0.273953712542444 0.2726359739701 0.212625111555406 0.24078520193205
0.335442520903551 0.0535641563725205 0.351948184272719 0.25904513845121
0.193067215477534 0.298185428940108 0.235841010847809 0.272906344734548
0.232952440894819 0.645935066318626 0.050205138472593 0.0709073543139613
0.29210576028392 0.104152563350542 0.324418908670135 0.279322767695402
0.313664409062814 0.142687676515173 0.15839153857517 0.385256375846843
0.334593056206157 0.239147187616739 0.300801054789054 0.125458701388049
0.154739155220119 0.254786476366949 0.351868612958202 0.23860575545473
0.428741496365188 0.259327204093457 0.237140944617122 0.0747903549242335
0.292402856410644 0.300547869585182 0.280693197868997 0.126356076135177
0.127185167781441 0.101724939779344 0.491946390956822 0.279143501482393
0.305549493892397 0.0836839496188557 0.305804370655872 0.304962185832876
0.0931598921422599 0.0542486811698151 0.339188009150851 0.513403417537074
0.267892357412933 0.0320359190193788 0.223336246745134 0.476735476822554
0.125626220637248 0.183161917680138 0.510491761722699 0.180720099959915
0.321840733151611 0.286326149885519 0.164741868287123 0.227091248675747
0.392055825419053 0.29304951032066 0.0887528357230676 0.22614182853722
0.0376129175608066 0.441456565936109 0.164395363525611 0.356535152977474
0.406250266794845 0.103086471437623 0.260094876863722 0.23056838490381
0.222929799818102 0.24226539029009 0.262336467380001 0.272468342511806
0.165304477429946 0.316375725612401 0.267490351622613 0.25082944533504
0.130635439349189 0.327348325140265 0.329387847545736 0.212628387964811
0.352853385948672 0.103274079765504 0.382176083553554 0.16169645073227
0.199999129546218 0.386649828975331 0.0953611428961374 0.317989898582313
0.175261787188278 0.383131539545151 0.208325735881002 0.233280937385568
0.194233853965651 0.325244945260483 0.141829718248709 0.338691482525157
0.359057161054314 0.147119170921333 0.31048184159675 0.183341826427603
0.358979578653652 0.12599076419216 0.297511522634999 0.217518134519189
0.127237958437066 0.274521993068734 0.257056221006256 0.341183827487944
0.0318752006273161 0.244312112859048 0.387238131889974 0.336574554623661
0.105305332871733 0.343802551869247 0.330320525900362 0.220571589358658
0.0111368009980044 0.105855375145871 0.513676533673899 0.369331290182226
0.322295052087903 0.346010535361356 0.111512450927472 0.22018196162327
0.211111135180848 0.22324764238029 0.169764076406725 0.395877146032138
0.32184821030659 0.264445335709029 0.142875815871677 0.270830638112704
0.22627436931693 0.201260134336783 0.477198762511837 0.0952667338344498
0.177007372756206 0.293977795772777 0.285145469606071 0.243869361864946
0.247683228783866 0.0231476356763441 0.115014088643116 0.614155046896673
0.124982193160956 0.136074536317898 0.504977604275177 0.233965666245969
0.135845690606016 0.548523612581657 0.0994561164638409 0.216174580348485
0.396473144316125 0.374159506372777 0.0542017160273294 0.175165633283768
0.373693950760631 0.163857924115077 0.318492524708044 0.143955600416249
0.24569596272618 0.190889277509245 0.441430911200323 0.121983848564252
0.0811514161101343 0.497641063661947 0.0384497092003106 0.382757811027608
0.428891072159703 0.147958549181404 0.316321359119254 0.10682901953964
0.089005418657481 0.394493248214951 0.453472306872523 0.0630290262550449
0.338102568037994 0.192131360595626 0.144822991370535 0.324943079995845
0.409453621516184 0.161725422783611 0.313414840977485 0.11540611472272
0.320625522597184 0.0216020966978222 0.0837609454181212 0.574011435286873
0.405837174593577 0.516975571607315 0.0323785971786157 0.0448086566204924
0.073386020575707 0.307039189087582 0.322265435756642 0.297309354580069
0.199105638327581 0.265901352575172 0.387202911280674 0.147790097816573
0.22009115497865 0.169988751587004 0.502076241843495 0.107843851590851
0.236584205349313 0.194611720674099 0.287652533154429 0.281151540822159
0.122541233089209 0.437737546091498 0.405080190169727 0.0346410306495659
0.324977917964436 0.13009435595207 0.208333082737442 0.336594643346052
0.116112253385991 0.353095424143391 0.281086520467288 0.24970580200333
0.307346447229111 0.409953721783426 0.200702069764096 0.0819977612233673
0.287215471043935 0.297636549831322 0.131022165739886 0.284125813384857
0.169990815192259 0.159071485411611 0.314139249776412 0.356798449619719
0.167062530545747 0.273511157522214 0.297168652460138 0.262257659471901
0.108186103400902 0.0787527403642482 0.286402608126556 0.526658548108293
0.211072272321898 0.152139517192083 0.149798284700245 0.486989925785775
0.0532450386514839 0.676374719832525 0.232667329298195 0.0377129122177969
0.297241184375318 0.116825200534549 0.0995412995882144 0.486392315501919
0.355633266534446 0.195145038248138 0.304914223657449 0.144307471559967
0.487497707619864 0.217480622894753 0.0860184130225788 0.209003256462804
0.255408247614428 0.0397170958737233 0.61327084055173 0.091603815960118
0.278155509707235 0.17952492417988 0.172292399808294 0.370027166304591
0.298392868904418 0.0799794462433313 0.375068160781628 0.246559524070623
0.171587532532304 0.341547894196046 0.249959266219757 0.236905307051892
