0.117952638448404 0.172038705418358 0.108999111838698 0.0601640124052482 0.212478183802016 0.0600084557308226 0.0459696870620493 0.0173108908391214 0.205078314455283
0.0123845623976854 0.120818022094769 0.0211715762434236 0.0225053285232593 0.184736229194388 0.220044672743618 0.159839326730995 0.114427908040325 0.144072374031536
0.100976558635213 0.134264458889959 0.114093065888068 0.108171524522596 0.0417647060371981 0.141679429579532 0.160801002088322 0.0396334314194416 0.15861582293967
0.0980319133065217 0.197414590028644 0.00542327904806312 0.106893873091217 0.0570908202218467 0.137650474178451 0.15235957316556 0.158448015703853 0.0866874612558432
0.205431634640099 0.0252559912600423 0.176439502645729 0.0352696173727103 0.0806077460783202 0.0998966941761941 0.128119571678767 0.0345552042451959 0.214424037902942
0.00890685096738724 0.0252005024933703 0.262590536078481 0.143233145906218 0.265802159510055 0.0387077457864972 0.0488298167747111 0.178489071610933 0.0282401708723477
0.221207560937183 0.231755778029131 0.00105216663641451 0.0305902460108767 0.058755718565671 0.0578763229865379 0.0774722252517813 0.263986055522674 0.0573039260597299
0.155906980198569 0.158611928785707 0.121613771896861 0.0718861938087233 0.135081772418097 0.0587994772186446 0.13962862281767 0.11270789339495 0.0457633594607793
0.181133954854041 0.150757130816254 0.0479513081820891 0.0213715651623976 0.141704027395505 0.113877918720388 0.216317360589626 0.103202900548284 0.0236838337314156
0.00533481184996667 0.0984856521798687 0.196359209193042 0.150189863144463 0.108235821310355 0.0192901902477651 0.12501478797606 0.120308021129934 0.176781642968545
0.0634520652206159 0.115944393205704 0.0876261168830594 0.155713902401516 0.0570127717777292 0.121080793363268 0.123832600597421 0.137144429289746 0.138192927260941
0.086031058387876 0.104917653078957 0.0941620801564459 0.0709757330180656 0.157995836472815 0.143763060177956 0.0710911295614488 0.14829304297807 0.122770406168366
0.173917883958405 0.122460876991072 0.0327971211647025 0.00740676570791382 0.141620465752565 0.147337054752767 0.185683906275457 0.178957017937991 0.00981890745912658
0.0433037174704636 0.126700076664156 0.0541737388069209 0.137471700473701 0.146571478851089 0.101266140311544 0.155487695269668 0.0874558275915928 0.147569624560865
0.065258170274219 0.0697582372807672 0.17743140586002 0.0648604848428746 0.204631843701253 0.0729099720831497 0.0489190634204416 0.188761026301345 0.107469796235929
0.0290444206150782 0.0657023164683662 0.216412744025899 0.076879899439547 0.22703402115897 0.15499724557889 0.0228214889380814 0.15446107587243 0.052646787902738
0.145253471288902 0.16201584832504 0.137565057855517 0.0841476728275651 0.0420170873925929 0.122048033028627 0.034461955351624 0.147258174163982 0.125232699766151
0.0861604463205545 0.179913654692272 0.184911273917872 0.169043324620092 0.0175330965279186 0.127017670745994 0.128383843369116 0.0935881971279244 0.0134484926782565
0.158469260630763 0.127666726967728 0.168829523531658 0.171936205447115 0.0868535845271036 0.0324178571063452 0.0753855641415114 0.0817332020367161 0.0967080756110598
0.0835397686364378 0.0076381726459899 0.047459633844754 0.176946597880107 0.188329579662316 0.349050241681554 0.0358074412447393 0.0483492814014371 0.0628792830026652
0.0833475293598979 0.134158201455061 0.145518838507455 0.18282607673219 0.0319853442829952 0.194544795248466 0.15087834554889 0.0092896930525826 0.0674511758124622
0.0738101964180868 0.165345541606815 0.149626607903307 0.00871696105526697 0.0561167194827879 0.130927730850397 0.150636889570312 0.150029607914 0.114789745199028
0.16782658048306 0.0245882852245046 0.197045614142018 0.125055711005527 0.103818047369897 0.101526505069909 0.0909765682002433 0.0840248503410341 0.105137838163807
0.184674312459355 0.220445923161195 0.0421707876010368 0.0754518763758873 0.0402033044650863 0.0260463329945009 0.166863749158845 0.201856085587548 0.0422876281965463
0.150394485515552 0.105596323377068 0.123134827531993 0.0737212022097767 0.138397287466419 0.0766835443678169 0.0178762581280596 0.13267902320269 0.181517048200625
0.193558765025067 0.123854633388358 0.0235580369602414 0.092844970392664 0.164816805110494 0.122276228559008 0.0760956866899056 0.0953809298658845 0.107613944008378
0.0305087404783162 0.0536539919686103 0.0339045843530014 0.264148290614981 0.234256929410395 0.233155023366097 0.0424804854757808 0.0728542982249182 0.0350376561079002
0.143309798921564 0.105120605174371 0.0352350630884827 0.00252869872723283 0.142289960066809 0.12163829283767 0.127357771781067 0.164126971580405 0.158392837822399
0.124895162936385 0.18462578135404 0.0795313658718879 0.0107727218931695 0.0988968035308521 0.047852504985445 0.15349520974877 0.109962912380516 0.189967537298934
0.138841706176062 0.211577931286925 0.0412697444430193 0.095497779403256 0.250011909916077 0.0150795761835769 0.151611004274512 0.0730350076877793 0.023075340628793
0.162347973853635 0.179706807934813 0.117552495243258 0.0745955757697376 0.0267482575536653 0.154970903410976 0.0408564971612692 0.0618107718596035 0.181410717213043
0.0247726186814835 0.0997662411954673 0.0699049416919527 0.18135019319438 0.0111543095901433 0.235747556935769 0.100484221031106 0.0856671869769794 0.191152730702719
0.0336972154030887 0.0642362165394695 0.300777206868287 0.327752504181972 0.0441076093787128 0.00427287314240132 0.0295041964119011 0.0138118637954488 0.181840314278718
0.204029166794278 0.000515037126178758 0.00894228450826907 0.23024493487096 0.120236509560049 0.157963675408609 0.0458240194525617 0.123637165759062 0.108607206520033
0.0154530980515515 0.180798719915518 0.0748003557800639 0.219719843976058 0.225053195201305 0.00998985532261332 0.0543980770591094 0.104582159699827 0.115204694993953
0.169458147036426 0.0925213868942334 0.0147341611549327 0.135297687249912 0.138036422936237 0.0595736569805326 0.134528178628252 0.174611142684654 0.0812392164348211
0.065435648077753 0.154491276898026 0.175344450146457 0.153113558520562 0.0368238098094152 0.170669948617854 0.037031551912233 0.0677875055479725 0.139302250469727
0.155016377821362 0.206259970841636 0.0628549227666177 0.111172468514328 0.0754526627274905 0.115524717486224 0.148690579805287 0.0719093780756217 0.0531189219614329
0.130593600532315 0.115337477758375 0.170334062614806 0.111215190366986 0.13393276628102 0.09141116185393 0.0604828227489812 0.137021439174091 0.0496714786694956
0.0444652928257142 0.108803092986301 0.0808589482655505 0.158009678460592 0.0909484203849218 0.0334489695973 0.158684315427822 0.113052314016283 0.211728968035515
0.115910444743334 0.0093835228558323 0.0825086947930712 0.182374304129624 0.131953423746728 0.0860450806449958 0.139769280800362 0.133703281034556 0.118351967251498
0.20300095371176 0.195886195768067 0.0635250234377239 0.019443121835367 0.0158355368494205 0.118294386469242 0.154094176808803 0.0851673519145094 0.144753253205107
0.0723390698127472 0.110758179588042 0.145472376477802 0.0476370813080579 0.139834576757469 0.0761824923091635 0.170276797309295 0.0942970348450749 0.143202391592348
0.0929640989182843 0.198544447554867 0.0329322115298551 0.0787912352372271 0.0944081599132135 0.151814998876194 0.176133744512683 0.105555316747416 0.0688557867102599
0.189468281692946 0.0377108993317346 0.184634390767306 0.089286041261213 0.147102101348899 0.0599003817631399 0.182222386939987 0.0525298921749442 0.0571456247198296
0.0391144613701419 0.164353395879073 0.245427083014458 0.0915741276904088 0.229628464445611 0.00309079475092874 0.0491833192085159 0.108787451438403 0.06884090220246
0.0549939400827748 0.0230452322275729 0.141329545965 0.0945355185497842 0.0918118103791763 0.157597996414348 0.10745740039117 0.125829564539836 0.203398991450338
0.197045400776134 0.129998620007196 0.112189478960805 0.169747012526699 0.0459483336811652 0.14008697014779 0.144760639407073 0.0305714963619707 0.029652048131167
0.0764200725098199 0.0273043177986066 0.118165979606823 0.0584287001479188 0.114695564415267 0.161257740782762 0.144693125238472 0.235126510084019 0.0639079894163126
0.164245129140923 0.112380493165111 0.0367492947506501 0.0936646845412573 0.0743665228765817 0.183547046930565 0.168337903608421 0.0377204400992461 0.128988484887244
0.00254204992487132 0.016014036326893 0.0192075541511752 0.171862817231607 0.17732716368121 0.137956556188461 0.2451822924569 0.129027241504241 0.100880288534643
0.02614058550159 0.22315059381812 0.00141088501678261 0.165453974109465 0.0427211015663103 0.142434940248983 0.0651018677107049 0.173928188945555 0.15965786308249
0.0724728389543411 0.0407394579156461 0.118989997316719 0.154649762928914 0.189071758703855 0.0884721391691426 0.145584008695767 0.0905127383186126 0.099507297997003
0.244377284278275 0.00412904805579836 0.023109819586455 0.00466917982202938 0.0760420680853653 0.180627722762957 0.0315169720060232 0.233265791826374 0.202262113576723
0.0365395131852997 0.0139218631414994 0.22138769897098 0.20004497060229 0.150123993276192 0.182866452566445 0.0360331069620708 0.0522649037294027 0.106817497565821
0.0351003113624194 0.144225547783108 0.139448405301964 0.192419905915432 0.181416085346071 0.0550322040143149 0.17406928878306 0.00765118686112291 0.070637064632507
0.122554065159834 0.103738499403399 0.112180569644035 0.207032366553564 0.0461356610169711 0.107233152636007 0.155748521758748 0.0858782710670553 0.059498892760386
0.166732318728089 0.144983378720909 0.00408145913495181 0.200396581023616 0.0307885181151978 0.178492943515797 0.149287512077208 0.0377354434103831 0.087501845273848
0.0935458889710237 0.127121969567629 0.0767870299750296 0.126990061383353 0.137561865833245 0.169967988214259 0.0898503847549773 0.0229987572904659 0.155176054010017
0.170819332790495 0.108173811925164 0.133465170823767 0.163561428397003 0.239443204406018 0.00490437652779804 0.141476854419574 0.0265929068154921 0.011562913894689
0.0641157507669187 0.0655172058160364 0.00148419614662036 0.180064113332805 0.112514001540051 0.160938864157031 0.182932367852133 0.19089460884197 0.0415388915464338
0.0373838543731869 0.0866550416140615 0.144179939640788 0.0247768730928502 0.0695116638798125 0.163463070560788 0.17258615811959 0.130750644426264 0.170692754292659
0.161491219542891 0.0666128479476659 0.134895620605783 0.0729539446934215 0.0722457305495673 0.0678565033232675 0.158611220347215 0.113591336172867 0.151741576817323
0.0718314042162987 0.0375405317936033 0.261340005868766 0.0501996431872962 0.138437744549214 0.0843586940375468 0.152293693165816 0.154775061531988 0.0492232216494713
0.145965211854453 0.22723351730634 0.0205247089975214 0.0137261502319996 0.0328151943778335 0.0921766644499385 0.23136114809689 0.228873264774895 0.00732413991012934
0.00750743774526391 0.0786255775891039 0.0499067863977745 0.172931706198409 0.128942718409563 0.157831857307309 0.214963988713246 0.0911628110227094 0.0981271166166218
0.136233625409051 0.0460478958312033 0.148014692652328 0.142320582858364 0.100831144690782 0.142981631148659 0.135384660696422 0.0130445231251529 0.135141243588039
0.105909616420182 0.117534270295132 0.0820477425496435 0.178325103393813 0.0474215838646033 0.153524157317675 0.097389822537143 0.0587742516069619 0.159073452014845
0.0977112437301083 0.195600728235914 0.00145473144638909 0.0977183810628502 0.22641290911383 0.0836583701514615 0.0603798508411078 0.141070577437381 0.0959932079809578
0.145570167640862 0.0941718616863856 0.0622700872488124 0.0127576988310066 0.160668179060535 0.076232541248856 0.0926806103990764 0.141549780088029 0.214099073796438
0.129903187464981 0.135631703654551 0.124593981441083 0.0201677586215831 0.163491919032915 0.162850213870396 0.00336865170373552 0.148410482053421 0.111582102157335
0.16336117070866 0.11265145921204 0.0889114230530302 0.105072995475723 0.152162508406857 0.115777894226665 0.0209747018326983 0.118554153797043 0.122533693287283
0.175209708031459 0.165063870507024 0.0669571886193181 0.0474003392648324 0.012763292866608 0.156072862397802 0.0867954576370461 0.132261736044695 0.157475544631215
0.123920713326391 0.134888968923976 0.114270968813642 0.108822075759673 0.00693692073974046 0.0706125493440666 0.0747799193640713 0.160225513288705 0.205542370439736
0.173581593623132 0.0604298879454309 0.182749779019933 0.161875214655624 0.0512510667920535 0.128681306985911 0.0911874985455186 0.00919463068047362 0.141049021751924
0.0966795871531865 0.134441169182559 0.164101925509271 0.0654130250257579 0.159842201797742 0.204777295011923 0.0392023097744987 0.091488283097644 0.0440542034474181
0.0461739457548019 0.0970626182274206 0.0890053838065353 0.120046948780075 0.0745341080704024 0.179391750405138 0.172018816091221 0.100595064815683 0.121171364048722
0.171678739855857 0.028264224859634 0.0304670610513593 0.173521600730033 0.0369746652077285 0.173448168605133 0.168403770768908 0.0645648318912788 0.152676937030069
0.0724682652838931 0.221138262603154 0.130543949452132 0.0257368191036134 0.108535676714137 0.276930256007406 0.0327357114402922 0.0549200936051253 0.0769909657902476
0.116353635649845 0.0433267153243502 0.175964555307781 0.109402598769384 0.17666272690962 0.151769840965474 0.154298885535582 0.0327705691058114 0.0394504724321535
0.107484483797841 0.0520857389602661 0.13677827939897 0.184798873242541 0.0263815437337125 0.148713263866366 0.0671691343523937 0.102322572660324 0.174266109987585
0.147946480483677 0.118795928364974 0.162693325691072 0.153570609785261 0.000729376981776874 0.0861447718677295 0.0209864277195582 0.145291054976205 0.163842024129746
0.141808180983712 0.0647372717664739 0.0454241413434339 0.174880148025752 0.0953592252734678 0.156930241899398 0.0185860556268485 0.157134941009348 0.145139794071566
0.0638466196200014 0.111952329572083 0.0266040461845827 0.17168032720522 0.109803099977979 0.196923478115717 0.0393892406886618 0.170765565308651 0.109035293327105
0.0921072020372819 0.16337846247906 0.0752548829319134 0.212432443051978 0.0730620291860026 0.00532612849901338 0.00237981853485446 0.147481941737607 0.228577091542289
0.194233505031263 0.202663844308267 0.108803194242945 0.128454064301976 0.0538712288188371 0.0570398385928929 0.0998918967621735 0.0318717127923538 0.123170715149292
0.109546467618468 0.0841756482113601 0.0178105382589083 0.0693346982072318 0.156039441481986 0.173770835026685 0.140708677635765 0.170527053570254 0.0780866399893417
0.151642051624652 0.0130091100036111 0.0506809242774403 0.0736790110407042 0.114893848661031 0.169464482793059 0.183603351529148 0.182349623836838 0.0606775962335162
0.00228998290959332 0.184839302380737 0.194860203689623 0.182272742303863 0.00590551407896295 0.144104807400895 0.0445366959445051 0.195440577443952 0.0457501738478674
0.0830796566539529 0.13495524780659 0.0662717203950064 0.200433415747983 0.0948518090522144 0.195198755927221 0.00201339263402033 0.107029756136241 0.116166245646771
0.172611897069753 0.185322359672031 0.00327501979624805 0.146273164091386 0.067541268089671 0.15120419949681 0.0857409419575818 0.180903152442674 0.00712799738384515
0.00341437904877979 0.0447089954824431 0.0403812180120887 0.0874362984175604 0.17810770461266 0.159595322473595 0.241412270276465 0.235549766103564 0.00939404557284391
0.048436055425261 0.102847743239425 0.150068645006906 0.087777119429779 0.167006259349906 0.0715403223958121 0.13562265786964 0.0910289275009283 0.145672269782342
0.0306361488831463 0.0874939844008788 0.148394022997904 0.212508411815027 0.174865477112097 0.216088917653987 0.0702952265882913 0.0291842574929315 0.0305335530557371
0.00714113365243339 0.116279724065879 0.162567873428172 0.109881059350431 0.124799340570606 0.0474390156638237 0.124873690741027 0.111144578188786 0.195873584338841
0.130065079412048 0.128585652275263 0.0409277875171553 0.191122515679961 0.0882820278343717 0.0632787650937528 0.16138331460489 0.193002513470538 0.00335234411202049
0.148344150864311 0.14494202186284 0.0306318633213466 0.0804785557362889 0.0263046584525551 0.215070397881264 0.0359201603092895 0.169077794024148 0.149230397547956
0.0429090546189487 0.0152159918332506 0.24750913253263 0.154389459505187 0.016031038469388 0.0521314464498525 0.248148101187095 0.0973800072474086 0.126285768156239
0.224678830198702 0.0888587468591404 0.155273917456075 0.0798003260248479 0.0912112585558348 0.133657677842033 0.157955349093352 0.00963816772264247 0.0589257262473717
0.209118516050876 0.125953943827523 0.16472209496404 0.117039403281616 0.012354152734567 0.0618983892895885 0.199572973439544 0.0497548413797173 0.0595856850325287
0.0647522576947855 0.0984441932592359 0.160554096541501 0.0782436399242925 0.192849329681872 0.235914914991724 0.0395091940566706 0.0522362790213803 0.0774960948285378
0.102035511444234 0.0850080188871651 0.105874946629971 0.166422515728648 0.193536212123745 0.10720718123893 0.172284195088431 0.0240068197628144 0.0436245990960615
0.0356380529795716 0.187759954783607 0.165705192022258 0.119921079850695 0.00150321551161791 0.0749237208168227 0.184956752366263 0.0961930623618156 0.133398969307349
0.165682579391496 0.177122206241216 0.0626530099529742 0.0927037685198142 0.129798116401482 0.0899090276401874 0.144586142594618 0.0258889818578211 0.111656167400391
0.0622190278640369 0.101297159337459 0.126847284862473 0.0129558204453115 0.143333793469645 0.200807220508271 0.173971372046615 0.145025814438263 0.0335425070279255
0.0543499812371446 0.0102758496292219 0.325395204962773 0.00545909205101176 0.0529713897539595 0.0588145314246602 0.0677189435244653 0.166782786616951 0.258232220799813
0.0706081464537324 0.00162239918188959 0.142898228862554 0.177596319874076 0.126062855465716 0.164065485989715 0.249987564735471 0.00474702608244391 0.0624119733544021
0.183676999555225 0.0810663288835155 0.0752866168576637 0.131403731956154 0.111285219757094 0.216348217231564 0.00380071078022308 0.126991540625836 0.0701406343527249
0.171396890229174 0.150801353784887 0.131792856474409 0.0757516383217855 0.109757604649465 0.00256317801837698 0.0564143706152094 0.169336944186433 0.132185163720262
0.133863334218805 0.0914885259427425 0.074714035882634 0.0215199581874914 0.174989345868048 0.0638393319720443 0.190726375256301 0.178114485108826 0.070744607563108
0.15978624291181 0.0798111943608947 0.0467613150621825 0.163801787768719 0.143810302600724 0.13462760862421 0.0647485221017518 0.136582805904424 0.0700702206652844
0.121715510904956 0.158459324863667 0.126138849802082 0.0487569463663875 0.159026229966408 0.0813019700135074 0.0187939120415568 0.150412066576785 0.13539518946465
0.213990436835794 0.196922932365412 0.0408476237033984 0.0384247407075868 0.139678386623384 0.0931319377127916 0.0168684914012516 0.067439302768647 0.192696147881735
0.132864688021266 0.0665591883092921 0.0584794890516711 0.0648616350799444 0.138489608989271 0.0982784837231172 0.197570111731802 0.143392089764486 0.0995047053291498
0.13898120427821 0.0989624521696566 0.00510073404711953 0.170362050986434 0.0744341940208241 0.158032276746705 0.124285948283819 0.17451658983354 0.0553245496336912
0.0784133464276204 0.243395372134135 0.174737780034775 0.070608558168409 0.0134234052840614 0.00140613537659751 0.00646468993075611 0.21654916404974 0.195001548593906
0.228354761950103 0.239856223204206 0.0340220746800903 0.0407522771927593 0.0591756762947247 0.050076802279349 0.177230355098582 0.02340177787392 0.147130051426266
0.0141074813066875 0.00907666165325612 0.212418855849927 0.139600867807818 0.0859510704174008 0.212141307170065 0.0145283600620904 0.183952391868615 0.12822300386414
0.18608702254002 0.200065000499104 0.0600343461726597 0.0339070812816487 0.133496044801566 0.0835596230672687 0.112911346407609 0.109904997763227 0.0800345374668962
0.195375667558755 0.142936216471944 0.056165408261018 0.051674834665195 0.114973258214356 0.119847554284763 0.101568950903906 0.0239824664267261 0.193475643213337
0.167709029040372 0.00361908704863667 0.0977489578443287 0.0278032041363999 0.136469952149681 0.173837183101515 0.138008464718145 0.168230994152939 0.0865731278079828
0.163243366855154 0.00299175614767704 0.18788226889836 0.0603838196161576 0.146676036543904 0.168352935245947 0.0877163066994989 0.0038822200357256 0.178871289957576
0.0125426329594706 0.0428015601215622 0.10420772869779 0.161515320218755 0.0862562160617805 0.208510480877726 0.108550512580073 0.100960837524013 0.174654710958829
0.116984551967953 0.0386898802348606 0.0193223628832446 0.17236620884073 0.0803537832500674 0.12689426898764 0.0711436680515063 0.197224276576866 0.177020999207132
0.0663091289801176 0.0122685805566851 0.172873458650338 0.154093725253949 0.00333105213757968 0.153821705057937 0.0831541224096709 0.185281782152067 0.168866444801656
0.0192410672503024 0.157642599175655 0.115365378044079 0.191964878521265 0.147059851258043 0.130820299152341 0.183786650371336 0.0501865239374726 0.00393275228950617
0.107593105350433 0.152654105246919 0.141294411399275 0.17608412623228 0.115061950110494 0.105195230961557 0.0657421493062959 0.0207521581280438 0.115622763264702
0.141230947999491 0.168012533834619 0.127698411233411 0.0579678541458669 0.105408842988887 0.0974188788863712 0.0200963300557042 0.190604901023839 0.0915612998318096
0.195580665720376 0.167491276569003 0.0126478101407251 0.123207269056147 0.0972391752321228 0.228724180089823 0.103963612923693 0.062836320868675 0.00830968939943514
0.115886499978298 0.0688319459091115 0.133874591061627 0.188183157264763 0.100681422107627 0.0623110037265809 0.152635766196797 0.0740342293941081 0.103561384361088
0.129098046530357 0.0180600917249942 0.21755815568928 0.0296024401073419 0.149825050914081 0.0375841634553118 0.23185294732948 0.0715231836335847 0.11489592061557
0.0316386262804382 0.118400227593005 0.183621409202897 0.03100078912539 0.169470709584071 0.154958506176534 0.14751454736902 0.0106873111578129 0.152707873510832
0.154364973779729 0.145202278464656 0.158881028634023 0.141419929720622 0.12156176038611 0.0605443802283686 0.0603302272813859 0.0288462614484281 0.128849160056678
0.047109822870216 0.180641943927934 0.155724744727734 0.147749833363148 0.00252622862496814 0.147389030182991 0.168798764422252 0.0379787513043619 0.112080880576395
0.00998418851459372 0.0518941462682689 0.0994548923110885 0.192945582571007 0.156892519088815 0.0225542894374828 0.133648682856983 0.198971551223895 0.133654147727866
0.108154795867649 0.180938160888142 0.162685740381126 0.128612676601045 0.0942897976817619 0.0431034831394218 0.0837297793075728 0.0945611218692624 0.103924444264019
0.00611358767266619 0.195058862376469 0.0316227332925341 0.00691215329804508 0.217698500860594 0.207101641707603 0.0509758528842447 0.231353792591138 0.0531628753167055
0.185580200349791 0.0120922116093401 0.0236764370305032 0.152916023363243 0.036507334163065 0.118877587096447 0.124982505200878 0.203529717317282 0.14183798386945
0.0798217182053761 0.165125868505044 0.151065172199723 0.175026470609376 0.0326701507182906 0.113532782586824 0.167818489421239 7.49622812855298e-05 0.114864385472842
0.163527607906787 0.100332644051427 0.138416763548068 0.0205564167880746 0.128025562725583 0.114319890472099 0.112362606733745 0.0920458310778181 0.130412676696398
0.00947798422239151 0.201961714240536 0.205762910188689 0.0867200360226703 0.126516319083632 0.112290091963229 0.0396144977543898 0.00420735924523827 0.213449087279225
0.152718975898879 0.1638441828629 0.0346153313994208 0.0830475110413343 0.113798579766546 0.143112985772738 0.164212460847832 0.000380852250890206 0.14426912015946
0.00309790328770254 0.0909407745552045 0.203012814268063 0.092322498735055 0.118700306519113 0.0699561150941296 0.146325227879505 0.0850473159463835 0.190597043714844
0.150558566062077 0.136748494193167 0.0184283302877619 0.0613886505717991 0.102341716126907 0.0788746518801205 0.173337808207588 0.186254076457219 0.0920677062133595
0.15633606942797 0.140864487713021 0.1232042724658 0.125469442201095 0.0388115085732225 0.119496450114624 0.00529188359632053 0.158270235800153 0.132255650107794
0.265655539493004 0.0731852182038264 0.217873872977457 0.161056876239661 0.0768309961108029 0.150586829978624 0.0291833406791118 0.0232980455220664 0.00232928079544606
0.166467413634603 0.112932292643075 0.0547131003285506 0.213522073238597 0.0450128164649443 0.138762408623902 0.0875532329786636 0.100296072120089 0.0807405899675747
0.127984414719158 0.13875637320367 0.174216632486038 0.0939519273359776 0.136110562518596 0.126893178051464 0.108685849862459 0.0103255556761827 0.0830755061464542
0.088673154326489 0.215652803238225 0.196137656287862 0.203522687481262 0.00575000389115562 0.104780954877501 0.00119263259291488 0.0720965620798903 0.112193545224701
0.268109744712772 0.223863586360993 0.0187384175645566 0.0924739274196362 0.0252117284945352 0.0285480022881987 0.0314429603586257 0.277110760066855 0.0345008727338271
0.105539955600782 0.0439194498502576 0.0875790141091919 0.0297576332691073 0.226738386911484 0.192012597054463 0.0397134019665544 0.127461253534117 0.147278307704044
0.103532687056694 0.139992977874606 0.0672815839394705 0.144703968663603 0.105356404080422 0.14326760152475 0.0501634503251272 0.199078718060484 0.0466226084748423
0.229095514788669 0.128927042459072 0.0960719230768212 0.140235272178763 0.0213733347071735 0.0694536672116607 0.0410881979122271 0.141950340818185 0.13180470684743
0.108886388999774 0.137637128186403 0.0444752332033075 0.159548153946957 0.197340829884977 0.0198982356382658 0.0893806977831498 0.160861621747702 0.0819717106094651
0.1074139383537 0.0805339768988595 0.108508091026456 0.0648394140423757 0.105908134569166 0.100576828599189 0.0952920209861441 0.154541578065798 0.182386017458312
0.0281798137297425 0.0991193208585977 0.129640144666806 0.0582672728995633 0.240691228250099 0.119133892756444 0.0395818161791998 0.159148693110629 0.126237817548919
0.0685198851715535 0.126614135131562 0.136647675571644 0.0343570714904107 0.119641559072283 0.120988289407857 0.146669446099867 0.12369059880765 0.122871339247174
0.0701102804030448 0.216389320641523 0.0394898213632521 0.0579457290334136 0.0324433018496187 0.199171965991142 0.215275963631679 0.142472133471995 0.0267014836143321
0.070864292764247 0.112549463397998 0.0543736699671424 0.0167365118247197 0.244779331164113 0.0998550557604964 0.257963396626231 0.090596349306993 0.0522819291880597
0.130073671635831 0.0469817812209715 0.122266747304952 0.00923391228766204 0.0942155033043419 0.0278702639962498 0.109325095653071 0.162492232718791 0.297540791878129
0.0534717365984427 0.0354447065106396 0.177120888353361 0.120202212765456 0.120076240338383 0.160268785304627 0.0755454237523026 0.166879654790805 0.090990351585983
0.179349606707771 0.177946854548397 0.0773830601408991 0.11167484668429 0.0457945715225111 0.0620052976438703 0.115220572568315 0.0990528172954891 0.131572372888456
0.0917908471897439 0.0323428469623722 0.152233624528236 0.0875619488976952 0.0905062682058282 0.05923109350994 0.219977313229008 0.0618048033042606 0.204551254172916
0.0796373107735837 0.0464250940283909 0.11178449189415 0.169285811189137 0.203942564913348 0.0323825242120415 0.139115143089121 0.0264228920165841 0.191004167883643
0.173326857651436 0.119841460218983 0.127384585900631 0.0262597796134192 0.107034806015407 0.19265094464469 0.0808933157044393 0.135311341674755 0.0372969085762388
0.195662740392016 0.136322343183783 0.198307091544941 0.0467176291912861 0.178481476548192 0.106499310932033 0.0984049999320441 0.0111159051859243 0.0284885030897814
0.0500651549151461 0.114565195965611 0.034024563731513 0.0818658114271818 0.0604292462617288 0.200204793766581 0.219765454926418 0.1289207903157 0.11015898869012
0.0481251746802581 0.0820206915949062 0.114650590823398 0.180672439898443 0.130124877784369 0.043354551663214 0.181881879978571 0.0837399733055743 0.135429820271267
0.0627720706616673 0.145144371151671 0.161717792096074 0.0508305738201896 0.0764355857677226 0.00641731949235382 0.167747053041568 0.167283688106024 0.16165154586273
0.16685042523916 0.109674943386087 0.127294143598615 0.0170664076624163 0.126129102925649 0.139677810176013 0.155605554887387 0.027703974316962 0.129997637807709
0.0999722694914692 0.158280327956663 0.0273502344203138 0.0789806239962353 0.191592801110084 0.164935559432333 0.0889328541693044 0.0395564593242798 0.150398870099318
0.0975423800975329 0.00638651298188748 0.0259877036829058 0.145717934825956 0.190289836740597 0.0886490273448612 0.177669389986245 0.177838938101197 0.0899182762388166
0.206256470526881 0.010344705776107 0.0413220028099212 0.0522762092933013 0.0390112850630028 0.147068483966979 0.246431554076402 0.0599748040491895 0.197314484438216
0.107159793508396 0.139288361310555 0.156824590874954 0.12352074419363 0.0228108226217324 0.122730725468217 0.0449726732273741 0.168008486897491 0.114683801897651
0.208243079961666 0.00981473557254302 0.174599826436697 0.0395138955390547 0.123758123236892 0.145166677137136 0.0510681180327492 0.167548888423347 0.0802866556599145
0.0953505256725112 0.0864664723622851 0.195090762540193 0.12163245013467 0.12313228034128 0.0163189283060574 0.103574583218027 0.185575955058021 0.0728580423669553
0.158290926030741 0.0406002126735971 0.166743681415521 0.135379413602706 0.112802491359443 0.0799179297815932 0.167167771784454 0.0373106825176949 0.10178689083425
0.117064356502499 0.17125207408366 0.0856731038119381 0.129573508688427 0.167169602183988 0.0869835272472404 0.0133994819152954 0.101269271809441 0.127615073757511
0.135456201026252 0.190429860559581 0.0954900470241885 0.0558526940246546 0.123307044334402 0.12547996018264 0.0382062598852684 0.177793986777166 0.0579839461858475
0.124529940545241 0.126204846673324 0.122552458662323 0.132052402052649 0.143174691910918 0.0957980248054091 0.0549466912873313 0.101112754166531 0.0996281898962735
0.138109153062835 0.111028410458931 0.0945882360492507 0.139837484754201 0.0406504298753534 0.134487438628768 0.00837623980163856 0.215645333545454 0.117277273823569
0.111258217558651 0.100443109763859 0.136661608839231 0.197852945192695 0.137460897532412 0.00800854653201619 0.0560351568392816 0.132318775248286 0.119960742493569
0.0964445358043829 0.186799742940321 0.0379461749475408 0.0656287375634384 0.172471751029952 0.0814850869363619 0.145004273306718 0.0273198120404066 0.186899885430878
0.0811003973051453 0.0619349549720338 0.132278408364279 0.0646297289258787 0.153325349457386 0.0735001366754537 0.154418844770089 0.142719358341672 0.136092821188062
0.171967888543367 0.166091061451189 0.0908044037703171 0.138528817330414 0.182135860672222 0.125414053494501 0.0525017851828837 0.0361494569881273 0.0364066725669778
0.0435488444185204 0.173851777632056 0.129244912382275 0.133181972440417 0.0465664918890029 0.0299476693767988 0.0889414257385717 0.176248919411878 0.17846798671048
0.0475277974737298 0.0303330187810907 0.159887100607702 0.21789080384951 0.0710865660331942 0.0258793419691042 0.222805200128643 0.0373804768605913 0.187209694296435
0.0602044741140511 0.181169728182246 0.204568286826998 0.00317809023285623 0.215893366758525 0.0552950953206504 0.0937154578060006 0.0672121484352239 0.118763352323448
0.179005415666943 0.0135533409114449 0.289507599271466 0.0167273471457823 0.0631410172525451 0.0828444444446221 0.0688072113700568 0.282201543474047 0.00421208046309339
0.0218514690998432 0.0568927498463669 0.0183006222578959 0.330023803364142 0.11256526188136 0.0361650621143919 0.0724168514209901 0.107194310117079 0.24458986989793
0.0874316897927095 0.107719847103092 0.0888453389118669 0.0951099174917891 0.129486652384061 0.136520053228202 0.0978576408783689 0.111313509236083 0.145715350973827
0.105220268912785 0.114995887683815 0.0449331196120711 0.148172997304289 0.164218067980143 0.0167253948155868 0.16855355568468 0.163831859452772 0.0733488485538575
0.168468079882754 0.116148064832689 0.141976468968545 0.0262318261217664 0.0948477684411577 0.0961631709413394 0.0899615667536676 0.0853156324626399 0.180887421595442
0.0839817752975921 0.0734563793162958 0.132347092008855 0.142322723068053 0.135076302167093 0.00436904052393746 0.105936868008773 0.169652427267294 0.152857392342107
0.131492837140039 0.0943256923601876 0.152507308141052 0.106682137675186 0.107387306148697 0.100348437669032 0.0361530541213438 0.170293270772155 0.100809955972307
0.0748631367557315 0.138517652998424 0.0444990509586383 0.158058908346052 0.189587277052493 0.0447230369550599 0.0696909219263079 0.0998350687360794 0.180224946271215
0.031009902911882 0.0731126135623169 0.0826705218837242 0.237799037822318 0.0297227851054418 0.0207880010566678 0.11112014411544 0.283371669054662 0.130405324487548
0.20910298706835 0.214066565231442 0.00334423815194983 0.0674657813227422 0.238508838127337 0.00960837206087731 0.0160610819341204 0.0239639558296511 0.217878180273531
0.108072747201907 0.16984121756882 0.0432017856495489 0.152570118392616 0.132569423162457 0.0227941377282931 0.0782200874915304 0.138130606583942 0.154599876220886
0.0533776217838774 0.279352782918423 0.107084354877497 0.182488550113367 0.0559445000871211 0.0541210500324209 0.0361139898724857 0.00930744160958315 0.222209708705225
0.0063124436284057 0.198891909510429 0.169139846071804 0.00293675535716307 0.10735203420014 0.135952349767858 0.103636319855974 0.19200696770647 0.0837713739017577
0.0593668457843092 0.187182937654413 0.0955265057707402 0.00730381677709931 0.163684900991708 0.187524523478133 0.109167023171007 0.0432086947953648 0.147034751577225
0.114387906956354 0.159478412253375 0.00625551110659467 0.14968150839678 0.038201203808385 0.0389533700302717 0.018818044508427 0.237979429428336 0.236244613511476
0.0632172440936905 0.0996498660334344 0.167043786322109 0.135289712107074 0.208831180361188 0.0713433265280043 0.0466773797706302 0.207355173837056 0.000592330946813885
0.182640941768947 0.139842743113649 0.190605572689321 0.0171577186684322 0.108978673040602 0.153465007992529 0.046265419158625 0.0852119644569347 0.0758319591109593
0.0821605016605188 0.163534798383001 0.10176208955724 0.127601200558436 0.156997273851203 0.0841677124339369 0.10368781988856 0.0404202353022609 0.139668368364843
0.135639555333722 0.145942971260105 0.126899626492967 0.0802360811455414 0.145028409162223 0.151677027435839 0.0667561701836654 0.131132445633071 0.0166877133528662
0.198217708420744 0.111966335010991 0.0565448421630145 0.158148613097931 0.0167266905864013 0.169166206641432 0.116523242432732 0.0144173014233412 0.158289060223412
0.129088668896854 0.122433342166938 0.0124167125380431 0.10891153451486 0.197980355645423 0.104683843447672 0.0723010299089218 0.196371203602074 0.055813309279214
0.161171129371407 0.170505641930069 0.0291056850610666 0.154504721777057 0.0417468166239367 0.108385727666076 0.0724692391494671 0.0321165720057392 0.229994466415181
0.107310960037742 0.137584670471696 0.0948862978199779 0.113264371549424 0.0939510411181639 0.0341205609843212 0.146711095979184 0.153527141487516 0.118643860551975
0.0594577710233678 0.139003922209868 0.0935291840647691 0.11431345311746 0.140118013268701 0.162075205793622 0.159209141116805 0.0565835470842419 0.0757097623211642
0.133193304945884 0.240090723142018 0.05013454641403 0.10003967828591 0.00162171277770481 0.218686951923495 0.0996967784958535 0.108744114804269 0.0477921892108352
0.0542519285335271 0.0199289961092614 0.168921730128994 0.137285637281661 0.0461703832328309 0.184670255705255 0.163426733257875 0.121638078421485 0.103706257329111
0.179871396594626 0.14110341852932 0.0352265904891075 0.109732997314731 0.0221401247017975 0.17937633535696 0.0144520977717925 0.174207325214878 0.143889714026786
0.0916089772519777 0.118242762558073 0.0994716836294276 0.105834308466021 0.134657042723677 0.0613835407318276 0.128055503762969 0.148818922503069 0.111927258372957
0.0455756975360962 0.152818746146276 0.135333150215763 0.129849590338447 0.00639523166406009 0.138878958277178 0.106379416582717 0.105817552912104 0.178951656327359
0.0814840720057122 0.136022017596897 0.202529303865806 0.166190348466859 0.0484669346316515 0.0271289389761854 0.207030627891513 0.109847082111663 0.0213006744537133
0.0817492836660942 0.22266246398461 0.0218748730803065 0.0730477877331474 0.136078064839491 0.0959266551011688 0.0352284725415507 0.280921020365552 0.0525113786880789
0.00462518316098263 0.13172152917108 0.19280369888082 0.14882039132868 0.0437729586017103 0.10074499968701 0.123980361645079 0.17179414561243 0.0817367319122084
0.14478097302467 0.125485359353899 0.0339515840664615 0.252813121989839 0.188104622315404 0.00230433485673009 0.0394234276353316 0.169180173629344 0.0439564031283191
0.139274911478961 0.177662992883236 0.170761764951264 0.0645142763458575 0.0276966272434941 0.0833902665734872 0.0918940280727173 0.140652869814029 0.104152262636954
0.176803430132104 0.0761527478212853 0.0475421515032595 0.201808951366541 0.108061553123291 0.137911985904086 0.103219776682709 0.0480576002860359 0.100441803180688
0.143907517185116 0.20812636974888 0.0369388590234966 0.0848456376318732 0.0527797178802166 0.0850775077226967 0.128803298916442 0.18257326544789 0.0769478264433889
0.00189310518899775 0.142938864764935 0.148040707495625 0.137159450019504 0.0845968783373252 0.129509052271091 0.0970679985251487 0.108648580718262 0.150145362679112
0.0565214883692414 0.172378659054811 0.198573290942396 0.0507796896157084 0.204825514315777 0.0133353239551313 0.0977182416734455 0.179976711045785 0.0258910810277039
0.191168086704969 0.00329636133619161 0.155402863894322 0.00324159219180457 0.225295941276879 0.266281911914717 0.0597453289690854 0.0588384065516144 0.0367295071604166
0.0923810603750894 0.193059770399202 0.155771646648895 0.140442026686881 0.0661382416237765 0.0246726752611908 0.209109983923166 0.000950571285392218 0.117474023796406
0.0854505733411862 0.121429098843075 0.0641240226857507 0.110889495921696 0.299112754886761 0.0263565472885216 0.0478216339716 0.134470242618681 0.110345630442728
0.134796985665505 0.130933410644165 0.0911902131507953 0.218572940237513 0.0257625058460335 0.082819076726315 0.122619281895857 0.178242066253248 0.0150635195805679
0.0641801764715845 0.142285718195114 0.0969059174374834 0.0351826938243406 0.136283700499096 0.100156394757016 0.161554298828565 0.151392395379557 0.112058704607244
0.000224753390221838 0.0407272648812411 0.1585984701337 0.188652596681417 0.0821552148052978 0.0365885621663522 0.133191458331835 0.172264075217427 0.187597604392509
0.00149020076066673 0.141604371692596 0.213600662701305 0.0526740710963056 0.170572245591297 0.00867426530106877 0.150404492532998 0.163929416579999 0.0970502737437628
0.114377454748804 0.097552201736151 0.21613081347208 0.0089262323817193 0.252064942977647 0.0317725525695508 0.0778882144065118 0.188339882627069 0.012947705080467
0.210184916855562 0.119016722460021 0.00519909083435034 0.162947236817129 0.174975078706372 0.0578598954383242 0.098665119518274 0.0652289522142859 0.105922987155681
0.165973670619603 0.0120631250919268 0.0757143455952652 0.0303637970535818 0.0444915634284287 0.177650789081968 0.17095770012483 0.154344964360309 0.168440044644088
0.083629372144387 0.0475840152378605 0.0813848992103117 0.179148468777598 0.0217260945487377 0.0810385875945728 0.126755541374131 0.201435156042018 0.177297865070382
0.0769064084850673 0.195808815850077 0.0202081159212141 0.145704844541438 0.0558871521014589 0.179752288476814 0.252817552635505 0.0559693307720727 0.0169454912163534
0.110772474536827 0.131588995543396 0.0485122889975223 0.0707592382719164 0.0759572508064302 0.15660759618417 0.134666030043771 0.0901764315293151 0.180959694086651
0.0448765292346392 0.174730342381001 0.0681788126305142 0.0802880069652085 0.176065575970791 0.0103453042224183 0.122978034529223 0.119728359905116 0.202809034161089
0.0632797299270211 0.0759944575304732 0.133439307650065 0.165830173430237 0.146133417434013 0.168499671392308 0.0121304511480597 0.141879616570777 0.0928131749170462
