0.145613342145737 0.0892604198109815 0.0924909821871091 0.173656047117083 0.127583289606786 0.136389311569109 0.192904674440654 0.0421019331225401
0.139784629879345 0.084055413744662 0.199511215591789 0.00465299023947172 0.173044074611336 0.0646507580445967 0.20077733784048 0.13352358004832
0.101814605155869 0.0356094527929851 0.248254810364063 0.0634986904287124 0.213097932285142 0.025922333863759 0.12070202117336 0.191100153936109
0.126384815844265 0.0675713906185501 0.101361106507785 0.137812603401658 0.0302433337224896 0.197866192672406 0.155336313121122 0.183424244111724
0.122301034582703 0.205313037193134 0.0864593056376683 0.0136568687135972 0.148953254572728 0.128817576178743 0.174517609083394 0.119981314038032
0.104980089083731 0.160030266850765 0.123098069506846 0.108124302131334 0.117787578093725 0.0966558469772689 0.161082476111823 0.128241371244506
0.165132136017704 0.159629692516912 0.138085216009675 0.144555628370639 0.0361146924937256 0.166103036645558 0.111667325243244 0.0787122727025422
0.179872924680044 0.154450489579413 0.0367420082916114 0.125499135334347 0.196864978861126 0.205824047551644 0.0634212461722013 0.0373251695296126
0.115759034803484 0.0496253403660008 0.0794833357386618 0.174233914878207 0.0477533516326264 0.00961328198653407 0.281335745241337 0.242195995353149
0.13383002597192 0.131804999380405 0.104729286612302 0.163173316761583 0.179353937167837 0.147134764829266 0.138555364128021 0.00141830514866595
0.153031106700626 0.152625206473737 0.0496674360550307 0.125544691219832 0.0475443003632267 0.0702446540372483 0.138449566225325 0.262893038924974
0.125981326562576 0.199817215488763 0.108813198927017 0.198002623373539 0.0422294081727193 0.0916261865626646 0.0919604720950919 0.14156956881763
0.0338179350634935 0.0166406841548935 0.167378635745759 0.11165437927859 0.06109404117893 0.270556483931463 0.2407493614224 0.0981084792244712
0.212117603903568 0.167166074030823 0.196180519047287 0.0465597489886962 0.114113257753378 0.0745079194768465 0.00608985688429744 0.183265019915104
0.0276251102387332 0.0684606636181262 0.208197676165625 0.160792197470296 0.14181721579397 0.254793818540115 0.0625626920776806 0.0757506260954525
0.100998424461647 0.17171554357262 0.0339170509465976 0.052264741388341 0.200524387530391 0.175825186841584 0.121103218155204 0.143651447103615
0.0814489489766544 0.186579908789727 0.19688326457077 0.0760957505938951 0.163321510240081 0.171136062384598 0.114561147192902 0.00997340725137198
0.000651974677252397 0.0789197815150821 0.277410677534698 0.235405504045684 0.102326438756618 0.0309343658048108 0.103429371241218 0.170921886424638
0.158365385824314 0.156168751568588 0.00637856687659226 0.239682464149728 0.107342958699334 0.0471795618266501 0.195687639801151 0.0891946712536426
0.174700172340244 0.173148374576608 0.0471254170426622 0.190748093938474 0.0780482105656715 0.0422055094679359 0.182765535750208 0.111258686318195
0.148263503910317 0.0755775635294912 0.206229227351131 0.127641055059842 0.174581735447298 0.10682764623341 0.0709268568371412 0.0899524116313696
0.118401650043725 0.0735014410681071 0.225714056007478 0.0696424694685868 0.0596072913654707 0.0157611861678005 0.254757992649637 0.182613913229195
0.119459156691627 0.0806409465143658 0.0243388669443704 0.0871461915362914 0.098789567858114 0.0535729615952836 0.306056820710064 0.229995488149883
0.119355830536079 0.203597866056698 0.168266886880729 0.0506296719602495 0.0601473612106188 0.16637359189028 0.201414038200447 0.0302147532648992
0.0992362068208876 0.0664997887833382 0.0581001646423516 0.19909913124236 0.115052060436781 0.152444450107001 0.11226083419392 0.197307363773361
0.207255624956804 0.168967493844008 0.0620765300661697 0.0469624411897888 0.215306807836218 0.0020348543334456 0.177631855190356 0.119764392583211
0.0777810955758437 0.0764516541331173 0.116114670226836 0.226513693904978 0.0185761751156217 0.0713195916630586 0.217021714857532 0.196221404523012
0.196747907664927 0.0891491312466933 0.0308966424623377 0.0765788902965261 0.090324959462537 0.315011922641311 0.0292920518419459 0.171998494383722
0.0985659719930072 0.0871326996635563 0.129520788600897 0.144859581463361 0.0696484491298669 0.187386193734731 0.0305433816670542 0.252342933747527
0.0106657465500013 0.161685277288761 0.167612870965917 0.0987770128370594 0.120559591322017 0.109808837057353 0.181297746262965 0.149592917715927
0.115317638341132 0.122506503669942 0.131366378660457 0.185257696716483 0.099613958978167 0.0711307641188199 0.25661870266623 0.0181883568487693
0.0366958480926504 0.259341479854549 0.183175611598116 0.213019465165907 0.00776166502043509 0.0966428595855371 0.153052038490762 0.0503110321920431
0.0753533657408116 0.086869289702074 0.00939117996397649 0.195612830886671 0.108984073683739 0.150412293899054 0.248827837270035 0.124549128853639
0.236383897167636 0.0599639393706766 0.123594030335111 0.13304699865864 0.0927504603010486 0.191274719895988 0.0199399358477189 0.143046018423181
0.0763324146240636 0.179166451872319 0.183031300292209 0.139703574109104 0.102405153365985 0.0687324155894408 0.190058601827097 0.0605700883197828
0.189038366693178 0.140161954362 0.0539497982710459 0.0717141150838713 0.0964744174616466 0.189902942250901 0.192162032655249 0.0665963732221092
0.0726106681901579 0.192930488886918 0.155308649665584 0.122823219219672 0.110343124231106 0.0273627725837083 0.173028592967009 0.145592484255845
0.072903524439322 0.160671813900516 0.115770180359471 0.0856400080867647 0.186601703110895 0.0561719759720476 0.182559325381837 0.139681468749147
0.145007123030962 0.18192412531221 0.161640463035774 0.102502877763657 0.0751752782383041 0.157471153125007 0.0987596508545882 0.0775193286394975
0.00574999702546901 0.153072736650213 0.0566880720148196 0.124926675072835 0.206389831687367 0.214380904648009 0.0944695722082445 0.144322210693044
0.137648264720678 0.211157304837452 0.00673566162959484 0.202995331837154 0.23181872148038 0.0297993105190791 0.0346692974538642 0.145176107521798
0.058029585631947 0.0450705678444959 0.24443119070367 0.212716567465004 0.0709797425896436 0.00187142680711986 0.0950784680697124 0.271822450888407
0.00387455084126658 0.242340242274004 0.228033468668883 0.121828208589568 0.0793818440035753 0.0984027692963298 0.162530439385117 0.0636084769412556
0.0971273068721718 0.203885468209534 0.153260937625519 0.141309085068278 0.16205061538938 0.0248719024482402 0.0815661735947473 0.13592851079213
0.0289106242844081 0.125574389813793 0.167926279823985 0.161053907860427 0.103234144518168 0.0822317804423122 0.13514398995764 0.195924883299266
0.0634019716334863 0.109824207499552 0.150776347198893 0.0578180753861253 0.0884152984207727 0.227589979685473 0.143720964019153 0.158453156156544
0.346606305135676 0.166939982887271 0.081036274036678 0.0688473342087152 0.124411561019701 0.0994335136486486 0.0561169240965478 0.0566081049667621
0.00668685356622948 0.15719262809282 0.329248492363188 0.0862091650079037 0.168883649015334 0.24158343515768 0.00798762160509339 0.00220815519175021
0.23202987318068 0.0529221083662407 0.0508304583348654 0.100728058066042 0.0494499033559436 0.0889450705397288 0.177301687723954 0.247792840432545
0.13395995581044 0.0183868106966385 0.106891119184192 0.0876299367725724 0.22828445331385 0.236182313824669 0.0903852196014983 0.0982801907961395
0.0717167770749268 0.176451073619077 0.0693550102240755 0.171700189612233 0.13127934957298 0.156289263267248 0.168625373577535 0.0545829630519252
0.135199769771834 0.231026833053429 0.249758276109296 0.062915519237439 0.0591782046712263 0.0423709761095624 0.0998515217888886 0.119698899258325
0.191747351081271 0.245528807560342 0.0719209433724492 0.148194901564919 0.277886258889221 0.0151179448452271 0.047282229302605 0.00232156338396584
0.0756371483712674 0.156480074487317 0.13613236198454 0.0871672058576186 0.00676462352333524 0.22068418929857 0.069567888595419 0.247566507881933
0.189169648553304 0.0113253810638066 0.102023046358425 0.158045675241974 0.216816288254094 0.0620338467743782 0.233708511276223 0.0268776024777946
0.274810261738455 0.0115600701737133 0.172194866506904 0.019305755247983 0.14431970647615 0.0795129452766915 0.0457195204987099 0.252576874081394
0.0879580982805706 0.215929889934383 0.0346183384010964 0.0280593936346037 0.0848400135714512 0.326703940453783 0.0411338661474742 0.180756459576638
0.224722566374672 0.0787113542272576 0.242484672279556 0.0809132492662508 0.0543845073694396 0.223690703455141 0.0533031377596592 0.0417898092680244
0.0678513430889529 0.0104584416544279 0.264678481044846 0.0491092952008524 0.266868311969098 0.0820131220636819 0.152764423376984 0.106256581601157
0.0645831758417991 0.149173100475919 0.0527956865913412 0.221778674219973 0.257944261957841 0.116026926464071 0.0018848446688463 0.13581332978021
0.0883804337367728 0.103463823706352 0.153173422407422 0.127179688007698 0.160559169441888 0.0951078409117084 0.188636059558048 0.0834995622301114
0.0959158084417204 0.043493792354126 0.171574534704982 0.119679007573913 0.0576978978588276 0.169901985447802 0.131841540416098 0.209895433202531
0.163126637681827 0.0957668436429999 0.033119634455098 0.183833329125915 0.158855552513034 0.0357419000672683 0.173723612299735 0.155832490214122
0.104460001074702 0.0317243830504772 0.0927451993707394 0.198354339662815 0.240991896676682 0.0968172498922189 0.103403189397474 0.131503740874892
0.16081347003869 0.0610602572968057 0.11961863758343 0.104509387805268 0.146628457192498 0.209790266487602 0.012357387488636 0.18522213610707
0.160448741428322 0.104115625422004 0.0997720074355968 0.119473117537706 0.0321781111871197 0.157442851961426 0.172966923950819 0.153602621077007
0.126790834340281 0.0692337156527926 0.0351543576547443 0.132352304179427 0.224823123899531 0.00210295280906765 0.279029345683208 0.13051336578095
0.126931983207199 0.00872390973942218 0.161301797578661 0.11390275368809 0.0185077980519054 0.11120508150493 0.221059478810253 0.238367197419539
0.141615216286153 0.117484801019603 0.00951132675193866 0.185563136146421 0.131980474632596 0.0850694009430929 0.134716557662646 0.194059086557549
0.171936675006756 0.150827802876493 0.0814348146693796 0.185437195932003 0.020414628277441 0.185869429031051 0.00866918608862225 0.195410268118253
0.136533926750657 0.131800683361211 0.137756365573452 0.0285642968271948 0.235813035245629 0.0880858106466817 0.0631476472484884 0.178298234346687
0.0857322288773503 0.182859305091907 0.0781469289061941 0.10607061018046 0.239483348153841 0.166146249403861 0.0207367803578842 0.120824549028502
0.0622478547132584 0.0720857230574066 0.0224090655350508 0.13307728273852 0.209647035487636 0.0422385633405749 0.269126452143436 0.189168022984118
0.0963625071510242 0.0456168733034895 0.179845033988159 0.167106845853212 0.174747639952632 0.171886363462175 0.121033057314775 0.0434016789745338
0.142569126950315 0.0153153771134082 0.216971951397946 0.183187305743322 0.015818132228002 0.0873462942609722 0.210866558033463 0.127925254272571
0.0736808630336447 0.209286985700618 0.101070040471464 0.0819905016812488 0.110790318807743 0.0537698804639439 0.21082928813877 0.158582121702567
0.235189765886653 0.0348942352891141 0.137757596546486 0.0279163207655464 0.111501675334963 0.286925401371849 0.0785039547183937 0.0873110500869949
0.208473335866112 0.0268762476345969 0.153287665995481 0.0888871869946551 0.0834388307073234 0.241010425761079 0.0758332252137136 0.122193081827038
0.149571664804322 0.208109258588544 0.168303342655346 0.0839169368621037 0.00624330278623059 0.191779600642819 0.0453830882847174 0.146692805375917
0.121644765555223 0.0336752070087862 0.13517105452806 0.240704453311595 0.00504213750378276 0.172547993061204 0.157996679792041 0.133217709239308
0.0412825337102302 0.0925134142820535 0.0864418936787281 0.103376448443771 0.214914158630851 0.17256952140938 0.0737124108284279 0.215189619016558
0.161089701367254 0.0676061108179587 0.196119265616862 0.153287258514314 0.265554337867541 0.0796055738068197 0.0694481709722958 0.0072895810369539
0.137889955448124 0.0766852967832519 0.15252223115965 0.159171774979245 0.0401105431707795 0.190413739814253 0.0548543145677384 0.188352144076959
0.0548577251529322 0.22025624009497 0.055238694345284 0.221236023607968 0.0352151450647479 0.112273972175038 0.196206290717665 0.104715908841394
0.075808029412599 0.0320795784505985 0.213053067521019 0.212605288017428 0.0534524128472515 0.0846097686331806 0.0575048485943683 0.270887006523555
0.0035966494855065 0.0228793346163821 0.139071862739619 0.25139889159625 0.0830211401831109 0.215414649369893 0.207625891157104 0.0769915808521341
0.0635291249014452 0.16288535129502 0.0371704375995336 0.173537209496733 0.133433455160843 0.198612998403151 0.132769983002634 0.0980614401406408
0.0859114554036245 0.156704962083995 0.154041726774452 0.0674406289957893 0.143856686349291 0.118903898718597 0.159109265059192 0.11403137661506
0.178218877163073 0.260276118422626 0.226689930723385 0.0666943672281332 0.183115323019054 0.0681553041180004 0.000309877995909938 0.0165402013298183
0.0936991049793716 0.167826659727798 0.246306644621133 0.100412826700299 0.0434752639095369 0.0595791065953785 0.202551402332254 0.0861489911342299
0.09260793333275 0.260021022816135 0.150555266820003 0.125460372664835 0.11753933924809 0.070787267517451 0.143337441139783 0.0396913564609541
0.104694241648301 0.252228826698205 0.0709981121777186 0.164586284899792 0.0825779210881581 0.251958302909023 0.0406344784335758 0.0323218321452269
0.121513632386951 0.0621035843817662 0.0248690624823691 0.176785634448738 0.149575894206464 0.0763148625881775 0.17304080570593 0.215796523799604
0.152586271753991 0.0150081242879491 0.0458104224733888 0.214458080907858 0.159102203699261 0.181848203823896 0.219837149405711 0.0113495436479454
0.0384238458918594 0.250227270546066 0.150124327755722 0.228538891021233 0.186288115543665 0.037423145081171 0.0384862677415774 0.0704881364187078
0.143009135946122 0.0815142464891029 0.207689025180305 0.121048637934909 0.0538232483420769 0.197603880459792 0.0468599499407278 0.148451875706964
0.11304487564861 0.257932821623234 0.189253082855679 0.118754276979886 0.00630977142965478 0.156076446770549 0.102646532867213 0.0559821918251754
0.081544183767603 0.00471152625319042 0.13590554068845 0.151759814294579 0.00318595975348112 0.252557179349877 0.239124772009412 0.131211023883407
0.0954465538763887 0.318055382824855 0.033511595768031 0.0530409168520528 0.193314752467705 0.297772866631163 0.0003074330654534 0.00855049851435061
0.141369414201523 0.177993679424108 0.111788169859489 0.123020439306498 0.00231018553476347 0.298270598466337 0.036044774102858 0.109202739104423
0.133452117951011 0.189111510034628 0.228823551826416 0.0420113119725838 0.142515243684749 0.0481293508429358 0.0117850542457504 0.204171859441927
0.0860169656921542 0.103638757311768 0.113416693220051 0.131948643790608 0.151527669558035 0.0843473880783613 0.170117658024051 0.158986224324972
0.0837827185020268 0.142890822208908 0.130131931133675 0.0749691990394677 0.0475205169827704 0.214464702403453 0.259365705293642 0.0468744044360561
0.184598645327403 0.120453983407986 0.0453228275461885 0.0221777164108587 0.193291270365626 0.132670920554311 0.163690461817955 0.137794174569672
0.134269910497848 0.170118732170127 0.101671801217301 0.0827973882267218 0.112006154882343 0.08738673693984 0.158146362886682 0.153602913179137
0.161514066824283 0.151495889560388 0.104344649652033 0.00791956260977559 0.184886425199854 0.146954876755653 0.0670419042689317 0.175842625129082
0.00860114677701325 0.0798495685817082 0.167449952343119 0.132636064045797 0.168246829600459 0.156268324622346 0.110099808836652 0.176848305192906
0.195555806077178 0.0509854823267595 0.195561360420444 0.0032430256285351 0.19465389362248 0.0891857853023136 0.135749632327867 0.135065014294424
0.183894819905976 0.0106011482806617 0.0266351483076722 0.0692546054424891 0.224258353179689 0.207556743724189 0.189005003672236 0.0887941774870877
0.0165958573272915 0.0415049742559691 0.149487780379238 0.00855202623777534 0.151030486421284 0.232819691139357 0.174787484268374 0.225221699970712
0.0539187319565882 0.111203575412747 0.183806154638023 0.041081046241529 0.178953010372609 0.0501328102645982 0.253130821857338 0.127773849256567
0.219858365279138 0.145476832533251 0.0167640079270628 0.0508125484734848 0.223245341289669 0.17418540802214 0.0692449475255305 0.100412548949725
0.115613169190937 0.0452184051485768 0.102751548109579 0.269876167224807 0.0356127000470935 0.077778915347837 0.254919883485479 0.09822921144569
0.21570828268473 0.0794544617100871 0.176103548288645 0.121243751822544 0.226062186437482 0.155304889180511 0.0197127402193951 0.00641013965660572
0.0467422784175688 0.189394623832672 0.0909428357726515 0.0123586846132852 0.114452130653048 0.077036363074101 0.155950463979933 0.313122619656741
0.215623302512735 0.144529704736053 0.227947120414918 0.0105335126846091 0.174510949068041 0.0912570581987407 0.110521394862696 0.025076957522207
0.0347746687463916 0.148823381436008 0.189673795819154 0.115435731114075 0.0338607366771305 0.16566838205322 0.1864076777815 0.125355626372521
0.232771237995826 0.0166415930558219 0.134249836116473 0.0593796956978085 0.150860209967794 0.0917958088797667 0.0982498525377783 0.216051765748732
0.181729951946706 0.131344404604617 0.0481392853064678 0.153871920775919 0.0953757257430373 0.00632084407615271 0.170495786747826 0.212722080799273
0.0375500709437676 0.203292498959895 0.142833886488959 0.171271718262276 0.00941782922497738 0.132979684035534 0.188019772563276 0.114634539521315
0.103874907749115 0.00240340258417817 0.208756831519441 0.0653510623492948 0.0602491784433186 0.178751898149037 0.28443614191668 0.0961765772889354
0.00250763029924748 0.0138241194712727 0.214915639936807 0.099812026503355 0.133731097962518 0.177201801682377 0.289238346954461 0.0687693371899621
0.118419197770337 0.0867319666738886 0.206061369263331 0.122092704878685 0.079407232963547 0.115373649829883 0.171773224485474 0.100140654134855
0.238206470211662 0.207809463976067 0.135777075563241 0.0460018928742617 0.00422886752057563 0.0797367419180764 0.153119523778154 0.135119964157962
0.0169869686635987 0.288279463533911 0.0737802074623936 0.142566593026585 0.225057578440768 0.0724658236459242 0.179012441630486 0.0018509235963335
0.112481065959186 0.0851219973962741 0.098005057544102 0.0349800901766102 0.0509604455238 0.216167778525212 0.243550116430372 0.158733448444443
0.131443396409906 0.0177766800798781 0.103485410158154 0.190744193438921 0.138077856068625 0.0693714634307095 0.162985078388075 0.186115922025731
0.179465221295279 0.102640085062253 0.132117478794153 0.159770987936231 0.0287738337265993 0.0928639410328212 0.149214931921564 0.155153520231099
0.221026343379682 0.182681622600731 0.159932719449544 0.0440328913457856 0.225733437704655 0.11781890515587 0.0131961844163746 0.0355778959473584
0.168935435349164 0.169129664537174 0.0967786754428513 0.134758403686719 0.207099696613085 0.0582660948387768 0.0458044603324797 0.11922756919975
0.0766813385130007 0.067162430656855 0.199421063229285 0.115165261045402 0.165300586631966 0.0224245365443161 0.147570789188489 0.206273994190686
0.00993606467494659 0.185486530245913 0.187249595903797 0.0959820630283697 0.218108372211235 0.0209563384569319 0.161467973067105 0.120813062411702
0.141039303823748 0.108903312469789 0.156887201659528 0.0589937846398972 0.126826243582317 0.139783420466405 0.146214409451006 0.12135232390731
0.211198248913146 0.114691015042579 0.119514295386364 0.179580919483178 0.107591966248623 0.00961846785631052 0.101399953223689 0.156405133846111
0.0170590532669201 0.284102647348475 0.0109351873538972 0.161279970339931 0.03851764073476 0.15576269322609 0.246666414850549 0.0856763928793786
0.230009348328216 0.0826437510134782 0.165547911329425 0.0904058163114281 0.08191117535934 0.122116887550463 0.189493822690881 0.0378712874167686
0.0244792609564275 0.22153124073247 0.0453140585575819 0.177111931980609 0.114211240592782 0.0312590749811988 0.158338331407869 0.227754860791061
0.173906894783718 0.0872332315539156 0.0847160313066892 0.138467097748831 0.109251533737758 0.0844516646202911 0.17547146794989 0.146502078298906
0.097780273034558 0.180208808068626 0.0224791210759438 0.0887830431582765 0.181462544281097 0.0819871150746153 0.181082823108417 0.166216272198467
0.110384231002745 0.0819949901285077 0.0691801300983353 0.180384403234357 0.122166680853192 0.217721208404667 0.00627821038927753 0.211890145888919
0.0429750664581805 0.0271447324690011 0.191897066464989 0.116514079182952 0.174715373571026 0.272578630385093 0.104269538327377 0.0699055131413816
0.055317410018879 0.206992093123148 0.204388850687289 0.0893926258705773 0.0850641268832709 0.0520069925120305 0.214275659982078 0.0925622409227267
0.192927531597168 0.00112709129987168 0.191657608484237 0.0800407274281193 0.0234416827338111 0.183571175827228 0.175940071773046 0.151294110856519
0.131424735984548 0.0986758848823366 0.186199201535851 0.0369811491545985 0.0614018563675772 0.0972409763440596 0.211154056457226 0.176922139273804
0.220825808323201 0.0153261826955887 0.0899034306778756 0.0956987848642249 0.230811900370131 0.0556160851246117 0.131293690464873 0.160524117479494
0.168425599232111 0.130200321998539 0.120056620560807 0.194292341868684 0.00875221148415392 0.102414817042355 0.0694949759146356 0.206363111898714
0.195161087896087 0.187073208674595 0.0139360038782918 0.0608134464299012 0.109886891209125 0.103558926971162 0.229516672877333 0.100053762063504
0.176115774438281 0.154006016453833 0.116846225412318 0.176426683838357 0.139646930381236 0.0419773982896033 0.0888987215977839 0.106082249588587
0.199043541501675 0.134129856260874 0.0693974329219511 0.163626617958722 0.0951380476458911 0.119607448787746 0.0437838177846365 0.175273237138503
0.165923434408685 0.0472596073859022 0.204444673917686 0.185812345308928 0.00116007329645389 0.137538940461404 0.0649275744041332 0.192933350816808
0.184813634371651 0.18264612094907 0.16909931317634 0.046787635503986 0.010651731985203 0.163066257961229 0.165590680626829 0.0773446254256917
0.102870777271372 0.10252260795294 0.188451459815437 0.167928264776604 0.10754441743366 0.0560080419051682 0.187056941710551 0.0876174891342678
0.231415275096603 0.10715346267026 0.151044604471774 0.00229938599838278 0.122349004039236 0.0637010480120048 0.149809884317558 0.172227335394182
0.31651061324898 0.242320415003664 0.0537996866790516 0.17880542140381 0.0495302150693041 0.0718186971091545 0.013456395405805 0.0737585560802313
0.132983318368341 0.0863336599480694 0.166617958803577 0.0779551868184303 0.172742536899556 0.171043719002364 0.152586247904165 0.0397373722554978
0.0859857122022004 0.104552825971251 0.198652496236423 0.075850718525059 0.129606791974505 0.140466961348842 0.0755554700531939 0.189329023688526
0.142926922014802 0.112918570645816 0.105928237543159 0.218578659425459 0.00648313739967658 0.167957290974503 0.163370835448507 0.0818363465480779
0.114536065944924 0.0317934474840455 0.214739079558699 0.156156573187212 0.00744639342268399 0.157019809825824 0.203844493717536 0.114464136859076
0.144191649244598 0.0164848277456952 0.0975373370872702 0.2797268002783 0.0658682249787849 0.127106373006046 0.122364670709132 0.146720116950173
0.104258467014703 0.205104071245771 0.0536076860723374 0.124214868526871 0.083019024019684 0.214436480113574 0.00903008818022686 0.206329314826834
0.169422151733634 0.159680379016253 0.186439616303503 0.139123926081073 0.21889207023653 0.0523970831377915 0.0162055380743998 0.0578392354168158
0.0513865507768451 0.246373839427443 0.126779322657715 0.237832888445912 0.124739403477243 0.0418285481988407 0.111352438313631 0.0597070087023698
0.161560288071366 0.211911535458535 0.0295020229386432 0.117597794954207 0.146139405184288 0.175601369695459 0.055162367454973 0.102525216242529
0.0440886031730542 0.0550569518372091 0.078075165745439 0.102713250343913 0.170187391252586 0.149038413803593 0.202410028238519 0.198430195605687
0.0957677928561271 0.164278602754042 0.295145190030264 0.0478083320294618 0.175294536353164 0.0272888828899848 0.0330847436127485 0.161331919474208
0.128792430135096 0.226541645756731 0.179094617790402 0.0495906177220599 0.190520803141108 0.090121928671388 0.00337542410451936 0.131962532678695
0.0953768206909963 0.094197591308288 0.0776474745708471 0.224245097198364 0.0369704894305279 0.0993545774120527 0.141306893902953 0.230901055485971
0.175182716038675 0.106660435587081 0.161135949002822 0.131048442451194 0.0726605695716822 0.162203121559064 0.00496954706037873 0.186139218729103
0.206774165543677 0.188707326624384 0.143470703437169 0.122672182430829 0.0341060617246345 0.121013713665149 0.178543792292596 0.00471205428156133
0.0597631021908352 0.145451904027572 0.148827531929774 0.192533654119489 0.0872058420031062 0.240607557636261 0.0196284288588287 0.105981979234134
0.0177596372699247 0.0145697073006878 0.27652577465617 0.115234693563991 0.16493786437847 0.2275909387849 0.0106520207597747 0.172729363286081
0.0356881555109208 0.0833924085079792 0.251016517965955 0.339705769085958 0.0302791090210813 0.107003899131229 0.138733777219603 0.0141803635572737
0.0217863737631596 0.0101994914341082 0.226447907037826 0.0537753903251454 0.197183477606206 0.204573947059749 0.22078544510036 0.0652479676734455
0.080598490110394 0.0350483973264511 0.12450541430226 0.0384245318217686 0.222573150171133 0.0702886509586034 0.247241890712713 0.181319474596677
0.122324682422052 0.199510527147287 0.144001578585679 0.0604102933655584 0.0270818938155936 0.245216614732342 0.0696016257995138 0.131852784131974
0.191488775613836 0.0946144676889487 0.103996785266501 0.213428737781351 0.122424936523707 0.111450237182388 0.0695350562978446 0.0930610036454234
0.0803457335172959 0.092510070850456 0.19418043300443 0.203349358903223 0.090874366529679 0.171501463513643 0.160674238663007 0.00656433501826672
0.0385048988157168 0.0940323463627731 0.0180454291433628 0.213043365127613 0.12663991735689 0.184180666268412 0.262274012331687 0.0632793645935457
0.139624946812583 0.163641931796098 0.145828724230571 0.148718465802399 0.081378866599212 0.241992226016145 0.0170286481308056 0.061786190612187
0.151234717524542 0.00524508045508276 0.234425681403551 0.0310351420129345 0.0105058602343121 0.106954062988505 0.213337211527855 0.247262243853217
0.220317017818851 0.215010932880081 0.0924139781253683 0.0453573616971398 0.17378516603928 0.0298115948474986 0.159528146593039 0.0637758019987427
0.075230639773622 0.100387340952661 0.0955586650685984 0.264730886236419 0.156780040624032 0.0955950802189038 0.062083239727344 0.149634107398421
0.0184208681541866 0.194699088723849 0.01170518817926 0.221524823464839 0.227243244232796 0.0802819029826738 0.226877848765874 0.0192470354965219
0.288207972557239 0.061263529864797 0.0778119859687854 0.0802489142931613 0.244634607180342 0.102470159752775 0.0690427577648388 0.076320072618062
0.152661279808603 0.100687855114763 0.201672044718644 0.0823199529986846 0.0472926347382047 0.115673904010321 0.206867923619737 0.092824404991042
0.260001256793791 0.0602859608995548 0.185269096174332 0.0137203328101996 0.164863665575932 0.146364876479999 0.159705253248633 0.0097895580175588
0.0553640790009802 0.142230163755922 0.214254146411963 0.0682099484415983 0.0637329184448661 0.0240951854677295 0.24293417612138 0.189179382355561
0.0299098679084059 0.249440592729545 0.213100033449976 0.186992565390665 0.0841167871286737 0.0160452744042694 0.143784767790422 0.0766101111980436
0.117497710249509 0.0595162514146859 0.0563561907434255 0.18593839901235 0.141094381070214 0.206688147606197 0.120335172694882 0.112573747208737
0.074742724504943 0.117988305892669 0.167038231220151 0.255707821753306 0.209941409621362 0.1359993619751 0.00310128581169814 0.0354808592207708
0.188432553126724 0.216235839380138 0.0923303149103063 0.0228263869618306 0.0625710321417458 0.297639030917078 0.00392431285148889 0.116040529710688
0.183297438302101 0.0797182122643608 0.0824761471865452 0.191614744699711 0.063591500279513 0.0730086053915013 0.20092292002218 0.125370431854088
0.117380161380858 0.0318722628141066 0.195752264358942 0.132582634906345 0.163387080312277 0.0291052758345991 0.16191160232989 0.168008718062983
0.0388835094494034 0.152966884656879 0.124604359500571 0.209356309135341 0.17262712986039 0.179981069531441 0.0432231759250493 0.078357561940926
0.0124109607565431 0.237799814929354 0.0884737000992014 0.123684762220915 0.131387767508927 0.065286788168171 0.127546307896077 0.213409898420812
0.161718970923062 0.160080344933455 0.0497009535832272 0.131179066943469 0.0176189378139438 0.124451841225635 0.173719414256042 0.181530470321166
0.241850784027923 0.125563755694615 0.100488285489608 0.0894251877143116 0.0890681534153979 0.207812925656485 0.0905741674461499 0.0552167405555097
0.0320071886593933 0.0486530152288315 0.105205333893815 0.175684452810953 0.118195026793384 0.181489938350895 0.146178297465152 0.192586746797577
0.0794624560286475 0.03922357632118 0.195459129259161 0.108956624551789 0.167707244462547 0.280324955373069 0.0548994349536618 0.0739665790499441
0.0682374609876438 0.0972120280412114 0.0987227498832584 0.108939217965939 0.185515901396152 0.175097061221716 0.106226684651936 0.160048895852143
0.173340439022532 0.160880306400497 0.132687285913085 0.0351999928443185 0.154701390532745 0.153520021889922 0.0474141756954661 0.142256387701434
0.0964948556693342 0.0928297872791869 0.202780747032705 0.170248246918651 0.0993571053196194 0.165594595398725 0.105984139621798 0.0667105227599808
0.126382275297918 0.116309396382183 0.0865715891403527 0.0996414950802408 0.0230266364853302 0.0581639516676496 0.245923867647082 0.243980788299244
0.111495463250683 0.150204768556121 0.203506560066363 0.00755845814340235 0.169387043537709 0.0961040414689506 0.146843824008509 0.114899840968261
0.166194744465261 0.138408126172844 0.195992315512425 0.00600465317048404 0.193407053382336 0.0680762449377754 0.0588970697431364 0.173019792615738
0.170125050432026 0.124341782749118 0.154823292052288 0.114121871046965 0.145319534375596 0.134503801930103 0.123720835753307 0.0330438316605977
0.0494275762973116 0.139368670070127 0.0715485111515136 0.0887747784222374 0.038074972839998 0.254504765646521 0.335760550823163 0.0225401747491288
0.015391508462339 0.153063067769236 0.126090951491377 0.198836466375483 0.055055120414861 0.130999492177651 0.116965921755419 0.203597471553633
0.0750798996561903 0.0289994904412399 0.169908949220467 0.0557833480891706 0.122210233084807 0.114329240145473 0.185611256155217 0.248077583207435
0.196486212970623 0.124965898744126 0.0379650991932126 0.131969287823952 0.267217072945634 0.0245220430611254 0.0301625553386327 0.186711829922695
0.230313960492126 0.11413352880256 0.110340913245746 0.136422338393786 0.104266454524205 0.0247998354347673 0.159493482025826 0.120229487080983
0.0869332862417389 0.0333911319274625 0.147266604127052 0.0559346751863063 0.232114453867635 0.24221782459305 0.0498538405451976 0.152288183511558
0.0382170930189108 0.176694448425237 0.215758614631515 0.0549845651801959 0.0329344983283329 0.174828497377842 0.1710034802231 0.135578802814866
0.0497388300983516 0.249610623180025 0.0421880444528364 0.14064606253453 0.0479159405908165 0.126371209469582 0.123741081982476 0.219788207691382
0.190301104973213 0.155403828730157 0.176204780160666 0.0379266623818494 0.0660865668872084 0.159043709647932 0.19261402237752 0.0224193248414544
0.0696100265033822 0.13655073453931 0.16797335941948 0.0962775870238236 0.24053279579693 0.0216627255578443 0.199724203453093 0.0676685677061366
0.104899161782439 0.214751129376234 0.202534874403968 0.0631166236985694 0.00773137021731473 0.137364455132579 0.0617533866416502 0.207848998747247
0.254355339936811 0.0388124326536893 0.268469597291597 0.159821121501796 0.0450058601463044 0.0253876092997219 0.0104227129178874 0.197725326252193
0.0856534411029676 0.102658817211703 0.0388387209821923 0.178455605765996 0.122944338780556 0.0566074343396106 0.163708795063925 0.25113284675305
0.00297988877244405 0.0527864154827777 0.154692468066738 0.114687712788041 0.0900092073564525 0.0167874922706678 0.278304051630936 0.289752763631943
0.0990720418059498 0.165741378580363 0.0111501452621098 0.00756113609097786 0.212268780200523 0.160243278325582 0.192461671306951 0.151501568427544
0.0591767671106957 0.172381792990027 0.179167628251306 0.160935109575054 0.0483864780882213 0.147723065231191 0.0563377281781095 0.175891430575396
0.109428204016151 0.121021683293972 0.161744235739182 0.146747132083121 0.130145684525264 0.145879434587186 0.0576129787034216 0.127420647051703
0.164374578212549 0.135667569638806 0.118641757534464 0.0891197272893665 0.109237564352281 0.173446693431561 0.0806062415782377 0.128905867962734
0.151936579699677 0.21808954923208 0.164587216095146 0.088001368179702 0.0787724680453097 0.103435529471224 0.106052335226349 0.0891249540505127
0.237181756016314 0.0880150351616712 0.114096497406383 0.034933926554458 0.0234055274721631 0.134751157379628 0.144228877481509 0.223387222527874
0.122950759620291 0.0303027623479222 0.127457224549379 0.0648976856236954 0.142232007769333 0.231246682924415 0.161616534509745 0.119296342655219
0.167995499794911 0.125531797347248 0.199841229612782 0.0674788487183459 0.0217651832196734 0.189339497522756 0.0944969516943527 0.133550992089931
0.07716957828653 0.235534165971698 0.068194295029255 0.125935636935638 0.0957516783073831 0.105658789731143 0.215710665235366 0.0760451905029873
0.0363096983999604 0.138959587158707 0.102150977723021 0.161687989930387 0.18164544431825 0.0968103563874303 0.118153245968286 0.164282700113959
0.237217583722226 0.200857509334845 0.123155039388186 0.0320000549840786 0.0387740891181354 0.0758535574113821 0.0381305916175983 0.254011574423547
0.0291120904789661 0.0649406640405182 0.240629320601883 0.265918835286429 0.0332389592680402 0.186654779940809 0.153638739516771 0.0258666108665848
0.200402791771075 0.0720486542085297 0.18988869614274 0.0484361078619183 0.200694346150878 0.0299902122877782 0.194138645648542 0.0644005459285389
0.162161481552454 0.14888064392911 0.113805303527265 0.153598226419446 0.158166251873005 0.113748539034062 0.131160966885455 0.0184785867792033
0.213711504302868 0.0579790588050231 0.203583670781065 0.0281689320515144 0.172618229234597 0.082712679828022 0.169008963065498 0.0722169619314122
0.194621877956384 0.13572624843413 0.134494879136291 0.235763394222008 0.163434294989036 0.00142371548463598 0.10640079592994 0.0281347938475749
0.0814855509215012 0.0515085394551533 0.179658652978034 0.18160418880015 0.186697486026819 0.0426698809981538 0.126753642244574 0.149622058575615
0.225292579265103 0.00522381727174074 0.0865164591918772 0.147597178821014 0.166471778137036 0.0734801016804296 0.0389508655929614 0.256467220039838
0.0889478350863321 0.149884826398276 0.13067982128553 0.198817107765885 0.191631031814652 0.0716046374940845 0.0880813859218797 0.080353354233361
0.0979458863041427 0.157505962182885 0.103873466865723 0.19024021700767 0.153630143669199 0.091719892252821 0.0627891171899634 0.142295314527595
0.269931300898963 0.0749175355768727 0.0351465091540253 0.00573815875211346 0.17513330146843 0.155537694525088 0.278015484296702 0.00558001532780603
0.204155805281448 0.0133270045039931 0.0506334972923814 0.184626446012645 0.235254976114323 0.181893556365382 0.0490289362770511 0.0810797781527764
0.0881338224225573 0.1686881387696 0.0562131967571884 0.000670911981935816 0.181062628211578 0.168944989393915 0.151186665873999 0.185099646589226
0.158483591467222 0.0500658555636824 0.11686274506576 0.218879497582923 0.0337437879042016 0.0324031402812623 0.236715944915657 0.152845437219292
0.0798395092146859 0.263364267743683 0.00829708372869864 0.32803190747584 0.0446989015610092 0.0283613302479457 0.152994398095705 0.0944126019324328
0.16826086974882 0.16756438999067 0.171391659171119 0.130684813866948 0.049636814547405 0.029439131050265 0.0549307638181881 0.228091557806585
0.0579657327686602 0.132440095036582 0.151505273204953 0.184174863688793 0.022121059817803 0.0702911918568654 0.207501908204794 0.17399987542155
0.204613125505005 0.200404454979297 0.172636937548932 0.0744962432572134 0.0177896502775676 0.148373268731477 0.0752021333138955 0.106484186386613
0.0370425347198236 0.0495278508847113 0.118439276759939 0.0389545365556989 0.186287593322712 0.152575845831985 0.213091365348535 0.204080996576595
0.0691305673539885 0.183445875135369 0.098899204946148 0.193824380230886 0.141970822281423 0.0736318825192479 0.149641357891591 0.0894559096413475
0.0827757896823411 0.0518971233393027 0.207205557664206 0.14351526660954 0.21181424460766 0.22043616268191 0.0368492642890916 0.0455065911259489
0.104281131819802 0.00878676033856739 0.0919959524016639 0.211660794688319 0.232418621862972 0.241031230595378 0.0698626962965393 0.0399628119967596
0.189156607473432 0.111310166286475 0.09640013747413 0.0190433925550921 0.118912088683616 0.115112039659234 0.148733650031856 0.201331917836165
0.104114699759424 0.186440054834893 0.181432266423993 0.0460889634219203 0.0123254342086796 0.176307674439472 0.0956770807930643 0.197613826118553
0.0330298613609007 0.0113748562776277 0.205994898873463 0.213788578628711 0.227359636955422 0.146217964820631 0.125950371730808 0.0362838313524372
0.0471248402461656 0.179381617319805 0.231764772785675 0.190423779563585 0.202681370918687 0.0154530451936089 0.0821329907859006 0.0510375831865738
0.190709360401671 0.00754179307096827 0.0205764098832526 0.0563651144733639 0.339980103339664 0.237952410971186 0.084408468775042 0.0624663390848519
0.147519453557181 0.0530639275282268 0.0716841235532655 0.118780194210406 0.0216252847442844 0.155011683855857 0.224408411300534 0.207906921250245
0.0843982508651361 0.150857422231107 0.291031435867817 0.0844675623774486 0.170445339626916 0.0983357423541557 0.115441195548534 0.00502305112888607
0.0686901183353195 0.0467634166235478 0.0238352324977058 0.303940871580403 0.047138384491697 0.0598132100081049 0.197739065408489 0.252079701054733
0.0351744948520522 0.311111448692398 0.16665349583275 0.0381757125486309 0.0383239300824398 0.0156938720685081 0.118692403289732 0.276174642633489
0.281648309234594 0.0682109672087713 0.0181470363082783 0.241861573228117 0.143427261916885 0.108788178153283 0.115723135588413 0.0221935383616582
0.287144121431392 0.0707899530439495 0.031036367237597 0.288725937352332 0.101409111308365 0.00477313989322491 0.18002582152016 0.0360955482129802
0.00186657812161083 0.243000808988713 0.0208290830824002 0.044703739413479 0.166757848666011 0.0261095156327565 0.251568890753856 0.245163535341173
0.141372065840362 0.0741524699374911 0.176668887097847 0.00319703160319374 0.167049642956581 0.0946014641649146 0.156538911318482 0.186419527081128
0.188256627667508 0.0891121585048939 0.0263370189583192 0.0333979200197588 0.245670571556784 0.227511425390339 0.120178162609905 0.069536115292492
0.143344596705273 0.177529730358537 0.130851120038791 0.03198213693782 0.182373612237167 0.0669404582209714 0.147980065814212 0.118998279687228
0.106906385272424 0.290498232996814 0.104416998888657 0.137807886756115 0.0493873784465211 0.0655093014391499 0.0143396469186671 0.231134169281652
0.0248252040418409 0.159498561647677 0.0603952690280266 0.212253158974025 0.188711496263887 0.136560553864208 0.0209589523815691 0.196796803798767
0.107261862045674 0.048771285590055 0.139479558689378 0.0319349997418805 0.0899805673263177 0.260249391811561 0.209238270270981 0.113084064524154
0.179664485195088 0.191106833657098 0.0967728085573962 0.0735929142142897 0.151375953864256 0.0446803948775319 0.148267226090579 0.11453938354376
0.199941027018642 0.0273732191509231 0.154478216482516 0.00297349568975437 0.179084647815425 0.168239602001587 0.195230484338341 0.072679307502812
