0.0843433195959213 0.0011031353744444 0.180204865964319 0.242029901809047 0.239501862903949 0.096723699272419 0.1560932150799
0.250953687369405 0.140177444105627 0.184578424189628 0.270959154772704 0.0446166990541407 0.0338050187618769 0.0749095717466192
0.104136547976073 0.170049256379024 0.126952155526007 0.141519005713767 0.1913438638293 0.157172897951468 0.10882627262436
0.0233420602639577 0.00404028929302172 0.286210529144268 0.339456969657561 0.2819155331638 0.0114268902463184 0.0536077282310727
0.0115125914480733 0.218963439093598 0.211611698326044 0.18269320194934 0.246459675932028 0.0434194273476213 0.0853399659032954
0.032310304203404 0.231182321798975 0.26658209414553 0.0773544107409741 0.0344893449964615 0.194487355030223 0.163594169084433
0.055389586030876 0.0081349617215133 0.138762274402454 0.305939871028576 0.331536502573998 0.08965126646607 0.0705855377765123
0.246718360030908 0.195691597379325 0.00709730885560522 0.205869061372603 0.235913331802676 0.0273567218368196 0.081353618722063
0.0702935582363316 0.140821200906484 0.0828336566585543 0.0320239235803554 0.124956493742716 0.309007545146851 0.240063621728707
0.133888419682651 0.149415752332232 0.391230322165095 0.00714407746109922 0.0712584618637016 0.196667793272062 0.0503951732231598
0.0868340454473315 0.0796776694850027 0.0784300753958873 0.247054396841006 0.162107837574992 0.132813032564222 0.213082942691558
0.154102906270179 0.318820448507379 0.00837682223074886 0.0306809717798329 0.1625836056298 0.184199294353886 0.141235951228174
0.0485061414639599 0.103065176126678 0.0688493988217947 0.123016565232509 0.208618040676416 0.251762459180976 0.196182218497667
0.204165320511877 0.191474482046665 0.00473368352628701 0.19597122956524 0.141340975237771 0.160036489530924 0.102277819581236
0.170479625901105 0.173138644864536 0.0313983093203292 0.100151285419191 0.122292709166791 0.225110799257435 0.177428626070614
0.174547339960595 0.0346210990684329 0.153816472005947 0.283758146416119 0.0985064784569112 0.107721664279342 0.147028799812654
0.0160073491561675 0.116135799435498 0.13426974371927 0.23606322890104 0.20167316266023 0.0656126237352744 0.230238092392519
0.224534392963655 0.175444991374954 0.231128858472532 0.0284715325833129 0.104511436180756 0.0965847084196546 0.139324080005135
0.110027206628732 0.194447308714486 0.125043180142789 0.055938059825691 0.153095849759526 0.23686210438052 0.124586290548255
0.280909178337638 0.0508660176812799 0.0513207089683901 0.269235868217772 0.111145282302669 0.175813492122909 0.0607094523693416
0.131037608291714 0.206866600147596 0.210843022327525 0.216794923577665 0.120270128681657 0.0586993587369785 0.0554883582368638
0.100750529733231 0.117384376582454 0.242145181480491 0.110370284981918 0.0992555669167897 0.134446162043864 0.195647898261252
0.0529844034792228 0.157814643048356 0.141639102785336 0.157897251856514 0.21211858108054 0.0943748408145382 0.183171176935493
0.378269124776458 0.0458190395979402 0.119181075534081 0.0112242260977327 0.213987944488496 0.0263570683234812 0.205161521181811
0.0794477772933626 0.30513636585955 0.0559347433944113 0.083819722661319 0.176652300286643 0.0766425303857262 0.222366560118988
0.139167905825197 0.150878027796459 0.102825956312063 0.155147330537248 0.149332874624716 0.166519223754177 0.136128681150141
0.20520855283672 0.0974820309523654 0.0713394311651286 0.061766916588316 0.129451079023856 0.195324822880319 0.239427166553295
0.152306937822881 0.250388352729066 0.0938450404903825 0.0706760230956074 0.112158977098796 0.118900069153128 0.201724599610139
0.192968454438962 0.19579023706112 0.174147365106815 0.0779462572442501 0.123194345327168 0.114343167650371 0.121610173171313
0.175024184302004 0.171105768204752 0.0156474109888158 0.168097573268354 0.191720977400718 0.175541779793005 0.102862306042352
0.227577913388736 0.133746525758487 0.0387120320916602 0.212300982179931 0.09302887831158 0.204904063425892 0.0897296048437141
0.0237208885489999 0.364014437700733 0.0472809596720123 0.0159793567089799 0.170008298181407 0.0793678448289822 0.299628214358885
0.0254565494126104 0.18452052496559 0.203542248250842 0.130382964267471 0.223734704404689 0.0456361874426954 0.186726821256103
0.100327509954848 0.159336898975036 0.202378574282824 0.34267969508776 0.0713914239706045 0.0480958607845084 0.0757900369444193
0.105174909563289 0.229254844210428 0.25012719792967 0.0252636491829542 0.0866080758879237 0.10326383763144 0.200307485594296
0.0657658804947667 0.205783959738888 0.160883340412608 0.344441191385916 0.023018296384665 0.148707381037851 0.0513999505453055
0.21506671764454 0.221942184320387 0.126057529195968 0.197573198872876 0.0458777996531551 0.0512520281368209 0.142230542176253
0.228856793031681 0.188418314468827 0.191709687247779 0.0325004450651573 0.164267469962421 0.0793859742449495 0.114861315979186
0.154088298629126 0.0553892559708772 0.229810950077227 0.0965118118639577 0.101500820741471 0.234781203474356 0.127917659242985
4.29353345383184e-05 0.273882126209458 0.243556515961587 0.253155996458337 0.119627231169768 0.0534632272625371 0.0562719676037746
0.172641000413899 0.0722120537273591 0.167316014446413 0.0339688114891805 0.20452496029402 0.162966320869001 0.186370838760127
0.164004962877472 0.17975993580956 0.139760327823185 0.139578522806061 0.0250823179136119 0.167261316174497 0.184552616595613
0.120046282007632 0.179587396533039 0.240515955929089 0.0429793748776958 0.203119775183834 0.000498715588823888 0.213252499879887
0.225118837241686 0.121159555747721 0.28330127234969 0.0165897219922933 0.119452581680737 0.01805786127015 0.216320169717723
0.277797715942625 0.292462530697982 0.05580593331173 0.149986022165017 0.0421099950662513 0.0253808869513446 0.156456915865049
0.298914629506589 0.114311836226082 0.0536954663793811 0.164734538667983 0.00763778826857541 0.255534977463554 0.105170763487836
0.0411265857364557 0.214600899360014 0.0885051121417741 0.265867310505901 0.126994337641674 0.0822577991065771 0.180647955507603
0.137429924641025 0.143581636100175 0.123756783795767 0.17472649460582 0.157449009591785 0.173535491082732 0.0895206601826967
0.285632616304894 0.148479408462492 0.0975932731147024 0.168199571573826 0.120567394621356 0.044727478307339 0.134800257615391
0.206753259711746 0.0141132526840723 0.046946991910079 0.244716962701936 0.0382947512728952 0.215611078260789 0.233563703458482
0.139126668004893 0.0376810953467791 0.0587186644690769 0.176220840622373 0.213265828883635 0.237848495069564 0.137138407603679
0.221988797266367 0.0614097989281497 0.215811292256766 0.0273169348775131 0.210792321876824 0.0883084927869172 0.174372362007464
0.00417433245922285 0.264495670343927 0.0983546542626292 0.146397024991636 0.202392366959232 0.114388177021786 0.169797773961567
0.131118690963174 0.0901166916027187 0.196005631050372 0.0842874057346977 0.0649617690392112 0.15273486938281 0.280774942227017
0.152082763703084 0.200470104308768 0.050034149778502 0.223515671877745 0.0181028421398621 0.167037664574532 0.188756803617507
0.018731442314047 0.148518990494822 0.0145570873666069 0.236156126484507 0.23540541683048 0.181472892055196 0.165158044454342
0.0511438307770745 0.0385460102538825 0.188914937261452 0.150618210216387 0.034602025570962 0.262776526037151 0.273398459883092
0.186089024611928 0.0478538733537568 0.0206924584548439 0.19999136910813 0.143727358836312 0.241309706457854 0.160336209177175
0.0996985598208007 0.190885613783981 0.179394148228675 0.155132535559297 0.128365239252916 0.111209204813092 0.135314698541239
0.247179570560493 0.296403427600197 0.0769735035076465 0.162833792103328 0.132882327551489 0.0724818027451496 0.011245575931696
0.178821973371472 0.250687042829561 0.17032126641825 0.0611060582253063 0.136964565694664 0.0482992776356777 0.153799815825069
0.102616374162093 0.0546068977037998 0.0933887590085577 0.07333832147245 0.202542740634736 0.227916680861095 0.245590226157268
0.0494067570786421 0.246953224601159 0.197123980243295 0.188571314097927 0.103325485557623 0.0425883990698184 0.172030839351535
0.112427794220379 0.201320920405653 0.161368070475759 0.199117621224197 0.214605832286303 0.0304450844948872 0.0807146768928209
0.235364425687652 0.140129762766885 0.259634594317957 0.0374461422803002 0.0444908914384158 0.0898389973001157 0.193095186208674
0.256771606511432 0.103976389193667 0.243968938967133 0.0904322253187958 0.1723060209522 0.131844780627598 0.000700038429174722
0.191451612077946 0.1738844175508 0.0609334239953189 0.129232312221657 0.0757398694148896 0.197323878219002 0.171434486520386
0.0252559989061205 0.325974566106124 0.0077599600090946 0.111454646163534 0.20701369712493 0.148608867714068 0.173932263976128
0.0629166900937901 0.0421661564829194 0.233224166455 0.152619825967699 0.096192513482732 0.197949998060154 0.214930649457705
0.0355685793366758 0.169581887310616 0.203028296235321 0.213249588130203 0.00680758661818339 0.123267303432922 0.248496758936079
0.0562974708100081 0.165420261717139 0.275728241913469 0.121843811591711 0.0416222518713081 0.23159153536007 0.107496426736294
0.0256077998590092 0.175978502333171 0.168794015977469 0.231657353104431 0.0318842938742882 0.150035066474618 0.216042968377014
0.0254564147491437 0.0563273399245435 0.00157523995083623 0.259920911427426 0.290145673202058 0.12510736006289 0.241467060683103
0.161840786547917 0.201166315810867 0.0509910917732168 0.16550758495196 0.0876603471229294 0.117370152356868 0.215463721436242
0.166706353961297 0.099811025077795 0.0674683937274679 0.19098948275588 0.252041830188757 0.10362982162149 0.119353092667313
0.269035703501959 0.00677864784358267 0.0238563916272362 0.0877032656562667 0.297928172986526 0.0506928569857479 0.264004961398681
0.150665356226464 0.048317097142911 0.164182258998081 0.0754437773335432 0.211970593193659 0.150171587784119 0.199249329321222
0.0103181605571436 0.133811782282164 0.322371706611369 0.194290188466341 0.110168799424325 0.0585177486390882 0.170521614019569
0.312271267793529 0.0485784945585463 0.0692925412807819 0.00676121218866599 0.0863094517280904 0.202707666221179 0.274079366229207
0.155029486194328 0.24629923286542 0.172157527980519 0.0277096350445222 0.0188821320762641 0.123599937329062 0.256322048509885
0.201952357125646 0.167733735504946 0.120388345517331 0.176072314892613 0.27054123616275 0.035488289269164 0.0278237215275503
0.198421410061502 0.229875397124471 0.0429905650111645 0.0420644782004796 0.145705617094605 0.183227922593433 0.157714609914345
0.134227213557044 0.104142724081356 0.20254085794613 0.119153714162258 0.0396565643465585 0.239467867438982 0.160811058467672
0.240812626483673 0.108424904080388 0.0645792489924241 0.196795477087907 0.11114293338066 0.240715739975412 0.037529069999535
0.17727281649409 0.130971932608307 0.0532113642903746 0.0861247550503443 0.27694848525446 0.06073570491253 0.214734941389894
0.197661583365552 0.0612410106206063 0.242946156395954 0.0712395805505148 0.142128402970899 0.206703427783411 0.0780798383130639
0.113526174847698 0.188642051035635 0.177130539832601 0.153664356364141 0.0717197159306041 0.196013661699532 0.0993035002897884
0.239647951998264 0.0960933772683575 0.164694009932905 0.169938324044114 0.0352306338856565 0.110230429770339 0.184165273100364
0.341325349909066 0.141186077334102 0.133850728186244 0.0769552462472524 0.0917876657596493 0.153286298315602 0.061608634248084
0.148634756801014 0.137513491540729 0.143512425510894 0.154106529453803 0.0553982018199147 0.201731669828425 0.15910292504522
0.0897499143901149 0.305551984159251 0.0964794745192578 0.113091513903843 0.233691526270637 0.109479395678855 0.0519561910780418
0.328856374127513 0.0741499564584925 0.255285010670518 0.194004388659398 0.0509732432526196 0.0950102990151278 0.00172072781633135
0.0868934507064774 0.0898221049188231 0.132562705719269 0.00942212497739814 0.198297399085389 0.130799489676345 0.352202724916299
0.139499901948556 0.134323494545369 0.173576405644886 0.0635602475128314 0.172652824120368 0.168137429533142 0.148249696694847
0.1246782930485 0.151850618277441 0.0346027610215131 0.200231194379541 0.168209034695 0.144675747042779 0.175752351535226
0.0728931394394648 0.125631950750781 0.223700949203133 0.178300890900882 0.22869319008129 0.000692475255372926 0.170087404369076
0.0910478752249257 0.117400201285896 0.148970642168487 0.12123563554852 0.288379570147001 0.22405637327269 0.00890970235247967
0.0846491733784733 0.238117213545826 0.0185748598098606 0.158806088435907 0.113339355297803 0.183962295960301 0.20255101357183
0.301550433834938 0.0380449871103414 0.127836517424749 0.0103894604057745 0.109266957114571 0.152938357402018 0.259973286707608
0.0782291487555686 0.0601252854991178 0.0961063890140389 0.235815977266283 0.182627574811766 0.136916198199334 0.210179426453892
0.00438723868732104 0.240214782229492 0.114079824954323 0.00565788165973238 0.17094225715858 0.230271724598172 0.23444629071238
0.188187879467847 0.180327505579311 0.00503636159682963 0.456136197352335 0.0385849347775717 0.0505373521227367 0.0811897691033694
0.0335273461724276 0.0863387807334774 0.0973376339121752 0.282406200124272 0.17997783022595 0.0580908726175757 0.262321336214122
0.199224881837507 0.172452721893668 0.214684042643352 0.0561130564193763 0.211581467234422 0.138239779217507 0.0077040507541686
0.268526379433003 0.135982304016561 0.167535527876413 0.114418454010394 0.0674766063400564 0.234598183976915 0.0114625443466567
0.246813519320787 0.015427313129924 0.219272517331692 0.156389924689587 0.059041794451932 0.214347862810457 0.0887070682656214
0.0366270488164553 0.0705048427961949 0.0424325315549428 0.266444862271132 0.356839116109359 0.181279419801911 0.0458721786500052
0.17715180135711 0.0706728337771732 0.16528516692666 0.1309499276691 0.188090425921093 0.0385165711858343 0.229333273163031
0.222265704227846 0.214084030592555 0.118543092148353 0.151369972133584 0.039819875839289 0.178148348456401 0.0757689766019725
0.0556156140943701 0.0617520437145948 0.139956126012694 0.055032383321643 0.249974838166997 0.252688797516819 0.184980197172883
0.179282830479755 0.25093051139585 0.200617743765128 0.170067794388437 0.0479683736652993 0.0364015896996544 0.114731156605877
0.0568336645783094 0.086990389017631 0.314351357890748 0.294991200379311 0.0594369629340103 0.0290748924780427 0.158321532721947
0.275860557930414 0.0265074346036636 0.0256989189886653 0.0485200556376893 0.0875353738798821 0.253055676833348 0.282821982126338
0.188729474195606 0.207810606971524 0.134539409864265 0.169098366222441 0.0431539863346178 0.0316635394346967 0.225004616976849
0.23430978642672 0.218263491227072 0.0220747055743382 0.240913459264919 0.0710413042250037 0.157916579586135 0.0554806736958125
0.146386079149355 0.14942189798638 0.144910154667843 0.146775725317531 0.169519409934385 0.128996432658275 0.113990300286231
0.164581861199843 0.201852871199899 0.0289160185313233 0.210574145606674 0.162449727786181 0.208812789678619 0.0228125859974603
0.178413123506032 0.0361763170170399 0.0989410050964436 0.125135866524945 0.107116219410522 0.169331570799506 0.284885897645511
0.200591985312668 0.0842288009754002 0.130920794109562 0.12466241520184 0.140985543290168 0.14051138713741 0.178099073972952
0.0985350739885585 0.265924920947504 0.0558208987747758 0.0584051452894655 0.0145393962901166 0.259684276932681 0.247090287776898
0.133890179409818 0.157560052177094 0.0795161344368567 0.151934988378211 0.230834041324031 0.129774476054883 0.116490128219107
0.181271230391382 0.168468045619486 0.11437884950139 0.0784359485789902 0.125899953430126 0.162950613170347 0.168595359308278
0.00340407397512988 0.0610051052876556 0.131392188322405 0.0875861232705769 0.252158510691333 0.26375693664126 0.20069706181164
0.203063946620327 0.213327289681814 0.133127323570926 0.00232892727784923 0.178254218736362 0.0967993405445476 0.173098953568174
0.218021258371021 0.168921653673092 0.143153300103602 0.0396858763417243 0.0671689118210185 0.256700828343998 0.106348171345544
0.0567166985803603 0.215758834128099 0.187472744642575 0.080430451743332 0.148355690574182 0.0940578078562657 0.217207772475186
0.135344969598157 0.12383360434745 0.0873027923312704 0.163837862408101 0.197375287141643 0.134235611849765 0.158069872323613
0.244712477163671 0.0664791399268136 0.245682713692628 0.193327592646029 0.0459226229442653 0.161782821334678 0.0420926322919141
0.247264051674424 0.19550199531812 0.0202281825444509 0.0781826615237123 0.134690041885942 0.236198825238389 0.0879342418149619
0.00993430681898665 0.189939792681505 0.22650800190342 0.0090929252594737 0.235092485626373 0.107362337533801 0.22207015017644
0.114524721995797 0.0449801001433007 0.300885554957913 0.10961960502816 0.0200112319919 0.22037300125331 0.189605784629619
0.102552111713736 0.263445942167182 0.0286564952397747 0.214827891176381 0.107245823462935 0.152059305825838 0.131212430414154
0.0823785524350878 0.189823589684072 0.213400943442721 0.0559241134960599 0.274647398886134 0.049804714968532 0.134020687087394
0.0289080410105892 0.135518810037982 0.231007541718547 0.223262193910962 0.0783641853205224 0.172396061471824 0.130543166529572
0.127495816462223 0.267781718272905 0.0326854474094927 0.293503632643494 0.194469104793464 0.0550007051067024 0.0290635753117186
0.15141576100877 0.0934809084031769 0.142803968065092 0.0563809900944158 0.115837149680565 0.268783467793736 0.171297754954245
0.248706489759957 0.188324048640307 0.0188376907985176 0.234985724413881 0.103550869026614 0.18706830166842 0.0185268756923039
0.243355826217536 0.222175917016388 0.0760951277926979 0.111837053553641 0.142859976224316 0.122902185632048 0.080773913563373
0.06211681619532 0.0773900250438669 0.211179949997787 0.176232244888112 0.149583168074238 0.16341212082964 0.160085674971036
0.286019830714008 0.0828788693102762 0.0525336826543143 0.0243850634766713 0.063954602545545 0.3152515912689 0.174976360030285
0.155406546156356 0.324655574668578 0.0268029913789922 0.156843376537078 0.150081962400677 0.105869992985121 0.0803395558731976
0.0358527932639312 0.094471689342638 0.144976821516628 0.0246522410056937 0.20731157135588 0.311283904793628 0.181450978721601
0.0937915363901048 0.190231812649369 0.0229847242682541 0.117227509321193 0.128512995743504 0.235980263153087 0.211271158474489
0.112525446581056 0.0593546569763478 0.118963667910461 0.122853979225489 0.20970468355513 0.159855175973618 0.216742389777897
0.0123353216867298 0.182590034933016 0.154688138896078 0.267242278496983 0.0537235498982327 0.0149416031088889 0.314479072980073
0.0891966427488118 0.0447161047149312 0.136404777666392 0.242352446810378 0.190083243357296 0.0949404413482366 0.202306343353955
0.209825888118844 0.122320343373122 0.15707304698555 0.20919059631131 0.180771249318777 0.0368930313673772 0.0839258445250187
0.0955758659649259 0.0787256390978716 0.155800364374433 0.0362552340641757 0.210059619192275 0.288328339078216 0.135254938228104
0.0415820033368137 0.163876207007122 0.0579920930157386 0.087052210375416 0.271108687455484 0.244683743916196 0.133705054893229
0.237852596189116 0.0826702155902355 0.0429540110217997 0.233743738510013 0.0909357663611792 0.180366345875876 0.13147732645178
0.22377571725995 0.00442384349987866 0.116810793199687 0.0373801295881559 0.233028653955712 0.212610021933717 0.171970840562898
0.24578103197818 0.0812195059105515 0.116621549295255 0.0906802700846957 0.142751994271216 0.0856634952346627 0.237282153225438
0.027199871945642 0.144899162503622 0.181624739772611 0.172539321565228 0.0959149432188534 0.189668993977808 0.188152967016236
0.0239181564715264 0.066460318621383 0.276347757887987 0.0706435340981059 0.13269726041783 0.198335444238574 0.231597528264593
0.0180931295047895 0.0657576300836227 0.27426653631366 0.195121871109028 0.0958502428924951 0.0654497818712964 0.285460808225108
0.131743101491623 0.171387887627782 0.133620796869534 0.120838425148747 0.127714354269858 0.170240762824807 0.144454671767649
0.163773424426349 0.0131590943928953 0.301036973222865 0.0127857166374633 0.256854676742782 0.0567842047821717 0.195605909795474
0.218250848549214 0.155978386251754 0.0945055169844216 0.14180249225824 0.0311864250996398 0.171343077250689 0.186933253606042
0.0680421958140166 0.144186734730993 0.0995875468936362 0.219792129489729 0.137547903865177 0.161324362304252 0.169519126902196
0.144594583771603 0.323978333051523 0.123009250361532 0.218035330164467 0.0949315968559021 0.0197143162286838 0.0757365895662889
0.0623980848543986 0.241855782476826 0.120750103139754 0.163441690703595 0.0205603723697993 0.311296585824256 0.0796973806313716
0.161730804192373 0.0030572674598963 0.166655415156671 0.150741445473495 0.329316850190743 0.143460766272078 0.0450374512547444
0.0311166832094933 0.180193450042259 0.164003288974238 0.201626045332924 0.081883096373081 0.184048746800781 0.157128689267224
0.103196355237026 0.198045903249497 0.207050821971896 0.108776247183322 0.158285011110697 0.167534079644067 0.0571115816034954
0.086524834437899 0.0922807799145041 0.0223811767761444 0.23171649195376 0.265800627917516 0.147742733343812 0.153553355656365
0.161273513259613 0.0732866323042816 0.223890750496902 0.181118940270718 0.100888569744283 0.127844660588541 0.131696933335662
0.135468605039921 0.120199552981613 0.0380767123851646 0.209263358601203 0.212542656240644 0.0766356535199466 0.207813461231508
0.0288795021480507 0.409373851652048 0.0732408891290296 0.098664323609348 0.208784338259464 0.0994187165512344 0.0816383786508258
0.13858431180525 0.084040320452621 0.0905707584096974 0.155905678608708 0.327889925816767 0.142358811697483 0.0606501932094744
0.0478789383175892 0.192136760093902 0.356611025281606 0.0156654101851085 0.0521891726104533 0.281225158959587 0.0542935345517532
0.226304498678424 0.153631163961915 0.0797615039637153 0.125398129892297 0.0540969688328229 0.136638302559685 0.22416943211114
0.146360192949996 0.174789303933777 0.0575373715789147 0.240339762480642 0.210748242557916 0.162471457648562 0.00775366885019143
0.140865993844706 0.0511683680134389 0.139556721287541 0.148527150614012 0.195989879612612 0.177801935967911 0.146089950659778
0.0608437421052435 0.200368077198213 0.102328520428137 0.111224114203723 0.213436551462136 0.120762686453911 0.191036308148637
0.0553667009779237 0.0684364614860419 0.215151924931186 0.191357365617649 0.025180228619097 0.227943023250458 0.216564295117645
0.193318749812442 0.197357630260179 0.195775041350827 0.00961946326902563 0.250110307589087 0.109525483023973 0.0442933246944647
0.155770630306967 0.0366232320901888 0.0173395609316293 0.00729530369877991 0.250024293593336 0.285930428212321 0.247016551166778
0.320962591049282 0.160349211619428 0.0718654336840573 0.23545349670092 0.0917678939677394 0.0214899297783413 0.0981114432002317
0.179958825722386 0.161787987489276 0.0038275161823782 0.221401791284523 0.0853718141723155 0.25850900961452 0.0891430555346017
0.290286894681104 0.206234104666842 0.225964150511906 0.127696086903434 0.0431768262160709 0.105373939197168 0.00126799782347575
0.203242186136703 0.180842502659051 0.0383116623631605 0.138894968569186 0.137063106672258 0.15500605960915 0.146639513990491
0.0555039022275507 0.14795191865328 0.244750985331693 0.208166945602656 0.0981084658943592 0.108755773666411 0.13676200862405
0.169917552730652 0.155846198186155 0.211902289401909 0.168276333870091 0.126960689540794 0.00588251775491539 0.161214418515484
0.0404915517964743 0.0030133296309924 0.156203928858142 0.1617931547609 0.388196551579893 0.1188454722979 0.131456011075699
0.227021976062597 0.193619058020817 0.211792287921673 0.109307527140003 0.0207473238618813 0.0478294363077932 0.189682390685235
0.148486072576513 0.0877358959013011 0.152201472728474 0.193660177236082 0.161997119463635 0.0985161286186267 0.157403133475368
0.0386676819068405 0.0612556512938514 0.446930583211445 0.0893807267797295 0.167680547672849 0.17862616319116 0.0174586459441245
0.245467020265571 0.237888119375553 0.110879210894167 0.151324367026689 0.0663674208608555 0.00701180143693703 0.181062060140227
0.0590283307245536 0.246909422352561 0.0878892441063171 0.0424318604256326 0.0680854083655414 0.212057389526755 0.283598344498639
0.232127759868122 0.00190637792894139 0.103834809207061 0.297674686759359 0.0819143327399855 0.0184418972636447 0.264100136232886
0.103115925072251 0.284199858219828 0.0386970032323961 0.0810395587822144 0.211735487508611 0.280874455651993 0.000337711532706655
0.0797431773018201 0.14115067998002 0.310128423365142 0.0135454785912118 0.122495380248356 0.138400929286438 0.194535931227013
0.186341181119466 0.0710041509343556 0.082883032054142 0.125877151026141 0.233223055770719 0.287815284350994 0.0128561447441826
0.0575605493878374 0.319190578572569 0.0988886873737077 0.340795637186917 0.00475468685085014 0.130514206937615 0.0482956536905027
0.159480805362078 0.137534480276175 0.133913610838864 0.13943711163947 0.14620958880532 0.147382798303499 0.136041604774593
0.12877351611385 0.0587557684088681 0.107688825605076 0.167224893904152 0.193177994966894 0.193986722927766 0.150392278073393
0.10440674745654 0.0574136856946853 0.230629399601564 0.167981955526587 0.129388876913324 0.225739589474231 0.0844397453330687
0.221428635423109 0.00317508127330049 0.175604400940627 0.0645601521648181 0.143400786194953 0.19932087696829 0.192510067034902
0.0307328935302629 0.158449795186381 0.141164587549635 0.0920514256693124 0.179290133618841 0.127852475668815 0.270458688776752
0.0951195808573983 0.0307981566121492 0.078902448363689 0.262307059606791 0.0251712380174422 0.282189366515203 0.225512150027328
0.162264583802312 0.221514323211814 0.0236225500909039 0.218085162081788 0.201326305853019 0.0186468375669041 0.154540237393258
0.078623301056611 0.0107223417998043 0.0632485690591471 0.285214940834512 0.113005500473626 0.1618167883008 0.287368558475499
0.317535432077286 0.0648310710864708 0.0457467253556742 0.19712535306924 0.10817794548099 0.033712655289344 0.232870817640995
0.0150849837692501 0.196612906589598 0.10940141401529 0.183097053459148 0.0119226107636152 0.277486937580556 0.206394093822543
0.130718910882954 0.00970555050560724 0.223490253366086 0.0869066084725357 0.192654694764995 0.268995415914234 0.0875285660935882
0.191262361552128 0.295296040362687 0.0921174675796347 0.0212967717739339 0.0514746801335805 0.175227431075432 0.173325247522604
0.256814718835648 0.0169332330226519 0.288173060691524 0.00387162817916296 0.10452876731497 0.226273787214525 0.103404804741519
0.00485279358763659 0.0733863656269997 0.162217634383758 0.171385014411821 0.231937700301944 0.156160206068534 0.200060285619307
0.0563598149124419 0.234554659062461 0.114091788502441 0.0783702306375976 0.187317733606789 0.16921206549342 0.160093707784849
0.190470951993682 0.00533125216319567 0.0035951482609289 0.0237884873747176 0.340757674133627 0.257816720564587 0.178239765509262
0.337071549594163 0.0411297354745402 0.132642455026759 0.0934477720251994 0.158721651384929 0.159316850118067 0.0776699863763418
0.133027405576699 0.191956824525499 0.112598194617431 0.00754609077791729 0.216746545908356 0.233494908363283 0.104630030230815
0.168434691843235 0.187125503587082 0.16589375337312 0.184130781226658 0.0562823941455817 0.130514202598588 0.107618673225736
0.101248754096138 0.237491726392304 0.249799879766701 0.0834295596632471 0.245672059303256 0.0159495509511633 0.0664084698271897
0.180045446307528 0.12888553307574 0.122847169881002 0.0908138931130131 0.145329987136275 0.169710649055575 0.162367321430867
0.186225834693632 0.0450114810409324 0.0520640591579826 0.039187068551089 0.0106488474122218 0.254865405729771 0.411997303414371
0.162646277493613 0.0480541821828938 0.201615842832276 0.233637816406848 0.0923482067351356 0.0240596122944448 0.237638062054788
0.0894746441990731 0.136644552901028 0.285850956341496 0.100188809272327 0.0131821500934487 0.124958837685885 0.249700049506742
0.0786558879316475 0.151836082820978 0.10594751667337 0.108464979313842 0.241882828494195 0.147505420913066 0.165707283852901
0.127914463769253 0.247519306100665 0.0857523171490743 0.067245397310153 0.107480054298339 0.159278096955849 0.204810364416666
0.1411674450334 0.567751893042058 0.0460562339177932 0.0001406485294292 0.0994734146086197 0.0174288830522759 0.127981481816424
0.206655304575472 0.0245758852519705 0.176619718700702 0.0558677833828302 0.195699902173503 0.153363648037292 0.187217757878231
0.123907724377764 0.20634589982692 0.16334407304531 0.236794355785889 0.141962664721969 0.119352435549381 0.00829284669276697
0.2834148173327 0.182728896914733 0.0944964662412367 0.16248943745633 0.0903146264052365 0.121654308617866 0.0649014470318972
0.259806864878005 0.232747905522494 0.0967123277912605 0.220732024517072 0.0183717096738526 0.09360026725895 0.0780289003583663
0.0794224183390343 0.183467789658627 0.154268184713662 0.11129189264888 0.164538778824429 0.237686735943375 0.0693241998719922
0.0660216606372249 0.217921184015033 0.153213199744524 0.14619945832663 0.106346500393447 0.152557116094803 0.157740880788337
0.145997741509419 0.12899731673132 0.205671197917454 0.0566424959796978 0.108839665204554 0.179561513329063 0.174290069328492
0.170708703622852 0.0677117459486556 0.0922954634831356 0.21729230018865 0.0715803408435872 0.205214728893033 0.175196717020087
0.104838536783031 0.125605823778819 0.171398145959971 0.221522063731042 0.258816666536387 0.0403097385602284 0.0775090246505226
0.204165629018222 0.261590081598052 0.100894026387357 0.0268762993467094 0.0580441509122003 0.290208621112486 0.0582211916249731
0.239221261454163 0.106178055997683 0.0070813307700078 0.185288425080444 0.0576762176008824 0.191343366436107 0.213211342660713
0.0956578720157402 0.147120542726904 0.327265594138876 0.360057285035752 0.0142553143979951 0.0141043965426153 0.0415389951421181
0.168129682833028 0.219775788577202 0.08084310756166 0.129079782633075 0.295973793009062 0.0925518146281739 0.0136460307577985
0.057301925341894 0.306215210662122 0.245221185866633 0.124895221328867 0.137020334027408 0.0385476816525931 0.0907984411204836
0.243546104210376 0.28112772725785 0.0384188208062169 0.0571813785348861 0.186300348236314 0.058354199239306 0.135071421715051
0.073380180427285 0.0388403692431569 0.203416848178906 0.164246612626055 0.0364582048285117 0.327658301241928 0.155999483454157
0.0190642335900236 0.2780385417527 0.208442391857084 0.0271765161503245 0.109308464544679 0.160799859612766 0.197169992492423
0.0898254350909243 0.189301533923981 0.0936841157365421 0.240149964215941 0.200633964534838 0.0219748283485157 0.164430158149257
0.072206179301894 0.137519568464337 0.101911669455989 0.172804562927677 0.222648928370821 0.198007082450483 0.0949020090287977
0.150108082850903 0.165317352147059 0.0538495765636317 0.160220121395968 0.0965030808678473 0.201418374461607 0.172583411712985
0.289906612531796 0.0360402825441923 0.0171972789993392 0.321583750395188 0.0801946523278757 0.0963690887319923 0.158708334469616
0.149952080686014 0.0184047133961211 0.0516961017741695 0.070273363193996 0.223012985424336 0.239730017928569 0.246930737596795
0.239055463765502 0.108194979044983 0.129207082507454 0.126371732923462 0.0906038340616383 0.113127298248767 0.193439609448194
0.152708598316795 0.184313154046958 0.181210461382026 0.0607325977144919 0.18708016752712 0.0684362301846988 0.16551879082791
0.228290777928382 0.220547077603404 0.206221755680674 0.0579600630493606 0.0024900912701875 0.169933845817593 0.1145563886504
0.0911101061465905 0.00881396273777661 0.206812937641386 0.126696396420112 0.391536713718577 0.172492199239671 0.00253768409588676
0.196798431754149 0.206320223625342 0.171586906007898 0.0958989095990645 0.132648612454676 0.153057536750355 0.0436893798085166
0.0444317605395149 0.205454183688689 0.0663927094957477 0.120145212108947 0.208990487275959 0.14344007748572 0.211145569405422
0.0472680369351889 0.193622635583752 0.0645651901386685 0.0688464082355816 0.0925679699381518 0.175122093704728 0.358007665463929
0.0232134011382002 0.232618639801797 0.134811416183575 0.168212201523358 0.204563584694558 0.189965666211574 0.0466150904469385
0.225801415382193 0.243883628498818 0.0908451244253273 0.228445049563463 0.0815373793199336 0.070582494814826 0.0589049079954385
0.129808128785742 0.271021895821137 0.0954091634408765 0.289446995102925 0.0758630403983655 0.00819293756528951 0.130257838885664
0.240252454679628 0.221919403007499 0.112158894645951 0.106129737358446 0.0608472889114659 0.0356508739058665 0.223041347491145
0.146596275486475 0.189607633813168 0.156622220538385 0.248166316237086 0.232092271953083 0.00706691841162306 0.0198483635601785
0.231694517010102 0.127715384200708 0.0271453429698438 0.0769827480809243 0.177578218569906 0.0862134417393079 0.272670347429208
0.0384786106083993 0.279824556668449 0.19953197662218 0.229022616661821 0.152744706783109 0.0878784402715677 0.0125190923844737
0.199184228231663 0.218153734638855 0.238370640774316 0.0304352317985649 0.183382996286146 0.11723619836525 0.0132369699052044
0.1510180660353 0.0140509427414621 0.27112433853795 0.177459814551124 0.0184217511444486 0.166178130132753 0.201746956856962
0.146562642484598 0.278483812146645 0.141220826493112 0.0881872808752925 0.0284381715777534 0.151133714737941 0.165973551684657
0.084113885407542 0.224635938335981 0.18780004343686 0.0228003226480943 0.277764403728387 0.127961901735321 0.0749235047078137
0.272364954060472 0.149329633426815 0.0600093818697046 0.0888484682670178 0.094238478957774 0.169240413812533 0.165968669605683
0.154114044248391 0.296756547553263 0.216042988995039 0.11703351561071 0.0376267774467087 0.0484762898499128 0.129949836295975
0.210037242563689 0.126046598676957 0.184986125610962 0.0332621284457173 0.188681747392028 0.062813171826245 0.194172985484402
0.00925775845777532 0.162473248447843 0.33947021515889 0.0366737020180177 0.0513373149146531 0.0620570259023484 0.338730735100472
0.155402181263902 0.120269380720708 0.170572245138602 0.1048443778695 0.0882458187103364 0.195515277040757 0.165150719256195
0.0265610880439476 0.249907081355433 0.127316405848882 0.00834732269768824 0.00583455442246422 0.378290422452742 0.203743125178842
0.00956057311776224 0.107581027948365 0.187797799563494 0.249926503441986 0.186927388168025 0.195530927499806 0.0626757802605618
0.155093543535301 0.233013954541767 0.220940108475109 0.13817651532452 0.132781788788473 0.0989301637280408 0.0210639256067885
0.101831569257893 0.197397078580175 0.210814166182852 0.19270152179563 0.0386783393903409 0.17232992843769 0.086247396355419
0.0865579531966272 0.497862979177317 0.0203090233333608 0.198044348439469 0.0784130251429598 0.0471207832000976 0.0716918875101682
0.119571702425723 0.00137266687890311 0.237594480632893 0.23424355479432 0.0466784869491073 0.184643993893178 0.175895114425876
0.190911401158112 0.0619768797933568 0.0105519636163885 0.0192194015470166 0.323694649232367 0.20474217308138 0.188903531571379
0.308276035224704 0.0553597177585917 0.070308546038065 0.0657552882586152 0.0482803734535493 0.376282294878539 0.0757377443879357
0.161130834479513 0.0827732543832047 0.067717920182812 0.0164630625283549 0.0255681324874271 0.228918147662014 0.417428648276675
0.00119443117087111 0.119322474612364 0.228248675475773 0.216813724605256 0.205484677315857 0.0638601616264784 0.1650758551934
0.208232591428514 0.124926468365979 0.214905988824258 0.0876709716276944 0.00948891057346354 0.182434320634102 0.17234074854599
0.0507867450204939 0.339164094452773 0.0143534789238089 0.131759696762178 0.306415012589919 0.123773947266789 0.0337470249840392
0.098141324294269 0.18021433821307 0.0178763454131416 0.23053947837548 0.141460913574919 0.185168230518346 0.146599369610775
0.112068178309547 0.190612305597031 0.157901519490733 0.0842848319435676 0.167272482970318 0.172844980113867 0.115015701574936
0.184295695560573 0.127575725728142 0.153333814907725 0.00978516837485472 0.257448023041897 0.15208304829214 0.115478524094668
0.0688807290921508 0.10592476484647 0.0525018817418037 0.290122949290928 0.0957268366604628 0.289365183562638 0.0974776548055471
0.0268607529555298 0.0681766729319733 0.21901267722397 0.179237629160835 0.204888645900808 0.0594107208125065 0.242412901014377
0.0275874693082465 0.181756269346369 0.209529859864566 0.206932145473465 0.0213651687216182 0.198910073363164 0.153919013922571
0.0429011022903758 0.2955566737748 0.218984222538227 0.0955720266669285 0.0736181780831185 0.151033171735738 0.122334624910812
0.132188478792885 0.16803473945233 0.244705430770267 0.0903799777478971 0.103580100746482 0.0294372326585058 0.231674039831632
0.154610971398096 0.251462921410249 0.183546917409303 0.052771406925092 0.171352299220786 0.0155636827745479 0.170691800861927
0.220803130187331 0.130551582832406 0.130086642222923 0.197763379261432 0.103930530860675 0.211591546479601 0.00527318815563109
0.168573047793566 0.10691757092447 0.133725488354531 0.0392573709305361 0.215957487960004 0.0118493129468324 0.323719721090059
0.0291944802894136 0.105518565527247 0.168140694536169 0.181441069302152 0.176236007844167 0.180499064311862 0.158970118188989
0.247064308219516 0.0487075294276518 0.054794509333559 0.152430195652951 0.194333269702928 0.100534522313701 0.202135665349694
0.0801646413335128 0.288414430874588 0.0996148418240938 0.123727829081395 0.0673890750280565 0.143857108925365 0.196832072932988
0.170749437225358 0.102316690362389 0.290529625738849 0.173910015319208 0.00025631307407 0.014894055681788 0.247343862598338
0.259447810197802 0.0445236407271409 0.163306509099387 0.100606697741762 0.179421997921174 0.131098777537346 0.121594566775388
0.0619593333737613 0.0543410426768945 0.116879184269866 0.319364765376658 0.0649606255906256 0.0360423564027541 0.34645269230944
0.0879349600586392 0.132046650592793 0.0824771213477175 0.246073837189903 0.232185541905696 0.205963004131226 0.0133188847740258
0.240981552162992 0.0415814289421455 0.228620867100396 0.295986794327578 0.0176264059666652 0.150929850513709 0.0242731009865139
0.0465095446896265 0.275466842348816 0.0267314464874458 0.115723512224378 0.252767248280396 0.0196010139844818 0.263200391984855
0.266427354580088 0.0463786468205088 0.0338585529014486 0.350901020302879 0.193907059071835 0.0328416760487632 0.0756856902744776
0.192781190276294 0.0473787587540716 0.239364705914256 0.0440799151708265 0.21222685402478 0.143665450221773 0.120503125637999
0.18667999230511 0.192195782899062 0.198692071329602 0.180505100714854 0.0977810315878161 0.0181077371233092 0.126038284040247
0.216252093502619 0.175990919109091 0.120655074042619 0.126980667922157 0.152986327688559 0.139838668416208 0.0672962493187474
0.135600042408048 0.231372310617694 0.17570618305302 0.0209858735365391 0.16548176377557 0.228494268348298 0.0423595582608313
0.159176938556961 0.158170410482704 0.12151901820831 0.140910473498766 0.0623415154337218 0.218689509537769 0.139192134281769
0.124513654860335 0.204221577428442 0.104824368749814 0.194826851637543 0.155802226691167 0.169612903330501 0.0461984173021986
0.159321104665981 0.163031888528133 0.0695383023477099 0.131141190945351 0.243716297897402 0.0458025141861146 0.187448701429309
0.00149228655829249 0.0853343538747642 0.153715301936927 0.250412288498597 0.225729033607741 0.2519645426258 0.0313521928978785
0.126481274579652 0.0668407235399332 0.186431903811011 0.16234474005693 0.0570833762112556 0.184724289345754 0.216093692455464
0.150598965175754 0.0604786224871964 0.177014265445386 0.308545508291507 0.193208438850618 0.024240217782639 0.0859139819669005
0.248095179994732 0.269195902846592 0.246014451746586 0.0217214507695762 0.109574801640563 0.104062480271486 0.00133573273046391
0.203328161449398 0.028616580759164 0.309305331677057 0.178473011082115 0.0352752655204499 0.0163604494639901 0.228641200047826
0.262382427533926 0.224921151828964 0.121395311609587 0.038854015247324 0.10162016244352 0.238674521685383 0.0121524096512952
0.252259468010758 0.0497357773011925 0.0554654296606854 0.138520215805338 0.0681847401883024 0.217109079833655 0.218725289200068
