0.0864571725229389 0.132243946626746 0.107768167133887 0.190987452576048 0.0347528956195073 0.047732981620172 0.0347661003202753 0.195234206855 0.170057076725425
0.111907824986966 0.249325653966616 0.175926214296754 0.112275502946373 0.14460276153996 0.0465680781215315 0.0462276945872516 0.0245387439949856 0.0886275255595615
0.127117664773875 0.240435290401467 0.0690670364182556 0.0181001384215602 0.043491357633118 0.1186754640221 0.242138970551475 0.03627210210288 0.104701975675268
0.11812244744128 0.137932959429631 0.159842013744596 0.0813371307500589 0.0747774505074709 0.161336650667761 0.0422861081361137 0.148906730685922 0.0754585086371662
0.0340545554352538 0.0959967970551122 0.158823865182144 0.201079055184407 0.00766944984490415 0.142460556400329 0.135770840657052 0.0656084531273098 0.158536427113488
0.276327288587736 0.0347943516698801 0.0318205856694096 0.0739791595921002 0.117264112851494 0.187849189543092 0.22264598942307 0.0145970562077536 0.0407222664554654
0.186878849207778 0.104912983952092 0.0802882085659033 0.209400137103044 0.0252145100130817 0.0938374660194379 0.217653003660741 0.0746972805845597 0.00711756089336104
0.136078187743459 0.00859949795505749 0.21219399305599 0.0196314000887959 0.197274827866406 0.157360176620602 0.0577007521634783 0.0883532199782635 0.122807944527947
0.103441706072269 0.179448152882792 0.151738393724654 0.104556156660794 0.10709118090276 0.0259637481691452 0.114923298015342 0.167039972927924 0.0457973906443195
0.122524828213925 0.100024551826158 0.0390399267028076 0.187363911823588 0.0884186650966658 0.183380906216971 0.188600723627437 0.086754091765252 0.00389239472719635
0.0449927658629717 0.0815077417817839 0.00444690041167478 0.18788037191295 0.15484956809732 0.179961302882102 0.129190016785393 0.156742296682897 0.0604290355829079
0.0653993136025192 0.0774754939288433 0.197851210510559 0.0352168054962102 0.0371395011470655 0.190976026552866 0.1645103897131 0.175569549327359 0.0558617097214771
0.112225880061777 0.0967024749987301 0.0802647114950756 0.137176976154989 0.125165791168737 0.147270542797792 0.0835225162007668 0.161612221594583 0.0560588855275501
0.0860980489454147 0.209482010333185 0.0752350249709432 0.00256713694671563 0.153092322349094 0.207784527545161 0.0211101689264876 0.140095360340255 0.104535399642744
0.0688224593865309 0.0593225459689684 0.0543771037038637 0.134696481689484 0.201184850850789 0.0327654886339414 0.160034063949089 0.143367037029254 0.145429968788079
0.0546457212815484 0.146514185827973 0.0379177085679238 0.072026642898591 0.161702982784708 0.0676792380546958 0.114564979126349 0.24312911999574 0.101819421462471
0.0296059696612592 0.165245320043491 0.112690249259797 0.00853980426957075 0.127491729722422 0.186670220357376 0.067747881584773 0.284889666978118 0.0171191581231939
0.101474322444286 0.195437286641168 0.185774769511316 0.167787240716196 0.106808096995649 0.026971140446435 0.0683599679926384 0.0398769723080503 0.107510202944261
0.122529071107283 0.166135925335396 0.0123090303193941 0.0787150434686562 0.11635116968005 0.176063999742703 0.113396689077155 0.085026894823177 0.129472176446186
0.266477063158774 0.0165438596286274 0.0176145916023444 0.250116278370806 0.0709961129548615 0.0267478899940058 0.0383702331908236 0.0811161875298512 0.232017783569906
0.162521285037839 0.0286651346185801 0.0678352545686048 0.0324678591055052 0.111920160422281 0.252497139088714 0.0743443354433401 0.168924332381483 0.100824499333653
0.128004978376478 0.168847855910374 0.138106905317274 0.0775383751868501 0.135986284597901 0.0529232798999703 0.104373514301639 0.0279503576393656 0.166268448770148
0.141163916643691 0.131930405535514 0.0326773098765284 0.0357931326375782 0.113312951767917 0.0999403268678412 0.135721413857023 0.13929635481731 0.170164187996597
0.0560712251486188 0.0933256478777323 0.16334378185538 0.079713633321325 0.157896067632093 0.121597365574785 0.0292654694608591 0.059740288016759 0.239046521112448
0.0639426510456271 0.170751008709484 0.113950141534958 0.108783172469736 0.140799293111172 0.0654198953307775 0.114152773907955 0.110772772265782 0.111428291624508
0.012659250518276 0.219563187618739 0.103475193407748 0.0924332763544121 0.0705173298343204 0.20006219079905 0.153497199469493 0.112676481834775 0.0351158901631868
0.0434232569399855 0.221100652325767 0.200787410144458 0.0159208368335846 0.0943202523622602 0.114901311008068 0.0237465083010646 0.0882009077801336 0.197598864304679
0.217571626542268 0.12800233425733 0.118954867863769 0.000143917471276009 0.0142955474529079 0.0327647837140988 0.114140088168076 0.143351156276733 0.23077567825354
0.0119124982560494 0.200777271389046 0.0299134534101252 0.0389603962400031 0.175768784885875 0.03344570194938 0.113884073109665 0.180076288481862 0.215261532277993
0.037273491168436 0.0911889976228761 0.132450424991264 0.172757953435446 0.259705146484997 0.0136488017853374 0.0271834875313715 0.220279886673247 0.0455118103070261
0.155318798835719 0.0369741909421392 0.0763106754284517 0.075668011352654 0.0930666588305818 0.151709438441976 0.164006305592095 0.164959724750646 0.0819861958257382
0.0278237212865678 0.0701717281615546 0.00155473772327776 0.0142476055146536 0.231012064472047 0.211755286588079 0.126327765190289 0.0814725159412436 0.235634575122288
0.0598459232202222 0.11072475868997 0.0631532384456651 0.176798289340694 0.107293686304581 0.0361630827873379 0.0787031984665788 0.182500176854688 0.184817645890264
0.12919865134293 0.0371967540637511 0.122972091276503 0.00434639653856204 0.111828365976718 0.19913548401153 0.208796630155537 0.0856592143814195 0.10086641225305
0.0759103730467647 0.120547261378403 0.132779704203301 0.113947468882359 0.0512579075564532 0.15857916234332 0.0604681172963382 0.226881862010044 0.0596281432830168
0.151031316904431 0.173457266927003 0.00189793549141306 0.165793015513807 0.0768582322297331 0.171052036307643 0.0762237883242367 0.175937832527796 0.00774857577393753
0.191608607533974 0.198454647035504 0.193893437480546 0.0222843200692457 0.0474819038277365 0.0189941514608166 0.00700647396587663 0.184171946434487 0.136104512191814
0.124515272915861 0.0762599858601063 0.0534936396062173 0.0634829040379402 0.0848123354082787 0.203665853725648 0.155597525714897 0.00563263492130949 0.232539847809742
0.103356597221796 0.149594119430636 0.162529286826296 0.0724735864018806 0.127538514864383 0.0229873425100715 0.181613246410812 0.0972847166749157 0.0826225896592091
0.0422235720021341 0.120779701248855 0.087654962067756 0.160297018633258 0.108896844479206 0.161096449412028 0.0503043390473968 0.150883774975696 0.11786333813367
0.0223404686964809 0.138957969169429 0.155403312575743 0.0923917551400053 0.0394686465203919 0.117267214137239 0.147403651380945 0.153795972051569 0.132971010328197
0.0841016265724105 0.125614789566538 0.188536078741545 0.0981206587981724 0.0137927808272181 0.104891261020656 0.184766057006224 0.0324052208064776 0.167771526660758
0.0506416639435201 0.122602162841886 0.0525640566539881 0.13357355577721 0.167631388995866 0.174624169470935 0.251857525941562 0.0427758657625485 0.00372961061248524
0.165136869449192 0.130054284453178 0.196281427537758 0.158505305067155 0.0541559265402721 0.141041531817478 0.00104884146319645 0.0449671691448265 0.108808644526945
0.202944847878043 0.112551409781869 0.207163584990465 0.113515817937569 0.0595846703260391 0.0473454793792598 0.0275594229204806 0.121413747164036 0.107921019622239
0.124006008170486 0.0874228667391804 0.140642529630412 0.133385568619337 0.120732891548355 0.0186088114864121 0.121475876347906 0.135180279604367 0.118545167853544
0.191007941007547 0.177090475673227 0.0638762412776716 0.0258072883645147 0.0978718058256454 0.0442914373824908 0.219540323367213 0.154504761714918 0.0260097253867715
0.00468159217413164 0.0148846378331637 0.0529033538687105 0.371228460738801 0.317340664619382 0.0437553105901506 0.083098830632351 0.0700971154297903 0.0420100341135194
0.241366058805113 0.00886502175404672 0.00090545704073961 0.0788672020181756 0.0626006312078282 0.043904470521135 0.286997190910192 0.197013572057928 0.0794803956848418
0.250258197035916 0.191746252373533 0.0191369599197366 0.0177838018732042 0.0650716129975049 0.252852896630941 0.118798985026236 0.052749618934139 0.0316016752087899
0.0939515811917861 0.255040974858509 0.0374380219754004 0.21140738269438 0.0800807365765254 0.0903695304817518 0.0327769262327574 0.148038609713386 0.0508962362755031
0.0792329825103048 0.168032075673425 0.121965691938214 0.176854212554855 0.0278459342337679 0.130531044510544 0.102341822498533 0.00407686959844398 0.189119366481913
0.101283810727282 0.224734883442488 0.22284475826612 0.148750919018444 0.0346917318572644 0.118616978865877 0.0349174434714137 0.0241711068235361 0.0899883675275758
0.143172434127264 0.0761511810599216 0.0465177294661691 0.093521059410653 0.095538932610099 0.00390421053123953 0.22232348535715 0.14522203899331 0.173648928444194
0.175730021650058 0.109058844477498 5.22692706667703e-05 0.166290913282263 0.0369953997145592 0.0998892790320653 0.217369661185297 0.182206098286686 0.0124075131009075
0.163120978524857 0.10147716594139 0.183635518486247 0.0578118865492152 0.137168601651135 0.13785681448399 0.0669823266691464 0.0940018946110721 0.0579448130829468
0.104835092052208 0.0133463496214782 0.0334520017028063 0.196535730722919 0.192149147344193 0.0566010239597846 0.0337130116292443 0.169247563266475 0.200120079700892
0.0091303127158067 0.0410797997768454 0.258044974841563 0.254784687478401 0.0697506817174018 0.132309155036408 0.0459497560936876 0.0877154035457947 0.101235228794092
0.00510834535826353 0.0885115334536842 0.179923183069734 0.0953163132571612 0.0365693976497265 0.0724347313076946 0.18600125162927 0.180556648034191 0.155578596240275
0.00777916274988337 0.19648625991633 0.11107444234648 0.104133403656149 0.096482806646378 0.216828521863247 0.0188356005117452 0.141427286509245 0.106952515800543
0.162504892623318 0.181128370195315 0.000449061590136086 0.170432813013943 0.184689104202484 0.0978723978490584 0.0997679604399759 0.00115184423049813 0.102003555855272
0.0308228481352664 0.140918247349759 0.19191243731177 0.00658302754878669 0.121695007876828 0.202286821000619 0.045785699299297 0.0509585623237001 0.209037349153974
0.0902231967323786 0.0883075723469879 0.121134963494008 0.0473426425365069 0.161618119988685 0.179422613514381 0.123164557130239 0.0175067751972795 0.171279559059534
0.148755832910092 0.00663502962747787 0.0375950315492774 0.103508597503516 0.253892299953112 0.0417763253224355 0.07878285690085 0.165461953705152 0.163592072528087
0.0382576720201634 0.0977820495907225 0.136312832314078 0.152647265931022 0.0734949679045651 0.146551301665985 0.0973324136541002 0.138490589585444 0.119130907333919
0.195760804152145 0.136015172352697 0.0576254554891314 0.125071482864238 0.0509193247983046 0.0403489367921073 0.213980225311618 0.100531017289683 0.0797475809500751
0.110229707244734 0.189976442956865 0.0128756306463672 0.117249870251716 0.0413482604024198 0.0492974918462665 0.0814581522187926 0.201213829513834 0.196350614919005
0.13126180954952 0.13866477145083 0.137994354594968 0.00442082072776775 0.101836849751619 0.0820340961241897 0.158865438437891 0.12986925358435 0.115052605778864
0.177904260109514 0.0845555901338439 0.149319888742989 0.030367182197352 0.0358898010369618 0.068034441540432 0.171845895944564 0.134746987414897 0.147335952879446
0.0240358002752114 0.143706562376168 0.235986960189566 0.0265978881688384 0.0168223106854713 0.0590342373014516 0.22098701549358 0.0235033979395794 0.249325827570134
0.0438006680940577 0.151112934740268 0.210256266047189 0.105004808569874 0.253968920224297 0.0256642165015521 0.0940633836371512 0.0067434407803218 0.109385361405289
0.127504987395126 0.114314805744686 0.0484412640934408 0.0751214515918751 0.119071464118748 0.0960196810015259 0.148554814713375 0.166146626114083 0.104824905227141
0.110588868345999 0.231992459391295 0.178148847416866 0.202065151460963 0.0732689928479662 0.0120030790114129 0.043837912379617 0.0989484774898875 0.0491462116559931
0.0619877847494246 0.173138752362899 0.0536416438938951 0.17388368441647 0.143700096329275 0.0586873155367554 0.0729587164754843 0.0521714806732407 0.209830525562556
0.0612250902261038 0.1843745329724 0.0731693656408487 0.0528964078963765 0.141781452623664 0.194297113253939 0.0076587023472066 0.0995797272664807 0.18501760777298
0.130731309388506 0.148223297846613 0.0563054477626243 0.110783283822996 0.150688547733126 0.036422774728085 0.141126833241828 0.146321477348201 0.0793970281280209
0.135176309355898 0.0993214148055262 0.149410527627224 0.113577320152866 0.144910508801829 0.149526174384608 0.0893718303533376 0.0307064244030525 0.0879994901156596
0.113340053325237 0.109221196596745 0.191020189258564 0.0448338590843313 0.14156380685599 0.183139580127711 0.140461496344681 0.0351131270151007 0.0413066913916399
0.154633768567938 0.155147347020649 0.0917110189305786 0.0162901149832933 0.181160475074965 0.268497085213035 0.0650676447947515 0.0500845101412898 0.0174080352735
0.0480882115452306 0.178708748742536 0.161616586856424 0.0921549972453634 0.163486719148671 0.0513534285230177 0.101981786360654 0.0965230498570353 0.106086471721067
0.201362523531932 0.125906029685947 0.160931976032452 0.18890418612379 0.0188682601660384 0.0887586647374386 0.0409821044329097 0.12811178921742 0.0461744660720732
0.0534020381759357 0.103576213455319 0.111201928549776 0.069816422574705 0.0953261728107522 0.0926982015398575 0.272043580643152 0.148129467587469 0.0538059746630329
0.152456620533058 0.107871889852108 0.0689168316385146 0.0800207325787987 0.0206598158448541 0.246834172717031 0.130543529078162 0.108595116095779 0.0841012916616943
0.193926224932298 0.0447775926433046 0.084461876825142 0.149782716207251 0.0163677346747246 0.13159446261933 0.0730065937719444 0.12228561838862 0.183797179937386
0.0882862520012553 0.170917211144509 0.13072031787636 0.181272786584551 0.0487194813765736 0.0334645193625575 0.158325237299956 0.0756251205131966 0.112669073841043
0.153176025216686 0.0235148921370926 0.0728571585924581 0.134737728615192 0.216141674561644 0.160307699641697 0.186238496079088 0.0437447681733885 0.00928155698275398
0.165657076699301 0.186946008339467 0.0544397876096392 0.0143454781982976 0.120553505004966 0.00350199064438092 0.0673293531675015 0.194830338243446 0.192396462093001
0.131672343601157 0.141565669297763 0.0254080584766991 0.0296368089108396 0.145375399487037 0.0087103414178627 0.210888439025264 0.199437899465752 0.107305040317625
0.23025522577164 0.227428349709405 0.0762672733884885 0.069962358687954 0.170689429940076 0.0243475969170718 0.0330909429382998 0.131574577671127 0.0363842449759375
0.0391234525128367 0.109747860984737 0.149420892079789 0.145414212210813 0.16859763406645 0.182183672708141 0.0665626482807743 0.0968136521796487 0.0421359749768096
0.178901072054387 0.153716149035211 0.0403743817750395 0.0975641502319259 0.0728605967005178 0.0313691486983051 0.0138677742758609 0.2301368327607 0.181209894468052
0.128409041537598 0.155078176040361 0.0437846136578293 0.122415747824618 0.18585496200789 0.0628268714964354 0.180476936521048 0.0973789505176715 0.0237747003965497
0.0467525468090384 0.0627459663573217 0.126871709415794 0.184334933008439 0.116512536443506 0.0880529644011881 0.188696200600193 0.00143432104351376 0.184598821921005
0.173306097644186 0.15614248455124 0.177909748089759 0.046081767844134 0.134838264440178 0.138881812664825 0.00561601782886501 0.0724082446947718 0.0948155622420411
0.0830637414238409 0.158966513812063 0.070223112097681 0.206592062918994 0.11849196934161 0.21130367790953 0.0274304375468483 0.0748370191974269 0.0490914657520064
0.0774130023790436 0.124899564775491 0.133035477362081 0.00565682034296156 0.152509523875869 0.106661872096824 0.117838623616024 0.0785958154765631 0.203389300075142
0.0996197253521641 0.195400722455352 0.0991431343277902 0.0328080233683416 0.127388095846946 0.119562204391249 0.186898785782376 0.12002648185355 0.0191528266222316
0.115123686858069 0.121697777448873 0.0379088516188127 0.103293471701003 0.0868801780770124 0.183297165189325 0.108738631684221 0.118155950986822 0.124904286435861
0.1247567076016 0.125677992381841 0.0714424245854783 0.174226873467461 0.14332902330641 0.0183316984155802 0.164997781245196 0.0458779414586179 0.131359557537815
0.094566851400172 0.157835939537938 0.0353230265640576 0.119670541432661 0.194546253728944 0.0374258887448621 0.000119217766002661 0.186071880803803 0.174440400021559
0.124339676522765 0.138204133217753 0.0266356544944291 0.0927178493626075 0.0381132485729493 0.0444529595960111 0.305433543191165 0.0798162721139885 0.150286662928332
0.0713100949544923 0.0285785739451417 0.122832779676538 0.150678116491266 0.197331700207801 0.104370265662014 0.20521649412552 0.0126512835218997 0.107030691415327
0.191141001254559 0.117593831808812 0.109743169526928 0.0371374450085202 0.0462474547969558 0.215139141419686 0.0184791712114778 0.183156658269764 0.0813621267032969
0.165902700993737 0.0189145702148605 0.127102670179781 0.0877942870862482 0.154128539864887 0.12168524655639 0.131357703384798 0.0554350538165787 0.13767922790272
0.206866800994467 0.0863052918663041 0.0380894626885104 0.0009139481156984 0.104975869183324 0.145738206845423 0.124879641721214 0.154390002968545 0.137840775616514
0.136688203612963 0.180043396989828 0.193466371990362 0.00477500592399984 0.123233954994216 0.0681410356977161 0.0984244839966838 0.0804635967441316 0.1147639500501
0.176578684822738 0.0471067270995234 0.0834371561420458 0.0946625030769701 0.0894337897586086 0.171747895988476 0.206473520928753 0.0364179906249231 0.0941417315579615
0.0488496208720508 0.135253853827441 0.0538819988385894 0.219974432729248 0.034112833182897 0.132477987231292 0.0693450299918759 0.208665185276791 0.0974390580498151
0.183510614641405 0.102810102533545 0.0995626063395852 0.0053085130252473 0.0333318778128454 0.0952494284972342 0.17804651801295 0.12757618075924 0.174604158377948
0.126854022319671 0.150046273816811 0.0327769048819554 0.055043887714279 0.211428240991822 0.0296604072103739 0.147837647796012 0.0919316844031858 0.15442093086589
0.0688810288347991 0.192514795675362 0.208229087364421 0.144537070776245 0.129601173456312 0.104651911424393 0.140408275785605 0.0110731707907006 0.000103485892163393
0.100328786419072 0.101688133043265 0.0995602848768016 0.0180663464480247 0.158889676149582 0.0951011218519457 0.213454137589471 0.192908774939415 0.0200027386824241
0.0572409063218197 0.0320261801414496 0.0227654624507534 0.158003000970959 0.135403133538187 0.28045636874564 0.00923978799902925 0.258976911823492 0.0458882480086699
0.212128971434962 0.0964679983458223 0.0798666612273048 0.031268328751994 0.0894476715369859 0.174450402402883 0.0839437677426144 0.0454920786273314 0.186934119930102
0.131456207651297 0.0477681301465377 0.153950490544516 0.134713673664676 0.12320340505497 0.0356600632190942 0.177672020765777 0.178082149507027 0.0174938594461059
0.0579637247427065 0.16647762067778 0.218018840997469 0.126576445089918 0.194134189383385 0.0487052985855733 0.0954390423799997 0.0207955942544928 0.0718892438886763
0.199910747047441 0.0818877720821562 0.114051230993466 0.0885713447403932 0.208449933839235 0.00323390966265544 0.190517833264651 0.0401223183402366 0.0732549100297644
0.221250666365653 0.0872640848709173 0.0418569465726471 0.127227328918687 0.0165634545489417 0.179869176631772 0.0911954339312908 0.0566192325784301 0.178153675581661
0.192785895820589 0.0661198962852874 0.0355612290407209 0.118744821147501 0.178796954796427 0.157003844671168 0.0865857098574594 0.0575949095811159 0.106806738799732
0.0748653620568947 0.0840282111981448 0.177819187705184 0.0841815471614455 0.00805769031546083 0.173716619969739 0.212223159666025 0.0505767345678618 0.134531487359244
0.194235324942233 0.0604700126137062 0.0404601214745069 0.177276458478719 0.0794805626814554 0.0805511389460571 0.00299708502872598 0.189316109256604 0.175213186577993
0.072337247447777 0.195095337330148 0.0923428006924351 0.0432489701485543 0.10076206412934 0.168299986051837 0.147008147356941 0.0782763527061721 0.102629094136795
0.112350904607606 0.0120063428332581 0.194575085274425 0.151003757448206 0.0324138548856197 0.156145666044792 0.083292585132713 0.209786241238348 0.0484255625350331
0.174106554886307 0.18211119841335 0.0339323301028855 0.0212357811545039 0.0350687744440996 0.149967140189551 0.170901770052416 0.0777128909289291 0.154963559827956
0.0191105983773064 0.0013623093765583 0.226762698892131 0.0803335754607226 0.184369230331958 0.128242976834939 0.0273894875570872 0.163282244044256 0.169146879125041
0.00637457033858682 0.242765499428717 0.0567775460367457 0.175056797496968 0.0489308365585472 0.104860877355319 0.0825524740943212 0.122380755545332 0.160300643145464
0.172227643664463 0.146768248682376 0.041993071898713 0.00992852393865768 0.011093644123594 0.164239369360128 0.176339843720168 0.154447057941676 0.122962596670225
0.199092954830272 0.0815765118656377 0.114885495552384 0.0613141027248674 0.161166091583748 0.177464038584599 0.0439642442359369 0.0561865342691661 0.104350026353388
0.0421258879276426 0.120464667110851 0.102748729136001 0.244861790951715 0.0931638147602024 0.122243804594821 0.0726331747194632 0.0392145739618699 0.162543556837434
0.117190817693195 0.0786715988308549 0.145806636728846 0.10722747680094 0.133771832078192 0.122571884769797 0.145094136619729 0.115381812277544 0.034283804200903
0.111450840139908 0.19035446468272 0.151067532432814 0.0711456267038635 0.0632812587321665 0.115504109105078 0.00866541769246011 0.125650008025996 0.162880742484995
0.103693797964629 0.0136283819318646 0.0525578150502468 0.144023938543845 0.163690903284648 0.16093261882441 0.24883390454367 0.06024629472705 0.0523923451296364
0.0726889177118326 0.186781206761094 0.0996313202074918 0.136172733795596 0.0142883224704983 0.229344744821526 0.00718328695980886 0.023391942301398 0.230517524970754
0.178263022685733 0.138701735381297 0.146570797620189 0.169866479789701 0.0791736193190828 0.00979514753198066 0.234944764019312 0.0101041096665336 0.0325803239861708
0.19104186110864 0.0530717727560544 0.128093795368639 0.0522080976793622 0.121600238692704 0.099732685084353 0.00446404021010129 0.187596010266705 0.162191498833442
0.176862714749536 0.0861660084201989 0.0761111895255076 0.0610798447975261 0.117955242084437 0.0303906162931999 0.202307079481749 0.139558125854723 0.109569178793122
0.143845686313291 0.0154249078756987 0.0847271904518002 0.0960896030673763 0.0747457648801523 0.159078137830321 0.10771700498126 0.152817172325445 0.165554532274655
0.0720807152840904 0.207902836558279 0.159401966640931 0.07144648348153 0.0681355655638747 0.0149358545758833 0.0528940978406428 0.127489513749912 0.225712966304857
0.0494532157262879 0.0701781000980207 0.0200814840941384 0.166802920520996 0.155682456562988 0.171731034984423 0.164340539047741 0.0271421141585893 0.174588134806816
0.0391323717186553 0.243915407766356 0.118376733889959 0.146843656743494 0.231384864967422 0.0446960326803287 0.13415142834659 0.0378686785154107 0.00363082537178478
0.230994272360023 0.200618546455303 0.075076913603441 0.0267572920359188 0.112130901939936 0.0649448575778086 0.0562967157359027 0.207716608190903 0.0254638921007641
0.0393313962743887 0.114623351579088 0.00653111516500113 0.14693588357303 0.107704273764695 0.128033225258416 0.129018245825243 0.155091931656214 0.172730576903925
0.16664672623992 0.144067652710776 0.0328720483080091 0.134360217241336 0.0683608149215161 0.0653890423659892 0.185103054429897 0.114539777699415 0.0886606660831421
0.153138482067617 0.0627555257982503 0.0378672451119412 0.133105661165788 0.111520361604128 0.140002330953667 0.149727618097802 0.165029403619231 0.0468533715815764
0.106737757279181 0.109867220161337 0.0664157329670896 0.0778990928833838 0.103835631682127 0.138138417928728 0.143381782888089 0.131512878046789 0.122211486163275
0.188927934616156 0.18349728731891 0.0416693658728982 0.0354240707069947 0.0402578218036996 0.0860173237157535 0.190714280058503 0.16582905967687 0.0676628562302151
0.0927938240455023 0.0945877555173508 0.135730201228937 0.126948512003238 0.12223026818862 0.0472890383408662 0.0962000204835897 0.12183657870031 0.162383801491586
0.0194885807096479 0.212690139608293 0.0420146354604563 0.0540633682173556 0.151572186020525 0.0668042476436593 0.148261376566056 0.200996697589881 0.104108768184125
0.270288466301571 0.0410228629329742 0.16515072711564 0.000890183951980807 0.0411878765103264 0.0825323720128684 0.293580671553416 0.0938205332914779 0.0115263063297457
0.200810198782559 0.00193272058199489 0.148081946392059 0.15868607772117 0.204947235013386 0.000185289121987406 0.0818894817462588 0.042915236638016 0.160551814002569
0.0543438310851111 0.0335826874478528 0.176958879514371 0.225051310809778 0.20107551565419 0.0981593541501855 0.0677314700411278 0.023604214404301 0.119492736893083
0.222502586598631 0.0751415956922439 0.0859732741690159 0.218473560952437 0.163120062838054 0.185366497715086 0.0136081905376564 0.00938563861335918 0.026428592883516
0.0460989802946801 0.0307547080818452 0.0417235674454128 0.215256681472899 0.215531406656652 0.194305542430173 0.0320421136581388 0.167265466736388 0.0570215332238112
0.0620580597319685 0.0595773657855007 0.197684881104025 0.113719119466317 0.0778271118892263 0.226560404978449 0.152414945377081 0.071482510720984 0.038675600946448
0.192190403106271 0.115748343267731 0.18805661405165 0.0264800950136534 0.069413000907151 0.0379193478692493 0.282692092469575 0.0613021237708496 0.026197979543869
0.0453933380761083 0.24096098343982 0.130023979363813 0.00771784617165635 0.212308818866738 0.253328425852557 0.0231156731526468 0.0666898156707623 0.0204611194058979
0.0548509221524246 0.0309857357640334 0.166866309694689 0.157582517045419 0.0892755080346362 0.155059394291913 0.0860087540138231 0.12436918466878 0.13500167433428
0.196772660679344 0.103199741892419 0.113330037124946 0.118909653633912 0.0590526646200266 0.0197548815375777 0.183120410449544 0.165717062107962 0.0401428879542683
0.189863395624307 0.13493801582248 0.0884994975595304 0.00966394002586581 0.208594005359044 0.172484035764113 0.0240341338193024 0.143164279022921 0.0287586970024361
0.125915328051065 0.13871438369368 0.171242646937923 0.14550232289943 0.0244259916721203 0.115069194393548 0.077531622387565 0.158870454171037 0.0427280557936324
0.0652764813692837 0.0539507170219295 0.147453004239976 0.0889346402094784 0.0992984348113301 0.18785095661336 0.154624631583295 0.13316100691415 0.0694501272371984
0.0811664448235964 0.176837056939957 0.156598501337139 0.0402514809595279 0.0498576293616542 0.0913940774211051 0.201117571189649 0.0477735270972821 0.155003710870089
0.0800430684036167 0.0946165158844299 0.102121467586522 0.098921533852471 0.0372756111362907 0.0909337309267812 0.202182994152796 0.188643547610626 0.105261530446466
0.0200544509178146 0.00116392487468544 0.16740040950319 0.20476861491484 0.213127896152537 0.0137363094272429 0.116511883149388 0.0736902991135958 0.189546211946706
0.138668289482401 0.163328436055338 0.152114502507676 0.0435656161049968 0.00337709073371781 0.161681660597717 0.134220572950224 0.0358251906284885 0.167218640939442
0.0759205306105891 0.154045674507248 0.0142589973685403 0.0373381840455124 0.048779225178094 0.234956928794504 0.161270334702936 0.237370255149318 0.036059869643258
0.0585822743197228 0.0226103558321915 0.16587935811352 0.198206952795722 0.0636475321814138 0.154810455287127 0.0217531548614665 0.178310770966884 0.136199145641953
0.125696793126642 0.0312019972319186 0.0762933114521381 0.0533410843461173 0.156216755350964 0.195874114335049 0.0716989068762811 0.129474560890835 0.160202476390054
0.0915745978911332 0.153933759057741 0.159808918817642 0.0446616294336518 0.0896715052878452 0.0810616609179601 0.150078023080643 0.122849160634187 0.106360744879197
0.0212810989512109 0.0676009006578352 0.178504382607141 0.199802083623869 0.0207610022497896 0.272027723648798 0.126976275576128 0.0539129887982015 0.059133543887027
0.0107666745641513 0.208938006594517 0.185741490139392 0.193513950512913 0.122455960947618 0.104202237946968 0.007292820379894 0.0358869706129727 0.131201888301573
0.075026075116501 0.147838099194381 0.1823298329161 0.185808747448977 0.0239155056013539 0.183713136363079 0.00305451912112247 0.0563711431835529 0.141942941054932
0.00355172469276974 0.0759123346463025 0.080192859216079 0.139317092012414 0.143385335757464 0.00540316441051161 0.211139273405634 0.172049869489782 0.169048346369044
0.158731662592075 0.0421358999709635 0.0594728486942175 0.12555322265314 0.140128069479823 0.14148340464603 0.0765755543007473 0.0855469051271147 0.170372432535888
0.23641557619015 0.2073243146779 0.0579393280402814 0.221243014554009 0.184204486537502 0.00746173216494576 0.0616268438809484 0.00209835239711739 0.0216863515571463
0.0599197681693244 0.141331114050908 0.211964306251701 0.0158628057510775 0.00636004745545318 0.239324885694512 0.0573908528093687 0.156200784902894 0.111645434914761
0.113470356827189 0.163587505627852 0.157586880787439 0.174030797723714 0.11666237336369 0.067303669932488 0.0154621035546186 0.0199198814816034 0.171976430701407
0.0450939711563198 0.0360972841270183 0.040778180356128 0.119463791864751 0.0554056581329411 0.228415885881201 0.163156904309275 0.311027192692819 0.000561131479547229
0.141198001948364 0.155917773143179 0.0204975261671209 0.0654750355337918 0.155329893456833 0.0616563015989846 0.155465905954845 0.102455148429823 0.142004413767059
0.141042615833735 0.145662778172558 0.0387956686637302 0.146879906930245 0.0731311077542688 0.163467182541261 0.0708391257519791 0.15404897623892 0.066132638113304
0.213659469825151 0.239778236382193 0.00946305886933648 0.0450812619105943 0.162291859373967 0.0867120230837385 0.146245130778896 0.0781368258354039 0.0186321339407196
0.0198968912680679 0.032952996908516 0.0756634281512331 0.133176614256463 0.1449250337137 0.195829084940937 0.0841435763234663 0.129629056028543 0.183783318409074
0.104838833100295 0.0493666692922944 0.0567742090629864 0.180019378632142 0.118403639534054 0.115779512954393 0.132176388928827 0.192215474714914 0.0504258937800957
0.113401072152406 0.177379486508349 0.107030821619766 0.0525665797269506 0.188390124207212 0.111699965681805 0.0863644977958514 0.0784818164148309 0.0846856358928282
0.039492901636848 0.175188014401154 0.0282306827897537 0.128605561923461 0.159282354456153 0.0629259189199537 0.126180786779115 0.186094317290374 0.0939994618031871
0.042550224469717 0.0441067969157432 0.0629154464491636 0.0665891832965592 0.0602897815702439 0.222911079013551 0.111248815532622 0.179328898193716 0.210059774558685
0.0423152293292092 0.0515502345976685 0.157480068864742 0.0695278452510214 0.20762576716608 0.0157407043606289 0.212516890519252 0.0278873360442224 0.215355923867176
0.0912628357014185 0.17685655698492 0.106936189851807 0.138968977801427 0.24033306075573 0.0783677260520231 0.0203234985062591 0.0766396863896843 0.0703114679567317
0.0934340857780358 0.272525822363965 0.156832474436253 0.070334935058106 0.140776663048282 0.0631250741706915 0.1328140450728 0.0592049136987143 0.0109519863731525
0.109613098938676 0.186484606626067 0.00204622059513894 0.0355320475540964 0.140530870623438 0.0832305699648214 0.174984704839805 0.19258031234573 0.0749975685122279
0.101043282180322 0.102485478306043 0.0969781812178496 0.0918093437242906 0.0959821332031732 0.0503753749796772 0.10595462801182 0.246021830029438 0.109349748347386
0.103136483998316 0.101911783748093 0.194280401892393 0.244134687146434 0.00158924995695227 0.032016289689765 0.0670563730475143 0.0911275613263436 0.164747169194189
0.160997442901195 0.0397163533001101 0.0332916163746446 0.122775130254243 0.239943381596614 0.0401955470511756 0.0402267254858215 0.269046447515827 0.0538073555203692
0.27702587425914 0.12486499327089 0.0605960669228533 0.00680312191399338 0.139437827452481 0.126397135661615 0.0154101930473993 0.234275679034856 0.0151891084367728
0.130429179803983 0.081137896536074 0.16633556548791 0.0994012483922666 0.0549046881696852 0.102158307022948 0.14558354378968 0.134809006700045 0.0852405640974086
0.0234038528376696 0.267877933085609 0.0256899023087775 0.160523243944315 0.121866591024416 0.0864602166563593 0.215245273095846 0.052065096305638 0.0468678907413696
0.140449967564656 0.11236976269443 0.181189010406957 0.156928346731671 0.0971653813151022 0.0161958364151726 0.105905039312965 0.123431503158409 0.0663651524006383
0.143729979337471 0.140365988187343 0.149413077251208 0.0674396026165169 0.0599272426087921 0.1449550333932 0.133830057946361 0.0855025435947994 0.0748364750643093
0.14407936282775 0.0901934157567873 0.032808264078277 0.0940011320363388 0.136772449568007 0.115498967011842 0.141025606986512 0.149031662871699 0.0965891388627881
0.119181728542168 0.116987000124769 0.0649390914013496 0.167881720654616 0.118981587808508 0.165177434403287 0.0916675916884432 0.0929513960230313 0.0622324493538273
0.175149606674537 0.11431910806915 0.0541011999663471 0.200837602017695 0.0991521293348065 0.17578271949951 0.0767750392101044 0.0175635982850662 0.0863189969427843
0.0914565996033293 0.174475125766116 0.00825402629455677 0.158337498747281 0.169414476161806 0.102409648328625 0.085533427916121 0.12052225683382 0.0895969403483447
0.128673789839382 0.135530743698975 0.126018451873457 0.0124454403219629 0.153379904809592 0.182812674066352 0.016794777982674 0.126179425283273 0.118164792124333
0.0288324898011262 0.137864607234758 0.0646168048406712 0.241306633344051 0.0831114769504023 0.179366913375436 0.0266326745633376 0.193878369323365 0.0443900305668536
0.094568959441667 0.14529553124766 0.0376113060166874 0.0870827005833189 0.212049908096012 0.212058058727284 0.0105496596489348 0.00823140600644529 0.192552470231991
0.0594959694857653 0.0247599231520064 0.0495604416481895 0.0243409666075575 0.169714093450111 0.201059212554273 0.128092594900988 0.186849100609749 0.156127697591361
0.0423031064589084 0.107542329198251 0.100553418641647 0.0433446204146043 0.207117074402629 0.0108555635020932 0.207720926445493 0.0803086759723948 0.20025428496398
0.143053966419574 0.00292929806573545 0.145402016649704 0.0360190049885544 0.140552006015532 0.144366421069381 0.146645290274023 0.151487796212786 0.0895442003047097
0.107608207520674 0.165039498435529 0.152892632665107 0.0748811455531735 0.0736973902340392 0.188709729014121 0.0113450914348392 0.137545377184892 0.0882809279576248
0.140758537441705 0.11878283769372 0.169690814442246 0.0898505654438168 0.0252143086793835 0.161478278231152 0.191971714245314 0.0969467923030246 0.00530615151963771
0.109147352507776 0.157100764512859 0.130384157643001 0.0883945930048147 0.00490686420443314 0.171840299347025 0.0663917270796149 0.108895152932052 0.162939088768424
0.0402805915713925 0.0163333990797769 0.196108114632808 0.215534587811382 0.0289044455802974 0.110479525193577 0.103752689910618 0.0978983334313705 0.190708312788778
0.208363027510467 0.129524303651883 0.13178340437918 0.0349368755058635 0.216705528065813 0.00292073962634811 0.0930149852377621 0.0967239309506672 0.0860272050720159
0.211421127820394 0.0800703338984626 0.123015511053224 0.0819249996944841 0.0401105017195263 0.20492638240073 0.124483363761313 0.00455752471696044 0.129490254934905
0.00107511973150212 0.0968608957986843 0.180652632273559 0.126634924710739 0.179160910354325 0.142865607102268 0.167174266905794 0.0338482861114226 0.0717273570117068
0.115862124903904 0.0979459400052055 0.110301429309954 0.0702342155980257 0.0875757238491358 0.129010660505816 0.12589629301111 0.15447453241209 0.108699080404758
0.172119945226912 0.0931645691459349 0.122561858078605 0.145527076434268 0.034724679027527 0.0842057009953149 0.109730706158604 0.105761660428858 0.132203804503975
0.218732804427697 0.163904573814898 0.153123534881085 0.0565142477973818 0.0564819112918468 0.197730260122102 0.0740236829853065 0.0747686266774676 0.00472035800221509
0.0296508564544129 0.0987759055805241 0.0304650419841698 0.0326307698680311 0.149206899863959 0.158953864226481 0.125912908434985 0.177735783229659 0.196667970357778
0.0691885204400353 0.177736711021148 0.0936965315145664 0.153488028731869 0.0218798892283044 0.0660071453343638 0.190149783480413 0.135056046405344 0.0927973438439548
0.00650543599959566 0.0814703681234403 0.0996073441537777 0.281113078178976 0.0505378733892077 0.226852576817624 0.0521755929251658 0.032711512718743 0.169026217693469
0.213336375690339 0.0224998071906874 0.139896981105692 0.0299632741216574 0.180835193005438 0.217192059941934 0.0440356356321794 0.105738379638113 0.0465022936739595
0.151377486860571 0.132520707067654 0.0802432645150364 0.157009753594628 0.140909841551091 0.149929497720718 0.0427575480463002 0.0609005559490797 0.0843513446949224
0.0298894628449031 0.0189318816697961 0.0882619251075916 0.24588503069953 0.0126187887338393 0.162474202033458 0.275615952093875 0.161707495870226 0.00461526094678039
0.00275797532987171 0.281959956973098 0.0604436202068177 0.184748121231228 0.140048640348487 0.112417729630852 0.0436448798335432 0.16869106236348 0.00528801408262112
0.00330339049297479 0.235907367961132 0.0589565691912178 0.00173261912863438 0.00787352436628242 0.143077308875823 0.236829281423614 0.168251822087549 0.144068116472772
0.217385952526674 0.0700415727195711 0.125032869283612 0.0193852581808787 0.0795918123782741 0.164709285254921 0.0711967003933871 0.0415793407228814 0.211077208539801
0.0386334377501572 0.00190481348378005 0.0712007883886855 0.106742757027962 0.0800643216365472 0.21592939484202 0.200879846322078 0.153875004935104 0.130769635613666
0.152601613652073 0.145537615667062 0.0932767170946541 0.135604017368545 0.121044097919868 0.114515190101904 0.0577697479539309 0.0929296157368036 0.0867213845051595
0.00782873712923682 0.102396652429418 0.252642314578271 0.186927162555354 0.220938116108081 0.0748967760551561 0.0928850248550168 0.0445201077520054 0.0169651085374604
0.0720472842253429 0.0573855554051931 0.149154748181803 0.126226076978391 0.0679429018349498 0.116378971954488 0.145817277443948 0.1587517860916 0.106295397884284
0.0378146826935 0.0172705205495697 0.0520820022910041 0.139771401110417 0.0218710442823817 0.235959127067862 0.194833042816046 0.181394776387676 0.119003402801543
0.16761862746235 0.186969556152768 0.0130591684093636 0.0928676030228974 0.0860547390653051 0.00722446996077546 0.175370125584358 0.186535311821374 0.0843003985208084
0.0028397590562436 0.150875455822493 0.0687050766302265 0.135949260280273 0.0831935247771464 0.122078559448457 0.0613754645601978 0.149905081795979 0.225077817628983
0.223152371158047 0.0423351923282225 0.0747172764193294 0.166505570695786 0.0102841295790572 0.0505061681492829 0.195989454769452 0.113480482731258 0.123029354169565
0.0639594891184186 0.205975937512184 0.189531019572506 0.11329189270939 0.0151577418006188 0.166494343683981 0.00456328007018239 0.162512703354375 0.0785135921783441
0.0968238707044299 0.0539295776227992 0.157208189085965 0.183525483551115 0.0951987721313641 0.0333087939146899 0.21790177729414 0.0315116722633332 0.130591863432163
0.131570322194784 0.0904888709726536 0.0838705902050757 0.152023421479176 0.211599115530205 0.121248451702279 0.0713781203024602 0.0809073970112078 0.0569137106021585
0.109139310882495 0.0855359874265106 0.165219108777648 0.138038726552942 0.163709961063094 0.147149873746224 0.109196279309182 0.0037996022088944 0.0782111500330101
0.00376785721865638 0.132232860479277 0.189352066975202 0.00697622250646244 0.166487880303495 0.118184528971571 0.0629852112845824 0.162744217527861 0.157269154732893
0.0178121893716993 0.27185305397452 0.323110119530803 0.033473020593725 0.140802877985164 0.00968021143562616 0.0325310941883341 0.0923745956067188 0.0783628373134095
