0.33904163439274 0.262552793822015 0.12179289181201 0.104857428766239 0.171755251206996
0.338825341361381 0.185142945503666 0.0346216232161997 0.165640701472392 0.275769388446361
0.0192863283261068 0.0714928366303748 0.307714036019602 0.334484724846843 0.267022074177073
0.293818882224641 0.148362908338015 0.0554773790607803 0.16596319189712 0.336377638479443
0.280601798682529 0.242442659089225 0.311597141379066 0.0887254238231767 0.0766329770260036
0.0568664690612958 0.288563922642095 0.16973852674655 0.266898728901344 0.217932352648716
0.326077637421191 0.254205633976021 0.193596682907509 0.0378719378572704 0.188248107838009
0.263660989321548 0.405015697767694 0.309426569555244 0.00982521287640027 0.0120715304791134
0.129725928400421 0.28508030269637 0.136428613744201 0.278339340773087 0.170425814385921
0.283084355116025 0.368131886001924 0.0977674686090559 0.156365977664982 0.0946503126080136
0.237894105873853 0.133705038286452 0.0971876214858415 0.268739878901636 0.262473355452217
0.318275397215913 0.345994477215064 0.127073888735778 0.0621505835059719 0.146505653327273
0.306900683388832 0.0661900202573348 0.34517526838351 0.222644623162112 0.0590894048082112
0.20247608911973 0.403503298164843 0.12420864070691 0.186266445291535 0.0835455267169817
0.0865452549923609 0.264547466981369 0.28885898461331 0.197590021440496 0.162458271972463
0.196137142078204 0.24369203648328 0.227127784164204 0.213242220715939 0.119800816558373
0.314709620030464 0.0251689693615538 0.122251607171135 0.199357899027868 0.338511904408978
0.0474736574567621 0.356186131821582 0.0989028031685847 0.330825658409083 0.166611749143988
0.0774680443576677 0.115218347546616 0.431770937850788 0.281670665934841 0.0938720043100878
0.0884402571919196 0.183952603348401 0.421222767654487 0.0820943970177251 0.224289974787466
0.256337380893281 0.0748606058564082 0.230598597038253 0.112017118595772 0.326186297616285
0.297370589099356 0.323659857249739 0.0533062433045405 0.195247033869602 0.130416276476763
0.145906584902795 0.245136205656582 0.286507084828342 0.294630343631783 0.0278197809804971
0.0350953734477213 0.204388191051829 0.301059107976033 0.230718908000342 0.228738419524074
0.147808892296579 0.256224736048044 0.130013660797061 0.169856041074959 0.296096669783356
0.225821742065015 0.206993575520954 0.171154943393942 0.227645739133181 0.168383999886908
0.0475484337241536 0.0463781534832814 0.277049751382469 0.266242043177201 0.362781618232895
0.40865690137518 0.0105025552259456 0.197592845701265 0.200677575390932 0.182570122306678
0.465157023708721 0.280927822376893 0.199935343578499 0.0390270360699739 0.0149527742659131
0.251037827873869 0.23060997960972 0.220939919882945 0.204129022071706 0.0932832505617591
0.312105942275026 0.197084247518499 0.139297335766932 0.226672030503348 0.124840443936195
0.150394586899803 0.212715708137738 0.222731151120282 0.233902627844433 0.180255925997743
0.330627719532613 0.386345867425847 0.0118453382090719 0.126614864289679 0.144566210542789
0.274016138129658 0.279524991117539 0.308136890912785 0.00360695006546254 0.134715029774555
0.207391278467304 0.207830535062389 0.236089286174573 0.296154192065656 0.0525347082300785
0.355844057608435 0.0608695644497803 0.334435411479329 0.0494358383285097 0.199415128133946
0.226481623481936 0.116713688381287 0.0837362210399391 0.20436819856682 0.368700268530019
0.0398859589680465 0.254519837137654 0.354861163473667 0.0183355953929213 0.332397445027712
0.569308527124799 0.000593839509420691 0.194898373519635 0.139092350712555 0.0961069091335912
0.426914461725459 0.0961084351770588 0.282194976895364 0.134850597961433 0.0599315282406845
0.0500140801987166 0.381007801069966 0.128908335533484 0.121327106201557 0.318742676996276
0.0814332567960962 0.238773451164302 0.228176903842701 0.0675911658389251 0.384025222357976
0.288396243222523 0.0563529901218993 0.297085356058391 0.198406335681604 0.159759074915583
0.0392893847170106 0.250538128678226 0.24383782034887 0.16656554819569 0.299769118060203
0.142788287356251 0.104708348659423 0.0997021599353258 0.260179420633282 0.392621783415718
0.420776188063204 0.041527379952251 0.0408644464782042 0.180363209584865 0.316468775921477
0.142054982546202 0.326749347836791 0.0880728077683904 0.0142693601488107 0.428853501699806
0.0379138814651936 0.149899663074772 0.3507991759714 0.2805680084218 0.180819271066835
0.349785672784686 0.0385263948520033 0.363326160574797 0.111470479556726 0.136891292231788
0.173705306510147 0.204541283077238 0.492190968568598 0.0308517690929006 0.0987106727511154
0.2527980120032 0.262281105682459 0.245909631907988 0.201184703500743 0.03782654690561
0.352868736447786 0.0629896827527894 0.173472322939467 0.0583520053887506 0.352317252471207
0.288671074024858 0.271480273787643 0.105161759323733 0.0611129423959666 0.273573950467799
0.151397184236864 0.183126029530956 0.291206386648402 0.199714533411816 0.174555866171962
0.080671037621916 0.4684837590451 0.308802629948149 0.114925907707041 0.027116665677794
0.22603802386062 0.0975691444908411 0.29703696735947 0.17155655821082 0.207799306078249
0.0515140665679798 0.00198756480415021 0.10635861989433 0.588782221708215 0.251357527025325
0.13919189511501 0.155862941097148 0.233686260831682 0.340788993008915 0.130469909947245
0.144374325760587 0.213793434951387 0.10671042455637 0.232153126294008 0.302968688437648
0.0530700738430859 0.178818419973705 0.230469807643811 0.374005386395679 0.16363631214372
0.143396798415772 0.236819925372189 0.0233352006872071 0.267094560224875 0.329353515299957
0.337299757614918 0.160541306008838 0.0346488143076045 0.0501051292510309 0.417404992817608
0.294788839451086 0.247263525688372 0.152268811547942 0.0261120590060392 0.279566764306561
0.218279310269216 0.265640356101996 0.224082131035723 0.248155211200702 0.0438429913923631
0.233465323510718 0.210181787672086 0.195131638153396 0.0931663221462053 0.268054928517595
0.378653423098412 0.185398121285812 0.0127785469233409 0.264518967314011 0.158650941378424
0.409844057438081 0.0686128376457132 0.166029353199524 0.0163567356546539 0.339157016062028
0.0601074881119806 0.00763973507014682 0.360988955656213 0.261132477168746 0.310131343992914
0.169494586241674 0.338119774050159 0.319859077228939 0.0857257606231241 0.0868008018561047
0.106366280833984 0.0973334619706468 0.248962027963163 0.259821660767997 0.28751656846421
0.143828664666715 0.158473238004548 0.273388327280671 0.185533586934598 0.238776183113469
0.0544246014727773 0.165893434939089 0.325612033177086 0.273320476037496 0.180749454373552
0.044159556823679 0.016708806487595 0.321040430931659 0.345178931632446 0.272912274124621
0.056715337393334 0.417215904967013 0.41844552355509 0.0288306392172925 0.0787925948672705
0.212051802124338 0.335382183398474 0.230637222401948 0.00825784530573885 0.213670946769501
0.227537958423495 0.176993445822504 0.0319369982880479 0.363583087504025 0.199948509961929
0.196385332661241 0.167818139210078 0.293971989437135 0.092992829894159 0.248831708797387
0.181333267421485 0.236357046819845 0.302108818865178 0.0602717107713876 0.219929156122104
0.192305087808144 0.267704832799567 0.0972221971574259 0.305525220642657 0.137242661592206
0.276130921087279 0.138880409722471 0.220691958626764 0.161934884050124 0.202361826513363
0.0785758340479602 0.139388891056138 0.314182293868504 0.138611015952941 0.329241965074457
0.0837002255337297 0.266639153191829 0.0634343188676551 0.350989696545358 0.235236605861428
0.0148975022514856 0.377172453312583 0.14183113382255 0.188197339322594 0.277901571290787
0.0288712960073845 0.0150804778571649 0.347470703280926 0.205081659309347 0.403495863545178
0.0596377867740398 0.164200303374066 0.0682454037288449 0.235294180809253 0.472622325313797
0.0279362381333159 0.199124517181773 0.386370785720849 0.374823438400237 0.0117450205638252
0.0058873154716506 0.0809306444329126 0.152798242055091 0.338197519020469 0.422186279019876
0.186058986870324 0.175826121033165 0.355758055165549 0.172577451482075 0.109779385448887
0.118675376881848 0.106253100265819 0.488076463319297 0.196450307783997 0.0905447517490389
0.106326039842342 0.183929365266569 0.303802300744954 0.274627811070772 0.131314483075363
0.229941514841312 0.0742770540417121 0.271324482373338 0.166071877312491 0.258385071431148
0.227779159598464 0.219705327800759 0.0839973313845464 0.269465680914316 0.199052500301915
0.137470321656984 0.250755758499954 0.238963281510747 0.228826341148163 0.143984297184153
0.0995284721871049 0.27460127500233 0.0640561053380446 0.331395667334355 0.230418480138166
0.41061383605169 0.109832795585034 0.222193145029332 0.216053749080062 0.0413064742538824
0.260822305631451 0.284679980606081 0.109275490459014 0.327037877690082 0.0181843456133716
0.319658898518984 0.162063445980957 0.093832409632066 0.419620539725405 0.00482470614258773
0.220536276359808 0.0552438177269728 0.301039611443837 0.380006101374159 0.043174193095223
0.300957305490975 0.0532026277399362 0.17416075038464 0.149556914689978 0.32212240169447
0.0954252544220309 0.138858722009219 0.331139773212408 0.409762305051767 0.0248139453045747
0.33140502126722 0.0987078195761736 0.107598205243753 0.179758632864742 0.282530321048112
0.0541319535802044 0.275086622461938 0.228786287402087 0.22874529562068 0.21324984093509
0.299713614296256 0.164607148301566 0.108979389982223 0.413528447132701 0.0131714002872537
0.00939676976282411 0.188696826041631 0.18636813748535 0.449741739506131 0.165796527204064
0.342263719593786 0.233622126025907 0.149333409593116 0.105842986516531 0.16893775827066
0.102699686233299 0.113745710919021 0.12965884032935 0.284067708232477 0.369828054285853
0.197617289396552 0.264467859580304 0.047691142154344 0.271305646974665 0.218918061894135
0.0799564801064271 0.182368072816074 0.324380284087444 0.35780403304348 0.0554911299465737
0.244531724359154 0.219464743565955 0.135768915156097 0.257784665475629 0.142449951443165
0.049181211151453 0.275663979366677 0.125177712917882 0.132846044950429 0.417131051613558
0.0378125510178627 0.224738237007886 0.362655368543054 0.355943740363691 0.0188501030675066
0.00092938327365352 0.272823281811928 0.249951293850787 0.219891606104227 0.256404434959405
0.246854273978218 0.201564718156267 0.208744386451515 0.156665646973447 0.186170974440553
0.253044866253166 0.114513031367667 0.0479376678793879 0.225882552094322 0.358621882405456
0.23142363816346 0.184263343874656 0.310329809449248 0.187912050400355 0.0860711581122798
0.326633766358673 0.139399283202132 0.185582028408783 0.0893953382109492 0.258989583819463
0.398608822575814 0.303264679634185 0.223087027097314 0.0361161703546204 0.0389233003380669
0.141358256999057 0.373030457918653 0.206317509478974 0.12542514107158 0.153868634531736
0.259854593151997 0.267448397927195 0.159920774040744 0.0625255280469219 0.250250706833142
0.221681046597046 0.299986439387256 0.0465280423348045 0.375333136153666 0.056471335527227
0.313612575849104 0.0268101893465707 0.245885478612249 0.0815764462564871 0.332115309935589
0.239241371890768 0.0432225150131017 0.109511127737353 0.187826882173783 0.420198103184994
0.0927397081579479 0.136614405946988 0.197636076660464 0.302808529323843 0.270201279910758
0.00347703283105838 0.167368171035499 0.31400539358189 0.335721299382293 0.179428103169259
0.306814079211249 0.0425847947222739 0.204121091121298 0.124642758712549 0.32183727623263
0.186203365267796 0.161428899441216 0.217587347912096 0.262680500782096 0.172099886596797
0.314393171864049 0.228541007887096 0.0580650590071559 0.0384547209209163 0.360546040320783
0.267377343261322 0.28147364436719 0.23308445881632 0.126220791944067 0.0918437616111017
0.175968846209818 0.125970752465071 0.249964746890138 0.222728745933445 0.225366908501528
0.245642134076689 0.13781127288226 0.239776808496028 0.0695743760765569 0.307195408468466
0.251096766830069 0.152235677665596 0.324308912452485 0.17389182176724 0.0984668212846098
0.304972047399843 0.10907929827107 0.338141827088735 0.0149163775777598 0.232890449662592
0.197734191566016 0.257629545932066 0.0125928345608839 0.270248762511356 0.261794665429678
0.0761511046415742 0.0528075686436622 0.266634244094756 0.26533195979619 0.339075122823818
0.0564537153064691 0.239496942264969 0.243165545938116 0.264610576578152 0.196273219912293
0.305055467766145 0.238915514767491 0.262540024446632 0.0436254828990066 0.149863510120725
0.181357842385939 0.138953071781053 0.188067934126163 0.296226599787995 0.195394551918851
0.377586330902455 0.0316635669906512 0.142664973680427 0.327929718231017 0.12015541019545
0.167997378692507 0.234578111379414 0.190537405025218 0.130445680663939 0.276441424238921
0.106165344270764 0.21639445289922 0.23527225662507 0.179691752569173 0.262476193635774
0.286581213466215 0.295130806551799 0.0597121975137353 0.357089840223704 0.00148594224454632
0.314366841539879 0.00381650011803777 0.289043559346851 0.275630776813496 0.117142322181735
0.204692798960238 0.140157634360151 0.189267134259163 0.217321493774192 0.248560938646256
0.291211239640039 0.514318361739171 0.0771553209119973 0.0226654221461024 0.0946496555626907
0.234181968500453 0.118534569649941 0.239013525996608 0.192978234233652 0.215291701619346
0.155302428926359 0.143388614778305 0.355460993884267 0.275481819301209 0.0703661431098593
0.0217415224827404 0.0452543158282801 0.186853994518389 0.580275827532797 0.165874339637793
0.262902735735987 0.363701867962316 0.0479681524274048 0.292415637411226 0.0330116064630651
0.382542155715319 0.0527438397083665 0.234213420897119 0.232868944707724 0.0976316389714714
0.227342169482007 0.0391413686422862 0.210454528617243 0.245400927103552 0.277661006154911
0.156894744630961 0.15708075823539 0.241616053571599 0.167986981226406 0.276421462335643
0.25409882718161 0.0187049537829324 0.115967596484276 0.477503921391821 0.13372470115936
0.102500701563481 0.434901810562974 0.255558005362958 0.180206120650189 0.0268333618603975
0.109948836034797 0.320548702201971 0.342832732665457 0.112345786783815 0.11432394231396
0.0510772601346819 0.246015514669624 0.231087877957606 0.264109151307921 0.207710195930166
0.169332824330928 0.206305536979258 0.0547537551301316 0.0585632384215778 0.511044645138105
0.0558263239574221 0.0368335199340501 0.118494909179779 0.509658638279199 0.279186608649549
0.234095347877609 0.130149345878566 0.211525627152618 0.0449090889348707 0.379320590156337
0.210268190859966 0.26976102887061 0.00399444551850832 0.277402337943522 0.238573996807394
0.349405247584359 0.0576859883998683 0.056005983279118 0.122910449996791 0.413992330739864
0.168962763115794 0.157438607783969 0.34335738861553 0.0134061406806465 0.316835099804061
0.321151794164025 0.0478793266045269 0.347000124740392 0.244585666432279 0.0393830880587766
0.175263383471885 0.318964619391164 0.220738904788316 0.109464546348945 0.17556854599969
0.239218589784836 0.0922456149634081 0.097468714748638 0.285851294992681 0.285215785510437
0.31381922336231 0.23160797216945 0.0626442136322512 0.0588235683169007 0.333105022519088
0.27429149139971 0.24039512285805 0.236772559807243 0.00799694817201914 0.240543877762978
0.221802689633509 0.241821345836387 0.192951140755762 0.227055062248336 0.116369761526005
0.192539148011516 0.226600782090439 0.127737013459411 0.187571716508301 0.265551339930333
0.0194467174380768 0.398394203014436 0.0253373354340341 0.161781080849686 0.395040663263767
0.333170199185063 0.117403934657279 0.0760697721063958 0.152589090290259 0.320767003761003
0.272080797289723 0.170288038780032 0.4030719927759 0.0908778024043814 0.0636813687499633
0.154916602343856 0.0870888615769717 0.264930516641251 0.260570815958369 0.232493203479552
0.0593289953842084 0.164598966155716 0.183585508271889 0.325651094533352 0.266835435654834
0.11511320715499 0.262653610149423 0.25249530201201 0.204677543031275 0.165060337652302
0.277500459521947 0.0843528229846502 0.313483000086593 0.0732937785511947 0.251369938855615
0.0568809126713227 0.295007145763134 0.235394355286594 0.142824705853781 0.269892880425169
0.299930381738076 0.0207186224528395 0.217476345374097 0.409891139980278 0.0519835104547093
0.261932249715657 0.18135762306453 0.191311396889355 0.00597108197849375 0.359427648351965
0.0380477650361889 0.302529103700581 0.251099624322083 0.333241191780308 0.0750823151608388
0.343336243292727 0.324305798441212 0.103797076777204 0.013200050923165 0.215360830565693
0.201120314541461 0.0213015284133615 0.310493340556278 0.149424074480701 0.317660742008199
0.234895044680349 0.0531279016021246 0.239747763868591 0.321995541431022 0.150233748417914
0.35305100073457 0.0885085810953177 0.254374214513245 0.216499229028531 0.0875669746283372
0.264984011195601 0.164936337854593 0.264544092271143 0.225217292254649 0.0803182664240136
0.299519506174176 0.258956827250069 0.210340596908578 0.0455921396479502 0.185590930019227
0.143826691559075 0.324477592611027 0.329115097662051 0.0106812891558488 0.191899329011998
0.212318041359789 0.208144607178668 0.199040875894435 0.0614036598726792 0.319092815694428
0.317352257168451 0.00892212232121362 0.337770937685167 0.184899753975942 0.151054928849226
0.199259015481668 0.0195126760821734 0.546975706192512 0.163666546168483 0.0705860560751635
0.186169618646993 0.129033578873702 0.114363944164057 0.231991655748539 0.338441202566709
0.2179906207459 0.216489988441123 0.182999465944666 0.151424896253565 0.231095028614746
0.0796591809134463 0.301642176874158 0.2024404890131 0.265658975570161 0.150599177629135
0.186500698698468 0.199772464854493 0.324826597613953 0.276083972174165 0.0128162666589204
0.22541457378989 0.246117726079691 0.0192946083644361 0.384383635885298 0.124789455880685
0.26617163872666 0.101691175347799 0.281227413724779 0.280806434905361 0.0701033372954022
0.376968561021137 0.264349112329436 0.0400110018629482 0.144442839102151 0.174228485684327
0.293879989916867 0.068819001586725 0.24815585786236 0.214331445068022 0.174813705566027
0.299912666433692 0.100689552983784 0.230666974635948 0.0278545212385795 0.340876284707997
0.270375267796744 0.0987939484063853 0.252139496055805 0.22069741960603 0.157993868135036
0.267413283330409 0.0270480644727907 0.234342361648413 0.130722011412449 0.340474279135939
0.459249009141202 0.0236882511804185 0.10645107741928 0.0993169742928151 0.311294687966284
0.0920590967574312 0.361808838655768 0.130390711483261 0.301124584071132 0.114616769032408
0.163540472798472 0.335868902714773 0.0842692123025927 0.333756490201506 0.0825649219826561
0.0910304422063463 0.112045558057023 0.26039543373978 0.331941854700793 0.204586711296058
0.289734647095584 0.231257846933236 0.145219991288566 0.319229232331918 0.0145582823506959
0.0775164405491478 0.366841380400075 0.152266506769829 0.11303060740006 0.290345064880888
0.184445645159646 0.264972020035552 0.0365628889336311 0.236423378433047 0.277596067438124
0.0148160387995247 0.0302088290844961 0.365409695375743 0.252683542459268 0.336881894280968
0.532476734603858 0.0489116058040608 0.0733625858369627 0.152419645096093 0.192829428659025
0.28367988475661 0.148166484063442 0.218413673773482 0.21971729258813 0.130022664818335
0.232698341865961 0.00439147499321416 0.105250343185404 0.249179799661262 0.408480040294159
0.042713508525931 0.320243758372648 0.286358289633374 0.13480856553359 0.215875877934456
0.000498798522007251 0.184956693539363 0.333202387186001 0.338176709416188 0.143165411336441
0.18071261419024 0.278567394344899 0.026460940789189 0.236956716696161 0.277302333979511
0.182467631101459 0.0506674551992076 0.03135168280665 0.455245103532723 0.28026812735996
0.453956146315742 0.0325720157888444 0.0529939718448741 0.454292440282782 0.00618542576775752
0.151248350589148 0.0838638114314003 0.301295545321035 0.16715857943278 0.296433713225637
0.253873119329785 0.185403244891741 0.312240313244017 0.0434996282231619 0.204983694311295
0.111674367876225 0.206234063460967 0.230483467857153 0.341341985154087 0.110266115651567
0.106835054476178 0.215141656809591 0.232591049868549 0.193951035650349 0.251481203195333
0.268169645684232 0.140946125207129 0.347149521495656 0.224776101118653 0.0189586064943294
0.0228802480889817 0.123263266100875 0.353714482009973 0.197513467498669 0.302628536301502
0.252237650070568 0.202590653185035 0.0789903578483576 0.298355829971212 0.167825508924827
0.288526485903239 0.341445399266546 0.102006856930269 0.100409284991477 0.16761197290847
0.264427088296156 0.327698515482392 0.0566307242615293 0.155586616118858 0.195657055841064
0.0193082020920985 0.171597842088183 0.202459290558864 0.464570096444402 0.142064568816452
0.0139560333427386 0.175568807175691 0.25046591905707 0.263632345588622 0.296376894835878
0.237157790279177 0.243486895970419 0.0410811028870576 0.218225942342946 0.260048268520401
0.276869195401805 0.0523474331641203 0.262878363485137 0.389628076242426 0.0182769317065113
0.109774748196985 0.256287628100089 0.344181528930049 0.208026892005044 0.0817292027678335
0.0867043593191334 0.0583267250234548 0.428569620845939 0.134085831004076 0.292313463807397
0.0761311897217601 0.14848691057661 0.377104262342273 0.0939155825288292 0.304362054830527
0.0342305776288489 0.354676515377845 0.275467873945775 0.114747298585029 0.220877734462502
0.325592539628919 0.0417291510728548 0.284168259239747 0.304025818851385 0.0444842312070943
0.0995408883324373 0.234464354122842 0.309782540888309 0.276875103951919 0.079337112704494
0.209070247071341 0.173148098238917 0.259576264636416 0.251742276374317 0.106463113679009
0.152801665218854 0.33471858672573 0.107182103975946 0.391903184752943 0.0133944593265265
0.299024436496196 0.0525919405092307 0.0457343380236091 0.371032845802301 0.231616439168663
0.0596965091695524 0.306192887718443 0.286687572945834 0.236248090296343 0.111174939869828
0.397076317792351 0.322831813351203 0.00828452718397679 0.0734798671188552 0.198327474553614
0.383331845342583 0.0208742955365731 0.0718815088582308 0.0973591388110221 0.426553211451591
0.226348771172376 0.137392904396238 0.391647106970556 0.132148943822818 0.112462273638011
0.161470453784999 0.0567544276160659 0.283545679004495 0.188363900635049 0.309865538959391
0.211393793266417 0.128184210014519 0.0209296731848334 0.350418303965461 0.28907401956877
0.0719617419653013 0.357597201214961 0.0393717765958879 0.168582163062619 0.362487117161232
0.0234506579864289 0.301574669184156 0.243487864930041 0.166836183646977 0.264650624252398
0.185171739689488 0.286374422384764 0.163982164722733 0.36164256149227 0.00282911171074462
0.263482127281476 0.195381240178401 0.155931915327575 0.330071696227246 0.0551330209853012
0.0500778102344288 0.221667907135995 0.28911668873558 0.246619999946482 0.192517593947513
0.202633120752285 0.0981803608377387 0.168524241378362 0.23345169754674 0.297210579484874
0.259823386808614 0.14918093333673 0.188703341389511 0.333213138846917 0.0690791996182282
0.198727724460225 0.282411591575721 0.013292651550719 0.232121547826536 0.273446484586799
0.212732235446515 0.148359083301763 0.0253692889723839 0.380759130138568 0.232780262140771
0.321667371150472 0.2562850672422 0.310429102214583 0.100389999886163 0.0112284595065826
0.238079463647382 0.170898617901653 0.243074814959078 0.183277697639814 0.164669405852073
0.231722242280057 0.246989036871469 0.197595351978274 0.127745327831208 0.195948041038993
0.248212292878565 0.240487903273091 0.300673960904472 0.0700580211726122 0.14056782177126
0.189052490926663 0.250920628768865 0.308581152885494 0.0177405594064541 0.233705168012525
0.212706734418025 0.252462939092228 0.175648391998411 0.195977118279346 0.163204816211991
0.124062982454124 0.234026934590735 0.227412813756982 0.235697701369935 0.178799567828225
0.362161902239391 0.0103087355798901 0.218033337380072 0.219677152690401 0.189818872110247
0.197277018672238 0.17000631260497 0.13359073774389 0.29467575785984 0.204450173119063
0.119538707569926 0.14454713535561 0.231168112382333 0.216102418739101 0.288643625953029
0.287327522076877 0.0694451559661763 0.335748627677594 0.209566460239067 0.0979122340402866
0.183236383835151 0.344469268646133 0.20918682442053 0.00576000413972703 0.257347518958459
0.00375173195861183 0.341660163967026 0.282347285092834 0.251028724542756 0.121212094438772
0.191739510691225 0.224524677683725 0.193514655970936 0.194943946405871 0.195277209248243
0.0195146810184616 0.23520558506176 0.241918868871405 0.295140730098095 0.208220134950278
0.27634901540719 0.314680431473026 0.00134204786283611 0.318726425258193 0.0889020799987552
0.155145191743373 0.0134646545231821 0.387299392860349 0.330750188327055 0.113340572546041
0.346849397830215 0.00607649906737571 0.0901293774552435 0.190472260413691 0.366472465233474
0.177355174711054 0.200807384074692 0.166690983491419 0.1375789239033 0.317567533819536
0.319968072070329 0.0671045293793923 0.0702558468033896 0.243695799455794 0.298975752291096
0.0184691924459822 0.337762385438115 0.35567910765809 0.0274112338721188 0.260678080585694
0.272327206069462 0.430824226381738 0.0506723240241331 0.220376879397242 0.0257993641274248
0.222280843363893 0.190165902604788 0.222600095749701 0.327357866646286 0.0375952916353323
0.257188008316662 0.0319702812224919 0.26339060328046 0.325247749863621 0.122203357316766
0.0404042940849887 0.272743981388932 0.339974090458927 0.155557484299524 0.191320149767629
0.360333098746689 0.206453399861816 0.0800577122635709 0.272614593943917 0.0805411951840067
0.10086209127713 0.123522488876356 0.418483440740474 0.193495004776793 0.163636974329247
0.0192582050346018 0.324519729919163 0.105688731660959 0.225565553973365 0.324967779411911
0.177785459071028 0.235798463312755 0.225956797381445 0.198934090342756 0.161525189892016
0.115470896198135 0.0639090570633283 0.56771341706853 0.138205234369472 0.114701395300534
0.0835988457601982 0.261647218674707 0.342222785096953 0.136660898635447 0.175870251832694
0.0196098437351902 0.331115883001414 0.306179582502973 0.303948097978621 0.0391465927818023
0.125855170508993 0.266218320151978 0.297855018570067 0.0578328377455915 0.25223865302337
0.264534699787259 0.32384736492452 0.139363050410317 0.0107879058175703 0.261466979060334
0.278119500406472 0.123142599836746 0.33457191230269 0.134913593168385 0.129252394285707
0.360928184715906 0.111094395044699 0.0367529450419284 0.404608600827123 0.0866158743703432
0.345940722566022 0.271970835092423 0.182534427654827 0.0633483757457575 0.13620563894097
0.263892478307053 0.330765526067222 0.0593760277444288 0.217239228807437 0.12872673907386
0.282025886526046 0.29481334268172 0.0851742087038111 0.172955693825461 0.165030868262962
0.309203132487757 0.324892079000604 0.0544230880223178 0.00845331914754447 0.303028381341777
0.0785306485664581 0.582618008385675 0.120713791530462 0.115275279358485 0.102862272158921
0.181449882604311 0.266874723754401 0.0680285991437741 0.32938683499963 0.154259959497883
0.0734325435167243 0.020350552777022 0.333774764028012 0.249939886610494 0.322502253067748
0.150506804477144 0.0413994987209418 0.258461138045666 0.393157373532022 0.156475185224227
0.149569314798305 0.0345464417822969 0.0702928611508032 0.0812521294010207 0.664339252867574
0.193672994080485 0.309682475096961 0.166861955326543 0.0418675587243035 0.287915016771708
0.191489342329989 0.292129093582029 0.36139265814428 0.118854125832886 0.0361347801108167
0.312189138490663 0.342392563383288 0.103648360061019 0.0440724198416423 0.197697518223387
0.0105674084832208 0.313247103579966 0.33451737942997 0.271013708579117 0.0706543999277251
0.119297692874108 0.376987500456188 0.116925630902597 0.35291193052597 0.0338772452411369
0.0289872953468245 0.402923525846457 0.127913304122722 0.140217051705159 0.299958822978838
0.265394969036 0.121406016863194 0.281230155144965 0.242810209341036 0.0891586496148051
0.441937083531417 0.14004744108003 0.13634868058513 0.236078751742525 0.0455880430608976
0.111838435286537 0.229810547958291 0.243486598733277 0.141331909187782 0.273532508834113
0.201328370173895 0.0307869395978887 0.182631265125596 0.0467607219358459 0.538492703166774
0.255404979918045 0.112019130643649 0.260178902334263 0.22880681774724 0.143590169356804
0.278072297958426 0.0873984967258211 0.130937580045579 0.191477241253124 0.31211438401705
0.0791518676979143 0.344103357170608 0.0961941673951965 0.140785919379239 0.339764688357043
0.284196147570302 0.155198237003882 0.144090308391057 0.146482765317468 0.27003254171729
0.23120211394135 0.112369752891214 0.309515526152836 0.0125979819293158 0.334314625085285
0.259462124012977 0.346185539283307 0.113700165041243 0.0892719496305464 0.191380222031927
0.245109331282372 0.177656623277015 0.0305535320950522 0.22098206451223 0.325698448833331
0.121984967781562 0.402418452372175 0.178069558616362 0.0804546935601987 0.217072327669702
0.0145854566245037 0.182831111200974 0.227481389604589 0.271242320843436 0.303859721726498
0.341671761031772 0.374279614890747 0.105630757014021 0.173298283524017 0.00511958353944267
0.296221966537887 0.215615374006907 0.0927979569963905 0.255408528629607 0.139956173829209
0.351057919476244 0.0537608592889817 0.163031565931223 0.228954275291487 0.203195380012064
0.0944921349779685 0.112366065313313 0.079443672064217 0.390290613813253 0.323407513831249
0.106017513736827 0.348342276618169 0.254513695808017 0.14071537027845 0.150411143558537
0.0166718704815323 0.322009871329075 0.301152419554921 0.128820363769973 0.231345474864498
0.409105099651851 0.142034668803518 0.17080664263169 0.112743101331365 0.165310487581577
0.22141413895044 0.37284563537361 0.119660964601136 0.218083306652953 0.067995954421862
0.122326700818981 0.201667334195588 0.338445047058087 0.234999319017119 0.102561598910225
0.227946465289634 0.277539766141832 0.274092264135691 0.215378511214775 0.00504299321806816
0.0653179412693113 0.310185496174994 0.296241636366005 0.180071254276684 0.148183671913006
0.183031214207613 0.232646573250114 0.287720433532999 0.109516580750715 0.187085198258558
0.174749748485215 0.206138937604883 0.130138508910514 0.218337364183609 0.270635440815779
0.311770674198353 0.299432929818646 0.172327612243149 0.0984321683967425 0.11803661534311
0.200725110659808 0.0628066532504644 0.104665500077464 0.318568552674012 0.313234183338251
0.320670588384863 0.0196731492506368 0.0552715789767836 0.329296840745618 0.275087842642098
0.374512736336066 0.0257563599142425 0.0391358726845679 0.33064085484061 0.229954176224514
0.0573771225603186 0.263001673299571 0.280464356446493 0.134758449948656 0.264398397744961
0.212635824817985 0.263658789186013 0.276250851877395 0.0790982090594124 0.168356325059194
0.289011737377319 0.13939758034638 0.101617802075785 0.200215805950933 0.269757074249583
0.288321462648857 0.164853168238235 0.121943017882304 0.194831397765737 0.230050953464866
0.279427596503982 0.316753372574393 0.155353992057689 0.0990409959570264 0.14942404290691
0.250407455297427 0.200862478287774 0.11839511902637 0.177436975106706 0.252897972281723
0.322939014367739 0.208857349382938 0.126421883037515 0.19712458440229 0.144657168809518
0.378377598816478 0.134723621423205 0.229803421299847 0.15932516039372 0.0977701980667499
0.00393739198282537 0.17789588405521 0.224387958512139 0.199591824770445 0.39418694067938
0.0106082460049024 0.360706105802074 0.258670843371949 0.367527291310049 0.00248751351102472
0.303551126592406 0.387256964655574 0.117436530637099 0.0779399411852971 0.113815436929623
0.226208492929876 0.0765610144041439 0.237402773427577 0.229075093574772 0.230752625663631
0.289493210856858 0.21864171735087 0.305166304494494 0.107154368900764 0.0795443983970133
0.307258148420168 0.0157899011500904 0.332908009679283 0.057319763019051 0.286724177731408
0.19467666266655 0.363773175680092 0.206246124585848 0.0503753578321277 0.184928679235382
0.307029327006266 0.0488364640759328 0.354281598245604 0.0561795357151845 0.233673074957013
0.136572165478511 0.36838614405882 0.0837578592484891 0.166326442995554 0.244957388218625
0.176225741822421 0.00352420736220048 0.065157915038319 0.188559427722402 0.566532708054657
0.238857770796527 0.165967338417889 0.155167732725233 0.22381732962416 0.216189828436192
0.0870802832628086 0.0661399924086561 0.718617578047466 0.0344510383403414 0.0937111079407284
0.238475998368275 0.0846862593583486 0.222009859633322 0.340355689451786 0.114472193188268
0.0373166173538625 0.229277852283206 0.0339101226466677 0.473809748277786 0.225685659438478
0.240194680324433 0.108667583393428 0.251948535665219 0.171755551238772 0.227433649378148
0.0216861440009083 0.0808087221763521 0.262161021332043 0.419415250952507 0.21592886153819
0.262480112981102 0.319617934694176 0.0207564902994478 0.18802349580233 0.209121966222944
0.155669765580406 0.233063991981291 0.30581473316116 0.0365477294751123 0.268903779802031
0.369258339804834 0.0496153396599118 0.321465887786379 0.154789994953703 0.104870437795171
0.148275206039885 0.377070840804571 0.208377781154148 0.255259584961083 0.0110165870403129
0.0367994152922602 0.0627294587228716 0.524711460606094 0.0489227480652157 0.326836917313559
0.25068898312719 0.114354299325828 0.137041953375522 0.134715565717372 0.363199198454088
0.0569011251710807 0.0497045764375341 0.203310562607065 0.389078212309802 0.301005523474519
0.232510579513748 0.37583101239764 0.214674714906052 0.16611575434732 0.0108679388352408
0.353030189707628 0.106928270191195 0.33976347109958 0.127569257306003 0.0727088116955936
0.406639437268565 0.0671845169948151 0.0400468834486641 0.256581408400124 0.229547753887831
0.187781914567275 0.00906466986152745 0.193941198549081 0.18771140355466 0.421500813467456
0.308093138955952 0.141847844468822 0.137167833241569 0.395937422089819 0.0169537612438378
0.246283034307219 0.215920533888687 0.214806442163657 0.151316562561769 0.171673427078668
0.370407125437667 0.257750314607137 0.0513314102936517 0.0583925046343956 0.262118645027149
0.328409095249946 0.00345650461880329 0.220753955652597 0.288953335786142 0.158427108692512
0.0721063906705911 0.251249982714733 0.220842281704863 0.295916937014133 0.159884407895679
0.332297001452925 0.108028445825731 0.0208914932964239 0.233153080711062 0.305629978713858
0.0947866827771358 0.226570105527173 0.305900675115994 0.287797862229421 0.084944674350275
0.386777848437313 0.0354261610245069 0.0618720379692598 0.358848512930259 0.157075439638661
0.280683585696629 0.390840636026573 0.184346068551461 0.0576486950483553 0.0864810146769818
0.211875146341362 0.51613735709411 0.0116800680068058 0.0491923879247938 0.211115040632929
0.32218220797562 0.149884981672656 0.187530233636311 0.252748251364433 0.0876543253509801
0.294216029315012 0.291973115782228 0.164832646309264 0.0459759579637936 0.203002250629703
0.0288851129843614 0.136195865318304 0.243276631061317 0.255416513913316 0.336225876722701
0.0274741132607915 0.270977068614146 0.0896048502805016 0.270751934414042 0.341192033430519
0.0445388853978808 0.289578877888503 0.312362958982051 0.243144629774913 0.110374647956653
0.307498540955308 0.229306033307831 0.0184346983941556 0.27255449730647 0.172206230036235
0.112278768005098 0.00687366616960352 0.32889727759219 0.188810642315102 0.363139645918007
0.490598384663467 0.077130198141656 0.375179379033427 0.0376517187125419 0.0194403194489078
0.183958439255285 0.165021631577077 0.2699385122594 0.181787030462642 0.199294386445596
0.188531117052677 0.132970276425493 0.231744196999073 0.225033682484576 0.221720727038182
0.245466371179059 0.00568477369645631 0.104883984128774 0.148731965824752 0.495232905170958
0.34418615272109 0.239249392977511 0.280107140355586 0.108330338100069 0.028126975845743
0.14907404030699 0.232320907210728 0.305400109060326 0.147995688428788 0.165209254993168
0.00308289825204926 0.192954009131004 0.346971501216409 0.266055351490571 0.190936239909966
0.0687947825688052 0.0883375559099278 0.227586647152339 0.261014587548161 0.354266426820767
0.109801660904866 0.308054402848136 0.0332596962981634 0.116914415481944 0.431969824466891
0.567883762965107 0.0149531569146457 0.182520002058077 0.171659245512388 0.0629838325497826
0.149659760979605 0.0586244123904345 0.382119981486277 0.392551681344276 0.0170441637994075
0.299253212552292 0.181253285748924 0.259821696198254 0.0364205770320961 0.223251228468434
0.144858868506067 0.380971390766893 0.120435512277144 0.0774494507602258 0.27628477768967
0.10434140458938 0.22256275861001 0.152836520943505 0.139529812963338 0.380729502893767
0.171815099741471 0.0625824558701517 0.0689835622764032 0.322476727601499 0.374142154510475
0.491410326898859 0.0777357611901425 0.29839259574347 0.0099608511475433 0.122500465019985
0.196368311335903 0.239368208704219 0.0995428613786153 0.216400931128469 0.248319687452794
0.231361179656381 0.152433712019617 0.284820088224176 0.137031602698081 0.194353417401745
0.186159022934065 0.511854488724524 0.260310284860152 0.0356276954408316 0.0060485080404267
0.150508851690888 0.623130315845107 0.191377219799962 0.011060973674469 0.0239226389895739
0.351183456786123 0.161928529003351 0.0646627535084484 0.186954247444159 0.235271013257919
0.464340147779167 0.4099357926409 0.0660690177817604 0.02362060801117 0.0360344337870024
0.233665950823882 0.257115947473857 0.0634969141975012 0.280251538701554 0.165469648803206
0.105122706922234 0.515990605226753 0.0722102935793558 0.214324807971345 0.0923515863003118
0.270940677798354 0.230176007990573 0.16211953169127 0.209364868780463 0.12739891373934
0.240861285836871 0.312982463927028 0.0066450227052831 0.264978885024592 0.174532342506226
0.298115923707924 0.252666818244042 0.0964699223201973 0.0159074554408016 0.336839880287036
0.212935705979625 0.190780196000437 0.208243845261338 0.230429138665085 0.157611114093515
0.266946530121047 0.127987980632569 0.317926795256019 0.260005919499407 0.0271327744909584
0.269546312057951 0.106276760970602 0.231470628070679 0.115879403118923 0.276826895781845
0.219876055746437 0.200317239003907 0.221097738204427 0.157042912620321 0.201666054424908
0.359197707205824 0.0366067663661681 0.124227218810703 0.359264438498678 0.120703869118628
0.14660975785721 0.0955756698930197 0.182204504012346 0.287532151762696 0.288077916474728
0.0606343484374288 0.324319243463779 0.177300269028576 0.35423624890398 0.083509890166237
0.256978864964085 0.103456114969273 0.100647798790515 0.341602159574626 0.197315061701502
0.229256193989821 0.445881045998403 0.224730183652343 0.0136038081882274 0.0865287681712053
0.202267480578932 0.254917272600265 0.106841975550867 0.108740977955752 0.327232293314185
0.0592993851566156 0.394420272685321 0.150667140732127 0.362116542947036 0.0334966584788999
0.00857356036422489 0.111516826388643 0.39086822657402 0.229083653736959 0.259957732936154
0.323630335261066 0.208750446008977 0.109084289997692 0.324099933264682 0.0344349954675829
0.220774582823383 0.467212001485753 0.0132812964787292 0.261725807799906 0.0370063114122291
0.222180595470201 0.354914960580676 0.134650743888933 0.18846394538438 0.0997897546758104
0.325002001868287 0.10823815947741 0.406435314382835 0.132548298662485 0.0277762256089828
0.267796583164209 0.150832599392698 0.0666104494834024 0.170485482163246 0.344274885796445
0.306603853143142 0.0204788501849405 0.294605182438064 0.256788076356469 0.121524037877384
0.126284193844959 0.329983641442169 0.0400276621004834 0.154630056219586 0.349074446392802
0.0976646980708639 0.076431054979628 0.278627960564994 0.246410049290889 0.300866237093625
0.177482265720747 0.274644999256837 0.185345482383385 0.105945868030389 0.256581384608641
0.242754154788768 0.346237225092654 0.106135989287623 0.286246270346945 0.0186263604840111
0.439143963016075 0.0396050044175767 0.0341930694482715 0.0490518430685929 0.438006120049484
0.233420410371285 0.255883779183955 0.0230520942260618 0.216625455398922 0.271018260819776
0.212093613728901 0.186793647815967 0.124139930345013 0.191876100753055 0.285096707357063
0.2849979872299 0.248020935158859 0.0639009737486274 0.219484915790997 0.183595188071616
0.321524554880273 0.189158709972188 0.30286566206762 0.141861030076192 0.0445900430037269
