0.189918764552338 0.0942513785346625 0.0546300246705719 0.0671828766853738 0.031729144998328 0.15394706366859 0.189733451139717 0.0988324862945264 0.119774809455894
0.027497651024279 0.0361538673322212 0.0280379135676704 0.295939996074564 0.00629836958463425 0.0211809986408447 0.0879417165639488 0.319015964045798 0.177933523166039
0.00565050727081636 0.0767152582274006 0.145940112906431 0.0849905286393148 0.0415104945231763 0.227869957623837 0.155691894232959 0.0991974287491326 0.162433817826932
0.111108167929027 0.11930856842137 0.117157728675138 0.11042070065244 0.0933607140124006 0.0932190033912844 0.11026635534894 0.13723657323993 0.10792218832947
0.143952639654188 0.137935665451917 0.0836441087861838 0.122356171697872 0.124467772798263 0.170044106934042 0.14170805050925 0.0634151885938636 0.0124762955744196
0.0952111453135957 0.183017693256621 0.155358953236153 0.0206914006731782 0.089603083959708 0.178682945616076 0.0377124176479551 0.153906142725768 0.0858162175709459
0.0358343595609558 0.170144701863612 0.155800416440058 0.0893587295721472 0.14974965924397 0.0314187446547966 0.0768574820363168 0.112041780151239 0.178794126476905
0.0535892344643504 0.0265638023141181 0.109266405788277 0.195585933066871 0.130054460888439 0.167201446662932 0.0208174282114176 0.123322538009449 0.173598750594146
0.0997299730518275 0.0932764787311356 0.104753703170004 0.210310318212583 0.194335958402314 0.00752528173545008 0.0896294254635065 0.0871649046715508 0.113273956561628
0.042814699057332 0.0903772615273704 0.143391854087613 0.183433964742178 0.137016424627642 0.129775163713802 0.141371845049721 0.0850915729607209 0.0467272142336203
0.078031553700254 0.156044329465476 0.144912374873046 0.122462559993032 0.112975238869434 0.00241526110690843 0.148572959313463 0.172006601102159 0.0625791215762276
0.0372255346116819 0.123776015426132 0.0937476010673534 0.0336070099637825 0.147303768177614 0.165179968689132 0.185341361113645 0.0892290520536641 0.124589688896996
0.0257583059681957 0.0425249123794936 0.00135785168041453 0.171914750288186 0.17410637838979 0.139996513508607 0.0842675835269788 0.272979738577329 0.0870939656810054
0.0685313364535118 0.033816133843529 0.202976476304208 0.213644103133335 0.124410901246936 0.0720269457653165 0.146931319287218 0.110157833237459 0.0275049507284884
0.145376939313014 0.155621692146126 0.145602265573825 0.0981479170536106 0.0378662112755605 0.0926834241290507 0.0303718878523531 0.121432749927763 0.172896912728697
0.191021734965967 0.200566346191284 0.0367100067952899 0.110595748760631 0.202076667893376 0.103393795049946 0.094767246426138 0.0183894035818677 0.0424790503355007
0.177926668961505 0.0308643108441931 0.150727445096318 0.039086545471982 0.146904329343721 0.00827472156633861 0.192137980472191 0.089802683161363 0.164275315082388
0.0163956055784475 0.12632104566655 0.127282955242655 0.124288846699841 0.116178455304907 0.13341686987192 0.12888614976689 0.097764529914578 0.129465541954212
0.137878372016641 0.0323945327249543 0.109794925233537 0.088603352039099 0.095505099720248 0.159555031832877 0.170347788842511 0.0380429880377502 0.167877909552383
0.0357857096191053 0.0647916762258397 0.00721765932078191 0.0716296400187073 0.213458936964024 0.233511116584019 0.203887502275067 0.107351670562765 0.0623660884296911
0.165944675315319 0.200391215622229 0.153697350954563 0.00608072135138671 0.170031933302041 0.0999603726832667 0.0458339798888637 0.110483996993152 0.0475757538891779
0.0465895417937215 0.0553946902392852 0.0609382367317606 0.152087074341347 0.186970535383936 0.172839986457828 0.00965435300202868 0.173488302424017 0.142037279626075
0.112697217761994 0.0989000673532533 0.110924450927104 0.161342044479487 0.0595905864998768 0.163120724675979 0.141618813679602 0.118283492825889 0.0335226017968141
0.141805541941818 0.0164565554933716 0.0625526863182347 0.124156080341892 0.104285076773575 0.147823975999835 0.303463685402994 0.0577865609908869 0.0416698367373931
0.0747986551818054 0.157073185257961 0.0640836746077207 0.211784602941898 0.0947329321543771 0.165956145134142 0.00151282388854364 0.201038095559914 0.0290198852736383
0.0142950933551035 0.149147881266231 0.184180460476873 0.245456986897084 0.00362045508875338 0.010572720640905 0.267297246122698 0.00904725642949772 0.116381899722854
0.112884540950273 0.0126891360352924 0.0810469800296497 0.166111134481684 0.183219673447081 0.0924506616341731 0.185870252549402 0.0310078542960302 0.134719766576415
0.127291874842204 0.028065212472237 0.00112623471692187 0.144443854673533 0.173031686292965 0.0611887726931446 0.197803001628969 0.15582864192084 0.111220720759187
0.171283551050413 0.0743583816484927 0.0246570120923041 0.164461962122602 0.181380141586978 0.143574411043001 0.154487470990626 0.00915057796827068 0.0766464914973123
0.147326114209762 0.0680380729742687 0.156133089791695 0.160129412345334 0.095032715172635 0.056077800327882 0.148392400827921 0.131870735567412 0.0369996587830904
0.137558121594273 0.145150996940166 0.137297341261438 0.0862626331489091 0.10052558157013 0.145765098539302 0.128103449421353 0.0759152219933337 0.0434215555310954
0.0911249275742528 0.0632786010792072 0.0699971056163813 0.0144674331049456 0.114582474458029 0.126876461401629 0.160692338205636 0.189720586958297 0.169260071601623
0.12268648076883 0.099189267752217 0.110808845996807 0.0141653197985329 0.164234151186952 0.193608244009165 0.0381912600265393 0.165824032027106 0.0912923984338514
0.275658320216884 0.0851283443731846 0.0435332813433236 0.0370890721560055 0.0761196584367433 0.116320976353737 0.172289526593835 0.0256196513740122 0.168241169152275
0.132520200349426 0.133254245864786 0.0416546535585927 0.131091540015482 0.100648427763062 0.173133154851125 0.110532849524672 0.104771356620335 0.0723935714525195
0.0453089650946876 0.133781026024382 0.104332240546549 0.0936361528010911 0.148748848158002 0.132664806915915 0.156699772129637 0.0624582109108606 0.122369977418876
0.0703160983627977 0.150955955902381 0.027906606588991 0.13828159700503 0.138460387971964 0.123205204031319 0.154024592132077 0.108218787968929 0.088630770036512
0.0176578760467541 0.160008400806239 0.0524327415490725 0.115522334622983 0.0560513532019738 0.226679383945926 0.111684580604408 0.183155409277856 0.0768079199447876
0.139637700201107 0.171766303568531 0.275941477546766 0.0403774441213151 0.216583302896512 0.0602270182591639 0.0463454725200827 0.0277196558438568 0.0214016250426659
0.0117154532659099 0.135241157381933 0.144353188502684 0.140974931602608 0.0130320575700204 0.199668680605997 0.051442325355823 0.198892393920729 0.104679811794296
0.0588609938995121 0.13541275782973 0.0239996519641815 0.247538176379551 0.179907977424813 0.0198624841104482 0.0699454204775864 0.0456340240054109 0.218838513908767
0.100678176037494 0.189079105371795 0.0917976202783079 0.135437961372873 0.113830920677563 0.0221524163301843 0.123469702500392 0.219109863390586 0.00444423404080399
0.0626586791062074 0.0887059817820246 0.0283438157161776 0.198238207325006 0.194698071795392 0.168137580468818 0.0943495200040199 0.139746890587817 0.0251212532145372
0.134224555841332 0.0363647505034458 0.135178641746903 0.229381447154085 0.0130016701468762 0.0702003559759768 0.169655219225304 0.0993757403182405 0.112617619087837
0.125154421973517 0.146256965085685 0.0923652929646907 0.14179108201713 0.118063034650079 0.0924409597719677 0.0979816120285347 0.137635086057836 0.0483115454505617
0.147065796706351 0.170841421062499 0.150553981441503 0.200114430417021 0.0053413176651891 0.108802209788743 0.13702524792539 0.0616929392050903 0.0185626557882139
0.0681371059180665 0.0584230516205604 0.0651202326564521 0.396736197158916 0.00320399105332482 0.0371659050518848 0.251244138497639 0.0292564890385822 0.0907128890045736
0.190794831026178 0.109026638700816 0.101362659459789 0.0419002120741515 0.165034688300844 0.220107482199923 0.102671713875411 0.0240122711821691 0.0450895031807189
0.16089383193378 0.110229216250855 0.14985485086383 0.00865518791989507 0.0737019375708838 0.0356704613708479 0.153838754618766 0.0733801365707591 0.233775622900382
0.0625389211819278 0.135137956761511 0.143537622666597 0.0911706355102025 0.0764138620701154 0.175606721890955 0.126925516844053 0.0195906648290528 0.169078098245585
0.118925326063725 0.00958588631273251 0.0422851318971799 0.164137444075906 0.16402742015145 0.0149449188346514 0.118601717714764 0.16197898537655 0.20551316957304
0.136471039417171 0.112877250284935 0.149198713875098 0.0768823936505457 0.142918886666769 0.0627078824645902 0.0447659485422771 0.191491392934128 0.0826864921644869
0.107087158290182 0.0808927904155286 0.209398645272157 0.0568632897213622 0.246663497889357 0.00716741557547744 0.0287938015195604 0.0901714791144122 0.172961922201963
0.0589459002554324 0.00441225592578118 0.156940305859369 0.0375715874843674 0.205558602480395 0.163017542196905 0.0863794914873002 0.177419504485576 0.109754809824874
0.177725859576717 0.0677249907607545 0.125751984281693 0.0490836899389265 0.145050865150514 0.168275412194463 0.0534159772737056 0.121697379054602 0.091273841768625
0.075895038386379 0.121262125535196 0.115196633863805 0.012830301165982 0.120826977513298 0.0887517278840847 0.140264252913304 0.163607247560312 0.16136569517764
0.0389130290761052 0.110541171666761 0.023121598223743 0.0575684269802285 0.161905730120391 0.142291010078129 0.120386600843122 0.170922782228118 0.174349650783402
0.131907478318283 0.111873120516273 0.0635306779305437 0.209682926687599 0.0727243875514585 0.00482989057961078 0.173335036706093 0.195955509343698 0.0361609723664415
0.0892124516882184 0.0911475475912864 0.00346737130218774 0.212840358630432 0.127268801566876 0.152706683945034 0.0195304747791533 0.2442474223902 0.059578888106612
0.0152064608656962 0.184908344256147 0.0919468166596414 0.246326704697594 0.133048321037586 0.105168395346507 0.117808423494702 0.058303598079312 0.0472829355628149
0.148340736375089 0.0560243114092489 0.215925445927689 0.0499724173059782 0.111745790844838 0.127783624580938 0.133350685784056 0.135656407212713 0.0212005805594499
0.113829723478186 0.0424060391688044 0.0903350031213737 0.124300310820364 0.104820368580433 0.113347671812435 0.15048514140101 0.156204868291008 0.104270873326386
0.177488087464949 0.116240022179813 0.132382538229094 0.114799503748612 0.0908850957762568 0.0834940045766455 0.127475819840996 0.00101055996414439 0.156224368219489
0.220032396335809 0.0235981123833969 0.0995782231463373 0.014652370435728 0.0699934122446458 0.196379762950468 0.00274999495931511 0.205262810560984 0.167752916983315
0.129300711798804 0.0189528470439091 0.0467558036117733 0.218661937066823 0.233177094934961 0.00598586312674336 0.0929593874833023 0.143142024656972 0.111064330276712
0.0501298264968659 0.0252445076844104 0.140631433466081 0.0462302516517929 0.237158269854211 0.0940582348316132 0.231660539394763 0.0204712601893308 0.154415676430932
0.130522762838644 0.0144338011913038 0.111954039472712 0.123630459417722 0.149501339871767 0.134322274048518 0.124552137301201 0.105961985679144 0.105121200178989
0.0269029305516015 0.104330536334734 0.203712715936219 0.240219353548735 0.0387724260844349 0.111039146183994 0.0036834398991844 0.038014664723937 0.23332478673716
0.0954642648601968 0.111200601106117 0.11004488737762 0.140551814749901 0.188538998185019 0.0552086631745048 0.182888784351267 0.108388936202244 0.0077130499931313
0.0950916391959571 0.163921309486013 0.151847173609045 0.0633082461926097 0.175964365646464 0.102802207386459 0.0756943055089211 0.144048761669421 0.0273219913051106
0.23755868207658 0.223893242694782 0.00232946350728898 0.0979503501398663 0.0103569500527011 0.0359395294135117 0.0663867830320619 0.107538436312639 0.218046562770568
0.0514774981084459 0.0159511446780592 0.0832854822169511 0.155074061043073 0.0648445660779962 0.152728951247747 0.123429117075888 0.162319223104948 0.190889956446891
0.0544269017068534 0.0258348632583349 0.0714910627677958 0.170399835946679 0.138096416093086 0.108058921571704 0.148565857939676 0.168754239399 0.11437190131687
0.104074102740827 0.172045439999507 0.0764643477334462 0.104661873606517 0.142769206352611 0.0846521763634329 0.0150802377985424 0.157969495727919 0.142283119677197
0.223369762843766 0.0369720064205877 0.109602310636129 0.155984509974751 0.185467158715341 0.169343086689458 0.0536276357390624 0.0544222955261046 0.011211233454801
0.0628427253947647 0.143070485089967 0.0792153471267147 0.112283304485276 0.108221937040195 0.105262015544696 0.14034204564406 0.186654499460347 0.0621076402139798
0.0989795521065196 0.0361427787171073 0.211939667214852 0.176564268359202 0.0332147727673572 0.0930089586932548 0.129708678349692 0.0279675559563616 0.192473767835654
0.203497459795115 0.0885529368646827 0.0704190961302563 0.231294215251199 0.0592314858082802 0.0526625185925638 0.0235378961020686 0.207931014778497 0.0628733766773373
0.193769742528292 0.0199077526137076 0.00106615053761364 0.221718777689442 0.105866802383617 0.112543958584059 0.16362323227137 0.0458429494792831 0.135660633912616
0.217821660710454 0.119581625688541 0.120316675384156 0.128768075955206 0.0588380066623176 0.0828727728084815 0.0446212420592657 0.0207053701731653 0.206474570558413
0.199632152342642 0.156172577830556 0.143428289189652 0.00777919767277129 0.0596188482268684 0.121125968757882 0.115102534870618 0.0387087964289127 0.158431634680097
0.166830671294627 0.0216516540176485 0.208900889724487 0.214786755823612 0.0169423887625653 0.16654823119725 0.104508191857653 0.0970121236381823 0.00281909368397607
0.145403843870454 0.0985853728094423 0.0916563186849925 0.145839502348451 0.0355120467731688 0.130495746109461 0.153593568609893 0.102494314746528 0.0964192860476083
0.24438136517613 0.0171682167425199 0.0916058040673628 0.0982615224204238 0.0120440113300307 0.031133103749008 0.000672068294013612 0.262946685103796 0.241787223116715
0.219528154126836 0.101899225468073 0.0283233283176224 0.196989813278977 0.0463599790063235 0.237919993115155 0.0735603174790171 0.0749979110114785 0.0204212781965166
0.00248019312728481 0.0669466186561126 0.135959068376282 0.13831733967699 0.139523530350531 0.102550763382522 0.135612581060513 0.138994192346293 0.139615713023473
0.0734945762563519 0.0885364148495833 0.246706808141011 0.0262840248187593 0.0452554520390255 0.0655831793056804 0.0490148591299442 0.232561130921405 0.172563554538239
0.125992262599459 0.227231120448617 0.0919945600997249 0.000138241190261097 0.112583819642126 0.105521619965297 0.141834541575567 0.0593130099306509 0.135390824548296
0.0428198894992803 0.128742448910515 0.11460372371322 0.0253563390114924 0.0456994577347461 0.213030009727676 0.206816967321474 0.212559178115117 0.0103719859664799
0.188212936723542 0.125631914419891 0.116040500244074 0.0530350172094356 0.00315396490767738 0.0878818641227221 0.0456367454999511 0.15980807188255 0.220598984990157
0.00934799514712802 0.138646142656793 0.124711173898915 0.187324778607552 0.0662831793520025 0.0322679015205571 0.27788988554941 0.122734234991216 0.0407947082764273
0.136825058386103 0.0265719451485022 0.145827914738113 0.0199831927725262 0.106125232298807 0.140278943510384 0.171810325216702 0.164351690687799 0.0882256972410631
0.00740934709761078 0.101763577264635 0.0321889738719416 0.126385182600518 0.1255500672658 0.17875697196576 0.144271094595787 0.173669402963624 0.110005382374323
0.143008093679378 0.0864563148031826 0.119668141828459 0.11490605767072 0.135011757080411 0.0737628231935677 0.131151325543955 0.131368531282227 0.0646669549180995
0.129706200766885 0.125487814641456 0.0136833575021571 0.168327275337691 0.13578470883541 0.118030911626215 0.0397267180703256 0.132195450984991 0.13705756223487
0.0690541771017387 0.00814411360976932 0.1297413113033 0.190637670499729 0.201499608757447 0.143641083490809 0.154940534474189 0.00964253454386837 0.0926989662191493
0.169191375207989 0.111273527049458 0.111162307240886 0.036178710757779 0.16486588718798 0.106871962877409 0.124769467382222 0.035781903327435 0.139904858968843
0.0493326583516846 0.149276468207042 0.0634233286045024 0.114281531982797 0.0167443432696952 0.133431365277089 0.0631127776980715 0.194268004454612 0.216129522154505
0.157286891099756 0.0502029044419179 0.174201342565316 0.0663497852957441 0.171200770526981 0.024733573357922 0.0598486073820084 0.169899878283115 0.12627624704724
0.16437924384771 0.052244062898437 0.0643490462442082 0.0279379804583664 0.153763753722548 0.111815860214213 0.160145333507315 0.132330930263921 0.133033788843282
0.180240226390579 0.100742214050205 0.201694513873791 0.000454728438884261 0.124830708973703 0.153618837951352 0.189493540833601 0.0123882980539343 0.0365369314339497
0.0681702216905755 0.19994253446287 0.0300586502938876 0.161623626235211 0.0893725230685928 0.0422883597935392 0.0909501454240478 0.187326219905469 0.130267719125807
0.10484815441907 0.0783041335181652 0.28340357209402 0.0513976733605409 0.22891283808802 0.0531035128235068 0.111024636287867 0.0215405964443678 0.0674648829644433
0.0998501773640604 0.156255374802929 0.13378230265486 0.0217194520309711 0.124007717807005 0.142515982959366 0.082669409175345 0.078677665171852 0.160521918033611
0.123623970976287 0.13015464717895 0.135410797071952 0.0022948445019127 0.101605762027119 0.145360148365885 0.145678159446773 0.0885631111521322 0.127308559278989
0.0583734261686917 0.075657877301524 0.0454846297277691 0.213290029819138 0.225469112372459 0.224553171175041 7.29563212089328e-06 0.0435152990003713 0.113649158802885
0.119234832450562 0.124072925121888 0.228970310192935 0.0197328715139718 0.00892975510109629 0.0752458208183037 0.230066144061612 0.0399677243354405 0.153779616404191
0.0145291178558721 0.0848033535400118 0.156873742633691 0.165160090039001 0.0591613696637849 0.152974857941023 0.112587166381315 0.12589167588424 0.128018626061061
0.114683694708028 0.017838870210681 0.220900853531493 0.168111285991997 0.151241112975956 0.225983894363871 0.0537382759185693 0.0255800955200732 0.0219219167793317
0.156315398697421 0.171046734715485 0.0379318862269751 0.048509372560096 0.107259225666201 0.172539899242795 0.0875030670071483 0.0832759451498473 0.135618470734031
0.132424589050543 0.0341760184520866 0.191891602503471 0.0354352848435986 0.0867969267165978 0.0592335060800191 0.164643336738483 0.149871663861274 0.145527071753928
0.119338661259027 0.114106562435097 0.181350534606614 0.152068877609227 0.0868998298454913 0.101426191999633 0.146857740743285 0.0539584949661266 0.0439931065354998
0.155666775133768 0.182847096655691 0.0743315308361942 0.0474105923975424 0.106612597241069 0.199915390067862 0.18722227692659 0.00285608596659108 0.0431376547746923
0.130807958052276 0.0151596804141069 0.168357448280977 0.137280874966039 0.142362004065908 0.0915421077757511 0.0401660072444592 0.174523266089136 0.0998006531113485
0.0810383952180659 0.203718017012587 0.169332896895706 0.0652377402235244 0.111059994677557 0.140793450463304 0.0547785666183521 0.123755541525289 0.0502853973656145
0.143897815209401 0.129964574712606 0.157804175063321 0.228663953092269 0.0873948210843812 0.177533597382967 0.0137375702822923 0.0592119055326181 0.00179158764014386
0.0116625698544505 0.17728668323407 0.071097403062014 0.23101563974726 0.236296345736002 0.102243784190334 0.00618408297121124 0.0653462924520532 0.0988671987526058
0.184195128000364 0.0761023067461133 0.133447138394447 0.193820184612498 0.0877974186602224 0.115687317617796 0.0445351585580563 0.130317123507582 0.0340982239029204
0.175947124564069 0.113934906080921 0.00299949585774687 0.0498713380842478 0.106410244356597 0.0145991927780855 0.177726536162606 0.175657556940586 0.182853605175141
0.219707138061843 0.178849363532152 0.0727949732303933 0.108415548132365 0.141776037867495 0.1659118701877 0.0650108660895268 0.032744149739697 0.014790053158828
0.124763699737285 0.126278172010588 0.0820602196740548 0.0214528479654983 0.139797431858687 0.106630236973567 0.0784579813361068 0.14912137317622 0.171438037267993
0.0721828189438224 0.136021800345463 0.124015899200111 0.162056321570028 0.102967055204966 0.181670467300162 0.078974263239842 0.0308667150124126 0.111244659183193
0.0965582141305251 0.0110337915637852 0.120053575161371 0.146861714502947 0.160086688423251 0.137524370101498 0.121884658245414 0.1396629045361 0.0663340833351084
0.155945325375196 0.0661723535365054 0.0409428175791389 0.0436542683175 0.134286418633841 0.196296262845958 0.0465393795586102 0.161002847305576 0.155160326847674
0.0628773628780706 0.11423818443451 0.145896479994078 0.170668659797979 0.165006449120116 0.0014456101792462 0.165636999245563 0.111866885232401 0.0623633691180361
0.14563459201326 0.0604212888513644 0.16465451701181 0.158884258081828 0.176196122175785 0.0473130069395591 0.00335991988194062 0.119335052074762 0.124201242969691
0.139068676133437 0.170947200544584 0.0952578163693782 0.169650185417353 0.0179339183148942 0.0845885759180414 0.0222072247188412 0.150989810972743 0.149356591610728
0.142887990046752 0.132377093074621 0.135129214573452 0.104042335343855 0.15131604049198 0.10720025340377 0.0381994742626918 0.0501250624624101 0.138722536340469
0.114753100306772 0.137008999070198 0.196687960657222 0.177138718512254 0.0816349080101968 0.149322401958394 0.123003417613434 0.00923895709199065 0.0112115367795379
0.167244310246776 0.148066412214585 0.0989803168669653 0.057740965103223 0.14865722542392 0.137786692244564 0.125363499263242 0.0941162474978429 0.0220443311388815
0.0884304739503814 0.0639807981365554 0.0810634532509219 0.137155425248232 0.0637862938702455 0.138372862923032 0.0919374795868453 0.137237595374825 0.198035617658962
0.0417139221688319 0.0844183282331187 0.0735401794171231 0.124440681398167 0.0392496726136102 0.125659724764485 0.150189819196564 0.178680831687368 0.182106840520732
0.155694656253475 0.165370546105127 0.153440272422753 0.0245100244628301 0.0757494758422228 0.151619630731608 0.0218638386298517 0.121793758157307 0.129957797394826
0.0703189162429181 0.159870642193119 0.153979468571701 0.10391911292057 0.0250957197220317 0.113852417933761 0.131157285028758 0.103672118515632 0.13813431887151
0.18805077844087 0.14120931765879 0.18813521680065 0.0144727203140711 0.0742352000913505 0.107206928887717 0.154300813482665 0.06611418846752 0.0662748358563666
0.173963585372147 0.0465984372829729 0.0275293143534958 0.000830787111230059 0.0595785224359349 0.176170210029471 0.223667188508638 0.113473458438858 0.178188496467252
0.152392697315681 0.138029946881728 0.198716646283017 0.0661343017791172 0.0410767432532968 0.0170002490165869 0.0599517806868396 0.134596225660749 0.192101409122984
0.0145240198028856 0.175313348291872 0.17399067359918 0.0972980541928499 0.013951306728184 0.119296134441691 0.101558169516089 0.0852834235788104 0.218784869848439
0.0205583936424078 0.00455341454905776 0.216370863364074 0.118171086594824 0.110611081301764 0.10615750533208 0.0821609557837337 0.136315301678358 0.2051013977537
0.159079239409629 0.0081750679181901 0.10127359041237 0.150499743797906 0.0488128765017505 0.166156863903192 0.132135354268049 0.051808857846613 0.1820584059423
0.0723220164595123 0.130653152174032 0.0794928184897354 0.0320349808425939 0.156658089070816 0.210215286807472 0.107912852448489 0.0474284273026235 0.163282376404726
0.230941517790341 0.196071710680094 0.110894646064417 0.0584414162508517 0.075396711281566 0.0220167869111326 0.121990386022451 0.0607130987702546 0.123533726228891
0.141298658610713 0.123534992612844 0.0845157008431623 0.143216180535318 0.134830405246451 0.129766525798124 0.0577915776677995 0.130788403703377 0.0542575549822116
0.197569865473352 0.126599022939737 0.0229351631615558 0.269647040217589 0.0311129669339698 0.157914400485886 0.153902754509082 0.0131976251256478 0.0271211611531805
0.00896744021903035 0.0387240979374714 0.0176658185676692 0.20090141681299 0.176384353407498 0.180719519045491 0.173479528146359 0.0318635430470464 0.171294282816444
0.0207212603768727 0.183735030006603 0.0684006014983782 0.0246379868647525 0.0168633253948418 0.207937974491562 0.175822816633461 0.0858984823370995 0.215982522396429
0.131559128599075 0.0702973960583649 0.169964241386959 0.0591497058874885 0.0941403016702269 0.0805951046065125 0.104875582777143 0.139297322737708 0.150121216276523
0.0619085729589138 0.00523011499513692 0.0374643253763149 0.230995559088362 0.143301901979432 0.125386395604809 0.000922414395196592 0.140731216048204 0.25405949955363
0.167357301240201 0.0169457715440293 0.150572340399757 0.144983497124557 0.141813027823053 0.00337760478215621 0.173704285344629 0.0989602260385816 0.102285945703036
0.165631954288896 0.133250360668408 0.125628801117743 0.108146251415266 0.11394830540554 0.0721799942307751 0.0126390926776389 0.104454368079122 0.16412087211661
0.00625538371635861 0.0180928289884663 0.131440068315175 0.211763747723256 0.00203577859831149 0.144809951103886 0.248136812702372 0.116643583818546 0.120821845033628
0.0132731152240232 0.105304910251595 0.0100555276993632 0.164851835464079 0.185798516508237 0.166428377973256 0.101131965665049 0.106155247018725 0.147000504195673
0.0641656929365205 0.114199635685848 0.0293372842704337 0.151340472349165 0.174070780309559 0.176720799735294 0.0814828604917314 0.0273922528880249 0.181290221333423
0.17429268208942 0.142896396526562 0.0465026638738383 0.127936445326524 0.111072509579367 0.00887912915285966 0.157888530459887 0.152791357688246 0.0777402853032962
0.0524375065348583 0.0181116722968968 0.175775089171424 0.0744207914826391 0.147339412497819 0.302463954350634 0.0613450905014952 0.119112260287841 0.0489942228763935
0.0814581147713494 0.18536804916008 0.105170801802077 0.0322082402635387 0.192093122286523 0.0320360620337529 0.0621702225040497 0.16517772920726 0.144317657971369
0.0675518999167132 0.0257411906174665 0.129305644931177 0.0567110584328716 0.0745384002387688 0.149392261247923 0.152155574879362 0.179624094388308 0.164979875347411
0.138036768987904 0.0780021528674874 0.100473130881237 0.155734646194665 0.137498690346044 0.204568266387513 0.0739574866225102 0.0517262412863347 0.0600026164263055
0.160359654035558 0.0124745007267707 0.183092742592335 0.0468171475807702 0.133222011637638 0.127947525314277 0.19601378352807 0.107854229914057 0.0322184046705236
0.214445177750256 0.0566203170763599 0.197897249233876 0.16069594197052 0.0289468240561483 0.0205600505160449 0.000209273443163624 0.117800215442676 0.202824950510955
0.10687961880967 0.18325167817804 0.0949115332050284 0.119421523760269 0.126233864862102 0.172119670742346 0.0517477815411677 0.0770640853679249 0.0683702435334515
0.0265186787531288 0.132231756627797 0.173984325532067 0.0302187894714259 0.0459904296037612 0.155956795690802 0.191855409658464 0.0708406183379582 0.172403196324596
0.11534521885975 0.107317161703706 0.0301064975539292 0.0923864270701191 0.107263402645941 0.0467841729440631 0.181592559836427 0.143885313748348 0.175319245637717
0.174325456394359 0.120235631269916 0.0645097677352391 0.0139243887418252 0.00398317376225317 0.101698712531418 0.150377198144855 0.267806000719795 0.103139670700338
0.0458955366242584 0.193629018585853 0.214120259882839 0.0236563053601046 0.0773028400371964 0.127487540265899 0.142276495885362 0.102808203720177 0.0728237996383102
0.135864884455032 0.127999272017026 0.0690664580695308 0.079434190723518 0.11964101515946 0.0699243290781305 0.132010810168192 0.140184095638494 0.125874944690617
0.198714407154596 0.1538570102575 0.0707794324205773 0.14159087073599 0.109081461504486 0.123020732571883 0.035927191599113 0.0119757071140067 0.155053186641847
0.117778815541599 0.0475486104436194 0.0876293730158509 0.035440668011182 0.201886472694393 0.178720101476219 0.218095555316911 0.0997505112317342 0.0131498922684916
0.0628573358000074 0.116294008144368 0.164156713888831 0.043948493909661 0.167519749165252 0.187066694555154 0.00634280319590813 0.0950574767213623 0.156756724619456
0.0780544169837584 0.0466523029359973 0.131567172047275 0.0493130724410639 0.168350019370947 0.177245966129802 0.197980724678255 0.12861875884534 0.0222175665675621
0.124376757585066 0.160346170882165 0.0575660405858051 0.175907134570195 0.0600432865102219 0.0175773235339977 0.16891510670899 0.16435745631896 0.0709107233045996
0.0148629364131215 0.183346298461376 0.00339572802683549 0.0473531359203932 0.187395067132918 0.0419185727918324 0.0897889158179679 0.146602539260641 0.285336806174915
0.118703877484097 0.0939089008090463 0.185949432455824 0.14451032844724 0.0657832213976389 0.035961201742141 0.168036993767323 0.0684782928575754 0.118667751039114
0.124393882851082 0.0979575320267567 0.0763317066264147 0.111494872555862 0.139478969209818 0.158854512324595 0.161317478927766 0.0247415013905354 0.10542954408717
0.0460283086909 0.185858407633521 0.138785709107108 0.00118000195113746 0.201284336186802 0.0372082849148544 0.13546622697926 0.122494414982124 0.131694309554294
0.204796278889774 0.134514345210349 0.0442933551194537 0.0669537499059064 0.170310224268701 0.121372321459796 0.0898318464098875 0.112425452124345 0.0555024266117878
0.0774182388091808 0.174026567861442 0.107148096487813 0.129331268358894 0.114580501704676 0.0471775967710284 0.137871799084382 0.0923732639615041 0.120072666961079
0.0522565619472645 0.0586985441734467 0.1596127385484 0.0973564556488574 0.0944607835946732 0.00118464107161506 0.193927877146519 0.16935713404647 0.173145263822754
0.158482800180447 0.132222328029243 0.084051767670169 0.168712275020984 0.164693096549686 0.000279889499823688 0.0638845101629605 0.105079081179696 0.12259425170699
0.136836896849671 0.141611391490658 0.118102158391702 0.153442658195939 0.105289169846621 0.0652779974060118 0.0389377119671359 0.118466811391626 0.122035204460636
0.0562528104520544 0.118632279125837 0.0714573646229185 0.00372827185832023 0.151149168515227 0.154899916783327 0.181233592743143 0.17714370345048 0.0855028924486936
0.0535326346014688 0.0373372091235879 0.0490281964871794 0.177317218606826 0.158731992957133 0.182384854685076 0.18322189266738 0.0653227591774532 0.0931232416938952
0.0945883834168932 0.154843314633105 0.147927252361146 0.126961690941122 0.0661539217663227 0.0281284977794102 0.102735209320054 0.137484141079102 0.141177588702845
0.162872170139539 0.0361871029510186 0.117243309692463 0.0513069355560774 0.129440779479815 0.152416563414017 0.169884125391041 0.0985566997772583 0.0820923135987699
0.125541896459035 0.16932213678734 0.0806097923894547 0.0273973837943731 0.138418180809772 0.0452860141814195 0.110070741023241 0.193150499231747 0.110203355323617
0.121128647500602 0.192935308292228 0.0155641548339877 0.0355475945237709 0.135814378591232 0.229390889362775 0.187342352266031 0.0240870321806856 0.0581896424486881
0.0686581390501279 0.113557702304226 0.0633469600600312 0.257144433721706 0.210321887339564 0.0659386594003289 0.0264836581873453 0.104495745059725 0.0900528148769466
0.19764578266079 0.208202974970399 0.0499071315947555 0.0402240778602634 0.0148088761689388 0.110601559865171 0.0289706914218374 0.142719290726749 0.206919614731096
0.0403663720943147 0.0168059120964287 0.0194813719781872 0.108038922202233 0.140308786963729 0.244696633007004 0.191953738859143 0.144068216511771 0.0942800462871895
0.0957265285994832 0.123581408514731 0.149243855868134 0.114257398459823 0.0434094690943314 0.181000979632688 0.0811123919631755 0.191876141962886 0.0197918259047472
0.170584770763695 0.160125320880249 0.0262953246787538 0.140691713105525 0.0981226835243028 0.0214029334428197 0.0962171814014096 0.152559995131027 0.134000077072218
0.298119603796876 0.161885781213856 0.115784471323795 0.0845421406623692 0.0278690271219964 0.0469863038912582 0.153378316494315 0.00789314060581002 0.103541214889723
0.0511581137630628 0.0921104375750552 0.202505524856673 0.184239335763741 0.000238845544503125 0.0746768848384326 0.186900661357658 0.149950358323555 0.058219837977319
0.143928082341674 0.164411893898869 0.115813940804871 0.157074637998021 0.082412721578377 0.0894775500588555 0.0595654952459859 0.0250779062848663 0.16223777178848
0.20774762079259 0.130146143418011 0.228789385891526 0.00564718709395116 0.0311839167397672 0.0766820557736412 0.218534134126638 0.0178650970290074 0.0834044591348682
0.0205382505403503 0.0513462781416973 0.0595643603067442 0.172808069035716 0.163465608795476 0.127373135678794 0.114159077643793 0.166873195564423 0.123872024293006
0.0845325066856506 0.0485643183054417 0.147730935979674 0.101719474605273 0.187855662995436 0.00207657537174194 0.158142595750094 0.106029534938411 0.163348395368278
0.163555312993023 0.00274497562201596 0.132076167242131 0.154006936303276 0.193019061498043 0.0827959436027927 0.0351448050986613 0.12973894705027 0.106917850589787
0.128720490293059 0.153309858279573 0.21615707500848 0.0590153457388368 0.0993960991010013 0.173191488025527 0.118267239575201 0.0490255816745332 0.00291682230378762
0.011143962798365 0.0371637575061364 0.040155014706948 0.0193528566750724 0.18154867687492 0.152358662237455 0.154696844853444 0.176555113875596 0.227025110472063
0.150455482678263 0.127581539107841 0.142232811351505 0.140170343799249 0.0753819345662858 0.0544936412884012 0.0928042923486427 0.0633666839048422 0.153513270954971
0.234571706113229 0.0129806506433527 0.0145454065770981 0.24341399817371 0.0131973834039449 0.168339075421721 0.215113020973758 0.0316942285397732 0.0661445301534135
0.164152841883941 0.148218307610546 0.174252423375342 0.110995243533702 0.0791297722548093 0.0787103617963501 0.011370874314296 0.174399462157498 0.0587707130735142
0.186040352588414 0.121159654262327 0.0834913950134113 0.0807639623524592 0.127185084094729 0.125474875981783 0.11918349575639 0.00604180460939763 0.150659375341088
0.161652714797096 0.12083684963746 0.219894534311308 0.104748209723937 0.111420797892848 0.111394840807506 0.118808575159112 0.0286697649055901 0.0225737127651431
0.163632432785512 0.0712392034539184 0.176980193465461 0.128974853588996 0.172048347418367 0.0625267261794289 0.0168139191221025 0.0348313589668196 0.172952965019394
0.0964644122431859 0.159684066708935 0.0529320843142375 0.0603122594405045 0.0604903587144281 0.132896806220086 0.152861634839414 0.098739671181284 0.185618706337925
0.103529095903708 0.117402140891148 0.0101071351104299 0.244356420879289 0.0554248062793945 0.0538172527644131 0.0681768471841895 0.159281700181235 0.187904600806194
0.118470029251652 0.121457197006299 0.129763476921794 0.103514141760853 0.046638925422269 0.00277435095598239 0.202501041815 0.166713286745147 0.108167550121003
0.158589019112427 0.115977357859595 0.143129122395864 0.017252772437323 0.116423523245502 0.0578854859696878 0.132555073172295 0.108809415464667 0.149378230342638
0.183370822805685 0.123330607752268 0.0569196762638265 0.0574319482028918 0.168966155315171 0.00735522284687197 0.218689726798484 0.0996247709422949 0.0843110690725071
0.116757676510379 0.150731459402443 0.0238819781752117 0.200326504250662 0.0414731643515969 0.122036149844194 0.151893887576784 0.157002015196606 0.035897164692123
0.0763248724121857 0.178142462718931 0.0815930618742391 0.0595783869810033 0.130234572009614 0.167559719775001 3.12840350127511e-05 0.141576028742115 0.164959611451898
0.188357138508028 0.190756522517719 0.0677143260537622 0.0570785370501408 0.0317336019633853 0.172784847971637 0.0515051355857605 0.174493769692464 0.065576120657103
0.0329682659529705 0.195406073920001 0.0959135235739274 0.0629675710002085 0.175315837779779 0.108450894217224 0.139945816771891 0.124879235463247 0.0641527813207522
0.194485198185053 0.10741158068687 0.18437805629412 0.114370736425806 0.0291707766079672 0.00593917422257473 0.0602892084242377 0.13867187398146 0.165283395171911
0.123603111519083 0.0548661563958475 0.183855493610716 0.0194366218126355 0.0536576374215023 0.083067752896657 0.187133979138554 0.192368533232971 0.102010713972033
0.0847559572233075 0.202036123385264 0.0884074705750598 0.20991978937411 0.16163115768724 0.0516054822751848 0.0645412197630151 0.0537215988013586 0.0833812009154607
0.128700796824168 0.141405421139557 0.16726657436425 0.15313811259387 0.0770721522894127 0.0643503610985162 0.0480083001624147 0.121669119971355 0.0983891615564577
0.00764196124146745 0.163780862139764 0.126157288870443 0.119483568919262 0.0909793496286094 0.0881797305325695 0.1434202022193 0.149121427972469 0.111235608476115
0.137454159590807 0.00391001136200529 0.136568092570794 0.118178010413989 0.0284399201721667 0.0414729601443079 0.1218050929633 0.170775593457283 0.241396159325348
0.22216903278118 0.137278519259839 0.0572201599381075 0.00722629961633499 0.00973430241789124 0.140000312104204 0.0109632171832261 0.270625352036834 0.144782804662384
0.00690193916926368 0.231587208350742 0.00113166338439155 0.169758451915205 0.0805864885033036 0.176151312603934 0.10041796429229 0.112598717547291 0.120866254233579
0.0571362621168292 0.248483590072312 0.165737104906738 0.0728043839077056 0.0812776094823103 0.23178664894617 0.0260529812056187 0.0319381330051483 0.0847832863571683
0.07014480021164 0.0800264670471745 0.155077890849737 0.0722723606538036 0.1748376367564 0.18084898608615 0.173548758718091 0.0092033550673059 0.0840397446096968
0.213740125629979 0.200717394941481 0.200503494095535 0.0457876034114042 0.0521770012724657 0.0817947513362755 0.0572764927360827 0.0529843334637398 0.0950188031130364
0.149711546906219 0.1373950934639 0.00905562473192313 0.238743011505565 0.124180740761007 0.0476524920823112 0.0943933843552924 0.0274562735020638 0.171411832691719
0.17306635724548 0.0541550331307947 0.192143466968771 0.140252926403886 0.070301507968452 0.0205926071931624 0.0852421286596267 0.182601590146945 0.0816443822828825
0.08373197146837 0.220950997592581 0.00141245475919058 0.0974595552862749 0.202667206860733 0.118623988269079 0.147077596772944 0.016249533565866 0.111826695424962
0.0299222838700424 0.0613808331036791 0.0844096137453332 0.162396136258433 0.24223778574024 0.153582980319641 0.15233013354169 0.0464795164573944 0.0672607169635478
0.19040597877888 0.0591543875474394 0.204412791335681 0.203028261883055 0.0292026343915765 0.187275191552804 0.0098304351208179 0.0568919816506735 0.0597983377390715
0.104884800295401 0.196716363156467 0.0847405986210771 0.0161328810894885 0.181657554367048 0.0346654942165826 0.190583256510582 0.0846629806859739 0.105956071057381
0.115952412683507 0.151842486404633 0.164220510079971 0.110623001553152 0.0741756488544436 0.172026245973495 0.129816121916156 0.0148442204332248 0.0664993521014177
0.0921763787136745 0.177658665248511 0.142298061249871 0.0978579156475169 0.0923326475123585 0.169004392291504 0.000466987498652153 0.105554807239886 0.122650144598025
0.169967296919177 0.0815397682184674 0.149774808478159 0.0215204978406306 0.166834817294952 0.0741103135048012 0.134424018033329 0.0512511182425678 0.150577361467916
0.209746933212759 0.0383354896260797 0.210928164729174 0.0447705014145906 0.165595588494231 0.117150712375781 0.0669632999063217 0.100166547889362 0.0463427623517006
0.137710017499621 0.183060506277097 0.046762502546733 0.0433288393389809 0.16170454726969 0.112740434188059 0.0464478213849793 0.123284286701195 0.144961044793644
0.0872995537332855 0.12168592599611 0.0436318370788475 0.121391202119828 0.126075888456488 0.172998253658566 0.078623621019625 0.168738240031476 0.0795554779057729
0.196791380813523 0.0247947111182918 0.195131473892764 0.127228805678558 0.112018458176512 0.0815630078110654 0.120776967779268 0.0605991078080652 0.0810960869219527
0.125307291070672 0.229587376969384 0.0395744491839929 0.202588168939032 0.0500177920290429 0.0488311409776264 0.169059820329107 0.101045508247808 0.033988452253335
0.212550503409542 0.0753677670417762 0.109196068106518 0.0140249873943415 0.00454722968512412 0.117026715857799 0.00364195140106975 0.215777332032042 0.247867445071787
0.108066203260882 0.0230593729059698 0.200155938133563 0.140551551311445 0.150490029112535 0.00862311466975819 0.151541646718663 0.184942889465158 0.0325692544220273
