0.13143758760404 0.0485973634832074 0.100202498106116 0.229657876344649 0.191983668676534 0.0472564091853452 0.239004408529276 0.0118601880708329
0.128733213045181 0.144028795965912 0.129576794860528 0.0583310461068952 0.125841554302924 0.20288153688394 0.0877426753853044 0.122864383449315
0.274530196228253 0.123044737263771 0.177312084033858 0.0195280797886239 0.0796802786461362 0.109291426767268 0.116323864354754 0.100289332917336
0.231118283228535 0.0987513031188929 0.128900513535958 0.0227990366456588 0.164398720372444 0.0552828145283343 0.0859623250803939 0.212787003489783
0.00346554899055664 0.11105744661149 0.0800989524886538 0.211524515134679 0.0991384398097212 0.26699677257199 0.183146697639531 0.0445716267533777
0.180281243895024 0.0497433766931369 0.212670851681329 0.0458431863152654 0.149106806170842 0.254973824218457 0.0944602125532575 0.0129204984726873
0.000258294545392194 0.109146160871351 0.00489110335648543 0.196091939921297 0.10452480562337 0.0959399811503384 0.22658570992183 0.262562004609936
0.0162167315079377 0.119427634054713 0.171322785145447 0.00405334992256824 0.247818951341756 0.0973307389858599 0.0232093817903195 0.320620427251398
0.240533616490003 0.141651198056429 0.118256366282032 0.0810798898974399 0.112864782908112 0.172598142956659 0.105600233332832 0.0274157700764934
0.174689047088785 0.0599395251851252 0.183103262187417 0.00209859303298064 0.165912889157694 0.140916130942819 0.193762174043107 0.0795783783620718
0.29846046056161 0.173905933509968 0.0334798306019617 0.0264671328175279 0.0578382467926672 0.154993106361883 0.21460815183114 0.0402471375232411
0.201166483778306 0.0580569021465865 0.108695054737198 0.0803781673184449 0.00924653394149256 0.100253125640527 0.145396327912528 0.296807404524917
0.13207788634476 0.270486643424408 0.154439638939642 0.0538781633231012 0.196807415966125 0.0522479849282516 0.137284263841923 0.00277800323178976
0.0362753580330899 0.225272358010699 0.188274356341088 0.0932731744263195 0.228142465676278 0.0876279085727031 0.0086149446701414 0.132519434269682
0.113791293564102 0.205580860488731 0.0718805768760575 0.119572816250243 0.0387832833368525 0.0328077374927969 0.0419946993352443 0.375588732655973
0.0110903384370233 0.268490851016116 0.0123088897077537 0.252417404973059 0.0774690554553693 0.0480029069341255 0.273016781022725 0.0572037724538277
0.0777236481728916 0.186578615550451 0.0319811206233743 0.185658695590381 0.152845292615245 0.106237638876866 0.0204304695588157 0.238544519011976
0.106547134618962 0.0957863084466863 0.113828300537236 0.117269239204522 0.155057412298351 0.0507293921634547 0.183349501996725 0.177432710734064
0.0268949903596765 0.0980304177512243 0.132100071650055 0.0561189501435514 0.352361405276043 0.0685015295319644 0.0123012383577876 0.253691396929698
0.1570857766741 0.178871915605904 0.132879288568865 0.135915305879707 0.12044822473789 0.143953126651791 0.00688061835459408 0.123965743527149
0.22285615838247 0.0271534999638161 0.181329559971426 0.180848056224566 0.12576890658624 0.10783926524558 0.0249125055293364 0.129292048096566
0.155339073408266 0.137872070494745 0.133508486016048 0.120749981437807 0.0880872354764434 0.137205717937304 0.139017751201189 0.0882196840281992
0.0757265518719264 0.161308140791377 0.179117200607407 0.185659461596453 0.0577390504124245 0.069955942102631 0.220878586742618 0.0496150658751627
0.0843643451490688 0.19241109739115 0.232374617372837 0.17631918539831 0.0950628586930112 0.10373286380264 0.0880250340634645 0.0277099981295188
0.0942666087862895 0.152219243243835 0.148206080855405 0.0369878455563971 0.0758229720290093 0.149505380822925 0.267024794225756 0.0759670744803819
0.222030775584134 0.203466899178759 0.175120586075964 0.115476562492824 0.0306764738082338 0.0295108209878344 0.14186537300437 0.0818525088678806
0.20810833568956 0.173219084548132 0.216796715524355 0.190653514503749 0.0514033342172504 0.062048869462382 0.0352636683323508 0.062506477722221
0.0905771938429249 0.133849997280173 0.101798101409896 0.0562787632272644 0.0650925799186511 0.160628728859249 0.154647721326546 0.237126914135296
0.106045819886525 0.108423808678049 0.180457754770686 0.182472066155638 0.166113937755153 0.0261654003441733 0.0741522486241937 0.156168963785582
0.113865995475062 0.209610652324779 0.206531241335404 0.160715412688313 0.051832626527251 0.0529707131404381 0.103284262132918 0.101189096375836
0.0694619472483035 0.180883234168619 0.164662230012882 0.0687261889547148 0.0475613274626067 0.153604635332477 0.170684076052119 0.144416360768279
0.00557433877121274 0.227559997724627 0.0945292868432287 0.0403062135965235 0.21816533412638 0.0526744156199769 0.175702514809238 0.185487898508813
0.188557189978472 0.235544863892149 0.0437866325240964 0.0572826611047252 0.0419534395163134 0.0501601976781217 0.124958625187825 0.257756390118297
0.148792485553596 0.0995174126296423 0.152288222508883 0.0811980597225449 0.133982725556885 0.127571515939165 0.131315724488285 0.125333853600998
0.125242142720379 0.172656610799143 0.00994801106743118 0.124971212623635 0.112288239777354 0.162897099124975 0.16185990008586 0.130136783801222
0.155057067854627 0.0258181520882705 0.100454191776932 0.109931343459347 0.176184212128389 0.19024042162303 0.140162221738138 0.102152389331267
0.200683230687167 0.0702015013616347 0.145672453160604 0.11948409549626 0.154168116686004 0.190433036429875 0.0570803350847251 0.0622772310937297
0.0481554792499321 0.229065471898929 0.258531685012643 0.141284365339859 0.152633130985549 0.0282758631560019 0.115380928439147 0.0266730759179391
0.226655836057834 0.207040495848027 0.0959387515556946 0.0619970952447411 0.0447276923123079 0.0732229323476824 0.255827218455383 0.0345899781783296
0.0693943377689356 0.0433058487517597 0.113629129104488 0.221913985269229 0.0831039693564608 0.175579583233723 0.217830500706058 0.0752426458093466
0.0466195589591549 0.0738228039413144 0.20671827541767 0.175732901775364 0.120458558849382 0.248034832825984 0.114315779203501 0.0142972890276293
0.0860312217350107 0.0535732859046717 0.205247342750623 0.0159767462474659 0.159688405710317 0.195125406724642 0.139860916433853 0.144496674493416
0.221223645850794 0.230993072685585 0.0892211133828126 0.19975249608817 0.0802310185956636 0.0418715499998508 0.00800136323492918 0.128705740162196
0.118356800990383 0.0475206601516107 0.211068633601236 0.121611052878034 0.0884716424631113 0.222585251763855 0.0975072842678848 0.0928786738838853
0.11161619033712 0.141270053702011 0.125116330258916 0.166466582952331 0.0850827952194836 0.145637832596309 0.0344043690026904 0.19040584593114
0.185362678162337 0.113241731579859 0.142700643645831 0.16393507920512 0.190796450729937 0.10789703354708 0.0863508599999295 0.00971552312990637
0.132103237589797 0.0513053129634312 0.0743881440852636 0.136029577301952 0.196708961594779 0.286730770453674 0.0622343595956275 0.0604996364154759
0.0480371510028859 0.171655836750049 0.198007599981904 0.208815531922322 0.140852599609305 0.0681115226175517 0.0657968260340337 0.098722932081949
0.0501075047697544 0.195026579829773 0.209644040397579 0.0959368464610692 0.0554472723393038 0.0693084022237641 0.10831683314423 0.216212520834527
0.138459901679354 0.0654228389854448 0.200026591525725 0.124662545793167 0.149069089908984 0.119743024229327 0.0885662940606013 0.114049713817396
0.0443353838070713 0.0999177553621173 0.158791035801339 0.21258484906641 0.00458923018185428 0.10230841254941 0.151189674455072 0.226283658776725
0.0208980554276284 0.21804025696278 0.160213833406167 0.0966752328645206 0.0521208937276973 0.189559544509731 0.136846794284142 0.125645388817333
0.0347447797900013 0.218716330034993 0.195467029264612 0.1217976503424 0.0565301714618945 0.0231543853216914 0.223411667671599 0.126177986112809
0.183127134792007 0.198083051380313 0.0540702405644407 0.0458285903563867 0.200273900127315 0.00754133557319029 0.166302729238792 0.144773017967555
0.198683195566242 0.158320631774831 0.051362775998346 0.020394723110855 0.230532437937957 0.176762482571137 0.0780067465168997 0.0859370065237311
0.00904740336215526 0.133814820134402 0.169917039706335 0.155272000870356 0.160049786809152 0.16363598255315 0.101832345022827 0.106430621541623
0.16820601241821 0.198751689149575 0.0718080934120986 0.22396419382168 0.164077535433831 0.0484995745755403 0.114241609110065 0.0104512920790011
0.0866712591497945 0.0268314133777522 0.0636939144429665 0.22371428460571 0.178918906880534 0.0875986523846862 0.0961490215053957 0.236422547653161
0.104363528535156 0.15742552626862 0.131380520149899 0.0873974707974494 0.138623196869997 0.164300613996109 0.0951858377690562 0.121323305613712
0.165346477203428 0.135910984339535 0.106936988007996 0.126333883358257 0.0853857122704214 0.0334437887169727 0.18094194297386 0.16570022312953
0.225143895685129 0.176011842218612 0.174392649352612 0.150578231760657 0.00468252211010509 0.143889076394038 0.0848150140309571 0.04048676844789
0.0497687768029598 0.2180636595143 0.0740867191001519 0.125599199965423 0.17862879016562 0.036300661560271 0.114520670731592 0.203031522159682
0.349466247961834 0.0201700289891528 0.0566069739446783 0.255728884506538 0.0151630189133668 0.0597422195893921 0.0192780038172098 0.223844622277828
0.151768716418461 0.0932965956060394 0.114392331898797 0.0645746342914708 0.222973160406166 0.152921669434087 0.048602247002746 0.151470644942233
0.0211619899953344 0.0259866222498884 0.170533140678202 0.190398094145941 0.157823726454449 0.235180011139977 0.0858781893136793 0.113038226022528
0.0167982370301994 0.077953225166081 0.242727243923084 0.260888126246886 0.0527410722758472 0.0848072050338908 0.107901837556985 0.156183052767027
0.0142863867865957 0.0620449304158229 0.152781679759582 0.11657224143753 0.179036086610572 0.133508111252081 0.178118519297956 0.163652044439861
0.0346839442188936 0.260602154110099 0.116427214716277 0.19185825187532 0.0846388439300601 0.0990815092571831 0.13089298374245 0.0818150981497162
0.0436080201260169 0.233371091471284 0.142024843790575 0.101052619193394 0.196014012067683 0.0179264593757626 0.0793703129040523 0.186632641071232
0.0856840201064868 0.193647695013601 0.105476833525187 0.0246360609535824 0.175210540165741 0.115382505193534 0.254895175016916 0.0450671700249515
0.109867327715363 0.20777358047189 0.0847090764015457 0.110291794508857 0.15469945432169 0.0913320324955555 0.167468567409055 0.073858166676044
0.00410480225629271 0.1786904738338 0.140585898609293 0.0210007776516787 0.0984002506742245 0.136986458103325 0.249250578068019 0.170980760803367
0.0753739684839376 0.0224201007093291 0.436941295769215 0.115052458775144 0.0702370444800841 0.0391966784908608 0.13023374037824 0.11054471291319
0.0258834100171185 0.147192748846188 0.241013676916933 0.0248572000052738 0.352508709989842 0.178643991067682 0.026006308419547 0.00389395473741598
0.0697038411182251 0.0475909391395376 0.201936560484695 0.0851648288041936 0.236692998251498 0.159752558040732 0.175856846477224 0.0233014276838939
0.0572793715313183 0.234439989961344 0.129569956114337 0.240226056768399 0.0453382390318759 0.0586048399983326 0.157965313500722 0.0765762330936713
0.200461075914933 0.0856104957844508 0.168582594988644 0.147354594304664 0.139150334796021 0.11325020465355 0.0554569151084611 0.0901337844492765
0.0771398609197179 0.183700919401941 0.163198290444764 0.156983644647982 0.0883048090053852 0.120794137360835 0.199160226885607 0.0107181113337682
0.0195473423648129 0.196951510098084 0.107166241631045 0.13910981751947 0.0129584714689008 0.266146654485508 0.239141008248702 0.018978954183477
0.0116778422328315 0.0570802932504016 0.276097425455531 0.0940908626630833 0.191210124198074 0.0200829577421863 0.112563800997791 0.237196693460101
0.160769810511595 0.0134034870369785 0.217911690702439 0.041552673290536 0.20293632025116 0.114595876648263 0.0968378237577216 0.151992317801307
0.0412284849765711 0.238554521025298 0.179210942611252 0.0890552998204847 0.135441419376731 0.150910666648032 0.113659367247417 0.0519392982942138
0.135008463199809 0.0624366922314255 0.149467453069694 0.114924256260174 0.126468659297668 0.14019489830272 0.123665068554891 0.147834509083619
0.159655397220722 0.0286565014898514 0.0157647165461929 0.161885850688661 0.174875709650805 0.172884525805692 0.148799702490174 0.137477596107902
0.239586352497466 0.0597671794571916 0.016621619628976 0.286296376244355 0.00453391823181948 0.196457933067026 0.133544996700898 0.0631916241722672
0.169834502853236 0.21963509176556 0.16752668845066 0.199453583320436 0.211126870048418 0.00579830715185266 0.00657233737969733 0.0200526190301392
0.165677822863349 0.034763221611178 0.00153475720221739 0.200323451696582 0.151506779989827 0.168275457422525 0.120032883400125 0.157885625814196
0.128739946265784 0.114819867198515 0.214610581922589 0.0500200002441615 0.210759664271008 0.0828544459158654 0.0293647946717196 0.168830699510358
0.070171350091015 0.0607801361829649 0.140064544412641 0.0590410427658244 0.132392551020336 0.128225267229742 0.208705171138143 0.200619937159333
0.0966932725651955 0.224920740729331 0.200221686496383 0.00426123867712999 0.0761152559412038 0.0403363701769409 0.139555149232806 0.21789628618101
0.17372712868921 0.0915566806644557 0.022319196601134 0.0898451843542962 0.133900712048587 0.138148253452334 0.317353887190959 0.033148956999024
4.5149018371457e-05 0.135106097601394 0.123347508809504 0.185308400880027 0.0411483408246457 0.204699430945173 0.141733214706876 0.168611857214009
0.0487502623343014 0.156078983433288 0.177580247919694 0.112058509604012 0.000374744355684383 0.285619125946908 0.0645838439698039 0.154954282436308
0.0361840757134659 0.188678670729307 0.153156882097212 0.123450976444577 0.182889719151565 0.0968162049427109 0.000646292467281022 0.218177178453881
0.0781838873443795 0.210784583795583 0.0507049881457874 0.231364749750889 0.263411842861941 0.00956024071107864 0.0483143452499396 0.107675362140402
0.279509390039658 0.0912915071057839 0.187617617245099 0.0811840564770517 0.0541735344215087 0.0675861412917449 0.124020889112704 0.11461686430645
0.174991144874206 0.0894842170796994 0.203166086576656 0.0533590401681886 0.243630884366085 0.0523148397430004 0.0399173612261729 0.143136425965992
0.119431525049185 0.194512798047835 0.00162905237924428 0.152525108426267 0.232983502703494 0.0789260327426338 0.127400926104172 0.0925910545471698
0.0857837566328126 0.0152721479503206 0.143631004238188 0.238423259317151 0.0519538667141062 0.0464515970216573 0.199827855391697 0.218656512734068
0.074332016598812 0.248259964704909 0.0422806852754589 0.266208431836156 0.184224464317245 0.00853008605299045 0.114622643249038 0.0615417079653906
0.0696775218213691 0.0781561673376574 0.190935666644705 0.173067108423327 0.0532082238180223 0.160075862787885 0.130658573327798 0.144220875839236
0.123054157961741 0.0281950343383827 0.142150353571945 0.278856659032026 0.0161302462350753 0.211565052180049 0.133378873339898 0.0666696233408829
0.162082945537369 0.133238171683081 0.108753437075526 0.147357723760765 0.171516884078326 0.0833275328169767 0.097026219569023 0.0966970854789329
0.121951311748163 0.0828439568875156 0.166556445319866 0.0682209580938853 0.0886607644245304 0.149597919163981 0.266076920467203 0.0560917238948549
0.117989496208182 0.163739565686143 0.000324766428419916 0.183194668277362 0.134873143944983 0.195082326998945 0.194382340236627 0.0104136922193372
0.00826828636461418 0.194485023735194 0.141131119183905 0.192750295565318 0.169226821731704 0.21555528769583 0.0315549645036234 0.0470282012198121
0.150298997553799 0.230495203460073 0.130392045976057 0.00663955494766834 0.237933798964349 0.0853768763589609 0.0499976888470671 0.108865833892026
0.0650550693684338 0.223406749918959 0.13608953513171 0.14633039671163 0.0750223883916073 0.0480205128497946 0.116132133573362 0.189943214054503
0.225020995926332 0.140563830499308 0.126169984195996 0.105448232705128 0.119379190462984 0.0756377490795521 0.0968176034683593 0.110962413662341
0.0389722128731158 0.0828393137585504 0.215150294839931 0.121230874517607 0.144604444811669 0.126209109317914 0.167368410067856 0.103625339813356
0.201426452066191 0.23838952570122 0.166580821138411 0.108219938258399 0.0117986919938731 0.00406936049467384 0.0812193682667163 0.188295842080515
0.162702914002474 0.274284319599797 0.177616134483402 0.228297618934861 0.0335109790707345 0.0294390390571207 0.0588410697102931 0.035307925141317
0.010689753297996 0.202504132373389 0.212790646089341 0.0404602172442491 0.115316581729513 0.138890163587251 0.0406482287134616 0.238700276964799
0.00411011172280664 0.246776043640377 0.249997557206852 0.0944426783794156 0.0593661673021175 0.17427816399851 0.0913177826433745 0.0797114951065465
0.131586700456747 0.0668697064273999 0.118890072941734 0.214164359010629 0.191471426854823 0.140801997575551 0.0568619778077071 0.0793537589254088
0.0330444184286519 0.104971946672689 0.155245502381715 0.109005543442083 0.0994375127192052 0.22616418103732 0.246133830128823 0.0259970651895119
0.168999856818023 0.077430509587997 0.0116617708297301 0.272069583109032 0.108921296155653 0.0560206318485017 0.16343771638739 0.141458635263673
0.151845200875481 0.0267926585253282 0.00154394834671905 0.176500597651092 0.140521738826942 0.0833050700550814 0.276149776871604 0.143341008847753
0.0332857807120062 0.0184508676625775 0.044831417490769 0.254592334130396 0.281533797885051 0.0686900232880074 0.0290255310751103 0.269590247756082
0.136727983138811 0.157018723983961 0.0548224684112844 0.198556543996338 0.0735695237308281 0.169914633910547 0.208470952553979 0.00091917027425198
0.0692358700952433 0.176712442562832 0.133501786488683 0.0986750457000445 0.15395554765815 0.151834906322061 0.113622493484825 0.10246190768816
0.0298334852612595 0.172345755884041 0.158185634649239 0.218321500421054 0.0011182050584188 0.199826530695273 0.126431283055561 0.0939376049751541
0.200963554654658 0.1600428311762 0.0145516470629906 0.241067290630023 0.134650587649938 0.132758699787322 0.0436329217542397 0.0723324672846283
0.0525397069308516 0.132837355559943 0.124765185671519 0.149145348397757 0.14892749965082 0.26983365787184 0.0690734056475351 0.0528778402697344
0.0478822368939674 0.0832842554204248 0.168295339818096 0.194780265280163 0.188393602132548 0.127035513402603 0.0615756702244224 0.128753116827776
0.0766941734321866 0.0865307686435626 0.207815961442577 0.0472422476472799 0.190044136026011 0.0870988947944844 0.101416549492426 0.203157268521471
0.175931990487454 0.10170433813738 0.0542695464968794 0.188283509303789 0.145312547539083 0.18832980180153 0.0244756423365083 0.121692623897377
0.235358015782487 0.16503032034132 0.0217733308898598 0.0882189746175425 0.227297206312741 0.0659662920039229 0.0281920965114796 0.168163763540647
0.19355133009734 0.144333475035771 0.0737830789618846 0.116167390921326 0.209206265677048 0.0771916487389731 0.0483034637805627 0.137463346787095
0.104870685230495 0.110068176673011 0.168072462268224 0.0553801194511621 0.17521286423786 0.108063006772877 0.0847232096293413 0.19360947573703
0.0871684852014167 0.00183255872525986 0.125373711401761 0.137100910470686 0.0332096454848511 0.227137471617785 0.249345936308494 0.138831280789747
0.0106914122319978 0.0300712728984447 0.206232352257634 0.150008635434562 0.162417330883438 0.190100747665231 0.0557037027948128 0.19477454583388
0.123748845489065 0.126117027071475 0.128159166591972 0.0836243103628445 0.102468052412185 0.131670670044793 0.13726028377196 0.166951644255706
0.0257534832136068 0.0867389751546346 0.134521929907406 0.240842817936559 0.208592658050962 0.243830802078955 0.0437871917703339 0.0159321418875435
0.0722795912144034 0.177483500661277 0.0290463035117837 0.0215843360154735 0.223152506656976 0.141815463344165 0.19323485640658 0.141403442189342
0.0427320169673386 0.23019808131496 0.0816950286336827 0.307578196760394 0.158100885721718 0.0983955211789934 0.032578039010936 0.0487222304119763
0.0380764796753793 0.0040851905311583 0.253344317436803 0.0389279282688303 0.0350938921084632 0.249777606436955 0.189227035339071 0.191467550203339
0.135961401991178 0.193276284287957 0.131629231537232 0.0931128945683568 0.0936294292446175 0.252135616068255 0.0135223337457679 0.0867328085566352
0.0777056835862511 0.204765863581925 0.035507360908134 0.167187845694313 0.229959423914752 0.0247266415158689 0.198990942268733 0.061156238530023
0.176653600242808 0.178518181375591 0.114513599927834 0.149438889118742 0.142181302270381 0.140351622910938 0.0597809559378694 0.0385618482158371
0.121408832951292 0.0769686744857271 0.165362754660725 0.0888587599528766 0.11585628475217 0.158500066170614 0.120748428939752 0.152296198086844
0.0544109009681084 0.125983147566202 0.154117836307069 0.09187968467966 0.12386769619278 0.211409718936857 0.0544835715078183 0.183847443841505
0.12761373375154 0.148646005449172 0.0434368298581493 0.157884815229013 0.100813498709226 0.109252452250358 0.162686644902181 0.149666019850361
0.135415276728443 0.0831552072318457 0.13993101028121 0.0546197920452226 0.130573029880912 0.128408620815164 0.137868170447382 0.190028892569821
0.172719478798795 0.0637511239715721 0.0550684529093198 0.167738133243486 0.114005118651761 0.146901797053965 0.132330844886091 0.14748505048501
0.202324599969959 0.019796771560049 0.204804711026338 0.133465110870679 0.0572861070691797 0.0496075202245642 0.272879375293268 0.0598358039859631
0.269548336478554 0.0266921839028363 0.129227958989859 0.074431413934471 0.17926562464974 0.0455018596091317 0.0656769942942301 0.209655628141177
0.170073886681172 0.0657526922625766 0.053433778674994 0.170929323190343 0.166959144991181 0.078143488192502 0.153119236000953 0.141588450006279
0.149489945978996 0.177256886475077 0.190567328910171 0.121709522095591 0.127987990436498 0.0189734046002514 0.138849563146416 0.0751653583570003
0.0416760965766655 0.17109800199867 0.174316699414909 0.0701067476173124 0.0280136472291798 0.255215729961366 0.0806368879399342 0.178936189261964
0.141268453131115 0.157384261294128 0.141607910018981 0.107220001206738 0.138299481005123 0.147054030487869 0.114070169346687 0.053095693509359
0.0342797116977739 0.146078778446888 0.0242407001196161 0.0975010169382552 0.143339370390687 0.199491634350194 0.141564623552835 0.213504164503752
0.11196696457581 0.113236952984974 0.112256927521816 0.159436875972352 0.180893250800408 0.0854767403810286 0.0788149504626341 0.157917337300977
0.0144562326173669 0.0563421140040199 0.142109002276379 0.229919108696457 0.0336921676318298 0.171769526948576 0.0760828313744552 0.275629016450917
0.207542448280171 0.0684486696389282 0.127175595125298 0.222726312441341 0.0617680936178348 0.0836572325441578 0.222817771624405 0.00586387672786437
0.179479161427501 0.0648525419472908 0.1886254639615 0.140452806068298 0.00731163967313647 0.134524723508973 0.160094128035334 0.124659535377966
0.159506548560066 0.140817583958407 0.0336176412797056 0.0683335959656475 0.16006446936368 0.0339664257434156 0.204449022860477 0.199244712268601
0.164848970344905 0.00616575243047152 0.223651721982649 0.256818328276463 0.175431533880899 0.0761074316600448 0.000795793114877501 0.096180468309691
0.217021503206696 0.0718685262153899 0.0436661510902145 0.167619673203576 0.217727313338692 0.099609779153661 0.10796278960189 0.0745242641898803
0.142976410487827 0.174586701254355 0.100148742779804 0.129355798058364 0.156726437238902 0.0674288236232963 0.106283363144549 0.122493723412903
0.169556265167132 0.0770320823597068 0.169706214235111 0.0823657981667903 0.0486215143346199 0.145108932811664 0.170339109408962 0.137270083516014
0.098538272411191 0.177826577436701 0.0236077078535314 0.0209322487412516 0.0940162218064963 0.0968981622662973 0.239315571516922 0.248865237967609
0.0834045837854194 0.113313130757556 0.175660693907857 0.145114769907086 0.22040979838808 0.0934238251425789 0.0968590095655118 0.0718141885459117
0.167252850563971 0.115841097582997 0.298302512813279 0.110556030297646 0.0326812131859553 0.045320165463045 0.229204987673713 0.00084114241939323
0.0455086677914715 0.119875276938028 0.0105313041862462 0.210748211875757 0.195236771868085 0.05527912914105 0.127464611153199 0.235356027046164
0.273926548430978 0.282970454874387 0.118924222257555 0.0390834135885161 0.101671825252745 0.0955891753177979 0.0753080841776459 0.0125262761003754
0.0201763399891043 0.128369590020928 0.0346798849833436 0.232003710809771 0.183111881897375 0.137719308302608 0.175442387386225 0.0884968966106452
0.315581156847867 0.0291567821154877 0.11770692484469 0.233978846130591 0.162795487936318 0.0386624236666182 0.0647223127537397 0.0373960657046885
0.0934009295263289 0.00947971146402179 0.143294022111011 0.0542402258207652 0.274228549806736 0.209116975282568 0.193656412246123 0.0225831737424453
0.0110624631964419 0.186743190726318 0.185606446333914 0.043775385475152 0.109758267777225 0.177792810540152 0.0924203801759399 0.192841055774857
0.084554716871805 0.200946798081338 0.191058071400478 0.0116721885003051 0.182162026605051 0.0712405394867744 0.17508870201676 0.0832769570374881
0.0477463953955058 0.211639901826107 0.164615107417836 0.200717050359725 0.0324088390047977 0.0284719206555327 0.126770780375233 0.187630004965263
0.0258398182074225 0.221087590223428 0.15798266695768 0.122861423185065 0.158030077192744 0.0293426758846359 0.198688869933991 0.0861668784150329
0.030407699053995 0.25744595062489 0.121918329342109 0.242910054830505 0.014829198900431 0.0354271426378781 0.193868878756332 0.103192745853861
0.168638609973762 0.153846944769981 0.0741198645816229 0.209901236696724 0.0983300105290137 0.0604879914087786 0.0397479117725395 0.194927430267577
0.180349507605892 0.051117813187046 0.0113114253582021 0.236268702134028 0.103341262141847 0.0870911276993246 0.133592754832191 0.19692740704147
0.0599259269201608 0.0442012932902222 0.0262143039404943 0.00829841809632769 0.0661053324350508 0.268323026899736 0.280932504630031 0.245999193787977
0.132521842101141 0.0378644774668173 0.205339159421569 0.0760863504542753 0.151344081443067 0.174352392743436 0.0765792011574911 0.145912495212204
0.160404995062641 0.125967851118847 0.189206489919201 0.0619341358464796 0.141571147519839 0.121704533847784 0.0985672119497624 0.100643634735446
0.0279906412220058 0.208367275204124 0.0205069641756617 0.132504855986167 0.128836695658677 0.243069900592501 0.103730982611836 0.134992684549027
0.160687184922785 0.277464092116081 0.104519422554175 0.137710755332369 0.0018759003502521 0.0484565615568913 0.232308709628834 0.0369773735386116
0.234759976300032 0.0128288384667898 0.0247033689532942 0.0106632532887827 0.258241170255829 0.198527669493966 0.183109696469864 0.0771660267714425
0.0221717587091211 0.216425189859454 0.141297875417548 0.0240777578192685 0.0129818045372891 0.24610937853477 0.253709876722695 0.0832263583998551
0.00968310941219864 0.0174407378486786 0.26098551150732 0.0620703854503208 0.084448620705618 0.331297930550897 0.205420565083507 0.0286531394414603
0.00401616444550807 0.00239673908442719 0.156278563101341 0.0449759112843724 0.0455106246631008 0.236891715257841 0.186566898589281 0.323363383574129
0.123993916394697 0.173413293270265 0.0457874786300968 0.216471526679453 0.0744668546999861 0.12005448955526 0.184306885202029 0.0615055555682134
0.123954894129654 0.121336634443174 0.0475297506999149 0.0190858091902806 0.146203528286902 0.183105322311909 0.163872406854042 0.194911654084124
0.188821788735512 0.190322333269735 0.0932744573460821 0.0937077742468959 0.140798559954857 0.0993495700379859 0.163398819855674 0.0303266965532577
0.18515563683555 0.176867931097431 0.0322455707779111 0.0156290514979007 0.21280045905133 0.141438903741835 0.211481800302412 0.0243806466956308
0.127812210114048 0.129591762265248 0.240440691853434 0.0620991148614165 0.156247919407496 0.0738260135020939 0.0383418844673361 0.171640403528927
0.083563327418439 0.156680379165037 0.112961233611591 0.169757663530664 0.209097517836625 0.116290334950686 0.14500839463213 0.00664114885482829
0.165353465149525 0.179774020897623 0.0113299172065076 0.223360277835177 0.121600333905665 0.152823504397363 0.0406952545379726 0.105063226070167
0.226496654656949 0.155965993176294 0.016512270169598 0.093701022387574 0.227309684780604 0.0851669073232415 0.0476905849974324 0.147156882508308
0.308067102792829 0.00163097982095773 0.0438271777682038 0.0477673973450628 0.1472516186378 0.0676580626748859 0.128408198298928 0.255389462661333
0.202402406772479 0.15012002621955 0.130432858194927 0.00132073227152473 0.0689032207314557 0.147443794281138 0.113817855767492 0.185559105761434
0.00491861282768545 0.0978257619894915 0.155801930481545 0.228649124833942 0.168504995849398 0.122878391275078 0.040442109423755 0.180979073319104
0.0266415753087788 0.160337226795155 0.210813614138172 0.0987324930966137 0.018985004539042 0.289955914455298 0.100946102683665 0.0935880689832744
0.160852959661069 0.0601689052677689 0.124910324787358 0.209719458562781 0.0907301752929202 0.0295920584473831 0.138444871571071 0.185581246409649
0.03795812462054 0.113474044738602 0.153806914750161 0.197146681151375 0.186212710829094 0.0272856335071896 0.190162604828884 0.0939532855741542
0.181443851861641 0.0166351456924801 0.0849899764761403 0.139303323296392 0.185960280474667 0.174060106818515 0.0318880464784531 0.185719268901712
0.106742255475191 0.137137165511706 0.0109135661045969 0.127148749930158 0.153875709899615 0.177854510317361 0.108648956679008 0.177679086082363
0.0710981780343055 0.208123493125296 0.211421643667432 0.088179103592645 0.0404909389142483 0.211267128986381 0.168258075343781 0.00116143833591054
0.0431171714203795 0.0981162935526598 0.267575840938865 0.238795791385986 0.151756507516723 0.0898401608566012 0.0756033403727867 0.035194893955999
0.27965287458695 0.0123915647922023 0.230627535474262 0.129260192397991 0.0422444012642895 0.00715155297227953 0.129371027413519 0.169300851098507
0.0169554170888284 0.228657028149223 0.0280119617564001 0.0694604600343936 0.241310855980288 0.0733663265291888 0.17701486780696 0.165223082654719
0.00130783040464767 0.117351724595134 0.192786373220253 0.00910297056887967 0.197623403393674 0.217200620079744 0.12161886913059 0.143008208607077
0.105824207770085 0.177610491426929 0.090326408608534 0.079161589409274 0.18229090878419 0.216233053182072 0.0787921572285366 0.0697611835903798
0.0380152604650586 0.0677975262446799 0.148734516802968 0.0699082572227747 0.198382971756762 0.102810615531714 0.195662828922061 0.178688023053982
0.255361816900348 0.0337190685466519 0.0386225860500064 0.0982888327887835 0.214187514902936 0.205231378113797 0.103497171629348 0.0510916310681291
0.201207541188428 0.0674532061159571 0.201207325823349 0.0563924273766928 0.0122464698467732 0.258152758465601 0.127922581308917 0.0754176898742823
0.191225301332713 0.0188575168566354 0.171301765104036 0.0403891691730191 0.0682767199535334 0.117606785736767 0.22681543716415 0.165527304679147
0.0695462440225716 0.241560967409775 0.229766320495566 0.0489683807361342 0.0555722645481299 0.0847913560130543 0.224278159187085 0.0455163075876845
0.144288492570774 0.15456079765961 0.155408820426268 0.141094487280344 0.0383359191468904 0.101948626997526 0.106496689098193 0.157866166820395
0.226997899847559 0.0342449259790787 0.182932217858451 0.232069379667964 0.0690505210686835 0.0191602350938312 0.221457985708498 0.0140868347759338
0.149678661991681 0.122135789698299 0.224218249695793 0.137601137544413 0.162628081013628 0.0445744110368745 0.102519929338495 0.0566437396808162
0.101118315459252 0.0979727517634964 0.203369848664942 0.219123862752897 0.0535501241100973 0.136861703023295 0.0627846336415643 0.125218760584456
0.096157072865768 0.123088703604512 0.116589135431006 0.146669386240752 0.148424149659077 0.106706760545201 0.142521952430816 0.119842839222868
0.200449006800243 0.0620627183110121 0.0152425914479579 0.18627363786342 0.0797077790657962 0.153821084753385 0.0832938672443625 0.219149314513823
0.252741180343835 0.0132986376161543 0.000661037079762633 0.0786506511320057 0.234895483098965 0.197995433109139 0.0590602698998674 0.16269730772027
0.211592795777708 0.0255487531740454 0.124810198534365 0.142953236753602 0.10694904775944 0.193477023879827 0.0609179820782251 0.133750962042788
0.053074967201365 0.0442621762872913 0.223063188309007 0.141898859154521 0.146744606326676 0.0273134575491723 0.30592941690379 0.0577133282681781
0.0148815925438483 0.0419888748130196 0.161937116289384 0.191001533049426 0.127795937462786 0.118393021104439 0.176861778449064 0.167140146288034
0.279976294709512 0.000307966354633198 0.210416908618072 0.0289013173936446 0.239911229544385 0.14549818858088 0.0121649962133133 0.0828230985855592
0.146467543583344 0.140289151033758 0.0821668464897566 0.101440654943677 0.193571825642442 0.139487702859917 0.160175799964286 0.0364004754828191
0.0579012300118498 0.261714751030517 0.237407863442387 0.108979251131249 0.0405368425587313 0.204650830183667 0.013243405327746 0.0755658263138524
0.244891504515753 0.0491339839624657 0.234703822665667 0.0733032597192892 0.109237336435469 0.0340470027129658 0.107258519246686 0.147424570741704
0.141497079933292 0.12621486203519 0.209108630786439 0.13595732232592 0.120290292837954 0.00712463203132647 0.0533128273839679 0.20649435266591
0.155345491569379 0.219805821239663 0.107176370545322 0.180892884238486 0.143402723611985 0.129263841265668 0.0345195701890771 0.0295932973404199
0.0123019091288096 0.0936890802375671 0.131310166797519 0.134810242404882 0.251920590588405 0.153290153177797 0.0793276465250705 0.143350211139951
0.121051736618574 0.152705901314908 0.0206077864424407 0.134497903605647 0.158585733807505 0.18515161804088 0.114035451813224 0.113363868356821
0.0983755363680523 0.0739687260784683 0.16510295568697 0.150105365556571 0.106194640138219 0.109525410210528 0.107839743509835 0.188887622451357
0.169489389058197 0.110537345469605 0.201621549566414 0.0401036545014767 0.202561260132302 0.0415320453047065 0.0622739049093381 0.171880851057961
0.0784824617213653 0.152120590775339 0.111952430782653 0.0490254122622632 0.137770781693634 0.0748488343236068 0.266098022293302 0.129701466147837
0.186311782316876 0.165728276389784 0.104827267757887 0.0384823717718496 0.183663747434458 0.147186723034891 0.139944927028728 0.0338549042655265
0.0589355722446239 0.0880435858568049 0.203288446368889 0.148032201863233 0.048462337312257 0.0585989970646531 0.199258410468881 0.195380448820658
0.129032221948682 0.163018772317427 0.112419884219199 0.126881401142525 0.0788273384090821 0.110508871574652 0.145902099997587 0.133409410390846
0.0501792843259816 0.220608478091059 0.210428907122246 0.110715359416297 0.160494314914771 0.0378489208818982 0.0415772532913071 0.16814748195644
0.168915615222043 0.172547322731572 0.117287477607914 0.0605613986738855 0.174052802110005 0.0634854008427061 0.0892445570344195 0.153905425777455
0.19244657335008 0.0164169028710678 0.103189060955846 0.211482040320236 0.0931628737802128 0.163505792651565 0.16373188691487 0.0560648691561219
0.0126375825191042 0.0298829902231322 0.0152640076165719 0.116731111149293 0.223416871512289 0.260169470542527 0.201820043271501 0.140077923165582
0.0324954120810341 0.0959145196457831 0.20602012911776 0.10440757495792 0.0667886725049196 0.166554858324363 0.0293975580076191 0.298421275360601
0.100565456687645 0.0484777574476816 0.115758200200484 0.0845307213019775 0.176993066838624 0.148829532112732 0.159538014773292 0.165307250637564
0.107116870170773 0.083767668254197 0.184632643256506 0.0122899056756536 0.0299006724230136 0.288074577464297 0.144177866474541 0.150039796281019
0.141907022293808 0.0231939398137604 0.142602993162061 0.0443024143962065 0.189141511856224 0.157656483371637 0.159339964367423 0.14185567073888
0.000203993667806679 0.169951380808386 0.0969451329623295 0.143869817311516 0.142283516234725 0.251698630256691 0.109193910471888 0.0858536182866583
0.234067697112329 0.238634584775608 0.183748351551646 0.152553971878827 0.0578701812179274 0.0657551465606918 0.0113598365269903 0.0560102303759803
0.178325030016782 0.138046928973712 0.16006144098218 0.0903650867719794 0.0091854503641531 0.17730831455927 0.070112761994316 0.176594986337608
0.0120736579663311 0.215758450668761 0.183400293700451 0.0718301405733022 0.139770013838011 0.176643710680196 0.123589348924891 0.0769343836480567
0.167058084341079 0.0525230083033168 0.0276175836744801 0.332193734322096 0.0910122210210455 0.159013915481742 0.0974437871941039 0.0731376656621366
0.151922698212759 0.163643157046686 0.166812717185425 0.0653623597633093 0.136192705603077 0.0778358906660893 0.176147718155605 0.0620827533670497
0.171349491486312 0.104817067071023 0.0588653372845153 0.10742396182852 0.11550272842141 0.223738462024747 0.152923282992086 0.0653796688913873
0.128329721917536 0.145764575500733 0.14464435187968 0.100687318230174 0.0741911862765217 0.195792270621084 0.146897352285902 0.0636932232883701
0.145377944718938 0.242273306157133 0.116445391282641 0.166351092749809 0.20409118819591 0.0608508568721074 0.0444580530882829 0.0201521669351789
0.161923257188004 0.189353301789027 0.0277225201049569 0.122835736918305 0.157109710229362 0.0729823355257442 0.0473990724929193 0.220674065751682
0.135776542786607 0.0454509794106034 0.181201695665525 0.102021777577559 0.0264998325843885 0.212465245862591 0.202247173061132 0.0943367530515945
0.135171784858035 0.0359829760774293 0.0272584601638193 0.174339486678096 0.268731944791946 0.221787842382433 0.11462891254053 0.0220985925077112
0.204777860176025 0.159989145077413 0.0711915352941264 0.0726740354135799 0.22944849892456 0.0720351469568394 0.0823848399390731 0.107498938218383
0.186512977154234 0.0551132252192324 0.21354088595828 0.0114138637230065 0.140722107528084 0.123718957968084 0.201059566940375 0.0679184155087045
0.194590775859695 0.103980120235842 0.188146247043339 0.1127267776676 0.104121582532696 0.118148236630349 0.0338050069733951 0.144481253057084
0.260628772605691 0.0451266908220858 0.0941337225540399 0.116762063067694 0.0668851723736701 0.195350118298949 0.178336941087268 0.0427765191906029
0.0778074280176917 0.154583399411816 0.111855296346475 0.101226625624923 0.0745101565137211 0.142295855362527 0.226150654590365 0.11157058413248
0.0789003675798549 0.0934060354725848 0.162025348839199 0.034376106358501 0.205981922549647 0.20832969715869 0.176176463189003 0.0408040588525205
0.126973376803091 0.114725763289169 0.270191514787697 0.217675658609225 0.10834160405919 0.058410152164166 0.0778552200359909 0.0258267102514702
0.0479546408896474 0.0821497554448785 0.198036963702132 0.175613341713279 0.039688951847331 0.119027487970192 0.0749778981528969 0.262550960279643
0.00918526739336156 0.0982165861514867 0.198126163740967 0.151002234597516 0.164445298091394 0.171784963549026 0.111594729694615 0.0956447567816334
0.161691045639994 0.178660685725461 0.0052551749324076 0.2202239402862 0.00289264238450865 0.151237832643771 0.217021778176945 0.0630169002107126
0.117676616573396 0.138428375605012 0.0978431648163747 0.054825017256711 0.135226214505075 0.21161831607446 0.178841291429379 0.0655410037395926
0.271273878600379 0.0212171571801139 0.162583646581541 0.0225355871486366 0.152753811012751 0.119962976594883 0.18116222542437 0.0685107174573252
0.22784607047647 0.0276157566395711 0.0181218522069274 0.102443531032547 0.186586841762989 0.250067278416599 0.186912954093738 0.0004057153711592
0.0766656433313301 0.0793554225102675 0.0165439925411669 0.214678262575882 0.211017553759532 0.197546119733836 0.172151883395498 0.0320411221524879
0.113865241398415 0.220109425071762 0.00315473841598009 0.00542565041625264 0.111440896166287 0.276571588017109 0.256589430416396 0.0128430300977974
0.141053879084452 0.0116415732131225 0.185436087458058 0.0974674091330067 0.0128583440832905 0.255454271087995 0.145068257372414 0.151020178567662
