0.0171013425174843 0.115882162961471 0.220804404633188 0.110432889384842 0.0307753826445943 0.306265362729849 0.160420219817793 0.0383182353107781
0.000451870287088838 0.0504829597505288 0.0892455791918707 0.162156490346238 0.131840273887173 0.217272381051478 0.151866248546313 0.19668419693931
0.164598522240397 0.115235264223443 0.0604344944042072 0.127825346883651 0.13671590605194 0.0841906524769043 0.185152977517679 0.125846836201778
0.213169346687719 0.146746839216713 0.0591159120274664 0.0290120983248563 0.0982307703447894 0.0604952100020818 0.187225030900784 0.20600479249559
0.0540198528361413 0.197912776351764 0.159986531873501 0.232551669042388 0.0946384876591498 0.113199566273024 0.0366250794698833 0.111066036494149
0.190903416144698 0.18111099834575 0.0975372943650672 0.0253677135777371 0.0872568089068124 0.131957913040964 0.18166957717527 0.104196278443701
0.145804402625933 0.109147535247201 0.0179385834164226 0.145503563198393 0.154935428079386 0.0684248092262776 0.15143604659771 0.206809631608676
0.126630583858625 0.18968501236293 0.134868197766254 0.0299179731140301 0.27638044579553 0.115355618652058 0.0223912358006266 0.104770932649947
0.152099179478156 0.0193369134928164 0.0673395271782101 0.156938558779727 0.121190446570653 0.167421701576358 0.28059345552507 0.0350802173990089
0.0699830875826836 0.0397392372869996 0.151594294766971 0.152201588522148 0.164696779623831 0.185264188457011 0.0506182981378241 0.185902525622531
0.0457851254243182 0.233657549387594 0.076972771694164 0.231998644457833 0.0948383283691955 0.0585198222301395 0.191010396975907 0.0672173614608493
0.263602903581846 0.0721354954518622 0.0687621598416933 0.0615006493657047 0.138787837587541 0.079439288957458 0.068868078367361 0.246903586846534
0.0669837467781485 0.14326765459685 0.178917470746779 0.0237740676992203 0.245230165702332 0.217767999616241 0.0441857970736442 0.0798730977867857
0.187671381563392 0.0665603419115998 0.142785911447892 0.0297432540632671 0.216015653984689 0.111365748368502 0.0896830836454019 0.156174625015255
0.120466093572822 0.12101636474228 0.134256549960373 0.168808655196316 0.107642875751072 0.0582421933327654 0.147485138409768 0.142082129034603
0.202212943841307 0.180013068984409 0.190943979216038 0.0473747972029626 0.0976431534571508 0.062305130296111 0.102862356200178 0.116644570801843
0.0767491920658296 0.0959985429515044 0.212506081670273 0.0416774244907107 0.151781575485015 0.14852521555664 0.173858974801224 0.098902992978803
0.136366241253714 0.208856298175855 0.225338534463235 0.00776119252965518 0.169647086404823 0.186069026706904 0.0420769355523156 0.0238846849134985
0.0767158976929961 0.149938528670725 0.188571574681399 0.160369126154968 0.0836878174497289 0.196071269865476 0.134525150815635 0.0101206346690719
0.190804141348138 0.0174697236978827 0.167608327858623 0.197810183752165 0.0325436576840364 0.112377569986595 0.190230070863974 0.0911563248085867
0.136237496692063 0.126736853026524 0.140050562210162 0.253229301163084 0.0564625287588183 0.0235740107310026 0.232496439944861 0.0312128074734853
0.338485756918591 0.00219801060054205 0.0511265838503149 0.1048866685381 0.315207499186454 0.0200344419077414 0.0987125880643819 0.0693484509338749
0.0140661008030931 0.0966005188332724 0.117453650419182 0.153365179623689 0.0788353495539356 0.212972760137953 0.200832297148297 0.125874143480578
0.0934674916782565 0.0598816389696727 0.0722409827244448 0.0786542561007003 0.0986268230875942 0.243982115844965 0.178473549370832 0.174673142223535
0.224026882822979 0.178115453378892 0.0128485545015334 0.131316580822628 0.217326762046878 0.0387331658226731 0.138079116857898 0.0595534837465183
0.336998147239333 0.0259123997741097 0.187325695364835 0.0472605921557487 0.196565111370477 0.122898633716395 0.0521942667859646 0.0308451535931369
0.0559353063361963 0.0208208450582484 0.209501605918613 0.183008870893544 0.127591101529405 0.187523776121632 0.0251716853480826 0.190446808794279
0.00409169069302527 0.0508137172061561 0.10324735151316 0.184978558160092 0.0438735786677112 0.22199922518784 0.153656323253408 0.237339555318608
0.180430540389938 0.164743745761013 0.0501299111095882 0.16285099978685 0.110488955951567 0.119238149451501 0.130162764001948 0.0819549335475949
0.0511337051454874 0.162075660624129 0.0874918420775148 0.274007739693719 0.0150684130636756 0.154040123453277 0.0492486448120448 0.206933871130153
0.014758827916868 0.247813294352049 0.0603377738048069 0.132038839094129 0.0414777345304954 0.0576418635998786 0.222211423302233 0.22372024339954
0.0964968834981136 0.237020847356852 0.0901519068227138 0.0260410012120467 0.277614561511089 0.104985852582225 0.0118283931824545 0.155860553834506
0.113314870587086 0.165921632293387 0.0417454071231074 0.262658690141742 0.0259223828460248 0.194910040450117 0.0723089629149269 0.123218013643608
0.183773926546278 0.182394678536911 0.10833829928298 0.100508344373463 0.170041523705512 0.0510931258473375 0.0772220019284308 0.126628099779088
0.207435076031813 0.0884108573312033 0.148606405959498 0.204433630570239 0.0698064258396895 0.0857179274910035 0.0442526056469217 0.151337071129631
0.0199487115955609 0.0151251050910719 0.0096732834592447 0.284953814642126 0.287653359327441 0.107755006497011 3.42878980118956e-05 0.274856431489533
0.10462854485842 0.200519388429639 0.001711336014956 0.207992620783527 0.0839072997330382 0.110893568093243 0.11841818387133 0.171929058215846
0.153423943767342 0.0231087959378996 0.129192221288041 0.123406957542161 0.176476821190267 0.203326591526371 0.125802605259773 0.0652620634881463
0.195114015394902 0.148643224328191 0.165316427654969 0.116496647196656 0.169252686524632 0.0402074068695438 0.0868401562322322 0.0781294357988741
0.125532444019765 0.143704506583217 0.0571873246507853 0.0274239859286593 0.175259135537722 0.054330774280743 0.186838319743833 0.229723509255276
0.155739321041987 0.119603728190971 0.0831500708570854 0.195162496835873 0.186115399407568 0.0500655457792582 0.13448554431472 0.0756778935725373
0.22115684032153 0.110178532996082 0.104144080090705 0.1488831715289 0.0380789033322798 0.0974888082278743 0.21507364587614 0.0649960176264886
0.103822194192294 0.201507921757766 0.152295714379469 0.143770432682457 0.224617006741176 0.15783404524024 0.00914696146406808 0.00700572354252876
0.0616668315759886 0.145718737043154 0.211407169333357 0.0923127658486338 0.0675368166056668 0.151448480229806 0.193447063825996 0.076462135537398
0.108546396767316 0.216022894701742 0.0808951743495865 0.0307432981141089 0.201839360107618 0.0318294909798558 0.181157728710354 0.14896565626942
0.228772781350618 0.120099157986765 0.063063868342995 0.194402653058479 0.199508580213162 0.0738020462569161 0.0976608104206744 0.0226901023703908
0.114519807126934 0.0855577644122165 0.0390967613036597 0.163806597101371 0.230989982206817 0.0614104448036801 0.157893051623194 0.146725591422127
0.151370575070103 0.107869309704232 0.163624161024769 0.148312652758236 0.0738977682337485 0.0515036920644109 0.16013786476249 0.143283976382011
0.0093691142007272 0.195258659407419 0.18962565425714 0.234091449625641 0.211721994248268 0.102884651651486 0.00410711131866993 0.0529413652906487
0.136606755658739 0.0445530906173655 0.175470436768181 0.16797091016262 0.0697123048008515 0.0785681594457367 0.145803476445847 0.181314866100659
0.144198147829082 0.102394553214657 0.150908410999687 0.0303730125149651 0.205967388784001 0.121370918498397 0.208340474281899 0.0364470938773122
0.0355858042747244 0.0881693567554307 0.309173618958307 0.143924588540153 0.00196899156653242 0.0570578569204993 0.110410186970499 0.253709596013854
0.0505946690289295 0.0773044581473489 0.172555631494438 0.0756614793313369 0.151440518264403 0.127851158140341 0.182549710841291 0.162042374751912
0.135409774879736 0.124532929667549 0.133579850868215 0.0553837931868972 0.0741028197516968 0.204815546654267 0.169371177423121 0.102804107568518
0.033369114574697 0.157119158692335 0.19023079563521 0.00943578582871889 0.100823619130097 0.199685048376487 0.11326199144686 0.196074486315595
0.236715703070022 0.0684254883805664 0.070895705080104 0.0461217379837695 0.185035272750271 0.160189701369655 0.0881099825039906 0.144506408861622
0.221635580170447 0.195872130195396 0.098629122636794 0.0269295018854101 0.114019298341157 0.0710733438978337 0.0851062360409591 0.186734786832003
0.195172437142162 0.0693651304893337 0.0599502114847316 0.215185364386023 0.0825849736589542 0.159562552170516 0.0230611723873711 0.195118158280909
0.17251565928966 0.120232140756795 0.0463359191575596 0.175651364208992 0.0147523690241547 0.257397862834442 0.149389524187984 0.0637251605404119
0.182417517173756 0.105300476371399 0.162762173338122 0.0335706683245492 0.188222899206388 0.179664822046392 0.0552804323173866 0.0927810112220061
0.177708115520329 0.0390320077351714 0.185857748051721 0.24664549150195 0.178182040046246 0.125704388676154 0.0266154312791897 0.0202547771892396
0.210190546313114 0.189224267898601 0.261358348768363 0.0618232977610552 0.0783249763876091 0.11128108664266 0.0392971344678878 0.0485003417607094
0.228439143000984 0.0313221667245275 0.0300646869020337 0.212764604347413 0.11476680876539 0.0797463068758455 0.133936673330725 0.168959610053081
0.141477458875797 0.211682414200841 0.216676285734179 0.215567018468828 0.0415275788470333 0.0418590090695702 0.0446870649357625 0.0865231698679893
0.197617027126018 0.0696346090643692 0.213981838297309 0.0465030972378724 0.0132609232708095 0.221628269272757 0.209727731526131 0.0276465042047346
0.198752651040731 0.209616700398777 0.0296418816124623 0.0705368669550288 0.0489820372481379 0.215390656353721 0.191836647903951 0.0352425584871911
0.0398159877915854 0.0411636205891933 0.210493839304261 0.132500193016436 0.140442406276678 0.170856277306998 0.190908258097468 0.0738194176173806
0.160496525394717 0.192863150286797 0.0591319372210886 0.211153739821823 0.146044278701587 0.0878801473152961 0.107940797974871 0.0344894232838203
0.171358471942965 0.0110324862305227 0.133832379320665 0.111807972509192 0.077164547990449 0.139072145805161 0.158791911979824 0.196940084221222
0.281286235746386 0.00812606726606955 0.205519603156992 0.0922546666486685 0.230261606004948 0.0685938620712951 0.0136987685832197 0.100259190522421
0.0453186269413837 0.281145199692197 0.0309094367046493 0.292516128824905 0.119931790649978 0.168173863463085 0.00692492899461189 0.0550800247291898
0.227001020795171 0.136034927154279 0.0679657147613626 0.216972538382253 0.0236629352180991 0.252783204093528 0.0357464830470619 0.039833176548245
0.170791371583193 0.271914995675309 0.00976912902672931 0.0120538942053306 0.204196930787071 0.0553615010870902 0.14558622192625 0.130325955709026
0.154028086594889 0.137984656013627 0.111172109318184 0.0566402167334747 0.165530861155823 0.17126368068978 0.142048039777322 0.0613323497168995
0.243100256108441 0.203093277524631 0.0994146856853313 0.0912773734711239 0.0452324475084309 0.161412254578122 0.135904476904879 0.0205652282190415
0.114841223481655 0.154978469323834 0.0478161496680712 0.147550020676977 0.142747647356035 0.0746502798851337 0.179032661931541 0.138383547676752
0.144687531389259 0.194135243325877 0.0845242867508766 0.192160710098879 0.0673678716421727 0.0382218015018114 0.119467213768146 0.159435341522977
0.000956700538179342 0.184429717469859 0.0560503203908117 0.12881051601825 0.135788205976967 0.221411695035773 0.171265440819154 0.101287403751005
0.181092722761968 0.165643262211708 0.285266956837244 0.0441090225954896 0.0559899717446641 0.220747279867885 0.0103926112314205 0.0367581727496206
0.161761851566411 0.174666025702588 0.0696284865070837 0.130424121892218 0.160778877626734 0.101440979763059 0.0397654462253322 0.161534210716574
0.0279741865923665 0.00938194019036422 0.0893475619871897 0.177483287210514 0.196223831566628 0.194738337967651 0.19372908171738 0.111121772767907
0.166213173600501 0.145444586708785 0.207745922699543 0.041888427828519 0.0628304425820154 0.0565528746931208 0.0836328980199454 0.23569167386757
0.00380625711010428 0.241426913326589 0.00914032354421458 0.0536833319078104 0.193140728033862 0.187177797046106 0.151658085658156 0.159966563373158
0.0793846605234199 0.194184494444053 0.0602681673884192 0.133886441663133 0.00605987658017614 0.222582170340989 0.123142054255179 0.18049213480463
0.0597751376966626 0.200899796617738 0.0884387874404695 0.198427828097942 0.120845486726505 0.112125769814971 0.0589749586809099 0.160512234924802
0.0979652828827334 0.0906091290903582 0.0980736357151859 0.0650724378981824 0.144753683949702 0.0955713098859113 0.180216689770039 0.227737830807888
0.0908286070091714 0.0292252704875537 0.00618513101178918 0.152581416505791 0.213440135242905 0.0711126736470203 0.225395140238293 0.211231625857476
0.077362699122248 0.154801075840195 0.0797894036946437 0.126228833122694 0.230519323009065 0.174413280094009 0.0346789400894194 0.122206445027726
0.0929436447373057 0.0281945357369026 0.143548199540888 0.0991780100029369 0.230870916046504 0.229414363382632 0.171042926293492 0.00480740425933914
0.0415086038844933 0.07957212373048 0.161838680047764 0.114649475551891 0.220103410546643 0.0350347869813775 0.161339033623851 0.1859538856335
0.11613294284464 0.0670377020411462 0.326129076641058 0.248812333236129 0.108240447079321 0.095299379466286 0.0019245022302124 0.0364236164612069
0.345472019092899 0.267956703367652 0.026342969847337 0.101945948846488 0.029108650548795 0.0483946718409477 0.180184248398944 0.000594788056936895
0.0422084649347239 0.0642036901963231 0.091344162547576 0.0953179996642836 0.213108926926509 0.0568688778830827 0.210907188280837 0.226040689566664
0.10919869770628 0.143010521439775 0.162398413807709 0.141322517270385 0.125851378954128 0.0539797979963321 0.119949129188374 0.144289543637018
0.0155658314239248 0.202705284236097 0.196922233939513 0.0950091843264474 0.0308330852217689 0.29853195733532 0.052684387148146 0.107748036368784
0.188072350597196 0.019027378003611 0.0359547812717957 0.154432323155777 0.119374117806635 0.174842675374472 0.138603570050416 0.169692803740097
0.0524702379061075 0.157751852972536 0.146582144138026 0.0991089041118095 0.112540068065835 0.175187649435091 0.0858753510275359 0.170483792343059
0.0184774437085124 0.0129696777538181 0.00301326473114696 0.187180901343648 0.0906706745231202 0.236525693599796 0.255109078002582 0.196053266337377
0.0616680002038862 0.174695783888512 0.0160437613099553 0.114951243899278 0.147386847278291 0.145232518240967 0.186540985473517 0.153480859705593
0.0530878452849009 0.230897924623835 0.0563864754755886 0.187064071531703 0.117884858070745 0.0540472050163073 0.258019284110244 0.0426123358866771
0.0539992962556576 0.00508270356573334 0.14573619987255 0.163008100496459 0.196944111903184 0.171087200565546 0.0697197851640405 0.19442260217683
0.201186421258002 0.150953346158888 0.0401931565609133 0.0621997257306109 0.146408214284784 0.0323628435178492 0.173779361287044 0.192916931201909
0.00807420313206056 0.0654567519643266 0.234095295474594 0.000418961306374366 0.135347903284151 0.225017093889256 0.175914959118641 0.155674831830597
0.0855976695657118 0.0546193276801615 0.108606871185534 0.273342724673167 0.0148173499029134 0.337245966935285 0.0410382028994967 0.0847318871577304
0.170053657717886 0.192199181252574 0.178891036700938 0.127215608010901 0.0682758819686186 0.042085527302946 0.134463902145349 0.086815204900787
0.0774390961909226 0.0523410752782073 0.0119161338810841 0.161859406619478 0.227832955275626 0.190446954284667 0.0910927647837486 0.187071613686265
0.122415285841495 0.149069438391692 0.0219818549164704 0.132371072664324 0.0515768787432015 0.153313151601915 0.145260219798662 0.224012098042238
0.121800431173815 0.166696581664056 0.124289570649776 0.124951417542408 0.0611260564947114 0.19248569349543 0.0094719514016525 0.199178297578151
0.170514614583456 0.171414215321069 0.149341198969888 0.0500834397825091 0.165192066228341 0.0831220551339132 0.036366223355201 0.173966186625623
0.141090200901799 0.0854277214903965 0.204641459790123 0.237737614867018 0.0284908916653723 0.0757626760556869 0.0691541951823358 0.157695240047268
0.0706174527628156 0.170548518944363 0.195821475023326 0.0190790833143521 0.225928221036669 0.0969578243085635 0.192955619728553 0.0280918048813581
0.0793865039358893 0.0404405696365997 0.168503036031966 0.149724054110799 0.179432665265907 0.125971689853758 0.169194074057132 0.0873474071079486
0.0503581546543818 0.167822099637541 0.277883695450799 0.160211855844379 0.0256686678357535 0.0672996737626918 0.224366293109204 0.0263895597052501
0.132080070547572 0.123685147122623 0.108376374724137 0.0172055118991671 0.0578837959646603 0.206799921653655 0.12231063636198 0.231658541726205
0.052083009760736 0.130202738437674 0.181361475766954 0.122767480392283 0.234564363804651 0.145975325638117 0.126702014048488 0.00634359215109654
0.125485297114803 0.218090866164277 0.13772358900668 0.16564424598774 0.136608214938621 0.176738972607398 0.00434423633568895 0.0353645778447919
0.241508137419582 0.174629205112947 0.00745407956805378 0.208639974676474 0.107213015639616 0.0288081715561853 0.207784886954044 0.0239625290730984
0.0888742958308334 0.258580636516407 0.158972414427564 0.27640820456417 0.0413960372079851 0.028200243851963 0.0904932578467727 0.0570749097543048
0.121405350878609 0.151253652887079 0.161451960737197 0.162474181654352 0.0517605872851309 0.14474198743998 0.163370838236098 0.0435414408815552
0.14165745765876 0.00230944230040925 0.0951881842249138 0.123505712561071 0.201498870715641 0.045433573972507 0.157934709789457 0.232472048777242
0.193342143749763 0.00225178610430276 0.257225843459703 0.181320805993846 0.14922162003365 0.0462651792923594 0.0895519398706686 0.0808206814957069
0.11406670139138 0.168284285303751 0.0391167717601774 0.122493954294036 0.203688876434493 0.134280255866527 0.0569269241220505 0.161142230827586
0.208999129639641 0.162273775604723 0.0844734317797083 0.0449488613810237 0.237749185536673 0.042892249582756 0.0451774787319316 0.173485887743544
0.0868688429257364 0.145615420686364 0.124279405655349 0.154210315775008 0.181441325496062 0.174296513809236 0.0746871304860039 0.0586010451662411
0.14267667520061 0.102211489599963 0.0548508570162387 0.135422948456953 0.0415094434606291 0.0843298449122592 0.282546458180624 0.156452283172724
0.195289548574269 0.140295413499646 0.212765662903886 0.124348925033358 0.0830980099529764 0.081019277141422 0.14225843929835 0.0209247235960923
0.169491244203507 0.159680083457065 0.0168060434552149 0.162417193525244 0.158347370043004 0.098008719806894 0.0854156422234294 0.149833703285642
0.163382624462266 0.16051909591595 0.0518192608468681 0.138865546067072 0.162855986431573 0.0389205650367281 0.157385901570052 0.12625101966949
0.0818006588395025 0.0799737600547829 0.0678743540631011 0.138584507082281 0.0339294237776627 0.340018726188397 0.0468734890030722 0.210945080991201
0.1956177802968 0.00208164331216654 0.0177609236351204 0.31632078523479 0.140779539540074 0.0149462590881217 0.132882949361619 0.179610119531308
0.0130691822299528 0.122892472469651 0.238182423971652 0.0435065590599175 0.207578083877926 0.0260422326107142 0.236700027817235 0.112029017962951
0.151021035064743 0.154228776416139 0.104729451891106 0.121687626781326 0.147886250535601 0.0879908650964924 0.103298749404565 0.129157244810026
0.0516837735942835 0.178559930220602 0.146557085192081 0.0839361071753353 0.194365020478202 0.0942746443059433 0.0663895309908144 0.184233908042739
0.0718086755036025 0.12094535249133 0.0856810894224304 0.124766527795837 0.113487925399142 0.021424062610675 0.221361966178597 0.240524400598386
0.009436333277804 0.135979036399481 0.213418994821118 0.0131495908209228 0.00397037750674734 0.240637655392379 0.207661975766851 0.175746036014697
0.200016446014457 0.0969872324414993 0.00673750962125327 0.176481232589727 0.105138132477324 0.166843913554359 0.0239926460299869 0.223802887271394
0.0523871381886471 0.170313923664858 0.0196387262986554 0.204451686860545 0.172242080219266 0.116597165645412 0.170672154876994 0.0936971242456219
0.0921626006706543 0.182033085315262 0.133772708448032 0.176477850047592 0.137008960824928 0.0994827413147389 0.0804121965636413 0.0986498568151508
0.0441376404201185 0.19904476673631 0.247625791085178 0.170915078053935 0.134297812121249 0.0116163968240158 0.160395357298807 0.0319671574603859
0.0526742491149624 0.18625136115441 0.170922085808979 0.190924323067405 0.0267561109752882 0.141703743223355 0.0554544778167021 0.175313648838898
0.0694047794961302 0.0802383296304137 0.0476130496888875 0.165429729105867 0.148730129124635 0.168519697334675 0.0698266303413643 0.250237655278027
0.135106448674241 0.035776221717854 0.256112614918511 0.245237892758825 0.0522624830271716 0.0070646691699704 0.00164939640163842 0.266790273331788
0.147387063140765 0.144387047648816 0.0902154650255165 0.12687783398799 0.165783122370009 0.0730811771858783 0.0778997829059024 0.174368507735123
0.0406273274385351 0.0550159207173084 0.0813759511773337 0.253068878433404 0.0522733600096827 0.111569005737576 0.108514705290501 0.29755485119566
0.0923334897990557 0.0466141216539101 0.158769115639984 0.0941650537855965 0.191147814325985 0.116509785664651 0.108623833533973 0.191836785596845
0.152385995942044 0.129727823196064 0.127266515777529 0.189632372398861 0.0884296823364531 0.139548332995289 0.117571185149248 0.055438092204512
0.160389837049713 0.0988355899165356 0.246753779979472 0.170313308609408 0.104636205323915 0.172166699635216 0.00576859977113888 0.0411359797146019
0.170588221998398 0.0178067671964684 0.181155772440347 0.177816755300871 0.0318381571093816 0.0995283199151577 0.196450956038527 0.124815050000851
0.19369480609944 0.114506302015367 0.207422763407799 0.0853960120973218 0.223207215674239 0.0300297675409374 0.0442087069928014 0.101534426172095
0.188404276755442 0.170636066698364 0.109136602940135 0.0992621566053642 0.0104111097891936 0.126920861242087 0.14487772443908 0.150351201530334
0.35286641269302 0.0971078204222638 0.026789748382663 0.294613220053077 0.0135286615853685 0.140483134422809 0.0214847667140487 0.053126235726749
0.120792114325881 0.0728696126611717 0.183498010087675 0.132051175668495 0.0771100828953093 0.184932142061158 0.148001574444427 0.0807452878558832
0.0954456769010234 0.0675074723656293 0.129798929086904 0.0766218530453029 0.142745262672283 0.179712447315371 0.117261277534462 0.190907081079025
0.0113136235121341 0.140287915458988 0.220719985916483 0.178944575895553 0.0370758019098104 0.0482787693088442 0.142464346526041 0.220914981472146
0.0425944239276447 0.101928990144628 0.00601364842681339 0.1166493610089 0.191197019296555 0.133452905287575 0.218882677983004 0.18928097392488
0.0753695879207212 0.172144956960991 0.196050808128407 0.0447209870982924 0.187759491423174 0.130762200365361 0.0814195187819132 0.11177244932114
0.000162518622263277 0.277151435000113 0.137101363103433 0.0218979462925217 0.149455753410247 0.081020358961906 0.0306067243060459 0.30260390030347
0.230442073017417 0.013061145762275 0.0114348060303889 0.209491342470375 0.0625193307580329 0.124863915284681 0.248011689687241 0.100175696989589
0.244200552670481 0.0611989708048601 0.00269188107014761 0.180565932479932 0.172230262414405 0.16930352125683 0.0408076289933738 0.129001250309972
0.0703833674874862 0.0903833467451504 0.0981440444372634 0.058231694067194 0.206463642052606 0.254445676071035 0.0582212558870556 0.163726973252209
0.138084934264662 0.149580997264837 0.0387935705337346 0.152668049832133 0.194468867368307 0.0478250803866945 0.1922987179868 0.086279782362832
0.042141079925959 0.216974232597765 0.0302735605614684 0.0447687762442178 0.19566807814746 0.114154930342978 0.183943265810325 0.172076076369827
0.135959517937799 0.0944382180257679 0.154128975786338 0.0240573496339055 0.207203048445919 0.266280768707421 0.0080806497336797 0.109851471729171
0.0464589953624529 0.283542923562783 0.261383305424693 0.192457756722159 0.00800330684259097 0.120006804164389 0.0216350856432786 0.0665118222776532
0.0830801727222327 0.137544503358616 0.0932649132144988 0.161929131684121 0.188192075806536 0.0765456240509958 0.0560522364020019 0.203391342760998
0.191108835376845 0.0879261522449183 0.188412738115487 0.00380965987263263 0.0188203732458646 0.141549828156557 0.198302693729742 0.170069719257954
0.246904302677791 0.246254244176222 0.0125560282365657 0.103551985214607 0.107210626356544 0.0193415644526593 0.0941296961486097 0.170051552737001
0.205523096290836 0.0714658531811586 0.00328779319347381 0.187874457225362 0.116476719050705 0.135486988119926 0.0772200928663493 0.20266500007219
0.0118152135007122 0.205634332372015 0.0710099865991231 0.234877338144619 0.192743990957067 0.141124764895201 0.048613397809114 0.0941809757221484
0.0340692587780753 0.188704303326653 0.113059340098458 0.225617321064831 0.0103291103082678 0.197545716721322 0.149946082003133 0.0807288676992601
0.173578382888921 0.201160246150541 0.0781795438453341 0.073810928599269 0.129773852152721 0.127155198964783 0.197054258154788 0.019287589243642
0.193994486949267 0.176050600114707 0.221068276448731 0.230870987956993 0.0364372606792533 0.0351457320559528 0.00805643450777147 0.0983762212873245
0.0748712777245068 0.162087215725706 0.109506685115902 0.117239763835442 0.2281843245935 0.226348819501881 0.0307446459166722 0.0510172675863901
0.13995023462508 0.0129164245583014 0.0409106186688575 0.132953335622788 0.130764710034935 0.2335614754568 0.102479846019289 0.206463355013949
0.113176241542744 0.184735716147822 0.105953907775276 0.15574565141713 0.0019156150408898 0.240354982844681 0.172339446142824 0.0257784390886329
0.100956255504987 0.151489313851892 0.163145946833254 0.0936677541105888 0.161865068659507 0.185462876510152 0.0393941581822723 0.104018626347347
0.184769353410591 0.0328417786781385 0.193697104904477 0.10582935196613 0.0206992852928502 0.139128205344399 0.157398033177915 0.1656368872255
0.0677168077417486 0.235295433255575 0.161350605560865 0.232948671623245 0.114493239944104 0.05798195670762 0.0883308040265067 0.0418824811403347
0.00614403578123337 0.251623295413951 0.187986917099093 0.140748935626841 0.192100977017167 0.0992956835852876 0.0429558900964941 0.0791442653799325
0.103778227308487 0.219139106444086 0.0531154173857331 0.136071654733059 0.0890516005325617 0.112995189187501 0.217566441278265 0.068282363130307
0.139273024828762 0.0841671392537299 0.0630486180490958 0.185945496744324 0.136081362193558 0.15061999207641 0.115808630787552 0.125055736066567
0.113899861583745 0.129500198279526 0.125797218861401 0.0873542702220893 0.114246840990187 0.143910249719231 0.135600206550769 0.149691153793051
0.218356295685142 0.0718940369648975 0.0122215223380333 0.0802544749441735 0.158159183027849 0.0326354895448348 0.228154204353118 0.198324793141952
0.11039344380436 0.0219139829815364 0.155405838513408 0.0694744983107826 0.18263129263613 0.17217986946753 0.116767168163858 0.171233906122394
0.0139381494021027 0.34470357760125 0.198591908840628 0.0875208509746174 0.134820083801967 0.0790993065072759 0.0499885039971856 0.0913376188749737
0.167359633696212 0.16647184309365 0.142678511481919 0.0657172117376793 0.109258361363765 0.176546450923394 0.00896867492603723 0.162999312777343
0.1795815100061 0.165205107425174 0.148342707391385 0.0178170341479669 0.216805092125235 0.0498678436566492 0.210450749407182 0.0119299558403067
0.154628520425117 0.154911242775537 0.126132885327338 0.0846304016350653 0.163280111114106 0.0199300045394719 0.192730979166379 0.103755855016986
0.0504324516896069 0.208450826916403 0.0432710444796904 0.111375984909972 0.144459055685823 0.0261028625191454 0.227458075790429 0.188449698008929
0.211123584632452 0.0861746896791846 0.0738342546203729 0.0383789333820703 0.0974906214082746 0.192849837499727 0.141031839005953 0.159116239771966
0.0937522844640013 0.17123329338025 0.13606566235166 0.0920668263655522 0.000930640191706582 0.244293054104593 0.183773917889261 0.0778843212529761
0.142953758412643 0.138207089418416 0.026775024209576 0.119950890939208 0.258173700295897 0.00708724463203055 0.287201359083696 0.0196509330085333
0.193046049367402 0.134274268898833 0.0713335410586708 0.219714823193441 0.0362392133104535 0.167702609725548 0.168028799979894 0.00966069446575685
0.139321074074562 0.146862748117707 0.0900136171362966 0.139078975960765 0.0668225235647761 0.115723565907818 0.150321346968079 0.151856148269996
0.112330016221377 0.210847122343447 0.176701147647403 0.110977753327263 0.185652674110405 0.0493348170283388 0.0440401165735552 0.110116352748212
0.0646491670484428 0.0689364199689119 0.0876441514006241 0.192553585940111 0.225229343740113 0.159755057181924 0.0456826698444616 0.155549604875412
0.0974621390342847 0.0280441989332198 0.0707965269148203 0.213029958030585 0.00623771624083882 0.240158723084236 0.09480239717416 0.249468340587855
0.0541345082859453 0.130225613909178 0.158505083919241 0.0124713563432832 0.165022396909558 0.167158396576953 0.143921076785541 0.1685615672703
0.106232865316693 0.0836743862222452 0.0836241653767368 0.0184773371956991 0.219243819347648 0.144437614505248 0.198734702571216 0.145575109464513
0.0521481080598833 0.201170160253379 0.0827568955655094 0.186597195050558 0.256142171483905 0.0120180957532347 0.151019834491515 0.0581475393420156
0.150851937690743 0.00646986058452639 0.152355818464424 0.188615300030945 0.189932804946282 0.132740312736377 0.118393080307036 0.0606408852396677
0.214210767177366 0.101373485141253 0.0293609544564905 0.141484542435365 0.0664144705154805 0.128583527815616 0.160750971313953 0.157821281144476
0.0257522515908906 0.0505191149577523 0.136168930158332 0.148594729752445 0.133781550527512 0.0884417912168218 0.397116919939299 0.0196247118569465
0.0830301077326957 0.128907231815763 0.186046504247601 0.153762814322763 0.00704004366118724 0.167459615959405 0.175751323745744 0.0980023585148413
0.0448369334830975 0.178711080107486 0.105603318886509 0.123803884385593 0.149520077839765 0.209954231245271 0.170380308868947 0.0171901651833311
0.11106934941236 0.14763361612821 0.210331038216436 0.0551928003302284 0.111085167567508 0.057628095512828 0.101836252011214 0.205223680821215
0.237868497360796 0.15431363821155 0.145832018776591 0.0121582830494787 0.144035974361602 0.213835805213378 0.0150390408732523 0.0769167421533513
0.0768192698915141 0.0438054046618594 0.0350427629890225 0.0859034387104121 0.203184538291406 0.26186462213653 0.0832782633364586 0.210101699982797
0.0510648232210815 0.16810070880236 0.0212901506995084 0.120487221620487 0.130439136003173 0.178513653452214 0.223203367307477 0.106900938893699
0.0584486638715122 0.153802461206965 0.122211656020678 0.233999104387589 0.0877228074352666 0.280982755251462 0.00249431747603334 0.0603382343504938
0.00260014215224676 0.0934175865625771 0.143056352252529 0.128612969862729 0.081839538807978 0.187024458257466 0.155506151398322 0.207942800706151
0.0781808066542113 0.144349031579915 0.159041290936092 0.0222888504804579 0.0805711426329722 0.00611890203278749 0.214749025180912 0.294700950502651
0.0560865421336306 0.182209637756972 0.125880424697189 0.0395618992913304 0.0927850112049505 0.148031745993698 0.200344326358082 0.155100412564147
0.0431028268862081 0.00743324958174054 0.177095699250349 0.289154061457834 0.069410635316453 0.0267284850731627 0.134565148984712 0.252509893449541
0.0674450068573549 0.137644693809071 0.118900689224535 0.0276321125119201 0.189485190109019 0.181848083957412 0.0340724816140723 0.242971741916616
0.138170996240074 0.0878776612400029 0.0105675990094605 0.182077651527795 0.124422293455633 0.115656917529595 0.100340665932244 0.240886215065195
0.213949037930114 0.107578647163197 0.0148191636744918 0.0445023149778983 0.0600264732119933 0.2137669493003 0.178563648155787 0.166793765586219
0.0316606732570269 0.028391560129107 0.121061832512313 0.169580944072692 0.138405634921911 0.140762335635081 0.234585877332024 0.135551142139846
0.197437003302909 0.150552382430469 0.053667916676133 0.19771568104831 0.09964923079537 0.11821500318409 0.0151998928485595 0.16756288971416
0.240477413817714 0.17223982260097 0.00533332085960944 0.148991070857596 0.147229924310804 0.0527780593877609 0.128997079125023 0.103953309040523
0.169407394799773 0.15226027859599 0.133345514389731 0.0375876261366893 0.193138218705142 0.0787581645518412 0.185498351426995 0.0500044513938376
0.183563854959088 0.209295320362596 0.16532598772839 0.112087679259989 0.144350057989061 0.0379783830004249 0.147020850701803 0.000377865998648205
0.100831325674283 0.0411485145545494 0.0308441963554366 0.0303375058275256 0.242218202828462 0.064558840832595 0.234577501943598 0.255483911983551
0.0112609386049793 0.213154891051882 0.162491483535803 0.0345829398747146 0.20518899045901 0.192620447275717 0.00173645506163496 0.178963854136259
0.0209378154979496 0.0951642994630188 0.211711303265454 0.0301843195152266 0.243458279875487 0.203339715416921 0.188364306031789 0.0068399609341548
0.0887384272930075 0.0383747865626783 0.157686284861106 0.176753242119288 0.145002488446247 0.0155393166343755 0.183199007644775 0.194706446438524
0.0477372041577509 0.22611483485494 0.247642760767868 0.124942194241457 0.0624847835488129 0.188234077756714 0.000967564640778951 0.101876580031677
0.0239944667270695 0.118725568544324 0.208467232966541 0.111406840152257 0.188948023879337 0.0524213250036652 0.0625114444151498 0.233525098311657
0.099359182713325 0.105206286102963 0.185276341928473 0.142496687720182 0.217364940607263 0.146618637518693 0.0312207361236422 0.07245718728546
0.0623880629881113 0.122031910017876 0.164513152201297 0.107278819104617 0.0698372976918581 0.143439081889989 0.1687928736545 0.161718802451752
0.17021516477044 0.071833177524404 0.219126977482803 0.000785365610700015 0.0608064605145955 0.131991453933884 0.220126021300383 0.125115378862791
0.257975539558768 0.245052511620649 0.149771092688076 0.0287268153633883 0.110201253953863 0.0812093930725071 0.0572817465626723 0.0697816471800758
0.0657096861430782 0.116950433017433 0.119209956262372 0.215845972287997 0.0569545793216358 0.0607002492204774 0.096148592556547 0.268480531190459
0.0906756653210235 0.0150590156411499 0.154972097571459 0.123247216799938 0.185965154893488 0.138071729801706 0.204987162861227 0.0870219571100085
0.166068503093388 0.0777172134511723 0.210048285570047 0.169166635546474 0.00986762659329884 0.097912845311175 0.152477995384041 0.116740895050405
0.117179639473015 0.124319104999392 0.0184658740311044 0.229064717585808 0.213102956599349 0.0621652604281378 0.182198380069791 0.0535040668134032
0.165844277342109 0.262269568673238 0.0134542911088239 0.26255096966053 0.0767275932789592 0.0579228900681187 0.0409637339959524 0.120266675872269
0.00389767839332919 0.226101819244177 0.0977913617383797 0.0125140953091642 0.171698292395091 0.171004250046097 0.219775939908605 0.097216562965157
0.129128907677872 0.23698968878979 0.071894656028711 0.155098463659492 0.116106268572665 0.0177110583586879 0.132468556635309 0.140602400277472
0.202862053376247 0.0439171638751349 0.21329512924022 0.177104835482466 0.07847839870531 0.213796724595403 0.0333739547522805 0.0371717399729386
0.20013171740783 0.136909186504849 0.0764815358718439 0.103125626483884 0.0909479811436422 0.159209937729457 0.0197646857321372 0.213429329126357
0.0443449664875551 0.222742937464436 0.0672744613003369 0.269902421456132 0.0729450914869136 0.054182394829012 0.199986658792729 0.0686210681828855
0.0588963852244798 0.23394954816557 0.107562930062084 0.153213808733473 0.113367593573163 0.0567517543630341 0.0931128894477457 0.183145090430451
0.112460176979615 0.12073956381515 0.0806840635337615 0.164205220192228 0.189490055937809 0.0737000045646691 0.149621062551718 0.10909985242505
0.187809689119728 0.105805449129302 0.0913427017863205 0.17116459192997 0.0524494229021857 0.154288947177206 0.176960547495639 0.0601786504596494
0.0897998221905474 0.157887131842042 0.07515320312715 0.225852599419322 0.103391695712031 0.111021379148587 0.154513070504687 0.0823810980556335
0.120221708055271 0.123186108252962 0.135000620769098 0.10836185325084 0.212094693287482 0.184383702189783 0.0220095515537488 0.0947417626408158
0.0788797378444207 0.263078709059666 0.177903657524169 0.122956728684123 0.00457456520730862 0.0102161481146111 0.137799504989859 0.204590948575843
0.0513627715597168 0.199668787630765 0.0530833607751246 0.0125494201638023 0.29045639362001 0.231912411604081 0.0773778424902779 0.0835890121562219
0.124912135976926 0.0458118499039024 0.177424019175027 0.107840853510416 0.210464971318161 0.130508782274456 0.133014017591429 0.0700233702496818
0.120067350449291 0.214811493569462 0.180041044965205 0.0599737330511988 0.182616315188156 0.14772221705636 0.0543955171937055 0.0403723285266234
0.169692069194462 0.141171931387481 0.20531378320456 0.129632922709613 0.196553746679287 0.0964922854953609 0.0208403069489151 0.0403029543803221
0.125708205332739 0.0786230038370273 0.204241896013289 0.0103471066570926 0.160527604681172 0.0196024533870379 0.170078394907038 0.230871335184604
0.13547760646051 0.0847501918053049 0.0909467699727678 0.156616463897024 0.0125280054570089 0.139009070794619 0.242138896792818 0.138532994819948
0.116530660993604 0.175673486585469 0.215400157387296 0.102307430070918 0.148291965327623 0.0949974018993501 0.0503302166809022 0.0964686810548383
0.211496068990247 0.140445511263704 0.185151487295275 0.133831903274726 0.0227064466624427 0.216001027724144 0.0404805469750665 0.0498870078143959
0.232393849120943 0.100518166841895 0.107505977715106 0.178651508196754 0.0809691422661303 0.0248065710246659 0.0958811796231255 0.179273605211381
0.0424571712039353 0.0377558255128451 0.345105155428432 0.0196430643027294 0.0187533893428977 0.187268591602257 0.336597485557632 0.0124193170492726
0.111900019439765 0.115611793943421 0.104467351361918 0.158296816276421 0.136325517575395 0.0523970569397942 0.159302568121888 0.161698876341399
0.221453621446517 0.18442222761532 0.180059225852977 0.104672544693649 0.00919015243809763 0.11218524543242 0.182323623610237 0.0056933589107826
0.102601537558788 0.143263852197642 0.138592316648897 0.143106967222587 0.0600177809938071 0.143367500015135 0.13415038734365 0.134899658019494
0.0829098531429403 0.219264745351872 0.102596188776919 0.194036984424397 0.00645567897605255 0.242177569638184 0.133211692621442 0.0193472870681939
0.190490120449774 0.161478413160723 0.167445987580584 0.170649748345714 0.139409213294177 0.00953696599162626 0.135741082460433 0.0252484687169686
0.182496588097147 0.0640075862943169 0.184283847676574 0.1624751811798 0.109819401740234 0.089467697597061 0.0529451886356932 0.154504508779173
0.0167082400231342 0.0291342823044204 0.272311861679281 0.0505870057422719 0.136386750248971 0.199601787603686 0.284169613972976 0.0111004584252597
0.0535122866094342 0.0979250902160664 0.0285856875915452 0.157412527645257 0.163041183630713 0.147504900203323 0.179507037985655 0.172511286118007
0.122547819073808 0.0546931303321704 0.00036088722534786 0.0801541375363921 0.348371061320484 0.0460607166566802 0.0999537575121149 0.247858490343004
0.0891657075595521 0.122958155788026 0.0466976682243349 0.0755645859279783 0.177266161725675 0.179350025300205 0.150734333600852 0.158263361873377
0.166381942698948 0.11433046834712 0.158450270669095 0.203403294448202 0.128518157842715 0.201411668679402 0.00693558794176853 0.0205686093727495
0.110905239445383 0.201727720002823 0.210094287214539 0.220019711832637 0.0944528445916421 0.0420335599251158 0.0216289488025821 0.0991376881852785
0.244272958160819 0.124703304360424 0.185346116759437 0.0232790743524465 0.272131940561299 0.0547613367993246 0.0944253238946853 0.00107994511156441
0.120992702048573 0.098728991637957 0.157831748254064 0.287043816368231 0.0485123164998728 0.0603868002350472 0.10291478045962 0.123588844496635
