0.431935763744633 0.18359299030122 0.292490964057046 0.091980281897102
0.290138201132576 0.25840783143673 0.312335890528869 0.139118076901824
0.200774974073189 0.201846829113795 0.25100185980039 0.346376337012625
0.307806113889824 0.216764805148351 0.274161677003861 0.201267403957964
0.127250055131472 0.170137953424414 0.417191187602849 0.285420803841265
0.230193925069338 0.0755485725152847 0.367649507081381 0.326607995333996
0.369512111937381 0.133586101612028 0.326724336122024 0.170177450328566
0.326934171305732 0.486212525021671 0.0960967093856555 0.0907565942869414
0.0425771675499608 0.200076526570499 0.327209403113103 0.430136902766438
0.0508901210860805 0.210480726986205 0.464166341915193 0.274462810012522
0.443683322279694 0.49790520512322 0.0445224930875903 0.0138889795094957
0.292749165382514 0.246502935840555 0.109899541851513 0.350848356925419
0.14315293484225 0.31173058897435 0.180328581410859 0.364787894772541
0.133065254415407 0.499988297223835 0.104489004384072 0.262457443976686
0.311140252929108 0.217064129892877 0.270816969614393 0.200978647563622
0.30711171237097 0.0819208618895206 0.260829663237132 0.350137762502378
0.224973322054231 0.414740532238308 0.258195789437435 0.102090356270027
0.0832231386025588 0.608491239383127 0.192561376121032 0.115724245893282
0.0863078325829187 0.285954837813087 0.338878896306545 0.28885843329745
0.254958139008614 0.256427464890514 0.0806185206335316 0.40799587546734
0.343515613692051 0.321244955857637 0.282859105588813 0.0523803248614992
0.00807034004433875 0.104704507484012 0.180331303332194 0.706893849139455
0.0146521830722172 0.0885530732720499 0.632016001844627 0.264778741811106
0.308823823994781 0.411588115903355 0.256826532954937 0.0227615271469271
0.113581386423178 0.0935765643298268 0.521167417752344 0.27167463149465
0.114891942231138 0.149062726049018 0.258367050529972 0.477678281189872
0.250571328886631 0.0699211144687924 0.417138889217132 0.262368667427445
0.321886561443128 0.132843582819928 0.413270873838348 0.131998981898597
0.45564363532434 0.00402325242749615 0.170931452255877 0.369401659992286
0.537911923785041 0.140108300524431 0.0653990444984764 0.256580731192051
0.135438768043441 0.396572490798545 0.262541613634028 0.205447127523986
0.184976072863546 0.595929565238143 0.00520248729366976 0.213891874604641
0.129708267238456 0.350019473792028 0.120336161638822 0.399936097330694
0.533070406653685 0.170691667180783 0.253016493044665 0.0432214331208673
0.406559890503219 0.267991258586484 0.0582055182853949 0.267243332624902
0.270435147659446 0.164530311859202 0.258323761033504 0.306710779447849
0.249439407605926 0.116759536074152 0.372141047575309 0.261660008744613
0.0613035522795341 0.0637113578165429 0.675102591146008 0.199882498757915
0.139549267553583 0.265205511008526 0.101901105348408 0.493344116089483
0.389089795399089 0.194556413440206 0.12720806258585 0.289145728574855
0.172315027787232 0.304866355674732 0.096622302971213 0.426196313566824
0.23903342021104 0.263170099568895 0.220911090227073 0.276885389992991
0.33326078436336 0.243088590163293 0.202725889415255 0.220924736058092
0.0337393178833442 0.0106957077956294 0.299911799623852 0.655653174697175
0.214928535715436 0.188120602809049 0.286687155281405 0.31026370619411
0.196821800515805 0.0714013961650335 0.455669828182936 0.276106975136226
0.186564150802826 0.542329983098833 0.170423022914644 0.100682843183696
0.223202665987252 0.323045298270398 0.050875046746265 0.402876988996085
0.150536100054949 0.291268203234222 0.288487415946455 0.269708280764374
0.318244381788372 0.346765602776186 0.024333388051626 0.310656627383816
0.374483570852462 0.205834214439676 0.255530797947568 0.164151416760294
0.26992258074979 0.32226285095055 0.304878623069209 0.102935945230451
0.189779262157331 0.243364077513979 0.15598194486578 0.410874715462911
0.311053918035799 0.0781410299597506 0.158523936721434 0.452281115283016
0.335055444967762 0.279284310593509 0.220578708482283 0.165081535956446
0.272061937597181 0.328564749264192 0.130629271730654 0.268744041407973
0.140404664407728 0.300398896398011 0.31965379182257 0.239542647371691
0.231636105301797 0.117160455502475 0.298070469812695 0.353132969383033
0.410699785332376 0.254738089874019 0.283503588684549 0.0510585361090558
0.379889885520152 0.185280670482063 0.08156276437242 0.353266679625365
0.389628594643388 0.250628514595707 0.2399880268503 0.119754863910604
0.255852581016144 0.170091550815065 0.242126467305422 0.331929400863369
0.303174694790304 0.309907387264988 0.285032902579632 0.101885015365077
0.112838212242225 0.549406240545276 0.312124357332278 0.0256311898802204
0.000622161181386582 0.139862534411518 0.458361299310645 0.40115400509645
0.0555504421069795 0.47611857741756 0.25005283211195 0.218278148363511
0.205715435138035 0.223231278634544 0.353891182394342 0.217162103833079
0.417516738394296 0.0475312887217787 0.481826883616794 0.0531250892671318
0.488885095011743 0.416468802662397 0.0241734334523033 0.0704726688735557
0.261471714062454 0.211166829511887 0.252067731042567 0.275293725383092
0.00982061350086254 0.313105962970198 0.298195268133904 0.378878155395036
0.313720801939103 0.365047619755991 0.227198569121036 0.09403300918387
0.0116424468987665 0.501757427230977 0.224802477778581 0.261797648091675
0.387405163943774 0.113456829157043 0.368240813653151 0.130897193246032
0.181830127876107 0.417733738000887 0.227071992787203 0.173364141335803
0.486210695516326 0.234464229404598 0.0935749456094518 0.185750129469624
0.0946660063813351 0.0349131868204609 0.281427147141534 0.58899365965667
0.0949753440778906 0.426805563565155 0.338047141349694 0.140171951007261
0.387183457200757 0.0626594661789305 0.296292880464091 0.253864196156221
0.241381080764088 0.146754306508417 0.469938251455891 0.141926361271605
0.388019619004029 0.40365023986042 0.104206528765268 0.104123612370283
0.104213945584428 0.429901163303498 0.148518919573929 0.317365971538145
0.317547878749985 0.0638318552813308 0.271164546019685 0.347455719948999
0.166363975578979 0.283907495012307 0.305726911385052 0.244001618023662
0.428836398679216 0.17206507799935 0.306071161390326 0.0930273619311081
0.432642875363922 0.180674199126645 0.145862624778138 0.240820300731295
0.0131005232443893 0.128895074744882 0.100644411157637 0.757359990853091
0.0529664148186016 0.212940224451271 0.395274413963038 0.338818946767089
0.362291512905559 0.0321513546280207 0.0941841082070865 0.511373024259333
0.264422538631673 0.184101742914841 0.255771135738771 0.295704582714715
0.360504020159136 0.128478210828955 0.258146167047649 0.25287160196426
0.334260337501186 0.327844711716321 0.0398346639490654 0.298060286833428
0.213887783031279 0.00127130363293129 0.119112668463865 0.665728244871925
0.300844885187079 0.39780882425909 0.0936170209532985 0.207729269600533
0.149761032796664 0.366324191753978 0.451650230676883 0.0322645447724762
0.0536605216103807 0.39611236755087 0.164306521801042 0.385920589037707
0.346607710340121 0.110576699927166 0.505180994296758 0.0376345954359548
0.316410424390396 0.412963633225616 0.0123994854558533 0.258226456928135
0.246125663166316 0.122003285209679 0.285478416767023 0.346392634856982
0.471575782553226 0.178232966193575 0.0349220960282536 0.315269155224945
0.184912020594863 0.362763143144287 0.359598924651213 0.092725911609637
0.278664186817344 0.155171719059332 0.209174419725289 0.356989674398035
0.26282278931942 0.321192518965717 0.189612338426111 0.226372353288753
0.140427597191894 0.12500265260895 0.242346757209245 0.492222992989911
0.259407867362696 0.26930327736414 0.24333386873448 0.227954986538683
0.224359552196379 0.560018017569531 0.118832955259603 0.0967894749744863
0.265703207121554 0.339921301947512 0.295846623887059 0.098528867043875
0.0706909273255193 0.618709092329863 0.272146780471979 0.0384531998726396
0.316452649419272 0.350287670173668 0.0114543614467883 0.321805318960272
0.258654293293267 0.182396625648651 0.24328993487483 0.315659146183253
0.100600048010982 0.0441748719778537 0.403579875699295 0.45164520431187
0.749407451977891 0.0183346928368654 0.00621593862419324 0.22604191656105
0.409299890650999 0.192835677907362 0.238557607375728 0.159306824065911
0.140806326087044 0.605848315349356 0.0103096616112195 0.24303569695238
0.620361190344635 0.291375680108113 0.0114141202937926 0.0768490092534589
0.366509983598549 0.170634075142934 0.147117543427888 0.315738397830629
0.266251110045014 0.19804241800061 0.281924241990187 0.25378222996419
0.496466468888108 0.105849871011952 0.144259626558018 0.253424033541922
0.209789353709727 0.1250515494311 0.232662135292977 0.432496961566196
0.228011669705784 0.106276842786668 0.523346319191857 0.142365168315692
0.0831992182762178 0.238372988557348 0.306505558269997 0.371922234896437
0.187494579572989 0.266901739617839 0.258638092981561 0.286965587827611
0.226294282130358 0.422260387670963 0.147417305702871 0.204028024495808
0.113803816487717 0.230395264283476 0.236985864217387 0.41881505501142
0.282530966014044 0.260112324528737 0.161653048958167 0.295703660499051
0.312419241419271 0.166360365997444 0.212599010699661 0.308621381883625
0.115219318481339 0.154558590659281 0.7292145063036 0.00100758455577961
0.139289916506232 0.350770103994652 0.0994922502033231 0.410447729295793
0.207116166038868 0.0619911192993983 0.367071924919969 0.363820789741765
0.336193209732849 0.101049355151534 0.143528818494904 0.419228616620713
0.136316729858172 0.174885022961396 0.212308953794856 0.476489293385576
0.357317339475313 0.260282185648514 0.113813376899442 0.268587097976731
0.365721504503559 0.0277840764851417 0.0264575202326876 0.580036898778611
0.208552942081511 0.0587208273197474 0.37544954293233 0.357276687666412
0.00145758296443852 0.0989278301703944 0.565800029838344 0.333814557026823
0.155506414654836 0.0298334787599496 0.279897561812282 0.534762544772932
0.176568147091494 0.351486197554048 0.379292734047887 0.0926529213065707
0.284372898248632 0.0626592464627355 0.318888066812473 0.33407978847616
0.150569567045242 0.496666451635751 0.0701051248376475 0.282658856481359
0.379705638847101 0.0300693202846772 0.261819909815517 0.328405131052705
0.258027146400474 0.326167236368046 0.227736417038345 0.188069200193135
0.209960972429977 0.213009789212552 0.293990372736881 0.28303886562059
0.226126765839282 0.39383665262064 0.227177956215505 0.152858625324572
0.227106853881287 0.176972671306784 0.161513989086945 0.434406485724984
0.164802514185482 0.160050256383839 0.394668489827657 0.280478739603022
0.257920288359282 0.379285912391649 0.323873071982869 0.0389207272661997
0.244562648251701 0.177591376064972 0.552095262494821 0.0257507131885056
0.158095530145176 0.387162591073604 0.244837241090923 0.209904637690298
0.260436615760383 0.276536469302184 0.200764754121776 0.262262160815657
0.000865269300336048 0.444105154243998 0.0825840039482542 0.472445572507412
0.152571060866072 0.172159581294871 0.481463041824702 0.193806316014355
0.100965538763625 0.343176578372605 0.32628784402865 0.22957003883512
0.262849265123588 0.580636728606899 0.0463820509014415 0.110131955368071
0.298628494930051 0.384745798160126 0.0308758827964234 0.2857498241134
0.432031464376385 0.0800102733242496 0.159952894119667 0.328005368179698
0.450455294842207 0.364006101966979 0.0817928616334999 0.103745741557315
0.388701072381024 0.0433040340220443 0.186208763860753 0.381786129736178
0.360769899099769 0.253668111565325 0.150036900779501 0.235525088555404
0.37751632656938 0.177355037582575 0.131177446889491 0.313951188958555
0.233964246662148 0.0313657609594407 0.0350510718796685 0.699618920498743
0.279231592736176 0.234649722873793 0.370252132057912 0.115866552332119
0.28337298443576 0.41140778488415 0.147909247443214 0.157309983236876
0.187153865313304 0.433414043043574 0.0999863407719037 0.279445750871218
0.287321244820238 0.317233360211556 0.224674999669598 0.170770395298607
0.121220506507898 0.262393213010487 0.0954858289442741 0.520900451537341
0.391165912891311 0.205285716222269 0.335921241321834 0.0676271295645861
0.276733727658721 0.341837306649214 0.292891751117449 0.0885372145746163
0.284382924037797 0.390528241200384 0.124793228485083 0.200295606276736
0.245443857727743 0.203746292187831 0.197247383719378 0.353562466365048
0.367929810997688 0.318972512059692 0.116469407869113 0.196628269073507
0.0342393539218782 0.365393545752132 0.482370463618466 0.117996636707524
0.278085394943758 0.1853730803145 0.264504569754066 0.272036954987676
0.294850588167845 0.313125486282498 0.128756791723424 0.263267133826233
0.397503365868068 0.417874441786161 0.181451770936915 0.00317042140885681
0.0196471400560553 0.370772989388926 0.389739759476227 0.219840111078791
0.294670589012331 0.201894037813479 0.229670500751114 0.273764872423077
0.129113944402263 0.296416307139074 0.467532232454743 0.10693751600392
0.676986799908566 0.267982046717296 0.00279217640569665 0.0522389769684419
0.0667062562726025 0.237533833984813 0.416926226136483 0.278833683606102
0.0324550816125148 0.36317001581045 0.344392212111849 0.259982690465186
0.062264673121753 0.490484032600446 0.0608599274172225 0.386391366860579
0.629525989080353 0.111325141330104 0.126982459888994 0.132166409700549
0.0224682487875252 0.329585501219246 0.282460240045979 0.365486009947249
0.0731468730826114 0.337980217869854 0.441545985641605 0.14732692340593
0.17459623019771 0.429516883157208 0.147934335593866 0.247952551051216
0.323369616113844 0.311719932424138 0.0498591509776058 0.315051300484413
0.45747914624715 0.240545673785189 0.144296400723911 0.15767877924375
0.324475654417252 0.0376124897792828 0.344286730821287 0.293625124982179
0.402364889452715 0.214643172645201 0.0425148450999929 0.340477092802092
0.362945653985029 0.242318848025307 0.386221804003959 0.0085136939857042
0.157709769596377 0.264978825887771 0.256850527627091 0.320460876888761
0.386081402098596 0.221858167228371 0.345746008473279 0.046314422199754
0.419783537259701 0.0291493061571974 0.264091907405907 0.286975249177195
0.207372916773605 0.25086221398232 0.151322114399541 0.390442754844533
0.0365563745898818 0.464513859791776 0.353582434909489 0.145347330708853
0.231556782674854 0.374361767842648 0.350777961690935 0.0433034877915631
0.0125898292024115 0.263524215037672 0.352648890716966 0.371237065042951
0.0813360769907926 0.31981195764292 0.139508192066269 0.459343773300019
0.418155158807906 0.0618857048521826 0.2426097582581 0.277349378081811
0.297309255805533 0.204367136978435 0.192577127856671 0.305746479359361
0.165229389244471 0.227433874478219 0.600788962966811 0.00654777331049874
0.254525691290391 0.0717168759310976 0.348699927291675 0.325057505486837
0.246052535709421 0.149074130494676 0.288820306453466 0.316053027342437
0.107529691292695 0.382765693592442 0.087945782914187 0.421758832200675
0.176121601859193 0.395108098763427 0.336737117036889 0.0920331823404908
0.651080483386819 0.0204038718951397 0.0788678529159125 0.249647791802129
0.313579865555947 0.090607317460413 0.359707864222698 0.236104952760942
0.452018834398118 0.173421824570219 0.26685842386613 0.107700917165533
0.102327459605182 0.37045194860016 0.51718452164098 0.0100360701536784
0.494136634480118 0.114511583201046 0.20467376671242 0.186678015606416
0.109876255722971 0.195892007082585 0.564415378306214 0.12981635888823
0.467952993859139 0.0385027970336797 0.297306512053991 0.19623769705319
0.229411620817374 0.287536127395648 0.233797247577931 0.249255004209047
0.162810116087043 0.153799807984041 0.293053556039492 0.390336519889424
0.194136895393001 0.567998316297333 0.112978637648335 0.124886150661332
0.352744067873545 0.109810292977593 0.163419788396365 0.374025850752497
0.159870001180125 0.0991308224344361 0.220385774855636 0.520613401529802
0.391651309081237 0.236658701845633 0.145088881176771 0.226601107896359
0.306750990867838 0.21443432707825 0.192473351766073 0.286341330287838
0.476172146712376 0.245989886794769 0.191586281080597 0.0862516854122575
0.302008520784176 0.313529160198541 0.303290711338912 0.0811716076783709
0.090212036162985 0.296472341869085 0.234393977494991 0.378921644472939
0.45036157635697 0.157034685692562 0.154911458072233 0.237692279878236
0.42306342829164 0.227151018644118 0.347767735872203 0.00201781719203874
0.164000017383228 0.155407276755523 0.519897452450286 0.160695253410963
0.3213520244593 0.0599209229810307 0.428588858381734 0.190138194177935
0.00436450000408244 0.198057718916799 0.433362180193302 0.364215600885817
0.266135866984414 0.24464765488245 0.284233072513667 0.204983405619469
0.20017848623174 0.281455182054965 0.156105215871035 0.36226111584226
0.298058015457693 0.00406852237248648 0.285145056970963 0.412728405198857
0.268780415830561 0.34483294220017 0.123875979826558 0.262510662142711
0.228250842401233 0.420342885552056 0.1795053166381 0.171900955408611
0.286739468056621 0.342218657421884 0.138837272867698 0.232204601653797
0.212321886825321 0.203883817417195 0.244890963437873 0.338903332319611
0.30845398696151 0.0758230814781057 0.0937743365282759 0.521948595032109
0.439447844110258 0.120351728491344 0.416942526690011 0.0232579007083867
0.537946008146432 0.140281661556586 0.181970081657206 0.139802248639776
0.39168258818732 0.258703815756188 0.0904908769249481 0.259122719131544
0.155028157281251 0.249534417116113 0.0438466152354601 0.551590810367176
0.451331203912475 0.014913104822475 0.466887349022051 0.0668683422429989
0.302212243959341 0.212977143302789 0.185940585517654 0.298870027220216
0.243906858298871 0.137929946989353 0.309027544451212 0.309135650260564
0.0999428891533944 0.139968870165642 0.425745864244509 0.334342376436454
0.428581936685363 0.0934254542876774 0.197880701638774 0.280111907388185
0.395696157676887 0.157692948078129 0.0408158601376432 0.405795034107341
0.187222911182779 0.180810866253946 0.414944543423664 0.217021679139611
0.271793509917426 0.245260059120831 0.146152572261657 0.336793858700086
0.248868665430583 0.243311097516924 0.253202570522619 0.254617666529874
0.318130802245892 0.360055841355773 0.235900071553607 0.0859132848447283
0.128439583491976 0.335130472679723 0.306078167208562 0.230351776619739
0.127865076465257 0.315586021721479 0.342357959545084 0.214190942268179
0.218121088086652 0.122055879810117 0.203957594263376 0.455865437839854
0.363568773254389 0.0541373969998789 0.504876885623014 0.0774169441227185
0.106459367639882 0.203162429850615 0.32356745274886 0.366810749760643
0.431681740154762 0.247829276667765 0.072902915104034 0.24758606807344
0.23497301969096 0.101477743407872 0.357225333122101 0.306323903779067
0.457583732779826 0.113208265182888 0.383654200551312 0.0455538014859744
0.237252460030287 0.31053739101211 0.250693463636125 0.201516685321478
0.367421286088555 0.325306260592563 0.0976116524729182 0.209660800845964
0.423221767861001 0.204194077174459 0.288176476294342 0.0844076786701973
0.152829053088349 0.405161347604652 0.0330856831324018 0.408923916174597
0.13104531326039 0.356314280193845 0.288919724952295 0.22372068159347
0.408721412855872 0.119822360360487 0.19977823622429 0.271677990559352
0.0848560897631863 0.421713532733972 0.118975102570356 0.374455274932485
0.192358164224079 0.247007437725037 0.170873949867596 0.389760448183287
0.16963783239443 0.255234464531228 0.291660032362101 0.283467670712242
0.375041907775554 0.417505841312117 0.0486980099918351 0.158754240920493
0.177854417955865 0.156575617868824 0.388711470702708 0.276858493472603
0.180031581356579 0.263532070128232 0.302348061026818 0.254088287488371
0.367968152898447 0.243999559624827 0.0920655717243012 0.295966715752425
0.192948214640514 0.242877361774218 0.247599887614277 0.316574535970991
0.329603917168508 0.264941253563716 0.22381228938842 0.181642539879356
0.0250317593410866 0.133305537400874 0.410591900835231 0.431070802422809
0.0444590295105646 0.0215996166198203 0.673438150118812 0.260503203750803
0.0488582642419958 0.334708175691258 0.578853651825525 0.0375799082412211
0.283626283990058 0.414826203978508 0.16381114643837 0.137736365593064
0.153944082106539 0.100904443178715 0.43367777844659 0.311473696268156
0.378216309542802 0.147408227353794 0.0569107066076863 0.417464756495718
0.103226180811935 0.436645578193261 0.00853964936058324 0.451588591634221
0.335975399498854 0.182146727273864 0.262259770594398 0.219618102632884
0.210091913946346 0.311619888530131 0.337533670301052 0.140754527222471
0.403183866807535 0.154877308870709 0.238260187372315 0.203678636949441
0.512857172207976 0.199377718902793 0.28223106560151 0.00553404328772103
0.443282646139169 0.0335297431742569 0.432141323273774 0.0910462874127998
0.0808458033513975 0.106402449137143 0.366969876744431 0.445781870767029
0.108564844844632 0.358319752081828 0.213246544042338 0.319868859031202
0.345819291608864 0.230420893020002 0.208517872492975 0.215241942878159
0.026643076437293 0.479448283909125 0.0500442712972473 0.443864368356335
0.292755221427797 0.19790152030722 0.225822801097575 0.283520457167408
0.294859109460436 0.376956381531538 0.282984782639659 0.0451997263683673
0.367129096276361 0.0961519354816997 0.0951845280648552 0.441534440177084
0.10762131427869 0.372438178975127 0.0446998857066757 0.475240621039507
0.716969210520745 0.174331329891472 0.0438310602879687 0.0648683992998143
0.0334670349960388 0.134918772113234 0.405378367631745 0.426235825258982
0.283793250073113 0.012280765460628 0.287601353850614 0.416324630615645
0.343480083020979 0.0729362918857172 0.555740419317511 0.0278432057757921
0.250190955424533 0.129518790488955 0.251529362774279 0.368760891312233
0.389228993390166 0.176466945392439 0.15113730061979 0.283166760597605
0.350079378614898 0.200414423033479 0.0140004562174149 0.435505742134208
0.19187693221191 0.343573797042861 0.171615728477578 0.292933542267652
0.117353724243264 0.338421786240445 0.38610564888244 0.158118840633851
0.268545943773431 0.257399687422487 0.209246221282774 0.264808147521308
0.158827291261544 0.278518128464074 0.348198134028295 0.214456446246087
0.436345664599879 0.187921366612181 0.236554408623615 0.139178560164324
0.390829572341125 0.299123260776463 0.122215495451553 0.187831671430859
0.149131027071627 0.392065245013025 0.382354873487276 0.0764488544280718
0.328197999225488 0.159996670478356 0.331430741864521 0.180374588431636
0.151068714144872 0.57912722317546 0.0413214621157176 0.22848260056395
0.345438484610331 0.288094246388289 0.0825218773116832 0.283945391689697
0.177981554068044 0.0515828728387204 0.38863468216856 0.381800890924675
0.101410434421345 0.120640965572201 0.366148788341927 0.411799811664528
0.241308751107166 0.182874477280369 0.289783037130449 0.286033734482017
0.240097482677999 0.314146878825315 0.257854860231864 0.187900778264822
0.131372867311531 0.118857340660299 0.342180434474529 0.40758935755364
0.456457728083742 0.0220121654691264 0.214207800803971 0.307322305643161
0.476158659000664 0.453266061702505 0.000531431787797687 0.070043847509033
0.424870564531924 0.115600676990855 0.181960441334739 0.277568317142482
0.208121642377753 0.448618928795514 0.11454711342801 0.228712315398722
0.0585194856612761 0.500038418020281 0.102036903263486 0.339405193054957
0.0125502601942744 0.0781161626060876 0.110301431718018 0.79903214548162
0.421690792120144 0.234259750265362 0.232569350227003 0.111480107387492
0.213453907713665 0.0846286870634207 0.228228895791719 0.473688509431196
0.35421058979158 0.302862426031108 0.0678386366971721 0.275088347480139
0.536161104329703 0.0122857811291015 0.139846577305442 0.311706537235754
0.174241298158842 0.674330603029882 0.0209331559763513 0.130494942834925
0.193089100000404 0.26246364979032 0.236523520703204 0.307923729506072
0.283422847077736 0.489638553037449 0.110928287984427 0.116010311900388
0.0537982946208446 0.0954830216202471 0.622803666798648 0.22791501696026
0.279618683873631 0.0859160791956544 0.360024553084649 0.274440683846065
0.341470355330151 0.262095784487606 0.0744242630100634 0.32200959717218
0.0280059692294809 0.105246367317661 0.619021366950929 0.247726296501929
0.232585727265575 0.315092990151097 0.393458374645819 0.0588629079375087
0.140880811923528 0.206220219910061 0.392206324763652 0.260692643402758
0.333164073709574 0.405932661789129 0.0948456928392455 0.166057571662052
0.402739720958527 0.330775168702431 0.0245489852947149 0.241936125044328
0.200889245682007 0.192170606672748 0.268513025932342 0.338427121712903
0.270996751614557 0.324787195225348 0.331420470188655 0.0727955829714395
0.194309234096045 0.268677279483459 0.206347674672085 0.33066581174841
0.311795749394133 0.054417720465441 0.275798635997523 0.357987894142903
0.147570881686928 0.270025361617952 0.316188053029219 0.266215703665901
0.274947988888688 0.094865695556032 0.413006447662313 0.217179867892967
0.00398814088299075 0.22260154464256 0.39969238785899 0.373717926615459
0.302608284729481 0.290230551031057 0.290188234263237 0.116972929976226
0.577390958474667 0.0782058641866619 0.225243160380208 0.119160016958463
0.383692153422423 0.231434030397189 0.155745051369423 0.229128764810965
0.39933898051877 0.117177331682551 0.241676986887875 0.241806700910804
0.23893494696542 0.160659997132908 0.402803970414483 0.197601085487188
0.226360063232722 0.243669362642164 0.215551858383187 0.314418715741927
0.249422020375124 0.26962216910007 0.459314242800102 0.0216415677247033
0.209419448931374 0.266923047889004 0.126425528774737 0.397231974404885
0.357118895406691 0.0345977070225967 0.435130876003636 0.173152521567076
0.433939741068454 0.144925081141757 0.23015854775857 0.190976630031218
0.0957450614344148 0.602552950598425 0.220830409412721 0.0808715785544396
0.0736565452671693 0.335837962217529 0.34269590689629 0.247809585619012
0.153647496501577 0.0813286249036182 0.43330585799843 0.331718020596375
0.393682754418598 0.223899767322092 0.266443865800524 0.115973612458786
0.276983651395507 0.285151603211827 0.150758406163351 0.287106339229316
0.296453200561097 0.294503217224276 0.262814109951873 0.146229472262754
0.377522268394844 0.275363697388952 0.26682351699029 0.0802905172259132
0.0719008462836631 0.438425388153701 0.4657799526062 0.0238938129564358
0.0779543668925068 0.307679012202143 0.482527513500897 0.131839107404453
0.0887089609230469 0.298225303444621 0.185072383269071 0.427993352363261
0.416327865723099 0.261154251527865 0.303320836132795 0.0191970466162417
0.212283754431993 0.305595467327218 0.176611528492845 0.305509249747944
0.0212392726495615 0.354967086166148 0.281424119089718 0.342369522094573
0.165166942148784 0.432494144434296 0.138911550927688 0.263427362489232
0.267795247259103 0.230987675229115 0.176746767153186 0.324470310358596
0.0541202640345975 0.125977397582764 0.183400492458678 0.636501845923961
0.285030696394686 0.236288776724845 0.358315159354794 0.120365367525674
0.134713541216679 0.244152249627917 0.358498465934026 0.262635743221378
0.202305010269954 0.216659507921221 0.149178220258343 0.431857261550482
0.131406303903982 0.18070368661097 0.42434416493902 0.263545844546027
0.0967060352784346 0.0182916116530104 0.665320585719142 0.219681767349413
0.174428090339014 0.20823681163378 0.33580152597589 0.281533572051315
0.26324205975844 0.178325623477663 0.300259507736796 0.258172809027101
0.392901169876333 0.0628183051382807 0.243240552316363 0.301039972669023
0.128137789542727 0.163238485414733 0.194888386657283 0.513735338385257
0.0541241895574902 0.309369710551709 0.234738579848115 0.401767520042686
0.486199584086182 0.198989976799365 0.107625356674248 0.207185082440205
0.53798590168578 0.217676352271887 0.23671955865434 0.00761818738799292
0.0321091082301789 0.427508928802439 0.479148095328213 0.0612338676391686
0.162955671384099 0.192096306508106 0.333793250578983 0.311154771528812
0.0690421182951196 0.095415097772317 0.363116573739123 0.472426210193441
0.342360338887329 0.0333198932304691 0.222012613318395 0.402307154563807
0.296225731409932 0.213750938272117 0.293383913423105 0.196639416894846
0.364882790621852 0.103498733256315 0.254644175569001 0.276974300552832
0.152595374469999 0.306563022890006 0.189488850218723 0.351352752421273
0.386170459313322 0.118464639297102 0.14937373174501 0.345991169644566
0.161837586936499 0.450228520588557 0.287177476905148 0.100756415569796
0.548852430104841 0.356507338452656 0.0674899813703612 0.0271502500721419
0.32268307974442 0.168298390479291 0.21152160900136 0.297496920774929
0.261018323070168 0.387473907583091 0.226196986869183 0.125310782477559
0.357356849764032 0.297358825250737 0.051538943387444 0.293745381597787
0.108469630317664 0.332284507788731 0.47026577002982 0.0889800918637853
0.354026578041867 0.0336377822352384 0.422709588503059 0.189626051219835
0.19690135151093 0.263931917253896 0.215883498910654 0.32328323232452
0.666461000024308 0.176573794324999 0.0972612279207327 0.0597039777299602
0.0607173352106082 0.105852575028939 0.707614230212068 0.125815859548384
0.407778059338906 0.0822832625084739 0.0492468756562781 0.460691802496342
0.298968836434098 0.189332096700757 0.247361688385781 0.264337378479364
