0.00296098430476114 0.172833912853614 0.0737287261579627 0.165285103534866 0.0680854905101897 0.0654538290793249 0.214167470688819 0.150661847725769 0.00925614058836648 0.0775664945563272
0.0251963670685272 0.0558890917467638 0.107689492344911 0.00784707914524486 0.0643104844402438 0.140051489063008 0.148347495330656 0.17941540437993 0.116805347857719 0.154447748622996
0.127460083602327 0.089687676172603 0.0713927117842326 0.144136069911906 0.189010615667319 0.0600851833025142 0.0460392544709954 0.0641215021162029 0.150179190277606 0.0578877126942931
0.0621257478358655 0.181251080028683 0.146848959835851 0.187604826813043 0.10628749662478 0.131337424452744 0.02150098161785 0.0761104263686938 0.0467448945336855 0.0401881618888045
0.0987539688839704 0.0810220486211563 0.0809132230268312 0.0309176433915788 0.0361617874050026 0.12397863587816 0.161463528781842 0.0799013906678888 0.142973876190519 0.16391389715305
0.068284691295479 0.226469045891297 0.109702420287408 0.161063612381649 0.137616860056755 0.074683149401192 0.095771857334272 0.0210295284945055 0.0293981737189507 0.0759806611384918
0.026641465881023 0.0339419241188121 0.123928582726444 0.118400662007941 0.0178809784001559 0.0665482816309768 0.246788900285248 0.189934389786042 0.109161088668433 0.0667737264949243
0.0767772593972331 0.150736569822806 0.0408592360895783 0.134462803000156 0.172490484991223 0.0985609360438631 0.0690330637213649 0.0154182279130103 0.159871004437477 0.0817904145832886
0.0973834928610538 0.0382048038378297 0.0320992952704101 0.173335607161051 0.167530547749549 0.061825798581121 0.109320643048043 0.0987453370393799 0.12689387267106 0.0946606017805025
0.224162310623696 0.113505614033952 0.0358965410242848 0.112606225049729 0.0156089148845624 0.00754891888893892 0.105652691049955 0.124242666896214 0.18902819030407 0.0717479272445987
0.0614221047092077 0.0686898577429584 0.0614316462663668 0.0649288918959469 0.143761610347514 0.0627231039013176 0.0726597705994474 0.103748665508054 0.112951797215026 0.247682551814162
0.136486547311673 0.164600076089358 0.108613640160148 0.0303423721289715 0.00699870317632193 0.0232167811887888 0.0337827601896173 0.0062948107363639 0.231584708939072 0.258079600079685
0.00717729623958527 0.166585004165474 0.0833944667992638 0.106224141941385 0.115190725540672 0.123334904128636 0.00752021190997262 0.0848452002300591 0.163079656398486 0.142648392646467
0.0120277906566798 0.115129527466665 0.128032198749967 0.050939877650241 0.153158982148448 0.146214762752602 0.140728890805898 0.160789258848915 0.0336500318969792 0.0593286790236044
0.0446155282877548 0.0164822604019893 0.0556200048492344 0.0619815188737386 0.167740127610564 0.135419509472787 0.108553017940946 0.103767035412373 0.133249984645761 0.172571012504851
0.100351413379796 0.0715624372079831 0.196825112184087 0.129633566093794 0.0139325511250213 0.096419689160911 0.151165480867176 0.0960904263957485 0.0582681306912518 0.0857511928942317
0.131789435316261 0.13157122021158 0.127351239341277 0.127647960280969 0.130330658705011 0.0881557648213628 0.034876056660389 0.126694140650275 0.0441829075174731 0.0574006164954026
0.17996592334531 0.0128310563621743 0.154116654090652 0.0741171981795043 0.0478720332580716 0.142800873809337 0.114696190243527 0.00516778775862866 0.17583931498795 0.0925929679648458
0.0856933502686357 0.0989195476479827 0.119457665002817 0.159746609974657 0.0867406822030789 0.170315510288392 0.0137139576702766 0.0840528172499583 0.176191326371521 0.00516853332268062
0.00667797517596017 0.116783487650382 0.0483364850342223 0.0110690552026162 0.127177606120153 0.199444604815738 0.0102916932563735 0.24687922426313 0.199821513164161 0.0335183553172647
0.0363539364062496 0.161518291509361 0.00806458491295172 0.153526552347282 0.0847737860063942 0.117323263062375 0.190758009115851 0.0925582428357148 0.08562841752378 0.0694949162800413
0.0337710211551101 0.167555665040987 0.137139535036532 0.042236820001673 0.220826597589407 0.0128754808117278 0.0104361765994887 0.21544918878157 0.103779773241849 0.055929741741655
0.0378257967701414 0.126231416405473 0.126641169575233 0.0568726489925568 0.0218091233261599 0.16816334959043 0.132280989837067 0.122218121775822 0.144581949011923 0.0633754347151956
0.107128576450653 0.113395053921786 0.0781380412494182 0.129239102689596 0.0247768873393011 0.0893609436727348 0.101467138913356 0.159854876597066 0.0771434383577608 0.119495940808329
0.182214671014675 0.183678593834415 0.107087074371681 0.0303270398130997 0.024285328752497 0.161008638737156 0.0310924675173775 0.123134800363062 0.00932744825023588 0.147843937345801
0.197265708351 0.147124687383828 0.172469892000984 0.0209927164637895 0.0451032672660522 0.00340775445759248 0.0648310013108671 0.0431917521166685 0.186921252751747 0.118691967897471
0.0258710969271692 0.122163973041077 0.134310283100909 0.0893252907146431 0.136933835268986 0.138202328929413 0.0576295804218935 0.123453397617925 0.0562806052007213 0.115829608777263
0.0663480097755827 0.104061405833784 0.0392500041998772 0.0133410909503809 0.102263680093926 0.157294225356311 0.0141321429708194 0.180655651648209 0.184881793329073 0.137771995842036
0.0848342649187893 0.212634173129567 0.160615344125495 0.168140192215273 0.0221568292701574 0.0132617394854964 0.0261478421608944 0.0660841877475007 0.197156305905623 0.0489691210412032
0.100773833622999 0.0997642665928458 0.158122722610182 0.0216143173027066 0.123031136546269 0.132784004598706 0.134938667130208 0.0945931134261291 0.00323529399319557 0.131142644176759
0.0216270447129411 0.117852341457462 0.0270096345248315 0.106588603006171 0.204288589563316 0.0505659535529607 0.116068432178843 0.0286798037910917 0.215342628782079 0.111976968430304
0.0960394920574816 0.120285678402541 0.0746724324406289 0.0337580300712304 0.0359157485687882 0.183876825180932 0.189054906074575 0.118411028037716 0.0157966374648664 0.13218922170124
0.119197392941924 0.05563530102791 0.0324060346049521 0.171840397728001 0.0745607680784468 0.101058787791987 0.102513590405156 0.0302022529176401 0.151657376184927 0.160928098319056
0.159833437411613 0.0842122362663382 0.144483424248117 0.180847723170618 0.143629401181237 0.0330988005779424 0.0873472277602749 0.0085984179290243 0.15074403210334 0.00720529935149494
0.165197250742468 0.154405510243327 0.000792998872987253 0.115492069263196 0.140249698621992 0.0426006481528874 0.0974740461548231 0.161594743470788 0.0607668433537589 0.0614261911237727
0.0698333445626872 0.177633186870798 0.0233408843514303 0.133894971569731 0.112846550991759 0.091943171935279 0.121811872982144 0.0448823461235158 0.0852417089972242 0.138571961615431
0.0571634820509379 0.107817480693632 0.174833699367701 0.0649573892644582 0.123586850575322 0.103769598685815 0.181295233897311 0.0140657693713554 0.0888626779383947 0.083647818155074
0.0855237831077866 0.134812521991397 0.0154320409274129 0.0700347440982927 0.186882331051154 0.193205129750178 0.0934341510536268 0.025970270892851 0.0112222658027114 0.18348276132459
0.140408080302387 0.0401977862588938 0.168898687727651 0.115129246462823 0.0935063306727145 0.129628376850463 0.0241262536297201 0.0941768306707295 0.143357612403527 0.050570795021091
0.135220223626137 0.123743031536866 0.132032368901694 0.105062131811414 0.121591460297395 0.121677634538418 0.0897908279068359 0.0710923794616256 0.0168727383230765 0.0829172035965381
0.189052848677738 0.121022184854566 0.0998248388270567 0.0132992232311888 0.0633590110865546 0.0675875936091676 0.0706204011664642 0.143575224092576 0.117606110086138 0.11405256436855
0.199035433792978 0.121771356879271 0.0435558109508805 0.0101543258479802 0.100750105572751 0.0920533379657264 0.200696800930031 0.0609062144376612 0.0739584734995721 0.0971181401231484
0.141597110220183 0.110612481740752 0.108006055116625 0.139520502627806 0.151227946805398 0.00719153778339338 0.0148413457979774 0.0189282025730973 0.154707543272183 0.153367274062585
0.170694896417109 0.0560278138082298 0.0621783219290307 0.181013333402666 0.0318897105026599 0.180013526181528 0.0963853194178335 0.110567814504449 0.101574487227116 0.00965477660937704
0.116613399524937 0.106019630560919 0.0859392223648964 0.00713164291930783 0.0730258341853856 0.175503382878527 0.113428349069928 0.0848237691546703 0.179068981274295 0.0584457880671335
0.0869930602078546 0.110074976470566 0.140444058117336 0.153022941490203 0.121042077704927 0.00203965950313096 0.0747275173439495 0.119876455702142 0.0725483860393567 0.119230867420533
0.0711422065087176 0.172921879385332 0.0991288068987208 0.149296940007092 0.028633493391057 0.219380717230646 0.0494157262523218 0.0930696328268586 0.0367150399447029 0.0802955575545504
0.151368145209018 0.104398759961869 0.0691003509129666 0.145156208745185 0.13537067115293 0.132456962216295 0.164541513648235 0.039930216971092 0.0554464536828875 0.00223071749952167
0.0821453118699275 0.0269392272597647 0.0927734839931224 0.131231455914668 0.12596681913794 0.110269112808638 0.106993888835314 0.135629466562238 0.0781190745568365 0.109932159061551
0.0141192935339884 0.0125553470656547 0.078810679749832 0.18645428505893 0.0463314432761333 0.202263191996674 0.020604976336928 0.162749105290148 0.248606746267543 0.027504931424168
0.0174093994930421 0.027718324522071 0.104257672915205 0.239612758455542 0.101174520585192 0.0528369881859404 0.0714317900341269 0.0862059698700744 0.167171354234305 0.132181221704501
0.0938217679602385 0.0920212646345788 0.0824404753788672 0.0778997309147189 0.102243303288655 0.131645366098858 0.155275343857175 0.104806427988154 0.155159759544286 0.00468656033446807
0.0339674974427715 0.187794770578654 0.0936409475320472 0.101646330553722 0.0213723887878611 0.160638662497275 0.0732899518567792 0.152630317771527 0.014770004166041 0.160249128813321
0.155277970798054 0.0180360286671078 0.170655373113199 0.137746448077557 0.0745552626019813 0.0331105942504538 0.0490604034861758 0.0958382573107175 0.165298451410859 0.100421210283895
0.173092465734118 0.145713226864674 0.0952719762032467 0.00422113682698724 0.0186977573813351 0.207749499967287 0.0320919942331363 0.0945726597337883 0.181470725813482 0.0471185572419454
0.102535428139446 0.0801208937614349 0.145391004007537 0.101319284035994 0.0448433505830228 0.121913230076179 0.127395825612036 0.129251860474884 0.127199386090456 0.0200297372190109
0.129596788821429 0.0887846310130894 0.026192463111288 0.196556426190052 0.190425799909381 0.0593824694528748 0.0482515896340016 0.0421510512009633 0.196230938365744 0.0224278423011765
0.0848112846622304 0.14027397693794 0.0681758594090909 0.0578892317520452 0.00384503113537485 0.141419029415101 0.183784288145215 0.134504699361258 0.150519672471594 0.0347769267101512
0.12106903565694 0.151462291633386 0.128858023989759 0.000814290265302052 0.0178091009660705 0.108077501829213 0.0797781568448628 0.184084787563727 0.133305247065051 0.0747415641856878
0.0675809392980453 0.118280905969516 0.126892537810059 0.0255684134308 0.128960995695839 0.13676706165067 0.123869034372789 0.0533319731290028 0.117014447409597 0.101733691233682
0.0334360354972069 0.0136205279339183 0.201973647931098 0.0516061614121837 0.0117237824540919 0.138661944675418 0.199809796703602 0.0875172043579252 0.174236888950943 0.0874140100836127
0.0946413739843336 0.169885815532957 0.158389512523186 0.122896706748367 0.0275641376846082 0.119807002986514 0.225981126933449 0.00523517326691343 0.0439401165971208 0.0316590337425518
0.109494279964377 0.129253722627962 0.0472855231021203 0.0335696201436617 0.0948121312568254 0.16638104461275 0.149674794942908 0.054222256058995 0.164579195963461 0.0507274313269403
0.170529320613274 0.126394192350033 0.118929387785935 0.052238787114891 0.16936416151987 0.0623178393810144 0.0417023556269038 0.0492577248136954 0.178313349950664 0.0309528808437196
0.0388577907417534 0.0716537673396945 0.16450925539034 0.177552152531812 0.0148049935744029 0.170378956473714 0.0641598155949758 0.0963969800513785 0.0173726144418119 0.184313673860117
0.0633927088615821 0.152898026119619 0.0532638796107906 0.177833563796118 0.0507021652597804 0.131412636955914 0.0271179109911409 0.148031582711401 0.00631044773881414 0.18903707795484
0.0945979127323245 0.107956029602424 0.106383864191555 0.0445153506225744 0.105270220893293 0.0972178978848312 0.0589574785245504 0.145716840329159 0.118232316576853 0.121152088642435
0.097169927851572 0.0659620892386527 0.120414100323745 0.185968475637754 0.0981606593040419 0.161063618328604 0.138025980095048 0.01401952487906 0.0759743765392906 0.0432412478022321
0.0861903578063858 0.133190362666721 0.158454264933681 0.0731804664969233 0.105300452044829 0.144535894377054 0.0324523749574587 0.135495181000644 0.0136476227476671 0.117553022968636
0.152731018842105 0.0740563846438074 0.125334140986053 0.100952310398593 0.101035074930349 0.0620692472273964 0.11968147419391 0.0967263763771111 0.106398537191874 0.061015435208801
0.0702971830981451 0.0967203556948782 0.160386460074014 0.0314716910330315 0.0876787913229904 0.17551405043993 0.0564289061348563 0.146418809236983 0.171402969248792 0.00368078371637933
0.213949727635104 0.0764260759508661 0.116998178918153 0.0284056176238882 0.0849359521275328 0.213432747060078 0.126698020165861 0.00421083973530145 0.104582990410462 0.0303598503727539
0.0955128228785953 0.160063096406602 0.0712731780420052 0.140462963193589 0.134172465999689 0.0560038160998033 0.104509512354367 0.0986868808492588 0.126542677380281 0.0127725867958097
0.15847246545033 0.0207304425165211 0.0315871565263138 0.0552030473185842 0.123720993359141 0.108695053735699 0.0935015350202964 0.0903133702084052 0.163393246209257 0.154382689655451
0.00152740017397205 0.082158303273846 0.150680313081816 0.205040258122978 0.153887197289624 0.0396389947833488 0.175282505098726 0.0456594523154951 0.0128221236569754 0.133303452203219
0.0904923787148517 0.206432580412084 0.0366205662255234 0.0561169007393198 0.00376275284358811 0.0869625209390579 0.22185214924725 0.0120915042636111 0.153681533013326 0.131987113601388
0.014651394222527 0.00342289526205275 0.112282870891868 0.152637092153102 0.048053144486611 0.0980964152865024 0.150093003117399 0.144640119216405 0.155804626168048 0.120318439195484
0.182240070348306 0.102796645562826 0.0840805153598318 0.125719949229834 0.1463392348575 0.0769786763447776 0.00363627471852687 0.171737270223128 0.0414049848707211 0.0650663784845489
0.148212547296286 0.0224606875530469 0.185200934672283 0.039515754478897 0.179498047482301 0.0473447536470241 0.0625774189472235 0.185882875901526 0.0773956115148675 0.0519113685065463
0.181770181014058 0.0939187829746362 0.0107589542763459 0.0221768997977157 0.0672232117129188 0.0747599116842011 0.112869733902614 0.179432636375829 0.00154663102593438 0.255543057235747
0.125859019621423 0.00743702659736895 0.00249303102888413 0.211853422573526 0.0163590934358929 0.220236774852118 0.0470839062862825 0.0169486759501408 0.202546160743473 0.149182888910891
0.081592275653321 0.0790086703666501 0.0909318014584788 0.0434131731054432 0.0547467918240177 0.0805894994391458 0.018147032788262 0.147133353182403 0.203342752763986 0.201094649418293
0.0694286076787223 0.00752744419700012 0.158440127366982 0.174542809730196 0.0982249478549227 0.123117465683682 0.0112679487274273 0.100873174083513 0.15575659858768 0.100820876089874
0.0152451969795787 0.0737795388243984 0.0865659563056423 0.207716816161004 0.162682765792124 0.120376252925331 0.192650643008597 0.0724732751288964 0.0359665909222326 0.032542963952195
0.0346379896303925 0.141814777544754 0.194909779991042 0.00181381262762124 0.164488660534219 0.103045205374558 0.0856003091161461 0.110101562736544 0.0617149482312074 0.101872954213517
0.118913534098203 0.135333349288871 0.135790317237111 0.0891095887662618 0.127458234518438 0.0447896901845863 0.0766632384184196 0.0393398729633427 0.0721975982429507 0.160404576281816
0.0165530652506959 0.199231940928513 0.124174831077751 0.0132233990232678 0.10518071424732 0.181384723866498 0.102121129434122 0.0491566556768004 0.0343983573685382 0.174575183126494
0.0914925121561733 0.00638814009109531 0.00648535882380851 0.109167461046272 0.0183004674979856 0.0880395380314752 0.073746645628778 0.205545862358301 0.201283914250298 0.199550100115813
0.119042135274468 0.0468943154761869 0.0688528447885879 0.124649682896326 0.159558510515649 0.0398884690112564 0.121508654538295 0.118191666643872 0.123174202917154 0.0782395179382048
0.0608853451047693 0.127388540858954 0.140475880327657 0.127045283824441 0.0454148061363515 0.12577631644891 0.16161218947042 0.0372242889106085 0.0136672514501958 0.160510097467693
0.0460995311962035 0.107206696947111 0.0881098751399542 0.0631325974841881 0.137735799487247 0.0778533123754988 0.0294257115862553 0.158653819432113 0.131883183153147 0.159899473198282
0.00825086352163091 0.102454620370431 0.126999622598045 0.049124745466893 0.0139279374154688 0.173834698671959 0.185529428578803 0.0637901675668929 0.180388513804826 0.0956994020050494
0.0215451051232146 0.00594576225280779 0.180636503507446 0.186734121959692 0.124425027709746 0.114565602648147 0.0034442837829348 0.168813297106438 0.16835550239387 0.0255347935157042
0.00582012464204782 0.0132774456174893 0.110449891238217 0.135507636812675 0.179910770065237 0.0526343563721981 0.146406934295462 0.0310867477290245 0.174875699959176 0.150030393268473
0.143048767237626 0.0579319865973439 0.116582948585432 0.0258553645936956 0.211698615832782 0.215911515188373 0.0200207964153425 0.0450001200204097 0.125250424495195 0.0386994610337995
0.141705635338777 0.166740148803858 0.0931252843017153 0.152441752730805 0.113563809349551 0.0987825079898956 0.00939616186384357 0.087325296079059 0.0308638831404406 0.106055520402053
0.190702738754123 0.0969346297647726 0.00733793683691424 0.150084265520098 0.24343999285401 0.131649891853554 0.129948184879111 0.0152841895140307 0.0108804039389381 0.0237377660844492
0.181254610686885 0.0979462010799939 0.0042207772850563 0.125934144369813 0.22223386425807 0.068299739096839 0.034541564072876 0.0033691981967248 0.199189068454654 0.0630108324990878
0.0389096758640646 0.0782170382961468 0.0684312812484502 0.0335944208730348 0.182588460272486 0.151395660197131 0.149955324127278 0.00994045402963972 0.126879166735117 0.160088518356652
0.00101928530560638 0.161694666185808 0.0331309591431212 0.134034690345338 0.186914086227222 0.110615275975349 0.0912257884664169 0.0934119026377092 0.0540269578187666 0.133926387894664
