0.321092114599769 0.216528633712041 0.0628252849018459 0.345004378475191 0.0179626161836784 0.0365869721274748
0.110362289583156 0.140359804052302 0.264763139125293 0.0702835871163758 0.154744558325558 0.259486621797315
0.194547950912956 0.296486514306689 0.0169318638423656 0.340257725969154 0.0796019264684317 0.0721740185004044
0.130458450372549 0.0231856274568442 0.17893872372496 0.336964393479457 0.00530991452937626 0.325142890436814
0.0899991999757948 0.235126604204032 0.07581314677926 0.182819039918045 0.226409511169763 0.189832497953105
0.0247674257619215 0.117176715340479 0.322125944673024 0.313561922388026 0.219989196028475 0.00237879580807294
0.113863430633999 0.178208887851333 0.383724818182647 0.0106148743809019 0.0731996138550924 0.240388375096027
0.0893414206101569 0.25902563873312 0.0614444927126019 0.244112329456531 0.0482422882255689 0.297833830262022
0.0152854972746865 0.327604856733913 0.204355778746499 0.171772179302967 0.0349499917925762 0.246031696149358
0.144078812073725 0.132028489061575 0.217664481002242 0.0594617668886466 0.352128326749118 0.0946381242246927
0.218786909897046 0.0678717368778642 0.122057521045104 0.280234479896961 0.220684425443178 0.0903649268398464
0.207456634279429 0.129143372558177 0.00665794785375515 0.288638283482532 0.204145463379742 0.163958298446365
0.169887387666059 0.290864163290357 0.0406385286761737 0.271020230957445 0.139099080857454 0.0884906085525118
0.20224937498842 0.109987187091526 0.0594669907597605 0.00295784741572562 0.386568545556498 0.23877005418807
0.0281963325104489 0.230801763803773 0.158125563519564 0.231032649137127 0.161369725745846 0.190473965283241
0.0954735346244597 0.0368561006938497 0.198986908709608 0.298487637766477 0.0521345096463982 0.318061308559208
0.0898932079324748 0.0457008120262379 0.227812846297693 0.220136685623839 0.20041534850485 0.216041099614905
0.113306219463941 0.0343366377829353 0.127826601633295 0.309349007895273 0.254210958534617 0.160970574689939
0.0617819134110794 0.176524025083597 0.396733824735476 0.0185201874226187 0.0215613231554634 0.324878726191766
0.128237514402095 0.117251466329357 0.28422504572515 0.0884324200598817 0.326977453936058 0.0548760995474583
0.249972703822423 0.174804902101072 0.113009306233327 0.19424202465286 0.200787215138767 0.0671838480515512
0.234444701555576 0.145608460689689 0.333033754970488 0.00434816149764101 0.126737539993439 0.155827381293166
0.0698315654947836 0.303759654957794 0.397568097658497 0.00704197627835459 0.189842330842097 0.0319563747684729
0.195662035289088 0.205134491750076 0.183000103056935 0.0324696961052262 0.161248590982247 0.222485082816429
0.192317913413973 0.136639826010142 0.0969637161025571 0.171539170150091 0.189453642445224 0.213085731878012
0.242509985517655 0.127634077256894 0.107621188846257 0.173255545379172 0.078306727332379 0.270672475667644
0.103125006792357 0.234734493391263 0.0841382849572286 0.278893771065917 0.221372308985464 0.0777361348077699
0.195346475894087 0.350215564388139 0.108763700168657 0.196590006780579 0.0218192755082074 0.12726497726033
0.0375020269808135 0.23897763574753 0.139692921053793 0.280096213285995 0.111408790795814 0.192322412136054
0.21849970073705 0.162092597526678 0.216388774575305 0.0589526857264894 0.154961267251397 0.189104974183081
0.11207663410659 0.227535156009996 0.0451066614531305 0.166491484099412 0.226703519158972 0.222086545171899
0.177448923861492 0.0862929791388941 0.0783353833093732 0.128229516444184 0.312049172570933 0.217644024675123
0.256218724403627 0.107883906607204 0.443099855837542 0.00746137780106089 0.06477506636794 0.120561068982626
0.0369427188457985 0.258338796239754 0.171674380029865 0.120771128307852 0.136563719824338 0.275709256752393
0.132329279031923 0.0966854483743644 0.16139834897491 0.246790825836957 0.116440080785886 0.24635601699596
0.0892247650747706 0.112060638001511 0.184645203464784 0.218025626158011 0.232718527783963 0.163325239516961
0.326500078778105 0.0521411211906023 0.170770955849696 0.00434541913102406 0.24650482874449 0.199737596306083
0.161760682291687 0.246742609313348 0.183888045902306 0.219762303895026 0.186239063962744 0.00160729463488895
0.173945558643334 0.128120043995468 0.131006299146061 0.218970615425881 0.152016080509402 0.195941402279854
0.204803756989369 0.0790962035152496 0.250691222623816 0.170200543387526 0.21565334984183 0.0795549236422093
0.0237097365157537 0.279854171640489 0.015651290804419 0.310358304373327 0.309099905007384 0.0613265916586279
0.350105333472727 0.279096326754074 0.0611665780926111 0.0528845304873949 0.189763423386245 0.0669838078069473
0.208062797281434 0.166383579358539 0.235750422052887 0.179362931535545 0.0444704820216992 0.165969787749896
0.110024334058515 0.0998517305722314 0.270529483901447 0.0976449998278251 0.201765932610616 0.220183519029365
0.101137655798082 0.198273770054715 0.0902782951573995 0.256506253118458 0.261283434988729 0.0925205908826155
0.193379906304942 0.149035785603262 0.0720545595182298 0.13570852925105 0.228709644473512 0.221111574849004
0.280977673552408 0.144355110139227 0.247017858236906 0.0994295541845951 0.107076625276623 0.12114317861024
0.069231850035393 0.08793876738366 0.0455555171446798 0.182715891865204 0.35686842099377 0.257689552577293
0.233275348832961 0.163240988705424 0.140961568492037 0.159458480789183 0.08985282351399 0.213210789666405
0.198315361535584 0.152310204930737 0.236815118080937 0.116543531427497 0.121252092846489 0.174763691178756
0.227025713400848 0.159199107327131 0.0965089166512067 0.160530352086136 0.184179678779555 0.172556231755123
0.191019378186286 0.112659350827916 0.0452525822579435 0.182989526957857 0.261491296745547 0.206587865024451
0.199972814127508 0.133549518583571 0.238397013380354 0.330358272461947 0.0743038736376757 0.023418507808945
0.205668077964435 0.134617806070062 0.185057320094062 0.123464989616401 0.16517329122541 0.186018515029631
0.14754100470643 0.211780459082683 0.202245167192315 0.214485579370485 0.180809365560061 0.0431384240880259
0.0251965450330691 0.181303588761147 0.233254235758877 0.112196247534783 0.163248832614195 0.284800550297929
0.0628885472553259 0.104977176614209 0.289019653137228 0.133949052922421 0.12570778197676 0.283457788094056
0.11086879055701 0.314836188391207 0.0125640831722589 0.0916341817407471 0.21018055074149 0.259916205397287
0.31966796144774 0.129554405074094 0.0412036070268209 0.0601307218417433 0.0641399196262569 0.385303384983345
0.337796062446776 0.210980604829529 0.0672053758458221 0.0230055243551627 0.19641786033299 0.164594572189721
0.1789524612353 0.022327638420675 0.169510721321834 0.203975755912422 0.351972682215405 0.0732607408943627
0.398722923925549 0.0389547466418778 0.121970486622804 0.0348505621830461 0.111381251254502 0.294120029372221
0.12655732988555 0.290920006179275 0.111012446708174 0.0774186235680408 0.0315542625465069 0.362537331112453
0.270803825867006 0.0412811237448636 0.153331901143916 0.238074061402595 0.176615433769945 0.119893654071674
0.222431013392354 0.0401701975226736 0.186060449153846 0.14998382065018 0.240584599162544 0.160769920118403
0.0446006416335611 0.152452616385559 0.1118588653258 0.236135102492848 0.307609506604663 0.147343267557569
0.21972044473509 0.245504154989441 0.257762914855518 0.0473518545400346 0.212663335520701 0.0169972953592153
0.286544845774636 0.0725180317350685 0.149124153489958 0.349067469194747 0.138575120332103 0.00417037947348872
0.164874764822124 0.250890064444202 0.12509075013342 0.0483103402039902 0.272454261188078 0.138379819208186
0.191484768907833 0.0629663505678507 0.177658327025293 0.27561982163234 0.048665148500804 0.243605583365879
0.24008369810206 0.197374065996094 0.169781923574351 0.205876458657282 0.10810900207774 0.0787748515924731
0.421181782172637 0.223185236026848 0.143423441921819 0.113303406160578 0.0819447239022131 0.0169614098159048
0.180507102811349 0.244438697144533 0.0481079453816056 0.157259745323887 0.203293761394842 0.166392747943784
0.25417710464049 0.261359647209652 0.274517231497485 0.0442401009910881 0.0607333988364736 0.104972516824811
0.258447696595828 0.21240139432959 0.0129562158819842 0.190075506701412 0.100558943604168 0.225560242887017
0.108780781277326 0.375674054646735 0.00425014913369 0.127974206463655 0.00797454971087629 0.375346258767718
0.159631493060303 0.153895105484923 0.0993884833369779 0.162974035176246 0.224342215488631 0.199768667452919
0.140133311631845 0.0575685823692069 0.236179017291186 0.206248462247633 0.22072642553165 0.13914420092848
0.0745946621720544 0.147796158191791 0.241441808278214 0.0689353429326684 0.212152160608737 0.255079867816535
0.177712777546091 0.152763239714429 0.181844673581839 0.236430014098335 0.0431181586231437 0.208131136436163
0.325818560185968 0.0749162176233118 0.443564583194244 0.0103221795783777 0.0232735568970763 0.122104902521022
0.223328875873804 0.020173632095042 0.291155529298388 0.235311485404232 0.0327031813717734 0.19732729595676
0.230370638204196 0.0940133508836851 0.0241989490729522 0.182829961797255 0.23182889652369 0.236758203518222
0.0889662697137355 0.0961259900683523 0.299643402575778 0.127355440545049 0.269641623999274 0.118267273097811
0.108210752185772 0.0984679757395501 0.0229074974544229 0.426154171427398 0.12727705365235 0.216982549540507
0.221508347026258 0.230117230060986 0.0957222546466717 0.236036411102241 0.00963608049239437 0.206979676671448
0.0599533856881583 0.0974573988652336 0.231207611702315 0.287789189311171 0.19057600988036 0.133016404552762
0.0634858881205114 0.0787135487658259 0.137682472447709 0.339098698324354 0.0373098447186746 0.343709547622925
0.0219894338199849 0.0634215640693099 0.337711138805343 0.196324893624086 0.00329113783309471 0.377261831848181
0.114315940743963 0.103731652842716 0.253794735144008 0.0809582176497859 0.251290509396802 0.195908944222726
0.138707226410349 0.256637084096374 0.275091366974311 0.114303451791418 0.104423894767289 0.110836975960259
0.32652877714294 0.0131602724789208 0.367525316611137 0.241777943227194 0.0143811474301842 0.0366265431096241
0.097706905943706 0.147599847619874 0.216219884079081 0.0774472086155667 0.228954442792292 0.23207171094948
0.200047436848667 0.176278836560573 0.181914170947969 0.245741516606694 0.146545497184238 0.0494725418518577
0.18955347793282 0.273350090821051 0.00681696906988105 0.11872452003348 0.21290619635496 0.198648745787808
0.192438634503203 0.154610884045113 0.0556117544275616 0.18197877428881 0.208773085616604 0.206586867118709
0.275746770067662 0.0367309603493407 0.26746686815426 0.217175111028949 0.175225900221875 0.0276543901779137
0.0825398117138836 0.332241227034823 0.293843256099716 0.197655891879408 0.00872586610513826 0.0849939471670317
0.167793899655602 0.213877090095243 0.244143933735338 0.156099484946888 0.0523669827502154 0.165718608816714
0.275039311443229 0.148857515396023 0.019466173075665 0.13269309865628 0.114908843815991 0.309035057612811
0.164177521842634 0.0927635751225749 0.234782929459211 0.31061601268986 0.122311221743885 0.0753487391418355
0.304310696994618 0.115217853554198 0.38339028141515 0.0133203119527036 0.0977956621609432 0.085965193922387
0.100216003466749 0.398946070629573 0.0181245244706117 0.0798416404047213 0.255816561360208 0.147055199668137
0.229753056648408 0.282550759394757 0.0123741781730967 0.173655927834776 0.0171901023520442 0.284475975596918
0.134580924104203 0.0683943163391971 0.214228283627838 0.224976524098214 0.343880879913008 0.0139390719175396
0.0460260053949807 0.178850496536374 0.22043307108301 0.160943770826969 0.171356148834183 0.222390507324484
0.0041790064551094 0.0777445650172046 0.317109935740835 0.311712219224807 0.0276813065942912 0.261572966967753
0.227108547818391 0.127565958699591 0.252779762599902 0.21939185289435 0.00926633614941444 0.163887541838353
0.206725107882798 0.220724528495779 0.067623879856815 0.0516404189603346 0.338943647037061 0.114342417767212
0.0493156144162998 0.212143789421611 0.168972612097111 0.231362965709456 0.100173237216187 0.238031781139336
0.0732667471749312 0.1426289792553 0.22392830503039 0.219524771351293 0.270941056358412 0.0697101408296739
0.0432330970642575 0.208039358106877 0.14011219936224 0.293236563385443 0.26941754884938 0.0459612332318029
0.00698788780777143 0.0310623786876848 0.441263751776653 0.0495966076403999 0.2542217762648 0.216867597822691
0.205722309926946 0.0696170030498903 0.144591165360262 0.292411960299017 0.0450906795605023 0.242566881803383
0.0913986391850963 0.261470834096089 0.286370668196919 0.144681932134567 0.189886936029742 0.0261909903575869
0.244951838711321 0.158619026808111 0.10665110299465 0.00369235690920941 0.250106979879503 0.235978694697206
0.048259102257744 0.256494980455571 0.110926570411234 0.25314403132451 0.239076302080316 0.0920990134706247
0.169209484198671 0.00924784371700248 0.178915541893296 0.106931648467458 0.22015964327307 0.315535838450503
0.0288448172670335 0.0976659771053443 0.189322235639777 0.32131239318421 0.172011176634387 0.190843400169248
0.176017193337257 0.0917641132327674 0.418728258662475 0.11335288449999 0.065699125689972 0.134438424577538
0.0526294120397919 0.0671074737369011 0.00850733866761673 0.108111213279507 0.369019031987765 0.394625530288418
0.258255775445514 0.270807781076587 0.0320774093987079 0.170337221672983 0.0340843467295703 0.234437465676638
0.0987585385805621 0.160914635281062 0.187967701506697 0.232806016820588 0.231359961995934 0.0881931458151557
0.139805935801799 0.244788011537527 0.233448757392548 0.0654443682229854 0.161133570524548 0.155379356520593
0.211606591305791 0.116857334878353 0.316364514173833 0.0680082083137331 0.0801757664295859 0.206987584898705
0.266252741803941 0.274409019661019 0.0501604766721979 0.0452013387424141 0.300628904369693 0.0633475187507345
0.0375680725092384 0.197953740850264 0.06228529993271 0.210086869042688 0.266143658875294 0.225962358789806
0.31039087071666 0.179911807418235 0.233960486381608 0.177375226013982 0.092882473702468 0.00547913576704611
0.198934031000055 0.273597711498457 0.221831065305028 0.0207693240217668 0.190446573805327 0.0944212943693667
0.258274488035765 0.0206835016608855 0.0649926880166253 0.264605361572331 0.0592010766367088 0.332242884077684
0.0261503562858341 0.150011810889346 0.14282130392455 0.251562665143026 0.317627200199026 0.111826663558219
0.156698683489522 0.193908335619542 0.279225730787816 0.139136997510701 0.135946416215723 0.0950838363766969
0.12843538000424 0.198279285740152 0.200258450142928 0.113667932132072 0.140881264553719 0.218477687426889
0.0584443968016364 0.304014720598244 0.130340570278187 0.0518237648308797 0.31994347311182 0.135433074379233
0.0646337724758709 0.30770633196856 0.133726519425004 0.155309492806606 0.135455625762172 0.203168257561788
0.155227226600794 0.237115800276924 0.0881153950136917 0.195279604351457 0.0794515347701214 0.244810438987012
0.0139970398309244 0.350314391776518 0.0491276841668487 0.289207768784967 0.207672273409106 0.0896808420316352
0.102339711566521 0.342885288326882 0.15186274662252 0.0300798370239421 0.0996300511916967 0.273202365268438
0.140746812171085 0.0313680336504355 0.393470939643912 0.0557992410145456 0.132985732973694 0.245629240546327
0.193757608898451 0.274715500407453 0.0150304560181612 0.0145690968148635 0.308138430886848 0.193788906974222
0.0897836979025164 0.172389193429149 0.258255596386316 0.13729776360416 0.302931377495103 0.0393423711827554
0.216332491303788 0.0935225679190494 0.13622733198086 0.187519391839551 0.233850011206245 0.132548205750507
0.16800492155356 0.118152299364964 0.235200337847009 0.170897434949931 0.20740193514395 0.100343071140585
0.0982306021314751 0.12283410078828 0.211179583969178 0.179203018403861 0.241500620972441 0.147052073734765
0.116603245035435 0.0819567408795645 0.320517437555551 0.0944934189939649 0.300465018964249 0.085964138571236
0.203979203294355 0.0901373651687256 0.184868171962919 0.215173199089263 0.102561706770359 0.203280353714379
0.166534314125516 0.136584111712433 0.10218859947571 0.212301726490654 0.329066669760665 0.0533245784350225
0.117345711343273 0.0692058072757332 0.167667137899664 0.206674623138209 0.109697319801546 0.329409400541575
0.0650816042641787 0.0678777400819132 0.377807996902211 0.138697358204355 0.00842967734902218 0.34210562319832
0.118671242170513 0.0834413689985921 0.400217365363962 0.0193049504099304 0.235549797081769 0.142815275975234
0.0949406625549563 0.0737712801286637 0.374537801429866 0.206746484591997 0.162861364807011 0.0871424064875059
0.0315160787281707 0.197427638764811 0.000519505741582567 0.218825016189674 0.232823897926141 0.31888786264962
0.427930394882203 0.00290721546276138 0.374644507125324 0.0867032204239274 0.0643614929508037 0.0434531691549811
0.113841772094081 0.292142519793515 0.356446062385406 0.0659636266309775 0.0289950173385534 0.142611001757467
0.0686533110687267 0.173810172221745 0.0850313774163963 0.287119427417674 0.255838838683889 0.129546873191569
0.0755284672809338 0.26614324111311 0.264654602234333 0.10306795949515 0.0904340432571924 0.200171686619281
0.21719031097484 0.0319454356549934 0.0786170488161871 0.181049105998086 0.378803546562974 0.112394551992919
0.155558431354749 0.177385892931991 0.216397500407753 0.245156528236741 0.000365739886669103 0.205135907182097
0.233654816127071 0.0348673170905455 0.209237249420221 0.0908537194994162 0.226035546546791 0.205351351315954
0.251601764648621 0.159787024445479 0.0641817022479172 0.175700720532873 0.206411503200282 0.142317284924828
0.073385595433381 0.0514845314539797 0.236683189493181 0.338144754591787 0.222245364215486 0.0780565648121858
0.131212597396749 0.0241445268588649 0.167613522611331 0.141794004501906 0.282640801821942 0.252594546809207
0.154369783016413 0.192540785939188 0.171526754904494 0.193246625042363 0.22502088324706 0.0632951678504809
0.250607612823005 0.135322916559088 0.112535408691194 0.351629390812483 0.126442260524826 0.0234624105894033
0.179314217662109 0.0988907547282826 0.0687981275518831 0.190143305261191 0.284517406263298 0.178336188533236
0.137073021074034 0.200890135480722 0.113434453265619 0.203224878124419 0.31617076836463 0.0292067436905768
0.228081100378164 0.194687473764131 0.0754905646151483 0.252960423056291 0.028928016945173 0.219852421241092
0.0537172500475639 0.221751338315909 0.204319770392441 0.209937031944153 0.257895515797452 0.0523790935024816
0.0325557815294618 0.269747852960392 0.254193453549466 0.27232204582067 0.0523973339588441 0.118783532181166
0.0240337502409642 0.122600881039335 0.257404623548785 0.204227739982552 0.236340785324701 0.155392219863664
0.157803826613726 0.268456825283047 0.219497288046749 0.0559104811671446 0.23942879126292 0.0589027876264138
0.0632834456311678 0.158437624869014 0.235362273130139 0.265949682502228 0.245245949205033 0.0317210246624185
0.257541837958449 0.322103704532061 0.0603034801138652 0.132877023561601 0.200871570956364 0.0263023828776602
0.253795731656534 0.161727229805339 0.1692202280212 0.264088809133621 0.136655276330142 0.0145127250531633
0.304350102780748 0.290643981656599 0.256771255510251 0.104223194281439 0.00225530338785712 0.0417561623831057
0.357887023693419 0.043624933938548 0.127154662503635 0.0378435956873158 0.136455095220874 0.297034688956208
0.0338651447420448 0.133076320258525 0.261871339195848 0.208346022903957 0.080863286111488 0.281977886788137
0.21472280896608 0.23782708158486 0.0295611268130037 0.209598789109921 0.225176345402387 0.0831138481237484
0.240254477457435 0.0188366296271248 0.343340807903254 0.236885596676199 0.0247147124404763 0.135967775895511
0.208211554037553 0.0712574850006263 0.0505642601140054 0.338551999671192 0.00688415355548806 0.324530547621134
0.314477823633519 0.0826581971856059 0.108944257706785 0.33972560106899 0.11753560817184 0.0366585122332606
0.355436231009061 0.068346308291163 0.197880035270382 0.0341241761943488 0.0546227625749845 0.289590486660061
0.162104270196441 0.340376171764796 0.127757741511373 0.0242268098788486 0.0448711704864885 0.300663836162053
0.236675463585936 0.154884102228729 0.13457110450934 0.31348672221578 0.0513124182592395 0.109070189200975
0.206710536163861 0.09394972157035 0.303112025242822 0.0872493985352368 0.0258079631125942 0.283170355375136
0.186397960865768 0.0718285125471433 0.298102141844343 0.0397142161232915 0.219677739905078 0.184279428714376
0.321365447796677 0.194372544667602 0.048563227761058 0.344962888639481 0.0229744095594659 0.0677614815757154
0.307916988277848 0.158741704592766 0.190523539372343 0.29423704260047 0.0477473726183827 0.000833352538190515
0.211853180119686 0.0671213895258783 0.18023224771266 0.14263457792311 0.178516173947479 0.219642430771187
0.0820133006369369 0.0415057336053123 0.330851855333754 0.186819924957964 0.0191532439720704 0.339655941493962
0.242590176050615 0.035501697427488 0.010325399622295 0.341798469231682 0.00682033456659421 0.362963923101325
0.12144292928622 0.215408059025637 0.153005176056217 0.178102727930277 0.20230561056269 0.12973549713896
0.116699607056378 0.406794134097723 0.0305118229428233 0.162023226927086 0.1201147004204 0.163856508555589
0.111377948933295 0.114213638104819 0.0875778009525592 0.227132071141372 0.242950011589038 0.216748529278916
0.211268926682462 0.0727640717443051 0.308972684083582 0.136334201684643 0.180800791089284 0.0898593247157238
0.0180807456695022 0.264168290951201 0.480085335994463 0.0013719308718823 0.167216394904963 0.069077301607988
0.207445454510053 0.0997793094238787 0.284008972385181 0.110790138415774 0.0428510849722506 0.255125040292864
0.228066577935623 0.0662601449144435 0.00242126278465474 0.174692654487266 0.343405286532633 0.18515407334538
0.102958480513219 0.201894639485016 0.176518560717215 0.0398705910843554 0.209942272078772 0.268815456121423
0.21103576087354 0.169162943707084 0.157711357056191 0.0476083601736997 0.196918355408139 0.217563222781347
0.0128925801080942 0.0286791183203125 0.154454673386543 0.461374420068522 0.297381260584202 0.0452179475323255
0.215824305904906 0.0884430705965514 0.208307982649087 0.176407099654303 0.104813931278587 0.206203609916566
0.169006294060596 0.0622212477374658 0.283641912222026 0.19730838615687 0.137017846658491 0.150804313164551
0.204389718127343 0.237818155756013 0.217298814899168 0.0211157141861824 0.235550431487157 0.0838271655441378
0.0919447724517629 0.132817867251667 0.170951523814048 0.422435685287952 0.125701028401143 0.0561491227934263
0.221263807124425 0.0115541939590978 0.203548496934284 0.0928218156721153 0.249279283419248 0.221532402890831
0.288360822338336 0.114905697988572 0.276207759099175 0.184423434857772 0.11274744414197 0.0233548415741742
0.150931585200294 0.274863769971118 0.192672537493744 0.0604716373054128 0.191437988531661 0.12962248149777
0.10892103820007 0.270237147303319 0.281014443724228 0.0427771926781069 0.253865591266621 0.0431845868276547
0.26500790681264 0.167213062245923 0.107686072685567 0.125459635805563 0.243723360492356 0.0909099619579512
0.124854134302687 0.124880995144094 0.123294901918235 0.323090641844508 0.106824196492019 0.197055130298457
0.307203588734781 0.307515556597573 0.0192270498864928 0.236688783578152 0.0257573005159211 0.103607720687079
0.084321662010198 0.031415015933346 0.128144559718451 0.247816171777638 0.212646382182558 0.295656208377809
0.221751499192747 0.2958789496867 0.0826525071828407 0.161676727036529 0.21144862433141 0.0265916925697729
0.344407109213343 0.250082876889207 0.103399452902042 0.158259765918154 0.143731234623644 0.000119560453609508
0.188215782722071 0.212893659592892 0.174097260261335 0.184976811424739 0.0382588088009549 0.201557677198008
0.106488195371458 0.0534960487901415 0.29156377364882 0.00955685054242358 0.301266852420587 0.237628279226571
0.0221534133867106 0.0182919034400947 0.265145292838204 0.250566892043945 0.265991562360726 0.17785093593032
0.418664088236465 0.0340490406182538 0.0309788892370773 0.465315648329923 0.0504028481830583 0.000589485395221964
0.237120307662711 0.170039872414671 0.256147210023438 0.0179817096418956 0.244550820934084 0.0741600793232007
0.215233381397235 0.204723107548544 0.011436506816327 0.134168300065709 0.258967798819128 0.175470905353057
0.327576159693876 0.257158064339979 0.0199565994293641 0.298177485193319 0.0619202458068733 0.0352114455365881
0.180300236267537 0.113436821530073 0.163855468780273 0.200555803876709 0.225848053372659 0.116003616172749
0.0704405893842693 0.258144074850331 0.234962333455912 0.077147087779986 0.127736251355794 0.231569663173708
0.101133412487265 0.205248919637104 0.253559448772968 0.141400722501099 0.206628748535471 0.0920287480660927
0.166873656944485 0.383485935762963 0.170942169812173 0.0355821803165135 0.233018333152774 0.010097724011091
0.209645147485622 0.0393142974469622 0.166674793820034 0.222283902505386 0.103614008480774 0.258467850261221
0.0461816231631254 0.358080844157919 0.17044681445599 0.0240403837750237 0.371973253990847 0.0292770804570944
0.360357169177715 0.084035845015768 0.0639455740693291 0.0567273560350132 0.358768078140668 0.0761659775615063
0.280762339236007 0.137103425677807 0.267770729228818 0.0543955088466651 0.153937389090293 0.106030607920409
0.206205936541219 0.103766005636597 0.114115506892028 0.180160123850777 0.136679429141536 0.259072997937842
0.179046186800664 0.236786113117637 0.136070318944214 0.254664087728328 0.0510559840010483 0.142377309408108
0.22056552650884 0.118842936422759 0.231040373801487 0.257888189375145 0.0179270236946445 0.153735950197123
0.0234275020027181 0.0924287764874521 0.244755397258805 0.278018536668167 0.0731005267979519 0.288269260784906
0.117593109017602 0.14606321476189 0.268799933624852 0.251936656596407 0.116665660549237 0.0989414254500129
0.0655492315108161 0.147363023153719 0.246114866928724 0.202223517244045 0.156273541706051 0.182475819456645
0.264458075273527 0.043006032889108 0.269339329912547 0.0106688075302999 0.259396176264308 0.15313157813021
0.138396315701415 0.297312275086304 0.252739446742563 0.034894893038295 0.118006065822957 0.158651003608466
0.139452846170282 0.216288651120691 0.297801353289123 0.0391969790625507 0.111905597735669 0.195354572621684
0.165898269002945 0.194752717399772 0.236761616396437 0.0861722392851273 0.230475142584462 0.0859400153312573
0.347452422239363 0.219009491098744 0.115650669460328 0.0173858883743591 0.139385545263577 0.16111598356363
0.14334353102425 0.446563812443234 0.0504686268948661 0.0322463169077493 0.226187678319799 0.101190034410101
0.265680254494085 0.0557677964923362 0.261713837389778 0.261663534832703 0.00681148062682098 0.148363096164278
0.125681794885285 0.0728957787719411 0.219060213043664 0.0762809347141669 0.273690416433572 0.232390862151371
0.0404817913854751 0.269864556130763 0.0940408636250143 0.28018372661217 0.134217376307869 0.181211685938709
0.228379733270965 0.282955264070382 0.0766669142122643 0.0660305673076645 0.14927240315789 0.196695117980834
0.217046853969575 0.110224906901191 0.067612699210538 0.268738331636522 0.0964461711270189 0.239931037155154
0.259067177315819 0.0726282922594731 0.216679856900204 0.0618280937710651 0.17984397497978 0.20995260477366
0.111006927447891 0.0691108105889575 0.265808768278839 0.187423920322563 0.218187009395076 0.148462563966673
0.0879369488208643 0.20928345082419 0.236101413814609 0.036675447919317 0.226584347091686 0.203418391529334
0.161390680244516 0.128384522858811 0.467102138743015 0.0333577153849819 0.122067124462203 0.0876978183064732
0.220099701859648 0.123424862577666 0.0542792100884637 0.0836454116059534 0.203001768531221 0.315549045337048
0.0196711229575 0.27465134594904 0.373842243325968 0.0681079378312326 0.0670389928206623 0.196688357115598
0.0674339891458357 0.20576208076738 0.0913491680294276 0.417392832847827 0.0430954042072516 0.174966525002278
0.173672050895822 0.219382100652243 0.00401810916158687 0.217993673236211 0.094323443519106 0.290610622535032
0.0156453889078611 0.180787288925805 0.116325811455992 0.268593293594795 0.182884303161115 0.235763913954432
0.185516574681328 0.227188664710336 0.150797157956118 0.0301142841671291 0.228533477092174 0.177849841392915
0.327233412684388 0.0958808536860356 0.0878329687921611 0.240129226872774 0.0394839430250734 0.209439594939568
0.386504208557017 0.0466036524941744 0.0759643449422528 0.210364771585042 0.0819034533404799 0.198659569081034
0.209035846138069 0.127193084954898 0.247798749261536 0.141772451722256 0.246647748090973 0.0275521198322681
0.240360422057535 0.24783941367821 0.149967078146593 0.0222580122227524 0.148024861606259 0.191550212288651
0.205848385560366 0.195842886916223 0.0855607972685463 0.192259515344557 0.256882548677495 0.0636058662328118
0.181454092783649 0.0368793902760978 0.105480443701989 0.421618943581631 0.0851336630164154 0.169433466640218
0.213966863394643 0.116172375283914 0.190694297909331 0.0341097624265192 0.184492191693955 0.260564509291638
0.0795478883933764 0.197967202622481 0.369241520327114 0.1829269544431 0.0951416747168073 0.0751747594971216
0.144471985371799 0.167090441197123 0.211309816914096 0.0653489540012906 0.254523937732317 0.157254864783374
0.112642747037929 0.227238305913675 0.205864890737503 0.257104173414026 0.183113466021017 0.0140364168758501
0.15895772011175 0.305997650715775 0.248056540492089 0.0407654351814564 0.0475598708995118 0.198662782599418
0.175767079586558 0.190632850152894 0.2880021245941 0.155101989079021 0.159222850474191 0.0312731061132366
0.130705238787945 0.017769107196304 0.184537444357941 0.189707325005007 0.28077220684763 0.196508677805174
0.259698091942809 0.0618782377795426 0.236428603960738 0.256324680303803 0.00749122342852834 0.178179162584578
0.0436864487884395 0.322286176512381 0.1661074846662 0.0245991248238806 0.308662439323965 0.134658325885135
0.121145734257525 0.173047068423719 0.120945368016521 0.287560082255403 0.110686460243415 0.186615286803416
0.112026470115197 0.0749515008395084 0.240359497902304 0.2661742093263 0.236814279136891 0.0696740426798008
0.109929756007374 0.199707158947437 0.233868207601799 0.236522558678102 0.156182918708171 0.0637894000571172
0.261671045286237 0.00142751221416507 0.199396890951688 0.0174674730255944 0.2537317421054 0.266305336416916
0.259050699848608 0.14894178020209 0.110770057930807 0.25425860596056 0.173147610116331 0.0538312459416037
0.193158597816276 0.0946928824792509 0.186190517859744 0.222198485268548 0.0689301184445786 0.234829398131602
0.163846049924465 0.274318782815599 0.0531987390762743 0.227665261577893 0.0919906272999633 0.188980539305806
0.200015519186415 0.180639436678553 0.317513258765578 0.126694635849609 0.111170836082197 0.0639663134376478
0.16148266199261 0.149559106820743 0.0319058248023956 0.218399997285799 0.316174343228957 0.122478065869496
0.0771553834403916 0.0227689888629294 0.0877586340448486 0.275506042113149 0.377050243830622 0.15976070770806
0.164018884055643 0.199170282881022 0.230883138711582 0.04938219277891 0.269019519047844 0.0875259825249986
0.30434282288316 0.220613799867853 0.242691703310887 0.0391661083383309 0.0497484015410008 0.143437164058768
0.17746341994868 0.0057171813611178 0.236535852042787 0.264405063132632 0.0130512724421875 0.302827211072596
0.203803622749553 0.258969133407489 0.0307473856757277 0.0739088543508242 0.232919598403799 0.199651405412607
0.180776240796464 0.193174191293276 0.277002975331131 0.137292200042432 0.109548306281562 0.102206086255135
0.423311607033396 0.0023416419087191 0.305040860027652 0.0708581574960053 0.00166016113983674 0.196787572394391
0.267388032649116 0.171427286370894 0.0653736130904315 0.0869803981503883 0.150944649405506 0.257886020333663
0.18190872784158 0.159876383417452 0.221476652695952 0.269381330646379 0.00324678065342784 0.164110124745209
0.190093849384123 0.240610108614992 0.153981665095093 0.254389341058026 0.0720680344003113 0.0888570014474543
0.18730058883253 0.174825431826068 0.179574651883527 0.221812626868989 0.028567653746323 0.207919046842563
0.165049132665411 0.00889395259263807 0.19093565071081 0.240888073294774 0.100985790140224 0.293247400596142
0.141899424493168 0.303329647487647 0.0083099138455698 0.13089866851832 0.217991891537102 0.197570454118193
0.227927635464909 0.319390635549339 0.0721124021834769 0.0403722490452088 0.0172771226250688 0.322919955131998
0.0729770605252557 0.205471508370195 0.184733372304533 0.170040801812297 0.104856558160721 0.261920698826999
0.074448190051594 0.137196776723779 0.197476588370299 0.109554037885803 0.310366495028775 0.17095791193975
0.300925973498956 0.0198068084802592 0.304629294286754 0.0391901141492203 0.0634676338859734 0.271980175698837
0.0416592956277306 0.263660101918672 0.115908722456901 0.146536190558285 0.0910682555787121 0.341167433859699
0.219315863229463 0.0411680985037731 0.0628122060346723 0.349440179611769 0.29895182896861 0.0283118236517123
0.0215416689066122 0.267707409294256 0.226939585220743 0.0366219407257063 0.128057860934792 0.319131534917891
0.147641001466647 0.197709034622668 0.207092868382984 0.355399614893579 0.0257261791056591 0.0664313015284624
0.222230859294705 0.178152142317191 0.0869986093856975 0.0293857016287661 0.253313973427066 0.229918713946574
0.227952075320001 0.192364541658104 0.142233432236126 0.131250790936911 0.199603766630632 0.106595393218226
0.209536018793706 0.1352401190539 0.0212555403616394 0.279706724784229 0.086829150180171 0.267432446826354
0.295359262806181 0.201349074912972 0.0466194618267745 0.0638335395741293 0.0194409627813661 0.373397698098577
0.159428153516388 0.291395661545106 0.175331270620536 0.165186989335158 0.169783656222702 0.0388742687601098
0.125508010502988 0.212233757849205 0.106854309334786 0.113669434242197 0.231142441943288 0.210592046127536
0.21185460107405 0.00481631847037519 0.0508368267445654 0.00390270676953114 0.504444105368913 0.224145441572566
0.35305255557136 0.0817569809656707 0.135169963465405 0.032136543340096 0.296933514761727 0.100950441895741
0.195010891330545 0.197831816693787 0.266113024892585 0.165312805884503 0.0187559178660193 0.15697554333256
0.0917361165684307 0.293505620255941 0.184416098814231 0.163757405526679 0.00165841423327842 0.26492634460144
0.109252821661175 0.211774395650602 0.23479556139718 0.168687581110492 0.085721206497199 0.189768433683352
0.0519067194004709 0.220134118996627 0.157189973931608 0.197285560234073 0.206533486705657 0.166950140731565
0.107470958152598 0.135679882804729 0.237165777416364 0.197387940165042 0.230420061463206 0.0918753799980615
0.0153647201126228 0.358792801384596 0.337741990303653 0.0382525929461737 0.224786753207163 0.0250611420457925
0.163508133452525 0.301056042252707 0.195563398997745 0.0705804646159332 0.239521446200579 0.0297705144805107
0.476151661554229 0.139405870365051 0.00110366534781343 0.23632481996842 0.0580890951499912 0.088924887614496
0.29120209185759 0.127452711515849 0.259809451946564 0.0615668823588838 0.252030418245536 0.00793844407557637
0.172615833335703 0.220940559431534 0.172946017397581 0.237042603101566 0.0901127048607404 0.106342281872876
0.0107089336721791 0.226215618802105 0.227139287317626 0.0987523203938018 0.22696322141255 0.210220618401738
0.311303805451986 0.0279311082818298 0.336547592293382 0.0374627187707978 0.231523810956739 0.0552309642452655
0.157896121110454 0.0654032783074614 0.189448096417336 0.0811469186203039 0.302021160820143 0.204084424724303
0.00497960690972461 0.400356721108996 0.0467443157784681 0.225271638029116 0.191995180793072 0.130652537380623
0.197391801302623 0.253090438803088 0.184561841810185 0.204406030361097 0.0927855052598873 0.0677643824631195
0.0756619286725112 0.136425373778478 0.434050053772641 0.148958873200945 0.176448855012729 0.0284549155626968
0.140849846983246 0.250561769558869 0.169044263289914 0.0946965334442239 0.204090121802187 0.14075746492156
0.157310626770971 0.0904474608729207 0.172896400516114 0.174580738451369 0.244802548470638 0.159962224917987
0.278382609599206 0.273396964100975 0.0671642254151783 0.0733100073071482 0.207291335294572 0.10045485828292
0.234119889743183 0.061760455513831 0.082709998938916 0.148660554682327 0.407920295631862 0.0648288054898803
0.302851084102457 0.259084305095488 0.275975647955921 0.0471349748849597 0.0418913432574407 0.0730626447037336
0.133807127716503 0.152450160705102 0.247210861198737 0.217009208257024 0.24346657998242 0.00605606214021351
0.212624999883184 0.113427778025067 0.160964424355537 0.217517914508708 0.154643399959138 0.140821483268366
0.230348873719607 0.103091535278271 0.132105180514604 0.226604758260658 0.122856478893215 0.184993173333645
0.217114177602662 0.2498602852779 0.104178279929153 0.0600729196766785 0.296115023724305 0.0726593137893006
0.311348756043529 0.240617211104488 0.177526468780166 0.0597396157007695 0.113148092145236 0.097619856225812
0.16230823645802 0.0577891037066947 0.235755166812034 0.410125336224755 0.0691639000734127 0.0648582567250837
0.242683907831518 0.229547048296196 0.0715213595239019 0.173482689006066 0.245602753572851 0.0371622417694668
0.150291383194556 0.209245037543411 0.115123523513599 0.18920026602241 0.214172243286949 0.121967546439076
0.179601186086429 0.15070867365136 0.331406402394065 0.204551117091817 0.0753850176295531 0.0583476031467758
0.22574591733694 0.141897687733502 0.0917614084538289 0.139505079288198 0.18810465766655 0.212985249520981
0.0665342506877862 0.167920744174287 0.0256917800295825 0.350714314161109 0.294917897963351 0.0942210129838844
0.252279514416855 0.197467350734557 0.23707309773305 0.00147736884970448 0.222748518736824 0.08895414952901
0.0237775061083534 0.141971558608763 0.241757466560309 0.26197322676541 0.291973755377762 0.0385464865794022
0.125158289057006 0.166640136403654 0.140349772718683 0.217266211630895 0.128724206134716 0.221861384055047
0.352889269741979 0.0770017685221976 0.163179285883478 0.273919454124657 0.0271597978463337 0.105850423881355
0.219432152209762 0.176814841638977 0.0686803794691364 0.164031966498075 0.223052588980869 0.14798807120318
0.148679466838986 0.168968030084589 0.0557120631662791 0.366670681565916 0.172507918302428 0.0874618400418018
0.228066930137395 0.0468869399450561 0.178552362247668 0.124382940263701 0.238155995238114 0.183954832168067
0.055395732386401 0.275114889125373 0.172093994151819 0.121347179524141 0.277160032579628 0.0988881722326386
0.12435547628987 0.157934389959941 0.266465173128742 0.157515293887837 0.195199417041791 0.0985302496918189
0.0130457698039755 0.174525804272922 0.213622395384828 0.204547855232582 0.160507709844927 0.233750465460764
0.371194453220853 0.0611877131706379 0.117624628207412 0.105657151716249 0.184631137256556 0.159704916428291
0.0403717501084801 0.215391100805653 0.085102373682909 0.333323263799307 0.320513782808801 0.00529772879485012
0.0930586464442348 0.151232050490339 0.14813485125291 0.233503676329432 0.114224685108814 0.259846090374269
0.275859560066298 0.186599679130628 0.267108901968253 0.20159249260913 0.0234607533512745 0.0453786128744164
0.0326833623862404 0.141963755705132 0.228869370369048 0.135691928665324 0.263522290341058 0.197269292533197
0.296913681975801 0.472358480372801 0.00308420455883263 0.0121824090081879 0.111448028052734 0.104013196031643
0.108362562305377 0.144894670524132 0.085859242165727 0.258171138700922 0.20808617288537 0.194626213418473
0.217749121928727 0.136096109530694 0.0173605037075309 0.125524374667552 0.22257035657953 0.280699533585965
0.208326050882572 0.255107245265952 0.152461331317487 0.186424183531449 0.175168248013067 0.0225129409894721
0.000397243860627637 0.162978476995606 0.193183108197765 0.165895236594237 0.218792299753843 0.258753634597921
0.180549083497665 0.140862935338245 0.290230259742702 0.14876311658617 0.139942300819671 0.0996523040155461
0.276082931362897 0.0639141821966011 0.160089933162862 0.070151135246437 0.169502429678515 0.260259388352688
0.112737101037796 0.0476428867675046 0.454283377927565 0.135692000569793 0.0740269406863695 0.175617693010972
0.16382268123652 0.287325222272634 0.282897997685032 0.0382393142761719 0.051129231198551 0.17658555333109
