0.204229376785128 0.217413371414421 0.162831730364926 0.0126511811352588 0.199372620537139 0.203501719763128
0.156796293545226 0.205475982616377 0.193995334012451 0.135758936458008 0.248645782499418 0.0593276708685206
0.194173788022462 0.192189271066099 0.0399121759408385 0.111346707310338 0.327623094518016 0.134754963142247
0.282098424143578 0.156899334950545 0.0694656895389748 0.0867002301963576 0.088828572521983 0.316007748648562
0.243390143501204 0.210579725964357 0.18735810259604 0.0760143319453613 0.0718849658013333 0.210772730191704
0.000351239953719943 0.242850624356245 0.422421615703682 0.203909665561761 0.00327135988811943 0.127195494536473
0.0974922974764856 0.18391224341598 0.0336093071060749 0.244128790410989 0.190856317634841 0.250001043955629
0.0642183332718488 0.103128682215104 0.0885038606669662 0.248056739886332 0.221408423533809 0.27468396042594
0.235967080373005 0.0695269427165747 0.222143721472016 0.084482952215203 0.0745726657559451 0.313306637467256
0.0674048252882831 0.207017224943277 0.126367355945137 0.236242529325995 0.193175720971968 0.16979234352534
0.197179008413565 0.133722490210851 0.123690407212519 0.228388418852078 0.0505051710249332 0.266514504286054
0.0543931805931056 0.244014594109022 0.236671720230022 0.137662634378776 0.0879671522283567 0.239290718460719
0.158440352185311 0.182843176500512 0.167043163358991 0.163489457696097 0.163977040248381 0.164206810010709
0.120248289804715 0.117924634644385 0.242757044975325 0.167005930350681 0.158971055553661 0.193093044671233
0.235628618666061 0.118279656934118 0.196085006823535 0.159791924514112 0.223867326358519 0.0663474667036557
0.227801825247646 0.209552886636601 0.0302695059870839 0.207388217804645 0.178224727225547 0.146762837098476
0.25766319591362 0.0314442795715985 0.118229672216611 0.139990441016564 0.22904131146168 0.223631099819926
0.205383576104773 0.270882344242509 0.164542395245121 0.109043106118916 0.190460532015833 0.0596880462728483
0.254716808366935 0.1683704687102 0.259957708361033 0.0554592915675983 0.197213572673397 0.064282150320836
0.262717819072053 0.0347674199298286 0.10244443283212 0.0825426154254046 0.20906777375904 0.308459938981554
0.0745009896620258 0.255586089034678 0.00745053471958339 0.263453049123902 0.249121453834469 0.149887883625342
0.263833729222618 0.0594851822184189 0.140138403195877 0.246131269415633 0.0542429509324213 0.236168465015033
0.32490017238233 0.170869281535476 0.287450339926104 0.0408331489890972 0.154534364018267 0.0214126931487267
0.0824056725141236 0.184440743568464 0.114135093164836 0.341317014323125 0.0487878766431523 0.228913599786299
0.308115755254651 0.0575025145489719 0.158682609988949 0.228661784274992 0.194113228038333 0.052924107894103
0.0108398415882643 0.0369634449950011 0.185010761939917 0.191949032342579 0.284034122855932 0.291202796278306
0.142115445546439 0.303309832560711 0.232115940956973 0.100872500494286 0.0496562309258964 0.171930049515695
0.150225717827557 0.0540780154298359 0.16361440149482 0.212335910431002 0.0605380354583036 0.359207919358481
0.0541206403822496 0.116352114154363 0.119376338727788 0.283977987572088 0.0703972693287343 0.355775649834777
0.359862221988021 0.0678062855783788 0.136830830433067 0.136478661631968 0.108556995590477 0.190465004778088
0.24076034899356 0.266756386900595 0.0643713381780226 0.118963466927807 0.0490137965449733 0.260134662455042
0.114129600135886 0.139015328939647 0.242999213418947 0.134487014257961 0.260505605328537 0.108863237919021
0.271309702006101 0.0562218147992468 0.152493378217878 0.137562207942273 0.147864910225642 0.234547986808859
0.304782783005605 0.00562088602143901 0.117763081780737 0.320251992283397 0.195901315661957 0.0556799412468651
0.232656991696935 0.182681370764744 0.160769014488505 0.176620687671308 0.1038403960364 0.143431539342107
0.132520479290937 0.257962527458256 0.0351150613300288 0.136780157543798 0.0817867634484099 0.355835010928571
0.228960953387484 0.129763128697454 0.215405612273328 0.150850018888159 0.147151401756229 0.127868884997346
0.0280083729323092 0.266157950364043 0.0243051878720157 0.263449586431892 0.237150178893631 0.180928723506109
0.264437403318686 0.120501572082238 0.0311576667685221 0.216244436967688 0.155455130889187 0.212203789973679
0.115743294652271 0.158078643371954 0.152231837957601 0.261665249590697 0.237911940029294 0.0743690343981826
0.181051675242961 0.262362095837475 0.314779517178273 0.0138978860983655 0.117274593491294 0.110634232151631
0.0184057465247287 0.260287058651029 0.201565883831185 0.10455571927763 0.107384312240094 0.307801279475333
0.1735355960487 0.246048839227347 0.0484092199344151 0.141178139020612 0.0223253338117886 0.368502871957138
0.266306161013411 0.0444591669093594 0.176596331409724 0.210913283397796 0.0705729001248791 0.23115215714483
0.270099233994598 0.0502528443547655 0.158807694697242 0.0526927393879146 0.172611514609152 0.295535972956327
0.254699768100039 0.242361284233252 0.00040819735172955 0.0218511656450495 0.306685978574905 0.173993606095025
0.278591023994799 0.0439720261516225 0.212256988824854 0.0701517791190713 0.122215813658635 0.272812368251018
0.213412593023799 0.123495177085719 0.0823741648563412 0.12364001001657 0.21252202885715 0.244556026160422
0.23140175327147 0.142331677860394 0.14795623613812 0.253049350032803 0.1968675163795 0.0283934663177121
0.0888423099395906 0.117707285231074 0.1019949664363 0.248983464954995 0.0956274649156457 0.346844508522395
0.280561834299431 0.0270488586535663 0.196251289829008 0.180141771827022 0.0933951203582956 0.222601125032678
0.2362071652473 0.195992544982166 0.146070113964443 0.0486721917540806 0.108748679750314 0.264309304301696
0.207693663307881 0.391050592530281 0.0147733906600438 0.00125808052107952 0.298286304012092 0.0869379689686232
0.0963471554305086 0.253123499800828 0.204647798805909 0.133868017752257 0.182852418856978 0.129161109353519
0.184538428463632 0.141168430369495 0.139676383952417 0.0652407822844055 0.281497799390615 0.187878175539435
0.244904535007253 0.2306266335959 0.0531534921083228 0.187644558346411 0.261283439648497 0.0223873412936156
0.114084113188249 0.256179009412531 0.290545584265294 0.231833626223254 0.0623863739896811 0.0449712929209909
0.247819140316597 0.0189566552785046 0.214484440206603 0.132960202395271 0.132791613770207 0.252987948032819
0.117783026314067 0.0809303080159839 0.0455561732432888 0.217011869572172 0.451545773717848 0.0871728491366405
0.0513027366711327 0.242358442058202 0.209478640849733 0.1965837814683 0.0765086324583989 0.223767766494233
0.0576371409520133 0.0616428757883119 0.0593296111143817 0.0294929088155993 0.417167964590048 0.374729498739646
0.174158918180059 0.222226730252467 0.0902611650622841 0.0982548860234048 0.1859497096242 0.229148590857586
0.382995944627169 0.121880881526719 0.19166265308915 0.0662185097339693 0.235603175718918 0.0016388353040737
0.172057448518484 0.111145635733852 0.173524002648884 0.262069707553711 0.221462502455366 0.0597407030897025
0.135445603938336 0.191621953952893 0.170085147181533 0.223957313787851 0.134111432562701 0.144778548576686
0.2483186285922 0.0556050343694496 0.249850320424747 0.258978180476572 0.088015540527798 0.0992322956092335
0.259590824671106 0.122511414119552 0.242103169484019 0.104530133859567 0.240323803405611 0.0309406544601444
0.223163846939634 0.149296711985418 0.171305519556949 0.167949591886231 0.075872598655074 0.212411730976695
0.226848574715883 0.293325550205762 0.0596971563364519 0.163294102934345 0.211488240473563 0.0453463753339954
0.0851791128106333 0.279650856038685 0.155088777662999 0.191754320491337 0.186188780920656 0.102138152075691
0.168493266336591 0.0183541917035945 0.118317660901278 0.262831155185511 0.101352119114116 0.33065160675891
0.0512838734283549 0.239370011577377 0.189997573120336 0.0394338054327118 0.237292416315938 0.242622320125282
0.170400794080812 0.110096885784724 0.292019592019221 0.15052196171768 0.254838044573988 0.0221227218235753
0.157264519072371 0.195317600623284 0.294356742423229 0.157692627810158 0.183480848129746 0.0118876619412121
0.261642568807079 0.204409116189467 0.182348257781416 0.0599887362091574 0.191975927502176 0.0996353935107044
0.160636518801622 0.220832078904006 0.10793945219663 0.0806984078563121 0.235981368397287 0.193912173844143
0.0549659999501437 0.21401293777076 0.00423428522977635 0.28494820027038 0.282971658277683 0.158866918501256
0.0882761817287397 0.268656123453839 0.177184234284837 0.221640828475748 0.199942136547754 0.0443004955090828
0.157136080563915 0.259475365729389 0.11477317755877 0.212263068757507 0.223165925143285 0.0331863822471336
0.209221076192581 0.171156479171216 0.192483432862014 0.163604330842219 0.223408067190964 0.0401266137410057
0.263645480480072 0.25443882670736 0.164529146633654 0.0729633222577591 0.210696121913771 0.033727102007384
0.204186808229719 0.078283738146448 0.104498679101359 0.0603066638725475 0.306374621263314 0.246349489386612
0.20476211429008 0.0167286760733373 0.183448953126108 0.254188674263208 0.282261275677507 0.058610306569759
0.028211414199239 0.372189967979526 0.161691117374078 0.316076392299979 0.0270212826993714 0.0948098254478059
0.0166854890063565 0.233499584113067 0.188085719162072 0.280202010369062 0.126184210994307 0.155342986355135
0.281830186394218 0.0856336515291268 0.256473269779092 0.101994430949676 0.248783931629298 0.0252845297185901
0.1721326025168 0.0805548106297225 0.221703766946066 0.0348014450362621 0.38149660674743 0.109310768123719
0.145332142628483 0.154583522338833 0.031221333646483 0.18499460344042 0.17287440650057 0.310993991445211
0.0707530150852585 0.213647092681171 0.204569530369004 0.161706940599801 0.170435191281395 0.178888229983371
0.150670419858545 0.162998583274456 0.234843664089778 0.205638246800924 0.0015277772102734 0.244321308766024
0.0499527308122605 0.264452668371003 0.0773574577723665 0.192266602670666 0.289260622728798 0.126709917644905
0.286885395249572 0.0499554900374348 0.181124634550466 0.112101759509614 0.132965233470186 0.236967487182727
0.218525114878205 0.197011617375799 0.221310202406228 0.0264874442682935 0.17562197399014 0.161043647081335
0.302007956487091 0.0632713005022357 0.285907885098019 0.0703274398965782 0.244489393849961 0.0339960241661154
0.150201940350011 0.423486170242752 0.0865974535763817 0.3328222535558 0.00117868254914304 0.00571349972591258
0.170225378483764 0.103792126369959 0.101314834645124 0.101418750339015 0.269544635606024 0.253704274556115
0.34329360710363 0.12650374505909 0.0574369106960254 0.0603165111904692 0.170902240250228 0.241546985700558
0.0610472158664599 0.125600285197098 0.121800732652651 0.17209861241546 0.21928389676334 0.300169257104991
0.399029441183957 0.0527712860939059 0.0754496293824439 0.128216815897028 0.30641355222782 0.0381192752148454
0.23699503982148 0.249535984200661 0.251567622154817 0.0272427217980912 0.0431219515994967 0.191536680425453
0.232208696008558 0.0539116423259465 0.290174281264708 0.184454815985802 0.1336897142151 0.105560850199886
0.0703398937846464 0.0901287296412563 0.363307589972828 0.11440698608928 0.000596898598669248 0.36121990191332
0.241451969223681 0.0325911670077773 0.235673219792294 0.14140273927998 0.235137688430965 0.113743216265303
0.0627229767495899 0.0576951439478558 0.127795425132027 0.224577126679278 0.185338533818193 0.341870793673056
0.0314412414957706 0.280195420574359 0.217863280576551 0.151529688033877 0.249883931823489 0.0690864374959538
0.101292713933173 0.0375440052654321 0.310522059711399 0.164514394248337 0.07332951538591 0.31279731145575
0.170983612228143 0.209482896660855 0.399266048651343 0.101108800855651 0.0566252262187426 0.0625334153852657
0.243123030674083 0.220232816003986 0.227953743005233 0.00287132176271911 0.128527226549106 0.177291862004874
0.155319063225799 0.191773499767068 0.20091459294829 0.109005411583754 0.128559735174213 0.214427697300876
0.163568703159108 0.0648016782689882 0.186297454440888 0.322843018808929 0.261822014771169 0.00066713055091835
0.27149814578111 0.16714624312841 0.076898441977978 0.268951224552185 0.0146576563389825 0.200848288221335
0.130735537961445 0.123993385766808 0.144872483342347 0.160063708807745 0.23753912331223 0.202795760809425
0.0735641435041298 0.297439238428196 0.0364621773370218 0.232480236053713 0.152595011651394 0.207459193025547
0.305554112105158 0.0798614696976836 0.211518722783068 0.204725072860014 0.0305635967155406 0.167777025838535
0.131610832870453 0.176221565309889 0.227095564001352 0.0614501872967869 0.218946435822488 0.184675414699032
0.0552789953408876 0.153561935127917 0.257241507097317 0.204138296143104 0.19399331481176 0.135785951479014
0.294334843526183 0.242556846728903 0.117154336509026 0.073250441698632 0.266816614160091 0.00588691737716597
0.194346271746463 0.205643914334904 0.195313336347862 0.129392835633409 0.188829490492408 0.0864741514449549
0.134056423540081 0.210112521684674 0.126110692764024 0.0547610778132408 0.281369051545677 0.193590232652304
0.191276029154073 0.0925580072300196 0.0300121224498008 0.246485241163108 0.112891298819389 0.32677730118361
0.0117966990293904 0.246082730285824 0.0314713166204584 0.110152619033678 0.140174560120389 0.460322074910261
0.143994252314275 0.149302617908263 0.157752336565533 0.199359609477093 0.202818166843729 0.146773016891107
0.271192029665897 0.280065937164176 0.0530735594381296 0.171151290161252 0.213243724454312 0.0112734591162332
0.353413980366165 0.0714913701579968 0.011864153507834 0.0478584911336767 0.341796771764955 0.173575233069373
0.224095737328091 0.0827928291561326 0.103888667734228 0.365506478570329 0.143635199348473 0.0800810878627459
0.323816856235332 0.124833167530973 0.149157687357799 0.0848056068186881 0.289924578980741 0.0274621030764681
0.179181201141774 0.118414423106839 0.287390857824146 0.0996873462449672 0.247281805695222 0.0680443659870519
0.196517726885956 0.16701024808562 0.070095653145204 0.325187261956715 0.226408486742446 0.0147806231840584
0.294775909422356 0.104353305870349 0.0695646598593256 0.303558356933322 0.166786831610773 0.060960936303875
0.105346583460857 0.336377881785884 0.270525549380667 0.208152254966459 0.0402301361229398 0.0393675942831932
0.0289529763483968 0.295286930850873 0.164339629801195 0.0182644253472752 0.219988069477027 0.273167968175233
0.235094200867392 0.295213528184837 0.0382576085253063 0.183665871441243 0.109112047452433 0.138656743528789
0.119146480977248 0.27823553445198 0.28704543590239 0.0888738293855192 0.224005649720146 0.00269306956271701
0.185546607701563 0.0523983329694927 0.201529428125991 0.0965692969165174 0.0397132896772245 0.424243044609212
0.0245935549695553 0.134349580380153 0.219793953711628 0.214560298301348 0.307048390407494 0.0996542222298215
0.0663727299238055 0.263882502380748 0.0287070787363497 0.238056509354858 0.17730066456316 0.225680515041079
0.288808506424044 0.0759638115262657 0.0436645538668471 0.20165510335095 0.243858770438731 0.146049254393163
0.0617080800398306 0.169231217582985 0.0887164597320095 0.0542057318284626 0.276240705283788 0.349897805532924
0.121849816360003 0.222350462552748 0.160011256162309 0.0630346841507208 0.396988951255615 0.0357648295186053
0.17377659957943 0.0539297799354257 0.15771071049552 0.0228782266620606 0.0798981197713855 0.511806563556178
0.133938504234447 0.15054037108956 0.216484076458107 0.204129199869892 0.038980349458253 0.255927498889741
0.13606157075121 0.036291682134957 0.330681505433707 0.25292670811387 0.210263465502006 0.0337750680642492
0.164945581962505 0.190320545617106 0.183887830432054 0.22749865217764 0.22081409099177 0.0125332988189245
0.0793252449467631 0.152282268064956 0.207683258054189 0.0956370830931433 0.296629489938608 0.168442655902341
0.079121965002595 0.392084178177177 0.323013534085939 0.0898707897132072 0.11349390903267 0.00241562398841081
0.200110985021826 0.112871855038093 0.224196382320192 0.114933287276128 0.231799549996205 0.116087940347556
0.306889335171753 0.243514349876429 0.180977183630103 0.0605448748572107 0.168655635376505 0.0394186210879994
0.0265581962535742 0.117921615046666 0.221691380629723 0.210106148501088 0.231902278804786 0.191820380764163
0.242376690402636 0.203335344269845 0.249106544506472 0.0650429290736493 0.0238307573324397 0.216307734414958
0.27242324009035 0.126058964786299 0.0805650227548762 0.0441713343801057 0.117957954429085 0.358823483559284
0.211081021832592 0.198057385379633 0.118935541300204 0.165544156003937 0.22272549145019 0.0836564040334432
0.154123376719419 0.152112123412491 0.25135411395705 0.328375082902204 0.111357477472428 0.00267782553640671
0.212485282719149 0.213489084558449 0.15740318144921 0.207772286792684 0.0373052356353466 0.171544928845161
0.394613181014061 0.0654465308688901 0.00533947692167146 0.0432241403440959 0.203064913900669 0.288311756950613
0.103117939506302 0.195086458708598 0.0365322489157492 0.1925392044781 0.127685475055757 0.345038673335493
0.146631797543511 0.162687935337103 0.154696955718634 0.144922457904472 0.224161219986852 0.166899633509429
0.258365982721907 0.0631079551818428 0.220132263274428 0.0604087955235783 0.262808333773045 0.135176669525199
0.201138253184147 0.229239065855206 0.0378821009741967 0.0785908385317463 0.323184908195851 0.129964833258854
0.100066610044261 0.242643415530474 0.164843388262283 0.246464361453635 0.0308699563403085 0.215112268369039
0.09197085247957 0.332541756228536 0.36186603652325 0.0149638009886824 0.0923962471077657 0.106261306672196
0.0102500076795637 0.248973957146825 0.113637828431681 0.389291555920767 0.166404528176718 0.0714421226444457
0.155766671996343 0.067825765284716 0.267339612424112 0.261453963248524 0.232275370158558 0.0153386168877479
0.045398791605654 0.332887122032535 0.0809332860588181 0.178413856038162 0.00420353912259537 0.358163405142235
0.251689632352227 0.196845587845328 0.248572532053377 0.0651859228345034 0.130213226539846 0.107493098374719
0.244705613622824 0.152441186356096 0.138687851676328 0.173955979372517 0.128631574588686 0.161577794383549
0.241626053546039 0.085728949482549 0.231510005547437 0.0381096756590318 0.170985151485589 0.232040164279354
0.00117678405131989 0.248871890264755 0.296079974509193 0.176336573607794 0.187827025607311 0.0897077519596281
0.135993009820276 0.160254893496962 0.137009814908797 0.210385095239768 0.134753996162453 0.221603190371744
0.188063600348996 0.201027658347865 0.216666344561797 0.12351532284844 0.114242679563253 0.156484394329648
0.291473198997937 0.0272871635341472 0.0676321568113676 0.0301270747719121 0.22290084391714 0.360579561967496
0.147757376335265 0.214904192983513 0.260513676821148 0.215271352110823 0.0223816580039446 0.139171743745306
0.0240931801701251 0.298419949579082 0.247191078194864 0.0417167560398764 0.140266875947511 0.248312160068542
0.182562205080385 0.0374159083998933 0.16949088511781 0.168743208868468 0.153047604111662 0.288740188421782
0.139288435084128 0.185952841389721 0.143387462430168 0.171864633997831 0.165016170161995 0.194490456936156
0.240614802146498 0.206488646682618 0.132732599070864 0.0228892688862458 0.123886645642431 0.273388037571343
0.269686859141007 0.222845448253201 0.0883857254198631 0.23072997474266 0.146474190402302 0.041877802040966
0.163997518081458 0.192227157524881 0.125945525516121 0.158998711609765 0.180537996757586 0.178293090510188
0.0372410354841462 0.0223620925388533 0.251074259940757 0.139852302905335 0.402049580013513 0.147420729117396
0.24014845109065 0.191323862708154 0.0373183452137136 0.281305492565509 0.103753635693334 0.146150212728639
0.106787091979304 0.309808805946255 0.415911079226639 0.0430423553340497 0.0495407978387787 0.0749098696749743
0.0067026292942093 0.259265691216017 0.30360413623069 0.167907876530505 0.193449281405106 0.069070385323472
0.247954017514445 0.22339437788584 0.0313434380557042 0.152680463942817 0.247606833526928 0.0970208690742668
0.164530900508628 0.231344519499931 0.116283180189112 0.167887987319581 0.0782310663136473 0.241722346169101
0.178767245835024 0.100638641736411 0.239386915302455 0.351951345269414 0.0363261074879454 0.0929297443687518
0.117403915768291 0.209321340443004 0.187892667017075 0.168598596770611 0.0837995839255079 0.232983896075511
0.117791394543393 0.14461776563304 0.255763518719362 0.220661722561155 0.231492714280111 0.0296728842629392
0.247766129750847 0.247716826202428 0.125187670504171 0.0770078515081528 0.0903623354422453 0.211959186592155
0.295058251264252 0.084624105316947 0.124947888409895 0.144140250408783 0.0970687798873553 0.254160724712768
0.315359492692425 0.0406315489400923 0.365344534106203 0.154351664441441 0.0890320034314373 0.0352807563884019
0.251777044492634 0.0986292450728682 0.056329944065432 0.253179125488471 0.237162716028317 0.102921924852279
0.23831363840995 0.0796696771762922 0.335205293992542 0.224895134738186 0.0229292652081096 0.0989869904749203
0.159495926467683 0.33648737791589 0.211707467731914 0.234731357198385 0.0497323341112116 0.0078455365749168
0.303980568662426 0.20740135542058 0.0905119986235355 0.0242987487856281 0.192308937245616 0.181498391262214
0.20112836588125 0.152927435351755 0.0596307737048612 0.223953944108582 0.15830123445359 0.204058246499962
0.244195161939452 0.0851870168600598 0.17731113498662 0.139813481814645 0.313200663686625 0.0402925407125987
0.106890650719689 0.00117830434553692 0.324228940401441 0.0176142638256321 0.273966574942358 0.276121265765342
0.241786818512343 0.215277264334571 0.0131850204055384 0.142746672743285 0.157194078869795 0.229810145134468
0.00851348150580135 0.165986891550279 0.252133083551822 0.153581213737387 0.212384312343867 0.207401017310843
0.162606602174355 0.0482052928346123 0.231943425623277 0.272521563136579 0.262087979289777 0.0226351369414
0.190091321436636 0.155154794567264 0.237449899712149 0.144445888457982 0.108804136687499 0.16405395913847
0.105995431741015 0.129168153548856 0.120328646541563 0.223973972974642 0.254680632661617 0.165853162532305
0.199146612019275 0.274766397779038 0.121007861850817 0.0625974797453384 0.0310794790626399 0.311402169542891
0.217764880747207 0.172548083692464 0.224823429057309 0.257945553792621 0.11860390849209 0.00831414421830942
0.127804885411621 0.12081325736086 0.1216368903616 0.211472779145055 0.282231521494597 0.136040666226267
0.241154375271568 0.108321745310916 0.282142021435321 0.124524946702307 0.00447220323197434 0.239384708047914
0.15350866420992 0.248472484171426 0.136303361877664 0.251711949927308 0.160516372408538 0.0494871674051438
0.22359665296139 0.136198108971685 0.13881605568729 0.0230655342643091 0.346831295460834 0.131492352654491
0.00397835416789277 0.177108162118961 0.202648250332838 0.241343976773478 0.184021183761829 0.190900072845002
0.0163275766537477 0.258912953533455 0.0854584175899741 0.246666409959851 0.198546109643095 0.194088532619877
0.0738041445271208 0.224787087716725 0.144740437487504 0.218141931091581 0.163930656052349 0.17459574312472
0.149869993249911 0.0733920254290072 0.189286445888164 0.194708092218503 0.177328999680102 0.215414443534313
0.0192194458428017 0.173220794835621 0.166805672660262 0.266514629324646 0.156894137808073 0.217345319528596
0.236842662657654 0.0932670498883254 0.237848258310686 0.0013530337874955 0.188907690071315 0.241781305284524
0.0693528741925048 0.082881136695415 0.0886271422611477 0.172068516230452 0.296717067052815 0.290353263567666
0.298014079211147 0.0736714707954789 0.267093958187775 0.0851974264894984 0.264049447707923 0.0119736176081775
0.125214553553658 0.118464258521765 0.177576495053607 0.0789449977686918 0.262521197291868 0.237278497810411
0.0864803628516456 0.308202701997696 0.185797662730656 0.131771784172237 0.253073502402037 0.0346739858457295
0.167447689443174 0.017814059364713 0.0718507325208213 0.239216866509169 0.200676883334144 0.302993768827979
0.125845770866085 0.0843356906070215 0.00411808370604183 0.40762127332041 0.138441883479842 0.239637298020599
0.0971434511331302 0.188698278294805 0.207249941690062 0.110585003172655 0.202180340525764 0.194142985183584
0.499232186784218 0.0536893553122793 0.00501592932940597 0.19196507258269 0.0164863773694112 0.233611078621995
0.17433291161434 0.378203019828169 0.128320802428333 0.158922470516881 0.131323351466278 0.0288974441459993
0.0400738740036678 0.176307930102737 0.215905362944756 0.270472776885074 0.0296051029394356 0.26763495312433
0.097455090986084 0.183112779831489 0.301620912580287 0.12959237630848 0.157735981544909 0.130482858748751
0.191899156986907 0.211160634880889 0.082024685859287 0.240472505758067 0.2514673762029 0.0229756403119505
0.10696593873209 0.161481580561423 0.182993558877595 0.265144668241461 0.0929256684887902 0.19048858509864
0.203173434681433 0.231213383954923 0.222929073037671 0.0572688288904396 0.128398921834222 0.157016357601312
0.0952323855965759 0.0260256087071189 0.25078640268317 0.501122782946177 0.0949887283817687 0.0318440916851889
0.118219111470947 0.0789041103559815 0.153311546554176 0.218905645087267 0.236393923196522 0.194265663335106
0.234269218660742 0.00932213948807466 0.234217874139108 0.0127228252721718 0.261748072453177 0.247719869986727
0.164884867324029 0.0107702379214818 0.10878562871338 0.364426477321526 0.0397853369326432 0.31134745178694
0.0549708800203629 0.0975485885735242 0.233403026825384 0.324256094533484 0.23446316665761 0.0553582433896348
0.26613927219128 0.211523320394227 0.247935923299355 0.130675884332901 0.0209492045065983 0.12277639527564
0.183232147979326 0.201738756454974 0.240867666074467 0.0732299904745832 0.0965536157775043 0.204377823239145
0.0366897418306233 0.417687712011948 0.0694834175783482 0.0950906827411765 0.342298406068274 0.0387500397696296
0.368587761231477 0.19614618393072 0.0918038552985141 0.193931391625292 0.0342425846519625 0.115288223262034
0.303043943573633 0.0203689966122957 0.190893669332301 0.0084235128884353 0.157391858049273 0.319878019544061
0.228445083902302 0.0635621226763255 0.228934348473974 0.116255547352939 0.0935474915719163 0.269255406022543
0.114100351031742 0.159900580120739 0.0353666843539447 0.196085221341742 0.282228325114605 0.212318838037227
0.199446516100956 0.277490109633921 0.183953977916457 0.273027479482263 0.00797318723907387 0.0581087296273292
0.173949392308896 0.108374776365276 0.2511148773318 0.126997038201775 0.252778913769181 0.0867850020230713
0.154965810598833 0.159662861979168 0.191039305072238 0.137089560709034 0.18577882750437 0.171463634136356
0.239828098386601 0.0845494019566201 0.044217728945737 0.196893381053258 0.117110283799901 0.317401105857883
0.0733669867704075 0.0810002906106812 0.0647391674105028 0.305792076742584 0.264157722693456 0.210943755772369
0.298758380067447 0.211095200678497 0.137066399635278 0.169443099456177 0.133055070502386 0.0505818496602149
0.204767216074577 0.166760196517565 0.101663964353331 0.0800400834686862 0.225385065582918 0.221383474002923
0.303829868614471 0.140447936266784 0.0849816796502236 0.147463738986088 0.240109707361024 0.0831670691214104
0.170656086888289 0.19470640805915 0.164926336711313 0.0375131407821161 0.229677406074435 0.202520621484697
0.338268139859299 0.0861246838760666 0.0067050551352734 0.24097609553885 0.280664108424314 0.0472619171661969
0.216753025351358 0.231439161682488 0.157340072096853 0.140600640534632 0.0748814107440393 0.178985689590629
0.188581943756553 0.0378533214218884 0.0803052144207753 0.146702986055768 0.370559063674789 0.175997470670227
0.175170213767415 0.111541726234781 0.0446085568811996 0.328541781176708 0.329745388900305 0.0103923330395915
0.18041147357144 0.286811930271838 0.481746421157692 0.0115178646217134 0.01743886163289 0.0220734487444272
0.105251792750844 0.15284679077948 0.0692745419272364 0.170168048555342 0.214946495926355 0.287512330060742
0.00907153226585317 0.177981717249899 0.186756029801852 0.343298982256476 0.000716814751936255 0.282174923673984
0.261445592203797 0.162184654772595 0.0211765555194028 0.12305566887221 0.303089388798167 0.129048139833828
0.214206721497565 0.0530650297172505 0.248581013424074 0.249469914101835 0.185410449955791 0.0492668713034843
0.0230810043945932 0.238744636568061 0.255810687098337 0.0236248935291883 0.266317007831248 0.192421770578572
0.313519523774219 0.0711856710748863 0.0354658101690488 0.110620073755678 0.119913473064787 0.349295448161381
0.0769888801913813 0.00667112987576667 0.047195276630823 0.0375635974708262 0.725030800295389 0.106550315535813
0.253865382984647 0.204523773294192 0.0916578180164796 0.155977591784326 0.0390493629456673 0.254926070974689
0.0627166381965566 0.134758891447807 0.130899561431337 0.232469332789772 0.207802628349434 0.231352947785094
0.201862079538823 0.022799399401476 0.433388563290913 0.219575962182371 0.045381817100032 0.0769921784863848
0.088101463248079 0.0693084139286345 0.094401540211986 0.233211908142508 0.14953295040789 0.365443724060902
0.192925225331029 0.00701141824089514 0.238359312713348 0.148869919109705 0.244403555571644 0.168430569033379
0.180935499497576 0.132107664417205 0.196192436023583 0.227658229365197 0.191314396487145 0.0717917742092928
0.105189394057983 0.0379954933034196 0.132525947837171 0.223236311455889 0.232323786450401 0.268729066895136
0.0101519564295012 0.0123611373658003 0.432214780563858 0.314555301643021 0.0696290492226008 0.161087774775218
0.206816518732219 0.282129627604063 0.011372212634299 0.217236799579634 0.0893921884791024 0.193052652970683
0.140422039488937 0.0513129987215764 0.212654228717527 0.196223393212368 0.310563869017499 0.0888234708420919
0.147795301794675 0.246539340313555 0.124762930916654 0.149874349246976 0.0991722855696354 0.231855792158504
0.118729251778538 0.150253760443131 0.194317014061202 0.0822550660272437 0.233782807405042 0.220662100284843
0.150390319382699 0.232564663607286 0.241359859764184 0.233157266120516 0.0675182744012618 0.0750096167240538
0.213561497422405 0.0984601572597715 0.19626319367386 0.173818333872687 0.259553256158616 0.0583435616126595
0.237899227635402 0.123404596834884 0.203293775330203 0.112279286814894 0.184230886731924 0.138892226652692
0.213048110705379 0.0760259386989923 0.0800439279863194 0.12886022099985 0.251069074604419 0.25095272700504
0.318732370855035 0.109274472984763 0.0352969952618758 0.0270894317079555 0.38632603244687 0.123280696743501
0.0371536420377058 0.323897108934034 0.220358220288706 0.186394918871199 0.22640499868611 0.00579111118224435
0.135592538555859 0.502419228861295 0.076711746931068 0.0909077849562619 0.139550688386241 0.0548180123092753
0.17457609207274 0.392578914293009 0.0336073457045643 0.0969188967909738 0.0681422793784729 0.23417647176024
0.241384167928493 0.118259248192308 0.547561327429795 0.028712269447938 0.01516558925343 0.0489173977480356
0.169249774291741 0.329349366749742 0.114600991822125 0.118753132775175 0.122169031545483 0.145877702815735
0.152402397116481 0.18648109394735 0.318192448648218 0.104188470063645 0.066184535372038 0.172551054852268
0.142198196841716 0.0753612389513253 0.427633248417348 0.0593366452879892 0.131362662625501 0.164108007876119
0.179258326234579 0.208087928810788 0.100502244776829 0.182986539394858 0.188039823252419 0.141125137530527
0.302574084152947 0.210866982467778 0.194073843301698 0.0306288151598727 0.204901783432528 0.0569544914851763
0.0283647470953769 0.166976522094219 0.237124572245451 0.271953788237221 0.261417467324453 0.0341629030032789
0.0311049336192352 0.138438351643226 0.264720568934176 0.366203847651519 0.171914547268054 0.0276177508837904
0.229000729416103 0.180579310344198 0.0334054754913537 0.1214366538543 0.303974870818117 0.131602960075928
0.171598528520046 0.0421969272928984 0.232504815654616 0.130994796373461 0.167376921415625 0.255328010743353
0.140560343120761 0.147387419016091 0.18149344624513 0.0999676741904724 0.216574814267429 0.214016303160117
0.209033697310056 0.201282115968715 0.233123834096186 0.119140268518503 0.0293079548486093 0.20811212925793
0.0630805821280425 0.216720118465525 0.130548452815021 0.240612694617766 0.224040089144453 0.124998062829193
0.158317470578627 0.277965185982474 0.20106915644508 0.169938303264927 0.0266994414347539 0.166010442294139
0.110000342592448 0.00831536959215574 0.379071900581738 0.161295723257658 0.162445940695486 0.178870723280515
0.14612143962092 0.129762666534676 0.314654179805003 0.0275207807240896 0.266704636356534 0.115236296958778
0.250285128836439 0.1535231554499 0.106303352571605 0.161845970202375 0.086315152407515 0.241727240532165
0.263374755883747 0.0338819314983615 0.0658295915921503 0.244638791345691 0.204713696783344 0.187561232896705
0.305462858199351 0.110592554523222 0.207561079690564 0.124385249408373 0.0240683815574207 0.22792987662107
0.233707608757155 0.0773967504243968 0.109374963274018 0.103986680026187 0.225537249190498 0.249996748327745
