0.266930272842643 0.041969945241158 0.27989300435253 0.193185912216064 0.0213948071878104 0.00206670423306741 0.0869195075999229 0.107639846326804
0.147113873687399 0.135161044746257 0.164999786650863 0.117872155479465 0.114811085006319 0.134946376173433 0.139927748381823 0.0451679298744406
0.0122229042660934 0.0889539710404097 0.176703454469076 0.160923856309982 0.165218459509489 0.232919384893246 0.039431133631498 0.123626835880206
0.058963038083801 0.0511375471735679 0.27562063443445 0.0230226651570299 0.0760493726270305 0.053082485149471 0.199082326441294 0.263041930933356
0.139879154774139 0.149625017427858 0.16395141779476 0.0471250135321697 0.159557300084956 0.107506341704684 0.123190950342648 0.109164804338785
0.187979154802889 0.118752068366145 0.122444237036953 0.222433358881613 0.0263153535820657 0.025650771710365 0.147957699325196 0.148467356294774
0.0191022256530347 0.0737522955651189 0.135903706721304 0.253986617435254 0.221895583210729 0.118056555562335 0.152633654814504 0.0246693610377216
0.0967084145557675 0.0231090028372106 0.199908458291776 0.12351732877142 0.154761990831524 0.202511127415741 0.0594992481901314 0.139984429106429
0.121211983899773 0.149222086402678 0.1732305522636 0.199981271088805 0.195761518086835 0.0209346922709958 0.111291841200081 0.0283660547872326
0.0658569204448491 0.131380509835525 0.0939051254307118 0.0975625181749126 0.0831656486136756 0.0921750748904567 0.0592789337297262 0.376675268880143
0.264735378815684 0.27349120267751 0.0934539907978821 0.203831331647856 0.0542130553640346 0.00536903094192672 0.0632145701713633 0.0416914395837426
0.167161523561677 0.143842095662035 0.176264596764449 0.150951964877572 0.0817844579860043 0.0539705524724649 0.057141153602598 0.168883655073199
0.187748987606109 0.0582767020998569 0.188453596444197 0.142193463838681 0.136483662519868 0.139268652309835 0.0041556501173725 0.14341928506408
0.154043103300853 0.212472921607858 0.200287259452628 0.0984688470692665 0.122521364791905 0.147332238365751 0.0273842260646458 0.0374900393470918
0.0910203270435749 0.123282840814927 0.169861988552736 0.164538247849638 0.142484120458376 0.131162868875559 0.0206785597382503 0.156971046666939
0.202549118520766 0.0892495771380398 0.0542505872327502 0.0378051158134317 0.255317238378657 0.275972325893284 0.0811240247705741 0.0037320122524971
0.0535826999339693 0.0980512551078256 0.21182137738617 0.0272813347677454 0.188981130712649 0.118084787810526 0.222825237862514 0.0793721764186001
0.161214727012421 0.0343974501885423 0.0246274792914374 0.173486916525716 0.248468059370281 0.0587591152288285 0.259956338094499 0.0390899142882742
0.165612705062972 0.0494352162754231 0.0790535299242898 0.196498603822245 0.0554399005474871 0.253377222349887 0.0292498860007994 0.171332936016897
0.00279518292228003 0.147061002890744 0.121331584085939 0.0590343153037512 0.105446216170861 0.237437766120997 0.1157312747767 0.211162657728728
0.173200753533086 0.0599141433515145 0.152794680221441 0.161493027991964 0.0832930196700921 0.12686400736429 0.120823131231154 0.121617236636459
0.0327700232301255 0.196429214989068 0.0130459835856538 0.130703742896095 0.151222650521715 0.127946556207487 0.145825840321204 0.202055988248652
0.10612852893259 0.0652995783120883 0.073407958021533 0.176874281928287 0.18960869334685 0.040234591766495 0.188916249168103 0.159530118524054
0.162209626593662 0.202878023047552 0.101177002594392 0.137919852036812 0.0836589552700019 0.128461842347426 0.0300999373296818 0.153594760780472
0.115650154239849 0.0769877643018041 0.201135937166873 0.184627634323293 0.00746749541829118 0.191420603727615 0.142225039122191 0.0804853717000836
0.111826402191906 0.0614935005935426 0.210509617077621 0.153942298891823 0.185672308875532 0.121099040497836 0.0106126402086717 0.144844191663068
0.0212669060423287 0.0179891731517347 0.111490222245722 0.180083303800672 0.0296308267972465 0.18392811627487 0.420820017829206 0.0347914338582202
0.0376869005867776 0.390290370312874 0.057296870151539 0.115216132200993 0.131185709039018 0.113132861095389 0.0956872782175584 0.0595038783958519
0.211706109803358 0.154172887785575 0.163619768943263 0.0043122506147441 0.0931945890339379 0.185456275242316 0.0245338472136573 0.163004271363149
0.140707061478922 0.1782596398317 0.139491560058006 0.142084071102998 0.0439928590175955 0.19543711537914 0.0765507299892598 0.0834769631423789
0.0485691591988095 0.124513615429096 0.122540595335967 0.0621289702862741 0.122699360797512 0.13716597041216 0.344096285086457 0.0382860434537244
0.0457916007583286 0.12503208264496 0.166226893978375 0.206002520194342 0.201732954146002 0.0910355358207854 0.0644018272765699 0.0997765851806373
0.0798319040265697 0.198177449382456 0.0240295127489178 0.042121106843807 0.205060096749366 0.204479742661765 0.165206202095862 0.0810939854912574
0.228908996267618 0.131354275528129 0.0451200143160308 0.0973064450784461 0.0794111055855183 0.124535119627866 0.182785551559169 0.110578492037223
0.173919233087302 0.0788033297068822 0.201848415631012 0.151479616772914 0.180331383826928 0.0771022386548293 0.0385921647406814 0.0979236175794519
0.134857090292648 0.0641718398249628 0.222439212684013 0.189337845728601 0.0193387118546978 0.132409963705099 0.0468037551202116 0.190641580789767
0.0707391799520205 0.206769563333207 0.172513563854186 0.04732516999752 0.185946529186756 0.100599476237018 0.0649052696521768 0.151201247787117
0.174205710751814 0.0992988822228175 0.138823267316162 0.126861548523326 0.0399003801448615 0.128685937736499 0.174135793075714 0.118088480228806
0.206944702984073 0.171282796526973 0.0827685333542647 0.272917218667848 0.0837776266950894 0.124401063280434 0.00896091824463585 0.0489471402466817
0.0376236726381523 0.168832021445259 0.13132639118438 0.0855912224873622 0.154295186733685 0.171799213485866 0.142411179444773 0.108121112580523
0.165776388925942 0.130600079564414 0.148574200151938 0.184031337953136 0.139649636347732 0.0349691425326859 0.0249816291741097 0.171417585350042
0.230029680302058 0.0445424638110832 0.202840285533614 0.217370856823747 0.053292534444054 0.121099926755291 0.130433212809662 0.000391039520490884
0.10253852559834 0.0624752632091198 0.250137898135323 0.13371995689335 0.171627747749667 0.143898205229954 0.126541801774123 0.00906060141012462
0.194449232039599 0.0899286894306545 0.0898757700567549 0.118879851092282 0.0877704705222877 0.156467096772361 0.141382224327316 0.121246665758745
0.100572281332233 0.163041531872225 0.0537093544880378 0.152498780715349 0.143963735675729 0.0456472495606687 0.227513394969411 0.113053671386346
0.111353677461676 0.181071920888372 0.117721952991832 0.172497517205835 0.00115832426435049 0.215802398068032 0.0177486368025167 0.182645572317386
0.174754766647365 0.0716933644939787 0.0996707632444327 0.110542860336036 0.154013675120927 0.101226674982619 0.127558764526923 0.160539130647719
0.173076835430754 0.0789884654703288 0.163664263005595 0.139479332204387 0.0696379081136533 0.149992833017864 0.0402461187598878 0.18491424399753
0.195581488699885 0.00899658324053156 0.0774322347847694 0.102074500805303 0.0171029117196333 0.151695958185509 0.187597761285156 0.259518561279213
0.154046805310681 0.0214339227643321 0.142407800924956 0.16734443431412 0.0613024170147812 0.160984473535129 0.125284562589875 0.167195583546125
0.178205453863875 0.0996917119512584 0.0181672228097514 0.165228250130658 0.0837888484345772 0.132111026004373 0.0862584867265739 0.236549000078934
0.162693739009702 0.0346363132030569 0.207115609240086 0.203123931133276 0.0833218916226496 0.0257953374745444 0.217746143795452 0.0655670345212322
0.0295172904195833 0.166064780327868 0.0590443150241214 0.170311256079563 0.0653034110714728 0.149584314659482 0.206114281712225 0.154060350705685
0.00630805604184073 0.0494740112051114 0.146197592757467 0.137972547931805 0.203729962024911 0.211601716749761 0.0636254255275323 0.18109068776157
0.108828330451713 0.123660341078914 0.0703532242378272 0.21625680885675 0.0697644897627682 0.22811348734591 0.00437150732761117 0.178651810938507
0.216205968092282 0.238715656881642 0.0426607674868692 0.0272081798236393 0.0111946518690745 0.239263109581275 0.028089619738947 0.196662046526271
0.143308477877496 0.243292987269484 0.138165918073867 0.02786140366613 0.163689858710488 0.0721452174379463 0.0536960567246155 0.157840080239973
0.0691499064316237 0.0331506231390035 0.174462095663905 0.125627788472417 0.18866697951365 0.0685905018923697 0.229451923482226 0.110900181404805
0.189933513986537 0.097978954858549 0.145110878673056 0.00582273648293195 0.12406991068008 0.123696710047128 0.169704854537955 0.143682440733763
0.210323095559761 0.0602864624088219 0.0271069576421065 0.136465898745383 0.206889372694861 0.00769546353355281 0.147333520145955 0.203899229269559
0.0567373729923841 0.031282800585302 0.20185687120445 0.266852586258867 0.0160221016450355 0.0533187740052187 0.139967240810777 0.233962252497966
0.0804280296885778 0.0303408444793292 0.20706398725281 0.0132988722695427 0.123831764302789 0.172453241624273 0.200390795607042 0.172192464775637
0.0117804225357482 0.000938642922922271 0.188906609728851 0.249493167865682 0.0806841176423812 0.0732910644287307 0.261091732077324 0.13381424279836
0.103072547880134 0.28337518509516 0.0522976448358999 0.209289706695607 0.102440411534959 0.0434827776177683 0.0398408654035183 0.166200860936954
0.108937705269049 0.0862654362980265 0.152985048529213 0.141918048492747 0.172890315488104 0.167018026825775 0.143752859287087 0.0262325598099974
0.0711094825308392 0.293328600152687 0.165397301035153 0.127955974773932 0.239426760631307 0.00141214567098777 0.0167725492385941 0.0845971859664996
0.0900681583678681 0.0999118939284109 0.0593431883055135 0.252566243456874 0.0343642326756922 0.0777815558950467 0.155443716907871 0.230521010462723
0.153440886102599 0.162208196764944 0.169107817476239 0.0539764298834745 0.146878879804154 0.17569494978942 0.130936446588373 0.00775639359079612
0.00976068799183335 0.0338701304572497 0.136237227215674 0.127604192520812 0.110603612620953 0.25275000448858 0.0690485303577266 0.26012561434717
0.164287167645599 0.104628353514706 0.126140475645197 0.172986162960878 0.122779920952807 0.0579120197013154 0.0968171628525431 0.154448736726954
0.0445194101284876 0.15886186283967 0.184778958226028 0.19512367960299 0.0503086053955464 0.0698040645218889 0.136037277782008 0.160566141503381
0.130352914172022 0.153670016978175 0.105200772401113 0.0999459988931733 0.172559136484502 0.0503356342950752 0.155086169876937 0.132849356899001
0.184120940011091 0.18661233092572 0.162590008418537 0.109658074085811 0.0397755713737096 0.0869831059012167 0.081327149837926 0.148932819445988
0.173936282548054 0.207972533436953 0.145059668902239 0.00122589130928467 0.138173177683776 0.0937003565452716 0.131403866224801 0.108528223349621
0.160717156389583 0.0108153411429564 0.0822433809609718 0.029836426273225 0.0414215266480139 0.104093914486019 0.389822090455967 0.181050163643264
0.139323567174422 0.142871972212161 0.151047878955305 0.140020725442549 0.143893781229591 0.0765590317585969 0.0540232320865769 0.152259811140798
0.163369902323741 0.0810635430175516 0.182334832617353 0.254155201303077 0.0153321507880343 0.173965604133916 0.124129155972755 0.00564960984357164
0.104023977515624 0.14661119971399 0.119128147486524 0.114314211562411 0.178494026235761 0.14239916529178 0.17041255307281 0.0246167191211
0.239128885714008 0.143892750317144 0.185751028354816 0.203200978030892 0.00526121057790062 0.133760719055507 0.0372797888443727 0.0517246391053597
0.153609585645232 0.0772131781379445 0.0701532526778995 0.170398376176179 0.196805841872137 0.140771748571533 0.0298761333247801 0.161171883594295
0.215057688186476 0.181693792501356 7.51282388404972e-05 0.0416269473714908 0.24067759608507 0.041104864324159 0.230894982671287 0.0488690006213207
0.24325612004201 0.176785345894951 0.0427659271751301 0.0803430819892692 0.0325040956577062 0.203720384347152 0.154053081361898 0.0665719635318835
0.0572685421036812 0.26207347515338 0.047595069833379 0.00772050986656074 0.183911347761171 0.217479898629384 0.0225208155288506 0.201430341123594
0.0705132891397694 0.0287920564261929 0.134326304077645 0.323795249009459 0.296743688776667 0.00699921181037251 0.0337668678243345 0.105063332935559
0.069925799227501 0.156243251464693 0.165434897955555 0.0530749936538334 0.208535760509541 0.0347129059170854 0.167481018155245 0.144591373116547
0.135651691440846 0.218629041365456 0.119329715143576 0.0486154622983774 0.200324796048791 0.119191404027683 0.00756297854077407 0.150694911134497
0.214999620893398 0.214657182970381 0.129417441875308 0.109041430543948 0.0997372480733213 0.105803000709939 0.123636661170321 0.00270741376338458
0.142939033118837 0.058476234672529 0.130132584967249 0.0906813542018597 0.113194499921029 0.182014903863221 0.19059476378591 0.0919666254693646
0.0502513228160445 0.0771616633758475 0.12366937918568 0.0351324201015957 0.26804631845359 0.0412610866267714 0.0813899004662798 0.323087908974191
0.247493619880084 0.0358591489339793 0.1884410533317 0.0474962597513374 0.0675331017129828 0.178002156462664 0.071157036124355 0.164017623802897
0.262911430026348 0.0646951378447775 0.016209668497771 0.17334126813362 0.148973341778845 0.120750186722323 0.0385296278174184 0.174589339178897
0.112940541619551 0.161687548162526 0.233698503369902 0.0971109850765229 0.0997641518343426 0.0697007045149764 0.0746371886976392 0.150460376724539
0.166353339168142 0.195665080222857 0.0726732310872914 0.139198564544543 0.122668550714268 0.106219878514474 0.176241915836026 0.0209794399124
0.00867906059916076 0.183515565323371 0.273770735650849 0.0177100280126191 0.175928504661581 0.119522319817917 0.141040143083496 0.0798336428510058
0.194241926231847 0.101087708531845 0.0788832656653295 0.056429142989782 0.0877702140749268 0.278085068490323 0.118367888317838 0.0851347856981079
0.150711933117065 0.0819953019385863 0.096883858964043 0.102352480312509 0.195559097375586 0.0221138920001012 0.165394493606834 0.184988942685275
0.0790509678548864 0.0682607244292069 0.179098585400428 0.161527647581865 0.21859303134889 0.0978825501718535 0.0953145895732155 0.100271903639656
0.154924736515162 0.193734255796217 0.0942701659387864 0.065613421489406 0.124158317543238 0.031757282145588 0.240583292726211 0.0949585278453914
0.111018865564865 0.0257546328303911 0.142365070417001 0.193576125556945 0.081882426186946 0.0453058344380653 0.193526702875158 0.206570342130629
0.156151798496855 0.065521043934837 0.174794203437103 0.0162635099919112 0.223140197984039 0.107333868972811 0.0994098719871991 0.157385505195245
0.0812311453892116 0.137377315222554 0.154638005596855 0.170278168865357 0.126030675353813 0.117767215650455 0.068397879228357 0.144279594693398
0.171288993217678 0.235681491189792 0.0565450209197364 0.0106177835377148 0.095695619929895 0.238361554992875 0.0682577523441151 0.123551783868194
0.176587004150304 0.161479695077422 0.0675225131263162 0.0474812484567951 0.173518471284506 0.0368536734008602 0.169099870310343 0.167457524193454
0.0987705144953932 0.0882166565135545 0.207651170315729 0.191287188760127 0.0546011667823615 0.197131301885179 0.0945272911393342 0.0678147101083212
0.00221749723365483 0.047567955377308 0.153575684082645 0.172054111056276 0.185481779312371 0.0747611965833205 0.129018852053602 0.235322924300823
0.22943288533281 0.124474558550585 0.0376360948773049 0.218394079291355 0.129845863003581 0.190185541041237 0.0181929723103187 0.0518380055928089
0.163619481454632 0.0284514314750962 0.062623683442486 0.0113509256720647 0.082870659327746 0.283704255680009 0.207866531987715 0.159513030960251
0.0688775573960633 0.162766689799749 0.1106636666754 0.151065884498939 0.12461649756555 0.120707474910222 0.167946580039578 0.0933556491144986
0.0608485184099984 0.225925602433836 0.157148151470545 0.0873126502526212 0.0108233009443467 0.215897497176337 0.131335324120832 0.110708955191483
0.154589434063496 0.22036700944062 0.049960761857926 0.215877309731259 0.0299442751899227 0.0335370151689739 0.0786242273387224 0.217099967209081
0.145332572132337 0.16986559184153 0.0688976574526159 0.230687101193757 0.150688299015413 0.00445067783391745 0.190301690739998 0.0397764097904317
0.180256486259894 0.0356729026362127 0.179350085743979 0.0480554295269982 0.242853433567539 0.116090636667144 0.0344617540420045 0.163259271556229
0.0248097352557376 0.135950826657191 0.17026570316394 0.170323348710745 0.0936559357250639 0.103645150089133 0.163105188406536 0.138244111991653
0.108770947877571 0.141410440199889 0.16530306669567 0.0857551298664118 0.0403416587573712 0.0890401669672632 0.248672442503383 0.12070614713244
0.260050862062341 0.129655707879775 0.00330574291874165 0.0621021356916011 0.250852817250661 0.109942761934081 0.0479709782713938 0.136118993991405
0.124269545254785 0.156271380315029 0.150143550521107 0.255020387984488 0.222145569232653 0.0221015568339011 0.0148964239381736 0.0551515859198635
0.041541650413964 0.290758028753447 0.182174257098146 0.0134518038205882 0.178742956552609 0.143638159341175 0.0325352960529155 0.117157847967155
0.198078567434333 0.0808745693900452 0.0527415750740648 0.159859512652035 0.0835001439347342 0.204428621297958 0.0545462068643535 0.165970803352477
0.224222106115702 0.0831122380304364 0.213206234302516 0.0479367297379514 0.147711462752234 0.091564692849867 0.0174145106886962 0.174832025522597
0.221267013635218 0.0403323751136178 0.0290466339119983 0.0329973139708664 0.159452763113698 0.172933841958366 0.114795703520481 0.229174354775755
0.0959045573172375 0.0327145733269336 0.0549276108228217 0.0100816972629878 0.103469316639848 0.316455005158292 0.272218853042985 0.114228386428894
0.0271633520288859 0.17093617568658 0.0950112783530152 0.15392689809463 0.17178166270441 0.176789326697356 0.0848460164603209 0.119545289974801
0.0826757468543901 0.0351512121965159 0.215876403248754 0.121567772831724 0.156458307856359 0.118828887737184 0.13964652284919 0.129795146425884
0.00609607864113479 0.0675774155290067 0.184475102977889 0.153446334233217 0.146123062506166 0.066973867553424 0.192599851468089 0.182708287091073
0.308903023184304 0.00133304588246426 0.222566200697653 0.0309120166701929 0.02484005317756 0.0938651790479807 0.23921445109984 0.0783660302400054
0.0818043147338217 0.112434911462975 0.152834530757188 0.155001088908516 0.044926251995629 0.175284092526808 0.196479390305762 0.0812354193092998
0.0891586462163064 0.216013075314472 0.12953962574506 0.0240540733405182 0.0910715885361016 0.216489176396587 0.0755820374093635 0.158091777041591
0.157753019718486 0.309373989032719 0.101447783422172 0.159170922160895 0.132176812308759 0.0644723432887188 0.0380863338258694 0.0375187962423799
0.015278013686763 0.00377311394558051 0.185706707319958 0.135788887064704 0.16240590220664 0.247299610153523 0.075104211630993 0.174643553991838
0.156888291921484 0.137325995623124 0.20320751010251 0.0712410281880157 0.176430553333486 0.174973240948094 0.0781885247856329 0.00174485509765312
0.00143852818473729 0.122701261586135 0.19340412938205 0.172162959643765 0.120943459897592 0.134184806421737 0.188975624825337 0.0661892300586461
0.0463343026882703 0.128663233600977 0.210640646740878 0.0271625025337624 0.186134597697649 0.0940129383956419 0.151206061396929 0.155845716945893
0.173242347266635 0.153298617210742 0.236182952941916 0.189384718764908 0.00145684855079402 0.0406980124084917 0.0999139705993898 0.105822532257123
0.124390466225665 0.126177323528085 0.176535210499075 0.178242106492107 0.0110158110165951 0.0898931521521449 0.132690038323862 0.161055891762466
0.114422378729884 0.184522751007713 0.176254305642015 0.0697955292097424 0.165782916511951 0.0331199991222875 0.185688473005372 0.070413646771035
0.219758012192882 0.179574784514229 0.0137252451613204 0.219004230715458 0.192695344218547 0.113516200977606 0.0195709864652301 0.0421551957547272
0.237647110503028 0.182842289127561 0.0857467536061898 0.237682915497433 0.0532409707323192 0.0374251903299501 0.0518643267174523 0.113550443486066
0.0855991338884418 0.0904779758787159 0.247857241866586 0.0297181301594313 0.0412513073121532 0.217299735226784 0.158342530641272 0.129453945026616
0.264897848020062 0.134220510691982 0.143910951255998 0.0320355450931835 0.0704076233414635 0.106640179515514 0.210559520029651 0.0373278220521461
0.128919631442063 0.221667279812 0.14338998622427 0.188356842104525 0.00445362725379291 0.152293927021397 0.042549197335881 0.11836950880607
0.258331927697195 0.0234857018303098 0.296790812878706 0.00681314283714974 0.0678869212687133 0.0203464521689884 0.325748555702809 0.000596485616128614
0.191833444944669 0.0748222784995366 0.175867288016952 0.0475499959574461 0.146674002014137 0.108091631409762 0.0852136327304324 0.169947726427065
0.0111241696097512 0.249737429193282 0.0556752197479957 0.0739579761760076 0.226612797538805 0.181162825739407 0.112630778925483 0.0890988030692679
0.127565631329226 0.114295390271565 0.014240953885932 0.12909503972254 0.115659922510969 0.222792177927197 0.146803779478582 0.12954710487399
0.0906747168501428 0.154837314566162 0.0713799487490743 0.194360055170016 0.138257681766566 0.0887936785868443 0.156826512523171 0.104870091788023
0.0137335265861276 0.107149870101977 0.0331846777142071 0.064622099361969 0.24080679015394 0.226224092659033 0.160530865718346 0.153748077704401
0.131285508136223 0.0805552309124519 0.161889921806064 0.255763098361668 0.0184711790373506 0.190654428397341 0.118096229455767 0.043284403893134
0.124886086931772 0.149867617774167 0.173966830358608 0.0690637340395924 0.112269833401533 0.183344959060913 0.109954564613286 0.0766463738201285
0.0490124972103681 0.276651660645531 0.244331680884188 0.0257801011825753 0.160971607778427 0.018902164943187 0.0168256816845373 0.207524605671186
0.138550709210634 0.0233355073185177 0.176784099898506 0.126719199977903 0.0846934066190412 0.12283944216 0.142213090951257 0.184864543864142
0.216752290734795 0.154207475362736 0.0447465515794602 0.235406866861245 0.117967138886333 0.0444633624442333 0.046264357705632 0.140191956425565
0.0742873542679515 0.120866523867047 0.129298219815641 0.104634612777019 0.126366813237606 0.183463328727964 0.156749835545508 0.104333311761265
0.0782517870385811 0.177211259248118 0.0926224151758941 0.108249780978074 0.114775089282177 0.17419963811459 0.136670603699118 0.118019426463449
0.203206539158061 0.186120345168128 0.152989421807882 0.211662618920195 0.0914647131943063 0.0228535129129806 0.0710347399673096 0.0606681088711373
0.117155664784613 0.0447196607102449 0.200945722853603 0.160452809575315 0.203327035817947 0.0171985277556811 0.175719626022974 0.0804809524796227
0.14969200521265 0.11196261059352 0.102435449321028 0.163787141869634 0.0349187168014966 0.07963057326697 0.160968498991337 0.196605003943364
0.187519105310803 0.120194892628831 0.145367634478231 0.12398922889089 0.138145259639369 0.141406086831601 0.108059005207128 0.0353187870131465
0.0456252210327073 0.221505362446248 0.197686413999863 0.0573045823343141 0.0311562568501877 0.0324210312318126 0.154429816051833 0.259871316053034
0.0813330310600286 0.00124315522406995 0.153421589351442 0.288699223903668 0.29165281988394 0.025755145960842 0.0414261047844708 0.116468929831539
0.138888483316325 0.127898379394762 0.109875667831721 0.0610687097127876 0.0740752746684164 0.185104433366389 0.170369478626798 0.132719573082801
0.105383826341774 0.24026852229939 0.063094743743929 0.0156746704942413 0.215253593620592 0.113403722977689 0.0718242467044959 0.175096673817889
0.132272307546769 0.132446854149952 0.117073164022094 0.05340587138943 0.197455565178989 0.159065487839503 0.200672351686054 0.0076083981872083
0.0524019174197915 0.123125028828768 0.218455407301883 0.0431640437852764 0.0560550080148245 0.085071297466233 0.240892566135053 0.180834731048171
0.0645412381897563 0.202483890035162 0.132998870139326 0.221574341388614 0.111435717881774 0.153044835378513 0.0786197161103927 0.0353013908764625
0.117344800085267 0.00850088285630329 0.0713948338224591 0.0695561610097246 0.165155455413244 0.0729558836789471 0.272056058292964 0.223035924841091
0.0835822506940985 0.147957624645531 0.155161015061808 0.0988196169654086 0.150104165327697 0.086638701463983 0.11196432643953 0.165772299401944
0.203091458364593 0.105168289130303 0.102816916327698 0.0535510975609902 0.0906897629478751 0.0931017025625736 0.259244144957436 0.0923366281485313
0.089300873815635 0.0739470614127311 0.152264537329541 0.0638257818950048 0.169702176114906 0.14621995872167 0.173838187335474 0.130901423375037
0.176836981841022 0.194445696084442 0.186538298259334 0.0446152957388175 0.0868693228152211 0.161940895840759 0.0664883943307113 0.0822651150896931
0.0358342689668869 0.0403268680095733 0.165211682946373 0.196400937868287 0.202296993572871 0.141598214140795 0.0997434909933591 0.118587543501854
0.0566277976089088 0.190293508454805 0.266657171263324 0.150921954869678 0.015321205564029 0.146383286191666 0.126418047800808 0.0473770282467805
0.185366396218082 0.0983663905566746 0.143335374855872 0.133077549928911 0.0705677975332746 0.0867542277184387 0.118392668447919 0.164139594740828
0.142453999691333 0.149316844344121 0.0596385608768974 0.116260611097255 0.185304741376744 0.0543148116783304 0.194826632995414 0.0978837979399055
0.184166899466891 0.00337061225772454 0.228065139431014 0.0792675650409711 0.212272194394154 0.246719978398349 0.0457641351077495 0.00037347590314662
0.0279993883407502 0.0271704493202181 0.197561979364009 0.176610054978433 0.0125156333166271 0.335741016039218 0.102338613454254 0.12006286518649
0.129983074555719 0.278722960473052 0.112236893479585 0.173664346560811 0.00647768669044637 0.164614444174494 0.078473043429767 0.0558275506361256
0.191754651261733 0.0182765189599954 0.0719693887629846 0.236706374614791 0.103715599975782 0.126279170035106 0.0253910799628693 0.225907216426739
0.0970094223328752 0.0443717813105782 0.157771566388108 0.146880527312339 0.0936548145659796 0.118184778608656 0.145943932348214 0.196183177133249
0.22072607338533 0.0402193461972967 0.0341480381129092 0.108335597829328 0.233314963355035 0.0759848018854421 0.0341185914449505 0.253152587789708
0.0167010065467654 0.220174776373878 0.15280216986965 0.0444486555712328 0.202481498453918 0.13157014675976 0.0942072733106455 0.13761447311415
0.118485993278896 0.116090203196188 0.213839531286257 0.0476452805775371 0.0897973102485242 0.108481974158333 0.0590456193350391 0.246614087919226
0.236837101527938 0.0556042869063564 0.111526994752556 0.188088410422485 0.121259715334301 0.125639700297189 0.0852569257082912 0.0757868650508821
0.0545400767989428 0.242360813991763 0.0649964837131582 0.119452112204286 0.0928416877376782 0.143156737976089 0.158762451193193 0.123889636384889
0.142562719067661 0.0570809675110526 0.184163633134843 0.0620357919763341 0.176722720216297 0.121686294296844 0.187875191094751 0.0678726827022175
0.0551451486863837 0.184403257458884 0.149198908723676 0.149004026901837 0.153645852942594 0.079646127371432 0.156044820571098 0.0729118573440955
0.177078461942576 0.0168618363224146 0.130159900512265 0.12874786152663 0.124757415803562 0.184414875506661 0.124410663811046 0.113568984574846
0.154962051007763 0.172888556281067 0.178974008112262 0.101716117980344 0.13401204163119 0.040844995220764 0.0569445643201254 0.159657665446484
0.240938533398688 0.0864672534920057 0.0267791184234792 0.192784196039819 0.0402566218591272 0.17292179060527 0.207425867574621 0.0324266186069909
0.120340706910784 0.201896876986742 0.219864827248164 0.0340120562616865 0.0805579281031189 0.127489206280683 0.199593622743997 0.0162447754648241
0.0460811030089438 0.255330236001326 0.119551148352139 0.00357546699232445 0.258250151341947 0.250601355388268 0.0658291764108641 0.000781362504187591
0.0278023344937991 0.234197395497213 0.0795186423953193 0.0221659222545602 0.202223745232549 0.121462911326044 0.150863353333983 0.161765695466532
0.0870550254973303 0.0973272394287106 0.228172993553496 0.00803419358767201 0.116948187366639 0.280768060333644 0.120710898151596 0.060983402080911
0.196961761628882 0.00709191906418765 0.0582941198499861 0.216735283603077 0.186654154478936 0.21583551184412 0.0107410182111641 0.107686231319648
0.163011585253372 0.235725838966106 0.177259531882999 0.0337399806591995 0.117718445061847 0.109634693223417 0.125898649854419 0.0370112750986415
0.166327924262321 0.0367181835171429 0.130871330766051 0.195433342838424 0.0785357157656053 0.00573172760668735 0.23604815758552 0.150333617658248
0.177398067656189 0.138735221391051 0.0663470059330108 0.124524989393718 0.189677012680685 0.112577021655474 0.0812543508796263 0.109486330410247
0.184875086225923 0.171967571524143 0.00174366735437461 0.103711696765844 0.15633053487262 0.125649599576615 0.110871651672812 0.144850192007668
0.0443151539116182 0.0907232021881309 0.0308911566597572 0.11480633921295 0.243218201366348 0.303100848017891 0.0415306041622823 0.131414494481022
0.1363913675231 0.0921964224861338 0.049576309652728 0.0981703585378636 0.224321683643614 0.0541701943766514 0.282570391430543 0.0626032723493667
0.164882932399443 0.154409328748665 0.0735219567145606 0.161887021999076 0.162882536617366 0.0047608490867667 0.127320935391065 0.150334439043058
0.00938201768121269 0.000183125023811339 0.218472957137979 0.131289654993092 0.168168989552487 0.207306539161433 0.0687659043475355 0.19643081210245
0.202081142808831 0.078702434904565 0.0274780577637727 0.0466405578161658 0.0483521192273171 0.0355980630651493 0.304086513687937 0.257061110726262
0.241190328783235 0.123562156447025 0.250677645917875 0.198315083246923 0.00208697162947885 0.0520291805320598 0.0586994301232213 0.0734392033201831
0.0542165103700952 0.156882188602572 0.265918577936399 0.156502660588572 0.0996860854727935 0.0786335473354485 0.0460291273026798 0.14213130239144
0.0760815703885191 0.0459538508317368 0.157763788375299 0.241266675870103 0.114806765811337 0.10300786575196 0.24457721369692 0.016542269274125
0.222846107035704 0.176936916009725 0.22004923523434 0.00316884553736609 0.174248104128819 0.0122600879711183 0.13784846516933 0.0526422389135976
0.189180577491836 0.222363853509856 0.105182287130817 0.130535490648229 0.0540361322404991 0.0759730251809142 0.137420221484412 0.0853084123134358
0.190509893832983 0.0620175548317288 0.0525397220688619 0.0441671231389052 0.0291951441961142 0.285379283353871 0.18669252175466 0.149498756822876
0.231900704975131 0.182150123181047 0.106449239984411 0.112722207336276 0.0338052774756801 0.0696754881798672 0.0738699581416179 0.189427000725969
0.101783610813069 0.181049898801926 0.0853080066986436 0.0822523172370297 0.226012509635624 0.289087431493841 0.00568136744164155 0.0288248578782259
0.117748065689694 0.140099290412109 0.172579735356243 0.105728150842678 0.0808884779602927 0.0277622075383978 0.176728428630781 0.178465643569805
0.033083366471126 0.176683548936496 0.170913900065813 0.15978405890986 0.100256533702143 0.167977264325099 0.165654798140238 0.0256465294492261
0.136262085219754 0.197399989925597 0.134077100177123 0.214655316356793 0.0534080928171338 0.0987067047621201 0.143822587220347 0.021668123521132
0.332122225250052 0.311819650234673 0.0220574559887401 0.0654150313262133 0.00661234367084355 0.0719216553818928 0.125113304953258 0.0649383331943279
0.182951136694529 0.104782113508648 0.12318124980906 0.0664517310885084 0.306480892358333 0.144389963480842 0.0499599427632982 0.0218029702967804
0.0752813996286331 0.0404459060349755 0.199776640140209 0.187504819730203 0.0431610845145763 0.174964184330954 0.164899542688623 0.113966422931827
0.0125870456571811 0.238495814897818 0.281221643227771 0.0205109612235478 0.046949602063207 0.184961246883111 0.207987097363239 0.00728658868412526
0.235938079741582 0.106981290791221 0.0603436677893211 0.142202460837019 0.00289465603839488 0.152456743562452 0.179221763724789 0.11996133751522
0.209697529248135 0.217826542045762 0.00736302475856746 0.0979164069720599 0.103009638450195 0.108629390465984 0.0750292230586431 0.180528245000654
0.163547528272225 0.0651075144251227 0.125626372586192 0.165562480834219 0.0841508225696461 0.155436879044689 0.0469746225200904 0.193593779747816
0.0686895757561236 0.0726185556746195 0.237801966475997 0.0503576313232432 0.0556971091859937 0.239066661848835 0.0480312939639648 0.227737205771223
0.204970178207551 0.0164624324170668 0.000597257685349878 0.0907498636834302 0.165537642235313 0.127508850306127 0.112062611869836 0.282111163595327
0.0250051069794815 0.250560789962747 0.0469054107032279 0.195415421567377 0.270911814248706 0.194648662223009 0.00771777773174844 0.00883501658370328
0.070515441327263 0.164461119579059 0.128017976124185 0.0690202720211559 0.113653579444761 0.1402389030239 0.188095595879723 0.125997112599953
0.159048509725578 0.131327673530606 0.161054449870614 0.171160573271788 0.0121280186561586 0.0458687672411483 0.127808716142038 0.191603291562069
0.169204512394056 0.0297543122109017 0.0597181001689124 0.0800201468983216 0.18477323947926 0.271634850392234 0.0679557765531059 0.136939061903209
0.0765446857746178 0.163216369756016 0.00911584476651695 0.0945856540935117 0.20747666090425 0.283259766732174 0.0836674486489414 0.0821335693239715
0.0172329608011712 0.0306681573499736 0.211921580458167 0.0420588509187725 0.192726367376603 0.140328038380658 0.190424944781426 0.174639099933229
0.139807920079201 0.202599364616073 0.0686498281439389 0.152835184445598 0.0504440645708093 0.197563210507074 0.161605402730416 0.0264950249068887
0.107851327346939 0.0576720508499109 0.0121808394063851 0.128928994480797 0.130920263816846 0.330042987405226 0.151826667040134 0.0805768696537617
0.0834392204632106 0.0477429457124378 0.00775431514649128 0.165041515894498 0.28467992421749 0.0571693021310803 0.269847166307946 0.0843256101268459
0.00487659816343038 0.210037278206762 0.0526572494896259 0.0370016596064187 0.184561524497349 0.199651244813238 0.297467211062538 0.0137472341606376
0.130910195328375 0.0496539460953535 0.247390322539052 0.126950369394131 0.0904496525775807 0.023058108150967 0.29447318384125 0.0371142220732904
0.111487479654229 0.297726418578314 0.00441954966845925 0.0300319707689782 0.293505303325749 0.0290165409974543 0.0313807343106552 0.202432002696161
0.180415002618205 0.141913054585634 0.188917545461011 0.0526059995820447 0.0510956158565866 0.0732732957830233 0.189165068512878 0.122614417600618
0.0648364082674817 0.0439828647975381 0.173409704960453 0.152526526698994 0.17481134220974 0.140948538488673 0.141304723823038 0.108179890754082
0.152888410823587 0.00753278232987284 0.0856194766540803 0.12880916790281 0.0685089879205897 0.263301093843293 0.232898377809985 0.0604417027157827
0.0164566618442255 0.0252524980441276 0.174130953641528 0.233393851111504 0.246721518881104 0.0194029843078832 0.0799137013655103 0.204727830804117
0.162835165983524 0.237441935357122 0.0951777308787227 0.020249175059185 0.0869438534889022 0.139561134063258 0.0782409400054755 0.17955006516381
0.112548292312492 0.154017322096857 0.11076779194788 0.126219057087115 0.163012885582169 0.154459559137863 0.0633261464052347 0.115648945430389
0.0692297547061607 0.041607920493728 0.152513209911636 0.133002874041688 0.117646847464335 0.180844486258763 0.18815547704979 0.116999430073899
0.0221029205521043 0.164609164268447 0.117639230654037 0.178781210519423 0.0650265130104188 0.158977968891182 0.161987404196035 0.130875587908353
0.0447020264072923 0.136532347611109 0.0678707542043062 0.106752870131272 0.130477069352968 0.250501553665823 0.149654246898848 0.113509131728381
0.17621971400807 0.0288752019395006 0.0763280546277287 0.0405178064079431 0.104204302665158 0.272516628131361 0.129198060600415 0.172140231619823
0.24362409212915 0.0288264251254539 0.125385025445576 0.00931006791349894 0.0839072851489128 0.239724615102447 0.216058411275457 0.053164077859505
0.176708704953542 0.119806405977515 0.151998865523436 0.0492096245224794 0.0391163407204365 0.137012390402356 0.251650765852572 0.0744969020476638
0.0451170992510142 0.165029174388741 0.109463025263716 0.189117254212141 0.204262556496325 0.183068746181032 0.0341135630015272 0.0698285812055037
0.0107066327585874 0.0793065884120344 0.116145077306354 0.118898198385873 0.212201778413263 0.104049322742467 0.115190638442362 0.24350176353906
0.122979119558949 0.221806277477193 0.143863249281307 0.21820826056822 0.0100582286276368 0.0711262994063779 0.198730034822224 0.0132285302580922
0.0553355726415558 0.175468972229669 0.106305617066962 0.115553770258421 0.131571027272744 0.0724515944990562 0.126482390461638 0.216831055569954
0.112339858797978 0.154585343260299 0.183349562568376 0.118707434681804 0.0237088024801472 0.15360367114568 0.131072841222643 0.122632485843072
0.253143623434422 0.0938184425642272 0.0298209152601972 0.0788071008574482 0.020304556207922 0.104198026191805 0.251976117468447 0.167931218015531
0.141997143575152 0.178367299011062 0.154782695658646 0.156163224647168 0.185689768961901 0.0562351935664901 0.0235849870255673 0.103179687554012
0.0976621927117339 0.156795292706081 0.143459591053291 0.16647115125674 0.0604162071676927 0.10628281077109 0.0854633915958606 0.18344936273751
0.116687823740457 0.0528310363708028 0.0205221266880565 0.0453042112583677 0.176711127224221 0.177272013890276 0.157156193782144 0.253515467045676
0.0632203504576351 0.155953070816028 0.135852918886271 0.0750217244188251 0.120191443235493 0.228663794208909 0.0739776809515397 0.147119017025299
0.148466839330655 0.0464474146773052 0.15687060659842 0.0966156771748386 0.136062400634573 0.0483525519797037 0.179432975358086 0.187751534246419
0.175804628080026 0.119196796633055 0.123976249416284 0.0802827571317822 0.0156663274574483 0.234741451163361 0.206054327087126 0.0442774630309178
0.0106694463304574 0.0410071273585827 0.150008705012199 0.237408010594344 0.166908144084909 0.23809954465558 0.0556795605019972 0.10021946146193
0.112578715403312 0.0981369503009051 0.309709211008341 0.241878463814634 0.0594095108199291 0.162748530332706 0.000115974315295571 0.0154226440048778
0.0793463998622692 0.186110147332345 0.0917917173139467 0.276454574824622 0.0516645906993441 0.0285818304070168 0.0156811430102131 0.270369596550244
0.125331935708977 0.17451636079895 0.115748225287887 0.185443728115774 0.0422166641353176 0.199849412619061 0.0986941471825332 0.0581995261515003
0.106389389043887 0.00230882861036529 0.0705867002090321 0.283601163417181 0.145134025089889 0.1567649664731 0.124073314848351 0.111141612308194
0.209908180883623 0.0637051018069271 0.133864751575313 0.00700493572857692 0.133023121911696 0.189190279743532 0.130142915892066 0.133160712458266
0.0545912271411788 0.0438479814305656 0.141250068748228 0.117156928220902 0.168518217789108 0.137552876062034 0.185656059813759 0.151426640794225
0.198580181233653 0.221170236453845 0.0155795441914052 0.0400070089896432 0.13352200373963 0.100985384256245 0.265300723351159 0.0248549177844202
0.18309538991115 0.0687520664770181 0.0996837808902654 0.120177114881275 0.0340375499760649 0.196267357202918 0.11974374273658 0.178242997924728
0.0219674963529833 0.0943625782648901 0.0187592571289701 0.193745383421597 0.193737727743731 0.22599525584536 0.207491956458028 0.0439403447844401
0.0287585323504025 0.0544751258834025 0.203630069724894 0.305162985824268 0.0742616712323793 0.105436774423286 0.0404395132683333 0.187835327293034
0.0834490952539781 0.12305374461002 0.116911194849498 0.170915580417667 0.141385504084214 0.170318166996045 0.0750291511225856 0.118937562665992
0.118757942265432 0.0886634770849513 0.194692027640064 0.113132826791252 0.0852616935313038 0.039191733318545 0.182468812411569 0.177831486956882
0.166796216536107 0.183843673509852 0.172235466523864 0.048027965667827 0.116221117519683 0.182181043174968 0.08616218029601 0.0445323367716887
0.147438190192547 0.07425988506858 0.175505877084854 0.138513699947619 0.163094983504724 0.104415258488084 0.141136158031105 0.0556359476824856
