0.162592192876596 0.0251110045125083 0.154736085846406 0.0311219782693871 0.119513173571644 0.0370087467982805 0.128312353354053 0.101850622662059 0.0543927346951888 0.185361107413877
0.00821728157610173 0.120684639216826 0.160820194566641 0.0212396597351322 0.0902757613396085 0.10473376716665 0.16647953550624 0.155999176236273 0.0877188427267231 0.083831141929805
0.01040779290431 0.0331170470475276 0.165508737750589 0.0740657764533602 0.161599062603018 0.0846792910677755 0.179097830360627 0.128841559045918 0.116997285479969 0.0456856172869056
0.137829553435757 0.0674434566060366 0.0813218441133038 0.0710370786632907 0.150758896914925 0.0141944938980589 0.057108338718349 0.165847010737278 0.172350622778424 0.0821087041345768
0.0736314078188216 0.0737252702064061 0.118956592413336 0.0517852148062069 0.107052031695757 0.122807849508157 0.179191017741338 0.0682798501031315 0.180058355467925 0.0245124102389191
0.0959672185925102 0.0879651596551941 0.0829233709911131 0.00246033185758817 0.10585534981939 0.161420863903763 0.0916412522339044 0.0997784954681031 0.164751820553055 0.107236136925379
0.0820646131474302 0.0479259306458658 0.123711670634479 0.0935966020570495 0.135903652250755 0.124126914065917 0.0610653871894827 0.0813064190164671 0.12637722974988 0.123921581242673
0.0936618590271551 0.0508236407512733 0.176605282702169 0.0201417218714587 0.0434027272490709 0.144247122261841 0.206909667491799 0.176587817004959 0.0397815973776101 0.0478385642626637
0.117330597426853 0.149647393661178 0.0900798718264604 0.00481861581509701 0.0441628148679769 0.180449642901976 0.0927475213529786 0.210443015323111 0.109413262359911 0.000907264464457459
0.0218426605649317 0.132030527164626 0.160081248320116 0.0764338924866488 0.121613972520536 0.0759975891953664 0.156087727662686 0.0284079720913291 0.167633431732704 0.0598709782610565
0.0401247748126858 0.0904795276764596 0.0654357554312207 0.159461191783488 0.107782251159119 0.107924241213423 0.123122524680423 0.00255114140302141 0.169447351933056 0.133671239907104
0.100285573122702 0.188878996198952 0.145168879404624 0.108889490491439 0.221918435196609 0.00764316881951942 0.0383221395822323 0.0591090175632729 0.0972387673174344 0.0325455323032148
0.0343710163051806 0.104086066491164 0.17336342634874 0.182727050561489 0.165370597651493 0.0743327424415754 0.00326921565046095 0.0759484477017233 0.1415686169937 0.0449628198544737
0.087108600904326 0.0278617405493256 0.0808189105410072 0.0753864708135715 0.138379341095446 0.143309343295838 0.0874985240872144 0.0996721861871326 0.121651244847987 0.138313637678151
0.0907087140162594 0.102441326000117 0.126192564785891 0.141012849432994 0.0529720124477166 0.127581076140049 0.00131899578730833 0.081498467397545 0.156987275671515 0.119286718320604
0.0275793374493383 0.127820578564144 0.191248648137839 0.0681703237472634 0.109229175190427 0.034375269249986 0.0922057412922741 0.137260409898002 0.029321119299482 0.182789397171243
0.0215128584248886 0.000247577704794415 0.195714790666872 0.146951212689048 0.195311824564764 0.121180160610374 0.0797838023320149 0.0653907853023913 0.0946547590113223 0.0792522286935297
0.0997566693935832 0.165099061935133 0.101203008841484 0.0277072130867755 0.0689095632971026 0.0864175243294273 0.149733395834454 0.0461417240041717 0.11238825854814 0.142643580729728
0.106283719655118 0.00119513387597343 0.114336696665435 0.0946044668044 0.152451736973109 0.136521393219056 0.0936741332490022 0.0264859784050568 0.107332257666598 0.167114483486251
0.135224745008523 0.146773079863694 0.159529117961382 0.00293632914571363 0.106269720104612 0.0881551795308838 0.163150684554282 0.0965640984222241 0.0442590196506537 0.0571380257580316
0.0366297171296398 0.174809821893864 0.17092226952543 0.150212971623988 0.0092729774106332 0.12900605801124 0.0996887417634729 0.0985831669374149 0.112744343405651 0.0181299322986657
0.105830182023682 0.0979948769339452 0.112341889411192 0.0567503246926677 0.117548005981013 0.133180555798194 0.0579414077329951 0.129521414645025 0.149626168788515 0.0392651739927715
0.016700898302752 0.22700333728068 0.114693845808006 0.0113279583868177 0.00927233720627954 0.212499365844659 0.0645529455538056 0.151419877275942 0.0344826947799407 0.158046739561117
0.0778444227055132 0.14619339667437 0.110379792782882 0.165640954215726 0.116732027116705 0.124972242210295 0.0144632066740256 0.0496664837624448 0.0817714794500532 0.112335994407985
0.0793649841609517 0.0461020747014423 0.122598178134156 0.102791362199627 0.12705730120068 0.085190830314802 0.151861298317086 0.0443286002395496 0.13834406590342 0.102361304828286
0.11080354352085 0.0861935721423272 0.143449423699079 0.0539212321882494 0.165741661476874 0.152716749067379 0.0758596018448272 0.0742383375102287 0.0478074633914685 0.0892684151587172
0.10818470967796 0.186486881758884 0.151152976985079 0.0105582481168681 0.0927166124258384 0.118553690928823 0.0844083068610693 0.0118157279915794 0.163212861355542 0.072909983898357
0.137993458200976 0.023996743421558 0.13787369785104 0.170215491514482 0.108447055402133 0.00021900101703832 0.1428648619136 0.209824977774247 0.0643978097983327 0.00416690310659244
0.157795431989934 0.0490052625615968 0.141890293810467 0.0599441696741575 0.159989233453763 0.0310341269767198 0.140651442968822 0.140258456667831 0.0654018491637107 0.054029732732999
0.0652739231789921 0.0602323518097325 0.171819499940641 0.101877024758154 0.129362628158521 0.0278982705362556 0.132382687226883 0.173875178419467 0.0209848292160155 0.116293606755337
0.121402816081613 0.145295872451479 0.10386434663408 0.0775341635098276 0.0366293732133328 0.0908234067201856 0.170863531588519 0.0789874928747319 0.114321423906274 0.060277573019957
0.104275000652427 0.119962793871467 0.117651408481918 0.0320633298780009 0.0254126246369185 0.117960179754365 0.189889912589806 0.187664212637191 0.0976467806496511 0.00747375684825491
0.0696509746285739 0.114562861026634 0.0998862405262703 0.0263825776793873 0.15106193512059 0.123226855456779 0.132054384638205 0.118295785976995 0.0944936641835454 0.07038472076302
0.147195711431031 0.123563845223078 0.0384867797085 0.0522027775853632 0.132921792262852 0.0980304338324712 0.0302099266122024 0.152528851772454 0.0714604647137826 0.153399416858265
0.277368563410388 0.229914180673077 0.240538551618065 0.0381739438040478 0.0392460242205708 0.0400071712188396 0.00863263630114008 0.0315540094787883 0.0719645750352504 0.0226003442398326
0.131671873039375 0.159789271705726 0.159939093434177 0.0457172502690407 0.111652492466348 0.156057562743915 0.0836142730613116 0.0700269244155799 0.00790411100405943 0.0736271478604674
0.0361093978796952 0.165399222475049 0.0764485884914575 0.183763450449171 0.0689894794047686 0.0639963675775007 0.114824785444947 0.0557788626076616 0.197070623583092 0.0376192220866571
0.0784723705600247 0.0582641422073031 0.0957565679392452 0.150938823685299 0.0819484908526537 0.0737246292052244 0.173430415163645 0.201481110421457 0.0387085850315751 0.0472748649335734
0.230389390047216 0.0558659419944686 0.0226677113204883 0.0214590448668014 0.225574076892371 0.000888024273640974 0.221099211548602 0.00609783913984577 0.136957945650654 0.0790008142659113
0.117708409989009 0.00238794171416493 0.114081530215659 0.158686255499083 0.0662056033311175 0.160207633380769 0.0700559556986328 0.130236225801306 0.0986196075087053 0.081810836861553
0.103685708282948 0.0656734116344174 0.00931673050030197 0.20727081234241 0.129068052367035 0.0257936637590648 0.028623571067807 0.14380166780208 0.118186530144291 0.168579852099645
0.114649997974876 0.145325398063911 0.107397047884316 0.0759187375928845 0.113506252333465 0.0990933993022877 0.0661684216227189 0.000537634076644599 0.113636099405968 0.163767011742929
0.123487975891144 0.0645921387512877 0.0953756847077579 0.0656767676666125 0.131881290380771 0.0928852903145475 0.0625859164018683 0.0960386815620415 0.160236099905292 0.107240154418678
0.0125505498024335 0.128736108386996 0.168299873683545 0.115543209205807 0.168675195289098 0.0671630389656896 0.186712740238597 0.0123995711761595 0.108620270124581 0.0312994431270933
0.0970274987367195 0.0678300944473594 0.145597857112104 0.0779512727826402 0.130113661457498 0.174949890007131 0.0780331575764621 0.0841514158140585 0.125258222556615 0.0190869295094128
0.108390856398736 0.0710065881517108 0.104995501265134 0.119192524400691 0.124518214029078 0.0815546983892873 0.0754908052815483 0.112532276592847 0.0840659412674901 0.118252594223478
0.142183691572097 0.0892414423953535 0.133876368569755 0.0664434789228058 0.129821772337429 0.108777292187585 0.12359803454038 0.0381467867914524 0.0910856490919078 0.0768254835912339
0.182116300944768 0.182198617950629 0.0120512975114374 0.00926161217394548 0.0223052571020363 0.174132915253608 0.231323024079456 0.0340792078883922 0.0211649408885067 0.131366826207221
0.203742736276803 0.00612023241708875 0.166484775128225 0.0920530408790041 0.186136773276656 0.111526195052792 0.0170936806642758 0.0400403253379903 0.169548454567838 0.00725378639932838
0.0245384102903107 0.154591498115734 0.105178041729451 0.136479093601349 0.22162044745995 0.0390738323522838 0.211351444465311 0.016360461087983 0.0353834900267711 0.0554232808708562
0.0600884816705576 0.0864084184575526 0.0286944158988002 0.0624041727613267 0.159514362875616 0.13087002587964 0.0799837995589323 0.0474415440183562 0.148871071736259 0.19572370714296
0.0936550046938709 0.15927935171946 0.0679527822209213 0.0522939014590211 0.000426326392661887 0.132923628336021 0.12589003586776 0.0808841872430496 0.123646527930522 0.163048254136712
0.00203177554589122 0.127451206434012 0.0982920288140354 0.140366506491204 0.0767122540063866 0.131609482690648 0.155701640101035 0.093135222550929 0.166520747699013 0.00817913566684749
0.0860346768779355 0.0485597607737535 0.0279322146880776 0.0980992381682507 0.00271518053362428 0.2029925293301 0.0959064484207019 0.175990637393193 0.171848386356409 0.0899209274579552
0.150665459254677 0.0859410320030657 0.12762263141355 0.0615285055669337 0.117608334019649 0.12537729635027 0.0773854892752932 0.10793712877806 0.00881332355613398 0.137120799782367
0.147241722569206 0.027381265719603 0.0577715103524759 0.103438661885315 0.0268152978158377 0.129232847389125 0.0954273531711701 0.126659723209315 0.142544452151586 0.143487165736367
0.0783553684507323 0.13571738444945 0.0469824002260677 0.111041045597582 0.139413723120034 0.098720819853797 0.0771092228693828 0.0937763494185506 0.0801650954973783 0.138718590517026
0.0967308518881173 0.102945400806495 0.160926196160555 0.154279124169823 0.0210649091297019 0.117823525645999 0.0932073434006811 0.0620895843378935 0.05309677303783 0.137836291422905
0.0959980763651048 0.216904314701194 0.0772097010041373 0.13374659990415 0.042973396695795 0.0909843518219241 0.219517778796778 0.0983801571942294 0.00699334606563966 0.017292277451048
0.0974303343639071 0.00827891588040805 0.194401084291277 0.0264717140308763 0.0844887195789506 0.0546433698961721 0.150224055605407 0.177443929020502 0.047732522102654 0.158885355229846
0.0977553737954204 0.138999786713519 0.0906967285757239 0.124203256665591 0.124060061399022 0.18234464305772 0.0307507578432504 0.041804693716648 0.152691043882233 0.016693654350873
0.126155267099293 0.0524670772517432 0.13802425055027 0.0995620638120239 0.0673218633743579 0.114184568238082 0.146921461150476 0.164140074330213 0.0687443768737655 0.0224789973197758
0.112257469612046 0.144271096480005 0.053372459528067 0.0418582570701467 0.0566253719980506 0.196428497800301 0.17995768478639 0.0435562115080322 0.0440061108204174 0.127666840396543
0.121731848832124 0.0194633294757805 0.159903361657624 0.0812212608799858 0.0640912889594741 0.0764243399791962 0.0963445627292164 0.127041226581446 0.107666442793966 0.146112338111187
0.200903956005108 0.125567301899184 0.0308049650260467 0.0988903737227593 0.0827791143089986 0.051467469020024 0.129953059176694 0.00762398743343592 0.20012270398225 0.071887069425499
0.0843678232538729 0.127329311808094 0.131042562367102 0.0741749251976349 0.150927649029256 0.0662283611649625 0.131285498502054 0.0391858634907297 0.125826400209042 0.069631604977252
0.117131248954809 0.117617355013101 0.116535814720673 0.144244699690906 0.119445230522044 0.0834666285398045 0.143549937691893 0.0318597828651766 0.0529107016819108 0.0732386003196826
0.175943918781913 0.18951847067415 0.104129218801441 0.118211554034843 0.0153918475486512 0.0635893188602028 0.117349644437392 0.0404715332047547 0.143012713922992 0.0323817797336601
0.0176332524762124 0.12502909511076 0.0503945144840536 0.0262681181273576 0.151784338315195 0.110256547226788 0.0983695761987631 0.143623574545244 0.102575842199307 0.174065141316319
0.136130963475462 0.0166887648213362 0.063144208276524 0.128448192344709 0.0910436269747001 0.181094756531316 0.0423000801545428 0.201407127878071 0.0593021167911173 0.0804401627522209
0.107158132459431 0.0548181258261652 0.160315281668811 0.161803749796533 0.149651766881853 0.0830493601046245 0.0518510483005059 0.122393648576644 0.0719068631804097 0.0370520232050227
0.109667282775636 0.028308997251162 0.171942494453722 0.0298514886624231 0.117812844133621 0.121641689528266 0.0802283296495293 0.059534092452381 0.129335980695226 0.151676800398034
0.09559716355019 0.0572381437491646 0.0874324811482191 0.00729942371248886 0.217262163210424 0.133265127098277 0.203353255782417 0.0436994120995442 0.0873664399383176 0.0674863897109573
0.122521976921844 0.112584862533466 0.0157511863020655 0.077063546569374 0.0285703679955476 0.192807914885023 0.10778301762661 0.236641590407913 0.088858554253915 0.017416982504241
0.126912717496289 0.0904265193730336 0.0843533998691066 0.0634595214446542 0.071047332542641 0.0564918161978219 0.216421079503578 0.0364380227658326 0.125343466031402 0.129106124775642
0.108496491444244 0.0401193266401711 0.0966818314408865 0.118692638452548 0.0316508031328258 0.224064853438863 0.0143479117489047 0.151314355765025 0.139949882501001 0.0746819054355304
0.0406756703881794 0.0883539144300681 0.127110075184692 0.132805570163338 0.0798603005820436 0.118128247949976 0.0441094692806743 0.114094540023634 0.127663560949845 0.127198651047549
0.157842194191289 0.18274173698804 0.0839251640384108 0.103718271722663 0.00173821515595243 0.136967094069113 0.13897522105201 0.000742897065998305 0.133615719023854 0.0597334866926702
0.0569859009545417 0.0419848731512951 0.119397844920423 0.0568130357441448 0.159535303613362 0.142338796665821 0.127223074585433 0.0653142369448001 0.117286965096584 0.113119968323595
0.0526933884270314 0.140327396676995 0.165960295378379 0.127658358848729 0.0292816131042284 0.152627788221559 0.0877834754523229 0.115347865418716 0.00306343975950994 0.125256378712529
0.000379873792690135 0.0855542556443617 0.142555442549498 0.0898970660106458 0.187693563326399 0.199069602575755 0.0714377463575171 0.100911512753512 0.0200383734053094 0.102462563584312
0.0321297233807154 0.0980774607477034 0.121609305088131 0.0394151638815214 0.0851344480365271 0.260561538227636 0.0792952417699073 0.130244825532723 0.0229912922417635 0.130541001093373
0.0509254768843504 0.135406747612246 0.139232823053106 0.0187912886212192 0.105700807887624 0.142394339585839 0.0272813412431349 0.145635078631569 0.116631992610543 0.118000103870369
0.00868160975378172 0.134472040618516 0.170127823560005 0.0305622432996768 0.0598955127558688 0.18510971186706 0.102882443236387 0.0948159714610025 0.139196621431161 0.07425602201654
0.0105672420448487 0.0959981437086076 0.0651763907756701 0.130066855319768 0.136788219945304 0.147515006684974 0.070568306501783 0.106525122226306 0.167078791227382 0.0697159215653572
0.0656427238350823 0.0195003252206232 0.232361233737644 0.204296889286603 0.15069537982166 0.0483426835231427 0.0917031418722066 0.0503060670732781 0.0615005148678157 0.0756510407619441
0.162039154594077 0.00635124106068191 0.159885183717372 0.115482549909141 0.00228872391318934 0.165425587961564 0.124323303947824 0.0369140655376197 0.116996412730949 0.110293776627582
0.0352269036934655 0.0133972381124464 0.0190627182674169 0.201586225065646 0.153497223757153 0.157530966080081 0.165415140608556 0.0863524806444304 0.0835240825737561 0.0844070211970483
0.0977701215925896 0.0290598548220832 0.164446435105528 0.0821434951293961 0.0985796271026467 0.139590610015513 0.0833141511135886 0.124987749083657 0.0763206814982299 0.103787274536768
0.165986708085866 0.144043721080417 0.0143115546589253 0.098186075767277 0.0310249306489147 0.078475933625525 0.159145130333998 0.0924259367091076 0.0630750288527911 0.153324980237177
0.148093043959487 0.103498258354748 0.160549125956551 0.162729629088517 0.0139187676516531 0.0429618191482121 0.0141580793338305 0.0653166816810796 0.144384547446526 0.144390047379396
0.0991879862940255 0.119484959675333 0.0991273049383011 0.0752107682643281 0.187784253234688 0.0326992216781946 0.164521452283467 0.0445342606492575 0.00767401178920895 0.169775781193196
0.152278448525101 0.0235185986172148 0.150803823343816 0.153767429373361 0.022597171531967 0.0841861625936354 0.142530060280106 0.0450704425306836 0.0779663367098932 0.147281526494222
0.0205702136910721 0.0683517020227099 0.185899018529955 0.185003885110755 0.0915229612883913 0.151199695026955 0.0129121003355909 0.0170841564567524 0.20063515194198 0.0668211155958381
0.0304688829001176 0.134312924171571 0.108816721567747 0.0188032213925483 0.11572191700864 0.207227227663086 0.0386580338056503 0.134222265407504 0.170740448760705 0.0410283573224314
0.0402646617071821 0.080089780061135 0.0305295463408562 0.00710786274060191 0.0361981706065866 0.182545959164862 0.203949630938348 0.194262607815553 0.0384371143023433 0.186614666322532
0.0695541601464281 0.0702153410668223 0.111940506293834 0.0528447672639019 0.103056521681951 0.134164191095638 0.0312980175092118 0.120622762269246 0.181883515527823 0.124420217145143
0.0842834027817267 0.0983055409473949 0.0733714311918632 0.174782636567452 0.0331717579864054 0.171472096997078 0.150017317781237 0.0231022541758154 0.103116640091934 0.088376921479094
0.059612203187417 0.0806214056750107 0.0980717878343644 0.0624636582548505 0.188642234264302 0.177136391506099 0.11753922397629 0.0110883918542189 0.0331144202810844 0.171710283166363
0.143635843212527 0.0403298025760982 0.125276282019868 0.12411137342222 0.102869033158752 0.141437973153293 0.1099350697598 0.00244922078669288 0.158980579376909 0.0509748225338396
0.102118263601202 0.044807002017809 0.0165269139628086 0.100060181179568 0.144660036626186 0.106517104993658 0.139158027236995 0.114948417429982 0.112808212794111 0.118395840157682
0.0282125912842365 0.0189472359013551 0.146967365326154 0.130404415282197 0.111087270541018 0.128195294775924 0.147889281904155 0.144426645858675 0.110718265131699 0.0331516339945854
0.0150445004069399 0.0371809192921359 0.0823240140443919 0.122448618574832 0.0936915508807005 0.160858277194233 0.159334839917578 0.184138756617407 0.0305074697781307 0.114471053293651
0.067101327746222 0.0416237520132766 0.0795642371057908 0.175739160264359 0.0401584326885018 0.117477155232825 0.192678861228598 0.0794140834527245 0.0571223667287471 0.149120623538955
0.102882849285779 0.180844708280886 0.139949564849568 0.0216574993252239 0.108827455078894 0.0671426837709471 0.0598506115563663 0.0354326598879061 0.110026583044939 0.17338538491949
0.123308377605627 0.183082872502246 0.1205412031517 0.139031656597071 0.0670894433395207 0.00118118850775652 0.0365737057401954 0.0806166816328656 0.0747221351289242 0.173852735794093
0.0833561813605371 0.198718022501753 0.15019389348145 0.127445096723993 0.114602254241579 0.0371434645824774 0.0966711942413653 0.0683899796824111 0.0999208786624103 0.023559034522024
0.00359299530981925 0.0612103216688802 0.126110972177231 0.101813441017639 0.0404993176530005 0.116796875299254 0.175657397562783 0.186393653137839 0.177588162914876 0.0103368632586793
0.162574879132423 0.18043597230923 0.0189970312050103 0.0793939386855468 0.00101806470627904 0.184438248372819 0.0986914728174506 0.0863295070235618 0.00132990857276786 0.186790977174912
0.0415920673210698 0.130134677420213 0.134927548212662 0.14633213061588 0.155655318951626 0.0581681334482324 0.0837507038005227 0.123132988305034 0.0345586394555131 0.0917477924692471
0.11763795945233 0.0524349250813963 0.0247560743341035 0.00587695224701124 0.0731975642765892 0.100188745386555 0.17946332439329 0.123695046379673 0.173179702256191 0.14956970619286
0.146684598713988 0.00303740696350652 0.0231650383066427 0.040837769440227 0.166330172637298 0.164864900541849 0.0664866308721924 0.181185179669593 0.144707679442244 0.0627006234124599
0.0809664238582234 0.132078717269054 0.116000492706903 0.138675834053311 0.0607343230828895 0.0590745286493339 0.134999956580243 0.0751903085083403 0.120233628762852 0.082045786528849
0.0903213145553085 0.0496083160454692 0.106295089789841 0.139815656702146 0.0643699792871068 0.14602499955556 0.142835833483606 0.0345487441384436 0.0691524054448128 0.157027660997707
0.1323961579599 0.0395355114453431 0.0343095074361388 0.12163318340189 0.0572161851222379 0.14298505999276 0.0157874707565669 0.152333735830191 0.19332801395286 0.110475174102111
0.112644624295299 0.150463851610542 0.171824003662849 0.146141642886453 0.117776772307608 0.00509234696149334 0.106676666566859 0.0192639215176417 0.0291950719728201 0.140921098218434
0.160581565693785 0.0402594770178625 0.144555154622646 0.109866814916988 0.0423456294812427 0.0796696342219093 0.130921502120289 0.0629202052036131 0.0702167561453028 0.158663260576363
0.146703677920612 0.181388697339917 0.148236327218502 0.0388537880420677 0.156681278645314 0.0836192643975317 0.145893329753179 0.0437869610299199 0.00988859597602106 0.0449480796769347
0.056599984472606 0.103059342199833 0.195040743396337 0.0412543097652659 0.134580423984037 0.00789166473162768 0.143865834545082 0.137731410472798 0.0313599956023468 0.148616290830067
0.139620360013087 0.157611013651153 0.147838010869835 0.106184574959633 0.0877507695046923 0.0138424748167374 0.0618718605758686 0.116775174561908 0.0120727193500507 0.156433041697035
0.0512561599321537 0.220643285780061 0.0118488912441891 0.0932001016728095 0.0612419337499078 0.0874882633353568 0.142072467837469 0.140333982808668 0.145643562602904 0.04627135103648
0.140720328604008 0.0330712950351128 0.193600635683664 0.0270143316408706 0.151457176241709 0.131847799580805 0.0617300449859301 0.177964981796222 0.0758687524423129 0.00672465398936613
0.0982286110592365 0.0730579800010878 0.0897960108720419 0.00861494571291976 0.172647303580869 0.106899133506226 0.156664039876409 0.0365351172981813 0.0503286578239979 0.207228200269031
0.150768805656933 0.147841440812098 0.0972697528124057 0.00663326262629243 0.130959783544866 0.067009494197436 0.100378891781489 0.0826518234795384 0.107769609207936 0.108717135881005
0.0852628580471208 0.0433807679996024 0.00382695705387772 0.0327553078974056 0.117732194219497 0.0527880953748306 0.197697145618382 0.0648188134845143 0.183361793808067 0.218376066496702
0.0471371776042008 0.200475484518428 0.102694885645835 0.0649039973871317 0.165319546293595 0.206041152952101 0.0530198927330882 0.0580664134549867 0.00896911125302485 0.0933723381576084
0.101515990893497 0.00811867739609041 0.181066704868362 0.103599136704123 0.0660295892518174 0.0392934137033504 0.131487400281045 0.105698777753211 0.049111521770881 0.214078787377622
0.0453949499233092 0.166714585591907 0.0514524185648757 0.117275888288712 0.0987447809233913 0.10623620800944 0.0790148937666463 0.160080961074816 0.0652736938946788 0.109811619962223
0.175022794288604 0.0739575884536027 0.0933480623700589 0.0214602649810649 0.0998019533227246 0.119114375698836 0.0854717227727489 0.135193052596191 0.103572432951126 0.0930577525650435
0.138036153468512 0.0507338343431414 0.0825755509842887 0.154428150338786 0.0377499347609835 0.130902607566899 0.152878739788252 0.0285446018635422 0.0687902630674273 0.155360163818168
0.185850530378016 0.134526412284018 0.0444355866209492 0.00693962499182527 0.0359469378648314 0.153420599769357 0.116056158954961 0.0755836120344493 0.13044083899983 0.116799698101763
0.164569601785435 0.0957516686338958 0.14282260234732 0.0842168024812131 0.0956464321343573 0.010517076533199 0.133016667257631 0.0120984424511388 0.17069397860567 0.0906667277701397
0.0047396218027919 0.203460908755366 0.0624195695840986 0.0799308894190032 0.209475153963504 0.151377305047838 0.210901760161875 0.0255470335369247 0.0517900801295743 0.000357677599024736
0.165908862425056 0.000466664007938667 0.0765551537907518 0.0599830206108966 0.0948530720918723 0.156805259888451 0.0453455902164322 0.173854285304329 0.156927399617657 0.0693006920466143
0.0528624768279246 0.10889729590914 0.203293929472208 0.198052185071629 0.147615183326751 0.10828922231221 0.0163119885508514 0.00869930315200498 0.0815694971385 0.0744089182387812
0.184444199298567 0.0562187286782304 0.00632063468197806 0.20772458071176 0.0177206417247966 0.137401172635498 0.0224281714270237 0.000234827051800601 0.145117386805595 0.222389656984751
0.159448717257993 0.153927951917163 0.120085173274459 0.0355152001861594 0.052686195206984 0.0909520079133033 0.052841553480947 0.148769317104178 0.0612136960856898 0.124560187573124
0.00712660831679976 0.182537243202942 0.228780371505238 0.0806830811364928 0.0356098024732768 0.0289948387531212 0.195643043761355 0.151415213010486 0.0858104036822614 0.00339939415802773
0.0585958586311198 0.00649695745948345 0.159132654693515 0.0763037830029692 0.124783971985506 0.18905243865401 0.0628785489313221 0.188078412778972 0.0431903073521068 0.0914870665109958
0.167740236411277 0.031749818666057 0.0408864744231749 0.162608131651113 0.143242777428602 0.132401966630051 0.0333734174470404 0.0707191583750744 0.162122763947114 0.0551552550204962
0.0823646561322322 0.129203995671814 0.0154871642617866 0.171849989059824 0.159808824331301 0.111213906067975 0.0217086154389282 0.141660059094594 0.00702563791372255 0.159677152027821
0.00725163524225664 0.0492187608955653 0.188519973991136 0.0412409321592592 0.15355753352137 0.100565934351186 0.145833395835946 0.151847559290071 0.0543570933647098 0.1076071813485
0.0971481899971363 0.166322463288541 0.0731319657552355 0.144127887389764 0.00927851094345431 0.160174794851175 0.0124392174125237 0.167323089954165 0.147633667641943 0.0224202127660621
0.148050673544015 0.203496984182035 0.1000152267443 0.00553787799489434 0.0941436086670246 0.0608048510777117 0.180030506593525 0.0639837959361458 0.0843399626648641 0.0595965125954837
0.0630479276169981 0.0791436842777345 0.0264086282883176 0.148316808628015 0.0823608674306643 0.192776996901241 0.00147843973393015 0.106092799914077 0.0913030258888484 0.209070821320175
0.0827010691111972 0.105895527273372 0.0977356885503872 0.138241499188921 0.0958413916869482 0.132449439846364 0.137337377502682 0.102943310440053 0.0707832626883121 0.0360714337117621
0.136650062274891 0.0114244499499341 0.134651443537367 0.195667830082598 0.00584103259797961 0.0936269054010542 0.155544906670483 0.024939104112123 0.0944595545489682 0.147194710824601
0.0684073891470012 0.0967423211562893 0.13845918350898 0.185671875587119 0.153972382351479 0.0076786178642584 0.171809757535316 0.139072867307159 0.0175565186947297 0.0206290868476682
0.165728663838137 0.0904251031634534 0.103655594038801 0.0203863475664314 0.0938571832283896 0.171781637822909 0.143877487562722 0.0413394273596553 0.0513712579591316 0.117577297460371
0.155445759212592 0.0597609327460368 0.0249261608625729 0.0501721684694835 0.11357595220951 0.181346182213864 0.183160123720416 0.103859266311919 0.120745689850311 0.00700776440329538
0.0107107266405672 0.20567488929432 0.101475990896415 0.081326419307384 0.107584477409298 0.135245170474393 0.0532254602257801 0.0565351319979903 0.0300491177260503 0.218172616027801
0.182452098091232 0.0862981893878399 0.157724124457841 0.00831219568318225 0.100348406675404 0.0511285367531281 0.159311836343564 0.0644126385819365 0.0831635049099006 0.106848469115971
0.139244690606154 0.0465545550413629 0.0833445209171211 0.136733694514781 0.0869930683531666 0.155689207561258 0.151813774486541 0.0684532720633089 0.00351150323614381 0.127661713220163
0.0596157082721352 0.162983695987808 0.0575789298855627 0.0390854109851202 0.0540275290337982 0.116470048367792 0.0313020900431225 0.156024311774798 0.16254889994415 0.160363375705712
0.0288915487619218 0.0877279447189131 0.142223570154194 0.00918418410785651 0.133129207294361 0.138359627765072 0.070093951856152 0.154914666324399 0.105961027842759 0.129514271174371
0.0698458667793812 0.0662709866752496 0.169574952068935 0.176524889956009 0.0566483597250562 0.0353654368556527 0.206370420063654 0.0707738043624268 0.0067177560018861 0.14190752751175
0.0958985961416734 0.232122845630782 0.0539508175679368 0.180585335635444 0.0954760802154484 0.196836240955966 0.041955102855444 0.00567976491957213 0.0941440848898057 0.00335113118792736
0.0582542200099956 0.0501948495881559 0.0773061922659737 0.0418691375617313 0.160745173654598 0.142130365533276 0.0836771513840198 0.0623901145122659 0.157954615568988 0.165478179920995
0.105433790998181 0.0347701760893833 0.00205056436353759 0.140892269759637 0.0954652300203036 0.0305876298661723 0.177161666325167 0.229048291921335 0.0872536846321024 0.0973366960241819
0.0193226214793842 0.0932698086756686 0.0500506524812268 0.123904284918088 0.16836972708609 0.0454106008805714 0.183865083550698 0.188758073573089 0.0718530122635111 0.0551961350916723
0.10519313050159 0.021391164015255 0.256852907245656 0.00638377578627963 0.0524802096770727 0.178193332741923 0.12059401438035 0.0135138586317161 0.14881854860909 0.0965790584110674
0.0661864716359905 0.104215093364671 0.0536881124348727 0.0809241980340723 0.158867788558035 0.16562348708745 0.00763633418829991 0.174894355670791 0.147155521448704 0.0408086375771146
0.154970889572873 0.108498793669928 0.141281427930923 0.0587868663249643 0.0210268287310859 0.0704432255680306 0.0882430378543473 0.107215431796591 0.115129786138579 0.134403712412679
0.129250709123599 0.12701465874085 0.0463634821387787 0.0656088386605049 0.158727853591562 0.177437779743412 0.0207460870562965 0.0506819720049316 0.147107602977444 0.0770610159626206
0.0730349129715063 0.0440615057479746 0.08408005542784 0.0802013323376907 0.142564132529599 0.168767026759648 0.0348902571368917 0.16932883695427 0.0336829729830962 0.169388967151483
0.0315534165589357 0.131656923078128 0.144909662896568 0.124298273536732 0.117925265240151 0.0234659010038745 0.146306984020246 0.0602937920417306 0.143650095588984 0.0759396860346495
0.0528296405132948 0.0241581209174481 0.0189727035556062 0.101600669501856 0.0885854448590273 0.215891555465448 0.0147961820822422 0.197541206611179 0.214911620995918 0.0707128554979796
0.0733710648209196 0.127910605102229 0.107508908138254 0.164609560420222 0.150602088583513 0.11231941875743 0.119173891231025 0.0129020879829781 0.0451992160891286 0.0864031588743011
0.022573951774816 0.00175482604966103 0.186778905092074 0.149469521246657 0.0102153636477913 0.0628892946839516 0.11627931030206 0.165793272126427 0.129844085849973 0.154401469226589
0.0570568213583024 0.0190628024537194 0.0957787925358929 0.150176290754355 0.046301084221411 0.162315241628992 0.0693930460263762 0.185987117265004 0.135485482117157 0.0784433216387902
0.102683155295078 0.13724261220065 0.142496453759715 0.15964282785799 0.117412994987926 0.0460506888953354 0.0593994282733336 0.0317763680982071 0.179168950046431 0.0241265205853337
0.128430586612277 0.0498478971132266 0.239270411023849 0.00381098015734012 0.0218816780702319 0.0583185538552445 0.0713841542392662 0.312590774890285 0.0982846249276082 0.0161803391106715
0.226410963854764 0.052679575190195 0.0551372404580412 0.102806623605377 0.0407954179299986 0.0333551274359466 0.254829711223503 0.0128901647225708 0.0633020394936385 0.157793136085965
0.149734696650459 0.100691681184694 0.134871029923224 0.16738295292475 0.0147655431957916 0.115077571061459 0.00177970635583456 0.0827989265575563 0.151580830739631 0.0813170614066008
0.0994216002844406 0.052956614664749 0.136524848319155 0.136343283681629 0.172953886957675 0.145129938822464 0.10819310358709 0.115836756735188 0.0285343730244851 0.00410559392312462
0.0739855490470321 0.132287048219385 0.127582494907623 0.226614728970656 0.196868033737689 0.0683419201501985 0.00155604182355024 0.123402232517513 0.00834773472298662 0.0410142159033673
0.176945260916107 0.00362427534387189 0.0680860728844935 0.117512485447337 0.15964739535649 0.101967447562045 0.158652326928261 0.0147417671149304 0.0496695301079344 0.14915343833853
0.138474330168441 0.0793824405339546 0.0822730529016024 0.246043982390541 0.0506668421927521 0.173001307484576 0.13568946072386 0.00419393232753413 0.0716639412179117 0.0186107100588269
0.139119974780541 0.0494429074099444 0.0478152236099535 0.0878892940356501 0.102280609319954 0.140506869900625 0.129515693098439 0.0451188062028511 0.0986860911382386 0.159624530503803
0.106551663396401 0.106281075675771 0.115963298882537 0.136354633153933 0.1280064132812 0.123523937815747 0.00603559863703871 0.119856215745005 0.0317721086630994 0.125655054749267
0.0751865507253271 0.0373800477693938 0.14931695825405 0.133595378494523 0.0637166464054208 0.159505170729586 0.025208126814868 0.156334295715541 0.133813207260518 0.0659436178307715
0.1880779282452 0.0899687817915395 0.0174282725953678 0.126374064669548 0.203585829647649 0.127861752882811 0.077092568421566 0.074059074756408 0.0061088759558096 0.0894428510341004
0.0361227332457405 0.0299873960048876 0.0698812751289143 0.09992654627464 0.0455661071474362 0.220772367554764 0.207747146950432 0.118287742005591 0.117687419586738 0.0540212661008561
0.101882878915764 0.0897749131807829 0.117860510786527 0.0990448135165478 0.140386221112903 0.0664540723113706 0.0979152842978508 0.0234440466588557 0.136958615356992 0.126278643862406
0.178933676846604 0.073441932280951 0.121296121819548 0.0796655514512739 0.00616472977836856 0.105564863356456 0.16845226128334 0.0501035992931858 0.0608240420595101 0.155553221830763
0.0183942188739904 0.2107344201311 0.0812159051427844 0.0558132658129164 0.0684590091593064 0.0875241514415628 0.109199940864683 0.0793878520573962 0.07761815077083 0.211653085745431
0.183407236995012 0.119138471826198 0.0653695649518676 0.0570869023466498 0.203726768505519 0.104341729515481 0.0160385265821619 0.135021220952014 0.00535969162765247 0.110509886697443
0.11867415161383 0.091336347446999 0.0947437534930911 0.12906746320157 0.0429525038870075 0.103967822123991 0.201479546234052 0.00489432715195759 0.194913226747072 0.0179708581004293
0.163090797428256 0.00244875823708142 0.0483339718444666 0.0579246055656599 0.173018051418511 0.126145292399456 0.146909814479823 0.137950864483465 0.0837093105458684 0.0604685335974124
0.164006461726861 0.0653904313405172 0.0501879804494985 0.148298882322796 0.202441456069349 0.0321082614386726 0.0816063961326097 0.161344940578246 0.0302209544474941 0.0643942354939555
0.124731355142139 0.202432768486846 0.00090805070566369 0.0448729892605297 0.170089120154428 0.0135158941755437 0.131379422742345 0.0327534858762982 0.142636343423664 0.136680570032543
0.0862884222794555 0.134558182858299 0.0985669254540362 0.0771041976101447 0.172890103868908 0.0657803088767764 0.0933746491273288 0.038119822245761 0.112864933720132 0.120452453959159
0.129664541248014 0.137160607935392 0.0367783273104589 0.0564110109274877 0.136598773748062 0.129217530757528 0.127111471395996 0.0482187782539032 0.0652510876289985 0.133587870794159
0.14062961523193 0.10408883872343 0.0948333687406241 0.0337786116372286 0.235844966960075 0.00579547403180296 0.188475504488413 0.0599459178672389 0.135970614877263 0.000637087441994765
0.0807376806017559 0.0963454459648056 0.106687977378796 0.103510499887057 0.217749917131601 0.0940180401614621 0.0171995449145726 0.0505334508903963 0.205461530461494 0.0277559126080596
0.194190385552495 0.156679663060927 0.108802527332161 0.0522905883181959 0.189006316876389 0.0983816805236734 0.135818709698762 0.0291619999367058 0.0115842093639856 0.024083919336706
0.098476187796772 0.149236218360936 0.0879257041893538 0.147701092964362 0.112408750238034 0.117142245735051 0.0301885734883795 0.0784530042270311 0.0434717573544785 0.134996465645602
0.059720688478526 0.0841442989330942 0.093003899152164 0.0994796747861118 0.0753565231919939 0.0883077625962134 0.113869612166562 0.0696772786612239 0.136172933957916 0.180267328076194
0.00979120126765681 0.142930529699559 0.117681463086669 0.0974471157896419 0.10804032882456 0.118360433457332 0.129496352142361 0.0487978296357949 0.0874368024285291 0.140017943667896
0.0924632617914638 0.0691527958254975 0.0121013614295798 0.00161825960719998 0.00311588973756513 0.118883283699375 0.232317641737416 0.228356909931542 0.0218911516035255 0.220099444636835
0.188242205037476 0.0114291627346879 0.00749594894838589 0.0519370422186885 0.206588219623512 0.0508085059243783 0.114586700678112 0.152236326900931 0.0363508375343442 0.180325050399485
0.0251848457634194 0.00703605047648547 0.0721429243105961 0.116462105382051 0.172141056365923 0.208121757105018 0.0786097715938087 0.10361327498078 0.143284015824029 0.0734041981978897
0.161603954824354 0.0475827024554363 0.18721608393145 0.162638158797181 0.0307525000532557 0.0717702426434036 0.00654361834992522 0.253099795430588 0.0468327838583735 0.0319601596560335
0.0876083860903923 0.172326535729151 0.0541474080767233 0.0610000602969678 0.146496072956553 0.0143714336627884 0.17122105017356 0.133425784990889 0.018263374534933 0.141139893488042
0.121436948205393 0.0543008989977828 0.0861990602078698 0.10136971110526 0.124125969783559 0.123173599881678 0.122818787722054 0.114398920108435 0.0828854587621899 0.0692906452257788
0.128019506369371 0.156752215114357 0.0392402789490348 0.0204102445013781 0.159478269147353 0.0651670002898805 0.123932885857989 0.0803418007451828 0.131678243091296 0.0949795559341584
0.0894134667506841 0.162528104114293 0.0948792844524726 0.0344324982174357 0.170863487979974 0.0587598349722645 0.153803265578329 0.0330442581654655 0.040185372742207 0.162090427026875
0.159939435459111 0.243510159433778 0.0747222475406245 0.156422894998775 0.0354225047601873 0.0539541969934123 0.0767311098858743 0.0681730965646752 0.0259427500030077 0.105181604360555
0.129506577917631 0.0960673118856088 0.144943150761952 0.0269891123944418 0.162639450901652 0.0951560630229075 0.114777771027414 0.0148656915991062 0.0820321184486765 0.133022752040611
0.137950298792199 0.048551558657755 0.0591315734020378 0.0873580083252748 0.135932884733249 0.029472095173301 0.0828721562891632 0.17131926156296 0.0890039902669517 0.158408172797108
0.0111233777057821 0.149429510390352 0.0713172584368169 0.0941906541267189 0.143271266749133 0.103544375341142 0.098045162601184 0.125449602869504 0.0356789489767907 0.167949842802577
0.0374106958900587 0.0990556118988152 0.168804285127885 0.151050993785127 0.169263008207785 0.0575404744750905 0.0329671481134109 0.0635903532902086 0.0894185597095497 0.130898869502069
0.0253332332155486 0.0084747595753826 0.108324973825524 0.085615673298699 0.114195986552748 0.123737174489955 0.0781152905300932 0.150059569934634 0.148462017273555 0.157681321303861
0.0363990253830433 0.109310720510601 0.0276753499484953 0.0515096778493291 0.0989024760437272 0.185315136277083 0.163564514717296 0.157339434617823 0.123992483399973 0.0459911812526288
0.0470569806672246 0.104361685868947 0.0132643112259126 0.135673067877207 0.177190976104395 0.160994912938592 0.128081902284365 0.0310111975310787 0.179947974153145 0.0224169913491325
0.171935089216466 0.068865788561641 0.0291026714548829 0.150472229638403 0.0123853225828121 0.0249857180089921 0.176767029544984 0.110057326693449 0.0805075082112373 0.174921316087132
