0.144483485399306 0.103181641780377 0.0518352287470937 0.081026272707628 0.140631394547561 0.00490742831547882 0.086822448749749 0.0877427329372075 0.147784377206818 0.151584989608781
0.140192249000169 0.104418761668907 0.00995333491427342 0.0327077675536899 0.0911749899066997 0.00618331506080096 0.153240807590089 0.178920694384707 0.140282458739707 0.142925621180956
0.0812295194710169 0.17262135401501 0.0950443166044411 0.00766942039189234 0.116999466552511 0.0647332198581457 0.150497192246899 0.132537978053216 0.0358693815214597 0.142798151285408
0.0215937376315405 0.00109034479785738 0.101831163817093 0.114544415117432 0.151171879802978 0.0737785170774045 0.162714125064595 0.159131891894524 0.0799523441070333 0.134191580689542
0.0620249380383855 0.169128449996991 0.196075446459641 0.0482916752425691 0.138721454308031 0.0571923647677977 0.0423040868362349 0.179989025201059 0.00323152105742954 0.103041038091861
0.0990270726486279 0.0400531052194757 0.0449875852850267 0.176524148964038 0.166286320839225 0.0072925071619366 0.0999540432619485 0.154731657961159 0.171842307617797 0.0393012510407651
0.0576531657554939 0.021568063204748 0.158360188389012 0.019689173235791 0.29486547694973 0.0177662027001078 0.0894591225969398 0.215126308876051 0.0790097456109511 0.0465025526811758
0.165371539220862 0.090231284617363 0.000984160010827641 0.08204593587796 0.106131211701986 0.121496851204015 0.173849343693968 0.0754775689157955 0.161388306849304 0.0230237979079187
0.130094904023494 0.00211842407714425 0.193026593007481 0.303472450565643 0.00753092120292095 0.00815220293361984 0.00476997353182347 0.0967702276242867 0.126057520492241 0.128006782541346
0.0132498199125926 0.0494599286876378 0.173524296988086 0.0319677764988619 0.111532748336698 0.0718478297647651 0.144022348071335 0.188464773133877 0.0556979833834242 0.160232495222724
0.198345420587789 0.187543672962491 0.143423550140746 0.110388101564286 0.0440357755180632 0.0153342367871255 0.0068027063873346 0.166022590765776 0.0312874680916257 0.0968164771947629
0.183701864608977 0.0394307471536968 0.128247992907692 0.0442452428764753 0.10427789033157 0.122746301255986 0.182483623551305 0.104399080552 0.0810754751844182 0.00939178157787925
0.0253283877974066 0.051666311941724 0.172155752022185 0.169676389254053 0.117445165988458 0.107593349898895 0.01185411439005 0.0934265209274477 0.0755192495861509 0.175334758193629
0.144526791006554 0.0512185248903915 0.0190804674763017 0.124689974370234 0.157447862988484 0.0872113346250307 0.105906192024999 0.129204364321759 0.059434806885657 0.121279681410589
0.140446645912838 0.135418696055151 0.0288938968588646 0.193733837110316 0.0303096846553222 0.143404396718925 0.0483222125796755 0.113612459053388 0.0189634555510319 0.146894715504488
0.00924766674759986 0.083505977694217 0.0339601833397791 0.136303645624326 0.122038764755906 0.115836690319031 0.0369288487766943 0.123811538866678 0.156263127789573 0.182103556086196
0.207193193600145 0.0683508088740304 0.15848330088355 0.0881176844699177 0.124271268522377 0.0262354620982544 0.0752410736558433 0.185768234350197 0.00866366459952945 0.0576753089461553
0.163125630275366 0.115488216834711 0.0908126667659075 0.0531620869766575 0.156438358682937 0.0630722326308359 0.0932660441035457 0.124345262882135 0.0787584942240616 0.0615310066238419
0.0116097305630708 0.0375417738218986 0.167323426954891 0.0584643041849682 0.0944691591470531 0.0843584588636971 0.123182746411881 0.168574437089322 0.160987072041902 0.0934888909213171
0.112267242252743 0.0174083703621574 0.127143106513077 0.175974548052958 0.136088626635166 0.160912932158363 0.153624320248225 0.00134618556578954 0.0563825140339296 0.0588521541775924
0.0475089805279219 0.167443016867364 0.0261017708616432 0.145583591207985 0.170749082468372 0.0137868358254708 0.151643843956767 0.0528344292932855 0.168248261574614 0.0561001874165764
0.0152500064611931 0.174898479904596 0.120581656403573 0.106664127490484 0.0614779834950595 0.153887425348262 0.106023627577783 0.0701204407838067 0.0726763936180057 0.118419858917237
0.0859492999021156 0.172571510177336 0.125465175344575 0.0204520497111872 0.119835423253453 0.0371386434074841 0.118770650950593 0.00986661123758924 0.17823782893546 0.131712807080206
0.0797753204800698 0.0312197154274607 0.140048609647505 0.00439235899858313 0.0996941081996569 0.124360500555994 0.087231984763279 0.129761334908185 0.16101911000725 0.142496957012016
0.154198880264388 0.132574736638196 0.0973421212573295 0.10039308997122 0.158510906555447 0.0946530197324215 0.0930843944456256 0.0966824552756258 0.0332424988419023 0.0393178970178445
0.116360192176955 0.113523219720433 0.0377214273893094 0.137518931322101 0.109514368841064 0.0301950704969553 0.101070175603519 0.00104260723058951 0.162292568828829 0.190761438390245
0.125590710851017 0.133102711819946 0.1301074727336 0.0880026257343494 0.0582868483203388 0.086675450625639 0.151888219024506 0.139350845345662 0.000148318469262948 0.0868467970756788
0.10316010166624 0.098126337331225 0.112434337745753 0.10508822522019 0.0975910393177036 0.0269844344557281 0.138296689377002 0.0930055965424449 0.144961053955298 0.0803521843884144
0.223356441862104 0.0166098637620127 0.19075894897946 0.207104431574086 0.0903967633456717 0.0119200684835859 0.0175098271106611 0.15670006675828 0.014819799889741 0.0708237882343965
0.0872117459980127 0.0864878073790229 0.0430108096706137 0.0986427577191382 0.125267192788609 0.118801503535042 0.0772889328078953 0.103586818925332 0.14009086575219 0.119611565424144
0.154047327619378 0.0400119404440842 0.100988094704688 0.0461644568463301 0.0272706214626561 0.10492820683033 0.232619251375719 0.157407821695224 0.0938982823445378 0.0426639966770524
0.0643851816726422 0.0544523087511018 0.16032915975263 0.155148957534153 0.178356172630677 0.162404557896685 0.0791410933693075 0.0986993492514808 0.0253459934993329 0.0217372256419903
0.1613701309495 0.0649009425641716 0.0956982819775586 0.153936231195202 0.0185511483024521 0.049542918312341 0.128469530642526 0.159026984817768 0.136942499567761 0.0315613316707196
0.0721246055425364 0.083489094545884 0.0845703924352191 0.156364311872067 0.00422685241598402 0.152812166022544 0.0581448528258503 0.18632357199569 0.156866193766775 0.0450779585774502
0.149589714594922 0.0968102675151652 0.127889617117225 0.00111686861631103 0.12293760838265 0.131029066143321 0.0592882218904087 0.15216660862832 0.0457526741247588 0.113419352986917
0.0183801345276553 0.12787231944496 0.0874909083878782 0.0300125407386541 0.00872312732564036 0.147765626862779 0.132935876145109 0.157922773822638 0.117004289879669 0.171892402865016
0.0113196347453574 0.17074700576944 0.20440454736588 0.127332498928494 0.03932701493281 0.208758601918051 0.0778770942752619 0.0573993830844394 0.00769886425615546 0.0951353547241114
0.0514439917967832 0.0355113040150558 0.0797023444268397 0.0471384698736005 0.143450495193532 0.1121536545819 0.283329750495239 0.17070485662584 0.00316673424026005 0.0733983987509498
0.122167392146811 0.143771664410836 0.141295321874539 0.143415379441899 0.0661618101398948 0.0796377840342883 0.0760868249810848 0.127981496225342 0.0990267994801067 0.000455527265198587
0.167822476552789 0.0351237479518681 0.0955291549041098 0.0744504233749581 0.181652749743153 0.156174140901541 0.0573836856838516 0.0628470865935421 0.127869186373894 0.0411473479202933
0.015148831922092 0.222935079542782 0.0420917307840293 0.090758434115122 0.0414373362463729 0.0417210414918473 0.13359288806605 0.113331804420163 0.0755214442969753 0.223461409114567
0.0819522524714125 0.104477499754064 0.0260706126471687 0.0787730103226675 0.112456767091559 0.0399513445377067 0.172667394820111 0.0715686109898184 0.201294538960363 0.11078796840513
0.18803435419816 0.139068957933422 0.0828546440325958 0.106786258628571 0.0884741782388495 0.0425645498693365 0.168828419631255 0.108253541779867 0.0468277940440254 0.0283073016439178
0.113199243725874 0.216073661620232 0.0198257825067372 0.00933122855622716 0.099234732626952 0.182878308283224 0.116662598741241 0.0638950973559355 0.140947028462254 0.0379523181213232
0.101415809215256 0.106880319014252 0.0451064632681657 0.146722775643386 0.145319420302906 0.160427582463117 0.137631699631642 0.0966614522122361 0.0594656233597833 0.000368854889255632
0.0781370788528962 0.172387497601532 0.0861337162189048 0.143007672958883 0.139880040733988 0.0533251378504095 0.0972925963265545 0.0925901103942441 0.0707051712390568 0.0665409778235312
0.0904789512870765 0.112473666440042 0.046896693632444 0.0226113056228749 0.210248952740689 0.0583006647059613 0.24218506763645 0.142712018144033 0.0419700585671386 0.0321226212232911
0.0580897190375781 0.139383026593734 0.104702588834806 0.10278034294903 0.122671911827232 0.148170677981725 0.069598953286089 0.111072548656806 0.036074312404354 0.107455918428646
0.124078472494418 0.0824107220080938 0.106847156487592 0.0825785189624993 0.10252568788236 0.132358617537717 0.0667438783456175 0.0907562113879551 0.0875144514381353 0.124186283455612
0.145751578199522 0.153419030207092 0.0276961362011511 0.101298438438745 0.181917081173045 0.161021065347415 0.0397691539001595 0.0165233807550351 0.0293157983271752 0.14328833745066
0.160334351919322 0.106527911820587 0.00884991195349451 0.117661160785568 0.0481627687391208 0.14472841910619 0.121166615041463 0.0138561238285306 0.145073809114667 0.133638927691057
0.0622117387813794 0.126297883785016 0.121339259466136 0.142637587278178 0.0854546964154504 0.050972696737221 0.100475640942897 0.141743862625147 0.132878131721416 0.0359885022471595
0.104848940791 0.0260329220474814 0.0521895774971613 0.164417308765141 0.0403405469687214 0.112484192342941 0.195138636315493 0.040599338879696 0.0586319151919664 0.205316621200397
0.145963199891988 0.0547557618441239 0.128576547945194 0.0458768950138607 0.0358002621888569 0.118825221374618 0.0804348139319054 0.113627713570426 0.0848523351369787 0.191287249102049
0.165311561914058 0.150820561171068 0.16770740664963 0.191952184421806 0.0372792723322842 0.0188496968458924 0.152106584429214 0.0633677585334443 0.00328767423374151 0.0493172994688617
0.0616909174103092 0.0600039398236444 0.0686077983082565 0.0125321371081616 0.199108207544773 0.191402649517347 0.0938311222889931 0.171634275186779 0.108493597193198 0.0326953556185388
0.101750377082865 0.123956796669631 0.0804302155286924 0.146206653301661 0.1401571465207 0.0532734860583063 0.0804376644950605 0.149922304249335 0.0955716090382983 0.0282937470554512
0.142310454136685 0.0992230660466181 0.0653358874147153 0.125446273971283 0.0515222342718744 0.115672196930309 0.0985924406533282 0.132041661484978 0.106537831140985 0.0633179539492243
0.187329258145698 0.00722743951506369 0.160514298534984 0.0627513102277217 0.0456197821308056 0.16382576214102 0.0659633499536772 0.131869896360454 0.149195721797534 0.0257031811930419
0.0454101851868002 0.187879101219229 0.0145918171664648 0.146618459943472 0.119059804699975 0.135162484620144 0.0294847610359942 0.0252260270184947 0.112921002907531 0.183646356201895
0.00588351641788679 0.177451116395079 0.121064375127883 0.170733878670475 0.0896591383677166 0.135408786126623 0.0655398355012464 0.19166651316575 0.0420761225744558 0.000516717652884299
0.0683680006543574 0.0054716526843702 0.119184172830221 0.0788201751629299 0.0992282281043239 0.121781485797158 0.124094159967909 0.172766618260903 0.162570950894264 0.0477145556435638
0.0264079847925904 0.0684265802650419 0.0930879119285401 0.139966704880024 0.187914550455843 0.0296418642700791 0.169512441156057 0.153494745798961 0.0309696386619332 0.100577577790931
0.0795640499074607 0.104203878937394 0.0340551648519169 0.0869334204873386 0.0921528796629954 0.190876302461314 0.0687592011171367 0.0425256401543984 0.183931042904307 0.116998419515738
0.102909995374969 0.0963953445173776 0.138681887440944 0.166423626755435 0.177194937818972 0.0454349476523314 0.0696327329800478 0.101801203215998 0.0368489728517562 0.0646763513921698
0.147769619147438 0.0749402007316283 0.184790760332785 0.0625333182539717 0.0313460443463664 0.022269407674938 0.125547575652113 0.0985044379662025 0.180529851898767 0.071768783995791
0.0248847834403216 0.107510443769955 0.118035025207456 0.190551467189147 0.00726128110779962 0.125753184148653 0.154341998600731 0.0632988427692283 0.132241903145473 0.0761210706212356
0.159229447556519 0.0350747695872447 0.138789975218483 0.17812632830492 0.0654646146482081 0.0263872294218679 0.0047117258498031 0.0980835517619126 0.163569258299915 0.130563099351127
0.0665362831451682 0.136284785732171 0.167357038385051 0.17602319610765 0.0709091092655433 0.0534019545357723 0.0566004116290182 0.108175031478425 0.0808356949359128 0.0838764947852881
0.144949093088394 0.0124310619559489 0.0780093428480899 0.075926151857303 0.159015184380564 0.156370020921424 0.120121959521518 0.0209675517106457 0.054368267859942 0.17784136585617
0.0485513057686652 0.0390608868421302 0.00389957041885618 0.0536900726480011 0.128092150194184 0.187898896732541 0.0116452293712171 0.157101241919169 0.176613349752634 0.193447296352602
0.0844432181115923 0.083650317007924 0.0969527145163874 0.0757292680843457 0.0370690474410915 0.0276920381017924 0.179302230652276 0.150100619849034 0.150368938468845 0.114691607766712
0.149062344939561 0.198513660226203 0.00468442787803787 0.116338234515012 0.132247363954455 0.00283634403873054 0.108159657587116 0.0500280578937138 0.224296954726556 0.0138329542406149
0.0230821691994827 0.153839858585668 0.0264310408963982 0.154411778938967 0.106681960884541 0.0748422914124562 0.0933535901770641 0.157857354600228 0.109463327555081 0.100036627750114
0.0818321291778029 0.058230978656101 0.0738444695629361 0.0182237887370341 0.156026270214169 0.0835084869543002 0.123645223520604 0.160331364623007 0.162207981677552 0.0821493068764943
0.00659737556276333 0.0414740737537516 0.122516845049361 0.142714010478142 0.00393908946044385 0.130753848917232 0.0478827023596801 0.146455575657376 0.202107280692418 0.155559198068833
0.10981362252887 0.189281885326185 0.0534429847673557 0.109081862282922 0.0336739914902635 0.125747295402037 0.0693089353636821 0.0489993378476956 0.0891151306081085 0.171534954382881
0.0926749026124039 0.0205101376385007 0.0958186385153506 0.0368231792616426 0.0894743433780975 0.185189485868183 0.16034518624146 0.0258225647874977 0.146090201883798 0.147251359813066
0.153603780231156 0.0467131322415008 0.094977719197353 0.0109205600948949 0.143024771346534 0.0876109775582491 0.156339510309607 0.128637364676666 0.150236121000285 0.0279360633437537
0.166513878092636 0.1890452013481 0.0997058160168273 0.00703720351301877 0.00225310086410724 0.0969344380095302 0.112599499336282 0.115023898815303 0.173864380952883 0.0370225830513129
0.00283375102860881 0.0547692027653041 0.0478497028243041 0.123297920397366 0.187141751605595 0.195177596580255 0.141403583758848 0.0700269194554445 0.138452281541565 0.0390472900427101
0.109965918409919 0.125392765238891 0.0501816422670377 0.0490364391701989 0.136052356970651 0.0544199732588425 0.205986726919994 0.0638458136554184 0.0926231504413888 0.112495213667659
0.0286013533602653 0.146064837690465 0.123949155813182 0.0327653165411198 0.118051512260932 0.0619556584745221 0.101852618192076 0.115766991577629 0.168216404118048 0.10277615197176
0.0185545649447699 0.0339017877382783 0.12325319931522 0.215799951907627 0.23791372021614 0.113995517596679 0.0732984834276328 0.0633769113539544 0.0233700321300064 0.096535831369692
0.110988621798708 0.0216765771122385 0.18116216249459 0.0439464535486696 0.168297099073231 0.219048345136084 0.0778250312289692 0.0047616067795009 0.136929472844953 0.0353646299830564
0.13020191729892 0.129473198737325 0.180956509676095 0.0174473185061278 0.0130396755134801 0.106400201830525 0.132397200392625 0.00153656486461478 0.112668334848394 0.175879078331892
0.0112514630465722 0.0567443700243576 0.0604380017047532 0.106545033819661 0.177762163039484 0.24633752315538 0.0441068771048952 0.0114689361716698 0.141593375094983 0.143752256838244
0.0185981080935824 0.104780837762746 0.0128550528542287 0.258288287600507 0.00227855294990584 0.12242320133312 0.188589407235669 0.0514034568627372 0.0966322268820805 0.144150868425423
0.124245846871887 0.107352693517189 0.0470787178900066 0.181265539901032 0.0269045617046682 0.0746563235671468 0.045460878078091 0.0337978988660375 0.122215586893887 0.237021952710055
0.126031529664162 0.0362112400343167 0.0791551118611354 0.0958097987319946 0.115400497725028 0.0400834795435768 0.151133770567035 0.0464714386451218 0.128635582346925 0.181067550880704
0.135982327472305 0.0325629115434724 0.127237306324637 0.107051294143788 0.163793629938245 0.0863280639453169 0.171880698982286 0.109544690914846 0.0622733534412301 0.00334572329387407
0.0817889275610429 0.055711573230443 0.167655534619801 0.096032408444066 0.00727468513596997 0.0374213287450961 0.207573713159147 0.155593774868099 0.161687486658824 0.0292605675775113
0.162647945561446 0.0105691213136411 0.0360342081190188 0.0475976029777212 0.18028537071416 0.0655259783277355 0.162019301074033 0.0231674412399298 0.152417223242053 0.159735807430262
0.1696673792861 0.100608699535362 0.034449334233704 0.010402393186074 0.134950941096654 0.113442088784198 0.167480860559301 0.0366292951698299 0.179838883693711 0.0525301244550676
0.113813780451277 0.0712572234917325 0.0779178352051252 0.145382219132416 0.181390598252903 0.0691900894508813 0.0692422850169013 0.00957780741929222 0.0870202020781776 0.175207959501294
0.0237524609163948 0.151753399768269 0.00662886792004665 0.17600550167974 0.191705615508357 0.123823730648338 0.0249662662622253 0.0119996281360007 0.0925347924722687 0.19682973668836
0.100249671252701 0.168041257052391 0.0370593827828902 0.108297269762085 0.086156212336933 0.0943661775661532 0.152687691503788 0.0988123283543162 0.0907820341577222 0.06354797523102
0.00601905300871857 0.153507241273207 0.0476934294306658 0.11129102774809 0.0439778006489604 0.126284044764361 0.110782933764834 0.115939782681971 0.170544855952181 0.113959830727011
0.112081602714221 0.114666000935817 0.147254282901755 0.0863056592747052 0.132201287526795 0.16838144802763 0.0905716427705754 0.00276417793749092 0.0830740282102327 0.0626998697007789
0.147520088473059 0.0639272629677818 0.0883829715357907 0.0258306824975937 0.21199754199514 0.0765976965933561 0.224820022849501 0.087521551197876 0.0010388006840713 0.0723633812058307
0.129124709226277 0.0706600736865483 0.131369110504605 0.0483101590696029 0.0611533958692719 0.147720584189809 0.109897659051766 0.0580938997321481 0.143869271016679 0.0998011376532932
0.134607692647539 0.0663771573699653 0.150708344103179 0.0137247879404845 0.00698676967011803 0.0830912441673969 0.141438123937312 0.0403287969395844 0.182855113935189 0.179881969289232
0.109335393332173 0.0390771854503338 0.112516739229554 0.152540986721303 0.133827183343099 0.0974201789324658 0.0997908370861513 0.0809911287781134 0.146015145759687 0.0284852213671191
0.101584935271175 0.143231818052678 0.128015902391147 0.168558026962549 0.156755186891527 0.19126605948405 0.0175578683686922 0.0476184296234346 0.0448742655976912 0.000537507357057052
0.232058969046295 0.0428140693612279 0.117378222191885 0.0550494432639456 0.000164873623745649 0.0914471364377406 0.0417007277836002 0.0691047093521081 0.134224160325031 0.216057688614421
0.0600303975083388 0.152920757590088 0.159217649737782 0.0400734811296899 0.115217990121614 0.108928720616868 0.127049035882789 0.0827207834388639 0.116803264526647 0.0370379194473192
0.160406703716392 0.0855175730409644 0.0916476375283579 0.116734347998137 0.0458812765272058 0.0919156640680365 0.11368947202528 0.111095587650974 0.021777890803096 0.161333846641557
0.231260848877102 0.211663134912636 0.0417852243781433 0.138386317372909 0.0306032590211676 0.0790855038769042 0.0105980602281333 0.0406606277512355 0.026331107692798 0.189625915888971
0.0665633781996049 0.117879845840001 0.139873656648206 0.0251283747480071 0.07054735785883 0.142581128096558 0.0460461009004892 0.11090749511932 0.150045552170205 0.130427110418777
0.158650300222614 0.139662396644039 0.0247791659720833 0.135506884251734 0.0749388500441756 0.121690730947415 0.168086206185254 0.051499156731866 0.0621698522434915 0.0630164567573286
0.1158308475277 0.0897477933228354 0.0822527668180804 0.145115545834884 0.131775547662088 0.0273432740083806 0.117285312812937 0.089241641407504 0.11218425241295 0.0892230181926402
0.112412364768086 0.0812530064582405 0.0296523544298743 0.0937379190717785 0.171139543147131 0.210240555028922 0.0911599070311915 0.197928360763434 0.0113579297835193 0.00111805951782316
0.0781182543871435 0.142273797081123 0.121545862501663 0.12596996873621 0.0637467121993599 0.0851327655223642 0.059276755930872 0.120820612959862 0.120123963356989 0.0829913073244123
0.0368667121177984 0.153363690546082 0.037061222660599 0.198866590899445 0.0427335793966297 0.118931580869836 0.114260034717449 0.0817930682281231 0.0223462402948888 0.193777280269148
0.0958223234960312 0.149070564614467 0.086298283181186 0.00348429595527642 0.141857689939478 0.0427057426128312 0.139723436123622 0.154842390484847 0.135132178295429 0.0510630952968313
0.0831399207891802 0.132439831433288 0.161963405565388 0.11894848371485 0.109217984336108 0.0176349896181327 0.0364950781859365 0.159230991783261 0.173341058366038 0.00758825620781806
0.0148285393353996 0.228105944545251 0.0176088445924433 0.237620548128852 0.059826168624692 0.237830758122028 0.034403213298078 0.127395759393196 0.0178902710850711 0.0244899528749877
0.119135315391712 0.013837827003194 0.0482798848736267 0.0447425718375449 0.166183940838056 0.234724257706243 0.147374940278264 0.0482116647549982 0.106630570499539 0.0708790268168219
0.0581096425412343 0.0799621217653538 0.0962067246320817 0.0928882271126555 0.143984220685392 0.212214329856284 0.167416304553805 0.00297614804810476 0.094684729985784 0.0515575508193058
0.154580360039965 0.135618722818717 0.20311713722149 0.118057530276605 0.00246309178436566 0.00657979345619914 0.0624263496003542 0.123689342312305 0.0215295433645423 0.171938129125457
0.0638258009088761 0.0660799296134563 0.188624956574489 0.0134336936636151 0.21042235272991 0.0304723712988095 0.0977852236672025 0.00726522823524025 0.131310933688769 0.190779509619633
0.0142776650143956 0.0492092749717099 0.180273985336962 0.0569997776305598 0.0846572347377784 0.16950332272019 0.203835744052857 0.0914881400757653 0.0341504325222694 0.115604422937514
0.121857953746899 0.122288724388523 0.0632819049657729 0.00652889787864329 0.255972838117404 0.176817336718189 0.163011914297642 0.0186238774711215 0.0616099022760548 0.0100066501397514
0.10026874966187 0.0434806351345571 0.0308849703661794 0.102634226825348 0.0863572916904018 0.185765164325085 0.0335158539984323 0.130481043600851 0.0861997359182167 0.200412328479059
0.108234171501521 0.0017623856196616 0.0732884653047141 0.063081644159567 0.138161912000722 0.0271320506493869 0.0192751085646699 0.248138457616623 0.0805124758208347 0.2404133287623
0.143822595126046 0.104727849498165 0.123929552259044 0.132094488967253 0.148490320827806 0.0361600178458873 0.0724326888605102 0.0649767240456921 0.0685869540749669 0.10477880849463
0.0831290343581857 0.083496213750183 0.0169302365102075 0.229798861750796 0.0991411631798838 0.101338003062771 0.0534786708457947 0.0869752805160859 0.224165740416049 0.0215467956100438
0.164326582529678 0.0215551253204824 0.196062913055143 0.00861965615934157 0.141679394314866 0.0733697594619166 0.0413223367113496 0.155486846261342 0.0849148504664696 0.112662535719411
0.10779534781758 0.129785190628916 0.0642435742324276 0.0669707805498939 0.118815698172221 0.0906122897393295 0.149070620978695 0.122631995517965 0.0339614739337733 0.1161130284292
0.0862825414820362 0.129489615309064 0.158008357793513 0.0853984371054404 0.163945732622806 0.0547042229911077 0.0871454977078667 0.0227872546278836 0.0358984736414229 0.176339866718859
0.17630892553135 0.129787766934095 0.0300232010438236 0.0686995888369566 0.128153763181963 0.0864694004189717 0.0662623139045573 0.115891110888043 0.121709323207089 0.0766946060531508
0.0189645971937332 0.078478139145158 0.0373579191629041 0.183030632687186 0.154260809466042 0.196661049857399 0.0453491525401662 0.0850395823882485 0.16694671162538 0.033911405933783
0.127298061346322 0.0672018783186862 0.0695055396238902 0.153781827005462 0.1112168030334 0.154281076523363 0.149314146989464 0.0729791782261904 0.0442490556008266 0.0501724333323961
0.0258769876818749 0.0647733883494189 0.0249102759699484 0.178105192122277 0.0961230117222808 0.0229040091019592 0.176087864760328 0.0518134421082674 0.248670094998817 0.110735733184828
0.124875953568313 0.11096570357238 0.134456457307645 0.0629670278072354 0.0520101755514872 0.0177440050876303 0.132091472700374 0.092233179730229 0.147777291549864 0.124878733124842
0.150860655666458 0.0446073169180807 0.150254012593867 0.157379733676303 0.00366820635768598 0.154617310917711 0.0376431826619314 0.0566275013595377 0.0805881674345891 0.163753912413836
0.0453179825849657 0.00106434891541618 0.156316246861908 0.133393569472156 0.18782967735982 0.13376331425521 0.0197178049394814 0.0563429533740628 0.179025996198687 0.0872281060382931
0.0797053378474782 0.0470407551291656 0.0498028243902876 0.028015143028936 0.140338044488756 0.111654505773886 0.182970386265965 0.133671599379673 0.102643831843914 0.124157571851938
0.126253848509489 0.161260086011806 0.0324260511859571 0.178769666461108 0.03969466606993 0.05914674691728 0.160537107482052 0.0929779613718928 0.0643064981731397 0.0846273678173449
0.181166145459552 0.0387053110015532 0.176431709193154 0.126445382747425 0.0126519107584596 0.174991573543089 0.066995212017716 0.180991343983636 0.00997992959378267 0.0316414817016328
0.0278674517553259 0.0634036826540577 0.0670719258353501 0.182009830381906 0.164644578574077 0.0359378475306015 0.0885019621325784 0.152370178673687 0.195005002009165 0.0231875404532504
0.147151375794168 0.0916015912998308 0.043408536013065 0.145499838856968 0.0445837343365435 0.0560974926711333 0.159214926857255 0.138439459109323 0.0573724482937587 0.116630596767955
0.112754119686465 0.0396777178183555 0.127053625184296 0.108333592191045 0.10444669268884 0.121924484226862 0.100646905790033 0.108552334408571 0.0440213034595134 0.132589224546018
0.139122334293001 0.113040946957182 0.247955862092944 0.0484308276834219 0.0282424137451393 0.0918523437355113 0.0531711078429968 0.0623613718209584 0.0171966535885549 0.198626138240291
0.0899474758610374 0.0472979745361193 0.143775205851791 0.0466573208065393 0.120803443670711 0.152549325791649 0.150052477609586 0.0570002125039801 0.0519160183176123 0.140000545050975
0.0969658425183041 0.178329777392036 0.0239549378532239 0.0141634505658753 0.142455804236779 0.172675456070221 0.0666502529607269 0.122755428470385 0.0967108403704662 0.0853382095619821
0.150065359965483 0.151323003419513 0.0170675215023053 0.000922327476456595 0.0321691194871679 0.0568161644819588 0.145475925576624 0.0915908202282542 0.165793261499456 0.188776496362781
0.114085396672618 0.0441299773004907 0.0408804585705084 0.10470592487856 0.0989980149080692 0.17966722839162 0.0316198197236267 0.166426559376521 0.0668076330039279 0.152678987174059
0.119070529340016 0.108376068783135 0.126452013644473 0.0579581487966343 0.0702238239865946 0.111028114569984 0.10404053841822 0.141317442701355 0.0687759012100849 0.0927574185495025
0.114416635798362 0.150072015565781 0.00541184121756887 0.0750825410972202 0.127578445968428 0.109323247746009 0.126660226153346 0.0978491097381509 0.0539242045698013 0.139681732145333
0.0409514376220993 0.12776403058111 0.158455166538893 0.138027142789322 0.0211839638581473 0.129345084331839 0.0293776814672107 0.1109082734974 0.155788016716968 0.08819920259701
0.25794782549113 0.0259251292251685 0.108804724667955 0.0675309836645466 0.0450440115631702 0.0257646529927963 0.141485078135055 0.136900161714395 0.00951289875643437 0.181084533789349
0.106642463774964 0.0773943126397272 0.130658950159292 0.0720472971161102 0.117464528001296 0.0865930081041666 0.0395825404336551 0.0511521218568906 0.199355473332903 0.119109304580996
0.0133081345038557 0.0249719219181779 0.0368282051323083 0.127026392400024 0.0867274322226084 0.104492044373236 0.158178037146335 0.0975361671346749 0.217512792082982 0.133418873085797
0.0790159655171944 0.102466751013437 0.1558853326017 0.136956379453084 0.156170129305603 0.0571683941746918 0.0302293244135234 0.0991842005093459 0.109902120780124 0.0730214022312966
0.171123987493298 0.142307053902936 0.159585488729084 0.0206635620698357 0.175225857876323 0.147614450285853 0.0374841972194348 0.0536041650560418 0.0691402278514844 0.0232510095157086
0.082973818668768 0.104164485252566 0.138948940928172 0.14010806403498 0.088839360914746 0.0165748665613801 0.113640262143 0.0723474456523791 0.115519576030363 0.126883179813647
0.103064407855687 0.127360719025742 0.0586198115711179 0.109205697299211 0.102266371179516 0.114647159375611 0.141834222539065 0.0816205645320995 0.126416348525715 0.0349646980962341
0.0987783223759243 0.131075286490701 0.120886474844869 0.0196059121212123 0.140129750456625 0.17972827373216 0.0898933616103852 0.135377670403539 0.0537614682846737 0.030763479679911
0.137215109415759 0.0900899768784396 0.147242987336613 0.0987480823467797 0.0102450867697458 0.14505935027859 0.121030536209868 0.106537048858703 0.0611724400090971 0.082659381896405
0.139209204576205 0.0368822942871237 0.154578506571919 0.157076952581686 0.0186760032380793 0.0939251838749113 0.0485671613440341 0.0537319332571169 0.155860195393874 0.141492564875051
0.128022253290038 0.00208154441902095 0.198792433127013 0.126847448951323 0.181278445272198 0.000601667940759547 0.164557271430612 0.0373735883949693 0.142796441292329 0.0176489058817365
0.0676003312939437 0.0788210030303464 0.0957224748527039 0.143454228767298 0.165591481402728 0.046909414711217 0.0447708289021706 0.0554010055510381 0.182652232068932 0.119076999419622
0.00306580376399921 0.0583882176647834 0.126775347380606 0.0698571863581157 0.188320855319264 0.0216964455054726 0.0911859664543538 0.136622806151211 0.124792973421562 0.179294397980633
0.0692258925436674 0.181557174467766 0.112441085120816 0.0010457941351817 0.177737554558737 0.112705272080707 0.0583285880563302 0.092930352818734 0.183371883354398 0.0106564028636617
0.157869298508343 0.0205359122990062 0.126062399418875 0.172036577750862 0.18224600476677 0.110236817376442 0.0533859760529093 0.00371056940611694 0.0572015564195568 0.11671488800112
0.0793741669253299 0.0949599212518444 0.125862227880549 0.160016673313052 0.0294720685480327 0.171105995991198 0.0628550902852246 0.0817469323015092 0.0870010703545132 0.107605853148747
0.0535020946998151 0.131345721397667 0.113831647300433 0.161785209537975 0.0550306673494715 0.042947205365267 0.124635509721913 0.158908530191791 0.0982755276958338 0.059737886739833
0.137552543040671 0.0275998283514348 0.144703960760577 0.0362651950556325 0.154416580124497 0.0740772558730864 0.113668767402367 0.127174007266234 0.0487448535121168 0.135797008613383
0.0139332004062791 0.110154764510711 0.0486704018202273 0.0779998252205997 0.0434158329961819 0.0804741832271771 0.154614243081795 0.164215062234005 0.140069329834775 0.166453156668249
0.0100093651224277 0.178794106088098 0.168828858390824 0.0677504211316 0.158392649977419 0.160362866046214 0.0764871389430083 0.0347905118471617 0.140085570840382 0.00449851161286516
0.110708773118236 0.0974983440265941 0.0109401989831137 0.125964254518468 0.0893403632709723 0.18608686076296 0.0453852175783441 0.0989898877464549 0.0778601531887726 0.157225946806084
0.0972865318972604 0.109283972935873 0.136589496427826 5.46901787301412e-05 0.069931835069347 0.1182827305038 0.132289135654394 0.138127932094542 0.128706902756272 0.0694467724819557
0.175623496172124 0.185994242710386 0.0543814536710163 0.0417210052846363 0.00786880123744573 0.185517025611018 0.0978046307966168 0.0965666999695007 0.0982317603507799 0.0562908841964755
0.157430360005111 0.125279797685071 0.0754335319410514 0.0839273779748452 0.13731804996404 0.0794176038185754 0.0667354498956414 0.155562677549232 0.0429108823475874 0.0759842688188444
0.0362939660425582 0.0956254056771147 0.00114986484862404 0.173159514538237 0.144741987633646 0.14864731124922 0.0452714309258105 0.0525727480131974 0.11291570475921 0.189622066312382
0.161172205519612 0.11248047975825 0.0481999324855366 0.14704283414246 0.139587767844165 0.0261161502754589 0.0418586498060509 0.0494776038658894 0.129313622557312 0.144750753745265
0.141303775164709 0.212109418693991 0.0514809933378974 0.0573431516497183 0.222189925251375 0.0906886321417759 0.0201127735231831 0.00716633821306774 0.165917502833176 0.031687489191106
0.0633987717403838 0.0645633787624304 0.0916996878002185 0.149513351570041 0.161653393503602 0.0249863566067351 0.0340490490136297 0.0673225338350285 0.16669952103879 0.176113956129141
0.158854050314559 0.112527759612291 0.0871042859154691 0.145554906640155 0.0880199480246067 0.138758887074647 0.0567667859276144 0.161073874620234 0.0399382525796666 0.0114012492907564
0.0275650974169764 0.125997645808256 0.102439217172828 0.139468313803859 0.0955628440403386 0.0901125215585214 0.115188641902562 0.141444593965624 0.0330448448611252 0.129176279469909
0.031821390571287 0.164050444138786 0.0641356042493062 0.0580657435829417 0.0803108198408992 0.12446420675193 0.128835784096714 0.200614876299459 0.0417274880186433 0.105973642450034
0.139010064747584 0.116324306612463 0.0953014718502603 0.0328670147884401 0.0907147199048889 0.135645806990114 0.10216802250371 0.129876616526563 0.126424395561467 0.0316675805145107
0.134220350256273 0.102943981241985 0.0497546902579219 0.106539066604999 0.169325593336421 0.158626019980221 0.0853087244189387 0.0975746149512488 0.0322901107266848 0.063416848225306
0.0552617359314684 0.149730620538626 0.0825831545484423 0.00757540329923226 0.136193290989428 0.161919094993201 0.0848073472980264 0.0645834374474467 0.204307466791139 0.0530384481629891
0.198149197553661 0.026540054591296 0.0659340388992846 0.129705543507671 0.103172031421229 0.171150133203453 0.020320695230693 0.0446019480721172 0.191671545153943 0.0487548123666523
0.0462786304070101 0.150424300788249 0.171747956841804 0.0579897493643956 0.107087989365744 0.0507412736172445 0.062432100279642 0.0809365406243654 0.187075129963294 0.0852863287482516
0.0379605571149271 0.150148338609478 0.0562040870943254 0.0407679012948433 0.121857309364553 0.0276731767215902 0.119662366093902 0.16939287583413 0.161416785308168 0.114916602564083
0.0608313123947202 0.097403637994972 0.0659540541742866 0.133972844783925 0.0655389641486516 0.105812375308809 0.139660730313022 0.0990238070361628 0.096472477118412 0.135329796727039
0.14273463675877 0.169164354695461 0.00551725426552767 0.0126714780653291 0.037754383244371 0.0405607845939476 0.195614569202568 0.185687333779554 0.1008214225574 0.109473782837072
0.0537845762758599 0.0693935768006817 0.0399328253762008 0.118436089753655 0.113015064027187 0.134348900438714 0.135344240678356 0.117869896004344 0.115001804414981 0.102873026230021
0.151462275923593 0.211002643586499 0.0356776669727671 0.0322325772387054 0.199357849693722 0.0502086687992167 0.183758948963352 0.0022216630466122 0.04137020952449 0.0927074962510414
0.0263015458602679 0.177145346571673 0.0747575587316753 0.162395784145569 0.0607977920509371 0.0578200788307256 0.165511130098875 0.0496150602299575 0.143574176459668 0.0820815270206519
0.169825357513858 0.0751280093463622 0.14127828665363 0.202206633051566 0.0937714244190366 0.00547509426840327 0.0473433884435957 0.135583645439539 0.0941917762613699 0.0351963846026391
0.0399341116116295 0.0941152807527414 0.17412797038004 0.0490307501623278 0.108327599069786 0.103362801151187 0.138916935561281 0.143823157340136 0.00639031748413793 0.141971076486733
0.076343786788183 0.104697462920426 0.165152841942856 0.113264366697963 0.111434741733442 0.106585022042191 0.0133942344862021 0.123587324279938 0.0681339446363871 0.117406274472412
0.190180087059851 0.0395958399585774 0.183841147680135 0.102115643488295 0.0654702827085815 0.103771398750752 0.0490622483492497 0.0185657221770501 0.21899997337497 0.0283976564525387
0.139968286249946 0.15029466179237 0.107676259241345 0.173943429740989 0.0988011855447276 0.076394268815274 0.0100101674795705 0.0296135090219664 0.072724214942514 0.140574017171297
0.10059222269074 0.119240483293997 0.0752509734284314 0.0570842585524909 0.170254777988136 0.112657360051544 0.0211692368642198 0.0517510901309719 0.154124455353477 0.137875141645992
0.0591526504863739 0.0209434061136736 0.121228793037919 0.0147025518464599 0.00707570094616719 0.0971716785072227 0.0947255384665886 0.175222278300155 0.197629931613834 0.212147470681607
0.0738654743885188 0.0608828176245383 0.0100952961122142 0.104583108646869 0.141468408690746 0.132737141542888 0.130570572883141 0.112772785100257 0.144040381650161 0.0889840133606661
0.180404768126302 0.103392558262232 0.18286515957659 0.0373588744081738 0.0893971323167927 0.137688396625749 0.0293415546257462 0.024563910725189 0.0676949971252935 0.147292648207932
0.16156319508431 0.132622753386495 0.0674128721953327 0.149128870674918 0.159930290692926 0.190127389978998 0.0325033643143135 0.0844224892251435 0.0187389287097052 0.00354984573785805
0.144869565345372 0.0930495192070028 0.0350636426155124 0.0438928846653409 0.175878881519524 0.0639482713994181 0.0219868015646034 0.139749913649104 0.109095046144402 0.17246547388972
0.16319236625493 0.123446600863909 0.0111823111819915 0.0596910576490293 0.107807429544135 0.187717890041526 0.0184344128666705 0.0939077549921105 0.192135867731467 0.0424843088742313
0.0246177530523698 0.0928751060702225 0.0666080049083011 0.115320084303082 0.0890246421247585 0.140187943098588 0.0800324661530896 0.15295143299539 0.0833626572978887 0.155019909996309
0.0844154316936555 0.0614517008094027 0.0760443360849558 0.152625121601176 0.141274415604516 0.0342178760885281 0.128781280111576 0.104201983390604 0.106095044142027 0.11089281047356
0.142477055678957 0.0326360380519135 0.061926276529292 0.088933716394036 0.149684970116886 0.121962867635434 0.0908839201930495 0.121761755036623 0.0593199553995126 0.130413444964297
0.095206503696025 0.0996859129105429 0.14278746792294 0.203315672332891 0.0254051320369286 0.0887698173080745 0.0908508058540086 0.0622878627362085 0.105925609617116 0.0857652155852646
0.0413206201866828 0.161946005676332 0.173023935458096 0.192516247699716 0.0297309579948021 0.131475680866759 0.00349952142665331 0.0652442025469167 0.0176303550947769 0.183612473049265
0.103428164494343 0.148768123267887 0.110570690189132 0.0321068491472029 0.0308183488275191 0.16170450444812 0.0522790585973177 0.166158479626501 0.160883556688099 0.0332822247138778
0.102445766896341 0.102343740610504 0.075174065974208 0.175125097523302 0.110924407047584 0.210000985429204 0.0835097367791322 0.0221302694241887 0.0395552659532835 0.0787906643622531
0.148413129914263 0.0480672425047488 0.0462777057877755 0.152885456845391 0.0348799976260502 0.158093708775781 0.14796056830304 0.0491657716767859 0.0444890251451158 0.169767393421048
0.0605445073861599 0.200660601269725 0.0860478179280764 0.0556785700620058 0.23371826653839 0.0337661949092572 0.0659024317084893 0.17328509575857 0.0105739171362284 0.0798225973030978
0.149254496834474 0.18249063707429 0.041130259786648 0.0598926084827437 0.0958509808799927 0.166307749082021 0.030998309005137 0.0211436875431605 0.0706185131539209 0.182312758157613
0.0430319286119226 0.0665160802591648 0.133887912025308 0.132597027220512 0.0246714474197679 0.120709872536188 0.0874765354259121 0.0829890448320501 0.147199917383606 0.160920234285568
0.154628673504306 0.12483700752341 0.112972554701481 0.0513196119753441 0.0829081924882946 0.0631790694392066 0.1372427333204 0.183849760054887 0.054167333389819 0.0348950636028518
