0.134576860485516 0.0846391186412979 0.112118359482954 0.0376847533747815 0.0877309603694561 0.133943615316862 0.0160575371346253 0.135015286899265 0.150625122942723 0.10760838535252
0.104319433282947 0.0628678002263706 0.0832232727486573 0.0978047848107279 0.0522280586678134 0.22796127383765 0.0952123277617568 0.0634793323494975 0.208890905948765 0.00401281036581551
0.120692758818896 0.0235518866542885 0.011630439701569 0.199741187610172 0.192192241602257 0.20863431573123 0.0261680350912719 0.0441516667618531 0.102433690994405 0.0708037770340579
0.0166899004274609 0.16380384849369 0.0712006155406687 0.164539085366865 0.173605559821282 0.118989333658485 0.0910923123755022 0.0619241364717448 0.00864539838639056 0.129509809457911
0.103230143578813 0.0694272587477523 0.0924194362690648 0.164460880829496 0.225855289626604 0.0695490721318701 0.105435042506687 0.0349436181677451 0.0848787055074962 0.0498005526344717
0.147261778634512 0.115687672577006 0.0237775096411669 0.0406766039961619 0.139981424151597 0.212073257729433 0.058840682031734 0.198942372781142 0.046302619278794 0.0164560791784525
0.113231509075265 0.0755718737731327 0.153154271608701 0.184618636938464 0.0582682386444478 0.0768006464270546 0.000607728256450589 0.128019637655465 0.080650489709226 0.129076967911793
0.0948462750043288 0.0430079900220416 0.0969095771245341 0.0890265609343465 0.140526882092898 0.029608437293316 0.179483947084283 0.0338601054460968 0.103287815898311 0.189442409099844
0.027446801496482 0.109073937178407 0.055322367061789 0.12375795137768 0.154866066204613 0.0988750295308953 0.114445358280239 0.0802709725070909 0.125560336652968 0.110381179709835
0.162721247260523 0.0690814782719899 0.0470726765226786 0.106051837233287 0.223739422993847 0.213823719580262 0.0259719863565753 0.00191459255549654 0.0073383259436213 0.142284713281719
0.111797078646123 0.0475621178121766 0.195162511915655 0.189756690849491 0.115878811471335 0.00740375465211837 0.0459453219542739 0.166679053234136 0.0359155402221561 0.0838991192425348
0.0318395513021245 0.0875045400435631 0.175923318701007 0.100474936882483 0.144280483260744 0.16979197581357 0.0472854286549889 0.0361789818816974 0.0354449075397658 0.171275875920056
0.0547911000821661 0.0111333985785399 0.157465467271994 0.130173343762111 0.106277159789818 0.116373502939332 0.0884881266497641 0.0706056580602399 0.121905314857827 0.142786928008208
0.122638864545284 0.130723397390252 0.000594920640249459 0.219189509094839 0.0946763763038153 0.11503966471518 0.0569560484502522 0.193515605140441 0.0533523631082861 0.0133132506114012
0.128186176814782 0.0328377989237175 0.102432540221358 0.110876936786777 0.132271199920848 0.0238387572960744 0.10403117673163 0.111967443519259 0.137204068562956 0.1163539012226
0.196309756544186 0.0368890202154227 0.101288827158411 0.0773705561957635 0.167792720931376 0.08078767471633 0.101542725135771 0.0519900651828056 0.0699568744958267 0.116071779424108
0.14600753844138 0.146815315055473 0.0227962653709553 0.126066667643181 0.0819966348901204 0.0143355916315511 0.143970396269383 0.111965128252205 0.0363353577891454 0.169711104656607
0.0105623566492144 0.125630468431294 0.152593911464646 0.067571546550815 0.163006122189026 0.0511187423916523 0.134232518331441 0.156672242703063 0.116705055488388 0.0219070358004597
0.0796494913135812 0.136109836675505 0.0943125127691948 0.0739282639665465 0.138887701628755 0.119781269840479 0.119234094331878 0.134811372322953 0.094507525180375 0.00877793197073245
0.0845482131424847 0.212344743621018 0.0670909805854749 0.0456955451826066 0.16428046739926 0.0100465361953852 0.105377821561732 0.0048571892696375 0.210360478977999 0.0953980240644023
0.165765198891669 0.076567345512337 0.0236472763626546 0.179437488734767 0.0399911391087868 0.151829864145854 0.00506653276003311 0.166441072493011 0.0502487167827213 0.141005365208167
0.161412171803189 0.165728554295884 0.15957285422131 0.0912224139807084 0.139096500966047 0.0423823409561833 0.123381072918845 0.0186272367880349 0.00138462264748553 0.0971922314223126
0.120273631625743 0.124096013155609 0.073806322683782 0.0471364787981057 0.0688545415387227 0.089052448437814 0.0397364427919178 0.0628635983511958 0.18722921382312 0.18695130879399
0.146204444284604 0.142102396189104 0.0705753859383235 0.111702760456635 0.121552488459307 0.0347283408039787 0.136192599127932 0.0714026095234943 0.12032976734328 0.0452092078733402
0.0364952437243972 0.0784745944771195 0.0940296036181539 0.0883876689525759 0.119402592808537 0.0778842315440072 0.130724016240321 0.188158496316194 0.0609945541378602 0.125448998180834
0.169247179344977 0.179148712944573 0.067881569370097 0.00349255934319456 0.0603765680063873 0.126460532802884 0.0220949051655663 0.149449742272062 0.116450377052677 0.105397853697582
0.0554609047371333 0.105810071448103 0.139182384972928 0.146312954163779 0.0527229000845955 0.0532928831037972 0.00684520680653276 0.121986182193984 0.186810870233813 0.131575642255334
0.150668336097417 0.0818872052479914 0.0125137473927747 0.0850114732351759 0.150761466265836 0.17920585032325 0.0199458611368911 0.104253251120318 0.0871651728285465 0.1285876363518
0.0233267140004527 0.13052158055388 0.0724341757569962 0.0828453378992543 0.134414019857137 0.0920686454295613 0.120783618768297 0.131485746316927 0.059769141386842 0.152351020030653
0.266085187701428 0.0798594972073382 0.0544153940555766 0.0190697553781366 0.0951674837972194 0.0383008428493951 0.174729176740984 0.155485571090395 0.0368023217660132 0.0800847694135135
0.087015806868021 0.0568024498075394 0.223902554506749 0.118358411686566 0.105414101312841 0.0260192173292002 0.0763378858289219 0.0318346679394802 0.0553049965060472 0.219009908214634
0.10900440531255 0.250842005350381 0.0142811405582314 0.108944197063896 0.109673040113662 0.033554108249195 0.0818841347531857 0.12749882890445 0.132538449733234 0.0317796899612153
0.145401196012905 0.101313324933161 0.0891705095695622 0.131990401526016 0.108948510836665 0.04694413483789 0.0990896786510464 0.0303246220835516 0.0988009963479195 0.148016625201283
0.196103510703938 0.068456230719423 0.101078154192141 0.0018238292122175 0.193080290886971 0.0192904220937971 0.180182921332613 0.00456631680488887 0.109362241840261 0.126056082213749
0.190103264008947 0.0832837621551712 0.123256399239467 0.0923923520200907 0.0814798173961121 0.186615176838023 0.0297685752381009 0.039447010239915 0.010389343038782 0.163264299825392
0.10849054480252 0.0232043057967684 0.276303666856471 0.0197311616523133 0.0122546762602778 0.0391176096769835 0.222420843813219 0.100241748405511 0.190905662477691 0.00732978025824571
0.109489665534377 0.027815954307092 0.181875876450949 0.00374333655134955 0.131223205239868 0.07554376280758 0.150805176268658 0.204688851185815 0.0948470524848652 0.0199671191694459
0.0560246501912707 0.0716242037655002 0.110789494689987 0.0905766791259207 0.15841842637957 0.00906686765702619 0.10323272117021 0.0686367959106693 0.261759303075098 0.0698708580347486
0.139352661102964 0.00235605441714205 0.0263949253213373 0.115102839617095 0.148625321128306 0.068435781034428 0.105332002715122 0.17638588546659 0.0453985480477662 0.172615981149249
0.0524167303150814 0.154554288219599 0.150535226154373 0.00522937311450053 0.160506951720225 0.0536410480199895 0.0303163480005466 0.122313288428157 0.173802626031528 0.0966841199960001
0.14916995077252 0.141981124957116 0.256391612611298 0.00498913676694944 0.126601300863088 0.154736892439101 0.0348583159883203 0.0550883944033089 0.00581556489751591 0.0703677063007829
0.145965249849106 0.104311005126896 0.133629824519803 0.0184118629438267 0.118228384522885 0.0935698194579146 0.110850232524476 0.0444368615821745 0.109063078990507 0.121533680482412
0.152070864641567 0.00049153092245469 0.0140887625775581 0.16187203361522 0.0570716643450679 0.159629094365394 0.113805436959294 0.125512956726446 0.122308172304498 0.0931494835425013
0.0621471694821551 0.262613496417637 0.0571447951541291 0.0636404546772063 0.252550260095466 0.0204861063240222 0.0173300949478349 0.0747153656229819 0.0856014649436519 0.103770792334916
0.0457923715686403 0.142021971081088 0.142927574798447 0.165294259003729 0.0654805444265744 0.172691270658472 0.167139953932078 0.00968891303504071 0.0135251759279194 0.0754379655680116
0.134103258060039 0.101500654976593 0.100032512259393 0.113921235513639 0.0132846258155149 0.0188091559998837 0.169594180559765 0.053719154338063 0.252789921443793 0.0422453010333171
0.145068584162095 0.0466858447038359 0.166644130134778 0.100843148545101 0.023381914439157 0.0458457192159508 0.143444396481341 0.0303889229038268 0.145113097833383 0.152584241580531
0.176546737289203 0.0117284591922707 0.121497116394601 0.0739287012561018 0.0876864794724605 0.0379935740571041 0.172918661249958 0.170933019028719 0.0573642495899953 0.0894030024695878
0.047162550379108 0.191229339857244 0.252295419943996 0.11540689478349 0.00279843278664107 0.0485742330114013 0.182354511971484 0.0721354084407212 0.0107126907239457 0.0773305181019693
0.131660019689642 0.0200814840080953 0.0766134909918738 0.0835782855633835 0.130022289115422 0.082544127083402 0.0969842944965278 0.110259200736738 0.151352181676718 0.116904626638198
0.155633862985279 0.0668478817499558 0.106211216381248 0.14233508638304 0.136389594087147 0.0537887780132917 0.10152963165978 0.0204966564218443 0.0475968359832286 0.169170456335186
0.106632760486807 0.0048506925217151 0.0565852707048427 0.0257194424710168 0.141128662204212 0.181714934760587 0.122352416841978 0.166643583976932 0.0800176525625196 0.11435458346939
0.209995664977981 0.0407608231377835 0.00968304907956756 0.0518983380696376 0.126934534097 0.197625119165104 0.0619764033274528 0.0150622909625089 0.215409936801672 0.0706538403812925
0.018522710820054 0.136073505202383 0.0490103061223575 0.146964361445394 0.0354434295564435 0.165608523962199 0.182360266504144 0.139199498998259 0.0131287256392968 0.113688671749469
0.125710536200931 0.135173271803702 0.0941385327893254 0.0857307414879442 0.157260536070172 0.0851012664392129 0.137462076335694 0.0252996626407058 0.100494874618098 0.0536285016142153
0.0966542957142895 0.165264257837504 0.0792272485464882 0.130871319140228 0.0350963609956731 0.067702251659266 0.116051309053506 0.0943007060534892 0.137868550293863 0.0769637007056935
0.194366348370831 0.144485950606845 0.134320723433804 0.000706730072326041 0.10584995886446 0.006326275625177 0.121631526435701 0.0238498662965182 0.0767179483115796 0.191744671982758
0.0829731608644658 0.123645229958932 0.128958291559749 0.14534532925686 0.0599551648483572 0.0779731168617422 0.154940952595092 0.040506102943099 0.147483853901657 0.0382187972100461
0.166148484285913 0.0829347922574241 0.169610069742368 0.171992775153867 0.054313054588706 0.0351916373335855 0.109273177261835 0.0980913302583678 0.0139308325321784 0.0985138465857549
0.049326172098008 0.129083285726571 0.0208757754241766 0.173825804123187 0.0108513523445306 0.139870363810681 0.0973206807000973 0.121490843946328 0.142543220553533 0.114812501272888
0.221361581447085 0.263502723574736 0.0089429707586289 0.0527817245305994 0.102215659029932 0.0556681008705759 0.0102067076272053 0.089604296444337 0.0289749306311164 0.166741305085785
0.0735423577578848 0.157307833657784 0.126320882819022 0.0720941085702521 0.155486773097334 0.0919449570438007 0.0484705844076316 0.132245044678756 0.0950315344478207 0.0475559235197142
0.119510118403601 0.193036011857565 0.0950457009069904 0.111123302030823 0.083297348772058 0.0370278622688265 0.218507563528037 0.00298459242469485 0.112381003751162 0.0270864960562432
0.0374861346678779 0.0211341781084766 0.170230808269326 0.222092134307489 0.214374281206862 0.0805497253317922 0.0784309194196438 0.135117840710221 0.00267508272072554 0.0379088952575855
0.0358739849350123 0.0552519736361107 0.198269288440559 0.148497136733242 0.173318371352256 0.0680014390738464 0.0578540024329014 0.0249412201979367 0.20889616779544 0.0290964154026964
0.157557626255233 0.0481932518539851 0.190199810468486 0.0467925969228826 0.12988659165419 0.17799672386962 0.0127772476179203 0.138179683621867 0.0360926101410084 0.0623238575948083
0.0699485564109292 0.163544509023848 0.184851017453149 0.0986172403228313 0.00892852073447555 0.101870062423486 0.110720984293444 0.101123467397335 0.00212262810270252 0.1582730138378
0.0780436383608119 0.0353605037783862 0.0878680818300179 0.196134072103402 0.195688079000157 0.0750809356812106 0.0693755319760423 0.110088361055192 0.0673087632190394 0.0850520329957403
0.027726135292076 0.23378949898501 0.0271872005785959 0.00744529498034674 0.15644963179632 0.0157277041559841 0.0309022846843279 0.00488002217805368 0.207638636852361 0.288253590496924
0.0193260697175221 0.0829792557870272 0.0145342349650296 0.213688995010411 0.074097194135619 0.122465736454886 0.231416132681698 0.0291830893399094 0.185900489036332 0.0264088028715651
0.153847267035539 0.0927568813374761 0.112283590211143 0.119546579149848 0.0314370723874284 0.117751354292216 0.122611035561283 0.0440059075950651 0.139091696960631 0.0666686154693718
0.143899852254999 0.00608747897125413 0.0796839240820566 0.0778788253029378 0.14921999132452 0.0896064891134999 0.0580352246272604 0.0358940764490898 0.178479335083789 0.181214802790593
0.0445651941342859 0.00285236575133164 0.12529092757365 0.182994017975341 0.0668317225541131 0.112328466550872 0.062571232073095 0.171663211186197 0.176178673174244 0.0547241890268704
0.0316331535151014 0.156160973530124 0.153310997750012 0.103651026876286 0.147362651600295 0.122277600239175 0.104852044336015 0.0737245765538943 0.00455691688705849 0.102470058712039
0.148182260778177 0.104514218743248 0.18611400827246 0.204664055767482 0.0127159263338732 0.0813039278536574 0.0879955999312286 0.0173228563191982 0.137325110764451 0.0198620352362247
0.150193617013698 0.0752399449281564 0.0703218611354536 0.148736373578301 0.107927447203198 0.0494479442668247 0.045815752471152 0.11337567278132 0.123877213574082 0.115064173047815
0.151687903454998 0.118022851203495 0.0708739803637869 0.098169770239113 0.00776831915576703 0.113781766055881 0.108951179280795 0.0737318931162658 0.116838728666963 0.140173608462935
0.148923931488144 0.206032595683582 0.0465647669764624 0.0147151987724003 0.212513536319557 0.0584126923408273 0.138462900168827 0.0262071875055938 0.0799504261335433 0.0682167646110632
0.0158714765896435 0.193007228945298 0.0802975185781733 0.0410848169718475 0.165448136250305 0.0395650523985477 0.192330139725267 0.146588933464496 0.0970126485515337 0.0287940485248884
0.0614019481099551 0.0985076207239322 0.0210745811498953 0.0294354855167313 0.119130937132265 0.206452165545626 0.0740887538731908 0.18551563779439 0.063202942847246 0.141189927306769
0.0656963245172904 0.151318708475502 0.0175574486209705 0.0698753102905302 0.0353534464704085 0.189973931277294 0.204919812800573 0.109638336954967 0.0861623774360716 0.0695043031563934
0.165019861122507 0.0968528666047095 0.15092174083102 0.0729856810324977 0.10432189239277 0.150759768750789 0.0175228116851161 0.108076961387048 0.042071586878521 0.0914668293150221
0.153889939876574 0.165044171533112 0.0548970567449375 0.0363368241089257 0.00758028736837755 0.12986275423483 0.0400125781487704 0.162962635495628 0.165533952156542 0.0838798003323026
0.164646002366415 0.166782787720119 0.124715398135578 0.03162106513318 0.046853404691199 0.0935257211749208 0.0468662235299244 0.118658445392236 0.109730059516045 0.0966008923403833
0.156467082185171 0.00183783172589106 0.153767001155811 0.040035202823353 0.130102779064997 0.118539864582063 0.135376846733531 0.0647531947080252 0.0662451865440074 0.132875010477151
0.0708909909617183 0.0766878418742352 0.120763775690059 0.114061889156008 0.113370578324166 0.149728155075235 0.121278061260726 0.107613208018325 0.00712483140341074 0.118480668236117
0.118907295302036 0.0928499215947921 0.013895156496858 0.147886894881773 0.0101352869816481 0.0784866864275256 0.125714853129851 0.0607976955168084 0.059269322440704 0.292056887228003
0.15988601138254 0.0439787059385951 0.0255333052909494 0.0101730500191117 0.0119384332318611 0.178611824868105 0.182047122057372 0.127122179583192 0.214635920492094 0.0460734471361808
0.132650218126157 0.121494468198995 0.0413842526136698 0.138384813673432 0.0772676123921197 0.0236874010081979 0.141957047545155 0.0993478532245309 0.0927276354285168 0.131098697789227
0.192683911064108 0.0417703225245828 0.0820141973173729 0.0799003368088868 0.176381511519746 0.108316969219743 0.0403222076246961 0.113544306044926 0.157960942316875 0.00710529555906409
0.194881763551937 0.168945328396591 0.0451113499488242 0.125414528466438 0.0184504145895462 0.0373092842098321 0.0522373113683764 0.0504351333491263 0.123823261404098 0.183391624715231
0.0596185269206947 0.0839198070757835 0.0825155392179351 0.0647064926513428 0.154292460974573 0.0518134528461359 0.113795296742526 0.0868826487231822 0.165963785743222 0.136491989104605
0.0912011079615227 0.0137726033911497 0.0991714109181535 0.214383308269076 0.0362867865592923 0.00534193831555798 0.135928857676387 0.132506544013586 0.0105149760039702 0.260892466891305
0.0734310162392909 0.0438912109538059 0.212354107373528 0.149072774173621 0.0921219517994697 0.121627099326581 0.126722287709472 0.162609875755391 0.0162737497200406 0.00189592694879984
0.192245569319882 0.0622334882938974 0.144981506433272 0.206526208440926 0.153253841190104 0.0109405477484019 0.148676589287777 0.0368608630858313 0.0313010317347313 0.012980354465177
0.032823667183718 0.0311063390343523 0.192667076277579 0.0358047238619418 0.0822392845473999 0.108642799090277 0.0984227376985471 0.163897885319516 0.202218115454266 0.0521773715324036
0.0969394813711691 0.0855271831865525 0.024961745740776 0.12603750658693 0.0528807480413483 0.13107746974196 0.120966870621541 0.079977709935532 0.184483688123389 0.0971475966508026
0.123150696461411 0.054169926106233 0.0963213611112188 0.0696669934628124 0.0961987199469185 0.0855068383756045 0.0904004239981943 0.146892415225095 0.173805390039309 0.0638872352732032
0.0841734370046014 0.143073350118717 0.0933825710048015 0.0638827143971343 0.09829031562609 0.127983653921718 0.142534256217678 0.138694172666507 0.0911995936060026 0.0167859354367496
0.144570902923821 0.120160260045128 0.0879601325808748 0.0224537286389471 0.183399584302049 0.15633183428323 0.0141822777935426 0.104884825644731 0.072766205314926 0.0932902484727493
0.141615287652738 0.00539008534881981 0.0121868937230971 0.0411722210992816 0.223210310130926 0.108796606638038 0.0946807384857892 0.0377919940091148 0.145803438438134 0.18935242447406
0.0605773162136921 0.0361774416195507 0.0361866407614268 0.0277049519630715 0.188015731912893 0.190174020590486 0.137864136437639 0.023497383468407 0.128083204381247 0.171719172651588
0.0133563949150523 0.00865992381004926 0.195187429251114 0.0812479741977362 0.0953052651448936 0.115701797831005 0.147487917629033 0.10857176282175 0.125254652020395 0.10922688237897
0.151338021033106 0.115396198183625 0.132377133519387 0.12695798842525 0.0919404088032443 0.0993969536132334 0.107248097300715 0.054264851950296 0.101772376895687 0.0193079702754565
0.188225810448202 0.0936072873674643 0.100424061506216 0.00452489289651746 0.00773840061381128 0.0736620528844096 0.203698923949558 0.0766953613248834 0.190224321569493 0.061198887439445
0.0799940333747506 0.0564002674380426 0.0835822275901132 0.232762357387281 0.0731159759246286 0.231796805504006 0.00879799130800024 0.122303283477384 0.0396400167540636 0.0716070412417302
0.001015170058953 0.0423490213962694 0.156700148192038 0.201341005982689 0.100685628164172 0.0980328729277612 0.00959703987302167 0.107071836304172 0.0658526639707781 0.217354613130146
0.00197760975068294 0.204897135993192 0.0719493722884375 0.0929807625147198 0.0697387017595847 0.0484165747217411 0.118973936916513 0.10790330543972 0.136659517949161 0.146503082666248
0.0248470390682118 0.176445238397703 0.10065319480862 0.0311951945003476 0.108999947824375 0.140843346313248 0.0648871901395029 0.0846434264531424 0.164511830190373 0.102973592304476
0.00876596899811272 0.162527160626553 0.194560280238851 0.0208407959882788 0.0926695908401332 0.125083024433605 0.146693488843174 0.161744855056273 0.0493889635385447 0.0377258714364745
0.180977451754984 0.159576994074274 0.163506452689932 0.0275834711334337 0.0828158028231447 0.0989522425113303 0.068033423496827 0.0806902184371094 0.023190343446259 0.114673599632706
0.00276009714600672 0.129005803296578 0.150786521091724 0.159089168752142 0.0372976262790606 0.166958641529789 0.176621146839231 0.0397372387490394 0.0186461643679914 0.119097591948438
0.109914446108483 0.0636866467354851 0.143785711998731 0.062997595048717 0.175278466179611 0.117997590435936 0.119396293468821 0.175028739578808 0.0263938480553897 0.00552066239001835
0.0752205212314834 0.121407245894363 0.0567264165139889 0.055078170496345 0.0105739035376434 0.172328667704589 0.170759703739636 0.163102274017927 0.00405928641593883 0.170743810448085
0.133655643007898 0.158642419693227 0.0259830567514571 0.0843488107143915 0.0591865077331452 0.101242800426297 0.0825069213201595 0.0794333624755865 0.146924853019464 0.128075624858374
0.0472241173004756 0.131685538199006 0.0353015819868288 0.0194833779945118 0.0683568013188157 0.0434916750728462 0.180169089901584 0.125309794839434 0.124377490160547 0.224600533225951
0.155312877421627 0.0554401589162065 0.0697923639551868 0.0199931882534965 0.151972761613404 0.0433017556382189 0.103446443486782 0.122672275477994 0.141506215459838 0.136561959777247
0.104737207301575 0.0753781234705644 0.136468115247399 0.137278234801366 0.059787384598453 0.155221904586387 0.00920976887332829 0.121164723080216 0.0811650294942182 0.119589508546493
0.0685501859748813 0.215879574289712 0.0963717015773489 0.0438676077217049 0.114887842045077 0.0187183441476689 0.125009323714783 0.211729612906911 0.0314061708734296 0.0735796367484843
0.134407520438997 0.160115280810261 0.0995462891326777 0.138563589573954 0.0960921930576354 0.0131394464632074 0.0352604142156663 0.139780248455526 0.157736219209964 0.0253587986421105
0.0279905741758077 0.199720423492059 0.158447950016769 0.0728556812947305 0.0291505349451288 0.0855670697324185 0.067185936203198 0.0768002491081951 0.1139299972324 0.168351583799293
0.0944759447382375 0.00678025184281069 0.0864146292367347 0.0154128325156586 0.167806948680558 0.16005774683989 0.0868591643459626 0.163694833837853 0.129934506363968 0.0885631415983263
0.0177199765228369 0.0772548102910215 0.178498218499611 0.118122313678295 0.166421050747979 0.0852523466505982 0.100159690216357 0.0477644668165649 0.0947432805106756 0.114063846066061
0.123246344391201 0.0123704524421744 0.0888783433517188 0.181855444752407 0.0967267745533652 0.151281057912761 0.0646141277641338 0.0657601526422499 0.0632419171788847 0.152025385011104
0.152973292657028 0.131046215749224 0.12677128643261 0.148591610073381 0.112986844157973 0.0623242944291353 0.0376318630384835 0.137208887760611 0.0215628923216954 0.0689028133798591
0.04025061734943 0.169572114657472 0.144061934203665 0.0314666447680012 0.0778814913202476 0.140044904446751 0.0136863338091779 0.0979858140364116 0.130005982937741 0.155044162471104
0.200545952873844 0.0303629251767647 0.190452012360228 0.101666315002147 0.00518845366716178 0.2188617827139 0.0727935805511682 0.0514220419936439 0.0354535886068364 0.0932533470543063
0.0521229900333443 0.128580239867736 0.0101919884261859 0.144097865340902 0.16573765836082 0.156604976330307 0.0157453258131945 0.125917664270566 0.049557759545218 0.151443532011726
0.159233531831218 0.100665876249838 0.0105005838421157 0.0351708362574434 0.163711022458095 0.140660496896101 0.0909271675479167 0.0128030968536947 0.123419336314646 0.162908051748932
0.0804190136583794 0.208470740421084 0.0655154890708552 0.0187084951126538 0.217018126536026 0.155134637569392 0.0604748769976934 0.0164460903570357 0.019836777399191 0.15797575287769
0.0495365599250016 0.185280313747845 0.021507346890492 0.0408160583663212 0.148024715554301 0.241525782682142 0.092555235635281 0.0693163225929168 0.0600111536234261 0.0914265109822734
0.129105020927698 0.0985635119570111 0.180996437961693 0.052712797307061 0.0223880481905223 0.0149335796152454 0.084394062683512 0.0308103023621674 0.191054501653599 0.195041737341492
0.010863883760278 0.0740361804935454 0.085640905210759 0.128401740549302 0.00954009095242081 0.112572857133476 0.0545949516267501 0.0925605493967152 0.217272324532988 0.214516516343765
0.0578498792019475 0.075397982886052 0.133317461608543 0.0319358853322669 0.218174411067787 0.0350351049095152 0.166132895589442 0.134974278234243 0.0175409447620254 0.129641156408178
0.0423529396771851 0.0214363375829381 0.141174163296972 0.0423817827265043 0.202239156454591 0.111257347132374 0.186768975053482 0.0459871816765368 0.200752518547846 0.00564959785157098
0.12246236708371 0.110050117545224 0.131570257677192 0.0969837436984207 0.134438269421689 0.0323383456521684 0.082953285354187 0.064626077752445 0.0939762868659476 0.130601248949017
0.096451363463311 0.132063526215927 0.130597349326416 0.0427086821043438 0.0239803338029408 0.151702319916527 0.100629629055261 0.156425573468138 0.11038395723684 0.0550572654102948
0.0604659505439007 0.136682902036545 0.0927723271509245 0.0272721928548981 0.150678149715251 0.0236015974414578 0.140795863265339 0.188972357366046 0.096658264061568 0.0821003955640707
0.0929432425873221 0.0925484676273847 0.0285168481934131 0.172316193098107 0.153203917181967 0.108838279222906 0.0540907464644305 0.126127965328314 0.0302110496918094 0.141203290604345
0.0510052956786885 0.126485441312606 0.103808241895044 0.0143829480415391 0.187489688059331 0.0290025299971776 0.0512474827068121 0.192238716840991 0.0715119565599399 0.17282769890787
0.130529308356669 0.0669462243290212 0.105978998391899 0.0377506903363869 0.135192110845866 0.127253890514272 0.0612290569900691 0.117841211496978 0.139358664207722 0.0779198445311159
0.202606593061684 0.130547980177639 0.039132198852175 0.0924529560104584 0.153311189501857 0.00526878359225254 0.144217604511736 0.139846227266444 0.0839883483466655 0.00862811867908906
0.135377181564637 0.102280324509727 0.154767114914674 0.0748265690527452 0.116306787062617 0.0344061508369847 0.0615169247110573 0.028571569790885 0.153107716374813 0.138839661181859
0.100660718436806 0.171356616613586 0.175409602160105 0.0493257849655847 0.104367576879234 0.0227057796457774 0.0990477951223072 0.0620092884461399 0.0522162663321712 0.162900571398288
0.180618560450008 0.014729376890574 0.0795110184783425 0.169744085706279 0.0637489722442682 0.134955160614085 0.107740001903479 0.092559536456855 0.104986655041671 0.0514066322144377
0.0228320661710166 0.203884971477924 0.0893901256560591 0.0849423403900364 0.153465599924824 0.139583888633393 0.130573144647464 0.0656971972885988 0.0317543707530472 0.0778762950576359
0.031949598076363 0.0252321135632689 0.194939312524686 0.0659555750956472 0.0853128636331296 0.00556010801386137 0.234046961163632 0.16751293170682 0.0248138711404394 0.164676665082153
0.00306050750445656 0.0181327512549995 0.074763190319454 0.116542758356739 0.129037366015443 0.161466472900778 0.170480087486891 0.0692701802484662 0.0781490945441249 0.179097591368648
0.0970974280390513 0.15038846739552 0.125366402432865 0.0801637288087949 0.0617713618253199 0.0621652052924946 0.0326938650239208 0.14479578163051 0.187011378243162 0.0585463813083609
0.149968265585291 0.0569879787774887 0.181275123204704 0.15567965945996 0.176097877781334 0.101689995839158 0.0132901643915212 0.130997325595627 0.00815511036384162 0.0258584990010744
0.000492055983836882 0.166792172878664 0.164809920719778 0.105444313265626 0.188122486981656 0.0664395049627971 0.0542793835709039 0.0574813651800327 0.0222322559561445 0.173906540500561
0.116524492829733 0.144110437551442 0.116472293319531 0.152380150836154 0.0076442381242739 0.080023062458298 0.0446556906498437 0.095077203242142 0.112544961586795 0.130567469401788
0.108443577259572 0.162914705377441 0.174966856439993 0.0293707096693385 0.0130721197697568 0.068299612272516 0.106858934302302 0.172556772079276 0.0802501835671202 0.0832665292626837
0.141889558117732 0.145431394544428 0.12422836095853 0.0875985985658521 0.101024332592972 0.0746711581738771 0.129070993656277 0.166134621356992 0.0241997290400425 0.00575125299329747
0.0158467573798128 0.162323376632936 0.241289397215685 0.046190814600787 0.22862992272456 0.115521455089246 0.0427975599123159 0.114648347799741 0.0278497563565407 0.00490261228837396
0.120910685179251 0.223766060164542 0.1390693597167 0.0150486383466502 0.0623342394137877 0.0958634133319759 0.0126656785037092 0.0504701418843971 0.0849623251525925 0.194909458306395
0.0593601009541486 0.0456772170070843 0.112679556497821 0.0777202855926781 0.075152285570307 0.177424057514317 0.0627906300461739 0.162932895955347 0.02057403525852 0.205688935603604
0.0585275618088317 0.00612876434352421 0.0292095338688874 0.100898619119106 0.14995334357163 0.206381131803258 0.0331375049874514 0.0671456751086284 0.184291371655118 0.164326493733566
0.107082466955696 0.19455422428397 0.0732721066583116 0.188423337846811 0.0245843144559763 0.170991162131904 0.00858559007545012 0.0780278139897613 0.0976102680323594 0.0568687155697598
0.0681627836471352 0.169121434802301 0.0894615656782312 0.0974720572382373 0.0972733881987418 0.0305824846749842 0.155879157659958 0.0611929229504524 0.0634808889475823 0.167373316202376
0.108201374774434 0.122801230498511 0.115302956126168 0.161034191418257 0.0341769186372731 0.0492665288426562 0.00857931322467092 0.17920178139324 0.168638505628651 0.0527971994561379
0.112394281807347 0.0055615620730447 0.119535886440787 0.0786836022778235 0.104454059682924 0.0644300150100167 0.181877392345774 0.114778576312931 0.134018535854523 0.0842660881948299
0.1798696990939 0.0372659607084143 0.054462045512856 0.0615106106767809 0.0508087656409249 0.148489782537788 0.137528675971299 0.0619785548833507 0.0915048490226153 0.176581055952071
0.17322798642131 0.134040961331378 0.017105850676671 0.0958659753460858 0.109658452116996 0.043493428066773 0.109946815978839 0.0981841404012142 0.0551136964051322 0.163362693255601
0.110256857916744 0.162639533856884 0.152655419692256 0.0904438614191788 0.134784340916325 0.193919956263028 0.0339201765557812 0.0145930441424884 0.0192911202871397 0.0874956889501764
0.164182142796069 0.154973509519935 0.11311014890729 0.113540712000388 0.135775470890961 0.157558652240626 0.0420192283904478 0.017829192908387 0.091816954090798 0.00919398825509845
0.141474412658982 0.141799385333119 0.0305413246559466 0.0168103139975061 0.238016179039083 0.0389700396990756 0.054090950050753 0.00648617961964791 0.285635041853766 0.0461761730921211
0.142429791643521 0.041386274588148 0.118107530815586 0.0974441200866448 0.0111286690746971 0.194209508259771 0.0391329189184724 0.0105302005195958 0.192155080668775 0.153475905424789
0.113683760659652 0.194221763324929 0.129450338779452 0.0370924256132058 0.109702206708708 0.168466626910938 0.0421935811208177 0.121868835695972 0.0202942269719243 0.0630262342144006
0.000253437677815312 0.0685949930762382 0.181117275503285 0.0960518174875447 0.0729483175062018 0.0273271270024381 0.142347677970905 0.157354282111237 0.224825999609167 0.0291790720551681
0.118436790829915 0.00680094946024461 0.101890471031687 0.0233801429996664 0.103551449518791 0.154107677372722 0.173008738321296 0.073663764655872 0.160477005380273 0.0846830104295332
0.0278630177885765 0.166852036439556 0.145990818533674 0.100546586085477 0.107436433215687 0.177236485899012 0.00187477931928825 0.0614095924120274 0.0672882578783857 0.143501992428316
0.145398183673672 0.0595904168913684 0.0247777939165381 0.106931462318769 0.16868428351651 0.0813028219651183 0.130111906972905 0.107495862408106 0.124854422199583 0.0508528461374302
0.0092671809459534 0.0625405877252703 0.00617855888889385 0.172545055706034 0.162782179146132 0.100272564926681 0.118543419711008 0.044682503383127 0.144573200261499 0.178614749305402
0.0105227021308016 0.0264316922949914 0.146558805015485 0.124285932179032 0.163498522267095 0.115371414776858 0.154892121087149 0.050528989484087 0.0474004940491254 0.160509326715376
0.17524175362792 0.0740058933843465 0.120670241146489 0.135960977414159 0.0541951789097585 0.0302423816793536 0.0224239956312459 0.163000821741034 0.0706001151135279 0.153658641352166
0.164740380282577 0.159922341817709 0.0352971182837568 0.0186119915830161 0.213161582865372 0.102831008115094 0.0482815732146369 0.0914593951646081 0.0908446600565715 0.0748499486166575
0.049248625998679 0.0806115991416414 0.251957554060507 0.0172884165550378 0.118824937362782 0.0285594800340928 0.179621255367471 0.0685305763508174 0.133875828522053 0.0714817266069179
0.177584408818964 0.0475264790834904 0.189551463859666 0.0768499371802346 0.141852985142638 0.086159451080519 0.0371236333307435 0.181514260876285 0.0539636996619708 0.00787368096548906
0.00919760435636438 0.136425545605756 0.0525715178806064 0.0457446872453183 0.0531706311210859 0.0572178398850823 0.172382692134518 0.18276442672172 0.108682791132393 0.181842263917156
0.149608277968285 0.00689040933046042 0.166205340128619 0.134812473547131 0.00486781314545779 0.0947792058725094 0.175619080645884 0.108519156762978 0.0936874674520335 0.0650107751466424
0.038240404873612 0.159546559817308 0.0985359710096244 0.129605958053639 0.0634382867707336 0.100534370966649 0.133350507503867 0.097533791775026 0.175389366445931 0.00382478278360938
0.0607223654627551 0.0214570074394651 0.0442395471448085 0.202225925897619 0.030613626298367 0.102008984630514 0.106487249505084 0.051733641917486 0.197199065820956 0.183312585882945
0.131360319335237 0.128773014268942 0.0205686272406242 0.0611069667296937 0.15885444241184 0.0300048498226357 0.0945512281687489 0.0653353014314658 0.142323035510874 0.167122215079938
0.065541005109493 0.103222214288487 0.0240860459905547 0.158657493156175 0.132490690735769 0.00174580374034046 0.146431810393325 0.149423995147994 0.0980806994261373 0.120320242011724
0.0534473866733545 0.0742551388580971 0.153334682734777 0.12256182131735 0.0363056466264814 0.166513650520059 0.00355066909552957 0.139471067395141 0.0760404960989146 0.174519440680295
0.0660573440307276 0.113164534177701 0.148583654022268 0.066973597496721 0.0513802718960593 0.142878175325565 0.110177632567916 0.149872426116722 0.0291878846136931 0.121724479752626
0.0736697601541553 0.0852145687192168 0.00379438508506046 0.1791843488871 0.0860929915704769 0.139629496612863 0.165661140634295 0.0386808841835836 0.201104484707558 0.0269679394456909
0.230715220263205 0.140986419688935 0.0755444539022999 0.0773380207614404 0.0248403315740622 0.14887520125962 0.144852247782264 0.00768541697721374 0.111382571456355 0.0377801163346054
0.159619112443866 0.0160652112109759 0.147489019063024 0.0975870168518415 0.042314194913652 0.101693247536666 0.131589881898377 0.0932650018785983 0.113614406382613 0.0967629078203865
0.200503004634479 0.172418919070104 0.0386921773530105 0.154647847418853 0.0568588423023725 0.0613622930498539 0.00435119016532799 0.196782970068713 0.0185490199772543 0.0958337359600322
0.128098797563229 0.188261661608038 0.151347925991881 0.0301099163854296 0.16756906739872 0.0090903057371206 0.0902889599055752 0.0782609845367576 0.124757456848109 0.0322149240251395
0.016648650963774 0.133572065581105 0.145415201520066 0.0134602879582206 0.1185620651472 0.0624155905324065 0.124527138959689 0.110555832847307 0.143971130676731 0.130872035813501
0.171914449768086 0.0798280603657606 0.126836237814121 0.139567225908189 0.000745226805948833 0.140424212992885 0.125967391909878 0.137673017174836 0.0578191401146134 0.0192250371456824
0.143967433094045 0.0559237284842981 0.037901794144365 0.128696034372538 0.143502382653396 0.117519004957207 0.112589288190749 0.100336674191839 0.12063753799307 0.0389261219184931
0.0588394050727266 0.0770836577203724 0.213051809283181 0.0749701513600536 0.0934680676520128 0.144660557001422 0.0425607640148055 0.0510139647824903 0.0934454048758402 0.150906218237096
0.0189570410366449 0.00115143978958228 0.120813006118737 0.192369701386373 0.106394406665972 0.1665611559601 0.0557036247553031 0.0941265159306144 0.188449184419429 0.0554739239372431
0.20741898155593 0.123788188125119 0.156822383546512 0.0589164868240051 0.086458720385666 0.0035604295610955 0.0164285505395259 0.0704486135495262 0.081580274696147 0.194577371216473
0.177357943197437 0.095138072237095 0.117659254574189 0.0930183782632887 0.0139266674858342 0.0453587916153631 0.154267456693748 0.20164848525321 0.020840335339563 0.0807846153402713
0.0629819535910943 0.150696051564286 0.109032827489192 0.0765767587223793 0.138126790529183 0.108407900426149 0.0319324614178535 0.114517019897762 0.0546751988620981 0.153053037500002
0.053501207687745 0.0525097122831826 0.0726074192250509 0.177338188667027 0.103050216334744 0.0160447551217109 0.0589653081755257 0.134533249882598 0.187125623521715 0.144324319100701
0.106955252379451 0.179144070196857 0.148823337419502 0.0973338521295686 0.139102703641455 0.0803755280415286 0.0173235252475506 0.159352940058864 0.0342357996676254 0.0373529912175983
0.125539635038677 0.0793874281578379 0.124370845357767 0.0753562506657132 0.0642865018094975 0.101048907747324 0.135412390574743 0.153646274132426 0.0238287126361691 0.117123053879845
0.0952522836554299 0.167993620276281 0.172301262057935 0.15005153164337 0.0362767589695305 0.111496789777891 0.13003282257396 0.0680328114951039 0.0158923749336839 0.0526697446168154
0.0122246454514351 0.121912394626627 0.0793947522981135 0.0768215031718168 0.148740439613288 0.176304851553952 0.045149762909937 0.148678239518735 0.0568607737669591 0.133912637089136
0.0351015861049066 0.108693342314037 0.0198717034965511 0.125814835219587 0.146263190495356 0.159844824360111 0.154354346393678 0.101075102670951 0.0291810777849176 0.119799991159905
0.180612752778876 0.0690927629741267 0.159996224509103 0.0861482133970025 0.00222170501680403 0.134878270482798 0.0959441593429181 0.14351929633639 0.0102914293075067 0.117295185854475
0.162067006876907 0.0291576234610968 0.137441066772983 0.0547700388962983 0.173075192822751 0.130269009317947 0.065267341743464 0.0724737942244637 0.104517054929988 0.0709618709541014
0.14568349737498 0.0104953677798473 0.179499896391611 0.0215005848776015 0.235956443142061 0.0279355268662669 0.153753127929076 0.142948578230847 0.0351916466458607 0.0470353307618493
0.0757823690402746 0.104983297588731 0.148590138987899 0.156763973361869 0.0839332424220607 0.0936391906289041 0.0390419598202293 0.101666845560852 0.177359376144491 0.01823960644469
0.0866344446595538 0.1576689167254 0.0721105366648293 0.0097417258470622 0.153519674896096 0.177884526881494 0.188743170137279 0.0689635044370478 0.0380001255066067 0.0467333742446321
0.091303672406042 0.189471726665169 0.189926458634407 0.0953026712875315 0.0338369625595036 0.133352520782354 0.00256977867006972 0.0370325177385491 0.129961474339187 0.097242216917187
0.149238242158149 0.102815337049511 0.115793495437977 0.0161227656074462 0.115363459114024 0.104054405396622 0.0374265824906482 0.0408038611050397 0.139081395070804 0.17930045656978
0.0665301183872029 0.0193290944671779 0.0134758474712778 0.180493674627632 0.211901019020484 0.0484364209963365 0.274869046990033 0.117366627280517 0.0386640325412197 0.0289341182181192
0.0725752807461736 0.152527607731081 0.104309696225622 0.0902466225883057 0.157210760244108 0.128566835381829 0.165573915204457 0.0661649545291627 0.0152874080685996 0.0475369192806614
0.0863727513923163 0.144028521221358 0.101857996877633 0.118389181779146 0.00695832481699246 0.0814895485290334 0.155481578563852 0.0199803912547125 0.141717273533677 0.14372443203128
