0.0952886515767848 0.125560339408956 0.0708197473687925 0.0758314353384596 0.156241750541747 0.0203216744418855 0.107971927122673 0.12097266722692 0.114598565531395 0.112393241442386
0.144965613721273 0.00826044182793849 0.0567711615783115 0.113135658798126 0.134528710501877 0.0121847238014687 0.0748332102561935 0.134392367702517 0.180739349608869 0.140188762203427
0.0417541846323182 0.035351184392931 0.197324499845311 0.0597137392223105 0.0773536966982045 0.0167996687734091 0.104114223309221 0.182575999872144 0.196841543969003 0.088171259285148
0.0163060493131863 0.159191221847048 0.0140168864375011 0.0241482443298669 0.0417283044804552 0.216349512236615 0.149460914798049 0.23474049468868 0.0471006456971985 0.0969577261714006
0.136053765023419 0.108175875419887 0.127452744091653 0.0677620030874626 0.137514654721065 0.0553722724387525 0.0243924796834125 0.125965002773188 0.126952089590667 0.0903591131704936
0.0232902874105431 0.029384517277967 0.151301378338322 0.188452616825991 0.165934135989236 0.00517359201307081 0.187712719144808 0.0367134181741209 0.107005593253549 0.105031741572392
0.0709949140873985 0.0607690728215877 0.157605875543273 0.174662421501053 0.122187607999353 0.0398899019904625 0.00328399234748605 0.116934615514707 0.150847098432428 0.102824499762251
0.0332355064903162 0.186465779771606 0.144184013052395 0.184999629495623 0.0365232600776443 0.0203668448884946 0.000237449562532838 0.130255550664738 0.123105866026277 0.140626099970374
0.0484255338183774 0.180779902199308 0.019766824390258 0.0834949439658677 0.159089601377114 0.0735389834255854 0.0566673415353992 0.149990396608574 0.0741412547082785 0.154105217971237
0.0592324002267454 0.0801233850696205 0.0128292223434082 0.066791246116193 0.230326098878792 0.167088181699908 0.122187652173592 0.222070074639672 0.0380476225960348 0.00130411625603435
0.0239211878006281 0.202047938499493 0.097686802331122 0.112051731416112 0.00306893051151164 0.152999226635393 0.0417116115064786 0.171189875153659 0.0817951647800759 0.113527531365527
0.0637631875932628 0.094581048139863 0.0402728302362482 0.142042433130657 0.144849601288774 0.0609852621235345 0.105873856490856 0.16344960184526 0.00500145536299552 0.179180723788548
0.109467986162279 0.0783665573478265 0.151698033192235 0.0744763513635953 0.103255746295648 0.136225047394797 0.0334465428043178 0.154909276576556 0.119541394284072 0.0386130645786731
0.0679829822793012 0.233413035569569 0.00353715621652937 0.0274865774706296 0.297876747153146 0.00753766598181945 0.0268053335901133 0.0951937056515818 0.141901488363945 0.0982653077233657
0.0755498973711003 0.0690392807400777 0.177793072592013 0.021526158498252 0.0434309600171999 0.0908388533872751 0.110347725756212 0.149800652049668 0.173381771189819 0.0882916283983826
0.0369079640551874 0.026769224599972 0.0649565586150295 0.0121879810796996 0.0969737445712119 0.166507449514657 0.128752054487944 0.112191989560285 0.186504796122104 0.16824823739391
0.214297456748343 0.0461067725504455 0.00686693262659243 0.09586304284491 0.144926777260031 0.119071891529435 0.0985201211125289 0.0523506784105527 0.196704387571516 0.0252919393456458
0.146186359706735 0.000358363014571641 0.152955575840857 0.0154554132488677 0.0805323637453638 0.126957626703807 0.139777892940201 0.0326683659021924 0.152299003367264 0.15280903553014
0.137570545786296 0.0185799202118448 0.0731807327014175 0.119734189682609 0.0836843154113065 0.100025126066356 0.0822396548278402 0.118734829371925 0.134535084129942 0.131715601810464
0.0298090372183516 0.0202407346086536 0.112487243874177 0.178434637697732 0.150864695955911 0.163417183136957 0.032703660218456 0.104741296016499 0.112123793790436 0.0951777174828278
0.201077670142604 0.0809144491197439 0.0845590829631325 0.131174322485998 0.0762343247693384 0.0358720024943637 0.201437844390204 0.106089489553216 0.0484226488335573 0.034218165247843
0.154132642526617 0.203945167756434 0.0346013102000662 0.181924882549302 0.131144346905294 0.0312324898013901 0.0164633864124033 0.0162508097459558 0.0457690331445968 0.184535930957942
0.0414577298777292 0.132880011376209 0.118690055777984 0.131961234228801 0.106248597179135 0.0015755311167479 0.0879839797594222 0.13965444971893 0.102887359344637 0.136661051620405
0.0740834979005703 0.127949895969182 0.0688607146359 0.133150316235315 0.0290584500933214 0.0818897873726656 0.125336855244475 0.125529440870648 0.138163827735053 0.0959772139428692
0.111579809622276 0.0145874407653034 0.0827879421411207 0.0863774602001364 0.0696407638389533 0.171308133328263 0.116758425756189 0.112247432694828 0.165674947031659 0.0690376446212712
0.0332732255731233 0.156424729933666 0.204692227916283 0.0322173216626295 0.10065364570909 0.000537686118198146 0.107060562342438 0.182679499644332 0.0427535766062338 0.139707524494006
0.0849834799166793 0.165708570245501 0.155213056292015 0.0735407037008806 0.0735712112724279 0.00065197385126914 0.0215439835632921 0.206004747601175 0.0403140636794754 0.178468209877284
0.163597478405237 0.0930074149478895 0.0432516549994425 0.165991113921075 0.0429991659724314 0.168216719749065 0.0704581765264738 0.174123192123166 0.0674969018385019 0.0108581815167174
0.16757995241768 0.0489988170971684 0.123485398959104 0.115841591440379 0.0245623060937209 0.148403884906447 0.081082770477892 0.0354411861163794 0.165201582060849 0.08940251043038
0.0913649940239745 0.137170279609172 0.118865043287395 0.147497738539125 0.0884053465495398 0.104112611098509 0.0413073845557659 0.0461178103192669 0.163626324440534 0.0615324675767182
0.0460359611950691 0.0446875520079931 0.0909976425568137 0.0902274865988898 0.0534997511360272 0.172968729330466 0.114858985596644 0.10026788992203 0.123339008598287 0.163116993057781
0.0372747583127392 0.101681948040997 0.139860617911632 0.0919831074777107 0.0336097420998796 0.166978298381361 0.0758856704951867 0.185990355595441 0.0496092871884542 0.117126214496599
0.150955641572477 0.0895674039982138 0.12561341101089 0.121024339479413 0.0389320113968676 0.109641801894678 0.134301886660931 0.100523191727541 0.00186822354578131 0.127572088713207
0.0418323518914597 0.126420493374553 0.0895726595141141 0.15201373071631 0.129122269611993 0.0354847976462758 0.162835342777441 0.0570268917342531 0.164226851295901 0.0414646114377004
0.120367704255208 0.0609120335580767 0.116770880112896 0.052436194456241 0.020131836589073 0.121954489506518 0.0293544793738686 0.185095420534961 0.203815752508857 0.0891612091043012
0.0992330112268368 0.0739803332017634 0.187440377542591 0.0139773665361934 0.119922469480037 0.205743892902875 0.00337975190210124 0.180089445408825 0.0368960614114018 0.0793372903873746
0.0254410580950508 0.106897723304245 0.0635963481477176 0.201153538473521 0.141167544379364 0.06623487242509 0.00914521242578813 0.0113519054791423 0.194571343245239 0.180440454024843
0.165320634309987 0.0806778913317673 0.213010293220629 0.161058512857084 0.00928074343005816 0.011564909621435 0.00537637349691951 0.106532178638791 0.118183264703318 0.128995198390012
0.0988612825564525 0.0217687285318735 0.0525577927712123 0.108507933884962 0.167256493262045 0.0989805530632435 0.0882408906949981 0.172817662313224 0.115384692004749 0.0756239709172406
0.27046822206717 0.0185761253125474 0.0176112723841876 0.11046495165673 0.0704924013721336 0.116571294410531 0.127127241776785 0.178788579924891 0.0178968848157842 0.0720030262792408
0.192025672174018 0.0520687683004745 0.145111093076447 0.041893275745439 0.0850010829381864 0.14096961905453 0.0269501775144304 0.0338834789134328 0.10451363434249 0.177583197940551
0.104025434280347 0.1184154189183 0.107071857780899 0.192521165894787 0.0744851111802517 0.00331080166420775 0.132932265704877 0.0441841341007776 0.0688836216680543 0.154170188807499
0.13458278847779 0.0734067141938867 0.119765508444169 0.170905084765997 0.0281360513635516 0.0804784703843223 0.0624950285012479 0.0864922214380461 0.113161489266507 0.130576643164482
0.0267233918962974 0.160066278645068 0.174562201706724 0.171222587293283 0.110543112135629 0.177860523601826 0.0613573764684491 0.00996749556285514 0.0974441700933993 0.0102528625964698
0.120910046790993 0.0841715839180211 0.147834951394608 0.0231362386248364 0.0237240146442452 0.0964844202261602 0.135530203280316 0.133773222583215 0.107947318215252 0.126488000322354
0.0111459974255404 0.115445921886348 0.17744646366173 0.134999939581312 0.0108536443618909 0.0432478401796399 0.0534058725207202 0.169130484558828 0.120552580224954 0.163771255599037
0.0196860840621991 0.0922059401436321 0.0394317002052523 0.126175658877324 0.16087267284524 0.04405998240984 0.0216850692933604 0.20751693366699 0.160663711191562 0.1277022473046
0.173601964340008 0.0774929294537454 0.115612840636996 0.218584211547162 0.0915074015259727 0.0946058666697934 0.0694014290890198 0.0161415785041341 0.0354035483883984 0.10764822984477
0.0332498662794635 0.107177149123974 0.107611183009967 0.192111489101092 0.0555580304912434 0.165348325071061 0.142429386580445 0.0685312651774671 0.0316534281616071 0.0963298770036803
0.101924194396837 0.158294092571489 0.104476764530381 0.0431612520353985 0.117392930333102 0.148123127763636 0.165379435205525 0.00380383227188902 0.107565425081374 0.0498789458103693
0.00740271551585017 0.142224637279549 0.148123447210968 0.111436679981674 0.0344754353164633 0.108940148586942 0.125794669785229 0.170172350200054 0.120914935196909 0.0305149809263604
0.085802067926604 0.119236043563267 0.176473571696597 0.0147515415365491 0.110948876056642 0.140352273134816 0.0909808446681891 0.0807971566601478 0.0330265286059885 0.147631096151199
0.0943934523520961 0.141497105863654 0.057518191522562 0.144601281459001 0.0319825533107428 0.117564676087976 0.11227953787955 0.0577107095898059 0.134011838557483 0.10844065337713
0.12772278196483 0.108693708157922 0.092720182430009 0.0898632539663842 0.0734104734118557 0.0615407726760277 0.161114510084477 0.16923103453424 0.0805575424974348 0.0351457402768196
0.0635295494786375 0.0693584743738097 0.0941604517358727 0.187698541014514 0.188773427864784 0.0572633974679914 0.0799178030452686 0.0439219021826957 0.134864381142661 0.0805120716937646
0.129806425575535 0.178417738805049 0.00692558535375002 0.106865382452269 0.0173291890163229 0.00649176644293628 0.168350255292871 0.0858677865521697 0.132384516191814 0.167561354317282
0.00591276820137735 0.0537683538127148 0.0642959054116516 0.188404266270035 0.157569055244081 0.0741945148781492 0.139192232954616 0.13626881962323 0.117048097144594 0.0633459864595503
0.048025396899479 0.115502555560484 0.20654794735097 0.0618749490656948 0.195761704723429 0.0222138261919773 0.211248860050889 0.0358716482189259 0.0160905695880551 0.0868625423500965
0.0565102626672665 0.199763434500026 0.0598961515046132 0.118355483881727 0.0050075519445722 0.0838939022735154 0.10652807500137 0.143985813815611 0.184067326399465 0.0419919980118345
0.0410625450390851 0.145040684891719 0.14033964283846 0.120773770392343 0.0531027680612779 0.0731398915492175 0.106971324882357 0.136578784800026 0.0526612050063068 0.130329382539208
0.114111522041496 0.0538145523429999 0.139960206881215 0.120102198972503 0.0505816472294891 0.0850945282670752 0.201761024868405 0.0640858941824336 0.165423180808154 0.00506524440622853
0.00667896497762534 0.143259689465572 0.0683989977049112 0.137780915802265 0.124549161007684 0.121071133127324 0.145624775914422 0.0920312959176082 0.0886272656936378 0.0719778003889509
0.00452280998911966 0.180790298463655 0.193644592873531 0.0356447540208519 0.0121107080866792 0.152155841044136 0.139294014989253 0.00817467768968638 0.127088496723472 0.146573806119617
0.036456259836904 0.147797245520616 0.0835798349752594 0.0472596049243931 0.0957046199334481 0.101396875340668 0.193702464781234 0.138198523409611 0.02801743879601 0.127887132481856
0.114303805531004 0.0651470299543242 0.148903918189626 0.148000789256061 0.0223250767846194 0.00561974246026562 0.115184803680224 0.10995044646908 0.152849909825882 0.117714477848912
0.143227787243524 0.0654317463650382 0.125586867593819 0.0509320470532364 0.00963047639461247 0.15550404875139 0.158723522040016 0.0555988056805486 0.142886317888154 0.0924783809896609
0.0290669991387894 0.00530265351450203 0.141633517939755 0.0253037438473464 0.0613029919613407 0.188432263447723 0.0425570285299859 0.177133775677327 0.115306294874548 0.213960731068683
0.0490767892058318 0.0828646096511179 0.153459199062844 0.12908553336316 0.152802968300451 0.130190724346825 0.0565403784038659 0.0312502364406322 0.125376447183477 0.0893531140417952
0.201774181355796 0.0333834834231978 0.0869235483808579 0.176290716612287 0.0902582181863502 0.140724805354689 0.147649232701091 0.0620344382210814 0.035902411832445 0.0250589639322042
0.104880830409268 0.016827185722196 0.137347924263504 0.150356969989155 0.0495168909662393 0.134916441767846 0.115338972382047 0.0316493283827079 0.156977191089724 0.102188265027312
0.0449924844683798 0.170991804384482 0.180264017159254 0.0855191012045168 0.112195684764203 0.197180306578789 0.0379794793892219 0.0693906925124538 0.0270709319730486 0.0744154975656505
0.206137454398805 0.120772843622595 0.0216035798142107 0.0596784733746221 0.00265453795307491 0.213873146800513 0.234403618014577 0.0356516461308329 0.0775832775853749 0.0276414223053946
0.122166313446892 0.0406173032740218 0.0424015919503215 0.168604084820556 0.238657755012421 0.0428431155460349 0.169197981507203 0.00193903450211935 0.0258231960940504 0.14774962384638
0.0235426903617886 0.0822946156189993 0.138530724839406 0.125451240080524 0.148532289423926 0.113312382777883 0.150259630295718 0.0369668183070184 0.0574934510319191 0.123616157262817
0.182570796925781 0.065053261272872 0.0053160365010103 0.0216863215094533 0.132637004759815 0.0801230172652586 0.0631029032101808 0.161668377480779 0.131428726259529 0.156413554815321
0.217356594519867 0.164774279604299 0.175552594438526 0.0646825046301155 0.0311199864560096 0.00827080399432315 0.0561552868643623 0.037383147104833 0.226107172913601 0.0185976294740626
0.0260887721073524 0.00354818861090855 0.0253704197196483 0.12306889441176 0.176365019839475 0.0972501827133948 0.165065792404998 0.0767654507605653 0.176535605703435 0.129941673728462
0.110983592603986 0.0620129113775976 0.157358629661043 0.141219859511684 0.136813842482318 0.127078102655105 0.0876212995224599 0.0641598323432257 0.072598248384099 0.0401536814584823
0.0663626726801966 0.167394082496318 0.00941840972525315 0.0333343773971847 0.0865192242448461 0.187466662307834 0.122764240363699 0.161282424045902 0.146054883019696 0.0194030237190714
0.0111810432266089 0.24900139143034 0.0675279514085641 0.0423336161006074 0.0682988471195437 0.0506018231684736 0.00631951580954085 0.270118797184636 0.162527416136201 0.072089598415484
0.129518171405538 0.0459446110347543 0.0631549334269873 0.133156846475529 0.105517846852681 0.133451506752807 0.0847719225317728 0.135492734365473 0.128281554562843 0.0407098725916142
0.101334443498521 0.126228820184615 0.0141993759391426 0.0576507131237829 0.0282265689930412 0.0997448582744367 0.162910061562317 0.163867984593217 0.168083138750861 0.0777540350800657
0.0252745695248774 0.125821787357694 0.0272784922991688 0.165837192917205 0.209033956026924 0.188196539748582 0.0204587433789212 0.0383081505910722 0.00593877139585165 0.193851796759704
0.0687459978111396 0.0137635027797439 0.155148248176151 0.103458051645955 0.0742998843935732 0.139653409392667 0.0971720290133685 0.164559463446763 0.121290786468798 0.0619086268718413
0.123326186482919 0.0811535580134499 0.0876869312408182 0.117464371557151 0.0253800252661382 0.0376308869299449 0.094626436668158 0.185070000134034 0.166609190846452 0.0810524128609352
0.0554857636704519 0.103417125469604 0.0288209055623929 0.0876369216741383 0.104608193278766 0.136003544480529 0.0525484291391961 0.139980294949218 0.150835373262296 0.140663448513407
0.0265656708816986 0.134112102377205 0.126232666871346 0.241565132489552 0.107599833334748 0.0539861653397106 0.0241869540122203 0.0131933272663797 0.0548152162704623 0.217742931156678
0.0202894082236455 0.100965640995934 0.0793958788129541 0.184132667144731 0.146425597624403 0.00151068418472056 0.116125423612106 0.0719214427531101 0.133449234497272 0.145784022151124
0.178203924607058 0.0335097015548645 0.15079111550218 0.118911754124812 0.0495809235062039 0.108669185189529 0.0803892384749862 0.134706275408947 0.0482721639913171 0.0969657176401025
0.0983740925953755 0.119689970471728 0.0897908579065288 0.0718492786568674 0.181206722889962 0.07191338760184 0.175031074123954 0.0530447618725917 0.092837942976833 0.0462619109043196
0.040246581563658 0.188714191723356 0.0190753184041253 0.107904869580632 0.172377477537736 0.0461910312227475 0.189667639150605 0.104351736246684 0.0292977473675484 0.102173407202908
0.17098995450475 0.0307359710493434 0.0429757769539628 0.0970859425648381 0.00866666284170448 0.152846642881942 0.214252573880195 0.0579992013037523 0.01155316511536 0.212894108904152
0.0089435974241922 0.149084045393135 0.048653724787049 0.217092778303692 0.0807438979656404 0.0205849569134029 0.0575985305432396 0.107420093068025 0.15694698226237 0.152931393339253
0.0117859087768905 0.133372735564869 0.156038433948133 0.00676502239228094 0.184407656852399 0.148281385966962 0.123000557552828 0.0223773996274481 0.197147982772652 0.0168229165455375
0.119071931892091 0.0603237340429206 0.0741151992641433 0.0400987174746105 0.142465616713699 0.0624973299787892 0.126554328973406 0.122782666629814 0.138663964304491 0.113426510726036
0.113707081658358 0.0686377930904616 0.153370414916456 0.02631148481452 0.131425315837608 0.0984914783983842 0.0578885803737112 0.169764702881176 0.171182220406896 0.00922092762242986
0.139096486794232 0.119469163925016 0.164737097865439 0.0780169885241986 0.162381112606159 0.0203369696910642 0.0119929942772394 0.152985119259293 0.0886524751691453 0.0623315918882129
0.107693980968612 0.16638690888957 0.00331250060023566 0.201981056586374 0.00636854141125083 0.0201761502721312 0.115960671812859 0.135478187920855 0.0984262846769903 0.144215716861121
0.125349971730402 0.120355944255641 0.100328165626526 0.104084866469984 0.0274072108660542 0.137942461967195 0.119331842010952 0.0910190147290412 0.0237679827204847 0.15041253962372
0.14297783284757 0.181545539946096 0.125657698283382 0.145768062181574 0.128285455735474 0.071220274273069 0.17196319345952 0.00678935766460443 0.0235837677081503 0.00220881790056094
0.00642922441892033 0.0895903217071363 0.110643221667178 0.111127904450174 0.143252861030876 0.0553868927306589 0.063307649825185 0.154447467706592 0.105735527854381 0.160078928608899
0.152517075105038 0.125055420660412 0.158884480379236 0.038240863566009 0.135911546243768 0.0341723523555879 0.0221103706157123 0.124010481344591 0.123625293595787 0.085472116133858
0.044309274209007 0.0676755306226304 0.106366467111854 0.129528726609989 0.0523205198330826 0.135515937140475 0.0760173226446595 0.187168460633688 0.0666676173757713 0.134430143818843
0.0612400348773768 0.0341042908511709 0.168394225972431 0.129015525607781 0.0817851031791933 0.132630638106112 0.0754032369889846 0.123263282093914 0.129883780026018 0.0642798822970172
0.071739469142081 0.0972335863162287 0.0441153026824118 0.0532705019363177 0.161660558094342 0.117279503931482 0.111614883818893 0.119785673327178 0.17588409452456 0.0474164262265062
0.13436293703166 0.124399725953998 0.141086674538438 0.0462438159876315 0.0330273511386245 0.0721470121798501 0.14258263172065 0.0979243748593431 0.095703159575365 0.112522317014439
0.166915484160528 0.00439622323251373 0.00539795742476823 0.173888602033675 0.209515622754317 0.186943916213149 0.0102082301971865 0.0117867387186111 0.0316543115383862 0.199292913726864
0.175789946303087 0.0180977110260758 0.114548627891745 0.0970763789984024 0.148704498304909 0.135160516304015 0.0556522619952004 0.0257795467784678 0.132857023721903 0.0963334886761949
0.114780056078299 0.0463498761140171 0.109929326500469 0.112375443359233 0.102886129112755 0.0532184960801799 0.0614618100265099 0.186418778038117 0.164800243033104 0.0477798416573151
0.101355822268748 0.0686546594894534 0.0161982702468663 0.200384938315647 0.206764495461466 0.167023276432861 0.0501036900552969 0.00927503100535374 0.113632194644708 0.0666076220795987
0.0020437790537767 0.232085737822679 0.197602626882755 0.159240778329397 0.135157330565518 0.0076017386175141 0.135593873863267 0.037665398472507 0.0703481231586139 0.0226606132339736
0.116303051049016 0.095089071660482 0.100858391713462 0.156771079202361 0.0201582726934395 0.112202802225576 0.042781505673363 0.120411441220854 0.16145126682831 0.0739731177331367
0.140475336048174 0.0860268455055815 0.0632666471839439 0.040429130137673 0.15295751890762 0.146454777233522 0.142935286066315 0.0527976976865537 0.0118853210482971 0.162771440182319
0.130013555615116 0.0666414114638544 0.0267631282743077 0.0762063014702305 0.115640129509651 0.138221320566002 0.164685405046091 0.0785302466967735 0.100612961089806 0.10268554026817
0.0874008682287372 0.0885373266487343 0.0786204739257724 0.120757607723062 0.11122863473016 0.105633058451541 0.0866626105927597 0.0154753755527429 0.119279819894336 0.186404224252155
0.026162656174937 0.237789404959687 0.127663030062026 0.154001649110863 0.0452876060844777 0.152527197499923 0.0454769329235679 0.161517038260203 0.0386160733583399 0.010958411565974
0.00155443021614386 0.0540924851831168 0.13836076210653 0.0902873465609556 0.0657994772735173 0.0780387590148032 0.18272935605622 0.143291799872914 0.0706263786994794 0.17521920501632
0.23297100605996 0.0212421537335858 0.0181474912753635 0.123304064107688 0.0963690998055639 0.0313073455990893 0.0386220186332028 0.148802244635489 0.228866004808012 0.060368571342046
0.18637638648142 0.00133616605184469 0.0424843975904088 0.213980058873227 0.240166926008014 0.0406089967918822 0.0550908982225662 0.0474278997051383 0.112600604889155 0.0599276653863438
0.0394499828108373 0.0429974549604945 0.0647272200298972 0.141516667816782 0.191502356852846 0.0635524772646468 0.0909578259226629 0.153623647859635 0.0711319175647957 0.140540448917402
0.0208162611175015 0.144299209994605 0.0292097131535493 0.132574650706699 0.146923788397554 0.0943582482170651 0.0909205059951683 0.101167452076806 0.0907897762187578 0.148940394122294
0.0467094600910549 0.0600084128948796 0.135712122248859 0.148077500756509 0.123698095795887 0.140697563447007 0.0200133459613262 0.149992177854398 0.0241680946347967 0.150923226315284
0.0731400040355571 0.137546628766531 0.0281789408462248 0.0800905281467319 0.00141729993559614 0.174987326176194 0.0282766187340653 0.173110090653298 0.145892513532006 0.157360049173796
0.00881343651221575 0.0931617676559926 0.172979604929211 0.0846300418944011 0.0865463669131895 0.0908915764527736 0.164724925779804 0.0653811684570967 0.0943109465065515 0.138560164898764
0.151604079821583 0.0233227047039825 0.166777513857943 0.164865050808716 0.161337069410844 0.122210053229296 0.0145554112123134 0.16460700469975 0.0273634350256721 0.0033576772298992
0.148371659507858 0.00779379459478959 0.261410645830932 0.125150233636211 0.016251662562947 0.00801115342008663 0.00245317285353293 0.184268145384722 0.150201529740435 0.0960880024684857
0.032257873951258 0.0528128514289077 0.17706446992856 0.102067921419882 0.0356971710263584 0.0996271630755148 0.166911014058698 0.177025432639187 0.0907015528804053 0.0658345495912297
0.148995658439354 0.0139835556688693 0.20404852526783 0.110524544926894 0.0101002755566569 0.0617425225183081 0.123216765877006 0.144942808483426 0.0436589960773009 0.138786347184355
0.0290095773329729 0.0750551544972735 0.159846175601298 0.140377207779102 0.0608762919123843 0.0508276033857953 0.0925868431085372 0.161487653045418 0.0664184992405621 0.163514994096656
0.0538164028877215 0.00981572497594149 0.000658082979464403 0.120422405125711 0.157132909685717 0.10618599933967 0.167908020010714 0.0916485318027711 0.132370693388092 0.160041229804197
0.115645904405763 0.0920823255957042 0.14810298148084 0.0886736270359883 0.155508594660572 0.148579959805102 0.0911048388816411 0.0134248508896386 0.0253456524361748 0.121531264808576
0.100256924728174 0.0179531446963388 0.187318991730986 0.0689074496784715 0.0245677960424001 0.13454768392213 0.180789633147908 0.000868883696591495 0.145269525837315 0.139519966519685
0.0802743676214533 0.0288007626720642 0.0253041510054588 0.173247768423358 0.104849962747189 0.0958614327953697 0.147560491699927 0.0157486439545694 0.180751530599599 0.147600888481011
0.178129612553795 0.104684415158288 0.00894575928611223 0.0879376145578475 0.00682513554532613 0.176309856724155 0.135847990737063 0.0416961010100943 0.109613210338606 0.150010304088712
0.13762875717692 0.0416598358124337 0.218505865965471 0.121922247366848 0.0518174225577558 0.0675192712956573 0.112064359026894 0.0303804173743891 0.21561828665832 0.00288353676531066
0.140325716118307 0.100299737328693 0.117467473233681 0.11084568817312 0.0813716401895067 0.0811275957113736 0.0726446712110769 0.127881010288421 0.0917884411926223 0.0762480265531972
0.0207859137558515 0.0570020370735342 0.140663528049933 0.246973853386192 0.0511258696747622 0.0468141332752452 0.0369855416426443 0.198891302753676 0.00279818688325516 0.197959633504906
0.0466192169489548 0.0598477499370333 0.128645632338087 0.117847609701042 0.108036055039845 0.0723109635863401 0.137263230560562 0.0775878096505796 0.13025812849616 0.121583603741397
0.0109408343646965 0.0910114708955538 0.139400419801841 0.143464345843365 0.146296671998386 0.0280428027367427 0.113787714761247 0.129325470018085 0.0959016228778041 0.101828646702278
0.14046149748573 0.145366000196442 0.0888279670159001 0.0946388446167175 0.0105123501675871 0.115453134562417 0.0969052370208365 0.0514415163779294 0.124473190894886 0.131920261661554
0.0705601110209331 0.166439075463875 0.139151795579986 0.126751846481794 0.044324966342119 0.0753767411147874 0.00698852665171077 0.139898144382704 0.124944523900105 0.105564269061985
0.228662808067873 0.177445067998652 0.143957817980935 0.0697908760448167 0.0476432292526031 0.0716628505228459 0.0313691244738684 0.106624158765312 0.060891166647739 0.0619529002453546
0.172332927449825 0.0857797231001932 0.140732533460844 0.0631767911221101 0.0509654087225146 0.119963294612109 0.0186933059254692 0.132097750938565 0.154255801063913 0.0620024636044575
0.0867698878878806 0.13526761110669 0.0328779035683616 0.117155902390586 0.0791618680491865 0.139150421610649 0.0719694182496722 0.102728994105315 0.146417452659494 0.0885005403721645
0.178184135393108 0.0736692488159487 0.0867779221057733 0.0303736842126894 0.0341024008673132 0.15608183273018 0.0163436164091026 0.183320337428192 0.0740316040828117 0.167115217954882
0.190133885473509 0.100664788253308 0.134191919736502 0.00482994228850061 0.114769267383454 0.178657539373671 0.0549288897663404 0.168783576578878 0.00479639917632846 0.048243791969508
0.0592514118377038 0.0948984249368276 0.0674528354954679 0.17221552955316 0.0379074074358938 0.169067110336952 0.164310216824593 0.0985956611235136 0.0603005165944335 0.0760008858614545
0.0694214435462656 0.0510763137192363 0.094864643068458 0.0966542604068451 0.0634923275317307 0.109139944981659 0.209109553113321 0.0314601655522989 0.189832089861681 0.0849492582185048
0.0898115368377329 0.0630829177879808 0.00579846495899112 0.160237342475699 0.151143292375822 0.0543670261698904 0.0354551780063248 0.0909882028791 0.199054775042312 0.150061263466148
0.158053097499029 0.0639893760228847 0.167811135133225 0.094418282527746 0.161827811525377 0.119522089936729 0.0514244732446575 0.0171601442005352 0.161457349149653 0.00433624076016377
0.00334883683932748 0.0133232442966632 0.200662618478842 0.180928562340933 0.105357119769639 0.147087466135282 0.107067507271151 0.0919891785481315 0.0615052470335049 0.0887302192865252
0.0327155501401202 0.0462309471522942 0.157817943301521 0.132764735175375 0.163832229286021 0.163374004466043 0.0254215924416146 0.0590658359274116 0.0639555558719087 0.15482160623769
0.171144203786683 0.0467982522871853 0.0749204909116436 0.000489587930803489 0.0289897432143052 0.221326746200054 0.232509842426654 0.0461756778502023 0.00527508675013167 0.172370368642338
0.136177831100376 0.0648386743321878 0.139450199323499 0.0574958582859253 0.149793612406798 0.132527016357928 0.0561549604354419 0.119270943364989 0.0277181285576651 0.11657277583519
0.109701096137253 0.0076089291722944 0.0728750995011626 0.048833153850742 0.000518928492742795 0.0919201570481584 0.151410098206743 0.190685771131796 0.1507535620658 0.175693204393307
0.099685792759129 0.0840354649447193 0.100998646464379 0.18149906460985 0.0557054007104904 0.0477489440392977 0.0329559138599028 0.141938070050562 0.162594363370445 0.0928383391912238
0.165715575595884 0.0493324187827081 0.0438007858164088 0.0849088887139878 0.102365730736468 0.0748075329868777 0.154533476310381 0.123031445864793 0.126918966038422 0.0745851791540698
0.161240848624232 0.0176378902811049 0.0670963372433867 0.0454111150745676 0.0894377013725665 0.184700425793706 0.0173748688071954 0.108022439040391 0.157363388929082 0.151714984833767
0.0303036595698831 0.190160689544829 0.0697662884547356 0.123340325685185 0.160507362500305 0.0155376679353027 0.00160460784199519 0.205527966592015 0.140835211500964 0.0624162203747859
0.13624079858619 0.0968638666105699 0.098491470737936 0.164021342695855 0.0322311115377495 0.092266542640492 0.154626193175206 0.14126859398485 0.0389860168701716 0.0450040631609804
0.015023076335574 0.164023182252214 0.0979181897886573 0.0645778559527743 0.0762010425042493 0.116224726817179 0.146728391397363 0.154800590014838 0.0758206083424197 0.0886823365947312
0.112428044397674 0.054720317237531 0.218418533147794 0.000490627933805147 0.150019922578717 0.00727871585453241 0.200575340810176 0.0620091380240969 0.00511445478031492 0.188944905235359
0.0974357873143818 0.0732628994819166 0.188339864460828 0.129664470674082 0.108219664980814 0.109060485694212 0.0209015875432841 0.12651643986632 0.0124846910992914 0.13411410888487
0.05191211522754 0.11512646707588 0.039222487885202 0.0551559790398951 0.17122045674274 0.0227259612411807 0.185939039081552 0.160816638110536 0.103435152156229 0.0944457034392456
0.0959357153856616 0.045587173171193 0.0985103737699523 0.0984285056763256 0.0393738434292615 0.165031900397502 0.0743540851444511 0.151564279095676 0.166795956182382 0.0644181677475958
0.148616524071888 0.00978362893375223 0.115418393400165 0.0496877513559976 0.167270487459176 0.141225352107549 0.156981799930307 0.152283742413348 0.0259403831649564 0.0327919371628607
0.0922325962648041 0.0765413645375083 0.0934230872961794 0.11325982419124 0.14912682588235 0.0311153768891176 0.130023504212116 0.0879984645403407 0.104875898979892 0.121403057206451
0.0382254622629099 0.0145672598855722 0.0774065233327747 0.117114774635859 0.15490782432479 0.125943983558943 0.172762320232712 0.0417254955980511 0.158672323493593 0.0986740326747949
0.0972181203238047 0.078749303351949 0.195825041578353 0.0590076748274047 0.0881632200328866 0.0734091570217063 0.105851978834114 0.0640622591064136 0.122428923954725 0.115284320968643
0.0735540094772245 0.143336069538688 0.0653433045424698 0.0680033254750342 0.141797136517697 0.156615375707057 0.0448901440360054 0.0403861263977537 0.140209410758768 0.125865097549303
0.00506168154842986 0.142923073473166 0.215254069137244 0.0369209545964999 0.0468565251426925 0.116229011931654 0.0456750539957303 0.106400564168303 0.163626788651536 0.121052277354745
0.128091933170363 0.112403448709767 0.0666194707359229 0.117382332806774 0.139586930088935 0.0776303223882059 0.0630068774093027 0.173519740552643 0.101522142840751 0.0202368012973355
0.0401356464738206 0.0828215856919526 0.0602987360713268 0.198058039375326 0.101500387369374 0.0418007589993239 0.114839456809889 0.142535737982375 0.0714639874330882 0.146545663793523
0.132562127532465 0.000569295946570581 0.00853563837710199 0.0545093263470215 0.177707298864108 0.155757528692039 0.0626226991012145 0.177412228035988 0.0927992972611802 0.137524559842312
0.0168050608702193 0.0960280042151519 0.134400340374801 0.0726676794529887 0.114563925859445 0.151735447193837 0.114905148302328 0.0914853838586962 0.0675381327274957 0.139870877145038
0.128087164446732 0.120999424926728 0.169907459729206 0.109491273675864 0.13024870993288 0.0429389755087017 0.069587427757611 0.123637466634061 0.0962324150612933 0.0088696823269246
0.199433049238857 0.00592324452162161 0.0110905329555274 0.00179859646518515 0.146402343506524 0.123735347634344 0.176235066273616 0.00843192944953323 0.191497863147516 0.135452026807276
0.0208605657409922 0.118877198048022 0.0639471272508081 0.0521727808627263 0.0260978260940053 0.170379747159064 0.147419203620388 0.118794987266237 0.127572402642441 0.153878161315315
0.102958901600105 0.171986190906616 0.031514630257569 0.241320040991746 0.112530909469662 0.0479545324353106 0.130752251386609 0.0135248996004401 0.0669355783410126 0.0805220650109313
0.0523234963582929 0.169330750366766 0.0204492265531668 0.109682907448654 0.127222445569106 0.131583285993656 0.101069472558301 0.107240988944036 0.110670192035968 0.0704272341720527
0.0999885964505901 0.0635019039876198 0.159114811919132 0.081948814070401 0.18680568685382 0.164073493928453 0.0646560109352347 0.0701706918737536 0.0202464907838939 0.0894934991971015
0.109210549311954 0.121740656929031 0.102215728198862 0.0739079199021411 0.0556129418414178 0.0791925086930429 0.185507142773249 0.0196619771676447 0.105097736766467 0.147852838416191
0.124715592130711 0.0874035085430735 0.136915613454994 0.108294332922236 0.0246853478018916 0.116265572950865 0.0321108403851479 0.173550835915305 0.119370338609311 0.0766880172864655
0.049485072049284 0.158772551800403 0.052688949455114 0.120289418405009 0.139791594556111 0.113176148038749 0.130098863090866 0.132251631476748 0.0210289702472689 0.0824168008804457
0.163766909378111 0.024447796413375 0.169163741599242 0.162764075079439 0.0766090003421953 0.0550659004850903 0.164901542984044 0.0351712116758763 0.0881534605191012 0.0599563615235256
0.0188097749683546 0.0305921808510825 0.139869227085955 0.136901827624476 0.150157474601099 0.157188245388048 0.130224588868662 0.00491357616506194 0.110291263895559 0.121051840551701
0.145159624020687 0.151063399221859 0.17097036741234 0.0737418865236824 0.0937036167141618 0.0798986739122837 0.0449188471047514 0.0934925784288024 0.0965752158954418 0.0504757907659908
0.000840636756806894 0.141482137225504 0.0497131001777803 0.158340082474716 0.0684076310686467 0.0184012607584273 0.175903711972934 0.170984144519895 0.102311031556282 0.113616263489007
0.101214378547104 0.0726618193803685 0.0973169870704345 0.0460340730832395 0.173375417595483 0.0740288136248203 0.0373422148510879 0.068802348442537 0.175038238064034 0.15418570934089
0.0552909241940331 0.214089614672188 0.235510972765736 0.0238442981862158 0.0908064803047416 0.0566759523254951 0.0244057051760366 0.0527592047928324 0.198096576192282 0.0485202713904395
0.0478978176079438 0.137628924720793 0.109047747799332 0.131473506800248 0.136840747070942 0.0795537906668895 0.155864068057675 0.0638281851338694 0.107079388787273 0.0307858233550333
0.108011248881402 0.152814235515773 0.119489926999256 0.0694820587675895 0.0535274058976412 0.0444972635957206 0.128255440197759 0.0753353416511065 0.146653508895248 0.101933569598504
0.104533572016206 0.00793282174920479 0.0645923380127409 0.029634793082838 0.201372150384644 0.0127202512626149 0.0930512779361207 0.0407299331016448 0.345259116346399 0.100173746107587
0.0952931753881355 0.0295243289106898 0.0209499909815995 0.126731010078319 0.110326436245285 0.186646124442461 0.0611718597154235 0.206229913741204 0.0602662175812729 0.102860942915611
0.103720081046062 0.151668841293272 0.0690957444473629 0.117565922715797 0.11012743452064 0.0300866028154183 0.128769949686886 0.125442070398908 0.113011967967491 0.0505113851081618
0.170219382602312 0.0534589725961294 0.029648899785471 0.0540168645513167 0.166265957059803 0.177076524276389 0.00336541225501418 0.127430898287195 0.184054507951599 0.0344625806347719
0.156196793959055 0.0217795110592116 0.0517833367444722 0.177945221808628 0.0624787378601173 0.0757256789089818 0.0192683220349318 0.111745431852194 0.167824774810078 0.15525219096233
0.108382248911679 0.113568286361192 0.00116883202653751 0.0479433857615153 0.145471563233654 0.106225727686083 0.106507926510269 0.156857812239011 0.123207436367622 0.0906667809024373
0.111303165877231 0.133392902049026 0.0161670381822972 0.146588303988875 0.136090894064573 0.130818160370594 0.0457165631565281 0.164265954561895 0.103338530691234 0.0123184870577466
0.0330875844222806 0.147587604560168 0.027439684892799 0.174315048721023 0.0872413764851798 0.02988370577997 0.0238084810713584 0.183747149772896 0.101309007286214 0.19158035700811
0.0538690937295682 0.181595887445889 0.180818014092449 0.0230535972916968 0.0451388398385807 0.0632841320204982 0.12102601425204 0.0971148339562805 0.150023730227853 0.0840758571451452
0.194673843012232 0.128363945317623 0.0228968639546481 0.140159333475746 0.0214444504232382 0.0954852314602803 0.0904397577411834 0.0445887591355179 0.11869311019738 0.14325470528215
0.0604157746399042 0.0115243988866217 0.165383006213786 0.0499426458648937 0.13954952967114 0.12695056573416 0.147633750911104 0.113196283405323 0.183822955161264 0.00158108951180322
0.175010075059905 0.0645405488103836 0.136148307219738 0.0738448980599 0.105480538478318 0.0923119416750142 0.0299602879920717 0.090165816541165 0.177669694517794 0.0548678916457111
0.115827561511969 0.00916132409367451 0.143575920164751 0.172365576597363 0.111220755432389 0.052526432087153 0.0424945210521505 0.183376909575239 0.142855349269914 0.0265956502153974
0.158398394063551 0.0628152875469204 0.162478472819724 0.101587946316266 0.0883814281664517 0.141813450598449 0.0425925472851528 0.118455023446769 0.00712036360619668 0.116357086150518
0.0350668886338764 0.126469896150737 0.0843877107265708 0.122028280394219 0.122713277074067 0.164163980227075 0.0536378154780162 0.0888330439555581 0.0770748348704482 0.125624272489431
0.13376854225232 0.132214271932316 0.0800893917556091 0.0940273503536693 0.0308982280778126 0.135898011338283 0.0927178764442221 0.117263069625249 0.149954789069313 0.0331684691512053
0.141851604737241 0.103359705760361 0.109268206804922 0.162937658647472 0.0768212986652963 0.128708585447351 0.0311580802663498 0.120031767120683 0.0367665421552931 0.0890965503950302
0.136730862828571 0.157117008167782 0.118053450635517 0.144367024130118 0.0615808297362911 0.0266220063136006 0.00606855572019618 0.0137952039939207 0.205875262878255 0.129789795595749
0.175787513801017 0.179994218130647 0.19729997871738 0.00697903951275772 0.10305421480805 0.00662041490007226 0.0852625622331848 0.131836280910264 0.0740035930013816 0.0391621839852447
0.0870098381560177 0.145795208982673 0.103996545661628 0.003958314562472 0.181622417500474 0.0495359251578884 0.125797634187659 0.0325607446647097 0.138191627858355 0.131531743268122
0.0927762766888829 0.10131855962709 0.1336334456283 0.0345446491945741 0.103172728792393 0.0508253976861933 0.117413391985972 0.11726270455344 0.102140794994604 0.146912050848551
0.0300648739419046 0.178151213221575 0.0519076639775502 0.167541513898813 0.143162153510722 0.0941823484527974 0.171263346244139 0.0556546295007558 0.0342639720248576 0.0738082852268855
0.0830448487746579 0.173688107329072 0.108400238015408 0.171850309862278 0.0319647495858436 0.108818612299156 0.0925787430214626 0.143075791112136 0.071053592536911 0.0155250074630746
0.138602695849602 0.130882450195779 0.113871549511418 0.182550903335712 0.129563590447634 0.0690764028498398 0.0112305119097528 0.0699262147624347 0.136152622116021 0.0181430590218071
