0.0103072579738779 0.29005686628682 0.280341796668627 0.419294079070675
0.470981878106942 0.124900021494714 0.00121586787967305 0.402902232518671
0.54084072407856 0.10687415419475 0.290327965425302 0.0619571563013883
0.179292415593306 0.388535261568809 0.0452780666752744 0.386894256162611
0.307075549709423 0.352411706951317 0.0687346160046428 0.271778127334618
0.321423997766508 0.339471601629931 0.0577895131810077 0.281314887422553
0.236092477655528 0.147519912320443 0.246154136495969 0.370233473528059
0.263424989044389 0.266272841302109 0.445577980953449 0.0247241887000534
0.300270655235633 0.0767077331944824 0.198246825332622 0.424774786237262
0.0167204938747069 0.420634524577988 0.263417265358969 0.299227716188336
0.121071887367087 0.232015841227753 0.344814818426894 0.302097452978267
0.00859296159431776 0.461034787964899 0.387849761930947 0.142522488509836
0.0775440948883911 0.29470950599362 0.206535814452561 0.421210584665428
0.173048084878172 0.462989632731013 0.336307429218837 0.0276548531719772
0.445248299636189 0.24180376691302 0.118744025905877 0.194203907544914
0.436584852688331 0.372156308569274 0.0153185292580155 0.175940309484379
0.5220060851627 0.276373571649002 0.155995667472193 0.0456246757161047
0.0562617249421683 0.151339132105544 0.249089094614854 0.543310048337433
0.218105220924368 0.430154427761987 0.233973456361268 0.117766894952378
0.325958285384491 0.260667765984812 0.19195012292875 0.221423825701948
0.612404666795479 0.0798314527471212 0.171244351504703 0.136519528952697
0.239144837490081 0.323076559430898 0.358638544654537 0.0791400584244846
0.161393767330328 0.263131741326659 0.221868586333523 0.353605905009489
0.367667064202218 0.253064800375301 0.311571043805583 0.0676970916168978
0.165480283383071 0.25753027460624 0.217191945304083 0.359797496706606
0.312207539507707 0.384040996073938 0.116261894443925 0.18748956997443
0.284952338002522 0.284854051528352 0.40923060427601 0.0209630061931154
0.405823793885277 0.257546679475397 0.212252886093225 0.124376640546101
0.452686429749204 0.0265209544826845 0.316282681396021 0.204509934372091
0.197867513926657 0.0921190282252765 0.406380964524988 0.303632493323078
0.365364942338115 0.283381473880025 0.212036353047027 0.139217230734832
0.0378054681940252 0.427023252534061 0.0642605796972087 0.470910699574705
0.389463189409202 0.182916923769534 0.355223011154275 0.0723968756669891
0.222033476400857 0.173769014438687 0.351671159935015 0.25252634922544
0.333410653485902 0.299954724866257 0.315863967644271 0.0507706540035705
0.0459679620168526 0.230243042107645 0.34918195703916 0.374607038836343
0.1769392616231 0.402874732041049 0.317299451431386 0.102886554904464
0.270924359146403 0.342473371079822 0.119390294180349 0.267211975593425
0.286625208552202 0.277221664320748 0.300118344295271 0.136034782831779
0.363890327840494 0.0690793988432942 0.339628471005504 0.227401802310708
0.285872966764319 0.224744892635331 0.457982636148449 0.0313995044519014
0.2340500703169 0.370794427529207 0.0741763436854071 0.320979158468486
0.0914185083059571 0.280713403339086 0.382836879964597 0.245031208390359
0.0846277267028247 0.149339387324625 0.522829488641397 0.243203397331153
0.326593206286158 0.0584383504028187 0.446032445734269 0.168935997576755
0.256605605241992 0.311047019318764 0.0716730139648532 0.360674361474391
0.00421137789725418 0.141857033497841 0.447194202683707 0.406737385921198
0.210515668496982 0.314779920613176 0.203143917621859 0.271560493267983
0.178360547807183 0.212661346576169 0.290731645920944 0.318246459695704
0.339140049557819 0.14930001350518 0.335374691651852 0.176185245285149
0.180934857917013 0.216544116606256 0.340786710764635 0.261734314712095
0.338268318056696 0.0521955718517912 0.374591444736872 0.234944665354641
0.11781597552983 0.411947331493942 0.350967876032261 0.119268816943967
0.376419305874495 0.305917204151644 0.260431771010186 0.0572317189636755
0.374256330698776 0.38684927385343 0.0653781086781038 0.173516286769691
0.379951311214543 0.267467763866301 0.0874483886424785 0.265132536276678
0.0242686594894069 0.336141165099785 0.18286777158261 0.456722403828198
0.288752624754854 0.158876936688654 0.39836594683121 0.154004491725281
0.0793433031843058 0.470493659538624 0.123123241907413 0.327039795369658
0.0870645383925839 0.192014581888686 0.558341384856526 0.162579494862204
0.243518666487648 0.201119902621033 0.482876453444728 0.0724849774465914
0.182905667922489 0.337384352084479 0.0012671696233719 0.478442810369659
0.260100573611828 0.515256430162599 0.0610694614517644 0.163573534773809
0.325238898440291 0.371263735712594 0.0215641466720084 0.281933219175107
0.161812973594223 0.391047953497034 0.332450218965169 0.114688853943574
0.238652749943885 0.347465461832538 0.384615198222324 0.0292665900012527
0.333595537793359 0.187284803200199 0.192079302427983 0.287040356578458
0.239521105445051 0.599531310125157 0.0647906203368075 0.0961569640929849
0.29481276602142 0.434129939170888 0.085697485164628 0.185359809643063
0.29668674101184 0.101348936118008 0.178640206962775 0.423324115907377
0.114616117174941 0.411545747333058 0.117380707205703 0.356457428286297
0.353501811406594 0.252598964820479 0.272043297596918 0.121855926176009
0.390579569691151 0.296367997362936 0.30407521420664 0.00897721873927373
0.218994489908361 0.217826851939326 0.256241281654564 0.30693737649775
0.194932231786233 0.122760375541666 0.490472648530417 0.191834744141684
0.136134315909014 0.177688943653081 0.214438391083706 0.471738349354199
0.347434482039265 0.242033006916322 0.359837266058776 0.050695244985637
0.353869232900474 0.0636490811916006 0.193795521909785 0.388686163998141
0.356035682813369 0.356115475822909 0.264575674394045 0.023273166969677
0.270619784197391 0.236310040292753 0.0692874803663976 0.423782695143458
0.123174246934091 0.355795017235173 0.437023393456419 0.084007342374317
0.0653611756090845 0.223771597436638 0.334123793407829 0.376743433546449
0.362356968859662 0.212838405869412 0.107165480754145 0.317639144516781
0.0407554676824642 0.272543922559073 0.421863731882035 0.264836877876428
0.386957782768415 0.500270086215512 0.0491534246802791 0.0636187063357931
0.548396308878877 0.0263242024539235 0.334904302069246 0.0903751865979533
0.0114142146704268 0.302526078353066 0.3740513010594 0.312008405917108
0.701369341284668 0.00181484969171333 0.266638784348241 0.0301770246753782
0.346842549127666 0.0919142682947976 0.358632132214602 0.202611050362935
0.370060208176986 0.17520404314229 0.216857899391906 0.237877849288818
0.201176553306063 0.15245537413011 0.48859844077265 0.157769631791177
0.12868309514327 0.295205513488561 0.223510349091988 0.352601042276181
0.091307359257269 0.499009258848205 0.199683326683615 0.21000005521091
0.419526663793012 0.0685292518090958 0.320467961076437 0.191476123321456
0.297233410256858 0.317376296203581 0.360354788016339 0.0250355055232229
0.199397751622627 0.296889817411628 0.477628482935362 0.0260839480303826
0.244702017606214 0.0452854687856894 0.400248925437109 0.309763588170987
0.427522643178872 0.0722744356430132 0.0139984550728182 0.486204466105296
0.400780822451601 0.55459517690821 0.0223100136577838 0.0223139869824054
0.164100004298398 0.324334222625719 0.305020440183485 0.206545332892398
0.0602232876930418 0.349279682951279 0.24896780578845 0.34152922356723
0.258140570682603 0.343626838645316 0.0585707250718049 0.339661865600277
0.525453606505491 0.218400186807334 0.103246835750006 0.152899370937168
0.241913590886374 0.305370151932861 0.149896446709135 0.302819810471629
0.3838781457244 0.210295822587643 0.116259686037462 0.289566345650495
0.234151664143288 0.438976128162106 0.0740336680672768 0.25283853962733
0.135749924865754 0.282243885829324 0.0865661963607358 0.495439992944186
0.136885983659115 0.438943195182548 0.0550725087212954 0.369098312437042
0.22720871950504 0.230559041855031 0.283353511922372 0.258878726717558
0.204240472360214 0.226687429737707 0.178495866690167 0.390576231211912
0.795684617844451 0.145960288381579 0.0409589249164799 0.0173961688574905
0.357895280526795 0.204109766510708 0.283683744719756 0.15431120824274
0.362010335626813 0.0215136158495782 0.32664823672991 0.289827811793699
0.463080058642997 0.232224773710566 0.179281894713635 0.125413272932802
0.205688907224864 0.0854722911481141 0.499587149075897 0.209251652551125
0.130755395105302 0.254954674126357 0.167063581615016 0.447226349153325
0.239336309322929 0.186430772990972 0.257294492195857 0.316938425490243
0.0700886672071416 0.275402655791859 0.243763067415575 0.410745609585425
0.23920586573406 0.271144254236436 0.196233851263804 0.2934160287657
0.192195613547892 0.176138594901467 0.271165445468878 0.360500346081763
0.238693363969048 0.398669657043354 0.116339233911356 0.246297745076242
0.0998469265015061 0.48165504834841 0.404097644758987 0.0144003803910969
0.290201165596823 0.257737425324275 0.447159966018151 0.00490144306075086
0.282222414914973 0.201106645723925 0.36708620582664 0.149584733534463
0.291288724282287 0.106422305747753 0.30020386056069 0.302085109409269
0.168343464653858 0.252991668133396 0.282062721956065 0.296602145256681
0.223330282928085 0.304649614163985 0.260867434474828 0.211152668433102
0.15497861001213 0.313551167628276 0.213786026825663 0.317684195533931
0.0850730949506144 0.339714410644908 0.363444235604587 0.211768258799891
0.671038292938572 0.061147347534147 0.0741964486850714 0.19361791084221
0.0528722868692989 0.123848416949218 0.395668403635165 0.427610892546318
0.446082203156138 0.39836737564403 0.0327550051817488 0.122795416018083
0.195685083183013 0.188468005305682 0.483521888978762 0.132325022532543
0.115548895840214 0.0641190299703687 0.400394937974045 0.419937136215372
0.300309473371586 0.287164470400703 0.154526831302054 0.257999224925656
0.120994425768742 0.361439198526479 0.360707808884363 0.156858566820416
0.187003487338691 0.273441989167023 0.259131060587265 0.280423462907021
0.119045729873103 0.356975002425707 0.192482220896172 0.331497046805018
0.163572900859915 0.21175559898842 0.206445994877628 0.418225505274038
0.338673259728282 0.243284880703855 0.144991064501117 0.273050795066746
0.0307163943724268 0.0534378566383006 0.241959397718361 0.673886351270911
0.238697242411417 0.423394261790746 0.265344243735651 0.0725642520621864
0.0744545327230436 0.0347696648070519 0.707586469257049 0.183189333212856
0.0845454887024506 0.43622287345479 0.285537705658153 0.193693932184607
0.214409300495523 0.235043214832847 0.118561833311743 0.431985651359887
0.528914790567134 0.0138727762299063 0.19403719470333 0.26317523849963
0.0133503151488164 0.183635956167588 0.632335806434286 0.17067792224931
0.135827012674161 0.202910467511804 0.157430766392115 0.50383175342192
0.114718387512438 0.338446911310878 0.38412600121258 0.162708699964104
0.301931640045374 0.355010469766531 0.160708138335958 0.182349751852137
0.337031226015782 0.285736607949725 0.084519673869436 0.292712492165056
0.198596582447926 0.240935717854922 0.12937356689753 0.431094132799622
0.38161197604125 0.312289618391375 0.191556908998426 0.11454149656895
0.406674752949876 0.424142260011039 0.0181400715301972 0.151042915508888
0.0747648944211454 0.426311865336109 0.409384190339609 0.0895390499031365
0.174583650185949 0.415375156577304 0.196486597303717 0.213554595933031
0.282205195713553 0.219556563276695 0.326135117472534 0.172103123537218
0.110697723488535 0.301892784733839 0.43213506671573 0.155274425061896
0.475973098502657 0.0758388212220715 0.339069265325776 0.109118814949495
0.259515731054117 0.352672903988807 0.190526896162912 0.197284468794164
0.0081771655636605 0.200399309639811 0.66407602322002 0.127347501576508
0.123004798229158 0.139503207912971 0.377320379065307 0.360171614792563
0.277095332507661 0.133734459148241 0.27783503808392 0.311335170260178
0.366058375797915 0.277771537490329 0.104342169139222 0.251827917572534
0.482766422519529 0.0735551613506412 0.147801882445829 0.295876533684001
0.295993140333512 0.179377889452536 0.0309059178244147 0.493723052389538
0.258584773087151 0.346347333408172 0.383869937992153 0.0111979555125248
0.290714419541155 0.0493433368184095 0.232577399039587 0.427364844600849
0.650711903922265 0.133526936871169 0.0377030117184246 0.178058147488141
0.0150530376809884 0.708623150221453 0.23562769729167 0.040696114805889
0.184400277737189 0.392983121374844 0.0704378208696004 0.352178780018367
0.288387392004727 0.327361914969842 0.25617303744426 0.128077655581172
0.170784248802873 0.267554613497397 0.0652368733635903 0.496424264336139
0.0245990660704056 0.493565393785101 0.222805754756902 0.259029785387591
0.354591563084862 0.365209986896427 0.0743941364184475 0.205804313600264
0.36767102065197 0.166554784352932 0.449385287880654 0.0163889071144444
0.32993977758193 0.334471409478705 0.297883117568014 0.0377056953713513
0.0744408927896592 0.336394727939561 0.0382683415004453 0.550896037770334
0.334249028152733 0.218219674485159 0.0187222943779174 0.42880900298419
0.311082401668101 0.342433792329185 0.280668338109633 0.0658154678930806
0.145049528506419 0.132263640714891 0.34620603025056 0.37648080052813
0.218300018646674 0.257791529730238 0.450442545271745 0.0734659063513434
0.0545597265630243 0.412091307297104 0.305788655712249 0.227560310427623
0.326409407494332 0.248679237132806 0.227275153313636 0.197636202059226
0.277915813012622 0.0244725742539473 0.00352069040933305 0.694090922324098
0.235567583715898 0.304690377938 0.134755205394183 0.32498683295192
0.225317585413523 0.462102539647906 0.0983131376424301 0.214266737296141
0.133241056280969 0.244533427759718 0.299392158372798 0.322833357586516
0.250104248124223 0.373460363451368 0.061330743405821 0.315104645018588
0.498852434170065 0.175087432746442 0.0581076992562204 0.267952433827273
0.317046472973152 0.133054104993296 0.491249790254501 0.0586496317790511
0.388037335183061 0.031625671040487 0.232645130076027 0.347691863700425
0.0387395702916543 0.454202913902513 0.290856624004929 0.216200891800904
0.163459872615208 0.447664660220637 0.00717267780815186 0.381702789356003
0.286660363094485 0.284081115527529 0.231209818292447 0.198048703085538
0.019980086890508 0.264286097311533 0.600572670255618 0.11516114554234
0.307548005685299 0.0430446671295536 0.0118181984920669 0.637589128693081
0.277130737758298 0.208549970564653 0.104217485449197 0.410101806227851
0.297111769221661 0.19936624889719 0.311848784819682 0.191673197061467
0.0297612711227191 0.513969045838046 0.357909605733939 0.0983600773052957
0.296690573914296 0.190831772133783 0.245445701313653 0.267031952638268
0.449237395552856 0.186044336896197 0.0234335152273773 0.34128475232357
0.36034739105438 0.269878772439091 0.086323133183455 0.283450703323074
0.0151319522908813 0.356664869876202 0.347008389635393 0.281194788197523
0.428057517411009 0.12248223676312 0.285528673789007 0.163931572036864
0.30200853061231 0.0852661924712536 0.304159205870445 0.308566071045991
0.244454193810892 0.170566537534411 0.347151954685336 0.23782731396936
0.286835629089192 0.0950183561786778 0.427941047324913 0.190204967407218
0.529429368211081 0.159266710957445 0.243596780606359 0.0677071402251155
0.0592069330773 0.461190022272442 0.0211311325604647 0.458471912089793
0.60286737530587 0.124531849767204 0.182148937423229 0.0904518375036968
0.233724926296646 0.272425124905178 0.110268772857108 0.383581175941067
0.270307293212579 0.210011245208052 0.22879306771374 0.290888393865629
0.436709514094941 0.0498106380247675 0.359423058171975 0.154056789708316
0.196019007936914 0.391827641453074 0.023348087292027 0.388805263317985
0.21918440165797 0.040708668777685 0.431999156233076 0.308107773331268
0.0752111530753011 0.358036884408146 0.193404741469271 0.373347221047282
0.625566059800284 0.0509793033657488 0.230112581223948 0.093342055610019
0.1548379328556 0.279254703992009 0.392556745150751 0.17335061800164
0.562683268830615 0.126196448597318 0.0249600810932965 0.286160201478771
0.437787557680373 0.335415922299302 0.0988066802710726 0.127989839749252
0.353704903395453 0.250105144843945 0.111727659125968 0.284462292634633
0.397213080429458 0.148991312470773 0.164449259253551 0.289346347846218
0.339773815120739 0.270246303656653 0.275662558953884 0.114317322268724
0.309879408579954 0.205548862192127 0.144392375844574 0.340179353383345
0.0783923732981055 0.503194157858031 0.212831818917945 0.205581649925919
0.36592819604199 0.603099081640394 0.0204558813636574 0.0105168409539589
0.067119602153979 0.371641844027538 0.326684240775247 0.234554313043237
0.0869933714149263 0.418998703321884 0.0700168817379586 0.423991043525231
0.0343027801241133 0.525820589350247 0.270172174610298 0.169704455915341
0.344880803050798 0.0876450317654911 0.294303813347275 0.273170351836437
0.343920694225555 0.560311612863787 0.0685856279430191 0.0271820649676391
0.184528870764372 0.428774808946077 0.357337759791299 0.0293585604982519
0.232961521199306 0.133620434007838 0.297512742073217 0.335905302719638
0.269476597351135 0.274289309567109 0.16417510759918 0.292058985482576
0.463063046260281 0.326082399680927 0.0705534868503027 0.140301067208489
0.128202199305717 0.198352308266428 0.378918457200393 0.294527035227463
0.0322635371183688 0.036238554530878 0.295194925033607 0.636302983317146
0.18885074919282 0.0324213670655523 0.261596641838075 0.517131241903553
0.255879083229028 0.39829862295412 0.0774087903326756 0.268413503484177
0.332755175424611 0.0796138281339881 0.334634696732691 0.25299629970871
0.320707220105512 0.290877700942128 0.117518359240449 0.270896719711911
0.163340965833156 0.388558251380678 0.143374217992924 0.304726564793242
0.0249750674120926 0.486509251840368 0.370559489771718 0.117956190975822
0.271127184921991 0.297101175206957 0.200309046653589 0.231462593217463
0.339328176422983 0.363221633329041 0.047950152195862 0.249500038052114
0.306614297169296 0.223475292426234 0.189786466161958 0.280123944242512
0.0962398316803557 0.832562812041616 0.0699852969078107 0.00121205937021803
0.409205534031396 0.174588889139136 0.0561603080674276 0.360045268762041
0.298916489761865 0.198910433580413 0.0876382115353108 0.414534865122412
0.0443269439439274 0.450854998928318 0.405101295562614 0.0997167615651408
0.239978891585224 0.187694403190941 0.0695743627244758 0.502752342499359
0.274650499898215 0.0267317383413216 0.39120760442597 0.307410157334493
0.0854334711055321 0.341795506399687 0.356006416776448 0.216764605718333
0.346762511812472 0.0908545723645861 0.286179445367083 0.27620347045586
0.268762555516289 0.0952211791711055 0.302249087834626 0.33376717747798
0.209406510334776 0.309672555202292 0.150675137452887 0.330245797010045
0.22322540040569 0.274894324957423 0.269168383228087 0.2327118914088
0.270785447038333 0.0618242874564296 0.38555317315114 0.281837092354097
0.0243299733973771 0.0582295172411202 0.459764116237273 0.45767639312423
0.169011564006617 0.318108591774422 0.292846971705154 0.220032872513808
0.0553051604098432 0.365848402500012 0.0948852613260745 0.48396117576407
0.336164849175371 0.319929997964323 0.175326176929723 0.168578975930583
0.321020496396782 0.266913662955112 0.268672644540407 0.143393196107699
0.232478353737843 0.300429071901101 0.174233379629391 0.292859194731665
0.215375296753564 0.408527729578149 0.353173867259007 0.0229231064092797
0.105414943607181 0.398019172785957 0.24769155953745 0.248874324069412
0.0347741127924699 0.165549640588836 0.62178817168069 0.177888074938004
0.220964884192187 0.323211468976834 0.302893815466206 0.152929831364772
0.270164919399722 0.339918182605616 0.334736020685383 0.055180877309279
0.00232351042444952 0.290693544397591 0.328839049966012 0.378143895211947
0.139285648274402 0.425066235276129 0.253246537519478 0.182401578929991
0.238153161945352 0.402258962268335 0.11645437813758 0.243133497648733
0.101203480567338 0.402785548838395 0.250841407547967 0.245169563046299
0.456481043330627 0.167462552479989 0.186293021550807 0.189763382638578
0.0381229013434856 0.309538420188626 0.260242610207685 0.392096068260203
0.0154719678666836 0.134584511257488 0.601326418548327 0.248617102327501
0.151040386120999 0.570274920596408 0.265865902615605 0.0128187906669874
0.211077287436432 0.0406581938308203 0.308565093955574 0.439699424777174
0.182556569382204 0.142878328148609 0.476758736571467 0.197806365897719
0.158344056476959 0.395935342715528 0.208761470871991 0.236959129935522
0.074669404763514 0.117044676638926 0.438746942681614 0.369538975915946
0.269002737492427 0.0410677784213591 0.435988818959758 0.253940665126456
0.147330000905661 0.317938974506934 0.263512347316997 0.271218677270408
0.315160552277655 0.347494585334768 0.296495218960331 0.0408496434272463
0.284224839638918 0.395354498919111 0.202109297739686 0.118311363702286
0.203762695915235 0.119656068877008 0.37530379546901 0.301277439738747
0.527762292395398 0.0165397219803167 0.154096094338586 0.301601891285699
0.393807611258587 0.201584353568899 0.103429037775634 0.301178997396881
0.11422090719917 0.355959358686633 0.495360071045546 0.0344596630686514
0.48148736012724 0.079658646666411 0.198487215416881 0.240366777789468
0.205080895542934 0.255889176596551 0.207783908377598 0.331246019482917
0.000482648536011804 0.45963863931588 0.526973566589165 0.0129051455589432
0.425117319659819 0.452609893033583 0.0515634010073533 0.070709386299244
0.320047193542344 0.19585467848582 0.378494027543297 0.105604100428539
0.285010091534992 0.223133626715959 0.431241491235454 0.0606147905135952
0.0959916684832928 0.307684622265213 0.072096634005336 0.524227075246159
0.0562471537911766 0.279873791861718 0.352703052447311 0.311176001899794
0.174164973966228 0.152281635367064 0.437618307442417 0.235935083224291
0.339592925114272 0.361978912738574 0.0560761305191418 0.242352031628012
0.338417740309003 0.36765788227271 0.195392764649248 0.0985316127690384
0.023401320723012 0.169729285143823 0.468550732399295 0.338318661733871
0.258719309856408 0.0666752795518139 0.344141858745172 0.330463551846605
0.420323842614801 0.0419827621185271 0.374049430388225 0.163643964878447
0.430014410417022 0.198137659202849 0.334651873944224 0.0371960564359045
0.843128714198969 0.0855061480253368 0.0389873017362689 0.0323778360394251
0.0987714432787842 0.128712380344329 0.421349722670798 0.351166453706089
0.213869523075834 0.223148438668272 0.414808549769239 0.148173488486656
0.3083911881406 0.231472355490396 0.179063801608291 0.281072654760713
0.307273423088271 0.17600028281282 0.33464860968823 0.182077684410679
0.130661437704604 0.299009977548151 0.28084952735753 0.289479057389716
0.301024739025458 0.362726239284904 0.0688157014652128 0.267433320224425
0.344343418369371 0.0986950819094606 0.301691455107115 0.255270044614054
0.135197862290627 0.248568523013453 0.30510394603434 0.31112966866158
0.0577208522573899 0.333780301888833 0.34694539081793 0.261553455035847
0.365128094707161 0.0188093213283967 0.238650052854817 0.377412531109625
0.604395081443248 0.0483550041496332 0.0647645622223447 0.282485352184774
0.342369215811262 0.361707480110529 0.294587515094046 0.00133578898416287
0.21680720190903 0.340780371703098 0.036154730427818 0.406257695960054
0.294144776456073 0.219991779414974 0.2524022382818 0.233461205847153
0.0349224068540047 0.108321575819112 0.156039064475729 0.700716952851155
0.57724606491186 0.205711556113714 0.130945320352451 0.0860970586219746
0.42035392912113 0.269514286144256 0.0383500285251063 0.271781756209508
0.388160137872241 0.39449281063521 0.108821904275374 0.108525147217175
0.0864180237150161 0.220916418553988 0.371799039402988 0.320866518328008
0.352262047474933 0.16264891725031 0.0791242498568665 0.40596478541789
0.235338076451005 0.1179015896391 0.298779975542991 0.347980358366904
0.420317921226789 0.0832602814543124 0.0631889073739439 0.433232889944954
0.25973714031158 0.0953890821687829 0.287961534150707 0.356912243368931
0.231802772044664 0.410257013704936 0.0140815125224242 0.343858701727975
0.0953550299783986 0.324560288386112 0.286274212926199 0.293810468709291
0.363493816301919 0.243063165452256 0.0854682358642327 0.307974782381592
0.277448218665985 0.148441373255006 0.309765711881241 0.264344696197767
0.248781069853502 0.344346832795542 0.286696934548529 0.120175162802426
0.378265825883156 0.186590757098139 0.0203474946266809 0.414795922392024
0.369387454917575 0.228170070427052 0.303517605559697 0.0989248690956766
0.377425309655099 0.298392488131458 0.053573602379248 0.270608599834195
0.0385838703662604 0.304897868137771 0.159473488693351 0.497044772802617
0.143914806664449 0.216567010839347 0.269362399930031 0.370155782566173
0.197215974678887 0.470350643126983 0.100735028526498 0.231698353667632
0.378122993895286 0.340245359780396 0.149995130641454 0.131636515682864
0.193840024962281 0.193980861839943 0.217307343195524 0.394871770002252
0.245459975001246 0.346595776996877 0.0474276636706023 0.360516584331274
0.114379093858282 0.354313131007703 0.198212401688166 0.333095373445849
0.354382680811289 0.240707039495887 0.343067627483474 0.0618426522093496
0.303328449980596 0.160862860865726 0.149641252735173 0.386167436418505
0.218516323821087 0.420980777322761 0.305679012961897 0.0548238858942553
0.343505697701547 0.303609469227271 0.131881265053406 0.221003568017776
0.570574354774447 0.265070098676446 0.00868088300199668 0.15567466354711
0.0239303932867492 0.393882777136189 0.315554161310164 0.266632668266898
0.139901731647754 0.108472858798115 0.243741700792823 0.507883708761307
0.0168591403758613 0.410996235015965 0.0857140269791151 0.486430597629059
0.12982975193863 0.399720784551947 0.335135308212543 0.13531415529688
0.371466068544487 0.0291783136849776 0.24163892384975 0.357716693920785
0.211869594853062 0.386037134087658 0.358154806433336 0.0439384646259444
0.235075330779362 0.308568996246451 0.330463133913106 0.125892539061081
0.338812365164617 0.176045866840057 0.134966397848194 0.350175370147133
0.290128869796745 0.201974101908766 0.403825923938539 0.104071104355951
0.0819448290612503 0.625212882544129 0.190381447268455 0.102460841126166
0.39863090726951 0.388993712812318 0.0321360995370874 0.180239280381085
0.0921535248098997 0.548952189499279 0.0594584634100332 0.299435822280788
0.504607117667313 0.0925122163444445 0.141011954215194 0.261868711773049
0.345027250248105 0.300259948509456 0.106768358536874 0.247944442705565
0.0654008202031083 0.245515084223671 0.349147000606969 0.339937094966252
0.238567092830936 0.171501996204253 0.329983100022338 0.259947810942474
0.0767363822002763 0.320702041390508 0.327899435470209 0.274662140939007
0.572266740949488 0.172752396348395 0.228567832210158 0.0264130304919595
0.0992720763533476 0.406612729406247 0.378710437250771 0.115404756989635
0.307174173885166 0.331863107956917 0.069938563193703 0.291024154964214
0.392735244033746 0.21830413954779 0.17568723815204 0.213273378266424
0.308237124431072 0.265768006680384 0.19309411130041 0.232900757588134
0.179113428523326 0.0743438259217532 0.245000637692682 0.501542107862238
0.0881187135871832 0.276777841499836 0.403034904283388 0.232068540629593
0.226819108552122 0.170603895249706 0.360026568443877 0.242550427754296
0.0149317158073255 0.22203084398644 0.399180172038888 0.363857268167347
0.590881373240514 0.112704783811896 0.00823338524808282 0.288180457699508
0.260944704431497 0.29260843222525 0.272539037968975 0.173907825374278
0.0830751178249808 0.444394488961284 0.14353806978673 0.328992323427006
0.426557897842505 0.0732451168367047 0.079363389191698 0.420833596129092
0.277875662971879 0.367841256156148 0.0604867632270396 0.293796317644933
0.461202787114261 0.0293636156553478 0.443502978126956 0.065930619103435
0.253868322690223 0.305785368477117 0.316660748296215 0.123685560536445
0.324826596394501 0.345490456657665 0.290153593815616 0.0395293531322176
0.245738176502728 0.148013455702174 0.349747161229631 0.256501206565468
0.496260086671456 0.171024303703275 0.172684670596377 0.160030939028893
0.144891117157459 0.0448997655757047 0.379280890253696 0.430928227013141
0.0579560702418703 0.279236066364769 0.39805099621953 0.26475686717383
0.0808646756880206 0.457887004843602 0.0572607597565313 0.403987559711846
0.456401330482447 0.00801311723838271 0.0653938659347822 0.470191686344388
0.092932576520607 0.483345818195429 0.36974564974955 0.0539759555344142
0.0448644842437586 0.240822652183505 0.449881190687333 0.264431672885404
0.126513505998075 0.423223239115552 0.425486681439482 0.0247765734468909
0.410300534623813 0.11525323623538 0.144462535621148 0.329983693519658
0.502567711181247 0.0153542055548496 0.430722719562053 0.0513553637018504
0.210514856443602 0.453995668441725 0.280245855379312 0.0552436197353606
0.0675878502283493 0.236750060545088 0.36226222538574 0.333399863840823
0.305347865809918 0.0446644510606553 0.065449823778802 0.584537859350625
0.223931326705937 0.168468312507514 0.278946994037799 0.32865336674875
0.431967821231427 0.286121115003187 0.219629642079112 0.0622814216862735
0.31059929413184 0.118051580361798 0.366995172802748 0.204353952703614
0.289299663190155 0.260784620937319 0.0421681201421459 0.40774759573038
0.298639889328881 0.0131035769600778 0.326827144510754 0.361429389200287
0.406782231435824 0.345145545225684 0.219441672924872 0.0286305504136199
0.112159259526265 0.424128642214051 0.436193608109347 0.0275184901503363
0.267078066193346 0.197420410371493 0.34712309892213 0.188378424513031
0.183566867075611 0.0308789703395863 0.342073288633401 0.443480873951402
0.259190360620066 0.0651944403383873 0.182113879118528 0.493501319923019
0.690318852579772 0.133108350141745 0.0473862573091491 0.129186539969334
0.0789630857401004 0.104279577567627 0.657208862324682 0.15954847436759
0.448401197707259 0.126798775463027 0.13046621597101 0.294333810858704
0.0701804472328563 0.387056012380598 0.334769701135845 0.207993839250701
0.198677889038687 0.440408971114872 0.257544652628637 0.103368487217803
0.298901214997327 0.216382090240456 0.409717205978305 0.0749994887839124
0.0296566054655359 0.0211540682868485 0.399861393740756 0.549327932506859
0.140590758681184 0.601467632113165 0.172441724009703 0.0854998851959476
0.522714902580844 0.112501287944413 0.226509852332304 0.13827395714244
0.184035286928656 0.112255877779878 0.662444280912756 0.0412645543787098
0.0437415195126109 0.419010521639403 0.423547838722772 0.113700120125213
0.250472392037951 0.172604715739945 0.348576242292221 0.228346649929884
0.17060714693193 0.400532223393443 0.00292486795329708 0.425935761721329
0.384655079620814 0.383643929926194 0.091135973988557 0.140565016464435
0.408377498463331 0.503567192985101 0.0842014216924744 0.00385388685909303
0.370460198639298 0.171358903563762 0.407076321748011 0.0511045760489291
0.0854944269852251 0.408934753951222 0.313418915713722 0.192151903349831
0.283020739089774 0.286566726525613 0.281229230241132 0.149183304143481
0.285726339194126 0.233227789825588 0.232681263098008 0.248364607882277
0.188461830374681 0.520620588017872 0.0978401029747491 0.193077478632698
0.00519429076418172 0.304637972026391 0.438061351920251 0.252106385289177
0.0925313601378308 0.0128586968187551 0.471708757746992 0.422901185296422
0.350631427309664 0.274456020015425 0.19309180349598 0.181820749178931
0.229869848789687 0.204402635518799 0.294292283414753 0.271435232276761
0.201392217763271 0.23825870602774 0.267440708812372 0.292908367396616
0.0615101866075755 0.230278490309024 0.44614316460559 0.26206815847781
0.131996904837684 0.171313262108853 0.335495858292013 0.36119397476145
0.0187722867419605 0.43060016912393 0.41068906809775 0.139938476036359
0.147114436466481 0.316025677462809 0.176602572188995 0.360257313881715
0.0640320363691109 0.180074055109421 0.532271118482765 0.223622790038703
0.117975145415863 0.194788664885102 0.260394661593916 0.426841528105119
0.237703897526459 0.0697060497527656 0.444449283099036 0.248140769621739
0.238321421924986 0.468010242442451 0.140340518894552 0.153327816738012
0.332775019450531 0.304265931655553 0.0455558717492558 0.31740317714466
0.179915746102758 0.1911284180342 0.28612726426717 0.342828571595871
0.223416397095225 0.283022172777236 0.376806085963245 0.116755344164295
0.158198974965954 0.318752383870074 0.201666454876426 0.321382186287546
0.364250716893612 0.11718132092643 0.300803812136457 0.217764150043501
0.236856252532056 0.242167803788662 0.422925483696305 0.0980504599829767
0.098290327330988 0.0751633679682311 0.20339438820723 0.623151916493551
0.324146185709952 0.227881724597715 0.2594228954868 0.188549194205533
0.121127196274229 0.130714438017217 0.442899008281442 0.305259357427112
0.101170415762398 0.252404622088934 0.371391986727583 0.275032975421085
0.444402092472871 0.264752075264659 0.231626115407542 0.0592197168549288
0.250363925034148 0.144725155811662 0.200890021211108 0.404020897943082
0.0345818156668801 0.418143618532512 0.0237643347631223 0.523510231037486
0.32191218592658 0.178313242976195 0.346897910794491 0.152876660302733
0.0896279828013499 0.39802351320672 0.323062333602539 0.189286170389392
0.386251106030017 0.213651432089468 0.340368688459496 0.0597287734210185
0.317640164928613 0.276723121115311 0.334466527927274 0.0711701860288016
0.261889354940537 0.0032893119713107 0.36275576345723 0.372065569630922
0.260841649764838 0.240813657086551 0.240017117155733 0.258327575992878
0.391399529439336 0.300529269257013 0.272580663531692 0.035490537771959
0.468323239818739 0.181889710628468 0.0472155728178876 0.302571476734905
0.18026256839821 0.236317174613704 0.556355947841821 0.0270643091462651
0.655751686542549 0.0558041168377214 0.189419935636349 0.0990242609833799
0.314812180871177 0.336488242109369 0.110638091739399 0.238061485280055
0.200206758186343 0.259278886028213 0.272683279259138 0.267831076526306
0.173559919832659 0.27507869910845 0.123912598321121 0.42744878273777
0.365393846508829 0.131280398821828 0.250319715060395 0.253006039608948
0.43486425503786 0.158714439515391 0.281868332116193 0.124552973330556
0.253561581896539 0.37442414636393 0.363891014694446 0.00812325704508515
0.230719597208798 0.309948973404407 0.419269763530642 0.0400616658561541
0.36029211259095 0.409233734381188 0.0748055345585259 0.155668618469336
0.447248374564979 0.0590750064720525 0.325020608489802 0.168656010473167
0.24227795110613 0.0901750822575651 0.207064471677616 0.460482494958689
0.257906312784494 0.30721695674956 0.0351844006653333 0.399692329800613
0.264129135368565 0.0830797453794371 0.403247991665544 0.249543127586454
0.472687833585136 0.126988238976878 0.268676497864266 0.13164742957372
0.117899146603669 0.457100810649754 0.273291632918205 0.151708409828372
0.390847681259405 0.18528757776848 0.369045106008527 0.0548196349635879
0.747061984523476 0.00909247126762354 0.0202378220872907 0.223607722121609
0.0381336999606501 0.202398276292893 0.257363912777937 0.50210411096852
0.217051397941871 0.330292686003907 0.422652161327396 0.0300037547268261
0.334183336299859 0.464023450811416 0.00413896443292253 0.197654248455802
0.422909116974799 0.193799771512349 0.212190727294903 0.171100384217948
0.486616419122016 0.219250938671157 0.182922583020157 0.11121005918667
0.308380242438218 0.0239226649634517 0.053090040857991 0.614607051740339
0.338909020519026 0.236013343549762 0.396733095091556 0.0283445408396555
0.437202755198445 0.106406121374172 0.101489870659567 0.354901252767815
0.163442928392313 0.335326914319225 0.177022835907468 0.324207321380994
0.24192111794846 0.171161504452479 0.327800431229523 0.259116946369539
0.38624714190762 0.244288326777567 0.139665682318678 0.229798848996135
0.248176152509029 0.342821128353773 0.356439474143221 0.052563244993977
0.433976063030731 0.0175914166726236 0.0417466241055522 0.506685896191093
0.304362516274069 0.154666032555622 0.0236654855251169 0.517305965645193
0.0458255893005375 0.118471564648363 0.735458850404555 0.100243995646545
0.446914219263302 0.403285000488258 0.0799638365077471 0.0698369437406926
0.326356014009205 0.356190191115213 0.261390270088167 0.0560635247874152
0.00821568891050157 0.264966814125439 0.466162289021768 0.260655207942291
0.201009751569657 0.0626305727871627 0.499729474136482 0.236630201506699
0.242284153189753 0.382617478858041 0.140526551321992 0.234571816630215
0.0847333732926258 0.304172386220062 0.341786118361738 0.269308122125574
