0.00623413794063146 0.000391425203458537 0.19876473067138 0.165399641857641 0.22098667187656 0.177970424497045 0.00681579083389165 0.223437177119391
0.231250786726576 0.207898779671845 0.0584953095824002 0.126737629508141 0.116985035849936 0.250325173342935 0.0016286666196445 0.00667861869852217
0.24413657169608 0.0238504002727142 0.275730636483339 0.0526834197413543 0.246367414348757 0.00344896365651787 0.0865744301206265 0.0672081636806115
0.147196059034734 0.207105818945126 0.0670721954732499 0.0272627687805989 0.185108456644667 0.0195090426400427 0.208322353247455 0.138423305234128
0.293550293054667 0.0380253009420069 0.139455068521011 0.158001524472672 0.0756464460009911 0.0803286532865036 0.185036100474278 0.0299566132478697
0.179829963044541 0.192562728207378 0.18986514674955 0.188229255208258 0.0217921382750363 0.0347843199107916 0.0539987252863613 0.138937723318083
0.0358672180874959 0.0585203896533913 0.0923832091633548 0.192295102638378 0.182970137806644 0.204884413702754 0.124920137272544 0.108159391675438
0.0810009971105607 0.272844536580698 0.108318435405892 0.0615904767515978 0.101467634490358 0.15030648016284 0.210869754422035 0.0136016850760168
0.152205841851908 0.0292586801815983 0.0709847421858227 0.0076901131526121 0.0222986759533692 0.354771525944124 0.346719706060678 0.0160707146698884
0.195922071823671 0.0509019239991829 0.190669829044478 0.174910277716023 0.068976756138316 0.0273955453833925 0.236437211740768 0.0547863841541685
0.0255960585937154 0.125431354126711 0.214145744932837 0.208168857228433 0.142905333301953 0.0225146911917412 0.0947386407297888 0.166499319894821
0.0420571492488442 0.1135695908582 0.279819744227514 0.204443551922333 0.0428984679504954 0.0905939119371304 0.0161888238656519 0.210428759989831
0.176215639724281 0.120921808678013 0.15817731116971 0.19429747324941 0.109617978481145 0.190206174350458 0.0220917797786968 0.0284718345682867
0.159430126463393 0.144870503063826 0.129942205843466 0.0817937546657314 0.0362975633936484 0.0680570526352919 0.247083240723893 0.132525553210751
0.0781150962787841 0.000340956113291741 0.178616090047761 0.0955598748499103 0.0393833149003423 0.108567072257989 0.254777633741013 0.24463996181091
0.0947318312175982 0.0053716240125891 0.146665365315743 0.198369560805065 0.126670690671054 0.109456487952955 0.0643125202035163 0.254421919821481
0.18616680748615 0.19628347155286 0.0538529988100677 0.225202269281986 0.0832309368325433 0.162363816030121 0.000604730641851697 0.0922949693644219
0.03985136369037 0.0319306427054677 0.0685239567866538 0.143753878806635 0.104604808244941 0.190002946397915 0.197219207429191 0.224113195938827
0.0753555857419311 0.227437965111108 0.0452070159149673 0.13877152877967 0.131243033794022 0.147768204758555 0.224395526203807 0.00982113969593929
0.218250302406512 0.166001740407952 0.167539915255009 0.01556544328743 0.00478174241391073 0.190604919365256 0.0131056975824107 0.22415023928152
0.151444984543014 0.048842378452988 0.0198017561992935 0.149454724237048 0.114797158865345 0.212934826448736 0.131199332200726 0.171524839052849
0.134077059002459 0.1092060895085 0.111970330163819 0.151446694677097 0.124996993621961 0.114293640556825 0.104564809926467 0.149444382542872
0.158908535246162 0.140979680560131 0.13012186554709 0.183356001374772 0.149826367017176 0.0241974711235385 0.166911786826485 0.0456982923046455
0.184451014797619 0.0933682447118162 0.144465421219851 0.135030206346559 0.214497902887984 0.0792145565707686 0.076652960826305 0.0723196926390978
0.225419230883907 0.044990854869556 0.0802688050987827 0.142887076857143 0.0204539990220993 0.234593543303772 0.0352861236874797 0.216100366277261
0.021435354036859 0.133313957885724 0.245627763516111 0.0173073552780486 0.0761301468204524 0.151729369745871 0.160162518035121 0.194293534681812
0.105772013493403 0.0577439320541221 0.129862131257919 0.0950091332710418 0.162986218011955 0.198678834914842 0.156665375723368 0.0932823612733503
0.0500905248288822 0.0445802358884037 0.166504271255604 0.1229427539842 0.0722773358105766 0.139032775707724 0.187046598775455 0.217525503749154
0.228752500233274 0.0892682817778184 0.0828836580818085 0.0106519571083114 0.177533285712089 0.120344780122817 0.182072070366853 0.108493466597029
0.126952602491857 0.082664603505227 0.00414397969998488 0.105828899590354 0.0985274549451836 0.0340373084029455 0.2810251281482 0.266820023216248
0.192358403937027 0.058158806084314 0.1699199145734 0.120634480704744 0.100244006459954 0.193996230977982 0.0118416203630419 0.152846536899537
0.149446888147633 0.217488237179853 0.0506047257445303 0.0764514197876474 0.0597468539091772 0.223808051830608 0.0695965236357083 0.152857299764843
0.203694986708461 0.180175437947185 0.0250348781510929 0.107908862340838 0.155378321257288 0.0400876170087252 0.165895448069088 0.121824448517323
0.186709117591362 0.0702222781487881 0.170417798267879 0.138269723942319 0.217246369052976 0.192226025543272 0.00625783367440863 0.0186508537789958
0.0650498413626996 0.0964297562903776 0.111247681198805 0.180828101981166 0.177292204728747 0.0672674094156814 0.14109831197872 0.160786693043803
0.136442827703545 0.120980937686056 0.0697246586678526 0.118117786294617 0.175998642928641 0.0977819493818294 0.134189868895291 0.146763328442168
0.0158800508038589 0.00853358969592082 0.237133449246106 0.111317448110398 0.386856807481391 0.0111188516444453 0.103706947763618 0.125452855254262
0.0767033565106563 0.179211224625165 0.0490199228100373 0.19115050804416 0.156092802517393 0.191523466017726 0.146464976787416 0.00983374268744633
0.162347757897357 0.152534082640328 0.097922449489124 0.0714144161906009 0.155303671640397 0.0329767730849632 0.118925560244375 0.208575288812855
0.146268105240492 0.112781812745399 0.166369868575598 0.0866373212750058 0.182969357965838 0.137920074447634 0.00947402316456606 0.157579436585468
0.115365601756999 0.0066816426371012 0.193931744681885 0.198117975365744 0.0510647585913962 0.226834219389935 0.181598603781086 0.0264054537958529
0.140795242537739 0.057860285125448 0.277475627838018 0.0454597936150903 0.00291150014638652 0.148794372593508 0.0642145437981939 0.262488634345616
0.0456752323170258 0.120313252424789 0.103425052974243 0.132563813305558 0.186352100203648 0.212644618639107 0.155895929656186 0.043130000479444
0.0978916928464223 0.130257567994176 0.24491425975779 0.0375321086489483 0.0381950755286321 0.227163594558377 0.109404450596526 0.114641250069129
0.168546731957351 0.0812912965639378 0.0193244748920337 0.180935046512038 0.211623413663364 0.0358692204023097 0.105807795964417 0.196602020044549
0.167975099357694 0.157248729879107 0.0622245537072351 0.0779883499049655 0.106943214963936 0.17874592604914 0.19720034009543 0.0516737860424926
0.120079769410287 0.182822418056552 0.16887431513275 0.126760245120188 0.0449258111067685 0.0643080209460448 0.187856505638536 0.104372914588874
0.159418158064373 0.112148950550393 0.2183494577423 0.125568495326108 0.0562888778450863 0.0783437599382491 0.0577930424419859 0.192089258091505
0.115740983247621 0.127344570827571 0.131612123056966 0.09991327062803 0.175392384284068 0.171805504313997 0.0802591783993941 0.0979319852423534
0.0514541375565304 0.139471649213224 0.364885352247849 0.032690061616502 0.201764817297605 0.0739134058536966 0.0438062546959982 0.0920143215185941
0.140532899581567 0.196517662489795 0.106873018106088 0.0436007024076479 0.0774245693223132 0.185554187122357 0.163602177931555 0.0858947830386764
0.123575675905318 0.283279875063086 0.080297611730606 0.0106145426576082 0.181881823499844 0.204006952832161 0.100484938932588 0.0158585793787884
0.119203546596506 0.176079817283621 0.165910694952931 0.0580338433142284 0.186230978525888 0.108530750622052 0.158455991529669 0.0275543771751047
0.147983728458047 0.128861204964633 0.155672692403984 0.101284217796872 0.0633646357559722 0.182560694317329 0.143482693937355 0.0767901323658073
0.0432905988943081 0.056443275183464 0.0560441143586698 0.142037472516125 0.193810934143021 0.208171318884118 0.195247876264058 0.104954409756236
0.0384545932089704 0.190759057331178 0.058883564616376 0.00728983281313516 0.0942140697408812 0.227264787158669 0.0354960873814371 0.347638007749353
0.0399065329412107 0.04465618704076 0.189089585035291 0.0805807438557217 0.179324949594285 0.179704183455132 0.216002449331469 0.070735368746131
0.211221554359192 0.10380918570542 0.0919093740646814 0.0802273347829435 0.0684784778932509 0.150087976241645 0.100921421747469 0.193344675205398
0.18964528817233 0.14492814094699 0.113355056786559 0.21371305352236 0.0373066840787775 0.0475707905059649 0.129231599115537 0.124249386871481
0.196303180453592 0.0514789885701061 0.0899024422888745 0.125514170048073 0.186283410094549 0.0222626922887444 0.158542369291483 0.169712746964578
0.236655249324965 0.109664648717003 0.232738917777351 0.083931308638323 0.149225834760227 0.0439768357294723 0.0175669798352273 0.126240225217431
0.106626657912749 0.047016918852472 0.192817811308079 0.0300530064654158 0.200191899658 0.141939585434926 0.101765482791678 0.17958863757668
0.099875906314362 0.270541499148224 0.35376828997087 0.0337968737794409 0.0469248115576865 0.0135442764927476 0.113789557923127 0.0677587848135414
0.0294241468252828 0.0241600098108374 0.0653029693235522 0.235733176740332 0.0827850504722537 0.170632628025478 0.201300470267161 0.190661548535103
0.190746599654606 0.0372407442872373 0.0395259167775176 0.142320329095217 0.17371060149473 0.0341521935945137 0.189208193627445 0.193095421468733
0.205068370686836 0.017084987288992 0.0828634664516594 0.0435483832729732 0.13423428412072 0.118348510407088 0.154891054679235 0.243960943092496
0.199943282000669 0.0452091720023341 0.169698660552509 0.101337017187236 0.160377543491025 0.199097661530628 0.0233105500782416 0.101026113157358
0.181461092058897 0.177247829280622 0.107954779340218 0.202167145843215 0.153082931579364 0.00342314744532826 0.116442935549433 0.0582201389029232
0.0171058524556111 0.0782776968738746 0.225522727412116 0.14467234295457 0.221332641412891 0.0839166375378312 0.0540928967100064 0.175079204643099
0.132017710300153 0.237855198599526 0.137183073475614 0.0663792570180328 0.0424681698998393 0.231915507872988 0.017262012553476 0.13491907028037
0.0251904436902004 0.238799039172979 0.198802579802634 0.147723504713526 0.0270328063222167 0.00907804486462502 0.190462526148444 0.162911055285375
0.107239531902101 0.0913524859128615 0.0264444478946377 0.179121340159017 0.113900666126422 0.000460243385965913 0.193481102925369 0.288000181693627
0.0605937603619772 0.277112543201822 0.164421048829324 0.03812483993344 0.0294381095695162 0.181359119491426 0.181844746165216 0.0671058324472781
0.148534006432151 0.0239861971649888 0.213461315615147 0.0063123431533688 0.100281124552908 0.001124128153464 0.271837273237485 0.234463611690487
0.140391646435429 0.165062530008582 0.0596625105460434 0.14542037042244 0.142441021488731 0.110619903487577 0.0477133151486578 0.188688702462539
0.185809829544344 0.0738812626713191 0.110900283241746 0.0504434610323476 0.0675377216102295 0.225248181267776 0.209334188575175 0.0768450720570627
0.16558059710678 0.169931335360885 0.062725719295792 0.164080380001832 0.116896335313468 0.149590950652908 0.0973485791296925 0.0738461031386432
0.0975126077727026 0.114832044863127 0.260800332907526 0.115304479394408 0.0947752422664823 0.0678499403920711 0.0239662753331579 0.224959077070525
0.109560538434087 0.176572606739765 0.0813940604033871 0.141457754169969 0.122166813779419 0.135720623000449 0.171319826309269 0.0618077771636547
0.00494453960932895 0.299150672232691 0.298822943342897 0.112229011934605 0.0956826401917277 0.109551098379033 0.00583168117149866 0.0737874131382192
0.213876157790097 0.163548152446351 0.0643746098919587 0.151151273288706 0.067993795839731 0.0643877895469653 0.179239242059428 0.095428979136764
0.175642243843881 0.167568255460235 0.289678637142398 0.012153434740505 0.0140735898925315 0.084328258798721 0.0369679691951675 0.219587610926561
0.200804569754202 0.117826328363377 0.220365838403968 0.0843383227665626 0.196164389996538 0.081061855831 0.0272462750723451 0.0721924198120074
0.286384811638059 0.210921471749844 0.0106413790292347 0.0668985815243211 0.0771271311002231 0.057968658818861 0.150277682081092 0.139780284058364
0.0829974686254167 0.194252038346133 0.0970156735356847 0.176119840051714 0.076000817485405 0.230082299168694 0.121600972234841 0.0219308905521122
0.0968533403199424 0.0616275252668265 0.139189662143159 0.0812935933062414 0.221210285551803 0.0344199631275433 0.140186570818677 0.225219059465808
0.140324497163257 0.0360965371619254 0.238892984026919 0.0673428161818648 0.158626901657232 0.0695576986120341 0.15488525011641 0.134273315080357
0.214361003463601 0.0304849113688025 0.154329651998407 0.15470512742869 0.00886874019005309 0.13226715911852 0.0281522831159856 0.276831123315941
0.0946986368412876 0.0175618225852661 0.0823871328846607 0.0238316413873153 0.0972627602872299 0.226562950653839 0.200120915638734 0.257574139721667
0.187848737548361 0.0701376158916583 0.0974566452692021 0.0769623837480807 0.181761018175428 0.0556054723239199 0.246186786264513 0.0840413407788365
0.0428857560531215 0.038546931467095 0.220509046097045 0.0127729428466144 0.205186743093682 0.152030851763247 0.240015906249315 0.0880518224298795
0.00276013702003209 0.0839009526468971 0.252233002393863 0.283170720295333 0.0184686402001796 0.13984369736354 0.0625834132744456 0.15703943680571
0.164228115914662 0.0594099468158552 0.0352845448115174 0.14248281486354 0.147346599328084 0.179239291717081 0.117746051310044 0.154262635239216
0.0530478630861957 0.115981902386243 0.091300264732504 0.121569457873202 0.110733179097299 0.183499305208299 0.0681941063881251 0.255673921228133
0.151892609094201 0.206871875978679 0.0920494729222956 0.0984710503888789 0.122315130870536 0.185995401404824 0.0197841837777737 0.122620275562812
0.105003284086078 0.0570547022250735 0.116069815320694 0.03477443270352 0.105160536975286 0.0929636202625668 0.194106519722259 0.294867088704522
0.0654114238906455 0.216371787786038 0.0710694244840336 0.0746559039835333 0.0591422183640111 0.274893825898479 0.0871395443488111 0.151315871244447
0.0116982211934496 0.182549209485961 0.0774835238701009 0.0105710086276505 0.126580945911657 0.168820276655482 0.0904317252880033 0.331865088967696
0.205059189921362 0.136228395240535 0.0979966176378403 0.0357761500856512 0.103342278904103 0.0169652787074185 0.208024163257249 0.196607926245841
0.193317996859361 0.125800930783859 0.274989891144724 0.116174268592765 0.114030439942504 0.0612618219385066 0.0946526262881165 0.0197720244501641
0.104661674745397 0.0397680857143575 0.178688940227931 0.0663977776134354 0.160592017043874 0.169934741841714 0.170122928922147 0.109833833891145
0.0833470891983532 0.203360552206145 0.0681407179364112 0.14857799846216 0.221915886729829 0.147825739267055 0.0690048196001118 0.0578271965999346
0.060148041425409 0.145107884422759 0.202467660510334 0.0176217086961574 0.156041358312554 0.202256137459262 0.0736821898543913 0.142675019319134
0.0979287984557127 0.13352144227034 0.0968689380084688 0.190780644824198 0.160013875543213 0.106421390535601 0.0446319346265182 0.169832975735948
0.146844434222606 0.0512332676874547 0.111156401049088 0.359960256636944 5.21254422662021e-05 0.0187319486058373 0.122534306569374 0.18948725978643
0.161840135058521 0.0707587749843971 0.166574586048412 0.186419947363598 0.143256378562311 0.103256830546602 0.107619546564706 0.0602738008714527
0.116857605832416 0.132488527164154 0.115417727233578 0.114257707359717 0.0971908210125126 0.211027004163129 0.0356833956958366 0.177077211538657
0.0741842396510961 0.243029210437642 0.0390988296394617 0.143858145638149 0.149315376427801 0.025953056007588 0.210420677004461 0.1141404651938
0.0406494557864072 0.259279358479557 0.238242251612271 0.202545597280641 0.00913202824288594 0.116685229035571 0.072470567025746 0.0609955125369209
0.0190377698389739 0.186544341904688 0.0984642045805764 0.0574939566798235 0.166012523343074 0.142959841458694 0.17717956964317 0.152307792551001
0.18612765063756 0.00365410777269742 0.186316818383343 0.140389426827063 0.0435992244069448 0.00428773418974392 0.236394065923214 0.199230971859435
0.193504471382606 0.128016693177243 0.159843896538473 0.00407160540582967 0.196863212173526 0.134182016423809 0.00764824084655768 0.175869864051956
0.151884341733179 0.0879323872928737 0.17945317223246 0.023774847610264 0.13504989155919 0.115951484439834 0.205747264466634 0.100206610665566
0.125779882342688 0.205431715424282 0.0860218076025638 0.102777593902461 0.299842426681744 0.000253462084473677 0.0719437378166669 0.107949374145121
0.177829980591204 0.120557050576892 0.167945296636883 0.0304748391037213 0.172234296153208 0.116386077018072 0.0386398455874187 0.175932614332602
0.129023516903803 0.0513450278199272 0.00540791592969935 0.0593163220638685 0.050360032133361 0.252571420909828 0.20849751125948 0.243478252980033
0.145604385950902 0.0304413436428093 0.122956244610063 0.169016852405469 0.0854650712121374 0.067114157144212 0.189880341831229 0.189521603203178
0.00544841887704683 0.084411746116563 0.092141793751449 0.0318401063451542 0.266859613751162 0.247651372882577 0.0521433512495207 0.219503597026527
0.0536502653832992 0.0315121067576715 0.156226022004465 0.194750176030294 0.00161390228887635 0.208575731487316 0.161587091167777 0.192084704880301
0.0586271342661796 0.0147809941333625 0.125203724405486 0.169317820322364 0.162637708146037 0.172545246551028 0.10152611852122 0.195361253654323
0.130007127835825 0.107087361036929 0.132287135643596 0.0660665601373302 0.0882827522689555 0.0896816054213108 0.161119160397604 0.225468297258448
0.0979257201504424 0.14203687355992 0.0524990578004325 0.205708484997873 0.0339352672331022 0.209171364350091 0.207463962374957 0.0512592695331803
0.174615368742277 0.0838762917380984 0.00859289908557356 0.151945622214437 0.135237827232172 0.0584270132350158 0.189489026879665 0.19781595087276
0.0388992763690238 0.00146712087678498 0.103268049265651 0.188014194498155 0.219748588843375 0.198164605704711 0.199142938205038 0.0512952262372616
0.142752824823384 0.125564197771177 0.201543451125868 0.121124081544092 0.0741793101335805 0.173632849598903 0.145980351984628 0.0152229330183662
0.125593118163335 0.136282844254188 0.0399235007905094 0.132615924783235 0.0339560197989326 0.250971259606403 0.262679542256233 0.017977790347163
0.110183694846599 0.15405477180047 0.0812262281342824 0.0218175217696374 0.164785036347006 0.158001542403064 0.129310782461156 0.180620422237786
0.176312552751231 0.0567010757426333 0.122152253455734 0.163960184540191 0.0716572178728032 0.110463628647402 0.120571034972269 0.178182052017736
0.16970341121307 0.0174690614318189 0.156241794783793 0.0346756623528119 0.0101703385929332 0.245858418853797 0.29981875861773 0.0660625541540465
0.0616554835312145 0.26629267537528 0.264418904996533 0.107610616629542 0.00199645728356475 0.197907482447635 0.00710875363382921 0.0930096261024013
0.0707253700774411 0.0973839913918751 0.10648196880882 0.119189511837213 0.0651305069659612 0.242379319668571 0.215598876407418 0.0831104548427006
0.0403486697424338 0.414190490874578 0.0657076787016431 0.0283789314350254 0.221306440616615 0.0558687595670981 0.150421865041164 0.0237771640214423
0.0479553356408405 0.144894371557065 0.00268901601989635 0.0104465751580527 0.176981057907697 0.228922232276367 0.192628241649448 0.195483169790634
0.115441516339152 0.0537261983371803 0.180307791629245 0.220210051180152 0.139189888496636 0.104788527328347 0.0885979207332123 0.0977381059560749
0.223365576136798 0.211488181369814 0.0803619842602157 0.100524358173504 0.122466665139931 0.0417424033124731 0.145261667329153 0.0747891642781113
0.169789706420311 0.221670584050419 0.0967716182236072 0.00354283548556564 0.0258869966234116 0.113025338120105 0.130162359231831 0.23915056184475
0.0367426951299806 0.0240085647901334 0.124936141522853 0.184683151131768 0.108990497101661 0.197850223716094 0.0563411333917603 0.26644759321575
0.126469273612845 0.16829224541186 0.0715176248349852 0.203478324390742 0.205743181922742 6.20937561796185e-05 0.0221962900899906 0.202240965980655
0.0288730211166875 0.0129564397551194 0.0482154044180721 0.216410551128833 0.208889561358322 0.0920150389350973 0.1932815849796 0.199358398308268
0.115227253778362 0.180005851750101 0.127863756305675 0.16405000076361 0.0871043628462773 0.100883926836911 0.0854006640641229 0.139464183654941
0.191141038164905 0.00147270361671541 0.00890283916562687 0.120013099041395 0.101006855375093 0.274870664295968 0.0505545401582905 0.252038260182006
0.189823161523763 0.149045999171039 0.174638885975568 0.0834913512421064 0.0276463358662929 0.0916998134563391 0.140057468547684 0.143596984217208
0.0964962992030533 0.0377002607685428 0.190394850660638 0.00588469794052226 0.18801920975965 0.200777018498453 0.159266196588404 0.121461466580737
0.0592544846903936 0.189211620866102 0.122238172240588 0.151411158281985 0.206266794520765 0.0256631617822919 0.141163109971231 0.104791497646644
0.028983811238223 0.115469892040321 0.153715800441738 0.120460727133862 0.146124412645196 0.123994826737975 0.134083564021407 0.177166965741279
0.0564821839204089 0.123655164096624 0.180043792791298 0.117784890982832 0.0884926952907299 0.1773412396584 0.0756976546426645 0.180502378617043
0.183829534571617 0.182523634518573 0.0166541849036972 0.0557143778682826 0.257911575105607 0.0356630919344083 0.0429818109093718 0.224721790188443
0.11589673428458 0.267906487540407 0.0619669971817542 0.186247721822174 0.139740093175672 0.0626617585060104 0.127644006262652 0.0379362012267497
0.0510438887573794 0.0652556099469081 0.285710914242276 0.157933790130387 0.0504659789404909 0.0666989093346151 0.125582905996636 0.197308002651307
0.0553448584308758 0.115508430031485 0.120739512770007 0.112150135904773 0.192330123762233 0.172220786789142 0.157252303602623 0.074453848708861
0.0363965182479494 0.0918481170892169 0.199661892514613 0.021379883155351 0.215006693931327 0.231282529814152 0.140719284276545 0.0637050809708459
0.198274955894709 0.0881515795193542 0.0337343055759901 0.138781897104622 0.0115068951978801 0.215074235927341 0.156955305540524 0.157520825239579
0.146018843107549 0.0571883051162081 0.133472730776428 0.132157545595435 0.176564629704701 0.138399775375646 0.0765125279660744 0.139685642357959
0.107512720041092 0.209603759506057 0.0498315603872674 0.194278160685868 0.235489203316653 0.0560291424461801 0.0372364819907939 0.110018971626089
0.0754052432682588 0.12623031705244 0.079883638586871 0.207456427852698 0.144903448821547 0.19275384087786 0.0584563849994645 0.11491069854086
0.144407775948048 0.116766837749966 0.0469447528636774 0.216075794166914 0.161709512962952 0.0571517905747996 0.0663130116678703 0.190630524065773
0.135537292765017 0.168782622278389 0.193346075878981 0.0920338868673158 0.180864859200775 0.0346091481450266 0.0825202046774709 0.112305910187025
0.00031210094098335 0.109450653455669 0.18772849964348 0.0709394628712035 0.221690937673385 0.169623644960655 0.0266371483792249 0.213617552075399
0.110325048867926 0.000285766524865692 0.251934950205246 0.228226565810726 0.0592771108524607 0.046341453694039 0.214215056998225 0.0893940470465117
0.0914505493485072 0.000381447011422157 0.13399597853764 0.234301715584726 0.0264428913505592 0.154764565343271 0.246380207754805 0.112282645069069
0.167846342918679 0.157553876681986 0.0171181002341775 0.16007008978714 0.126280026635693 0.0523367113673997 0.205396924324251 0.113397928050674
0.210632369530912 0.104881085751383 0.0474666900789817 0.249248008404459 0.0567503200007479 0.196103944341143 0.0848748169318933 0.0500427649604796
0.161864192131761 0.20011380533739 0.0894709169333447 0.0089327890064176 0.0519044324198038 0.236386205273572 0.175606890933109 0.0757207679646014
0.0793121018207514 0.224225324231832 0.0346403217271705 0.15079396684105 0.182048261011092 0.101909116073263 0.136742748662392 0.0903281596324488
0.254556675075661 0.235470344852743 0.218050049425543 0.0318778150824356 0.0700354041467826 0.0668087009050666 0.0915453328463307 0.0316556776654374
0.128167031467931 0.082503705878715 0.0351111502884308 0.0906911511468498 0.0608865606411552 0.306916865608561 0.277458581564604 0.0182649534037537
0.00308449423837956 0.239797038079706 0.126943728127271 0.108819843073423 0.11076348513348 0.167851983679866 0.216776409892969 0.0259630177749045
0.0320634052622413 0.176313882755135 0.157605160187609 0.125774463449449 0.0913882292678873 0.0266425065079558 0.193911330024598 0.196301022545125
0.174825383039581 0.150356164156853 0.125309318586977 0.0750155877951558 0.10560802582953 0.0518213304051871 0.113072517677297 0.20399167250942
0.134382584637959 0.27276338064771 0.0363671846887629 0.113367730281301 0.146063598631856 0.0687492494123744 0.0194460880442415 0.208860183655796
0.206229072405115 0.0106224999238901 0.196949986542846 0.137181586992588 0.140484244407663 0.10021518388694 0.0714104612289279 0.136906964612031
0.148056434128991 0.211382561460269 0.124386916257801 0.0614831288392195 0.145037915050934 0.119926315825373 0.145677733435103 0.0440489950023098
0.0431362483793711 0.0487014841849204 0.206121276521479 0.0560273083683142 0.047188772740926 0.117356581302112 0.230870048786486 0.250598279716391
0.0352121149662576 0.253783564866875 0.00805334854102186 0.181845123487982 0.00239634466684804 0.168680995147898 0.182103951035222 0.167924557287896
0.0421741750285059 0.0684182170587605 0.144959728702515 0.0747595190746159 0.17912090861529 0.00994152208023951 0.232200200168862 0.248425729271212
0.00475313797342601 0.0897766639171352 0.175157989666175 0.231221552994799 0.00944670679258982 0.0933937006273013 0.29289328920108 0.103356958827493
0.122584495295535 0.126796839470503 0.17645731805449 0.160354076584483 0.0832476103266873 0.156707191950092 0.106901919485845 0.0669505488323634
0.321479730612949 0.00447520042380838 0.0350412437449036 0.183596231525547 0.176093709357663 0.138118443485763 0.0745582113714478 0.0666372294779176
0.0520658864947941 0.150756514429627 0.0957175477761218 0.189683762235967 0.0418357945870801 0.191804959237203 0.198324909482735 0.0798106257564719
0.173159285637362 0.152247000197323 0.162668362048894 0.0022159056732554 0.183794075827506 0.14336447667611 0.162886340629957 0.0196645533095916
0.0625663496879842 0.261524320915062 0.0221612463143003 0.126387003659603 0.221982573405872 0.108836638090321 0.0763691255385566 0.120172742388301
0.105092339258322 0.171310325098657 0.157145484453885 0.0483546031450519 0.182172813219122 0.144842488419248 0.00721593728727033 0.183866009118443
0.00526663267841261 0.171975233988523 0.119343526728566 0.0593631988063944 0.262953458225112 0.190910901581614 0.139199621136146 0.0509874268552315
0.141339771425944 0.0953564239258323 0.0612114597775851 0.114859619892038 0.11552339105825 0.165198949685397 0.13455276637071 0.171957617864244
0.139064482886687 0.228451700926135 0.0115511821351151 0.0255570493593573 0.00235284607278941 0.092579226942369 0.320285999698369 0.180157511979178
0.189016459716784 0.121635331239612 0.0887790586741978 0.114294793222731 0.104142925628905 0.0223119473276996 0.177114392549 0.182705091641071
0.188042708170288 0.203428547038806 0.00759399795862367 0.21536779252174 0.133868822565315 0.101254530412046 0.0598166299203008 0.0906269714128811
0.0750991609904195 0.0201199908012221 0.270884763270048 0.221744586418417 0.0912729968483288 0.158179348202008 0.139452163089877 0.0232469903796798
0.0996831993072674 0.1154420038983 0.215494859857265 0.103528632396038 0.135681254456648 0.0952485204470645 0.150240188833755 0.0846813408036625
0.130172275129987 0.144263102540504 0.136753236903273 0.15532404549085 0.0907580436335289 0.192839443957864 0.134613381479986 0.0152764708640069
0.210657283571711 0.0263911785274597 0.176917171521527 0.152102784675801 0.0970074520415596 0.148414541578 0.179944632975671 0.00856495510827127
0.143880035847031 0.0193574439274255 0.0395415862779583 0.15993637660457 0.209640341496943 0.0855550383548843 0.175838033039901 0.166251144451286
0.166020835675487 0.309381664927142 0.00418207846192377 0.153760229066592 0.0278986567999879 0.0127104436615195 0.0938367051580409 0.232209386249307
0.168126617386576 0.0102458171332461 0.0267920650198163 0.207500568906263 0.0134028777330579 0.095391978632591 0.231672624697784 0.246867450490666
0.139180435803901 0.154603251099437 0.165131027948591 0.151235902309235 0.0199742265825884 0.131686722448158 0.180314938339691 0.0578734954683989
0.148367941243072 0.178580842563968 0.132575370840855 0.114179654514062 0.152735602108541 0.0932975087738278 0.137796840556338 0.0424662393993376
0.0944518876582487 0.0382407401355452 0.347810793159404 0.00897165241543035 0.0406424763866127 0.125211389731956 0.085033079226671 0.259637981286132
0.0206376275413813 0.113424927478642 0.15770954773754 0.239080345716528 0.0609303648429759 0.207109316182022 0.161859762974319 0.0392481075265919
0.182669056090505 0.0943013531174842 0.123816761182957 0.170416629861276 0.0381433142280442 0.243784882743507 0.0640704306646754 0.0827975721115514
0.175926724053346 0.069227535515192 0.149299083804941 0.0786058272433574 0.056275639584907 0.17169918135437 0.112260347110394 0.186705661333493
0.153460181314334 0.105740402307816 0.0404406924908021 0.0951103273144724 0.174274398723622 0.220052737358511 0.00369933543855042 0.207221925051892
0.256181387351735 0.103868373924565 0.0865396027068875 0.0837867040780137 0.0925762286397559 0.0680144675411818 0.218958460197264 0.0900747755605973
0.178268471618049 0.183102582568809 0.166924854155724 0.114341233588651 0.0691990880007979 0.0580397337567631 0.0367816929790798 0.193342343332126
0.0128872117306334 0.0412593884703395 0.216627567842629 0.1445783409001 0.176265109044377 0.185731518927655 0.145391997842058 0.0772588652422079
0.175307038412916 0.186427965390586 0.0663927689182569 0.188850096467568 0.0358190517028792 0.0704549302014474 0.125692408620728 0.151055740285617
0.0607711907122118 0.0569829184579069 0.27840207636297 0.302107203017773 0.0238241638366049 0.0918501107096793 0.13993882711792 0.0461235097849341
0.120813629901591 0.250934007955036 0.115501391593019 0.00754450593405873 0.0699228239432025 0.124102822245189 0.0773228693796152 0.233857949048289
0.0411263050085035 0.0296457967868644 0.00637537013555678 0.0630265862081593 0.164639859957598 0.352191778780293 0.224131584976041 0.118862718146985
0.0442338470485367 0.0816568502221368 0.137356469030153 0.159443667458228 0.28590468064584 0.0565081829214109 0.122903279470548 0.111993023203147
0.0685292846292651 0.101644837464361 0.0553912810792396 0.168397766383536 0.160070917943802 0.135747102196183 0.222709903426488 0.0875089068771267
0.0817462772624551 0.0797527724825798 0.141711052009538 0.136334929679556 0.227867649546213 0.0114833105903441 0.192679737957877 0.128424270471437
0.214128356234994 0.227725610544152 0.0286906378686687 0.168831518430589 0.00303134929250416 0.241267975609169 0.0603180509635057 0.0560065010564173
0.157027839947478 0.202212570506312 0.210683923687156 0.12118607680036 0.0595382952682729 0.0425658060124649 0.0729628391863212 0.133822648591634
0.182674921265283 0.0715348474024322 0.0264498989332054 0.114599648768463 0.229769148757348 0.0705851317043999 0.194155616795097 0.110230786373772
0.0383827069060295 0.150842852909938 0.217445909622302 0.141019548594726 0.25483397487846 0.138060795293883 0.0571278999308551 0.00228631186380559
0.0195156585283046 0.0953165829811107 0.129398212828735 0.144645588360737 0.249071726400463 0.0403328828580866 0.208830226624324 0.11288912141824
0.0211742632320948 0.107025704611969 0.196024026881381 0.105997117680897 0.103518839856577 0.104246403918515 0.147297423604272 0.214716220214295
0.0441184754150368 0.0207538679650434 0.217687177782439 0.102600181073935 0.0769200706381258 0.102184151831674 0.180297839038954 0.255438236254792
0.0194573169612829 0.0370181242887893 0.0742766563655833 0.234351469993752 0.379085916386945 0.107932079184762 0.0730247654920284 0.0748536713268569
0.171157978512842 0.1098908027063 0.163545813793282 0.230470749971174 0.0963074235905294 0.0731988582283531 0.153852424147656 0.00157594904986262
0.193084692502228 0.080827501035284 0.217231939846037 0.152439845737766 0.0455924977176799 0.184029819520118 0.0833074617836431 0.0434862418572441
0.0381814054016625 0.132361387758617 0.216783243380649 0.066836918847103 0.215874300517079 0.18621130634448 0.0579198355921254 0.0858316021582835
0.00269176906174728 0.296366948493503 0.235697870487673 0.278876832314218 0.118718254950265 0.00520173616058623 0.0150804781782803 0.0473661103537276
0.136537408038572 0.192844794140169 0.0360173429047641 0.237714583393424 0.0266252786570066 0.0494655027462121 0.310814004891009 0.00998108522884349
0.167970471803309 0.0273238462539476 0.126931909569558 0.195964600274226 0.145322437269573 0.0172938903197813 0.174321576152325 0.14487126835728
0.0228776809795086 0.16534970102599 0.211861701292601 0.111691003040929 0.0887227839280703 0.124279205187801 0.239294931744039 0.0359229928010616
0.171737130913088 0.105559254983619 0.221337470611616 0.00478585882829204 0.0412246861126542 0.261368609257426 0.0390960057632082 0.154890983530097
0.234004255625956 0.0961728532640944 0.169987281808149 0.0871609090873251 0.0845269646565192 0.0645857156750682 0.143297339541064 0.120264680341824
0.0325084170125061 0.0090071603586437 0.193523998298506 0.111244470767527 0.22120672217812 0.217704099168088 0.0216869301986222 0.193118202017987
0.0251818628147541 0.0181978100753167 0.184259379884045 0.233586279357439 0.09156866604781 0.0520100174153907 0.164431491943613 0.230764492461631
0.108116176955821 0.170861078999939 0.096020724746392 0.0902655111827709 0.106678215222766 0.208492305785181 0.0565137815525302 0.1630522055546
0.0191518904674802 0.0699593472545087 0.229879993141976 0.00225956670366513 0.281429761948764 0.146567116727916 0.0826531555343725 0.168099168221318
0.149390939584507 0.0453472538669097 0.123328585768096 0.189105508133781 0.0537825185441534 0.105703869442761 0.103318403845601 0.230022920814191
0.155296718067401 0.102875742750456 0.0946747783431288 0.192599066602627 0.145207986404883 0.061162417116474 0.0801625575826184 0.168020733132411
0.13466584756029 0.16545036610864 0.168252535092519 0.0506617950410741 0.154780458698343 0.0540835748483614 0.142570920562284 0.129534502088488
0.0575128988471518 0.0654132243819518 0.148060782941798 0.273581319755672 0.231782503589584 0.0537702459810794 0.11864043218641 0.0512385923163528
0.11020458585469 0.0758660030790586 0.0290074508795466 0.036585739699243 0.17889670109864 0.160602202396853 0.226450941671145 0.182386375320824
0.018142001886588 0.102154329015725 0.108288302422736 0.247014138945476 0.20971658088161 0.0656681081026115 0.022919787202293 0.22609675154296
0.197882635747 0.070863839225329 0.166308703833033 0.132921937152024 0.0784313743326371 0.0866998925263355 0.0894525109723665 0.177439106211275
0.0587837415169122 0.0599194246735788 0.241534636869919 0.0730785728277258 0.107747856054971 0.18326154434226 0.00156885597366991 0.274105367740964
0.0727470893676538 0.1659636381498 0.144261233284012 0.0670094192551794 0.0931153388879638 0.17978700959928 0.12470196703739 0.152414304418721
0.12721747653736 0.0890693015260556 0.113820082918678 0.225311748870309 0.120257588492962 0.216049119939959 0.0254390080541397 0.0828356736605373
0.159605480189783 0.0341846342845843 0.054032676137775 0.152000901059847 0.15820964901631 0.122201515724402 0.154524343001103 0.165240800586196
0.247860639465823 0.0526601390500082 0.000720539413369367 0.0281849341931166 0.220599008701008 0.200620028112748 0.215974466973038 0.0333802440908891
0.1375483119554 0.132438846200699 0.128312359923312 0.0835534394505138 0.212440089539601 0.20956043478799 0.08136453516027 0.0147819829822143
0.0743694975687118 0.0123069184879985 0.130963956073304 0.19296424740898 0.205061503261467 0.0188293925947276 0.199169298555667 0.166335186049144
0.206232901381122 0.195640642730529 0.136201793424435 0.0914076887572373 0.0415460980124469 0.0307111948024408 0.190214303630771 0.108045377261017
0.198693597091587 0.0642861783155057 0.0532455011426444 0.151122257758882 0.210408107016087 0.15384102608985 0.0337611613435099 0.134642171241934
0.0838778326084167 0.140394767457518 0.121363905049962 0.184999352158946 0.0176668490004076 0.116560661485225 0.195089041624553 0.140047590614972
0.0327124356358004 0.00135159814731442 0.207784634309402 0.175717441592351 0.228250991884056 0.152757225814857 0.169226582637329 0.0321990899788908
0.141326262317169 0.133686643820988 0.0486921686990184 0.19304031374081 0.0553141304071566 0.00747549167956723 0.163011332576413 0.257453656758878
0.181023487709402 0.164903784243273 0.337375645508081 0.073448040287006 0.031641751729707 0.05968155957145 0.113190373815169 0.0387353571359115
0.0232138217266855 0.240307235696152 0.152008513328043 0.0623015114572721 0.0731660012770169 0.141593996290287 0.135523172940154 0.171885747284389
0.126811083821647 0.0769353965328702 0.050014496695916 0.0486003863670885 0.157060145627284 0.171773553165784 0.191143449119826 0.177661488669584
0.133254851515296 0.201647102624248 0.0136272167564549 0.160267476546379 0.173554206109568 0.069977250477204 0.14952272245822 0.0981491735126295
0.192503706693618 0.0238688971482896 0.0582090146729002 0.102692523251611 0.0383009390603126 0.112896391360804 0.314791484855104 0.156737042957361
0.196308960327838 0.00127159915921394 0.155527853976941 0.163596618855039 0.102719686884385 0.0281833614527103 0.0591229666732785 0.293268952670594
0.356959418655166 0.00330479716009015 0.105798819436203 0.222796563127297 0.000336502764532814 0.0572595942147166 0.024841467859727 0.228702836782268
0.133328192908728 0.245554550350628 0.129149229344448 0.106465583283701 0.174836557922745 0.00125116303597862 0.0748779798964967 0.134536743257275
0.00592179709297425 0.171563367219682 0.248074625581859 0.0402203303171542 0.0976758331771963 0.154779999905939 0.151134242549678 0.130629804155517
0.0379476792114016 0.143041581334073 0.170746142221153 0.0460637776507616 0.139197148901878 0.15408237930471 0.147551965408313 0.161369325967711
0.0192749621213788 0.00671805988545002 0.202726208616027 0.0501940746777556 0.159893944033044 0.262217597460379 0.0348756006368124 0.264099552569154
0.175050360335897 0.0383441860227288 0.192826985731043 0.140724400437771 0.1040375082296 0.12121297698485 0.214120371783016 0.0136832104750936
0.0959994919519386 0.00593755688979312 0.180228169766636 0.0752457126230036 0.0905580973048916 0.194257365445032 0.17758563540015 0.180187970618556
0.175962031716729 0.264920646257576 0.281165660264348 0.00965549242547922 0.00179962271586642 0.006748253369852 0.0135380992179902 0.246210194032159
0.111816266291557 0.0286938262896784 0.0174270046812101 0.207650303115344 0.191624543266675 0.192597202427355 0.0808698256761004 0.16932102825208
0.137827070139604 0.139117966815068 0.0913911596024417 0.255881070659202 0.0283382108107187 0.255660730237036 0.0111969246592385 0.0805868670766917
0.00474446062589417 0.12152937380752 0.2173572969067 0.130875164992935 0.198858774001607 0.159229389835432 0.0118948211414 0.155510718688512
0.142497769708017 0.15979092045688 0.184525116394411 0.0188901005169754 0.0353216047938471 0.162954179937871 0.140816509357089 0.155203798834909
0.00146679162147481 0.168351476266406 0.105120859125373 0.180661109724576 0.0800879427848648 0.132445478959019 0.202283729353461 0.129582612164825
0.0089415141196738 0.0263742440190215 0.265792323077517 0.0358613769596661 0.126222630269637 0.278460664588416 0.0758398147243435 0.182507432241725
0.21929804304381 0.232126677003444 0.0227399443049635 0.0132576949935831 0.242354310173482 0.0344773671714269 0.0118632329423045 0.223882730366986
