0.253733106377905 0.0608492399918273 0.102970344506916 0.131984787299408 0.0969037017005507 0.125122778684016 0.175617129147895 0.0528189122914812
0.221070063995629 0.090168707041151 0.0992934700502688 0.187348673855556 0.160960579165106 0.0156816736060237 0.038513859927678 0.186962972358588
0.169915068792029 0.0547250372587554 0.00941916019791191 0.220786780470593 0.252730711254546 0.045255986672672 0.167047108238927 0.0801201471145666
0.154101789609621 0.0579732495990286 0.0738347545268658 0.142745552243229 0.10695544311806 0.197332232795504 0.0590005633182141 0.208056414789478
0.173794734474352 0.0493171579230875 0.224013095890304 0.194207742027232 0.0260018898914838 0.139208350598822 0.0197561542123267 0.173700874982393
0.0739457595615692 0.0630004397083536 0.117208354484986 0.179326274499673 0.11208512156705 0.216660911739011 0.0524786104939564 0.1852945279454
0.090118659362848 0.129488537352472 0.0150185400678296 0.174143049859962 0.170544077702935 0.187570257112675 0.221396669049495 0.0117202094917847
0.127602490732416 0.0546966727080091 0.0638981713430464 0.217002717800473 0.00374540487649218 0.0200717475959258 0.245773393018946 0.267209401924691
0.0557299131457928 0.150053763059825 0.0458400796683988 0.278538480851436 0.155224115081953 0.0810077006386078 0.176458191475108 0.0571477560788792
0.171271447854681 0.0780010804402574 0.177182499737383 0.163445547041949 0.118947327057589 0.150787838434051 0.0634816122843445 0.0768826471497459
0.162914449040608 0.166912380105851 0.168138896986405 0.108473630385263 0.137684221374573 0.0454946484604076 0.166794921315493 0.0435868523313999
0.112455568694357 0.16403676177417 0.0209386530266088 0.0942708062759644 0.222986366245905 0.108750694928824 0.106547057457185 0.170014091596985
0.141504112923938 0.0777042606791285 0.154637677814605 0.0977802386967737 0.189414107631056 0.181314541609446 0.0762454742835681 0.0813995863614846
0.124574423989086 0.207291429494612 0.0375391918787286 0.0184629171713566 0.211975497718517 0.134677213966832 0.0487770751817344 0.216702250599133
0.0849204300600729 0.00808597087462279 0.134136216460694 0.165867580480988 0.173839268345997 0.191976717530368 0.0594432115043918 0.181730604742865
0.0787312064029724 0.014080229691825 0.010183744968579 0.280746699149607 0.111757925322165 0.236692398616764 0.0490412803944026 0.218766515453685
0.163399032201942 0.0592217609313245 0.0250483330648397 0.161138148258222 0.169648351689894 0.250637230636347 0.162898042601658 0.00800910061577205
0.205884754131145 0.0870047025456741 0.234811704534503 0.0848170687200843 0.0657078607759986 0.0598771091909223 0.0676576187469628 0.19423918135471
0.193265939382881 0.095616967057147 0.125442751565714 0.068913018170718 0.0290967648995268 0.178553753671404 0.00118438522297569 0.307926420029634
0.0147919519475212 0.165908847671792 0.295473893911219 0.19724321161084 0.0362696808832395 0.118831849527924 0.169262585338069 0.00221797910939523
0.200290934858038 0.0528301386228051 0.163526651452056 0.0717352613706563 0.0810136495608925 0.175543791356144 0.16857580175863 0.0864837710207771
0.0266370422766689 0.156502151594943 0.174708775965592 0.0989273173375078 0.123055508648932 0.132557801701436 0.112828660279391 0.174782742195529
0.104184120660187 0.154231973016711 0.0723254744336951 0.263431753899882 0.0609107104617817 0.135892277428857 0.0437755148790495 0.165248175219837
0.305711836964553 0.0990666914136179 0.0391121999622134 0.0130190307021857 0.303746614468782 0.038129106889111 0.173081342741431 0.0281331768581053
0.111998683459453 0.1550468804502 0.135572913641527 0.131309041147667 0.0944500794170566 0.165608949733425 0.0717566925422725 0.134256759608399
0.0890137153175321 0.163300171638769 0.0646909753784216 0.127562549415498 0.193544264248636 0.147199390613498 0.0137964947607576 0.200892438626888
0.147555022490784 0.113392963049832 0.0656408591535041 0.198158873412236 0.249594372350444 0.118127379423796 0.106547105479372 0.000983424640031426
0.125324021850204 0.123678807244391 0.109488954997359 0.126872817157372 0.169442699939989 0.0228613934227735 0.185723346940167 0.136607958447744
0.00609951538918302 0.0944775173196553 0.15503263228545 0.133375630661026 0.0650128563389721 0.030611724478536 0.257577888376332 0.257812235150846
0.203827645745155 0.0411696933440032 0.0290864717314761 0.320058325707614 0.172186938974393 0.0684373909515414 0.0327840143629689 0.132449519182849
0.0945370304673654 0.213988064024236 0.031917456523658 0.0298937471791172 0.129524567716258 0.16884804811282 0.139905152110833 0.191385933865712
0.0609119438299201 0.0787583417848129 0.0599263293528635 0.199806965565529 0.208936482913005 0.0872237398386973 0.105807642462364 0.198628554252809
0.015298608244425 0.142398295791865 0.132846954123933 0.154145425587144 0.169034170894453 0.166793990423344 0.066188883988275 0.153293670946562
0.15817709593992 0.153210305082775 0.0724044489262024 0.144600105933509 0.0290502032748209 0.152241123464879 0.0290404140301073 0.261276303347787
0.0457046304559687 0.0835952637180379 0.20648264915099 0.146059425073537 0.183768637315679 0.148482440245424 0.112237881030116 0.0736690730102486
0.145752377321987 0.203166475349318 0.0963547848199168 0.114758437371944 0.215460203047557 0.174286557431003 0.0138516118509296 0.0363695528073449
0.115574752681045 0.111460192907141 0.0321625633825154 0.0132550761987006 0.145662652825624 0.230539270503142 0.151654942661258 0.199690548840574
0.0959921850599733 0.243544274917132 0.0528304087987382 0.198404964756212 0.0686960465745228 0.0446772128006969 0.18918937965398 0.106665527438745
0.0222814899077338 0.144772057400258 0.120921709745505 0.159381872075048 0.153601589451977 0.145364325935663 0.101978520999067 0.151698434484749
0.0964851159049114 0.150490478973423 0.160708442487558 0.195882258796508 0.139424249456127 0.00441629448978972 0.112270646449861 0.140322513441821
0.090399045573423 0.0288097502499675 0.125521806714037 0.360337487966717 0.0443987773475757 0.000124852589611831 0.196762868151589 0.153645411407079
0.0235146739587247 0.206553103907772 0.169694170980069 0.203146010024908 0.0615445016913844 0.200822428198296 0.0571139338821464 0.0776111773567001
0.117923003281865 0.15318757928424 0.0737052409580801 0.182397134630559 0.201680780394075 0.100288112797421 0.0325989868459906 0.138219161807769
0.00530779905648623 0.346232508188077 0.0588215492203836 0.109667684413212 0.212300797921997 0.1157555441678 0.0134742842570145 0.13843983277503
0.00576566529998307 0.0454951561637961 0.263784611821786 0.111987003066204 0.199981218948555 0.0969926595025844 0.0768039036831388 0.199189781513953
0.195107822280304 0.200267392246826 0.166436197568101 0.144280914114797 0.0412620753948099 0.059074269042661 0.0638743948747942 0.129696934477707
0.0574290016943949 0.0264242608181147 0.0964491607380409 0.242934366589279 0.262148408429719 0.0607121290862833 0.146322331407441 0.107580341236726
0.247092144025253 0.142954562260657 0.21731310553476 0.161510833182792 0.0509207884171945 0.0155860409289386 0.0825550836139725 0.0820674420364318
0.182263561123875 0.184556831911396 0.0507152606162786 0.0715233784650112 0.0939578437497836 0.185769068869289 0.230209170918559 0.00100488434580676
0.174453671085567 0.135318855422406 0.0855529923213346 0.155527744583399 0.127319116441898 0.0683957234119869 0.059154624760903 0.194277271972506
0.251402002417833 0.201974966295776 0.00960017100379073 0.0152481154572399 0.0849681593752748 0.0928699426223045 0.239831896312615 0.104104746515165
0.121425914012895 0.164562718432489 0.0397705449384691 0.176765177925505 0.164660595713208 0.0711202140044637 0.165951036636626 0.0957437983363444
0.211501606751758 0.118091171654358 0.114048174042916 0.039152441221657 0.167768202989786 0.0496009646992529 0.00513349785843247 0.294703940781839
0.10774571557145 0.0976632927131501 0.0771254747897424 0.00921126771368031 0.179518867691612 0.153777885127439 0.13039846792725 0.244559028465675
0.0812667338276134 0.131544246097078 0.0400362155676652 0.157663177967986 0.316012408020874 0.175177724344007 0.0137580572122533 0.0845414369625229
0.163646867866856 0.128907717051778 0.165286062297559 0.165264269958348 0.120132857356984 0.115069272088281 0.0665265968363248 0.0751663565438689
0.236003657436309 0.0978094021721562 0.100657425161924 0.15305825937927 0.14331973214562 0.00564185869736271 0.152064122204336 0.111445542803022
0.0377430351485196 0.0297286063778536 0.228598240108461 0.255573527853157 0.197942804082099 0.118949124227658 0.00614425482866705 0.125320407373585
0.263713944516686 0.0771198035298205 0.277432529380026 0.124499744086423 0.0440437580075364 0.0142860379585996 0.145000094333544 0.0539040881873646
0.131878068511598 0.0505986345364931 0.0214465463188877 0.019758128660396 0.359939412245548 0.230928428715087 0.14396964531927 0.0414811356927213
0.188380147167011 0.131937181653513 0.0898219314563371 0.0791057589420413 0.0405813527389007 0.210041498377694 0.19720448967007 0.0629276399944335
0.0958701245107573 0.124933703413207 0.0624991840015257 0.124341538352195 0.165303283914464 0.0916002264552658 0.129343949238676 0.206107990113909
0.112537756734256 0.114757668132014 0.197441027992147 0.158231890649081 0.0175006945590887 0.173085707718118 0.0523011126497915 0.174144141565503
0.0890873841913193 0.178078380874479 0.0788778573771325 0.0638253983648903 0.152595394473412 0.169346186594659 0.0755947839641838 0.192594614159923
0.0188135099728691 0.187457307460836 0.15175696880602 0.0758564954504547 0.165109450950342 0.180722384246955 0.0226379113864738 0.197645971726049
0.0484052311068666 0.199774398950407 0.186775654543696 0.0680357302543131 0.153159636522049 0.100740804256004 0.129995697750209 0.113112846616455
0.0100831861570844 0.118356214882214 0.135067475417505 0.074591195032713 0.242728987421622 0.261456562195097 0.155585120789983 0.0021312581037821
0.171648584187317 0.0488527459570651 0.157534076544106 0.110040125143694 0.191419374191177 0.104090984454514 0.11357937792561 0.102834731596518
0.165349033489636 0.0412164653034517 0.0934169867195383 0.182230160671374 0.00843131942369065 0.0829086841181476 0.217360943155262 0.209086407118899
0.0624113038542539 0.0418616380331363 0.185240229723282 0.300137204921796 0.132956015818466 0.0977667180432594 0.118670108446801 0.0609567811590053
0.0992900320518958 0.24777445412246 0.0757899170906127 0.173797197090719 0.132886966571054 0.0534418147429879 0.056565165178377 0.160454453151893
0.0780637246444474 0.128038120086089 0.139814558211268 0.196583189138009 0.0683928762623566 0.20061682906557 0.0338983602160134 0.154592342376247
0.0590269410901744 0.0998658530711527 0.193195422434276 0.104975351126709 0.0386237074553909 0.214352779724161 0.0915852147171442 0.198374730380991
0.212139243314138 0.168003285159442 0.210843568496035 0.00427380502927434 0.0479770158274501 0.129542853401882 0.139377825227084 0.0878424035446948
0.173628714675163 0.249600801515787 0.184528472285904 0.0163157919891096 0.0699345270931209 0.0257319090382544 0.172636534627233 0.107623248775428
0.189913422195878 0.0443020230253427 0.218224352713747 0.103755284507255 0.225543561574417 0.0306843439046859 0.0836818416859675 0.103895170392706
8.04524381737007e-05 0.0237610631202558 0.0997657103429167 0.138964978639788 0.0331604373728534 0.34020073541255 0.318233237860549 0.0458333848129132
0.191282548996586 0.0986889730692705 0.0774563916008029 0.208061255982995 0.120374109816296 0.110694823221008 0.123927829037667 0.0695140682753733
0.0114916851138955 0.0894107384344715 0.101141779397522 0.112766654817404 0.234319782477338 0.0704062924717517 0.176102305874495 0.204360761413123
0.00779171754731493 0.00547279653223058 0.277104999274086 0.201704923476001 0.097549666571606 0.0218329914188595 0.16644470374393 0.222098201435972
0.145269760311597 0.0936281720541013 0.157374097008877 0.153893589034482 0.152446431502963 0.124690403874924 0.143113417464616 0.0295841287484389
0.0221722035812499 0.14092350415455 0.134112015751268 0.142978021981711 0.129661040818686 0.143546714075118 0.105871284484497 0.18073521515292
0.0317139791118751 0.206422567802541 0.0176374141806326 0.191255967137492 0.128311159418617 0.0637921064747672 0.1530433970727 0.207823408801376
0.00996876336494587 0.191910696408824 0.0967788880793274 0.19787292128935 0.0275480914930915 0.110420846862384 0.207820898108135 0.157678894393942
0.106325416775881 0.0606311610840076 0.0363077261690338 0.0577502307921353 0.19110537747724 0.163024526590134 0.197810206824724 0.187045354286844
0.226445404169736 0.165374738454211 0.0245194452873637 0.122414107792971 0.211147454493756 0.0391499333559723 0.188320639510081 0.0226282769359084
0.0512370314068237 0.184501930555553 0.177051455538041 0.125065017802133 0.0728487184607415 0.0728300359167848 0.141422292437283 0.17504351788264
0.243716673251792 0.22713621890529 0.113911945378213 0.0708859028621902 0.183407609436999 0.0880321972738257 0.071028335637222 0.00188111725446788
0.0665402396995732 0.272228148481658 0.126301259207698 0.182710825942501 0.0983332063592557 0.113711976140101 0.091324449965387 0.0488498942038262
0.0937096676147057 0.0640684070479758 0.152829991804781 0.175492122441092 0.0549773084355243 0.192213842709137 0.144333215722807 0.122375444223977
0.183984348580754 0.0105706127229219 0.160955787026054 0.158264404889341 0.173949436628426 0.158916688444904 0.127198053447684 0.0261606682599157
0.11326065638239 0.0166525739658575 0.190097343019822 0.0929922293311259 0.139543185960856 0.205814123615238 0.0304500505349484 0.211189837189763
0.253981307603152 0.0571375677440802 0.185642180845584 0.0934841742714592 0.0597199157326081 0.238923114016913 0.0265298907867964 0.0845818489994072
0.0916998952700549 0.222094640376984 0.0985076907024304 0.172099519004784 0.00457878838850154 0.0994100498826906 0.0934632713530796 0.218146145021475
0.0669473165600036 0.11265040898057 0.126123279478168 0.138461450037197 0.181149558219281 0.11802857498257 0.172177517338787 0.0844618944034235
0.123251255518941 0.0278346613633247 0.216663678064851 0.190667182156858 0.0145066773616789 0.130337079887359 0.208067682933299 0.0886717827136883
0.141733911480093 0.145942912905906 0.118020451777992 0.0373200025192208 0.115960218463822 0.167275405235661 0.172461603708669 0.101285493908635
0.135792923962787 0.135030314976798 0.00891930029683016 0.215264650701841 0.202794250353204 0.056007868506154 0.0312252935532171 0.214965397649168
0.20082567927612 0.0877125678764412 0.0188213897909037 0.0576094001957641 0.218604780053237 0.0513328572467651 0.165450904179814 0.199642421380955
0.119845628559256 0.216262482517945 0.112611236076491 0.16199415388771 0.0927714184142317 0.0728870895687905 0.152854526503083 0.0707734644724929
0.176837076418065 0.021920656331953 0.109283619676435 0.108279179692011 0.0163985669331549 0.211756940503642 0.154503005231432 0.201020955213308
0.0317734021768196 0.138950186421251 0.0789903145356728 0.0633944999665106 0.149324590569012 0.212690416144709 0.208112041445603 0.116764548740422
0.123601789352364 0.063788552748918 0.0446082365803942 0.16364357407745 0.127939287719709 0.189165421380896 0.142763313666776 0.144489824473493
0.065375019158516 0.142661874532073 0.238273382372356 0.172326635421806 0.149855372477728 0.0742664472364353 0.102753870066494 0.0544873987345912
0.104548587779996 0.137155511564619 0.223802149821279 0.117263249132823 0.0766538710175662 0.205051513784408 0.0186085139543033 0.116916602945007
0.204873488298509 0.130270073135676 0.107674431273311 0.178908611388326 0.187553619898991 0.00685575445799982 0.01121601653781 0.172648005009376
0.0491376169064563 0.198889659360188 0.147836172104619 0.0730527458150761 0.0696013994527186 0.155870758629223 0.157149459241974 0.148462188489744
0.0763006446094817 0.080361210681012 0.128349949859473 0.283708647710642 0.00496058086072018 0.0984383429211055 0.0822238252868865 0.245656798070679
0.101104982092351 0.055671952917227 0.110909624666424 0.21376081111859 0.0813891513114058 0.127909921051348 0.12526252823694 0.183991028605713
0.0891175277475964 0.151998806549932 0.187334177078491 0.0701996403589501 0.186861654317246 0.0727876944060577 0.115285064453641 0.126415435088086
0.12735116403326 0.189132625413778 0.117053691765166 0.118270082785592 0.208141271543628 0.0978000096902462 0.100924552406249 0.041326602362081
0.0844269612265747 0.201399776977288 0.137470026737509 0.0593809311587372 0.178237102969931 0.0771524622822905 0.0454864045247258 0.216446334122944
0.0896940397974773 0.151966126156044 0.225588877935211 0.028221074848474 0.205591287671426 0.0107981768267935 0.0558651958247343 0.23227522093984
0.140100714768888 0.0960431716922929 0.217894285626041 0.180970678801127 0.12242545453436 0.0180081647140499 0.0145676644837633 0.209989865379478
0.0264816128475881 0.282079904847614 0.0771922330884931 0.138321328001422 0.152476800521118 0.0355508592791947 0.206190014798881 0.0817072466156891
0.253625230614921 0.00683313711526182 0.0461242687586136 0.102884174631598 0.0159144893371608 0.232918469076883 0.175598718226694 0.166101512238869
0.147491438843065 0.166923835318331 0.0240360279851708 0.0704608354085983 0.164432845531208 0.203000793164229 0.049929264675736 0.173724959073663
0.21120374979157 0.0679960671936623 0.187191573327246 0.101782082220263 0.189966018824039 0.00142871793654601 0.0789138766591612 0.161517914047512
0.0573709895231316 0.154894411310908 0.115628545049925 0.193223450486794 0.0109912937809331 0.10891646850202 0.198462843967006 0.160511997379281
0.130701758451748 0.157277106357831 0.152735897918898 0.173625557354944 0.178257217745452 0.0735178699890943 0.0369903367144134 0.0968942554676193
0.180655159463391 0.192399326150837 0.00785498935705607 0.167611791852864 0.0386599814322547 0.145455437690777 0.0851378502502349 0.182225463802585
0.152016084501088 0.175759288703203 0.216821922184874 0.0566965858755185 0.0726970370224762 0.144476990949163 0.120596556493169 0.0609355342705086
0.0274607292638764 0.11611922803956 0.103949999224943 0.107071212135856 0.132958181469308 0.182198369685102 0.179838503474082 0.150403776707274
0.215273893210486 0.187073498568212 0.126717565401031 0.0654856712357733 0.0690043357793959 0.14262645796265 0.113052385261779 0.0807661925806725
0.173075085244898 0.00978542688231003 0.271491429790027 0.023832913177265 0.0495349972635151 0.118411209228257 0.105064683424639 0.248804254989089
0.139767818790435 0.153257894630637 0.188121060380775 0.00269987037217249 0.116507929933125 0.182741523519538 0.115077869632675 0.101826032740642
0.23867872177126 0.0598966787680519 0.150326499660617 0.288516193687262 0.0920109105777238 0.00785322950177437 0.0288415857328304 0.133876180300481
0.0626366960389225 0.0177107303015946 0.186578055646667 0.275263824130918 0.0199778328978414 0.125926645773211 0.0595186057230537 0.252387609487792
0.150236816421321 0.154323299504407 0.181815217727904 0.100072375894463 0.0418067525641556 0.141860154272411 0.138360766675268 0.0915246169400702
0.147582235773528 0.0648456064103711 0.000918417217705168 0.0952339685057162 0.193874661623465 0.165214423786034 0.161976568732019 0.170354117951161
0.119804939244793 0.155392939063722 0.0466320521196129 0.0740816719495856 0.174161116906341 0.190974917904868 0.171480685795985 0.0674716770150923
0.228126799223486 0.0812849473160419 0.15087004120073 0.216827822252452 0.00236959233194791 0.0795349817483886 0.0775879718744061 0.163397844052548
0.0626053283253474 0.0803201990097216 0.181995782899913 0.158446962837331 0.199171753876048 0.190393947774683 0.0500269677933073 0.0770390574836476
0.204567459249154 0.163916310300052 0.209870042586199 0.177408854655563 0.0483757017174709 0.0916448509688814 0.049487983284565 0.0547287972381145
0.172484096500445 0.127714634395017 0.0783687439189918 0.129403730124607 0.130196486961787 0.0021529693750445 0.2296556374388 0.130023701285308
0.107992530364441 0.145731942534037 0.198816259847852 0.107278686939697 0.0764429887510101 0.174066853724749 0.186012515111634 0.00365822272657869
0.0922175616151891 0.109652994273483 0.227872826172752 0.0620583460124161 0.219871117419376 0.0794443249885627 0.194666481367362 0.0142163481508583
0.0717302140232763 0.172553672093735 0.171566530535544 0.197647131197308 0.114317309574408 0.101493420314957 0.047803173828644 0.122888548432128
0.164198835432873 0.106563932048014 0.116585213015685 0.118783801315371 0.155092683408167 0.15523109129098 0.0152186326679387 0.168325810820971
0.0278050092451457 0.260537873942593 0.0372574328673307 0.0495424722341999 0.242878870047717 0.211802632559701 0.0800958677540334 0.0900798413492801
0.215162367652453 0.0936783857685991 0.0110699151127177 0.0899874010102117 0.0948983466060617 0.295412169649786 0.0106638612421951 0.189127552957976
0.239739120226917 0.126185500285357 0.161231360411392 0.132957395513281 0.0697001439569312 0.20290101643259 0.050720161315458 0.0165653018580743
0.0306030697822979 0.0609701288337705 0.187902015867467 0.0578391211311208 0.137453227342124 0.198482099177345 0.114467764086399 0.212282573779475
0.202244106921834 0.129223800816759 0.176571799932326 0.0347120066811078 0.146934045212338 0.0342587813926569 0.177625907049167 0.0984295519938115
0.117472092863483 0.0541008818758262 0.093359703287857 0.31904608818626 0.0444082808097195 0.090004143128437 0.141412737269171 0.140196072579246
0.165082310641286 0.208666931576811 0.0511684302461437 0.213871255040557 0.0126330401418945 0.101433810920991 0.106575837869506 0.140568383562811
0.0646817707715288 0.10822838386543 0.00993923353705999 0.0123162526283882 0.0621143638407404 0.201373326064107 0.403022921140916 0.138323748151829
0.222693165399365 0.144697835359859 0.0768249862409379 0.0858420050533692 0.0779944803306642 0.0642211363340103 0.275096164606482 0.0526302266753128
0.0578113679209592 0.270050861506628 0.0504939199621822 0.226890946390457 0.227895300018972 0.0381477606342702 0.0787725099221652 0.049937333644366
0.00972531909873542 0.0504010182120477 0.18251955534543 0.225095932577532 0.210177274020644 0.0232691679614271 0.178676001530309 0.120135731253874
0.189808387453265 0.0995896302354407 0.0562796260569913 0.0173580726911376 0.200736325321216 0.105152030660738 0.222107025438916 0.108968902142295
0.158602928299533 0.0186500475432486 0.122054493353541 0.0454815971118784 0.151933402461247 0.169403337459079 0.167077351862215 0.166796841909258
0.187872267643441 0.0919054321451692 0.0632637915109058 0.129216513536897 0.015613319390092 0.0859988928496438 0.344946205704366 0.0811835772194849
0.188233122535613 0.134132252639421 0.0836028516018051 0.105062011030842 0.152607042714747 0.070542633030681 0.163529693535413 0.102290392911478
0.0861960779443725 0.0686067570303961 0.213204103071316 0.0812588105700484 0.0638661033143317 0.147220410886953 0.134167086720322 0.205480650462261
0.0299532969435112 0.0989037388739785 0.190865151733272 0.159441254066632 0.203194144663292 0.197734529555425 0.000776480190207158 0.119131403973682
0.116891982787136 0.206319570697875 0.197231062799409 0.0233567320081927 0.0487208367098224 0.0866191302163924 0.181155000746544 0.139705684034628
0.0491465140464132 0.00424949238337813 0.00709152334925876 0.231937962168528 0.0649403220512131 0.133490693467879 0.397703587373722 0.111439905159608
0.0122570870679916 0.169585309912738 0.167422893052601 0.0925990893711836 0.0911219936747707 0.17172428134888 0.16885720810468 0.126432137467155
0.21006144837257 0.00866819711356613 0.120064057124456 0.1047241311851 0.102925110942614 0.10909707448509 0.136774896973768 0.207685083802835
0.155889707803368 0.134231274234251 0.0548429016378366 0.219747415666812 0.15238357416525 0.0391655700315845 0.0636481034112554 0.180091453049643
0.0766897541065245 0.144916436192492 0.0984369081292401 0.19020795907053 0.123133657533796 0.0175807204726987 0.208637795935649 0.14039676855907
0.244176592336079 0.213161827886001 0.0354183542018184 0.0953092772609662 0.0613677717246045 0.170913089504726 0.132408232147792 0.0472448549380141
0.150958409141573 0.190523469219455 0.158389918826034 0.0578490488485429 0.0350221379576513 0.0428498296317337 0.0939911541218404 0.270416032253169
0.0897809203847853 0.192281424325609 0.119638725044606 0.20139561582168 0.0283343736627514 0.23069876595314 0.123559594033426 0.0143105807740019
0.114865166869283 0.0554256824154069 0.0696853033676708 0.198395549858469 0.115840293358095 0.167264972994827 0.237610151459498 0.0409128796767501
0.0276510447292823 0.164413509267716 0.119531560865702 0.174193541587692 0.0519748987241819 0.156961173998442 0.131744314006379 0.173529956820604
0.120723597046806 0.158190125637922 0.176174876574488 0.146099035685184 0.108414152631703 0.0523558398816121 0.172776843893235 0.0652655286490493
0.16884730324452 0.124199785494469 0.139971759823566 0.175843877254791 0.171256941440809 0.147541383120741 0.0256140951796168 0.046724854441487
0.0901167754633187 0.199164810794644 0.0495120947796377 0.0036519123488968 0.147448431753761 0.204919494619673 0.133119615593904 0.172066864646165
0.111000095777954 0.113731042431544 0.168320365956226 0.168308049736359 0.15002570316115 0.0204821651167875 0.133574181592713 0.134558396227267
0.0673735510154464 0.242063086641201 0.0512086906818839 0.0770012476126561 0.162710594184431 0.19888165042404 0.0729192458019212 0.12784193363842
0.0880932024260791 0.009180932027684 0.233008067998647 0.143198386190439 0.257855714297772 0.00369951796454542 0.136745809348957 0.128218369745876
0.139482209339139 0.189150966480998 0.0600860533300726 0.186829375106218 0.101988892019739 0.162564730834468 0.111884124747397 0.0480136481419682
0.106532940510968 0.194133085428894 0.19277121363141 0.130525136044007 0.153816914265807 0.0613289372091511 0.0310333235368686 0.129858449372893
0.0458606764413094 0.0349740908966388 0.204171558370514 0.0161093518749568 0.1798074541246 0.191867988189902 0.118875763025337 0.208333117076742
0.122078305787654 0.0268992250092273 0.188916908468942 0.119587165435969 0.164466146466774 0.151947704185792 0.0440093657038793 0.182095178941762
0.100692234769668 0.210268298232103 0.134339914656954 0.176343412654156 0.0120254165384086 0.179524949080443 0.109973865051111 0.0768319090171584
0.190531721395838 0.196680272097405 0.0782929846603726 0.0988595222414783 0.125814743216465 0.0829136655562701 0.0767767926454715 0.1501302981867
0.103188277675572 0.0990490616201241 0.106259224732866 0.114443104640642 0.198252920475992 0.0199350302148557 0.160950535957102 0.197921844682847
0.0402118041951564 0.168691168587222 0.0999282693428103 0.235607464526236 0.00829141919005801 0.106999808437512 0.236761009662575 0.10350905605843
0.078872057514951 0.0995723412357374 0.0411627289233469 0.269516175543116 0.0746974027753136 0.112188279326418 0.11545078762586 0.208540227055257
0.302946425918595 0.191087846484002 0.0855344570219621 0.030814589977495 0.0190938824055466 0.189622709932993 0.0615469746707692 0.119353113588636
0.0827372085830262 0.21570998498299 0.0826698964101589 0.210255495886037 0.119587146533738 0.0312906108386197 0.0584215877084304 0.199328069057
0.122953105319607 0.0711950982690648 0.133704807212681 0.136770497805668 0.136741861329697 0.15096341965503 0.127649340857409 0.120021869550844
0.234561408781391 0.0691478487641899 0.151190164918651 0.167036515103502 0.0567331020340815 0.217735932304163 0.00818444076656506 0.0954105873274574
0.131629006448931 0.0960638767749037 0.136752291888211 0.158890444378606 0.107562990061584 0.0761911734325417 0.130231165657447 0.162679051357776
0.00100440051671017 0.248912562767839 0.256687949381219 0.151852829146511 0.0198272721878937 0.0916688439190951 0.19238838748901 0.0376577545917231
0.257812853938604 0.211589855418649 0.0399076079101502 0.230326794872129 0.0922439720809899 0.0323077753571947 0.125260572440387 0.0105505679818956
0.173132692290603 0.0421869992470648 0.117374114263702 0.181711624583712 0.089239062243722 0.147857163748398 0.217746810702164 0.0307515329206346
0.133458150071746 0.184803519398675 0.186212604213123 0.192797184635501 0.00688969621775718 0.0394314776139926 0.113770701898494 0.14263666595071
0.0767704792881316 0.0536585603148054 0.0032548689091045 0.262728905307354 0.24750777318662 0.266958686655568 0.0599579196026288 0.029162806735787
0.0376661263308466 0.168274684666298 0.0591972887230473 0.0176727239450447 0.16055111137273 0.195456321986405 0.184713799245623 0.176467943730006
0.0756205442500818 0.279877249527999 0.182662978206449 0.000395302908095975 0.235800442381815 0.0207927041917387 0.0165546280468239 0.188296150486997
0.0532165150833793 0.0377359733296008 0.260707422483587 0.037328946999744 0.256992147387951 0.129170383563089 0.211220997086061 0.0136276140665876
0.148377761338505 0.145233942405553 0.0180029384742664 0.177666975726723 0.173606078944004 0.0274925859187162 0.15058472333337 0.159034993858863
0.0282750752659163 0.0481418489448579 0.136618874817221 0.244244721503743 0.0769514475451113 0.128238144147628 0.0864919655853726 0.25103792219015
0.199221211247705 0.0789595643365862 0.146015547949188 0.0270235412195222 0.132047426986611 0.0426789104097694 0.164915237760665 0.209138560089953
0.0521994819402696 0.168344338015741 0.105913558617923 0.0244904475599926 0.118947475187829 0.120399685895798 0.212987259705086 0.196717753077361
0.0724542779556634 0.0944424575785221 0.172036154042889 0.0601808982374477 0.16962513353156 0.13962360786514 0.182065001353009 0.109572469435769
0.103146233727681 0.136728174198965 0.174483147235663 0.0694768296722377 0.113855972674175 0.107156534248061 0.131454359254877 0.163698748988339
0.155500634165242 0.092784985557102 0.12518597259444 0.13919893736305 0.153177126497949 0.177081573896329 0.151701164005246 0.00536960592064252
0.0657005112556266 0.14780417528211 0.150826998410904 0.298835736864392 0.13370425747317 0.0817531116790369 0.0377305875516217 0.0836446214831396
0.0717360658528675 0.16341625523938 0.0406044438863857 0.164495974280788 0.117310093872148 0.0386698533945603 0.158951136987614 0.244816176486257
0.118966786161549 0.0752779697272817 0.0958346002490717 0.0401945696089642 0.212201865089244 0.190379277085705 0.197911673797482 0.0692332582807027
0.0199955840267343 0.0117730138526116 0.147736050898681 0.189924125051503 0.168325995719432 0.0952725541809578 0.0594230860100977 0.307549590259983
0.0304414631776874 0.053783847200248 0.0479058727584468 0.292892303138597 0.182041960591267 0.145749546569365 0.0871293552612321 0.160055651303156
0.0961341474123564 0.0859025765592805 0.124059965436569 0.0634525153116345 0.0665487984510241 0.281127553226452 0.143256064593555 0.139518379009129
0.159398323332833 0.078761044736385 0.0907511435151886 0.15971087237194 0.155058553168061 0.110310162109263 0.110249258193408 0.135760642572921
0.114560140260669 0.200643065226697 0.158771741545684 0.126116724853113 0.0236820957154092 0.136537054862692 0.172204721874713 0.0674844556610226
0.123117059182651 0.174125059014976 0.0475209583041658 0.0640875605906892 0.162247374642313 0.185408615188365 0.0564591415926176 0.187034231484222
0.097050272708005 0.036572033600337 0.109691127988969 0.0575700695999305 0.127639769755092 0.111312136645831 0.216913568342774 0.243251021359061
0.0483426229320546 0.207522086708454 0.104210901668703 0.16389040814149 0.0734939320023957 0.187813438103501 0.0552926831949605 0.15943392724844
0.150572612732551 0.0666274381491622 0.0341638467965988 0.19364225612264 0.128510407648403 0.180679388805953 0.148786836817697 0.0970172129269945
0.0837166474062755 0.218461685248089 0.0409364168790794 0.0991965240149576 0.227258400537816 0.0982498851077346 0.184342077669182 0.0478383631368662
0.239859271172563 0.0146070366805454 0.243782526044594 0.160459521763063 0.0128327997196251 0.194645544051497 0.0786968092210317 0.0551164913470805
0.0081792294946523 0.0603567103152352 0.188526478338776 0.2016263480984 0.0539813819241578 0.205904188752517 0.100816046170624 0.180609616905636
0.135564156699628 0.169645676091517 0.182369369018707 0.0547874953735005 0.182351761745215 0.0839734849844742 0.112872573109018 0.0784354829779414
0.152398737440571 0.166584297154974 0.192703430683273 0.000627280901010063 0.181844886137598 0.118967840067123 0.0754510457625107 0.11142248185294
0.203085718415143 0.0756891408884 0.163834327701663 0.138888781987393 0.225835803860135 0.0381330545623487 0.137770350600202 0.0167628219847147
0.234136659105434 0.166727055498574 0.222838814220311 8.06226261563459e-05 0.0573597659884244 0.0606337441446438 0.108593486083642 0.149629852332814
0.191717515417032 0.0861446635903553 0.0658580392302342 0.0403226796340729 0.203397343467026 0.084508173366634 0.116930172744512 0.211121412550134
0.201653644707594 0.0709479780231983 0.00870490252047382 0.176423429316774 0.0636130640206875 0.195278836260237 0.10849831941006 0.174879825740975
0.0989250199608681 0.0336904047797215 0.082544958333852 0.0457918765009821 0.215531319732893 0.17556762603814 0.212586688120692 0.135362106532851
0.191192043057979 0.0702751654782672 0.221810430725493 0.0644079676610284 0.0200954946908263 0.0283136436204021 0.187325778953838 0.216579475812165
0.0487786726485101 0.0325559794475267 0.177185209465832 0.137004629127143 0.150375937187128 0.192338473831097 0.259148945998017 0.00261215229474553
0.162801985253292 0.060969844811563 0.199998826089341 0.162101083080223 0.139006886255382 0.0867941765827579 0.0483047433522355 0.140022454575206
0.167956877245653 0.234261106060762 0.223814914096475 0.128868646931885 0.100629466739771 0.0576146459254146 0.0639408646802749 0.0229134783197637
0.269162071095037 0.219210755946138 0.0351730584529566 0.256714568218746 0.0741071026185518 0.0836719075197514 0.0454338125498371 0.0165267235989819
0.0795075347926937 0.0926092047719693 0.104741301715615 0.10069497518684 0.166707262566204 0.167965107011013 0.2115332894084 0.0762413245472649
0.0232947034194542 0.0596837627503169 0.289812229493457 0.0783126243291473 0.115487139688338 0.0709942734383464 0.108506629510981 0.253908637369959
0.270473948262201 0.15718263987896 0.0685493046887825 0.0135197024129435 0.249187911560149 0.190570345203022 0.0499155380079145 0.000600609986027456
0.17828455636337 0.00959047001179243 0.158930966059803 0.159483933670859 0.148799734842279 0.133683164301331 0.0501219887019204 0.161105186048646
0.319333333669336 0.0594964447440942 0.0810961570184871 0.318111116769154 0.0457735965508203 0.102917505026065 0.0598365888406002 0.0134352573814433
0.128182265195244 0.187685380292415 0.0988548381930974 0.0415670730569263 0.142600928452973 0.212944196406211 0.115237564816398 0.0729277535867358
0.0723810062205206 0.189743981462487 0.0644943936464936 0.213271792945223 0.0707913807464869 0.0722824825928324 0.173103882060547 0.14393108032541
0.0615579430563904 0.171577752434928 0.262295211120483 0.0396945706725 0.0847258074354762 0.154521138485443 0.138429491256778 0.0871980855380028
0.162763725334734 0.136912283241725 0.0156569921026096 0.204282756330541 0.134835354980816 0.189598422949067 0.0187234405532915 0.137227024507216
0.208502466937411 0.11391073626264 0.0488029764470952 0.195278121793067 0.134107104121573 0.12974532218632 0.161073199155488 0.00858007309640533
0.095459802583212 0.0946834523255483 0.0702759016675401 0.0949020069339822 0.184467232195215 0.126600044393224 0.219246896543607 0.114364663357671
0.038682034352193 0.22002069192834 0.13576173959801 0.10479160287911 0.195506818623792 0.177302383280138 0.108532555256563 0.0194021740818536
0.203123465842696 0.0868455026504741 0.205828292332913 0.0921343871597916 0.103074439352415 0.0873384549208924 0.187978427709864 0.0336770300309539
0.00733329223105955 0.168955964009859 0.19485995216077 0.158198161293394 0.0914564901318029 0.150004018249059 0.0889192707772526 0.140272851146804
0.120646256189803 0.109968492378039 0.239805253109262 0.0770912526324809 0.25579796876942 0.15243322396681 0.0375135999183673 0.00674395303581721
0.184244546265293 0.108052160132484 0.209113749159562 0.0690222590457362 0.254315023412506 0.0660471394814028 0.00378615359924095 0.105418968903775
0.197299132810379 0.178960872337917 0.0124451435778936 0.181700732865345 0.0673863327911701 0.108375995004582 0.0763465016670243 0.177485288945689
0.183684336722712 0.119899303307001 0.115484059802425 0.177248203810812 0.115855624832771 0.017727925717934 0.0877038813732084 0.182396664433137
0.167664325465622 0.159382541094812 0.127620703762762 0.0581280291771515 0.166217951156504 0.147257373919312 0.169117393554138 0.00461168186969818
0.166006486563242 0.164732230768812 0.147275708255153 0.156637417971339 0.214500241123904 0.105938770680414 0.00823336932289357 0.0366757753142425
0.0966603805767656 0.00251719789416883 0.0881283865801168 0.184888718814788 0.0935709701708674 0.199725223161529 0.138245965033797 0.196263157767967
0.0360386874193405 0.213258603732334 0.203493935550958 0.153070382847647 0.215913263417723 0.00505502016499017 0.13181649447088 0.0413536123961274
0.00236649506393788 0.0626666450495005 0.146628483719824 0.214815491282461 0.0232547372429969 0.176385089840715 0.222243022515011 0.151640035285554
0.165752690951187 0.22117110360625 0.111790727622876 0.140345754575577 0.133290315251028 0.0714706965055788 0.0900894429404983 0.0660892685470048
0.144181918816649 0.0630685718687885 0.0950957870346244 0.0532522156382588 0.198288578432743 0.0011253539366002 0.250022543500445 0.194965030771892
0.126273031592087 0.0500413307312762 0.20832005734651 0.180436679917102 0.11651292022839 0.171385638509551 0.0945469201571377 0.052483421517946
0.204125503785077 0.134724175129483 0.0973579354846623 0.122550539264472 0.0518649620089792 0.126690683203603 0.12474911401737 0.137937087106354
0.121800214489213 0.00815453383417065 0.142390933769652 0.0564969959145904 0.0829458354202562 0.172275302406606 0.214129810127508 0.201806374038003
0.288348482505349 0.189442625567668 0.0556253261839799 0.202208807790881 0.139691087903819 0.00949966115649844 0.0602740262588905 0.0549099826329143
0.22847107804424 0.00407315168144253 0.111532173602637 0.189789250596697 0.0934660477280196 0.0971107640930977 0.09262489604419 0.182932638209675
0.160303829772975 0.0282103948896062 0.204741972281593 0.156480238672883 0.0471426261240887 0.166387065084553 0.184853345644339 0.0518805275299623
0.0738332962388772 0.0977019427746318 0.188956283022088 0.191364294514089 0.0656042041050298 0.0925737802514223 0.129600658568913 0.160365540524949
0.16640950784489 0.11950310828342 0.147609472529069 0.103212072165716 0.157747587663503 0.092603149303917 0.0221515553886525 0.190763546820832
0.0745664673754626 0.240894586603425 0.0597649180124773 0.159355766213851 0.0391087842459468 0.0840809963713785 0.330413880456332 0.0118146007211266
0.122354771580131 0.150752409297337 0.157436397699126 0.0823574858982492 0.111127467566241 0.209045144686554 0.0745076196913785 0.0924187035809837
0.167147092936373 0.0491941176758784 0.116235359526608 0.104501168110587 0.0172564411165801 0.207637476024845 0.0869951275605113 0.251033217048616
0.0445984436166112 0.183367305724097 0.24847087072282 0.0782893749170093 0.159557333315316 0.141130864050946 0.0105160067194701 0.134069800933731
0.0513755679031782 0.0252176621379871 0.0716038337211524 0.266114473195578 0.130025221525388 0.0814322813499954 0.194292299486778 0.179938660679943
0.257774645688153 0.237554586438673 0.0452738465007806 0.204876407945263 0.0148442197166191 0.0708060097460852 0.0322496899979084 0.136620593966518
0.247224854392287 0.206290893913283 0.139056307779829 0.0915170401838077 0.146217825852249 0.0684411836501029 0.0270988658110655 0.0741530284173748
0.0534957720426107 0.086888504488739 0.0165484472827989 0.196377030700462 0.16798282594668 0.170455768313561 0.205385285106481 0.102866366118667
0.0889849553635266 0.23429845761903 0.229209992612372 0.00915078831067625 0.0928362120356774 0.128281742189189 0.137022622659243 0.0802152292102858
0.119991188411252 0.0936138388173638 0.161060590709185 0.107114823060175 0.173792058909496 0.156385360750226 0.146170247908271 0.0418718914340317
