0.00749451373749741 0.0397985770507546 0.253949026573234 0.265304549989304 0.350140564259273 0.0833127683899364
0.0909025720808704 0.0388538138555482 0.0265772369128587 0.295844058921383 0.294614247478242 0.253208070751098
0.0869899946031225 0.181814540348024 0.205489339372638 0.35202845010653 0.109542820912797 0.0641348546568877
0.055934880394525 0.163959772744657 0.148665552886819 0.229214842481567 0.0910568979189973 0.311168053573435
0.141887000501887 0.0809661457927322 0.144003978094449 0.45842727722795 0.045244890134674 0.129470708248308
0.0261514812790103 0.0517493686821725 0.313233663310691 0.215507191288574 0.280778193009254 0.112580102430298
0.168759033870641 0.0397964375189197 0.115606731712703 0.285661820657127 0.0927865186566711 0.297389457583939
0.179551656208282 0.231076209075897 0.258873479969605 0.16844989383062 0.050883562443318 0.111165198472277
0.208889918561966 0.250047453049219 0.249703494670079 0.044994143037799 0.167534735795366 0.0788302548855707
0.0714447016087611 0.0218813184876578 0.25771881870897 0.239221934672625 0.212496579588982 0.197236646933004
0.108792662750487 0.0896466702668807 0.180618054435122 0.289914745250765 0.0949847737574869 0.236043093539258
0.129181820571789 0.204465657216778 0.0475724589059056 0.182251627360084 0.168440105670752 0.268088330274691
0.163907727559206 0.0259964408801974 0.209035077675576 0.239730770465102 0.306583487917746 0.0547464955021721
0.177191265566129 0.242926592726138 0.103437320307601 0.266628682946716 0.0399905913784803 0.169825547074937
0.200012990396926 0.0295370404395968 0.105610019173612 0.452288077688976 0.1365217252944 0.0760301470064877
0.296404514348609 0.00107173717746713 0.187498401281183 0.321833520693794 0.0299505860027567 0.163241240496191
0.372180823200032 0.449610329741648 0.0622756968309554 0.0374538418181399 0.0339041585412868 0.0445751498679378
0.197336285578657 0.151783552551921 0.110369252808025 0.237028152362921 0.123783425463413 0.179699331235063
0.391990030565976 0.248954638169168 0.0886084502264783 0.0739149484329024 0.119592552661992 0.0769393799434832
0.220011799378581 0.295513726204469 0.0227961696559856 0.269357552955892 0.0982823623383115 0.0940383894667609
0.318919824752784 0.212336680308626 0.0563531424163833 0.175170016845748 0.0602050321464904 0.177015303529969
0.261571698099213 0.243441257527347 0.0322408294165699 0.0902368690232244 0.0499089817754202 0.322600364158226
0.0144725042412634 0.255171420147146 0.445757018004439 0.0360143386481425 0.0777467546179994 0.170837964341009
0.156121432860427 0.0880667815560614 0.0536462103522572 0.283120154066569 0.254345980497575 0.164699440667111
0.276726578100268 0.261558939497332 0.240969579180079 0.0858359525355472 0.129381926722938 0.00552702396383611
0.00602893058587952 0.101367147948358 0.048554580635622 0.343428598701842 0.316713796579552 0.183906945548746
0.0748561672585472 0.232096761985547 0.160529041308847 0.172214016234419 0.231916913996534 0.128387099216106
0.277239628289035 0.0541688886024999 0.101007984554287 0.306651024934771 0.230795592484989 0.0301368811344186
0.0544388355611339 0.153600652621632 0.217739064545998 0.206661011265003 0.149845265470399 0.217715170535835
0.135182488982557 0.226528426601084 0.273491942583996 0.304271790917087 0.0190136847168637 0.0415116661984122
0.138044484826582 0.0924625454442004 0.153818697924644 0.197927669029184 0.19740110951932 0.22034549325607
0.104300512453372 0.294172365788066 0.247998552424036 0.301272637669092 0.00320586868390334 0.0490500629815302
0.250481235276325 0.0331623169084728 0.119882088549236 0.134380496419213 0.141909337330382 0.320184525516372
0.0122133531640998 0.101631996659559 0.164068771683478 0.178700076005772 0.297093282065828 0.246292520421263
0.258105832696836 0.216804725960517 0.202256505473359 0.0613915694554569 0.188516641381576 0.0729247250322546
0.125503799954186 0.237677535202149 0.23729075716633 0.0627725201195913 0.244593970380306 0.0921614171774378
0.10850397644394 0.251954853475291 0.117924310181869 0.231629923534228 0.105818187944718 0.184168748419954
0.347570814905929 0.22639613829555 0.0505794158154294 0.0905541004257268 0.0544189792822349 0.23048055127513
0.16447844411053 0.105876187150834 0.135595152494176 0.311931148361337 0.181719612978377 0.100399454904745
0.221435222255137 0.229463461393468 0.303714021428533 0.060525066955355 0.00886891749357733 0.175993310473929
0.332685892735908 0.220418274416541 0.10905775328267 0.166842699052856 0.112349782737868 0.0586455977741562
0.0953275300927949 0.249898794499333 0.226983317865099 0.178334469220125 0.113569964397741 0.135885923924908
0.228495476478946 0.0689150238197302 0.252738348681946 0.108990945357695 0.271113274440879 0.0697469312208042
0.146132526531281 0.196709020108012 0.184960254210197 0.162578034125391 0.159641829548268 0.14997833547685
0.11882341339266 0.258139438236339 0.105814697189646 0.0314048622401964 0.0949997011396998 0.390817887801459
0.119214125955009 0.108714344721613 0.0807802306135166 0.25898121541052 0.23556287141845 0.196747211880891
0.240285221265206 0.261243125683284 0.00544529371926472 0.176338992153508 0.125988012150554 0.190699355028182
0.144538701360802 0.188571765311593 0.0373898250844162 0.218761198444004 0.264774186638214 0.145964323160971
0.434633505790439 0.0915826758225535 0.194523455184515 0.000813185923729703 0.145953008206575 0.132494169072188
0.150465485982868 0.0122941385521895 0.255004342304645 0.107997118168169 0.282307231325446 0.191931683666683
0.173213869274874 0.133562537740549 0.321618652969268 0.00279793428445785 0.308075503265047 0.0607315024658035
0.120978312258587 0.127823349489439 0.251884273999042 0.0963002518005402 0.248157516928387 0.154856295524005
0.0615232734903035 0.010291201203058 0.173855800105637 0.0967503571903138 0.333327683631526 0.324251684379162
0.397867913232019 0.0474562876980517 0.0442401953534178 0.168557797189024 0.16604846337409 0.175829343153397
0.393037852539956 0.187374736808222 0.108615109093972 0.211454350346444 0.077166972819596 0.0223509783918094
0.192349310336184 0.104018313525766 0.271446860889337 0.0901341753386866 0.0821086730980351 0.259942666811991
0.130530561125064 0.316557324058814 0.217161083161724 0.2239801022366 0.0724984413771853 0.0392724880406134
0.304348000148887 0.0196455639451241 0.0770550249871362 0.0628310588173107 0.187397125733153 0.348723226368389
0.447173261569312 0.2154092870087 0.0507066123879572 0.0326416238705538 0.129922261742285 0.124146953421192
0.18300883986076 0.150850669225103 0.227364723380267 0.0331877005429039 0.225711877012367 0.179876189978599
0.279477236201629 0.259612869585466 0.0184829914615309 0.180366666801745 0.186162266758981 0.075897969190647
0.233555645465423 0.11011256593109 0.0601660869728141 0.15341167749344 0.283327523688385 0.159426500448848
0.202928189018293 0.0230410459088537 0.0683483110224862 0.317078318242919 0.0502767364454313 0.338327399362017
0.0359447316867177 0.23807768328166 0.101678045780826 0.335882354856342 0.199391539838455 0.0890256445559997
0.171398734180548 0.209521216239366 0.191533199986522 0.123077762603497 0.235837540187765 0.0686315468023018
0.0240265763158601 0.0117389796119132 0.372302103281044 0.169397341796672 0.223234315053274 0.199300683941237
0.176082832790385 0.145917333554229 0.172131476953554 0.241042600093567 0.0545550469762864 0.210270709631978
0.060754641158758 0.142656528461472 0.193433668651337 0.155744415068387 0.191789585030728 0.255621161629319
0.170234346465249 0.164976478314919 0.162726548511669 0.219969527465447 0.189249644860816 0.0928434543819001
0.0856403898549532 0.0611943049994557 0.19596939306488 0.244886812763199 0.243510555281921 0.168798544035591
0.149745230347521 0.262028756027163 0.32435348445356 0.0981925441040517 0.0235175781453796 0.142162406922325
0.0627686672252686 0.295260220448335 0.280648367981104 0.196762533765559 0.0562434929111274 0.108316717668606
0.0454612815075145 0.254209909577664 0.12145246183846 0.132703206070923 0.253604384740601 0.192568756264838
0.29115199233664 0.140151413920598 0.10216678946332 0.302742054588715 0.134927707877904 0.0288600418128225
0.125286260856158 0.020984408638572 0.269357726560814 0.167157806665942 0.247249923410185 0.169963873868329
0.165687236489016 0.0124711441038408 0.157368017926686 0.193848855099789 0.213689435326408 0.25693531105426
0.146317826348571 0.0418535444166467 0.214088920064736 0.196288809122515 0.159751321038362 0.24169957900917
0.243765557769121 0.0874441318005399 0.288802481389165 0.143645304712364 0.0735438066152844 0.162798717713525
0.192458899115087 0.0871285741708448 0.254005395778142 0.0261921257275839 0.272944364302193 0.167270640906149
0.215709948591451 0.176527864991467 0.228419581914281 0.044252353263202 0.099887023185533 0.235203228054066
0.23669280780864 0.0107303710641999 0.387480631542779 0.0711889981160684 0.0616286771770823 0.23227851429123
0.164196648456942 0.0578054313843223 0.232768970503763 0.382324074861139 0.114574554142411 0.0483303206514226
0.140219842761659 0.0250132678460059 0.149843311068503 0.333897177473156 0.256446380422308 0.0945800204283678
0.0922537082163698 0.0652656571082626 0.11233393870316 0.2756141033075 0.230318723876378 0.22421386878833
0.190102120464962 0.0883338708483236 0.23213663323346 0.136777353499542 0.264583290585578 0.0880667313681345
0.230080875842427 0.0265755194987407 0.165500351355992 0.234101900836009 0.0877222637439819 0.25601908872285
0.221085550582102 0.353293661292144 0.0492235002119687 0.0647146439999188 0.138151078784675 0.173531565129191
0.029678841702126 0.187160446077236 0.211033157428247 0.182412042542937 0.225427253510943 0.164288258738511
0.306647659491076 0.262127089530927 0.0962380794472776 0.215874281432742 0.072096051811954 0.0470168382860232
0.0390027386053611 0.192776022583043 0.00901108901649751 0.331344305271223 0.229635623622994 0.198230220900882
0.203830330500939 0.0181354941807907 0.333651705311427 0.18259349973351 0.0129766031776872 0.248812367095646
0.0109647260160692 0.206761516973507 0.286289937123194 0.137341500747874 0.0485932471300319 0.310049072009323
0.0490309555719618 0.138955268475749 0.215581982811145 0.292077426493055 0.254648134339182 0.0497062323089077
0.240522874708263 0.0852899843773169 0.0572864299200738 0.115529656345635 0.213429359866902 0.28794169478181
0.228351952772927 0.0108012370370496 0.297017275367726 0.183803117607099 0.196169309871696 0.0838571073435016
0.0916973275079596 0.363052812185541 0.101732388770971 0.20438534579143 0.188084247897261 0.0510478778468375
0.13787094033273 0.251396381375445 0.0240092458873016 0.311777534496435 0.177423839191044 0.097522058717044
0.303076255661289 0.0766214185592726 0.0299801333262419 0.427518540099468 0.00119442205695802 0.16160923029677
0.241476028808945 0.169732176708293 0.235006526772491 0.309805415006415 0.0356858992998594 0.0082939534039959
0.214998882642463 0.0618649641287599 0.187677223679041 0.132095608848677 0.208864096399888 0.194499224301171
0.382487670769712 0.243052286395419 0.079107836964847 0.230894814445333 0.0476599440587975 0.0167974473658919
0.26321694901114 0.0597751921803702 0.116920109814423 0.308117248674395 0.239921186924221 0.0120493133954515
0.205134114933298 0.173558750421595 0.176509506094662 0.169538529859613 0.214963625182567 0.060295473508264
0.215927331844178 0.210445524261649 0.16263408824609 0.0795999163167876 0.15789001577873 0.173503123552566
0.0987430315214803 0.0728150052730195 0.467805806127801 0.0101647220942222 0.241044039247319 0.109427395736158
0.0439350149291394 0.0157036248384103 0.242149791065963 0.289358563841588 0.131971145711487 0.276881859613413
0.0442254408244753 0.232646030746214 0.0350517319584753 0.236050572186545 0.237183774573262 0.214842449711028
0.222559210177156 0.156117999995299 0.195308120963508 0.173262073992118 0.0587717696850994 0.19398082518682
0.267978763196393 0.0646871854117896 0.0286223056371205 0.265929449159264 0.202327880474762 0.17045441612067
0.100307411500634 0.266641412017475 0.111994631218591 0.13967996739158 0.349067064538193 0.0323095133335278
0.00776072242505238 0.0526286981491762 0.292389051400176 0.499654826941055 0.0844037835759659 0.0631629175085738
0.205592964737942 0.198304929737905 0.225555142471759 0.0514454727914868 0.188830339239082 0.130271151021825
0.107603616933035 0.106013919878428 0.100305166067636 0.124004256476625 0.167485373670312 0.394587666973964
0.108100130192252 0.0478255335183067 0.178426710307733 0.168913559590915 0.169511134155698 0.327222932235095
0.266704867885527 0.0392584405938407 0.235369602930975 0.073589525517923 0.106320684567421 0.278756878504313
0.173697451509409 0.314796130368532 0.0322519452779453 0.152916812497323 0.225171673643172 0.101165986703618
0.0513193960757321 0.454710954973438 0.225922035821431 0.158729577855294 0.0415112072760376 0.0678068279980662
0.0577554174080167 0.275802715655227 0.0604883850728938 0.0653229955324762 0.25349328027192 0.287137206059466
0.169086999002734 0.140115084357037 0.205902013064975 0.229517227276958 0.032837856998713 0.222540819299584
0.461193075645445 0.0372157970996321 0.0140960632342446 0.279434643061613 0.108651126143956 0.0994092948151098
0.356172033154956 0.0153266530339291 0.0913678563239515 0.156666199155808 0.300842448585684 0.0796248097456717
0.207781848238141 0.250393857319605 0.187695284599143 0.0198029294196282 0.19212232322009 0.142203757203393
0.0624725498271702 0.11374209301889 0.251520030712775 0.118841520487709 0.265005216359115 0.188418589594341
0.223923510869415 0.166731270198537 0.105014034893164 0.123400737536558 0.185883746255245 0.19504670024708
0.354061611626572 0.215362445903071 0.0231532532571992 0.253259410911964 0.0798944177954615 0.0742688605057318
0.0924738505483276 0.177099255298206 0.139542769693297 0.174575687841994 0.191499753234109 0.224808683384066
0.11842125324584 0.00607769740045868 0.299301490150997 0.203377147119287 0.199447094828238 0.17337531725518
0.082644338092958 0.21389455324335 0.116594237350162 0.241521255905858 0.12689085864824 0.218454756759432
0.200310864992048 0.309393923569278 0.137315759864593 0.0189035473366344 0.264295837574215 0.0697800666632322
0.133619651892897 0.0892468633908467 0.265695966096835 0.190870599354516 0.0828932357154948 0.237673683549412
0.247134172403102 0.103199779650507 0.0260843214987011 0.12276832739916 0.448621110911286 0.0521922881372442
0.0641418643117695 0.339264257226769 0.225364413532724 0.346383034817834 0.0186258325927954 0.00622059751810865
0.132307737255775 0.0569358966115946 0.291130975885094 0.234366887628956 0.236943492443939 0.048315010174642
0.0512772240421898 0.302155989330881 0.0980001631904691 0.0888884706774273 0.337564193374886 0.122113959384147
0.203351017687896 0.0892758171460452 0.166264267083593 0.257787507572053 0.273967300576889 0.00935408993352485
0.0437712515719274 0.176363472921408 0.224688133792814 0.0382903429540801 0.202588407933552 0.314298390826218
0.0774015886246433 0.238337220059635 0.0367611965788063 0.122416686670002 0.208463814551577 0.316619493515337
0.0920372336542537 0.0622938037425233 0.293338494637707 0.123322816664815 0.239838716014748 0.189168935285953
0.105711075271354 0.239160017435854 0.0467050195075095 0.172898727300744 0.174305247724453 0.261219912760086
0.100053913472499 0.108420715083489 0.200336155333498 0.0590112012347689 0.283431627159376 0.248746387716369
0.0712875601866993 0.147145335717314 0.208083783899554 0.212579426751293 0.125954109742065 0.234949783703075
0.168533652779307 0.204892835310275 0.195145256840126 0.255996009885782 0.0120053937093617 0.163426851475148
0.0840776043197917 0.126825707052882 0.214819413922132 0.100812754199177 0.278878824082828 0.19458569642319
0.200155054024358 0.193392359653924 0.125486235072153 0.234125407693832 0.123412146389315 0.123428797166419
0.282976554873357 0.0825854072700501 0.112751143939561 0.0351864496658722 0.278325983435511 0.208174460815649
0.16107325769839 0.380658491910003 0.18465515146439 0.0854493601827478 0.00581449133473544 0.182349247409735
0.0937043924148695 0.285500303700931 0.161031770373879 0.288586674981946 0.110930158316251 0.0602467002121237
0.343628600123952 0.12318889720228 0.00525130794080617 0.0291932410107545 0.199642859580726 0.299095094141482
0.0679363934578306 0.222779207369187 0.236607176476184 0.230826763361251 0.20335286676284 0.0384975925727077
0.188771877731012 0.0854676956272911 0.250453720069511 0.0846375925822591 0.131454408748367 0.25921470524156
0.0412514906025771 0.252115572734054 0.266817296102164 0.135777062957363 0.143724182928733 0.160314394675109
0.123517871228357 0.133650720997743 0.0583051257838725 0.185457418765044 0.0711298604847933 0.42793900274019
0.0895107383746434 0.154685559274797 0.0882842011159481 0.277726424004676 0.274708553686189 0.115084523543746
0.0936334465121111 0.311425274074055 0.0766249213200576 0.345237551592056 0.066244364640793 0.106834441860927
0.020015904364574 0.257090861765576 0.14453449581449 0.0631100772191325 0.432297525923555 0.082951134912672
0.0842877469075713 0.168696503031263 0.250410361905659 0.155461534044469 0.156686584269385 0.184457269841653
0.23180889552012 0.0783283431650525 0.103415062081339 0.227613934077334 0.240534977938962 0.118298787217193
0.0552387935091719 0.314637899584262 0.00812914666212953 0.281243249610914 0.280159528650104 0.060591381983418
0.124882392067522 0.0711873431041229 0.208491562956476 0.262110095222585 0.114591811574442 0.218736795074851
0.186615822946186 0.194821606192801 0.226666339152776 0.230875638907346 0.117967637350793 0.0430529554500985
0.0163887880846162 0.0817841711720947 0.25684998639383 0.237453282987564 0.288642471216226 0.118881300145668
0.0583283902211398 0.204911853495149 0.257479665164779 0.292005162810466 0.0143371475868001 0.172937780721667
0.0219232579294197 0.21478390609531 0.435881490924379 0.225671454963201 0.0476512859790238 0.0540886041086666
0.213189441806935 0.015143143677994 0.258629506269078 0.102789204831158 0.256843941459307 0.153404761955529
0.191865928139181 0.121507557539762 0.0705818777142355 0.213317813989153 0.195671038741355 0.207055783876313
0.266597810045474 0.124509186208677 0.26282700042097 0.273339224398795 0.0267177696407449 0.0460090092853385
0.174801421216944 0.198759015322171 0.122349628696598 0.240799960298595 0.120162889956197 0.143127084509495
0.054919214602729 0.222671127763702 0.0860676704535969 0.324584943972653 0.163986455640859 0.14777058756646
0.200048383612677 0.347918729148615 0.0773722339304223 0.174818240861522 0.0372358576192471 0.162606554827517
0.330789798526893 0.217201090013069 0.0994244720819759 0.12824577880063 0.098210205349688 0.126128655227744
0.172005731114414 0.227125505780836 0.084110103129862 0.229657256336969 0.0622621581880163 0.224839245449903
0.0850807933127187 0.183750501021035 0.299861290492378 0.0816538530527747 0.279287610620754 0.0703659515003407
0.0794755178793504 0.0730775327213085 0.158962829656495 0.283804517765318 0.13243239321254 0.272247208764988
0.232689953087751 0.248179040073972 0.177967998219045 0.0661168991568129 0.0517667374483492 0.223279372014071
0.197838072101149 0.129150302061207 0.208969918295015 0.197494491228164 0.258103684624254 0.00844353169021018
0.0334740601196683 0.0718037671441417 0.144480716103045 0.220127503986458 0.310167233355529 0.219946719291158
0.128296824120716 0.0933781243380685 0.260487486380145 0.079508559918609 0.184216503379782 0.25411250186268
0.34217298828495 0.054587605878827 0.213666361668952 0.13065704471363 0.219628916057182 0.0392870833964587
0.219671717159251 0.0930059549890216 0.191904051380108 0.191218642630622 0.128333621163502 0.175866012677495
0.211902042694832 0.00016692893079551 0.293708135495087 0.143874774926939 0.175123875457703 0.175224242494643
0.12715959822303 0.058054643174043 0.168791475959635 0.242767967755107 0.139961734218961 0.263264580669224
0.155835321883909 0.080699272955969 0.20678529078379 0.23338072834204 0.18191366069289 0.141385725341402
0.369190401781382 0.172963369214609 0.385418351755786 0.0436573823325167 0.0161496647707682 0.0126208301449381
0.339021940693294 0.0926250116216173 0.05712458922666 0.188885888639043 0.049670184059858 0.272672385759528
0.201115296737252 0.149747333357322 0.223976545052279 0.112805997818518 0.0601653598785748 0.252189467156055
0.149582328825641 0.158982873509886 0.0872077530160493 0.219174784573636 0.208652925267409 0.17639933480738
0.0973080394939929 0.331826131638705 0.15910872507401 0.0991706999528162 0.112749091909892 0.199837311930584
0.183984523418711 0.0181778150170209 0.299112207790697 0.380420098250778 0.0477360948111588 0.0705692607116346
0.0358599087798244 0.0940040006735356 0.14796786337409 0.220598135175349 0.253106937400674 0.248463154596527
0.395739364859886 0.0211221128208812 0.418412470816517 0.0884104608301418 0.0044303853515596 0.0718852053210151
0.468100896993404 0.151780855290429 0.138710149254922 0.0879314765542071 0.0143431729980982 0.13913344890894
0.100533986834678 0.056643442762658 0.0339076132122201 0.266701775382967 0.254019525971811 0.288193655835666
0.240527837511849 0.00242833004624537 0.153770844410991 0.199864248087079 0.31677467447798 0.0866340654658563
0.093576503989875 0.135836591127845 0.0503812412363565 0.193362005812752 0.268670166296447 0.258173491536724
0.1285996587158 0.180538879529748 0.217962770447447 0.228375505581087 0.11891078129237 0.125612404433548
0.262143201815648 0.064129409673457 0.305055745412542 0.160413399089157 0.0869191750555773 0.121339068953619
0.155729962967372 0.279898701464115 0.183880957324724 0.251328307547685 0.0852229911657335 0.0439390795303709
0.344468796420501 0.0184056104630135 0.207241303906111 0.0737611562962486 0.142791613030264 0.213331519883862
0.135031840882608 0.331118464153282 0.030448374144008 0.0243783481761253 0.1631694470359 0.315853525608078
0.217626429652489 0.0147748961807403 0.237847208097667 0.135391011151931 0.167312990381821 0.227047464535352
0.180831380066195 0.086889447467872 0.203437572833425 0.0205582002499899 0.318108692789796 0.190174706592722
0.0280055610298016 0.29101461236942 0.193245267199713 0.057545081439041 0.175018971273655 0.25517050668837
0.02468394462396 0.0825065805191197 0.285367094573828 0.12248177555019 0.161445294186814 0.323515310546088
0.0684432143024414 0.170516265293391 0.182213580548977 0.240941267226607 0.246805015465664 0.091080657162919
0.158686556065604 0.302146487350132 0.169086832319831 0.207148161292288 0.0108628362682724 0.152069126703872
0.0780865262091727 0.0849766024624808 0.240321404970755 0.238315709247303 0.246393559978423 0.111906197131867
0.0192515120394979 0.193491349820224 0.0970406736273975 0.254013282709015 0.215774210779129 0.220428971024736
0.118594114085206 0.0579136925792033 0.230951492946755 0.083884469890026 0.218290563218918 0.290365667279892
0.18605162619989 0.141630869724698 0.226309485583778 0.209891547012568 0.0818111911029942 0.154305280376072
0.0463457320305381 0.167354405911521 0.408224468065663 0.168489253724113 0.0820129568412055 0.12757318342696
0.228345735843635 0.213613837906733 0.0482276772761146 0.225319959981554 0.0322903480328057 0.252202440959157
0.24346109706807 0.152977227014861 0.222405609749675 0.261599912957821 0.046977063834028 0.0725790893755455
0.105796347652969 0.244888820525222 0.0860855824639929 0.253236535542634 0.137450615924382 0.172542097890799
0.192679078549365 0.132994779681302 0.135060442196881 0.117575766410982 0.0705812935080972 0.351108639653372
0.0572267469847426 0.0382987215212343 0.298403176064286 0.382097109681414 0.210502984284259 0.0134712614640646
0.0933348616297256 0.153511548385424 0.0867972957927436 0.422756748556779 0.115194271376146 0.128405274259183
0.19868002089646 0.21490647385092 0.227198577535145 0.226380613018737 0.128852778120767 0.00398153657797173
0.224284091775007 0.110179085527386 0.0503859632399316 0.256285576361737 0.168442123007939 0.190423160087999
0.264545176738318 0.129949375727866 0.258675014115849 0.205155316827882 0.113806795895889 0.0278683206941961
0.0360031090084493 0.533965550063704 0.138256425164071 0.0492618701290173 0.169485447942015 0.0730275976927437
0.220831186896377 0.066961459630383 0.294784321430564 0.215163414899237 0.17943130508339 0.0228283120600488
0.118053908001861 0.271548383174194 0.265567040422959 0.115435881111085 0.00533835648497403 0.224056430804927
0.141935193296805 0.272471093045107 0.226314477311181 0.0835381002358615 0.0171739816236437 0.258567154487401
0.349246991736171 0.0680117146670093 0.0703841789598728 0.262478862573951 0.245633914460581 0.00424433760241494
0.28194724493533 0.133827028746335 0.0760279226789216 0.226692144410095 0.0364297766263376 0.245075882602981
0.391953625049924 0.00265124769477522 0.0196835244180739 0.313299530448962 0.270437710822114 0.0019743615661509
0.372020301362843 0.0168751000657641 0.330107314122569 0.1221050247822 0.0205586671360423 0.138333592530581
0.153844521023953 0.0478735186476491 0.312340021981515 0.135157518682079 0.20567550135689 0.145108918307913
0.21692819895592 0.261621419346336 0.0291225478495342 0.0184706715713476 0.226161979453953 0.24769518282291
0.235961080946799 0.125026772420482 0.308568831405023 0.0178445982214783 0.22007881387274 0.0925199031334788
0.268183489396943 0.106448055401207 0.199770534322954 0.144627039962747 0.0199590995377971 0.261011781378352
0.450487104836356 0.225611189376117 0.0389774794551754 0.243086487372038 0.0206498300973499 0.021187908862964
0.234423110606652 0.229198363292417 0.141037803831249 0.0480101366194762 0.260258289344385 0.0870722963058209
0.0767005515516568 0.344762911994816 0.159394467355868 0.0321013411799206 0.289205248329799 0.0978354795879395
0.209468213587022 0.236848696954616 0.191257530536133 0.203260256919329 0.0818532768401931 0.0773120251627066
0.0801172763785152 0.139211386801253 0.193344378561481 0.254312318863947 0.268984176872532 0.0640304625222713
0.268431830674757 0.158287041088483 0.219113396562508 0.159953908131123 0.00138357686627314 0.192830246676856
0.234618962077147 0.189056362184777 0.114111296672858 0.222795772646286 0.138558654686443 0.100858951732488
0.0185628522711859 0.00397252961987447 0.249414875784104 0.141252652285382 0.329730560315053 0.2570665297244
0.00908593346573232 0.11290793647865 0.283284652081966 0.211695468005815 0.0611228559736209 0.321903153994217
0.138358337983496 0.265416666494069 0.249784534035035 0.0247306713066614 0.173193312815627 0.148516477365112
0.30200127335391 0.233293267644531 0.179204257394399 0.116006660237511 0.0382959606456028 0.131198580724047
0.233449515891845 0.1236467234412 0.193615960200819 0.0197327320267754 0.208622943862537 0.220932124576824
0.278987667586468 0.0243843451439799 0.219560808431749 0.0558668454109065 0.105350843628124 0.315849489798773
0.0641298444105408 0.0262775309109501 0.190834500482227 0.125743548690401 0.328148858259839 0.264865717246042
0.232834444579569 0.0954720827464384 0.314335781963449 0.0514600448567152 0.0608711810041033 0.245026464849725
0.100628560657966 0.333268063390321 0.0779565060278893 0.146156522360995 0.244539285368072 0.097451062194756
0.148196861203631 0.132941144355112 0.336902513039244 0.255865673354716 0.0791223623381029 0.0469714457091935
0.193337366654789 0.0861488831094783 0.158677257954216 0.22207760527721 0.147309024883466 0.192449862120841
0.201827195428956 0.100123787513791 0.0394792814209612 0.306973735104432 0.189137435598846 0.162458564933013
0.0376346205851932 0.152313885834846 0.188240173297114 0.117240672527602 0.331299389442403 0.173271258312843
0.0420269277508802 0.163572080301789 0.217975715491569 0.229711500874147 0.230897509497748 0.115816266083867
0.206983430957627 0.296535769049573 0.0508957856134834 0.150952370067725 0.183104476044193 0.111528168267398
0.151002521723057 0.192003013361932 0.247713587104219 0.135311854199077 0.0845830732084427 0.189385950403271
0.115985133604102 0.247713531879689 0.0246215562077181 0.226052097857001 0.0176450430672142 0.367982637384276
0.295855745661928 0.343479209226914 0.134367225056813 0.13793742638616 0.0237227776981719 0.0646376159700129
0.147200872242024 0.205003553024685 0.277644248531834 0.213636701897151 0.0787221574542225 0.0777924668500835
0.24716020170326 0.180148880492523 0.225232581082642 0.242413497564474 0.0816031092751076 0.0234417298819949
0.23888620991137 0.109104810819921 0.235018981010774 0.0933868231497661 0.278686144088099 0.0449170310200702
0.262444931081992 0.247170338696904 0.190319702223602 0.093163215644008 0.00327626506531018 0.203625547288183
0.0807936849656118 0.0736869122346419 0.084051076668901 0.355371922658773 0.216363345106505 0.189733058365568
0.063458703818301 0.0745403865485961 0.247393583059848 0.0344773421998293 0.308022745507579 0.272107238865846
0.143292641091047 0.100765883213789 0.0803014008578355 0.0952374460387213 0.396416540230343 0.183986088568264
0.0455984362023928 0.157731748283307 0.330110681600244 0.188375421745787 0.0438957878656986 0.234287924302571
0.373428814702362 0.318632997981332 0.0395035750823659 0.136981599936845 0.104528671944804 0.0269243403522902
0.154214089091002 0.329123196787579 0.0719430412884532 0.174998533639221 0.265669976947633 0.00405116224611117
0.0526754831961876 0.335043009333231 0.229989861119949 0.197120518739126 0.0114644732205987 0.173706654390908
0.0855295981511517 0.273217089106688 0.104262995028764 0.0887845937332083 0.159771800726866 0.288433923253322
0.251973571135401 0.389565052739121 0.0693305998899229 0.0753424369642881 0.117884808438625 0.095903530832642
0.141560504850038 0.250175539131318 0.00162949347795876 0.256351093194022 0.129233862672341 0.221049506674322
0.218499446799169 0.276455923778839 0.0174625533347512 0.264674744701703 0.14495627318216 0.0779510582033775
0.220841119854679 0.0157513067768412 0.318566792181852 0.11045331746433 0.0808688073933101 0.253518656328988
0.218230318786315 0.198359199864002 0.228455452935795 0.12292005182457 0.0182824237133626 0.213752552875955
0.184673245700166 0.157057358261408 0.172024315750019 0.293878687089275 0.164858761542018 0.0275076316571133
0.0936613906118973 0.24562991867696 0.104487182243073 0.155628912911392 0.193878130238832 0.206714465317845
0.303531382773036 0.271084916406608 0.132173996892878 0.169024516271027 0.00526646415251821 0.118918723503933
0.193766867103029 0.148296885156573 0.0720202891534599 0.191530998661117 0.199685240462025 0.194699719463797
0.0503356484727123 0.128637533490133 0.331671298621292 0.030224819588059 0.191153396261363 0.267977303566441
0.242681180710042 0.228594077740297 0.168887201360641 0.276923268262758 0.0630383999111263 0.0198758720151354
0.161178940560464 0.0810749398552742 0.13718253430127 0.182719646127375 0.263605597614633 0.174238341540983
0.160666674247391 0.14907749063556 0.0677786384992714 0.259732875097929 0.22663526422341 0.136109057296439
0.222144805851292 0.199462807983621 0.0543594520910178 0.173653622992966 0.211796908199091 0.138582402882011
0.159996380214078 0.120523257294395 0.244324567380137 0.223581588509443 0.224323290400861 0.0272509162010859
0.0429248167775856 0.232270640935634 0.200964505283303 0.204175552352143 0.19378927063723 0.125875214014104
0.322983161478281 0.14663252663632 0.142987516788181 0.121201342101378 0.0175878208567832 0.248607632139057
0.281340654810845 0.162165464396361 0.124966419111677 0.222305919542649 0.0947005766709412 0.114520965467527
0.166697102003418 0.263881803172559 0.0782061735535846 0.179808039924383 0.16739169844263 0.144015182903426
0.191698350731056 0.161724727727961 0.159687328676355 0.194622360481605 0.234768960858523 0.0574982715245007
0.0340300728341008 0.106087307189452 0.168712925826648 0.1660170808307 0.243488277709734 0.281664335609364
0.16133887347324 0.228883047970816 0.0775751039291812 0.0594432764464314 0.229658986872974 0.243100711307357
0.170408577155347 0.175508067828117 0.159819281782848 0.0805502243330981 0.230737941611064 0.182975907289527
0.0874436778997292 0.0578758650747205 0.269792538597454 0.166417532823919 0.222935898770411 0.195534486833766
0.126927671757691 0.292309966532 0.055496143401128 0.0501864785464365 0.337972416849448 0.137107322913296
0.240491010675084 0.168974229663326 0.232668173378473 0.000615799247016085 0.234776267601178 0.122474519434923
0.0295693495596037 0.306667089237844 0.142735859211266 0.011431119483777 0.413269788892114 0.0963267936153953
0.161041334739096 0.110713000182458 0.284543017434305 0.123839425804076 0.204106746497118 0.115756475342947
0.309571240228049 0.106504781101117 0.125051001750351 0.0568495465486553 0.29880973161893 0.103213698752897
0.177222562044613 0.0876659608112286 0.018426698516167 0.266729028434018 0.171810356042522 0.278145394151452
0.208440127665618 0.238241593902193 0.0913372827666539 0.15404840002433 0.166535067866542 0.141397527774663
0.128402095987245 0.036584936021337 0.203289377973649 0.112317052869204 0.351517539070979 0.167888998077586
0.194567094423679 0.151627013343513 0.165577677221485 0.143815526205784 0.300121929249124 0.0442907595564149
0.0870573061074933 0.202568182702206 0.229845462666683 0.234022865380391 0.143421669662475 0.103084513480752
0.302252233673997 0.223594468886331 0.236628612457441 0.0566173194233558 0.137305302889162 0.0436020626697132
0.251373212006262 0.0984382988625983 0.0347316699668083 0.34935543561993 0.131897032071514 0.134204351472887
0.288047324121789 0.0863899058064206 0.160913936872865 0.166418440839713 0.067203395765823 0.231026996593389
0.0814356853508425 0.170401440013613 0.277942603323708 0.125362502188602 0.163108923033422 0.181748846089812
0.255266561604347 0.111324670704656 0.155423213684534 0.0617707270245706 0.0116421063820131 0.404572720599879
0.343068591602604 0.282789290621925 0.175247111160176 0.0828012991896804 0.104622077401248 0.0114716300243667
0.0983749498751853 0.166663583560628 0.258307719104818 0.278952831513399 0.169934240401389 0.0277666755445804
0.153944052280243 0.0477331180287814 0.21542614375087 0.158695380514863 0.12273162673135 0.301469678693893
0.199557702055628 0.0778479249499552 0.141091994339225 0.218858078488533 0.164348712837338 0.19829558732932
0.248868317398846 0.289525113347014 0.249500044955361 0.00949484466467578 0.177592847892167 0.0250188317419367
0.135000410727026 0.0622087801692456 0.278045610552434 0.0533256950388523 0.293367462810022 0.178052040702421
0.147629295112626 0.0501858386786197 0.0443827390101958 0.321854985998846 0.108699810610363 0.32724733058935
0.169816080861364 0.168875118057225 0.369749759741854 0.0547403135934019 0.1919144656553 0.0449042620908546
0.0278280012311614 0.0389584105097014 0.253156649993835 0.312096257890474 0.131450469800052 0.236510210574777
0.0817909223473317 0.240551173075365 0.215214901909322 0.177389051830797 0.105217726895376 0.179836223941809
0.317064526570432 0.243364033855632 0.0183049538126923 0.208490074663345 0.174700516675707 0.0380758944221913
0.195970832861273 0.327845174687263 0.123059756261472 0.0270850083988873 0.0444750631664066 0.281564164624697
0.042878957299497 0.0739351615437176 0.564751507282715 0.043960322266459 0.0848674517461782 0.189606599861434
0.0119425922205664 0.0342602173041038 0.0428372234749943 0.535763415682494 0.26284717862806 0.112349372689782
0.281338576612741 0.0590848126403031 0.00174539354963168 0.207876175034705 0.20887770516592 0.241077336996699
0.221068055002473 0.0418798049242261 0.192300855590178 0.104749135931581 0.224358432755456 0.215643715796086
0.0632695356741544 0.25153155362879 0.148379864476859 0.105222002828242 0.267704348111014 0.163892695280941
0.262348662978743 0.273421778020843 0.146394205590785 0.241158899875581 0.059020590771695 0.0176558627623531
0.128702875185839 0.208778227249543 0.196896654282053 0.120477417682278 0.156160097502063 0.188984728098224
0.00695529198644222 0.242909432715101 0.133863512569498 0.1790522307553 0.241715806033581 0.195503725940077
0.25014777781566 0.241386911659064 0.0614223203322045 0.189752802361699 0.0642030814286227 0.193087106402749
0.201526573908488 0.0641385379028817 0.162592667151856 0.224886934184679 0.164245874820042 0.182609412032053
0.0753546662819926 0.244644872906177 0.0421080904051078 0.176923251857836 0.261373129519312 0.199595989029574
0.0994822679729194 0.0632358147247516 0.198670112921963 0.217032924789519 0.152791807027055 0.268787072563793
0.148231817268429 0.0109192092718927 0.278902702797573 0.296072430260488 0.00781133901051786 0.2580625013911
0.208629247802198 0.269832549414762 0.169097596623717 0.243230649284441 0.0618691267676885 0.0473408301071936
0.0603069351581385 0.064152172491702 0.316389102332249 0.153633167117125 0.135747510583982 0.269771112316804
0.146331203910148 0.262125973656207 0.258520637118675 0.00188918018453461 0.221794443676969 0.109338561453466
0.200301172531176 0.141094845394138 0.107852564109604 0.0537798929800288 0.135768238463454 0.361203286521599
0.314150920488809 0.035084332202447 0.145563226988421 0.168360730885318 0.148675442834711 0.188165346600293
0.211495054111336 0.206580310806425 0.209667683684593 0.0753521972958129 0.127669365023267 0.169235389078565
0.224096413535484 0.0905888360677546 0.259239987924397 0.24115943340402 0.0335509156256249 0.15136441344272
0.07857772692227 0.493151902061211 0.101381346165495 0.126458119192148 0.0865450974633051 0.11388580819557
0.0951605798801132 0.0122490176999374 0.0346060939287326 0.149761613999524 0.338745955991857 0.369476738499835
0.200044854034686 0.216359320542608 0.340277434114855 0.241784247060517 0.00146938226438029 6.47619829546606e-05
0.289181269921102 0.069929313767752 0.239880525498008 0.190292992106315 0.155872145548381 0.0548437531584423
0.31265111483934 0.0656427618746131 0.163992612052011 0.277216339358237 0.0424285044493573 0.138068667426441
0.289973621897562 0.0187561831423913 0.162670381661298 0.163002490539399 0.184967882057101 0.180629440702249
0.220436002201447 0.1681801965471 0.0157826297701151 0.213599545536432 0.247504008391461 0.134497617553445
0.0515503553438114 0.27758821848114 0.153587785581594 0.24459502719402 0.255222593881865 0.0174560195175694
0.306679044444878 0.0759090456719782 0.316148702906147 0.0674128519832852 0.225685907520997 0.00816444747271484
0.159956455798544 0.141762489521421 0.0960901051192228 0.107658106932873 0.107153780374681 0.387379062253259
0.244783294830442 0.248061729168815 0.0145790010669323 0.205065616178039 0.0551036371732398 0.232406721582532
0.15934136664397 0.339380095032907 0.167506494100689 0.117599071339987 0.0318965102033724 0.184276462679075
0.119121097623299 0.179052229613175 0.198092850445179 0.221701360505961 0.223863760063478 0.0581687017489074
0.0372533936328244 0.297334790290248 0.144316909370168 0.0972983973432152 0.249330766695737 0.174465742667807
0.111941542588236 0.223055738727873 0.129094387254332 0.168570468445483 0.177693893916094 0.189643969067981
0.0327776087127951 0.130106551073598 0.291827497501475 0.248914201329577 0.144254854093166 0.15211928728939
0.0013715726675708 0.0154451417909661 0.354410134220009 0.263577665887065 0.0371695928724516 0.328025892561937
0.242891196810242 0.0837148061339094 0.247014833177688 0.305774358738569 0.0271031196970239 0.0935016854425686
0.267397178758639 0.0785961970491757 0.143599804671517 0.23111839020634 0.0820358841439932 0.197252545170336
0.223360312911525 0.347305182854212 0.185987374808273 0.0299484009948435 0.158191694484781 0.0552070339463648
0.203959405528385 0.00297560803994916 0.183457956394015 0.0958418370362024 0.165449014494252 0.348316178507196
0.148302567873099 0.239426116590785 0.19856308015741 0.0179736342914294 0.234056315303546 0.161678285783731
0.287378408853878 0.13529004437481 0.0369685541913064 0.294748315073493 0.189245831904101 0.0563688456024122
0.226022208974512 0.256963726185021 0.189933131432616 0.0020468763388404 0.196522735760179 0.128511321308831
0.0919477946101954 0.100588892028836 0.237010936598115 0.23308924249453 0.291157478741712 0.0462056555266107
0.0830491759638706 0.143184330016064 0.0665399851191309 0.309705083083705 0.133146605609165 0.264374820208065
0.00518833529974816 0.0460806781754835 0.460636668626111 0.0469414354208895 0.106155269547995 0.334997612929773
