0.28153672419664 0.116693788702196 0.237919701402459 0.144956134607199 0.195437067129775 0.0234565839617294
0.0266114256800037 0.03455855238305 0.119308888374346 0.377515298698002 0.365774490257393 0.0762313446072054
0.148972658614788 0.107900238505295 0.294172181478186 0.018325762917741 0.158848425373405 0.271780733110584
0.145846114100271 0.0651383085902258 0.0162414977045947 0.296820854319093 0.258764864182924 0.217188361102891
0.220451729520948 0.186322259322596 0.29871694432303 0.102698409029607 0.155373596530663 0.0364370612731556
0.133263905985684 0.104248967201542 0.18457567376103 0.0810808196537155 0.22040835029248 0.276422283105548
0.130621240419494 0.34423175015392 0.033826532550533 0.114272173358789 0.166343404148188 0.210704899369077
0.0764413989348041 0.129402462238385 0.0935993461500457 0.239386165875522 0.197160359767329 0.264010267033914
0.221985781623504 0.18500539999835 0.218691899618066 0.160263682580678 0.0456562632139222 0.168396972965481
0.181895401767495 0.0519612671096696 0.0250961608124071 0.352594138390631 0.137804921898309 0.250648110021489
0.0511121804859788 0.12564485647164 0.109511634402544 0.277927824250454 0.270071591833866 0.165731912555517
0.133457067230807 0.0307904753550676 0.071944388046982 0.187255031110274 0.292180272343456 0.284372765913414
0.284017739117795 0.156469921049638 0.31062174447376 0.151405698334283 0.0351571314597402 0.0623277655647834
0.179662553350836 0.122584156256582 0.155858339627738 0.147304327498881 0.20971900952197 0.184871613743993
0.167927528378771 0.362296817436698 0.0196475349347186 0.31375718838863 0.104863229564924 0.0315077012962591
0.00808665344684558 0.197699977386176 0.156282107016192 0.282159141257898 0.25988447793832 0.0958876429545675
0.259079504808891 0.0881553839731025 0.0737302865818011 0.105649970287285 0.293812436904201 0.179572417444719
0.291092151667858 0.0211404818148411 0.29092811853986 0.133131745576921 0.158000297961291 0.105707204439228
0.263511294944027 0.0734383378812749 0.266240278098196 0.0565063333294383 0.122874244532951 0.217429511214113
0.0803410441240317 0.223348503278764 0.213256352036702 0.0394466476950727 0.138970949221847 0.304636503643582
0.143286476925049 0.0670399626335483 0.354960196203438 0.160803851263987 0.136965004399327 0.136944508574651
0.119117524088351 0.219101175353848 0.20188011456461 0.263034760148597 0.195979024778995 0.00088740106559837
0.0697344496310527 0.220051382083216 0.198531884787686 0.101877392894787 0.197661449150977 0.212143441452281
0.286978647491248 0.276233818129089 0.258470522247967 0.0133676267099186 0.153157190809219 0.0117921946125584
0.304934270105688 0.245952608267713 0.149637108670635 0.0496251737954262 0.189321446866603 0.0605293922939347
0.0526276114503281 0.249659127527006 0.250463961134927 0.0837578223917848 0.176482267890456 0.187009209605499
0.0910415586367043 0.255714042407532 0.127501800862095 0.0561823414190962 0.280323655460119 0.189236601214454
0.287211562630434 0.0134956672737668 0.00816498101407345 0.463819211635715 0.215269988221806 0.0120385892242047
0.16120069608236 0.0832816591517451 0.10933982441388 0.181349963726267 0.396938036814839 0.0678898198109093
0.0581064342238516 0.29592635995582 0.0327406803524884 0.032725295575707 0.310220906423307 0.270280323468827
0.00690283062627481 0.309221614362191 0.274813695595893 0.0807993482205287 0.124144489842955 0.204118021352157
0.214192726265521 0.0675131635787598 0.248887668309101 0.0623930783431051 0.234289161595672 0.172724201907841
0.122070153404799 0.115205977672891 0.22391328524243 0.0725350865136545 0.1743532596008 0.291922237565426
0.216031570398501 0.0876628976801125 0.145977963290348 0.258311935546848 0.184147295235023 0.107868337849167
0.235048472607646 0.161379037145396 0.109323840023468 0.161284519630811 0.127158161690804 0.205805968901874
0.0919849756848623 0.373251758279402 0.154683267275543 0.103466958372384 0.0729872980187293 0.203625742369079
0.0462764555663669 0.0519873875484203 0.2897964238957 0.268229947605449 0.216142523546094 0.127567261837971
0.228122971939637 0.0854213253955261 0.170989059238439 0.108744490635604 0.164934981013067 0.241787171777727
0.127534702888526 0.171491746006917 0.0475634302626169 0.217753036496201 0.204058747311079 0.23159833703466
0.0875275206701117 0.0746872604809061 0.217422002757421 0.163632735068733 0.237751502492724 0.218978978530103
0.175655857950026 0.026096569955197 0.145211080858123 0.20345551642872 0.28293352879335 0.166647446014583
0.253179828788122 0.274440907873725 0.107824002811874 0.211548690331608 0.146192935462494 0.00681363473217618
0.118700771160941 0.0802466339224346 0.287236207723596 0.0201546987464693 0.399766886210855 0.0938948022357043
0.288481579832166 0.0800069394125748 0.101820847810084 0.0577863139471532 0.134101900971846 0.337802418026177
0.053850106882767 0.521768285329395 0.187505571299374 0.0862390514849063 0.100718818521292 0.0499181664822651
0.0757150920674824 0.0195882924391285 0.157362512651857 0.216832339736623 0.233132567702328 0.29736919540258
0.118766261659887 0.16933389155166 0.227135683543401 0.256022291594237 0.191809597979856 0.0369322736709603
0.258858434777049 0.174422220508329 0.0209670668915686 0.00851387106198939 0.362468541978231 0.174769864782833
0.0954749552750329 0.142141608808945 0.247051672339787 0.263945759398573 0.131689916625006 0.119696087552656
0.276705131705413 0.0585931230765858 0.0597132045041062 0.322196726557584 0.177640356282161 0.105151457874149
0.321547349989638 0.0919904970383552 0.283579067220779 0.245651841687346 0.0364658137986812 0.0207654302652004
0.177552410594393 0.165043894430967 0.0511618532985378 0.207866652847415 0.0822766238349457 0.316098564993742
0.266345498992219 0.268108114266269 0.112197019590934 0.180329750106885 0.101446838860652 0.0715727781830403
0.279049393288827 0.283083482108212 0.127094949854457 0.0804872461819603 0.19508541123774 0.0351995173288033
0.099163234189505 0.146834338777687 0.210434303946754 0.220615053502227 0.124676069697743 0.198276999886084
0.0901800548743172 0.0250429139969956 0.283176554048505 0.270907593564508 0.0630657046766901 0.267627178838984
0.115884110946543 0.110984300725938 0.229367508009771 0.107760709986997 0.144323828485782 0.29167954184497
0.261839966142592 0.044294199227743 0.19361891979716 0.15741670144898 0.258126232643825 0.084703980739699
0.261958002929659 0.134657463579815 0.0747237118996953 0.0286260209076757 0.332015008635251 0.168019792047903
0.123808818905172 0.0545378485953473 0.119965766616405 0.350774758314458 0.344899665786411 0.00601314178220663
0.086549715113263 0.259562644702435 0.0116078614894051 0.275025510228093 0.117148479121879 0.250105789344925
0.00587612863862326 0.136999690610137 0.253248388334113 0.29541756715011 0.279611007755933 0.0288472175110843
0.24905354891496 0.194249576457351 0.0182865546932275 0.0931171771835124 0.297508690868019 0.14778445188293
0.231186954884419 0.131322181111635 0.182707932680258 0.139338418936911 0.249263491531279 0.0661810208554989
0.143055468986379 0.237871345261453 0.022784776022771 0.203480390924965 0.182382409729311 0.210425609075122
0.306134152661162 0.210235967166517 0.0910759753454823 0.135869698373662 0.0855172047825575 0.171167001670619
0.35831705462818 0.0970812367948039 0.126049768314402 0.182241380367568 0.0850633487703286 0.151247211124717
0.243373189965851 0.241134228349876 0.0308406492877588 0.336753414554656 0.0622215234875566 0.0856769943543017
0.204029865491231 0.199598179247734 0.00691762098097162 0.297823206115456 0.172037773411028 0.11959335475358
0.0409837579767527 0.241254265687602 0.193480528282994 0.170687068392168 0.319423360380546 0.0341710192799366
0.335630766821595 0.241333202758342 0.0340835719521915 0.0326520215199941 0.25542553545823 0.100874901489647
0.317011768605585 0.0208325220349834 0.408096762259469 0.0166554714964771 0.0242034948088466 0.213199980794639
0.103524825460429 0.230400006890319 0.198170197916323 0.024301536895975 0.122031305817869 0.321572127019084
0.223032878687393 0.0522819517819504 0.117196653779621 0.21876287567429 0.183850080892641 0.204875559184105
0.197066920505804 0.237232999325357 0.127736369501673 0.197903329958541 0.18013482527049 0.059925555438135
0.131549402023607 0.18704971760331 0.0347853713920319 0.270084772979449 0.149818952836025 0.226711783165577
0.186735282943886 0.108470216694374 0.177326519186959 0.196744394083534 0.14919493690496 0.181528650186287
0.158095794411886 0.0813309566081876 0.220736709269815 0.257917050444369 0.0282389032536172 0.253680586012126
0.18002235227468 0.0455870790220148 0.24756959756718 0.0959166123492838 0.261299638411431 0.16960472037541
0.183026492891117 0.0831997986605034 0.0474985757682139 0.307247726673487 0.0840920952618197 0.294935310744858
0.0347371328650314 0.101346870090549 0.215200963648315 0.359879361612272 0.0656553479004047 0.223180323883428
0.247722944785984 0.00596884935388535 0.250608352394893 0.0297581408574329 0.305411749316127 0.160529963291677
0.190314759674579 0.156943873605377 0.215310123587721 0.186615841948945 0.00914038496889297 0.241675016214485
0.241628909828159 0.305048897028861 0.0341593877446222 0.00667518635659299 0.262141660093653 0.150345958948112
0.16915459625372 0.173386708360061 0.094695168284068 0.175982934705307 0.179187104766279 0.207593487630565
0.190465199123568 0.13714343424198 0.235645985389214 0.175245166892963 0.104527002915182 0.156973211437093
0.173791543467537 0.151029183893568 0.136916977711786 0.193740405448087 0.191239905897362 0.15328198358166
0.3037024105687 0.0822953531567627 0.14712350506444 0.0293739546850558 0.266011108239523 0.171493668285519
0.197966884082526 0.170945503539879 0.218355533284236 0.130807545777742 0.23042075784512 0.0515037754704968
0.169578153448351 0.110525246008102 0.266823288227456 0.182053776493014 0.266960705998592 0.00405882982448544
0.00554045066894394 0.246245178990153 0.199987984045245 0.0374190071521872 0.221905187500321 0.28890219164315
0.220723736393305 0.188946304891024 0.114261751262408 0.165652397980909 0.161078890284105 0.149336919188251
0.0503103066785196 0.0500637321641269 0.257464215658472 0.341248822006957 0.232747078201367 0.0681658452905576
0.0338286566994996 0.137215348225568 0.299241065495748 0.265930301050864 0.232919999889558 0.0308646286387624
0.044412671055276 0.327547512278747 0.364003680072937 0.0143572713048202 0.103435397563834 0.146243467724386
0.193971307855984 0.267436018094813 0.221021990653008 0.19954428106312 0.00894690104820089 0.109079501284874
0.0709601481151447 0.14561436018536 0.119127205035312 0.389033864832314 0.0420412855575033 0.233223136274366
0.230784874724088 0.0283168216672539 0.253882319952998 0.345972464680032 0.0356341987117234 0.105409320263905
0.352128077787462 0.135069864854037 0.0459091088553989 0.35423925067396 0.0428060076310794 0.0698476901980628
0.223311217721696 0.0761207507555086 0.254855364772734 0.216136726099209 0.174612235523691 0.0549637051271622
0.210193670980845 0.179040560275706 0.188055308039851 0.095429925199836 0.153067154674028 0.174213380829735
0.168842977473637 0.0566405510291378 0.111959880162783 0.198947656512906 0.213681115023292 0.249927819798243
0.0538619748481658 0.0993182783735781 0.187091610321062 0.182758259788873 0.0797854584876801 0.397184418180641
0.273776220417619 0.200338123147381 0.204706871348738 0.140573085866345 0.0364414786200939 0.144164220599823
0.016175242331897 0.211788821502889 0.286142590352325 0.159105430678552 0.26754264146989 0.0592452736644475
0.243917845169036 0.0721514923366658 0.286455356723559 0.0510382601294206 0.0421783251824556 0.304258720458863
0.229393256548565 0.251148155820096 0.267320005963313 0.050685501570006 0.152579142783128 0.0488739373148929
0.0400292786514256 0.482740824322879 0.213908028936855 0.0257275292656568 0.230896552267627 0.00669778655555604
0.0843887579768941 0.307669073862016 0.0749646664764709 0.146139371108956 0.236760213999315 0.150077916576349
0.291399354939469 0.028213977760726 0.163757547875185 0.231173902288558 0.0412485965671521 0.244206620568911
0.410148994949 0.0305952216145544 0.00666030276905463 0.0763319398228465 0.0968229468079455 0.379440594036599
0.165614684784328 0.20619787892134 0.393586703148682 0.163014797643358 0.035943332064908 0.0356426034373837
0.282603146859972 0.0655727499302783 0.0522556180282242 0.2500135012879 0.304956194655863 0.0445987892377626
0.239770196241005 0.144878753230752 0.129143723692351 0.00849766977749069 0.232744510389767 0.244965146668634
0.277688060698339 0.0795344669664294 0.153052017084455 0.00697172520081524 0.277691021124033 0.205062708925928
0.0106884139494339 0.258867234072672 0.222236973194236 0.243987465066037 0.243124189336213 0.0210957243814091
0.0447526495740978 0.0248038895043509 0.226986845633339 0.348758779280794 0.149622138735923 0.205075697271496
0.289011429402044 0.128750132079355 0.275767366635113 0.0762169017034978 0.08166433434748 0.14858983583251
0.19122324120911 0.232682842958129 0.154228699083653 0.0244147302021175 0.232112730713856 0.165337755833135
0.287715638704258 0.00491920318092442 0.34888615118753 0.262298823013863 0.0300682330470265 0.0661119508663982
0.185759501307239 0.133337646642693 0.268527917101707 0.0992679907470201 0.128580860786848 0.184526083414493
0.183842136049297 0.183230040851221 0.157750146778458 0.232522347942477 0.0237881157105323 0.218867212668015
0.265157932711383 0.219526762755245 0.0927693337626806 0.0443250225713843 0.060435095605939 0.317785852593368
0.1906300491091 0.130409050990842 0.160432279726018 0.111834276364759 0.205731632392454 0.200962711416828
0.147361520780053 0.240308062551591 0.211981459956027 0.0418879692041839 0.200840948933955 0.157620038574189
0.194295603918508 0.0822786179988218 0.189085678216835 0.403732021938381 0.0888222308633251 0.0417858470641292
0.00893393802114239 0.193290090086809 0.177561550387798 0.110573963564028 0.241704878713096 0.267935579227127
0.141625227043505 0.0483230220411543 0.103919597670737 0.221191620442951 0.339647253042896 0.145293279758757
0.168329419856176 0.136653091874561 0.28049575336493 0.234248693525111 0.133683928880828 0.046589112498394
0.0929470887113614 0.296201360445321 0.100922834175344 0.238095354970699 0.229923675239498 0.0419096864577772
0.13456000804742 0.327711003538356 0.0615639427022134 0.0805868784575129 0.304806901198795 0.0907712660557029
0.203192179645453 0.0914631101390369 0.142910231464863 0.113344709200161 0.241382195152324 0.207707574398162
0.10292903455891 0.22808386889492 0.232752452567177 0.144854958838368 0.119928925529472 0.171450759611154
0.0119006357498048 0.14820808619946 0.228971187710228 0.215411387767055 0.246089779571585 0.149418923001867
0.208679201874988 0.366672253927331 0.109465677156504 0.0278825641185282 0.0263530650270457 0.260947237895603
0.0662171020974395 0.214699454297573 0.0149233110510488 0.422210494119508 0.223749892640707 0.058199745793723
0.122117233488819 0.22877753377212 0.2204104623486 0.154653234574353 0.188807535605513 0.0852340002105955
0.246913460120171 0.0653674918664694 0.0531864422384882 0.463036942048784 0.0685165787701739 0.102979084955913
0.337123622787788 0.018805796218785 0.0791037488156914 0.0261545006494884 0.362596617072153 0.176215714456094
0.301152564112627 0.0218744927507852 0.276116911608282 0.0642686187073406 0.275055930610511 0.0615314822104545
0.0576986298242967 0.0838648006755907 0.210031448774208 0.0202449907240204 0.257734972464722 0.370425157537162
0.133109361104592 0.10927433263515 0.0699680504609474 0.106871025152147 0.262872412782222 0.317904817864942
0.0414452432151063 0.0853657022209044 0.254070363381724 0.0653300255106777 0.220559475506812 0.333229190164775
0.250599620866068 0.25777021443194 0.0255787824484101 0.176157324180348 0.152971841118605 0.136922216954628
0.0840859279017676 0.306270022693301 0.00407288311038095 0.174111688773983 0.301749238104758 0.129710239415809
0.0861559903199568 0.2056946853323 0.0714033196602032 0.056270780880451 0.336146480307196 0.244328743499893
0.0570254184494204 0.185193493917454 0.0441663544123803 0.254408672324232 0.272570098239242 0.186635962657271
0.0517933201268493 0.269484156341421 0.109869145825344 0.216292287650426 0.318794957251456 0.0337661328045037
0.0372141815078239 0.258497011967351 0.309631917997585 0.247509457091422 0.0810382069151335 0.066109224520685
0.17979741159113 0.148026423616704 0.0144087674163079 0.298174096748145 0.303987256430988 0.0556060441967247
0.0788380142689308 0.20924703031648 0.145488094859995 0.187837912663535 0.221232789010698 0.15735615888036
0.192634276982842 0.228514043439273 0.174746947743151 0.130570896382361 0.0371063836753916 0.236427451776981
0.107163860210817 0.0450577804625315 0.0990230484956942 0.228315237118455 0.466144814679017 0.0542952590334854
0.134277140004152 0.080609065486153 0.265039265845722 0.239222029221274 0.140461246182783 0.140391253259916
0.222791221633489 0.0416839758016705 0.158849644996778 0.193182580364612 0.0655287762708626 0.317963800932589
0.194971708554417 0.0368255106569396 0.111868040294809 0.266044257282206 0.185947871383807 0.204342611827822
0.000585642699129683 0.204016759200969 0.20201371950502 0.207481968229456 0.161208240028431 0.224693670336994
0.275659054180609 0.0979031146561697 0.105871478638846 0.108844534419832 0.246098867022712 0.165622951081832
0.207701530522158 0.157376723739861 0.0646638508329677 0.15309211882158 0.223020838956893 0.194144937126541
0.285622206382456 0.0188347534453789 0.103731067307882 0.238359612472548 0.217475186429155 0.13597717396258
0.0810131801250313 0.0896553694399805 0.219996013998056 0.419294769402723 0.0479576983600865 0.142082968674123
0.135088712885165 0.237110894752304 0.0246970485503822 0.125790343093657 0.18277784288022 0.294535157838272
0.298017723139383 0.155848595117229 0.293468651352915 0.00958358181311085 0.0507129609375072 0.192368487639854
0.041696424215996 0.204982883711458 0.170593124031179 0.219930067312437 0.257368424354868 0.105429076374062
0.17525885481715 0.184885562945888 0.197681395541983 0.168891871741816 0.0850799806809027 0.18820233427226
0.272881855412991 0.295171445582684 0.0405904495734763 0.0319378796001046 0.159339222469724 0.20007914736102
0.0674744568495388 0.105393043746819 0.158870219529649 0.293201818741679 0.0728606699584609 0.302199791173854
0.178910179426689 0.285854056578126 0.222530054162365 0.050209556690456 0.0893821949842903 0.173113958158074
0.25912151806976 0.270373955611882 0.0428481071423609 0.17502212436135 0.13661792900003 0.116016365814617
0.111598983668974 0.000339978305217302 0.268265341000844 0.288480155374373 0.298767917263214 0.032547624387378
0.168584154538425 0.215010508973076 0.306158899509658 0.243557644677577 0.0121389147124261 0.0545498775888378
0.0653459127618707 0.112499663318603 0.170384652582908 0.358175664811009 0.130413852584348 0.163180253941262
0.21325093448004 0.264956273814256 0.127131033824613 0.0835378054643835 0.234969306339558 0.0761546460771507
0.289398450079044 0.0447887078293935 0.290132303010454 0.0741311877264322 0.0795828055015938 0.221966545853082
0.0552835498895191 0.0494290311746226 0.14804207763311 0.249603966847209 0.281985587356189 0.215655787099351
0.113877654076372 0.0627997029778931 0.425844951475899 0.120787494339494 0.0768001657442949 0.199890031386047
0.140809304735236 0.192487218958586 0.226462459090326 0.204670680329885 0.17630544381316 0.0592648930728074
0.0906177547443741 0.245023952509857 0.24707769879295 0.117435641055881 0.125192751893082 0.174652201003856
0.126047188125075 0.18328813777987 0.109595672087466 0.202928482075791 0.145935201567535 0.232205318364261
0.0647750928344141 0.257176583766005 0.142000711197295 0.217652678803984 0.240887002344108 0.077507931054194
0.0142389746762658 0.23264297849627 0.0415665779554788 0.158093976594723 0.231714198443952 0.321743293833311
0.218724395902173 0.195666600799178 0.215833339390425 0.136510365357412 0.108719989281765 0.124545309269048
0.120966218694277 0.0199235571817819 0.101924543719538 0.189510506973339 0.121909981783401 0.445765191647664
0.0960673566498038 0.0494560808591879 0.342326052070607 0.240606632688982 0.00850962957148909 0.26303424815993
0.289592573488585 0.142474747748013 0.154891326642482 0.143037409034455 0.0913481908649322 0.178655752221532
0.143962263454092 0.279726163869951 0.312253201642158 0.0402745914808274 0.123759131680827 0.100024647872144
0.277455812490625 0.180756812795544 0.120415944828919 0.0237048813356643 0.124802392558449 0.2728641559908
0.256616903096641 0.095349934438138 0.113756288825287 0.137887387776789 0.264054750291819 0.132334735571325
0.30803815551983 0.153831662184504 0.0382803169935852 0.189297159578086 0.0100577094084277 0.300494996315567
0.119841472045606 0.0569893318522884 0.252513916336754 0.374881909910848 0.0487243530286294 0.147049016825874
0.151176293682974 0.0607512648356233 0.309898596235793 0.0402579706403185 0.221262371864105 0.216653502741187
0.158448241906846 0.0996667126408391 0.165613815415091 0.182940619256709 0.215832554515215 0.177498056265301
0.238195178494465 0.327776804915802 0.152496932819234 0.0771957071634805 0.0111142118337094 0.193221164773309
0.224642098025854 0.172879930385134 0.243770667852673 0.161025668678642 0.100474037681816 0.0972075973758802
0.244280688306402 0.120397711895875 0.0529683478844051 0.164269036891291 0.271479209267642 0.146605005754386
0.13442136999343 0.262987053103395 0.0999595557413747 0.257769876209525 0.00824170783553553 0.23662043711674
0.178686332833379 0.181490240754525 0.236383834576568 0.0744020459107481 0.225600577025225 0.103436968899554
0.195643088154956 0.129027400374557 0.204082632704039 0.141313368416337 0.13637874667781 0.1935547636723
0.181767543689851 0.238850715857124 0.156406914281444 0.0961989653269388 0.203100554737476 0.123675306107165
0.0962560424275411 0.205150157870815 0.120521533235841 0.213217204250041 0.223795519835988 0.141059542379774
0.199084865344725 0.116734515425734 0.251346890930552 0.17719672328565 0.122540274509808 0.13309673050353
0.110247541398701 0.156122304004932 0.183859900651579 0.0907134820379517 0.231732446245814 0.227324325661022
0.0118685778475352 0.0926542111305057 0.0248796243298609 0.402823215282234 0.0257186811721433 0.442055690237721
0.116768814191423 0.192130987826749 0.103313560912523 0.20367750700827 0.16990740365809 0.214201726402945
0.240562204405356 0.257818227085493 0.0841823605153016 0.176794687923033 0.0637342168078341 0.176908303262982
0.174045274216275 0.128058159792562 0.235919050522326 0.147604663928377 0.118542879521721 0.195829972018738
0.121162860026449 0.574891124403672 0.114633747524422 0.024319194747698 0.0320631993467816 0.132929873950977
0.07570968198564 0.0458334419421285 0.157848329017477 0.157058239450043 0.343570809998774 0.219979497605938
0.0229274427786297 0.410281338169465 0.187164689561851 0.0415733742076474 0.170678731153865 0.167374424128542
0.146767374111706 0.30973572770665 0.0628266751493972 0.0532014256397273 0.13543745723392 0.2920313401586
0.300628019226444 0.0167001826741132 0.140607086823879 0.22658311575706 0.242983537804168 0.0724980577143358
0.0137961576581779 0.083694014490766 0.0108624514799061 0.339874046402749 0.333459576841839 0.218313753126562
0.0865123332558685 0.0444091535853245 0.497576649397619 0.11719916962194 0.0263912343561311 0.227911459783117
0.213499012370172 0.114164133881429 0.0289188917957016 0.104016922004984 0.273965943105983 0.26543509684173
0.118439435440071 0.189859459945322 0.137632028861994 0.204878429303591 0.0650419589801917 0.28414868746883
0.125943077634581 0.0188366060155284 0.167870931652842 0.256953799628797 0.25629167130374 0.174103913764512
0.142216936578766 0.0475442510366349 0.134765059797257 0.123402326730773 0.330386063710453 0.221685362146116
0.204725635683004 0.128896362245489 0.126220643806346 0.046205389490067 0.329521259721771 0.164430709053323
0.0743672043200772 0.272305098574313 0.0492188942276528 0.1464431808723 0.168018947519682 0.289646674485975
0.0457700630092237 0.217275919871709 0.331112982878716 0.281022530768006 0.0965649475854867 0.0282535558868583
0.222910076487025 0.189356435899349 0.148279373247099 0.22946276977633 0.0449624138413281 0.165028930748869
0.212103465054688 0.279483757505068 0.243571374295622 0.10979192562405 0.00701024686936162 0.148039230651211
0.0569593031159176 0.232365026120558 0.218529597195973 0.279789720374095 0.206380181323485 0.00597617186997152
0.0474874818603636 0.293028108532174 0.188747385316142 0.129362493107133 0.121218436480143 0.220156094704045
0.250522592543991 0.098844606110454 0.134659885899471 0.160860693126227 0.189138701092581 0.165973521227276
0.328198593818993 0.0147718780419996 0.196665501164136 0.02333059402125 0.354363213128995 0.082670219824627
0.0304069814397231 0.336307911115445 0.0132938521917446 0.285772745555973 0.0892208700533406 0.244997639643774
0.19307774920126 0.0574438831951239 0.282296058139749 0.347963365978619 0.0538613502613025 0.0653575932239459
0.0335398705646329 0.0455997272633057 0.405068453735202 0.0654936577191041 0.045522256658165 0.404776034059591
0.0036781611264121 0.236076806711326 0.168188620149725 0.332295404657524 0.10126037600464 0.158500631350374
0.178269452090272 0.0253192019464933 0.239911192221894 0.117172713673226 0.148313253163468 0.291014186904646
0.26061725104391 0.115563662008037 0.177536218012148 0.0685980428194343 0.232046001430993 0.145638824685477
0.308053411804687 0.098230114382606 0.252442972538362 0.15230657925444 0.0250048829421382 0.163962039077766
0.0138456210835861 0.236181202418198 0.245721432375129 0.131849574987086 0.17349722254091 0.198904946595091
0.225383652018832 0.152804742681189 0.0403726448843727 0.214096871343407 0.10318980994791 0.264152279124289
0.216021987425051 0.237277345859606 0.326862772735709 0.0214023880467964 0.00333012066095481 0.195105385271882
0.249212583978276 0.201525353425956 0.179957773422816 0.0384212141175681 0.173506303462608 0.157376771592776
0.202027616113684 0.19705474869637 0.0066527334127168 0.169914529430753 0.301979368950842 0.122371003395634
0.164339029607268 0.29975279983949 0.171576288221792 0.196887018229078 0.138134445185685 0.0293104189166868
0.0646343803651384 0.309061884647827 0.0511857907440815 0.330287451639721 0.120788959501286 0.124041533101947
0.235228247941297 0.156733419979301 0.0409400401136245 0.266372300603654 0.226502833312907 0.0742231580492163
0.127421516007621 0.186000673819096 0.199285968190304 0.149077257629292 0.219005471684655 0.119209112669032
0.215195015477319 0.10697883557847 0.268935213353216 0.232735664882117 0.145870917642209 0.0302843530666689
0.298689237104554 0.253954431368666 0.100091172990444 0.1589091691946 0.163070868069752 0.0252851212719851
0.0861483675016939 0.10896119923371 0.235396553761182 0.234065368922982 0.223822171320533 0.111606339259899
0.182608676953529 0.216059148289175 0.191065185000129 0.191538824375286 0.0943857898205811 0.124342375561299
0.104294338889227 0.226279581226773 0.0872058893688766 0.0884875653793757 0.265482748867733 0.228249876268015
0.0695009381875588 0.459779127227385 0.065195730948593 0.27173458383082 0.124743126669242 0.00904649313640121
0.204789745744526 0.052077509899459 0.198594719002136 0.218909529669618 0.117355644717673 0.208272850966588
0.0508372111974329 0.0172315713062973 0.423144167102062 0.0953895874506525 0.344980377571597 0.0684170853719589
0.131243389904657 0.14162115100567 0.208808106571807 0.0835576585066827 0.236073011220799 0.198696682790383
0.280829730638098 0.042257902783738 0.248735079171005 0.088142416050934 0.0975187190719853 0.242516152284239
0.18539059683086 0.239493667317069 0.23765002292642 0.153402870308199 6.4910968295975e-06 0.184056351520623
0.177318628302554 0.124928663419337 0.218966981049511 0.0782352715952282 0.180640489018446 0.219909966614924
0.216359024203704 0.179025438666045 0.264225364373462 0.262587383825734 0.0555242767762033 0.0222785121548523
0.228676473913342 0.119347501386096 0.11474200648524 0.00392334587770729 0.256016944353712 0.277293727983903
0.228228737309698 0.0342538697889792 0.00561081460088785 0.426035646461191 0.211184160340739 0.094686771498505
0.0619386762438508 0.26226291571116 0.0974892860734832 0.196445695777825 0.249652180924297 0.132211245269384
0.175541357071864 0.0491931968946668 0.289021936697468 0.192381907452145 0.271985127927341 0.0218764739565145
0.170121365023001 0.267397630664896 0.0712391164653595 0.223926787406732 0.0596319036672567 0.207683196772754
0.13969642406873 0.112007485072777 0.185777585339193 0.094897612117197 0.232753573818208 0.234867319583895
0.258383503685757 0.0941732144993193 0.197141613622642 0.0743532504954541 0.274395230862702 0.101553186834127
0.183449229322623 0.0697629284348761 0.308541774509363 0.251904822460481 0.172812281877689 0.0135289633949678
0.161106153197661 0.291784064557096 0.15461006359789 0.124024331913405 0.0414351551810276 0.22704023155292
0.265522826174133 0.0317278029869365 0.0689201813623763 0.0437679359422029 0.220282487555346 0.369778765979006
0.0538445431710252 0.229017162133616 0.111732734360591 0.141980499935633 0.223453915716574 0.239971144682561
0.0533983366891593 0.111399992494392 0.104951127921939 0.240287355046878 0.264377292371569 0.225585895476064
0.0183331784498746 0.4990897092265 0.0475796611706633 0.0312210159774159 0.201824570232907 0.201951864942639
0.0620012163145398 0.0433139450849206 0.253503670293498 0.450345484666693 0.0461474753443557 0.144688208295993
0.200641836976739 0.265953680315307 0.0216200528184701 0.0449029817418195 0.155885485784869 0.310995962362796
0.333813265373808 0.176274697402125 0.0110365884011013 0.0584914563464014 0.402525940521256 0.0178580519553086
0.0504247575022432 0.0710753552563062 0.185622454856983 0.214535804120725 0.225566703979331 0.252774924284411
0.0212133854082346 0.146962041106137 0.325231219789771 0.2068780527967 0.267180390329912 0.0325349105692458
0.10525373561993 0.250464457942705 0.245060722751154 0.0610544358233016 0.169387269652493 0.168779378210416
0.26890467469624 0.120212682638641 0.141693139691911 0.211210163462894 0.0147165638594972 0.243262775650816
0.236604160375039 0.0713612748659298 0.255469929515203 0.152665555210815 0.0276333212985128 0.2562657587345
0.311955071265643 0.0979210995358983 0.242615930337174 0.297408711482704 0.0445619897474127 0.00553719763116814
0.409956315723437 0.141139361048495 0.07930552768475 0.110252758566095 0.0647343195131105 0.194611717464112
0.233540980757965 0.181340055473731 0.0980924678991787 0.184805882440743 0.28614644302535 0.0160741704030321
0.11910911008117 0.333388423213685 0.141429188753583 0.0894668797596979 0.198234322234925 0.118372075956939
0.134260680465437 0.347333840281425 0.171974325400125 0.289486929465812 0.0369145260602675 0.0200296983269331
0.0945623689634665 0.211610054848123 0.0368426352779951 0.203767615634601 0.160394985591193 0.292822339684621
0.121089584803847 0.234038745554696 0.0199438801738245 0.245365303219981 0.271482794005673 0.108079692241979
0.0481096424481101 0.173087165358555 0.00883584829039307 0.247375158540874 0.26540795037005 0.257184234992018
0.260751679367249 0.0422312476146653 3.06068184678004e-05 0.198933547286213 0.187296131410948 0.310756787502457
0.209187911619493 0.148470763481254 0.0523508917608201 0.215851423687919 0.200208022709298 0.173930986741216
0.0142039521216957 0.208508752406215 0.0525123217198623 0.00447980184199911 0.481598355991873 0.238696815918355
0.230432556897509 0.0584669412634032 0.382272557844312 0.0742074984085786 0.13443400142527 0.120186444160927
0.276791068547268 0.098576148318539 0.121681633207879 0.219993308728652 0.167021768999234 0.115936072198427
0.280956741083747 0.0940121230697561 0.305842763090746 0.155140192063227 0.0383687127696238 0.125679467922901
0.219406687239767 0.113835048519533 0.0559941708318244 0.17368040228018 0.230052471181625 0.20703121994707
0.0875783843032091 0.134788190047841 0.270378876620176 0.166149763644152 0.0398133293796547 0.301291456004967
0.109404615643899 0.122640401834302 0.127306529138833 0.289974493099116 0.0805260353452712 0.270147924938579
0.173658413047989 0.16534016430957 0.164930504177049 0.0757045350450244 0.292583719285265 0.127782664135103
0.0896705017151465 0.257684385225841 0.267753891783915 0.110084648378923 0.215536085928688 0.0592704869674867
0.028590105300914 0.304405540898912 0.241213655611633 0.0299009055096638 0.199522196733679 0.196367595945198
0.190243210992806 0.0308513599177109 0.189139771319228 0.26888415486991 0.150899828085537 0.169981674814809
0.106103926862506 0.186557475045243 0.200083183896223 0.239346858165454 0.122987028893987 0.144921527136587
0.0825393495332749 0.103390573192379 0.242107494077213 0.215572375500508 0.05186868080432 0.304521526892305
0.284699574068339 0.146510618768209 0.0571846746618134 0.228126898428975 0.177372502527855 0.106105731544808
0.247374069106622 0.0237175933229017 0.1243117188861 0.164756618536321 0.271394481145479 0.168445519002576
0.175854771183899 0.278242659901554 0.0114981376130409 0.174816077231414 0.0772304509590104 0.282357903111081
0.139249201830511 0.294510819524307 0.280244776482441 0.0393570767872086 0.218104132205148 0.0285339931703846
0.270104650297415 0.0823251627391818 0.140940998817813 0.141057455904366 0.105248748533468 0.260322983707756
0.168825130578062 0.24798599018591 0.153978850020461 0.0125187956827133 0.248799853743508 0.167891379789346
0.381721082226475 0.00586345922792213 0.0885121207253955 0.321106531631218 0.110680338819978 0.092116467369011
0.102316174528616 0.0428902509314558 0.196347407241524 0.277315710929217 0.135543638281505 0.245586818087682
0.177373490423625 0.380003678765498 0.0261286777660081 0.0995944681357628 0.266348971428384 0.0505507134807221
0.142969577375025 0.254627583028439 0.00897169929718889 0.214105526056156 0.138077248578512 0.241248365664679
0.14718001407971 0.0154895130889425 0.323225275217643 0.421367157413507 0.0428166180272377 0.0499214221729599
0.192308557288999 0.118013983969707 0.45734994476154 0.0705437489556438 0.0886445300410033 0.0731392349831067
0.0124518056545271 0.166355097851712 0.307058933469598 0.278948441143138 0.044028788989213 0.191156932891812
0.0447445461467025 0.0330233661450042 0.123208741737963 0.26171099179554 0.169120789406854 0.368191564767936
0.0744546984296992 4.52635187106212e-05 0.10937073226554 0.301929092746406 0.393789550833549 0.120410662206096
0.241133132938849 0.0225594626704738 0.257806698657676 0.132855070292578 0.220053126339684 0.125592509100739
0.215209015177883 0.259697294173361 0.122945706847507 0.201530128153814 0.0851400487538791 0.115477806893555
0.239230468533282 0.0646213255339658 0.19349564039428 0.0981868811043957 0.255209037366357 0.14925664706772
0.232525416371258 0.257791911721914 0.198838042547853 0.0341615425632354 0.182946387376871 0.0937366994188685
0.112933031198383 0.28720036282543 0.0601991306793751 0.124416341344057 0.0628933155983168 0.352357818354439
0.191091160130619 0.320492430732889 0.115348677480561 0.125973051919551 0.0615371178955618 0.185557561840818
0.212267836098359 0.0446350823161085 0.0752822332297414 0.402964800320036 0.254247560708484 0.0106024873272712
0.0985589216672347 0.256249388045669 0.111794194108261 0.238492933020068 0.254755239573766 0.0401493235850013
0.190737705056082 0.194842949553191 0.12168925903798 0.186731868257328 0.167042891089191 0.138955327006228
0.312930676763555 0.273166943231744 0.0011226792682419 0.0740343945416226 0.220960327662544 0.117784978532292
0.115244448555449 0.172297381640803 0.187718622833171 0.177011463055572 0.164875639519439 0.182852444395567
0.0573793636972318 0.309106487135587 0.206676762634821 0.0889839699087828 0.0299398282923475 0.30791358833123
0.0270252337275017 0.0619498153335231 0.0899089759174167 0.360349517288725 0.277183630770983 0.18358282696185
0.0992807613246902 0.225845919298331 0.188604875468635 0.308792563653374 0.0483407370597469 0.129135143195223
0.17887255417307 0.0469763775347525 0.351682485462474 0.110113689218309 0.00178167348016581 0.310573220131229
0.269024914133353 0.0302351780443504 0.0299041656122787 0.146149803915103 0.213529939479576 0.311155998815339
0.111857458353138 0.154818611593432 0.0899282876106727 0.0509870124735592 0.405403476242802 0.187005153726396
0.02446122795101 0.000948964658678283 0.300173960237493 0.129115363657142 0.18923978533371 0.356060698161966
0.21770501137344 0.10872393577885 0.153642575395908 0.172173591709906 0.18102914915967 0.166725736582227
0.262534733068655 0.293780957821807 0.0967580805898244 0.229935187594588 0.00318193068620126 0.113809110238925
0.132315564365453 0.214020820221513 0.0514765240070631 0.0961093625951757 0.253665266779633 0.252412462031163
0.1258865571966 0.297047019969936 0.109070147693284 0.116065917328943 0.265033157789844 0.086897200021393
0.167508103103606 0.208761338776453 0.240698811963511 0.222992317707656 0.159597335474507 0.000442092974267571
0.282324241151142 0.150842106301576 0.058582339608229 0.0650560231763831 0.258047062624361 0.185148227138309
0.222867372100939 0.282993893325261 0.0464241214724114 0.211505597163729 0.198115940483412 0.0380930754542475
0.19195293146297 0.189977348740749 0.140868551901231 0.0241534642481729 0.248579272642157 0.20446843100472
0.325515587268285 0.0902484980771654 0.11342407089644 0.0836723055710486 0.338279343702066 0.0488601944849946
0.320534510654339 0.234529242363149 0.0938946290088434 0.265730552689171 0.00385705552056943 0.0814540097639272
0.231473021914968 0.201166340338896 0.170031364028442 0.241863833273583 0.113822971141988 0.0416424693021232
0.0611125857605501 0.0787173760286774 0.258830353831306 0.0794641214558314 0.26152449056262 0.260351072361016
0.0812487060038611 0.310202769421281 0.105958611836178 0.140472910137888 0.222318624896176 0.139798377704616
0.248494627819751 0.183612153015239 0.159739994867274 0.0948723477791209 0.296440703534228 0.0168401729843875
0.232276828011374 0.145598409979666 0.240511801142753 0.0828961770076997 0.266968754082127 0.0317480297763811
0.328078767482692 0.0783035938946701 0.0155290279510484 0.158539791695284 0.416827831855217 0.00272098712108844
0.228090549649502 0.0832761406509601 0.125888123942866 0.14789132527717 0.158056499415999 0.256797361063503
0.232644260682594 0.263694033142842 0.0264631318829035 0.0958113909360672 0.241001117385136 0.140386065970457
0.209711755455001 0.0460945997711342 0.206628247465653 0.0985407068023292 0.221575984805326 0.217448705700557
2.01363805310025e-06 0.314890640100718 0.0151636501614668 0.322896398292085 0.271383477162601 0.0756638206450758
0.268075634232609 0.0319013227091393 0.184145000114391 0.227863854051859 0.075785013504266 0.212229175387736
0.215505107617596 0.115683213814081 0.220873739681436 0.293344697346944 0.0412195545325292 0.113373687007415
0.106997276222724 0.045404125668105 0.259831157880018 0.205481017720618 0.152611833311243 0.229674589197291
0.197002722960262 0.2370682517231 0.194080057490696 0.160018527763974 0.0953589094747173 0.116471530587252
0.26926943404491 0.170719754716725 0.0859938716819551 0.168334094633989 0.180676422650405 0.125006422272015
0.0477975080613537 0.113110494767944 0.294699377415477 0.238439177655308 0.0587219751751464 0.247231466924772
0.106487206660869 0.0337242912009649 0.109707572983359 0.269752662756032 0.257064526857575 0.223263739541201
0.170601114752033 0.26553380194155 0.151318817046859 0.057160932993199 0.220050598846604 0.135334734419756
0.332432775078317 0.130863228932872 0.161234093561171 0.0609479431954479 0.0992168007736202 0.215305158458571
0.081670771411114 0.257044489241638 0.00182323247166952 0.0270113139120964 0.359779633184288 0.272670559779194
0.199714624873907 0.0543596005784895 0.175235779738424 0.125573726974454 0.241339476779004 0.203776791055722
0.193649825302507 0.247782608011058 0.0855463583868354 0.259496204187281 0.0167003993581794 0.196824604754138
0.0340888517944591 0.349583482195288 0.105794943554652 0.238703446198874 0.163941801235978 0.107887475020749
0.21171504425019 0.14832468040589 0.202676834883706 0.193664527540272 0.0869599883229185 0.156658924597023
