0.211592071468556 0.0452601920113859 0.305625362823404 0.113617214900116 0.0123527452345269 0.311552413562012
0.15411763506362 0.318422603833651 0.307896265993727 0.0416121822651164 0.0214541879281575 0.156497124915728
0.163869478747021 0.215927727489837 0.247884631591234 0.188362331683213 0.0437424119745719 0.140213418514123
0.181021242816351 0.172277481702069 0.086215386063528 0.206561372981965 0.172400267644901 0.181524248791186
0.215192879879541 0.233433841087565 0.181096237965371 0.23103181606551 0.0698317918237955 0.0694134331782185
0.13254671704101 0.355729495265517 0.388564777107714 0.0055623686461192 0.00371945831270682 0.113877183626933
0.150025247299166 0.107343418404649 0.183468152127407 0.192074802391622 0.144425628794843 0.222662750982313
0.0172318327918111 0.0778318191006088 0.475963205244543 0.0666119169221799 0.291923085427377 0.0704381405134796
0.206897830880221 0.351402815081264 0.0118333707444568 0.235834899694712 0.0773735562354426 0.116657527363903
0.115260595045815 0.133961572558486 0.220542760083214 0.255139812871459 0.0302608237040593 0.244834435736967
0.17868703148078 0.022658972919415 0.291992071678052 0.159146094526337 0.203237165422083 0.144278663973333
0.268682477989329 0.0789485168437477 0.139238225471194 0.127514150616952 0.0702383587117969 0.31537827036698
0.15372353410272 0.262336813854081 0.222634008944952 0.0936043578284744 0.154572085711941 0.11312919955783
0.019693334126192 0.170764964618317 0.307737733267616 0.0913487769139057 0.390561370875425 0.0198938201985441
0.133686276541659 0.150223684128989 0.0136476667907076 0.336369456753507 0.197832399752881 0.168240516032256
0.226476025696697 0.0785779606400736 0.207339707933751 0.20452065405654 0.135812192242423 0.147273459430515
0.254701276854689 0.158567032046964 0.233594110145765 0.0929871733443302 0.103149664781602 0.15700074282665
0.21323726105799 0.107143004772235 0.163153174159466 0.0874282094903139 0.21863428423682 0.210404066283175
0.159006929034047 0.195535289523282 0.237389102998549 0.112739142758608 0.0825653673163053 0.212764168369208
0.0198426910729748 0.000544593750242253 0.335184862142678 0.165887362523267 0.365364502040585 0.113175988470253
0.0345186243193988 0.22097962600979 0.303834091987664 0.196038965413276 0.0601651167857739 0.184463575484098
0.186793935596813 0.212943937201873 0.0381058632166607 0.199694040158374 0.157180801590881 0.205281422235397
0.10573147263253 0.323075601203737 0.16500164767401 0.0717889723203638 0.24319857670086 0.091203729468501
0.32841687360025 0.110922019777026 0.0769807091645171 0.324917395340553 0.0397309953953438 0.119032006722311
0.288397497288042 0.0158207802137359 0.301925762709758 0.130876915782782 0.0828174346321409 0.18016160937354
0.154370428715605 0.277306744958597 0.186197663317499 0.0236416348485075 0.156359968336705 0.202123559823087
0.180305356332856 0.0757930068275968 0.206573899833342 0.269649354561945 0.0582186936610903 0.20945968878317
0.0268567454842027 0.0937306167755875 0.223166409392108 0.275829525763298 0.334210537814188 0.0462061647706153
0.192099297570253 0.20973482408806 0.206949235878999 0.171102078052682 0.015066676896885 0.20504788751312
0.305765540102516 0.222502965087716 0.0920824930792684 0.344913124340829 0.0320120252645399 0.00272385212513029
0.239065621727791 0.127024820602855 0.24953616403318 0.150152284941654 0.0340657272788305 0.200155381415689
0.145168735094758 0.396250528735235 0.319734762909826 0.0193007102493898 0.0315294000877085 0.0880158629230828
0.143979274043342 0.195200187658001 0.264605942636757 0.152406444071307 0.072366280943074 0.171441870647519
0.217869600963849 0.294866372828147 0.304601115978265 0.0212896377238173 0.00591668896337937 0.155456583542542
0.0198646667903115 0.23268572696358 0.309380576891416 0.0195931051432498 0.342599179478782 0.0758767447326611
0.0989036503345091 0.235699703475376 0.272617572038389 0.304694722235954 0.00404531193500716 0.0840390399807659
0.37037757823507 0.0624395519238377 0.0745615435472387 0.212126387635971 0.0974082303077872 0.183086708350096
0.19562418129344 0.142708715904262 0.201815857122496 0.0687101024450338 0.211508766315824 0.179632376918945
0.277513824572985 0.106599861528621 0.240699812459623 0.129852135184532 0.133694421432374 0.111639944821866
0.222452894259069 0.0148931670629276 0.231727301844499 0.108364777687108 0.181870474576286 0.240691384570111
0.081153421580117 0.184388724855068 0.121930756602224 0.342291705634373 0.231869523090673 0.0383658682375439
0.110407740743651 0.206265112816572 0.164235214351717 0.216807029739115 0.200184779516098 0.102100122832847
0.0472675332571032 0.211461238703686 0.301131437058962 0.0766421077826285 0.129426876639991 0.23407080655763
0.087634150824894 0.132181365129823 0.0857215465402804 0.214854098273614 0.0764682502438077 0.403140588987581
0.103102629598224 0.22240587699438 0.240836621627458 0.176688837870828 0.180655210253885 0.076310823655225
0.132980585378214 0.11112831190217 0.230782494109962 0.163115547061917 0.205012656097205 0.156980405450532
0.0558555644811457 0.239655112731674 0.240742748977459 0.183590696057403 0.173908385634719 0.106247492117599
0.117798591112117 0.170562208984377 0.209985963084049 0.0873038554297361 0.243482577723388 0.170866803666333
0.125563549905737 0.171886114631793 0.200844953085797 0.111301033216234 0.121792651986662 0.268611697173777
0.259441610776961 0.245295074803183 0.0220899546867794 0.107636598150106 0.147088497255571 0.218448264327399
0.235999328153339 0.112281580631784 0.185127507651179 0.287998451018189 0.173105112089425 0.00548802045608379
0.151390001143921 0.264721504615477 0.232487123956828 0.109019734167417 0.232628905559981 0.00975273055637527
0.038627289347515 0.283018061019265 0.205250992921548 0.198254833642707 0.131755892812362 0.143092930256603
0.0117217525082191 0.264438673295778 0.205840727088279 0.196095109260132 0.267823707138763 0.0540800307088293
0.269979855505899 0.0227748804885504 0.179652848267193 0.173040705682773 0.306277217960339 0.0482744920952457
0.121161764126088 0.0792955660137894 0.271770198550356 0.183749943277022 0.00487334604000328 0.339149181992741
0.036871638923272 0.295238800961511 0.11058715861643 0.0924606110140602 0.246626427443946 0.218215363040781
0.139193813428737 0.15815717222376 0.302245607314851 0.0481832558143332 0.130706454393699 0.22151369682462
0.0359766971127834 0.0546877396679631 0.291907828401887 0.190131653990147 0.135055720783611 0.292240360043609
0.237203450722238 0.122592320455308 0.200758891584484 0.19176967642623 0.137580239757347 0.110095421054393
0.0523729188598673 0.272733370079898 0.342518624476335 0.243100479729692 0.0253182146970938 0.063956392157114
0.24397610747759 0.265402686120994 0.0957454851705175 0.159743361219932 0.176840333218993 0.0582920267919738
0.349235158345379 0.139763042300244 0.120219879626043 0.0189731045451389 0.270071853494811 0.101736961688384
0.1352780174805 0.234437045712716 0.098816060855792 0.166869709932724 0.195129034883269 0.169470131134999
0.0393832629834457 0.213931174761697 0.137706429445709 0.223260233461228 0.202152808738681 0.18356609060924
0.255247520814525 0.313515586421697 0.200111306405844 0.101237821272378 0.058365240429903 0.0715225246556534
0.268158160191411 0.0333720276624088 0.254707709481714 0.135913193633237 0.0163012703560339 0.291547638675195
0.0648189229334452 0.090270915088129 0.251204522891498 0.150027701938611 0.322422842301063 0.121255094847254
0.232350674729261 0.197327028720606 0.0592237052259852 0.226178182389992 0.0939194616073249 0.191000947326832
0.151862499130325 0.221569244452347 0.200412782467135 0.0841082845175994 0.167303517103681 0.174743672328912
0.232665561373487 0.0857999831655678 0.0874910435820169 0.113280110778656 0.244918068619954 0.235845232480318
0.287817790249406 0.054334218526105 0.246927676004632 0.00657850552899226 0.166354360734724 0.23798744895614
0.120125033726175 0.0818011332418051 0.282438959292286 0.0563737479761764 0.221004178903568 0.23825694685999
0.119880664876503 0.193466383802022 0.240374378535247 0.234280389572161 0.0712087383403605 0.140789444873707
0.269153770984789 0.283553831528876 0.0396484029298078 0.161094840400475 0.068723114848721 0.177826039307332
0.116047030770247 0.137900433138104 0.428033853702773 0.0177862728224043 0.087331191782454 0.212901217784017
0.233918196406119 0.116305106268318 0.188049317619008 0.15132747352812 0.116770327482907 0.193629578695528
0.193211558658598 0.211961872116615 0.262271094703788 0.0932072542365716 0.0559323601643562 0.183415860120072
0.107137107486237 0.149623799152278 0.209394192173594 0.0835572409721231 0.21222028879325 0.238067371422518
0.056968106069211 0.143241941816556 0.205446057266533 0.116148047755031 0.0776220367034613 0.400573810389208
0.0363683727096767 0.0915737557751642 0.26534491332361 0.0895959124324592 0.268192289274714 0.248924756484376
0.0238197310821093 0.227512655592528 0.200152149776411 0.207114925394747 0.285622474955783 0.0557780631984213
0.198888290816908 0.259694793072305 0.277621903780721 0.168581940005367 0.0503969847350918 0.0448160875896065
0.140356077341404 0.309108940067958 0.0276140039103684 0.203766352458778 0.0138640147939343 0.305290611427558
0.0682739701185259 0.181917737849245 0.0768990076807638 0.353661457625687 0.0712443739566548 0.248003452769124
0.113329243399488 0.184812553721296 0.22556760345976 0.213539800566727 0.0889376890312135 0.173813109821515
0.080835485803709 0.25767555424293 0.151749233551788 0.309665543479127 0.0922378038402683 0.107836379082177
0.178724255869876 0.319911246316838 0.0261595030711453 0.214529861555816 0.222310853906936 0.0383642792793885
0.261473379040826 0.282491385369806 0.0216674750552657 0.386821451097978 0.010130990600058 0.0374153188360662
0.254173532908202 0.0439434347710208 0.23055334826899 0.280721995852088 0.109518048878557 0.0810896393211414
0.0157410710622027 0.279825429121958 0.269164180724664 0.265278828583757 0.140568303162955 0.0294221873444632
0.296109122138919 0.182067882205301 0.0337629689103091 0.0973613421430115 0.0985075726658984 0.292191111936561
0.231116005201734 0.0832469801729123 0.122692546290772 0.18736938799504 0.211479977270219 0.164095103069322
0.0621267809268538 0.157351042096329 0.218079387558533 0.207297610924599 0.112655032299252 0.242490146194433
0.39492715746674 0.0926763931357589 0.00919444592033795 0.0729900178791508 0.407701703780006 0.0225102818180067
0.270640234713727 0.144952068469158 0.0255806626350351 0.197652223203447 0.229221917707364 0.131952893271268
0.0211811911285502 0.221938675053019 0.346332289051082 0.0870865234852373 0.188542967655755 0.134918353626356
0.102088586758784 0.180765255456873 0.045758184797123 0.226745894010263 0.116485978262724 0.328156100714234
0.136948917517273 0.128192994081816 0.0276710942350765 0.210289136641252 0.255814007386465 0.241083850138118
0.00623796387046246 0.251316420695037 0.20635519704256 0.175676140118883 0.168257601532388 0.19215667674067
0.340685277352046 0.0295352853684998 0.284449286433427 0.0120518880624404 0.17918158784154 0.154096674942047
0.232499096697722 0.173459314948746 0.147394561544924 0.213615875705694 0.0965063574252129 0.136524793677701
0.199005725783729 0.0841935333867928 0.184250591798805 0.200043496058578 0.203121888859331 0.129384764112764
0.199287857416483 0.0950298232284671 0.103500579155695 0.250656395614864 0.11006082641294 0.241464518171551
0.0526672559609626 0.1560903858094 0.142344934193314 0.221074046041811 0.270312081942346 0.157511296052166
0.197389572611558 0.11022772162049 0.0429689707978835 0.164680749061665 0.240218129986304 0.244514855922099
0.251225936836504 0.300378661769145 0.0181214035365292 0.14625944297137 0.0132764193821767 0.270738135504275
0.100223761374805 0.335121264683591 0.242896384919208 0.0547413351058098 0.0440658315911803 0.222951422325406
0.209533662409828 0.0555963119971928 0.203584050257277 0.189986211578745 0.101539068210841 0.239760695546116
0.0462968440856594 0.157794806182118 0.293180348342209 0.0286362479985773 0.270702756021119 0.203388997370317
0.166720459973871 0.0479493612802401 0.320188185372696 0.118292866620425 0.113014491990475 0.233834634762293
0.0946550484969822 0.176391263218336 0.233961310847481 0.0899903291483228 0.201590598828396 0.203411449460483
0.146947845560367 0.257978339668463 0.0694800541532109 0.240011709993099 0.0518428129261173 0.233739237698743
0.0708295166542148 0.133144274494192 0.221360509708921 0.330543007834227 0.00707504244586417 0.237047648862581
0.229279124441666 0.0323293220977244 0.175236433386081 0.236480320361439 0.0903995397419132 0.236275259971176
0.0299978213974083 0.00564882704530699 0.191607799927508 0.432453599470257 0.00517561682395157 0.335116335335569
0.276995505111009 0.179460830739293 0.195557639086965 0.00789117779437912 0.0423992092847129 0.297695637983641
0.26300030488415 0.205597649964896 0.239323031143665 0.235374032124759 0.0176981712011309 0.0390068106813987
0.165061069103106 0.231141375736236 0.105687717189006 0.14368092148957 0.336618229191337 0.0178106872907446
0.301906575861812 0.0898663931791325 0.168964889838214 0.0920412751656705 0.266418658506387 0.0808022074487849
0.274754787076263 0.0473762992156041 0.13311027121541 0.113741076148889 0.169586906236902 0.261430660106932
0.234586916348438 0.18157857952162 0.0862613332139419 0.366898117149199 0.00662612238853779 0.124048931378264
0.231522890075947 0.13119131219693 0.449407341888998 0.0233519418024617 0.0716668496347448 0.0928596644009173
0.199932084137522 0.0587494091451068 0.305295880352856 0.10720952099803 0.00998134775203884 0.318831757614447
0.0303068528938251 0.260626855093689 0.0485451728704094 0.124240260830839 0.27304286983536 0.263237988475878
0.305008373339111 0.300860407765501 0.0642484342754449 0.259168577822827 0.0476457014315798 0.0230685053655363
0.0455480915314015 0.322738489414911 0.154473572426439 0.333494736901682 0.0576201091627743 0.0861250005627928
0.0359764351378433 0.000856147615519182 0.0276352687677797 0.30098287412356 0.271191705729717 0.36335756862558
0.310196668111658 0.175296319699005 0.17088034257462 0.050192156923589 0.160413998132161 0.133020514558966
0.263806718522023 0.00583144330693902 0.123843602104986 0.0979049140362163 0.207075571995984 0.301537750033852
0.187714594067658 0.0454358958693131 0.216907675106415 0.11233588260785 0.251656968290838 0.185948984057926
0.15848638136123 0.257592598562716 0.188535276501319 0.254656673651492 0.0223864976902304 0.118342572233012
0.107245689538508 0.0347526856845513 0.21002154899275 0.147278850929452 0.2600583797091 0.240642845145639
0.0978120078188592 0.259174075904011 0.0766209566797831 0.0170621915119275 0.296399172385652 0.252931595699767
0.0938660623070922 0.361185530464333 0.02822116820887 0.223043856636015 0.283931948651652 0.00975143373203742
0.193124989588858 0.196623764273934 0.182842537658098 0.124341514934843 0.221659050557229 0.0814081429870371
0.197560185225414 0.205185720262653 0.207254751765137 0.194647139004813 0.0554312709255964 0.139920932816388
0.196310490529759 0.0390989841553854 0.234505984934823 0.245004657265568 0.194786569869084 0.0902933132453812
0.100532272208075 0.204127331845764 0.0482738251882839 0.298569667001701 0.0868257156819614 0.261671188074214
0.098998074109687 0.00246200036890523 0.298542936447627 0.424312455008205 0.0125910698040108 0.163093464261565
0.246478548029733 0.211877857935083 0.122737678963867 0.0392982581343529 0.0829422143782735 0.296665442558691
0.338477465352802 0.290093020092837 0.089974117482673 0.0384641037374598 0.218459318519294 0.0245319748149339
0.169779172700927 0.215054002784738 0.236610228404716 0.0815713929712575 0.156039971445667 0.140945231692695
0.149190738200708 0.293012133441412 0.125761287093117 0.22094197577472 0.110508102206325 0.100585763283718
0.0037251809634471 0.212179650248952 0.242462245133782 0.200945469353614 0.116146046049976 0.224541408250228
0.16774887375733 0.0889951297876882 0.0824436249490492 0.185922166724627 0.112308239219523 0.362581965561783
0.169092757711232 0.0905013572245497 0.14049252188174 0.0153240726146316 0.272765410950429 0.311823879617417
0.0273496021550648 0.289051556916483 0.238622805668032 0.018575696116771 0.264377458683433 0.162022880460217
0.199248610594714 0.0938408118015431 0.017288155878147 0.171961677265693 0.0695257402533574 0.448135004206546
0.0551590654306401 0.213653436862954 0.252581395516748 0.200850553606305 0.264077075491675 0.0136784730916778
0.111514450440221 0.224476957245438 0.186627806892781 0.0375265872821243 0.257912974668514 0.181941223470922
0.0733997355843476 0.142885215511813 0.345673360148111 0.220710942319942 0.00920343523519487 0.208127311200592
0.172073258683143 0.198481754825184 0.142447075965723 0.299772077804523 0.158909377745136 0.028316454976291
0.0465024356439917 0.307949046487305 0.112220831934092 0.167872305571766 0.224707983845323 0.140747396517521
0.305443738553775 0.0241337883961328 0.269251471030645 0.155771043591039 0.11859215824654 0.126807800181868
0.104230877195679 0.120510957777053 0.0405619011272619 0.301633843603254 0.40632748298815 0.0267349373086021
0.124257267154039 0.26686923666987 0.241913617859106 0.150707869423749 0.0904539934362604 0.125798015456975
0.137228101710087 0.214289696696999 0.349010819912752 0.0363300525549111 0.198650997600277 0.0644903315249741
0.0962676400189234 0.00212793893476714 0.38287537800089 0.156250114047163 0.10641919567422 0.256059733324036
0.197465405545003 0.19227607374158 0.165853911987755 0.168346324464311 0.100642282056715 0.175416002204636
0.234487492861372 0.267207336007962 0.10020754890484 0.0915669163262432 0.267265878708899 0.0392648271906832
0.043582478550005 0.236218477022742 0.295159066862207 0.0174191163883377 0.239338397145906 0.168282464030802
0.129040204733812 0.157861245121817 0.0270528942164069 0.225952693760761 0.268443243309339 0.191649718857865
0.0505445619897149 0.122441877309431 0.340572580296446 0.251721435472437 0.117763546491471 0.1169559984405
0.0870429300295864 0.0342793480058684 0.052742359823181 0.27222728990457 0.261396771885909 0.292311300350885
0.111004382150464 0.253487478446601 0.277365350270905 0.135320377137549 0.0547112328191441 0.168111179175337
0.431900019632583 0.234441727255952 0.079960450857018 0.113914257345541 0.0446732692125181 0.0951102756963874
0.286825623358815 0.199141971320288 0.10350359516594 0.00533027900380083 0.0948783793216503 0.310320151829507
0.184808180647633 0.304144719164722 0.206421921216193 0.139644920674498 0.120388962596295 0.0445912957006591
0.118223636751489 0.225150079166166 0.204171686110549 0.177548879115538 0.189658777197477 0.0852469416587811
0.00919032253303076 0.298421832442806 0.201400672149943 0.144845325703171 0.14674643209075 0.199395415080301
0.31432306604947 0.110523842900128 0.191574173534687 0.214855851594195 0.0695066973125953 0.0992163686089242
0.133075389807859 0.394229463542133 0.0458314167693921 0.0827751196077698 0.324704852768277 0.0193837575045686
0.04090954311775 0.0418895337236276 0.125467537150682 0.219631111896258 0.333384079435607 0.238718194676075
0.219158580791789 0.0159712494967494 0.147518983610145 0.239580940376688 0.167037606296665 0.210732639427965
0.218317471244653 0.219170651456046 0.00593855166286449 0.179491929009987 0.198167739924124 0.178913656702325
0.101859606341007 0.330198333303879 0.320614916817425 0.208081852075583 0.0164263227965908 0.0228189686655155
0.230418692448541 0.142573239784143 0.0995407009105802 0.225558769480016 0.225734370174727 0.0761742272019925
0.135884144774801 0.18651494919238 0.167820274807753 0.0289951323199519 0.203942385265563 0.276843113639551
0.116511455435919 0.199518284509437 0.151928991490275 0.17942066551333 0.116707174824688 0.235913428226352
0.284953545754871 0.163325473148863 0.25381578848595 0.120772781640212 0.121610928100509 0.0555214828695953
0.0371112041869217 0.169009680399657 0.564343960829322 0.16837661363659 0.0395722983141142 0.0215862426333954
0.356318194483068 0.0489376501065143 0.34676681041833 0.0556826220381156 0.14400531978959 0.0482894031643812
0.336697978800029 0.0102928206207184 0.288093949772567 0.05479235144879 0.0536740583481684 0.256448841009727
0.0881179371838416 0.16846641590913 0.0403822011185176 0.346522095589965 0.0182942170187837 0.338217133179762
0.218947548757292 0.0212141685035065 0.0994939248339478 0.183574748883104 0.132480807211744 0.344288801810405
0.130879012737142 0.264939215567579 0.195384859147453 0.211094914006751 0.0925098632767992 0.105192135264276
0.141473411109217 0.172387719142942 0.0509391992498512 0.164244514855931 0.243563521548438 0.227391634093621
0.0721003412422293 0.205891246129403 0.120367754625917 0.132183267153616 0.315268923542651 0.154188467306184
0.19296974342369 0.113515432994384 0.302399055476738 0.0631971358634803 0.0967008297045987 0.231217802537109
0.13270082134659 0.185363207985379 0.0472752644352142 0.296613800463002 0.198865710689581 0.139181195080235
0.264361019878622 0.145874391272255 0.259861787841527 0.189209055686957 0.0247594930617739 0.115934252258865
0.443157456888709 0.185449475474302 0.107842900124459 0.160738109149747 0.0835210373705009 0.0192910209922817
0.255106865526653 0.288458124258946 0.00849860502495405 0.327776537984117 0.054720626292489 0.0654392409128412
0.103066810806333 0.205592374079262 0.0803701037847537 0.245365606648722 0.172110052121061 0.193495052559869
0.202436462887641 0.130300347640778 0.269712449223388 0.202154406038397 0.0113956318519421 0.184000702357853
0.0762359157106813 0.250849398919587 0.150514680892555 0.0815834617079035 0.289674353086746 0.151142189682528
0.323551393140501 0.366104936160547 0.113398773768006 0.0531694653843772 0.0490015536907683 0.0947738778558
0.126163605966635 0.179879215739545 0.225110481496147 0.222462273885847 0.22085958465003 0.0255248382617956
0.0208567488586365 0.119331218821887 0.297323784765195 0.155545987267342 0.288117820471038 0.118824439815902
0.090621826542227 0.163252342342389 0.154989169016153 0.10151552028686 0.261828748917303 0.227792392895068
0.181382023132701 0.172562626418231 0.0922272440044315 0.0779604065048475 0.219858257524675 0.256009442415113
0.279465867601631 0.0454307542507 4.2761281464925e-05 0.237753299696362 0.246398704683578 0.190908612486264
0.176185369942187 0.198982993687578 0.194094271301052 0.186236947546565 0.00737169774947665 0.237128719773142
0.266156000817541 0.0961326870397692 0.0790977501168898 0.194243165600948 0.0876566605306549 0.276713735894197
0.160530937755466 0.137315253940729 0.175079198414694 0.153836785191317 0.193977795272139 0.179260029425655
0.0687226926773622 0.0706085694743394 0.1767497827588 0.161894991380151 0.221400414404375 0.300623549304974
0.189072964664928 0.127209378722719 0.294084991957457 0.146875573903622 0.23499571257799 0.007761378173284
0.0629487934995944 0.111914724659024 0.352129575745671 0.0931784452870306 0.312944865526101 0.0668835952825796
0.133022615500386 0.130872687485895 0.0818995118367116 0.27200756732784 0.213950732519273 0.168246885329895
0.11277477804664 0.281442798101208 0.361183407651917 0.0593807011466106 0.0197432672609052 0.165475047792719
0.324850595159825 0.0337032695227608 0.0688792816267072 0.260033111935065 0.244932395392963 0.0676013463626791
0.223808953498967 0.168040818387602 0.0205047128226091 0.156381604960628 0.220377420994215 0.21088648933598
0.0777935811673425 0.166620051036207 0.242462399506656 0.243261037903757 0.203501352980422 0.0663615774056152
0.0241941949406943 0.212772926441498 0.155589555601727 0.180504214841054 0.382448194037326 0.0444909141377008
0.234341443458581 0.0875616573214957 0.0988317372484608 0.164668226665934 0.379728928723889 0.0348680065816399
0.1144124645828 0.198837846398924 0.166094546101547 0.246603032032869 0.0959399631793024 0.178112147704557
0.221215641247089 0.0999077450713343 0.228600133304774 0.195773238017561 0.192475874733951 0.0620273676252903
0.181775869159228 0.19755316828113 0.0790367311097324 0.0759746837994789 0.148215342647946 0.317444205002485
0.19295519501327 0.145780149890705 0.215551499224656 0.230978392223504 0.00821808754665098 0.206516676101215
0.0986908683888193 0.148144714934065 0.22552256220926 0.0281350808966301 0.270928813528787 0.228577960042438
0.223009886793086 0.226909764214357 0.0947882948843605 0.235006144903051 0.163179909520769 0.0571059996843767
0.0156461269419366 0.175111075487573 0.190285576288661 0.221152135691342 0.14860643343316 0.249198652157327
0.0643925633953457 0.0624136028666965 0.255471009082335 0.33607101309601 0.240371085678312 0.0412807258813
0.0321507673914366 0.104020859866161 0.0532450065387574 0.390371248852644 0.0613181036880745 0.358894013662927
0.146650680586722 0.112102634064183 0.255019474214095 0.245512363144091 0.00733935819267702 0.233375489798232
0.278044821725524 0.273322520269566 0.334922465680025 0.0966495428120621 0.0154202911195438 0.0016403583932786
0.100496844732993 0.0466449430005533 0.36691001646235 0.222787551674609 0.213742677285886 0.0494179668436082
0.233264248583397 0.126325715407396 0.133103866621972 0.0727509028626862 0.18629681449602 0.248258452028528
0.114330673397427 0.204081904085249 0.265386302848596 0.0521918502404713 0.135104379304662 0.228904890123595
0.357246728029483 0.0915055680279232 0.184090904115885 0.0839690074642809 0.143011177694786 0.140176614667642
0.258767568827437 0.0133603663692074 0.229330602168341 0.131545352998539 0.0531280224601708 0.313868087176304
0.0471189120715694 0.223609376499504 0.201009213944337 0.0705979253423292 0.229042407515149 0.228622164627111
0.155519830169503 0.186351787122056 0.0730816536178772 0.00814670587404204 0.124475635110615 0.452424388105907
0.172655881657318 0.327992186366353 0.094556750322762 0.0526887231938368 0.273813557232848 0.0782929012268829
0.233740667759436 0.249241782454471 0.176740392374348 0.312238876841107 0.00703306885430817 0.0210052117163298
0.0736872583302795 0.0356398516355455 0.362941948557817 0.210742471420377 0.0568376239585453 0.260150846097435
0.359283198159556 0.158486770022799 0.344266440024862 0.0627665336045247 0.000462094588525757 0.0747349635997329
0.0823730510039527 0.098008333164583 0.0536513634651745 0.380525012466644 0.0278077350638589 0.357634504835787
0.0165025864077897 0.190371269663295 0.308442346192875 0.107948396408772 0.158468153584934 0.218267247742334
0.115139698515629 0.197320668798992 0.210835346754525 0.185324105172767 0.198589104173841 0.0927910765842454
0.110862463197394 0.141622150091887 0.304876646010042 0.22367394181223 0.0669368839965238 0.152027914891924
0.18112454815286 0.20000907589557 0.202593385678258 0.0748496307785703 0.324117208501806 0.0173061509929362
0.00419309980815876 0.293555307392776 0.153692135302428 0.266150658963039 0.157272180208471 0.125136618325127
0.119116756186561 0.257372044378015 0.264364210377735 0.239909053894657 0.00700854764430124 0.112229387518731
0.0666375437494672 0.0131445407372871 0.217751562683492 0.275248870376415 0.27907970191128 0.148137780542058
0.102454998998644 0.199120572107953 0.242996835489317 0.209303961415952 0.0489067843916185 0.197216847596517
0.453757158428834 0.022745447576839 0.171875752884405 0.219885236147289 0.0737874366787224 0.0579489682839111
0.277241990773524 0.0743211797062024 0.25322175225203 0.0345926167251103 0.21606020586623 0.144562254676903
0.256677674108863 0.191742545627426 0.0224910813420409 0.192685080462943 0.287887849900019 0.0485157685587086
0.239364043494425 0.107327974892959 0.255663273759125 0.0315781968317208 0.270964560890071 0.0951019501316983
0.209023083711449 0.250510353119778 0.13900732806279 0.0748721121276787 0.133447359984111 0.193139762994193
0.297710486741399 0.192450261778983 0.190123621793352 0.09046798210408 0.167653197435451 0.0615944501467336
0.16181340424922 0.185060057967013 0.044294809890199 0.230913748476184 0.168170804398431 0.209747175018953
0.320454588586392 0.223224515885577 0.251399005728907 0.110888417844488 0.055980372958072 0.0380530989965647
0.423673448238544 0.0809792284525769 0.0504163456064481 0.13091537294057 0.00406566506414029 0.309949939697721
0.244553605205127 0.153307314230891 0.117657288070378 0.0567660027525282 0.202429722758623 0.225286066982453
0.100528136339984 0.0890569967673368 0.133394491685456 0.232583739664254 0.254387259493349 0.190049376049621
0.142926277406034 0.125240906991081 0.0406089867732079 0.328991079575115 0.0186523781501944 0.343580371104367
0.244618047920388 8.1318769260969e-05 0.258118976472395 0.232708373903538 0.0530196155235596 0.211453667410859
0.126028085415012 0.269196906760776 0.00653955492105515 0.229093717155086 0.216638543171269 0.152503192576802
0.0274769932481957 0.133322455706624 0.227319036195338 0.222351983398639 0.223341575869329 0.166187955581875
0.0793852861545807 0.251560805667865 0.228946666627769 0.240784337361331 0.0823030585391853 0.11701984564927
0.0866597520753778 0.133740198548006 0.103262619814105 0.0360156599957156 0.370164633683314 0.270157135883482
0.164845059986166 0.205076755456502 0.214100284354284 0.172759807666701 0.029923177389215 0.213294915147132
0.102667716436837 0.272164842501075 0.234811777368299 0.31399927993374 0.0126634855153767 0.0636928982446722
0.238623553607074 0.108612642535672 0.11628924014023 0.144971947823648 0.202135450575639 0.189367165317737
0.234182861815762 0.0329064535276846 0.254402774394408 0.19110849605009 0.208994077204672 0.0784053370073836
0.247592745019117 0.193258740031842 0.10958811429424 0.0664512659863274 0.186153942519861 0.196955192148613
0.0703832619734643 0.190705645370507 0.0488779038667195 0.246755640278993 0.213310658891302 0.229966889619013
0.140427166358667 0.143242402878388 0.214525965206987 0.279555330491065 0.0599811703812448 0.162267964683648
0.130212878253247 0.0660511849249703 0.24803152612346 0.132835383986747 0.243047746913145 0.17982127979843
0.154859200443956 0.216686417992728 0.134224823100989 0.0274858986227255 0.242983712984939 0.223759946854662
0.272208437164859 0.232716293984634 0.0289774563875788 0.191263159172414 0.0764637212189825 0.198370932071531
0.136999237021999 0.128547902633255 0.0717212280958189 0.315536300536601 0.331353453656785 0.0158418780555417
0.105794625455157 0.258551860447121 0.163607543616499 0.137096765645643 0.211378086244482 0.123571118591097
0.036876641732499 0.254480524549331 0.0121517150220785 0.2307538395584 0.190262313589627 0.275474965548064
0.232669981190934 0.0908373176543707 0.036150940718246 0.144992088081635 0.253891972745607 0.241457699609208
0.103638023101869 0.153317980486534 0.216072337926922 0.284047919567018 0.11318963304769 0.129734105869967
0.200618113398108 0.068893622306405 0.125251994433815 0.320698700816218 0.0025384174707783 0.281999151574676
0.111141329903679 0.161344507806832 0.282443343398548 0.204494648721725 0.199706347212347 0.0408698229568688
0.199010362819075 0.0273681456362507 0.205336627199779 0.0840323455937043 0.222104619771951 0.262147898979241
0.317302361945061 0.263541776063758 0.0542209482967015 0.0360255591793124 0.148810262525061 0.180099091990106
0.0632537926136319 0.0613540307899937 0.199536169614005 0.0661565089393771 0.302216659328315 0.307482838714678
0.332837517811059 0.00187867779209287 0.0469820485247146 0.308311815718555 0.051459760937051 0.258530179216527
0.250654345196508 0.20155578476973 0.26673088690088 0.12702022800913 0.00645457976030962 0.147584175363442
0.400860178278514 0.173371403663919 0.0135368044259981 0.0295762852105276 0.371024253975544 0.011631074445498
0.115749450674457 0.305335021990958 0.305498271888129 0.0457157905488862 0.0860735646344705 0.1416279002631
0.233711305319122 0.118141732783782 0.100044206747915 0.113892231707901 0.220349884947465 0.213860638493815
0.0438895834683921 0.298534613244949 0.263225430556187 0.111669020354261 0.167961750640458 0.114719601735753
0.215624415602398 0.149179771102751 0.214342238233911 0.104590601431615 0.0231305729615175 0.293132400667809
0.0618090746475771 0.274646797361088 0.0279531351893919 0.241386689535426 0.290160534969969 0.104043768296548
0.065112413579889 0.244365410260154 0.261356762402304 0.151008466229843 0.108304466948827 0.169852480578984
0.274560696067146 0.219689163735302 0.0181184562841691 0.274939242641204 0.152365410903034 0.060327030369145
0.220329787593823 0.222131895581566 0.232505046009378 0.00338579888342338 0.202020196306869 0.11962727562494
0.155784677456991 0.143176785804635 0.194186333228094 0.254980298101592 0.208458558257784 0.0434133471509046
0.33063132235837 0.0654696666237457 0.256357045759365 0.0372846683094905 0.126182770418522 0.184074526530506
0.0833960900578118 0.257748199289401 0.131145837237861 0.181904806790924 0.334067504991367 0.0117375616326356
0.00755068684558729 0.258023845709225 0.194998595576745 0.106833597601121 0.208765085909001 0.223828188358321
0.3244064138872 0.106405927920926 0.0589733002958887 0.105130946861254 0.365293659715734 0.0397897513189982
0.245732268389999 0.166895891300886 0.216943835813021 0.251131744729338 0.0772679754684625 0.0420282842982921
0.199967982902389 0.0334503464686841 0.169134978751849 0.146860253528481 0.225068780978644 0.225517657369953
0.0965599746756182 0.297201101648002 0.141659240321531 0.194012933417309 0.133157688317756 0.137409061619784
0.276500112532387 0.0406049046320453 0.319175394281821 0.2328072034641 0.112354195147359 0.0185581899422871
0.14856674273363 0.184752446666003 0.249872326165571 0.202844498398867 0.105328382992984 0.108635603042944
0.0920677646794544 0.167617209837435 0.276028988036474 0.15274725617946 0.140976003536552 0.170562777730626
0.237461732247204 0.164371246818108 0.168959059779511 0.0883403084791603 0.185994951731693 0.154872700944324
0.286336282258765 0.0442395947264309 0.174047125352427 0.285187850696636 0.200223051724587 0.00996609524115424
0.32020632590841 0.181755101807291 0.201972142871104 0.0127981547125401 0.0431103251544592 0.240157949546195
0.206612284926104 0.129705034998225 0.197289374793881 0.039715777055969 0.207807171169492 0.218870357056329
0.115738921023757 0.0267835958079865 0.349089328493095 0.241401540590478 0.041960957510815 0.225025656573868
0.130942671749935 0.176639039539437 0.130876903942592 0.250678757866822 0.28459604396053 0.0262665829406837
0.00102098747510005 0.302051866193448 0.200184708982353 0.0511030279078161 0.302163736156369 0.143475673284913
0.00752162872290183 0.350681250332444 0.315790955260206 0.0533146813285978 0.0474595970067694 0.225231887349081
0.0777530906862168 0.326698996050468 0.00593437501156683 0.117494802986462 0.399027566532706 0.0730911687325808
0.295569230000529 0.322609684462278 0.0572207594559981 0.0771729530920938 0.0853679168947124 0.162059456094389
0.318777630263788 0.0209303738079429 0.0330732471692861 0.319480097598948 0.0667742717834231 0.240964379376613
0.253993385538705 0.2900662377112 0.125802474318615 0.177277601233124 0.0581801280795923 0.0946801731187628
0.156061888027827 0.134009254533433 0.188918808681296 0.156980068558743 0.0591870179812202 0.304842962217481
0.288099476161211 0.105167179286485 0.245299954095546 0.0736297477798273 0.17475509182239 0.113048550854541
0.161835285771118 0.228034677439115 0.120563767046175 0.183250716621256 0.0516427060678969 0.254672847054439
0.225943016511551 0.101802116274185 0.221285918592318 0.137763457841967 0.0849683422002651 0.228237148579714
0.0251944571628451 0.375550442367076 0.0271140162629883 0.134272582384031 0.289396850219638 0.148471651603422
0.139977655360386 0.586766324254815 0.0549705592444642 0.023028594573541 0.0724333801397077 0.122823486427087
0.134744972112816 0.154317457240962 0.066460177525435 0.289148831883763 0.153045341528291 0.202283219708732
0.00063378133051951 0.177740466961702 0.309919632619014 0.219450958922383 0.126008547556985 0.166246612609397
0.156996892809332 0.110389847080546 0.203986083017546 0.233206628979998 0.158700448248297 0.13672009986428
0.298575393073825 0.0631189042434771 0.175425205466104 0.247806975376037 0.158153250721101 0.0569202711194564
0.137541917716878 0.034721477749738 0.355107889366167 0.365958849972082 0.038102890518001 0.0685669746771336
0.053337614706649 0.173829188985117 0.227926855612722 0.264756444795595 0.268204116870244 0.011945779029672
0.344731104811526 0.0648582670032583 0.0570919059995268 0.0785071569307882 0.411343614700769 0.0434679505541316
0.214254655890575 0.166773035463574 0.252114317279893 0.110115583934625 0.0637322039478762 0.193010203483456
0.306913845822534 0.196624513030879 0.0828265830605299 0.00441084781255288 0.168724944381323 0.240499265892182
0.142181121288014 0.307736875146524 0.13828781424383 0.0407898336562861 0.132388117769307 0.23861623789604
0.062219607693465 0.392350424331958 0.141429586432247 0.0199050575653545 0.333877451323193 0.0502178726537826
0.301171390795383 0.237548508646673 0.21377555509543 0.0969663514307042 0.0978855216051985 0.0526526724266122
0.230355239761365 0.100389571646308 0.180953445863699 0.191356842272479 0.0737280207667649 0.223216879689384
0.117877740670716 0.32863008824346 0.142052363581058 0.211001652848927 0.0216163654135362 0.178821789242303
0.242488354386347 0.189291702397068 0.21193339500081 0.131880120277833 0.219871297013542 0.0045351309244003
0.435111591240427 0.237605401277972 0.110002696005188 0.00681315546662782 0.0237082110774053 0.186758944932379
0.0808691729106954 0.273503251249934 0.108356559709518 0.0120604705845534 0.354597373631775 0.170613171913523
0.261586482480202 0.0599599586528539 0.1762094841381 0.256234893538127 0.170290378711913 0.0757188024788049
0.205536561557799 0.200261709953591 0.121802547451127 0.218693975068364 0.00241498882428418 0.251290217144834
0.101848946319041 0.0895156079659057 0.239757815896282 0.294615823609462 0.140283992067793 0.133977814141516
0.167156747057943 0.0298475086610341 0.274758732205851 0.296163655978327 0.0422420919240891 0.189831264172755
0.255269680453388 0.192112407841696 0.0174816012984734 0.293593916342716 0.128877569964304 0.112664824099422
0.179737108906584 0.219897803969694 0.151874934830557 0.171134614053285 0.166379768297637 0.110975769942242
0.357635120492143 0.0727332711233254 0.106695093515653 0.0727700765145455 0.0355553727095629 0.35461106564477
0.0360000615692219 0.0997300036643082 0.117325692227188 0.357018568052827 0.0755156908489287 0.314409983637527
0.25054101572806 0.156648039224885 0.0815086379832007 0.290314830767868 0.0315543329038968 0.18943314339209
0.161064628992906 0.123128017162914 0.229679885196721 0.217716579231908 0.0728182888580711 0.19559260055748
0.289778299517769 0.124303670899582 0.297943280875444 0.128867128660098 0.102965752628465 0.0561418674186418
0.381188894425693 0.167734414397942 0.00790608947984481 0.125950903488603 0.0437128162040527 0.273506882003865
0.333825953181082 0.450850391825591 0.0956053317027095 0.071528912727219 0.0436243003569339 0.00456511020646544
0.00638621437814165 0.0852687810673895 0.165672554664025 0.0384806490163726 0.263345188664041 0.44084661221003
0.218597393515959 0.150773803284741 0.0712623427264927 0.120275244710875 0.263869209359225 0.175222006402708
0.0194232642104393 0.379843463731782 0.0930811708813422 0.168283352758293 0.178878562450124 0.16049018596802
0.276053979326264 0.262344592291358 0.00693126354683441 0.238040721005662 0.101164599798182 0.1154648440317
0.216960849761036 0.281548571214216 0.202297713450014 0.180498238669207 0.0319080348389271 0.0867865920665996
0.0489133009820307 0.207563706650091 0.195131515417617 0.131900002843559 0.215020890145779 0.201470583960923
0.305352763083509 0.0267112181470711 0.344927743838742 0.268226646698772 0.0379475716103122 0.0168340566215936
0.0837774078643537 0.0308831917905766 0.160407866455848 0.00704924267979763 0.380846139005394 0.33703615220403
0.134874258878656 0.109703349969708 0.27069937425945 0.00369148635643518 0.187506371349511 0.293525159186241
0.132902183543804 0.118873860919677 0.0860329297053029 0.326316621520176 0.0434204053791334 0.292453998931906
0.053502173963093 0.347613889179832 0.129575741371864 0.138311830810991 0.0955200435240745 0.235476321150145
0.226696693074596 0.342157897872221 0.0968046283427365 0.0728215803443005 0.0640044861766445 0.197514714189502
