0.113498860236272 0.111116358952958 0.19783963509112 0.0482502832634379 0.117258624299312 0.228768015935156 0.178839691385301 0.00442853083644255
0.118052642041505 0.238479107722286 0.184781488769918 0.0796239644015915 0.0131946900081787 0.169689001509713 0.0673081948246536 0.128870910722154
0.0966813100154163 0.0713307482565129 0.166061139120385 0.173111551270745 0.0818013241506146 0.159551001713 0.133661477059992 0.117801448413335
0.0578586437752722 0.074119486851366 0.146425288798836 0.171237390691415 0.103913305692553 0.13760646381405 0.157135148318872 0.151704272057635
0.0127181067281664 0.235238047870203 0.188740402771294 0.179709246488005 0.0849113516771663 0.177729891580783 0.0799188407276517 0.0410341121567314
0.180829559810658 0.0714807443269115 0.21416024992746 0.0782545955318332 0.170241317296624 0.077803465331253 0.190190174276007 0.0170398934992525
0.181319304330764 0.0107839901631951 0.334103874775911 0.0184982460660622 0.00403035110985047 0.0154422959140212 0.201239065576508 0.234582872063688
0.26700560036135 0.18326977364879 0.196411939543596 0.173220391619719 0.0692349220018696 0.0655505076194054 0.0350699091349739 0.0102369560702955
0.056382412656918 0.141329054879472 0.0543871363427091 0.102033212106023 0.112760600099386 0.166601795598499 0.106479743955394 0.260026044361599
0.18827476696818 0.00867305564721249 0.119600147409381 0.171438932976085 0.187479092303298 0.128817570551753 0.16931727786518 0.0263991562789111
0.0660285578685249 0.0122121879409635 0.174800782640829 0.214994991860604 0.200417056694938 0.0747072924036547 0.174318465334315 0.082520665256171
0.106967354346066 0.131482324889476 0.153604525299909 0.0559797241128333 0.139368456138783 0.165089123830837 0.112350846015569 0.135157645366527
0.0583114706162599 0.0429519341120793 0.0717093641278699 0.188133551875474 0.137036328777126 0.22643941465718 0.197258378924578 0.0781595569094333
0.19101163012038 0.0443401773563833 0.114392602633027 0.188674945985208 0.129530799037219 0.1561333246937 0.0136029081741677 0.162313611999915
0.128962225472544 0.212383862507307 0.0371959446434277 0.066121225361475 0.0788356225664811 0.11451578521645 0.194728673169082 0.167256661063233
0.169815947467318 0.0989411153616241 0.0387288608348678 0.271942882452347 0.105198233793687 0.0314877676903072 0.267172194882094 0.0167129975177545
0.0824206275248399 0.13795979547103 0.0668961747502992 0.0526974562622581 0.220924738086494 0.227305372470016 0.0271022105161407 0.184693624918922
0.137121489289157 0.123858856026851 0.159845214740982 0.0363993909003434 0.146444803896382 0.0485425385499651 0.156631031769066 0.191156674827254
0.0569270202057303 0.211663758113061 0.157051288529994 0.0298944299442246 0.0173315788861088 0.014837791953714 0.18570014579052 0.326593986576647
0.216478834577373 0.0230439315492045 0.240274819841018 0.215604335843236 0.172682120668749 0.030712894564507 0.000991770857795785 0.100211292098116
0.045839586403548 0.220416236976095 0.124690921545923 0.191867683740536 0.108213357593682 0.128473732446973 0.173991250002811 0.00650723129043064
0.0182932128607933 0.237495908746629 0.159708804388318 0.117974332511032 0.138771585998666 0.139584962677178 0.0524233719276726 0.13574782088971
0.0476570729889002 0.0790530651441082 0.196142751950406 0.1603880261177 0.178025916248612 0.128613667868247 0.194758614317762 0.0153608853642643
0.217206739293832 0.137310984663984 0.189160712161306 0.143057332858529 0.246195657673168 0.00964554708386281 0.0531846804456111 0.00423834581970709
0.0546113371358431 0.186211844698438 0.102919185769102 0.057214324614756 0.0385761891355272 0.183574346407288 0.195934878813449 0.180957893425596
0.129801730378638 0.157727131355208 0.0335927035537667 0.122982934204295 0.0787630347773069 0.134493181348816 0.200999666045957 0.14163961833601
0.143037261851113 0.082061558073661 0.122761209679024 0.177232816032478 0.0163723171625712 0.0810471894410985 0.292367853769397 0.0851197939906565
0.258221854177093 0.0223862540366478 0.175863797314974 0.016455608530632 0.241922131185057 0.0996429868792237 0.0382754151556915 0.147231952720681
0.169345482573766 0.13880212162969 0.15333840118869 0.21285578466405 0.028116897425142 0.113730909324975 0.0935442875842627 0.0902661156094237
0.179621564505978 0.151076507311226 0.270898702212362 0.0927963443657772 0.0100291323605164 0.217445932149654 0.0654307510586976 0.0127010660357884
0.229873274345956 0.0463820130895787 0.0521928984275735 0.203621847750894 0.114467644413751 0.0799082932783889 0.0848248248649133 0.188729203828945
0.101976843467532 0.140426648665562 0.164910553441636 0.130415815961874 0.17735856489806 0.155273136292519 0.00556564027323183 0.124072796999586
0.178217198663632 0.157307561354597 0.143107324577811 0.130300274427922 0.202403819523211 0.14359236892998 0.0423834675936912 0.00268798492915572
0.170708110998552 0.101301386964398 0.0619798368035897 0.193199810955114 0.0245161758468849 0.156927259529432 0.177590988095256 0.113776430806773
0.0227112391624642 0.218230584506121 0.0931691777884181 0.0892320369720323 0.0574756466250274 0.138028641996168 0.133517632575735 0.247635040374034
0.204084787871651 0.19063937927558 0.161956159887831 0.17624221451821 0.06523438497888 0.0994728445415166 0.0245389543736653 0.0778312745526648
0.119067292178617 0.237577909276946 0.0671414695888028 0.21906132910927 0.16094805303088 0.0665550221830592 0.0807870673167463 0.0488618573156785
0.0810043522234384 0.128732681993752 0.0652627791440133 0.267027900908334 0.0681315856967537 0.0292131395026013 0.0692658233981912 0.291361737132917
0.0197607505361925 0.221431312675159 0.0569612463603006 0.120995929084789 0.26266837645504 0.156516798326259 0.0918810369243623 0.0697845496378976
0.127860362338173 0.194591181454002 0.132709222784865 0.0167627734472742 0.0190307592745285 0.19467906670031 0.189534289688836 0.124832344312011
0.220310504422467 0.0334354704821589 0.245782245747984 0.0557020743303518 0.0454428113932794 0.185494698039484 0.0752280679716521 0.138604127612623
0.062972201375829 0.166666820516015 0.145392768379504 0.111726413433636 0.164362016477358 0.113571136801753 0.0768338544667395 0.158474788549165
0.105483343626398 0.133101775681351 0.161184750510966 0.00727451893651736 0.129802855112894 0.173942096059868 0.119407196997564 0.169803463074441
0.0407917857585197 0.00492493050457305 0.172515853352107 0.20937477967431 0.149835795221926 0.180967287162815 0.150454017518335 0.0911355508074153
0.0285122325639087 0.0462832223221197 0.234098037243504 0.0900084065077186 0.217106684363252 0.110126864826552 0.0903522802813557 0.18351227189159
0.072884584143195 0.189003829916329 0.0946417163895126 0.0280904297774389 0.0972295625625457 0.147699435560874 0.0447999435638684 0.325650498086236
0.029789396831142 0.0751770307431684 0.275614759161291 0.015588253156145 0.118857824706445 0.137985147523589 0.130953682007017 0.216033905871202
0.0947992615789985 0.223308096908708 0.132688932042881 0.128716334435788 0.0416609607711013 0.192738303882693 0.0308919569883433 0.155196153391486
0.06359264058258 0.0840646905348119 0.176963957477268 0.0504168572226059 0.0854524192021841 0.138065050004529 0.230146881975849 0.171297503000172
0.117440694015175 0.0561571004252466 0.112833633092647 0.189880494545059 0.0426219113252922 0.168529122899585 0.136424177531719 0.176112866165277
0.0615994009975207 0.0769556399008006 0.190025101485081 0.124401493604867 0.0650644705308937 0.228316318822887 0.225621733197184 0.0280158414607654
0.0923795982935364 0.110838741870735 0.199299527153121 0.211091028647284 0.153937146696109 0.00882010901297802 0.186692470946973 0.0369413773792628
0.167578505298793 0.229838260875083 0.0743480584487192 0.0489431453378527 0.168222103681244 0.0833236534643005 0.0211636820967329 0.206582590797274
0.12774535602253 0.225714265336981 0.229615080668271 0.154283176652167 0.0253198716706287 0.0314840557295009 0.187512054905889 0.0183261390140316
0.209662583451536 0.0121869884459209 0.0505025105041743 0.0358637187191242 0.0213197861930291 0.287953568454914 0.309530664212821 0.0729801800184806
0.145426527340709 0.103429499924688 0.107695355445846 0.0576256906450812 0.220190806346547 0.0924234937138867 0.246729503041807 0.0264791235414356
0.0043082310895471 0.151035294560743 0.206034889964257 0.190311041773881 0.176465393889801 0.0492084304954733 0.118864236378048 0.103772481848249
0.0800222022792704 0.184659765121218 0.130178723330323 0.0623059121877393 0.188535728182294 0.086382788679963 0.124802046168555 0.143112834050638
0.208004838077537 0.211455565531046 0.110345295859721 0.195248974507463 0.0313767464971029 0.0355459712821549 0.134762459820471 0.0732601484245041
0.178044529695912 0.139997444988082 0.00889270560399929 0.0590352871185525 0.15509446236256 0.149162942816766 0.196495714957779 0.11327691245635
0.149763547150678 0.113545542621395 0.0485924470908431 0.0325869607303296 0.12166734423499 0.140006229624772 0.198614170272982 0.19522375827401
0.159526898021237 0.0575196692043413 0.0700077027756742 0.166608009721479 0.0263459122459411 0.21147328399627 0.194493101835202 0.114025422199856
0.140538697788284 0.186052699877861 0.182225965592043 0.0109141840512572 0.0491262142130876 0.131373744276831 0.0986407408868924 0.201127753313744
0.0864124697556263 0.1196059580299 0.107770009729305 0.132430336424004 0.11771669060732 0.117905343064356 0.133598745209202 0.184560447180285
0.00692270997028438 0.0523677368557528 0.295117911471665 0.0253901681170835 0.29309390418939 0.233402085102197 0.067478501001284 0.0262269832923435
0.194534521581802 0.111782666470919 0.200382360663703 0.0338680211223261 0.0217845593203664 0.195892672148164 0.0388750030541257 0.202880195638594
0.0795099794276234 0.0235780962314533 0.125561220975617 0.138544428572238 0.135608911114605 0.217800069413825 0.197699048416882 0.0816982458477554
0.155826842742188 0.112062500723652 0.017504310727764 0.0903343634705072 0.180613566436631 0.22447742489605 0.0512518271101074 0.167929163893101
0.149583753459265 0.0269499753060021 0.125640739092062 0.214733582458959 0.0655218571140836 0.0856176499516312 0.231948904447735 0.100003538170262
0.232110359538592 0.234927785158147 0.26832202309402 0.063068518060745 0.0434894714273529 0.0463713264957909 0.0886709658955381 0.0230395503298135
0.00427137429466105 0.105467763976469 0.243590231875084 0.212611817280471 0.0888256713767265 9.89219708546477e-05 0.141926141597561 0.203208077628174
0.13165453677836 0.230775010207037 0.0921104352206018 0.138440490338336 0.197193144323817 0.0602404876903973 0.129467964671633 0.0201179307698176
0.160283562397546 0.182999017801976 0.0223886609082892 0.0992949477616205 0.209434015941274 0.210205585468349 0.10126494906133 0.0141292606596169
0.213201823401146 0.0113296413277851 0.0670979336539173 0.0797082453277869 0.186462343686547 0.192915951974975 0.159181003653989 0.0901030569738537
0.131588646220602 0.0524475639741643 0.184035488306798 0.113776968365369 0.122597177729262 0.159078476945683 0.146846410327949 0.0896292681301726
0.117567322033292 0.0661113826212576 0.133256068390323 0.12595917375728 0.218299558052489 0.180100672397078 0.135405513980485 0.0233003087677959
0.26673706652036 0.257228070098898 0.0100259325140591 0.193244883758387 0.173915593913868 0.0365283795820549 0.0562544946869782 0.00606557892539426
0.0621981567238917 0.187273762402471 0.186987276509346 0.127652714834855 0.101917491121387 0.170173329871579 0.140192581643548 0.023604686892922
0.113469394499847 0.155842547023736 0.132216625378995 0.0786836252668923 0.0787436441083711 0.168996891100144 0.0978403488575796 0.174206923764435
0.0324441621514507 0.142606554824354 0.107715027794364 0.0936254294213942 0.147965797342522 0.16012084690117 0.189224315014036 0.126297866550707
0.170772092148716 0.0965801135382322 0.201793376361545 0.150086828739461 0.0407774957987788 0.171490350472962 0.0299490002373429 0.138550742702962
0.119295623629155 0.0830138015429535 0.157579910650002 0.0804453683796533 0.178156234682494 0.152147007025843 0.166265791591843 0.0630962624980565
0.176259473200685 0.2099663968139 0.163632988643065 0.14875264889407 0.156360919355975 0.000272083962741432 0.0975944677424242 0.0471610213871401
0.152283800823258 0.152164354894298 0.00875797726489981 0.180465284033689 0.136100415284267 0.115214362009703 0.0760474428668939 0.178966362822992
0.108754080533312 0.0980316275182305 0.176679350674097 0.0681907783648611 0.17771831708089 0.162513814654262 0.00218971177505287 0.205922319399295
0.23857783707603 0.222514624274722 0.021511574759771 0.00604221883835069 0.00128396659846263 0.228826215370592 0.223560925730666 0.0576826373514057
0.0825935987116431 0.0722894401424359 0.0120552269456109 0.0882378573522811 0.034953043877092 0.219385868227727 0.25445978279741 0.236025181945799
0.179259756775404 0.162569923791692 0.218067049812532 0.130045157609047 0.0685101335725513 0.0949759307227801 0.0257023396169887 0.120869708099004
0.14819038699626 0.0209509155870905 0.113096163520799 0.193666870119305 0.111631416446264 0.0949943778799638 0.202380932203106 0.115088937247212
0.239011563336429 0.0253095186501728 0.0304701841715779 0.202731528651287 0.104079813674543 0.214096167216337 0.123980858619551 0.0603203656801031
0.208921869895611 0.0204657450986944 0.205810817462545 0.116604653535885 0.0901911293994059 0.0517290857610982 0.089211755231577 0.217064943615183
0.0725645965907037 0.0621402901467007 0.0173641683324857 0.322925317333574 0.147999484233988 0.199500200394533 0.176568840977928 0.00093710199008712
0.0914360870244446 0.246222894720344 0.0273253957775246 0.0298793488435297 0.262682813859141 0.183896488680736 0.0611994496066533 0.0973575214876274
0.252644811119029 0.0819599249783535 0.0955259401013653 0.102797156629554 0.0781574260862894 0.131616869221361 0.138252426338861 0.119045445525188
0.210465278559372 0.24039570352205 0.0406773526043088 0.0285565785917663 0.128909740110264 0.0875496459379521 0.013849605467388 0.249596095206899
0.173480410748267 0.0736635394825232 0.19454606120517 0.0666166972834678 0.122027901803224 0.0402602675250828 0.155360853400896 0.174044268551369
0.184441368354057 0.00212357592238872 0.140482820780877 0.168422588755466 0.188672365733383 0.121218705900139 0.170076578915251 0.0245619956384391
0.0340096987459514 0.198904598955056 0.127274738207441 0.0290394236571129 0.178600049106499 0.109695685370538 0.145169752950726 0.177306053006676
0.1458758335693 0.226887751580957 0.203624183261489 0.0266628287159063 0.0229326661578985 0.172187324506685 0.0956896134677417 0.106139798740024
0.0549831266841429 0.0591541548547392 0.14889408103862 0.245249130196173 0.0519532453062983 0.195714935315026 0.124395536506455 0.119655790098545
0.301641362992891 0.0044517528083148 0.037771898062348 0.108874047577999 0.0269258327429649 0.23351499021567 0.0638788314514315 0.222941284148381
0.0991585741605753 0.0232635695739489 0.213096375601723 0.123898082461218 0.0388501749757719 0.23384936317923 0.0170676308631314 0.2508162291844
0.196216105418623 0.0156032332057395 0.120352614642824 0.0146384157968246 0.0519417086419627 0.220462957216043 0.184736814432761 0.196048150645223
0.0404271642415478 0.197762077753486 0.219631187376174 0.101994976452838 0.0826599301219929 0.162994005581669 0.0606791417664711 0.133851516705821
0.102043778509211 0.19170043740166 0.073068983132362 0.0482043453928035 0.0384670558641151 0.154501723399699 0.311046514248723 0.0809671620514258
0.0604421161314347 0.213401909259891 0.053537919411778 0.000549530964284181 0.153339504481644 0.166480056278127 0.203139751565606 0.149109211907235
0.158822034457014 0.0919623555832639 0.130549462850373 0.140859968647552 0.120328998105126 0.0786718034996532 0.154786830983909 0.124018545873109
0.0874223349246207 0.24726824340418 0.171567990125607 0.232665256256418 0.209518894052309 0.00963142978238901 0.0282120301354086 0.013713821319068
0.0692819063177531 0.059069019416171 0.129089757995147 0.0613895985047343 0.198515751231621 0.00844680888351257 0.24061459963459 0.233592558016471
0.164071336961466 0.196195491699359 0.0554611187846714 0.0492805014017813 0.158677138110917 0.210661867501817 0.0535475102404947 0.112105035299493
0.1630595299506 0.0936358782961331 0.137374784824216 0.223075642555048 0.105874661302432 0.186574540088922 0.0667571047469099 0.0236478582357401
0.204136265084821 0.159396122969035 0.148901711889463 0.121230623959948 0.0926250321861865 0.123004033606468 0.112076346569477 0.038629863734601
0.0180254814455787 0.169223048995686 0.0992605006304346 0.176475430660353 0.234664173598812 0.157101382066646 0.0429269126670256 0.102323069935464
0.0686836100415945 0.085214681133506 0.197983379624023 0.217691007681552 0.0985621576681825 0.0226764541295847 0.102438697916007 0.20675001180555
0.173988548390348 0.179190838721216 0.140719135847861 0.0445064975846826 0.15888966825439 0.0711298891621204 0.0434329276097289 0.188142494429653
0.116394143838422 0.133911132910675 0.223498240944355 0.0111189846067528 0.0578237483322558 0.114654361550646 0.226482801362304 0.116116586454588
0.116037836968521 0.172148232758628 0.204640110482874 0.000598036910228779 0.14485833515966 0.0445690248739133 0.0930193701913937 0.224129052654781
0.0875950041577596 0.0425220124315184 0.204241349796574 0.0904946247600377 0.0485899133345701 0.0716727716875338 0.256367750944174 0.198516572887833
0.0419154335443823 0.237237588194447 0.108645588683576 0.128266093781187 0.0330320875491872 0.0874616735198972 0.329295893966343 0.0341456407609803
0.205771955091418 0.119970193908073 0.0136051908348876 0.0158234539175626 0.172004032888879 0.171118974683235 0.138317409003096 0.163388789672848
0.051781983364604 0.197303447296164 0.0372051908808178 0.222139987902463 0.0678932254904439 0.0723795648483839 0.127973991584775 0.223322608632349
0.138231695881517 0.174702494746149 0.0521107075836604 0.0968737205271537 0.0453022720532435 0.167898867487672 0.168201125828285 0.15667911589232
0.089327552862565 0.0121440922146665 0.191060462330666 0.162869994868039 0.105278475052929 0.105510326237077 0.127987072339735 0.205822024094322
0.151850082630551 0.122723621906459 0.133784446526534 0.1386191614487 0.0949150408634485 0.139208386664046 0.0879722163745729 0.130927043585688
0.203759408747736 0.153441520183138 0.0539739582999438 0.090509644602995 0.0103780634093247 0.176231290160479 0.225890041099655 0.0858160734967289
0.12031330094102 0.133524162173708 0.0243242402632465 0.15206614147569 0.0202045198379746 0.239776399680885 0.0942969823599934 0.215494253267483
0.154357215743278 0.0835361189992725 0.0221890353342376 0.172350028495653 0.16063013077084 0.130188229994911 0.114772270899359 0.161976969762449
0.0112562617035997 0.0137269782868932 0.0185681921162946 0.16352366873957 0.231471176001863 0.174663042286851 0.243426227041096 0.143364453823832
0.103294064866564 0.111712887478343 0.0963013988327817 0.214982016845348 0.0463848996397391 0.178141494226965 0.197892318420719 0.0512909196895394
0.0157244506699876 0.240203606909159 0.238256139336822 0.0748612695029511 0.297078063017564 0.0100610055040025 0.123588244857063 0.000227220202450196
0.0335197794757685 0.0323688377166779 0.0539698698854485 0.215981043504241 0.135071773498068 0.199249356031102 0.208906066744511 0.120933273144183
0.172416808356234 0.213718954410668 0.127616111235425 0.094560636982228 0.073989262745109 0.0315103175485038 0.0644913114887102 0.221696597233122
0.154706896081451 0.173657271819388 0.112602696985793 0.139671670832001 0.137667245057447 0.182031533165558 0.0594298688242228 0.0402328172341381
0.171539782734695 0.0569013451300753 0.192407152327482 0.0332221213707995 0.0174286953217384 0.185524881302329 0.17260191658383 0.170374105229051
0.199166024709886 0.182720784764648 0.0102482300896011 0.179726717475459 0.0648937642730077 0.0687907945360517 0.0953276778324555 0.199126006318891
0.130012429685086 0.176880141100053 0.146189898546226 0.172273053412393 0.0842965794570394 0.138485256976848 0.135685967637065 0.0161766731852894
0.137009563979734 0.192678393797592 0.0194519341035625 0.0117392785954981 0.146838608842457 0.148716992539716 0.176736690350188 0.166828537791253
0.00573939786287852 0.109999436908633 0.206625362448947 0.122047561829602 0.130159245923482 0.0294463664417879 0.190447132336547 0.205535496248123
0.103753696823556 0.0397439834209372 0.198767291833786 0.167107908388479 0.0727467476400164 0.164264286843662 0.175013752975256 0.0786023320743071
0.232165835898184 0.221700917161404 0.0632484753124051 0.127178780056807 0.0103224903890382 0.0187936439427289 0.101414363312162 0.22517549392727
0.128029033875954 0.248543012681546 0.0164047446400747 0.0255812156188689 0.25913261480964 0.0267950079119372 0.178151504699456 0.117362865762524
0.0242842056801634 0.234535543631644 0.180736847063366 0.0531517569227088 0.109608608571602 0.0278953296961957 0.224628194607047 0.145159513827273
0.231259213643136 0.00670872572852471 0.219753850052498 0.133998910868473 0.110188671443938 0.220307974081188 0.0131998062713433 0.0645828479108985
0.0905595226207666 0.227641654292851 0.0500119643949431 0.0271136481043294 0.0455605430055048 0.220785422471342 0.143159922233016 0.195167322877248
0.203280465199475 0.291006203604232 0.238125098682002 0.0538660308926289 0.0177493384219558 0.0258569988905888 0.122016332896221 0.0480995314128971
0.0538469530897394 0.125004398777215 0.123694164842733 0.193604538141009 0.17052478952795 0.0192963831465696 0.102216077938237 0.211812694536547
0.0343084145663613 0.236185844063226 0.111532575512453 0.0089748199736922 0.0186249162104918 0.356609553091242 0.114195706342115 0.119568170240418
0.076361523684308 0.0998628509401124 0.143676473092609 0.0227361636091559 0.202342279016957 0.201778826199782 0.0940541078505417 0.159187775606534
0.0288659567872359 0.161990696707904 0.16299219866889 0.0895886477393823 0.159468302957407 0.167903726667212 0.175416904994829 0.0537735654771404
0.076237112287523 0.135297628663641 0.126822874096792 0.185340031780938 0.266354293981685 0.0592654809686955 0.123480911147327 0.0272016670733982
0.159885245731322 0.168691842384555 0.142962530765509 0.135483937587139 0.0645554721136644 0.227362610326276 0.066420030042337 0.0346383310491972
0.165419851381426 0.000148120818179305 0.286313508754102 0.193783614604484 0.188412495870189 0.0473555775595516 0.0694253458767981 0.0491414851352693
0.151277397396454 0.0281720998971663 0.260350126138085 0.0231016552877266 0.109985886459094 0.141807418230788 0.0746114765537009 0.210693940036985
0.0539040535872204 0.177207797470927 0.0805759356056489 0.197585525584786 0.239354563673417 0.0327783791980989 0.080762092998293 0.137831651881609
0.00903916744747368 0.181270776886882 0.116442070031949 0.0652211571673102 0.141180224805524 0.258200211485651 0.0779643607238202 0.15068203145139
0.263847778193547 0.0929704542216519 0.31192303447003 0.132927098450446 0.00563011674852535 0.103028582347922 0.0492816921485482 0.0403912434193296
0.254101199829861 0.156391893124365 0.0237117019566441 0.102854237194166 0.133913837129811 0.197783629875015 0.0918664233450218 0.0393770775451165
0.118411837555479 0.174716578166139 0.038029473645391 0.000625796785091304 0.22374245314617 0.160458723313736 0.139610672623965 0.144404464764029
0.18892074766433 0.139978721872317 0.0704075718483598 0.171016793754151 0.0867162403299404 0.0343140639378061 0.14503302611317 0.163612834479926
0.0327227821704328 0.0844261985424314 0.135906972023018 0.065278301705767 0.113378040663644 0.227764952198023 0.100214456105383 0.240308296591301
0.228663962768426 0.143445082683097 0.173861231208018 0.0327831451647019 0.243706829166525 0.0770957413026243 0.0093704439813367 0.0910735637252714
0.264270441928089 0.0196155781903825 0.0449930608996088 0.143322017187248 0.106715869124718 0.17463952615706 0.139900262573111 0.106543243939783
0.103730413963482 0.000678718083156181 0.0636558108406806 0.294513894462149 0.232095760907546 0.0786374109662426 0.025711553741103 0.20097643703564
0.140081375677631 0.187139550353998 0.193242264725012 0.0916828412643941 0.0654117023785112 0.0880592816353653 0.143463853960892 0.0909191300041968
0.186977067562692 0.0379691766352828 0.114432485664085 0.0855875767386908 0.180210195345468 0.187440007014615 0.0324045855522822 0.174978905486885
0.200197453022915 0.0804062753170412 0.194559227396964 0.0841652904278838 0.188942652537621 0.190688905495831 0.0184487036524181 0.0425914921493257
0.267205300579636 0.161817525405016 0.263128425392223 0.0990418426886795 0.0543246033581544 0.0896279089619773 0.0177451147115538 0.0471092789027603
0.0901899837664893 0.0856500071381437 0.134064966423666 0.165489055787456 0.212878157100579 0.0564443334512558 0.217112124020892 0.0381713723115185
0.302837176985387 0.216753105548417 0.0320623315398852 0.0209840686609197 0.161080438017391 0.160763077616884 0.0989071729405405 0.00661262869057505
0.157573978988455 0.0403398627704149 0.0720194219717648 0.0095822776710253 0.269623011334086 0.008291034734332 0.235448658173562 0.20712175435636
0.0227069102578311 0.105020441071622 0.0941748225179865 0.137334365867884 0.186851718061712 0.334210663608657 0.0475206876221072 0.0721803909921997
0.189459401730289 0.00648194361415564 0.183785684311454 0.194944948421476 0.192247104093799 0.151120240679062 0.0743881980962461 0.00757247905351802
0.140491752390514 0.0252256656764324 0.167688449900324 0.169378860586126 0.170960224992161 0.0866614879072685 0.185234779964197 0.0543587785829779
0.178279353702272 0.145790680458564 0.103883225722005 0.14112957539337 0.117394790641268 0.171700249744243 0.00849090117340015 0.133331223164877
0.0601507579162302 0.141791705695879 0.145647614247504 0.161618045648853 0.299372129966036 0.152837890274991 0.0291168498075265 0.00946500644298024
0.0665434821631728 0.160778614807478 0.075403261724376 0.0840858430241509 0.113155675025652 0.023877953465513 0.306852297127634 0.169302872662023
0.153536689756109 0.145516280853788 0.117057108882884 0.145456569280063 0.0972560166399544 0.156072663924497 0.148215572697825 0.0368890979648797
0.086978261988294 0.169106255764876 0.137208538085156 0.0718338992312415 0.195646932844596 0.194576185576125 0.100921439953973 0.0437284865557398
0.169589900847823 0.0390765323588158 0.187041044568945 0.144712362466407 0.24317022639971 0.00194037711208455 0.0381322200339304 0.176337336212284
0.0286116376111217 0.0733981786986104 0.300091235165188 0.0887570045863977 0.0204207499728177 0.0539432637453283 0.324038967826921 0.110738962393615
0.0880278833513624 0.196414829478877 0.216984769872258 0.065786335366597 0.137577423499012 0.0858144472671136 0.0792268311175807 0.1301674800472
0.270341262298693 0.0512336913317278 0.0508506915426265 0.08919496069695 0.272986255304357 0.138439919324077 0.0987719751916767 0.0281812443098921
0.149004288600289 0.0248153046277356 0.00700025250395904 0.139070309055041 0.165787868191456 0.187005884177519 0.132517850033256 0.194798242810745
0.195738999382449 0.116100773802484 0.0873592359573919 0.15633875063378 0.0721621545945469 0.135457968011355 0.132158146894723 0.104683970723271
0.0855771337079939 0.0172942509987537 0.13637438538707 0.205283139390846 0.168377872009442 0.105139586737619 0.0605886579229951 0.22136497384528
0.00602184102471193 0.173494856191255 0.0850377274905171 0.13932094375587 0.306145603851909 0.0991361362416386 0.0159929353019097 0.174849956142188
0.217290344563332 0.00441084191261698 0.0866554829797217 0.0196738893482464 0.00884852398162454 0.0830113067156793 0.295032143482892 0.285077467015888
0.0439171879889332 0.185324072218717 0.114609471182701 0.174472213786293 0.155529237782575 0.0851910286600302 0.0808409823527117 0.160115806028039
0.113961624444089 0.120100331286497 0.155340945632862 0.163609582918394 0.0978924560809456 0.0450385365913308 0.158156371378876 0.145900151667006
0.0939130490518829 0.199526669223959 0.023718481057064 0.059707668098422 0.0685184469833625 0.140602302815879 0.138849986525115 0.275163396244316
0.11985520766976 0.0651594920163484 0.21265440508696 0.14135011593476 0.038303863404112 0.096560922443502 0.130147691528875 0.195968301915683
0.167406635637713 0.136255679977605 0.0553384161461905 0.00319173296058796 0.0740146425893318 0.0122533096102728 0.228182583287552 0.323356999790747
0.0309815576027212 0.201555742770804 0.255545778346744 0.00808769128859669 0.0467321403940615 0.149062826329548 0.117954908385544 0.190079354881981
0.126902793035133 0.00653293393867939 0.195236077816843 0.0742357663478037 0.176627976175313 0.125922091799131 0.182706034014471 0.111836326872625
0.126584052598101 0.104077090853755 0.277108907531485 0.0888117645867774 0.143981798790675 0.173245593550252 0.023516237152102 0.0626745549368527
0.0343969672666542 0.0919369025962208 0.174371879007984 0.0120366202452976 0.189913885522148 0.0429391034398604 0.14405278068765 0.310351861234185
0.193694711514738 0.152761987646904 0.0593799434988906 0.0536591114991483 0.156477928037386 0.0985202890276886 0.0315156016964851 0.25399042707876
0.210769900807438 0.110196878324552 0.187383431532058 0.0988142929493384 0.102259829446508 0.031294500104927 0.131304035509032 0.127977131326145
0.030435305237084 0.0602618535983539 0.196949989451611 0.220352155170258 0.150180494779731 0.143856820283996 0.0874479574459877 0.110515424032978
0.131494436869826 0.0898057693347449 0.103417319296106 0.0507370881723337 0.129577206289981 0.160823320849681 0.220469881445279 0.113674977742048
0.254605559894285 0.0306784661702857 0.0357209208803493 0.202655378436058 0.193324886005452 0.0617328187346853 0.0469482004018794 0.174333769477005
0.219467276924514 0.0126965290793397 0.0696552195347927 0.244965291836793 0.0474206044610701 0.170720894464628 0.0236241966100999 0.211449987088762
0.14400460265941 0.196167184665464 0.11087376869704 0.0954780375569751 0.149623710717163 0.0188101026919898 0.0406721476364184 0.24437044537554
0.208131708761024 0.217096926005034 0.207092128364112 0.197142965228663 0.0110139974446271 0.0620190569045701 0.0553326477876699 0.0421705695042992
0.0354713504857632 0.171588795938161 0.150684669792846 0.219616753835896 0.141821524213001 0.0218463429100425 0.0343119004478529 0.224658662376438
0.224394384830781 0.0556935214653611 0.124816382415035 0.178380928620049 0.191013406565574 0.0977135429453384 0.0590982560351976 0.0688895771226648
0.1334619237953 0.224079321940082 0.198366764651949 0.111936123688171 0.199341086827398 0.00455556680084631 0.0519720795081804 0.0762871327880722
0.0746603611931287 0.139257285505276 0.0770657368084935 0.214514015780954 0.1838172459835 0.0577267366944733 0.214527560008917 0.038431058025258
0.0174096239802108 0.0717045221786923 0.271898809317176 0.131471496114266 0.25995205331643 0.0732551692567293 0.0901803385367442 0.0841279872997511
0.100051448705961 0.101406123647856 0.0542777872811778 0.126890579164259 0.0573675236915088 0.12470583624476 0.207004556448956 0.228296144815521
0.18451227478565 0.151677998586955 0.133520579896969 0.0306286881681047 0.149090158776324 0.161906815185249 0.0021708349709434 0.186492649629805
0.195658935177686 0.0533060267088861 0.235654418696314 0.121953523495471 0.00316824999462459 0.254867224216664 0.106718660792125 0.0286729609182289
0.144256732990334 0.14255977401626 0.195996116880429 0.179571933470068 0.163178810577455 0.0016717973683111 0.0369603620285465 0.135804472668597
0.110487033161701 0.134349264468004 0.190853952844609 0.0659524321319369 0.206776898354913 0.0200603871109007 0.0882505448982798 0.183269487029656
0.0399516553912417 0.2223767275653 0.0563200160959203 0.18362979877925 0.0202465982833583 0.16160765227644 0.103257582425013 0.212609969183476
0.0149680775918531 0.140107665134589 0.130382118848154 0.10964377228695 0.19090161064034 0.112921296003413 0.0864072312374488 0.214668228257252
0.151479813520394 0.00294808896217996 0.0391441854565931 0.021501061433279 0.114303203095466 0.0516784470275403 0.290185365191119 0.328759835313428
0.171821877533014 0.165299565720437 0.158658457558378 0.128779854104366 0.132494326711714 0.0522387384756554 0.0716790341405063 0.11902814575593
0.0357383888748646 0.13371215964105 0.0696528926396112 0.124234591902363 0.17842557507104 0.194133070751801 0.194280654552656 0.0698226665666143
0.17115861536089 0.128606049353223 0.0437973460309106 0.0502353086166372 0.0211256946287524 0.159524706655031 0.167823283368804 0.257728995985751
0.0448074717013528 0.191836188789546 0.22986357337884 0.146857588592165 0.192354131455718 0.0480866902242492 0.0170784627821129 0.129115893076016
0.138305302997937 0.0489246426783897 0.104326702990477 0.0207421316451214 0.147257977637568 0.10035609660951 0.185366495329996 0.254720650111002
0.129507909633249 0.0977101100515053 0.00814349341760477 0.0919682907831942 0.245024614922844 0.144442710429602 0.00746135534193496 0.275741515420065
0.0569816068608454 0.0284810090383664 0.241485650131836 0.0515115993432597 0.0759510616732443 0.101440461561263 0.205696056692848 0.238452554698337
0.146447150343536 0.170082398398105 0.0794486466788391 0.247191052151762 0.130526239178057 0.122208085398058 0.0447704866705872 0.0593259411810559
0.186703014055641 0.168287433369875 0.138675689084041 0.017188364401626 0.097666780936827 0.115394397756059 0.179612469347639 0.0964718510482919
0.189195203365719 0.00745541669106106 0.0704436195864961 0.185236052592252 0.212239816192515 0.0277024739482231 0.0732501400637414 0.234477277559993
0.140571334860967 0.127602353222905 0.0588175548170741 0.0550437596810546 0.152301571986916 0.218027661447449 0.11896249811088 0.128673265872755
0.0460652388546078 0.152682581052396 0.159932664777636 0.135445248225394 0.114994477349809 0.19234174636481 0.076480102011575 0.122057941363774
0.0560007516352704 0.11229836574062 0.167365308089875 0.080438460161288 0.16252430140509 0.0736992755533828 0.19017818176204 0.157495355652434
0.165627380475214 0.275261091536313 0.0706402562132567 0.0668436678477516 0.173287332426794 0.0107841999015832 0.0907641983510326 0.146791873248055
0.0657213262955215 0.0862332330122653 0.0981767045846129 0.0886382085041276 0.0685649145533287 0.0310197807802943 0.279721699830904 0.281924132438946
0.090863593755379 0.204190983723449 0.0753448776017328 0.266052288595545 0.0374102753674346 0.055988663161502 0.24495211347551 0.0251972043194474
0.293549577931917 0.144900763174933 0.0696131746318929 0.124193155753363 0.0110205710942229 0.167826307360577 0.152183415339475 0.0367130347136191
0.115065544331217 0.159419497336963 0.155460850893721 0.0810289726579692 0.191956626314498 0.0959703225095396 0.13649060545115 0.0646075805049422
0.0688839667383052 0.16848223984446 0.186337466805351 0.0226166731694249 0.184393136123411 0.140056176456738 0.193140988773396 0.036089352088913
0.0375778327408193 0.221657649099473 0.0261414229281626 0.0910876458353972 0.199005092156452 0.116419828929068 0.197676431725901 0.110434096584727
0.0644057531751537 0.190599110340337 0.107739429813579 0.0766524873965492 0.15593097241466 0.18801900286579 0.153675189460422 0.0629780545335098
0.164465579661633 0.0823487982882473 0.124047298078591 0.169528724940763 0.0725773568802792 0.0194430664539664 0.188902745216886 0.178686430479634
0.0860025513194514 0.157667445129189 0.131240074224979 0.155476037266017 0.0946704750716817 0.135799198106385 0.128986977468169 0.110157241414129
0.0889050602426464 0.20171334714401 0.0367410039896039 0.0224079057863194 0.200096137379863 0.076802232105458 0.345526269670774 0.027808043681326
0.0526598734481148 0.166521403695811 0.0823208963200691 0.128298956872996 0.191244416138813 0.203658002876857 0.0559335223607504 0.119362928286589
0.267046016442846 0.101064999710542 0.0789000162182764 0.027430091776034 0.0840092511879309 0.266504854862018 0.155495155144386 0.019549614657967
0.0324011420315727 0.0336236749781402 0.249099355426628 0.015450716802544 0.253029493915926 0.203873368678403 0.160645047214153 0.0518772009526345
0.134165842728935 0.2007802705689 0.168704709739041 0.276219467322985 0.164614459369907 0.0043237880195185 0.00906804955267018 0.0421234126980434
0.190405652813466 0.00895631155336724 0.170561750711372 0.187662516680856 0.121022107116861 0.133569464359239 0.151904568547593 0.0359176282172468
0.229086885666815 0.153803029537318 0.277971045714883 0.00435821470306414 0.192950435693212 0.0281503542829556 0.0951345475302049 0.018545486871548
0.189758495658431 0.000740397107246434 0.206591861245436 0.116222009253126 0.185619999603386 0.0221274696985818 0.132351140563993 0.146588626869801
0.244704935206993 0.13045579736407 0.107140326037924 0.0449827888866704 0.138964470464492 0.0685842749719565 0.161955025166369 0.103212381901525
0.161509546039449 0.124793549884586 0.223371587300974 0.151020411855828 0.0772228326471417 0.0692611827528497 0.0418201010382478 0.151000788480924
0.0870260046917356 0.127738358670736 0.0489771530018472 0.0653710576732541 0.120550667583246 0.174592236264723 0.170522795658199 0.20522172645626
0.0868746367763721 0.166824203670623 0.0130738048017667 0.101869018267482 0.0600067462555919 0.265873574009976 0.252195530623599 0.0532824855945898
0.166293087848969 0.0817026594891903 0.113159537017374 0.182334043414471 0.128047598887922 0.0132242823610934 0.14632746589018 0.1689113250908
0.0559470785293346 0.215244094192082 0.0245189885940201 0.0255528996824158 0.0924898998696414 0.0725353282732984 0.263938093663663 0.249773617195545
0.130795142596385 0.105451940404306 0.099731790354636 0.0569158410900831 0.186438229634278 0.110231814155036 0.0248691994082108 0.285566042357065
0.150354211451778 0.0346896728951253 0.175561038537332 0.0844393406850272 0.0503645184231608 0.179848874463964 0.170998265645648 0.153744077897964
0.179892448739469 0.0983142900790517 0.185323136925869 0.0774766811488386 0.0815898533126407 0.194351738318827 0.0987911689617579 0.0842606825135451
0.0307212445176999 0.0642461387145347 0.253226362844838 0.0801353286397214 0.0846302596522059 0.113242650737864 0.251552863844121 0.122245151049016
0.0466457075563116 0.0733969748305768 0.101595755530135 0.167707797287194 0.122418676493494 0.159872164047671 0.124329220524558 0.20403370373006
0.0330281422341194 0.152705820982668 0.0137231868952804 0.162647194599281 0.027873939599502 0.0357975479972746 0.34427732503354 0.229946842658335
0.193322056092044 0.10011021181951 0.141823102143856 0.185659848062183 0.0816930546331349 0.0682408615916906 0.00537884876352957 0.223772016894052
0.172137740160269 0.0641265812603547 0.03670810644953 0.33898713923903 0.134707792461221 0.187792412402708 0.00270975529435535 0.062830472732531
0.0156885204291642 0.127553617299802 0.115773532634078 0.142527009837334 0.19827403387868 0.186331177990717 0.164560141080907 0.0492919668493165
0.0253463722581121 0.102915365946785 0.195777642485387 0.0479169521559864 0.100477508492643 0.160276490536544 0.195255037096385 0.172034631028159
0.140506449965523 0.194762485715769 0.0497055979165983 0.105325183678577 0.199133113544761 0.0899934064912807 0.195502593861948 0.025071168825542
0.270329425336856 0.0951788672083157 0.0826369690899639 0.193632578685063 0.121240543538037 0.0390188085138457 0.123431828083552 0.0745309795443668
0.0685970152182991 0.235121537229224 0.0374379507159904 0.0973578637493438 0.00617672521705128 0.159477589910601 0.278746091991555 0.117085225967935
0.0491638401319155 0.261900489455774 0.072348940396449 0.162240123634688 0.196113107400018 0.0684083666906526 0.15699105635561 0.0328340759348921
0.123008518390277 0.126177446313112 0.178307355157946 0.113946960337849 0.174112216397669 0.0971376597027594 0.0941232664487148 0.0931865772516739
0.124686875680374 0.061168652435632 0.110642084615829 0.0271494792978978 0.207819305374864 0.156020613939858 0.230005025327873 0.0825079633276721
0.183446041084497 0.0835669371756224 0.0739696383848798 0.057119381864444 0.166373911582953 0.112098986351629 0.134677807913864 0.188747295642111
0.167501572903599 0.0811724458757809 0.166343357280704 0.00188415428856783 0.200686511456409 0.168962626693009 0.123446170462001 0.0900031610399308
