0.0267954637289185 0.103767890407554 0.126646367033254 0.289151415231788 0.163429458043136 0.0937492964816911 0.195344512942422 0.00111559613123549
0.130379769194724 0.101541562122475 0.0696851288656276 0.167419135143076 0.0580273919331859 0.192294205027951 0.0990367226136006 0.18161608509936
0.19879159437799 0.154361841815986 0.175932647908228 0.0124964177688102 0.090149772338073 0.185247512394204 0.161924795181632 0.0210954182150767
0.112352490701004 0.145105770194469 0.0630267686105381 0.171398336038824 0.170364187595283 0.0739690699140705 0.160170612956959 0.103612763988853
0.157870722846678 0.0120597265665189 0.177922216310402 0.172275132825528 0.165950181904636 0.0856838795381946 0.0890647149586633 0.139173425049381
0.0826880672236091 0.149945648718303 0.0783121705706551 0.0782857976112765 0.112899848617355 0.189153904678951 0.13716941402624 0.17154514855361
0.0347422429758878 0.0535098426553841 0.153943434176802 0.0620425193207607 0.0561128162309265 0.249215204006909 0.228622168526469 0.161811772106861
0.108412326559174 0.186520055891588 0.117563028472583 0.190528062944164 0.0149444060230842 0.123084629066652 0.14120872952136 0.117738761521394
0.262662775229828 0.0349482454790169 0.125160327243601 0.0553630922079908 0.237500551158565 0.0983139120715936 0.124838141994019 0.0612129546153861
0.0392576084773022 0.220756503791844 0.126304110409908 0.0479521499643023 0.0608005263236689 0.209202979370867 0.101875936054612 0.193850185607496
0.0953791129411572 0.0594517187889253 0.197105651587059 0.202682507481887 0.0622274235180573 0.124403799659851 0.201916852069477 0.0568329339535864
0.185607301542509 0.173263047464249 0.00480751100507265 0.153094364246574 0.0301288709558765 0.193456483716273 0.158273409314531 0.101369011754914
0.064916353593997 0.230440312497505 0.142674855918739 0.0148240163367873 0.0519388892017616 0.139915719551648 0.195821611455944 0.159468241443619
0.149338064391677 0.0612525572311037 0.0426925490054324 0.22589126967287 0.260301014071578 0.22010060849312 0.0180824940961569 0.0223414430380626
0.147689854015419 0.0735673425082723 0.114737378055707 0.162298975552884 0.10101427816584 0.128616210817165 0.170998136108846 0.101077824775867
0.164838218220478 0.0752369019347597 0.171710230427249 0.0198668465419213 0.138963517513212 0.0967140069121176 0.304182323758813 0.0284879546914483
0.107521338493614 0.205081420113522 0.00403906363124017 0.166288375545602 0.0383727793122636 0.262564006817342 0.0110632041254464 0.205069811960969
0.182696500912223 0.121245927985873 0.0147022415270747 0.0425494706103895 0.272588331047362 0.0452258292899468 0.078112982353077 0.242878716274054
0.0473115222571441 0.227594123205478 0.00125291522348931 0.0289959735228561 0.170190630011523 0.0257798983299926 0.161983637570785 0.336891299878732
0.162458973272246 0.136056727149336 0.030377011556989 0.152161386940559 0.010157040515383 0.246419642149368 0.111417335799702 0.150951882616418
0.117412483419547 0.0302942270957166 0.163545475855193 0.177147049396254 0.0910588351864583 0.12167593098719 0.135694825022993 0.163171173036649
0.0264427508177535 0.158684382253763 0.21623013383226 0.176158357222343 0.132364934359832 0.109530998460427 0.0280966446269674 0.152491798426653
0.178746845852658 0.0340356507203896 0.0636081347013457 0.177327985345542 0.122990903467341 0.203005143901575 0.0140286237851602 0.206256712225989
0.153295691448344 0.0919663234571055 0.149887764659521 0.151698537422351 0.111024007551378 0.0624010488318296 0.15468506932877 0.125041557300701
0.0472282968238368 0.0151878774357293 0.11344851982983 0.0197170129593934 0.316352011363774 0.101107427659661 0.0858202572256029 0.301138596702173
0.0161865292800708 0.206499815685526 0.258901105324384 0.0671625407473432 0.0773022958751263 0.198289796317661 0.0784889869377556 0.0971689298321335
0.329232400225837 0.05629973418802 0.108135296525017 0.0241724189651514 0.146170469400798 0.0153334315414301 0.193028153953638 0.127628095200109
0.0431793615646281 0.0679798601630795 0.137611957437594 0.118985153337456 0.0696129942683292 0.0858173127919458 0.21142121740152 0.265392143035447
0.0432961892159257 0.252164371340327 0.0339066162979656 0.226144824603255 0.0850917108621118 0.109932482196792 0.0490741680245291 0.200389637459094
0.156082826869185 0.153946600421563 0.181044708171204 0.187680228801836 0.0432019900326054 0.106236681314495 0.13684734626869 0.0349596181204224
0.208053606135122 0.123492372181937 0.020963859462531 0.076899017717956 0.117731975321446 0.189445297012138 0.182447326208992 0.0809665459598769
0.0843018249860484 0.199611623722072 0.0453527494615026 0.0905653239456916 0.165530277988496 0.0443574840812256 0.163805231968126 0.206475483846837
0.176098966504039 0.110943898077562 0.15895661319516 0.13640940132012 0.0962968013238579 0.0382626872695099 0.155404003590185 0.127627628719567
0.08056517347195 0.19766042133683 0.0510013399034717 0.14593469125847 0.0264653744377963 0.109229252669002 0.211318661058077 0.177825085864403
0.12245868303145 0.172948015952519 0.182298416461639 0.0747547343278815 0.0760233561954351 0.189889877832902 0.119994886674573 0.0616320295235998
0.22676573283821 0.0827635943097343 0.176670125086528 0.184076948674305 0.190620650092013 0.0165194335540476 0.00475906883250876 0.117824446612653
0.169924475772569 0.00857011625595267 0.0407367216227995 0.212287856313694 0.161546300524828 0.106633356324099 0.16764745498449 0.132653718201568
0.129924117700886 0.200444004407676 0.177386242150023 0.102210667703303 0.0156553077150372 0.0868081257490032 0.124780679562636 0.162790855011435
0.0860269767624301 0.167195622471894 0.200559191498434 0.0786610241128531 0.0817292263397116 0.162749972871648 0.0141383486930114 0.208939637250018
0.116854091958676 0.0458976580885984 0.116059203846289 0.0916074004449852 0.213367364346897 0.00343476577678631 0.136580680916635 0.276198834621133
0.0962796852723799 0.249847320575931 0.247839661651667 0.0724398013810291 0.0644965159395842 0.254999355072307 0.00907625003477452 0.00502141007232763
0.0958877662837805 0.118881210297451 0.0626029189345292 0.159604353930111 0.110568188505879 0.194183276483514 0.180051212050409 0.0782210735143264
0.154109345634768 0.149907455143344 0.116129967454559 0.138791668382175 0.13847398264796 0.0761479700681576 0.118307358420504 0.108132252248533
0.0156432772338724 0.0537511266258936 0.148275884109985 0.084316514512207 0.126809179137678 0.201055787858234 0.197353938203898 0.172794292318231
0.0595512308132201 0.0170991479253946 0.114654234099919 0.210325375295849 0.0835458114911739 0.239512155598275 0.045829939279881 0.229482105496288
0.112137866488714 0.119491524516762 0.0591677617347875 0.133276429033648 0.100537686672688 0.173560282814417 0.149405567313448 0.152422881425536
0.11646992805713 0.216696024093341 0.0596402373320092 0.178249140083786 0.194968466494024 0.0847713723990439 0.0816759758934367 0.0675288556472296
0.177795582672319 0.0135962607029717 0.222190857554737 0.0753351505511478 0.2531158397716 0.14722021140377 0.0390579164328909 0.0716881809105644
0.216845137591158 0.181984185887179 0.208803132981961 0.0937039851088156 0.0562323194697248 0.0706333697138998 0.169385764768397 0.00241210447886423
0.0757503329874456 0.105280705276795 0.203903307257452 0.176477518063072 0.135386942788548 0.19782755925212 0.0077206280025715 0.0976530063719958
0.135033805996894 0.183159767752627 0.158751305898379 0.222982147139577 0.00901181395960891 0.00229724824199573 0.12924728489957 0.159516626111347
0.0901577808032965 0.16614368925969 0.110865305835625 0.140974807775744 0.0626226556626073 0.130744567761758 0.142165360654703 0.156325832246576
0.156618970071654 0.0132068519176891 0.207314701765273 0.20731084188532 0.0900461762832542 0.0500954743102554 0.168704651186107 0.106702332580446
0.0128522894518964 0.23882357370026 0.0905996165180043 0.139228306247378 0.208865008427928 0.183341661068373 0.0407555144165524 0.0855340301696075
0.231048749121417 0.171402050011627 0.0152944531576406 0.229631066611855 0.068309364876981 0.205636001971118 0.0559320130162856 0.0227463012330758
0.171941834459419 0.136048265416396 0.129743392520932 0.117122626749177 0.17683623518569 0.0144255738633934 0.148157737674853 0.105724334130139
0.127356262893995 0.0298706714841895 0.158164406003115 0.224432885815895 0.0324443706787675 0.131378389139517 0.284301055952483 0.0120519580320376
0.114731751831059 0.0101012770359405 0.068033240634971 0.214903708507423 0.0925969115780706 0.203352267526982 0.17028860890408 0.125992233981474
0.141060344403013 0.130221588173294 0.136012857034026 0.0299171341655352 0.236146748732757 0.0653024766887652 0.100205762163526 0.161133088639084
0.234797424490414 0.208038620517825 0.157506625508583 0.104979158246862 0.104668430820501 0.0709068798575183 0.091302482058187 0.0278003785001095
0.223018181849066 0.0923781209825772 0.229362685266227 0.0719721373021546 0.0578464568458958 0.137047146915924 0.1712288152316 0.0171464556065557
0.0338529988174663 0.17148486855076 0.182915010774257 0.112796686775184 0.0680107765903008 0.113986228256076 0.118617383530355 0.198336046705602
0.111750003276132 0.0969948704893526 0.155054983232038 0.16393226151752 0.0565771325588682 0.210673186235315 0.133970186692974 0.0710473759978001
0.0424249836058526 0.099573305717045 0.139776589245553 0.170979825160111 0.167975426709427 0.198549825607614 0.0646501263574592 0.116069917596939
0.161557975357038 0.123606666055757 0.124646606177034 0.13168145628017 0.137873304559042 0.153520030520888 0.140786368732439 0.0263275923176313
0.225234786886512 0.0859957914509478 0.0986687251084391 0.169478765488765 0.103355111881877 0.233451715540362 0.0249160334244814 0.0588990702186152
0.223493632877036 0.152957980641351 0.0575648171650222 0.0153249205113553 0.214488487760524 0.0131854722931497 0.119981770633004 0.203002918118557
0.199135978268383 0.154316929341895 0.220774179905478 0.0587823158141234 0.0877676432082439 0.0449690403221435 0.158494897852995 0.0757590152867391
0.178861445750394 0.0204857687227318 0.0724608770106777 0.136104690988077 0.200918344441375 0.0190625375220397 0.171870662935804 0.2002356726289
0.168888826022842 0.0677128954198275 0.129063831660484 0.0786506299632266 0.334529224399633 0.109034543789675 0.0421374210866546 0.0699826276576577
0.106639810228255 0.197272885448332 0.00596380874337576 0.207202026023807 0.0849687041163201 0.135690583813195 0.172497321909604 0.089764859717111
0.120130946990748 0.167069685298219 0.188261268606727 0.0914688692947529 0.0718491620397892 0.12587477208752 0.065376704013672 0.169968591668572
0.085322741542772 0.0625614126656068 0.13707854714809 0.130180336023666 0.133598006669484 0.153438273172757 0.164596140074159 0.133224542703464
0.168268425903432 0.0426754433967429 0.115412973836299 0.119535315136847 0.234003619536449 0.0370708274011322 0.000712470280341042 0.282320924508757
0.0578414172174656 0.213429710944863 0.11214229347362 0.150182731143164 0.233138891851587 0.00215296172732066 0.0769923564258682 0.154119637216111
0.236242543443099 0.179030915437197 0.254266523449267 0.0281062473610446 0.109173016272812 0.00882297431567257 0.143762289638406 0.0405954900825009
0.159520419637342 0.130188178467066 0.112426316699213 0.183164775646849 0.145526536043002 0.0382721359560604 0.10110949760697 0.129792139943496
0.0432058887343261 0.0599825236984338 0.255216088465648 0.135182244593912 0.042729626393308 0.16300899698261 0.295856015094037 0.00481861603772568
0.0367388607505906 0.179933195040269 0.0650556371625062 0.175251690875855 0.0972963519318904 0.181046558135668 0.190529200591557 0.0741485055116643
0.17690797024432 0.0782325750084202 0.0487801656507601 0.0207694764772754 0.156123727509297 0.158739779118335 0.134339875388801 0.226106430602791
0.102110511856844 0.131911479298818 0.204375890306915 0.0189285765223503 0.0465762424268711 0.185561622610596 0.245873337533532 0.0646623394440732
0.0685005499567336 0.169053843981993 0.135661491540366 0.0769557620787728 0.205238720422824 0.00299550616000293 0.182000812842414 0.159593313016894
0.180176962044631 0.0650288508426639 0.118031585989249 0.00497051827991894 0.116087689789555 0.207960394101589 0.101664516602937 0.206079482349456
0.169754956348286 0.0399106942838394 0.127645734940618 0.164029436481981 0.163351117610978 0.147456303908816 0.111594342892685 0.0762574135327958
0.0605021749292348 0.0928159353806046 0.110870315954318 0.209591404585492 0.268863044411639 0.0154669963066492 0.219228989878145 0.022661138553918
0.0663190974547106 0.0290022935822431 0.204838560925082 0.217757015723432 0.10392446701613 0.021442188421021 0.0893516006803238 0.267364776197058
0.0154752375925858 0.0550780859561759 0.0491895303609215 0.110951592092563 0.16348077855239 0.342806959441195 0.0217597969387393 0.24125801906543
0.0372924091030516 0.134685912983328 0.130281736365893 0.184941129306218 0.0870617198256566 0.213289883912018 0.125038973610746 0.0874082348930894
0.0977954709487185 0.0699204006974518 0.147253535076422 0.190393772976329 0.0904961753888342 0.163183204252922 0.0786629047023952 0.162294535956927
0.118515343971828 0.00476594816666299 0.150983664766437 0.0339237458981779 0.269213171786196 0.0180596424882443 0.217221004603573 0.187317478318881
0.0469230078775892 0.139237045354807 0.0523891648602715 0.189783394935444 0.0343364065366329 0.119262541439504 0.202735089643542 0.215333349352209
0.127026509791038 0.211822086146844 0.0189127791044679 0.10947179615594 0.155734362493148 0.0507994139709098 0.152909651329287 0.173323401008366
0.217820099098707 0.070383181321612 0.0032591587243797 0.0726044766454493 0.17715875652083 0.147204363597952 0.0913308504198045 0.220239113671266
0.027430720994514 0.0584564217142279 0.158708160891527 0.190021791492269 0.0904341855107738 0.189189313438679 0.136109154852701 0.149650251105307
0.0116195729351231 0.160590925460634 0.21140247171562 0.164464469561391 0.163187129915509 0.00818714416631803 0.0688211923829268 0.211727093862479
0.0220502902203944 0.275498431619041 0.0427096199494656 0.0974783659320018 0.0999683920913253 0.2281956148047 0.143833624379866 0.0902656610032061
0.169485208797688 0.0511082684253963 0.0199869512320678 0.02414051717756 0.24139907052209 0.131318947765212 0.210174589012401 0.152386447067585
0.15057129723247 0.205868103656851 0.148136495052392 0.0894952853331068 0.128376895541858 0.104399857762718 0.0943569872270562 0.0787950781935489
0.141073163244867 0.072430393000815 0.020927334839884 0.0440588355103029 0.165052922415424 0.203678904860232 0.0631607766617839 0.28961766946669
0.230005518009934 0.00430726426104415 0.0104901596430977 0.134717875738783 0.115072557812198 0.185205631253022 0.143249544321991 0.17695144895993
0.112679887840885 0.136560225515155 0.048724251393828 0.176827137375564 0.110002460568959 0.180005529496543 0.15099624916584 0.0842042586432257
0.034701321042719 0.242885687261715 0.106349308118041 0.0831682089278192 0.193496858240931 0.182782186061963 0.0582072323105361 0.0984091980362758
0.0357681336314864 0.138574224822395 0.0554872135699767 0.205397801483302 0.147718918622067 0.110420223577852 0.0915282668807701 0.21510521741215
0.0576869107823039 0.172191221237911 0.0391276427900084 0.0967944030011746 0.215742435817348 0.165217180327192 0.223356151690268 0.0298840543537948
0.195832509172114 0.124735235209342 0.153828036359748 0.09908138916438 0.141821294604653 0.105961275542759 0.0164740425201995 0.162266217426806
0.201193406187145 0.00878531201276288 0.10538802497377 0.112611423026595 0.219698880543209 0.223845917611888 0.00201806848628072 0.12645896715835
0.0949226777276787 0.0533321526509926 0.0308634575084877 0.0616394817423427 0.208288320956363 0.230721140324916 0.0911223859885936 0.229110383100626
0.13014058629111 0.232990843295419 0.16143668878752 0.13931319317213 0.0780761575319851 0.216213475148305 0.0202024842738687 0.0216265714996621
0.0241729892367133 0.232364107008989 0.236048591186786 0.112574014395258 0.0339861737506489 0.105366799556191 0.224610246566401 0.0308770782990118
0.0652439125809223 0.151560478259265 0.0915833190493886 0.101744479156102 0.116957412713255 0.163675498537549 0.148529293365284 0.160705606338234
0.268797935758227 0.196145828038709 0.0204123663124342 0.23304477057368 0.0189056552017231 0.0340279166656267 0.2214600826341 0.00720544481549973
0.100647860164826 0.125631559622575 0.109575136556023 0.13557329957522 0.110944001973069 0.178213974175655 0.0791856492290447 0.160228518703587
0.114842844173873 0.196371618412575 0.0127051927256054 0.158838902193886 0.0868064026350173 0.212483793496825 0.181742788393002 0.0362084579692159
0.149846443565503 0.116366340046814 0.0629847400504755 0.111064221050139 0.210973390260215 0.0948860199267398 0.0814892247924753 0.172389620307638
0.189938617480404 0.167522554460773 0.0770281607877895 0.0261093032949828 0.219895446519152 0.157139373455855 0.0124890475329537 0.149877496468089
0.176554177303669 0.199734463823627 0.0625526158430486 0.0220104343116239 0.189609071231922 0.0563425808715159 0.195404264314933 0.0977923922996604
0.131006805399836 0.0225170975548165 0.172625337580759 0.0914103231941134 0.139999023358588 0.194394222903953 0.153043145530636 0.0950040444772978
0.176515310347373 0.157321308168529 0.20119379546553 0.050230106218572 0.0222346691254046 0.148055161637511 0.219764852832645 0.024684796204435
0.130784149863453 0.232966640071191 0.0459379767539022 0.0910406125656659 0.14179797606966 0.0117384558773919 0.116653590205131 0.229080598593605
0.0787452815848341 0.0359492104141726 0.19897300878988 0.141662577650881 0.149245080353082 0.0439959847451453 0.120040498826526 0.231388357635479
0.0975732517846034 0.120583045090485 0.124718061265753 0.171636500489998 0.152295368478672 0.107630656293913 0.204530427118631 0.0210326894779457
0.0717059327567242 0.166168883963141 0.15699755018807 0.232448745806543 0.160150793768909 0.0465051983564789 0.0295356019896684 0.136487293170465
0.0204005581065721 0.517105227931644 0.151270399165829 0.0176737907557392 0.0662368190116358 0.069600650152806 0.105825846541692 0.0518867083340823
0.19496607661088 0.120021597343354 0.0601704655461256 0.264492489525631 0.146812714481099 0.0318403937506436 0.0680806254416926 0.113615637300575
0.170524377049726 0.119693181211571 0.136900230308147 0.0947764979845328 0.0575105854477416 0.144478215917045 0.191789144720867 0.084327767360369
0.16180231946311 0.13865846108231 0.0601890871910514 0.0422908815054288 0.201570095371623 0.107521762654019 0.0112269254769984 0.27674046725546
0.0125105108130823 0.0885936087408216 0.246579788534359 0.0233542211317362 0.193236474821485 0.0904342287715824 0.287022585854029 0.0582685813329039
0.107502632154499 0.0605766609599191 0.0182056088674053 0.186612374123697 0.0987204720742877 0.255197106853846 0.0878013457793047 0.185383799187041
0.212038141373711 0.0827696813001572 0.223379846413896 0.0973255946503791 0.177421056237589 0.0749166493783352 0.0742490679693905 0.057899962676541
0.173675095227285 0.103148231377398 0.0918577656388102 0.146144707301488 0.062364970687957 0.108717699218036 0.180170646832614 0.13392088371641
0.164788618544501 0.0867598926466986 0.0322740024676504 0.197526106898413 0.237523420120033 0.0894809923622135 0.132692843185285 0.058954123775205
0.193287599479187 0.073606984102134 0.0818561882875873 0.14219687813583 0.203391996684999 0.0195187736512193 0.137789387133893 0.14835219252515
0.0323257771708474 0.188354373801731 0.116376091281671 0.187507229868715 0.078777280393509 0.153517238402627 0.142151997352562 0.100990011728338
0.0911518715380284 0.0511452734564609 0.248567206261446 0.0205803658795209 0.0913028763695753 0.255340681374451 0.166651411070745 0.0752603140497729
0.273297908046468 0.0570180292200883 0.207930421044849 0.157411060533159 0.0214431919464261 0.147857118359464 0.112628739349969 0.0224135314995759
0.200679763222815 0.0620770029314072 0.0838579301071251 0.0706863050577305 0.172249396852141 0.171424512223132 0.225428010139939 0.01359707946571
0.0434051351910381 0.0219096302201963 0.363351678322739 0.0730142557482834 0.149387242040049 0.0155111138773658 0.163044108404363 0.170376836195966
0.188906714346343 0.227262524924436 0.0202302323524534 0.00193334927391238 0.049214930159068 0.218989073186725 0.0756484561591198 0.217814719597942
0.0661874917982423 0.182866209603636 0.0993170016605752 0.110479549906535 0.186584811863031 0.0326137524784273 0.181226775973768 0.140724406715786
0.00857083308146803 0.11096205172343 0.0051245900184517 0.160941103698472 0.173053357312752 0.115816248182457 0.216631461404719 0.20890035457825
0.0399927434014062 0.101756174637347 0.0174396287638771 0.264337164274541 0.216079273075835 0.167505018163501 0.166894300879233 0.0259956968042593
0.161705976306194 0.137217208998197 0.0364141884732676 0.125663549498327 0.117014894443526 0.104219823971515 0.160307414972122 0.157456943336852
0.14731569133371 0.351050132215201 0.0665313217666038 0.0114438164634418 0.204606073803179 0.0255153292280327 0.149791058138122 0.0437465770517101
0.0421098594264711 0.191809614589997 0.019755359118571 0.0148224983666747 0.121260339464477 0.170649964324503 0.203690409263779 0.235901955445528
0.204291778376259 0.122663304585056 0.118814151898142 0.0135116355463731 0.233518612590516 0.131260683516257 0.12637671254455 0.0495631209428483
0.137016155447711 0.0486158757785514 0.153457511122277 0.105880319155858 0.101099049650003 0.244080697044044 0.0646259032879554 0.1452244885136
0.207500836904254 0.176468038820353 0.199393736533738 0.0992686770858312 0.183765990896398 0.0732549831552255 0.0322727487966661 0.0280749878075334
0.221031683208867 0.0590418531627245 0.0481941715974182 0.141746547846335 0.219545127576213 0.0656948329887719 0.0218187611638465 0.222927022455824
0.0821086015423207 0.114292598537169 0.291299258479122 0.0174541867316641 0.0140187624764779 0.047228273362158 0.28883780737282 0.144760511498268
0.0829110015153852 0.130121942967728 0.113492298884752 0.15017061223341 0.160841484234917 0.202350511495215 0.077384970355576 0.082727178313017
0.0660292490083328 0.052671128014148 0.222740938963329 0.286355396055946 0.0758958522253942 0.0494685115916964 0.053989208373926 0.192849715767228
0.0695240070620456 0.17425073591337 0.274969096931597 0.0955749515925023 0.0448062018480046 0.0721802690004011 0.0497038720015968 0.218990865650483
0.055561121140155 0.157898932115161 0.0806488899320904 0.155850552787985 0.0995222050652291 0.0922638833044266 0.119469700221657 0.238784715433296
0.213445512039149 0.20838256815211 0.185888171484155 0.0446174895000063 0.0752385033139051 0.11048060773847 0.157847164932013 0.00409998284019089
0.137614478902282 0.189466616329671 0.0400247494408533 0.150209330791461 0.215196166975749 0.188778322463369 0.0444485158070528 0.0342618192895609
0.183037232649884 0.169210734533627 0.117922143002738 0.135939598236602 0.105755905898448 0.0814299736582448 0.0243023700872569 0.182402041933199
0.150695625588127 0.168234840796404 0.0394756620320463 0.120898115137457 0.0641355920679878 0.119403608732158 0.219906413299335 0.117250142346485
0.189571662740159 0.187541953478558 0.0721388624850517 0.199211187647525 0.130850120333385 0.014747252146194 0.147889448562284 0.0580495126068445
0.0473402910613922 0.178378835140087 0.0784624805441966 0.125902994693428 0.0547419559526739 0.172752792242342 0.133835152875765 0.208585497490116
0.0982882557117103 0.103348273988903 0.149157364098383 0.132128131008641 0.0925062795871159 0.142656725671093 0.139242505800284 0.142672464133871
0.0645696442066854 0.135726430888391 0.17228724634466 0.19398774383693 0.0488737333605902 0.141324601457162 0.196300418707028 0.046930181198554
0.0973284667797101 0.161854749382649 0.0146963057348146 0.0422222053588484 0.107666386897297 0.224377917947331 0.245297819728728 0.106556148170622
0.0559399407808504 0.113417641279959 0.0680351087298141 0.276062932349169 0.190824499014652 0.208654326202814 0.0316938464545141 0.055371705188228
0.201576469082801 0.128366885921633 0.0254261349799038 0.160650942847936 0.145437480574468 0.0693204665346907 0.214935322725568 0.0542862973329989
0.18743682151727 0.0208770098893504 0.20552510514474 0.0674813500155416 0.0990300234833129 0.207777044095901 0.118200770705322 0.0936718751485622
0.0339358568349784 0.0763101008364569 0.201629172972636 0.199718770120057 0.19449954756374 0.0172685531772281 0.0512290948484653 0.22540890364644
0.0922245009710389 0.0262284314238581 0.123444072527946 0.0437305012208608 0.109998857075154 0.137216319987321 0.223470195571918 0.243687121221903
0.0948666222935924 0.181980459695444 0.0980312865175158 0.0101166968695898 0.230136355079534 0.144149633107666 0.0214062393161337 0.219312707120525
0.0261355217469604 0.0449502126946264 0.203116358411713 0.22911100941934 0.0191574934110549 0.165397304641128 0.0248193709390204 0.287312728736157
0.164758889167299 0.0842472526351284 0.118067248766857 0.307211549399589 0.0104926287359554 0.208208795861618 0.00962699457641885 0.0973866408571342
0.165764534763488 0.0594145816960523 0.154877486594445 0.183438359159134 0.0498270353327079 0.118316221295539 0.105094145178942 0.163267635979692
0.18889909101723 0.100286975533766 0.047330709043571 0.192303102234011 0.22089171416195 0.0187653890026014 0.0315479023122233 0.199975116694648
0.0644031290999237 0.112068288507173 0.096777284196888 0.186671680710309 0.132328209464707 0.0729807292117679 0.134551831695105 0.200218847114127
0.10820287197145 0.152243744068911 0.251456784228921 0.0283752410870139 0.0286887162932627 0.0225589781829117 0.22580897644467 0.18266468772286
0.088111753741406 0.00363678974214532 0.0403161346009542 0.213021575745666 0.176144086654971 0.108881334169504 0.204971059053224 0.16491726629213
0.020124897621637 0.185198762527199 0.0112576652642321 0.174197951736745 0.217120028823902 0.137577924043423 0.088798520909037 0.165724249073824
0.21329495773306 0.0422190526854274 0.150843331565988 0.0997547800336436 0.191832243379536 0.156267833009044 0.0472572108161482 0.0985305907771529
0.10571756856684 0.104650437690427 0.284360287710407 0.0364390247300301 0.120737611494077 0.102916882480079 0.193431904067569 0.0517462832605702
0.301506658268607 0.207233286891573 0.0789718606483066 0.0450252199946886 0.185079039013064 0.0134634543020766 0.0432618231504077 0.125458657731277
0.10689619049037 0.223566112092282 0.130831820800262 0.0597829314083037 0.227464578057267 0.0267717495561861 0.0180005601110065 0.206686057484322
0.118655466203099 0.049136756416396 0.0422864883270768 0.1254315117224 0.195520493043186 0.180581374974496 0.208706085622437 0.0796818236909085
0.16008310457809 0.0859975221011688 0.00718015932734933 0.129161804461172 0.207881219900574 0.137058239031357 0.0108170523727579 0.261820898227533
0.0976081650228668 0.184569588316479 0.144754350523578 0.170684341513744 0.0905805884012685 0.110407775960814 0.0821832469073122 0.119211943353937
0.199200397392821 0.158606268790148 0.153602131626784 0.0894313524240127 0.0618010049991967 0.135536999028387 0.141649027363205 0.0601728183754464
0.0405464084020845 0.166452284820157 0.110754387527106 0.0691341852904057 0.129389717893895 0.00849810118003937 0.202791570066455 0.272433344819857
0.242540546539611 0.0742822296248701 0.170714219299107 0.024033250302751 0.145329779837548 0.0594654650457733 0.228322195679318 0.0553123136710219
0.111392129078886 0.171178943379751 0.0639556838241076 0.123933457189839 0.196375672951732 0.150825794723564 0.103078363310908 0.0792599555412131
0.13271884097882 0.139060319120027 0.183204159155763 0.0503809813362774 0.0658094811339156 0.16487693316031 0.157563639730841 0.106385645384047
0.0968984700311175 0.139473695004171 0.277916383002919 0.0194079278403741 0.147171960035487 0.0870491256256403 0.0620542381378066 0.170028200322485
0.178338931950009 0.132649321209492 0.136428437063717 0.131952214288873 0.170195803247936 0.0927806537422153 0.079674653695871 0.0779799848018867
0.0451666266824754 0.0723323662818841 0.156133443134413 0.142153588484901 0.194830707489388 0.287581931722732 0.100079946427675 0.00172138977653147
0.130726074348643 0.235819701908907 0.142096426624797 0.0382363706743804 0.0496611662437823 0.0719333443652474 0.00372861372682146 0.327798302107421
0.012616691133883 0.0635740098835536 0.193513078075548 0.184495033537219 0.160120391991213 0.191946219310406 0.0120969515979757 0.181637624470202
0.100291493378436 0.0275041744648789 0.065729647235906 0.101261251672721 0.216535036348271 0.167175976372822 0.271203333972638 0.0502990865543279
0.0404507632877655 0.171138384068591 0.107446994044192 0.151403578235037 0.110875941567896 0.0988485047175058 0.165286220128813 0.154549613950199
0.0772601136342182 0.178453362089054 0.0962372068627229 0.162823171534238 0.289880721720099 0.0295968389748752 0.0891743866326929 0.0765741985520997
0.0998793200793804 0.173481402372617 0.0958950178583666 0.0339118944473242 0.0655174081781326 0.146967685187412 0.0849176320949434 0.299429639781824
0.0403244529284428 0.197432304826259 0.0866637797506358 0.115727784676055 0.0942201067061595 0.13691326533745 0.158372434579243 0.170345871195755
0.0324665446293299 0.123161960229853 0.187967437115086 0.187069490702344 0.0631557106312355 0.182344936464885 0.179964275605444 0.0438696446218221
0.101864568932926 0.198500365057543 0.00768972474548821 0.0111599122882631 0.107641239967696 0.221618019610189 0.232111469006879 0.119414700391016
0.0832103293636946 0.257744309624003 0.0735813134118737 0.0352924118380647 0.176104417565466 0.151735500827995 0.149069822038259 0.0732618953306441
0.121099841777747 0.00205614391276177 0.223881340871142 0.246117103509852 0.0257461947202479 0.206177028284724 0.0862549141404258 0.0886674327830998
0.251652929768672 0.160318834078071 0.0756644435600517 0.0299683327793713 0.00587286519250006 0.168841998186919 0.0541385798565609 0.253542016577855
0.0517297290013888 0.127044690316868 0.173354566612094 0.102928803148597 0.0738713384992875 0.138532579398674 0.166702787921546 0.165835505101546
0.175183172874197 0.17177454700578 0.06180790998465 0.0429853128529438 0.211455515743751 0.0969991620130431 0.198069127281535 0.0417252522441004
0.0068128453587166 0.210270553453123 0.179675302009846 0.163718688017178 0.0947877736114202 0.164276063718072 0.0396626407259405 0.140796133105704
0.0983428394439833 0.0524930888810873 0.0737411105797863 0.0424198421468154 0.200233410373893 0.091780745066022 0.224368827054258 0.216620136454154
0.121399548593519 0.197424584553885 0.0193488003234352 0.0508618519869825 0.0764102473874811 0.172711523522769 0.233109552336058 0.12873389129587
0.246175665909876 0.0128484401804851 0.156953414806546 0.211006147546181 0.0863513723536783 0.036307865334695 0.129532779666391 0.120824314202148
0.200263128664711 0.0697883939469986 0.107545261025153 0.108485686333187 0.134821275610438 0.105229783550032 0.24021660856396 0.03364986230552
0.178810954856469 0.179011494428267 0.133333955650049 0.1546079601998 0.148275406568721 0.0592563675611631 0.000771657935019691 0.145932202800511
0.137320791728565 0.204459097603912 0.0595271768747396 0.218992323897678 0.0436379095993888 0.0614452146462684 0.0686027511861257 0.206014734463322
0.191723810223627 0.193111973099279 0.0845032607945978 0.0703895778434536 0.178610613806412 0.132004526290476 0.0758956138752721 0.0737606240668823
0.160335605156605 0.0116557138907077 0.146596321776298 0.0516075138475677 0.264822687619209 0.0822983084129543 0.116927126004861 0.165756723291798
0.0526549341763225 0.0359140515908299 0.129844217001862 0.120949701461658 0.21523708691569 0.109235916014783 0.243290725767502 0.0928733670713526
0.0735208736953553 0.213857840911795 0.180857062896277 0.0363287704175409 0.166631067058628 0.145685386472987 0.179056367300231 0.0040626312471864
0.0315752088072434 0.212574461938251 0.0218335592567282 0.102735094850614 0.184053671906135 0.185123080346815 0.194460876339942 0.0676440465542712
0.0766898917632378 0.119814752505264 0.0192373971117829 0.223979484381951 0.208456401697142 0.143674308743164 0.0890773364110797 0.119070427386379
0.188477292594577 0.191188969517976 0.0159987839616514 0.192275990568009 0.108440747715011 0.0752338627682015 0.0894789017361039 0.13890545113847
0.0532065697553519 0.246734081921781 0.138594614903913 0.022222996306409 0.0789283564701216 0.179053878415819 0.185866083374945 0.0953934188516586
0.0113074616658102 0.304383544612736 0.261914280975773 0.0744136936329412 0.0189052029113182 0.0213100835436296 0.259443589760677 0.0483221428971143
0.083499375544824 0.0568668863775125 0.22086871499291 0.0345449931136005 0.213192460854349 0.171558293655805 0.0561075273581071 0.163361748102892
0.0563853402165743 0.146387315399952 0.208884695825254 0.0676422726856155 0.0287003111877544 0.208484803601418 0.102481234843678 0.181034026239754
0.0272213753407378 0.0909304657931631 0.118553036056435 0.0632953253210656 0.22792170832898 0.164955428346946 0.182627131298682 0.12449552951399
0.332507638962124 0.0724389372681429 0.0318259644502485 0.0380662372288626 0.264101291128491 0.0926368473470924 0.0736977424538082 0.0947253411612301
0.14706800764581 0.148921143943087 0.0609039027553976 0.0838294709443373 0.185993584913325 0.049127420111325 0.165239235605422 0.158917234081296
0.0253371642877887 0.110982675287786 0.151463166822957 0.115003118300321 0.0469475667819713 0.156907352041458 0.234849880355555 0.158509076122163
0.0214165308151485 0.0233221714616415 0.0373678059764957 0.26285779965134 0.0584173425866902 0.260671519366979 0.114013533427969 0.221933296713737
0.0261784955287909 0.0364572294370486 0.0604638838637013 0.212256058874034 0.15617588903372 0.196718094105123 0.228747927166874 0.0830024219907085
0.162322925130857 0.270982863263146 0.147768665259008 0.0180278241629225 0.102541530225439 0.0863250536342565 0.0451117463739039 0.166919391950467
0.240412613514357 0.040669867886677 0.100950207707902 0.126335210425585 0.0274316555785251 0.223478708758626 0.17167626574331 0.0690454703850182
0.175168128293186 0.0805951027492821 0.145737926056997 0.0965597146011381 0.0855437761799026 0.203295101694431 0.0771253715734935 0.13597487885157
0.151822240279443 0.166730942255229 0.322983911493809 0.0163803665697888 0.193452718513304 0.0138141403231227 0.0384385250765233 0.0963771554887792
0.257754856236769 0.0522389576136781 0.0198353791539487 0.109458003078925 0.0880836203760698 0.203058965608739 0.191808790893305 0.0777614270385653
0.0103041138214485 0.203258348914861 0.125140890541752 0.166422279932513 0.180617541542952 0.189902746400312 0.068166810544616 0.0561872683015459
0.177599738348504 0.109300572347711 0.202881799725057 0.0117620687416556 0.0555433335160492 0.167796867604757 0.150768900932965 0.124346718783301
0.17042044361775 0.158547869292906 0.0942521785727051 0.147296794466286 0.123197354326377 0.126946868264233 0.157576912683794 0.021761578775949
0.150150833507027 0.147042448424943 0.0193030682871295 0.132350708206758 0.165467376798659 0.179048850864661 0.102699372600177 0.103937341310645
0.1523019862968 0.239056718437856 0.117984816294365 0.241998941322552 0.106251679419633 0.0756149510191148 0.0583285277973313 0.00846237941234898
0.209924928980601 0.0190603904737451 0.124625242762711 0.175051659756455 0.111695909104 0.101862951739092 0.154669054273172 0.103109862910223
0.0433402287531212 0.0324126197473509 0.224528766374142 0.290429152690688 0.101076263175763 0.270492279961129 0.0148668481051866 0.0228538411926191
0.0758260224900859 0.0281524196125769 0.113560260708694 0.153872340096048 0.251423003892023 0.076312781122119 0.217449186811694 0.0834039852667583
0.022742911527331 0.0823616574775719 0.20003185597744 0.185488197764432 0.155207174456968 0.132587149899422 0.140411362634967 0.0811696902618674
0.138759218685413 0.188567156530772 0.172207001220291 0.00553425472150818 0.147917295648671 0.188726859295059 0.0514407485006349 0.106847465397652
0.0952193476152036 0.144961243732784 0.193923167840908 0.179002692159269 0.0380485696857325 0.196005801432181 0.0211759698506173 0.131663207683303
0.181039272183084 0.0961089615870204 0.135351824760996 0.10789557281824 0.0139337795819625 0.128002046454142 0.155699356133015 0.181969186481539
0.162570509087625 0.125448126558172 0.169535254878253 0.133745504097065 0.0178554767223286 0.0790195183438954 0.165930780687315 0.145894829625346
0.0798143931673838 0.0513602657149059 0.150219945305869 0.11695784666548 0.176284999773435 0.169515234406081 0.167968174079055 0.087879140887791
0.0729300020501168 0.108495024439983 0.015600972968401 0.19817420755722 0.145961639073114 0.128392201230422 0.181427997989531 0.149017954691214
0.121185375070753 0.0078617359703297 0.151920405679003 0.2346777927125 0.133013504103062 0.0162214649335985 0.225929507108107 0.109190214422646
0.102337582991387 0.0221434981425037 0.251910880182308 0.10302437643386 0.128605251335217 0.0368605866907829 0.0923136211080582 0.262804203115884
0.0179210281521682 0.235621013602532 0.0491343160987276 0.197664715162328 0.0825567423042719 0.194361260181143 0.211070062983802 0.0116708615150272
0.116089990267596 0.202084132220258 0.104882074750198 0.11709149662161 0.202646442222889 0.0990961903454606 0.073387721608373 0.0847219519636154
0.0666435532240295 0.216227120645253 0.125467530204471 0.214510930775043 0.068046917303799 0.197871179260246 0.0198497158698632 0.0913830527172954
0.0499655911729738 0.154177383571841 0.164157715802574 0.0764278695448921 0.208884728380014 0.113022443548173 0.0597690246470257 0.173595243332506
0.0761098761613157 0.219194552109989 0.177293120123165 0.224887846211151 0.0291162669203229 0.0546054426192879 0.0289014831661618 0.189891412688606
0.0353107067666416 0.030248666102825 0.119986579884191 0.159805755109982 0.235990414188546 0.0391797426542606 0.165640401568994 0.213837733724561
0.18526769991034 0.136532950582152 0.0543495772127638 0.0282276708520976 0.110164499099378 0.061289157715676 0.252932855980554 0.171235588647039
0.0661233627451059 0.225398936307233 0.0685110928183818 0.0202627405514377 0.00440423574195447 0.185430265870951 0.255045024721495 0.174824341243441
0.119376572162801 0.197362470254179 0.120731446197063 0.0244541797133494 0.0166840358530687 0.138948596031657 0.232473915553534 0.149968784234348
0.0702541549142401 0.141992540021163 0.141565793663134 0.164054870458803 0.112664857994558 0.128725289761417 0.122033620250819 0.118708872935866
0.0330812137582261 0.0208423172094431 0.272263828342755 0.202452455056475 0.231681716563863 0.109310680910125 0.0963471317924697 0.0340206563666431
0.129714650687267 0.0322549664126559 0.111427396861486 0.0921442076651136 0.279016636461597 0.00387646753906879 0.164646296118875 0.186919378253938
0.16037395693375 0.0170411598028908 0.204207400979271 0.0951850649354435 0.0898974820801402 0.176964598961052 0.135896329565673 0.120434006741779
0.0672089627304467 0.236043624515824 0.197712567762894 0.100553170009647 0.154089352255514 0.0387114174263236 0.0558175022929936 0.149863403006358
0.057897546720517 0.167929775824186 0.159242822823114 0.106592125164611 0.106043440671414 0.18301199366331 0.0213154575471077 0.19796683758574
0.0853963703593213 0.122224414281758 0.059881650558256 0.159683670668416 0.154928577632361 0.129496430619258 0.191544142454922 0.096844743425708
0.0767038276145782 0.302226130496952 0.190926233816899 0.0691197511383453 0.166372887154666 0.16093740948238 0.0235316518634034 0.0101821084327761
0.104247570620956 0.0967961879075838 0.0955926732190303 0.203894680527773 0.172301211183023 0.0563509874573947 0.158522329742504 0.112294359341735
0.135156000510481 0.0898746725838793 0.0127893764427232 0.179277973047841 0.155604355097297 0.148146243714699 0.0718483054653883 0.207303073137691
0.121900362053235 0.157142721375911 0.0558972988030213 0.0749986592149253 0.0935327781273447 0.140200241984664 0.273227569927081 0.0831003685138177
0.0857813791414472 0.280183984293025 0.0886194544438443 0.0218589797932702 0.0960912318069362 0.324897732450059 0.0372297487470904 0.0653374893243277
0.11622425230796 0.0458818595201434 0.0611007209323666 0.277101021220757 0.10468341355049 0.131331514852125 0.255326931897115 0.0083502857190433
