0.0294739862917907 0.251942376095886 0.114553951856632 0.128822143737575 0.00877690936707904 0.0778998453472122 0.241580909162875 0.14694987814095
0.136520054892548 0.203112857622012 0.139631462189289 0.0814140008153639 0.0916256889080053 0.0745615564386823 0.0597585639115079 0.21337581522259
0.194056244528423 0.084351907987957 0.0348631661675318 0.208043890715934 0.113775062688116 0.0242926693207461 0.219114231693911 0.121502826897381
0.196762414326572 0.0775844980058892 0.00552643509781948 0.130847960526141 0.173250464531133 0.166535304722213 0.0949641072943988 0.154528815495833
0.0353535615144266 0.0769801053543348 0.205886507194285 0.173306147953134 0.140914685272945 0.0735665068194524 0.100122969346068 0.193869516545355
0.205198268872726 0.187252198306388 0.0752088904536967 0.126277645827372 0.0761151386443662 0.105495816349715 0.0395913049109207 0.184860736634815
0.228400523465305 0.0447996968442718 0.175847011418457 0.140297865870505 0.0252863774475567 0.265915578155035 0.0277244590819192 0.0917284877169504
0.0281636329771946 0.196711468170255 0.150693827324811 0.192247915111496 0.158618950766126 0.0727669148594984 0.172697939992388 0.0280993507982303
0.00938792763828784 0.201896540674518 0.216750691599867 0.11505483040492 0.19870875858677 0.180338315397913 0.0152513425718192 0.0626115931259044
0.0570909162652596 0.201864244718054 0.274668465643376 0.200145697973047 0.0698494343734469 0.181709588303688 0.00951160724692422 0.00516004547620386
0.246408510317896 0.0849238191223567 0.178954049280875 0.0610664379754324 0.066178777459713 0.109755963141058 0.232507106710182 0.0202053359924879
0.0521215786601607 0.159004824760189 0.169637541691921 0.128041506315818 0.134108068356789 0.084329933065913 0.163173118773891 0.109583428375318
0.193219872865008 0.161832549255916 0.112966235564108 0.0493217047003418 0.199748503184546 0.0621713458170074 0.108949984443838 0.111789804169234
0.186251060135559 0.127943428535843 0.0883254916472339 0.179220516226655 0.0168721676042261 0.119904059730379 0.0680338544077964 0.213449421712309
0.0590325027150038 0.129802364647171 0.0904489337031936 0.147990406651637 0.133361574393591 0.0981291536926511 0.226904909017649 0.114330155179103
0.0129793446144164 0.151625648031065 0.0646029248428055 0.0549777545925066 0.0341675939073906 0.220203296446367 0.217510154481024 0.243933283084426
0.228062506564478 0.0961089244006181 0.157383129103831 0.0974729862866774 0.246150531477477 0.132522503799789 0.0109475254814121 0.0313518928857181
0.152925182571923 0.101391410336499 0.154670814707297 0.0246342651071276 0.138898226102588 0.138946512067822 0.173811751018486 0.114721838088258
0.129760411404314 0.179610648554324 0.131022636833318 0.0908819883081323 0.0259360880907327 0.157014141880206 0.217240287665436 0.0685337972635381
0.237401721417473 0.1249899153847 0.215654583735783 0.12989708209944 0.0543768845544484 0.0103890038355956 0.0328704646206879 0.194420344351872
0.126196481967199 0.0853068187168628 0.309620515105847 0.00847027591615831 0.162360875949452 0.0111538773599176 0.237442031711836 0.0594491232727278
0.178144637734754 0.265210516544367 0.146660127419007 0.092670046247302 0.0171259619377998 0.119567698620486 0.0255234871304291 0.155097524365855
0.0504734477327723 0.160817501331941 0.144506653741556 0.112522841771517 0.146266931474808 0.146798189690602 0.0816649802747883 0.156949453982015
0.175644896486433 0.168148307103725 0.0574683514630689 0.140570716869832 0.114904065200799 0.151511900218122 0.112432655716461 0.0793191069415593
0.0382834868735599 0.326991712903887 0.0567481343554462 0.158749625138404 0.220764024295424 0.104602277483858 0.000865308101101962 0.0929954308483193
0.25133820004987 0.034265941659899 0.176223673274588 0.24166845171644 0.0158829580304667 0.0165163988725528 0.133634251072383 0.130470125323801
0.204019079933758 0.131943028168852 0.166888888112978 0.120623284997362 0.00160034215664261 0.272916291228733 0.0482450276747932 0.0537640577268822
0.136261814060853 0.184590136555638 0.0536809797754071 0.205196431606868 0.064922327848375 0.0856646269635066 0.0721615641856606 0.197522119003692
0.164880876732831 0.200653896292135 0.0201086674923841 0.0883580500913065 0.132276658976992 0.0593585795516096 0.131512169695602 0.202851101167139
0.0177482084776858 0.193554548097186 0.1502768777645 0.182114822533076 0.158294526525935 0.149179241549771 0.00798946021622279 0.140842314835624
0.0992580290333893 0.00220317023892341 0.130829224149238 0.235071869150625 0.0618739024058617 0.154615421056522 0.157971838175704 0.158176545789736
0.192797369785317 0.1425210932144 0.0186538348188247 0.108752983871434 0.0575299667295896 0.12165197708306 0.163620926030953 0.194471848466422
0.0626224684967207 0.0236827172429074 0.224875876387936 0.159210282329668 0.0362376299182439 0.231983617221337 0.0685415385080201 0.192845869895167
0.172800633193254 0.091523048193988 0.120632776064349 0.254784672458783 0.150927396394607 0.0120282257417911 0.178823465209792 0.0184797827434361
0.246568863504525 0.0739920236890568 0.0491102507309342 0.0312084255527482 0.23932070758749 0.200521823967114 0.0504953410258682 0.108782563942264
0.00122536379584976 0.00941670927742776 0.0143142951062676 0.229963361035955 0.00553120393015307 0.215016626850438 0.296527310957296 0.228005129046613
0.189207239394528 0.112963172574607 0.128773316801253 0.126493473190978 0.198351978355276 0.0428172733068372 0.176583116286536 0.0248104300899855
0.158618140962546 0.153588410133514 0.113010707144296 0.0704021241850231 0.0328621864412179 0.235111283846752 0.0420417174961415 0.19436542979051
0.0259081356635224 0.136266840353722 0.263807244341128 0.0925397297109293 0.0911819138335877 0.159089830030909 0.10332963308234 0.127876672983861
0.196500920810291 0.166527289263777 0.0795423719857691 0.0884001613236266 0.00990798578166526 0.00081083182125187 0.237715203226247 0.220595235787372
0.0919869348946238 0.220970216446237 0.0826745010806839 0.0758092776834475 0.261773217929315 0.0674642031497714 0.13102708932656 0.0682945594893609
0.128650437270992 0.15274856881934 0.196384170303016 0.0958279923861764 0.0643365213378972 0.0857091683927245 0.201056535451162 0.0752866060386923
0.227576100275092 0.0453646467851974 0.221222934612212 0.0887464816095329 0.149191393503217 0.00814177522363364 0.0236760255894617 0.236080642401654
0.0778232093836633 0.288268232002946 0.0294902804208032 0.0739571973823755 0.132638453188303 0.0805326982583825 0.0893754944509801 0.227914434912547
0.165746682642894 0.178454274755125 0.126181793933946 0.0260223647319495 0.0846429873531507 0.0953526378757368 0.11286429491846 0.210734963788738
0.172898607133275 0.0922688992000086 0.181927550983686 0.0702720195496127 0.118072420814224 0.0518828021558697 0.142576616443464 0.17010108371986
0.106707372389048 0.168584363373793 0.118049778449084 0.156218946937344 0.00816940705875507 0.159534715431539 0.122423618507148 0.16031179785329
0.0665563770014302 0.234837610757483 0.0705312842157347 0.224297216382726 0.169839479277168 0.0639715876483133 0.161390572713095 0.0085758720040499
0.212706754138296 0.0739510909948756 0.172650750772335 0.0909738391248764 0.11920281063756 0.119028928769595 0.15885192075887 0.0526339048035922
0.0660867750120815 0.145182506424494 0.161123723770776 0.130883683450772 0.0626600680303289 0.136478744188167 0.161177830647339 0.136406668476042
0.241499647179562 0.18800487716929 0.0868227726315687 0.0508565922997139 0.146012718351495 0.0308968087956662 0.0275234628512752 0.228383120721429
0.060845822642144 0.15306990564974 0.167776856478538 0.106166688299476 0.069161939452932 0.263545419113348 0.0123492219939512 0.16708414636987
0.159514262969535 0.0882943289185568 0.194232991672317 0.134394637829197 0.206110904123925 0.074956184811634 0.114246491034197 0.0282501986406368
0.167313207555982 0.0665754146239388 0.193060507911714 0.179781921495215 0.06427470827465 0.116450448144756 0.185829318943247 0.0267144730504962
0.156161125650345 0.0463022272704169 0.161596069539847 0.259983134255556 0.162497656183269 0.1104683013407 0.0968809535635491 0.00611053219631724
0.00792097421806777 0.215079354347902 0.245337637862953 0.0353123770835875 0.24759231296277 0.153342600687704 0.0770957552465985 0.018318987590418
0.193346348144272 0.181060402248542 0.00907416431074312 0.092395704345963 0.0684562957175569 0.139744391757895 0.0293200947150179 0.286602598760009
0.0528034776892569 0.00859965052693482 0.123377626790272 0.208881962746626 0.203111127294961 0.14014111836463 0.159868958227893 0.103216078359425
0.139676948977671 0.0988579045916357 0.115123396789106 0.0937594547599501 0.177859519844099 0.111120024811445 0.13181201069419 0.131790739531904
0.152595805742688 0.0725866469390499 0.149526494728489 0.188524989779711 0.0574296571261235 0.07283177939059 0.128237599114253 0.178267027179096
0.168144422605842 0.118762242994045 0.110866908204271 0.101829456639261 0.158969693608195 0.179255314731453 0.150768810514433 0.0114031507025001
0.0594096555792478 0.202857134182362 0.141503402212613 0.0065940472060192 0.142552606587564 0.215339274865301 0.0406974106646833 0.19104646870221
0.134229717818021 0.161743480096423 0.186241795257423 0.13059849710904 0.0617402168199774 0.168108198374358 0.112997216537963 0.0443408779867946
0.058762573792007 0.0445331067409074 0.000550640355425272 0.176759265032082 0.125476089132774 0.290240298675084 0.112463812761048 0.191214213510673
0.0812267255559057 0.157447983052538 0.0895676700142091 0.177571096275292 0.176840825401164 0.158772948891228 0.0546681739975503 0.103904576812113
0.0367374189540034 0.0768551840800619 0.127692734773462 0.0938272701859243 0.0966266690695039 0.137683991261798 0.152527946096146 0.2780487855791
0.208797453720429 0.0714368865512224 0.0517118006187995 0.0561061786880863 0.152122094278151 0.151534117597258 0.14159418204811 0.166697286497944
0.0120337067826152 0.00649690190160524 0.307024033817332 0.0348857957890462 0.20186325923071 0.191533733560041 0.00650180831934169 0.239660760599309
0.153073745487375 0.0346937201022821 0.0103702632253298 0.144467729322354 0.141994310802864 0.290344696738541 0.0869764268362617 0.138079107484991
0.0353259874068731 0.172510302978367 0.0100404627009646 0.1376060939198 0.144718377565993 0.136174443558772 0.180504437143952 0.183119894725279
0.114501646238596 0.126693625089094 0.134851964758798 0.157269626469833 0.153640092074937 0.00615420662651439 0.157100065064169 0.149788773678059
0.109091341878295 0.222039994920765 0.117078842382012 0.200748520041825 0.0243287263175565 0.161872510528874 0.000814133923412673 0.16402593000726
0.158564972089393 0.0454387094785666 0.0258366782345452 0.236558492993768 0.164280955889321 0.199093884707976 0.148841923440115 0.0213843831663164
0.110739140149388 0.16808342944661 0.167114578829409 0.158974647742032 0.0562646552076376 0.177354371431927 0.063101067364655 0.0983681098283416
0.137542253877932 0.0989232168529279 0.143907517359427 0.185669685162688 0.0621252292401037 0.165642708199307 0.126919172113933 0.0792702171936822
0.16380286769348 0.163749643255398 0.0996633181441948 0.0972412687579596 0.169865650569216 0.0986934347651018 0.131946041947552 0.0750377748670975
0.253546056084264 0.0491946503277548 0.120458878248252 0.256421817701089 0.0341091138213661 0.136422793719202 0.0528542038725994 0.0969924862254736
0.00758362593437475 0.0745997248760145 0.113197685021462 0.255121559684754 0.0320747206500798 0.232571127141009 0.18907558934175 0.0957759673505556
0.10956900970983 0.0227630838017298 0.11082798054837 0.0903610704821354 0.159729843533481 0.241990109534534 0.0878836663718758 0.176875236018044
0.184413617390408 0.0623206578712971 0.192084817686023 0.0763495410213703 0.122948977311717 0.257122882839707 0.0751711657840069 0.0295883400954703
0.0508337456160187 0.139351145422983 0.0852834838071181 0.105670209448198 0.198981916424845 0.142869158137899 0.0983985866214107 0.178611754521527
0.124695327603969 0.17973423079954 0.159813042824296 0.126588155246216 0.0335640172060406 0.192802144055795 0.0064886234033248 0.176314458860818
0.240003773399622 0.151375667771368 0.0676025905985797 0.0578170269582014 0.243748432267226 0.150648854780147 0.0579126296843147 0.0308910245405415
0.0719618597288665 0.00562917714176929 0.171609273363733 0.0968827039648423 0.196286115824921 0.193372934154619 0.198113465121846 0.0661444706994025
0.0825620110240606 0.0988114837177393 0.201513474160098 0.0628716943295698 0.121694620528351 0.123697543642512 0.152429302329398 0.156419870268272
0.118174032067529 0.117772785958439 0.119778076281938 0.120882171016532 0.0417269461410687 0.169549253076341 0.196162486860088 0.115954248598065
0.184398997492247 0.087090881402315 0.175351550349595 0.0752193520348939 0.0771409897276123 0.0345969070820315 0.186075461294712 0.180125860616594
0.123679736223707 0.13335036539505 0.0216170986229314 0.0726694920257463 0.243154799850019 0.258028349456717 0.142660906667351 0.00483925175847875
0.102636401398398 0.139017681702548 0.182109510205015 0.122285899817676 0.118849238572823 0.0806398991662854 0.0527036651256701 0.201757704011584
0.100346394029667 0.217017715777569 0.10036712524077 0.157327981869881 0.0714510108666843 0.0836661159333385 0.0597128358305903 0.210110820451501
0.123049942765705 0.130411361420978 0.158969754257574 0.139435783360545 0.053358278487529 0.0794507158801775 0.190697360732437 0.124626803095055
0.0570102654069723 0.10070301958051 0.218248580336582 0.018271071061225 0.162397735610877 0.192870687726343 0.0792904182787872 0.171208221998703
0.0385116803021769 0.205500279133128 0.1861862785429 0.126142958188003 0.0332350430352903 0.17101981966479 0.0670878819650222 0.172316059168689
0.0871234540598096 0.00556355072024199 0.215407054536736 0.262734780717964 0.169149292941239 0.0882476756652299 0.0103603268348062 0.161413864523973
0.0158046703027997 0.0858894250043143 0.206462515578821 0.198156528858121 0.239182663825198 0.0669278770711412 0.0563268480194275 0.131249471340177
0.100476260841848 0.0437345741729649 0.0111535152594074 0.196455139080445 0.145232084818791 0.155509897596922 0.164357072594458 0.183081455635164
0.097831431924135 0.058698467988652 0.147956419322523 0.080856107655641 0.146637126350758 0.175040764769825 0.129968900501507 0.163010781486958
0.0466703031248726 0.207062061720523 0.109797654711332 0.000245445050029642 0.197514842303281 0.122175844851428 0.211348498116789 0.105185350121745
0.0583710592473471 0.238223818460608 0.0842559802802227 0.0387010008671975 0.123664442699555 0.19540840991156 0.169885546001133 0.0914897425323764
0.111982447989576 0.146869252528518 0.134635849677728 0.0500897209030363 0.142453460836204 0.0315739736762157 0.173615383664381 0.208779910724341
0.158058914750102 0.0614124054693307 0.142278528778762 0.129762451624474 0.00781405142406475 0.197964749515247 0.186137988012525 0.116570910425496
0.166631050003476 0.171177123123454 0.115671378120054 0.185612233340116 0.122252721701116 0.0516812592764797 0.0644769963414538 0.12249723809385
0.133635435033888 0.0806719199555086 0.115545200759108 0.282017504930004 0.121896728130664 0.000614510011116428 0.228123895867049 0.0374948053126624
0.053416829474779 0.169992834331683 0.0189741848282444 0.217259132471086 0.0924776970965064 0.176432208706911 0.184242746040435 0.0872043670503541
0.0823377942378393 0.130569750685984 0.0436256923431141 0.202820680666804 0.195069881569922 0.0406024108828224 0.154933917433859 0.150039872179654
0.184009003473305 0.0073287136756188 0.078954661266133 0.0700800581653433 0.223454164347621 0.205330082754802 0.0968469690306335 0.133996347286544
0.0586325477833645 0.0362167041127543 0.217958458154611 0.194747341730781 0.0446449479448049 0.0613002083687673 0.210028661382526 0.17647113052239
0.101679773435279 0.157764979416747 0.195419241825893 0.21356193151201 0.105249633114077 0.122378352209182 0.0584532405701864 0.0454928479166269
0.183668820583406 0.0294260341986335 0.168192679363846 0.125115581606243 0.126646037252316 0.0223649926367054 0.177549819826921 0.167036034531929
0.104378477486482 0.184111010779385 0.215217031830364 0.115394720665637 0.140476492397546 0.11824508239237 0.120764448910975 0.00141273553724095
0.167775167936944 0.0740046934022181 0.153898679312952 0.204756972140426 0.0387463951367199 0.00117377239615558 0.147804489317155 0.21183983035743
0.109421015311754 0.148624210376456 0.0228428296090445 0.165259572473943 0.213031539709809 0.156681181765156 0.0282493807763703 0.155890269977466
0.199280742752645 0.192889295788652 0.0910942393112533 0.153248815198317 0.175371002552543 0.0646685040329186 0.0357109215475581 0.0877364788161121
0.073975783549259 0.198867338294448 0.0234312103660563 0.149295824860187 0.163608865886823 0.126953398147526 0.205491790088312 0.0583757888073889
0.171894754397977 0.125035439934026 0.173123885331166 0.191294501429089 0.0492647246871095 0.0607760973378934 0.033631057910385 0.194979538972355
0.0711273865896514 0.0360257144699763 0.114378575735657 0.0354133517450691 0.164222661839017 0.301078561711207 0.144352669210268 0.133401078699154
0.0586122529097868 0.07410005930147 0.183967954391896 0.180416927776897 0.174734646006586 0.154622563876128 0.101878262813356 0.0716673329238805
0.172471369551196 0.0795825488470983 0.165413453049907 0.175150659406424 0.0319036340460292 0.167765048019336 0.149169863817921 0.0585434232620883
0.312680994531066 0.150218300602594 0.151240918703675 0.105465243343846 0.037706461926456 0.0100684702028842 0.14887307655892 0.0837465341305578
0.00380977304059744 0.0627921088206381 0.401998708405936 0.195781584723223 0.112756304070419 0.127328335120267 0.0192470164982893 0.0762861693206296
0.105719143087374 0.00695992428599966 0.144262953927971 0.138259903023662 0.165081031955805 0.212729120234011 0.186510434333346 0.040477489151833
0.176711325797351 0.0678533354849469 0.0493997587986666 0.0260721069810839 0.057125935270082 0.223935229736728 0.137863490591557 0.261038817339584
0.0170022506693456 0.0822358102157016 0.0726026598017259 0.178957361771397 0.142422947689936 0.20226636471447 0.191929879265428 0.112582725871995
0.0840163630467406 0.212566205820752 0.18170645549687 0.0398339642928188 0.0296533942613434 0.18087725706059 0.190514380662292 0.0808319793585934
0.167353443700013 0.151762835339655 0.138394233348493 0.0694516726736899 0.154266666238271 0.0408525131479429 0.171338764856593 0.106579870695343
0.120535764829824 0.161319412688799 0.231791911854079 0.0927707730788098 0.0538898102011441 0.216228224097573 0.0779774415295189 0.0454866617202519
0.120301652350991 0.199356717670963 0.139717060062772 0.0751983604067882 0.0275267319479077 0.110290160113045 0.153851603332322 0.173757714115211
0.219013390774839 0.0246575732599018 0.240077430593117 0.280988560305954 0.105442287711417 0.047697984678166 0.0730719427454057 0.0090508299312002
0.19633689675778 0.164229403964005 0.224658980417924 0.01087028986217 0.0497471176024209 0.110430093335698 0.241058741579051 0.0026684764809509
0.234007144984818 0.0892389342592197 0.189953155003546 0.139689566214014 0.0809186035812944 0.114522691187276 0.0879823413219151 0.0636875634479162
0.193278709971397 0.0833942190452056 0.0140941261846236 0.207877653066583 0.152953244931862 0.0153656113806704 0.117183431155419 0.215853004264239
0.148677884476871 0.118214747673959 0.143305700579206 0.182345696766392 0.00215489497207656 0.136408726919318 0.125937349968826 0.142954998643353
0.0262581011125785 0.0710895983225993 0.250290029581192 0.121375481318605 0.0436526053982192 0.224681152046148 0.253870542669121 0.00878248955153753
0.0062797482335258 0.00928361571512231 0.229553437900787 0.0870921799314332 0.215983745711177 0.200754568012182 0.177382978799836 0.0736697256959361
0.103331220813451 0.159343081913516 0.204984208139114 0.0344033536448605 0.212509410117672 0.0517474830660837 0.0870544630427328 0.14662677926257
0.134879196816843 0.194446487363346 0.19470435818879 0.0454904817722403 0.0433495180180518 0.126772615375487 0.200214415807377 0.0601429266578647
0.0646568584219434 0.0764609855467061 0.196669312176239 0.121755713672754 0.0802843252169482 0.15904828881457 0.150349907134901 0.150774609015939
0.149335489940395 0.134033255946396 0.138994020882224 0.0714942641671646 0.169785178181371 0.0157438478181407 0.18608161470712 0.134532328357189
0.166902813364342 0.0833630827539009 0.0142186258376338 0.0620114125185956 0.0423534062804097 0.20246803642386 0.215459148717844 0.213223474103415
0.0636731820046661 0.134756781521437 0.181790908211973 0.137005272690091 0.0595883049090795 0.0903183002857016 0.112938092411665 0.219929157965386
0.13730056343855 0.126796513404807 0.0847875811136691 0.196974759792085 0.211769011667588 0.176790465175238 0.0138282741266765 0.0517528312813858
0.0242760667328221 0.219540771860482 0.086939390387987 0.0910841066125198 0.0477283852036077 0.222549210955572 0.196656521411936 0.111225546835074
0.177515589644791 0.187064743171272 0.069271283991728 0.109757151607922 0.0322506680378009 0.0760188008612829 0.164242988849197 0.183878773836007
0.0176376432532817 0.247675446787275 0.166366841546043 0.178740606892928 0.0173469652365685 0.144127987244431 0.0111887283041823 0.216915780735291
0.154259154996876 0.173483869077116 0.201503384095944 0.198396977442329 0.101609089937523 0.0409378359879427 0.0669538274627187 0.062855860999551
0.154344827257821 0.106975956989295 0.172076745680637 0.0313463295869053 0.016951216575871 0.198101611600545 0.173478088814671 0.146725223494255
0.189707602225657 0.150098853660269 0.182326589282875 0.0274354740018826 0.0565977584405274 0.219352937342045 0.157477965676898 0.0170028193698466
0.0073597356216115 0.160761589042228 0.0816475219856759 0.0706266148095185 0.117569497767074 0.190129549913376 0.205431932429206 0.16647355843131
0.133534661269011 0.199922935435131 0.122787724812046 0.0440128042775979 0.0341489346236499 0.179786914478567 0.178152930097592 0.107653095006405
0.195945585218524 0.0996852587940373 0.0925174402922252 0.202741285761269 0.142730879585618 0.145947112357267 0.0979850850666973 0.0224473529243618
0.11143794390277 0.181298988335226 0.217762603357657 0.148737326001542 0.0784219377341256 0.184997766573081 0.00208056738553649 0.0752628667100622
0.298302281354783 0.118190766375463 0.244690197531374 0.0366297206228653 0.146809077171105 0.0541506108123669 0.0570464720848498 0.0441808740471929
0.189278723284493 0.0392566477011196 0.205797173564155 0.138042806370986 0.166468051796115 0.157775338248171 0.0653867411416202 0.0379945178933399
0.110070805495502 0.0687740716922821 0.185741750162016 0.10666825110783 0.215427905897111 0.00253282468279907 0.194383382804112 0.116401008158348
0.0193253288409138 0.0170183622458011 0.264921303057194 0.192102123414158 0.156086783960958 0.0729221334979097 0.11481254155969 0.162811423423376
0.116510446232588 0.218763797617593 0.0501647192783757 0.245083941227942 0.0946689757642786 0.0843013162033514 0.0303804627898127 0.160126340886058
0.129184424868214 0.133189751987456 0.166609161599304 0.0768120344798001 0.281427566453469 0.121219926568126 0.0288139602557352 0.0627431737878951
0.243262689434919 0.0360753188283851 0.0263310773083895 0.31625309280586 0.030544346240849 0.0560362217610037 0.0587637819798505 0.232733471640743
0.150857245425786 0.200219607086017 0.13438561031387 0.121838101584952 0.0730645884242224 0.0119017621875122 0.102993787516101 0.20473929746154
0.218357481434366 0.0376063859374978 0.230775944189766 0.0203277441098484 0.104412577140101 0.182215238882959 0.190559045481963 0.0157455828234988
0.00955901850669049 0.202569633725023 0.0837884711092638 0.149506348176611 0.249248595892452 0.0245306751037428 0.268667011584734 0.0121302459014825
0.0992028746263062 0.12828733170745 0.191793889155066 0.166737798861929 0.147695942254133 0.160400311378486 0.0775361080332079 0.0283457439834214
0.0981397176855138 0.172497702231299 0.209383461638983 0.151197936849659 0.172959851519596 0.0453287364960942 0.0137346564461043 0.13675793713275
0.152167610187657 0.108938866652472 0.118366121044812 0.179835832832771 0.0893098749571041 0.0906077431766642 0.0784523948059378 0.182321556342582
0.192637662113687 0.208860637699767 0.058762037043114 0.167431527521256 0.216488320906776 0.0265081850717578 0.0951818417734382 0.0341297878702042
0.00793296898418556 0.149989398699663 0.142285857431082 0.243640193777894 0.113013009533201 0.194490539613627 0.0939411363659418 0.0547068955944066
0.125226169844598 0.141363518321097 0.137124335048431 0.166423624233797 0.0595847812363237 0.0401594684429876 0.162640604256578 0.167477498616187
0.120387532082374 0.187773908138343 0.0185706039674078 0.161757593529027 0.102440943841647 0.185964312928988 0.0452654843765031 0.177839621135711
0.0374384603508 0.111707611855678 0.224648755801429 0.157230164134174 0.0351994301032916 0.0976580423092603 0.104456306590173 0.231661228855194
0.0667695453930059 0.202375305578713 0.122172548986769 0.119909862466875 0.161912178108984 0.0814865199157965 0.0268373317507103 0.218536707799146
0.170513144393777 0.251215542005284 0.0614146818500996 0.0227318579907423 0.258876047513623 0.0802041285997398 0.00891134208974012 0.146133255556994
0.158354038691289 0.142233738672646 0.117898989989419 0.153152924981003 0.177349348345006 0.0704435890841427 0.096278798149578 0.0842885720869164
0.201048867213743 0.108884343076842 0.0181195923796434 0.209520287987003 0.0696004918412471 0.00364864409607229 0.165058725009389 0.224119048396061
0.234874890495369 0.221706410757479 0.0738705181939877 0.124766062272398 0.220813302130904 0.0705803063730056 0.0161022874768343 0.0372862223000224
0.104059453698106 0.0286428689512529 0.0772875087167182 0.354524899558627 0.116858402724034 0.160008102075855 0.138017599855773 0.0206011644196332
0.0414367990744643 0.23092351223917 0.180723786576 0.00620601824203959 0.0735046026832587 0.141327582330238 0.0693924092827518 0.256485289572077
0.146242171097316 0.19404851624361 0.0794471057154496 0.248446264802158 0.0535007078454584 0.118898924935717 0.0611049967660973 0.0983113125941925
0.119496868746718 0.184162635353178 0.0798920709380742 0.0929399074160013 0.120066951172313 0.147980165283997 0.119826528787626 0.135634872302092
0.187700688159305 0.0422512572166382 0.209352273688314 0.115443968000493 0.136112973711483 0.0427783895165423 0.166835900695478 0.099524549011746
0.0388453563564016 0.24654087391448 0.139988218352738 0.111955700302122 0.0922175295969321 0.0653710812017178 0.0720670851433974 0.233014155132211
0.183694053339027 0.127266900627 0.160320971347686 0.133497332453086 0.111676627432154 0.153480506438418 0.0511293655877588 0.0789342427748695
0.11111922327189 0.0559291084073892 0.0721864835416538 0.0326181460635772 0.330627355211534 0.214938561515235 0.0854593638336309 0.0971217581550897
0.212295605224391 0.00119292090319057 0.212557240890913 0.144506495945711 0.0112658666630917 0.206439072125514 0.192783290415344 0.0189595078318444
0.127500212997837 0.185913100709882 0.143306989569068 0.0405439752202848 0.0423803312731751 0.204887038560535 0.144274649307121 0.111193702362097
0.142111462902347 0.0449082852902509 0.0659434407481195 0.202594159193074 0.0415394884699591 0.154533810156435 0.142792113333104 0.205577239906711
0.0553567010377466 0.147703772690869 0.0300235868100024 0.173053680142392 0.132379575368083 0.155496379838227 0.177448078566268 0.128538225546411
0.0798936772852242 0.234536842438389 0.130728792321453 0.051685001737999 0.0046189709635876 0.0315538670927058 0.285168729080797 0.181814119079844
0.123797142034935 0.0705013362784708 0.154702366185585 0.096906073185015 0.236006134553022 0.278128895090453 0.0381301035937866 0.00182794907873251
0.0605959577680796 0.103929763345684 0.081765188538603 0.160750504068871 0.173062690673436 0.149852790744404 0.176987137873889 0.0930559669870323
0.0614942634748739 0.226176218369472 0.168667935122133 0.0199993351364202 0.0414161509065465 0.181064435461202 0.122583610565214 0.178598050964139
0.036482109202366 0.0594779216164412 0.147694424778146 0.112084182498192 0.310798750499861 0.0421081815715716 0.176341849676585 0.115012580156838
0.212321141908428 0.0470050140422203 0.130979697180606 0.170652363859474 0.00782476186173882 0.156582868964572 0.0676081988224944 0.207025953360466
0.130876985512537 0.0613046803397475 0.135230286069749 0.179838098550077 0.133852421132435 0.174090271842555 0.0649893036993567 0.119817952853543
0.0218492292069406 0.165820372037308 0.187207913712825 0.0744273220315267 0.185371863566274 0.0326777292057532 0.16637832617345 0.166267244065923
0.0524493091093395 0.14174583005251 0.101866821415758 0.04766107670051 0.21650355827417 0.192869674942363 0.0383813173365667 0.208522412168782
0.191245888215483 0.0801275306896137 0.133205276007202 0.142379213138195 0.109576245574335 0.0781478843394914 0.239628947301368 0.0256890147343122
0.311777372565381 0.0623784133788166 0.0672978436363534 0.068979997105194 0.149826412881903 0.0623191229883407 0.176619690539969 0.100801146904042
0.1201463537302 0.106350773895942 0.0718500731181659 0.185371502181417 0.0748806388394685 0.205692315138966 0.14259444025311 0.0931139028427308
0.0945745088100209 0.229269833952293 0.122116042043165 0.211734672755975 0.00865457662813856 0.107330031146796 0.133955486501976 0.0923648481616356
0.197415189662846 0.130833971957208 0.136250303605506 0.0309249155728421 0.140040841572635 0.171407745688187 0.015156572283518 0.177970459657258
