0.508545356391412 0.329366477661551 0.0997916241603968 0.0622965417866395
0.194901737152626 0.207798354732628 0.451272719995031 0.146027188119715
0.450486542784282 0.0116489396118351 0.382494785951546 0.155369731652337
0.219480783165954 0.29568405642478 0.34240485375459 0.142430306654677
0.207388525791982 0.290711037221738 0.186702372631759 0.315198064354521
0.422812001506433 0.0608404313250229 0.339907961385834 0.17643960578271
0.291677020896325 0.169065584144191 0.22412318998388 0.315134204975603
0.0386827016288803 0.383751843947937 0.52648098813432 0.0510844662888621
0.401039372042028 0.133210915227309 0.228126421875882 0.237623290854781
0.403889174265888 0.108593339489687 0.428757490728272 0.058759995516153
0.279590382918635 0.541829946537754 0.0535218346191755 0.125057835924435
0.328044503351562 0.103320352027348 0.273942963228311 0.294692181392779
0.0448007363702615 0.463113662894841 0.432961001993108 0.0591245987417899
0.149526115907441 0.505770902276324 0.159694873936401 0.185008107879834
0.126039956499943 0.560190776652394 0.00711243400834177 0.306656832839321
0.182606494645284 0.220544853931204 0.221563750485144 0.375284900938368
0.498253909849628 0.0679503863685433 0.156957277200141 0.276838426581688
0.0130815153824464 0.231903869826033 0.286392055941002 0.468622558850518
0.282326601725018 0.26256428521218 0.224786034413244 0.230323078649558
0.455059283100459 0.292114939929294 0.112491619540881 0.140334157429366
0.116282472343201 0.273407928633251 0.269956355837449 0.340353243186099
0.100921277458854 0.413134366914545 0.145300464436429 0.340643891190171
0.388613354493206 0.0534161384461226 0.304096985045784 0.253873522014888
0.315690619233953 0.45878864920384 0.212596834901575 0.0129238966606319
0.323326706866774 0.144250265575569 0.134182582481306 0.398240445076352
0.29211842025099 0.0730792362468695 0.239106914478463 0.395695429023678
0.279282709725388 0.205514477610666 0.316414461594806 0.19878835106914
0.248277917444449 0.2292999612256 0.204153348919092 0.318268772410858
0.0560311561771811 0.361615680062907 0.239645608460511 0.342707555299401
0.276383361247011 0.317310211149938 0.0657274425166171 0.340578985086434
0.046518794215703 0.459092628929025 0.0383192178752104 0.456069358980062
0.296298997386901 0.276766946840845 0.269552426474123 0.157381629298131
0.394068546103714 0.214313628841171 0.35789993389979 0.0337178911553258
0.216065105659918 0.399620522263608 0.19219190704224 0.192122465034235
0.345606758002674 0.318402246611555 0.220120725267826 0.115870270117944
0.323609166008441 0.014622804806056 0.0224189303014086 0.639349098884094
0.104747421776498 0.186460910607248 0.451988196865721 0.256803470750532
0.690093208946149 0.0509252667127918 0.165055663838285 0.0939258605027732
0.221932842011438 0.365984340776537 0.302553656013198 0.109529161198827
0.355736805474716 0.103844996458422 0.430826829071389 0.109591368995474
0.0795393033641268 0.399434061630986 0.435637481533659 0.0853891534712278
0.259402870483961 0.161174290688863 0.378389108224626 0.201033730602551
0.170865333217971 0.328709225397314 0.325820473428294 0.174604967956421
0.499357039500419 0.144762913899615 0.301616677224407 0.0542633693755592
0.202155834077236 0.277365783462019 0.330771131956636 0.189707250504109
0.123083627102901 0.150368619018667 0.620006757265061 0.106540996613371
0.449005759248445 0.130153752289153 0.264926931313828 0.155913557148574
0.0709342578687443 0.203138907154746 0.371857341557139 0.35406949341937
0.290897035655483 0.460721193947916 0.131693796611587 0.116687973785014
0.144820313529738 0.348503067112553 0.200213065587883 0.306463553769827
0.230766462131511 0.289088494608274 0.436578132506493 0.0435669107537224
0.253157160831214 0.137706968760759 0.365331846017684 0.243804024390343
0.439059344459009 0.187324238093784 0.126881919121847 0.246734498325359
0.102741278136547 0.440085020309956 0.402362646704954 0.0548110548485425
0.258620728822121 0.268545970556093 0.234794038507529 0.238039262114258
0.0822443124933579 0.340178920805688 0.33957113568417 0.238005631016784
0.425770841078011 0.463459340399162 0.101311901041383 0.00945791748144467
0.567962013021594 0.203529628156341 0.017153968404361 0.211354390417705
0.167276001920804 0.256074639453789 0.151672900930193 0.424976457695214
0.254977461857042 0.163168648608981 0.305254906120566 0.276598983413411
0.266379103169583 0.301568891089244 0.20826085804178 0.223791147699393
0.33244073047686 0.236478457789061 0.0558745160110119 0.375206295723068
0.229443249376448 0.14844801449635 0.452766796462777 0.169341939664425
0.304498763585024 0.015227750842895 0.632153815743871 0.0481196698282091
0.00594368233730996 0.531632947037579 0.358936693737021 0.10348667688809
0.0775922664996203 0.105414856950085 0.507326766469081 0.309666110081213
0.265606049748113 0.021776413851013 0.423232251434257 0.289385284966617
0.339498810377633 0.00309430778726196 0.00129598804248371 0.656110893792621
0.200968382382676 0.336266931214109 0.405451553667575 0.0573131327356408
0.00695958100295997 0.536736298110835 0.186643721100122 0.269660399786083
0.109408646480208 0.445205495020281 0.38922870503625 0.0561571534632607
0.244528291202659 0.103338909141575 0.379552167473379 0.272580632182387
0.00650971180671069 0.694616249914336 0.160542921027615 0.138331117251338
0.398222807269735 0.368354960683534 0.138313280076565 0.0951089519701658
0.0287101610171855 0.247767993138111 0.396526483008215 0.326995362836489
0.131007792638332 0.240604819394471 0.351482275282393 0.276905112684804
0.572360961188574 0.375078947053916 0.0175446993634531 0.0350153923940573
0.501857399060852 0.134146075346478 0.0587901890171896 0.305206336575481
0.209105287221853 0.0219477608485582 0.39776762018879 0.371179331740798
0.317085051905163 0.258306389001338 0.183821757242604 0.240786801850894
0.226260043328546 0.201810742882753 0.530086894398613 0.0418423193900872
0.0934794293305942 0.687257696635053 0.141259930026227 0.0780029440081254
0.235653630196849 0.220533053078063 0.23495380892404 0.308859507801049
0.37921164084394 0.082867839413934 0.260135614432093 0.277784905310033
0.0711867876192835 0.289470631154155 0.338354383953157 0.300988197273404
0.39776077624863 0.380573224802234 0.00228497917335982 0.219381019775777
0.271954731747078 0.184396435622838 0.289916627224171 0.253732205405913
0.529438376071973 0.0820593201013079 0.212641460967878 0.17586084285884
0.183289180394663 0.0426935187691182 0.355624406665428 0.418392894170791
0.199365450903429 0.185240387284102 0.318442933486043 0.296951228326425
0.224872097956323 0.474178721769388 0.0450637042906967 0.255885475983592
0.101929385027152 0.278871052440443 0.250675302900164 0.368524259632241
0.195149875669142 0.114877830028117 0.395733264555215 0.294239029747527
0.207474170439892 0.285417414749273 0.294466867377806 0.212641547433028
0.305784280163975 0.235233142952177 0.335240582709153 0.123741994174694
0.142782263001346 0.440739989948235 0.0478660390713437 0.368611707979075
0.0978636246033333 0.310767596082391 0.301118286429246 0.290250492885029
0.403359763315862 0.137798803027608 0.291553970153355 0.167287463503175
0.139692266280589 0.430264709406115 0.080775623920292 0.349267400393004
0.412837476898183 0.0083628197019432 0.464996666654978 0.113803036744896
0.331365348838121 0.198974258731375 0.396501855298685 0.0731585371318195
0.0963482284277571 0.194794960551965 0.411437073116581 0.297419737903698
0.214946197858997 0.149972794185996 0.410345121229645 0.224735886725362
0.396202347100534 0.429768504719295 0.0665634205090179 0.107465727671152
0.220114532288532 0.175628011043749 0.316177621714077 0.288079834953643
0.0345645664714239 0.326363196746712 0.322376580185851 0.316695656596012
0.0157127853692299 0.0286517114824468 0.477346875217707 0.478288627930617
0.155496333769268 0.291078663927525 0.0165564593084024 0.536868542994805
0.315706488442355 0.224028965077972 0.235184978411109 0.225079568068564
0.253440099546918 0.322115223564858 0.164300818621338 0.260143858266886
0.47573895720306 0.130279529570105 0.157739593727438 0.236241919499397
0.153333013464214 0.267795359155233 0.208802400679498 0.370069226701055
0.0363147398592389 0.232825894561151 0.459248906076554 0.271610459503057
0.308296251396383 0.0425091240883657 0.349771770801235 0.299422853714016
0.227449097797152 0.117466518359794 0.331709246291369 0.323375137551686
0.379077119659577 0.16120842652248 0.0702707967076811 0.389443657110261
0.12982722211389 0.000697393138090365 0.148206108872155 0.721269275875865
0.161019091840534 0.166694419796993 0.206911031306504 0.465375457055969
0.313648915188168 0.228204917886528 0.245917846890777 0.212228320034527
0.235643809483735 0.375319025150414 0.317224893638843 0.0718122717270083
0.170260297353469 0.0799268151920948 0.390592154725432 0.359220732729004
0.242611162015495 0.333722510085494 0.240496050352141 0.18317027754687
0.0586848038499615 0.26198596796614 0.369541656525876 0.309787571658023
0.0330738553155311 0.280289090222127 0.229445101166424 0.457191953295917
0.199432316878059 0.197943260759512 0.465965450914161 0.136658971448268
0.434958295312778 0.0898172249160218 0.0709512335654084 0.404273246205792
0.17721544459202 0.304659267249617 0.374599844399625 0.143525443758738
0.488392423147042 0.166814317768431 0.256012021795758 0.0887812372887693
0.430648475176828 0.203205315980749 0.28625777784694 0.0798884309954832
0.332478997021935 0.0996716441721186 0.333943495089632 0.233905863716314
0.171257382612583 0.441319096485157 0.0983498845914061 0.289073636310854
0.283237662997179 0.190190981462586 0.400673031106921 0.125898324433314
0.357516732583068 0.14880792821469 0.212285093035827 0.281390246166415
0.115521455211975 0.081904947986842 0.407047475311194 0.395526121489989
0.28114156647831 0.297805867905654 0.0767421266037903 0.344310439012246
0.209627368604297 0.371219500786755 0.235409201925789 0.18374392868316
0.334536642352015 0.531503528078209 0.0305587675114541 0.103401062058322
0.288514268037432 0.291865007034416 0.340406709873426 0.0792140150547257
0.249839301928763 0.0430726245854449 0.334124587371161 0.372963486114632
0.524681018591518 0.144677780973244 0.212904578034252 0.117736622400985
0.30701718266036 0.386869703415399 0.0850746512799622 0.221038462644279
0.246116421459987 0.0587708627092977 0.358541991214522 0.336570724616193
0.376953784376085 0.561701676905483 0.0122986629289477 0.0490458757894834
0.275618950956959 0.212618854599927 0.00540154091024461 0.506360653532869
0.0463986501984498 0.370113422710246 0.362401352772925 0.221086574318379
0.197860042148685 0.323224986717743 0.279182565159753 0.199732405973819
0.173275852720033 0.367276164323836 0.134319195075157 0.325128787880975
0.0566662236649629 0.203057575684634 0.372635392757951 0.367640807892453
0.181845205574652 0.35451776897906 0.392466915193065 0.0711701102532236
0.383280720705743 0.0981095383691714 0.323334205618862 0.195275535306224
0.22751347984717 0.232792436526688 0.258261420646489 0.281432662979653
0.33859226289721 0.349466368718135 0.0678867487258522 0.244054619658802
0.0730544584349345 0.508042290543162 0.103476004752352 0.315427246269552
0.199399013270017 0.301688359111543 0.19001212102064 0.3089005065978
0.246178874178953 0.104528239832077 0.465396655687011 0.183896230301959
0.178156834656229 0.241353091352425 0.302068751850764 0.278421322140581
0.201480502620098 0.203288909030308 0.261988863649242 0.333241724700352
0.216715483893454 0.28374890619445 0.458743300623213 0.0407923092888829
0.423615216208545 0.223880416251483 0.274566661020495 0.0779377065194777
0.393358967078339 0.0989801621669039 0.501396234614921 0.00626463613983624
0.0577908293119691 0.546295206442679 0.229875919344669 0.166038044900684
0.269333696586597 0.541293224600417 0.00292958361625287 0.186443495196733
0.529024803855819 0.0584187489771202 0.0971845979639675 0.315371849203093
0.304978012837124 0.0994531242933962 0.404175924481202 0.191392938388277
0.34033602709299 0.136613697869246 0.395086131000086 0.127964144037679
0.333524213326498 0.221873231706333 0.269324107241043 0.175278447726126
0.205310218877803 0.25219211983867 0.285283247103662 0.257214414179865
0.330872976294418 0.152145595760314 0.196183687977668 0.320797739967599
0.124210457987006 0.286268864122362 0.363255556254414 0.226265121636218
0.31972267146773 0.0710791055774445 0.160704468113716 0.44849375484111
0.271771923510263 0.353373621077847 0.153602640789069 0.22125181462282
0.185379749017339 0.709785018161408 0.0619727619508499 0.0428624708704038
0.242698754748127 0.182293674253376 0.322215315658712 0.252792255339785
0.111875604374954 0.326837226539286 0.245742698585847 0.315544470499914
0.28627033781024 0.370050233222615 0.276424256325856 0.0672551726412891
0.2557067162959 0.279318386199205 0.285711531285417 0.179263366219478
0.243426619573634 0.417940440186153 0.132186356186392 0.206446584053821
0.285016780031961 0.280147371902716 0.256565276679279 0.178270571386045
0.248898732185618 0.302384788969068 0.170105841357174 0.27861063748814
0.0584510770185487 0.406156906244168 0.247322656577005 0.288069360160279
0.240482551023909 0.182680948016298 0.311632594255487 0.265203906704306
0.0821734927772775 0.0613866924094098 0.487608652477339 0.368831162335973
0.580355769828022 0.117641538580142 0.279503252686843 0.022499438904993
0.399890886660044 0.0409026424816919 0.0635140846775521 0.495692386180712
0.200216166732778 0.262528656399368 0.266594427844662 0.270660749023192
0.229381962765679 0.420065134308999 0.264316251626561 0.086236651298761
0.256641061787844 0.303336689284642 0.259176308396688 0.180845940530826
0.413951889450854 0.294527447971815 0.275956013695464 0.0155646488818671
0.3426488211132 0.317387826658251 0.234968888919006 0.104994463309542
0.318146205888459 0.0579037776157709 0.251526398863706 0.372423617632064
0.19508683530757 0.140617043253927 0.364040474928372 0.300255646510131
0.516266210599957 0.17036850689786 0.195042110415622 0.118323172086561
0.22480370723657 0.170965665402923 0.409872851620422 0.194357775740085
0.0859495094434874 0.1628866778422 0.499988827434472 0.251174985279841
0.323382119933846 0.205254242840979 0.287605508943484 0.183758128281691
0.45699403686297 0.332177714721035 0.0664390172276143 0.14438923118838
0.392605553507245 0.203616451457106 0.188176817567919 0.21560117746773
0.0532728599131195 0.431543209697233 0.357345898275365 0.157838032114283
0.00575715624092075 0.608685572305523 0.157084259957626 0.22847301149593
0.221452063808894 0.0219917095641788 0.342508755017075 0.414047471609853
0.0164692771328986 0.353347771233832 0.243365368993286 0.386817582639984
0.407707115409418 0.15185721988494 0.246149283946448 0.194286380759194
0.0742278050451401 0.196976732754212 0.337038139138984 0.391757323061665
0.233532985959606 0.222734082574022 0.234050674555075 0.309682256911297
0.249929816648724 0.108025510679975 0.346779120221384 0.295265552449917
0.385815244934056 0.100199294139527 0.168995102101369 0.344990358825048
0.33457902564448 0.350489996086056 0.119175941899192 0.195755036370272
0.514640648683386 0.120603549250493 0.00702688139495113 0.35772892067117
0.350495594297763 0.384413679078236 0.133454668904503 0.131636057719497
0.221369241528415 0.320601827919685 0.242881891057891 0.215147039494009
0.25860235000209 0.250842938192511 0.441223372059099 0.0493313397463003
0.0194299479692743 0.311410660109675 0.199823827610807 0.469335564310244
0.448575977734369 0.0729382621415883 0.368959730911947 0.109526029212095
0.238294769324957 0.355219035374326 0.0587775230908883 0.347708672209829
0.525294389916451 0.0914285027932894 0.129828138420306 0.253448968869954
0.312552861317024 0.284636555737186 0.159772497271619 0.243038085674171
0.505568354642905 0.00911268382452292 0.444914919005289 0.0404040425272832
0.242033049847812 0.270470911417802 0.132433874698285 0.3550621640361
0.162815185012698 0.0873574164697855 0.323241096581311 0.426586301936206
0.0888191235914156 0.398690630277243 0.334090959096214 0.178399287035127
0.149711603605583 0.204888187827689 0.323580100778264 0.321820107788465
0.307133695517828 0.274557977416725 0.232012924939896 0.186295402125552
0.391449692220422 0.199641610623782 0.14246498089998 0.266443716255815
0.492490678411404 0.0380881843128377 0.279134495254226 0.190286642021533
0.14420460690577 0.289461242604923 0.37080799872852 0.195526151760788
0.202975607440879 0.021477381707533 0.544593705141113 0.230953305710475
0.173292874451565 0.416979744991928 0.302936140999932 0.106791239556575
0.603123814539188 0.0809738369644493 0.0364477476724961 0.279454600823867
0.223725383536484 0.308699402744692 0.33823455667894 0.129340657039884
0.131240277030368 0.282729267319377 0.138098517557402 0.447931938092853
0.332626785938343 0.0194382388648079 0.253049964845546 0.394885010351303
0.353972789249829 0.39349617639732 0.162475916554519 0.0900551177983326
0.155437730882794 0.446354544103684 0.161299378593249 0.236908346420272
0.275961894083102 0.230146717378495 0.225113515400933 0.26877787313747
0.266342754244945 0.0295398928853141 0.353842855165497 0.350274497704245
0.330659339085221 0.138557133969268 0.257745614236309 0.273037912709203
0.384189636853859 0.133441353923583 0.28691855609239 0.195450453130168
0.223458151022726 0.202324509536743 0.329894680249841 0.24432265919069
0.378757638217045 0.214996716749476 0.0570091065629488 0.34923653847053
0.433038246604438 0.261770932942508 0.236542751196378 0.0686480692566764
0.355563043969578 0.0531233011917583 0.043640714742498 0.547672940096166
0.313220559141068 0.207121880557288 0.0313736576555318 0.448283902646112
0.345840707501411 0.252876409288903 0.387942937325898 0.0133399458837879
0.078803422600689 0.0578423987537743 0.478705665744764 0.384648512900773
0.133738191824433 0.133742366473601 0.375533844370881 0.356985597331085
0.212556981754797 0.102689160495534 0.373323798260085 0.311430059489584
0.466778277101102 0.168994682887637 0.23460028096395 0.129626759047311
0.380768125673085 0.213912325257933 0.389794132383299 0.0155254166856832
0.0823468951929669 0.463621039344646 0.4516526505441 0.00237941491828767
0.359295449811991 0.244078602141209 0.078544573657003 0.318081374389797
0.27210185867931 0.11791793232318 0.450296067856049 0.159684141141462
0.271373257611005 0.225634629860957 0.249270408977233 0.253721703550805
0.224848137378758 0.243207751256433 0.229211882090191 0.302732229274618
0.281647065093255 0.285129424975511 0.242234557178242 0.190988952752992
0.128879908596462 0.330421404637948 0.342589778789273 0.198108907976317
0.205078549913239 0.589287716181346 0.192087490582336 0.0135462433230797
0.36249167880154 0.295181416851743 0.242786424118556 0.099540480228161
0.0720732409347187 0.356713720626266 0.278346451543314 0.292866586895701
0.281304529638883 0.000758742139559489 0.178468456127699 0.539468272093859
0.27753460665702 0.387504020256231 0.102154785098505 0.232806587988244
0.598105624172845 0.0362407822630669 0.340219780158302 0.0254338134057854
0.0165851434529625 0.828561872636395 0.118057187291136 0.0367957966195062
0.197674704110128 0.234589970747862 0.204001544803155 0.363733780338854
0.316987738427126 0.338287671601546 0.250881876572665 0.0938427133986626
0.0212261948250777 0.238642836498705 0.26104063536807 0.479090333308147
0.196730111480481 0.303209843244294 0.230354218997525 0.2697058262777
0.231996473816675 0.280809550403622 0.141790011107444 0.34540396467226
0.341652267995794 0.119501171023784 0.366343177553801 0.17250338342662
0.349881848792841 0.322135361573092 0.0733351410246351 0.254647648609432
0.38605535216397 0.0356769418239434 0.374664444716357 0.203603261295729
0.467144165837763 0.247286670282939 0.106779671052096 0.178789492827202
0.215256939017072 0.269720963916889 0.200167345782024 0.314854751284016
0.257992686931105 0.264385092940907 0.265860989183672 0.211761230944315
0.0303717075321733 0.35346237801835 0.314074792140555 0.302091122308921
0.444991982883024 0.400427455236138 0.0667078921373974 0.0878726697434401
0.00168015721477988 0.443905522843632 0.444524167257643 0.109890152683945
0.051546992107035 0.131479275192404 0.46863695185718 0.348336780843381
0.270304478667656 0.434600584895786 0.00178724409541271 0.293307692341146
0.365683496513263 0.0846694577909081 0.352413611182211 0.197233434513618
0.624886784981442 0.214926993080115 0.0108694545883996 0.149316767350043
0.154569471490717 0.122128885260755 0.386940937640516 0.336360705608012
0.238701862668082 0.19562856250593 0.395424687071067 0.17024488775492
0.0649582166606621 0.450112322271645 0.132123483799626 0.352805977268067
0.000420708717030021 0.231627835925373 0.37572240004228 0.392229055315317
0.201571752263236 0.304019873463717 0.190668516813848 0.303739857459199
0.256308188450286 0.250867818381972 0.282524174109565 0.210299819058177
0.0484317907415583 0.31176604962883 0.322861680421583 0.316940479208029
0.175369332674575 0.172144063263268 0.369390502092759 0.283096101969398
0.296532273131127 0.147394212612802 0.457473382604817 0.0986001316512551
0.249434574635386 0.379562048331861 0.275621155548983 0.0953822214837696
0.29021034802416 0.375785329718843 0.265648535360306 0.0683557868966916
0.069017020163815 0.0225838649052626 0.509207726758818 0.399191388172104
0.303417676154688 0.509228467461907 0.00552967588259694 0.181824180500808
0.242077669828537 0.331499872256583 0.214513336112755 0.211909121802125
0.0491715123019545 0.129494117256376 0.508970068508966 0.312364301932704
0.145725487415291 0.474668412919034 0.0783703158694062 0.301235783796269
0.275756844396691 0.388067313531638 0.11250257516192 0.223673266909751
0.124674574038703 0.369041039872068 0.4599950147421 0.046289371347129
0.30823210557969 0.00221985442427767 0.649884740863747 0.0396632991322854
0.0747369286562095 0.014355411529813 0.466861194390965 0.444046465423012
0.144465564010862 0.323246412996556 0.140799140385115 0.391488882607466
0.141417754125219 0.373343748528867 0.175453246071312 0.309785251274603
0.131071756201926 0.105124077487239 0.68118513383613 0.0826190324747051
0.0194994144431896 0.417566776802059 0.216198873698674 0.346734935056078
0.466175406606535 0.0949747131406321 0.0961949029168203 0.342654977336013
0.18311549445884 0.200499431844306 0.289239095256152 0.327145978440702
0.29324690822509 0.130958917674413 0.27757312046426 0.298221053636236
0.540139256273321 0.304861710341532 0.132423216328785 0.0225758170563617
0.556169229614323 0.160634436056303 0.0477182204453579 0.235478113884016
0.048015147478639 0.208757092868401 0.390131860864046 0.353095898788914
0.259318852311171 0.227397225556286 0.0904187638768816 0.422865158255661
0.21089263835941 0.226936167598949 0.338583232313616 0.223587961728025
0.325699174991799 0.282296403347083 0.349963442388546 0.0420409792725716
0.304944355505907 0.196170663192986 0.103191421066127 0.395693560234981
0.217712752441912 0.331320957598311 0.268094590754215 0.182871699205562
0.425428259388754 0.343810145287832 0.0465543691364194 0.184207226186994
0.00379111927318983 0.0306087327795351 0.370881212151475 0.5947189357958
0.36302833053629 0.340649384663335 0.293863052781069 0.00245923201930614
0.207556107948003 0.298158874735513 0.346577372743754 0.147707644572731
0.320224777715534 0.185165543614138 0.265369784472858 0.22923989419747
0.0973222712002715 0.756391692000523 0.0770124923332189 0.0692735444659865
0.327142816461003 0.242996883255072 0.0236637846012804 0.406196515682644
0.30108519426441 0.189730294034997 0.4352851257 0.0738993860005926
0.281267036836666 0.26968113109667 0.338246534193622 0.110805297873041
0.0127730230459151 0.143595157320531 0.294205618106847 0.549426201526707
0.356518988955943 0.0629964610643141 0.278985335773218 0.301499214206525
0.0101216814182887 0.0923323756009511 0.459559419992855 0.437986522987906
0.266069681884965 0.273476196531063 0.217839965395739 0.242614156188232
0.476174588675432 0.206507878231706 0.247907993158266 0.0694095399345964
0.265226677365106 0.0132853343185638 0.326120651578044 0.395367336738287
0.457614355643489 0.379506139505051 0.0942076164044813 0.0686718884469782
0.226203428816948 0.353777345204783 0.384552861648 0.0354663643302689
0.201139554938069 0.161780867099436 0.349320165754712 0.287759412207783
0.40326194714965 0.391997928807465 0.0340728005573938 0.170667323485491
0.26509650465439 0.35384190863547 0.143024913871506 0.238036672838634
0.185318877693158 0.487751886458557 0.245800788685986 0.0811284471622994
0.198478688647487 0.297305176289537 0.246674610705728 0.257541524357248
0.161038203757186 0.348310707704589 0.0995556922620488 0.391095396276176
0.143139361600024 0.315172917944749 0.257705943432773 0.283981777022453
0.669044552895499 0.208162180339236 0.0377480929848202 0.0850451737804448
0.00912177171181862 0.656299115602911 0.310299849625146 0.0242792630601249
0.040919300234951 0.19293937928046 0.153922577617671 0.612218742866918
0.397942560779336 0.367479472793192 0.169145881936759 0.0654320844907128
0.272925580290912 0.289014230737592 0.259643484741265 0.178416704230231
0.483192630576163 0.471462697873129 0.0275218354570833 0.0178228360936247
0.168242755195756 0.362939826882552 0.355657492727416 0.113159925194277
0.201100515456999 0.510045101410965 0.00294743146645099 0.285906951665585
0.238217140905737 0.235729412160791 0.306127871027778 0.219925575905694
0.378494489734797 0.290469695779755 0.142309618824308 0.188726195661139
0.13051591773775 0.0930856520543225 0.470122662392597 0.30627576781533
0.0656606521737773 0.0845122408905884 0.445714558086849 0.404112548848785
0.375448903328374 0.244427320120236 0.170919868491104 0.209203908060285
0.221361959383431 0.339861448552663 0.0818829695957906 0.356893622468115
0.384641070367727 0.0159877571949558 0.423044982997732 0.176326189439586
0.382311826254027 0.313686978795756 0.236256633436817 0.0677445615133995
0.204238682315186 0.174386149453214 0.374136549736893 0.247238618494706
0.139797906531978 0.341020867244242 0.197395065175757 0.321786161048023
0.303942200353618 0.0298575422561718 0.180294569203988 0.485905688186222
0.293413534154406 0.269897628491288 0.0984305174551314 0.338258319899175
0.00579766220500938 0.345817318218391 0.232934653562409 0.415450366014191
0.208249028961789 0.221230643321149 0.371551050539592 0.198969277177471
0.346533395603381 0.23258270415777 0.297067905521155 0.123815994717693
0.388778188778918 0.25845749162433 0.154712707536142 0.198051612060611
0.0131903706001508 0.110421191089939 0.317317077482486 0.559071360827424
0.579042384879533 0.0459019788563719 0.0791204144293486 0.295935221834746
0.226310116707758 0.287087870665629 0.114791224105875 0.371810788520738
0.277362926696243 0.0123445658424024 0.235142988290672 0.475149519170682
0.0354796421502454 0.190167931487212 0.491845944948004 0.282506481414539
0.370552912839819 0.0668851431095342 0.284389366312094 0.278172577738553
0.268375886816078 0.16618986876523 0.212788945002 0.352645299416692
0.0892165196580009 0.426267146459403 0.187047319720137 0.297469014162459
0.141744426500631 0.381369053262793 0.227216294930527 0.24967022530605
0.270577328099565 0.0565379284307002 0.257726845752354 0.415157897717381
0.461524757661886 0.161069117553617 0.127308172782284 0.250097952002212
0.100208420646148 0.166970152747529 0.318974153950144 0.413847272656179
0.0276021230346399 0.449576771351527 0.0894645131730402 0.433356592440792
0.0978070650111652 0.119005124842105 0.284056801837316 0.499131008309414
0.191602300515761 0.276496390158642 0.237052177471368 0.294849131854229
0.100402342013222 0.320910570428161 0.343160875020934 0.235526212537683
0.03598470362807 0.267391864779174 0.395677500457939 0.300945931134817
0.303647233484666 0.26728016654438 0.296690760289436 0.132381839681517
0.231261354156499 0.217690218718397 0.193337412695773 0.357711014429331
0.341058557720998 0.14419610085357 0.367457906865284 0.147287434560148
0.39630925985969 0.172447735242426 0.395097174381731 0.0361458305161529
0.149054583735563 0.210780326942203 0.302847105765916 0.337317983556318
0.341039623462007 0.11798837184635 0.244055264703618 0.296916739988025
0.264109026833492 0.442409463228526 0.245835252071579 0.0476462578664038
0.0556343512815491 0.273480859620579 0.351151500645612 0.31973328845226
0.371604659007541 0.446140181916827 0.00810076707912207 0.17415439199651
0.17860444636726 0.241496456469146 0.391316587844036 0.188582509319558
0.369006345461195 0.358748124120289 0.020194772216725 0.252050758201791
0.360859743260422 0.383202232411831 0.113293096776812 0.142644927550935
0.0691409463302532 0.279873774656431 0.584817357687157 0.0661679213261594
0.0177771424176304 0.3415884822297 0.489615509489358 0.151018865863312
0.213355294968965 0.335042047805821 0.226770683415682 0.224831973809532
0.300597058722014 0.302907673342121 0.0180874417302847 0.378407826205581
0.219379522036767 0.455683851519068 0.148195505334268 0.176741121109896
0.046172073535209 0.313718732901545 0.440454636163023 0.199654557400223
0.0122889837492339 0.369574778856101 0.315412399728769 0.302723837665896
0.260022994052565 0.387775169266561 0.344663609201582 0.00753822747929201
