0.248356808580954 0.0834161901318748 0.302729069829064 0.0565681811849628 0.0288735355394474 0.280056214733697
0.208740315753013 0.110922882824098 0.253582913442603 0.0904745435880523 0.310487880284986 0.0257914641072476
0.563144244047648 0.241580325468979 0.0247394023164308 0.0339940589269111 0.075171337216118 0.0613706320239126
0.0231092186399036 0.358099128445498 0.0539693383507768 0.152546826043285 0.115724883069901 0.296550605450635
0.18033051924731 0.267141455233454 0.172287366957385 0.0368028906274896 0.0749709514410094 0.268466816493352
0.141769881879955 0.16811595738652 0.248782403847347 0.232594486121925 0.203658362299173 0.00507890846507893
0.305609050021847 0.157589536417941 0.0611930892328712 0.288886847790492 0.137300045018695 0.049421431518154
0.0257377319859066 0.0350365183441479 0.203005980784671 0.177704862229566 0.316530735190295 0.241984171465413
0.0134257384763969 0.0419674497947213 0.0304627264299622 0.261320907231657 0.273451848556971 0.379371329510291
0.049620720870096 0.252772411865747 0.135192487097212 0.0835109034547059 0.212177545751113 0.266725930961126
0.041420314910065 0.230606955598642 0.300733329370454 0.0612453601945384 0.164506840715258 0.201487199211042
0.1769132635684 0.0864211458727266 0.111837831922788 0.153675697300559 0.375585941785634 0.0955661195498931
0.110372506654743 0.137016799238882 0.0264035281042535 0.35612383119324 0.155606099430908 0.214477235377973
0.127436003060381 0.218559475395081 0.0691178186900459 0.0429116623246667 0.165579685710703 0.376395354819122
0.147205531216838 0.0554009477226397 0.296095571644287 0.349003232935906 0.062457274062437 0.0898374424178926
0.223553560303632 0.222315078957033 0.142075863143428 0.262763236090775 0.0815506625257477 0.0677415989793835
0.0514815140328241 0.35365308926985 0.00094921220089499 0.255983697925131 0.216147678015938 0.121784808555362
0.00788411883820486 0.350564208545516 0.0206943593498155 0.521062242300662 0.0336546860837992 0.0661403848820018
0.278797662246017 0.060290972039525 0.158744639319495 0.129449931714489 0.255976877134597 0.116739917545877
0.292866595596886 0.186321883193087 0.0398848396661045 0.00732377824470607 0.201022165755908 0.272580737543308
0.15981457537659 0.000151837040202891 0.196738011211063 0.223867404131982 0.238995830123094 0.180432342117067
0.146296866532221 0.1482856132249 0.189177764503305 0.229147933207649 0.226389329949662 0.0607024925822636
0.0452429688455368 0.22679477669379 0.1693699128288 0.0744156642571378 0.251553059501324 0.23262361787341
0.331529475118706 0.150559698343246 0.158331009983892 0.065079092489467 0.282617619266293 0.0118831047983967
0.0820462849610227 0.0582000899567147 0.236700564904093 0.171970584187436 0.116582654593154 0.334499821397579
0.130167430893492 0.0473143751523978 0.130340756253643 0.191191133409707 0.249713310879948 0.251272993410812
0.100861298560203 0.181538727822048 0.17242731111528 0.0236194956990956 0.159804334798197 0.361748832005177
0.0924772931042705 0.0866148942149583 0.0651151912257552 0.360143675263832 0.0553685821015477 0.340280364089636
0.17663609234071 0.0744112992109497 0.531466448304145 0.0933118317787114 0.0686411272111387 0.0555332011543452
0.286959639867515 0.0762476640549716 0.287678152337421 0.286929476730589 0.0303535154321008 0.0318315515774026
0.204687366598432 0.131917186512353 0.232899214356449 0.122395750551919 0.295224303894983 0.0128761780858637
0.118228946313758 0.053456769256077 0.272706309489336 0.159692392556088 0.0965535922253068 0.299361990159433
0.335552831146717 0.0290021353715863 0.106323507950453 0.031963910365682 0.131039375589955 0.366118239575606
0.0242974598892883 0.180390710667966 0.138691540636449 0.152129205711042 0.217635937619621 0.286855145475633
0.162857524220065 0.112436617675507 0.142605182930334 0.0240733137770665 0.38012981733675 0.177897544060279
0.031635454300923 0.378281656540716 0.0409825496769224 0.23782745897922 0.181292206622161 0.129980673880058
0.0990251989536352 0.253691658029343 0.191203472196667 0.319843163313672 0.10851304823024 0.0277234592764438
0.230746296918426 0.240155268822889 0.15915023458924 0.103387606725576 0.143937544384593 0.122623048559277
0.401125669002155 0.041590679848321 0.0175141055901331 0.028112990601029 0.36705634517343 0.144600209784931
0.203496157737296 0.0481176404794779 0.216079088093174 0.194964706948216 0.143339422295447 0.194002984446389
0.128077879229625 0.163694493780845 0.00927226480155696 0.284449969328531 0.147726092194369 0.266779300665074
0.101090743370617 0.301021738396775 0.294180210110367 0.202054436970997 0.000399251298210564 0.101253619853034
0.125648891640371 0.318475590834382 0.0451119986457104 0.289822382071309 0.116500378717974 0.104440758090255
0.20970898235733 0.17927533160277 0.106823732604251 0.111527452477735 0.23374528157962 0.158919219378295
0.181486253300966 0.076685106389818 0.242001172442202 0.152978575359954 0.126853321366394 0.219995571140665
0.145022032777352 0.171267695845228 0.148151220613779 0.22137295836005 0.313514966689922 0.000671125713669675
0.0787133014796247 0.19442046880532 0.0655945263090778 0.240137314587297 0.191949244375191 0.22918514444349
0.268783482193186 0.140153135501253 0.21667446935553 0.0556653431364793 0.186430337540231 0.13229323227332
0.211219648306213 0.200514281401403 0.104965473238749 0.265762556894368 0.0885042756236593 0.129033764535609
0.0834680800076728 0.0938880191453485 0.174307258747694 0.28761076991258 0.244035015270349 0.116690856916355
0.170710485215399 0.171536596848655 0.265183116515888 0.00693956268247031 0.172291342568013 0.213338896169575
0.192027927237688 0.279732854636247 0.0340716245071948 0.186759319061879 0.148159092875135 0.159249181681857
0.00810358153745193 0.307593655066557 0.123960807001344 0.163879553508343 0.110471235679518 0.285991167206786
0.0607258050916216 0.132986563848266 0.288393808613367 0.308923700101937 0.107404564889036 0.101565557455773
0.0359284057003128 0.37020236080111 0.0821655944523812 0.0382896264600974 0.268172811589372 0.205241200996726
0.221008721936914 0.197239903471213 0.059426425543765 0.29259614959602 0.0729766304712237 0.156752168980864
0.139181174572758 0.142861551389273 0.0746393286119131 0.29452678584692 0.0449629279140925 0.303828231665044
0.0199274889756179 0.00249111525761173 0.205578829832627 0.375448272656769 0.00778677704838182 0.388767516228992
0.1040071229629 0.290863914398078 0.0891615160890054 0.0935945590911013 0.28583967897245 0.136533208486465
0.269108008529579 0.189811847529172 0.427856812416372 0.0252198368745494 0.0731580466856129 0.0148454479647149
0.214681416572768 0.0113657819967101 0.229317197617516 0.239608321055557 0.262542478381122 0.0424848043763272
0.123586868545733 0.30687729225178 0.0774198973907666 0.203130260517123 0.0318063450894993 0.257179336205099
0.052925341553817 0.254232196170977 0.256256177543674 0.214920447830678 0.00541566123609861 0.216250175664756
0.228947380983203 0.00452641863229959 0.0459606135055544 0.159375943458627 0.303695598346589 0.257494045073727
0.0260926045334101 0.00708853308626128 0.0147158800575044 0.196371164649575 0.316309664245516 0.439422153427733
0.0440650345137332 0.0786315260103316 0.153009440141877 0.233343095614822 0.236228908932995 0.25472199478624
0.125357337519449 0.0456712653379041 0.251128072087091 0.139649000999432 0.2489437664106 0.189250557645523
0.011353817493701 0.150818783734832 0.216820466943486 0.152743147861485 0.239212872936953 0.229050911029542
0.280609901711533 0.104772957958183 0.117863030448409 0.244464749995554 0.17460273352374 0.0776866263625808
0.167697266042605 0.0457476700122839 0.0466682944767538 0.199241857495561 0.267648343975083 0.272996567997713
0.112483357557449 0.238113584207399 0.146369003138367 0.12897564607642 0.22518902112576 0.148869387894604
0.27848736812411 0.14672713549984 0.116373129328148 0.0591067190304216 0.237593612854478 0.161712035163002
0.0917502779078014 0.112629852988487 0.169038599714059 0.279362638219831 0.116688747106238 0.230529884063584
0.160311576793594 0.0552593313765839 0.255113787708252 0.315565469212842 0.16916770967146 0.044582125237267
0.1583775494476 0.167158222343298 0.224250568898383 0.085557796063743 0.168446462432643 0.196209400814333
0.0074405118802912 0.0219407330228498 0.0709817518928693 0.325735096487861 0.14049688122302 0.433405025493109
0.195679183412854 0.200589636621079 0.137598340124695 0.213160108900368 0.0954553846383244 0.15751734630268
0.201983663831098 0.0106455990635292 0.157870648026548 0.0757892094138125 0.409287305942489 0.144423573722523
0.00390071581673428 0.122716947326067 0.148196410050975 0.367112239421904 0.223344136417921 0.134729550966399
0.261107553803024 0.231791008862027 0.00622106298494579 0.0625939246165781 0.174933108507189 0.263353341226237
0.0616295532570917 0.0165660082476608 0.338603484994339 0.299403641575189 0.0973261065185747 0.186471205407145
0.057877391748353 0.222821860923959 0.102420871300895 0.238685692817379 0.0920365318048725 0.286157651404541
0.104663584469275 0.0126034853491791 0.248060439169605 0.35039582210504 0.122155101928005 0.162121566978896
0.144725025730882 0.239779303376722 0.119850988409599 0.0928361604566431 0.153343604619398 0.249464917406756
0.120472242505818 0.29966247367835 0.0467525525214608 0.0321518691462494 0.22939181181837 0.271569050329752
0.204690251054376 0.22017701760767 0.209338833641468 0.18042388793788 0.132620499278807 0.0527495104797991
0.136206733708888 0.0320474837993671 0.30626935636569 0.174585737865177 0.180016639465329 0.170874048795549
0.226391605380492 0.0881602478298591 0.196739066415349 0.0178966455987572 0.22904299095269 0.241769443822853
0.0475610790428009 0.0338191801681648 0.0695427662456541 0.423495858563337 0.401857027535507 0.0237240884445353
0.0672389836310874 0.200457337819411 0.210073681481537 0.221495549956205 0.158884792334817 0.141849654776943
0.0676773247915219 0.0112101103547773 0.143976843713958 0.229361392978265 0.199329960406741 0.348444367754736
0.194732288310078 0.124822786884985 0.268541615599969 0.170040721167191 0.128672491312461 0.113190096725316
0.0962330702935456 0.239941289195621 0.0411080291566149 0.346161626623866 0.0511992726432664 0.225356712087086
0.161566083978934 0.180886202656203 0.18693321411996 0.142517044381359 0.137229370685351 0.190868084178193
0.207671352250909 0.234715915853857 0.205157831171199 0.00535520470658669 0.253572235367941 0.0935274606495071
0.185939226381436 0.0507374768006998 0.0340125080240665 0.24609223163202 0.240804471335974 0.242414085825803
0.222479712973959 0.164273631714298 0.158804173962252 0.247558484317906 0.00226293967996383 0.204621057351621
0.202080593035289 0.109266413063801 0.197769781508447 0.22192702564761 0.189219010151004 0.0797371765938489
0.458145672740849 0.0119449766704482 0.0190386479661696 0.30769506118259 0.0708629711299272 0.132312670310016
0.113623594885908 0.213026508832108 0.24357266427412 0.0543829516477995 0.243860797762341 0.131533482597722
0.346966140037956 0.210777230251685 0.241126744913111 0.0413121171560172 0.0452906402281927 0.114527127413038
0.146068457044067 0.160538950254661 0.0921108224922793 0.284715590099484 0.0215995896426875 0.294966590466821
0.299235783730057 0.101432988989515 0.336589854023497 0.146943211875788 0.0374927446086013 0.0783054167725415
0.0987871306064427 0.237772501482148 0.218792048933534 0.0383867760783636 0.171771112332042 0.23449043056747
0.204255225927118 0.168966451886288 0.226717750349792 0.0458674052963616 0.0112415713434408 0.342951595196999
0.330644576913204 0.202058167426451 0.235619834783636 0.191855152227762 0.0151990137512323 0.0246232548977139
0.081139193574826 0.242706085480787 0.221112824353175 0.0824463008889463 0.191328764442929 0.181266831259337
0.299191839290325 0.097398286313612 0.0783077435334005 0.0951252920230189 0.203475274661253 0.22650156417839
0.196985012354922 0.0884389328485082 0.193090522114199 0.264455190795887 0.0487587664912662 0.208271575395217
0.145194033935674 0.32535691506685 0.0932407683462297 0.239928643978482 0.0576475485742422 0.138632090098522
0.232333735047842 0.135290915242926 0.107277942121785 0.221598020999254 0.117906837711442 0.185592548876752
0.137310498240724 0.0295762717190226 0.127397747399904 0.260413494792559 0.243837563042034 0.201464424805758
0.037540858340863 0.224090980508148 0.214776758590076 0.217951403823811 0.0984078837751231 0.207232114961979
0.00069740080553893 0.249856871612745 0.382424806738905 0.104792011938085 0.112855502287197 0.149373406617528
0.0704280322490913 0.196464667194492 0.134409337040268 0.301511045280267 0.269219550170908 0.0279673680649736
0.265227384903231 0.126489841726181 0.407083796639857 0.0698945255328439 0.0170504446506053 0.114254006547282
0.116880692248632 0.188241043788372 0.102174677925417 0.185759280508909 0.219326610880924 0.187617694647747
0.254220196684927 0.336929691597816 0.109360815514819 0.0740024009004 0.171612255840176 0.0538746394618624
0.33833155583876 0.080512304716025 0.294233907931052 0.173646358818424 0.0385557587249083 0.0747201139708311
0.315479655158825 0.0368746810825408 0.0249573456835927 0.165818406278972 0.178281059863645 0.278588851932424
0.0992262226550285 0.118942979732478 0.211212267330431 0.221296692682806 0.138761600459173 0.210560237140083
0.251509503164538 0.177865433549058 0.0183141396878184 0.129047754641213 0.107594230027109 0.315668938930263
0.180401696545173 0.169301516886722 0.278126909117079 0.0177531689457042 0.232947156165474 0.121469552339847
0.185233324703299 0.211486848773327 0.0566516902089068 0.232741203230722 0.147726770241096 0.166160162842648
0.109799916841257 0.00197611668768498 0.404287628801442 0.19406925004004 0.224229643855814 0.0656374437737626
0.371421891464557 0.17670358852531 0.351258447279021 0.00109390087148898 0.0778906789838024 0.0216314928758197
0.149014591806419 0.164596753328347 0.177449194855302 0.289020107105825 0.0772502758001905 0.142669077103917
0.286489100801339 0.26715233372829 0.236580347556613 0.0369735427758173 0.136154999541 0.0366496755969406
0.140805110725939 0.0374900049178212 0.199728233279383 0.0968017738473889 0.271041475850283 0.254133401379186
0.264485633258396 0.0739207400473044 0.0991396427934809 0.0636983190947484 0.325291934136776 0.173463730669294
0.208908308882418 0.196632882146273 0.282258003681006 0.0791277958326214 0.0326342586270866 0.200438750830595
0.164736046031886 0.376670117644122 0.158761213360362 0.0517289491562928 0.19459840501997 0.0535052687873672
0.20095426810771 0.166518772240957 0.167083592240218 0.157618483012266 0.261177732222912 0.046647152175937
0.297138611715297 0.173968409150994 0.0495698416687712 0.272083875446278 0.16771434908578 0.03952491293288
0.0962843815423797 0.0266710796298937 0.170503090592842 0.301922983199906 0.202810258485853 0.201808206549126
0.109857100671727 0.209535935216633 0.208735282960237 0.192027247477473 0.120988319593495 0.158856114080434
0.160012466476778 0.0523412677295145 0.29471981730504 0.0489142972300751 0.30658362435291 0.137428526905683
0.213403464747073 0.0609341881391408 0.18753963906868 0.0675562219995047 0.0980942205159008 0.372472265529701
0.329493207422946 0.206333135496184 0.0660944768236724 0.0575571743299485 0.256401544064548 0.0841204618627018
0.359992177001556 0.106814833360313 0.0550918039003927 0.0377847199283779 0.212478201318796 0.227838264490564
0.221518677904547 0.176690969716395 0.135299671743267 0.153363039068976 0.146262368000905 0.16686527356591
0.130268298604752 0.0722944520254416 0.171574360485036 0.242555969020403 0.187632290887946 0.195674628976421
0.178920798653513 0.343664686648327 0.297357434152072 0.0131873790476368 0.149599809869254 0.0172698916291977
0.117954637958849 0.264286845094748 0.042596336467036 0.19281786223567 0.30552273953124 0.0768215787124576
0.0849974139422136 0.0929884344045448 0.246905749506277 0.0075710001128294 0.286258329707468 0.281279072326668
0.0371008796188664 0.213819475679901 0.0239303037447549 0.0955357066828379 0.343889958896766 0.285723675376874
0.301894008704952 0.0945021980255756 0.287895323950345 0.193221549807696 0.0908829934512772 0.031603926060154
0.205534476866033 0.12765469634933 0.285834328245436 0.0052665512957425 0.20725680317618 0.168453144067278
0.150821154840927 0.169869645255142 0.199484090244983 0.247091131652604 0.187692676031349 0.0450413019749946
0.017205244276202 0.0231877549049211 0.343224155835042 0.23343944270302 0.0376027582937582 0.345340643987057
0.29319225167208 0.111698072722056 0.398617969035203 0.128436820089385 0.0100847643822722 0.0579701220990035
0.0277805449980973 0.189148569839125 0.191505567549265 0.126902503064328 0.227034766085572 0.237628048463612
0.161590291194672 0.302462093622851 0.0672502657535169 0.183638291163739 0.0447086527994659 0.240350405465756
0.0901475671193327 0.0971330318363066 0.268103711560855 0.190982260259116 0.0960310373055098 0.25760239191888
0.0182507655070192 0.0787435908112468 0.28528861305781 0.156632944135091 0.187578127613907 0.273505958874926
0.148712726589031 0.083391517175607 0.128351093164438 0.185380700151421 0.236357236920463 0.217806725999039
0.461148697802046 0.0219297159802417 0.055968585799428 0.0204331897154095 0.121449140326799 0.319070670376076
0.117161599663224 0.258973203121968 0.00507003917205904 0.204613782966183 0.184891133752828 0.229290241323738
0.0237922345210504 0.0740595766750533 0.29016270642604 0.282253430963415 0.20253091382166 0.127201137592782
0.277109475257423 0.057927324778212 0.147753282654436 0.206985815940145 0.175788958959944 0.13443514240984
0.141800573555891 0.242412337405405 0.0790253817046527 0.257718168217633 0.140870877264681 0.138172661851738
0.186697419375185 0.153274110691771 0.303792192910398 0.0383295135262732 0.229670618805506 0.0882361446908672
0.173448285609335 0.00319514357043143 0.2969463798899 0.145273591252444 0.296257595367475 0.0848790043104148
0.0374974791529382 0.262887886133481 0.268407795938154 0.145280806180603 0.0446482342726414 0.241277798322182
0.0783524439234657 0.242201559588419 0.0050753920635644 0.293277029671751 0.266076710432713 0.115016864320086
0.275903624507149 0.21521351104022 0.323683449513088 0.0587704365370488 0.0744655356160377 0.0519634427864566
0.236963156024559 0.272398777281892 0.216108674229532 0.0476304694322997 0.206232730588943 0.0206661924427745
0.280510696456354 0.355350784857518 0.114180987772133 0.0494983203410668 0.200130138298688 0.000329072274239854
0.158139299218226 0.296309710354106 0.134253339251285 0.308376951090117 0.00219097356855259 0.100729726517713
0.31160738588683 0.0117730616551631 0.21136103658593 0.118102080667646 0.211958868286613 0.135197566917818
0.0957766341695918 0.215477888895992 0.207540264497417 0.170876573686189 0.236825212453763 0.073503426297047
0.0260766497067949 0.198428230251782 0.297003507924632 0.226522605896016 0.0954743375338818 0.156494668686894
0.207754406365043 0.265635924565652 0.0945977591654479 0.0815046229411754 0.040874786840701 0.309632500121981
0.0482851500498238 0.3826743425809 0.204556882179989 0.287562913333464 0.0111976649650768 0.0657230468907469
0.0502650866795193 0.154124831385016 0.247725560274572 0.159214696398354 0.156049532224142 0.232620293038397
0.166978549421916 0.189273061776514 0.214669610655264 0.271545631176919 0.0121328539019396 0.145400293067447
0.221922768916196 0.237165529798746 0.253998656840077 0.0885525919253197 0.0916530319630792 0.106707420556582
0.019580858054592 0.0312752300208101 0.0472425747005296 0.0106065331666647 0.543954859533418 0.347339944523986
0.126734096606787 0.23861514996457 0.114100222663834 0.147131653967388 0.267450600576115 0.105968276221306
0.145043444189398 0.164538539517555 0.249903589275385 0.290237408158773 0.118013781531576 0.0322632373273125
0.149498001561239 0.247255359194303 0.18910452154769 0.174543295404787 0.00193434279627185 0.23766447949571
0.279509568316793 0.0194554601487334 0.250105212902888 0.2392550994422 0.0213554384587649 0.190319220730621
0.160813926810468 0.169050174827317 0.100876789088359 0.213608131653445 0.157818694687529 0.197832282932882
0.163243617937042 0.373284175139225 0.052625116238116 0.0291913383269327 0.105344003823086 0.276311748535598
0.235698949968117 0.263843955569547 0.146343744665708 0.232756924221356 0.0871944260292462 0.0341619995460268
0.0185297673530445 0.273189356029677 0.03428038858075 0.200894846128122 0.260341557454064 0.212764084454342
0.253621856582802 0.277698409884055 0.094976781778111 0.0719159947482139 0.182928840760094 0.118858116246724
0.221076836393549 0.03575397188839 0.136408447581879 0.258763389329772 0.214120195731928 0.133877159074481
0.0980091795718526 0.190848269208793 0.189395012334361 0.177750118905545 0.136475392922032 0.207522027057416
0.0866055973038336 0.180879442302808 0.187924710482507 0.172309797333575 0.191676816129379 0.180603636447898
0.198385282896376 0.159580976366646 0.130598041297987 0.169463234633155 0.181589101674672 0.160383363131165
0.207255026695384 0.0515132759716246 0.178055842378982 0.227673521754518 0.127534480454151 0.207967852745341
0.129239794034637 0.091548194399926 0.110295769473546 0.0582288116607328 0.304316146565065 0.306371283866093
0.211226925359624 0.222186210499535 0.193937857107507 0.116544830731468 0.0465932306749432 0.209510945626923
0.101952170799759 0.0551790910479678 0.276373147717248 0.0389580540756024 0.0155834861926607 0.511954050166762
0.244725090112057 0.135699205445935 0.197079572350934 0.188617879934732 0.0274932607226925 0.206384991433649
0.0335929791449652 0.0798782517877352 0.270039349201463 0.254913146640917 0.22625819726579 0.13531807595913
0.1519042318211 0.144901563722202 0.304423865817145 0.0355632538356049 0.320857894621132 0.0423491901828157
0.250304430571328 0.186536634305512 0.113712566488063 0.078180450805769 0.0309526291014076 0.340313288727921
0.0250954547111862 0.0676723891797106 0.326465333463375 0.305499883013485 0.00170998817852077 0.273556951453722
0.184218819774177 0.215238405853767 0.0325015785637035 0.196238604782977 0.2133888677864 0.158413723238976
0.313791642755085 0.0278973399147972 0.187827985581428 0.155503601748383 0.137071901391759 0.177907528608548
0.442877374944647 0.270728184047377 0.00563469985025174 0.00329254610587196 0.123856805328743 0.153610389723109
0.0817975361147676 0.262644306791951 0.105579001280178 0.144720886165911 0.131676296163293 0.2735819734839
0.0843370337684079 0.234357412699976 0.0847089560523331 0.0989826975018892 0.0806813021334994 0.416932597843894
0.188105403185195 0.103064326270444 0.199666268327142 0.317767149293066 0.171082818723162 0.0203140342009908
0.315488178930928 0.00238371270014351 0.0166222893829906 0.147250590445619 0.36802987327851 0.150225355261809
0.280956485744115 0.22970857288187 0.25089865306908 0.0331772028645184 0.170006340518659 0.0352527449217573
0.215806522448875 0.0754539471670371 0.24526046864095 0.0591462054081213 0.169278810055591 0.235054046279426
0.0581988108720785 0.0237367862595847 0.0972719237634114 0.341663456322771 0.227320798343757 0.251808224438397
0.185627151394905 0.237344362016024 0.0065982783067665 0.109166683317647 0.14851242730869 0.312751097655967
0.0892836453989773 0.186479862558913 0.197697766631978 0.262091393783268 0.0929140929496874 0.171533238677176
0.124909632051804 0.254643675949149 0.227144068805058 0.232083924944824 0.083784144416576 0.0774345538325894
0.277638684454938 0.208230094065419 0.00901579325516252 0.176390773075102 0.157191732362358 0.171532922787021
0.0443048585950065 0.28510090722685 0.0305321026877894 0.243810650515722 0.342084704321989 0.0541667766526437
0.24849214013471 0.114983581130372 0.0901341762896252 0.108569622071449 0.226138129965454 0.21168235040839
0.179424936139405 0.217193248907551 0.23369926721761 0.137186560068427 0.186629142099208 0.0458668455677984
0.0878489273923997 0.170732022148393 0.217428489466877 0.224031556640184 0.203372879113907 0.0965861252382391
0.106806121925767 0.122223706875191 0.240549334280417 0.251555817732863 0.189276457450837 0.0895885617349247
0.145031568024693 0.138471196162445 0.197876236087044 0.045845818258258 0.239001543942557 0.233773637525004
0.148621590718892 0.0325387600577267 0.102410957894056 0.0101540594313427 0.339622940778083 0.3666516911199
0.357954948205084 0.318010322666061 0.0443299380257086 0.0431335360862195 0.164210877650233 0.0723603773666938
0.152294385144195 0.0121880810449149 0.262697854641133 0.29143459518476 0.20705482715075 0.0743302568342467
0.334180200358394 0.0603708493515492 0.221512462312518 0.00164828861114934 0.279711251131979 0.102576948234411
0.264763375097085 0.0253633891071478 0.138615440910911 0.147909806024888 0.187781979470315 0.235566009389653
0.190886317996607 0.0761193025543028 0.436164347937076 0.0565848250387336 0.161013300091599 0.079231906381682
0.158801187736862 0.0830613331295953 0.24664716273629 0.269864122386969 0.169115711708831 0.0725104823014525
0.015145359106753 0.191044950986091 0.241324362332448 0.270196653846129 0.270081659266322 0.0122070144622571
0.114370535903741 0.209160216953549 0.216511858054635 0.182112604460836 0.197210588012576 0.0806341966146633
0.22142262891641 0.0527732606564797 0.266086706766117 0.00274986621920929 0.0894549079743809 0.367512629467403
0.178735731103903 0.101332273635035 0.023901761471341 0.253176298356892 0.164639084339991 0.278214851092837
0.00938131661407192 0.209268763590973 0.346012563669637 0.0951788533837013 0.251916314525473 0.0882421882161438
0.2152947074979 0.0901900413522027 0.0979331861957983 0.325059922789058 0.0291594041501834 0.242362738014857
0.203676510845829 0.0913091533957638 0.223238674914543 0.317064748177899 0.0798370157655348 0.0848738969004305
0.325785309869979 0.0321605148527938 0.250316713615412 0.221598863269534 0.144641046877274 0.025497551515007
0.239905807250866 0.258826774071642 0.097348619374409 0.233949972838269 0.131987215602324 0.0379816108624904
0.303253930873051 0.172301592134215 0.202419846032607 0.0533967811504636 0.221536935277978 0.0470909145316862
0.124067876676634 0.130908283315257 0.193611238369227 0.196158741438993 0.197804968496342 0.157448891703547
0.0609584071458885 0.375305993050698 0.265819181564555 0.10256062307721 0.0564493354934408 0.138906459668208
0.0106385936240078 0.0844505937474619 0.0841679887307505 0.320336166816434 0.133859607934771 0.366547049146575
0.0486464652884184 0.0329484584992124 0.237809014644962 0.209683298711785 0.240719996417588 0.230192766438034
0.14171393676624 0.117478751034624 0.142708427437225 0.198214717567544 0.320758900041654 0.0791252671527127
0.148224722351833 0.111152655845928 0.29291031165526 0.0963499585283088 0.00809304083256568 0.343269310786105
0.111356046286774 0.106240641810974 0.0487758048346998 0.260743021839028 0.244361919921049 0.228522565307475
0.0242166600040665 0.288558435326667 0.278994011937952 0.19046731589489 0.00674808109346617 0.211015495742959
0.0912374486903382 0.0435674663062213 0.296098426403471 0.230861370700001 0.0254422901258658 0.312792997774103
0.206153537546451 0.105797221173317 0.254591213884948 0.0290728981906441 0.202803415895248 0.201581713309391
0.202597381861057 0.328708894489347 0.284654254645972 0.0817507172794291 0.0486838838651662 0.0536048678590293
0.00154636779772192 0.300626751976974 0.0652231119409747 0.251284491005111 0.349862515403701 0.0314567618755174
0.161689681800784 0.180050622836056 0.0883010787135713 0.103670000253848 0.30491526395813 0.161373352437611
0.187519463691554 0.236385884752525 0.176075590307668 0.0888279231629635 0.068226956059656 0.242964182025634
0.0344949840732866 0.144848513078654 0.128798856601412 0.255323707699793 0.226055380865603 0.210478557681251
0.30348996625347 0.142976762277901 0.181432383887554 0.201915762530588 0.0436940143915553 0.126491110658932
0.12552246087691 0.325473270058673 0.0150920295474128 0.267367892594806 0.134387659588 0.132156687334198
0.392625152615144 0.00921037930793788 0.458303801623002 0.0920155511970203 0.0224991667676344 0.025345948489262
0.0687553078753862 0.182186104447246 0.194861596863048 0.169332078115888 0.180373844816312 0.20449106788212
0.285396823530082 0.137618740400244 0.108422730615057 0.0941833610304453 0.303049357977285 0.0713289864468873
0.0801821009612633 0.218846807021835 0.225258105197337 0.239288329771837 0.182438083459436 0.0539865735882914
0.0976274584904232 0.0826183171444692 0.429817477823164 0.212238955063195 0.0737172638365375 0.103980527642211
0.251161288259079 0.3087310001236 0.0730938854953121 0.0313302194092515 0.155162933144204 0.180520673568554
0.123603560042185 0.13537127127174 0.312921257142871 0.180199765780748 0.0785611679454356 0.16934297781702
0.0298120944509175 0.266683546537672 0.200470545017835 0.0575856359782585 0.397596522819096 0.0478516551962218
0.190755223921157 0.114319188637961 0.125852331214187 0.260686897345911 0.0283192215324334 0.280067137348352
0.00926333322763459 0.234207225049068 0.231528300368024 0.230595938821528 0.120798868197328 0.173606334336417
0.0940979302866226 0.0482090400809919 0.0228888030888462 0.316305185716565 0.153480448217108 0.365018592609867
0.25366997282334 0.252641869202806 0.0683411767088236 0.230669501440708 0.0717749865014453 0.122902493322877
0.192806628340224 0.0262400570914065 0.262260120943067 0.280952102048126 0.19651926472797 0.0412218268492059
0.119334490613845 0.269178051515966 0.158486164564383 0.111093305280991 0.211997194811808 0.129910793213007
0.186810179278315 0.121660650921222 0.12761694375809 0.186451371632689 0.180871064790181 0.196589789619504
0.0143199979390472 0.0142312921852995 0.175365236170697 0.212975610575653 0.198584778795847 0.384523084333457
0.170737127467004 0.221950091146562 0.182320969128634 0.11326818075472 0.153616275423156 0.158107356079924
0.127518963168368 0.174223620153359 0.0546232258631912 0.310208185986931 0.146383991699486 0.187042013128665
0.0965692477781194 0.222100291462452 0.210486538261756 0.142363861379931 0.214558850052767 0.113921211064975
0.12055499803568 0.311140456148021 0.277821073604156 0.061255910159024 0.117026937592837 0.112200624460282
0.175556220824835 0.23881985463685 0.124258017270486 0.153706150014322 0.107705474625551 0.199954282627956
0.166790542768724 0.138430661972065 0.214735974587771 0.260980660058477 0.0215314516753323 0.19753070893763
0.302085688898756 0.249794057611646 0.067356955906137 0.170802722723054 0.016125668883027 0.19383490597738
0.102424020527955 0.151225861084662 0.245444078164154 0.131875171209268 0.133913359351352 0.235117509662609
0.0866433904809368 0.156302355714265 0.0514832299993824 0.435706908925413 0.219748884603894 0.0501152302761089
0.173174231130185 0.0081999693214066 0.304460166027293 0.162127633465344 0.288970551584773 0.0630674484709993
0.111465664047879 0.146301457163629 0.0828826995236551 0.211229300456531 0.188256660536016 0.259864218272289
0.110003648219264 0.0242586771207533 0.459075999339348 0.00728942127062997 0.317004884314632 0.0823673697353726
0.195451397607411 0.203043845815928 0.252445847497903 0.060764806305817 0.19577047815857 0.0925236246143712
0.172336919730573 0.0438743569136204 0.151410509868306 0.0107291024155947 0.258193387434282 0.363455723637624
0.0121097197460263 0.21291883559419 0.201956222844888 0.188939036532604 0.109874066230397 0.274202119051895
0.157729558226806 0.037125649772454 0.101987153494874 0.346733506630465 0.267164770877688 0.0892593609977136
0.0749912442771169 0.0604973236292021 0.220066262850044 0.20881395459097 0.184773346800988 0.250857867851679
0.206817231469772 0.191788249609864 0.194652304087754 0.189734340474928 0.0495129627387525 0.16749491161893
0.0397074007087182 0.230551403793219 0.295503296211304 0.0847312561102611 0.293773773295089 0.0557328698814083
0.221601611580327 0.173026424398209 0.0943205328449405 0.15077527705547 0.0356794882494993 0.324596665871554
0.363125252216679 0.343724632958334 0.0062134098733972 0.146677351992808 0.0323326126145069 0.107926740344275
0.193352072319972 0.163055826903337 0.0492920713412566 0.218149517251792 0.175100527759325 0.201049984424318
0.421886297461111 0.231031234245115 0.0201106060059087 0.0641937057662695 0.102083193361325 0.16069496316027
0.151640191255675 0.0401593604520295 0.0634705190661407 0.139872762900507 0.149314475359039 0.455542690966609
0.208543162534041 0.139274337780638 0.181083700700472 0.10290449898529 0.246458095473923 0.121736204525637
0.0546187514004493 0.0757810070993893 0.221489782283586 0.203147957441698 0.209152511061934 0.235809990712944
0.216237701336582 0.296632659411943 0.212517657009251 0.0643876494072987 0.0611887002457941 0.149035632589132
0.0443413331029627 0.196793605347678 0.331176699577554 0.0629221075420206 0.182533744815083 0.182232509614703
0.170714197662781 0.0647613301849696 0.217131916176197 0.250995706951491 0.0805679326567439 0.215828916367817
0.132316406493063 0.0162380544221097 0.121339049181379 0.445583400440153 0.111549429612934 0.172973659850361
0.23562935159797 0.197367773584948 0.107143680854768 0.198561150676221 0.14652535635304 0.114772686933052
0.174899912274089 0.00898456341170745 0.331766888157574 0.0747085231909446 0.171451383731327 0.238188729234358
0.00777802648886312 0.21276640339999 0.286840790002488 0.297749263280561 0.0310257996044419 0.163839717223655
0.18519323176268 0.145765357665167 0.183932844214223 0.121793231593118 0.188610141554896 0.174705193209916
0.176958668687052 0.0516948412137272 0.268933338192022 0.149592858933409 0.151336190435976 0.201484102537815
0.107290692773679 0.134495698933288 0.00882817311774173 0.262874481576473 0.173806340640971 0.312704612957847
0.18967259437136 0.0555463173841625 0.29034005389801 0.124682229719596 0.284062559600049 0.0556962450268224
0.177542692743266 0.361244432415688 0.125649428393179 0.200026706336278 0.0491907835067698 0.0863459566048187
0.380574285489565 0.0574420036521248 0.360302909386376 0.0430632931057259 0.137416068562288 0.0212014398039199
0.0990501468456241 0.0376763307955495 0.118627424118098 0.00374164552664562 0.381822554265216 0.359081898448867
0.14588062234338 0.200981685060143 0.20197270622925 0.0940892173917727 0.286509793737325 0.0705659752381293
0.256801686281735 0.123585613505484 0.276052062578125 0.162172533116364 0.174194270793868 0.00719383372442438
0.111703132231539 0.237177012780253 0.166871995921697 0.176582944602755 0.200711080058588 0.106953834405168
0.110367937754594 0.291336598915102 0.284253628367026 0.251420807412436 0.036948915147991 0.0256721124028502
0.143125629360844 0.236384089491977 0.0164632201979229 0.204365425327163 0.156902659295577 0.242758976326515
0.25101182188485 0.0285853795159184 0.183592507025207 0.252726498282691 0.178497174237394 0.105586619053939
0.113064228145867 0.111906080248014 0.243372713669879 0.136203841311267 0.215192356764493 0.18026077986048
0.089107924001515 0.211046080623436 0.17080412481786 0.213180337026683 0.185656790912476 0.13020474261803
0.181411566650208 0.201767776262902 0.179555803512313 0.140431934063701 0.219186634507374 0.0776462850035021
0.153065462627757 0.0580590036550372 0.217936903559637 0.093120499886361 0.257196968988826 0.220621161282382
0.13057360424395 0.125154612387053 0.213896524898003 0.0810486350377422 0.315640606335173 0.133686017098078
0.273150821335592 0.258648882078071 0.109471096067896 0.0236404578401546 0.056252208172491 0.278836534505795
0.290003570106003 0.277469673039245 0.097489134923903 0.0229398444829463 0.192463041796653 0.119634735651249
0.0515174711730451 0.294591715423126 0.04955288921175 0.22289983222836 0.0896711602297242 0.291766931733995
0.173846905338418 0.00857093354352162 0.183212830728906 0.019534945364834 0.35302328452673 0.261811100497591
0.140714236472674 0.173877196398096 0.25313012463418 0.0145586522928475 0.295824084326822 0.121895705875381
0.087385404388988 0.173895430722374 0.0869681757409003 0.206054865960006 0.251709543969205 0.193986579218527
0.163944145024098 0.123438622120293 0.268382920154531 0.095674702748109 0.241065173839039 0.10749443611393
0.338757923988244 0.0861308874845501 0.112130503026611 0.191029764165698 0.223472542619753 0.0484783787151437
0.0338613613694941 0.127906355241954 0.148378574230601 0.268931879589188 0.290685469855271 0.130236359713491
0.0668801097845876 0.242877017434933 0.203077967927134 0.0493604294480395 0.29483957500767 0.142964900397636
0.0449900389323871 0.0711416586634995 0.212445102404876 0.200532076159095 0.20178072102997 0.269110402810173
0.0293738132292569 0.0302509222359911 0.32339839808406 0.107335820820027 0.276250872575361 0.233390173055304
0.112101675551462 0.0841643269353503 0.25349975956119 0.162010774551105 0.184100681381295 0.204122782019597
0.219245169352682 0.127240867820056 0.12481952060435 0.181818134640154 0.161010042842913 0.185866264739845
0.298658237981211 0.166107185420701 0.342141354479425 0.0649526789489618 0.0912717406090281 0.0368688025606736
0.162565787039375 0.0938223546732321 0.204065439209482 0.143337838248068 0.254579996624429 0.141628584205414
0.04756151672791 0.391260408925591 0.227706239123446 0.180765497095688 0.0920471150088403 0.0606592231185253
0.376163678792224 0.273522656553524 0.20890734662705 0.0266276804813631 0.094335361616494 0.0204432759293447
0.195153273718982 0.0968368461765582 0.096134204374991 0.161894736335315 0.33071508753969 0.119265851854463
0.323100851136342 0.0129444227140055 0.0321425485477154 0.461459699103714 0.124559420517769 0.0457930579804552
0.306011875180208 0.266374241157838 0.210100619113062 0.101436831312045 0.0559820870179007 0.0600943462189469
0.142021118985261 0.132359584311057 0.294560808565044 0.0649178721530833 0.250181617488706 0.115958998496849
0.219236203657133 0.0388801148506284 0.145466784017429 0.0359843473154295 0.278838557853098 0.281593992306283
0.248853832502109 0.0655345667749466 0.12795208000064 0.239201205346426 0.069428540813045 0.249029774562833
0.26542252503393 0.0936703046125299 0.0641990363308603 0.362441141916108 0.091875123311426 0.122391868795146
0.121465155504655 0.226749747208291 0.0720310560730449 0.147062525013277 0.234263006494358 0.198428509706374
0.0830728009942733 0.188293683524329 0.179212820568684 0.219044846778932 0.0931312473767563 0.237244600757026
0.192768437876251 0.2689106758122 0.211634996338256 0.0124177760541073 0.0469738396858353 0.26729427423335
0.0205958731760494 0.147842750187339 0.276602585084785 0.326038503211242 0.096355285801883 0.132565002538702
0.169913098047133 0.250252173778623 0.0255724239811172 0.183654919241498 0.13295292611043 0.237654458841199
0.0941450134666213 0.159048798637131 0.228054436374165 0.00680386527687 0.304184628472988 0.207763257772225
0.123774197834792 0.128307754793442 0.189589743127465 0.163431970747214 0.16075224525519 0.234144088241898
0.233542797751925 0.245572623804466 0.174676568349444 0.0612369910891708 0.102309975224422 0.182661043780572
0.0684166757421002 0.218650196008969 0.225988662946748 0.220120891077948 0.179681019423038 0.0871425548011967
0.291991272044295 0.0836286535340388 0.215708264541644 0.270813952587272 0.0103982911504527 0.127459566142298
0.24606738993034 0.185444055976911 0.338465368288348 0.0898227135897928 0.00825865452008351 0.131941817694525
0.0916606294686827 0.0947645352302649 0.0813155917814576 0.588108753442052 0.013725727695584 0.130424762381959
0.269845586302363 0.174597998327759 0.180244717366418 0.033625311493217 0.191436832032623 0.15024955447762
0.193445590090808 0.0360347404807235 0.116702268219794 0.222871842660639 0.138966294322548 0.291979264225488
0.160868999343586 0.188015304607906 0.205020846520435 0.143046702897204 0.0888346844690018 0.214213462161867
0.128316097486617 0.368123114197974 0.0764322405264175 0.0494239206331548 0.0379118358574849 0.339792791298352
0.0968762519361351 0.0494710959819643 0.295071890490703 0.0467250332976925 0.285732642880106 0.2261230854134
0.188811157997688 0.145988767977141 0.197587016357294 0.144968023841924 0.193399862222704 0.129245171603249
0.292430594611233 0.104099902430446 0.269245946312188 0.157585342946245 0.0717075095305639 0.104930704169323
0.149924405964822 0.206254819712136 0.315130231661043 0.204953944891069 0.0048988240126272 0.118837773758302
