0.132187331238097 0.338174607179896 0.23082745060827 0.298810610973737
0.114015669006011 0.138957962695529 0.321447170005396 0.425579198293064
0.281417210731399 0.0985834631734367 0.326857996458476 0.293141329636688
0.350414088609724 0.258833037142159 0.246969357933743 0.143783516314373
0.00873896024801102 0.331201483394301 0.295232622329923 0.364826934027764
0.0879240278065559 0.285317546413559 0.337160728465554 0.289597697314331
0.222432720898434 0.299991200572888 0.0801733193766635 0.397402759152014
0.319289494737935 0.0880161333529685 0.355933125861803 0.236761246047294
0.295696571553391 0.0908484126115558 0.444039626898734 0.169415388936319
0.244043042660413 0.157305720351983 0.37233518561977 0.226316051367835
0.220375716793459 0.321180275555295 0.340556293427714 0.117887714223532
0.0356022983051171 0.421765716481702 0.39754618764572 0.145085797567461
0.160088556991993 0.301996157148278 0.242408734859112 0.295506551000618
0.24447179998495 0.0832317887040718 0.26495979781945 0.407336613491528
0.356842977261461 0.221066291398842 0.261329131844535 0.160761599495162
0.406528161820784 0.188842809158979 0.347059789944656 0.0575692390755803
0.263983635020188 0.342104846670536 0.236135677175409 0.157775841133867
0.401686822866707 0.0759322011376937 0.396845837821078 0.125535138174522
0.159851123317837 0.319162154116433 0.21437073377012 0.30661598879561
0.00399261706828981 0.398341762310424 0.364742427751126 0.23292319287016
0.359612766883413 0.363678821994283 0.238516946229271 0.0381914648930325
0.00237489508968411 0.380476894324362 0.285955477440188 0.331192733145767
0.360741530945342 0.246759172526939 0.26969651659635 0.122802779931369
0.0113499735944617 0.517075787324475 0.240294710399778 0.231279528681285
0.366062329036646 0.118906115212021 0.260589321062541 0.254442234688791
0.230012935599416 0.418842239553809 0.124759083095295 0.22638574175148
0.388804625342763 0.02703923820812 0.105289807103548 0.478866329345569
0.274446555620267 0.222071774275703 0.31238382068356 0.19109784942047
0.201364039076445 0.475136693541296 0.111475403863851 0.212023863518409
0.355014587086628 0.396874628471194 0.156488190581933 0.0916225938602452
0.271192981552911 0.0420700730786874 0.316084540759052 0.37065240460935
0.0621331659188597 0.318705058455831 0.331561534914482 0.287600240710826
0.391647280553774 0.157195541551803 0.405613717263015 0.045543460631409
0.381692420116405 0.223126893039906 0.134936529496453 0.260244157347236
0.339958856839551 0.0582123833051326 0.169156633154675 0.432672126700641
0.408460040491163 0.017438595778291 0.523445284653301 0.0506560790772458
0.0233335428931947 0.282161436000522 0.352609985626804 0.34189503547948
0.387023325859946 0.274715548509517 0.328987991308599 0.0092731343219376
0.256391514954536 0.252865297719319 0.27763172611415 0.213111461211996
0.0201722986270129 0.410605757741402 0.333645424533092 0.235576519098493
0.167545486139887 0.321816911652878 0.151884259853503 0.358753342353732
0.42093572424567 0.340688552409117 0.100297749387586 0.138077973957627
0.124072898994479 0.259418506551552 0.286015352774349 0.33049324167962
0.089033210845959 0.402316008308176 0.192408572206958 0.316242208638907
0.306851449673095 0.334651080515306 0.185584636243032 0.172912833568568
0.387522056240334 0.104941290710474 0.502035424115403 0.00550122893378772
0.21068213863656 0.322343989309336 0.309479176370065 0.157494695684038
0.368503016989115 0.180256426931886 0.404666588319948 0.0465739677590515
0.27281775109431 0.00706099520711178 0.357840054637536 0.362281199061042
0.566657401339416 0.00154079397964487 0.422068445552801 0.00973335912813811
0.222643596103666 0.116390261073133 0.175859592394222 0.48510655042898
0.0868683869529742 0.334439785749758 0.263055443458125 0.315636383839143
0.273002585277691 0.0350021145614208 0.394663101177886 0.297332198983002
0.207004335804375 0.289401826281939 0.302216731970479 0.201377105943207
0.192289133830542 0.236069378075994 0.00633203571556709 0.565309452377897
0.297146230268754 0.311544242095771 0.281188311963817 0.110121215671657
0.286749341042708 0.401387571818917 0.245288212478072 0.0665748746603037
0.460157287385719 0.057325952757485 0.169540665768036 0.31297609408876
0.482203973904414 0.0963319701339173 0.395354194244546 0.0261098617171227
0.0700361908645463 0.519499796209269 0.0605935963562913 0.349870416569893
0.232103952251542 0.281812800722539 0.188944670453109 0.29713857657281
0.401360953706678 0.139690294123677 0.393615036468323 0.0653337157013215
0.0479583105341595 0.439583342958662 0.18466642824245 0.327791918264728
0.337597570758719 0.0740996287769257 0.0554663587104377 0.532836441753917
0.348591122838335 0.366126537286177 0.235095773763136 0.0501865661123524
0.339403414632393 0.220160284178726 0.155596737443267 0.284839563745613
0.194080170854354 0.393050356937131 0.30933551787338 0.103533954335135
0.300323375514083 0.330035403705215 0.0706924338182088 0.298948786962493
0.390859196530721 0.403863298593696 0.136559763470316 0.0687177414052669
0.637665870987621 0.0280458585935341 0.159937348552101 0.174350921866743
0.249911014142067 0.249266150529542 0.223117785668358 0.277705049660034
0.164002762180638 0.329626362608983 0.303137069800645 0.203233805409734
0.112438252066396 0.227409748369932 0.581453884793767 0.0786981147699054
0.126574238765007 0.261964181819891 0.264130564450165 0.347331014964938
0.0509117337449469 0.396301850306322 0.102770595898042 0.45001582005069
0.327719692993937 0.000148499667628358 0.281181170156354 0.390950637182081
0.0375022859826283 0.00113457664665559 0.494107085183053 0.467256052187663
0.402250609652585 0.00544596941194011 0.0651702916310244 0.527133129304451
0.369720632779196 0.102456406775392 0.182673564284294 0.345149396161118
0.0752743412452161 0.35859135380087 0.443021437730864 0.123112867223049
0.24627267632895 0.136360144804032 0.236160912835758 0.38120626603126
0.343552441554636 0.110120308160622 0.132602871085395 0.413724379199347
0.273048347698345 0.304908360996981 0.348836117320051 0.073207173984623
0.33248263476615 0.264050687280833 0.0435845408173807 0.359882137135636
0.168819551898914 0.300340438348728 0.30887567063083 0.221964339121528
0.178672810010088 0.238418826276678 0.240067884252768 0.342840479460466
0.195823530926791 0.108273673032331 0.634895963785442 0.0610068322554357
0.253726216591217 0.0911701743716416 0.54280031716116 0.112303291875981
0.197507285628498 0.357246519626859 0.42194088308816 0.023305311656483
0.404219990406683 0.121912759412809 0.133625140555089 0.340242109625419
0.103678936108527 0.13261592411054 0.592821258794781 0.170883880986152
0.155635315818601 0.303827598101022 0.281241073097018 0.259296012983359
0.180061954422086 0.144381640630579 0.338941443657572 0.336614961289763
0.314386682663956 0.328174616904937 0.197774123530294 0.159664576900814
0.330832840529435 0.114331934966142 0.292027671883259 0.262807552621164
0.0794017328954064 0.363306071627719 0.290390215456677 0.266901980020198
0.15566598312804 0.111828502246542 0.370328208251706 0.362177306373712
0.182443643237264 0.141523119486264 0.47512749525332 0.200905742023152
0.672084811240365 0.0179527153294595 0.198683041576637 0.111279431853538
0.417292990819877 0.193865309814446 0.2215949973626 0.167246702003076
0.374387479680822 0.39279912136134 0.0826811297766126 0.150132269181226
0.434528552301552 0.233276036225001 0.123142708047852 0.209052703425595
0.400289088199462 0.0563433895253772 0.0904868760021633 0.452880646272998
0.399871538011244 0.0699208394068884 0.0989436503419651 0.431263972239903
0.0844037216476626 0.39514564264855 0.360670714451997 0.159779921251791
0.259037325319581 0.110691506199798 0.298389608922579 0.331881559558043
0.368398128145082 0.188868116648048 0.224242857590143 0.218490897616727
0.138067153456017 0.294114593137334 0.477599997241949 0.0902182561647006
0.354549328853774 0.05180643070608 0.41871778177331 0.174926458666835
0.419871749888517 0.133125069045605 0.381849238738198 0.0651539423276798
0.366801423971707 0.286484683059812 0.318806828701957 0.0279070642665237
0.348756934068278 0.14953399720316 0.207420563869013 0.294288504859549
0.188877542719499 0.316882913734271 0.0867396391175003 0.40749990442873
0.0968879673807957 0.143004008191706 0.384998500181013 0.375109524246485
0.295002307643891 0.26793742553645 0.155530199704616 0.281530067115043
0.331247531435692 0.16430387143979 0.236828916814874 0.267619680309644
0.405710736743466 0.0600652770423681 0.451085807105951 0.0831381791082149
0.0962588082700505 0.682519038800055 0.166387301712945 0.0548348512169488
0.508920223409332 0.0977864762774772 0.178157171154037 0.215136129159154
0.143636320063515 0.149155931405146 0.07319405046562 0.634013698065718
0.177067772313007 0.402506067197736 0.103184286198854 0.317241874290403
0.520732158337252 0.0883725572447922 0.166641422204929 0.224253862213027
0.555007989855575 0.0639022038977363 0.297539860948058 0.0835499452986314
0.231050723209435 0.214211068805785 0.441669581016298 0.113068626968482
0.198055896022132 0.35714148412925 0.177591416103237 0.267211203745381
0.282280669016294 0.00767206062575935 0.357835290452658 0.352211979905288
0.209513763199408 0.163551879555807 0.340651040327465 0.28628331691732
0.184190798630806 0.310961638870609 0.0526374227469175 0.452210139751667
0.233738103156455 0.289300242627331 0.343325626835572 0.133636027380642
0.260474374589946 0.233323329405155 0.301698704756235 0.204503591248663
0.214902107834503 0.287800122573203 0.41491584075075 0.0823819288415434
0.286083450183823 0.394880259635319 0.136037456074739 0.182998834106118
0.197509096771871 0.20168119545462 0.19311772832585 0.407691979447659
0.547138016353121 0.130746500433119 0.110015601861301 0.212099881352459
0.0957547342638685 0.626082064238585 0.233013426069709 0.0451497754278367
0.114378678335843 0.282066768191422 0.313845536399883 0.289709017072852
0.422729376849492 0.00921109752758462 0.498723594528354 0.0693359310945703
0.251533715460541 0.196572057676491 0.232328484398547 0.319565742464421
0.280374831156706 0.280468958165033 0.234256895509595 0.204899315168667
0.145411698010924 0.160666297997141 0.326622576590166 0.367299427401769
0.231583687527004 0.300544916562699 0.112494737716055 0.355376658194241
0.30291804140732 0.291349814584021 0.246187935347892 0.159544208660767
0.218036085990549 0.0600574536854748 0.131481301026862 0.590425159297115
0.247127207936514 0.200178875293227 0.359855858922745 0.192838057847514
0.272709549705553 0.145895012054625 0.133074481517179 0.448320956722643
0.0114303693757936 0.368794980818654 0.134440135482448 0.485334514323104
0.318329720303317 0.429186440651596 0.0799437675473262 0.172540071497761
0.111249739191864 0.264490287450336 0.230448670960105 0.393811302397695
0.0735010554389578 0.117565935271353 0.265050830696648 0.543882178593041
0.493462217935853 0.322348414815865 0.0570364103589011 0.127152956889381
0.178413321105479 0.1457091503019 0.467514623727912 0.208362904864709
0.159521386341992 0.321760320020667 0.193983175007174 0.324735118630167
0.287219817020419 0.159383707301457 0.24660619568688 0.306790279991245
0.391539593138174 0.151943875283258 0.10448677674096 0.352029754837607
0.426502078656386 0.474148118814856 0.0740332442232113 0.0253165583055464
0.296010432895514 0.0898934231787166 0.244710887871193 0.369385256054577
0.283234269753502 0.314591067841797 0.278680743496427 0.123493918908274
0.256775690284096 0.0580145891476828 0.353801283948011 0.33140843662021
0.19450718753744 0.300759309529017 0.314927626832366 0.189805876101177
0.0716900972191548 0.50901449762171 0.217625490411677 0.201669914747458
0.500038507986338 0.00524859117615739 0.0702264725391645 0.42448642829834
0.375857896571281 0.000412882574700621 0.41572850046609 0.208000720387929
0.142711175517441 0.36419005659922 0.145429284646273 0.347669483237066
0.0911748105106316 0.304494500233656 0.252439058687242 0.351891630568471
0.518973247638282 0.172509471996388 0.0839054048974145 0.224611875467916
0.0334369701274865 0.278408233499369 0.301025549238318 0.387129247134827
0.486846835938939 0.15918296710596 0.281696362953841 0.0722738340012598
0.389450386756748 0.0896751368390379 0.248391632918053 0.272482843486162
0.255053085702598 0.262492916397226 0.21525126400335 0.267202733896826
0.64159659890567 0.0638835165338518 0.0737956717419981 0.22072421281848
0.279073349784559 0.209288618737492 0.227429257401153 0.284208774076796
0.0191284861604472 0.361100468886365 0.302126724983863 0.317644319969325
0.226276105860087 0.30466518448102 0.202415088772395 0.266643620886499
0.0888453661029932 0.3822388102563 0.528299355149537 0.000616468491169665
0.17161428524054 0.404001073778505 0.360123307761416 0.0642613332195403
0.47148857283949 0.0882693469509752 0.352753769723797 0.0874883104857384
0.099560303742429 0.371631790511424 0.0370475237789801 0.491760381967167
0.0943687057735481 0.177768144030675 0.336607200679033 0.391255949516744
0.274470435646872 0.32641667861221 0.152124217256427 0.246988668484491
0.0233076723252148 0.221309675623002 0.613536191129488 0.141846460922295
0.204146936770833 0.325388323459813 0.19023141285969 0.280233326909663
0.270633385193537 0.281028519010242 0.335602969896837 0.112735125899383
0.477061677350142 0.170355456325059 0.0165438742130222 0.336038992111776
0.258780248277846 0.306363253592657 0.0360288383982933 0.398827659731204
0.235227134830963 0.579324344378915 0.0477338333901745 0.137714687399948
0.574848303547064 0.235406281811357 0.162016272355182 0.0277291422863971
0.662834305942935 0.229611955367979 0.083197205621717 0.0243565330673698
0.107180493127174 0.327582898636116 0.236009544809352 0.329227063427357
0.244230831875671 0.0806342541711948 0.381801407712087 0.293333506241047
0.0839210708583042 0.227979188716768 0.283376690774995 0.404723049649933
0.0884417592859826 0.254575707362982 0.372545729021163 0.284436804329873
0.343662155411858 0.147473693046532 0.160600372627634 0.348263778913976
0.336650727235611 0.43693637757984 0.063801463291265 0.162611431893283
0.229496352878954 0.36278748151976 0.134844263205267 0.272871902396019
0.424601246189154 0.388580411575944 0.106606191295343 0.0802121509395594
0.254244278914927 0.30876979427374 0.134473526495157 0.302512400316176
0.0468001347401507 0.413045381940566 0.409455520645292 0.130698962673992
0.364853052680174 0.439284474384352 0.0596693318315297 0.136193141103944
0.380304797886616 0.203415423854598 0.0117215357282693 0.404558242530516
0.325111822719453 0.164136859469431 0.282920731902231 0.227830585908885
0.256788852016593 0.117334389829235 0.469170474584743 0.156706283569429
0.346859433787464 0.199192461509525 0.359136659370723 0.0948114453322874
0.313796359445799 0.155281000961094 0.0976218051179175 0.433300834475189
0.388930260743152 0.106700281679707 0.323261686063524 0.181107771513616
0.0152442219609656 0.552122717893737 0.347459618861903 0.0851734412833939
0.198521299165271 0.244746157529691 0.351360756045213 0.205371787259825
0.0145701714714343 0.535864701387224 0.289960353056066 0.159604774085276
0.283495773241671 0.321020666999583 0.0880261985552377 0.307457361203509
0.137220796926835 0.509826320249109 0.34512960555901 0.00782327726504666
0.416980511853441 0.278707063891106 0.0711405098597022 0.233171914395751
0.305234129230021 0.581287255494562 0.0887715746106116 0.0247070406648058
0.173672916833366 0.102793365300071 0.264631839879826 0.458901877986737
0.182084778086377 0.379722194641178 0.0962347881987139 0.341958239073732
0.203182210551121 0.00539808018750483 0.287891233694838 0.503528475566536
0.298273638596121 0.305976684357519 0.357951669836463 0.0377980072098963
0.0875812597228382 0.101901043120578 0.240433852281544 0.570083844875039
0.252661351100106 0.191218715519291 0.420227054860693 0.13589287851991
0.209788700837332 0.217187461836819 0.393367504688944 0.179656332636905
0.224260859831431 0.274146146254176 0.236233671981364 0.265359321933029
0.386771671641837 0.116356707852743 0.291062532195817 0.205809088309603
0.0347089835996354 0.517568772478024 0.440546851850765 0.00717539207157524
0.275985901358013 0.231289029606367 0.0316219017712926 0.461103167264328
0.20937742556807 0.488901961164254 0.26462401012917 0.0370966031385063
0.0769923484143767 0.342361785635289 0.368288509101148 0.212357356849187
0.0997666352697031 0.0856609915258049 0.571636494308908 0.242935878895584
0.147504772327019 0.507097707918036 0.298166116938374 0.0472314028165713
0.549668774960866 0.0686502564530928 0.262820890754506 0.118860077831536
0.196435150065173 0.0345887760294518 0.39928219482362 0.369693879081755
0.164067122097609 0.328544455272011 0.367923663506647 0.139464759123733
0.258869121217143 0.164632580223258 0.299806564032105 0.276691734527494
0.0059216778556233 0.454890816289296 0.409366999062776 0.129820506792305
0.317501078532224 0.0511548128163234 0.283025917941534 0.348318190709918
0.047410017989445 0.427690784410168 0.473360317903655 0.0515388796967314
0.457026979464463 0.376434911793517 0.118890267682114 0.047647841059906
0.116962757831306 0.127443469693208 0.372074165309418 0.383519607166068
0.351585676616566 0.340549606250775 0.143619837114968 0.164244880017692
0.176700297831837 0.129539667012875 0.408891890133988 0.2848681450213
0.020195306705208 0.230957061664051 0.340681955904723 0.408165675726018
0.316512574056214 0.0444018331507107 0.179049209600291 0.460036383192784
0.0697937915479098 0.402345892045281 0.241525033602656 0.286335282804154
0.120197549095684 0.137551996997429 0.330988460721024 0.411261993185863
0.451443939016551 0.221330489787764 0.104160940433151 0.223064630762533
0.355672606916938 0.310905451277157 0.227019931588327 0.106402010217578
0.013458707476759 0.608407235156215 0.287992773193237 0.090141284173789
0.368382205568955 0.256105642461278 0.089931858888567 0.2855802930812
0.361791975881029 0.175973167876713 0.309926875424477 0.15230798081778
0.352565315256675 0.1525033378894 0.484199876300373 0.0107314705535517
0.275030785950094 0.304871772160033 0.387852380292016 0.0322450615978578
0.113040387835939 0.237137237820512 0.320386578198137 0.329435796145412
0.237553185059073 0.3417867489048 0.369787923054128 0.0508721429819992
0.553541210532316 0.0632253815385587 0.170214918987742 0.213018488941383
0.568101464339408 0.282240297106691 0.116780616290999 0.0328776222629023
0.56054411435718 0.194642906578258 0.216940968688161 0.0278720103764012
0.0125745657954249 0.515524576759494 0.171450491805853 0.300450365639228
0.31180883570216 0.305456689133769 0.258187434391927 0.124547040772145
0.0554776620646544 0.459608362517941 0.194393884483683 0.290520090933721
0.322299280428619 0.0264709303374983 0.254603500005472 0.396626289228411
0.278470173060809 0.216695090852005 0.112375701594579 0.392459034492607
0.759780500583981 0.0383661980813666 0.113439215509678 0.0884140858249752
0.314899229270057 0.146361436152339 0.21522083541197 0.323518499165634
0.330542811450821 0.563693724487887 0.0321324302229858 0.0736310338383062
0.313375012150106 0.18879814185155 0.241104774211454 0.256722071786889
0.303900959939993 0.154138766612725 0.0425444399783028 0.49941583346898
0.389665747119444 0.362533895034031 0.06843386758507 0.179366490261456
0.254638586106469 0.138031461311268 0.461412559385154 0.145917393197109
0.029415635055873 0.331001302010418 0.178883985363803 0.460699077569906
0.307678628549976 0.0579226350002651 0.296691621243984 0.337707115205774
0.498640646020902 0.164039158078382 0.18949563584891 0.147824560051806
0.144977442861688 0.339465538621088 0.0811945903573305 0.434362428159893
0.472245247755404 0.0824035781332128 0.287040356609579 0.158310817501804
0.43612464700713 0.0380794249275392 0.204259487046417 0.321536441018914
0.152026609045142 0.182980793716804 0.369595846407085 0.295396750830969
0.204260140268785 0.0783931524257061 0.375879469353434 0.341467237952075
0.283685372005055 0.135472488933233 0.374265350887597 0.206576788174115
0.264677076937607 0.232866537052873 0.086749645664656 0.415706740344864
0.110058959552706 0.382906119921924 0.223681165576197 0.283353754949173
0.191208947891372 0.228606501334073 0.450684424122292 0.129500126652262
0.23934040152125 0.287802142920141 0.235156555033686 0.237700900524923
0.205470461412497 0.068186389243723 0.188001837488596 0.538341311855184
0.255379917964259 0.246165899317359 0.287628808315971 0.210825374402411
0.0741992063201504 0.47865804052869 0.136050946434385 0.311091806716774
0.251598085572266 0.265484820906235 0.143085416444315 0.339831677077184
0.306232231041791 0.183532554646649 0.41873804140258 0.0914971729089802
0.38121895292233 0.0196754888937955 0.239118244975111 0.359987313208764
0.403914824374769 0.193336813896691 0.0161311917053772 0.386617170023163
0.322110822591233 0.22693176058604 0.132294681595533 0.318662735227194
0.301261673183809 0.114534031576673 0.311582021024464 0.272622274215054
0.347866385443905 0.107260163110936 0.297506245158215 0.247367206286944
0.261411123350869 0.148740543183073 0.203150093037829 0.386698240428229
0.186170071829288 0.245023700923195 0.303734341824116 0.2650718854234
0.113957416448186 0.203056035442207 0.328053213914472 0.354933334195135
0.117750094547856 0.273587029882051 0.277489452500748 0.331173423069345
0.255944659051923 0.0129218455394776 0.419996359979965 0.311137135428634
0.266881801632676 0.280236942661942 0.399672820612984 0.0532084350923973
0.377472090748332 0.423004180928547 0.0735633630951886 0.125960365227932
0.132215493895463 0.330072203833265 0.324003512264837 0.213708790006434
0.261797842390749 0.0400908416624443 0.491943917443334 0.206167398503473
0.292679695815079 0.241692595710648 0.339999874104878 0.125627834369395
0.364933473183751 0.276326183678166 0.211860891540155 0.146879451597928
0.335881777248114 0.138805528351069 0.196553492710181 0.328759201690636
