0.143290357342278 0.17587131458896 0.00487869927037188 0.231352960165733 0.0388356702487272 0.171203884541782 0.105768419932246 0.128798693909902
0.0742940119288115 0.0882848193930795 0.217413652887816 0.217316433954792 0.112338756966612 0.0746559079582963 0.089705256750844 0.125991160159748
0.205952359133048 0.199856413360343 0.149495917136941 0.0944625373164684 0.0874167251483303 0.0519142267163737 0.19353762756152 0.017364193626976
0.167107395149089 0.11008913503212 0.0200410168585606 0.0980976521473408 0.181894234989729 0.102537876936618 0.20503338527914 0.115199303607403
0.146055374597255 0.231046594061461 0.0716939764652403 0.156039690344102 0.0684958134723605 0.176013597616266 0.0699750432577934 0.0806799101855221
0.0608250356710176 0.101977625540922 0.203469388534973 0.204511324233292 0.0561744306140345 0.0964945595547697 0.136165296686095 0.140382339164896
0.0704780728118395 0.0822114551390688 0.185201432799348 0.184023665582176 0.00127334263701554 0.132979812989973 0.181406206308952 0.162426011731627
0.0245774959037249 0.26326499344991 0.0265124172248049 0.249551576010534 0.109514060275508 0.0623396800565914 0.238584851144895 0.0256549259340314
0.167568837785913 0.15876563496721 0.164130289313535 0.119908181024626 0.100624584726016 0.167719142806979 0.0440291652633821 0.0772541641123386
0.146378849049984 0.311179328193444 0.00590412851177143 0.238515062717627 0.0252160988589757 0.0196216510186875 0.0765309523033629 0.176653929346148
0.205767001742475 0.127716263315802 0.250148491742243 0.0248923491224179 0.169476783218459 0.10037095125966 0.102490971106348 0.0191371884925956
0.104724571333389 0.0617893067291407 0.150814744403402 0.125870703517751 0.145267045929332 0.11790958820583 0.147872627613668 0.145751412267486
0.0332763788473276 0.261223526717265 0.150409705048078 0.0526286057717584 0.0829046631621955 0.0604197887815755 0.12950004884555 0.22963728282625
0.0358835389774063 0.181846396177824 0.139303368413571 0.0721104248733122 0.203941517310838 0.172815121584942 0.171979124678035 0.0221205079840721
0.226806823021834 0.0821306722137322 0.209930714454683 0.179640196638001 0.0347160364843505 0.0949866122544141 0.0883843215759789 0.0834046233570064
0.0467868215556744 0.071407780155253 0.123055451438883 0.146037943910639 0.0707807177996007 0.17903986051436 0.19003184782916 0.17285957679643
0.0618251277776019 0.405539875354297 0.015728762638047 0.130243295139088 0.0697053514290945 0.0378664133002144 0.132048856799851 0.147042317561806
0.14716004922731 0.233397155984095 0.00939035548580699 0.157610845725588 0.165194019993391 0.015079337225026 0.0479579816905126 0.224210254668271
0.187004216472735 0.214952801706949 0.0894897465060237 0.0219407059562285 0.0738795965376266 0.169172825335143 0.209591668391376 0.0339684390939172
0.0981909276812058 0.092107288872855 0.0351924388212377 0.332062764456601 0.120522341975818 0.267599687665949 0.00326744230368743 0.0510571082226465
0.109988718152844 0.181109885556409 0.0547953187279041 0.141145950990316 0.138898566450759 0.11725641311328 0.150548752824759 0.10625639418373
0.123422938278957 0.0743770953422592 0.143179135976621 0.198949076150121 0.135233665120676 0.115694955473886 0.148190008765021 0.0609531248924594
0.186393164868349 0.0815833305674889 0.214110970650705 0.0184744422287923 0.145525041103902 0.0195239956453595 0.21595469426364 0.118434360671764
0.0768251598502012 0.0853686706178338 0.192055104521962 0.165845031094969 0.110791292009608 0.137568212238602 0.137849101768637 0.0936974278981867
0.122406492279582 0.122317401479518 0.209750929327375 0.172907410014186 0.0919236110272355 0.068366948588976 0.108555318589782 0.103771888693346
0.206771537592046 0.135844442609456 0.0709464921634958 0.0758092307160424 0.0187078017326368 0.230232964856427 0.12891398615209 0.132773544177805
0.0150305159289163 0.0440299891507278 0.112989548893862 0.101650251222853 0.0122769568930113 0.262922342027211 0.183937311776894 0.267163084106525
0.255333699920593 0.0184041868376278 0.094747262603604 0.109855897751887 0.0237374183676366 0.0361119301720139 0.230728445193033 0.231081159153605
0.177705823899878 0.186569098559 0.011499187441441 0.0870005201967935 0.195071697070712 0.139080288251103 0.142341586692732 0.0607317978883397
0.104705592906658 0.120567316892231 0.0672406067175868 0.085326962075914 0.12130595218004 0.167112714827312 0.191680798857275 0.142060055542983
0.0812384408488791 0.247853870794343 0.0381977389372062 0.176263772293594 0.13011914118035 0.0407493799590509 0.042274071406037 0.24330358458054
0.243477016105665 0.0994887622168001 0.0255540467309158 0.0211834262802791 0.23698665580472 0.0544757383757192 0.125198177566127 0.193636176919774
0.152914834491766 0.129962264355602 0.0665732019125384 0.137172888889648 0.1795290976584 0.166751361279411 0.0937291925651836 0.0733671588474518
0.0564519674199005 0.198446352611903 0.163228899648933 0.0947893024504796 0.161201011928651 0.165227686871275 0.143971082817884 0.016683696250974
0.11641874367832 0.0684021248822246 0.145458431159349 0.146859242338707 0.08059182571419 0.0472740754870105 0.180761411238677 0.214234145501522
0.161470936595062 0.0883820140050843 0.0104574421847007 0.190833462336401 0.0587935350342298 0.180429395728593 0.134761917059913 0.174871297056016
0.0863571378115543 0.166630718961162 0.0471296495996283 0.185719228610081 0.159458984093674 0.113802413754706 0.194878695071698 0.046023172097496
0.172656094432728 0.0512455836473587 0.138595732194554 0.0341341462019343 0.111786521418505 0.205765563879252 0.0725271741120343 0.213289184113633
0.160750891916433 0.196871064179083 0.0663925916077797 0.0203164073030224 0.349807474875858 0.15782948039375 0.0299176701329125 0.0181144195911605
0.122214880742054 0.20794985705401 0.171677764568612 0.102069684390619 0.0857809227156548 0.166306089657818 0.074323146323759 0.0696776545474744
0.107134862418353 0.0050811510697366 0.283533487329329 0.0221681240224383 0.182013223077799 0.102047068057935 0.0350532515064578 0.262968832517952
0.126431714515289 0.0118244317000986 0.183207539017876 0.180320085240406 0.18423992928874 0.0836887143977762 0.0763723007427958 0.153915285097019
0.230259534515459 0.112673645149471 0.23156123870311 0.0225896496319705 0.0164914869911569 0.00194012872757014 0.225616309107184 0.158868007174078
0.195760908658632 0.0768978490561253 0.0271529145515421 0.133320230999286 0.218028959126571 0.180381940573376 0.158158777211947 0.0102984198225195
0.0997465284176994 0.201884932160311 0.166816410924542 0.0925679623151874 0.00528171142067259 0.0913020273372654 0.225281782389274 0.117118645035048
0.0652144033745115 0.161353475698558 0.178175578665504 0.173822009266452 0.0646429154191975 0.0675563554180457 0.108339408838538 0.180895853319193
0.0721739956505832 0.107859937611163 0.15576645650135 0.234925667019452 0.0449724716957255 0.21408882485101 0.152772064329656 0.0174405823410598
0.150623947373644 0.156861486367295 0.00425174450203599 0.158386991130236 0.121085805012155 0.140041026527379 0.121944012354511 0.146804986732744
0.0683849672786908 0.189267321138991 0.173046858145795 0.172105628485365 0.0909326252925938 0.125458271287244 0.0638835660158622 0.116920762355458
0.120558137326408 0.162835497357746 0.118604762818188 0.130440419815969 0.0893977182598021 0.140565915179081 0.109025479104227 0.12857207013858
0.0531209280337901 0.0556735567526511 0.226597190109744 0.0246317011009787 0.186552263639624 0.112222415314007 0.14136008103333 0.199841864015875
0.0137360047529318 0.232283044845867 0.0781022747789672 0.162612883116898 0.157332744918305 0.0983859207267716 0.213056798140265 0.0444903287199942
0.124184575380844 0.141762437082655 0.055021088070305 0.164021067446635 0.0781555212793585 0.153432572509009 0.123782940026755 0.15963979820444
0.0489153598385401 0.221427154312988 0.0388385490655632 0.106777869246185 0.183580442635251 0.0835014317650846 0.112491844406214 0.204467348730174
0.112169840330186 0.217366598823917 0.170658827052568 0.0672404111615069 0.0748142204591863 0.166086107426392 0.157997895628402 0.0336660991178418
0.162731037654696 0.172941062082995 0.128067222700529 0.0645530112201354 0.07967423247894 0.12773045220452 0.0738533545921169 0.190449627066068
0.216438171161228 0.211380932619181 0.0326020164338023 0.117275397113016 0.128405574984837 0.0550549931705922 0.147956528915387 0.0908863856019574
0.10071638369684 0.172449301872605 0.129464916102727 0.143551455372015 0.0774614049888946 0.0866006795046707 0.151632964485014 0.138122893977234
0.00154524432911984 0.203241399967863 0.0365216043534231 0.253197079216209 0.0531913918385903 0.128991820619657 0.038611086399876 0.284700373275261
0.0947564441037084 0.105498271117065 0.24788149480081 0.0578380671763947 0.220709820044431 0.0985741549929739 0.152837645880518 0.0219041018840981
0.194396770930195 0.160398370709944 0.0111600068792402 0.200227886089283 0.129131366793865 0.139409960067384 0.113382574864856 0.0518930636652333
0.139194187307596 0.295273027673559 0.125157896090986 0.136071517368332 0.151868706074396 0.00407611978577119 0.0285814533432277 0.119777092356132
0.0162659329890598 0.277024082521834 0.181129743528785 0.180491594993911 0.0651276172206554 0.0148804783903453 0.252432881771315 0.0126476685840954
0.228608118250691 0.101189551119636 0.152727223495348 0.113719883210661 0.0942237323902614 0.0584930434408338 0.117410578418801 0.133627869673767
0.0435490283188952 0.23089166630091 0.120031213656357 0.162203810027871 0.0447753044273631 0.16514562608244 0.152491894668722 0.0809114565174425
0.0355073774949766 0.207700457506424 0.20019695134997 0.232557766800387 0.0306248622718451 0.233193367615152 0.0386836978765488 0.0215355190846977
0.0194821353289777 0.0665480949864426 0.100363524064866 0.164723972418088 0.242452106721546 0.195205413481354 0.0362374886812702 0.174987264317456
0.00169258585836839 0.0926547483533824 0.217640160463405 0.119620123738299 0.217102850456297 0.173193624644936 0.074394760268464 0.103701146216848
0.169922649156961 0.165561224051671 0.191188189534323 0.133956794215819 0.0741704986610428 0.161309566321622 0.0923604689524229 0.0115306091061379
0.190476303283184 0.177481258684556 0.0791882139273966 0.116820061678367 0.0789448560730583 0.205843971049363 0.127156175093577 0.0240891602104991
0.0427110003080861 0.0682855207301768 0.363159848639548 0.0743176486579704 0.127983488035749 0.0988700617184408 0.0426940257035083 0.18197840620652
0.265744198719193 0.0344645643490051 0.0371679652161727 0.11954772465511 0.132370218141194 0.127497985110828 0.00508637158289825 0.278120972225599
0.0805662947555869 0.128102340017048 0.149878246582662 0.165352685167934 0.130287064885022 0.131975809504969 0.0935366162301526 0.120300942856626
0.163621992211956 0.147928139544025 0.108456013355254 0.164221242323226 0.142178904024112 0.148631018222177 0.110037727095186 0.014924963224063
0.050247470603738 0.100811421130365 0.0862759381381572 0.090100084582576 0.154300887272049 0.154568138648317 0.153874818365563 0.209821241259234
0.0371088684694681 0.105809934186637 0.0962359735935281 0.141497528783849 0.0979422683055074 0.196297325653183 0.164976202326886 0.160131898680942
0.189168007477336 0.210212661392901 0.139712729457842 0.0738231431623385 0.0599264243592418 0.0733238421297787 0.164712050451155 0.089121141569407
0.104940966074701 0.216960232203682 0.202906824229952 0.010256780028713 0.215489071472624 0.122136099659876 0.0896757557550534 0.0376342705753982
0.036813719874319 0.106426846134537 0.135105431202135 0.174190916140133 0.181758435646962 0.207319742675698 0.00627739615114868 0.152107512175066
0.198156158326726 0.160109661288386 0.128571621361745 0.168123539510107 0.169753803530702 0.0555215942434497 0.111938425326606 0.00782519641227794
0.168919214932382 0.123931083728458 0.106493900627871 0.136812426516337 0.105419532782934 0.154760580025845 0.140020116231576 0.063643145154597
0.0922237979421434 0.204002273786872 0.0333079914044652 0.0105899616379595 0.139397772233376 0.128818249631138 0.137267777350309 0.254392176013737
0.177225522487898 0.213219651270255 0.220123732918012 0.0559675407896876 0.0337230281058784 0.0783982540577793 0.0034905944384606 0.217851675932028
0.175245676493329 0.21546821423944 0.0206187514343951 0.0473125457529577 0.155359450874941 0.173896654153001 0.20450805218469 0.00759065486724632
0.180193414092853 0.147014660920275 0.0831842910687186 0.197093145876551 0.183566061066325 0.00651671962445794 0.194314009397581 0.00811769795323874
0.199486584990684 0.166112900947772 0.0850511366981123 0.248144054461279 0.00924424377660123 0.0161690907002156 0.0733735104640015 0.202418477961334
0.140303145053798 0.126585761093401 0.147662867409997 0.0936006450335214 0.180355683620205 0.26705502698771 0.0365963132818063 0.00784055751956173
0.0886033537591703 0.132990422911353 0.0148970541044718 0.0588070436296027 0.117121660283083 0.216840251577524 0.157898987865692 0.212841225869102
0.169770896082853 0.0303354435753963 0.215584026105054 0.0475267141802079 0.100459427472866 0.210722878040172 0.193241665062906 0.0323589494805439
0.208963480390879 0.112646432930215 0.232784461163058 0.0726396136217727 0.100878439927792 0.0573558733749818 0.164284523018283 0.0504471755730178
0.163500977028992 0.0315451764663654 0.165105508439717 0.234430050097263 0.0701285755156285 0.0110557095730112 0.239471079244593 0.0847629236344305
0.0778014652125211 0.171590008080557 0.194348127612723 0.0502160449701367 0.14006465744309 0.147639751132676 0.0963388882177056 0.122001057330591
0.0144413486021681 0.230898029291891 0.126364522249631 0.255621969168704 0.0421560359871271 0.0847100510510011 0.215560050928578 0.0302479927208998
0.0800827860764339 0.159678971822152 0.20823691468887 0.168844204438418 0.109413095479484 0.132973598477209 0.0477320985768154 0.0930383304406173
0.0580604326776928 0.345980385135891 0.0528510271518203 0.287426250502239 0.149489071525821 0.008651654629122 0.0940479283344095 0.00349325004300475
0.0798929513166646 0.102173984410633 0.0323996728043434 0.154983531711566 0.131125202443482 0.160669881833047 0.167574586288419 0.171180189191845
0.124788515416389 0.0483664916251165 0.130114562485248 0.0458856847945921 0.214196499300263 0.0789011809713919 0.25221486031658 0.105532205090419
0.0840360758311127 0.162373942652473 0.0110176963270697 0.223704068418068 0.144310788719999 0.0982890992523786 0.151122140027388 0.125146188771512
0.0158679477361019 0.0666087436652526 0.145000987821108 0.189899239472773 0.213209665156658 0.122874002255945 0.191831868276437 0.0547075456157246
0.000167291826686942 0.179436953663687 0.108226551058514 0.0264689399142988 0.191898486681058 0.179887242627988 0.218831921178901 0.0950826130488653
