0.129909809385674 0.166709148412149 0.203682583771867 0.0060270328343583 0.121068691502906 0.225692579442554 0.0758510112355055 0.0710591434149854
0.022795845060168 0.23018474652923 0.0143432297558583 0.121585054558158 0.134578664849763 0.129952231376908 0.249496812527881 0.0970634153420338
0.193673831636746 0.0157719174179434 0.071539691904668 0.0349085091791282 0.217785696472405 0.170895109147743 0.154038834329883 0.141386409911483
0.0838012049610577 0.00663689680750425 0.109493592690458 0.245738140911712 0.140068783858909 0.271145944989875 0.0370625272751971 0.106052908505287
0.167956495830803 0.0326544959547895 0.249193390785887 0.00353393786106079 0.0464145753309818 0.248969031537834 0.201310159508735 0.0499679131899092
0.141961703870501 0.109448891285986 0.231493800518773 0.0350672214966548 0.187012282712901 0.0560234017238203 0.190325659183413 0.048667039207951
0.15881595494462 0.140232330244854 0.0547845306782416 0.0612700067019588 0.0657654600737663 0.169489188266972 0.168537790900703 0.181104738188884
0.0404122764296131 0.0513922319445202 0.192807166696112 0.219190004864998 0.158354281790786 0.122386660440517 0.0375825043619473 0.177874873471506
0.100901585005933 0.132436556323651 0.0644729621396096 0.103267821781646 0.0930657637828102 0.199423188789045 0.157762651366158 0.148669470811148
0.123356831651295 0.192362238957224 0.0156940668352849 0.033331193014734 0.0371666814070891 0.0896628981608154 0.249655063169463 0.258771026804095
0.2062880976839 0.00361734174891239 0.112381723543766 0.162617149352919 0.231162977236919 0.118853487046385 0.102055328270005 0.0630238951171942
0.088243106393152 0.00614501515820918 0.266288866882688 0.112050175147581 0.0705462475777992 0.028946236187409 0.156387559821253 0.271392792831909
0.212623369486823 0.0756315776378724 0.163386657222624 0.0557418989735039 0.0698449297378856 0.124219959204947 0.160510860010187 0.138040747726157
0.225475584672559 0.162454515201394 0.123186329639446 0.10798907557573 0.152606142972552 0.103028559376096 0.0843101973328419 0.0409495952293812
0.156540245522374 0.150934375420319 0.0333696704425958 0.0867705808467734 0.0577325594090001 0.144578993388164 0.246973282655533 0.123100292315241
0.189901535678268 0.249516719802076 0.0509737918422824 0.0719437010038314 0.0733973279693799 0.232479486269122 0.0882363510389955 0.0435510863960451
0.170852849771423 0.209023502819094 0.0276367278821024 0.0730792558505035 0.139687334838757 0.020550461806352 0.179902760026172 0.179267107005596
0.183610796631949 0.172709471521773 0.109079122739643 0.155211868196776 0.0553117602464649 0.0712241213870818 0.0894273340194994 0.163425525256813
0.0898330136420155 0.0746655939146713 0.125106019745097 0.177505736157721 0.0628037815007716 0.140623338337738 0.154608601924105 0.17485391477788
0.088043032592055 0.163943814395896 0.113212476977721 0.0805384672853071 0.163356796305484 0.101543059240725 0.188290044197425 0.101072309005387
0.0101711187216273 0.142272547398638 0.224102055004433 0.0024998538640686 0.114787207897674 0.269528494613388 0.086742446291849 0.149896276208322
0.0359881811075243 0.0666195558842859 0.0895540744230938 0.186563768585661 0.14241260408672 0.0826801310390093 0.213882335019176 0.18229934985453
0.11754949802115 0.187881002999546 0.0540221515835345 0.0348743621217562 0.0290293376079909 0.208197380545232 0.1563989393036 0.21204732781719
0.0320479526884282 0.21571779559507 0.181177971966111 0.24271638367173 0.00494409157837115 0.101015510908246 0.181386093472396 0.0409942001196465
0.0367830865251022 0.136503363381608 0.200043100938908 0.231556639510404 0.0218844970571709 0.220886342694823 0.0132341899776965 0.139108779914287
0.193675829279513 0.0749477566903839 0.0819552033820297 0.075407119796511 0.155881413429248 0.0646652230511251 0.198731158860311 0.154736295510879
0.15353540900071 0.0192966815818124 0.129574192923497 0.164486731499636 0.147088768810678 0.144403692963174 0.0793557355026038 0.162258787717889
0.203886334668026 0.046707696066398 0.0730288063304623 0.123163796610089 0.237289751075298 0.187594760898287 0.0722265488079532 0.0561023055434868
0.197408781563759 0.10475881656078 0.116909200278225 0.0677649195805055 0.138155440979084 0.201274409803059 0.109931030709913 0.0637974005246742
0.110966765866736 0.0292562729494144 0.182128289518343 0.180539888180733 0.0938491967599062 0.100641619001781 0.216229840926298 0.0863881267967898
0.125329627546893 0.199401361228983 0.0818982394634358 0.133149373085606 0.044792486019808 0.134028872525247 0.151023981907909 0.130376058222118
0.178754597038118 0.0365609167033564 0.158164084591396 0.0460600176621121 0.0978287073692709 0.136502509312859 0.154257527862622 0.191871639460265
0.173807887130714 0.125040362471752 0.0895239122617798 0.0780613631836127 0.0470961329002767 0.147526509426296 0.185187273719694 0.153756558905875
0.0954813086071281 0.0750352067749989 0.221365705030297 0.0409517279949788 0.217514964190726 0.20791474142152 0.0834462725646144 0.058290073415737
0.118709377456617 0.0374484144589329 0.229197207218934 0.108943340340497 0.165075660721904 0.214506900560832 0.0619432650229318 0.064175834219351
0.0377781130298471 0.0295935752773155 0.128378134199994 0.0798955554478724 0.255092991751778 0.194292099135422 0.222350395491539 0.0526191356662318
0.142643328905233 0.143656529702366 0.243487408397857 0.11760609860367 0.163881817870007 0.0238838266609329 0.147709941307345 0.0171310485525887
0.0870645250158663 0.191921622623103 0.0738548103186449 0.0695043096765451 0.138152638569673 0.122973131728844 0.131360156100725 0.185168805966598
0.157475522332878 0.0499310881863198 0.168481306445744 0.0489546798442576 0.186596494980709 0.0205615253411706 0.176040265103004 0.191959117765917
0.181940030776608 0.102002703133147 0.19318306292485 0.00344069872419462 0.102034125035281 0.175277531052311 0.0639588345928912 0.178163013760718
0.0941515579700685 0.030177295606013 0.177207529755306 0.141722524364609 0.06299889116971 0.241200582062034 0.244475514998255 0.0080661040740042
0.0839295701101505 0.26507806696099 0.104900702281107 0.0875269153296091 0.165548955556726 0.0978362855190282 0.178822274969267 0.0163572292731225
0.0808446341836473 0.112103426337995 0.0465193381585015 0.162368704602096 0.11748528192261 0.242808522683174 0.165807693562045 0.0720623985499314
0.182499388883567 0.152300297455362 0.186252796465134 0.037859776111486 0.156850827301714 0.0687963627114315 0.0717279338684662 0.14371261720284
0.0227321170712831 0.0443745440533072 0.156912808629567 0.0220830972784479 0.152631051041893 0.185942545941373 0.158733437649384 0.256590398334745
0.14926421402804 0.185973319945654 0.0711981922394643 0.0428985406677948 0.10353529268034 0.131643706461755 0.157379753986752 0.158106979990201
0.163541888354476 0.0402174757209479 0.0500640399418329 0.0439736430854729 0.135116088044726 0.0835723418344911 0.247648557295943 0.23586596572211
0.0190387157709005 0.29400087059515 0.0252308896216767 0.0690945166917395 0.143467364025006 0.0794698905513705 0.202491794576658 0.167205958167499
0.118872303968796 0.19488037275824 0.0348456366014597 0.309296582535517 0.105682911657384 0.011336704836928 0.163067813619307 0.062017674022369
0.0217136434687806 0.105810933755821 0.100254101633044 0.114814308532149 0.198867579672529 0.210706247511947 0.141279192019722 0.106553993406008
0.0988802435725364 0.054813789981056 0.167686986367853 0.279791681198246 0.2249618107673 0.137479247466117 0.00742219438798321 0.0289640462589086
0.0312046340294312 0.0938660955553983 0.130503769827341 0.139261983049661 0.14434914824086 0.168322728312593 0.107429773360973 0.185061867623743
0.151072906987596 0.138094829396858 0.0203141532925689 0.15322007904666 0.154091454850668 0.123475539635118 0.128679548569349 0.13105148822118
0.213015223660116 0.0816290605014483 0.084388844852199 0.117665106067167 0.304572722613545 0.120477230950078 0.0107870430887797 0.0674647682666674
0.0413156038428942 0.0650447009795638 0.172528385352483 0.172687317543829 0.105883117712825 0.34723328963078 0.0689191082250707 0.0263884767125539
0.170645228384438 0.18714002687601 0.156215589207755 0.271115017066612 0.0998077224514939 0.0398944774793382 0.0174575445327945 0.0577243940015599
0.0535585234318998 0.214244552211001 0.0788486274286978 0.166746941379128 0.0212141094230185 0.201603064402291 0.132459341631472 0.131324840092492
0.0848371996144562 0.139841803764452 0.160927287389109 0.169067574423131 0.0213622514195468 0.0546643074310583 0.178956594623405 0.190342981334842
0.206998670690614 0.0321575763507077 0.048021444319434 0.0579918831193929 0.162642282832022 0.186531569504972 0.269486129705748 0.0361704434771089
0.104113203763852 0.141026328625896 0.0842600705388599 0.166012625327881 0.170247753549147 0.0845344954527515 0.11192588617325 0.137879636568362
0.24068606227961 0.24867899722038 0.0966836174175211 0.0196045860299598 0.00784915664461667 0.201905717081745 0.126306662087963 0.0582852012382043
0.0562320772279522 0.0628870200019991 0.133025527745744 0.214572411596094 0.158743315226253 0.218407973692179 0.147176151562958 0.00895552294682119
0.132016857459222 0.156681355621562 0.103130223831959 0.0923002028119076 0.166592335532008 0.0932634323503916 0.136538049829394 0.119477542563557
0.138803696776499 0.143429216477766 0.047145607207214 0.28733115460179 0.0267825695974411 0.0510228088258666 0.298047978922288 0.0074369675911349
0.189348975093242 0.0919073092305325 0.210550850069506 0.183338084029534 0.0810611524592771 0.0220393709807195 0.132731270130927 0.0890229880062613
0.0235440225751073 0.121335221961962 0.156719299109229 0.0892852786965978 0.094054996254554 0.184589839330465 0.17709606782213 0.153375274249955
0.262593579406198 2.76250200514647e-05 0.101150542149509 0.206759593598609 0.0994502233685857 0.0996761493365832 0.128721318568057 0.101620968552407
0.188120951458001 0.111025096548551 0.15850795007766 0.127700113072173 0.0239851048907175 0.146184694173761 0.120522539566788 0.123953550212348
0.00728146054101583 0.196494412606615 0.174352018898593 0.0207872959229034 0.0624231809312006 0.215211177950337 0.0747080478565947 0.248742405292741
0.205947141280455 0.0619662304718375 0.11776669265254 0.0691396417189417 0.112289268196909 0.191344875308756 0.0578914589734958 0.183654691397065
0.0145767926037869 0.11030258497931 0.167210665628917 0.112875336273422 0.126218505800901 0.122516748674712 0.171877117612837 0.174422248426114
0.102108237140495 0.127377253232357 0.0824137491608872 0.15470272380534 0.0873678784798064 0.152456703829361 0.129182643760289 0.164390810591465
0.0687420669181613 0.00437665562128995 0.0700480038753085 0.0589326867970266 0.255708562006153 0.179456436220261 0.112175874214722 0.250559714347078
0.141735582372067 0.200478805170531 0.107700075702658 0.131342817915475 0.022396808220737 0.144579348057012 0.227692111874787 0.0240744506867337
0.156424188317323 0.0167412412090835 0.192167276080075 0.186037534364461 0.00594688751073919 0.0698391630601637 0.182513399700785 0.190330309757369
0.207498559062772 0.07813575357747 0.138662889378834 0.0843735839334542 0.186066439337764 0.0331071832761725 0.121196674149232 0.150958917284302
0.0713671341554699 0.0942309546214603 0.237227845337512 0.211591190951072 0.11734515142758 0.0959608720491451 0.098335594321283 0.0739412571364777
0.0058773186303042 0.148302639212972 0.0925230868966324 0.1093524664276 0.0979024330441482 0.303587790871817 0.219699757090908 0.0227545078256177
0.129292668727018 0.0103849612240758 0.169921978816209 0.142347824723667 0.116542771479485 0.178671628607675 0.133760425972329 0.11907774044954
0.0377670287015863 0.170535485175669 0.222299780115178 0.137181624123576 0.168730561189152 0.00373639718462957 0.0868307967050277 0.172918326805182
0.177925626282483 0.176964080083223 0.136655021809993 0.31665201312461 0.0344703734489826 0.0682384575524686 0.0520428727237894 0.0370515549744501
0.110996596744042 0.125993931027795 0.161058987815779 0.180396593093559 0.00232197526773344 0.0440337718009814 0.223945258703243 0.151252885546867
0.21779738923669 0.136881888857547 0.248254978587228 0.0279512525705914 0.226109906156359 0.0636030279823238 0.0190563536538865 0.0603452029553747
0.0828369714924374 0.04620428789435 0.13556032433079 0.199842612933804 0.0613768975510022 0.18970757699606 0.138502195517544 0.145969133284012
0.136376650266561 0.0720719731995555 0.182490630726907 0.220045551341664 0.127624486801818 0.105973419329953 0.0749549375943376 0.0804623507392035
0.00353878777331764 0.0331163640188471 0.220795027672507 0.00129399737390694 0.106334522748263 0.272139787888948 0.225616570991849 0.137164941532361
0.15595599525489 0.167781519858063 0.0841040915707259 0.0581713031965751 0.153674184750179 0.186394411675489 0.185099236325677 0.00881925736840055
0.159889956311048 0.0164027274281607 0.240964901006393 0.0873513955474099 0.110418877617061 0.23354092999261 0.0134790771698275 0.13795213492749
0.0289721445169589 0.191238690920787 0.263115002775671 0.146626998543796 0.071700334363581 0.0893253713920458 0.133746819159145 0.0752746383280159
0.175835251725845 0.0274175185403686 0.228570191879006 0.0185306161354749 0.218760598894958 0.0441687017343083 0.14387374680773 0.142843374282309
0.185043337179522 0.0922664192549485 0.130340751979759 0.0582044096588423 0.228172798539915 0.0278874156447482 0.150395069505738 0.127689798236527
0.154367052140796 0.0300712149285029 0.150066809580182 0.103707450802296 0.129214867133082 0.0931924108413168 0.166960372591225 0.1724198219826
0.184025068595441 0.12561221180573 0.120913567617839 0.0658190689855216 0.154767302956283 0.125924060059014 0.112608291976551 0.11033042800362
0.243966548553316 0.13256997465045 0.101145872652639 0.0710954552594459 0.126892454232056 0.166766270793416 0.0296803917863208 0.127883032072357
0.0397829219129855 0.0915908876812032 0.226501984166364 0.0286803998099389 0.0120817376382021 0.292461986667185 0.21950117176781 0.0893989103563118
0.124376324283684 0.245497284977116 0.131461100407681 0.0611010341926941 0.151838978832221 0.0547855329695294 0.146155650566869 0.084784093770206
0.0864545613245802 0.0807782969473495 0.2290186108257 0.101329327851571 0.0951634982902536 0.151160032326765 0.021945496214087 0.234150176219694
0.140867766791335 0.165299869600881 0.0605127526032119 0.094236269857367 0.151229142850793 0.0514879324817262 0.158181151995528 0.178185113819158
0.11439999120275 0.143751925092491 0.0282192456690283 0.178421068320275 0.121416147133317 0.157391758608529 0.0951391942282124 0.161260669745397
0.0951249962485052 0.23301031755898 0.164310772827109 0.0422789026812643 0.0707491440133728 0.0663020774380071 0.208465869154148 0.119757920078614
0.158358226740007 0.102527795556642 0.142488074519957 0.134208362436272 0.1497545947297 0.141348555007675 0.00169053295588513 0.169623858053862
0.140829620999387 0.151362609730866 0.128754381823035 0.134019810458191 0.0672749174992047 0.143411879144834 0.17035393268412 0.0639928476603623
0.0751971296652614 0.113211218315878 0.231999453707874 0.154933181003231 0.154648108773255 0.0243692964777832 0.105058224773176 0.14058338728354
0.0922953929900983 0.207780813355801 0.125326181332514 0.142011729913855 0.18816643494941 0.148724394608827 0.075087263221544 0.0206077896279498
0.13713000443902 0.0399914589306914 0.0417147582229559 0.121490315875688 0.0828199055517866 0.18069050682428 0.155715274711824 0.240447775443754
0.093180850170699 0.022514051522561 0.131238631632071 0.147157110415295 0.0765008190113446 0.114858949817735 0.233701791819195 0.180847795611099
0.0214053733256656 0.0936130728539422 0.190057318348883 0.194217357133988 0.0976036256963411 0.0387350908420025 0.12920820780592 0.235159953993258
0.140431620015634 0.117095592931151 0.120763700296994 0.122909046559593 0.11999705813098 0.0563170336112369 0.192549116899036 0.129936831555375
0.128351750217248 0.167106190549433 0.128373176579107 0.0959320773413512 0.116120771103659 0.0550925614069868 0.176485773392451 0.132537699409764
0.116681015836074 0.209538380399226 0.319172402083528 0.0621598105211066 0.0843267174280128 0.0141646472132707 0.0133153416213367 0.180641684897445
0.0011135331808081 0.248609798588175 0.173446693149273 0.0753473614530801 0.0218044465761492 0.0871203478559036 0.12392046745269 0.268637351743921
0.000931065433422755 0.164110315232568 0.0870094790504358 0.167535017223416 0.114743734724899 0.183182435142895 0.102661687228954 0.17982626596341
0.00327958921525658 0.197093965727344 0.177532085007947 0.131786259076615 0.114741285890513 0.0973046895972202 0.106051432560677 0.172210692924428
0.194573379326215 0.0016491919410896 0.172631318362826 0.0384614671387288 0.172920683225278 0.154935160443874 0.171830438731795 0.0929983608301953
0.162866846475484 0.145840284535293 0.0800596080153832 0.183599114335268 0.115535431259663 0.0422438556510287 0.101103842056212 0.168751017671667
0.227339409694726 0.113799802956375 0.152454108599684 0.274851932631738 0.0489312926975363 0.0428924035701185 0.139432810139055 0.000298239710768168
0.0921008010631421 0.222233389881013 0.00553690191990719 0.150330402196354 0.072036821277376 0.217909716535623 0.0511817041992951 0.18867026292729
0.0540712633305319 0.0685626613519066 0.283969583457005 0.0856934179284222 0.155880894589541 0.0263379865511553 0.163205614906033 0.162278577885405
0.0882960937013657 0.0300648202723738 0.191533375981906 0.17852802654881 0.162041786623753 0.170048334758252 0.170500285934377 0.00898727617916274
0.228351778098879 0.200823458389864 0.076709640789594 0.00128573349441598 0.16366927649265 0.133327641681777 0.166642264629805 0.0291902064230158
0.230151688386928 0.100514138448232 0.233206493643366 0.131965578485679 0.0223131520557295 0.170206856283831 0.107705016454706 0.00393707624152824
0.134352082674124 0.184658588321867 0.0390547362283583 0.0730218043236549 0.221643013036363 0.208683515360926 0.0564869076162002 0.0820993524385075
0.0975064706017813 0.0595505630217404 0.203135252292111 0.0746282332177806 0.093929006824392 0.169066274950265 0.210777208286422 0.0914069908055076
0.0696327995870636 0.174169373497739 0.154094718144189 0.130368003315747 0.0204973437393148 0.194931788839823 0.117726757607602 0.138579215268521
0.153921114240213 0.115678504611083 0.130494638540443 0.145131285235793 0.131231632006192 0.178919991737851 0.130874246145206 0.01374858748322
0.033749999547463 0.108164083283524 0.161645365182221 0.0464287100711717 0.231631775340752 0.0414262564959973 0.19358814825044 0.183365661828431
0.0292771738525248 0.139524525480327 0.00314854915857172 0.319299678463336 0.0950713322159962 0.0708798261529951 0.338652106151718 0.00414680852453145
0.0218257002831214 0.0158124269286495 0.211795035302194 0.0487758704350362 0.255524992590198 0.222921485618608 0.0540607193629647 0.169283769479228
0.155080899808183 0.0189681229002267 0.0594976810389031 0.0697284850323037 0.182644529808853 0.103708664276184 0.216908975649783 0.193462641485564
0.220985467624515 0.16338855424668 0.0526488622879399 0.0990172011806343 0.130117492947591 0.159464265824729 0.0985830177477956 0.0757951381401158
0.0110622976324481 0.129140976571971 0.197640093445235 0.158569101546401 0.164935145242868 0.072688575213252 0.0824031689390926 0.183560641408732
0.0658477392038278 0.303752280480197 0.0420304892092022 0.133502977603325 0.12240179790627 0.109607626885645 0.188847781692735 0.0340093070187977
0.0578714285564189 0.0379076791502741 0.0311099854844065 0.0756188220610411 0.30127495827218 0.255110206136778 0.159789478330943 0.0813174420079577
0.21106142808492 0.0389585400568603 0.0302962907165008 0.165770996322358 0.216810822711193 0.201912534143268 0.0547478462224074 0.0804415417424917
0.14498968696651 0.0742344390335232 0.163075581523085 0.0788381764766832 0.0346608661817367 0.129516748152474 0.216759747282961 0.157924754383028
0.137234292615274 0.113519610636648 0.190668524766348 0.010628839232202 0.174050416450752 0.0398769409457534 0.205308659669011 0.128712715684012
0.161519469826185 0.197280450669652 0.112475747958286 0.0280372124830582 0.137357214070212 0.21821600522012 0.129690858246544 0.0154230415259424
0.187923985632551 0.136208699878183 0.125037328945286 0.126523789043802 0.10350742036164 0.0227021345184492 0.094217578546652 0.203879063073436
0.0550760505097204 0.0203773013528218 0.245775529953864 0.0202488890633436 0.139594088034497 0.120867708876532 0.169731455134429 0.228328977074793
0.204503962104231 0.0276219569681075 0.195685725381005 0.203180209183356 0.0281055189859702 0.251526343161227 0.0557955014456474 0.0335807827704566
0.125486481026139 0.240602049292398 0.00259991939835242 0.0442127373453609 0.0954594432833144 0.176692550748341 0.200121087443543 0.114825731462552
0.0139544572624196 0.209356381654794 0.21071283089439 0.15444574956774 0.0499405642618005 0.184893266734713 0.0296181204310099 0.147078629193133
0.0680183129563999 0.112023382556343 0.0554551109008261 0.252111406963873 0.021912339041044 0.193601987493337 0.103256387011975 0.193621073076201
0.106365553117017 0.206026457654367 0.148186722904296 0.106503940924157 0.0273023264353344 0.111315371122714 0.168361301100022 0.125938326742092
0.208000294046509 0.0990290517363763 0.0260964888852015 0.0917526916834299 0.209600637979958 0.111337026839274 0.0873701890571757 0.166813619772076
0.0538543743445815 0.14122632619043 0.0710685113605191 0.118726674498783 0.115373455524431 0.194940299660715 0.149838400904752 0.154971957515789
0.154202896396302 0.0510222384070444 0.170265100461357 0.156147455780024 0.109161762507637 0.0244465190938076 0.0312945195043492 0.303459507849478
0.0654793507621014 0.0930830223709509 0.149236045073912 0.061481126130349 0.253398047101545 0.00977835882826066 0.102908396497752 0.264635653235129
0.00984113949187858 0.149758088472428 0.0582971739731353 0.146836554123376 0.218026041347899 0.0135110277398935 0.144951938045829 0.258778036805559
0.0804567999800017 0.044325446619911 0.0145881914973462 0.234306864949459 0.0413566593216949 0.257116279481782 0.0718267087570727 0.256023049392732
0.183145762308456 0.119551937589211 0.0579905349222208 0.159675717206323 0.198588106773893 0.0374116746175528 0.127724427323017 0.115911839259327
0.354544194127861 0.0241977766628515 0.0442479379234273 0.0879997325045513 0.0316011998977426 0.231201554216799 0.0102437249892766 0.215963879677491
0.211968534037989 0.0691652405907795 0.0384884811925575 0.107392979265457 0.168341533299543 0.135495203651763 0.245749503580872 0.0233985243810389
0.234971832366528 0.133154084837476 0.109351935342977 0.0710520978524561 0.12837672520892 0.235525141409418 0.0259447537043443 0.0616234292778809
0.0704668195578183 0.174194745957379 0.164766872055345 0.20771243676956 0.120931476817572 0.0795539237560727 0.086662494861204 0.0957112302250489
0.0710622064199345 0.124885396501194 0.0244522270217671 0.0815195497040863 0.165845813718501 0.170041190167406 0.208561500197149 0.153632116269962
0.0311854983543263 0.0901035575605496 0.0845409126937928 0.19513789469958 0.132476161675856 0.207507046227219 0.122152891240808 0.136896037547868
0.0772321952181714 0.0302643388512036 0.00544788177220191 0.335272000278217 0.0791543213654324 0.205950157903068 0.090231208419337 0.176447896192369
0.0511316384623641 0.108117577903479 0.0448498142744864 0.175058683215304 0.202319141611521 0.0927182624807427 0.191505613019747 0.134299269032356
0.16248209393091 0.0414163956841188 0.24247377841477 0.164846492827537 0.246961382153389 0.0648970330199631 0.0667279173846092 0.0101949065847027
0.151416968059985 0.121160702374592 0.0829267671688918 0.124400816782976 0.109201154146623 0.0806556752641679 0.200414558429257 0.129823357773506
0.16334881655541 0.160624091718574 0.0156695958183779 0.174521781344576 0.12352514082106 0.201083969456879 0.141795224529487 0.0194313797556376
0.128902901915341 0.166071933372705 0.160053119112805 0.0728491918345711 0.115189259548371 0.0644971834028394 0.184119302965667 0.1083171078477
0.00941654393936713 0.0732193690771689 0.0766485460742042 0.253880888448593 0.271041846455179 0.149066756538034 0.0522914496578214 0.114434599809633
0.158589480945374 0.145119709600923 0.162536399810229 0.0541566646507362 0.12565465035048 0.137554449692545 0.1261504387395 0.090238206210212
0.0693420503532156 0.0291822218447222 0.179945438200102 0.230096293467195 0.187814969235132 0.120468910289015 0.146980622264296 0.0361694943463221
0.168002587167793 0.0661831685700869 0.00565715530730799 0.0249503544098914 0.296314117783789 0.297813938950148 0.062536183730226 0.0785424940807571
0.0890689185177769 0.0833237460302934 0.180584827999839 0.23212178978932 0.0737729255087863 0.120863244510716 0.121601431557075 0.0986631160861943
0.0128841339300571 0.0400551632126089 0.204900429515878 0.0550288316254312 0.0340641246080106 0.176592167790158 0.275494435396888 0.200980713920968
0.0593866415568992 0.084499663535152 0.167215046452027 0.123093038976101 0.0167300581233309 0.154869219135927 0.296418999910986 0.0977873323095769
0.00139031447560477 0.116992405711076 0.0640936291423094 0.251126872684406 0.239514520229141 0.198755949300827 0.0623587123213602 0.0657675961352761
0.228280856046699 0.0443722720891083 0.0528177538162801 0.00911217513777088 0.000760303252055245 0.224064984711193 0.154941881453722 0.285649773493171
0.34051964674583 0.0215468388617183 0.130809264373385 0.0281124820801442 0.134554706277761 0.191081202822409 0.104358212259824 0.0490176465789295
0.218372150711128 0.203076599364206 0.166583860966099 0.0599512268966577 0.0602080049826308 0.0207905313142726 0.211137820998264 0.0598798047667407
0.234615275417692 0.150626918384946 0.104591615662699 0.0747333138771451 0.0284435405133861 0.189253044467293 0.0507209708900669 0.167015320786773
0.234265939543048 0.0293133500830302 0.0538178704353512 0.213112851260522 0.255239704267224 0.151800612587025 0.026941955935509 0.0355077158882905
0.0980652428225857 0.116434612455683 0.0158091625180518 0.129435319082219 0.161528384922961 0.028368299194033 0.308263262039423 0.142095716965043
0.168569625564172 0.153886309930318 0.178393708753902 0.0130430252157628 0.118253114578939 0.139864788929768 0.0658023006053673 0.162187126421772
0.0711436255748514 0.0861964152782217 0.126958553023407 0.138568421657858 0.232871740989651 0.0641655983159692 0.0641137616661595 0.215981883493882
0.202382377853315 0.133016471822207 0.110344180306773 0.220949124515228 0.0930981176353056 0.12751175616763 0.0415060679748837 0.0711919037246582
0.140021772185088 0.0790476840494607 0.132596761564518 0.161784881611045 0.131956626904298 0.177332266332248 0.051988979285851 0.125271028067491
0.19402631749847 0.204951113677938 0.105900373176832 0.183403137326446 0.104846141305678 0.045604332393422 0.0116452645333285 0.149623320087886
0.251089156814768 0.0265661382913437 0.0705367536387227 0.0874023307543991 0.135046305419626 0.179591818747708 0.07139886681542 0.178368629518012
0.17331030909176 0.111513755811513 0.0596675814993685 0.0789766266679211 0.178403304860742 0.0584668843489605 0.161987346777473 0.177674190942263
0.0936431280439755 0.00801454319103701 0.0494202455869601 0.107010396723501 0.16855576143162 0.153201678540099 0.250104256362881 0.170049990119925
0.19252537120349 0.0471077865865818 0.112992767735251 0.168645687672618 0.169990623075884 0.183582487329451 0.0684225342059248 0.0567327421907991
0.143348843400621 0.213320047144093 0.0372098358605855 0.0392925586822143 0.237115108529793 0.0768393911155381 0.13915118865378 0.113723026613376
0.155768812269555 0.0137174417218799 0.208355125598467 0.11373979712115 0.0768602911532315 0.101338153753955 0.11824585064343 0.211974527738332
0.103671426946787 0.148081760605841 0.050749673365101 0.0858391964108241 0.165278660833136 0.242531226150962 0.0330358583409778 0.170812197346371
0.128969593311828 0.0955753846517404 0.114246034080725 0.214641159278565 0.0377677654361437 0.187170340163023 0.164153393241413 0.0574763298365614
0.137841791712619 0.204988874025113 0.161778352853701 0.0601084327094944 0.154791341165784 0.029954700008141 0.135760395948315 0.114776111576832
0.239527195667412 0.227568777129653 0.114904649099957 0.075272683594655 0.177429033447807 0.0284044783291272 0.0399785472411326 0.0969146354902565
0.109522518826118 0.25452581115813 0.214310537277901 0.0368185832708552 0.11063205931495 0.0952710961583563 0.127570556147976 0.0513488378457151
0.192379431321264 0.0282479063274638 0.13812875564371 0.133483480006541 0.192223584360765 0.0285815026118539 0.0436906128908818 0.24326472683752
0.191841657162892 0.201638890285983 0.200431718413098 0.00295273844172212 0.104782059477903 0.128201042259796 0.017842969091771 0.152308924866835
0.0418486529266869 0.21705000774616 0.0851760789869834 0.142071324759075 0.0714011878169934 0.133997004730542 0.153656441753215 0.154799301280344
0.106764892397214 0.19124316856072 0.145820669088485 0.118258700309335 0.142384677000245 0.0266631656867561 0.0578443390757676 0.211020387881477
0.137372224612162 0.0310470289735833 0.17145307462247 0.155117288508172 0.0422698902468154 0.136326494271624 0.132345780996863 0.19406821776831
0.0345559840970816 0.206891443353739 0.0799455423371443 0.0628850065564193 0.146656496586875 0.192306001242381 0.120106213710384 0.156653312115975
0.0148220133901107 0.222404604788205 0.0592766399525091 0.135172716259527 0.208894770211455 0.194040582148902 0.106630127271742 0.0587585459775501
0.082661196610668 0.203185531752392 0.178704126221532 0.129248107265111 0.0604217668257903 0.138949206160102 0.0772409170604353 0.129589148103969
0.159360635089312 0.118831247750733 0.0780566918596624 0.183234499111851 0.225624548798947 0.0258719938671839 0.000941085622719587 0.208079297899591
0.195410813050618 0.17550431960989 0.132637398139907 0.21583895656548 0.0159408602584438 0.106719904443501 0.0568803844552994 0.101067363476861
0.0843121078307437 0.1005177854977 0.328107744841432 0.0351060330501795 0.130343011243084 0.0844722325595272 0.211362572360095 0.0257785126172381
0.111173353595248 0.108676878071528 0.0925656889261805 0.0690200002725051 0.023446424559106 0.263185213620449 0.25405091870289 0.0778815222520931
0.0109574314727845 0.165202892076058 0.240931921934153 0.0951226248615045 0.0738186088696813 0.158530874046678 0.22806073336393 0.0273749133752109
0.257288419448601 0.199592348374699 0.0376036787486232 0.162296858905432 0.104328429467018 0.0624581908609558 0.0506680575675965 0.125764016627074
0.160690350160942 0.12490112227802 0.200660404395145 0.156594104092474 0.194908981941935 0.0218957564416364 0.112957820416281 0.0273914602735675
0.0218030104142326 0.0816222674316781 0.0754066121949578 0.254625022247454 0.210468800686961 0.119838611314571 0.0587674928375754 0.17746818287257
0.161700140985326 0.109989330397046 0.0756672307945565 0.013415907456205 0.196198394284643 0.209019166421685 0.132443783331983 0.101566046328555
0.135949483418744 0.129086307341427 0.0590520934044781 0.15364810837721 0.127405261029446 0.0897478276072212 0.150209350957137 0.154901567864336
0.184019068408558 0.243255268175413 0.0489714203007847 0.0780380904911215 0.0792443023007857 0.147202803522312 0.19399643635877 0.0252726104422542
0.155715118806534 0.239161757428989 0.177246547869034 0.0453499222328045 0.0170070740242273 0.102656042889827 0.0541131546716406 0.208750382076944
0.0194655158430721 0.0883174716654496 0.221391596215541 0.137044724128691 0.158297754497629 0.0613361280862783 0.190622207382495 0.123524602180845
0.131731661845779 0.0743211512299119 0.00961390001533236 0.218435142611734 0.152328391814348 0.156270001407856 0.0512954496920691 0.206004301382969
0.114142399599771 0.105591068306767 0.0452318703101146 0.12068284128902 0.23806939945181 0.0162324507912214 0.0500570652648129 0.309992904986482
0.0367866431566416 0.211161635830546 0.0847539086660216 0.172845213339793 0.167854043415574 0.149491518937644 0.0242473002513379 0.152859736402442
0.0299043532439797 0.244138603137319 0.182991115411816 0.0294253668443397 0.00377033418934387 0.090148322038683 0.228971739282436 0.190650165852083
0.228732101205614 0.212106277403145 0.0449015393344495 0.129308543561708 0.0948595998669822 0.102469723191653 0.0458985932217974 0.141723622214651
0.100674533055557 0.077141574332133 0.236806474782516 0.00882959150560594 0.144139015854908 0.242453085030719 0.151246826247261 0.0387088991913006
0.0213938340209846 0.060871442812908 0.162767726239818 0.259475645451117 0.0935918390261984 0.0940647879587758 0.0964640736308642 0.211370650859334
0.170112857745568 0.0943832155549292 0.068578996209432 0.174848024050522 0.10423157011423 0.0730785603463375 0.157027287334183 0.157739488644799
0.196959829999522 0.0508349017653892 0.0341804473125373 0.198801373574385 0.185104415904983 0.0409124164361244 0.120673137336135 0.172533477670925
0.0804506916308843 0.218846472105659 0.14362831231178 0.071021235971458 0.0773664244897651 0.213364222771889 0.133593693289922 0.0617289474286416
0.23976896988104 0.13137970575865 0.198037735029402 0.083699523038798 0.146337281510068 0.0121144908818323 0.166691257102872 0.0219710367973385
0.0908327171349348 0.133229691358357 0.196385922484055 0.18638459109 0.0716557293147652 0.020194388588514 0.0713997799520354 0.229917180077339
0.0230683541170907 0.11763874988507 0.0821220822717444 0.118983470774234 0.0949964283938995 0.177522181384659 0.200248632185475 0.185420100987827
0.0910062218920926 0.0468056620248412 0.0202957051525222 0.156991197057072 0.195687942468133 0.20211260360444 0.119131232383384 0.167969435417515
0.175008557053567 0.137566936299194 0.142019887639177 0.0755207298599534 0.0603666798124823 0.179462448363522 0.107848708856105 0.122206052115999
0.209549136265254 0.0630120112632858 0.175213966248831 0.16509098917054 0.0998059097510792 0.145367592052021 0.102761684986887 0.0391987102621015
0.284049126591082 0.0438814029757283 0.0513998523715044 0.0449310996327657 0.163132766939121 0.0126135053290414 0.186906011390701 0.213086234770056
0.163720803702194 0.0773733042008937 0.120727882375146 0.137461948162437 0.233182387164686 0.0879500544292742 0.0548413255443822 0.124742294420987
0.205287611335686 0.165079960099921 0.199958515288966 0.166622317115099 0.0273218633704378 0.0185511583932525 0.0425903064805979 0.174588267916039
0.162130090768783 0.167974605949824 0.0846207644908026 0.173818057841549 0.0827549364748456 0.135272305718112 0.104686725707432 0.0887425130486523
0.278877588794015 0.0764362655707059 0.0594160257848466 0.0282835076369323 0.141441948250431 0.157231884761836 0.000318050537543918 0.25799472866369
0.0518698404621439 0.135553486038387 0.173128074072151 0.105031190860811 0.0449904125970337 0.101853395915266 0.174391179605903 0.213182420448304
0.139393753945846 0.13192642395714 0.116421671435754 0.218045272810896 0.0274124861834035 0.134727205308659 0.079454336677567 0.152618849680734
0.104468113860738 0.0758067378286265 0.0368075231607113 0.195283148093892 0.0134067419349058 0.166146378688791 0.220806020058365 0.18727533637397
0.0282619517875815 0.0682281947862851 0.192764267290744 0.156275601261793 0.136340357693765 0.0789299932689533 0.211435170028935 0.127764463881943
0.0738180814536789 0.126819750907601 0.0958683944429037 0.176321927560201 0.158795622003057 0.110884199491739 0.0513757064712361 0.206116317669583
0.0435283533615795 0.202265550363874 0.112033016046432 0.0509367732849364 0.0866508748361159 0.205568232113228 0.158086951299286 0.140930248694549
0.183200581520444 0.0329591273269857 0.125210307750668 0.17729425382765 0.103367002520258 0.15580138779509 0.125732170328928 0.0964351689299768
0.197561651314936 0.100407915836247 0.0540648018047298 0.145242574480354 0.181781646187534 0.191448331840959 0.108956758740383 0.0205363197948578
0.136718691972625 0.171296323145283 0.139240809684064 0.1078987857687 0.112737953544849 0.094242249464804 0.151215470179984 0.0866497162396914
0.14481045591419 0.112340731422558 0.162530733613669 0.0577837492760572 0.14533242485355 0.131595447364805 0.147572122765481 0.0980343347896894
0.181041481058637 0.14325028048935 0.0932133528177645 0.0841472608662883 0.111350330607255 0.172274261251362 0.135941318449666 0.0787817144596769
0.151557296232949 0.138840913681138 0.083529200255758 0.122041566631155 0.167922607954257 0.114129308638592 0.0478804284867638 0.174098678119387
0.196444277611402 0.201614404954084 0.221935506686398 0.087254262658832 0.00130002704079384 0.104100197208711 0.0368061396564734 0.150545184183307
0.129487906737842 0.0312028259605041 0.00758942494155828 0.223382832069968 0.0390617228266237 0.24291964799613 0.232373954528143 0.0939816849392302
0.0644319527905377 0.148733049672844 0.169245234487448 0.108903212108889 0.123623597621465 0.144630256251888 0.154895006032048 0.0855376910348805
0.139157439983316 0.135609434344318 0.118560273754992 0.0205223298036074 0.175704311488464 0.118421376950506 0.153820463147166 0.138204370527631
0.0516391790369017 0.196998138747971 0.0818329750871072 0.239718646380657 0.190608060399104 0.0876458011517571 0.125154333344713 0.0264028658517885
0.312374532325227 0.000777691445499735 0.15652343317275 0.0836654775736994 0.206763445071995 0.0193209315836401 0.104285580093383 0.116288908733806
0.2409403658144 0.163879213724032 0.0130362595934873 0.0540950588258995 0.182234646296705 0.141589800347429 0.0488948400452453 0.155329815352802
0.0137964224668212 0.0766888549275548 0.200551992947811 0.162616584585764 0.173505720153863 0.152430733327173 0.0666856586318878 0.153724032959125
0.16495696771633 0.0556402629060677 0.149228793882234 0.0106064814906943 0.202892321631099 0.0443335229302758 0.18090043790252 0.191441211540779
0.0214260785061972 0.309533031985872 0.0244350920006598 0.0358259483641822 0.156891572282103 0.0530184009174792 0.303098726634809 0.0957711493086982
0.0455605681430524 0.100929161538518 0.133201366069966 0.0758447306294591 0.168158086903135 0.0721734470932015 0.201235884585972 0.202896755036697
0.191432661006818 0.132043321300589 0.0190531924664871 0.024268199400696 0.175820935495625 0.106002865471259 0.16329990992204 0.188078914936486
0.127487726383633 0.178388170720071 0.14355977217458 0.131188024765372 0.147259900453689 0.126529311399026 0.0447572179068952 0.100829876196733
0.0552466533629948 0.160705156406522 0.0947286307686441 0.183804748560931 0.127916003868639 0.00435597652933362 0.204866895444056 0.16837593505888
0.138376160434915 0.19284652486587 0.0607523745430584 0.105199027159791 0.153936269900859 0.168792217548677 0.152387734332794 0.0277096912140357
0.0549563337298609 0.187959210304538 0.0407152562447701 0.213292003290342 0.19979729206187 0.0667598848115332 0.154294531552428 0.0822254880046573
0.0481910799899331 0.164725158503328 0.213798600864495 0.105648917937746 0.0901250371250599 0.0589324866574708 0.183797882816514 0.134780836105453
0.174643682199708 0.0836476176863658 0.241778962942085 0.101783653065421 0.250173564020179 0.0622880047118348 0.00251788076238093 0.0831666346120263
0.060697561485993 0.144418005721089 0.185403913803786 0.10548578631808 0.038417940263291 0.169619464959951 0.135901902080973 0.160055425366838
0.154750047408378 0.0544553971605581 0.0490767693651583 0.224451390205658 0.0878117301596297 0.0318142646352624 0.165477666889754 0.232162734175602
0.192631368488623 0.081643193316705 0.128035817284087 0.086822829660715 0.0619228208299552 0.182033244614769 0.191654597570919 0.0752561282342263
0.227194493319003 0.0705533571605078 0.139079630959138 0.155739192778015 0.0337798282371267 0.0872458085863944 0.152330854862547 0.134076834097268
0.112847946768849 0.147779043501522 0.0132121700748666 0.265266143616424 0.210464910077299 0.0559711765810605 0.0990627952955716 0.0953958140844075
0.112986733735553 0.226797051293837 0.197349073715317 0.000909235614957724 0.0285598207157366 0.0997577976637191 0.118842033648126 0.214798253612753
0.262370056391066 0.141272920326802 0.0623591610878446 0.25280231163766 0.0779662113971661 0.103572951123401 0.0121585076877138 0.0874978803483471
0.0937965989920767 0.178836128072822 0.0790449348210441 0.139968004198357 0.20098470366511 0.0822443420989558 0.176748857533678 0.0483764306179563
