0.00269656714277285 0.265079974350856 0.117367092235985 0.197419968021818 0.0417722161580042 0.151973816007997 0.197456948703504 0.0262334173790629
0.0777107138130975 0.146203730360789 0.122846479696601 0.136427048879098 0.121175957768489 0.0183358070317773 0.188184860077408 0.18911540237274
0.00611579806458168 0.11805118960071 0.0927819918973537 0.129419858736165 0.200498046230548 0.0606573416986442 0.196692873473306 0.195782900298691
0.0266208561601654 0.0862101071424203 0.155441470173907 0.182160471949329 0.0584291576874658 0.208996563786949 0.20647063567245 0.0756707374273136
0.10246352716353 0.217643159101521 0.0362284267074434 0.14294193918986 0.00788383821106654 0.112083669448654 0.128852477368388 0.251902962809537
0.204384057261376 0.0100939115712398 0.189952051960753 0.092571985582314 0.0859957868807288 0.200295851720296 0.00551074268200222 0.21119561234129
0.165961379082209 0.147205607260367 0.149523210539394 0.127308758201331 0.15656397295485 0.113371378584999 0.0327529013107826 0.107312792066068
0.144993379170583 0.134238957326421 0.120855345635928 0.181817788243882 0.189622583810042 0.0418481900087871 0.150909460322046 0.0357142954823116
0.0345683314695154 0.15847720998692 0.0845438189771082 0.221094162965508 0.0212898961312087 0.102241736214313 0.18246340265689 0.195321441598537
0.171323602687099 0.148482149752219 0.17410314163665 0.0992137068717832 0.0111188022361582 0.0932852275473228 0.0931244247347996 0.209348944533968
0.215330397211837 0.140466559879585 0.117780118418342 0.153110498792522 0.142320035662892 0.0613413309117971 0.0682426242577581 0.101408434865266
0.21806075350997 0.032694668217555 0.120593137343578 0.232969064324329 0.0728680225050172 0.209092881922786 0.0210181873173309 0.0927032848594333
0.130087978290423 0.241030046391663 0.0218074973465288 0.300062912029746 0.00420588318204252 0.0120550095594991 0.287297078920067 0.00345359428003018
0.179540869220342 0.166698901348099 0.0590377336839354 0.105831745790277 0.0358595090657589 0.18172125044936 0.127124075029164 0.144185915413064
0.173918923267949 0.166607768468395 0.0102328274458459 0.245954307103711 0.0358917043275129 0.060244200907752 0.214871254507772 0.0922790139710612
0.0835933510351469 0.00504011995296794 0.224879038364367 0.111259009816708 0.0994040532800626 0.024282160336403 0.224093290576778 0.227448976637567
0.058703345068401 0.207626223734377 0.122130074744653 0.208655016011391 0.0741267548546733 0.136605607027441 0.102411309547098 0.0897416690119653
0.0369396913718404 0.161484120282745 0.0699318476716889 0.218141727702302 0.234782864129204 0.0839124205148275 0.142503176421027 0.0523041519063658
0.164412025772812 0.0243770568465296 0.114606568462907 0.031764660637572 0.299934263627523 0.35076883026791 0.00821403976505509 0.00592255461969133
0.09086429635323 0.270528685708382 0.0316304242365815 0.159402462379486 0.0976989352075957 0.0921957574355033 0.227947360512469 0.0297320781667522
0.041065897281229 0.059863507165344 0.228049607973665 0.00917356844922201 0.161497546393269 0.132313595999837 0.227571063019565 0.140465213717868
0.0466525495785488 0.186812353515252 0.229215543209487 0.129490790739797 0.102217378750018 0.0812925960193016 0.209337150483543 0.0149816377040511
0.108494104976871 0.194875442959806 0.133279075268262 0.232971464621387 0.0540514812011791 0.0134308349039819 0.0966369281847549 0.166260667883759
0.138250311040093 0.0222553863235289 0.202256223693109 0.182649517009431 0.0139531806583792 0.145158811858325 0.225372224385643 0.0701043450314905
0.138458571275683 0.189614852200907 0.144731369028105 0.114920424849766 0.201852425313059 0.150836930304376 0.0227891538831647 0.0367962731449401
0.0242195037503025 0.187575698241701 0.0606106062617782 0.120754124170004 0.118021801723908 0.086157376610354 0.194440237624984 0.208220651616969
0.106057485661986 0.0309867549613261 0.206091895876543 0.0680990780944194 0.161136636558267 0.177655158457607 0.150763855050806 0.0992091353390465
0.079006954004364 0.0797661440408562 0.118524973217151 0.110096469260798 0.208075669964259 0.185473063716829 0.00913961505013318 0.209917110745611
0.0989785887323642 0.0597807608532112 0.0475317767926669 0.177395506513982 0.130255674406123 0.138264666407856 0.106251979147714 0.241541047146083
0.134523797405781 0.20947148183942 0.0885929258900477 0.149276183615751 0.0817704132027066 0.073170746304632 0.0330288864070901 0.230165565334571
0.207834729620598 0.202433630937682 0.163833091847378 0.0387467309374966 0.165710465681061 0.0717184236956016 0.0917047115595201 0.0580182157206633
0.155836120999115 0.142000259362102 0.0299945399240728 0.120296721031879 0.170199159589626 0.194001054654515 0.0939326425554932 0.0937395018831983
0.174448186618332 0.18495700739381 0.105259927505972 0.0757664759252754 0.153912562925284 0.181397712388914 0.121309016558092 0.00294911068432143
0.0148846771605247 0.132946746095363 0.0454222767996906 0.174858816912997 0.0746312524742098 0.256201146152685 0.298960549463812 0.00209453494071818
0.126436997053907 0.0663132735378898 0.147960882468255 0.0523052777798999 0.200058024001003 0.0479382649040086 0.15667840471849 0.202308875536547
0.0513931174861749 0.178885198668469 0.0216118393027026 0.204167624119713 0.142188539575173 0.176003414848841 0.00483325572845935 0.220917010270466
0.163421509434134 0.110552078485816 0.0748819361851643 0.111637536579869 0.152245761734163 0.139726982889812 0.100739322235077 0.146794872455965
0.125788950760508 0.0483161969501257 0.227004673632364 0.114923747437167 0.0869082219462557 0.0895977261784942 0.210679634205706 0.0967808488893796
0.198776485374481 0.151235499364246 0.123183205323005 0.0194680541591148 0.0819985778761365 0.20315896555773 0.149954185265458 0.0722250270798297
0.228724888495071 0.0726878666481828 0.102361264985553 0.088727770526772 0.0629138098146689 0.0542275036643761 0.224834033009968 0.165522862855409
0.184026271699714 0.186384382694652 0.0597369611920406 0.144005501203239 0.071321367641635 0.135706996779811 0.180782165328476 0.0380363534604318
0.0300139546415762 0.146881645759018 0.166774849870969 0.15981891676486 0.0400257873815505 0.185617576801769 0.108103243879239 0.162764024901019
0.00365096816251253 0.137752776554682 0.0101141706249387 0.0850473951428865 0.182103571102821 0.212898909773688 0.200518611545733 0.167913597092738
0.174220919242189 0.196032595561774 0.123488758471959 0.18264884519977 0.125782038133938 0.0732930308146225 0.107379252298113 0.0171545602776341
0.186252783848155 0.156694597557172 0.16285768066491 0.147239761221893 0.125502702887888 0.00988727523543104 0.135862787082283 0.0757024115022682
0.00557650791026955 0.3373218834347 0.101208916195819 0.195174961606382 0.0594360882377917 0.130296818526639 0.0621411586719476 0.108843665416451
0.0609320723103544 0.11327976237351 0.213232546351525 0.219168745975981 0.0160354997057867 0.0927684947629326 0.0540526016151876 0.230530276904723
0.017091406605248 0.0828377174150714 0.0977570834637132 0.13484374108689 0.28710214375 0.274477471319056 0.00349071075648424 0.102399725603537
0.0523069041890644 0.251109931625849 0.0138909802578631 0.285661512727768 0.151734786683889 0.112996080412002 0.101801024545891 0.030498779557673
0.0827760285192279 0.172102401984803 0.144634107324968 0.0481955312323651 0.148439450729283 0.164089842849775 0.158683095073815 0.0810795422857633
0.220993800255849 0.138959660524401 0.102997416472769 0.132800067528233 0.0706457229242474 0.198836358119306 0.0228306106538448 0.11193636352135
0.245346216713712 0.0887215077078957 0.0494940558496628 0.126586285273098 0.172682877970469 0.0156886252456414 0.0873489453093972 0.214131485930124
0.113709801500983 0.21158579542233 0.0471969981236245 0.078491796886407 0.0632298160845017 0.158740202227285 0.202977604662937 0.124067985091931
0.0379349039064543 0.137922399618834 0.194352847765335 0.184248146016743 0.159077135914213 0.0735053435983361 0.0602482484929035 0.152710974687181
0.0570936979552931 0.00913427961283681 0.0497331576955423 0.1572232264644 0.205537557544723 0.205972377543361 0.235909178819578 0.0793965243642654
0.0617240316281955 0.151076360851155 0.0612581223817095 0.147121452778256 0.0797975764569119 0.247213242522538 0.169900042804451 0.0819091705767841
0.139877357977248 0.169184400545142 0.0875609426870191 0.15829339448801 0.136404747122159 0.148216369066407 0.0480154558037745 0.112447332310241
0.137352071047322 0.261017356242734 0.0280531883877639 0.153435207266909 0.214976909308335 0.0458403376661017 0.121239516472814 0.0380854136080197
0.00117745759462618 0.0568580665789471 0.0365665062809464 0.282934388554382 0.0976722821293811 0.0207047050517047 0.279140257772639 0.224946336037374
0.178385086932301 0.158337024656691 0.0582213611306214 0.181005191950589 0.101646190551859 0.00880096950501933 0.12272770385631 0.19087647141661
0.178853422637475 0.177174137093811 0.0189547783170538 0.13523764429977 0.0788872251928476 0.175246329674851 0.127668153522341 0.10797830926185
0.24004637056404 0.0374534229081796 0.0240265507990089 0.209874587698755 0.15545119373815 0.0330994214776818 0.257733824932939 0.0423146278812458
0.0856435322550475 0.096004179912693 0.319538181746411 0.05944817051317 0.156966288394811 0.0700785825929929 0.00748948660834116 0.204831577976533
0.148556572299486 0.0192275134919668 0.157075475361156 0.0633499636592845 0.258109151017806 0.00983135483024826 0.09459821326928 0.249251756070773
0.237422603783847 0.0221417963733491 0.070857367819926 0.0125839225654609 0.207554539311745 0.21217529478312 0.0917538604404412 0.14551061492211
0.239261781609485 0.129103559755077 0.0654957248252751 0.0751010429866036 0.0966218289020682 0.0255006545537779 0.164832057871508 0.204083349496205
0.0719532552851888 0.0743519294221627 0.153681455144803 0.108521269187431 0.16027952537591 0.161414211434256 0.11796726136394 0.151831092786308
0.178351814310971 0.0701786402360074 0.0026689672777682 0.0355560490586879 0.184090680954637 0.19820233319617 0.183850266987908 0.147101247977851
0.163173512964797 0.160703903989226 0.176836858251983 0.0767048489250273 0.0666625040903115 0.134851366110584 0.110872257454454 0.110194748213617
0.023688351177746 0.0870759592198205 0.0851844488444551 0.0765588211627684 0.190975148050189 0.220833967044472 0.134585319696966 0.181097984803583
0.125252517598939 0.200422748895338 0.106636674046262 0.217892480735327 0.0423476221939645 0.0187589810079067 0.190124105786746 0.098564869735516
0.233458649143521 0.189512946473461 0.0875051228962832 0.159680048737871 0.0430047739513176 0.117219113216536 0.129123973559847 0.0404953720211642
0.0478039771029405 0.126816501512544 0.213712125372573 0.246817549842649 0.0909190458613388 0.101016122000083 0.0198179901527282 0.153096688155143
0.0448376030786482 0.2506547750034 0.244455542817318 0.132997345075754 0.0123989993861199 0.238821274054269 0.0593994568220015 0.0164350037624898
0.165847353027398 0.0534463585603266 0.162218167685822 0.13145682780411 0.0833590324495377 0.101739737056059 0.189920769036374 0.112011754380371
0.135541000448596 0.139111032327362 0.10077883228144 0.115949028788018 0.152919040484418 0.147710289569708 0.084340271019288 0.12365050508117
0.122697990781268 0.133823970062697 0.151717518504765 0.093848370380701 0.116871144812771 0.0739932573013266 0.179503540760212 0.127544207396258
0.21069009652152 0.137580273752865 0.0791184458400336 0.124726956987217 0.0682459792813142 0.130966238033961 0.186706208537233 0.0619658010458558
0.0766499576114075 0.122021563826928 0.164037998697078 0.067649970911938 0.19699556473014 0.100563899589704 0.161546393345214 0.11053465128759
0.16777851499442 0.122683914355503 0.162783918684173 0.107644734868601 0.18188686834201 0.0423642425228025 0.0443376882633862 0.170520117969105
0.0168176023690989 0.11562110570084 0.0869633210870901 0.168861753530555 0.120867180130138 0.16540703850801 0.14815444111496 0.177307557559308
0.110230743521628 0.0351625389078369 0.202726413964395 0.145824556117988 0.214430826464353 0.000140696127541762 0.161062415672287 0.13042180922397
0.0851880719318883 0.172966720460868 0.158131404154529 0.181123494094007 0.0311387490145924 0.0141256242609455 0.176109754417646 0.181216181665524
0.0510535193889536 0.158640189141469 0.352494714276799 0.0201954385249098 0.125660129892855 0.160964422218915 0.0703686124969006 0.0606229740591974
0.20812839664813 0.0122376686369041 0.17678297448799 0.039025261865181 0.00545678561684014 0.193455766014754 0.189805366377595 0.175107780352606
0.104953797178445 0.21097361497839 0.068773822518756 0.00930530678641662 0.157270227122175 0.115674221980676 0.113979816498962 0.219069192936179
0.245928809173449 0.144932573078345 0.0124163742007669 0.123841397866078 0.124420315153729 0.209143898669582 0.100172089478773 0.0391445423792763
0.0715357852874673 0.151661286630071 0.199723167990616 0.113020755300276 0.234562669269685 0.00339786746939304 0.0776194293946471 0.148479038657846
0.0859437838814457 0.273136489650704 0.00123293076712903 0.123458126857477 0.0712519115638084 0.0259953943813987 0.228280826812361 0.190700536085676
0.043586804865997 0.154911354625655 0.00138919129678179 0.257977731432809 0.206679980223751 0.114707992256514 0.0589893127306961 0.161757632567796
0.0102517125100946 0.120048913411032 0.232676480881723 0.201512582865416 0.0796053718342267 0.093570039835856 0.2544418643899 0.00789303427175182
0.050349875791908 0.109823031488225 0.181642172569705 0.17838055968205 0.182940574299079 0.0673881390244512 0.13212595651598 0.0973496906286016
0.156351221707544 0.230878526649669 0.161795132259682 0.128556650107808 0.0959263267658264 0.129792167664999 0.0608616099109481 0.0358383649335243
0.0244367570134364 0.103035868617438 0.147426421839954 0.0847972015987548 0.150025487657872 0.216377217628202 0.0495492153104206 0.224351830333923
0.0139654093798621 0.095958076154587 0.118638818202945 0.196930293417287 0.181570144777831 0.160429461101227 0.00569545621728303 0.226812340748978
0.00697604791074533 0.196777689190087 0.167188066789457 0.231353861741377 0.0481315466027472 0.155979478762758 0.174230143780031 0.0193631652227967
0.0903878754194719 0.099240331970379 0.0938937864681825 0.130619793388347 0.163706873671017 0.0780614514073254 0.14238320613763 0.201706681537647
0.139171012202397 0.182026810290086 0.0698434485643286 0.0841407844563162 0.177255460661972 0.0440858297002095 0.137827409008292 0.165649245116398
0.164603302080861 0.132378698914502 0.109400742738563 0.0734946569961012 0.0510841531054518 0.179400294316797 0.148085258393409 0.141552893454314
0.0714568152222734 0.199166601985981 0.0797076376288807 0.142224818725902 0.137835628919861 0.0861450306998766 0.147372575244203 0.136090891573023
0.155437918194098 0.126635143941267 0.226287871251557 0.194223750469126 0.0418998660402629 0.145329584241752 0.0952687613341785 0.0149171045277587
0.0715552250097886 0.0243431913288344 0.204160836186242 0.231490104308656 0.184851391383968 0.189777474766061 0.0554240048544866 0.0383977721619637
0.263992995497386 0.222708566734573 0.11551686956426 0.127581009639914 0.0428488617342809 0.0576887032679544 0.119809217983673 0.0498537755779578
0.134005073210455 0.2155717533407 0.035350624658846 0.216917560431703 0.192674248767339 0.052866056470693 0.104422368039604 0.0481923150806586
0.129764518331057 0.127276545024099 0.243863553608494 0.0965037169532754 0.0965469786977843 0.0548136568046017 0.172543639713206 0.0786873908674821
0.0325302888342609 0.108011891886946 0.0806656664350608 0.140480343652914 0.20625332316265 0.192805227719029 0.158717932752288 0.0805353255568501
0.0818988734428549 0.20194432717244 0.122698601425627 0.14216321479823 0.216218584320991 0.0720549472797802 0.00231288908326011 0.160708562476817
0.163761336264663 0.165136479669088 0.0346570837160135 0.17397163008724 0.129566335263828 0.123293416599679 0.188680982869128 0.0209327355303608
0.168255871999108 0.132904923436768 0.0181176648882136 0.0269412640912169 0.075518539564412 0.239156283563851 0.216775157993693 0.122330294462738
0.0884121280391005 0.00211892169565684 0.242805963473723 0.107052416170016 0.0354885124388852 0.333368637552524 0.159684364573949 0.0310690560561457
0.046117648606726 0.0671037552785223 0.148054245975307 0.151540062772265 0.107023446839024 0.197842007313893 0.208807205226563 0.0735116279877004
0.0305684440932045 0.105087255878877 0.132902912464258 0.105115552896705 0.244465166603909 0.270950616732793 0.0159426668060175 0.0949673845242368
0.158699446163607 0.161798550321856 0.174808062558933 0.0742017573154145 0.022566857496223 0.168274498751896 0.167433131038503 0.0722176963535671
0.226829467797124 0.0209078350032556 0.0148743058324133 0.0228487025894671 0.0764349505390618 0.231868382248271 0.396390495053603 0.00984586093680381
0.170165178109186 0.133814272218904 0.147705824114456 0.176458381747819 0.159748744411293 0.0308795867504408 0.116654040245664 0.0645739724022377
0.155710126051467 0.151150164863402 0.144969383419543 0.0921964657193891 0.0883317429571655 0.160263529173365 0.122355021340268 0.0850235664754008
0.204688746027453 0.15793392648441 0.0543185187298717 0.0246754363515813 0.133875501359253 0.163304260541501 0.169206451255707 0.091997159250224
0.0789242328233132 0.0927353701473397 0.145160120371932 0.159636295912917 0.107775106441022 0.142145542755714 0.146712988353201 0.126910343194562
0.119728448905079 0.0708722078823116 0.218228476161991 0.256970934376171 0.076710655182272 0.183681045129928 0.0592021004578646 0.0146061319043831
0.247458990403645 0.0868674079638769 0.129281205458947 0.0217983515601632 0.198029033574451 0.147069573489923 0.163808322266768 0.00568711528222667
0.172208154277251 0.00933500988033928 0.0839242099086754 0.202604999632725 0.0397488386518544 0.167166232784157 0.14555934727353 0.179453207591468
0.11229166693888 0.0370945728353978 0.180753439964403 0.0736425048966292 0.195365128326776 0.0799979851628768 0.18265801363289 0.138196688242146
0.215671772608802 0.0543540034009369 0.0927340055606097 0.154906413398856 0.177077042269269 0.240315397705925 0.035885273973251 0.0290560910823504
0.302301395906369 0.0672956646809703 0.0246097333091138 0.109390757047497 0.0838743214274991 0.108077597170923 0.14465777492358 0.159792755534048
0.094172980991435 0.0136178527736391 0.0284949072275725 0.0794863784888518 0.265352246234092 0.170551578373112 0.0256130549662613 0.322711000945037
0.117670896773447 0.201633562073308 0.255892466411914 0.0539200287254715 0.230213095243638 0.0524290481096892 0.0295028185037083 0.0587380841588245
0.0113049731433587 0.0525271879364029 0.153634860973715 0.101212275498468 0.112084254982894 0.152228924203472 0.117030281544657 0.299977241717032
0.102578097179982 0.153921714482358 0.142110747796 0.117814686534819 0.0999935636246691 0.167926025511928 0.0984940000152376 0.117161164855006
0.0517410265597688 0.167068628410648 0.056900567829357 0.00249491541794742 0.241299646427621 0.131218743893523 0.113863924365069 0.235412547096066
0.0850189799984511 0.0894343378214371 0.197943525712223 0.0660978723087844 0.146727873131279 0.108495987646878 0.163346939094189 0.142934484286759
0.00450283048831381 0.237237856272512 0.0745114988560773 0.0839937951468921 0.214995271299486 0.249879235309277 0.0976631235489954 0.0372163890784464
0.13742623998586 0.170960666066487 0.148491998638054 0.0238681472774275 0.194148633368116 0.252021358179668 0.0290172665123875 0.0440656899719991
0.0727919880790871 0.271712287036287 0.0392582530168553 0.0178017578689899 0.0869372582513051 0.100113207452229 0.253003877901293 0.158381370393953
0.119354535839006 0.128853573565403 0.00812244843997148 0.175355782242721 0.125696467735764 0.120245454265797 0.136457364251545 0.185914373659791
0.224374028015782 0.206156056165111 0.098780151533982 0.0164005147103598 0.0409009163497542 0.0494238202227369 0.191252022225101 0.172712490777172
0.181566588752531 0.0755294050993752 0.0336016116018598 0.102690234191263 0.171126070887013 0.215443764862597 0.0245586608456185 0.195483663759744
0.208169232359349 0.0434891241576863 0.23974088073456 0.00752554067684404 0.0141762021622446 0.0429660188339448 0.250412370476383 0.193520630598988
0.215442681454042 0.0774540034363791 0.163164764929581 0.0036513902271415 0.105061317144516 0.20299445820342 0.131825394339572 0.100405990265349
0.0700008958583261 0.147760352208296 0.15346351003134 0.240817856392941 0.0601832259115668 0.0464518089915611 0.24450150131222 0.0368208492937482
0.0507481148852103 0.18380353718316 0.0528117432409928 0.225553763691874 0.101061338559926 0.0642996792714966 0.19093041034708 0.130791412820259
0.183999167410753 0.174395555632369 0.0662263190804356 0.0345763306561934 0.181943917356248 0.0360385861886454 0.209981143642893 0.112838980032463
0.19883633646969 0.0537934560683458 0.154632498034306 0.120235326759056 0.0351056709406989 0.253012084406636 0.170679094238731 0.0137055330825352
0.0317508556802424 0.114718444818959 0.247148965208359 0.00588876129946833 0.0465331326835339 0.198738638022939 0.21012217604127 0.145099026245228
0.15666897357443 0.173148230352136 0.0562283931572453 0.313392651558499 0.00464330498453333 0.0253867228951468 0.27016738693318 0.00036433654482866
0.107091480593412 0.0391230290527138 0.0349548534067988 0.00495663128209033 0.158645312551187 0.287013646521518 0.150076736820702 0.218138309771578
0.0825560284220989 0.0416455492431523 0.107883085867682 0.127059247145015 0.208377060821208 0.0423274111464879 0.21679394026838 0.173357677085977
0.0559179222510701 0.0270016659157898 0.249553113201766 0.0344962583550447 0.137725568635887 0.29939108357015 0.0720895410890879 0.123824846981204
0.245579878862746 0.0125840243086917 0.108113431811611 0.0324048989941016 0.289056278759411 0.110189826266379 0.000288093395983808 0.201783567601076
0.0587070321885554 0.181600246762424 0.0472447120437252 0.101456002351719 0.195622513906933 0.077089884342609 0.170563874249493 0.167715734154541
0.0232885647697622 0.076690362598776 0.0671403888904895 0.270667051218863 0.131199428152084 0.156944097704125 0.0332113923281202 0.240858714337781
0.203894027854159 0.189448222444557 0.0151562181667665 0.219125339632358 0.0918563010141765 0.118233577753584 0.131831418923704 0.030454894210694
0.238278583949321 0.116872362359219 0.218109933626918 0.0388473498811592 0.00970994260815485 0.169287239864929 0.0379578177207274 0.17093676998957
0.0281380033665509 0.116159389950235 0.28402390599436 0.0824005237698696 0.130980236661598 0.298976635145535 0.0182707318443142 0.0410505732675371
0.0713591948954153 0.0634724486121084 0.146198648388629 0.0356549500684165 0.215353940511489 0.0390334291360227 0.197466593685093 0.231460794702826
0.122094958183997 0.0442872787952332 0.0482416433280453 0.0871365996510075 0.0893510663653318 0.294771231332169 0.270068532847286 0.0440486894969301
0.0906603291967711 0.0255577209768963 0.0624111108981569 0.175773975955043 0.0810144998402315 0.209372152550056 0.124150510945355 0.231059699637491
0.104535722316091 0.146238961177241 0.180838423689096 0.115934111253133 0.0825278599813368 0.192848658557487 0.0960096283871665 0.0810666346384491
0.056453257710475 0.0890443912173944 0.252588040914622 0.233092942746392 0.11912716249917 0.0618730829653007 0.142678253319533 0.0451428686271125
0.0200255028533586 0.178059142793152 0.126037158221186 0.0562797202838814 0.11261890678125 0.178503666493709 0.167630974610643 0.160844927962819
0.0908030198250211 0.0371761215254622 0.229214463013523 0.0650886259469518 0.199109561642649 0.0849416577561224 0.219007221569566 0.0746593287207044
0.00868991870391731 0.247921710679398 0.115522649451785 0.0591089197872921 0.058545891728509 0.135237635923625 0.0980375814411997 0.276935692284274
0.196638850265929 0.0572727638727846 0.165061946354141 0.151199950163286 0.03279063020962 0.0448822713405299 0.144949183624421 0.20720440416929
0.0171032213416752 0.146314337016973 0.130711154717988 0.214462529265414 0.0993163781124811 0.197072150359274 0.0744892374084609 0.120530991777734
0.103604672119543 0.0455574521748418 0.123864331516819 0.0755686315739004 0.0158882936310237 0.205296810377933 0.267289837764655 0.162929970841284
0.16940547440833 0.107867561247262 0.0243469864169956 0.123105767172862 0.182335016179425 0.160031844756481 0.178701118816791 0.0542062310018536
0.14862492207226 0.191425056970123 0.140399387785793 0.10966944382034 0.0209430612554582 0.0945949098234393 0.103266225280519 0.191076992992068
0.0940582529079947 0.221493546394839 0.159881568288946 0.150869853665426 0.141670889546638 0.0403453356274747 0.183084899740527 0.00859565382815407
0.0568736270545982 0.142271418367485 0.0200910317576607 0.209438980138137 0.140821710083506 0.173472334842989 0.0307906658356775 0.226240231919946
0.213886347793697 0.0222131455760105 0.126121513764038 0.184774947512557 0.0849834128425554 0.225047729918627 0.0458223315945749 0.0971505709979402
0.164700240922943 0.149188257690624 0.111889372396008 0.247882461284701 0.0705525590495082 0.00199189519482583 0.0414969414100462 0.212298272051343
0.0398736716744458 0.226188682032115 0.0730883985265984 0.127155269058416 0.111674395280866 0.128150308585756 0.0340603849798732 0.25980888986193
0.133833098024497 0.0135455023813722 0.24195462941381 0.0768043030885818 0.0432343408207996 0.191216159883717 0.180740922443708 0.118671043943515
0.0515057205577563 0.14401993979656 0.0823466429172718 0.0555341666618607 0.245857036909186 0.0131855934436188 0.198839838371389 0.208711061342357
0.07637658550964 0.0333312998718534 0.134276180973275 0.0138275806733505 0.279107764309586 0.011643594346948 0.334970143085386 0.116466851229961
0.109146674358309 0.0633593538701097 0.123427534652165 0.0427469288381947 0.201542044233752 0.15004094121645 0.191864696561732 0.117871826269288
0.184838203818159 0.0876505965817244 0.176708228421079 0.136943433455334 0.0216660124818604 0.0231628941696331 0.126866873153862 0.242163757918348
0.0256511042771703 0.217604138894329 0.223914198273463 0.0643940871780374 0.195795238713893 0.0488551916100856 0.206622320466505 0.0171637205865172
0.259161378362709 0.0404965713223296 0.112095015939064 0.0982224661336191 0.0862823341659151 0.0143771841102235 0.278280689546617 0.111084360419523
0.144142461402254 0.079164048245532 0.229249975647505 0.144676293622926 0.0660823346711235 0.256279798267246 0.0136608642029295 0.0667442239404847
0.00555308757031279 0.236071414834066 0.119413865644479 0.0667739348157164 0.00857892961865261 0.260513975391832 0.202506262793025 0.100588529331915
0.01093318894697 0.117768262501522 0.205342217772662 0.128634885816108 0.0504061723791363 0.158069265696584 0.106942472891747 0.221903533995269
0.0177711797891393 0.0654304234760469 0.253519860117766 0.218782957031802 0.128143128432822 0.174167311646066 0.0233593566364212 0.118825782869936
0.135969358620876 0.111967472542368 0.221037759511408 0.0131837159738368 0.0642923169071271 0.083025087909987 0.137410903909198 0.233113384625199
0.191967203180469 0.249427269902576 0.061396358448988 0.0137575218395226 0.234789397654955 0.166618667501651 0.0578544870405173 0.0241890944313222
0.195383637598205 0.0806535055448672 0.0732319976807614 0.125167505936032 0.0421383318491426 0.179961931175027 0.122014978787496 0.18144811142847
0.244598901047714 0.0850404836252934 0.06918897868345 0.117182629725545 0.0307083518712505 0.195502946256377 0.195205666904279 0.0625720418860913
0.166509114747274 0.0156261093737971 0.17621344046994 0.101658342741254 0.141801437103602 0.0175157879474828 0.146470163490181 0.23420560412647
0.250341711584781 0.0593941088768984 0.018825314893823 0.208950809011413 0.0303858533239833 0.0591319150917309 0.224827718635659 0.148142568581712
0.0856834543023844 0.0157027006391095 0.180691636179624 0.168778276056329 0.0426906614589955 0.232276119418352 0.130800248383425 0.14337690356178
0.0453264599712368 0.171450843407043 0.128831798161572 0.178978618311587 0.151124495854421 0.109607803360685 0.0456825966889167 0.16899738424454
0.098250427524286 0.0633110044104297 0.161932733965012 0.114144926571184 0.251100477792974 0.0467797986840112 0.208092034067687 0.0563885969844148
0.0143450045562157 0.174776841622944 0.0973364875263062 0.158613881278288 0.182382044613162 0.225651813994581 0.0644647994413191 0.0824291269671832
0.149506863956045 0.173864348583005 0.0327957200473269 0.129205189127539 0.131955607092337 0.228904834230856 0.143818112736652 0.00994932422624049
0.183700328220934 0.13937672253542 0.0442386749485801 0.223519944548752 0.238917234765106 0.0474586752051142 0.052633207562726 0.0701552122133679
0.112794698550969 0.198728466892076 0.134805527541921 0.136872903825422 0.0990782460934867 0.111402880564322 0.0129740657920386 0.193343210739765
0.178691041476728 0.181961337793101 0.00256339671770043 0.175037973843093 0.0606846953819379 0.0886621062822487 0.196019760489583 0.116379688015609
0.1582848225873 0.193456920538451 0.080916068180303 0.185588914694767 0.102952073575813 0.195596416074196 0.0211125356640982 0.0620922486850719
0.141635909248362 0.00459954218827114 0.296733513425406 0.0905038068349232 0.0822693755768784 0.113842499930937 0.0909996162109588 0.179415736584264
0.158620182715368 0.115962832548137 0.142452112469479 0.0649629249491683 0.116431940400018 0.207170466179563 0.0466147521860287 0.147784788552238
0.20479586435336 0.1107415676883 0.154476867099817 0.174294462074081 0.00924299426345197 0.106190658542948 0.155249028453091 0.0850085575249508
0.026700782143251 0.14316163347546 0.0935592785951849 0.194051518238223 0.229930629163776 0.100545106671782 0.127755977307022 0.0842950744052998
0.0250740161790029 0.0517768524415571 0.0849901636140007 0.265361810918554 0.111194482383385 0.0626080860315032 0.245861726246978 0.153132862185019
0.306749057446357 0.110812795291871 0.135266488943332 0.137573466808123 0.108693829369626 0.105871580912438 0.062671485692654 0.0323612955355986
0.128413797935162 0.114589179406747 0.0587839642108803 0.223332130878001 0.160209068612504 0.0442823454437291 0.188486973712152 0.0819025398008256
0.0646905995287215 0.1857255607256 0.23057495658839 0.199190384227216 0.00566125270355815 0.0345467214350157 0.208851347915035 0.0707591768764635
0.209222813419687 0.194105127208788 0.196112436473307 0.153513421758623 0.102937679488226 0.0021501583949695 0.0203084617629161 0.121649901493484
0.198934596755169 0.0421027877916076 0.240711896247781 0.255024345793564 0.00659622903371423 0.100553859001961 0.131617585375131 0.0244587000010707
0.129768449983053 0.118237324342479 0.125382520067538 0.0680068668599521 0.167016332027818 0.120840804298443 0.142354217354695 0.128393485066023
0.158842072896348 0.119469247858095 0.0257420168661657 0.100608971456523 0.198838374874124 0.119141766163958 0.190430448907868 0.0869271009769177
0.0251843611523062 0.107108468204123 0.051550756961149 0.158990291451099 0.192237260437669 0.0990222519006146 0.201690944703445 0.164215665189595
0.0893797099966271 0.235865080919812 0.129770334718949 0.0786397294607434 0.133947692384298 0.0966983068651932 0.176306217964032 0.0593929276903459
0.0356576011915055 0.174822742254276 0.0517049657778998 0.0610347452170648 0.0128082282927386 0.145108527141744 0.363220941031103 0.155642249093668
0.00942078937025259 9.85306753068262e-06 0.246875406324262 0.213586302383442 0.117434294376641 0.0381924694280677 0.225954553019311 0.148526332030493
0.158413719273677 0.173429496392823 0.0383729085227923 0.148667558623085 0.0907218669761179 0.049772748601946 0.180152834291104 0.160468867318454
0.259456991893682 0.272741551777605 0.0403108077387277 0.122798830149374 0.0569013050722125 0.0354726934110269 0.0411966850924235 0.171121134864949
0.136161282043719 0.123454729404789 0.188300426588704 0.145115960289377 0.0289776517057192 0.102392862117264 0.132085838042335 0.143511249808094
0.0897922552822158 0.194962105643359 0.133793417110541 0.0202238967438201 0.273740491346474 0.02952402834865 0.0855013574053417 0.172462448119598
0.191204465083159 0.146996815271134 0.0877621994094379 0.0681469989639473 0.118143686309219 0.157351999045794 0.187669014434229 0.0427248214830785
0.156733042395324 0.0568071031494093 0.15904146337803 0.0248386517267768 0.158876130716632 0.112333436750504 0.172424091921135 0.158946079962188
0.0227924653543636 0.216162743079145 0.0204194520383306 0.130572698600834 0.185315676337693 0.20005122022923 0.168672664676653 0.0560130796837511
0.0703608666473703 0.177446848543619 0.12504946459222 0.243772000337393 0.0753393899432385 0.0880410790740574 0.0165544148897398 0.203435935972362
0.12740350419276 0.111918280947177 0.0443249339259118 0.160204562166872 0.186399970434686 0.20677592435655 0.0836837082125347 0.0792891157635078
0.198486166894262 0.180889344895685 0.143586813293071 0.0132235634484456 0.176349416918405 0.0495282594407575 0.0971319524177482 0.140804482691625
0.122431183960017 0.211830404267278 0.11112355451866 0.323215170695658 0.0482974039276088 0.0593729668508856 0.0118126418294411 0.111916673950452
0.061332042185465 0.0921037465447523 0.185062503701079 0.181570226091628 0.12709009049163 0.00135481044017773 0.170563009021676 0.180923571523591
0.0553157468722179 0.122735439439667 0.217189986268873 0.0269689178012648 0.0150407414118713 0.260125078277125 0.0557503661214416 0.246873723807539
0.00692726695855226 0.0861459784921569 0.241623325792889 0.122915795850661 0.226629999679293 0.237081311658667 0.0495012584122968 0.029175063155484
0.0418234284178765 0.00893245846622171 0.152624513353065 0.203242164716075 0.00887718865408819 0.234055172934623 0.0421865069772595 0.308258566480791
0.0368560626919418 0.219134099434424 0.275261970688683 0.155892787971397 0.210863491051616 0.0249041896540366 0.0219398894174614 0.0551475090904403
0.0681215072541734 0.187043577878457 0.052740493585281 0.103678336963061 0.106287427491562 0.174861030804126 0.120495793921624 0.186771832101714
0.138734329586573 0.0448567558678916 0.151136315110622 0.164577759646391 0.109066529955187 0.164916429270192 0.170295248970601 0.0564166315925437
0.0506874178099212 0.0397091047226971 0.0480696350522921 0.0581638625511525 0.182635509616719 0.412431917348875 0.130945809760319 0.077356743138023
0.056077038259368 0.072579115032496 0.0894537542597608 0.158193809181707 0.193749985722165 0.197182926655865 0.17758885963403 0.0551745112546082
0.0291851759120621 0.149383903442531 0.0334626983576534 0.152460418904738 0.154838897556883 0.162263699999859 0.148010486168933 0.170394719657341
0.138766573264833 0.184773167826701 0.0372473485851345 0.0881971914715367 0.192414716202511 0.121647656323324 0.0559406076900301 0.18101273863593
0.295954189704205 0.0401285346882238 0.0251904294267005 0.0985102330830494 0.0872201932395021 0.039663958210263 0.189747438100139 0.223585023547917
0.0910250157181164 0.142682650300418 0.0695859013281868 0.0897233855727668 0.0934072068914438 0.162403803867786 0.164089118680768 0.187082917640514
0.0096387224538779 0.226408030758051 0.206565545579626 0.0403668774736196 0.173452969471575 0.10254648479772 0.0775700414628675 0.163451328002663
0.0669052218766079 0.150954760253302 0.069753910168501 0.183467781405364 0.081376557808579 0.176440123062479 0.0412280321553557 0.229873613269812
0.0232969703311294 0.0813440358111409 0.209354748664363 0.134961170574482 0.0209358075678089 0.101104957364921 0.286010100338788 0.142992209347366
0.0972895227861623 0.22363626213276 0.0412964947028283 0.189183582485428 0.144871927042545 0.141791781529035 0.0214286662191771 0.140501763102064
0.165181785320702 0.0610501159336696 0.0130128695645442 0.156078303238119 0.114755303920242 0.140450975303985 0.224762595942885 0.124708050775854
0.196178530221266 0.0549409712472057 0.19670678456942 0.134149633446804 0.12450935789369 0.0360267155676788 0.194415386900259 0.0630726201536769
0.0613194713630814 0.323225143812263 0.0484967252900555 0.012506580746433 0.204597333591004 0.0764096033397247 0.00625797579134226 0.267187166066096
0.0824201365485385 0.165970095049101 0.153472213703441 0.0103222786153556 0.170009760687372 0.169002686107262 0.117490396028143 0.131312433260786
0.177610438851818 0.131000928359463 0.142690494232568 0.0248521413251484 0.285215610213921 0.0660760139615941 0.146841560522394 0.0257128125330941
0.113483344814771 0.184979182020776 0.0612820968714712 0.222668671034945 0.136527181674828 0.177027272992441 0.00236329394871656 0.101668956642051
0.0320987686744308 0.114912731163433 0.126228352988733 0.206138294838359 0.19318690395244 0.0205679713162542 0.173725565042339 0.133141412024011
0.122178395928075 0.00839093368987971 0.171898550672053 0.064596240767954 0.18984194160871 0.0677232525766975 0.189063297912751 0.18630738684388
0.21253984647097 0.0590733171621156 0.016279574358102 0.185478501192721 0.198393639979766 0.113320572156566 0.125373318232378 0.0895412304473827
0.0187535026346859 0.340399749195298 0.116321040364315 0.117841085455641 0.0111663189298336 0.341993334895287 0.0220751198225567 0.031449848702383
0.101408877034875 0.0591928118787881 0.0385758043403922 0.205892433948474 0.119449969111146 0.0990034467847952 0.230600489049029 0.145876167852501
0.0837758042885454 0.0933792091618347 0.154841317351608 0.183139776786957 0.178725502171973 0.0742510785958053 0.145897808770316 0.0859895028729604
0.157145204102361 0.00507873374138797 0.180957855072625 0.106063812104323 0.0961849767817906 0.0987723963947457 0.221252583589604 0.134544438213164
0.192434689977055 0.166481668226977 0.192596995024244 0.0225421031501033 0.128157291698151 0.198284701079907 0.0904764724536535 0.0090260783899095
0.120939617864154 0.210920757484686 0.0375614354330535 0.0877621282581949 0.174816690574194 0.120483145320661 0.0939986268634792 0.153517598201577
0.117290977786299 0.17053316377463 0.170057342966702 0.0689965206613137 0.0460460074765259 0.182824508626223 0.233885393707549 0.0103660850007568
0.202639779527807 0.149588858539529 0.130685450652993 0.0357842512355283 0.136906109103918 0.117613737872977 0.173229550494843 0.0535522625724049
0.0335821523211006 0.0400058547912513 0.109122955874442 0.265339373338115 0.264602680507063 0.0360805118341794 0.106784176113273 0.144482295220576
0.183381132306322 0.0809642583662266 0.130234767039793 0.0376375414802446 0.167901412033785 0.126194018753997 0.192831671702049 0.0808551983175828
0.186198224729638 0.0482550938157517 0.115709668689711 0.149880772242104 0.18178006208711 0.189884656668305 0.0464250941955551 0.0818664275718244
0.193403338979505 0.224532657178021 0.070259259552505 0.162770839811484 0.0531672126698026 0.104253142842738 0.190098068839926 0.00151548012601787
0.0960736570694633 0.0313320293030662 0.192547791915944 0.174949445312521 0.0816432517876405 0.1910658290729 0.14037583960464 0.0920121559338255
0.0325015581812893 0.0374953506233029 0.0697945036246626 0.170223797853044 0.206979309157478 0.198083765880703 0.187904617227366 0.0970170974521545
0.297750835464195 0.0948243526981439 0.315197403746184 0.0246061825009009 0.0883720309595566 0.0217957024298929 0.051015047172202 0.106438445028925
0.254325358992969 0.243996449761126 0.127355262138592 0.0401170126446191 0.127529281294872 0.158983290503795 0.00383566958954822 0.0438576750744783
0.0688209078910363 0.104141384060246 0.102820454195056 0.193630816323325 0.0453643710554133 0.0649674099210616 0.250429721442879 0.169824935110983
0.0367453149901624 0.213442230705467 0.13444015698468 0.213105198051936 0.167200771299428 0.100551922562132 0.0752626724439706 0.0592517329622242
0.256516023328736 0.0259685473111032 0.13081579658627 0.0586882871536281 0.178584967143659 0.168706277914067 0.088095763647026 0.0926243369155108
0.099332608440624 0.155497032952355 0.185018033094089 0.0372866518283887 0.207603788836315 0.146135512458181 0.026647957591144 0.142478414798904
0.0201406920112625 0.144288846564774 0.223081482437091 0.179838963415555 0.112796717365379 0.0848771288119357 0.0541002213453723 0.180875948048631
0.104070532778703 0.258056171280779 0.0547879948979513 0.00379371661253811 0.22727223963614 0.0193185141733001 0.0847890340497663 0.247911796570822
