0.248586284814571 0.0352136411815287 0.247474886264848 0.232586351602476 0.0199412782115133 0.216197557925064
0.0479094679216751 0.172753610229738 0.210755946816049 0.136289062940025 0.296085110075955 0.136206802016557
0.222260789691985 0.25047637715636 0.191976113215879 0.00828704337622146 0.255975021958005 0.0710246546015507
0.314812718443892 0.142402915340912 0.0193534156649401 0.202183809988806 0.0135642942399274 0.307682846321523
0.113352777162546 0.350397130901311 0.0959589951443946 0.209047200683582 0.102091938006664 0.129151958101502
0.337119687382966 0.0867901015395688 0.168940356657068 0.0261194087594483 0.278849759345385 0.102180686315564
0.27534463089505 0.0783193161350451 0.211452967180593 0.300198485229538 0.0845006705577652 0.0501839300020088
0.151974679862217 0.18202784471204 0.202708772595408 0.0749378790233405 0.184011876370723 0.204338947436271
0.134063501004049 0.116384859884488 0.210643773604428 0.278202100612583 0.129662449491956 0.131043315402497
0.111914771580266 0.398796101678039 0.0121196823940057 0.249472013634313 0.0888161968647004 0.138881233848676
0.364041804348135 0.044047405326724 0.277214576108383 0.160682665780961 0.0350124928352218 0.119001055600575
0.359492978035742 0.0488006721098623 0.313579158814982 0.227678506439352 0.0105022924583407 0.0399463921417216
0.0901060028588918 0.0883382617250821 0.112617240784137 0.100132698012728 0.198359293153369 0.410446503465792
0.202370202468852 0.0291407711085414 0.201302990955893 0.205816996236842 0.110750961621283 0.250618077608588
0.016124799271114 0.207770589161014 0.170682963165763 0.00866140526118293 0.241651311498153 0.355108931642773
0.232804182974554 0.207166869305318 0.176902594437513 0.174970618196273 0.125498173267144 0.0826575618191966
0.200564972630376 0.0247719738547816 0.238977010761322 0.244811386304844 0.235533559649823 0.0553410967988524
0.135526775638372 0.0999586576015201 0.142578113845178 0.310363757146254 0.200023022166604 0.111549673602072
0.170603335444261 0.277844699860688 0.167488760351386 0.155762840357815 0.0754995197087841 0.152800844277066
0.189131022468638 0.17073412601152 0.00331529644702576 0.28188507819296 0.230431155204925 0.124503321674931
0.0992236403916499 0.163143935726015 0.202625038942698 0.0974432940380371 0.225085131953717 0.212478958947883
0.102134456825743 0.182823698022023 0.269944775449602 0.173584778880143 0.145722751962786 0.125789538859703
0.306951958917997 0.160879379003411 0.173489652386175 0.134239310427913 0.183713150690503 0.0407265485740008
0.0594094275386804 0.044295179182997 0.0455915190576464 0.282420076933231 0.288378338362399 0.279905458925046
0.0214271496668795 0.182474298178982 0.134998791627627 0.251826148530329 0.134475458647159 0.274798153349023
0.304058474191498 0.290452023348217 0.00924550078745776 0.313704581460999 0.00809648213549631 0.0744429380763315
0.262241867401219 0.0639459768616768 0.279648003405671 0.0683453997553123 0.185664936396715 0.140153816179406
0.189900384221538 0.236858614261826 0.136585416817283 0.100263368595813 0.220531394718422 0.115860821385117
0.355842572419337 0.258320293488341 0.0990857528813846 0.192097932196157 0.00554959044532987 0.0891038585694507
0.278033629741978 0.187388354950739 0.174698108129995 0.102944062374482 0.174881447155191 0.082054397647614
0.0275922902726378 0.158706764808167 0.0238374543097401 0.251998065915747 0.284385633564808 0.253479791128901
0.287444371843778 0.327279929054477 0.0299312301695871 0.139326701234059 0.0393206301395347 0.176697137558564
0.139758289013222 0.280136433810257 0.0144627829102257 0.184796913947596 0.274396482579925 0.106449097738774
0.236648983154434 0.248837035447245 0.0234778397827019 0.0603970436039156 0.0720238644826917 0.358615233529011
0.105730267116885 0.237939875625661 0.0824345954637613 0.167537505384285 0.0292936728042194 0.377064083605189
0.0699594145963268 0.253806094557319 0.0827342789809914 0.273578965575579 0.239937166705307 0.079984079584477
0.0913275604632457 0.247489488064894 0.259698662427262 0.143033527374823 0.0340661201509753 0.2243846415188
0.331081432386634 0.0140384023293059 0.186830704252047 0.0437850129268185 0.111856044379256 0.312408403725939
0.193186914259684 0.244564037152912 0.146733385370366 0.126126027648478 0.111232465189783 0.178157170378777
0.085924901941072 0.226492585323034 0.115126150293092 0.251744101188588 0.189847039517971 0.130865221736244
0.0675092641240604 0.273441215172863 0.312635199561724 0.137234807852898 0.023032530001208 0.186146983287247
0.0627325302314281 0.196293046873184 0.320396039657049 0.0011361098459715 0.31740523340031 0.102037039992058
0.0521896651719505 0.0616556865959071 0.224393853189657 0.25475589398797 0.0358444829046069 0.371160418149908
0.0894113187937767 0.184000938694235 0.0634201685943101 0.174324846283166 0.231285254278425 0.257557473356087
0.109721381063049 0.131837087768441 0.0352965064563762 0.112935690072151 0.400568882205628 0.209640452434355
0.139867073237538 0.203916376935279 0.0644965604650005 0.239383952898102 0.275390841812517 0.0769451946515638
0.206365808226553 0.286247106817312 0.0944031850995943 0.0415216347627075 0.14017129863624 0.231290966457593
0.0583691252665236 0.107151735751205 0.0710399518389101 0.182244518059535 0.296697933315498 0.284496735768328
0.0486452437832047 0.270123197978992 0.000946262934203828 0.264070559779592 0.128800433626107 0.2874143018979
0.230734047989962 0.213592479385261 0.0709278383376769 0.182533291206186 0.147959816459216 0.1542525266217
0.0077212328964354 0.147036760961619 0.141266924018499 0.349827252420572 0.0342502598767795 0.319897569826096
0.0961417637236414 0.0124992141888521 0.0843308103323109 0.482717749686675 0.14701267195194 0.177297790116581
0.205517594347466 0.0908335252438942 0.251825860403927 0.171202818804548 0.142377550630463 0.138242650569701
0.180003254303741 0.31153117631499 0.244548304239411 0.180944478915727 0.00186351385366531 0.0811092723724654
0.12702862588401 0.27141142028828 0.187301981160537 0.158832041675558 0.0851758576211626 0.170250073370453
0.368819458185785 0.0524758938612571 0.0529702641060003 0.180370151155327 0.10174907158059 0.243615161111041
0.217511180156198 0.0610555055733801 0.116420563215592 0.131325549565249 0.306839175696009 0.166848025793572
0.260306130453028 0.140042766122792 0.261548309104209 0.142009562708128 0.188521369688076 0.00757186192376678
0.165926655253214 0.031214417017483 0.417347423213101 0.101935310231118 0.0604433542596896 0.223132840025394
0.0324236421166243 0.156767574130863 0.296748702777591 0.0991164501232891 0.197933690304579 0.217009940547054
0.0659758182046714 0.317707390880543 0.0271559469178229 0.259727631772576 0.0200620007658626 0.309371211458524
0.148068655334434 0.244864837582403 0.339678260294707 0.220786622143076 0.0203150429683601 0.0262865816770211
0.0628349724726147 0.309559986405694 0.229617484711654 0.171599062043657 0.114556414801753 0.111832079564628
0.0705643944558302 0.143147787408392 0.223711050803892 0.26676005307739 0.28724699014734 0.00856972410715577
0.132350729279862 0.157482544438189 0.225607431467167 0.273356702172996 0.111099979119013 0.100102613522774
0.220335357794485 0.0938227542097536 0.187527032735385 0.261665576343184 0.169461952970726 0.067187325946467
0.194887512115244 0.042884578821244 0.243555373114874 0.148844546365849 0.239139640815832 0.130688348766956
0.155529585108256 0.134644163067061 0.154754880974039 0.217657982657223 0.147173747723849 0.190239640469571
0.161557198235047 0.018640563389077 0.345014992345423 0.281996796700254 0.124599157730314 0.0681912915998852
0.207484994584229 0.277392588141773 0.0317071343213585 0.198386345374372 0.267104319706118 0.017924617872149
0.411374219346242 0.0840328488628245 0.0195473400391687 0.0578606315364807 0.399683017121947 0.027501943093337
0.113382255299596 0.19148061825952 0.11955028809141 0.199287254386917 0.17462444786454 0.201675136098017
0.211267625730975 0.00548304998729057 0.141049172044174 0.283827212537459 0.338897919758579 0.0194750199415217
0.117481059761272 0.203396099665544 0.491817799095814 0.0641563451494921 0.0946548752094383 0.0284938211184397
0.141795476212836 0.0907899407010117 0.410003225932298 0.216176398372327 0.128886310914718 0.012348647866809
0.43713170075854 0.182576523094648 0.00801182658334416 0.23884351018898 0.0123240870852772 0.121112352289211
0.135358242680054 0.178959261841962 0.193510299573402 0.245734704690164 0.0306049774323548 0.215832513782064
0.203873866763319 0.245170396424851 0.103197735293039 0.133263478756059 0.243524890295587 0.0709696324671443
0.175639861243593 0.220133630353312 0.151884088517746 0.133338464431448 0.19108529085929 0.127918664594612
0.229459468098808 0.219241304209284 0.156903589420089 0.114682807682036 0.225790952517027 0.0539218780727562
0.297544372944681 0.12113566082557 0.0900240509692619 0.223193359915353 0.0132276949168165 0.254874860428319
0.0721624549095549 0.080103956814721 0.339946840068028 0.328523272900385 0.0405826837374847 0.138680791569827
0.258831294218293 0.11407485191776 0.188090005538104 0.275662118430702 0.149430398150772 0.0139113317443672
0.0846901056821966 0.345380790887768 0.084830912298453 0.149547715772221 0.150055482982334 0.185494992377027
0.081173130226543 0.257858472533976 0.191761676403984 0.106388538645699 0.196581384665835 0.166236797523962
0.383136532980004 0.0189719157608207 0.32726419515281 0.110249398467886 0.115718704725413 0.0446592529130656
0.206971839646736 0.154475259379059 0.166216391344538 0.304387837399429 0.0807938398682648 0.0871548323619731
0.178206274158986 0.0570206467274647 0.254879886050471 0.222474156319276 0.22633651289996 0.0610825238438436
0.00233240599765311 0.217963976203271 0.095469195492932 0.315784048894298 0.0831846846708478 0.285265688740998
0.0197218876075687 0.229138136700941 0.21228577826796 0.0896435544842288 0.0497472810012514 0.39946336193805
0.0746930258652319 0.0149534761884085 0.303821199893689 0.109914902143879 0.299314981159098 0.197302414749694
0.0405514990693326 0.243390583517382 0.149561430284533 0.289540846117607 0.0196270848176139 0.257328556193532
0.00374221671953906 0.185340691520768 0.268608809630221 0.0898519931467111 0.182979428373587 0.269476860609174
0.318804214816335 0.216074325822103 0.0140942766281257 0.082198416688136 0.145077084615968 0.223751681429332
0.164784846253627 0.219874191510596 0.0811610502556141 0.212598763863993 0.150289808319974 0.171291339796196
0.234305100607925 0.0815489566109458 0.0417063638639739 0.259488694932594 0.16966857567625 0.213282308308311
0.0887331589769463 0.140205271321914 0.167761489156775 0.154084887553387 0.393667746518986 0.0555474464719912
0.297209779031464 0.00668928077793142 0.183666192454003 0.163318083220307 0.0662495641612503 0.282867100355044
0.11851656015628 0.147773606006742 0.0986971031746033 0.152958878827245 0.235264340956253 0.246789510878876
0.130584172729434 0.324511203067641 0.10991897104531 0.0989879452130991 0.245407555515629 0.0905901524288864
0.2853697195652 0.0668513782487662 0.216090558199524 0.272798540838489 0.0651143716443363 0.0937754315036838
0.19716893284509 0.125716641877416 0.15166329632445 0.179907022754724 0.194086911173705 0.151457195024615
0.232658991176238 0.198967335141034 0.0308256479164334 0.0707109944526053 0.206529659200317 0.260307372113373
0.23039685691705 0.2686164848581 0.117797833557229 0.0144981707468593 0.275842369426889 0.0928482844938724
0.051230023079958 0.0286945647595326 0.39569778075265 0.0437348174769314 0.159440625244358 0.321202188686569
0.267983440695374 0.00954983214385228 0.163937981790322 0.321740894582384 0.0372422018566341 0.199545648931433
0.276570280032788 0.167000346879783 0.0379964122842652 0.148050624320838 0.232919880502167 0.137462455980158
0.0240454552441507 0.249275875239189 0.0696006013908403 0.239819465415263 0.394644273137464 0.0226143295730923
0.199937051598978 0.169604875962114 0.183210416505979 0.150721377552839 0.225871530000924 0.0706547483791654
0.10530656158787 0.22089269772424 0.137919947283897 0.205380017712633 0.175145997942968 0.155354777748392
0.264107808215714 0.177124247479247 0.139147174322888 0.236251995430659 0.0564708835483388 0.126897891003153
0.344054442123008 0.124196310927449 0.161047725641687 0.0141071735718049 0.301969022253354 0.0546253254826967
0.0980410192168958 0.294432952917103 0.0044432773190911 0.208823054057034 0.0915722126323604 0.302687483857516
0.0233250549170358 0.197017379765964 0.270363846437683 0.195081962254866 0.219364758742327 0.094846997882124
0.0880514965915423 0.0821729208820248 0.323642434018467 0.170997960741866 0.228243338249044 0.106891849517056
0.112530494378388 0.100667203648464 0.176349902083741 0.159580863140623 0.239758033897379 0.211113502851406
0.0572043836520982 0.128877668605783 0.236545722263392 0.274893099448049 0.123209098290005 0.179270027740673
0.138620981427757 0.173210586395848 0.0486597614251147 0.265631059404862 0.32308282985887 0.0507947814875486
0.0173815746678598 0.0865754166505827 0.069500672862 0.342818182153493 0.224293482879669 0.259430670786395
0.198053118428864 0.15005660499032 0.159540785325206 0.345282074241449 0.112200583826133 0.034866833188028
0.112306717628229 0.183673931060296 0.354307354943027 0.0110205423381033 0.250895910569202 0.0877955434611432
0.157705221439157 0.0491969595328343 0.282491106576753 0.123324378165314 0.0826223772502675 0.304659957035674
0.16281827012385 0.0146404854708716 0.274240613979741 0.0748173649341767 0.268790156893763 0.204693108597598
0.123740302708827 0.0753836019495486 0.263440627089225 0.293835072569075 0.101084989502442 0.142515406180882
0.010048480060792 0.137474660225607 0.205530960312976 0.214842315726729 0.154157342498355 0.277946241175541
0.0802777526386997 0.285974480939243 0.205138757803869 0.0723619699260806 0.211185150359617 0.145061888332491
0.072267317760847 0.00593997597166866 0.191353405073476 0.14756849924318 0.304647377594703 0.278223424356126
0.0299467356383519 0.0729044805835156 0.36033478894228 0.100816230766312 0.0410684295141001 0.394929334555439
0.262264019605328 0.0754523199135658 0.271800870199987 0.105524468003055 0.050476442591383 0.234481879686681
0.249663968943143 0.165366546725126 0.201242877034979 0.0907959196755168 0.251180056523802 0.0417506310974328
0.22052162387493 0.0467739225568528 0.209798711236252 0.171436601317285 0.159755795688085 0.191713345326595
0.0558386204065291 0.214590712786554 0.219678307474619 0.247638942831105 0.197662123347691 0.0645912931535021
0.0964366029060951 0.158222041641124 0.047555966436742 0.19146490449764 0.149163643145457 0.357156841372942
0.283990115686843 0.179734150865625 0.177117550104507 0.0907749728274387 0.258329958236573 0.0100532522790128
0.0754863451509298 0.330117289106613 0.268765886209812 0.123673251700143 0.0554266813492732 0.146530546483229
0.26427265484881 0.00687113762439312 0.143642356566031 0.0183133485694623 0.281872428021266 0.285028074370038
0.175215803469317 0.162691580959926 0.0819954864424036 0.212581502303503 0.211173352328535 0.156342274496316
0.0968181952451956 0.0614308469225863 0.189753843462249 0.208783623171803 0.0769120158899611 0.366301475308204
0.0539559357693988 0.0689261069075974 0.272534609147179 0.247025593708508 0.318763396203226 0.0387943582640913
0.126763881194293 0.133192851000979 0.184875771236332 0.217349635539881 0.0778498297399081 0.259968031288607
0.0914444126852241 0.18323068222401 0.305873665408717 0.16835249213832 0.0661551588622828 0.184943588681446
0.173710936276138 0.173350494794773 0.100209408698326 0.170439370915156 0.146543906508375 0.235745882807232
0.156933787061824 0.280170392734785 0.178636179919086 0.163371801940206 0.165388714863469 0.055499123480629
0.338364019923241 0.118124749481034 0.326568213685005 0.00182253703713724 0.198719758793768 0.0164007210798153
0.0285260107441199 0.284753337959919 0.313211294155698 0.16545363415723 0.0525676181621299 0.155488104820903
0.253651756529773 0.0602770566114695 0.279505282730825 0.0394150890595123 0.193598740742676 0.173552074325744
0.0305649097848588 0.2122298278383 0.256798060100574 0.0785285051523602 0.171628841940569 0.250249855183338
0.0721363909048462 0.054192803053616 0.317683562492176 0.471897103619451 0.0440020175918398 0.0400881223380719
0.125278627345809 0.139033711205467 0.178860820107533 0.299387425268302 0.0182393789954418 0.239200037077447
0.151049096132688 0.122337821525093 0.206125233049197 0.251935393929403 0.176008920405546 0.0925435349580742
0.185262220298054 0.0546430086448693 0.266531994672217 0.216670867931487 0.0146370288751235 0.262254879578249
0.0124222340018493 0.0452000370669172 0.0446492003694647 0.1558398317444 0.393471449851867 0.348417246965502
0.255913725295582 0.315339993757924 0.139020134994556 0.0925708859261868 0.18448804183322 0.0126672181925305
0.0574023093481099 0.0550089817650733 0.124892124847594 0.291703368724053 0.433927198505153 0.0370660168100161
0.218248320390552 0.166969721698516 0.0778071163928993 0.253519676868706 0.0578616317979373 0.22559353285139
0.242980917447073 0.156116135192462 0.0929649847406466 0.176224566542776 0.0860352003634963 0.245678195713546
0.196674134923882 0.257450036714322 0.0856740113981234 0.0856649679704097 0.238812980679423 0.13572386831384
0.0844428981823926 0.170746522752747 0.159755235927596 0.23921853805077 0.0842831131590732 0.261553691927421
0.228137716229198 0.144374609197416 0.263364028600429 0.0245383379470304 0.136447669791287 0.203137638234641
0.127623754137818 0.283567444425815 0.299831736702119 0.0687897560463676 0.159431653173834 0.0607556555140462
0.230851728819954 0.27792043784323 0.0995586166278803 0.0427662283333864 0.141892824226585 0.207010164148964
0.043047336678163 0.212074891138464 0.229101368679887 0.100479246346255 0.272525053785441 0.14277210337179
0.181762863808293 0.218137767808235 0.0278822444238718 0.177796016350568 0.18735256041723 0.207068547191802
0.0615265108691628 0.126213451254622 0.163358974750567 0.22557467865131 0.203292628257915 0.220033756216423
0.235699845405011 0.194616563550857 0.132054292522836 0.242391996424769 0.179292689464048 0.0159446126324796
0.121335001136418 0.0768753599606965 0.351981421593789 0.153892957372771 0.0699485956102523 0.225966664326074
0.0937061346962404 0.0427358484490922 0.299752796449513 0.151342085758624 0.178973327643829 0.233489807002702
0.135009690379537 0.197040144322925 0.0632417180014856 0.247790943001764 0.0641075861525319 0.292809918141757
0.275796178595859 0.106841960053971 0.201832098607368 0.13287215609709 0.133508157306448 0.149149449339263
0.220572506569283 0.0528655123198343 0.166724388167485 0.224688218241376 0.108853650621542 0.226295724080479
0.202011328811142 0.113160710999084 0.184160632450024 0.047057668728009 0.206931799667265 0.246677859344476
0.0412314460183527 0.130104445999271 0.157782329195429 0.280504564720254 0.155495993297399 0.234881220769294
0.219476844286908 0.166478743106833 0.0134704159005382 0.229877024912823 0.261488257268573 0.109208714524324
0.152372232768607 0.0666561864485681 0.228573875061898 0.15265319114297 0.192532604918925 0.207211909659032
0.0613231883979228 0.24126651029945 0.0655856808150148 0.0263527130709622 0.242595912884852 0.362875994531799
0.0218887438459841 0.171186862887119 0.446498990341696 0.0835147502356403 0.266534476499242 0.0103761761903187
0.272590348769032 0.119433653892862 0.0207679936119439 0.318394631840261 0.18192272644512 0.0868906454407812
0.0459095340354229 0.212508255589431 0.187391664688643 0.166330509212028 0.150117286886956 0.237742749587519
0.157817930592806 0.185796854800744 0.11888245247599 0.28264042802143 0.170271908550733 0.0845904255582968
0.257985041854779 0.154556519704904 0.0663135970999275 0.28053415109873 0.239468294823316 0.00114239541834243
0.137627883190501 0.16029446753884 0.158390372989559 0.164325027052263 0.207136991928564 0.172225257300273
0.232861669501826 0.00642639787772655 0.00613838583756539 0.0973504399104187 0.382777413559604 0.274445693312859
0.187723493995117 0.151174612186764 0.175868439928309 0.183083866480042 0.203673535466889 0.098476051942878
0.159251972436405 0.158180608427524 0.267923839026596 0.241790591841771 0.0272448299820864 0.145608158285617
0.186224337062325 0.159761567853992 0.168923021203832 0.101315004344015 0.205547311231632 0.178228758304203
0.283164662224451 0.275036071438124 0.207744747911518 0.0677448837550264 0.147323337843874 0.0189862968270065
0.187665425959073 0.157616953107352 0.232304575701814 0.223610334401902 0.0522301237402465 0.146572587089613
0.112789999991162 0.285647825995184 0.193478477659884 0.191189548008733 0.14807447485978 0.0688196734852568
0.0580427587845883 0.329198140037543 0.220309811130079 0.0150075914318495 0.377405728615438 3.59700005023511e-05
0.198765206806605 0.309482143952094 0.161791308033468 0.143582493606157 0.0519649697345901 0.134413877867084
0.0621921727080979 0.182609451327574 0.323953131987333 0.336810824001794 0.0063327211414229 0.088101698833778
0.365885794724094 0.0111189193996783 0.112898274362397 0.0144648368830394 0.349955591945379 0.145676582685412
0.202069952395393 0.139827123756729 0.164576302179031 0.258227686891393 0.10306405734889 0.132234877428564
0.0615405412854867 0.120342495320914 0.080993247684499 0.0600862722863444 0.254442652745913 0.422594790676843
0.333003993672443 0.111464260528299 0.248772318408674 0.0157733413156276 0.182207072268054 0.108779013806903
0.254834042750335 0.211541240780526 0.261203220406711 0.103798786287653 0.0794051326171331 0.0892175771576412
0.255488547489682 0.011663524515289 0.0830737707965405 0.0419193379858901 0.0162607711851417 0.591594048027456
0.311505470049189 0.21996030193432 0.206265215503159 0.0764573452427538 0.0279362828557628 0.157875384414816
0.230201984335429 0.191091565444519 0.197050557345413 0.0833442704006684 0.125210341763798 0.173101280710174
0.145386407074624 0.171968721393445 0.086111996572377 0.36857901769533 0.128725369525017 0.0992284877392059
