0.00222717587236842 0.183685784780746 0.327447154453622 0.486639884893264
0.0474961344463021 0.283921368544299 0.355292914629161 0.313289582380237
0.251799873092043 0.300829812656459 0.17574258627539 0.271627727976108
0.463654456329166 0.245974186631835 0.100277092738655 0.190094264300344
0.123244605371017 0.131013716629002 0.388710044776351 0.35703163322363
0.455639917001368 0.0577533282921889 0.0186353004611768 0.467971454245267
0.284054471173338 0.265898645067651 0.240996463914788 0.209050419844223
0.390474393485006 0.0479960799152423 0.241770007072591 0.31975951952716
0.358210328841599 0.0354242517587921 0.353462770556251 0.252902648843359
0.121477156901889 0.394802836760625 0.351335258237491 0.132384748099995
0.302319908385717 0.63663483390516 0.0224655881075419 0.0385796696015816
0.362110761477575 0.199069231662406 0.261550534511664 0.177269472348355
0.317689996403524 0.249096921957483 0.300060842029711 0.133152239609282
0.233191480376623 0.166453625984674 0.308588379257099 0.291766514381604
0.193069562474196 0.25354293507496 0.307720766051231 0.245666736399613
0.327961894869381 0.441852093431039 0.119214640050479 0.110971371649101
0.262822175807432 0.328018177745849 0.025083303467419 0.3840763429793
0.249400649682335 0.484367526325407 0.207109052157557 0.059122771834701
0.313821129306143 0.26623174443964 0.0510067505630465 0.368940375691171
0.258805566903813 0.246173328289938 0.232550064112349 0.262471040693901
0.136780671385717 0.0565613627442959 0.393706345622494 0.412951620247494
0.00624780251307818 0.478955121114277 0.460076634220477 0.0547204421521681
0.0249612305840341 0.42918795431581 0.0333640491119689 0.512486765988187
0.342035657856402 0.3129048137731 0.319733113012335 0.0253264153581634
0.296885025758641 0.284844821952581 0.083935968053628 0.33433418423515
0.282007573458131 0.246138316881635 0.284803766348693 0.187050343311541
0.0451152905722315 0.0971513856649306 0.2626187841725 0.595114539590338
0.390257706675198 0.139017770617637 0.085784109248441 0.384940413458724
0.343716855749128 0.35109740209219 0.0182639508892357 0.286921791269446
0.136645029090081 0.457061625030932 0.258543231912575 0.147750113966412
0.390053969931987 0.232385418879989 0.220265870503661 0.157294740684363
0.22254676436425 0.100590331418443 0.481070151414976 0.195792752802331
0.152855864254577 0.405200731265195 0.39868704162575 0.0432563628544787
0.456503749173763 0.0560662316874308 0.0596230964128896 0.427806922725917
0.372139629849822 0.309758695657925 0.156516694470836 0.161584980021417
0.519250674238997 0.0338874890233759 0.15521771246507 0.291644124272557
0.362239302329052 0.154603402704021 0.191625917662615 0.291531377304311
0.324325621582084 0.308880077550582 0.0849749533896424 0.281819347477692
0.346172328533157 0.0359767746159392 0.255228322482839 0.362622574368064
0.124241864813965 0.289609598762257 0.291372469481428 0.29477606694235
0.376278346664169 0.0406407090468704 0.340997448600494 0.242083495688466
0.50551431266646 0.212375130790964 0.242171030069214 0.0399395264733625
0.146644947026021 0.407373372967113 0.437329464665231 0.00865221534163552
0.179386686814583 0.145423177688191 0.22330254480042 0.451887590696806
0.285555128295759 0.0578689862701989 0.243484787000936 0.413091098433106
0.330138329025271 0.186042860397318 0.215236142060176 0.268582668517236
0.142796929953726 0.247900167951897 0.395825668829491 0.213477233264886
0.23344505611834 0.347949048329749 0.0724110733438675 0.346194822208044
0.281910408256836 0.145866890065428 0.241884581647307 0.330338120030428
0.198255225718736 0.742800894911764 0.0405153295376933 0.0184285498318069
0.333617167106143 0.219102583865144 0.233812552562767 0.213467696465946
0.0790414746917306 0.219795799261766 0.159163831608835 0.541998894437668
0.199144809736841 0.099441661434492 0.241812633663203 0.459600895165464
0.343170834342336 0.185308308850427 0.374299191543178 0.0972216652640592
0.368526663257208 0.435330577473611 0.159052538492085 0.0370902207770961
0.469872293659947 0.0464793321663168 0.00889220075673046 0.474756173417006
0.0650567440035247 0.351824934172313 0.380239701214722 0.20287862060944
0.120002077332107 0.517174691081348 0.0858029601667662 0.277020271419779
0.331397672987769 0.176998900216342 0.366549067587485 0.125054359208404
0.25651437860839 0.0598515039067504 0.377632448765298 0.306001668719561
0.14519150124793 0.0562977488098556 0.416084116308979 0.382426633633236
0.294594475332444 0.174269815299626 0.26198036243331 0.26915534693462
0.485360142880216 0.27482875309176 0.014924450254996 0.224886653773027
0.373273726473382 0.422068823411076 0.0206640254480556 0.183993424667486
0.0533309533837302 0.202837484151866 0.37189430053393 0.371937261930474
0.201442076712675 0.0560781770831407 0.369873115635574 0.372606630568611
0.34939267452525 0.126306467533142 0.238827308744561 0.285473549197047
0.153369072520871 0.337302822300454 0.287095099308263 0.222233005870411
0.134448890209338 0.484440300121065 0.341334102674553 0.039776706995044
0.0724648434336373 0.250458650292456 0.213333362385305 0.463743143888601
0.0285304320048539 0.544602607635215 0.0200032810342976 0.406863679325634
0.362443111255086 0.107192104123302 0.467406124417704 0.0629586602039074
0.333640136779806 0.161276955066333 0.280317093187682 0.224765814966179
0.197213955481731 0.0658485461584922 0.402001655898706 0.334935842461071
0.00805011453332555 0.516338564242876 0.171028167857331 0.304583153366467
0.155723686542742 0.324010771135531 0.188812603459225 0.331452938862503
0.1526866052861 0.0735459055885274 0.410385316654904 0.363382172470469
0.15305479755576 0.365487448413101 0.216432037073568 0.26502571695757
0.178602833155551 0.0259148176318798 0.440568240013512 0.354914109199057
0.290008905821718 0.259378510039011 0.0774458435876622 0.373166740551609
0.0845951198066077 0.572855079911212 0.171324227375246 0.171225572906934
0.179170326493186 0.572043313861382 0.24815526564881 0.00063109399662105
0.373897909494988 0.471062247744081 0.12696813825468 0.0280717045062518
0.51448919524487 0.00436832298920707 0.256424440621463 0.22471804114446
0.109085445857535 0.344357356138625 0.189096431816173 0.357460766187666
0.360529138432572 0.275205424072771 0.0877911389916142 0.276474298503042
0.340206887633274 0.0856051808063123 0.108549377583913 0.4656385539765
0.351707763752603 0.0166643513176171 0.602200677922871 0.0294272070069091
0.432948649009775 0.0088036746202794 0.504016863266709 0.0542308131032369
0.291727112985987 0.291870746003085 0.391865557533902 0.0245365834770256
0.704052120389797 0.222110334128555 0.0367246403890223 0.0371129050926257
0.132716637663484 0.431067991447812 0.357658769934252 0.0785566009544523
0.379132684430573 0.196169654237288 0.0607376654586934 0.363959995873445
0.324471666475663 0.354635785715069 0.266844560016931 0.054047987792337
0.559766033727448 0.0423866983113053 0.171802011302135 0.226045256659111
0.241763425224257 0.23965340127175 0.238906927363935 0.279676246140057
0.0146862775060713 0.484526628070077 0.234633911762572 0.26615318266128
0.205082362622922 0.282784853660529 0.241774939043561 0.270357844672987
0.130276639843283 0.30556610027849 0.388110892614326 0.176046367263902
0.233696067632912 0.353095342886644 0.30674743382307 0.106461155657374
0.140502856333754 0.352923157573982 0.275712826054518 0.230861160037745
0.106907495390117 0.432226316007573 0.105702652238371 0.355163536363939
0.307778772077891 0.409733891679265 0.161149747583936 0.121337588658908
0.146835057869442 0.256922758837047 0.379906681067892 0.216335502225619
0.0870636809727442 0.433849021459598 0.145182051168578 0.33390524639908
0.349262148870414 0.0948188780719264 0.197229654324175 0.358689318733485
0.470972664708534 0.137424162798952 0.330227106662444 0.0613760658300705
0.357300991489906 0.294036862829591 0.215026820301901 0.133635325378602
0.345113683723555 0.118183992260801 0.237901420844888 0.298800903170756
0.0789321915186252 0.0309487553648499 0.649617152102351 0.240501901014173
0.219882593163396 0.194391735658013 0.36550527829324 0.220220392885351
0.266167006350093 0.382547704082795 0.180701691872696 0.170583597694416
0.367362446973616 0.0426713306704131 0.309652681525375 0.280313540830596
0.284507388841564 0.204938136312644 0.227698481364982 0.28285599348081
0.321470204734943 0.0644573358452068 0.36846212751933 0.24561033190052
0.236508220224874 0.375663617864508 0.266043418954241 0.121784742956377
0.176734089496396 0.227421233914914 0.45452235248995 0.14132232409874
0.588083838119981 0.0691197446343293 0.236993799332231 0.105802617913458
0.299505244859692 0.221239962843186 0.175062669500662 0.304192122796461
0.26935183063743 0.224141799056918 0.0672787883873733 0.439227581918278
0.314340784189814 0.305588604996422 0.185843343279718 0.194227267534045
0.210594142982944 0.14882458831967 0.17341464232208 0.467166626375305
0.035252472303206 0.202544373630444 0.358204569829455 0.403998584236896
0.0321096438516004 0.029020104192729 0.49032875943379 0.448541492521881
0.592646105864737 0.0570164245023804 0.0665815565982741 0.283755913034609
0.235389817772657 0.297484138852414 0.385985575592797 0.0811404677821313
0.597543897280231 0.095705467499125 0.164969739632969 0.141780895587675
0.371863839330356 0.119673155302845 0.122399864661405 0.386063140705394
0.27929677807557 0.487563347863353 0.199723704417686 0.0334161696433913
0.220888616971004 0.0731479950356834 0.391767211457527 0.314196176535786
0.299102458024303 0.116835841607865 0.354116505688622 0.22994519467921
0.290641977662634 0.216946853035152 0.187849693548178 0.304561475754035
0.458316975265257 0.165519432240895 0.234519044509343 0.141644547984504
0.0492462347337346 0.323319739774423 0.322197501657695 0.305236523834147
0.133311432649456 0.632827630087632 0.211388389426551 0.0224725478363609
0.628703556814848 0.207298556266772 0.0374145643257725 0.126583322592607
0.137376219910382 0.248482640141307 0.552486523642001 0.0616546163063108
0.639335783680128 0.115020070896785 0.0169332530130062 0.22871089241008
0.347700589751568 0.196723176865163 0.304731462964016 0.150844770419253
0.37060331031629 0.300994198228323 0.0752211399773352 0.253181351478052
0.229560992201057 0.311526138137446 0.221430318847268 0.237482550814229
0.172215428851132 0.18345426495524 0.356049992090501 0.288280314103128
0.35482144324031 0.0943564516597182 0.220614832064962 0.33020727303501
0.322409725480984 0.112135794807572 0.209078643698119 0.356375836013324
0.205667480163787 0.263904031345573 0.479308688034222 0.0511198004564185
0.394923213270126 0.23111390151165 0.141552522536968 0.232410362681256
0.235938832466392 0.174712724213187 0.440481341807169 0.148867101513251
0.118918386240803 0.255842428980173 0.527558628243206 0.0976805565358172
0.600908785687802 0.0121233023107613 0.0573922644762596 0.329575647525177
0.154416903218081 0.266938986640557 0.34330326484862 0.235340845292743
0.393931175389954 0.287362236662089 0.273509047908184 0.0451975400397727
0.385138101285339 0.28439168509938 0.0295892532761846 0.300880960339096
0.345979502779009 0.192317134884998 0.393769073894701 0.0679342884412921
0.420107813219746 0.180308069516757 0.16821604217322 0.231368075090278
0.27347325613263 0.276140885307988 0.191905399045551 0.258480459513832
0.221614394182341 0.29889545932096 0.469795622505905 0.00969452399079328
0.0226503061244422 0.520511639118522 0.0394398323894407 0.417398222367595
0.315201903516442 0.353004799792624 0.0959683460930476 0.235824950597886
0.291135598711396 0.46096214625892 0.226406261242084 0.0214959937875995
0.282800404834604 0.110918663355355 0.295740334090017 0.310540597720024
0.274341242909224 0.203019121264806 0.157473674248491 0.36516596157748
0.224482110010356 0.156057160197913 0.261393496301466 0.358067233490266
0.194548589610483 0.130898851816699 0.305255299399744 0.369297259173074
0.289056313281539 0.0693708375655594 0.353662471524156 0.287910377628745
0.311165299275325 0.358598894321465 0.0561717490040474 0.274064057399163
0.217374326354073 0.4990585631422 0.243212462425602 0.0403546480781247
0.348419869058071 0.239162247519661 0.103453339166954 0.308964544255314
0.199024540022224 0.154618789549147 0.400852282889592 0.245504387539038
0.411725463697364 0.374323308683392 0.0499289735464889 0.164022254072755
0.399589498562496 0.130346703329893 0.271890233147943 0.198173564959668
0.249259775467908 0.189148186059382 0.225669983480895 0.335922054991815
0.200369916573877 0.202313489497422 0.112333226833365 0.484983367095336
0.0406937129314637 0.37282748485923 0.448391014665488 0.138087787543818
0.0184364345523987 0.410567787467029 0.298779479712332 0.272216298268241
0.330710502822722 0.284787930003012 0.152901795973984 0.231599771200282
0.255233631637147 0.217172708860275 0.349623153055246 0.177970506447331
0.265577003529921 0.548986621824051 0.163024425699565 0.0224119489464623
0.057456921175538 0.397692945235269 0.196764066105951 0.348086067483243
0.260819135105781 0.38038466763149 0.0252810604887372 0.333515136773992
0.418806122459237 0.182094979821288 0.0621760743816041 0.33692282333787
0.441207182753914 0.0740069880288764 0.223270152308015 0.261515676909195
0.225180557217214 0.392677285260455 0.0109852445755955 0.371156912946735
0.193042426010815 0.142267329181911 0.266367234094566 0.398323010712708
0.323100532117028 0.11626617085729 0.408827415314383 0.151805881711299
0.356004023596299 0.339092229078313 0.175183558065853 0.129720189259536
0.546825406973435 0.0663039700393291 0.0940674898817831 0.292803133105453
0.448030178733253 0.166562354270719 0.0260472584278329 0.359360208568195
0.543608099840095 0.0229892516961895 0.334922910242949 0.0984797382207669
0.364428533662914 0.0319670356064706 0.233911726191711 0.369692704538905
0.0972301476277771 0.27392090179705 0.334246326446317 0.294602624128856
0.195292033639389 0.291864069221754 0.178657720763544 0.334186176375313
0.321633437504614 0.273111030982116 0.17514794543 0.230107586083271
0.275851620032362 0.143323717044212 0.294826771677715 0.28599789124571
0.178302395044797 0.242065045680791 0.464788054491054 0.114844504783357
0.0923206698388666 0.0843211598873266 0.438394217584214 0.384963952689593
0.218536549521979 0.235703754403871 0.294572200383703 0.251187495690446
0.306138531068731 0.336799818484726 0.0661526415327418 0.290909008913801
0.309225031025328 0.284299389086654 0.15967692533846 0.246798654549557
0.358119694855216 0.402466814432781 0.126378521467961 0.113034969244043
0.202391542120025 0.391386445773772 0.207780479867335 0.198441532238868
0.311630318246124 0.377499085959686 0.298028877469094 0.0128417183250958
0.459792078624419 0.426551637279375 0.0859693760019381 0.0276869080942679
0.141961313550117 0.468099889028125 0.258728070050138 0.13121072737162
0.169847713429228 0.122268614539424 0.425075657562902 0.282808014468446
0.169970238635562 0.369609908010756 0.0588141377703952 0.401605715583287
0.424598003580151 0.226595141800022 0.17357988613295 0.175226968486877
0.527003009393267 0.148293835557322 0.268912105756359 0.0557910492930522
0.0568308593727666 0.288741951814191 0.413768404633815 0.240658784179227
0.392848259228974 0.154603920909646 0.432611747119468 0.0199360727419127
0.395028883124676 0.117056344532072 0.392805132388518 0.0951096399547334
0.427731715266324 0.0611230155143436 0.199429342906926 0.311715926312407
0.0394346028187839 0.35247586351061 0.509019008380353 0.0990705252902524
0.164393451664153 0.449139428597726 0.0235691674277963 0.362897952310325
0.217583484240483 0.309547951795544 0.327379526430133 0.14548903753384
0.375705376001132 0.250931112267426 0.0573347976163812 0.316028714115061
0.0442734092359375 0.334946841663361 0.216620912460002 0.4041588366407
0.0427350810682544 0.734676075009454 0.0807866486547062 0.141802195267586
0.14852823654909 0.232869546978285 0.354477455417283 0.264124761055342
0.120518347651934 0.309534250302754 0.394167068300464 0.175780333744848
0.0879193030510224 0.123052549679586 0.154089261431837 0.634938885837554
0.117205998459971 0.565353968408528 0.196485747535228 0.120954285596273
0.125988840054916 0.312406148499518 0.263723069111264 0.297881942334302
0.502338457496569 0.0707095209176063 0.36395533863312 0.0629966829527047
0.402913001032145 0.369374063634521 0.0084403778826788 0.219272557450655
0.221626920570738 0.324530718606963 0.195981678157632 0.257860682664667
0.221692403048371 0.288230311424895 0.2356872284915 0.254390057035233
0.235895649630165 0.275037217576962 0.370436222806501 0.118630909986372
0.0981929239015887 0.425697742517819 0.156743055342822 0.319366278237771
0.194181822376466 0.173047424750746 0.35475846829412 0.278012284578668
0.340803707307765 0.0682169083539249 0.25574644676969 0.33523293756862
0.229575029299398 0.262638055922078 0.0643024608092178 0.443484453969306
0.392293032369195 0.156869737343257 0.121847349856605 0.328989880430944
0.037778297537897 0.39349597864376 0.130266671508483 0.438459052309861
0.285123520727706 0.0928575585661068 0.482651333590773 0.139367587115415
0.320636682535503 0.106122155851734 0.399583997256354 0.173657164356409
0.0904473158488004 0.300218399049272 0.176637156078965 0.432697129022962
0.328367416919014 0.394377569974131 0.194156896272884 0.0830981168339704
0.283667330003237 0.0748607774843324 0.215064621168753 0.426407271343678
0.383239466422301 0.0174531098660254 0.213504263940336 0.385803159771338
0.577885970566849 0.259715420674585 0.0126505412480689 0.149748067510497
0.0252435595346735 0.112456545176298 0.437727280153833 0.424572615135196
0.184216565860307 0.162459026444442 0.220675158339081 0.43264924935617
0.133405866992658 0.185680094974887 0.371870179676297 0.309043858356158
0.145607907683543 0.254482169078779 0.27677320460522 0.323136718632459
0.213370254598564 0.216433865303606 0.338985326240674 0.231210553857156
0.203457805356407 0.347075415479136 0.265963306296706 0.183503472867751
0.197912210521201 0.383701245175144 0.328766729829899 0.0896198144737549
0.418913388640395 0.285618715193993 0.0454030669494403 0.250064829216172
0.306052482122153 0.347803167525931 0.0215571984698953 0.324587151882021
0.309321154912861 0.331665108074712 0.341954066440617 0.0170596705718102
0.381710239116326 0.305010264816577 0.176109210674065 0.137170285393032
0.425469071016627 0.232790326639468 0.0457869876101764 0.295953614733728
0.269086029634394 0.299271799309355 0.328889509004409 0.102752662051842
0.34716288484338 0.203532494362306 0.206632149561239 0.242672471233076
0.261267407788805 0.183129823556111 0.331815792316971 0.223786976338113
0.416570558977716 0.0685741839181497 0.150469447939707 0.364385809164427
0.810495600819405 0.0191606645045915 0.140528180383478 0.029815554292526
0.0613236606947183 0.0176025850338162 0.460332364134765 0.4607413901367
0.244688247128411 0.268875678557295 0.224284105255449 0.262151969058845
0.213425641384095 0.269071458804768 0.296774084825976 0.220728814985161
0.458929266538815 0.278674438888395 0.149860100202144 0.112536194370645
0.238203511510448 0.2205608946575 0.229017518887949 0.312218074944103
0.241265917301998 0.180413228731829 0.278772798673491 0.299548055292681
0.579963579570505 0.0186945631718619 0.295542019982347 0.105799837275286
0.388229667441132 0.0094479344243883 0.455026600000901 0.147295798133579
0.274299289959597 0.168640641665637 0.223751787415133 0.333308280959632
0.240806582787242 0.0537220729580991 0.321412207040913 0.384059137213746
0.463798025197317 0.246029827650778 0.0790025634216666 0.211169583730239
0.0961906605132317 0.108834340531683 0.469742596417889 0.325232402537196
0.00172535565701992 0.533973293886974 0.17722056264055 0.287080787815456
0.136185916031493 0.487801211001449 0.255687155965984 0.120325717001074
0.294018495088472 0.356230863737778 0.120306756409 0.229443884764751
0.320924472262233 0.254627874850959 0.282368646737172 0.142079006149636
0.266681316665904 0.423561651203376 0.273869209340672 0.0358878227900478
0.500162569177215 0.40243060054727 0.0270810387675602 0.0703257915079548
0.552804314894018 0.065680565791747 0.283800190653777 0.0977149286604579
0.415112107519043 0.160434265863954 0.267086040828336 0.157367585788667
0.146031844483987 0.0749321484170334 0.300026238827758 0.479009768271221
0.434681323428544 0.140337310060377 0.011886469044461 0.413094897466617
0.108507701534088 0.0687723727067319 0.17498144817432 0.64773847758486
0.31890044964485 0.113581625707049 0.169123160635852 0.39839476401225
0.401022806888222 0.136197810122323 0.187997907667087 0.274781475322368
0.39489048828753 0.360933601252451 0.0384726688538826 0.205703241606137
0.210335272885891 0.241110110262596 0.135203031376853 0.413351585474659
0.396076188606276 0.124116168426463 0.199000923558838 0.280806719408423
0.0903086931862852 0.17750246480386 0.566137180330792 0.166051661679062
0.323694640085624 0.430637161390299 0.138673509085167 0.10699468943891
0.374541572664846 0.0831608723675223 0.259153883438368 0.283143671529264
0.186087480691204 0.170419321438327 0.11893381934754 0.52455937852293
0.0600426889885834 0.316651613022986 0.238429066762933 0.384876631225498
0.364794204841295 0.208038206616369 0.0503911328676013 0.376776455674735
0.276353970046741 0.587913921348991 0.0348211015066021 0.100911007097666
0.378417459909216 0.217504884521595 0.126763217971536 0.277314437597653
0.349142713701073 0.0984141049721703 0.25420379874851 0.298239382578247
0.131235581390942 0.15881466303151 0.300932698870188 0.40901705670736
0.170811067550076 0.281255549967085 0.426485278289956 0.121448104192883
0.407100516343023 0.32592624718065 0.00495287384306602 0.262020362633262
0.349403947872136 0.251382872835658 0.254109224059363 0.145103955232843
0.20699336929507 0.19837326141348 0.316575327693009 0.278058041598442
0.334408614430839 0.0146521052527308 0.314326418816585 0.336612861499845
0.443621201970865 0.0777841677850629 0.123212811535844 0.355381818708229
0.33048526997606 0.0763489920240366 0.376492238932342 0.216673499067562
0.286192116733456 0.259723560560521 0.131728861431534 0.322355461274489
0.250101504918647 0.0707718528081363 0.252117627909777 0.42700901436344
0.218394121053379 0.253175591154472 0.132816310250523 0.395613977541626
0.241461062942578 0.294207465518445 0.227901971485765 0.236429500053212
0.217969816006323 0.237321834788952 0.0524855344880369 0.492222814716689
0.0987949965768912 0.177150101787684 0.454763943526678 0.269290958108746
0.0627894319784836 0.271716207784467 0.358324567107411 0.307169793129638
0.0590154787543132 0.364125503245939 0.315293431250938 0.26156558674881
0.233035348514824 0.377366517905993 0.124568306027414 0.265029827551769
0.00708423586361303 0.396159883982916 0.201170525973081 0.39558535418039
0.341707485593875 0.135301958339212 0.251467423485466 0.271523132581446
0.396294714563471 0.0762515866521049 0.34997289114395 0.177480807640474
0.366393938589445 0.0638147741076778 0.29094548398042 0.278845803322457
0.131844454656995 0.106631678165558 0.352275472224912 0.409248394952536
0.240001461704014 0.241212936183641 0.27337337100052 0.245412231111825
0.319960111225486 0.109137466865402 0.338026916075654 0.232875505833458
0.337496615314459 0.548300323709915 0.0731429902798308 0.0410600706957951
0.137365129829915 0.317918235005928 0.368750951166126 0.175965683998032
0.272912623488181 0.159044927004168 0.536970174121045 0.0310722753866068
0.26297793718792 0.289458257582994 0.256922272006657 0.19064153322243
0.343049257121952 0.0200767303229265 0.25555882415797 0.381315188397152
0.494901029899519 0.120751722038245 0.309543823448799 0.0748034246134364
0.267166883136816 0.314917038166507 0.142994337237901 0.274921741458775
0.369862867777217 0.447336456058976 0.0775281032030765 0.10527257296073
0.484406970232343 0.36923182867504 0.0617078888378705 0.0846533122547471
0.275022983927461 0.378095918442712 0.336154482481112 0.0107266151487147
0.309395645010407 0.0426593836796938 0.478735069830552 0.169209901479347
0.239454370027588 0.170147499725807 0.292364017685687 0.298034112560917
0.118624267008989 0.0989069541177447 0.420100506414138 0.362368272459127
0.323426490513716 0.180490440257137 0.0275696467610016 0.468513422468146
0.175712949089071 0.190266699230987 0.154972002973065 0.479048348706878
0.213233435484398 0.506277742927339 0.0696623433969068 0.210826478191355
0.485974180084993 0.17137873622993 0.322849839440669 0.0197972442444086
0.32069489570176 0.225049350663903 0.190383880492985 0.263871873141352
0.385469402919849 0.338238889561294 0.136602508036315 0.139689199482543
0.350192128638589 0.255261131171278 0.158061679448363 0.23648506074177
0.116928510628883 0.292052822025725 0.42041639522721 0.170602272118183
0.185431444057622 0.0301586828571502 0.383466224558574 0.400943648526654
0.520993207892668 0.0159591868500008 0.00152380011741943 0.461523805139912
0.25449439174846 0.212079200792321 0.239965468391987 0.293460939067232
0.0349224016675698 0.335286179425778 0.333670030728924 0.296121388177728
0.243219287613075 0.25816915171034 0.223469787035456 0.27514177364113
0.499183451759271 0.0207580690333083 0.0486398216252013 0.43141865758222
0.316582746749678 0.1297100053391 0.306071773067894 0.247635474843328
0.167212824126601 0.414217151919316 0.226804167940399 0.191765856013684
0.246248807330515 0.298166903618059 0.0576322237291455 0.39795206532228
0.230184486936009 0.0050250275805435 0.412309015512301 0.352481469971146
0.359032386722624 0.491228646168272 0.118366795330008 0.0313721717790961
0.308175837307009 0.208831909956966 0.118055386734068 0.364936866001958
0.0124468436113939 0.444969618893102 0.467665629875428 0.0749179076200764
0.58025290565935 0.0630470453122683 0.107546174707157 0.249153874321224
0.299089184591803 0.132066097492724 0.129683167756017 0.439161550159457
0.371433423734778 0.291707586588776 0.107676881139625 0.229182108536821
0.310511528744961 0.225466210608507 0.255121078397328 0.208901182249204
0.424040403834313 0.0779280365929381 0.0245867992987455 0.473444760274004
0.264945610165159 0.546929229446919 0.143698762718763 0.0444263976691591
0.040599135055547 0.0998733419650168 0.341360167907376 0.51816735507206
0.447576524136605 0.185431248318835 0.154825630059893 0.212166597484667
0.207811760141751 0.0954143423350483 0.387163810552307 0.309610086970894
0.210407823998698 0.0916758941474198 0.35492603503441 0.342990246819472
0.394490249115196 0.325222177674688 0.230791728598518 0.049495844611598
0.262489244638492 0.291277111755487 0.379145141020576 0.0670885025854451
0.062486270708135 0.375441836478986 0.374843972162683 0.187227920650196
0.507751520527776 0.0386121303375378 0.308171481138235 0.145464867996451
0.413150312578445 0.0691714017710714 0.188157257260026 0.329521028390458
0.097571691063178 0.249092756690281 0.24841969330312 0.40491585894342
0.175900253713024 0.22146731149673 0.304518312120642 0.298114122669604
0.250478726265018 0.251537872049663 0.231667543049937 0.266315858635383
0.411353340841099 0.26810329877205 0.0985423279271296 0.222001032459721
0.521174806132331 0.320738541345919 0.0481804059104832 0.109906246611267
0.363682713530146 0.0401269071422707 0.199632196215536 0.396558183112047
0.420185745395281 0.0328230671884329 0.455127867439187 0.091863319977099
0.324977732373682 0.258296025308848 0.352872559758375 0.0638536825590949
0.292195399458484 0.122235466411437 0.0439128436621618 0.541656290467917
0.148358198395205 0.260571355641272 0.0572999517358445 0.533770494227678
0.35115505260647 0.322798968693833 0.0938043642756217 0.232241614424075
0.104208018095394 0.12775798734394 0.503534117891939 0.264499876668726
0.217671781254636 0.179342500776357 0.197227559486042 0.405758158482965
0.310153881608784 0.290552980848609 0.0835471369858065 0.3157460005568
0.111809073817337 0.193989734322059 0.423100918434889 0.271100273425715
0.296638421812405 0.205748581932034 0.302614495537471 0.19499850071809
0.273000390282563 0.273538293506953 0.108131364716171 0.345329951494313
0.166304738662231 0.21897406847701 0.29010172103365 0.324619471827109
0.032394366639396 0.287683138316353 0.321071473401775 0.358851021642477
0.222143824423475 0.184014911321714 0.35701598709085 0.236825277163961
0.149830585685837 0.257017619446934 0.318141429724588 0.275010365142641
0.0677222505773762 0.206988976568238 0.719939966605641 0.00534880624874501
0.273652105203713 0.115340697396998 0.559584918160304 0.0514222792389844
0.292571692839332 0.30253102137315 0.190544825032043 0.214352460755474
0.0483937995974224 0.0799783089091444 0.395301659841773 0.47632623165166
0.215675848288339 0.331261207488946 0.257736756054204 0.195326188168511
0.0989652514573427 0.278755474815865 0.364735394360008 0.257543879366785
0.549126732378783 0.0408107548722342 0.160406173423747 0.249656339325236
0.219065671687496 0.289026611311608 0.371955574291607 0.119952142709289
0.226040698106692 0.351363090161394 0.140247486195413 0.282348725536501
0.323915651938142 0.238150887179161 0.176849794439087 0.26108366644361
0.397111551459059 0.13828287747133 0.370601234177126 0.0940043368924852
0.506906711761601 0.138623109477641 0.182218699567623 0.172251479193135
0.21050768619208 0.235243414846425 0.415588892536183 0.138660006425312
0.327900304453831 0.395119644241992 0.15526766562744 0.121712385676738
0.309334466411052 0.182498550909587 0.103197804259064 0.404969178420298
0.453929022548382 0.193607223651741 0.128493542485304 0.223970211314573
0.167169410552629 0.103251160290668 0.279259689347686 0.450319739809017
0.256613167100553 0.124342983532749 0.262591956766564 0.356451892600134
0.120920371316562 0.0498327466259152 0.438608351491685 0.390638530565838
0.466529924071641 0.114209867179064 0.0835608417806685 0.335699366968626
0.22974040339315 0.570199275596529 0.13519223290703 0.064868088103291
0.0153183258969677 0.558666484273321 0.383031319119366 0.042983870710345
0.484593660973418 0.320213692095452 0.159666842722833 0.0355258042082963
0.231452240038193 0.319994554363568 0.152567483625764 0.295985721972475
0.362708198903922 0.0517107615335936 0.251703201644379 0.333877837918105
0.23973681159452 0.401064948919268 0.175908837452199 0.183289402034013
0.172927977754292 0.439461142373016 0.259461705887234 0.128149173985458
0.326630734016218 0.269812595472771 0.184503303228752 0.21905336728226
0.338767568513141 0.296732625814451 0.0129998451519782 0.35149996052043
0.342454812429263 0.364946311775669 0.263518571155966 0.029080304639102
0.267393636262825 0.221823778834437 0.209915787560679 0.300866797342059
0.256126057460674 0.17915193149287 0.160165476623756 0.404556534422699
0.484271278711147 0.168136218990076 0.209078349670092 0.138514152628685
0.330458856377682 0.228247433593288 0.284231600488116 0.157062109540915
0.315615883531126 0.241430134944901 0.119694184001379 0.323259797522593
0.163371995152427 0.399665287611108 0.0802850817978254 0.356677635438639
0.0771635335066388 0.034548012352199 0.446346315875965 0.441942138265197
0.346516493369143 0.018227279305605 0.125448246925626 0.509807980399626
0.293985369810002 0.251366015868638 0.339947855607081 0.114700758714278
0.314441588048888 0.304500862843885 0.0365979479568174 0.34445960115041
0.290568656364472 0.359915132733078 0.034325593873846 0.315190617028604
0.234288958447231 0.343740726078672 0.132024584318589 0.289945731155508
0.328333587171659 0.250100962650051 0.0802674889044927 0.341297961273798
0.121405086479185 0.334694769537832 0.231025669924917 0.312874474058065
0.326592901636637 0.0578033448057112 0.369580130405188 0.246023623152464
0.340343235878988 0.259254016565359 0.115262871364484 0.285139876191169
0.291510499794362 0.289555695780771 0.292496083569903 0.126437720854963
0.36258695943675 0.134297305490274 0.390803300617121 0.112312434455854
0.351515404047633 0.354768392202845 0.185590817070961 0.108125386678561
0.262084306405857 0.284946913435223 0.245289117236229 0.207679662922691
0.212238997533679 0.295016401143594 0.40521164597915 0.0875329553435762
0.566968615114993 0.0145559681479463 0.358130263399283 0.0603451533377779
0.19807927676606 0.250151298576595 0.400185802468363 0.151583622188982
0.143090792400003 0.211245747992071 0.353705093720469 0.291958365887457
0.382735478091683 0.321156592020174 0.180787176192315 0.115320753695828
0.199921717216128 0.332768948992083 0.0708528761734268 0.396456457618362
0.359204285415877 0.0606968765622597 0.340817235581949 0.239281602439915
0.33610750819859 0.235088653253145 0.0877244294227217 0.341079409125543
0.0592190392693905 0.221409680817682 0.626037635465277 0.0933336444476502
0.315704894555704 0.320705431577043 0.0940978903568999 0.269491783510353
0.246051128507903 0.173544172938385 0.18184941838218 0.398555280171531
0.138985617881346 0.656036250665464 0.100625038853952 0.104353092599239
0.184136960648175 0.246620325105804 0.171469575270714 0.397773138975306
0.240589987682169 0.0649131529812081 0.301507755192296 0.392989104144326
0.264255420020852 0.271808188861875 0.242032473018464 0.221903918098808
0.0719878935214579 0.36845789780028 0.446621718971532 0.11293248970673
0.296320151086219 0.43550913249099 0.0128097640215156 0.255360952401275
0.127437507186471 0.408101774433124 0.341478392720507 0.122982325659898
0.372479744164861 0.20206122980586 0.314021259472787 0.111437766556491
0.0480704256143658 0.464467194348803 0.441525537531124 0.0459368425057071
0.404648710722587 0.202530444283948 0.0928788144690102 0.299942030524455
0.0323834918810158 0.44960640795629 0.288985777179786 0.229024322982908
0.267372688404471 0.271893698014885 0.139910021363674 0.320823592216971
0.238182957308136 0.316047817989417 0.330227498452598 0.11554172624985
0.286463858952842 0.374296392647981 0.169417300088279 0.169822448310898
0.316972233265673 0.3216328160233 0.0245174837699913 0.336877466941035
0.382599064450593 0.147737606725031 0.171618249475147 0.298045079349229
0.180951864145942 0.262496894878118 0.137371207494722 0.419180033481217
0.137625004435049 0.0952223866052901 0.326449398835955 0.440703210123706
0.574604259659186 0.198256995807966 0.0361511256630228 0.190987618869825
0.239083412841174 0.110887887265072 0.280055004196355 0.369973695697399
0.154952892310082 0.32830926794772 0.239943058611712 0.276794781130486
0.559283438326674 0.00133781592746254 0.0942662055895394 0.345112540156324
0.187117886061774 0.215357126644901 0.320500083871837 0.277024903421488
0.0283892828281471 0.275670840298377 0.285004250632824 0.410935626240652
0.171176519304342 0.584241150071746 0.211190902853479 0.0333914277704328
0.196653575343906 0.263774386558752 0.267914262177642 0.271657775919701
0.498997285383 0.0774377804633184 0.081335064654117 0.342229869499565
0.369861736848182 0.111811707811625 0.13003594493404 0.388290610406152
0.367901101348776 0.0498930126861407 0.20876364909272 0.373442236872363
0.0892832728098987 0.199071323550239 0.312204411563919 0.399440992075943
0.0375005678859204 0.431076786009441 0.402069437299068 0.129353208805571
0.0881873501443789 0.0938596796277376 0.516530298232458 0.301422671995426
0.30632473141458 0.319651521074907 0.261804573997224 0.112219173513289
0.232286452256541 0.252271484510204 0.39906043084882 0.116381632384434
0.0812064929267766 0.0945230194043377 0.658016667575186 0.1662538200937
0.269070838840396 0.542944135027565 0.136040801274987 0.0519442248570523
0.224058297728655 0.151213156764504 0.175822979194704 0.448905566312138
0.50826651937464 0.161756181348162 0.0196619074568335 0.310315391820365
0.292301228216404 0.226731977365862 0.222660366698109 0.258306427719625
0.0897673405636326 0.40813512965423 0.381482906681254 0.120614623100883
0.0165684187845065 0.00633740036409474 0.708631479824555 0.268462701026844
0.260521600523185 0.218304522289513 0.039953902141008 0.481219975046294
0.0402838665055588 0.18705218771655 0.502185545810031 0.27047839996786
0.178132554267638 0.303011756238167 0.352413976998291 0.166441712495904
0.212887412048149 0.298231454116484 0.239838008097621 0.249043125737747
0.132237095908094 0.377958197761626 0.0903248823712394 0.39947982395904
0.405048834151303 0.220683529106224 0.0590321455886123 0.31523549115386
0.168004625691851 0.237322304660963 0.22513829602372 0.369534773623466
0.47580856115408 0.173070411945968 0.151515907336417 0.199605119563535
0.204655170570456 0.2902233495128 0.193485247541338 0.311636232375406
0.279575684213297 0.392545329430787 0.225544952363289 0.102334033992626
