0.187952195107844 0.0320011669640809 0.281075186680046 0.07506885128829 0.0988858202636231 0.215762177807529 0.109254601888586
0.263782168823016 0.164672519474953 0.230365686374567 0.0300161465697431 0.111096160101988 0.0399970127266955 0.160070305929038
0.0334018417692869 0.117890384630427 0.212329741837033 0.213862917018602 0.182195371083812 0.204167044034087 0.0361526996267516
0.135998864823685 0.186318957681502 0.226764253097861 0.0376109021857484 0.115770251088169 0.184355395443675 0.113181375679359
0.15349063079253 0.262070274721175 0.0758591367715278 0.0728945141171744 0.0175680640615695 0.234353621706291 0.183763757829733
0.151587848991367 0.241994218624214 0.130175892516468 0.152520068847764 0.0512857914787326 0.217894357088882 0.0545418224525717
0.0955523088652176 0.0944995240052652 0.245308699089242 0.163584102904209 0.199942252135914 0.00255891727226284 0.19855419572789
0.0508222950186939 0.0430159094401655 0.0123464406797536 0.139051939878155 0.200565208835925 0.261637676313646 0.292560529833661
0.181462794162125 0.0373961045739208 0.19285182247806 0.179005423209244 0.185396632308078 0.0975806982147089 0.126306525053863
0.345605162593879 0.00508496841432049 0.206316503545936 0.0960404389990463 0.103284562978879 0.0206654903404536 0.223002873127485
0.103402570162061 0.21727423357602 0.176689941195887 0.139876975971073 0.0166502061693332 0.15664701954165 0.189459053383976
0.111358317605491 0.248163633761066 0.186909832139278 0.0938701062100264 0.00788508561397211 0.10781885721835 0.243994167451816
0.117808845570789 0.370287402065249 0.247411287833631 0.00309298361910249 0.0506015945402549 0.159628940097979 0.0511689462729952
0.0836674262198526 0.188502984678095 0.146138921993397 0.237367791754009 0.0388560722608147 0.0871317014749683 0.218335101618864
0.133947732882027 0.104185775732786 0.0678587345197174 0.223156106134224 0.170256289685999 0.107265153810498 0.19333020723475
0.011325796093568 0.0748147653314445 0.142040675597477 0.221251442171863 0.238793339742195 0.173004740532536 0.138769240530917
0.16004120508522 0.0446719636864504 0.0488399692098782 0.290170740681554 0.118168007675988 0.00500995304338906 0.333098160617521
0.177562384081611 0.184288382964217 0.149084530907464 0.20139533304161 0.0913534489089995 0.0203523406381077 0.17596357945799
0.0298931629328955 0.244473607227986 0.0932998865474762 0.156779947593443 0.250948432902927 0.0929389578683881 0.131666004926885
0.14034781382303 0.0534986101937524 0.0800379363203904 0.0354032043166779 0.116291213055424 0.292365682587074 0.282055539703651
0.146905836423564 0.204547769030485 0.211451388710738 0.189956091062879 0.0375234423045879 0.152909972989986 0.0567054994777608
0.0854950810883483 0.151568928246905 0.00100540319617498 0.234892842194484 0.220052367659961 0.0968431630796892 0.210142214534438
0.0999045296467632 0.0838991261721467 0.209387132408761 0.0857502674635381 0.141094452247875 0.0874450547749574 0.292519437285958
0.117298201019518 0.225703073017729 0.106306367935959 0.273011391693581 0.0721677887790921 0.0600794789684661 0.145433698585655
0.121688633634611 0.1654012031847 0.0178079187461901 0.194792657232434 0.126644692453595 0.148919944451238 0.224744950297232
0.0676658886278513 0.00919253292029914 0.0684097386494525 0.30092125063974 0.222946420485744 0.175679092912258 0.155185075764655
0.00771186231756983 0.248729494335593 0.0326051540590019 0.298154931294617 0.171112243217282 0.106214838820892 0.135471475955044
0.198892221858287 0.105590545782184 0.0165003260481991 0.22270193889688 0.0256805990805434 0.296189567100416 0.13444480123349
0.176606393820201 0.198775003291285 0.199389990216564 0.141096229980584 0.258249541698389 0.0183985820579585 0.00748425893501902
0.144210225868395 0.0842013946634912 0.19521955102922 0.20004970807885 0.185493915166845 0.0371692420927235 0.153655963100476
0.209374458886195 0.187135398802636 0.226340170948821 0.15679405853711 0.0567301433497276 0.0520018186129682 0.111623950862543
0.0246692817486796 0.194840621581315 0.0870251339217013 0.0244023890381307 0.350029125535817 0.245331928983987 0.0737015191903695
0.169689781019014 0.141794733991494 0.0834992597565131 0.190475543071946 0.0998366628450133 0.0560742012781536 0.258629818037866
0.160572088765657 0.00994382489812916 0.0910559937532328 0.27612037508253 0.232170434179655 0.145306302853029 0.0848309804677672
0.140071445494453 0.0531877502952531 0.0113304121477428 0.240808209408141 0.232117590674078 0.183941942135212 0.13854264984512
0.0294795978246672 0.0494594881024258 0.19032375639902 0.169919102118821 0.232549161834185 0.196468319849435 0.131800573871446
0.0743838421720702 0.181213864764487 0.232011633854106 0.179551036457567 0.106593188004357 0.167161445689879 0.0590849890575345
0.261602083780301 0.138286103948707 0.0460388469347071 0.190420493633655 0.113093618959085 0.11105265925544 0.139506193488106
0.00444689991773235 0.0048943845325891 0.285062276536152 0.250663438263294 0.147374430448341 0.296770903885478 0.0107876664164148
0.0643908158974297 0.193682068760888 0.170860003563791 0.087177061256237 0.221016618407291 0.0746920757563947 0.188181356357969
0.0748607116292277 0.0287315042654596 0.391219480253176 0.0461850658938706 0.0585060084665817 0.193407540585897 0.207089688905788
0.323441496335945 0.226432563799471 0.0768433140444049 0.0251483720741855 0.14798106739127 0.0250495103597786 0.175103675994945
0.11633983501588 0.180541181661214 0.137267934608932 0.184055309571439 0.187312648901403 0.135740626939542 0.0587424633015894
0.0374037509558079 0.271649978714118 0.228656105513419 0.10119764986852 0.212667352308394 0.0639914763015499 0.0844336863381906
0.220060671555633 0.156950524833102 0.175126271750065 0.0909255357993018 0.245684868831807 0.0934572430612349 0.0177948841688562
0.201321203257618 0.0920228768609852 0.207619816763511 0.155665523855428 0.0974769808650151 0.107281193428741 0.138612404968702
0.0113613777310557 0.298788658630464 0.0628444156503687 0.0750650797488339 0.285157216438387 0.147495633694608 0.119287618106283
0.146134656701613 0.0633489617226508 0.243760688409459 0.209085434300753 0.105375672308595 0.0295081887471035 0.202786397809826
0.240650477005814 0.139030579534897 0.146121888846137 0.0074020826780134 0.0216014459852076 0.211895113008181 0.233298412941751
0.102858306595618 0.136640814218585 0.222872539121359 0.249078709683953 0.0154028935124319 0.12625425258884 0.146892484279213
0.187705847938793 0.0768163273184053 0.0887042484131597 0.138376637839924 0.0802968225190933 0.183212887019377 0.244887228951247
0.106318852207565 0.0538426382711618 0.162649356059191 0.0536323048888225 0.274140609194167 0.175163091553451 0.174253147825642
0.0357905031986709 0.201268047972747 0.190909715771084 0.191402406652673 0.127438765781794 0.240501550322485 0.0126890103005461
0.0911741558759703 0.167296092357214 0.134634367325704 0.0818461649631205 0.159559730627768 0.182624935462146 0.182864553388078
0.0134125180329436 0.209064329307504 0.354523344583739 0.043649282119399 0.0462677780292953 0.0790093909830816 0.254073356944038
0.18373970075764 0.0936960791324948 0.037029920620139 0.0533506930694049 0.229213687715863 0.174236053749476 0.228733864954983
0.183810792354171 0.202044905004681 0.0358395345076089 0.096961986182576 0.0981816469972642 0.172026183881227 0.211134951072472
0.271777406060708 0.0158820827586094 0.162876656682552 0.00740589038089275 0.0904006286486082 0.204698897052183 0.246958438416447
0.2257255567845 0.0414831375773364 0.227628974956948 0.044170745721123 0.026394542920281 0.22704991643414 0.207547125605672
0.0828121732555154 0.0499730142273845 0.178499905315836 0.201803330572133 0.214011724702006 0.0456439504471187 0.227255901480005
0.153595470219112 0.202299102896825 0.0447410515190029 0.158040633447276 0.126104911508514 0.187952042633354 0.127266787775915
0.104853655444292 0.00441565412794002 0.312230452102911 0.248012704115169 0.0549533484208686 0.194637379016786 0.0808968067720329
0.170863724739437 0.179304548018877 0.0893901406452526 0.244925319538602 0.174352950391818 0.103095245026111 0.0380680716399018
0.0269758327127605 0.0265519636199874 0.237460452988599 0.181397557518463 0.019874803458929 0.27097576323994 0.236763626461321
0.237937982389134 0.23154295054733 0.137749211886561 0.0909487203661688 0.0258967695740462 0.238358671245057 0.0375656939917029
0.0918884608974267 0.0484940655764642 0.0957116831419563 0.22672490926509 0.0521471675365543 0.22020807243964 0.264825641142869
0.06183620770455 0.224052720588334 0.0648861571432905 0.0868492966894534 0.145701281240757 0.196029823230483 0.220644513403132
0.177775328038442 0.229470842610385 0.149653693203286 0.210706450553661 0.0489523840585788 0.0624562301935934 0.120985071342055
0.109379290849591 0.0617148915831011 0.172645417245514 0.0210555350690701 0.292629491133857 0.299254991063506 0.0433203830553603
0.0875499282801877 0.0445501536681297 0.154247618299456 0.206181496514019 0.158296108598486 0.240921361424501 0.10825333321522
0.222397575893344 0.363267847022696 0.0245771917242539 0.0212036056071046 0.0070955042696065 0.2763873874619 0.0850708880210947
0.125067467665763 0.206723352846533 0.274632544578949 0.0254651693011427 0.0768457155042849 0.228146499226894 0.063119250876434
0.389622687917689 0.0339895557379206 0.0994182413962643 0.121023390626127 0.00171191756248778 0.259050938099802 0.0951832686597103
0.0215398903431951 0.234171609221803 0.241268719792735 0.0789797361771364 0.120428741511418 0.035801439114443 0.267809863839269
0.136932826393642 0.12594591720369 0.164431607162924 0.185969919575612 0.141189249705626 0.155187488461644 0.0903429914968618
0.262791519863357 0.227316486124611 0.109053219680811 0.160833358915299 0.143147799810184 0.021611958514577 0.0752456570911616
0.140611961625537 0.121841607651237 0.288242726080105 0.0535788285444592 0.109902418546357 0.0701114257057268 0.215711031846578
0.228678933133371 0.140422596014697 0.233500461846699 0.0947056001695553 0.105477779566082 0.00201853916192987 0.195196090107665
0.0604684615188129 0.200598377802445 0.0898710226948772 0.214656158072208 0.124778796428106 0.0889231492420863 0.220704034241465
0.2320343518916 0.00485885664224933 0.0917142003290141 0.0720506920461464 0.197975712401584 0.222901622350745 0.178464564338661
0.268353745471094 0.100653566763163 0.225868899001839 0.0336894925514172 0.162091218986447 0.165195250197366 0.0441478270286724
0.161808189658565 0.160017915657088 0.122859400240055 0.212537636737601 0.0478082817006228 0.101993016868632 0.192975559137437
0.0542224624491743 0.310738426714987 0.058076026067873 0.0531158315804846 0.178015451217886 0.182609999065253 0.163221802904342
0.0261904482370725 0.0919537307275007 0.292263666669647 0.200573249871787 0.321243528793772 0.0266194631292623 0.041155912570959
0.0159202392349984 0.108813470114219 0.203558053858981 0.168181472953844 0.136820750945113 0.27653775939818 0.0901682534946647
0.234001095194793 0.195308966495887 0.0635828057492718 0.175460476211931 0.118127287872462 0.0386425345904301 0.174876833885224
0.188917327126635 0.0725255306110951 0.126661534896843 0.187497831845528 0.0348122484309589 0.25247622381417 0.13710930327477
0.187248496748944 0.205194515229505 0.0914231541134954 0.153022592789395 0.0423880174687289 0.201130219083046 0.119593004566886
0.159443583916872 0.0117035485055196 0.147048831815346 0.190404433580399 0.148397020566398 0.103389561487254 0.239613020128211
0.0833628916688771 0.132250934375746 0.169805928933136 0.0869875616848589 0.179353066771308 0.20571001620239 0.142529600363683
0.044723580534999 0.0529841686524806 0.168795065975521 0.239499005986454 0.226069762137844 0.244054742412604 0.0238736743000971
0.245904678106376 0.117852482076475 0.0329732147313703 0.260879963960106 0.119112393475234 0.157180381565186 0.0660968860852527
0.196683043910992 0.203846880521107 0.106713187844347 0.22944991062441 0.134429771073893 0.107780445045118 0.0210967609801333
0.175763720365354 0.01047526208615 0.177333504277174 0.11385573276276 0.187222458514305 0.159664067600294 0.175685254393963
0.0214190257480074 0.0961287699216368 0.218495470997691 0.338363027035158 0.165687419915435 0.0648577692434377 0.095048517138634
0.363765301152925 0.0444360154870082 0.00966373608557185 0.111514197574682 0.0910266393062061 0.306943864103636 0.0726502462899715
0.316307144507936 0.0504607827488472 0.0800355281349373 0.0303351136980326 0.275978970261761 0.214803848855072 0.0320786117934138
0.245842025984858 0.126245586568221 0.114470089966717 0.197613484964534 0.0130243791741603 0.0656043656667942 0.237200067674715
0.180107918147011 0.173176039573302 0.14032017819174 0.137746927290541 0.178298584143804 0.186100072758702 0.00425027989489961
0.0586925145811207 0.180114685365925 0.196318649984862 0.115969066776073 0.149105245336797 0.216275739194239 0.083524098760984
0.00844242464564072 0.128919730358019 0.169511420084962 0.127733179040141 0.235843561999786 0.0991818611931762 0.230367822678275
0.177997856872074 0.0864871915337903 0.187412718843346 0.187061889676982 0.153417007834316 0.194648785114242 0.0129745501252501
0.152411489576183 0.0151061536121813 0.13947052026832 0.244879404601178 0.0171275076756561 0.233177352837183 0.197827571429298
0.0513301783496316 0.209662706164224 0.275906702420491 0.0589416795221345 0.184117163970326 0.0373867612456438 0.18265480832755
0.0249150158219673 0.0841082553628668 0.147431038762073 0.267605491888994 0.233347060577654 0.15136945175295 0.0912236858334946
0.171953273201048 0.190860969765952 0.146398438658837 0.236016877584874 0.110998127995961 0.127361052315777 0.0164112604775508
0.202689227162708 0.0254430527031253 0.24050403864375 0.17475578543563 0.236292762213369 0.0640997904399814 0.0562153434014365
0.0508504501145077 0.295795697452512 0.0660978856158924 0.314715894730779 0.018097707699566 0.168868986394965 0.0855733779917778
0.203951734210267 0.172845091974934 0.189987326465175 0.256181004909569 0.0878719447605694 0.0474891256137623 0.0416737720657236
0.232710754857528 0.157394057665189 0.0383431642440593 0.109852072517804 0.185989580497986 0.0487064676898306 0.227003902527604
0.27802324035083 0.057508816421013 0.110761378675285 0.0228186916349679 0.286685003008775 0.00839021143276706 0.235812658476362
0.0195891708099491 0.139871662168451 0.0626271997414689 0.0877140651213917 0.252341387527017 0.357869389363131 0.079987125268591
0.17539945905314 0.181138088039119 0.00163377974883435 0.230150446091917 0.0346480716214147 0.224496561133252 0.152533594312323
0.212932418108423 0.0143333792272829 0.251835699094393 0.111432592660547 0.274028780219286 0.0785842872501226 0.0568528434399457
0.054799942445396 0.179299938830121 0.13610380375356 0.12558671964598 0.149136721457058 0.171499654005267 0.183573219862618
0.107049069355697 0.0598701715579498 0.0200794959706833 0.169805073478973 0.0821702729542018 0.277688382083116 0.283337534599379
0.000882785819967101 0.0791187410262111 0.285459268356597 0.0911684794255753 0.0187136005709902 0.309517556229834 0.215139568570826
0.0937206874289935 0.192976375378181 0.25389229889819 0.074400302733721 0.0668193220338263 0.0707464432602127 0.247444570266876
0.0712675854533409 0.0448354162884984 0.201609005505067 0.237270425694332 0.143292739159201 0.0756159403182598 0.226108887581301
0.206091064595387 0.153350431207577 0.0302380137940394 0.213190128109416 0.206331347996718 0.0749124934272103 0.115886520869652
0.31155481823313 0.170172499890427 0.254688828441625 0.162244675068483 0.0152089093484463 0.00107068606800697 0.0850595829498815
0.160980445121671 0.104656439537744 0.197429197010165 0.00367889155329963 0.200269296846353 0.170287266747095 0.162698463183673
0.152897425405138 0.285419728659174 0.244199897484223 0.15520296479137 0.0348916788398967 0.0318620994587227 0.0955262053614758
0.33139514182448 0.125951120122367 0.247553605260214 0.092722930660393 0.086424263829768 0.0796455103741718 0.0363074279286057
0.0928143262163714 0.0562850909520798 0.0645022816466007 0.304726303410053 0.145942333700907 0.0354971892572875 0.3002324748167
0.279893505173319 0.285175700092572 0.0698083218554623 0.0405726644298821 0.121686464583212 0.0375002494369488 0.165363094428604
0.202186969765828 0.0325009915258461 0.31863073288097 0.0405383628499653 0.1137872557633 0.285562325697467 0.00679336151662408
0.167595933869021 0.28259464028934 0.109811799012165 0.0831254502135602 0.284743380122009 0.0496167618617332 0.022512034632172
0.303914639897063 0.0261168456076852 0.203267372911942 5.5902139639434e-05 0.108805897747589 0.0513254733498378 0.306513868346244
0.228663091309707 0.0597679058330841 0.00436983633866346 0.16884886806889 0.199957854365072 0.121131944034987 0.217260500049596
0.0172563345832728 0.0984581122242068 0.0431762185277614 0.216604912112111 0.105083175390585 0.252030294847172 0.267390952314891
0.191438856180646 0.0674447438199635 0.081596890696138 0.182734895000629 0.204032131309324 0.136815565552636 0.135936917440664
0.0110610843765971 0.235557416185354 0.115198836719309 0.129536849530385 0.101718105773408 0.223173211457446 0.183754495957501
0.226819357265572 0.0447913107637677 0.0976553228075511 0.190440509325608 0.0480698358366728 0.21882509972631 0.173398564274518
0.166295612504761 0.0215701457475912 0.162354889868067 0.254099764384483 0.188543760653833 0.0525553188077488 0.154580508033516
0.0745395836853113 0.0896849954678467 0.153395576949952 0.106484590953405 0.0690094118964842 0.249336515071006 0.257549325975996
0.00685717404643442 0.204299389844468 0.272555904333856 0.101567390847508 0.219137539326961 0.158260451512169 0.0373221500886033
0.0504015920669663 0.0307276672404991 0.22421381316555 0.210961533409352 0.208006153346543 0.123627926792745 0.152061313978345
0.0572210131878905 0.0358596361174823 0.211170713974017 0.151983311006556 0.227784103128501 0.163379076862843 0.15260214572271
0.253779185606913 0.0701168071342896 0.109262826889269 0.0295413339193461 0.121427826755498 0.21098218636348 0.204889833331204
0.161436627304554 0.245529496407931 0.0176882885570324 0.235459034254906 0.1111546215666 0.0681060254870845 0.160625906421893
0.248660289784193 0.124266668992322 0.0790819872702858 0.108528242043913 0.0482636622317657 0.166612284474154 0.224586865203366
0.126062148501347 0.101309277455546 0.244550707495984 0.0575106485014897 0.248930072257395 0.00402965981841971 0.217607485969819
0.222746819971701 0.244747411221903 0.0350069447458312 0.134786431226496 0.0527194207115743 0.2511559366846 0.058837035437894
0.152971068280361 0.14805555244082 0.240632957421654 0.160404317143265 0.0222095164792913 0.0755817824721572 0.200144805762452
0.091651556747157 0.133278997492161 0.154621147247347 0.176968238574001 0.152244653747455 0.177390796281777 0.113844609910102
0.127131667171587 0.188349487804943 0.188055566356523 0.0553234916811413 0.133940885287065 0.148132674425579 0.159066227273163
0.237881542367923 0.264016367833646 0.061391820661933 0.0629666481551987 0.00176681117472952 0.179895750897931 0.192081058908639
0.17335572836937 0.121972483070577 0.219802543527417 0.0967936562666746 0.161962927569568 0.162097064465087 0.064015596731306
0.234027408876436 0.0259894569598004 0.131650672903785 0.102401467382101 0.105713667634537 0.143944914255128 0.256272411988213
0.0375099461120525 0.202081796642074 0.180031709837441 0.0775664247062691 0.308533518669402 0.122575804564512 0.0717007994682499
0.0592113686439939 0.0055000100036786 0.0122259745254871 0.12040230902953 0.292588882857064 0.167610784652399 0.342460670287848
0.259736453817848 0.00955397545273372 0.27030691742271 0.0602754137878628 0.183249064612662 0.126916744614085 0.089961430292098
0.0365671558338664 0.096978699201704 0.182931622955181 0.284375515061496 0.214690463704254 0.171869868030481 0.0125866752130166
0.164567318213539 0.150324700424879 0.0446324919390471 0.0591685322578791 0.197259968946472 0.113268580621345 0.270778407596838
0.204406234016427 0.142233646876103 0.133172794523481 0.212045311003311 0.0722942158753585 0.211357206901547 0.0244905908037733
0.245069584926063 0.0629670247697341 0.074083287792939 0.172835873437182 0.133293492451035 0.0375605527876901 0.274190183835357
0.165195594244654 0.182689084584827 0.268161126853933 0.0553749467031182 0.0205993996357069 0.248060114577092 0.0599197334006686
0.045514868335422 0.0236744879617884 0.226944372956005 0.194198128328663 0.215107197044226 0.109870803838403 0.184690141535493
0.171352746713081 0.200156294636375 0.0423106481776234 0.0914037163723033 0.203876897645184 0.0996760091060416 0.191223687349392
0.0139162330645825 0.0184052467822867 0.0953255805918619 0.200937566933835 0.153623139418261 0.348557532517824 0.16923470069135
0.177394177922306 0.0962043919392307 0.0895914069805606 0.145715465479157 0.225596306315069 0.222465358544842 0.0430328928188337
0.215154603626109 0.113920600028689 0.0132611860110327 0.116119414380839 0.242429193159283 0.233802386588342 0.0653126162057056
0.229577807006552 0.229896161363201 0.172390880400612 0.00563326856114691 0.0632851637575406 0.154435427879154 0.144781291031793
0.306765149161169 0.00946179490530416 0.166919616575156 0.105805780993601 0.173169109729629 0.0577574391087718 0.180121109526368
0.178497175018026 0.159029280213323 0.170262771485224 0.12558724907903 0.0599987543143566 0.139645272719505 0.166979497170535
0.165145971313767 0.257233791484741 0.0640632958908707 0.17772972080336 0.228986837614254 0.0349792444800024 0.0718611384130047
0.0868843872528803 0.163098340280166 0.0794647363757504 0.186817613632361 0.206743850581659 0.179090506581507 0.0979005652956747
0.0817331482850773 0.0220581752870828 0.201740423895026 0.18646661853631 0.103761790683819 0.235600335914505 0.16863950739818
0.124916360891624 0.292673155041116 0.0342279615774414 0.0966982565479862 0.0933323884114335 0.0312252618598803 0.326926615670519
0.0225803486751944 0.193015738105872 0.138028322570517 0.124467297757572 0.131981901786022 0.18054934084004 0.209377050264783
0.222029520030665 0.0617568330713498 0.207028636411684 0.186462455438229 0.0881800511644887 0.216342590682304 0.0181999132012797
0.152481020430346 0.118954081854865 0.128909967359419 0.128592436895545 0.0403949676723507 0.235929001621242 0.194738524166232
0.121731580048825 0.174019195923928 0.171644938140663 0.182122695842577 0.10245376392172 0.0939842044216422 0.154043621700646
0.104326946484711 0.225198930112458 0.224692513093298 0.139391426232396 0.0793038346705455 0.0721809873389549 0.154905362067638
0.108575870573094 0.194307015267533 0.0265953439561339 0.111496496762299 0.0389847629350699 0.23521434507295 0.284826165432919
0.359372841988424 0.104278225753578 0.138043868976054 0.144167006356477 0.00722960199249183 0.138636894934491 0.108271559998484
0.107752919719984 0.0742855716031582 0.135421483435262 0.20484857110807 0.113909660937921 0.229630415296787 0.134151377898818
0.22468629360464 0.189960581152362 0.149301565824941 0.0816872964183656 0.158496245777608 0.140296190561208 0.0555718266608757
0.0755295280007261 0.0931597308944919 0.254227343965685 0.227515667608158 0.283087938578273 0.0282341260612027 0.0382456648914638
0.0422234669868687 0.116185657396333 0.145621845674016 0.218901273017982 0.12467842207408 0.114412635441869 0.237976699408852
0.0811425741451731 0.0747102575892281 0.189488025648305 0.152408422687934 0.221013962649632 0.226959439288662 0.0542773179910652
0.071477026907811 0.052097842014107 0.0481705195393152 0.230008653835434 0.208480093350984 0.311466593833633 0.0782992705187155
0.132290774951675 0.231205279254163 0.153736306654261 0.0625012684963594 0.266984211141063 0.10865595399787 0.0446262055046077
0.196773677266326 0.387298335492869 0.0487017417981852 0.12406424985121 0.0995157982824112 0.0770022444858854 0.0666439528231135
0.0218799802176869 0.137697771406232 0.243797814428879 0.089091637554207 0.199795383946673 0.0603674574097184 0.247369955036604
0.211754444550813 0.0761060505656083 0.144798471899711 0.337386901076535 0.0364326353252757 0.147308014425677 0.0462134821563809
0.180671057184111 0.212546424824719 0.00531857530128256 0.00030827656599699 0.395204054624948 0.201108720785576 0.00484289071336587
0.139317839584732 0.0917711928561389 0.111422692353582 0.287341056870418 0.102998317508025 0.186003358553268 0.0811455422738372
0.1997997887151 0.258692825582536 0.0305300240352766 0.182156123109468 0.160109013657346 0.06131900644619 0.107393218454084
0.0646926689115589 0.311985401917164 0.0691340999255991 0.0526410943812256 0.0478731027077177 0.201932447404278 0.251741184752457
0.13658087332171 0.0444761736398394 0.208747434118123 0.136554300329275 0.20573156996468 0.128939516636952 0.138970131989421
0.10927479559876 0.0598106334141802 0.19269951040492 0.195774942910084 0.0470491729436658 0.200078803732391 0.195312140995999
0.134342397535709 0.166930263256132 0.0811661134519672 0.260895592130506 0.0867631328470117 0.244747599712977 0.0251549010656981
0.166633226050483 0.208091573159353 0.0937739208474735 0.246817403459353 0.209375084181615 0.030924777182114 0.0443840151196086
0.105189794086211 0.181154094651774 0.22002127944616 0.164321707037069 0.0420729282026308 0.165784999037133 0.121455197539022
0.170587043507523 0.150042979558279 0.00230400486061129 0.281538302310387 0.119938450635148 0.105957371186912 0.169631847941139
0.127593873378438 0.0457216900678445 0.160388615312453 0.173266284614435 0.218743469969526 0.199669812993036 0.0746162536642671
0.229875058097245 0.187332531921235 0.140277867932154 0.1896415132838 0.087807658280487 0.0761990735522445 0.0888662969328345
0.217797185734524 0.228237990621045 0.029403467164366 0.176365518694052 0.19306499399052 0.0737892776447313 0.0813415661507607
0.116168840054819 0.044447837838889 0.116981993732216 0.265963938801804 0.0444167591678187 0.197846232967335 0.214174397437118
0.19014708573376 0.195587969123536 0.0781937080159717 0.20438126633074 0.108275025659348 0.192176143364201 0.0312388017724438
0.137427237164802 0.048588265105013 0.167722271959637 0.228858517710662 0.184285018012833 0.127140796099853 0.1059778939472
0.0652998847362046 0.0721793899592258 0.188890978113966 0.255399973243665 0.160868615302222 0.153953996586338 0.103407162058379
0.047934923315602 0.199425259088892 0.012659074844977 0.233668582094198 0.063497556010781 0.256632284669478 0.186182319976072
0.0650741219747793 0.172334662914939 0.188242483006856 0.231134831356946 0.0988026118287526 0.236342190590898 0.00806909832682903
0.188296477936768 0.0103232368029107 0.237189423135333 0.211439786742587 0.0673619141794248 0.136529881623113 0.148859279579864
0.0752861432111875 0.242030318331591 0.0880531930703746 0.33422297974402 0.0911768702907955 0.0673536695683169 0.101876825783714
0.157007923034497 0.0840303322403943 0.225734254212939 0.226624430420631 0.130895346052051 0.0755442905917727 0.100163423447715
0.206374230567654 0.198090567161489 0.0573418954730698 0.182652330586005 0.0439071795779702 0.187617906937338 0.124015889696473
0.0548889210638722 0.0191998731428739 0.11269348081711 0.216856680374854 0.361422169227958 0.111340803564623 0.123598071808709
0.171292137653403 0.0239888927344891 0.255555202512393 0.0359261054022643 0.201509653859499 0.237895904195095 0.0738321036428571
0.0195241886838643 0.193648945572212 0.059551861215657 0.173364967718139 0.184533598529222 0.156730499686799 0.212645938594106
0.114371789853691 0.0931802943817769 0.156422102173088 0.184792488652344 0.162937771847721 0.110472461333916 0.177823091757463
0.16811199820953 0.192962373266772 0.0757341244245569 0.0777734420270323 0.165052178141146 0.254940651744532 0.0654252321864322
0.0754775058712448 0.152098305736424 0.10968226774229 0.144643392246758 0.0537942965952646 0.205288653170794 0.259015578637225
0.146456206481289 0.141132240742753 0.196761492257805 0.0332735198238216 0.188060354107286 0.143613260340042 0.150702926247003
0.228825559312431 0.130668318503735 0.0147119500805711 0.133981178719854 0.206106576130322 0.0829529854673059 0.202753431785781
0.121541689316438 0.00836266218423007 0.154970711961398 0.151866662405011 0.116230212701082 0.16326452238877 0.283763539043071
0.223143512007277 0.136121978004903 0.183917970419022 0.222162413670244 0.110218095051299 0.0762743243349451 0.0481617065123107
0.0864428387912072 0.117820780918828 0.0639692905408719 0.170743438505789 0.023414264307406 0.475161800010902 0.0624475869249967
0.221528833040714 0.0535625789851358 0.0780008850439909 0.0944427124484308 0.300729510050129 0.206687149920043 0.045048330511557
0.193729814679785 0.195592418956119 0.207586684185394 0.0745593638672987 0.115426604296098 0.132929898198797 0.0801752158165086
0.0173480490325837 0.164710870959857 0.0430082812641036 0.249304913311132 0.237317678678576 0.241187022886185 0.0471231838675626
0.114497771112242 0.188186747064382 0.117113725609261 0.0643858138395946 0.0774376360094625 0.246451607852074 0.191926698512983
0.094609951241248 0.0166811895456501 0.0716422207174589 0.153290611905754 0.194840190335699 0.289427703088044 0.179508133166146
0.17872028782383 0.0833628731365396 0.133438088025912 0.150215694586882 0.229303376711826 0.0606716880732318 0.164287991641778
0.315489032822847 0.038100784437027 0.166487346199731 0.0128026717969063 0.0460746367495484 0.380707009356034 0.0403385186379062
0.00380580378029069 0.0121402459245325 0.0244020387939742 0.270101275423346 0.218579679813001 0.0313106309514311 0.439660325313424
0.125042893663465 0.220654573535707 0.204549665384658 0.0246867093176526 0.128550332819141 0.216244569504046 0.0802712557753301
0.163941780729968 0.00420765142998249 0.282853929848362 0.169959478658945 0.177319136444827 0.194549204225799 0.00716881866211616
0.127209546945251 0.126105082709148 0.172220227305805 0.0530695791919213 0.217246973905256 0.0927602585055522 0.211388331437067
0.340873529526552 0.165969385369579 0.140016214125232 0.0519349000378675 0.107188321498685 0.183714577999711 0.0103030714423727
0.174936256603125 0.165245520759732 0.0972857101946284 0.156660792181053 0.0215374573992703 0.130862013437604 0.253472249424588
0.0362558609266128 0.11774239678093 0.028329811817718 0.157413304959782 0.307785677640577 0.0443624407600399 0.308110507114341
0.169444663986978 0.00212983147880096 0.0361788344152401 0.178322212522807 0.232882950454653 0.199603554764638 0.181437952376883
0.192001637879627 0.138990703816351 0.1094978327534 0.18330073092982 0.115147357275466 0.0475907055762259 0.213471031769111
0.167739021483233 0.0595025821833323 0.146807852575657 0.264860954817695 0.0726776996770393 0.162826834203606 0.125585055059436
0.152826998816498 0.111732843287702 0.0394275046252607 0.17889453089831 0.137472875374571 0.183688175998432 0.195957070999226
0.234588952170547 0.270369528913545 0.10009786541006 0.108132334547838 0.126432525333645 0.102214053160968 0.0581647404633973
0.0522311318840076 0.0330964386987547 0.232525814461022 0.180292064059289 0.242199753218439 0.024982259720569 0.234672537957919
0.190040278953416 0.00837225089444377 0.0318658694475535 0.23409253568248 0.031483497835547 0.273057961422015 0.231087605764545
0.0872621904827085 0.0773919619738033 0.109752961898922 0.22400716956885 0.239592738308435 0.0765788071515945 0.185414170615686
0.136080235642344 0.185482022568929 0.22798841923915 0.208679167274578 0.0566615316282151 0.0193332081016357 0.165775415545149
0.100640018352046 0.189704918530612 0.195866933228343 0.193906269464058 0.0112341526179089 0.10135623787333 0.207291469933703
0.190127010725436 0.182133007525691 0.214012420245199 0.0694763119376876 0.155694691687803 0.0899451898747828 0.0986113680033999
0.00938095143868446 0.100089890509236 0.184074314311483 0.15931777906402 0.0747649429041599 0.213716074299936 0.258656047472479
0.0631513558841836 0.150397298583617 0.199532863951922 0.128708732193849 0.182068411281254 0.0670717835782618 0.209069554526913
0.2049194342369 0.177955858205514 0.0049438476162796 0.05094618301657 0.165457717571286 0.16467788429023 0.231099075063221
0.254328443982247 0.0528852932435552 0.284068426622475 0.0191915135009573 0.0162217422506732 0.111567179978308 0.261737400421784
0.0146828188313698 0.111763800486388 0.226519194575632 0.0809871887625924 0.199901168562541 0.175830178472286 0.190315650309191
0.245312704819056 0.289608969944667 0.0126984785640549 0.178139733352303 0.164531609661977 0.0249073037329801 0.0848011999249623
0.0600233888040623 0.15447241639447 0.0214944385025843 0.228257412329975 0.269103526191892 0.101047645499779 0.165601172277237
0.00542125772455388 0.214161087060324 0.163119096475551 0.0663864367461211 0.140706596905824 0.179656233590449 0.230549291497176
0.248761899809536 0.13071469195882 0.207539119163058 0.0348690432073121 0.134648998140503 0.114436411479569 0.129029836241202
0.0307476271128018 0.202189091255451 0.197916955004445 0.186061991227492 0.189046144801102 0.0874956050768022 0.106542585521906
0.0223539400947485 0.0585698375540349 0.116723246424267 0.214979384370012 0.240001795039378 0.0561220971632103 0.291249699354349
0.165378215683603 0.276446042965088 0.00250561090804746 0.171362396123775 0.138660031593973 0.189804504242261 0.055843198483253
0.0927286177028135 0.27508352241024 0.258039288484889 0.232442483817551 0.038745768958843 0.0607238057023979 0.042236512923266
0.0682653462408708 0.230252428478253 0.176662252321285 0.274477547916654 0.117373037201298 0.111882130846595 0.0210872569950438
0.169387250661808 0.0474379579473609 0.245919414216518 0.208138392659093 0.154016131361018 0.17333835129622 0.00176250185798224
0.0646141286377164 0.265440205245399 0.0329807351917481 0.202243914563032 0.188239776290929 0.245333750236968 0.00114748983420754
0.195639966408157 0.155632532110233 0.205217625899276 0.104053143089078 0.0725102999638475 0.202961631353361 0.0639848011760472
0.0835052956327065 0.159422022000504 0.20757458366729 0.235576162526105 0.0887584688389263 0.147009592476896 0.0781538748575716
0.102672759323479 0.219861356716721 0.110207208331106 0.149384793215043 0.0856317049601707 0.0547496788300259 0.277492498623455
0.102302123637382 0.137180731630332 0.108373704412541 0.246774505186443 0.122018846032365 0.0538731727665995 0.229476916334337
0.218613938184304 0.111927530084149 0.170415489681118 0.0853297875332095 0.2129213092676 0.0508091913305258 0.149982753919094
0.161237338353758 0.0905148560880437 0.198259001617678 0.213700042842178 0.128088727116704 0.150359823687039 0.0578402102945998
0.186096293542596 0.0902020728123265 0.30172931706529 0.0393967304593271 0.167554168720004 0.18540523918395 0.0296161782165074
0.058508747961443 0.207728771742474 0.25816111771125 0.0568889294795509 0.0514132484965822 0.155548489609288 0.211750694999412
0.2095984411166 0.124516673818208 0.00118762574783473 0.200862262404319 0.215591069636714 0.0600495309288065 0.18819439634752
0.28307029906227 0.258801050713784 0.0931044520487891 0.0161636091983169 0.208429946834506 0.098024579185271 0.0424060629570629
0.176490968783414 0.279351251461198 0.13191655826007 0.073364918739127 0.123567682434413 0.120268422423002 0.095040197898775
0.165263720287182 0.222089090893597 0.0158063443104597 0.086081519763381 0.197338652326403 0.159023522696506 0.154397149722472
0.283071012926995 0.0314342096151333 0.174594113261498 0.213763583085733 0.0857433213689923 0.18802920127592 0.0233645584657278
0.1898646295196 0.158210388280568 0.0147702597350832 0.238770000054674 0.00123189647228459 0.299832508932173 0.0973203170056163
0.149614214608112 0.212495450770698 0.0997804086788499 0.19972889592873 0.00703747070432821 0.138260486740432 0.193083072568849
0.0567003835276833 0.106810591860084 0.200311427756095 0.0997526651666304 0.173014475146929 0.164398467197833 0.199011989344746
0.10962002553907 0.261906222921731 0.0274725374234033 0.18727432170928 0.0304693632901034 0.165843548566032 0.21741398055038
0.134347474542697 0.190323297361278 0.113394425457927 0.112693575961055 0.198066245263484 0.0797996364116763 0.171375345001882
0.234875712015921 0.0313283056385011 0.0462328168352519 0.248860387594401 0.244053954992838 0.0354976928377648 0.159151130085323
0.269647129446535 0.0192258798181396 0.131829921578359 0.144746867934487 0.269378717087508 0.0312573388316832 0.133914145303288
0.219636565436603 0.243797125074257 0.0346513998854824 0.00885979684779714 0.119362181047023 0.198230604814094 0.175462326894743
0.0903787317913534 0.156001693335192 0.215085918575203 0.0476966744830863 0.136479234671836 0.140675143857011 0.21368260328632
0.163784244305291 0.125559341098912 0.0772421609476029 0.138293181844014 0.106378808812533 0.302081726435536 0.0866605365561108
0.164966171290052 0.0912219685644816 0.00557816364080693 0.246341635606893 0.0883075874633093 0.226158185703456 0.177426287731001
0.0391285599596863 0.175679499206098 0.147809665673814 0.150350595340259 0.144087281715017 0.154270722448937 0.188673675656189
0.25241063755647 0.045571827696658 0.0252393016034896 0.129642857854402 0.242397898544624 0.112023811293693 0.192713665450664
0.293688448686086 0.265561137982175 0.0153146570899892 0.0994301676898308 0.0443495051602865 0.0592368926774943 0.222419190714139
0.145335607257727 0.170452304030236 0.0709054485776831 0.188390105568549 0.165378401668029 0.0850867339126844 0.174451398985091
0.121688573810662 0.139630308865798 0.192153778135631 0.0430464559253061 0.17647270360786 0.153349003125929 0.173659176528813
0.173057601908688 0.1295726124845 0.156649769012429 0.0128882513009861 0.217552376266908 0.141840866148211 0.168438522878279
0.154778324772234 0.0970165648200022 0.180383147422628 0.200372358607926 0.0345607885282484 0.116762919547508 0.216125896301453
0.354659231125356 0.097677827250903 0.0442824912097698 0.0744256133746418 0.218818396232941 0.061009480546091 0.149126960260298
0.170203881486874 0.162427495764714 0.0975917744153286 0.0570553424078277 0.244008083237565 0.0265165198429895 0.242196902844701
0.0895746374748991 0.217393915993942 0.132689173746046 0.186938616023816 0.0230362428343506 0.159832411068684 0.190535002858263
0.0179771842237303 0.185330033861156 0.0864646686046152 0.0190981233041319 0.237855226255316 0.307020712363148 0.146254051387903
0.0998506810618571 0.271572844323474 0.123107958359221 0.0861374388614619 0.194871652539038 0.117650817397217 0.106808607457731
0.0851421517357305 0.0606534965954039 0.0905427032292896 0.231651365687057 0.129157823666369 0.166510564933569 0.236341894152581
0.055756960246938 0.240645324080114 0.0872511374682866 0.0613961655448866 0.155496920012225 0.21414425126121 0.185309241386339
0.218328368498795 0.120870203861408 0.168056164238996 0.183385427804901 0.0847067333975097 0.089487958054554 0.135165144143836
0.0924894663654856 0.245001628871394 0.00549830155668621 0.0325625366527317 0.0854358058860508 0.286255763934232 0.25275649673342
0.137176117277779 0.162359646903009 0.120116794070322 0.169414216025147 0.167851179052653 0.063878069958187 0.179203976712904
0.120805502120836 0.201205814165227 0.0928590549759843 0.0256303826739036 0.219022663302221 0.219524945687992 0.120951637073837
0.184083343080378 0.0292094016726925 0.197903718722467 0.0608928789817821 0.0854226564818057 0.206723189428245 0.235764811632629
0.0784818207272734 0.231411269246281 0.0671198441463962 0.119499688149326 0.0940384715009062 0.290909591580424 0.118539314649393
0.0813705276255133 0.0147130214098322 0.17783739341004 0.261760344083625 0.197275088368225 0.223162818349065 0.0438808067536981
0.177808358156427 0.121267028753024 0.164056285160563 0.19240442004755 0.0269677709076519 0.123459741334443 0.194036395640341
0.00505163162052052 0.0929814081365478 0.190288701502403 0.0610471665731212 0.224439667642376 0.187682253808948 0.238509170716084
0.0123898378846369 0.198103146790912 0.0875109529572144 0.118007355639624 0.209425520181143 0.134395110295449 0.240168076251021
0.162159354213664 0.186838965007046 0.0377596252709888 0.154200679655783 0.126057350649396 0.146406832369552 0.18657719283357
0.0476293241987187 0.108414718568708 0.218914897898028 0.180662576954616 0.135133356960349 0.186679935968188 0.122565189451393
