0.164915407151787 0.0518544689574704 0.166135944205913 0.114614175198243 0.0762539831224946 0.066594005179646 0.116323548293358 0.0736831821626441 0.169625285728443
0.102052161172126 0.0688977000989215 0.140564269201398 0.136152702744791 0.15788558091289 0.0590932282479207 0.134546063940769 0.0801379812295614 0.120670312451622
0.0308169944639224 0.0380287513216589 0.247243661223061 0.361184679963721 0.223129985012127 0.0207504019222953 0.036052728957376 0.0186033100704279 0.0241894870654109
0.21062669627778 0.0193752809780487 0.16367562268133 0.173994769658926 0.0735082579431795 0.0830925339478731 0.157830023853221 0.0810719257744269 0.0368248888852155
0.0286433327769055 0.234599517274121 0.0968186855923153 0.00757699210467834 0.0850937112354001 0.0877721379897137 0.12441352018344 0.194431838648844 0.140650264194582
0.00670366977428301 0.0790905899402007 0.0484596614549841 0.0878615472664592 0.21713375432786 0.179947782721872 0.221598894800908 0.0244219264323882 0.134782173281045
0.0594418792579234 0.103932875533619 0.160288438010585 0.14476961270555 0.185012408789915 0.0859645909113504 0.0879455014914422 0.0275145248007925 0.145130168498822
0.139803353928986 0.157783914524325 0.124450834938269 0.177478531132965 0.0821873879887803 0.0522894300436321 0.0364701209384775 0.178458351618501 0.0510780748860642
0.0564143993307646 0.0814107688062073 0.162699498575416 0.144067984272011 0.102093620050367 0.144386346779386 0.156355294460039 0.0712102183574585 0.0813618693683504
0.16037845713768 0.0313250600999309 0.113052785163719 0.102022461034927 0.0594567600178281 0.0483332328101305 0.122405443053921 0.172216453382709 0.190809347299154
0.0278562691477986 0.18701196119773 0.105014500839758 0.156773217440355 0.101834759243656 0.0861598223757936 0.165126869892643 0.161456021234675 0.00876657862759093
0.0475461168445514 0.155979378149755 0.178372329560358 0.0262524172282067 0.155231367323005 0.0784249158169499 0.0857068788280883 0.18924818819277 0.0832384080563155
0.187030185855287 0.0918542367322569 0.177980120545175 0.0551487163972026 0.0709160756882545 0.0886984312147943 0.118015594587417 0.0794030609760199 0.130953578003593
0.21393759980135 0.175174909208817 0.025626360337074 0.09075273449585 0.029234339169727 0.170057774920323 0.131196550389114 0.0147134723307725 0.149306259346972
0.0590280938290514 0.113227422964919 0.149044135058642 0.216357179487873 0.197048668729352 0.102809786500075 0.0216874260734616 0.0423252139129882 0.0984720734436378
0.143992396031182 0.00566101560016304 0.0910305327089048 0.0172084320392746 0.131176880505095 0.15365984556325 0.17561490792616 0.199152959953759 0.0825030296722118
0.11743293973919 0.225762830501216 0.0364940159464038 0.110470085592748 0.158573115039331 0.149048388536048 0.0360142745185148 0.0176830404196398 0.148521309706909
0.120633403131427 0.214617820692455 0.0774950467474115 0.140787928279562 0.00308101906364058 0.121010970542259 0.0944200770737368 0.116588457495487 0.111365276974021
0.216175720587554 0.115536989233926 0.0817410561683087 0.0120948782879968 0.153304914858475 0.112637275431038 0.16080246163445 0.0545777420769956 0.0931289617212561
0.0203600275110056 0.140386466117698 0.176504803031246 0.0907285802041024 0.0974948101824643 0.123700758597321 0.147800237880458 0.00465656124268561 0.198367755233018
0.13826889354623 0.134178421538733 0.12887614844027 0.113250488823024 0.0597356976014583 0.112465312604037 0.122474381899706 0.0840930336592538 0.106657621887288
0.0373514475159821 0.00805135461823938 0.0826660175315907 0.180969144142735 0.229458687643677 0.149219194483192 0.105840707705857 0.0683666275478068 0.13807681881092
0.131799004011275 0.0531530945287962 0.183520254948044 0.0388177692055884 0.212862696598268 0.167993316944136 0.0698840194186861 0.124393835062187 0.0175760092830199
0.0805373171539318 0.151007254033185 0.0344141735852519 0.11781276322802 0.0825152392247866 0.0984467744010668 0.172797350430613 0.174608210361162 0.0878609175819833
0.0617306960258327 0.0671480168717393 0.102222444612957 0.000115882367950607 0.211534936690671 0.0587988258451849 0.00291067128310723 0.278151625514202 0.217386900788355
0.159279486437771 0.127649020607784 0.0668610104421433 0.0506191030201868 0.129429050114995 0.194055318927691 0.0615373516831242 0.193680878843705 0.0168887799225987
0.212165697194618 0.0199280246722823 0.100150016031896 0.100950933319421 0.232066678919793 0.00846738944411366 0.0826622372495791 0.169581286700652 0.074027736467644
0.10673699240889 0.0457984693520766 0.167544063315112 0.0632254566808472 0.0896605674279202 0.151782198011688 0.146814827824155 0.109684545674572 0.118752879304739
0.133889542863238 0.0188377576158799 0.182147801894819 0.103754497048333 0.128607281898395 0.00579747895327374 0.121997654423667 0.181090443833561 0.123877541468834
0.167105045692011 0.185614903528178 0.0369435840948203 0.189598511407262 0.133200508034805 0.193846159449332 0.0336386862678899 0.0142464702468671 0.0458061312788347
0.00674457335787799 0.0939682476416552 0.0196212326206173 0.186612816632093 0.0945937652026098 0.211794468908863 0.0404475224922211 0.229907996963302 0.116309376180761
0.142769648264352 0.116056948806953 0.141284601560894 0.0110769172096054 0.153208229194086 0.0220442722903754 0.132917978699626 0.134821503242758 0.14581990073135
0.0986988130136058 0.168671014122069 0.160923629802035 0.14853491685531 0.0848413065750119 0.113421135884365 0.0233528406223925 0.0548568532317869 0.146699489893424
0.0510897755675409 0.020173404938948 0.217461636583055 0.227058224172832 0.11348028513891 0.00350151595626989 0.14175476615818 0.103408717188619 0.122071674295646
0.0594311253413475 0.117157771811219 0.149780502523362 0.220390031317573 0.0913750406923948 0.0657874120444715 0.129451373817477 0.0859983828980799 0.0806283595540743
0.0316965859851809 0.144238853304713 0.185455875898491 0.0301432114980433 0.0968117179040813 0.00893683317360764 0.26101107292664 0.0447079815391628 0.196997867770081
0.0600247027002109 0.163944570987931 0.14811236559244 0.107013224462523 0.0804099956270403 0.10069684127363 0.105757217422591 0.133719682531932 0.100321399401702
0.200874562497941 0.0670808580298162 0.0157868792264198 0.0309732064707416 0.0120689285061895 0.1632388768928 0.0866828136658792 0.181541848927902 0.241752025782311
0.138147764089135 0.10494763488579 0.0989321233148016 0.0871587896109869 0.136397769455382 0.0641571731828212 0.119979239171821 0.110834683115966 0.139444823173297
0.0840649750731289 0.137891029236806 0.185405395896933 0.130296429367324 0.019815107524123 0.179522133318509 0.0811013381987265 0.0906011972045412 0.091302394179909
0.149819746319193 0.113044083892403 0.160666689863608 0.112989534670118 0.104329132020021 0.103104080430833 0.0339727480843996 0.100585164296356 0.121488820423068
0.0782092319175171 0.0850873207400948 0.174731228566433 0.170422853367324 0.0298340440234517 0.031737617814293 0.154702650428257 0.144907009107485 0.130368044035144
0.148754793285789 0.153023820507026 0.112395265897061 0.112468858992596 0.0405283878325353 0.108578673414709 0.134661656009652 0.0188331234483513 0.170755420612281
0.0543838826607732 0.167818730824827 0.0819615221209266 0.037225842915582 0.186289500181023 0.0695277771114507 0.179438239646466 0.166614262703999 0.0567402418349516
0.0506997312520111 0.1587870309724 0.0955287355400595 0.165161416621746 0.0298995670444562 0.178048161223893 0.0412622189952284 0.100243759493378 0.180369378856828
0.223547687316391 0.137346537050296 0.072933748467603 0.0955240722464595 0.128171168400794 0.0898212222759854 0.105676988692211 0.0289551698650468 0.118023405685213
0.103044556806022 0.189523403357254 0.025294079477285 0.158270245380519 0.0887427721530732 0.0500476374449488 0.134594096761027 0.0887816723933634 0.161701536226508
0.155668946246971 0.0155115216556517 0.117110831225647 0.0764860847916728 0.158643897036527 0.139831314832685 0.0608689809747972 0.154724772721557 0.121153650514492
0.143689496011559 0.0249019463163329 0.180591551012986 0.174394648216707 0.194918715889082 0.0294419719322072 0.0497234549070581 0.0492095615342561 0.153128654179812
0.0738850637133241 0.150732730480606 0.0448022712403162 0.149963539895396 0.0949363508342454 0.0791980178799199 0.186106345708845 0.166127531971023 0.0542481482763246
0.101265934267242 0.0706258508883585 0.098436914488171 0.111454069912808 0.0633748594374818 0.1944321442837 0.18338840582977 0.0250666351071889 0.15195518578528
0.0150554808872885 0.16991134813331 0.179529701007857 0.150288814851574 0.0690409376902391 0.104573746183902 0.042064119821785 0.12161566625414 0.147920185169905
0.0713081612360206 0.129805033514426 0.0165516297447188 0.157219867128595 0.0601829144202098 0.0872288996547733 0.203433502052366 0.0356303203703893 0.2386396718785
0.158778477501315 0.0829661525042216 0.027753150030935 0.184159275700856 0.0985061562357905 0.132702877023779 0.118131764395709 0.0281937132542787 0.168808433353115
0.0542595082820568 0.126839643676706 0.188525211124114 0.110462381481497 0.178150162284892 0.128034350874907 0.00537467245053155 0.082743805705732 0.125610264119563
0.182500360171427 0.104067488190104 0.081873755625619 0.10456139721503 0.127262453649481 0.148146529277256 0.0769460728243222 0.147327553027212 0.0273143900195482
0.285018757957118 0.234717860295474 0.0240326018650405 0.0122845176369064 0.011069364180283 0.0124725250764281 0.10397858443662 0.115984314955001 0.200441473597129
0.0707016420785896 0.110853570266064 0.169440838685496 0.143490427691276 0.138165224374862 0.0624982964829527 0.149844722979687 0.121148213758726 0.0338570636823464
0.238562063257801 0.0863432423567892 0.143697784193946 0.00623178332073973 0.14330456601551 0.120598627599939 0.2222781321668 0.0147491732209557 0.0242346278675198
0.0464519556039335 0.0856780296959957 0.0532225369453409 0.183316137321645 0.105562745612833 0.162191255945234 0.10713309768901 0.181417084200132 0.0750271569858767
0.124009801472422 0.127890598500809 0.0441974866814327 0.0970801337541103 0.189134559646009 0.0437494858626137 0.184694781659301 0.0943624038261284 0.0948807485971734
0.0177068265091817 0.163698111381819 0.085542200756284 0.0741942531904369 0.157364234855724 0.0308891206461569 0.0636539810530333 0.215014259017745 0.191937012589619
0.145655640781648 0.0298905764568318 0.0520689712249122 0.111321853769887 0.196802914717651 0.0136005207150097 0.181427013236596 0.125777435529857 0.143455073567607
0.13931172372539 0.106455459138875 0.160769424431247 0.189390695673703 0.0350116453034707 0.161310861414625 0.0339362222783691 0.108216889315498 0.0655970787188229
0.0878787331158123 0.161924828902582 0.0352280703899806 0.150800035498046 0.144673817053997 0.0259383227970668 0.199710922699869 0.141392954590233 0.0524523149524126
0.0498074032977142 0.0972930580872947 0.172454126901245 0.126505681059917 0.159973883038358 0.0612953589332779 0.155562881586361 0.0701242091947585 0.106983397901074
0.0975045196876774 0.242315451439236 0.173694471759293 0.139300473483947 0.0158217810378106 0.212682827414854 0.00699207203645833 0.0198528287220615 0.0918355744186632
0.00530399210090535 0.175559775117515 0.104829080266142 0.187619002180187 0.0276093841139048 0.084789057710162 0.18067540255515 0.0615473581510898 0.172066947804944
0.00707710413003856 0.205012486589332 0.207619604963094 0.141233614078972 0.0690154563207082 0.21513341167509 0.000429104216781009 0.0258246921058735 0.12865452592011
0.0998702248483939 0.1663734843651 0.0815594417112914 0.160199029002223 0.136828077211813 0.112557854336364 0.0879228193438141 0.132307491251653 0.0223815779293479
0.0659447669641761 0.137537073202362 0.171484754900135 0.100869702805444 0.0198207132957276 0.164152631382829 0.211461263838082 0.0553645301453931 0.0733645634658511
0.194135849272758 0.0636361256139789 0.228985995508294 0.0679376785200363 0.0361394297285832 0.077711117130609 0.172564020194875 0.156289928007912 0.00259985602295251
0.0121906286812887 0.0558898053817911 0.0825386778096831 0.228645028142676 0.191660795339175 0.136480308902382 0.0425606440052746 0.0785827373816694 0.17145137435606
0.0714570016014182 0.123994578090369 0.128139148853997 0.11761415258004 0.157773539793958 0.165546406021054 0.114891920570451 0.0917236609796097 0.0288595915091026
0.0895784759967697 0.0818781618167945 0.175682344963323 0.16556537335393 0.128829896647957 0.0996074007411219 0.0891720067375178 0.0962570685414911 0.0734292712010951
0.180611204153674 0.0070662050146093 0.0412869223085393 0.197735518119563 0.058538683592399 0.0490221273318354 0.163823136134227 0.126469998333645 0.175446205011508
0.0686889510139901 0.101064620863347 0.221447310675996 0.179310030086193 0.0393164904231398 0.148483681307383 0.0994797776660643 0.0210744130588668 0.121134724905021
0.0749511233530054 0.14708900395717 0.15397078727497 0.109943987741208 0.0387126739967619 0.17120167832382 0.157550608209492 0.128577867956216 0.0180022691873552
0.025712127407516 0.174949320576514 0.172012271054489 0.141188728748783 0.178227736315341 0.0883438234105928 0.0295001846123718 0.0814991289586194 0.108566678915772
0.160051431259517 0.121361423444866 0.192092858080507 0.184150189897581 0.0757675272822012 0.00787969711560907 0.0204177563797624 0.168183376133991 0.0700957404059661
0.0545725420254903 0.05417418724377 0.209983988632638 0.139422002537967 0.146650138548409 0.0588968790791935 0.188687400969892 0.129649110203421 0.0179637507592191
0.139084120764518 0.172356971128986 0.107065005471661 0.155456842755227 0.049265359498754 0.00519303000847211 0.0689149570092299 0.155495801385178 0.147167911977974
0.0698413236770206 0.181746969069614 0.170517903091735 0.201124239330366 0.0749424376304799 0.0169377791040892 0.00679737662307525 0.198054890517534 0.0800370809560865
0.244659639780349 0.236611322175703 0.0335950510113955 0.0149702932087058 0.131288241582886 0.0525009793552381 0.199404875451752 0.0575063839337246 0.0294632135002463
0.162581356434725 0.0581432292434848 0.11038203611642 0.115438662862158 0.0845732813243087 0.0739066242239025 0.148858880898369 0.145861647440245 0.100254281456388
0.0897257182391034 0.0104247750091836 0.107593977668831 0.180784261924332 0.209585852719954 0.144443049182714 0.0343663528671913 0.165356928359858 0.0577190840288326
0.146161715807609 0.185884265791996 0.145612036008078 0.0294044548302122 0.128195253110059 0.0229710092874536 0.0904681697117144 0.131226249670134 0.120076845782745
0.074055457001432 0.109176275989051 0.072702743618936 0.196773997849043 0.0910816226790778 0.0410336004773462 0.174683100494445 0.162538726354573 0.0779544755360958
0.0381270937796459 0.0741738250347521 0.154319138431249 0.0188548313704036 0.0614657384591931 0.192500153635192 0.16409225801021 0.118558669965486 0.177908291313869
0.207702003953394 0.053766080261569 0.0169543548732835 0.0200100663604585 0.265587204567804 0.129331759273819 0.203620046392697 0.0264477695544101 0.0765807147625647
0.208421470929964 0.0436230254185025 0.220748371890707 0.103539289900667 0.0281307500033669 0.00738516066328646 0.162040142405378 0.010861739260005 0.215250049528124
0.00820139441593987 0.240069869378436 0.249685715144136 0.132920787135966 0.0242015017301128 0.0119303776214635 0.165666974503057 0.0297061208132434 0.137617259257646
0.0425169182424197 0.0464487499467855 0.179856951205398 0.0897862467393502 0.133116098064114 0.210251036554078 0.167543774012875 0.0419829074090125 0.088497317825967
0.0381733235924816 0.20356988148697 0.102197276374309 0.109477038970977 0.20427875579951 0.126610344432589 0.110082790193232 0.0588784792017989 0.0467321099481318
0.0446504436504455 0.100974080729006 0.0908769295596024 0.0784012170738124 0.16246471556047 0.124353866322394 0.130011529035101 0.144561562182221 0.123705655886948
0.0271942270844678 0.0443280896783748 0.195594805841469 0.179419770338526 0.1013599599813 0.0304060326296971 0.149347414604318 0.158762389037994 0.113587310803853
0.143357550005262 0.19284600928571 0.0722523464072842 0.187146374482286 0.0465219413768314 0.166534079228097 0.0335046739532332 0.0902603174649381 0.0675767077963588
0.0282223651332634 0.131371314519665 0.0942907588226887 0.21202882321737 0.0969968754948428 0.188484739027519 0.0293207501408753 0.0186086092979018 0.200675764345874
0.066380402529039 0.187698344772106 0.0378001660373111 0.114042168867476 0.185024090065659 0.177461464434031 0.0876585259466528 0.142797400004534 0.00113743734319121
0.12383810825041 0.0909825679973194 0.181467716877102 0.171153484508336 0.074080855261604 0.149107610751173 0.095419348362763 0.105381669255623 0.00856863873566965
0.19249302774186 0.124182222410371 0.179538627104305 0.00878426336640907 0.12476783163737 0.0413351702470948 0.0238807530795108 0.192244328399496 0.112773776013584
0.172237243179788 0.173756701790185 0.0446449952950209 0.0303108216498562 0.122055891098362 0.129182180053739 0.0850922641723119 0.136260678685383 0.106459224075354
0.15063804578517 0.117660921606506 0.0664437280264296 0.152040776057633 0.132376735046591 0.0698438724936063 0.179730554374585 0.0325716974238415 0.0986936691856381
0.0974637284946367 0.252751681994874 0.152070081291068 0.013029779169068 0.00184670884511588 0.0845958884844377 0.0766100452726238 0.134390631862174 0.187241454586002
0.174173645470485 0.0639748995154491 0.0570302063106745 0.130859232359906 0.0783082398942802 0.188790674412657 0.00648661687855283 0.106336110290335 0.194040374867661
0.0751229374198384 0.139450901093442 0.181964505953147 0.0165248711676633 0.185220559783183 0.000155706145558255 0.138251175759313 0.0857188362848075 0.177590506393047
0.0848587507030773 0.214049116191011 0.113177736662255 0.129607944271314 0.0111574004400662 0.0687038786470872 0.151601491960455 0.000970944484445737 0.225872736640289
0.0214318740395523 0.193780121480746 0.0460333633794015 0.337314051742773 0.0702508657070338 0.174128653647525 0.132904089894518 0.0137661375629694 0.0103908425454807
0.0355485675141617 0.19680109032658 0.105153090677029 0.0574320684903772 0.0475121790947624 0.133389294669276 0.215223235429212 0.0161921522070157 0.192748321591587
0.0815350125432569 0.114028551699797 0.0400669630523671 0.169731173877275 0.04797955153794 0.182468701491023 0.212777607517519 0.00825189199099169 0.143160546289829
0.0953866370086147 0.192911471464948 0.1595866770122 0.0791398766575004 0.00641642376042438 0.21479244161334 0.111974866385804 0.130080127021675 0.0097114790754939
0.130400000993985 0.167303885969025 0.0745390191812254 0.106769995040756 0.0205310672503244 0.168252041753234 0.0867149550299406 0.0875271811499923 0.157961853631518
0.179744410835923 0.0699555324758648 0.169931915674374 0.157774543049367 0.188466317157394 0.0865782372329368 0.0146289968478409 0.132093059946656 0.000826986779642981
0.133741625605657 0.157251451102235 0.166237672473922 0.0687363124130688 0.0815821258034244 0.170099452066064 0.0678753894222918 0.0314646113951235 0.123011359718214
0.152405956945134 0.133050692526731 0.0751004986449565 0.169892007611952 0.158825188269186 0.105596033220111 0.0204087305074405 0.00193076495810265 0.182790127316386
0.0622570335656678 0.178989537107473 0.126255664829903 0.207784516679491 0.175580874392687 0.067982420855208 0.0457025310621979 0.0503812891156283 0.0850661323917444
0.0305434021733681 0.113660370010523 0.145439954648738 0.163438533669164 0.138620453980237 0.172733379545496 0.0480373673164101 0.122138877392691 0.065387661263372
0.154623370036369 0.162402477762358 0.072132869999072 0.143829252781856 0.0970220896013969 0.0497032232458358 0.105624244554608 0.0757028286511353 0.138959643367368
0.089476939841646 0.11925173370575 0.0836496589985198 0.14983695670292 0.120438973975056 0.140315341165877 0.14361797712599 0.117109555030529 0.0363028634537124
0.172360333780718 0.163374782823859 0.188506529730114 0.0573004418984404 0.0314885356757868 0.0529149345145697 0.150845167947997 0.13311484729514 0.0500944263333748
0.184430673245512 0.225802251440082 0.0856819202591322 0.096644401550198 0.0206933653311607 0.243755593369444 0.00208190245058876 0.0235894333940517 0.117320458959831
0.0347829270706385 0.268282509591833 0.0498727747669822 0.122705332024251 0.119264404638274 0.203699452045291 0.134488380394207 0.0579921663810015 0.00891205308752141
0.0215963928728273 0.115132922166958 0.162842481778703 0.134829952658084 0.101462856936628 0.135957363797035 0.156438597961792 0.0184934217987373 0.153246010029236
0.0413887431348917 0.170406073816022 0.0807030528355646 0.200071067523287 0.0910814801280574 0.215566989408505 0.161826400747066 0.0264689134347449 0.0124872789718606
0.114465487642261 0.143220840723312 0.191089658960687 0.0352869409741989 0.109659220292552 0.0469871665425217 0.081031782574488 0.150393322551205 0.127865579738775
0.0160707256939435 0.220395133370721 0.0601161906951336 0.103761675860413 0.0627703422949808 0.126387999815516 0.192663662888746 0.169954598942474 0.047879670438073
0.190240691579581 0.0494398211046161 0.115725986194081 0.153093580535638 0.0788614607911301 0.150268090340583 0.191580317861231 0.0170044199277806 0.0537856316653594
0.146393406797959 0.0263975466200405 0.153645333418879 0.160032253123139 0.105420821022559 0.0241575246260136 0.112551111701838 0.170448881765837 0.100953120923736
0.161197828755919 0.156988766342344 0.0998041521592255 0.0396003270680203 0.133079307017528 0.166355108579765 0.119990492134554 0.122318670134753 0.000665347807891057
0.180946004466603 0.0478420449477872 0.090521913250335 0.11274705762081 0.0770130167151899 0.16111201911381 0.0868963152910752 0.0859625086989621 0.156959119895427
0.0451939691134266 0.115338902071044 0.182721350588047 0.19614670015852 0.108376192649182 0.046925122623534 0.0234718778710081 0.0907650014708545 0.191060883454385
0.00835020996612434 0.00754160098878918 0.150390365440632 0.175756523506548 0.115625640551909 0.179612359831807 0.0173012616691864 0.238488007506815 0.106934030538189
0.011142979106778 0.158484191511219 0.0261903061081583 0.184569464628337 0.157765341384092 0.111666548233613 0.147953441241095 0.172845506327068 0.0293822214596399
0.103799973266771 0.186339050742135 0.0014883988283234 0.027911363416963 0.159594681513302 0.164055721839386 0.0540568405747441 0.0380631916576063 0.264690778160769
0.115304231343741 0.0539455276144832 0.221106475980797 0.0902109613609511 0.186081104488454 0.0547171446823432 0.193325357065848 0.0745216278720808 0.0107875695913016
0.0628564477151701 0.131305845335097 0.104975249905888 0.193491107968938 0.0104305157845886 0.0301585114059991 0.211890153285509 0.116713118508727 0.138179050090083
0.0825111056473738 0.0255832247716044 0.213531245636991 0.104760001490355 0.0172687934527812 0.220966399894688 0.0271833968170758 0.0715090852536335 0.236686747035498
0.125775473599581 0.148593291232653 0.068940388290471 0.114685704298586 0.202306784873209 0.00788639439173931 0.220430658403609 0.0586689212369086 0.0527123836732441
0.142432845599922 0.078888771741569 0.209712262862853 0.0210062913539586 0.222392836400645 0.0440895165580305 0.0523796298695084 0.167690409613156 0.0614074360003571
0.102764117397533 0.0422996057490327 0.161608150656804 0.190474672106876 0.173780106264799 0.0457822498880286 0.0603403549829443 0.0425015657827006 0.180449177171281
0.232886870379067 0.00919894603307181 0.0292667564211256 0.144332566347023 0.0597926775470289 0.179433072904463 0.054330270343505 0.205820489296597 0.0849383507281189
0.0364726645425238 0.136567708233325 0.0290720257434114 0.0158215772794488 0.277852192588976 0.116313550346809 0.079236007862742 0.0703889416529061 0.238275331749859
0.0137636165675183 0.0619415918320836 0.0588587044647392 0.0668482729550563 0.079964297772431 0.133675209632467 0.273963227080688 0.25473532209827 0.0562497575967461
0.105786572135629 0.0424841014194409 0.092841592013221 0.00511341488716946 0.16990794925362 0.147881435993806 0.210276650999676 0.154035767945757 0.071672515351681
0.147215043180708 0.10993775795401 0.0301851035029405 0.147195141815002 0.146619738121188 0.0315038980102825 0.126607057897113 0.142887086940515 0.117849172578241
0.132356435294774 0.154365184320481 0.190134300152531 0.030362918493144 0.202660072180797 0.0684186231952216 0.104634571922219 0.0312516678643159 0.085816226576516
0.107157186684029 0.155016906632531 0.156341367819969 0.0127547469844173 0.0541046158723443 0.126308748072773 0.141793477277343 0.176570462324628 0.0699524883319659
0.0083620184626456 0.0864793103089329 0.110845800143525 0.204258215599222 0.125892929845131 0.0520633309996065 0.0820434825307333 0.185934735899427 0.144120176210777
0.111915403841457 0.130135661761707 0.111316914462007 0.21646895201026 0.187829961393707 0.0166777255466114 0.0722094904109425 0.0529209720556174 0.10052491851769
0.0917413724524811 0.130262495792339 0.0655339592014376 0.102318868704567 0.125949917049204 0.146348125930717 0.0693431158293404 0.132075153480557 0.136426991559357
0.0752435566008417 0.188762733585141 0.119143211129797 0.186152893321807 0.0760955381778702 0.0920226172412548 0.00909219744795771 0.138968529107758 0.114518723387573
0.0551135428865581 0.0619487666964836 0.133362974943578 0.0965776355869113 0.148934951073514 0.138886632762175 0.18040191445474 0.00882348309702507 0.175950098499015
0.0419819859597761 0.178088558645014 0.131664039914511 0.167096835416048 0.0376983015367812 0.00428327788760299 0.0927482991050705 0.193567215470776 0.152871486064421
0.202999874359735 0.104006610531322 0.230122557540624 0.0812497584187234 0.00153065772071847 0.0602258745716076 0.118863924506186 0.0134931144458313 0.187507627905252
0.253025636344439 0.0764181006200111 0.0467008414424569 0.15346384484779 0.0117061666593953 0.124911228256135 0.176514086137259 0.150036910355774 0.00722318533673934
0.00245768917208044 0.123470321570691 0.131686963442479 0.145626786372728 0.141715817837987 0.098021405645634 0.123786485440609 0.14838296327258 0.0848515672452113
0.191655222031496 0.0571215197775829 0.0362800297210239 0.0153957639866124 0.18271311547602 0.0117129644459748 0.136622699693986 0.202949030000235 0.165549654867068
0.137402610246111 0.128900955116734 0.137257690619665 0.00818287673931053 0.0839000647842422 0.151335725267037 0.136721939994296 0.159129028540058 0.0571691086925453
0.157863035196035 0.184657406196083 0.0334611628257805 0.0892796419906272 0.0742767402097687 0.188409269371964 0.0670896497594428 0.00543731723323558 0.199525777217063
0.0514094649171879 0.0850727340739463 0.203207977387214 0.105117310354346 0.102410322532949 0.233300466011502 0.125259497522219 0.0687557264946846 0.0254665007059502
0.0656911699718125 0.0729415230104516 0.19226952131113 0.087707410494165 0.124851364526136 0.0339643200047648 0.223982003985288 0.143649952882087 0.054942733814165
0.0384519552730984 0.181770436116206 0.00734471094663009 0.127187350865798 0.0708386151913159 0.0424267546774469 0.24145851049116 0.167980653094866 0.122541013343479
0.167891483913341 0.030334398089338 0.161500905685656 0.169577826412101 0.101727410178199 0.097800609343137 0.105325159001358 0.0634446728087665 0.102397534568103
0.207944555329716 0.214381844201343 0.0282082961918952 0.0240758592275212 0.187977236385934 0.119769130251805 0.0958457952206651 0.0359820842644985 0.0858151989266216
0.064607642846996 0.0586700059003785 0.152175594260658 0.0902183430841903 0.230610505505672 0.0294070297379902 0.128936635815146 0.147729358784905 0.0976448840640651
0.0661327737550887 0.189929764742094 0.0984444897268382 0.100321208532472 0.039472621407127 0.195108113566821 0.0917980633882306 0.136285396587172 0.0825075682941562
0.0111707864487223 0.142594950308727 0.161810122798976 0.111839742944875 0.147977640423002 0.187917027105133 0.107870818037067 0.0403192477018505 0.0884996642316471
0.0399942101671871 0.122402245304375 0.0820317381515518 0.149418899170075 0.104562428981429 0.0865822186976311 0.165498103634638 0.104334362968286 0.145175792924827
0.0389622776690481 0.00777733576872019 0.24567703499776 0.030109799519237 0.107927890016277 0.21966195836474 0.0796949639685468 0.0793747608114796 0.190813978884192
0.104126492781719 0.114050025270562 0.128805844512165 0.136648994492979 0.0744562295196095 0.047709624586324 0.0941130487018449 0.173578972910749 0.126510767224047
0.118029251988705 0.0220389642425527 0.0738831283335071 0.0159292313405479 0.0955816769520225 0.0922048682315888 0.290178022830882 0.0969169895100964 0.195237866570098
0.00882564993769906 0.0313920233933191 0.179044995257899 0.184989452987299 0.112033051488753 0.0722816251417291 0.201845282830197 0.0648782049785006 0.144709713984604
0.0603097380691657 0.219196627791404 0.0346629046531933 0.072258922654585 0.222563175193399 0.142718104877869 0.0819869688746387 0.114603511006311 0.0517000468794347
0.113717343790199 0.0368812617986418 0.0954345417523721 0.13219159289638 0.15850407292345 0.139785306817026 0.119212480512853 0.0117215603544459 0.192551839154633
0.0890697788989355 0.052680505351396 0.134403485012578 0.120093662771882 0.0983910435459719 0.0852673798588445 0.0585948433911997 0.194061823988103 0.167437477181089
0.142693909825703 0.100312730993185 0.0360681528752549 0.190869625494462 0.0834594615344519 0.0267814481640419 0.0668481720334047 0.197348303239077 0.15561819584042
0.120515207399509 0.0310194657967624 0.0212119643549145 0.204809623362258 0.04086701049032 0.22868085876734 0.124004460124623 0.0348264724512294 0.194064937253045
0.135411639690817 0.0911575399628886 0.163111617899751 0.193729406224887 0.121805782296178 0.149526947228226 0.00200622273152431 0.0292932455655339 0.113957598400195
0.0639136948002693 0.0155769045947207 0.0146529051449162 0.190918896725292 0.20711518602771 0.191331213741094 0.138245105257332 0.0319835765172895 0.146262517191377
0.010851043422694 0.0364334543681159 0.228463586637916 0.296987915445363 0.0286453507103533 0.0916587061836619 0.083652741740336 0.0505372312091005 0.17276997028246
0.273197847770978 0.0479437718292383 0.0893206177958729 0.0812587465237573 0.0326989950410442 0.0171189519754701 0.118186125723221 0.0953884482503273 0.244886495090091
0.175338130725938 0.212310099434648 0.104160835301505 0.210465250999001 0.00378089525684078 0.00268752948049406 0.158314758613399 0.0203765480732661 0.112565952114909
0.108446974401596 0.0719422586726328 0.0319050824782621 0.0803487451599298 0.0268316764963856 0.196084400459085 0.120249251185529 0.16931056112503 0.194881050021549
0.0597854389657367 0.125853604281023 0.0735469262081716 0.0538675498904313 0.11197459698992 0.126743306873648 0.162175396881042 0.159545119739632 0.126508060170395
0.206457274850715 0.0456786772155742 0.1828742007448 0.210908132262433 0.0304546608563291 0.00376936565858868 0.15871314329085 0.0835254205370248 0.0776191245836855
0.00604515953334524 0.178041611241856 0.0487677553559171 0.0646283028644968 0.0420432793759138 0.181609248034526 0.205979377320995 0.21194155827218 0.0609437080007701
0.0343356198544412 0.176374160489124 0.183881323768475 0.0296574984461037 0.171317259286203 0.14749811360287 0.112660210403398 0.0927037590726466 0.0515720550767389
0.2200895835751 0.014679469330031 0.0617525603389516 0.192060297695166 0.125431601616412 0.12536720551578 0.00294596762271548 0.119067735806381 0.138605578499463
0.162700700802533 0.120127456105391 0.182838860602391 0.0383570088571775 0.0262858292006312 0.18943087343126 0.110562260246358 0.160654973195196 0.00904203755906213
0.00373468945385323 0.0505598945529029 0.0030680919307344 0.0316869267731586 0.14350523883607 0.326230355261467 0.155009845582491 0.204537291645734 0.0816676659635883
0.162281134869213 0.0509658106897409 0.14915226434927 0.15668455161089 0.103795809098929 0.15284001088694 0.0359196779447277 0.171788975684888 0.016571764865401
0.18791955105341 0.0168914052961783 0.114907866164778 0.196104567603117 0.191735852565739 0.104000908782468 0.0257854678844676 0.0777178069052985 0.084936573744544
0.177318634694296 0.148537690772516 0.179186351475616 0.139376558254204 0.0388961928307906 0.087410306077916 0.0157461831512385 0.0527172533498025 0.16081082939362
0.145932789113747 0.0114792360616176 0.196340974335426 0.0969862408113679 0.0302914000240847 0.275315462185946 0.00190509979973212 0.0962162757180128 0.145532521950065
0.119136288548971 0.163973930268433 0.13430921233252 0.0828374617932405 0.0372203197116081 0.126865536824844 0.119192480107087 0.0630942364233978 0.153370533989899
0.27259471832256 0.104767767247749 0.0772115728022193 0.0157748311558157 0.0206533903650475 0.226907939029742 0.0887133902963962 0.0757187756898074 0.117657615090662
0.164382601059556 0.103609380856175 0.0730910494353644 0.0550210236394357 0.125249883217229 0.0258439138650155 0.199897390769796 0.155849931119377 0.0970548260380512
0.116102892528059 0.15547894291641 0.0328240994041591 0.123570553525652 0.0551261079163247 0.0361806714191866 0.193747927957758 0.0755304437344385 0.211438360598012
0.0578321363149422 0.182585587666675 0.107105592618736 0.0400766141479291 0.109993243376209 0.0896432503833621 0.0797273125055734 0.167322044184892 0.165714218801681
0.155109237352911 0.0607606242436987 0.204491672486238 0.0605597393955109 0.168311145108743 0.00967758900000514 0.153940544152395 0.0459477987683078 0.141201649492191
0.0952094203573137 0.0203794569343221 0.261362494620086 0.0704683649997448 0.158927031928622 0.041099994378897 0.0291796546005007 0.0692526446319344 0.254120937548579
0.113987119871895 0.0481025434069959 0.0776281083069924 0.225027170193565 0.102288511991868 0.00286589461452744 0.17924473151758 0.0857394035862863 0.16511651651029
0.124554390983351 0.0154559995411697 0.0532433347324285 0.196026074660255 0.0354802416894159 0.136729319528885 0.0787434143882828 0.189675857007617 0.170091367468594
0.0150559125161996 0.00507374756010527 0.00587604252049298 0.206716911384528 0.165338382007697 0.0652171859977205 0.232848325664276 0.150079970668373 0.153793521680608
0.171109840884385 0.0335969608937819 0.135178765780173 0.184639882072382 0.0657385635898539 0.121124939547166 0.159852565544169 0.0884136711972765 0.0403448104908138
0.283567156984317 0.0398028595902082 0.113194575067147 0.0378525360279675 0.0649621846552884 0.114973701439945 0.0130247715272325 0.209768453611969 0.122853761095926
0.00562947224781167 0.051476966983909 0.0892534470701492 0.204161779884081 0.0707576657674461 0.203738034714823 0.117819369504835 0.065965209138428 0.191198054688517
0.0698739773598121 0.177509006625846 0.0676719832198503 0.164564948890426 0.0446390064423612 0.0876398715090996 0.213697580443703 0.150443655807622 0.0239599697012798
0.181214666739979 0.320012643384155 0.0937045682182081 0.0118818872358955 0.0663396274927913 0.0305246093076555 0.00225267411814724 0.0195510183806836 0.274518305122485
0.176096287133116 0.05026865177142 0.240491891258526 0.107718952855627 0.0590115295708146 0.0532648973590263 0.0795231615681197 0.199696340735439 0.0339282877479118
0.0398354894541609 0.13390750472886 0.23158596353978 0.126848130725025 0.158318357362347 0.0496023270010935 0.0199868661410818 0.118591292084009 0.121324068963642
0.127990845998821 0.135171493187274 0.19981308015896 0.0842032808527123 0.0168312606019435 0.251430743577916 0.0426270006925824 0.0456571036605323 0.096275191269259
0.102595460447312 0.0331217850545768 0.0302134260741245 0.14235170744484 0.162785145337303 0.124354270443052 0.225246320190873 0.165485029483354 0.0138468555245636
0.183147232512568 0.150861421520002 0.0269284108913749 0.0553585691732318 0.122754775654483 0.102264395840862 0.00926981912769983 0.18556900985522 0.163846365424559
0.0585955347498915 0.103870632893802 0.152165066320434 0.155536666706331 0.107699543518808 0.052243459513339 0.0575820505057111 0.122183481252849 0.190123564538836
0.140496425913746 0.0419472857297995 0.192381678176642 0.0544245965845391 0.158065037683118 0.149401724151054 0.0242079923745507 0.083006745349786 0.156068514036764
0.068789447840901 0.00835206936741149 0.178301057814637 0.0755152005757813 0.162563810966669 0.161210712016819 0.184647520810375 0.011147055016051 0.149473125591355
0.15103177792425 0.193988261337986 0.0914738801019174 0.0933315266201455 0.0473752076033664 0.0537208321954638 0.151215349576502 0.186576549998058 0.0312866146423115
0.112543347955019 0.111012770964095 0.140401110812793 0.180848965175397 0.127032911800758 0.0138708740576176 0.0703684468802984 0.116281679606624 0.127639892747398
0.121378444339288 0.0330841305102895 0.0903114514694111 0.0207014288648659 0.206681229033626 0.0676603250745866 0.121826634841789 0.194802262305335 0.14355409356081
0.083703731167495 0.0682519257338574 0.0666183284637536 0.150486500478393 0.200638663917145 0.0844158051202198 0.107930995551971 0.202796401025418 0.0351576485417469
0.00164491180472176 0.0427622295965188 0.096720370080451 0.122349686876849 0.159019824065194 0.148368869874407 0.144964338170512 0.162286936734535 0.12188283279681
0.206104428015868 0.27882459976852 0.0301403987949127 0.046064574758148 0.0259133282257236 0.161772654137541 0.0146721027802087 0.0446641471750354 0.191843766344043
0.0887410666834208 0.123843399872926 0.0699234539025866 0.102905492454245 0.109102049726732 0.150743038967971 0.061428807576082 0.144028906700674 0.149283784115363
0.141584558532457 0.127042840741271 0.161356795941737 0.166263921085339 0.106145850459999 0.0765501594520568 0.0690470972679198 0.0682869879425025 0.0837217885767185
0.148371145250223 0.107295401224493 0.11565649355105 0.0606504784261589 0.129460251631487 0.123388677604563 0.0771662561342294 0.13299047262946 0.105020823548336
0.0837737202694827 0.00902312094016024 0.224900610360885 0.112053007046071 0.0324223102439406 0.205834615314001 0.182823124530766 0.02005943513446 0.129110056160234
0.0193406096487256 0.164251565148003 0.0527071611989694 0.116615267736675 0.090774633736001 0.138275345003495 0.131258799744671 0.115816700816772 0.170959916966687
0.0387809083765791 0.168662896726364 0.156797855668119 0.0445946946367507 0.249359785241022 0.056836403561942 0.104329961493366 0.149992704597148 0.0306447896987092
0.02998832437638 0.129966824354321 0.0355978474567049 0.045600645579996 0.0838715585934181 0.173323154373178 0.19530075274782 0.11247384830477 0.193877044213413
0.151997679510716 0.116102412575373 0.142302821012068 0.0320233012358523 0.100848556790962 0.163654836056912 0.00957468249549877 0.13461855323219 0.148877157090427
0.0202607091178087 0.0144768566265272 0.101807621936212 0.0656175185044391 0.110203352778011 0.21008273007504 0.218784963727108 0.0515850749492527 0.207181172285601
0.0791233272681024 0.154499104066038 0.154127071031859 0.120625774763361 0.0768198166400733 0.15412474127603 0.140060561459743 0.0348261920109649 0.0857934114838287
0.16563646076388 0.0206882067537171 0.0103221501875922 0.021003705367931 0.18703467668626 0.244302647377057 0.225928452081518 0.0978670229569798 0.0272166778250651
0.0434190762109318 0.138341328125086 0.148965706222949 0.11788498245802 0.15882855475598 0.157395850726061 0.0988282986533416 0.0230873824383891 0.113248820409241
0.147814800347045 0.164484526044279 0.166737049826643 0.127471398144723 0.087220417969467 0.0561088739932442 0.0112333397426005 0.0656518980792997 0.173277695852699
0.0475930164086266 0.136026923558384 0.176039769000241 0.120172884197341 0.0210224529689718 0.0802694442775167 0.158509452256023 0.107897467724255 0.152468589608639
0.022337749582455 0.0373808290446746 0.0250626710031252 0.125736278745511 0.157525392385927 0.167281105281922 0.155793527980279 0.15092840620312 0.157954039772986
0.137826433330918 0.0063637354319455 0.289022431390458 0.0258465030671178 0.0639086570289489 0.00394905858285592 0.253918325396883 0.212598341090527 0.00656651468034585
0.00828887100155933 0.143433311171998 0.0747981647627576 0.0173642367376024 0.259894614508021 0.0853303822823521 0.177214000365655 0.0556508116392211 0.178025607530833
0.223093707414707 0.0259371590840247 0.0554647918269672 0.123324945037246 0.0751997148272177 0.0939221924485737 0.0755142162740494 0.149274669623463 0.178268603463751
