0.0831804116976459 0.150934296026448 0.231276834189648 0.157388053170707 0.0408952776578488 0.0579902859607754 0.0804842662986854 0.197850574998241
0.0478120321854883 0.155072598005913 0.00347889134560204 0.111998686042829 0.158131200291907 0.188746577323259 0.158135100096908 0.176624914708095
0.200294444619419 0.12987521140107 0.0227423126180178 0.153119393774437 0.193396123800027 0.0747592760579389 0.00496021059540013 0.22085302713369
0.15189301167301 0.111577086322855 0.0713563375372536 0.139579649739629 0.140283051532875 0.0937285828660149 0.130266117193991 0.161316163134371
0.237767930127056 0.139371421339563 0.034414346953469 0.0415086462721393 0.200270588331298 0.180373698402371 0.0518294113922745 0.114463957181829
0.121206633930854 0.0869490684012694 0.15014593783316 0.144392559258823 0.113991045676891 0.207468528951474 0.118636844892265 0.0572093810552629
0.250857321359824 0.0614840168790947 0.0714852006822085 0.0731462603970302 0.128231102846046 0.0151987822754589 0.114181782589764 0.285415532970575
0.124185935003145 0.142830653150888 0.0512693525724909 0.155038548950436 0.150512354649177 0.124811029992974 0.032955001645858 0.218397124035031
0.252932090197314 0.12494288502247 0.0185032318583128 0.154322067575415 0.0993701628589574 0.0575155400043301 0.232652693326381 0.0597613291568198
0.227957211529067 0.149214786891391 0.0935275549182454 0.23179634472702 0.105893285610095 0.00812250617093846 0.159029370711331 0.024458939441912
0.217980587468011 0.11301852827672 0.142126775462597 0.0597831265384199 0.100243620855078 0.0786500820761644 0.253955813244883 0.0342414660781253
0.167060820939204 0.0547037510389893 0.0637345335683658 0.155446222217307 0.150316785623215 0.0445196705919733 0.126871416121883 0.237346799899062
0.096080976442306 0.114654853524202 0.0497084097579948 0.200546896288668 0.152889389778807 0.152471589199563 0.099128240530047 0.134519644478412
0.032125120068322 0.199321651603534 0.00826379587783151 0.175693878172398 0.13642867528442 0.186461038901453 0.137359742065416 0.124346098026626
0.102696546159465 0.211723723373198 0.149536559634953 0.262522842544751 0.0411799525789596 0.0107743376677826 0.0968635801792801 0.124702457861612
0.0687924949131071 0.0626012079564167 0.241829585991164 0.0402736020403787 0.0578859168466494 0.184845745994688 0.107964849640045 0.235806596617551
0.188047614665867 0.117267942721404 0.0714590741062447 0.117226366332091 0.18536000044257 0.124188351032916 0.113825919415048 0.0826247312838601
0.165735870965243 0.207771359755375 0.0493565956824226 0.0818015726456722 0.148948427300239 0.0772393573844217 0.0746901499967599 0.194456666269868
0.143314709985018 0.0929808381292113 0.0935523873714282 0.197282252570225 0.0907110324014571 0.115527929975779 0.19748341519354 0.0691474343733423
0.0838704853705661 0.150323298082734 0.131066907257925 0.00452100973286958 0.122931164112844 0.0901468101721562 0.220250833419516 0.196889491851389
0.0409275675608833 0.1545091487513 0.12075072198017 0.147853878436713 0.211375051063567 0.0185682174292092 0.12950975447914 0.176505660299019
0.238845149236338 0.0519398030053387 0.142493036876379 0.220582157409118 0.111386913019424 0.0152043283991146 0.219132599633959 0.000416012420327594
0.0674778418655745 0.0331081854514369 0.0823383508412382 0.218971766817635 0.211025579198166 0.142827850165948 0.0883758493102142 0.155874576349787
0.203082113653431 0.208243820572458 0.099940551190152 0.0163163534301421 0.0669789369539516 0.217698371635984 0.147681523571441 0.04005832899244
0.154265946556039 0.0912400194291348 0.191711077418022 0.201448286419758 0.00578571108185514 0.113124435181215 0.153175534571454 0.0892489893425223
0.113241666247886 0.00504007941148576 0.151666076515571 0.190327335930014 0.161712412418893 0.144313510474706 0.084261119583056 0.149437799418388
0.183791536399781 0.0788280026646476 0.11982356041714 0.176777609884886 0.0910648263845249 0.134108120935705 0.0466529610653947 0.168953382247922
0.245106896694972 0.196605159132239 0.0919806695845525 0.123891828186323 0.0993827214787482 0.216761680004472 0.00103229395790878 0.0252387509607853
0.0568152515106149 0.128380663626827 0.0317298382663582 0.18546569981712 0.00710609806742124 0.197445046847594 0.190461733792711 0.202595668071353
0.213467524771343 0.154109797041238 0.189778707501597 0.0840105283218516 0.291449496479692 0.0396854135231902 0.0238281582413456 0.00367037411974269
0.20507400435969 0.00749253314385232 0.0152191785364883 0.0270271998692476 0.0703362193947368 0.300214016535711 0.27719313138038 0.0974437167798949
0.262801588986969 0.0487550548101352 0.179977955903347 0.0887956718340459 0.201529358252492 0.0656848094411315 0.129253043006873 0.0232025177650069
0.0389711189126714 0.166990595508684 0.177470379556339 0.142355564288554 0.0559866934169618 0.16792536770478 0.153855691523774 0.0964445890882364
0.0931934587206593 0.189966671323622 0.176057344895775 0.158367055117503 0.0398308434110364 0.0219248641457322 0.121195141525046 0.199464620860626
0.0069725626597434 0.253060212900518 0.122637057316247 0.134320135093909 0.0910852440809218 0.173122318891705 0.0150122577914607 0.203790211265496
0.0316634797751097 0.201766758233584 0.187060594791124 0.0340989516789402 0.252560845160168 0.0468169393175091 0.0682632531006147 0.17776917794295
0.0494238585425519 0.254977502670482 0.290957413067047 0.150864276499962 0.0812252281444088 0.0185046361872095 0.04685909056611 0.107187994322229
0.0325983360409746 0.197261319184484 0.203572684872963 0.193532359789601 0.162948955670132 0.010715851192325 0.182108029460576 0.017262463788945
0.121198354508883 0.196533279250363 0.194153385474688 0.100907393854989 0.166561931710199 0.152645838819362 0.0267025239506328 0.0412972924308839
0.371608148028327 0.120474299990838 0.163561275224977 0.00700720958872637 0.189352198156423 0.00806671974236121 0.0318612923671411 0.108068856901207
0.152369490437815 0.163194458635706 0.126369304455481 0.169536176786682 0.0335161440142268 0.0629134074104401 0.202760129795133 0.0893408884645156
0.0910667063042383 0.000482329941492869 0.0636123573810609 0.185635041580252 0.215016176350473 0.106459698284515 0.243024161118471 0.0947035290394976
0.0512023311211273 0.0760296896205025 0.00345055106185078 0.192819356844809 0.197892752711978 0.179480494240349 0.167095835708691 0.132028988690692
0.062373632833079 0.130948973228425 0.11666998705113 0.0507199313182569 0.164037933012681 0.174162907338964 0.15728079041996 0.143805844797504
0.0380434346910633 0.0537313957542536 0.121009130282081 0.0183537118292021 0.237591141370337 0.207493368161458 0.139983724293963 0.183794093617642
0.164361297300928 0.178376134269331 0.0830016396077641 0.16624512882763 0.0236129638104696 0.0168331379416603 0.140880729604277 0.22668896863794
0.043215949446482 0.13159965950591 0.235916072769374 0.0519369502664722 0.204970448256941 0.18302527441707 0.124215174571646 0.0251204707661052
0.0876529833931697 0.270993760958257 0.0785761846076237 0.126475388931593 0.079761520821383 0.0177842691595873 0.209482776886288 0.129273115242098
0.147775299676206 0.160642913980088 0.110929039790438 0.153578420637402 0.0746667767075648 0.0574516435947785 0.148473612690384 0.146482292923138
0.171923253668859 0.0612798599516009 0.096500224195834 0.102726501116438 0.115621824267119 0.200168241538714 0.159865062672815 0.0919150325886193
0.169472218824048 0.0774876101579299 0.0723730774632411 0.00415895836125847 0.195173606423849 0.155929039556541 0.126830063934479 0.198575425278655
0.0436505269367617 0.208605451865704 0.0236218703742354 0.14298580124416 0.140837114117224 0.116180464258278 0.157053569762576 0.167065201441061
0.221320683982686 0.253394953524482 0.16205192277969 0.0157178316227194 0.0545380280521693 0.0579052912811539 0.219208632597365 0.0158626561597336
0.109115855074568 0.0649029361715637 0.0479888939673822 0.206807198984653 0.074414815494291 0.107434458581967 0.242286911554318 0.147048930171256
0.0459971304431817 0.170267872596176 0.119736353501911 0.186549250491702 0.0739976656582151 0.0806283794795273 0.0905579714327469 0.23226537639654
0.0414040416033857 0.210516560463012 0.087201943447353 0.116200919163496 0.0836534967823483 0.105206535862813 0.226561737901124 0.129254764776467
0.0784304386329344 0.0945752968847619 0.106735466792 0.199973166467695 0.162817503392923 0.21563535083915 0.0140244021954401 0.127808374795095
0.231123028724265 0.00436517233326081 0.0844743396143855 0.0748800707684188 0.0257270672058951 0.226531898531832 0.199348666435449 0.153549756386493
0.133883331328864 0.0296187438682214 0.0758364750412621 0.136263906159377 0.176970418010809 0.140682358127527 0.173690852761762 0.133053914702177
0.180306760776103 0.0908800133899446 0.0387047982557639 0.0525743456701876 0.231252707494489 0.0341393312553943 0.223436501044567 0.14870554211355
0.0835966777153683 0.0726239671942609 0.144745651276695 0.134996716356134 0.17782320780223 0.0854574372113896 0.0434558137849904 0.257300528658931
0.163117973539838 0.0677498685377887 0.083974436118373 0.0940318030455551 0.15633930457898 0.148979618417308 0.0979809094128587 0.187826086349298
0.242823088946485 0.229875127366668 0.164506225846262 0.00546786937227165 0.15698618286133 0.0622282026130685 0.0152202166403089 0.122893086353605
0.0344018560165306 0.109869064691283 0.15623268965727 0.100897295419953 0.168572468020258 0.193615557428208 0.185029363938052 0.0513817048284455
0.124880426757607 0.0466690269985588 0.246235494052592 0.00809857498259142 0.0191808274700189 0.0486176293545177 0.236836426222012 0.269481594162102
0.000215607198043566 0.0343732406363335 0.177634597385983 0.0549063708023179 0.249100321015952 0.211646747074099 0.0429570034959257 0.229166112391345
0.129521021461673 0.073272633295126 0.040460517776459 0.145472254011116 0.0494703879288587 0.196649019260912 0.0548333521516725 0.310320814114182
0.064077142341232 0.0929879990343977 0.201433812262405 0.148644309004537 0.11490001739836 0.065168824137214 0.157463662466088 0.155324233355765
0.246424787619463 0.0607113145547694 0.24676120068751 0.0251810084393402 0.0963766780985916 0.0367628164636801 0.2019315717416 0.0858506223950456
0.171562320901983 0.181800015807578 0.176909454524468 0.0964114425792713 0.0175508710955521 0.165668728124476 0.0557946907195123 0.134302476247159
0.163762733999679 0.175026918514448 0.182206932207573 0.0675231731103677 0.0334754594402584 0.0210272244316635 0.189246942536436 0.167730615759575
0.162859102305964 0.248765878022659 0.00991823913773746 0.110273961797432 0.166458372306278 0.038613287333213 0.140218326974546 0.12289283212217
0.0813196680578929 0.183659398114877 0.132734378340733 0.158320963239992 0.0949962856961591 0.0465272365586314 0.18470798501964 0.117734084972075
0.0565493238478606 0.149856803341363 0.0732231619391588 0.174296299995553 0.162617630321391 0.165149080072443 0.0468935521478746 0.171414148334356
0.175607066116066 0.257133540645514 0.227959931089185 0.0614902559804525 0.0199209434168404 0.054439104771347 0.139724373483875 0.0637247844967203
0.0239174516641949 0.00849631155534542 0.209673320192336 0.0825094908064731 0.187078706048817 0.228195014497297 0.0490837601168933 0.211045945118643
0.215648822615398 0.137464781713292 0.048983201396913 0.209851855066277 0.0167838556320805 0.0178915879676356 0.209323288586515 0.144052607021889
0.0877026957142232 0.0566596721148243 0.0560963721405906 0.202777055588888 0.193829135910957 0.0352483128081182 0.186907415706716 0.180779340015682
0.102695859182217 0.174195346985669 0.254205233994791 0.00474885397025125 0.156247056793033 0.0384128419009788 0.221338593140345 0.0481562140327133
0.111472793652061 0.168852854232215 0.133352532025746 0.0299925194816345 0.152859759605254 0.205605426746698 0.0636771593951156 0.134186954861277
0.00402916847136087 0.0559443475188481 0.0800107833778081 0.137754385926648 0.127900333060356 0.272182407010988 0.240353088865568 0.0818254857684236
0.168555167590014 0.0989557310071091 0.127826402187001 0.050358418157512 0.110960583125655 0.203813599517399 0.193775258204865 0.0457548402104448
0.171998432603568 0.0422743058523028 0.164712856952391 0.0423839703980417 0.122599688448905 0.193749773793743 0.0834367694799842 0.178844202471065
0.131837263633377 0.119374120975669 0.0185084036938206 0.111074773888093 0.121026840535424 0.179691088305993 0.181264596633768 0.137222912333855
0.00693036059408409 0.0506353050395394 0.214482138239552 0.112012018034797 0.210122542635303 0.0470798719984642 0.151498634385609 0.207239129072651
0.192934587923072 0.224236804755507 0.0200214455753409 0.0919059048198462 0.12644614927811 0.102883164280272 0.17382959504887 0.0677423483189816
0.0493936286876423 0.193500536067093 0.224729808722458 0.120921700573249 0.117968245969019 0.018624833261987 0.242720037355816 0.0321412093627342
0.153336037151608 0.0838846113302751 0.0838044533676549 0.0360166366691303 0.200138630280214 0.21063497125885 0.114518170071109 0.117666489871159
0.0796862781445372 0.084071537464675 0.0753717884935764 0.189117223553919 0.185747703246266 0.114155542556223 0.16818469479637 0.103665231744433
0.150966292294271 0.111358253750247 0.0679380985009228 0.0564077544717991 0.106300988261566 0.164956225881146 0.15814822114868 0.183924165691369
0.104299681634181 0.185165683876742 0.142376910591908 0.178565398660511 0.0645415788673157 0.0674198797056282 0.1231307145331 0.134500152130615
0.162759644795711 0.116735037198819 0.150671660306491 0.158381700987724 0.0604216029914929 0.0520222632088065 0.223074883204028 0.0759332073069262
0.0930810811818162 0.158779044633956 0.155571517986389 0.209177807456104 0.0610669053361149 0.0907051155338887 0.0990050155579937 0.132613512313737
0.224522365160661 0.0198857448208186 0.115860287711766 0.177708431203739 0.090044526200046 0.0917716164644411 0.202085082058849 0.078121946379679
0.101184805302849 0.17892827721414 0.192954609634044 0.0857453049851174 0.0834628081306929 0.172120939619155 0.0744838482571082 0.111119406856893
0.0569501610150669 0.154890810620907 0.110847478833034 0.0799620715732727 0.224260142464522 0.158921625628479 0.182734275894381 0.0314334339703366
0.170259955554306 0.0744265138851302 0.0462649428990415 0.196483476870147 0.0525062969834632 0.212403582358763 0.156489978501823 0.0911652529473265
0.134234827782716 0.120398311787726 0.122312507777043 0.173891084451488 0.182125659102799 0.0685195332634001 0.0998221658171703 0.0986959100176585
0.135332160955465 0.191583893656797 0.0325221364571075 0.0288923681672398 0.0366684694721361 0.355212430485572 0.100886519257558 0.118902021548124
0.189741768836815 0.24094786613893 0.269579847539775 0.0393966767630193 0.0998045003856358 0.0402321527051481 0.10761504343084 0.0126821441998374
0.166717885591182 0.175595638728214 0.0722061706629899 0.0732559586922779 0.120295609239444 0.117008347592786 0.169295617940572 0.105624771552536
0.206318909969337 0.00912302514805256 0.0683406989054245 0.171394229429263 0.144944798143684 0.0483000949805506 0.193564358943403 0.158013884480285
0.177744635432732 0.0173151489475295 0.0301204141811545 0.0739142849616178 0.219448174082509 0.212582625291637 0.19382415864031 0.0750505584625095
0.0184352063005775 0.132147035127445 0.0704873821141929 0.112030322360988 0.19068787721758 0.184877141868059 0.109317842617456 0.182017192393702
0.0769068535325612 0.00373952147139573 0.235596529825941 0.232454506881155 0.125604029889863 0.132886119569792 0.0209158708362248 0.171896567993068
0.126423491016836 0.053746682858622 0.220318657416705 0.138671139340219 0.0492708472433226 0.0547756724027552 0.191022623778032 0.165770885943508
0.0112133298234897 0.26067287468368 0.0514580019878485 0.149422281085452 0.148609273740255 0.097015688745008 0.243400875069423 0.0382076748648436
0.135284070312144 0.0858567199866053 0.0374711240603764 0.133687746541448 0.0471100197868934 0.127266777802721 0.18216067789607 0.251162863613742
0.0561426290892919 0.148275664891206 0.0473781911497113 0.237798580532603 0.106851137842138 0.177904600267611 0.161273942353751 0.0643752538736881
0.0422688292972696 0.149817257089407 0.161571697744396 0.139478342016155 0.000268571687277906 0.176065618827061 0.168979187455966 0.161550495882467
0.169841999823747 0.000250158342427868 0.151871184100169 0.21551652374876 0.182751981136355 0.0977345402014155 0.0733285100238259 0.108705102623299
0.107623697314782 0.169044794159478 0.152003535525872 0.124413894772977 0.184398901411701 0.116888526488397 0.0908334394779423 0.0547932108488515
0.102561161864597 0.189256042201169 0.183009681647048 0.120444076045255 0.0864887209577455 0.191328885441817 0.031768962119804 0.0951424697225645
0.146611084860555 0.218953322755887 0.0884686504755337 0.14312665490718 0.0186188726024784 0.0327337305678502 0.174167241957512 0.177320441873003
0.196865001087946 0.112277759774614 0.0921982495495941 0.19225974355547 0.113392948054297 0.0908433134424568 0.124402598201335 0.0777603863342867
0.20257592495388 0.177061741462168 0.16063868216391 0.203866101538788 0.0327692844231505 0.0153768065230251 0.145125522982513 0.0625859359525655
0.114379009235914 0.0130669014407617 0.123231222954021 0.252915774806677 0.189417027980155 0.148773730083485 0.0497128720778193 0.108503461421168
0.27760934370386 0.127842744239063 0.190076278683651 0.0590192448630122 0.252136352130825 0.0593957015459162 0.00152710592385056 0.0323932289098229
0.0679235942617653 0.158902119114945 0.209490601815834 0.020422921464329 0.0218779812963408 0.184790885029408 0.177028343624589 0.159563553392788
0.0658517442416821 0.102330429883847 0.112906277314971 0.196556885892598 0.322499932274911 0.0604180980703954 0.0841078088993452 0.0553288234222504
0.00750665947291462 0.180498831991521 0.197534693349491 0.0356712979059885 0.0993406072995308 0.0534560979125515 0.186231895811171 0.239759916256831
0.200419749811982 0.130135071954405 0.015983744852227 0.108623051607204 0.206014950457097 0.0172114046065911 0.109070451041934 0.21254157566856
0.145585090108992 0.1660562200109 0.171289674703343 0.10223403769903 0.108074551864426 0.0672572909254862 0.107023852016139 0.132479282671685
0.153663178515698 0.0185391292530641 0.0456952791280788 0.107807645054258 0.236015032241015 0.207473863224139 0.072793083013688 0.158012789570059
0.0290429924975719 0.0477916984884739 0.188536872219131 0.173410204560972 0.20125165266375 0.18959665264878 0.124716159865252 0.0456537670560692
0.0230398989842456 0.255810242493623 0.0368666545157338 0.070737025044112 0.234838935866795 0.152679003554759 0.195793948567405 0.0302342909733261
0.0323930631519705 0.186007349026442 0.171785145408111 0.246374644771386 0.208213474599857 0.0732025855204811 0.0667232704522716 0.0153004670694814
0.102756439860123 0.0682452729772332 0.189444261001387 0.179236161148141 0.188264555128544 0.0857448247779085 0.0165291580238656 0.169779327082797
0.117007459799698 0.10473976242215 0.0977304420310618 0.259061522673541 0.0153315200519942 0.232863254629613 0.170481238721424 0.00278479967051849
0.0293789354951506 0.030085711324871 0.148880476620709 0.221061911051946 0.158363245663335 0.219616280549146 0.0555120708982464 0.137101368396597
0.180610571218005 0.119017008726553 0.269055856927868 0.021747947429665 0.0690198963452424 0.102700702912671 0.168498815816348 0.0693492006236482
0.099174431448128 0.171798064078485 0.18035338740415 0.245357476510769 0.0263033567156067 0.0858516079919303 0.134522315566904 0.0566393602840272
0.0742724586011721 0.024925613686686 0.12619974358526 0.215083640320909 0.121421552103873 0.155127249246616 0.10118371168624 0.181786030769245
0.251550310958549 0.264485026069586 0.0391395073109331 0.0206119202589262 0.159626533058756 0.0671406720699725 0.00974776023147645 0.1876982700418
0.0787974094335256 0.0695144899462442 0.00675375157356734 0.0316781671857611 0.0729324778132243 0.26295183468931 0.290787006434544 0.186584862923823
0.240577402747685 0.0740034813575473 0.135926511487377 0.146493752800463 0.0889106533985828 0.00906888777693597 0.258408186180141 0.0466111242512682
0.075956868266563 0.238966699615161 0.0193391987326909 0.196832517860851 0.178461404583562 0.00384463227640931 0.284598783788006 0.00199989487675637
0.131874203819422 0.124605327294272 0.1471152357735 0.0347820399741201 0.143264043845517 0.194861439905398 0.0173742196802347 0.206123489707536
0.0960200450049797 0.0693312493664226 0.106425277036813 0.16863786882575 0.16091585457234 0.131062628936434 0.0296178631156519 0.237989213141608
0.0193344301721767 0.214024504911184 0.12360551977629 0.238546265828161 0.0742805195418148 0.0347693072305663 0.063310381047691 0.232129071492116
0.208230142042885 0.215416373041206 0.0503399970062892 0.249696747007665 0.00144699274230396 0.0373490877718714 0.0819753978398298 0.15554526254795
0.236906056392234 0.0752198719423589 0.105037571557714 0.200936196078083 0.0528125315768381 0.157469619408926 0.0740972565137151 0.0975208965301305
0.0910595862329696 0.15454536215058 0.0699802410553104 0.076042239648807 0.133447296702688 0.17382727562416 0.165488292345058 0.135609706240427
0.164615379765372 0.161192700687974 0.139721244206592 0.141163711820379 0.140669580211169 0.153268479610268 0.0544814909892629 0.0448874127089817
0.194992336579779 0.191862551498828 0.0503998052607499 0.179440993817764 0.100676320367381 0.0365415883733609 0.0795452469993346 0.166541157102801
0.131418006472011 0.0118449911241534 0.146798222867081 0.225704164874763 0.0675261534405544 0.317123977876771 0.0679056361440198 0.0316788472006457
0.0425316017983463 0.0536883306992929 0.145625185035806 0.203113639327231 0.0332348405635381 0.0293520422862786 0.258437660328125 0.234016699961382
0.166175794360219 0.148944292191366 0.0785435909281049 0.208658573039554 0.020347587144477 0.252647006953034 0.117161086881431 0.00752206850181414
0.12071205992127 0.183385979073625 0.0454100166144404 0.16422844294179 0.109558118570853 0.146836574669475 0.152548391198194 0.0773204170103523
0.0709168556892578 0.0736780797450934 0.00824958038919724 0.230502133216277 0.0524062701517701 0.201477743991161 0.184749535340524 0.17801980147672
0.00537784101573262 0.129772363494489 0.252132434748022 0.123862794526626 0.112888493297158 0.00610910210042666 0.219294057964688 0.150562912852857
0.207886032283841 0.0792715196857915 0.175999494728757 0.117030897797103 0.150801718216701 0.0124406674682552 0.0572181026576491 0.199351567161902
0.180282716934633 0.0193113090640084 0.127544494534586 0.142445085145436 0.0814675733131746 0.184155802746553 0.109724471407639 0.15506854685397
0.22374673251305 0.183580621757356 0.136579988961051 0.19821930655449 0.0254276069440089 0.0112223911462966 0.213977245262747 0.00724610686100037
0.142768549146433 0.0731969444326263 0.144254196528402 0.0678202029853978 0.252603946669022 0.142411980584063 0.13465056263503 0.0422936170190252
0.128225081152871 0.0411054753282928 0.122387918688461 0.17485140201584 0.108588524549668 0.128914611927183 0.178487049258027 0.117439937079657
0.0118231462813419 0.122787737824607 0.0505445866263344 0.190345575876904 0.20249153223122 0.167228917301675 0.0959559672657561 0.158822536592162
0.145078594801713 0.106088227425987 0.0843919068910104 0.149274394171068 0.072683437485593 0.144783164240623 0.150106774227288 0.147593500756716
0.137901656404478 0.229953721860748 0.15268651970038 0.182845342453237 0.0783234803027285 0.00912174417164051 0.0603521125271397 0.148815422579648
0.179904325989061 0.0761936330381635 0.131457113146431 0.0614527554379785 0.219504822164828 0.0174212981570279 0.201583367321304 0.112482684745206
0.0880449767233484 0.10811211476992 0.143614479724171 0.168297796946136 0.0252464677308569 0.13927279352911 0.220986093755982 0.106425276820476
0.121370384659249 0.00352840317277575 0.0867737182729429 0.212621481210656 0.145797471783531 0.191756659124876 0.209502414625258 0.028649467150711
0.0610412320762577 0.0400169575908511 0.153597855094074 0.0217964673188214 0.204286271312876 0.196545375460786 0.101638824416826 0.221077016729508
0.157235666620483 0.208442211614177 0.0288134027046455 0.0810038461952638 0.182021366858114 0.0450328490037284 0.107323537124557 0.190127119879031
0.255766675513273 0.0216268740870023 0.127899100410766 0.311807573626202 0.121001890257832 0.0474880407173279 0.0907781785381938 0.0236316668494028
0.165886763500764 0.0672518781408697 0.134756965564741 0.17571200724006 0.0938531009971747 0.245169012120001 0.116679592519223 0.000690679917166908
0.217323916331174 0.210521216820839 0.107098156035932 0.0410320946720447 0.101417163663641 0.0889904592775056 0.0498951371724187 0.183721856026446
0.283042008457688 0.173876805521438 0.0352883904875382 0.212677353478551 0.14345038859827 0.0976208022133618 0.0450740277714897 0.0089702234716625
0.103700577533284 0.113732120245102 0.00938609459742531 0.171708322288642 0.0920766858803954 0.191661825447231 0.125348867914596 0.192385506093323
0.170873630550948 0.0204722895121849 0.159151029306649 0.095969994858907 0.204185979219992 0.218965739705983 0.0707928363047777 0.0595885005405581
0.087522970579014 0.13943396633463 0.0838165414490532 0.151288815168701 0.179007175307643 0.0892108148876627 0.0786989533815277 0.191020762891769
0.120326119893229 0.172890413468876 0.196864875112234 0.0300783618311278 0.125872078472175 0.091932681015346 0.021880295255166 0.240155174951847
0.0504421000108368 0.0292461512197131 0.0307791028962708 0.0519287520461593 0.194701559487553 0.240472614517302 0.191823717081746 0.210606002740419
0.173352881831017 0.0693554376522269 0.158836513513836 0.174326571473868 0.169130595019665 0.110469037121518 0.0442799697719519 0.100248993615918
0.0357510643724483 0.0366010620665202 0.115669418724655 0.17327340594864 0.163804739730998 0.188558511169778 0.173175656353681 0.113166141633281
0.109263410521167 0.0721247652473007 0.0942805747933499 0.123379728755049 0.166097500846155 0.180041499155011 0.12727560008818 0.127536920593787
0.163639318004644 0.109818602351921 0.097736501931479 0.200549252203327 0.0368205312267333 0.143544575993095 0.0625617421029848 0.185329476185816
0.157397257456668 0.0114341627203679 0.170992959299416 0.187145030916917 0.174651976410818 0.044305299455737 0.143193250859526 0.11088006288055
0.089226599491511 0.179261454260339 0.165744763861122 0.149703007784693 0.13260133664943 0.105627014471956 0.019848952019253 0.157986871461696
0.121677103754742 0.16064761635633 0.299881278379063 0.0344530555832559 0.0114892892483057 0.0133976840069377 0.263090961397602 0.0953630112737631
0.132242017697451 0.163539289948384 0.241304528516074 0.103672263772017 0.0462600894624464 0.162654651942635 0.0048148151249158 0.145512343536077
0.156610970683357 0.18818553138207 0.0170023913470886 0.12247810756041 0.179674753717682 0.234524133759612 0.0958088179895137 0.00571529356026632
0.296711673306813 0.0763549487560251 0.0203047810008657 0.14896236015593 0.0610998922927981 0.270516217188992 0.0528695451538289 0.0731805821447468
0.124448718684632 0.114028725365118 0.217922868196576 0.168188359622916 0.0274668254117052 0.171371252314816 0.104949272288869 0.0716239781153684
0.14446155249139 0.123013050206307 0.189730917164765 0.105175955023642 0.106683565740211 0.0164314896242895 0.193724779866335 0.120778689883061
0.138431113877347 0.215220112494782 0.163616372580142 0.030909860407641 0.0343876220854209 0.119100111523366 0.0855546312442944 0.212780175787006
0.137540492857057 0.149718896305083 0.024007621995987 0.100641570488385 0.0358912531040606 0.211649312666611 0.143598450375323 0.196952402207492
0.162710945819953 0.12157799034863 0.107374100354772 0.152067619998025 0.156977694988918 0.138487686924866 0.114819490232957 0.0459844713318787
0.242395520774551 0.127873114701207 0.00901255252188499 0.0338652291863879 0.0676736258090737 0.0728973454857491 0.222893544234654 0.223389067286492
0.100406013865058 0.160287078011526 0.0533415189898766 0.0231173832319791 0.221419029662775 0.227777800474519 0.183856894890852 0.0297942808734145
0.162834301706419 0.135972331160131 0.0355138332635417 0.111064128116511 0.121754413025105 0.186017918685799 0.15300953633677 0.093833537705723
0.151221215198986 0.183903070054296 0.119462061365309 0.0145151121080232 0.0665924127258037 0.198743608681845 0.230773577858126 0.0347889420076105
0.131189837830544 0.117944782742398 0.240294236088421 0.0617962690279926 0.0519779800498301 0.225465965342618 0.0645809592331051 0.106749969685091
0.191399914138421 0.17249329313679 0.173629069448456 0.035955442188585 0.00305726084335197 0.159624803523546 0.124910581605415 0.138929635115435
0.0790999058818364 0.256075711412886 0.0649344142255378 0.138631340214781 0.194847951068296 0.0296179996520149 0.0896409231911002 0.147151754353548
0.0334807300529841 0.210533583735154 0.116845373009899 0.170650622019421 0.200949266398119 0.118840845421151 0.0228996556063591 0.125799923756913
0.028264416534497 0.109032737121821 0.0963240314403234 0.285962558104161 0.0869222993776015 0.0155224490800269 0.189222980476335 0.188748527865234
0.193082287316753 0.196217185739512 0.0561948680273421 0.16191274389937 0.0897023455258423 0.0729687130154471 0.20837148748878 0.021550368986954
0.0924255097649284 0.276934366069368 0.00194029691253318 0.1237925605169 0.12022050102934 0.263153579889586 0.0983336528930872 0.0231995329242573
0.159225312060957 0.111415091399786 0.0488917713672438 0.0513506704848598 0.177596974381896 0.179723508896875 0.131861276334909 0.139935395073472
0.0572917725897723 0.113308932751111 0.151900086399248 0.0951644737777916 0.120806054914975 0.123203266842964 0.159124191599193 0.179201221124945
0.0653596570495645 0.0894059404602705 0.104441868533016 0.255573276146824 0.0491438649569841 0.233799377182779 0.00304631505581146 0.19922970061475
0.320244236845102 0.256696707324651 0.0174983314781562 0.00455805119728975 0.00609049461890125 0.152771944797701 0.0914274843477789 0.150712749390419
0.00442903492105188 0.314129237565761 0.222908276950223 0.10554567004867 0.00268624631047994 0.221787900871483 0.0645771877837329 0.0639364455485992
0.160026742951139 0.0056890679812959 0.11445513676653 0.216484421449092 0.0683417352033627 0.0626973159588839 0.18880655330914 0.183499026380557
0.0495522391417751 0.167325748023952 0.00330260745603017 0.191420719347506 0.0212595179901306 0.0693747044187061 0.236915847517143 0.260848616104757
0.10711323283705 0.182708426679229 0.18015397680862 0.232699541229 0.0643029882218401 0.0669890006914757 0.0262086519833652 0.13982418154942
0.209011316789625 0.258937748179641 0.103885937887435 0.0715268324971408 0.0755656082464395 0.0664476051206675 0.178969477676072 0.0356554736029793
0.206562588828582 0.0865670473940326 0.135862318958469 0.0971942356446458 0.041514624635626 0.136958527773073 0.193840211043033 0.101500445722539
0.0120807679944349 0.148182621082795 0.19257106245712 0.0738828939510526 0.0870191412782361 0.187382666804017 0.178298632383394 0.12058221404895
0.161582098442407 0.217035605254159 0.0340238233443984 0.04676332369416 0.107214408233841 0.0455595015996309 0.19171209286624 0.196109146565164
0.103602048454629 0.149847059953546 0.157903714620028 0.14193554611097 0.0436087471233228 0.101896609495543 0.181266791335604 0.119939482906357
0.0320854331490323 0.073674155081139 0.0660100021892758 0.151928665684867 0.223586848068951 0.170277701906375 0.0720555724593906 0.210381621460969
0.058736740425024 0.0358944272477641 0.080973900367079 0.118719643683256 0.178195264032217 0.253902261491034 0.176681853167941 0.0968959095856838
0.0670699216830292 0.167024611557043 0.185208416114758 0.172507566247725 0.104978394752401 0.177726359473378 0.0278630884409619 0.0976216417307036
0.142670490479266 0.102118399933713 0.168544486186131 0.173195529751749 0.164192250120316 0.158301157203782 0.049392812623669 0.0415848737013738
0.227144888566589 0.0279158621100822 0.0123362953734068 0.0706829190866958 0.173631134544583 0.0496014386230926 0.210965114921171 0.227722346774379
0.10582509427803 0.128680213036646 0.0643379295231826 0.128737102162461 0.211740674504054 0.123591750364854 0.212889868821577 0.0241973673091945
0.222195081508921 0.0111877702978591 0.0374724098184492 0.03982766665834 0.224900100938798 0.0567047624957267 0.178564509855777 0.229147698426129
0.260239429960889 0.251570715325855 0.0487701786578702 0.0532821839871766 0.101586064114049 0.0635422799915852 0.192395895529909 0.0286132524326651
0.083388245134283 0.173408174136897 0.030730904076532 0.0934509810740067 0.124085991546788 0.140121912914419 0.219562726166604 0.135251064950469
0.0708301169049124 0.15474108747052 0.0346262896510684 0.222579962362772 0.165931833354907 0.0999006523904633 0.193827763719636 0.0575622941457213
0.157462273812319 0.0637983134355335 0.120548655384151 0.181278842578924 0.0447903876376467 0.124984581837904 0.120637151782269 0.186499793531253
0.108614974256083 0.0930152933557075 0.0602246523253835 0.103345557583382 0.105413637346728 0.215618289115891 0.119965416986725 0.193802179030099
0.15954299749192 0.119976910190872 0.167419140356666 0.165990256079136 0.084137611454582 0.0036904426338648 0.265420872146379 0.0338217696465809
0.0616399405954389 0.128096531168992 0.18136375069664 0.169582021129772 0.183102809610911 0.17874011635612 0.0974469670920845 2.78633500418043e-05
0.152751799454687 0.00770982413291852 0.169692221761183 0.147921422627742 0.0666099850216496 0.165211121985547 0.147533644210108 0.142569980806165
0.2259085939524 0.0945856738752898 0.139520189064643 0.0518622184589984 0.156828074070708 0.083989803013088 0.132210762966787 0.115094684598086
0.07718239078454 0.137066152073642 0.149379478533786 0.208358327992368 0.0954029413104089 0.014786491790603 0.0917365637673561 0.226087653747296
0.212027231976556 0.0354549929509692 0.18516129475761 0.106255138873831 0.181764575249254 0.104324866248473 0.0560667065149179 0.118945193428389
0.157323861053913 0.0116006164317005 0.308253611196879 0.282762867337378 6.93166403412324e-06 0.102559474486462 0.0589952588832632 0.0784973789463698
0.0941080449363107 0.201355583881446 0.199970209410847 0.01364309671361 0.167464508474223 0.0861193633755747 0.107224581352599 0.130114611855389
0.19778397012559 0.146720798004597 0.0936147956741563 0.144014740382002 0.15071349269951 0.0378737957725334 0.0257809042837764 0.203497503057834
0.00760164393279127 0.13644854344892 0.20658479566134 0.198919669225578 0.0754171236993603 0.136981090477219 0.183440926690396 0.0546062068643954
0.0354365911092679 0.0726210950934182 0.292623355171014 0.279256821380312 0.042728064666081 0.117562706497449 0.0115341764979423 0.148237189584515
0.189746326693573 0.128279924866527 0.0657623649654794 0.175480268262214 0.211418744784234 0.149632175187638 0.0124077290193347 0.067272466221
0.0722857509731732 0.143243935184783 0.117974564333984 0.192575547681476 0.029353852586441 0.169112772214993 0.105119401926139 0.170334175099011
0.230270950328448 0.198103955593016 0.16460812024786 0.105237067287919 0.104909173456026 0.017521923044176 0.148083936667333 0.0312648733752219
0.0123948495423866 0.0753209030641376 0.142471747517456 0.0290174300212315 0.113346628070028 0.226045916517573 0.162808396827822 0.238594128439366
0.0247179514902322 0.253870008182755 0.137816805614192 0.00689851927050757 0.0555864578238787 0.109389256612958 0.152478755169457 0.259242245836019
0.162412838713769 0.1571757307343 0.115512141358288 0.185528690764567 0.16390703906897 0.0950831234031364 0.112071743349241 0.00830869260772852
0.191560343416166 0.0236499411835972 0.229037672856802 0.00400713802341805 0.259003242016973 0.071089133691153 0.0909114392962716 0.13074108951562
0.231846956995734 0.0669773477363752 0.0313733547062661 0.223274465864923 0.133952793647796 0.0744569632568215 0.0212326477110502 0.216885470081034
0.0659889201380627 0.124591142353805 0.124046061386384 0.144076063656099 0.151224629879836 0.173663457934829 0.145411961461844 0.0709977631891402
0.141960022790088 0.0759243511529469 0.128021753784563 0.143300856735729 0.15539148058218 0.197129889037963 0.0937462291768496 0.0645254167396819
0.206654503822704 0.131752683913835 0.118865853008296 0.069329632145664 0.228623098055223 0.0499208798151528 0.122363596684281 0.0724897525548443
0.310300029876407 0.0987558645958311 0.0724491610681946 0.0378494752228698 0.129189284093996 0.165800730599963 0.000403211956256605 0.185252242586481
0.195654131622113 0.0659192793855164 0.198860779378632 0.173803089249572 0.221093408899694 0.0218587257708064 0.00891413295714048 0.113896452736526
0.249935174945951 0.0572292736192307 0.00187571850578972 0.238308527100253 0.0357387360955597 0.0813094714707333 0.167706380247159 0.167896718015324
0.0486069374945826 0.106843179111662 0.173699380862031 0.206999827224041 0.153810593429882 0.0981657826538874 0.20884594967989 0.00302834954402461
0.145975767921667 0.175158575418608 0.0472623126413268 0.0235643040286597 0.20523917157233 0.20165370604353 0.137389488572931 0.0637566738009456
0.20141124895485 0.195677238257904 0.0916102114161834 0.138427276735903 0.211760248731815 0.0247730822319605 0.0512569449864445 0.0850837486849397
0.0489584566403458 0.168012389426421 0.120250359701395 0.0350433727475606 0.00972383924895072 0.201006170017205 0.15527695942019 0.261728452797932
0.0815239685563882 0.142429407510522 0.189632346211142 0.0745552939429977 0.00829525920072676 0.0921744595609976 0.175260791951926 0.2361284730653
0.0641440974914874 0.0987729659238484 0.0388373590104579 0.280782608219723 0.224566950572624 0.1724946582758 0.0807962418028805 0.0396051187031792
0.168384473941173 0.227864788918869 0.0161938042137997 0.049631424283087 0.252403499001135 0.0980214052061872 0.0503047102809 0.13719589415485
0.0534654353868101 0.0409504946651322 0.155360812617529 0.183762033694926 0.114422098316682 0.128094976635034 0.174268403079606 0.14967574560428
0.106716877099435 0.17483646285263 0.133725419187957 0.268086695411563 0.0214407230108855 0.0277402961450597 0.144691993430754 0.122761532861716
0.0439376640243154 0.103947091663161 0.174214488613044 0.121556770097811 0.0840331192684263 0.204165576070308 0.0781617552630323 0.189983534999902
0.165203139956496 0.0529979250910057 0.155069276391478 0.0794250372491879 0.0686716476624716 0.218349133060521 0.167466395709942 0.0928174448788985
0.0680089720105892 0.158412448558031 0.190810071969098 0.123627692892038 0.189640960123343 0.0206843645057434 0.213349930637763 0.0354655593033944
0.0723766389059755 0.0988747402475071 0.225913099997086 0.285871919748783 0.0319682517648407 0.171490141006867 0.0949008300767914 0.0186043782521489
0.233672967850632 0.100912925275913 0.124226931132148 0.117590839226322 0.0596324534056958 0.041646046554255 0.221602683469037 0.100715153085997
0.133983563402687 0.180246582567891 0.0371329377142533 0.0565005276518053 0.121787313574117 0.127984115733433 0.192837131824341 0.149527827531471
0.147258760865647 0.080818605089758 0.250541023647292 0.148548866276523 0.0316651739042076 0.124758211945547 0.158338228004308 0.0580711302667164
0.0309345335143738 0.295094593179943 0.0392559538404337 0.134921754093572 0.242966454997586 0.0875696340625559 0.122739111757993 0.0465179645535432
0.0676026231529919 0.0751214276160323 0.199145182639661 0.0890747210341238 0.174453581741914 0.149823875908911 0.144445914769446 0.100332673136921
0.148247353605295 0.0734250926156871 0.198897785964388 0.124265411946237 0.0937846090574847 0.0850840660897905 0.182587812883182 0.0937078678379363
0.211898589402851 0.103784824129769 0.20433759688551 0.0930026442624365 0.0110194899501731 0.214237745296742 0.0637928463782032 0.097926263694315
0.188252100580119 0.0864123416260694 0.166127879116145 0.143102059487552 0.0190169288499461 0.162891734110407 0.15497331363912 0.079223642590642
0.160679047071034 0.0512309686022699 0.216983973082863 0.00736760483513965 0.189248731857617 0.188975474208584 0.156000567665844 0.0295136326766477
0.0562222216912834 0.188357246199332 0.0980828506734603 0.101017979934854 0.214092050928861 0.024836635919434 0.222518968756035 0.0948720458967403
0.193093995246851 0.0747461988775221 0.16811826786072 0.213117110616543 0.0121283383342453 0.109346743437296 0.117250119215783 0.11219922641104
