0.400141131957528 0.0314771657900626 0.396320450486296 0.172061251766113
0.255275283835145 0.321501345330407 0.246107039008917 0.177116331825531
0.266654409286005 0.318263932848203 0.0851293336144727 0.329952324251319
0.28545902134079 0.0706813210049982 0.286457605919489 0.357402051734723
0.224101939613801 0.311582130913176 0.03820294082164 0.426112988651383
0.130637565309607 0.344752941924814 0.34365318849521 0.180956304270369
0.0459290062478436 0.316533116118797 0.117841423727394 0.519696453905965
0.072295208483252 0.361863257356374 0.0506552101355853 0.515186324024789
0.303895065799643 0.163595897018135 0.188205870181682 0.34430316700054
0.0428886239183121 0.23643911351353 0.299135355434759 0.421536907133399
0.366902211091093 0.248836093370332 0.0401101429537633 0.344151552584812
0.308092746600348 0.116930174582524 0.208406589313515 0.366570489503613
0.278884502097068 0.309542929814869 0.295863716306976 0.115708851781086
0.028403301778082 0.573806397278056 0.22757889689472 0.170211404049141
0.183377923445792 0.31747123763823 0.236317681487871 0.262833157428108
0.318060445743966 0.176245143917256 0.134106358284307 0.371588052054471
0.381767150590738 0.226775612293313 0.0646467161380954 0.326810520977854
0.206662974987244 0.353139977048687 0.21859192157149 0.22160512639258
0.316668004952092 0.151184474834264 0.214981514033762 0.317166006179883
0.264697272721106 0.268767823465825 0.26605799719463 0.200476906618438
0.0359422681032469 0.540190403952272 0.0644209783504903 0.359446349593991
0.151162282343468 0.284222287457209 0.182410772923881 0.382204657275442
0.167837122914326 0.30404821509447 0.22492377838654 0.303190883604665
0.190478300537261 0.0307757814659523 0.62097307438537 0.157772843611417
0.00614668136432705 0.341179167355907 0.492324803364035 0.160349347915731
0.557132403161936 0.334455842716319 0.0378871263645279 0.0705246277572167
0.248289892447652 0.352678102270371 0.0910482820516718 0.307983723230305
0.110514431494447 0.462850481541683 0.157688344493693 0.268946742470176
0.0877932595477704 0.451874202305044 0.101585264627378 0.358747273519808
0.336319924538069 0.0756320234166911 0.345246640471931 0.242801411573309
0.00352553455338027 0.372328194888463 0.179725796544733 0.444420474013424
0.206906268835925 0.289922004668017 0.399371500492787 0.103800226003271
0.365672775589483 0.194473759653381 0.289588872228265 0.150264592528871
0.0162042833265695 0.403121196286463 0.143903385422269 0.436771134964698
0.360973861126475 0.183651903015842 0.12799885005395 0.327375385803733
0.0903042622632991 0.376024205131856 0.0496863292071338 0.483985203397711
0.452408938234753 0.113431726220886 0.385277550857741 0.0488817846866198
0.0753281177236459 0.439832119432756 0.111290131260072 0.373549631583527
0.134652804493622 0.275771703696009 0.358071868330597 0.231503623479772
0.232816879897255 0.550105581245981 0.126159545342231 0.0909179935145335
0.304806868386917 0.148370457353306 0.118804863978592 0.428017810281185
0.359676995387457 0.111087555798406 0.50744942383022 0.0217860249839172
0.416932559716743 0.185359466502904 0.211265001759921 0.186442972020432
0.232736643273251 0.366664418876988 0.0448353607767018 0.35576357707306
0.322545487948394 0.167579898331929 0.133996578088041 0.375878035631636
0.560435872278152 0.00272043314836086 0.298193402254222 0.138650292319265
0.375720289146736 0.171014307489224 0.298381427610094 0.154883975753946
0.0221901707090921 0.10840540100457 0.466344605318382 0.403059822967956
0.0118114561297564 0.166300169443599 0.460709047579421 0.361179326847223
0.0289130500366502 0.478543729668707 0.141228980515986 0.351314239778656
0.226799163980721 0.18130717664025 0.326558918426582 0.265334740952447
0.338213693071094 0.139040964146404 0.299365368953216 0.223379973829286
0.249292821875576 0.298508581178619 0.241213845139577 0.210984751806228
0.35133267620761 0.287144209241676 0.190495485048117 0.171027629502597
0.279150661218159 0.223445143445115 0.267823908387698 0.229580286949027
0.172370661893125 0.25094678330685 0.153149324251501 0.423533230548524
0.224156665317705 0.241376344815334 0.253248199566358 0.281218790300603
0.2026220527834 0.0578178241695756 0.469475768869887 0.270084354177138
0.265613340176308 0.340389076067517 0.279060002599787 0.114937581156388
0.0780949757964432 0.234446547021978 0.327241043318276 0.360217433863303
0.262041286071562 0.316721550173219 0.203854017398333 0.217383146356887
0.303795830032473 0.217349506836489 0.343360790671547 0.135493872459491
0.260568089856068 0.359338081864293 0.0987126749671363 0.281381153312503
0.20667929101369 0.103282765753183 0.199751132925027 0.4902868103081
0.286059114717588 0.249215265519481 0.265367361691787 0.199358258071144
0.341374472604101 0.219552502599709 0.162757622802334 0.276315401993857
0.210769584899105 0.342744764015883 0.412457561599382 0.0340280894856304
0.469315963891592 0.441648326262116 0.0132755761532763 0.0757601336930157
0.395003786208931 0.0950032956662409 0.23327549575177 0.276717422373058
0.332909337346923 0.323858634595935 0.25414543958167 0.0890865884754723
0.154896380874326 0.335249729029192 0.0948424619544136 0.415011428142068
0.345692277677705 0.202820468731749 0.0655066310733032 0.385980622517242
0.490514518162982 0.0916986944894356 0.21446083339737 0.203325953950212
0.0679744745819764 0.520168393895344 0.246423517168406 0.165433614354274
0.278896629679545 0.0412411885042122 0.358646253596566 0.321215928219676
0.128993457511817 0.0513762702912971 0.44002302502271 0.379607247174175
0.20298148815316 0.483028919295073 0.265313143584634 0.0486764489671333
0.305208914226567 0.229910763663129 0.229862274480982 0.235018047629322
0.189798029777509 0.450607011978932 0.218863837872299 0.14073112037126
0.348139596463831 0.135689556978434 0.338587302171616 0.17758354438612
0.105113669793105 0.080694615078085 0.316631097518269 0.497560617610541
0.381780259687296 0.219499736130325 0.0233225573453417 0.375397446837037
0.229913282475896 0.223126751021846 0.137231459536638 0.40972850696562
0.329014052833537 0.10459277726697 0.0743589185047699 0.492034251394724
0.597749517828697 0.121417774144938 0.0391410586943196 0.241691649332045
0.359129997074204 0.317768294660761 0.287521997913211 0.0355797103518245
0.377849927100611 0.0694323949383992 0.114726344134001 0.437991333826989
0.65465274041107 0.0363004621220793 0.215596749318027 0.093450048148824
0.486929053736487 0.110384059294825 0.339423031166286 0.0632638558024015
0.231939017301725 0.270193006916096 0.287807955949039 0.210060019833141
0.11936549566478 0.261510251790937 0.326396595067228 0.292727657477055
0.189317625252712 0.461738887729772 0.243850935170232 0.105092551847283
0.292669485791615 0.372418225628298 0.0195131927450331 0.315399095835054
0.0494035738600513 0.329233959467741 0.386750139614279 0.234612327057929
0.58160190939079 0.23465736962888 0.162116778368947 0.0216239426113829
0.438634571081055 0.00362487010821041 0.33731163166215 0.220428927148584
0.360538698755156 0.375412133127979 0.203094327429313 0.060954840687552
0.116988757175916 0.357435656226469 0.347945793899894 0.177629792697722
0.380883251191076 0.0695191947114276 0.203554904255014 0.346042649842482
0.331216291009752 0.0482290745140333 0.334381540636128 0.286173093840086
0.225953951789992 0.305816124046836 0.222765382676309 0.245464541486864
0.0847479687611725 0.460740664046787 0.150279302403521 0.304232064788519
0.258946801092798 0.418765787081103 0.0241051422637385 0.29818226956236
0.451240411944962 0.225911047878811 0.182959805224231 0.139888734951996
0.247188952575249 0.28564671731896 0.212617207864622 0.254547122241169
0.340832205467078 0.330321417200948 0.156078683451184 0.17276769388079
0.237323064970182 0.196688627762831 0.275996969001799 0.289991338265187
0.264009703377785 0.239177003832538 0.393886045113397 0.10292724767628
0.115303371630279 0.110638157475609 0.390889968187617 0.383168502706496
0.0923244480867522 0.181943979262099 0.41682475155674 0.308906821094408
0.284986532159418 0.173670950361257 0.212290611137963 0.329051906341362
0.276602835990975 0.0828960706312636 0.324451665863327 0.316049427514434
0.398717247841248 0.255439193459528 0.326238145319652 0.0196054133795725
0.309230956892934 0.259936121025852 0.135377508446331 0.295455413634883
0.391345882089204 0.067742739154969 0.0695929590885778 0.471318419667249
0.233386501436262 0.00887923897203509 0.476809677646542 0.280924581945161
0.00847400448506519 0.446112956013775 0.329532889122149 0.215880150379012
0.404389093579601 0.176886223166928 0.025673101009387 0.393051582244084
0.0348647452292518 0.196090418216694 0.354046139266686 0.414998697287368
0.106515032002665 0.362915673714248 0.253229928030113 0.277339366252974
0.405887425233555 0.344843708952236 0.20680744934338 0.0424614164708293
0.130698106492804 0.205462623639356 0.397124696543538 0.266714573324302
0.114337807274454 0.290349339077249 0.130839207690238 0.464473645958058
0.293756272597072 0.494542754165307 0.0561710811731805 0.155529892064441
0.0363696959782777 0.281430341975174 0.465439000765896 0.216760961280652
0.00263975687588371 0.779023145883085 0.202114163479103 0.0162229337619286
0.293549478025504 0.511641218067987 0.06192476770498 0.132884536201528
0.424892968184165 0.450631248617227 0.0394573732330875 0.0850184099655203
0.313254051807496 0.200358208414134 0.320722523974705 0.165665215803665
0.236757780326488 0.143147101670169 0.152484228296385 0.467610889706958
0.117418192569553 0.302511368498152 0.426065376486472 0.154005062445823
0.00488278987394453 0.145672587304762 0.846129464390644 0.00331515843065006
0.233016674115034 0.0104013490736214 0.381912684559163 0.374669292252182
0.0726350693161132 0.382381942007314 0.377768509660672 0.167214479015901
0.24388863619541 0.25669144438865 0.260396847642971 0.239023071772969
0.190758354836135 0.0542847479413955 0.574840637495467 0.180116259727003
0.251393227854504 0.223126256184924 0.0280113224419365 0.497469193518636
0.256762641562389 0.104263369784656 0.301112407046587 0.337861581606368
0.104215520508097 0.0109543399831327 0.250265211808019 0.634564927700751
0.442844775757667 0.174660700790908 0.258854282939016 0.123640240512409
0.344727811968073 0.307366594018311 0.310661052541159 0.0372445414724576
0.327755976393859 0.259382074118676 0.164302002394174 0.248559947093291
0.00682518444206223 0.207127916841629 0.512319156909894 0.273727741806415
0.113730788792128 0.074029543636167 0.548465522170848 0.263774145400857
0.146681553900832 0.463736028142144 0.197269116610964 0.19231330134606
0.184107825798149 0.489379576834122 0.0729689455213144 0.253543651846415
0.396482462062893 0.186855635249631 0.178790900150866 0.237871002536609
0.321650041690307 0.218496276810556 0.148754719920416 0.311098961578721
0.411306474265275 0.232665914431315 0.300052311239585 0.0559753000638258
0.315251546654763 0.261863536292905 0.232928361126404 0.189956555925928
0.308301068751902 0.0986852477426162 0.307710561344506 0.285303122160976
0.312468447927931 0.279040412032836 0.255535232088408 0.152955907950825
0.0232348213042966 0.123743881169834 0.580693359439199 0.27232793808667
0.248981584368801 0.308183643547716 0.234115172261408 0.208719599822075
0.274184570467094 0.279196339883915 0.264132137073024 0.182486952575968
0.356057137770631 0.00846266622742398 0.274699134098915 0.36078106190303
0.136565902686531 0.312555047735104 0.519358296070193 0.0315207535081716
0.352498679968302 0.0461790179393372 0.547965090946828 0.0533572111455328
0.385672972129406 0.314846467561133 0.113146390447586 0.186334169861875
0.106389160261735 0.465977949984902 0.203915551687937 0.223717338065426
0.299344314354098 0.336638840659442 0.247393838877553 0.116623006108906
0.0361442693331649 0.174580840182258 0.48355084620995 0.305724044274627
0.392930926189932 0.161466763790465 0.368665258715727 0.0769370513038767
0.390242366984794 0.223480856663791 0.159246830018179 0.227029946333236
0.415463060999099 0.205485545056598 0.178962787638596 0.200088606305707
0.193594367910158 0.17166542835214 0.273166461778682 0.361573741959019
0.274553058191154 0.0643202254562415 0.373347774542419 0.287778941810185
0.0971692308045214 0.23430319893653 0.50871495191613 0.159812618342819
0.757286328215797 0.124735390722553 0.0766039690675864 0.0413743119940639
0.193575349796877 0.406973152002051 0.156155936280377 0.243295561920695
0.303027715527494 0.103494014827116 0.162732907214541 0.430745362430849
0.277291928631735 0.310708555362798 0.329170499558632 0.0828290164468358
0.0584004803649939 0.301668042527607 0.472424338734602 0.167507138372797
0.0165281106310818 0.554743785329865 0.316179802721203 0.11254830131785
0.268754903654953 0.246735656517861 0.235071958306146 0.24943748152104
0.0347574535965327 0.380638619503177 0.268800301337517 0.315803625562774
0.376964239175471 0.292374326286126 0.267266222319664 0.0633952122187393
0.29883675491938 0.0939452987292248 0.307248304545563 0.299969641805833
0.310568216527468 0.436025493854284 0.0905293084856816 0.162876981132567
0.20108131102424 0.378393409685328 0.177886912047687 0.242638367242745
0.300934857103869 0.370555815156344 0.317290211489508 0.0112191162502785
0.378522803664093 0.269341025352575 0.022032176839731 0.330103994143601
0.2527644675039 0.300223549536929 0.233143121244032 0.213868861715139
0.00444749101757771 0.216319801582635 0.512694771654773 0.266537935745014
0.406555794492226 0.151054465986389 0.213722122865381 0.228667616656004
0.139225332004228 0.300850117493823 0.241185994709335 0.318738555792615
0.437500940023169 0.172535137769518 0.198760032713174 0.191203889494139
0.344401585856619 0.193987152423023 0.27321933337798 0.188391928342378
0.224981093782615 0.323270301456158 0.224890057114455 0.226858547646771
0.489114130570573 0.270393469653552 0.0857758578980934 0.154716541877782
0.0823676738816734 0.0946266820032574 0.209205220262459 0.61380042385261
0.311377331435863 0.272928874015599 0.0627569443227418 0.352936850225796
0.363008492729055 0.0470292640658143 0.148450936189752 0.441511307015379
0.259423408830695 0.316519617844975 0.378374446912303 0.0456825264120278
0.318126878486808 0.141050651037437 0.27719125387677 0.263631216598984
0.178819258020142 0.25876585662441 0.215844187259192 0.346570698096255
0.333933104584204 0.162641770190872 0.254611778555388 0.248813346669536
0.251377578902503 0.313812230866515 0.0850511672514527 0.349759022979529
0.0570879108512946 0.577393695703709 0.109780353793358 0.255738039651638
0.399473839809169 0.204128386586931 0.258940606867264 0.137457166736636
0.0164080893811372 0.450403548948802 0.0804648135239901 0.452723548146071
0.276872383687729 0.236837935148409 0.350952331527559 0.135337349636303
0.465870187586219 0.24834634071408 0.235190058492884 0.0505934132068173
0.355663399328387 0.14338800898946 0.274542511356354 0.2264060803258
0.161043800324188 0.322118584344892 0.155632314872976 0.361205300457945
0.183984064555146 0.537327244467409 0.138450266358342 0.140238424619103
0.19520377843598 0.232089012229536 0.263722674426959 0.308984534907526
0.0317703619286477 0.0125981788953703 0.624130954192278 0.331500504983704
0.210124526571179 0.025709585436061 0.554794846807484 0.209371041185275
0.0897848242565755 0.0951010457750649 0.467112357720816 0.348001772247544
0.212159879253786 0.386369882618357 0.278143910626373 0.123326327501484
0.0591478650628064 0.197921914537347 0.243720531730744 0.499209688669103
0.15669423390973 0.240642794022426 0.318226500030282 0.284436472037562
0.331288242706925 0.353837221811039 0.0937869940262767 0.221087541455759
0.422058658877199 0.0275791207826516 0.198393468220057 0.351968752120093
0.405746709137557 0.371235122558966 0.123306768389297 0.0997113999141794
0.203419330117987 0.198609911338361 0.284567801172688 0.313402957370964
0.51259805307631 0.00120810767768086 0.226133901708671 0.260059937537338
0.112899898170681 0.261906665694997 0.322529889094491 0.302663547039831
0.282010937835442 0.167495691354511 0.275409366383627 0.27508400442642
0.235461670691006 0.646751751455726 0.0463069048790054 0.0714796729742629
0.129572031048682 0.240825002826643 0.325108284537216 0.304494681587459
0.383098761849787 0.176174406613157 0.295787095049847 0.144939736487209
0.245947709216518 0.0544527902709751 0.00379606487651685 0.69580343563599
0.0882718583567321 0.186970998129006 0.691906812978995 0.0328503305352671
0.577765594497225 0.30889435396612 0.0865096232901402 0.0268304282465152
0.149926371587115 0.437744285786376 0.168908518485849 0.24342082414066
0.149520409197299 0.551375724573144 0.153851864717212 0.145252001512344
0.246808680806947 0.349594015538125 0.150106594620681 0.253490709034246
0.167831519493696 0.333623581444279 0.23576790114765 0.262776997914376
0.153352567485124 0.465113842698326 0.105867262981896 0.275666326834654
0.235858491743614 0.388487179484162 0.123434638217543 0.252219690554681
0.125538058774999 0.598762431299789 0.0821568008687351 0.193542709056477
0.277000188028181 0.14725324205643 0.285734743116357 0.290011826799032
0.338734738054991 0.0601501814093097 0.278977830412918 0.322137250122781
0.319866526111433 0.380367718722605 0.0553479598813182 0.244417795284644
0.38976768519473 0.00467915618518787 0.371743940977914 0.233809217642169
0.176723635329522 0.342864552014438 0.162042843770776 0.318368968885265
0.466826210961171 0.229001160142831 0.0745280591692708 0.229644569726728
0.282437531699711 0.0532829360425637 0.346152903324779 0.318126628932946
0.192168500903702 0.0415505258174449 0.305123678588034 0.461157294690819
0.0208068764801948 0.407241817064311 0.200696849866516 0.371254456588978
0.0292240515353502 0.516243407101254 0.323459267063957 0.131073274299439
0.199862891576672 0.374774922226657 0.00540544864424173 0.41995673755243
0.108744302411418 0.29343733893565 0.295934644425468 0.301883714227464
0.313482168922254 0.160179004987006 0.280986222978896 0.245352603111844
0.147803743502255 0.312846357493852 0.131935693425004 0.40741420557889
0.100944181682329 0.173408542760304 0.394236137826051 0.331411137731317
0.32812608195513 0.211701256692605 0.438879032825232 0.0212936285270326
0.387208378806977 0.384638462246713 0.169584108414842 0.0585690505314685
0.315060202665894 0.267078478683484 0.205988378354418 0.211872940296204
0.0226018692088306 0.299664145680993 0.475689036924359 0.202044948185818
0.0943759454439564 0.358092322289582 0.339930211801462 0.207601520464999
0.240383150033553 0.323626229046858 0.238380251312215 0.197610369607373
0.2507053950382 0.319368259829848 0.230884946406898 0.199041398725053
0.171837832943637 0.170776387122224 0.313512712103666 0.343873067830473
0.329484995659168 0.0872230417506564 0.181214179130089 0.402077783460086
0.28483131850028 0.244629455783511 0.100924847491677 0.369614378224532
0.0506715826895087 0.0980693630769251 0.119899007571128 0.731360046662438
0.430916062478837 0.216617374843421 0.267954951529405 0.0845116111483364
0.00182460486079249 0.149307356905499 0.166746569714134 0.682121468519574
0.255008496454163 0.349948012486326 0.0686977702883189 0.326345720771193
0.0682991497406837 0.407129828385589 0.148374915029773 0.376196106843954
0.0518978171256622 0.446124424408622 0.438550598874343 0.0634271595913736
0.324413387881053 0.1691835528072 0.331725525511735 0.174677533800011
0.351949453394716 0.373187176739562 0.229701297098283 0.045162072767439
0.069244463860059 0.212416771224992 0.351190861250447 0.367147903664502
0.544001202996615 0.258767562792163 0.177773530710763 0.0194577035004591
0.112786658237582 0.277494511994952 0.339641586712465 0.270077243055001
0.32273836860955 0.22922276257734 0.318814252943665 0.129224615869445
0.0146751363994926 0.266530980752755 0.393652035128817 0.325141847718935
0.276146102050255 0.0675069826214264 0.371320686764847 0.285026228563471
0.0760196574058134 0.55197422511173 0.168100210343024 0.203905907139433
0.168200003647814 0.459826742407138 0.0949296340570176 0.277043619888031
0.312010953225278 0.0931543871500097 0.296822884055959 0.298011775568753
0.360748772675483 0.183965240836793 0.173502077304609 0.281783909183115
0.0984247412232678 0.593738029131924 0.241166592964938 0.0666706366798711
0.451792058666456 0.287914167294006 0.162395492709142 0.0978982813303963
0.390832527918173 0.330732256017029 0.134811885618812 0.143623330445985
0.438800083065685 0.0671091091872953 0.103712683075847 0.390378124671173
0.263551101573815 0.369718546502958 0.0993835808328556 0.267346771090371
0.26362782941352 0.386731980379798 0.230197277229859 0.119442912976823
0.381172090993722 0.00754603594213587 0.0273414162954886 0.583940456768653
0.353716995333453 0.287968737512564 0.196435469078708 0.161878798075275
0.210970267914186 0.266812256484171 0.245186740382265 0.277030735219379
0.40109636041327 0.501919007500176 0.00571461423812111 0.091270017848432
0.326507469307355 0.0622861501029323 0.232683451998388 0.378522928591324
0.00365679586136141 0.534910178964615 0.240533321532964 0.22089970364106
0.166104328664971 0.0739836918805001 0.259760753041201 0.500151226413328
0.350513374351175 0.10695458301986 0.393701953961067 0.148830088667898
0.140183272226732 0.122639778588059 0.442042062177797 0.295134887007412
0.504086116741245 0.00488833101254923 0.112885542943193 0.378140009303013
0.0164727328063458 0.0352342097514443 0.794093924207315 0.154199133234895
0.0700009583703469 0.316661128623445 0.154767376315992 0.458570536690216
0.426828709435183 0.302622685694171 0.0737181359556079 0.196830468915038
0.410447385652653 0.430329617998593 0.0998212327327428 0.0594017636160112
0.215885426725765 0.52905874015991 0.0605827625727978 0.194473070541527
0.171276763743317 0.478288440427197 0.0246913878222683 0.325743408007218
0.186319972084437 0.0128209298676049 0.405253026038502 0.395606072009456
0.0729922797241209 0.320104441280267 0.337986661566487 0.268916617429125
0.177160600935041 0.189615094045128 0.28570747600245 0.347516829017381
0.308983594623994 0.0552255319417543 0.375374038299801 0.260416835134451
0.0903031892621025 0.586572852052079 0.315488111936425 0.00763584674939414
0.0547457545952376 0.315957745344891 0.323701234461432 0.30559526559844
0.286440963722297 0.125590271461136 0.258630133837477 0.32933863097909
0.198958617542115 0.44704107792105 0.307130686906441 0.0468696176303944
0.38093543794412 0.107091132565747 0.00060040424018372 0.511373025249949
0.0614156338332102 0.20481552284703 0.454373957650591 0.279394885669168
0.332835966432387 0.393444677950074 0.223664075610423 0.0500552800071155
0.142339581431928 0.341971791580883 0.514768142658729 0.000920484328460396
0.0224732098850143 0.293952124519971 0.301295099010498 0.382279566584517
0.157069736021621 0.351552237468849 0.311034928982097 0.180343097527433
0.0225340361468705 0.378766332504255 0.41590039103883 0.182799240310045
0.451501265192442 0.0374803064610527 0.29006540495953 0.220953023386975
0.666175738096426 0.0881454511551135 0.0360095016314305 0.20966930911703
0.232949593024115 0.224054827318853 0.529132440589782 0.0138631390672492
0.00855770292903509 0.343231918242827 0.514918695457688 0.13329168337045
0.223454024793425 0.314502365315911 0.303355718179483 0.158687891711181
0.208812283955647 0.348621021759015 0.0827701484231731 0.359796545862165
0.148012971825389 0.298853629062362 0.175890589498296 0.377242809613953
0.404370587856137 0.416437633229602 0.122386994576284 0.0568047843379782
0.21559910718923 0.0667721162050366 0.492210604884303 0.225418171721431
0.319998048703585 0.330596963675648 0.0680144227187507 0.281390564902016
0.275500938287188 0.324228740485526 0.318754773535681 0.0815155476916049
0.143820775495101 0.614189753578961 0.0530094001391922 0.188980070786746
0.321568268720197 0.227429145250374 0.207476960398769 0.24352562563066
0.284954206672057 0.242293935954187 0.228468004497927 0.24428385287583
0.0357809565766821 0.589979688648159 0.24918658016822 0.125052774606939
0.0729787461459859 0.25245936116286 0.413112882287797 0.261449010403358
0.292124570051871 0.171852176834848 0.46053482102646 0.0754884320868216
0.219137056559705 0.241074763321414 0.386938181560554 0.152849998558327
0.511577529561963 0.0607231164282006 0.218608136405099 0.209091217604738
0.148452027489974 0.382031608757254 0.214064990249062 0.25545137350371
0.0498536284070929 0.314078287856728 0.303502745138906 0.332565338597273
0.0706319518130004 0.126880195924909 0.36841533222883 0.434072520033261
0.491998602029821 0.294315040911094 0.0822916891697892 0.131394667889296
0.223061800279118 0.387093379347983 0.139814031116954 0.250030789255946
0.286402370665049 0.0809921519125328 0.543742756240601 0.0888627211818174
0.0918864626912851 0.337520943440548 0.418922128253288 0.151670465614879
0.164536993486522 0.199151892735528 0.402217501027269 0.234093612750682
0.461102689873005 0.310543182358837 0.162043953877489 0.0663101738906693
0.275885749305423 0.0605325124438427 0.481991842965404 0.18158989528533
0.438271160065525 0.0327998461367884 0.464852010842887 0.0640769829548
0.416637231701807 0.397082183596207 0.180580425580416 0.00570015912157059
0.301437558465655 0.147862159608077 0.486401192719723 0.0642990892065447
0.328951865707268 0.155043099961172 0.282255012086656 0.233750022244904
0.0842854608066649 0.338219608441799 0.491476576646718 0.0860183541048178
0.277840893436368 0.0571491280637603 0.429707945229132 0.23530203327074
0.129073968531243 0.268197733077814 0.298202763511336 0.304525534879608
0.112004394793721 0.247340776343011 0.412810496953248 0.22784433191002
0.252368154108143 0.286910311463094 0.398053270722598 0.0626682637061641
0.343792225257792 0.0472978467316988 0.260241664749455 0.348668263261054
0.293149948077777 0.163677477149094 0.137090719404553 0.406081855368575
0.0158178411222318 0.48304116317079 0.323400851369715 0.177740144337263
0.200608386005893 0.131780394535755 0.37586125717356 0.291749962284791
0.223867947700873 0.346325268783044 0.127582245608802 0.302224537907281
0.000589652781116675 0.248883984258592 0.372366744267542 0.378159618692749
0.146365692821716 0.31156355847417 0.266872338126076 0.275198410578039
0.191172398785297 0.362410048033538 0.0972908143466041 0.349126738834561
0.181491570058569 0.498642099884846 0.07189015713361 0.247976172922975
0.0882280589830207 0.428157154606953 0.00964791943515972 0.473966866974867
0.369627567875513 0.329585452774789 0.273690041801792 0.0270969375479063
0.354184354813897 0.407901299457584 0.0316094065925242 0.206304939135996
0.326365674055539 0.363249170963345 0.0982401312316168 0.212145023749499
0.299547084282985 0.167648457483136 0.32349622760498 0.209308230628899
0.198692885746763 0.342058936938989 0.324838507540803 0.134409669773445
0.369821547152662 0.2583015404628 0.0757828436860328 0.296094068698505
0.199015623767116 0.106283897667222 0.594144618099646 0.100555860466016
0.320047254439557 0.0698524074095602 0.362642544765537 0.247457793385345
0.578087417553579 0.0522604808320346 0.345712925911582 0.0239391757028043
0.0656010745920291 0.257068445904311 0.309508422189536 0.367822057314123
0.127816485912693 0.0243610568987859 0.404839376088823 0.442983081099698
0.113854668641698 0.341461813986577 0.326473933920797 0.218209583450928
0.14557684601136 0.124554564021943 0.413512090484539 0.316356499482158
0.196479992688057 0.0877989935452797 0.400528482745711 0.315192531020952
0.0244855386768966 0.396523705194592 0.191041179528745 0.387949576599767
0.267275353582381 0.643187594085872 0.0585908665999797 0.0309461857317669
0.0754498553228317 0.232583770834421 0.198701266010341 0.493265107832406
0.35291560575016 0.335281722491756 0.250055852122468 0.0617468196356156
0.200602615130039 0.16626886858685 0.200814506921555 0.432314009361557
0.00481855248668713 0.314837274708898 0.209027655226381 0.471316517578034
0.0801216934849572 0.285908532981211 0.322294962138949 0.311674811394883
0.206651624899201 0.363738605502559 0.0394206684213643 0.390189101176876
0.312147262715004 0.115377764270618 0.31526755712543 0.257207415888948
0.284827831118705 0.152649362037496 0.394541158442652 0.167981648401147
0.24816499497886 0.299337294567015 0.277138441823106 0.175359268631019
0.315937575306151 0.371692846228636 0.0747690488078781 0.237600529657335
0.590828955244444 0.136572711570491 0.247054135185643 0.0255441979994216
0.0770547633448289 0.409462944809116 0.487694254730802 0.0257880371152527
0.167901170949985 0.271666502838645 0.285463629242006 0.274968696969363
0.17278884456206 0.337625424037865 0.318366971297335 0.17121876010274
0.249062954148739 0.465576764684184 0.20552607116157 0.079834210005507
0.329919305464589 0.361957422537698 0.288217696542417 0.0199055754552954
0.459847584251856 0.147815693463061 0.300991416522229 0.0913453057628536
0.530866268142063 0.1345137695374 0.113426944633779 0.221193017686758
0.141228153470973 0.412437106538086 0.232407894346077 0.213926845644865
0.180063501142873 0.402535512588883 0.0492055417053872 0.368195444562858
0.286205165683767 0.320675958524488 0.165376171908892 0.227742703882853
0.301100865753401 0.127443440281259 0.362671680212156 0.208784013753184
0.167218605552826 0.147396209952187 0.380519705786257 0.30486547870873
0.0170591264732075 0.226198224660578 0.0217493969950955 0.734993251871119
0.309107767497297 0.182556656438113 0.423532608260698 0.0848029678038922
0.417801236024603 0.241643203841555 0.0434935036335609 0.297062056500281
0.231431123973629 0.24097803095272 0.282913313992163 0.244677531081488
0.466884283448879 0.0189795278078916 0.296338542123139 0.21779764662009
0.441748523691179 0.0661191247211034 0.440214176041226 0.0519181755464914
0.0183709050763632 0.153998664824964 0.288906514161141 0.538723915937532
0.525960706818832 0.109547152296115 0.145286197155506 0.219205943729547
0.514565751975924 0.0920310910462611 0.351062188345552 0.0423409686322629
0.336474229497508 0.227806058959219 0.251038022757766 0.184681688785506
0.0309648337716436 0.226820840280554 0.241107503620227 0.501106822327576
0.494470792271494 0.0668941347220391 0.254171674191098 0.184463398815369
0.165398565352414 0.426833843589346 0.388765075974194 0.0190025150840453
0.440169751086979 0.162925011584839 0.11303401671718 0.283871220611002
0.381978303873448 0.343674249963447 0.00537741768157567 0.268970028481528
0.29976168380648 0.246781515136188 0.134545826560204 0.318910974497128
0.285260585297312 0.0973509680216108 0.600828426790273 0.0165600198908038
0.00475770574876245 0.379827641233136 0.123105584867953 0.492309068150148
0.23420897482176 0.255588984822888 0.214588259633323 0.295613780722028
0.3341207162603 0.201499210005219 0.346018768457089 0.118361305277392
0.210829067610262 0.34856887025211 0.185910113888759 0.254691948248868
0.438152392101503 0.198477920471041 0.186494077889038 0.176875609538418
0.32760728662995 0.0121465215477701 0.115585351115989 0.544660840706291
0.106819655323353 0.338265925219439 0.267567663549372 0.287346755907835
0.17095570762862 0.304506055613084 0.319576207960781 0.204962028797515
0.470620456621219 0.0143113545593888 0.273445614865517 0.241622573953875
0.246765133595245 0.183159824937136 0.303534905082748 0.266540136384871
0.213062136864691 0.400978974875567 0.0193149963047088 0.366643891955033
0.122058454542067 0.184021866347093 0.548583817573039 0.145335861537801
0.322734693277763 0.0443122854318058 0.169074396886315 0.463878624404115
0.22364634844838 0.456204725515005 0.224037171259652 0.0961117547769639
0.367038828889878 0.147724245124814 0.357213688084444 0.128023237900864
0.0417960141851135 0.241837055191887 0.517159804841974 0.199207125781026
0.0382070005853724 0.424681886587294 0.412040190402588 0.125070922424745
0.165943879014236 0.106362462481982 0.647499161051101 0.080194497452682
0.0783023784065006 0.195420335857007 0.70803569006645 0.0182415956700425
0.118993969814685 0.20968967841585 0.360571685077367 0.310744666692098
0.272110732255739 0.262824652858735 0.109908360793447 0.355156254092079
0.0643622474290116 0.322870116467938 0.267052794307877 0.345714841795173
0.084863151332949 0.397359664018081 0.135247415081925 0.382529769567045
0.126804505346064 0.49118854993751 0.135848238924104 0.246158705792322
0.0122241975466448 0.149022030774929 0.317754972296449 0.520998799381977
0.0434268308619141 0.271196414726184 0.479065457123746 0.206311297288156
0.148888516836358 0.46200185593974 0.28359472490227 0.105514902321632
0.0531325490584231 0.00977589594921585 0.516884072038206 0.420207482954155
0.145094743682095 0.305914697128373 0.386484476995974 0.162506082193557
0.33816330605583 0.320692405134907 0.336595474419563 0.00454881438970006
0.306714985099011 0.438221745309757 0.205046883927677 0.0500163856635556
0.290585796629645 0.0802178718149285 0.327077539536516 0.30211879201891
0.423266766203649 0.265167332596602 0.262485004543255 0.0490808966564937
0.350521586466203 0.175164775636981 0.314696985497327 0.159616652399489
0.317123803807414 0.214819119150109 0.180737641642089 0.287319435400388
0.12061249094162 0.291092072661742 0.119089246156707 0.469206190239931
0.179765424778076 0.267577123311365 0.256014747458401 0.296642704452157
0.300181546648953 0.55241910642326 0.141444840813086 0.00595450611470112
0.462221394404591 0.241587397945712 0.122140667683402 0.174050539966295
0.31656370137703 0.0647373674566007 0.266348415740941 0.352350515425429
0.232387196452564 0.373212368727541 0.0861505894541832 0.308249845365712
0.218283091193871 0.462269459853191 0.280926643941647 0.0385208050112907
0.395219918323196 0.254676539173958 0.0982353238333204 0.251868218669526
0.329511542498785 0.341829388514601 0.304067921863526 0.024591147123088
0.0928420061155257 0.188179175815098 0.33698872801488 0.381990090054496
0.0492435852911424 0.206374116090797 0.411682894630315 0.332699403987745
0.113397126068365 0.426141553948788 0.184724120149068 0.275737199833779
0.20399892326358 0.304933725325488 0.244711599536932 0.246355751874
0.0351936627455662 0.442976652733585 0.249579434806565 0.272250249714284
0.064180270442778 0.28260919951684 0.233005435592395 0.420205094447987
0.554966208870501 0.102348581435841 0.00191634257917736 0.34076886711448
0.352271580653169 0.160972669677043 0.191282391906669 0.295473357763119
0.139791947195531 0.530037779801696 0.145436944768901 0.184733328233872
0.485087795036284 0.110280323892336 0.250370232976061 0.154261648095319
0.39479597294598 0.050767924436736 0.451068580819324 0.10336752179796
0.246002862734479 0.0907253424006066 0.367916371627504 0.295355423237411
0.255396494142418 0.142694058877314 0.365029592591372 0.236879854388896
0.0608177451364973 0.21052392589049 0.273908207683107 0.454750121289906
0.346063939774768 0.191948305953823 0.145757738828717 0.316230015442692
0.427015338018031 0.387035104216198 0.165857744772 0.02009181299377
0.247548146975577 0.297316458976543 0.217158161450426 0.237977232597454
0.270541984443961 0.243219528313691 0.281301559571452 0.204936927670896
0.335519003154621 0.0619958695531128 0.286655860397053 0.315829266895214
0.33870342231515 0.404916853894399 0.143115638297367 0.113264085493083
0.38765220726213 0.163781464972173 0.314600546029411 0.133965781736287
0.136961807886371 0.0616189927722312 0.516883525628938 0.28453567371246
0.183183329697167 0.435517902016721 0.298906580312938 0.0823921879731739
0.00279784395528711 0.319480548632469 0.402175061856787 0.275546545555456
0.0538115352642392 0.336593473272876 0.186628351248419 0.422966640214466
0.182945688675639 0.367493469505963 0.303418109821167 0.146142731997231
0.342194035774744 0.351753920817667 0.230124825745073 0.0759272176625159
0.214702620314058 0.0524698898107707 0.504414089444154 0.228413400431018
0.397114913998032 0.531483443672019 0.067049473641307 0.00435216868864233
0.486859472506691 0.0626119302325621 0.358547275965407 0.0919813212953403
0.259230033679014 0.280750745524165 0.258952348518744 0.201066872278077
0.31259455865485 0.184880869103233 0.2167223093632 0.285802262878717
0.115500102515153 0.174716409565942 0.396412156053246 0.313371331865658
0.19815520485903 0.229867805338461 0.241557261060104 0.330419728742406
0.484437652749873 0.323877234944886 0.109340710347118 0.0823444019581231
0.277038732057523 0.0774583784634422 0.183394844579155 0.46210804489988
0.152140890428687 0.370189098078966 0.43250763227203 0.0451623792203173
0.0551074994600349 0.313741410445555 0.225534169126122 0.405616920968288
0.608344522124989 0.133461674939074 0.13751869400337 0.120675108932567
0.366339302088997 0.121710468341881 0.16801826340704 0.343931966162082
0.197783377139313 0.211118472933014 0.349413747408849 0.241684402518824
0.307453841604738 0.308364358082319 0.361092952777063 0.0230888475358802
0.316996078624393 0.110789555512234 0.193764976757466 0.378449389105908
0.165683296089915 0.211171723380042 0.501520199553628 0.121624780976415
0.272929160505719 0.210736487322261 0.485814944611096 0.030519407560924
0.397471657766662 0.00765539814374861 0.199178233280544 0.395694710809045
0.204830853712756 0.165430547514326 0.242878643309535 0.386859955463383
0.450981333837762 0.27871179981652 0.228258368003605 0.0420484983421131
0.716589434875539 0.259794723213936 0.021229423634209 0.00238641827631577
0.0982011805688247 0.557083973779814 0.197022151805497 0.147692693845865
0.090758322470203 0.0606056478129748 0.330859071936644 0.517776957780179
0.0334038632516567 0.604702352608925 0.100042312031626 0.261851472107792
0.0401848027346646 0.202409214793065 0.282298455331632 0.475107527140638
0.418060392486675 0.226940504188844 0.127414341022111 0.22758476230237
0.340567947062639 0.14868425074547 0.352854477444897 0.157893324746994
0.468382190185546 0.0675910330301469 0.0687490898733216 0.395277686910986
0.528436874937697 0.0753059134100107 0.0145542348572977 0.381702976794995
0.574488340877708 0.0197075451803157 0.397631186695777 0.00817292724619908
0.266766068105148 0.237275790019901 0.307656570424726 0.188301571450226
0.296025364898201 0.0452885013787987 0.395366631352815 0.263319502370185
0.471145990407164 0.409261000413756 0.0473360737439484 0.0722569354351322
0.0627834595082064 0.492679604440948 0.00621280713732693 0.438324128913518
0.307921337002223 0.0733827721774944 0.296829957300233 0.32186593352005
0.261123991764816 0.254746140947395 0.247521071868706 0.236608795419083
0.223734694297915 0.0666154801067492 0.477942084670577 0.231707740924759
0.0259058178925816 0.165836615496861 0.588758159753546 0.219499406857012
0.18502462496251 0.109723393175597 0.400123111307497 0.305128870554395
0.121579088335151 0.264167706608257 0.366009145468808 0.248244059587783
0.338912167073833 0.092891502604542 0.306166569820013 0.262029760501612
0.364313351622215 0.219526419324795 0.247708133957949 0.16845209509504
0.374396391870379 0.252414032442234 0.142743580586028 0.230445995101358
0.0365851749642602 0.299926940604054 0.261693848196932 0.401794036234754
0.664256986209985 0.0532854933102969 0.0403024760136982 0.24215504446602
0.418278782574127 0.246437862823559 0.210538608296868 0.124744746305445
0.222363280199859 0.319731825340789 0.225188884017711 0.232716010441641
0.327902946501506 0.178554230061137 0.304879755915391 0.188663067521966
0.310713040905924 0.336382802445859 0.347400166664861 0.00550398998335562
0.340964254868587 0.0680332468914038 0.283291534143761 0.307710964096248
0.433457781033497 0.119073914174625 0.077990698062239 0.369477606729639
0.0858531362055228 0.377176247002673 0.271041934070252 0.265928682721552
0.247531833925243 0.077203154952008 0.452890784462356 0.222374226660393
0.318130896405977 0.458863390933838 0.0692252574761667 0.153780455184018
0.0817023564426901 0.379315594995506 0.131799087864789 0.407182960697015
0.472144047085051 0.048758060942367 0.0599988661448531 0.419099025827729
0.0348509173712936 0.357288835989711 0.164555360548036 0.44330488609096
0.412725901799397 0.422958440715643 0.0808460069466787 0.0834696505382813
0.0896858370871795 0.464003441827613 0.148841872359893 0.297468848725314
0.263594263743546 0.217296058204252 0.345653505787894 0.173456172264309
0.42472158920433 0.170016885494267 0.360562189763516 0.0446993355378871
0.224828514687047 0.415496755633455 0.300456896260823 0.0592178334186749
0.461458080029627 0.0125996702504858 0.518035117225549 0.00790713249433864
