0.218786699498093 0.204187191506129 0.0999264709318484 0.00347399563375326 0.208494987134421 0.174889219124655 0.0902414361711002
0.358338549240615 0.0186123421798426 0.201802022346674 0.0717820019353379 0.11361560117709 0.148583348370903 0.0872661347495382
0.179216636361816 0.201120472818489 0.0521644309731663 0.161772578614666 0.0293133571454799 0.194554022171096 0.181858501915287
0.0237184920008769 0.232321121715278 0.213616480884645 0.020121742425734 0.189465117145563 0.0282052482738155 0.292551797554088
0.122789305697694 0.162193026479889 0.193671470116614 0.144060554049187 0.15260238654792 0.183980120881573 0.0407031362271235
0.13817402726556 0.134594109732304 0.196999881068545 0.0373534761144892 0.130585926078965 0.150970174346062 0.211322405394074
0.039675770459474 0.0986741854745217 0.112757449964565 0.249646166326376 0.137864274202453 0.0336111382302037 0.327771015342407
0.0781584711723909 0.0284044042739211 0.26759299996004 0.238076508077212 0.0750174819354541 0.0502633276557378 0.262486806925244
0.185528327961716 0.222821585883751 0.0750961164709613 0.21405443543495 0.0324806367891562 0.176189969074195 0.0938289283852704
0.0433734950553985 0.231312082062714 0.136123303936682 0.0420303934273908 0.205756207975774 0.216554590928888 0.124849926613153
0.235386196664833 0.119373956521927 0.18644113407087 0.0457731421592054 0.197697402664913 0.190677007632997 0.0246511602852559
0.177141728329847 0.0348376637717299 0.0435990860454362 0.24499043104028 0.15431167650112 0.107310320341449 0.237809093970138
0.113023081670071 0.348766648178139 0.0415571286180975 0.0656048774122636 0.270356587060531 0.0444738930674614 0.116217783993437
0.387804270758072 0.00836244538839106 0.239263049777503 0.018812829689133 0.156799689994761 0.060240686851036 0.128717027541104
0.00363821686581599 0.190182192578749 0.167893044062258 0.202872192433745 0.157815099325938 0.0356816695281376 0.241917585205356
0.368897838971791 0.0662636636963908 0.0208601222267773 0.350595001495573 0.0360068240550252 0.00530117107742111 0.152075378477021
0.200763260081376 0.0768714567970089 0.25534663697614 0.0606106050937743 0.155262491749704 0.0249076728951064 0.22623787640689
0.202979484333332 0.0721468992348208 0.131246715086402 0.0689359878571274 0.0929636111209654 0.247050841786647 0.184676460580706
0.00860365523431326 0.121565883358038 0.227995785877391 0.246553466819348 0.15311340887918 0.118993218623713 0.123174581208017
0.141161815677919 0.00752615888712367 0.0754669500821883 0.215232454104937 0.105918968220212 0.162131156766262 0.292562496261358
0.226854392025132 0.0248427744009888 0.109377436421415 0.132163508155987 0.0872055542967815 0.206755945372319 0.212800389327378
0.233358377345451 0.135436870367888 0.217845647284491 0.222227784620359 0.0261113591796936 0.0390930958331284 0.125926865368988
0.195464832623046 0.189560865769578 0.107155316200647 0.0668846499812145 0.141924037635465 0.176162091406749 0.1228482063833
0.192954592188586 0.0759350930746167 0.150862947738213 0.0194405795097232 0.164773574370856 0.129533356820916 0.26649985629709
0.0598141827184665 0.100085408166555 0.0283281771823461 0.031021508265577 0.354941864323962 0.0621474725775125 0.363661386765581
0.259624259871267 0.171282751948135 0.0489414740906805 0.209988720535212 0.0378571942240916 0.185995824659808 0.0863097746708061
0.158295621947982 0.096959649680316 0.0908925798536556 0.30080908449847 0.0315775302859514 0.0899641219487508 0.231501411784874
0.300900916824655 0.170619663804386 0.116051467443295 0.110855779095197 0.0816273486826901 0.0513199136213545 0.168624910528422
0.0576847359577733 0.278988479310731 0.345838088572788 0.0804898995568573 0.143190941408613 0.036569624200819 0.0572382309924181
0.220203896243466 0.0851687370823812 0.124089626619508 0.170197731214829 0.14793127353813 0.10007100089559 0.152337734406095
0.208893475737596 0.205342791658924 0.134754344888982 0.165996419140988 0.0951984780117159 0.0683254453808567 0.121489045180938
0.268635259966387 0.0433911590425657 0.120512648569597 0.355974327716729 0.0498901940150986 0.0948053941755958 0.0667910165140259
0.369156492288873 0.0481329147074084 0.0189148399649847 0.069440366727485 0.0817593376849184 0.0384980109945819 0.374098037631749
0.107874518241556 0.240891022902171 0.141282618958037 0.177494124915579 0.088064199712888 0.166623692440597 0.077769822829171
0.0494228193847247 0.119441855656074 0.128623479819346 0.0716054536421714 0.160866845625912 0.199822696599747 0.270216849272026
0.155348758143129 0.0857888581373921 0.0256381794408022 0.309480139519182 0.130280586495561 0.256903313707702 0.0365601645562316
0.168571579864723 0.159367092630621 0.162830352859817 0.0624489216755378 0.170304097458123 0.170951168302812 0.105526787208365
0.221533958604537 0.0715699485834625 0.0855953840143267 0.192139726626435 0.178855933708519 0.215938642318442 0.0343664061442771
0.130289074210521 0.169244864616073 0.158759745206678 0.152642394990127 0.148604279453856 0.148024376699894 0.0924352648228502
0.0954878157570787 0.0902252049926654 0.196155635942954 0.239699014744652 0.00574403136095034 0.245829399485017 0.126858897716682
0.00183861082682598 0.29947965651274 0.239466283909633 0.068034723300755 0.0870179144717356 0.0980437760065981 0.206119034971712
0.153166591192933 0.26230962046246 0.0556086788900756 0.235712925363467 0.220789877273336 0.0358606740736395 0.0365516327440887
0.0227156174917433 0.0410701847755945 0.111462486403139 0.297604404528905 0.209437274757318 0.157575224735308 0.160134807307992
0.0245673518287828 0.19953063049474 0.131197480142857 0.181815293083372 0.243557650599242 0.120249798547282 0.099081795303723
0.161549989290629 0.179129111863912 0.0427561340834785 0.129754450658469 0.142908497541374 0.097782052931513 0.246119763630625
0.0824183826087964 0.247154770203319 0.14346156727801 0.00990650015971658 0.172086222537533 0.101540855821834 0.24343170139079
0.0448118416001033 0.04713833080795 0.121920683566936 0.204585103329284 0.234706045578998 0.234634363746774 0.112203631369954
0.154867703961208 0.122126067360331 0.218681163655349 0.0517454285809287 0.123358579864164 0.0691056388651803 0.260115417712839
0.210293933072206 0.175052516965403 0.0310867861930705 0.193208015222658 0.195034447048036 0.0731624051912949 0.122161896307331
0.173393246712647 0.0226090479603244 0.176642263208021 0.157916052008166 0.0421437766147282 0.257464953402817 0.169830660093295
0.188814591051759 0.337871000948109 0.0500958889482754 0.0347593444680382 0.239517211077894 0.0941666884589818 0.0547752750469417
0.0497587659758414 0.0473277341903875 0.179518824313068 0.224070297606815 0.153039802759602 0.20405625315605 0.142228321998236
0.210511914111692 0.0252944403344827 0.183718383666834 0.169725052629599 0.0769946501627689 0.130263037263926 0.203492521830697
0.191513287402753 0.0678292630361342 0.152955109772918 0.0594136384463624 0.0930516987970953 0.309661904181178 0.125575098363559
0.139954276116589 0.047141339629273 0.0559184496753607 0.294460276643861 0.179715262856141 0.0803084314313515 0.202501963647424
0.135849507841375 0.140752394641143 0.216415011411468 0.0197775234601187 0.0775107017118255 0.221959968437213 0.187734892496856
0.0750251996934141 0.179611696035967 0.159231128371694 0.182347567289906 0.00447764715380885 0.235450234912141 0.163856526543068
0.151754484314824 0.122515705896702 0.173439988620696 0.188990662104765 0.19746883273307 0.132356505871273 0.0334738204586694
0.195783417093094 0.196518767148389 0.0985236467902566 0.211510247306134 0.00360817442503853 0.226840638144326 0.0672151090927607
0.104736941635719 0.0909605662835148 0.129313532428936 0.19940419635708 0.204967761894251 0.0244950172549138 0.246121984145587
0.210814061525889 0.172994493760159 0.0925729326047584 0.116982149198401 0.143954558757603 0.237869856705259 0.0248119474479301
0.218829970290805 0.13442143524359 0.156163537799496 0.0506712548883512 0.156968481300409 0.220407835144234 0.0625374853331141
0.168370452809435 0.208360594316508 0.0538947402306448 0.176111077246708 0.156965377746314 0.199343448042425 0.0369543096079656
0.304270590568676 0.108542418500133 0.0974940710040097 0.00741335004189481 0.143528312678215 0.30924488622539 0.0295063709816808
0.0787477308850814 0.0352942404810462 0.247226768410375 0.036588644883594 0.0237205700039974 0.281695889264322 0.296726156071583
0.0695587666375211 0.096786261471687 0.319801486153469 0.320745971437698 0.0624133090513739 0.0453547884781096 0.0853394167701415
0.149865284288167 0.0410147486353453 0.018950265220183 0.273080075892259 0.218869309370256 0.0546298460122549 0.243590470581534
0.0720608599023419 0.0305290688064786 0.159713992138668 0.207608791360446 0.266443054520339 0.125503586886211 0.138140646385516
0.0836669338624893 0.0074973562031984 0.136758258853321 0.0902646431168065 0.0615645180591084 0.360786651880514 0.259461638024563
0.148259668167544 0.140992305533917 0.172685424617432 0.00938183555221073 0.231128056850702 0.120424431115599 0.177128278162596
0.0977786531575786 0.210273457654653 0.0628164255374273 0.250969671127375 0.132963635901724 0.212513374930983 0.0326847816902577
0.161522411844341 0.204818949191679 0.0230032686672251 0.0956920493558346 0.218182514399088 0.124653158208163 0.17212764833367
0.223606030902861 0.215235562267981 0.198659895580183 0.0828531353463979 0.0313952223634012 0.214348922743657 0.0339012307955179
0.0287118552340564 0.132477588682479 0.237679068284546 0.133210009237483 0.0182029686563944 0.185321382532747 0.264397127372294
0.166821157732412 0.137240171932137 0.0123807194541237 0.0949485278998757 0.146763800680685 0.172718705489293 0.269126916811474
0.135840740976084 0.169218348753417 0.186178735956952 0.161717851350695 0.162391564392911 0.0873963695272795 0.0972563890426622
0.170026661371215 0.157119698296469 0.162409983411677 0.0773966683722099 0.162448379852745 0.129514020594207 0.141084588101476
0.0538058883327187 0.0626518838461307 0.0834140342290054 0.134262242758872 0.292778647574556 0.238769672741958 0.13431763051676
0.131685738882804 0.235958181424573 0.134913754352358 0.211615870014979 0.0871730222920988 0.0777318946899846 0.120921538343202
0.0701176889953205 0.054290549817169 0.0747731792457012 0.266220727508348 0.389537721220583 0.0334341903115583 0.11162594290132
0.231372679160357 0.0329173016933492 0.272492265272045 0.0710470643223806 0.144098465294206 0.065806478540373 0.182265745717289
0.0531408059973852 0.0308211972816448 0.200496923273689 0.0302698519127876 0.233775184499722 0.259829016628038 0.191667020406733
0.12168387378487 0.0570650160871911 0.258542933288021 0.0830103310713511 0.252025034289442 0.0999121504793703 0.127760660999755
0.182094958832307 0.159783274515163 0.0506955014241207 0.195248178798213 0.0427742117577733 0.186249183833058 0.183154690839365
0.0850048946565295 0.208869617303855 0.172724168750053 0.179061334739492 0.146009794664436 0.0433921269473689 0.164938062938266
0.0136407813354504 0.140878560270718 0.175459239197681 0.0525845534794226 0.231520193160971 0.218060444266772 0.167856228288984
0.2066264101265 0.0200894453468238 0.218878264532087 0.0646336757071171 0.1531043270128 0.161749488843755 0.174918388430917
0.0458688264607549 0.179153846940222 0.256706466141819 0.184164719290846 0.248988698918106 0.0691985724010594 0.0159188698471932
0.290050722546849 0.0710501370808961 0.00829704509455534 0.315299879623176 0.0760146559727223 0.121597384106669 0.117690175575131
0.0630584162315466 0.330205895537684 0.124749519468497 0.131419688783837 0.240975862967728 0.0258535865120081 0.0837370304987005
0.209191824866758 0.220318391293514 0.0640491912886591 0.0166827604006841 0.207364199453097 0.158991339319399 0.123402293377889
0.34494199132214 0.0707697300319476 0.0794295338535368 0.0244712176950372 0.186656007724955 0.130871330344978 0.162860189027404
0.122750244811843 0.215629281799627 0.305468738958537 0.13001249793581 0.118239416248744 0.00828638383785973 0.0996134364075787
0.30848312528529 0.203815156431205 0.0200181513666044 0.142032824208003 0.0706027256857675 0.160114751816317 0.0949332652068131
0.0115679269237624 0.0246906767243632 0.18221948684268 0.139346458392436 0.197948344820144 0.266535359014706 0.177691747281909
0.0356538359536913 0.216979161762875 0.12888087750101 0.0392803183602869 0.173222686741326 0.219015509408215 0.186967610272597
0.286403138752495 0.279615886893005 0.121621829967223 0.244379583450008 0.00513490601612337 0.00853468371425812 0.0543099712068872
0.120010447446001 0.0479074099280204 0.257654413815967 0.0858064956407748 0.239545930932112 0.243053881634519 0.00602142060260594
0.203906082772905 0.171459054673033 0.0868322160936592 0.115924580983865 0.175884657037024 0.138652691545629 0.107340716893885
0.113286558428978 0.0944326263204876 0.108392760237972 0.125762381681434 0.181876187113518 0.200783072227801 0.175466413989809
0.163064879656542 0.184784051238501 0.0755576365055002 0.0372380081224554 0.231278800995573 0.245596863338411 0.0624797601430168
0.0893491063432775 0.115886070403904 0.115161538937593 0.219955555589928 0.0331483992054525 0.216708296069659 0.209791033450186
0.208032346870614 0.122373741229396 0.022785060293382 0.0721472006812583 0.22005404745901 0.0428891997530685 0.311718403713272
0.118139414509334 0.167061890820146 0.0932770151669946 0.128028753485339 0.163258617353031 0.144257028609947 0.185977280055209
0.275029885029432 0.0428077689068902 0.0240095769831567 0.21122418749425 0.299945050141884 0.0359261698423263 0.111057361602061
0.00837351343864738 0.131029098421201 0.320293934934847 0.0318545559989811 0.258187561499992 0.229701118896263 0.0205602168100683
0.0695035383583282 0.239253339682392 0.120831991216926 0.207259708090127 0.161043413000307 0.155194134917118 0.046913874734803
0.319168280500591 0.00308087770272595 0.290387748903271 0.0607934403708003 0.00311341838662545 0.260446395839186 0.063009838296801
0.215737458944983 0.0569148924565766 0.201686807807387 0.0723114608436533 0.203058583682355 0.0548614815195368 0.195429314745508
0.157772236062019 0.0617463583554295 0.160836309017451 0.135641557673466 0.270974526319366 0.034443009846542 0.178586002725726
0.0887616651156618 0.192334720139688 0.0101220361048656 0.253349730799692 0.0946662853549754 0.113647865712643 0.247117696772474
0.00431920621729335 0.189891793400946 0.159939364324169 0.302467480934841 0.139582065935269 0.0021722528058543 0.201627836381628
0.0274604718875502 0.296738545676591 0.0418015429258034 0.127814698406225 0.065423801297875 0.174463181177852 0.266297758628103
0.0431628593534102 0.0703088874276964 0.297863841371635 0.0857736608763248 0.287993970334715 0.174534716563086 0.0403620640731323
0.111777326816115 0.079415625184356 0.244369670325601 0.140283934211984 0.12915532698908 0.121529519821807 0.173468596651057
0.0965462583768169 0.272909624783989 0.0592296843304622 0.200109331228144 0.0383059918920772 0.0629491897392175 0.269949919649293
0.112449085999743 0.14837922304009 0.200298805815452 0.0572635664713709 0.157401472289752 0.177187568802354 0.147020277581237
0.158619371206368 0.0424074146543585 0.138413263369127 0.0457979984444407 0.237447210927788 0.276191934761808 0.101122806636111
0.0520518381418239 0.232057275328043 0.221800093032013 0.0779229353495503 0.1150604195698 0.0945993111196154 0.206508127459155
0.0930333141064797 0.165933610759093 0.018727954034545 0.15911065765904 0.285213766834065 0.0502281570937434 0.227752539513033
0.20368386079571 0.228351428933431 0.178121328438793 0.0681098238267394 0.064165950649792 0.0270829831672196 0.230484624188314
0.0459326371088545 0.099584189828589 0.021585734475009 0.114572820613818 0.159002474434461 0.314524985303804 0.244797158235464
0.115885196949865 0.198171457456959 0.0417643600910199 0.229257359557894 0.0560337917557575 0.283561443009898 0.0753263911786066
0.159657565348803 0.0475305937671115 0.190617846785562 0.161377973008067 0.219266436126434 0.00729191105431382 0.214257673909708
0.322148391446962 0.136393377238404 0.2047504054717 0.0933106170499242 0.160558724554199 0.0165571288368345 0.066281355401975
0.162076856073148 0.0776441573667163 0.103857526389438 0.125654038845287 0.165700481545073 0.196211183711565 0.168855756068774
0.000594174645852645 0.287598841950097 0.017123714944755 0.244636607072365 0.239163893562493 0.105776101413576 0.105106666410862
0.167201350933818 0.262573399614033 0.109693975990352 0.0789775975758532 0.0102410846350666 0.241670612425975 0.129641978824902
0.162305266134484 0.111227347231653 0.107631940265469 0.113843572918003 0.194191987403648 0.173296310779462 0.13750357526728
0.110575820664931 0.00921400727619669 0.185368249277203 0.153149114513846 0.142602683987629 0.0324722011812055 0.366617923098989
0.0171528532226115 0.26753491215657 0.284115924578129 0.206461670796564 0.0236784619086965 0.162993568502178 0.0380626088352514
0.128247723837285 0.187902033188958 0.0087022346583828 0.130096549792201 0.153783866143509 0.153515477764465 0.237752114615198
0.113895029839073 0.061413098249205 0.228328740746259 0.189449935511689 0.0545361746658802 0.177963632337243 0.174413388650651
0.227727404381993 0.0520092792908349 0.000322978932165899 0.249907973396012 0.336058713504639 0.037651507717289 0.0963221427770664
0.159168018583939 0.192608794701147 0.166358959734927 0.178477597518191 0.157992123137372 0.127539473382208 0.0178550329422169
0.0855866751116389 0.00462900567046667 0.0872205867401819 0.335501394242209 0.109327263764034 0.192262084104796 0.185472990366674
0.01805095270736 0.207473137420759 0.128448340204083 0.128669231984597 0.156870512190357 0.133489312563182 0.226998512929661
0.0378963859128106 0.194640873922583 0.342475665303554 0.0551969403956659 0.175530931309787 0.00591474428902458 0.188344458866575
0.0469777893793937 0.295658465343533 0.192517533841486 0.196522450489435 0.173625851462041 0.082349122319049 0.0123487871650625
0.00865597215335849 0.0328910293942216 0.228777764863745 0.0757536842384502 0.338228534060634 0.0478761374696516 0.267816877819939
0.153124093487213 0.0223506524605431 0.273330938629377 0.122962246864665 0.264609807798261 0.0380402776702876 0.125581983089653
0.0423727303702941 0.246183508825331 0.218624697665996 0.198042913161559 0.00827448558063667 0.0871392125471948 0.199362451848988
0.0343078283401213 0.036041044407406 0.280925163128143 0.1799269993604 0.258054116318019 0.170309417350964 0.0404354310949465
0.176489342012078 0.308053764475718 0.0677839429387706 0.375996382147319 0.0196153080848071 0.0516930559569219 0.000368204384385202
0.219582616046637 0.0767555103421519 0.123947877741537 0.105835665339488 0.198180995014246 0.232875197055487 0.0428221384604524
0.225233626674752 0.0526917167641383 0.228428708177218 0.228612609886127 0.106921647529969 0.123309223797799 0.0348024671699965
0.0581856746961942 0.0885714092263298 0.0773717624879405 0.077598449068914 0.19671143285104 0.267804028532389 0.233757243137193
0.320276646540845 0.206753298304088 0.095498185970174 0.194691544660918 0.0360112017915583 0.0461270894484365 0.10064203328398
0.205366565616905 0.0786007715607659 0.164669027789706 0.120300482449174 0.162016005997574 0.0569808098496452 0.21206633673623
0.0934989272432503 0.00624248852377171 0.0773046257545897 0.299450453426299 0.179540081159241 0.131157318001237 0.212806105891612
0.0556081408468687 0.0155622182276223 0.259519590084295 0.216552645829015 0.315907558101197 0.122813069898168 0.0140367770128336
0.0447913376239182 0.150722672538769 0.158155779772694 0.0108108881788228 0.319227040792591 0.168663308310759 0.147628972782447
0.127064608403089 0.0705183730183238 0.198491622877066 0.121440309959341 0.189982808200803 0.156820050807851 0.135682226733526
0.0542935591943994 0.208777765560722 0.198493960291791 0.146340783873998 0.161432825140973 0.174646364641504 0.0560147412966123
0.0358715520293142 0.170978436169441 0.273275833606593 0.143039852355126 0.0416414343013055 0.207496813215631 0.127696078322589
0.00722587181796744 0.152580121493811 0.132804973492629 0.25806053830311 0.224045029613682 0.164995024129905 0.0602884411488966
0.269921743889489 0.0761927332764381 0.0502117339667416 0.0311684648925874 0.234371899726082 0.112006878769136 0.226126545479525
0.170296777997312 0.0855337109324003 0.17761500779525 0.0466894138618851 0.435251594890304 0.0295827231893219 0.0550307713335271
0.0189063023594206 0.0790348402213917 0.179424461582047 0.208682055010322 0.199543712761355 0.140358511126958 0.174050116938505
0.0487242168426596 0.214055492467252 0.20390350519538 0.0356416116456195 0.115563199445468 0.253371620556831 0.12874035384679
0.102101231181357 0.293863796876631 0.0722301052452003 0.276182231767707 0.0840700770450058 0.0322707183417689 0.139281839542331
0.120562049642832 0.259738818429721 0.00759319619312271 0.0395702758070806 0.135304909260318 0.168692863794639 0.268537886872286
0.112685924133329 0.252952885737939 0.13839804298389 0.126273353820096 0.146645901286574 0.0847814949352459 0.138262397102926
0.132158263511652 0.119592177967741 0.106894127650363 0.0836600247858938 0.247984766615065 0.127190340103293 0.182520299365992
0.120785644266993 0.335061807093488 0.0210827748926336 0.020244986959278 0.226701115074559 0.174618167959517 0.101505503753531
0.151517180408564 0.0207532933825111 0.234993535136552 0.226819666342475 0.129522089983556 0.0493807877699728 0.187013446976369
0.0221777281204469 0.289747926418105 0.155104995936919 0.196336475102257 0.180731393185896 0.124036492188762 0.0318649890476133
0.238808990677402 0.251568632092144 0.249574116012393 0.0579971110566855 0.0313487561540851 0.0593485427151049 0.111353851292185
0.201161291899064 0.0763928186009967 0.227238439945318 0.107114656997799 0.0369635803736618 0.138011908575548 0.213117303607611
0.00808796688933597 0.168949865494338 0.0491393831745351 0.116364593278026 0.297311327477112 0.0964384842671708 0.263708379419482
0.075696236056262 0.159935826067376 0.081721523147424 0.238043387172934 0.127293961294891 0.128879748347325 0.188429317913787
0.0369272492979389 0.167597102161414 0.200024512441529 0.275415725775725 0.137519518821275 0.0604400773623107 0.122075814139807
0.240714932036095 0.216813407707399 0.149484323393577 0.150318967520412 0.051014044521437 0.110966074250604 0.080688250570476
0.00100109004316915 0.0449575311714869 0.0370168939723048 0.366010392000523 0.316907781589709 0.158320224954266 0.0757860862685415
0.195088482914175 0.196885896769366 0.212720336163871 0.00281868448193421 0.0536113788408284 0.212981163286333 0.125894057543492
0.161097865247297 0.0264325863325149 0.119490759547447 0.217799360416304 0.221446544130549 0.237384802517591 0.016348081808298
0.185818249285154 0.138514710730985 0.20965966239935 0.190923471641804 0.024755083612144 0.196666592394287 0.0536622299362768
0.0912099110128646 0.0936336742703813 0.176373047779383 0.140155104022375 0.208232015739697 0.0212208760048837 0.269175371170415
0.191129967969081 0.144451199185373 0.1985695135717 0.0156794883411022 0.158457551675291 0.177483371295852 0.114228907961601
0.213893774870555 0.289858510054137 0.0242461585701591 0.131907802247434 0.147092094144198 0.0525342764546446 0.140467383658873
0.191302522162697 0.204923037560433 0.0263416591108987 0.128917937823279 0.152968330599601 0.0976049589001522 0.197941553842939
0.085295030177536 0.11105423761546 0.161317112470446 0.129588672193285 0.167577274595157 0.177009793583932 0.168157879364184
0.105521538712239 0.199114547268903 0.205932413375688 0.132845195761585 0.193290903475505 0.0395026174198087 0.123792783986271
0.152390137919417 0.273001874476512 0.0682851326268509 0.3149109526457 0.0715040434493206 0.0208760826258825 0.0990317762563173
0.143193032752924 0.234110560408484 0.17519567739381 0.034234678641053 0.0795968509788034 0.20678571340613 0.126883486418796
0.22008029726863 0.0130493562394168 0.169835171319417 0.208869789156168 0.0137238862989815 0.113795183843024 0.260646315874363
0.156375705512208 0.183868286741923 0.0717700863705702 0.18990166732467 0.0162105785109625 0.187202005781486 0.194671669758181
0.030382045111106 0.146780542436476 0.0555626379657898 0.173710552927277 0.172188754367146 0.215905465948734 0.205470001243472
0.15750720814356 0.031609726764567 0.123954865737269 0.21458231468932 0.197478945621037 0.251203043078869 0.0236638959653781
0.252478377968193 0.204058932834939 0.101791976381112 0.0882950867682494 0.0546631206395995 0.0750295360022365 0.223682969405671
0.18232252165025 0.154310923503814 0.0443779623288893 0.229890912665229 0.209928155487673 0.0195475731508314 0.159621951213313
0.11337682023715 0.201743004315942 0.209208659456798 0.140284394030352 0.0704549799541871 0.204214661902878 0.0607174801026934
0.20543097455545 0.00359873600332252 0.183048294578581 0.263236555686693 0.203549534036293 0.0462617725059605 0.0948741326337
0.208700890117903 0.0569607709381549 0.248107067307526 0.233759645166535 0.129144552002288 0.111287431329504 0.0120396431380888
0.204000640084282 0.166171059794976 0.107884866078395 0.14240836030306 0.0487608371298307 0.212285279381932 0.118488957227524
0.0241369343107234 0.0548511400375491 0.224831066549241 0.111391244587103 0.0225666327397515 0.289575406097494 0.272647575678138
0.085770533275993 0.232207851809759 0.0553298955099422 0.047829071550379 0.182165112336309 0.196038992621653 0.200658542895965
0.173005484349259 0.0776556867838786 0.150372750516691 0.0721978827134817 0.114738069254923 0.178791256889837 0.233238869491931
0.189320187335511 0.235335412329444 0.183994144873243 0.0781593531047844 0.254562847785109 0.000169569388711807 0.0584584851831968
0.207322889727995 0.147795926964346 0.0866405071516909 0.168628625548319 0.239234415634404 0.108871832695671 0.0415058022775739
0.147727213930629 0.236283345172538 0.303658544516293 0.135778773357635 0.0667487042372223 0.0723063087398993 0.0374971100457828
0.089702276579575 0.208041939508251 0.116343527083465 0.00493484818521514 0.211144712147043 0.100580519917912 0.269252176578539
0.204491764689837 0.191317960231054 0.110206620573422 0.116507546707877 0.146355813281648 0.188311219534312 0.0428090749818508
0.258547765298206 0.0787479764917662 0.297516207050044 0.147739690396134 0.117789233032281 0.00462695685669867 0.0950321708748704
0.238551273056629 0.114529209103538 0.0324199346619722 0.272598520278781 0.132909130959694 0.00243682461907945 0.206555107320306
0.0688051591324495 0.13118672954535 0.232044921628215 0.149948950641436 0.231461494313109 0.141152384555626 0.0454003601838159
0.125974520671342 0.272076322037724 0.275617208434407 0.142653549876582 0.00518513728329006 0.177613391926556 0.000879869770098373
0.139939040376184 0.126593879528922 0.0580830229746281 0.204378491080991 0.0841588530859765 0.181301073641724 0.205545639311574
0.0276701412105403 0.220920879800004 0.0412215738114923 0.212024254508288 0.182638434747906 0.104874907101577 0.210649808820192
0.00126431901494096 0.297268819854834 0.183555827902924 0.046562264547005 0.279195744354672 0.171556820947315 0.0205962033783099
0.0121824216296893 0.125754711629994 0.22714747923069 0.0519285432513738 0.243685047773166 0.22605503480666 0.113246761678427
0.271553299218672 0.157010921574642 0.0787512604853296 0.0398612662478359 0.0448583315684311 0.169238103182116 0.238726817722973
0.167703464431958 0.0280832390052205 0.10693285096947 0.111031522299441 0.207515302997409 0.115108115513329 0.263625504783172
0.189501938834508 0.0376105629272584 0.00946804575689222 0.250702949251371 0.09477052812286 0.134438221754407 0.283507753352703
0.185977192968921 0.0851187609923898 0.21996504369897 0.027473856587068 0.135951011224973 0.0328965446623886 0.31261758986529
0.103331480600473 0.181373284218406 0.166683094612509 0.178746932485876 0.0664905080425523 0.196541818543085 0.106832881497098
0.106446436190307 0.0485124761555287 0.0657354361087732 0.143286079407439 0.224734185327413 0.167539658199298 0.243745728611242
0.204599855348095 0.223407313509624 0.00606580316577582 0.216308936978342 0.0745041800648383 0.0774873250095645 0.19762658592376
0.107895946130772 0.154849255603357 0.107291168342026 0.109215046949667 0.0461963466223766 0.235955456081327 0.238596780270475
0.11414663387496 0.125481179217256 0.110060258539149 0.141633718099235 0.13242638200103 0.140477856600484 0.235773971667886
0.128808930000281 0.140899658979453 0.219287798530943 0.162637940525858 0.0142569534691904 0.227491969477781 0.106616749016494
0.215572893838353 0.0674491557055324 0.00373073391837139 0.174401703819095 0.137096811491826 0.254769548365272 0.14697915286155
0.132266381443683 0.0833513986542124 0.29765175555083 0.0481879009379627 0.00694570662915402 0.34733035340027 0.0842665033838878
0.279870047630037 0.16164587917786 0.073549642682214 0.151167717859908 0.0786585485161504 0.0878259587427262 0.167282205391104
0.219999318378679 0.0631148558366823 0.31665698390212 0.0214850375794917 0.0807871439595708 0.0488437663088533 0.249112894034602
0.21625918298057 0.124411043620545 0.215159347935758 0.0465195848696148 0.0969188199895088 0.13363959875698 0.167092421847023
0.230522264083319 0.142665936114377 0.0550891399174251 0.225591551690469 0.0642229094744944 0.198256295237193 0.0836519034827222
0.0991333003103474 0.136893125571617 0.15949011163632 0.0740241035030161 0.221421428072521 0.227485677676142 0.0815522532300375
0.181894084056299 0.0970312428440651 0.159968939622465 0.113979775325195 0.120860156384367 0.192192533535433 0.134073268232177
0.00378689077206209 0.281949473686374 0.1163513441518 0.234188874662314 0.181014671094959 0.0688873310631541 0.113821414569337
0.203571775878802 0.20050107161013 0.0700588635102925 0.198558062427992 0.0963255252839278 0.154663271924647 0.0763214293642086
0.0784550291088139 0.215047712019096 0.056232975012832 0.221896699322688 0.217178855888343 0.100905536472136 0.110283192176092
0.0658196644711636 0.261913008977775 0.266306315408708 0.155461778666322 0.124890890850223 0.0353730329003517 0.0902353087254562
0.195492658746651 0.235740628091969 0.226576190796833 0.156081335703055 0.101250330785073 0.0293570300105482 0.0555018258658701
0.0415312839295773 0.192562084150249 0.033827769231563 0.236219106890989 0.236448817619929 0.0890100860465685 0.170400852131124
0.196941115258139 0.255462072580069 0.071747644726734 0.048584834578696 0.232103413184771 0.185570409906778 0.00959050976481275
0.227508500763468 0.0259028983320526 0.0971486251450855 0.213750087991354 0.181319770317445 0.217545022607754 0.0368250948428411
0.133396376981169 0.177464101295673 0.0365460027191249 0.123223775227506 0.186376051476879 0.22673841607777 0.116255276221877
0.0706962016872986 0.0396811972722065 0.268824734001956 0.0626818287369517 0.260744113475685 0.272880689755632 0.0244912350702703
0.266516350471988 0.0267993921383434 0.152228543465432 0.165612293654011 0.11631831022764 0.164606563465788 0.107918546576797
0.0364363054626205 0.219815259735399 0.183386054586932 0.157200981173713 0.0119739883218395 0.214067506979725 0.177119903739771
0.0648821160107239 0.172742772301717 0.14656970268177 0.158374940478919 0.169627964960282 0.245679689602427 0.0421228139641612
0.231726435769623 0.18061274188523 0.210884864821754 0.229013548880719 0.090786048753022 0.0160391241297422 0.0409372357599095
0.0154659724761911 0.219547165262992 0.222387222886065 0.179386466497153 0.0263713731595928 0.0594845450251086 0.277357254692897
0.00486824896000267 0.206951647634487 0.186024258638944 0.251510978959695 0.104574688429194 0.0720161302931185 0.17405404708456
0.155307628799274 0.227282673511081 0.0513071416937126 0.105939550495263 0.18126515318645 0.0921152719674306 0.186782580346789
0.00784737638715332 0.182720790394931 0.182714318000066 0.199661159439685 0.162277817829392 0.132632048150226 0.132146489798547
0.223299866777915 0.132299237112523 0.0424054677500834 0.192427452474539 0.230437681346367 0.0602098336178135 0.118920460920759
0.167070774566422 0.239378726083601 0.175548442240414 0.100707312610478 0.113135692151355 0.142598310958685 0.0615607413890445
0.047056637555493 0.180014358928024 0.0256923379823703 0.0187422486310973 0.172726782755129 0.292377750233037 0.263389883914848
0.041858843970911 0.148582654174601 0.0168841768302813 0.238270255193546 0.265261318560024 0.212666272339802 0.0764764789308345
0.0490074875921676 0.00528060693469155 0.211342747746283 0.18971669785936 0.191736302162575 0.18978782700839 0.163128330696534
0.179044472864771 0.169311214113145 0.0679514299645714 0.155650785250869 0.0288301935796336 0.214074225919855 0.185137678307156
0.0475712505757863 0.217217072490989 0.0829837370299688 0.135149659900645 0.192222210388755 0.223016733701296 0.10183933591256
0.17629516732511 0.231856427171984 0.0621812091640046 0.101620861394715 0.059555198334241 0.268883053793546 0.0996080828163994
0.241271190049196 0.246163313020948 0.0454243762938209 0.0043720995603617 0.27530712286055 0.0828628190606324 0.104599079154491
0.0117689664098844 0.131844104152145 0.247317151132097 0.0489132050299555 0.156872062456459 0.155550606068106 0.247733904751354
0.0803479215448046 0.105730545573951 0.196875648006915 0.0344699356825394 0.171724615949952 0.237458514085231 0.173392819156607
0.232026769021132 0.229698252269751 0.0524405316369739 0.0428659861519614 0.254183195854368 0.1525528677549 0.0362323973109147
0.109514324316093 0.255851392221232 0.0404884233397998 0.0972947508529471 0.208862882219655 0.0250269216884118 0.262961305361862
0.0332049751695185 0.0324440960820447 0.0538294312664759 0.279358292227983 0.322067531619983 0.246904392527539 0.032191281106456
0.145229133030747 0.158573471316164 0.201069685097776 0.0491563577735353 0.200961419017845 0.0457497749022139 0.199260158861719
0.227473204204666 0.0644491156314731 0.114130043811169 0.0775041138848907 0.280748582789691 0.164514718062885 0.071180221615225
0.156175191916128 0.251965450248081 0.00572573820347582 0.0652194114919089 0.00795311764130065 0.289541596316947 0.223419494182159
0.0100288968097705 0.256993204878577 0.226686919068822 0.186082680940531 0.0599972428505578 0.148452628895475 0.111758426556267
0.012689277025586 0.0101885042480557 0.150791484114869 0.207432794089614 0.294946295948162 0.210412590312369 0.113539054261344
0.137787247343545 0.227215788475585 0.167946354082067 0.107958294329088 0.190513373831106 0.0417722273772756 0.126806714561333
0.22590135070627 0.123643027419273 0.115964447574547 0.0328744637129983 0.208652562459765 0.222718109709794 0.0702460384173519
0.17265230460368 0.130283467314274 0.231980177545728 0.153911766977295 0.253345705153842 0.0102432845903054 0.047583293814876
0.213875742219942 0.238537933159963 0.152712814655813 0.165488664017938 0.0985868886741095 0.080887364503393 0.0499105927688414
0.100402958181776 0.219706187049548 0.0163688045142404 0.163344831139587 0.0657233164230113 0.212184995641979 0.222268907049857
0.0810595275807586 0.186983250160887 0.151140902295107 0.21965242544387 0.00504296251513853 0.146867127064302 0.209253804939936
0.298275782691601 0.123315056680279 0.0623686859961094 0.126393023784693 0.1812330534923 0.141559690622193 0.0668547067328243
0.0697633124697671 0.149790909028431 0.135894409949697 0.327336692115509 0.0176825400552654 0.202327005118717 0.0972051312626141
0.218571933718381 0.0314961978095996 0.135491823124596 0.448366733672831 0.102257580360108 0.0313869256010643 0.0324288057134211
0.21802627953129 0.0457432631141281 0.0640130444466229 0.141085755995218 0.365185376005151 0.0696257781850244 0.0963205027225662
0.0573311516743191 0.18438891258574 0.165869632515935 0.132196133597689 0.148726033696962 0.159210592263244 0.152277543666111
0.053383854306654 0.0504924656499641 0.133641131755675 0.235810708102934 0.296104956094681 0.166483664340182 0.0640832197499094
0.0391953474086433 0.0858143469174293 0.0449834216319949 0.172021428877484 0.202478814496436 0.131558321358003 0.32394831931001
0.115507378455806 0.114842432132774 0.108267822450082 0.112329585870127 0.214448846217565 0.330041590806177 0.00456234406746945
0.144214226785596 0.108172301551438 0.222035851951115 0.165403986515913 0.0591035449190426 0.160423745699652 0.140646342577245
0.259595483779626 0.0350010429184224 0.0958391644737154 0.0859356046988591 0.206535140681691 0.181406545123266 0.135687018324421
0.0199736512841442 0.267578870391077 0.188757716174195 0.235130341006247 0.0498254376552974 0.233523562363683 0.00521042112535604
0.107118217869273 0.00710017765113371 0.0529872418242454 0.124130167757063 0.255270213007928 0.266677740881979 0.186716241008379
0.163457788492032 0.149162667526835 0.235597583844677 0.0125951756537666 0.193070701803866 0.190581492347366 0.0555345903314576
0.143299200712069 0.118679197464605 0.160681773317955 0.249897094832522 0.00324815132593399 0.140279872661839 0.183914709685076
0.199038158056176 0.0327375945916802 0.184492556861766 0.201337697844403 0.00600987922171418 0.167937903781326 0.208446209642935
0.102452284026791 0.119030379545444 0.0284172379140994 0.288688034651301 0.0791685667336208 0.0359658236218806 0.346277673506863
0.221725718398063 0.0953111239211462 0.220188767632688 0.0714654317414736 0.00794612399890217 0.154143940883776 0.229218893423952
0.185195105648259 0.154742598206601 0.1651336665556 0.218090207939087 0.0349889630680514 0.141199771936729 0.100649686645673
0.0647013264505084 0.266353233371309 0.264171531697728 0.0607684953661062 0.135019548725503 0.174287933320856 0.0346979310679892
0.0363543472961166 0.268192168152785 0.0182851857510174 0.291785626323579 0.231726661579742 0.0365131877464325 0.117142823150327
0.130460780676546 0.139122921933933 0.136782947969259 0.103686679161958 0.189092844295446 0.129215498465592 0.171638327497266
0.0367222584232781 0.149177375809178 0.104217920337395 0.10605096214058 0.295436295950529 0.103556323192526 0.204838864146514
0.150779966646289 0.164729705902264 0.183481066149815 0.163939044680627 0.0813098909083596 0.149967860433908 0.105792465278737
0.226382478377665 0.0565995216498716 0.00898246868005664 0.211334179152571 0.177340307851341 0.167808780364111 0.151552263924383
0.0516604890311344 0.00443655223645763 0.0788970428773169 0.226990401450729 0.121440463437552 0.298872294267526 0.217702756699284
0.0434189720766525 0.0528171301050083 0.0217183930611059 0.335628547537473 0.0706700706234262 0.0933853243165922 0.382361562279742
0.150167977242416 0.167215199773595 0.149035376183653 0.184352760069637 0.152315283802575 0.0553971353401355 0.141516267587988
0.0148289325600318 0.129438569175116 0.160990003798281 0.0686943977452502 0.11978917282659 0.231378522341402 0.274880401553328
0.0499431328347036 0.0544082608044265 0.233704299715003 0.202393271395166 0.0616672394095336 0.198488368996209 0.199395426844958
0.0284190100043046 0.167910946251804 0.225947371514353 0.133950937740529 0.150755670874841 0.140506841783565 0.152509221830603
0.267370550855623 0.0119351790877668 0.22657889746793 0.192236500277433 0.198377155085326 0.0622319915602398 0.0412697256656815
0.30250880911652 0.0280356744184056 0.0846749717825359 0.0497173001028304 0.265464505565333 0.0531078054949495 0.216490933519426
0.168317973781328 0.166966395499795 0.0746971943477433 0.0670896978758008 0.272813185104149 0.119685479909413 0.13043007348177
0.189404006056035 0.173241149139906 0.0778750963407632 0.139366124389403 0.114112862728892 0.112907237711611 0.19309352363339
0.170881747675719 0.224786271156578 0.0755418664133213 0.229607895456619 0.207058827709641 0.00744967507581118 0.08467371651231
0.234849189698007 0.000133605815013959 0.0410679425659477 0.204212806527756 0.179103326154804 0.148105723057258 0.192527406181214
0.0807736005771529 0.194631422702014 0.100747034224665 0.200239685608094 0.197974235896076 0.102824694708243 0.122809326283756
0.194745953788243 0.180846401376618 0.163210584666779 0.0960243849851834 0.145383747942368 0.0764626724555133 0.143326254785294
0.129251295525924 0.200656712144567 0.257238650319362 0.0078013072338618 0.0470904745922195 0.153503477104304 0.204458083079761
0.158327145937431 0.159837250353674 0.0648112010407314 0.217609312565547 0.138420059991725 0.18759230020696 0.073402729903932
