0.0787404667165489 0.1399644258769 0.17381349895897 0.0945570052162725 0.138433871252706 0.0134275216794176 0.0283233063972095 0.141783040239369 0.114114329942845 0.0768425337197609
0.167293437806 0.17302536302346 0.0703079158243294 0.073380576507761 0.120715247185334 0.0188282516175297 0.0210133424934774 0.148602804210664 0.0444903773800761 0.162342683951369
0.0760809759382453 0.194292341558864 0.0550474570372355 0.187894075421125 0.0183255591404308 0.0631461210038509 0.0122909866158963 0.051054543758523 0.106807299144292 0.235060640381537
0.0802187178371187 0.117383371023261 0.166327537424634 0.188920059726389 0.0566978572234606 0.0522381501740009 0.067567339261161 0.0870270363303333 0.0710608638287602 0.112559067170882
0.111113664519667 0.146538978464453 0.0234301572158869 0.0564250004531525 0.113535070563109 0.12843422175383 0.175972270156141 0.125399726308794 0.0518162213133669 0.0673346892515981
0.0307526206028618 0.0679847786949974 0.111364468636549 0.130293712568363 0.145588307921214 0.0558727788988222 0.0442836210455859 0.14128603714289 0.0892973720885455 0.183276302400171
0.115584254879356 0.0157466565665661 0.0787129665893864 0.106049453665178 0.0274443505736142 0.226585857809192 0.0746310950836175 0.102264130566195 0.10861507933931 0.144366154927585
0.101064030299509 0.0550031174463369 0.219127841965473 0.0930299782933957 0.0270966303136415 0.0271371895844673 0.164723402415385 0.127616403991817 0.0574566566415885 0.127744749048387
0.275131261177174 0.00730176969841392 0.195824187616162 0.0884331783263805 0.0361452259848078 0.00191116727091338 0.0830585448610641 0.00674825147694449 0.253804187449016 0.0516422261391233
0.214118096399934 0.0103258812714337 0.136366009058146 0.148399679345682 0.0970771820994675 0.0416572677560691 0.0505860272544299 0.0678798561168597 0.0775978103573759 0.155992190340602
0.181731015857746 0.0132831062665074 0.0302297087828556 0.116525577079355 0.193708604892293 0.159498769544856 0.0663030647743543 0.165527236122841 0.0233357317965154 0.0498571848826756
0.135319691499043 0.098412573526129 0.100579932391561 0.0232132455710756 0.182559852032107 0.24777436594824 0.0954717739823835 0.0724204171155746 0.0106358254927505 0.0336123224411361
0.146458350278232 0.0523257815976397 0.143115154696602 0.159780367453283 0.134724264971309 0.13519173131849 0.010278441280218 0.114765880905362 0.029607402672975 0.0737526248258901
0.0224111793534551 0.180884255943505 0.121941457143689 0.140060468084596 0.171249086120648 0.0321369050472863 0.00110994192155052 0.110767111710674 0.011591748151107 0.207847846523489
0.110438436809395 0.124278106173816 0.127707810606114 0.0657519107279262 0.128485094580443 0.067105539464591 0.054992895324004 0.0387041433910951 0.171830637678793 0.110705425243824
0.0542444086036887 0.154574537560431 0.137523504814449 0.0180007922238911 0.149012261062556 0.112282235656845 0.0471439633026866 0.0525779351855081 0.130695526229387 0.143944835360557
0.086651676222556 0.0566358388820856 0.150002534949319 0.139375230140842 0.087806521395508 0.112412659769976 0.0640017587499045 0.100010777826221 0.0739166920046275 0.129186310058961
0.162815017228201 0.123943697773691 0.164673567500499 0.0420992387034112 0.0743824462728582 0.0596510419890927 0.132068361988075 0.121530770795797 0.0347382402333113 0.084097617515063
0.0986844809818915 0.0691976876236421 0.216811796966349 0.114997540292424 0.0912268607581323 0.0615030586672084 0.130327687991311 0.192932539782957 0.0129554051337771 0.0113629418023086
0.0740472432483227 0.107905298641382 0.128790470620103 0.157072440834683 0.128172419895492 0.199936126593809 0.0552000442251528 0.0291199300864991 0.119255240375313 0.000500785479241744
0.164037722360207 0.0518476394662854 0.00581825715337685 0.20863372408328 0.108696882508221 0.00200323956676745 0.208887400227865 0.0743922990819652 0.0301765481253497 0.145506287426682
0.15184717293334 0.0776754367433898 0.148245507914284 0.189036283794837 0.0771241207406174 0.0301704354637226 0.0715086299371015 0.0277419915858391 0.0930937312936284 0.133556689593241
0.0143946511570898 0.123922027676209 0.00665866474375632 0.0833270058089693 0.167888562367063 0.176260217721404 0.00128242104923287 0.114806924215671 0.194712428680335 0.116747096580268
0.114363582422916 0.126535225661112 0.043497463782747 0.105181098605508 0.0893137286497257 0.0884729606995871 0.132205910855834 0.073354913143403 0.109807045992172 0.117268070186996
0.151338123215604 0.166219690819852 0.0345868451691428 0.0465133742328357 0.174668945239387 0.0593800068580285 0.0755322223723043 0.000139570985544272 0.237262247888435 0.0543589732188663
0.092092637709411 0.094703618277045 0.226798453576477 0.0149801282140061 0.00305231975093573 0.141794073991142 0.0100792267052991 0.186400913017494 0.0800029067183886 0.150095722039801
0.0170494737470872 0.0130639445738445 0.150702027835551 0.0205200479153266 0.178826194923643 0.0374282536759943 0.186413954062294 0.166187830371827 0.046594588726764 0.183213684167669
0.0430732379026113 0.169867845741005 0.0204793702735677 0.0771409511679446 0.120201052846843 0.0731954960000735 0.177663510082465 0.132216030998241 0.1371920410423 0.04897046394495
0.134515463782739 0.107297906701751 0.146564662671776 0.015737277356345 0.137193506438157 0.0911105477292282 0.138411928679391 0.07383316933466 0.0893110752361965 0.0660244620697556
0.0351046447763497 0.0133742981752777 0.0233396811689511 0.152578243850765 0.108542377244926 0.169013459613627 0.0801895229688845 0.168586595566298 0.108427696273215 0.140843480361706
0.0123857720177238 0.0958859960277922 0.144247828514265 0.0382345454922919 0.110567859433958 0.201948717267338 0.105721844490225 0.0616698306829764 0.0523392630511738 0.176998343022256
0.183895121132089 0.0200112739205043 0.204294345936708 0.0846263925310361 0.104265413083528 0.0612055968620746 0.0472531543430316 0.0833544149659408 0.0852035428811106 0.125890744343977
0.0787321786391675 0.0295892330330115 0.0768403119488187 0.0405901199538552 0.173275977207374 0.125406835592979 0.0909469492132784 0.103254007237898 0.18418607804725 0.0971783091263679
0.124454409282954 0.0619095253830859 0.0318286800633031 0.142667041166524 0.0163455563913515 0.165059694042921 0.179764574766528 0.0929459256570347 0.109281199998465 0.0757433932478323
0.101276907788089 0.0222518730770605 0.0984811724021391 0.0418627570010833 0.023720217917564 0.256060576741349 0.175962042165394 0.083437962255306 0.133441222858369 0.0635052677936476
0.0314763625545505 0.0366289375744066 0.139448929641589 0.120133054621336 0.176981771109647 0.0637551093697006 0.194420715555872 0.0794969764275852 0.0391062528458235 0.118551890299489
0.0185057658009368 0.151597984592394 0.0607737322267534 0.178652428751047 0.0995465833355672 0.014097661120277 0.100840134423057 0.09958371483586 0.10010630600563 0.176295688908477
0.0996430630858213 0.113793781438627 0.159746211474441 0.0757674227596392 0.0566750299040227 0.16389240426096 0.156676380579911 0.0634997651793044 0.0172513701796641 0.0930545711376091
0.0199204048972932 0.185616586183628 0.124321826915114 0.137397567502195 0.0135723063753924 0.0543592995599397 0.114343267779399 0.117445354083059 0.174705245006174 0.0583181416978065
0.156436392756638 0.0504389737401207 0.130146325338376 0.059276947428369 0.160014602733501 0.111325600286755 0.170721717573898 0.028839133760578 0.0512829624416186 0.0815173439401449
0.0298321745452452 0.131911460206476 0.14548403246622 0.00208568373327766 0.0350726432302773 0.177112273618849 0.141060827407773 0.152077449403603 0.112886400869337 0.0724770545189412
0.0161620870983205 0.109716307885868 0.168945640670634 0.142885414311067 0.00514678493825561 0.16554362431932 0.0407748581654107 0.0995120984057377 0.163978276819353 0.0873349073860333
0.0645782674550913 0.167979389430381 0.0576105120271508 0.135093016356062 0.0915618208180152 0.125489842385503 0.128330020276783 0.0263393051046775 0.177563222819297 0.0254546033270394
0.133891865260012 0.117149006244779 0.0651198329179337 0.123207121270237 0.073703392483739 0.171090582754826 0.159859438993968 0.0463285929836805 0.0171213050333985 0.0925288620574265
0.242169747760369 0.134901923801703 0.17616940733338 0.0145707933837693 0.00992036003558514 0.128688441521244 0.0386738425955814 0.0662808212763346 0.121281926577017 0.0673427357150155
0.0532518686053595 0.0875795325312418 0.0810332519239287 0.133897341309619 0.145809559135025 0.149097036087676 0.0943106607631905 0.00804433052012977 0.121359325481456 0.125617093642374
0.0554650170278169 0.142294749323886 0.190850110922128 0.107172132741696 0.0140942338326202 0.0578651807620523 0.024674747745959 0.181112110095962 0.0766657068611839 0.149806010686695
0.0700174683945678 0.0997655827910005 0.174328477746609 0.157264415443857 0.134101760170116 0.0826905601134504 0.101834838470547 0.0737626606535769 0.034867997303152 0.0713662389131232
0.0836520528981525 0.148500656052295 0.0344924540959365 0.199578334294968 0.136997908032642 0.143602620597928 0.0768229185824235 0.146266047967071 0.0282103238458903 0.00187668363269323
0.0898674576397198 0.16036647663699 0.0317153139753126 0.0501665519421269 0.10704204111064 0.0620402127359488 0.143037815600217 0.171604311037613 0.00730632170190575 0.176853497619526
0.078785681837681 0.0784991829373386 0.118232643827947 0.0391056344573809 0.0195219167224612 0.193755922843411 0.158992697664621 0.0854550888022789 0.0471794044323606 0.18047182647452
0.113790106918562 0.152770943803823 0.194255748286642 0.21216059194879 0.0265269004966173 0.0926611336981442 0.102666464407672 0.0681577106057688 0.00722568875028232 0.0297847110836978
0.0948098197382205 0.196606388625182 0.132469341713549 0.0945224924429819 0.0789444248221032 0.0570351545487031 0.235308487988912 0.0094972246526762 0.0725376143620473 0.0282690511056254
0.126130368305409 0.143430807404344 0.119510335125406 0.0458289802495525 0.044864649907401 0.139727248783362 0.0428849969804546 0.162678581197676 0.085557308815623 0.0893867232307718
0.0229152107014877 0.014799659219802 0.0379286063603183 0.0197013226160968 0.161360091737079 0.183223448338899 0.0568912638176417 0.219127535998715 0.061691516774145 0.222361344435816
0.135489605971857 0.0994628514561865 0.102878978991096 0.184008684596954 0.0169072403060566 0.0644859666391349 0.128564420569943 0.110511049503979 0.14824990292863 0.009441299036161
0.0532875247734773 0.0311396138596114 0.110003472942233 0.145734950462964 0.161276047890087 0.0193939089374051 0.0986479213473764 0.138859855227406 0.0959368629892352 0.145719841570205
0.0446638295680434 0.098892973517966 0.0501883271204686 0.0868536403522821 0.184700126639924 0.0586773082651626 0.090903857493437 0.16557736464348 0.137262831167801 0.0822797412314352
0.0885074073981501 0.18207229998509 0.145822747067882 0.0681666771575482 0.0429301513293546 0.0158519729555722 0.165367797194276 0.104114827979548 0.100987939094305 0.0861781798382723
0.187990158754804 0.181427372115622 0.0965823929853243 0.0921417288613628 0.0936805061759413 0.0147560004595912 0.0117678826103748 0.0834384794692379 0.0365915342981275 0.201623944269614
0.0279994193461109 0.189504908970672 0.0398436128367312 0.155717144177263 0.0844018822011579 0.13299544382973 0.086915681623232 0.00113261123118533 0.117813462286343 0.163675833497574
0.160200744068481 0.0758433526881919 0.0551946715131969 0.0107370262409697 0.133094860489815 0.119002138714507 0.0505969149589813 0.130217331173744 0.111840430249915 0.153272529902198
0.109373730703296 0.0115277832775154 0.160617742117132 0.133493356149631 0.150311599908097 0.0925225450902574 0.0804818863579366 0.0946711665521384 0.0822421037228995 0.0847580861210966
0.143215510188579 0.0889606596803671 0.0981330122785866 0.210340462385336 0.193890430634791 0.138473334414202 0.0558358917579945 0.00294649113419038 0.0442539217456162 0.0239502857803371
0.101168710878348 0.138879726216209 0.0591590284541819 0.121270353055085 0.0060800231505616 0.168507731190285 0.0949913761852972 0.153107527248496 0.099851591338452 0.0569839322830849
0.111110627797634 0.0848715663150265 0.0757798873439856 0.160694245199229 0.12846394389574 0.120114448881043 0.112146313193346 0.0927879150233513 0.0504501977132917 0.0635808546373528
0.213610105315094 0.198438997162395 0.135800325740496 0.000200700665928481 0.0271973583224939 0.0301560268662814 0.118041847533453 0.0667494674745476 0.110932166298511 0.098873004620801
0.19403290555534 0.0495150062842806 0.0427999048564199 0.131513045825457 0.0111987547158293 0.176281278450882 0.168098128942972 0.150821339700789 0.0118797106247358 0.0638599250432951
0.0785790024176115 0.145908883822071 0.149220573119941 0.0575400946591394 0.124894846064503 0.0827541755429703 0.0633538961109939 0.140184629479544 0.0611460164721842 0.0964178823110413
0.010191524044045 0.202714854258081 0.116977672231274 0.0237300540835414 0.181717081433122 0.0433154830118181 0.0127383895153145 0.144832074293435 0.110989530007013 0.152793337122357
0.169866659910232 0.0611329122084672 0.063701744910781 0.139885271400421 0.055553127332044 0.0312595027246336 0.0107014102438673 0.178193661796346 0.13238887446837 0.157316835004839
0.11837068072049 0.173012406123664 0.128185374835957 0.0333324637444277 0.0837416775121023 0.156592285504814 0.0887482012444281 0.10078172631162 0.108033440880628 0.00920174312187031
0.188698213197984 0.165004870524006 0.0428506184755861 0.10827350808716 0.136011919870232 0.128307060011487 0.0171609739697782 0.0197697383135738 0.0440336131290989 0.149889484421093
0.100951533639257 0.172054655279714 0.0242857428586246 0.0574689348762935 0.0839276449958443 0.159877583505654 0.049361388460061 0.0376462432684673 0.160737575380654 0.15368869773543
0.0613773527768077 0.104351181533716 0.0433732030164757 0.148667455788097 0.0685288943080634 0.0385000551917379 0.103146813032808 0.140388875181438 0.147335383835378 0.144330785335477
0.124274231828296 0.0521860065165389 0.0929057448974998 0.105819605357074 0.0843473979155304 0.03919641107238 0.157447961800713 0.159410419180331 0.0600231698730755 0.124389051558562
0.133719975029733 0.115612411673121 0.0844983850867604 0.187085561126286 0.165600454710086 0.0232330715076527 0.0811866492967811 0.0463496093609726 0.146611456593376 0.0161024256152307
0.0374288598150428 0.109602970709194 0.0645357578068711 0.0624460676220906 0.128634286889862 0.160328308458744 0.132439666903865 0.105602422559294 0.0834166598955091 0.115564999339528
0.109448116096954 0.0403199601553458 0.111301668867493 0.13860950146555 0.11861020051664 0.164215019039363 0.0213431844022196 0.0275108463507676 0.180488668972854 0.088152834132815
0.0516864690204043 0.0759540490384585 0.0717806051885526 0.16924113988241 0.152872736327629 0.147469562255807 0.105303367662791 0.130480022629061 0.0869815544503155 0.0082304935445701
0.000317686783827927 0.214877855309424 0.073076573184058 0.223879392119691 0.133592499544217 0.0321593310953148 0.187130270247531 0.022264399508213 0.0745069908828565 0.0381950013248671
0.11557577137422 0.118909044628941 0.187451863012142 0.0469987466854656 0.0912951886092774 0.0383383777524364 0.0992105980591034 0.0361136803365028 0.0128496618402667 0.253257067701645
0.041085022246754 0.0314410318593418 0.090612355723411 0.0137390625742426 0.08971069848193 0.00816167967513752 0.196167821018357 0.136495993884788 0.142094444454045 0.250491890081993
0.108201132088746 0.118378103235881 0.0849265726713578 0.12772280760446 0.10642060902094 0.158172036661271 0.116692533943396 0.0656027352141789 0.0769023102693117 0.0369811592904579
0.149029030891342 0.120581596488826 0.0509827573282474 0.0076923083896515 0.2049233936023 0.0169169131868422 0.023396610568808 0.0770768034307026 0.0647019724147889 0.284698613698491
0.141693515074196 0.109903069313418 0.12362992200485 0.0827183848786863 0.0385276475305159 0.110946073702424 0.108385026007252 0.126091231847036 0.10547741958639 0.0526277100552321
0.105493203304577 0.0977010236982804 0.210008132639655 0.136356654385334 0.211856870323326 0.0973809721403801 0.0119042434859519 0.0135533690439577 0.0711669948600959 0.0445785361184412
0.0766260611475809 0.144757882928737 0.127376816563755 0.128214506836349 0.0406396652826989 0.0663556980135571 0.0916827177699058 0.0414175874723061 0.199719621215152 0.0832094427699575
0.1434976804187 0.139906257692793 0.00942151838741865 0.0991352595590237 0.134664766376806 0.135369327829351 0.0275967206136722 0.0210043023371293 0.148168463916429 0.141235702868676
0.147240816215435 0.116325580321782 0.00173698082676202 0.111426738755474 0.138885498659032 0.0713131175733429 0.0610814727933308 0.168590848843406 0.0858859325484092 0.0975130134630261
0.147215361027026 0.124888144302638 0.10003276446057 0.121225226962455 0.177259570350918 0.0302561036975117 0.0659896966040459 0.0294608584600871 0.0988361992922252 0.104836074842523
0.0369033120041776 0.0744864043382009 0.0354550772851906 0.0541906462704937 0.273057767621097 0.00124998733759956 0.348088104814107 0.111577754547317 0.0167152803563384 0.0482756654254779
0.162716733450764 0.00501199513612471 0.153469659694418 0.0695289434280409 0.00784816599367817 0.174095403105226 0.108121505037709 0.0884758674672919 0.0665268197880567 0.16420490689869
0.0690239554898633 0.105071263211102 0.000889033941258652 0.112831390384063 0.131265120458367 0.10469225334293 0.129903640332189 0.0981325493468787 0.168141386143496 0.0800494073498525
0.119479658497593 0.0269584979087901 0.120891932533991 0.0907806302880955 0.051169025791088 0.0874718332755985 0.125337946956012 0.151410099756421 0.154406053576427 0.0720943214159843
0.116860232742018 0.020346623482552 0.138264118698381 0.0495342355128959 0.0373082644386257 0.0430793377116033 0.413884085430699 0.00524618390543649 0.0887593968098588 0.0867175212679284
0.1366107907754 0.216316660547672 0.036292521994456 0.175994234193006 0.0679795593271995 0.105256628982079 0.0238346261888523 0.0761349767906472 0.0865376457612722 0.0750423554394153
0.116546923030017 0.0431983032378839 0.0565470732659386 0.148533472899037 0.153999715638104 0.0498218715683242 0.0542644767822271 0.117371442696281 0.137517545790049 0.122199175092139
0.0895708302047289 0.126703732274706 0.112817711060794 0.114401615210105 0.0475811917550756 0.109991888071868 0.116092635478061 0.120717316901925 0.0874034325606493 0.0747196464820864
0.084467737739021 0.199304220117652 0.0500293906040187 0.153994489721006 0.0747384997681037 0.177102909462518 0.106622015788458 0.053128618150661 0.0319265652671846 0.0686855533813761
0.0248245721886961 0.110041766413213 0.121363066400378 0.0881686142569581 0.0633981686783783 0.142635009405754 0.135701617343322 0.149577553538186 0.0282947362259294 0.135994895549185
0.119092616097957 0.0510836500475757 0.0528990206246996 0.0697222854872435 0.153751744616474 0.0944667609697 0.206104644704118 0.060329502660416 0.0864782667803978 0.106071508011418
0.0235116389529816 0.153750209022648 0.0373354678923816 0.0856289421620494 0.065034553554453 0.156190883783004 0.0821983137439385 0.156071988984393 0.102577904616722 0.13770009728743
0.08038491894514 0.0672575724196764 0.124766750107625 0.124491240893108 0.196757314409761 0.0748530004524362 0.00832995584999537 0.0235830837292529 0.119667102024909 0.179909061168096
0.168203611154184 0.074650139209585 0.040612997157351 0.00483303816367479 0.142782559274867 0.10619927883323 0.201886396939943 0.0832398754462669 0.0264483179442836 0.151143785876616
0.0660587537402007 0.0150604005683667 0.151425348330193 0.0154700388825821 0.259835967425107 0.0524493819059736 0.167183019464361 0.159443466959875 0.0220887485590914 0.0909848741642506
0.115895257035944 0.0976802295453012 0.0973266259719281 0.0365129813854995 0.156710194966031 0.0733847439023925 0.19537776240999 0.0469687682446569 0.0630164496268605 0.117126986911398
0.029443603863974 0.04959704149095 0.0683932106748029 0.09039891914727 0.139891695921619 0.157772788279863 0.0982148558335573 0.00304245130030497 0.18093321598788 0.182312217499779
0.0308782533466577 0.0525609235172354 0.195471432407144 0.181136598950989 0.106044775494533 0.0445808347780643 0.160378750126411 0.0283902675740227 0.0708041878122775 0.129753975992665
0.134765079723835 0.0866270221344312 0.120079929159445 0.0458492236621195 0.00603414181817818 0.144242282298376 0.094897489204415 0.122079504529978 0.107539969307328 0.137885358161893
0.103361687151551 0.137324035585944 0.112166323002557 0.0593114200540392 0.16758120046111 0.0821537896584054 0.102566483043128 0.0564806377356013 0.0319525401035253 0.14710188320414
0.148288547769215 0.0814901906667968 0.157146849755151 0.0793503547285356 0.0239830788870885 0.0957029828850193 0.152918237333364 0.0214931633331693 0.115726808964798 0.123899785676862
0.252052175144162 0.129872088636491 0.0564982881269688 0.0741945588646738 0.172132239488286 0.0669328072594551 0.0589171149549905 0.0887926417978866 0.00247726247573277 0.098130823251354
0.0740374830449608 0.0755367327289741 0.145427637436942 0.0731915724251215 0.11047843838612 0.186965865882914 0.0751671484689153 0.161971007015334 0.0336007068359559 0.0636234077747619
0.0910996344984119 0.0587610268126609 0.130272613773347 0.13584336865095 0.154492149610045 0.030350037578012 0.105229103679949 0.10843865027533 0.134069364553255 0.0514440505680399
0.115614682462463 0.100733980707059 0.0508953663797062 0.148558934565188 0.0932837469136204 0.131046757474128 0.100980774090999 0.0851926454466923 0.03844436184624 0.135248750113905
0.140253646511636 0.0647029949351657 0.054347886143876 0.122873357192953 0.0386836834878655 0.205914656722136 0.130445709775151 0.0504278850035904 0.138174768661481 0.0541754115661463
0.17884726446576 0.0402954509000005 0.0958894928547295 0.0430113936124378 0.179701716271828 0.141478053720365 0.0875729776861691 0.0148441147650932 0.0787878170292001 0.139571718694417
0.0968302741272127 0.207178781562476 0.0213694991301061 0.151200441334495 0.0702602306767756 0.112279559473118 0.120732306285116 0.00536736351920664 0.101763577938924 0.11301796595257
0.0964476418536289 0.0735439915476071 0.100132412158397 0.128167605878189 0.156609110536319 0.100055403104441 0.0936042904024541 0.0133319720356093 0.104672084911589 0.133435487571765
0.0698861244562654 0.112707264031101 0.168399876403771 0.00381735118417886 0.0371612912473648 0.194312557569437 0.0363354418057821 0.179503932378914 0.118439940500591 0.079436220422595
0.0121716371641046 0.140275565250751 0.0954444330891027 0.184492317154137 0.108734280946848 0.0477894085414431 0.118133195924701 0.0397310414888694 0.11459233683968 0.138635783600364
0.0189870135114193 0.0366830838935064 0.0897746086261351 0.134794218992902 0.0330658645061178 0.164481887558 0.106957326672498 0.151338916307458 0.104566662830716 0.159350417101247
0.0689336596413338 0.104525638791842 0.114044224198305 0.0885650214109011 0.142560102122176 0.081923739962487 0.135346681786347 0.0443662615463013 0.0901215403514548 0.129613130188851
0.0857782396536517 0.12945472910915 0.137665149978163 0.0605332778098452 0.116795550850392 0.00647787618768779 0.142973807742956 0.126974826358443 0.116935783229898 0.0764107590798137
0.0873791562623129 0.117335507809672 0.0637017936273056 0.0635538579803423 0.131995990776412 0.169019000529226 0.193289849247409 0.103993584877256 0.0662460075147597 0.00348525137530449
0.101393477522743 0.0893761278711128 0.014358656338695 0.150680942026532 0.189324700222631 0.0631611679299591 0.109935438777377 0.0896162582368425 0.0815617464763098 0.110591484597797
0.185065137220537 0.0810568851204244 0.0808405243755645 0.132316246185728 0.116716041913379 0.0419895057799285 0.118712735775451 0.00415956092162143 0.123657414552766 0.1154859481546
0.0669610151213061 0.072349274844797 0.132947475792171 0.0486246727149153 0.227565431530384 0.0850040026411665 0.0225092148386906 0.0374084911535744 0.167371295283678 0.139259126079317
0.00122309879536413 0.0181173778992672 0.014560224932898 0.153700264974981 0.188822366418938 0.162092958096468 0.178782909549637 0.0568266906586712 0.0297990429857749 0.196075065688001
0.195218724197845 0.0405759506209166 0.129422427429606 0.0969320537790242 0.0358004008706302 0.0933705109843257 0.0139571184114881 0.152777960929879 0.0527406807410786 0.189204172035207
0.0485503707107867 0.154920485639675 0.0844732762877261 0.0471034122680336 0.129438557558013 0.138699530835839 0.0348721729028733 0.084126721078751 0.165027480908909 0.112787991809393
0.0406736091430679 0.0996382957603443 0.1365043673108 0.166120102368872 0.0257684022373312 0.1425590584225 0.0413764905808402 0.06509936226878 0.0992571669451546 0.183003144962309
0.100833470859334 0.0911731326472087 0.0415640537083853 0.0285652929698323 0.100650106579708 0.137214830978686 0.101434005421965 0.0837443794245917 0.147368723869495 0.167452003540794
0.0527222625819604 0.119761343954119 0.102391425281445 0.200610540462349 0.0348870258019948 0.184558697501367 0.0923348213727415 0.117382489776503 0.00450153277197599 0.0908498604955441
0.113648264692474 0.1003789067386 0.140731815147791 0.0472871298003537 0.152684541626838 0.114503860984473 0.08988101430196 0.088470394321762 0.0911302052472558 0.0612838671384927
0.0284281679424507 0.179141125016793 0.0418970724156793 0.0685685946096709 0.0632324193649303 0.126652368984188 0.208320626152023 0.0561484029626064 0.0897543464443901 0.137856876107269
0.120828403694898 0.112833952536239 0.115786358215849 0.0783828183479657 0.0924949311514866 0.140724227777903 0.176766674548378 0.0479415376242406 0.00601630602412056 0.108224790078919
0.204610183834229 0.0419206672499303 0.02981209764596 0.104864147599188 0.0342294959854189 0.159975965966496 0.201662844448704 0.0291478456277892 0.0355987856467356 0.158177965995549
0.165646371005816 0.175464745716927 0.174585637502613 0.0337474465252037 0.0188551678102844 0.0756060696897206 0.0624017269399973 0.14160786659033 0.119496431815141 0.0325885364039666
0.0947580125752385 0.0136666726453291 0.0972118899209914 0.181093816849174 0.0182212238835355 0.0946686301151147 0.164297613303444 0.0863455032466269 0.0694227527459207 0.180313884714626
0.0698633604435563 0.17194468558995 0.112400799386301 0.0574302592450219 0.00815075945583464 0.112150234595608 0.0637955391378609 0.149595945057071 0.184993571031082 0.0696748460577156
0.134741440027971 0.0533278223407104 0.18890218572073 0.0620285166243495 0.0199745503239559 0.0815040595363333 0.0660050213104747 0.00426124659368672 0.198699281454151 0.190555876067639
0.172942987603703 0.0315304974055366 0.166070004035827 0.0437220136789703 0.157846844498117 0.196731849118256 0.0572302347245251 0.0794485292898822 0.00181801549194832 0.0926590241532346
0.143789872136963 0.103523635993782 0.0894914342646255 0.118051543385873 0.131058777191107 0.0303234923424226 0.0514282744783518 0.0845345669160556 0.155313722057214 0.0924846812336055
0.0606178373022951 0.142559600287748 0.08731893619905 0.154156663450422 0.123934033439637 0.14907837686394 0.135441418329482 0.0284634641440155 0.111636535049422 0.00679313493398809
0.194401058638538 0.20957277108291 0.0275152520657582 0.217451462590308 0.0242012421951682 0.0650451191406541 0.0101025080205377 0.116351295113633 0.122523194501211 0.0128360966512809
0.0791827128562841 0.0460003938174371 0.0951091400991075 0.176174433251236 0.156687102321025 0.0579688468515356 0.16984259183006 0.146365271061553 0.0600184354893329 0.0126510724224283
0.053110119497653 0.219002623603402 0.11789910492997 0.109527069354698 0.0771646034208248 0.112303537179493 0.0219098124206608 0.0340135709477143 0.0637001899899802 0.191369368655604
0.00482916211135996 0.0245019545927967 0.112586313273616 0.1477020946932 0.0564963353049925 0.157534364421559 0.15606721616203 0.130622085373238 0.121070778804928 0.08858969526228
0.136935394614773 0.100756165885284 0.0334827876090647 0.112578034856452 0.0960167263219043 0.0496811392460739 0.100307660495722 0.159499909050081 0.155412028258739 0.0553301536619067
0.0652077465699145 0.0650296738811387 0.0694049703258828 0.0427795754396491 0.115896755279027 0.110876676127911 0.0207642378970228 0.216182033360851 0.219246565776612 0.0746117653419907
0.174131909549777 0.206968348527191 0.0955551439593361 0.128702893075468 0.131372965180444 0.107856042177282 0.0638672818603817 0.00975472205509093 0.0303198935328816 0.0514708000821487
0.09961662129572 0.11230739951028 0.0408297526507904 0.118602212555915 0.141680455389293 0.106636908189406 0.0615884074884376 0.0550595240725336 0.153234866312929 0.110443852534694
0.011723576478915 0.0827085485787308 0.0468362286096023 0.109769256205307 0.142203962337063 0.186838698349067 0.139741595045203 0.0724942488211981 0.154777843946299 0.0529060416286136
0.134631417299862 0.029795899774648 0.0980984993414806 0.103211875634618 0.083622897232003 0.0375073987766821 0.154142561485875 0.0218694764692506 0.224604470331115 0.112515503654466
0.0501488305898017 0.0641185174473566 0.0673863908931023 0.0509565453876872 0.282956458082134 0.00254290441842306 0.189262935508087 0.0774434982038005 0.184536452541532 0.0306474669280757
0.0936764375416575 0.177573114940845 0.196564535339768 0.00590306704616216 0.0522294353192813 0.165603153026423 0.164457520948038 0.0351661139727056 0.0813172887947315 0.0275093330703876
0.153299832973329 0.0492794897690009 0.0495870040941875 0.0240569899938868 0.0436228223055021 0.0539194372794365 0.120962462792851 0.142698359142819 0.169678545067461 0.192895056581526
0.154703362705039 0.170858747619648 0.00498884539938595 0.118972108617897 0.0917645894774352 0.0430986828742228 0.0598062751442034 0.208030338141767 0.0819847263710632 0.0657923236493371
0.113989124333754 0.125539339083725 0.150837901347614 0.0371338063298307 0.00487004142915967 0.172881901326971 0.136041038847706 0.167608614498731 0.0332999152994864 0.0577983175030224
0.14590525992501 0.0706272862914669 0.030998324939942 0.121948537273526 0.0490153280840937 0.126182599583001 0.0215571341971791 0.0559164496246766 0.237996328180295 0.13985275190081
0.0325583922790071 0.163788833517809 0.15786450458576 0.0519604855362592 0.117394871647317 0.159832092089394 0.0596229058991002 0.036986513219937 0.15326395343999 0.0667274477854261
0.0655783081105814 0.0819677872917244 0.0818944084758066 0.100119990069132 0.0841553228854483 0.102581391879769 0.145506689107998 0.137144912526929 0.0367498859455215 0.16430130370709
0.095138463948178 0.0985772761073745 0.0917101386101893 0.149472818799696 0.0929244350224138 0.00455893591122247 0.189667531814364 0.135167215372403 0.0557275287808925 0.0870556556332667
0.0645968199335276 0.149718698009553 0.000296400205356989 0.162199675696282 0.149622522220953 0.164522232044938 0.0349508979851078 0.0298545978977599 0.0841864989003072 0.160051657106214
0.067602213329366 0.0311824976270507 0.0831133472256774 0.142008626217702 0.130714871793561 0.0973519810489462 0.102048156315319 0.13382833574818 0.134894204770811 0.0772557659233867
0.0258154638973221 0.015572840850819 0.106101923523421 0.022212794178585 0.124831806845244 0.170881809481794 0.174254969577342 0.144375001049234 0.104121655864983 0.111831734731255
0.0393182312331496 0.00465063664123024 0.146622364979468 0.102509478565771 0.107150498360657 0.0735070036921238 0.14432198863129 0.158028348573321 0.0503822699345194 0.173509179388469
0.0398363256285009 0.197100148495605 0.155004784704436 0.0159163223517892 0.156373984634935 0.121097266458836 0.227046402834594 0.0223998793285532 0.0387846076474302 0.0264402779153203
0.0238000849316626 0.136398106316378 0.159471803521761 0.182756403169659 0.184126049083603 0.018325076506431 0.0469958528057391 0.126721770686421 0.0276974319860894 0.0937074209922568
0.0223771091776979 0.119208400706051 0.108646832789956 0.019070306726879 0.0708341135717884 0.0371605437631635 0.0806211081131595 0.154523022728072 0.216140682279779 0.171417880143455
0.124725739499118 0.0584205235898325 0.148173528627321 0.0330962652807904 0.121263692014747 0.124867673110591 0.101406832865433 0.0319072384314665 0.148009512446871 0.108128994133829
0.147066266526902 0.219477675392441 0.0466120017392328 0.0466210071939247 0.003600266861423 0.0120512899222057 0.0671104553018328 0.0392047186196862 0.222075334034328 0.196180984408024
0.0996571752883626 0.00364078936669385 0.0833078652335589 0.151634750881391 0.0533827898621751 0.0694151305429519 0.118451182205374 0.151428823745826 0.128698334485767 0.1403831583879
0.134122395571782 0.0838171119547612 0.0813873249010018 0.133380561941573 0.128913110115314 0.0278516031081485 0.123230508640549 0.0878087255700025 0.0520425671335118 0.147446091063356
0.154293523914776 0.070390390398043 0.160596165674067 0.0924629091652369 0.154513345484561 0.160623505899145 0.108395011372882 0.0253586976550176 0.0372561196689136 0.0361103307673567
0.198950548361868 0.0176135077219185 0.165445333048346 0.0774488584437959 0.0108298073332914 0.184187559095955 0.0860148310633221 0.101941993313525 0.122691085353454 0.0348764762645245
0.0549190629808404 0.157648276760287 0.0271190560623898 0.056471525219217 0.158153952434085 0.150805712911292 0.129842160048628 0.134875205065881 0.0377008883867977 0.0924641601305822
0.224035293407605 0.0402273522327682 0.117888823322149 0.0410809964700696 0.0232500293971593 0.133513510437145 0.000709403162832599 0.151394879068329 0.188641370579486 0.0792583419224563
0.0800511422625446 0.105544794044067 0.0451218692940128 0.0776669924852973 0.133213413197843 0.108688661531773 0.043262076389086 0.138523117328512 0.133237211757715 0.13469072170915
0.00384377297961222 0.114047488998004 0.0260186930525187 0.0426484698028271 0.110239878939802 0.0816201364839467 0.051029342986064 0.154951372311346 0.19991302806996 0.215687816375919
0.138015323966401 0.0782672442577488 0.0413983734292035 0.169346405649879 0.0519350154592518 0.170409957800424 0.0138351231319918 0.138808538652068 0.0788751624157813 0.119108855237251
0.0176019541495438 0.0451217526146903 0.128041888142163 0.0882686478297729 0.0581232071256521 0.173293121599218 0.160461557123088 0.0611467481352158 0.198640603263634 0.0693005200170211
0.0576981593866341 0.158233351865158 0.0839099107611183 0.0523023224786499 0.166599360392474 0.13395645328413 0.152199406329117 0.0745499011879322 0.00477194346334667 0.11577919085144
0.157594769079638 0.0442568096312052 0.0628788035066935 0.0450700805075757 0.159871154578061 0.182468368510426 0.0538712706664699 0.202864379789976 0.0740461555172687 0.0170782082126853
0.0836575114398581 0.149308841239077 0.159674714035249 0.16750022539137 0.143891043502984 0.00823592851753064 0.0500912480952317 0.0492231757518931 0.170130729609136 0.0182865824176704
0.148212831480658 0.0943915382030514 0.111061299725252 0.0495957347124765 0.0679712993659499 0.0771591536750227 0.124649709122695 0.0587517994022378 0.101481486042447 0.16672514827021
0.166022613311109 0.134410627456504 0.0499789468056345 0.162688172047919 0.0241263237362762 0.0598882991522643 0.0452182339802427 0.188809476172604 0.024818501644832 0.144038805692614
0.155169702085643 0.164350005203178 0.0775358634548204 0.0575999394121824 0.10136708775811 0.164251231574763 0.14294799961945 0.0703862001327717 0.0261547189985352 0.0402372517605466
0.166782914115962 0.152925942733617 0.0479371875506754 0.176609468410087 0.0773104160891946 0.0539986320261254 0.0653746184298284 0.117946088189025 0.0507614714088216 0.0903532610466632
0.112015710263659 0.128118559513948 0.0236262125561285 0.109380316517255 0.0537641258426178 0.112770725209684 0.143100084507615 0.107181897114888 0.0852625114408551 0.12477985703335
0.00180986313198793 0.129989137656572 0.12826475049865 0.14494955290705 0.00927669231698395 0.150963242240482 0.0841703948937482 0.18577449594126 0.00228544680489585 0.16251642360837
0.00267067770026147 0.160014903612776 0.0840874340357508 0.143405885262327 0.136385087465376 0.00963584715669528 0.0594327235603759 0.0828669399915699 0.161429767289262 0.160070733925606
0.0879863101053502 0.0718863496076107 0.101239385398936 0.0547629711134894 0.111055042675589 0.164410207430367 0.0446669009991139 0.0173553077722931 0.221377638957784 0.125259885939468
0.0538909279927365 0.166879323080194 0.0897030969216393 0.0971834415493692 0.121494029715343 0.0456484565667322 0.180449759324103 0.105852432385538 0.0819525681058991 0.0569459643584448
0.126722874468909 0.125008393493088 0.136196144722386 0.0555882430883463 0.00551344486680341 0.0999118737170638 0.15771581221994 0.133843210680516 0.154325068890087 0.00517493385286158
0.102381962889575 0.123569504149972 0.0935478630413978 0.127346407779375 0.0865027490355639 0.129222566318307 0.0789324080005479 0.130026292017812 0.054616641057155 0.0738536057102931
0.151601800778494 0.0274081526979187 0.0296973183930297 0.130499711020663 0.100197271209967 0.147516405718372 0.154274983432341 0.0133696980689889 0.177419913588112 0.0680147450921133
0.0684065866218037 0.192058833576063 0.175466735196944 0.0918240351508548 0.111225480286374 0.000247863826441769 0.00956387199533907 0.0717000426291656 0.144958129226468 0.134548421490546
0.184712287293835 0.133787122703825 0.0133625243708914 0.0434458468189835 0.0639145291297052 0.109073211807433 0.151465777223999 0.108485049448615 0.0904393666595129 0.1013142845432
0.067960247279981 0.192584369351456 0.126139707289873 0.134884717460382 0.188061423911371 0.0597844688471793 0.00719438521675794 0.0856556256333511 0.0505141179524642 0.0872209370571845
0.01207128762235 0.0613373584762321 0.210514162139537 0.0113165951268485 0.131569447144022 0.0891399836685802 0.132194408446762 0.126003976842096 0.0612964293369003 0.164556351196672
0.155237898458198 0.129487737771178 0.0492275220288786 0.129130397203009 0.0331955816617929 0.0877989211943843 0.0914805322931879 0.0669085240507629 0.124135376129085 0.133397509209524
0.0458629199139493 0.101694062899795 0.197390605665168 0.0818534367708051 0.0603825556996071 0.0297494477131333 0.185692618012957 0.118560615644473 0.0893876156363938 0.0894261220437186
0.172254541604281 0.145858797688353 0.0800514921410397 0.157421305502433 0.0126310947727253 0.154415227045187 0.00453201192326786 0.102898644979561 0.0672218593216146 0.102715025021538
0.0568771531415855 0.124601385996607 0.126269130081761 0.120639375083657 0.148379724680208 0.0929849696372438 0.00838447011456463 0.117144585570072 0.0426777075339901 0.16204149816031
0.154226513299279 0.0900176262570568 0.00730648012682125 0.0391674167611214 0.253764275841869 0.206829157263411 0.0150537004550216 0.165111368992663 0.0607003022773994 0.00782315872535684
0.114704524721273 0.000169270600013242 0.048494299792447 0.175863268961891 0.154131553760252 0.182345608504461 0.0504609523838261 0.0234848671435496 0.0658473996433194 0.184498254488968
0.116066207212229 0.1365174738266 0.100491237145138 0.17891672708479 0.0500209547664206 0.14247464626664 0.118098097796456 0.0570724211028 0.03765992486564 0.0626823099332868
0.0371696814488123 0.118182997417859 0.0921482956210757 0.134962043021905 0.174972684024647 0.133409574950075 0.0110084772416989 0.100596847776932 0.175659440552487 0.0218899579445079
0.0780076422070801 0.116018046568639 0.131696270444301 0.0402499598373069 0.164567509503065 0.18924351112568 0.0271833671599944 0.145282453211872 0.0696808895958767 0.0380703503461851
0.0739372698346845 0.102888987416068 0.180325867797072 0.110876333499798 0.171186676349089 0.0933796311181179 0.128091908254979 0.0257790329006994 0.0666971786740699 0.0468371141554224
0.0146005852493456 0.103367585767551 0.00184568802116698 0.081996469112441 0.167754019364074 0.100931740429628 0.0693434065927003 0.131215709972497 0.162628774984353 0.166316020506244
0.0081163228049254 0.0550255344127019 0.189373493370697 0.104857150344991 0.0293138480718128 0.141596046445724 0.0675022298121765 0.151524078275074 0.197976617849007 0.0547146786128904
0.0697601471704945 0.156852741472995 0.114075292028172 0.0449050881948275 0.193160715365166 0.0151399780812071 0.158370062673113 0.0416566378262865 0.0850222043326866 0.121057132855052
0.0752177645483967 0.0973249468763068 0.082019685156875 0.139543818521271 0.103504584596319 0.0152871579899755 0.144918163120564 0.107557604175366 0.148846476171854 0.0857797988430725
