0.0501378372740494 0.391730180678645 0.113605550241342 0.0966820426477812 0.177617632818138 0.170226756340045
0.126839835048354 0.073726198019948 0.0830753727121559 0.213942055951697 0.235418624441227 0.266997913826618
0.252632349844327 0.061507211218147 0.304769431102436 0.0655077464784684 0.218642583073642 0.0969406782829792
0.0606650861567191 0.19158775451531 0.158548824886544 0.216830355615231 0.220538876556245 0.151829102269951
0.174944878542049 0.228058147683478 0.104043211735759 0.129543723208998 0.231238527329216 0.132171511500499
0.063222239829806 0.298271042005904 0.0956976760756942 0.191619403092861 0.21672948679367 0.134460152202065
0.188693043703611 0.304308583950699 0.199001350746918 0.148691753747757 0.00369273714461773 0.155612530706397
0.217404191774326 0.0267170016528853 0.150354280732317 0.26335350054252 0.148487383202672 0.193683642095279
0.189012114198083 0.218107162721881 0.0242745685671315 0.0757370289400892 0.283250537719971 0.209618587852844
0.0454270205720295 0.176586911775321 0.278823873284817 0.155054130089657 0.0939968139372266 0.250111250340948
0.139998271721151 0.0588649943170818 0.0865890282710704 0.171716526043236 0.46014747953661 0.0826837001108514
0.139200791034627 0.0908303736507649 0.175159755504983 0.193654270027412 0.213078663433547 0.188076146348667
0.327904091617583 0.37414949549092 0.0968632603040595 0.0762633147256232 0.0743868241532043 0.0504330137086097
0.157564883488241 0.144215967117156 0.260639176099377 0.0965989939277784 0.054019330537243 0.286961648830205
0.189809635403828 0.0758467231017351 0.0932790516210475 0.133723513853917 0.243573212297337 0.263767863722135
0.13318739242969 0.2218092301825 0.108239207261209 0.00704286669371344 0.276843276840439 0.252878026592449
0.305985831414276 0.272211536477623 0.0199079332006253 0.115687760277109 0.183607365189682 0.102599573440684
0.421296032184346 0.0990154834674078 0.0977126688099019 0.207875089189347 0.00271418651927043 0.171386539829727
0.00916466244057043 0.0904774659870242 0.286933633434534 0.0297151398190435 0.203833797055025 0.379875301263802
0.177171152124663 0.0441918446434296 0.262576750743123 0.242502051815193 0.202486260530033 0.0710719401435577
0.0964302793491394 0.184715701112778 0.22045872964969 0.25699104091461 0.157518439921826 0.0838858090519565
0.058158586873165 0.303666288587672 0.195492861902601 0.129387354084461 0.132322642238932 0.180972266313169
0.0165640766899677 0.210030450545246 0.182381076072182 0.0892511889479084 0.235686011687847 0.266087196056849
0.254757442706952 0.0219862161831995 0.126939267401062 0.0784091102552946 0.261631518729019 0.256276444724474
0.0871923585862282 0.263741221617682 0.219278108241905 0.0631476427976278 0.184771704718971 0.181868964037587
0.183567590549258 0.185546984524851 0.172194874478351 0.211517541586232 0.154988403131264 0.092184605730044
0.0121347968034419 0.0546821896794889 0.153978926868578 0.164865080102231 0.319493473069587 0.294845533476674
0.0146045268915022 0.231980305431346 0.291896742091379 0.153567370677829 0.170003199005524 0.137947855902419
0.0949936267993909 0.173339720554969 0.17612040223075 0.153889461424302 0.208685463026108 0.192971325964479
0.247990150810646 0.176734147271645 0.016036351673509 0.266519034619423 0.219631646697853 0.0730886689269237
0.287394976470002 0.272357934448824 0.0120101968544741 0.301926303013269 0.0542757602868744 0.0720348289265574
0.31579053270923 0.0112211972832273 0.2886305592318 0.346138489679615 0.0110322048606901 0.0271870162354376
0.00454767621997056 0.284565771276554 0.296629401058769 0.153571001137313 0.163368043600748 0.0973181067066468
0.166740907278505 0.0298204488176296 0.275556083846553 0.0791808526427348 0.260703415206037 0.18799829220854
0.0440965314429514 0.355095998170798 0.202616269571015 0.163913899852089 0.0361195875689725 0.198157713394174
0.159838830050903 0.383394765749958 0.00483086906177255 0.286650028343859 0.105772700296572 0.0595128064969359
0.291075263191322 0.130136919095943 0.268922284215642 0.183672653273309 0.0615725999028088 0.0646202803209741
0.156117886003526 0.351718774620245 0.0975381406528978 0.133705022043823 0.0975596425020359 0.163360534177473
0.253121569147285 0.103030292632135 0.277723652857531 0.0635053607210188 0.101783961213898 0.200835163428133
0.216914153672131 0.317542362167637 0.0914793937344868 0.299041765604865 0.0197175691937136 0.055304755627167
0.303921476921436 0.0147907143009186 0.203846463749777 0.0515130848287967 0.270058830540944 0.155869429658129
0.239627240341845 0.237043358788644 0.215150222267642 0.00875688358458902 0.14208030531066 0.15734198970662
0.283194324786563 0.0707576051781669 0.285528247979392 0.156547915590807 0.145580971264422 0.0583909352006482
0.200003196157843 0.134847831429506 0.147063751607913 0.274139153920528 0.100312249174708 0.143633817709502
0.225124451684195 0.22344287047195 0.135229991097883 0.0478511195430324 0.188207941526279 0.180143625676662
0.255059509500846 0.0985964603549823 0.269446719268584 0.106250021710085 0.0138192687189989 0.256828020446504
0.223218056959604 0.0308404667136574 0.0103850629548037 0.235770438403415 0.305678850948982 0.194107124019538
0.299466631400597 0.228346728323732 0.0559305562038099 0.0658305491615263 0.0228223886491731 0.327603146261161
0.244173294230945 0.0495055075823358 0.0552702787791889 0.0694869175595219 0.284285316664658 0.29727868518335
0.185218989344761 0.228050102465721 0.133371430184164 0.162023006694093 0.0449142460246541 0.246422225286607
0.180896366572033 0.0445461124966973 0.0870067324854955 0.101599045826302 0.261031651050682 0.32492009156879
0.0430967207570878 0.273832521992905 0.189156686486693 0.339379364430631 0.0815474813303695 0.0729872250023133
0.0816558269630263 0.232641248623243 0.254485719537139 0.0936408195121199 0.187340120430031 0.15023626493444
0.163957547788062 0.222722645425545 0.341628526195772 0.00220583984097458 0.218570750827151 0.0509146899224958
0.179884408151853 0.098239984748096 0.0422805987880573 0.167516740141768 0.237480408354131 0.274597859816095
0.264907581071469 0.158919558530072 0.200901405579817 0.0848701876270209 0.00782272204045734 0.282578545151164
0.191984047018598 0.267602602651799 0.174315149236705 0.0649660848455542 0.227511254330026 0.073620861917318
0.160141037848718 0.268561924711855 0.0496490068060891 0.155686302052326 0.260917280385251 0.105044448195761
0.222748137972991 0.152030617325742 0.157871859364329 0.156119998871282 0.155988017597614 0.155241368868041
0.214951293679094 0.111521854151212 0.162418832474297 0.202372331327289 0.16907787195413 0.139657816413977
0.225788423355438 0.147383889626174 0.143500888429563 0.255758230847352 0.226129403403726 0.00143916433774669
0.0848496509469869 0.41423932561755 0.0272542227114274 0.0936868376120824 0.227670475213991 0.152299487897962
0.137741826156249 0.0462486207654721 0.283931171082031 0.204495940884859 0.102696171567456 0.224886269543934
0.155972289785222 0.163566582845551 0.018573601798003 0.268129513376634 0.274738939785991 0.1190190724086
0.135376185514074 0.293373881779635 0.0767432323153898 0.184767956871894 0.267437936966952 0.0423008065520558
0.0939657294936159 0.125142955406966 0.237432878812758 0.230538866900564 0.235666955445811 0.077252613940285
0.151420922257438 0.082251729385391 0.296627645525986 0.265960427751792 0.17585795180953 0.0278813232698639
0.191114353822498 0.155139737455231 0.280120401067816 0.0536812782857258 0.1875450585073 0.13239917086143
0.227450881787705 0.108622751470502 0.0246808338686586 0.319317212016005 0.184726284201051 0.135202036656078
0.111100788089715 0.238400938792758 0.157412316479977 0.269193679148241 0.194908063533976 0.0289842139553333
0.172540097593623 0.154293849176207 0.21983678740552 0.178911686196539 0.207654958115818 0.0667626215122933
0.295577878008419 0.235905983254078 0.0242939094371726 0.274009469403681 0.105233574546459 0.0649791853501905
0.358428694641466 0.28242022649952 0.133693920767575 0.0956499706962383 0.00918563864902022 0.120621548746181
0.232647074092827 0.288725782640474 0.0667221234973765 0.185351105696182 0.148059739823572 0.0784941742495685
0.224868721516127 0.0740520208361073 0.23647916522107 0.290249554337353 0.144017407571305 0.0303331305180386
0.13892507626981 0.207553954965558 0.202762840934812 0.118270692148135 0.224769964265147 0.107717471416538
0.344418455410341 0.056496182856436 0.390479136001448 0.0136246756462709 0.168423463815686 0.0265580862698184
0.33043165654067 0.0881896772979724 0.12930160683466 0.252916167748766 0.0200618129579262 0.179099078620005
0.047112118462728 0.0364105957924296 0.371113070710608 0.358010455628684 0.0778106981667696 0.109543061238781
0.249101816651731 0.13290418366781 0.0417566315736871 0.32752804463349 0.0985019932932275 0.150207330180054
0.166324031093293 0.246575218129492 0.0812696933167893 0.169191792931556 0.157646970212666 0.178992294316204
0.0573107251425888 0.239888257743774 0.218846337870389 0.180860590331271 0.164642078542702 0.138452010369275
0.119099000716709 0.191808737236361 0.229199092930504 0.132447015994187 0.135506595814538 0.191939557307702
0.270499597915353 0.154606013193696 0.270681114374908 0.21634267411231 0.0528260860537817 0.0350445143499516
0.00123737995417614 0.285444092683039 0.229393557074104 0.0498950786251046 0.232474347557282 0.201555544106294
0.0928000602255317 0.233916765244086 0.0148275962769913 0.217596826289461 0.263726991363665 0.177131760600264
0.222717725940307 0.197549209868225 0.0828790514789302 0.171392458904513 0.199116902240665 0.12634465156736
0.0340614201279187 0.283859307954344 0.101442979593411 0.264429172636976 0.0118018641595671 0.304405255527782
0.290722557024059 0.0689200208563758 0.06586937985396 0.177865746406422 0.18771379009635 0.208908505762834
0.143863363581166 0.345111423200383 0.100004079975227 0.00461813962477929 0.243010748361679 0.163392245256765
0.233266586067863 0.295846825254219 0.389922776955625 0.0116619497561573 0.067047849896474 0.00225401206966239
0.158516260175556 0.121980896571629 0.0492641222164835 0.0726135199111947 0.304272721920727 0.29335247920441
0.272894926151697 0.0170858352458796 0.241160916968245 0.27218592700836 0.139123506913654 0.057548887712164
0.135169543768294 0.0756882342408381 0.21998222083437 0.0839154894216815 0.245556808756779 0.239687702978038
0.107373626583367 0.0327993822507231 0.151215314907751 0.305743656408725 0.293379017251512 0.109489002597922
0.0794504457247723 0.14160129568597 0.204875816727311 0.0856364799871386 0.228005981105075 0.260429980769733
0.0847007620828174 0.248729771879066 0.0832494061252333 0.198479392182863 0.203428883586861 0.18141178414316
0.123110254521804 0.315580187954068 0.0522120637405942 0.107588960643586 0.245916090415096 0.155592442724852
0.230418774441698 0.134913630132106 0.226593154893012 0.194763379445651 0.0481401243363525 0.165170936751181
0.0200613934430971 0.215649344895946 0.278250862255471 0.215267766860667 0.152065218925975 0.118705413618844
0.317057287239968 0.231572430922003 0.125140874788914 0.0263348682020701 0.0180997700585633 0.281794768788481
0.106062067367937 0.244333057081429 0.0909469248088121 0.320546629103498 0.107648105264307 0.130463216374018
0.0709062772166325 0.327913110275645 0.287122675236332 0.0528045500189946 0.217048964217079 0.0442044230353167
0.194015583794318 0.0600789028488063 0.237216414691714 0.130277838834543 0.163787091046316 0.214624168784303
0.127895947351555 0.07157075636116 0.272777678814628 0.222933169192142 0.199556382551844 0.10526606572867
0.207276322255668 0.12510541693604 0.213512615254154 0.0520464256525259 0.10333644912106 0.298722770780551
0.113142867761602 0.207578536523371 0.271951837141026 0.215745929341449 0.0470970200563216 0.14448380917623
0.198764041613551 0.092053008400905 0.194768950419446 0.112439469460953 0.19840713593214 0.203567394173005
0.0203491176221677 0.142798112406751 0.181541569681311 0.269597063697788 0.0596502885340884 0.326063848057893
0.162428732674987 0.207602712917697 0.197008988133542 0.212435499687356 0.035765391402128 0.18475867518429
0.291862300157105 0.153797531909539 0.230000365100726 0.239737788592731 0.00908896862684986 0.0755130456130488
0.287738858780746 0.26055105305597 0.0604700788581528 0.0696990500747394 0.0516400742146681 0.269900885015724
0.0306021746476172 0.31503321700729 0.0265445356729691 0.266818300623809 0.328970142096704 0.0320316299516105
0.271918686886182 0.141408549428704 0.108730957229953 0.0603458155016412 0.122332149036013 0.295263841917508
0.234181503878479 0.224877756037281 0.0600817369620478 0.212350617405819 0.229062012695037 0.0394463730213366
0.0646311123730008 0.146691019361121 0.138463299577929 0.224164944453483 0.404324527578732 0.0217250966557353
0.124382404792383 0.0600874759590972 0.0389383696330198 0.306970876522009 0.153613720112914 0.316007152980576
0.191905162417048 0.128144415456145 0.146318151016812 0.153228401933622 0.113477099619388 0.266926769556985
0.259631447353439 0.100528925796329 0.120855124062608 0.181375242067687 0.124800851227394 0.212808409492543
0.347584264958966 0.395468968168919 0.140604658190502 0.0318446131115257 0.040628080039501 0.0438694155305865
0.0400153127556664 0.289485280671194 0.0403981987491085 0.372538798113766 0.118510167368548 0.139052242341718
0.117209472370086 0.123073934863078 0.178020843537115 0.072919356932943 0.132075387481728 0.376701004815049
0.147912414852528 0.0729004196147087 0.254585973913799 0.0859237016049177 0.199571994325369 0.239105495688679
0.155501291267641 0.365808711236389 0.0490593369313505 0.153802954686745 0.169558611919852 0.106269093958023
0.0270880257250036 0.263556725245209 0.296873657145102 0.0915390978054877 0.157536207932828 0.163406286146369
0.0741842243292928 0.396984139503847 0.065768971340286 0.011315769493441 0.365494285447422 0.086252609885711
0.335361674927038 0.0768879100850869 0.235176045813258 0.225741914941277 0.101034039123952 0.0257984151093876
0.0618856640999548 0.23795955247273 0.00956284289599578 0.18707093841746 0.0545809032586585 0.448940098855201
0.0415904517729463 0.215012098441458 0.224612829542499 0.169811173595002 0.118017718404505 0.230955728243589
0.206556890782344 0.141692091467357 0.0590953644174726 0.18894155247434 0.139300114589403 0.264413986269083
0.201895226439974 0.245363865956586 0.0518497474892665 0.157459265918946 0.243642406160697 0.0997894880345313
0.227444324901011 0.124434936187187 0.149583105816036 0.0827040271968188 0.131007982662602 0.284825623236346
0.206844663323235 0.169117917674841 0.0675345998395745 0.194816100599026 0.253206401085609 0.108480317477713
0.215427115304808 0.00796780398837511 0.099047909306011 0.134650953218549 0.409635744920832 0.133270473261425
0.267008113552776 0.114867553386058 0.294278618619792 0.0539626060160927 0.144182931100803 0.125700177324479
0.245071350950236 0.0463260950089314 0.330444059183253 0.0335574931477953 0.0384935306019904 0.306107471107795
0.398625309298087 0.0672629434292672 0.100283620722425 0.0249054507612264 0.314750319464354 0.0941723563246412
0.0806169204268304 0.115726370439168 0.397349804825558 0.0328464672154383 0.0190185050326046 0.354441932060401
0.147906585944823 0.120978325989781 0.142397978256059 0.409878949784915 0.0979923126207519 0.0808458474036711
0.261291362827419 0.0719671807833801 0.115617377592137 0.073428487013521 0.302605156971203 0.175090434812339
0.0254532560218201 0.204950676002497 0.0792342394172817 0.263051206316244 0.30828790695854 0.119022715283617
0.0481558663242438 0.363902310450874 0.0181461224198185 0.153660612439664 0.0898778474713127 0.326257240894087
0.313898955026579 0.109107910416301 0.21931037361573 0.0107847493995514 0.291149033393941 0.0557489781478975
0.169192070953662 0.211495880911844 0.102110739129576 0.206122012761969 0.249938104943883 0.0611411912990661
0.134244771203473 0.196675218109911 0.232430633658666 0.164388274423433 0.201498822759034 0.0707622798454827
0.0589160109557363 0.255975499150813 0.328593945506546 0.275443989565319 0.0346385345464493 0.0464320202751367
0.309081416570804 0.169515103168149 0.0736333816164264 0.106446064199844 0.0932975948647267 0.24802643958005
0.010344182659304 0.301556324323654 0.104151535495797 0.0557057469974436 0.149361478924636 0.378880731599165
0.0315893199344813 0.285363110439869 0.341925906225898 0.251718086838338 0.0794625965545209 0.00994098000689361
0.0298451048409508 0.0531317733507201 0.212019756089173 0.272430603380336 0.174137542466044 0.258435219872775
0.239087263790162 0.173304523316329 0.15937446837617 0.00874225793940481 0.327865277637328 0.0916262089406051
0.185562623178802 0.162682701444717 0.237915662491372 0.214611177268244 0.0719965421236302 0.127231293493235
0.0535733813605886 0.178289195342444 0.244889726612732 0.0541082478070981 0.236756916114977 0.232382532762159
0.197518341239331 0.233866309854021 0.314969644511768 0.0419463067670188 0.199135535102884 0.0125638625249772
0.253762955423419 0.184389570607447 0.114159534277986 0.214440690868516 0.165833882519647 0.0674133663029852
0.185968652169979 0.0127899262234909 0.0412657833027811 0.362254356944139 0.338334938514751 0.0593863428448583
0.251492261871941 0.0407011844651958 0.116792503341265 0.188162492283582 0.178572712160614 0.224278845877402
0.135242407096158 0.332682168680099 0.17788815031503 0.0704154293249107 0.0557931349715683 0.227978709612234
0.184420455163251 0.0650949673879877 0.345439889835233 0.125838521169167 0.0348282717966066 0.244377894647755
0.134200194388316 0.0894864024432306 0.105745718804457 0.237626005251726 0.317286135426479 0.115655543685791
0.202161365139542 0.0881746004340406 0.191267895973316 0.175259660514238 0.170540135004563 0.1725963429343
0.229863772340934 0.256130389176205 0.149362377858021 0.180854330262329 0.0348294212028566 0.148959709159655
0.102954223363463 0.141832018874007 0.263405576897016 0.340894971152962 0.0119570920188275 0.138956117693726
0.148142978067538 0.274791801734533 0.0640361363974165 0.179245179859072 0.0714389884281828 0.262344915513257
0.14543819058013 0.295482879649995 0.235860071752485 0.159297710651187 0.0150607346426418 0.14886041272356
0.150086025050872 0.204420918134472 0.13496604733964 0.158680498180568 0.176318653844773 0.175527857449674
0.252869468874774 0.150431127306354 0.0773304124288582 0.187053156645114 0.261187738495256 0.0711280962496439
0.312297540801143 0.020228624997498 0.461236816640564 0.19962720314167 0.00596582341106816 0.00064399100805711
0.194516034526419 0.000416129852381686 0.19862678841415 0.185317002910649 0.247030664606734 0.174093379689665
0.00989865641862397 0.285210255397823 0.355180411405853 0.287470621872242 0.0386773582136132 0.0235626966918451
0.184918556793147 0.298596713664388 0.198206556717044 0.00994956675687001 0.274437942768131 0.0338906633004198
0.211525884057368 0.217027117865717 0.225537703265301 0.171173314134939 0.000378683989449587 0.174357296687225
0.29144609865153 0.263109345624131 0.200048366000557 0.105295859470115 0.138841971316765 0.00125835893690118
0.195917040318273 0.203512348818959 0.175400745650941 0.0741772650865091 0.198097926921705 0.152894673203612
0.283641792812051 0.06402795603781 0.0615217321351796 0.211883431389321 0.318530348382352 0.0603947392432862
0.196834744562657 0.129588749168396 0.0713933089760782 0.0959562140741846 0.293694299528029 0.212532683690655
0.235816456727431 0.197366368402708 0.0416098216461007 0.117432028152611 0.165566059210566 0.242209265860584
0.0566324370078101 0.314637794625486 0.0414581548298901 0.252138036058306 0.108009081402245 0.227124496076262
0.160421651854298 0.149253578110134 0.0679850537774821 0.274223878551973 0.182130206232563 0.16598563147355
0.177963361794931 0.349270565144092 0.0700841435466463 0.0142814441386707 0.25827857539466 0.130121909981
0.15401681793816 0.236717519244964 0.301950089957082 0.204292325710599 0.0510262436505355 0.0519970034986583
0.19205524135227 0.149125767629772 0.0995229742844516 0.224289385271996 0.190164753817095 0.144841877644415
0.14045003248994 0.178388930933621 0.215430580530659 0.0971425159644768 0.186075377085568 0.182512562995735
0.102268427133094 0.151836365701088 0.275094291532997 0.203188729181781 0.113763361840274 0.153848824610766
0.190092405543671 0.256811801947853 0.00828483242386723 0.316024119540364 0.0998618406768076 0.128924999867437
0.0750636445640047 0.123169378806545 0.160399198153808 0.155284924197779 0.30394510107688 0.182137753200983
0.271053846523632 0.115162248569834 0.274065478866556 0.0801014999710182 0.10582625994307 0.153790666125889
0.217246692668857 0.153057485833906 0.191756160221822 0.228601520476911 0.0285147432582515 0.180823397540254
0.328685089177475 0.301333104750841 0.0362154558302666 0.158086141173357 0.00590765757970202 0.169772551488359
0.181606763698622 0.376391494355368 0.026880508340452 0.261514433834601 0.128957907879153 0.0246488918918041
0.112292941854055 0.0278920487846983 0.226128608997432 0.302448514415613 0.161589293497317 0.169648592450885
0.225334749091631 0.162943444380908 0.193683938449704 0.0957839579160499 0.140379163091568 0.18187474707014
0.26989459872355 0.161048114301856 0.19975980000983 0.145332026572457 0.18208294339367 0.0418825169986375
0.203393812357952 0.168499722745526 0.287872089801419 0.0770698231292941 0.23562206011131 0.0275424918544994
0.0795419253529815 0.0260584343950275 0.333765371576835 0.0992680998597162 0.204052252696447 0.257313916118994
0.0701767783983822 0.164417261472661 0.310877420356428 0.259513467648702 0.0811897026234499 0.113825369500377
0.032230099506135 0.215403639903027 0.244302154317013 0.251761847604504 0.0759857018846951 0.180316556784626
0.124549609826054 0.00309271621238308 0.324057637017628 0.127711032050705 0.132422081584171 0.288166923309059
0.207746977642791 0.136236239837512 0.116142533839295 0.250751977587371 0.202231479202483 0.0868907918905466
0.168960666459311 0.239546473163614 0.0219851317210706 0.216704247641392 0.234834572821362 0.11796890819325
0.0402539223822507 0.275975011638312 0.214937358704555 0.113853661259592 0.0956571596735126 0.259322886341777
0.119819421847265 0.138838854561486 0.109555275635864 0.353500597599969 0.124181072208824 0.154104778146592
0.167222975999171 0.0826463263423884 0.181600299434531 0.229663745177753 0.0805956323489386 0.258271020697219
0.130624673233427 0.221268116600477 0.0531519758196367 0.270918121456668 0.157957173338243 0.166079939551549
0.0911832073414136 0.282501979683412 0.152555164685473 0.080904578616125 0.149547679214671 0.243307390458906
0.147681355050302 0.0493934103966983 0.122665347114037 0.146730847549204 0.254074276169518 0.27945476372024
0.200329285084431 0.156952497242076 0.0249581406535659 0.185413237287499 0.342555496358104 0.0897913433743239
0.289115539784445 0.116768410544765 0.0304227031093003 0.238154724943269 0.0653914658139935 0.260147155804227
0.0199194528795995 0.169650489382531 0.156211935317741 0.221493283842759 0.22444244450339 0.208282394073979
0.108065810114874 0.262568873019747 0.193773398991383 0.107558507090589 0.253035316375568 0.0749980944078392
0.22385116204665 0.366774769966988 0.0391490559282473 0.0731427912316884 0.186340726757518 0.110741494068909
0.246779398467971 0.168023497796793 0.145905805492875 0.0749113899174507 0.167426205969556 0.196953702355355
0.280365933760469 0.232434217767054 0.109665989683601 0.10807136365645 0.239655399273976 0.0298070958584515
0.187405024626035 0.245762980887401 0.0523269589653183 0.0968383006013712 0.129291752086106 0.288374982833769
0.175803111575423 0.195148311518801 0.153189335088337 0.18245322205087 0.125501984275598 0.167904035490972
0.0467060660017846 0.245133133827081 0.0713436449663269 0.0386123888525474 0.299844192408718 0.298360573943542
0.0285336703593217 0.298200088932626 0.0809233369043703 0.134799478498093 0.303810553536738 0.153732871768851
0.102969989938453 0.114621041031187 0.134932147394835 0.345055891999717 0.00725819591416134 0.295162733721647
0.325735024960746 0.175660943518097 0.100006483347347 0.0843535218802522 0.217101936319262 0.0971420899742961
0.211169973179095 0.198142173692395 0.215692413991809 0.187528482706933 0.0369912809737495 0.150475675456018
0.131427534230958 0.107243226417999 0.137828411444355 0.336771946632345 0.137171266724523 0.14955761454982
0.177247060432655 0.226740991401093 0.15844404762516 0.146309312360722 0.0701858245065367 0.221072763673834
0.0833736851448004 0.210917737360893 0.213569982740029 0.211530778271037 0.193438322666046 0.087169493817194
0.2478683734547 0.171612779040161 0.1156272344576 0.254358632338979 0.203119430930156 0.0074135497784031
0.233967770613089 0.113343985905918 0.0613273246005993 0.238134504959791 0.221905204877371 0.131321209043232
0.125920393548878 0.111067075609234 0.213664063974356 0.134212931082569 0.198006672446985 0.217128863337977
0.236523167378639 0.10821733764272 0.110032669452355 0.268838764000377 0.0834034661984644 0.192984595327445
0.224212706400897 0.163377327307126 0.165404223308425 0.0882847326452285 0.210246283451525 0.148474726886799
0.0689137068612473 0.077803856217288 0.217324893915047 0.192832767962996 0.222525696539921 0.2205990785035
0.18488458359646 0.104680827562708 0.258454267659632 0.183039638097694 0.138978710819603 0.129961972263904
0.146163992148045 0.242219600458011 0.358599374420604 0.0442426106767054 0.0973957367667452 0.11137868552989
0.177468106692085 0.0230883242931784 0.199703390357586 0.285912203633409 0.144348775574258 0.169479199449483
0.220121565356896 0.256586605947717 0.154598785451495 0.220310403435409 0.0904906952806524 0.0578919445278294
0.167548990210458 0.228459538177084 0.245307440662109 0.0629894103951556 0.231212845399567 0.0644817751556273
0.0218612512055554 0.46101310285236 0.0179232791843001 0.218889402546502 0.0980008409138197 0.182312123297462
0.220099545882941 0.138449873041651 0.0459726413357688 0.213921672845385 0.0310467981164537 0.3505094687778
0.165527863943143 0.301925231840668 0.0832883758593191 0.0291012487647167 0.289927702502741 0.130229577089412
0.276645491888514 0.147025261897061 0.254205917974263 0.131205479395822 0.156904773613124 0.0340130752312162
0.0935589259143085 0.0426477144743844 0.306203641957396 0.222882365871451 0.222163852803055 0.112543498979405
0.140274436487519 0.0311487410118504 0.307682929517994 0.182745636281485 0.0362277518212624 0.301920504879889
0.291690615469559 0.0858849779431069 0.24533127195586 0.361131711553192 0.00919768829923862 0.00676373477904356
0.0963552236384625 0.29508569381856 0.102161621632623 0.26469611458602 0.0357095898599317 0.205991756464403
0.111683020806458 0.111429050025 0.0773229354201848 0.0687960672887521 0.393968881362113 0.236800045097493
0.217556894888095 0.138225460012472 0.231481401744289 0.0792272531235931 0.1090089480184 0.224500042213151
0.137804322847873 0.205593202816267 0.335964953285769 0.204142003751232 0.11556180054898 0.000933716749879216
0.0197951733424459 0.022263295149509 0.34836016617437 0.181689475666972 0.350444042169208 0.0774478474974941
0.161273159039092 0.127881622131158 0.323240951247663 0.207223655644844 0.149082951652145 0.0312976602850984
0.229855736135294 0.218098085046368 0.214077273805121 0.119898355651407 0.0345633692642952 0.183507180097516
0.0619378354824156 0.0495417907006472 0.245705864407386 0.193812118719836 0.220096291210085 0.22890609947963
0.149528065602412 0.173540245139835 0.230161987853201 0.0943201667765091 0.225581056390622 0.126868478237421
0.126620469800708 0.212664069130196 0.0640423917490309 0.257276572632005 0.143233121350686 0.196163375337375
0.123814876020997 0.103799715765109 0.0120383653643205 0.411367115947276 0.00310777503064876 0.345872151871648
0.254431135487037 0.0857708359717474 0.107262915228038 0.359948011526196 0.000127134717844473 0.192459967069136
0.243937722349308 0.18043233580777 0.0519542389045575 0.23724128225977 0.12265920193805 0.163775218740544
0.192125493286378 0.0291707825266169 0.257810918366906 0.142399542734686 0.113918340088112 0.264574922997301
0.0190160664953148 0.104341554748601 0.197115183038156 0.289347034679612 0.201021882768676 0.18915827826964
0.04675701909952 0.135235579551248 0.208391661356896 0.0801976021074745 0.258324166613334 0.271093971271527
0.367363305039262 0.131381953950317 0.0759437616091916 0.139994657480832 0.088437634464569 0.196878687455829
0.249491309429644 0.0676857124050278 0.0711433140195265 0.32528674556045 0.275090399522838 0.0113025190625139
0.198083799505345 0.0923923828946907 0.301928409822804 0.26116773715521 0.0112234680217935 0.135204202600157
0.0585185132940386 0.297858402287043 0.22447741146055 0.206758416036257 0.0254040607583187 0.186983196163792
0.229501282641575 0.0947445194395669 0.172144528256743 0.0838010217408059 0.115939605228765 0.303869042692545
0.269880397586817 0.11673961506425 0.10762482716014 0.0843582120509123 0.215727544362876 0.205669403775005
0.0961253777326593 0.207437700005923 0.188824137424541 0.176381476371949 0.0612005751146824 0.270030733350244
0.0245249822676778 0.230376806540277 0.114667678342325 0.20589709992366 0.354174588492124 0.0703588444339361
0.441766570169123 0.19936644530182 0.17908893947096 0.00522705555781335 0.00789203748724068 0.166658952013042
0.0800739327641606 0.04936015465701 0.186996074312752 0.363340526840454 0.271231455897957 0.0489978555276662
0.166915423381264 0.19175834514632 0.0014318163164739 0.179276525887975 0.219924046384815 0.240693842883151
0.341995293415177 0.0748542637668788 0.0401816780318683 0.265216025687805 0.262901343176663 0.0148513959216082
0.238053714179159 0.00668639143822023 0.211970294463201 0.16330545465308 0.250237194850431 0.129746950415908
0.437063852696652 0.162065662719398 0.0309155609473551 0.0391533661232103 0.110504776173722 0.220296781339663
0.133040849323489 0.30285861907069 0.0578728155520437 0.235659012742475 0.0827125618666325 0.18785614144467
0.189151668386368 0.179903350126691 0.164553964131908 0.128972122000793 0.174302478685464 0.163116416668776
0.0918807457094059 0.156213137083314 0.191494806244116 0.217841032245143 0.159739390118186 0.182830888599836
0.051507497454424 0.222905484617338 0.0263925846355027 0.275082297433863 0.169768906957325 0.254343228901547
0.097440046499448 0.197186906052765 0.0479966262901988 0.232223819194558 0.156721495871915 0.268431106091116
0.263688032458916 0.213115557879018 0.0586492355634717 0.114270479710637 0.228630014387782 0.121646680000175
0.190626247139623 0.0912974387870255 0.217451188070997 0.179436077156497 0.182087911494469 0.139101137351388
0.215116220691693 0.199276763619104 0.0379136700200067 0.226452319747239 0.114981307648942 0.206259718273016
0.0358026134437153 0.263187045759335 0.35088242113902 0.0147718716773224 0.135630913690721 0.199725134289886
0.195436284691499 0.188097022769889 0.0962117934483297 0.117779738797698 0.2466939353839 0.155781224908684
0.117815125174781 0.149765315674613 0.0848713944230182 0.224091485921047 0.162789881556779 0.260666797249763
0.0405285074512067 0.250267993340139 0.00536809720278749 0.0496073042427559 0.347439038517893 0.306789059245217
0.0477047577744661 0.479651149226256 0.00752455289321316 0.24639461953558 0.160365180298792 0.0583597402716934
0.289026382781648 0.000788266931950714 0.0729911346002871 0.182461462100045 0.226945397917783 0.227787355668286
0.0678665083711227 0.218778285336652 0.122220857100448 0.239742227618497 0.183850575830494 0.167541545742787
0.183343378294842 0.240819604439481 0.292606508571477 0.19319941522031 0.0617783455598317 0.028252747914058
0.0907293883689929 0.226609890514355 0.154187452604713 0.262351293916821 0.0589091017854023 0.207212872809716
0.148293058585152 0.346935448031564 0.0421847455089598 0.239236199542236 0.157484977817575 0.0658655705145141
0.165224865537634 0.175515186162428 0.200954680271037 0.236779812921837 0.110481202853663 0.111044252253401
0.287671941117264 0.013745841540877 0.166315161528056 0.316795325580191 0.136775011945541 0.0786967182880707
0.144076001246216 0.375971419805659 0.121227029904157 0.117538231875365 0.0732274651913607 0.167959851977242
0.136469597391034 0.353842101184031 0.196035665204551 0.196111157102258 0.0818557883285483 0.0356856907895769
0.013520879035286 0.207441430326622 0.18912192685455 0.328493545978899 0.0542503339107784 0.207171883893864
0.187659481580741 0.026931167953277 0.332803803885814 0.0993796965572574 0.0693488161768189 0.283877033846091
0.180326270019025 0.188587340279995 0.197199332030624 0.173336467030955 0.222243012929273 0.0383075777101281
0.206800687389655 0.317110818183662 0.00926442748403969 0.206322651732711 0.117459334791723 0.14304208041821
0.182985569412141 0.249059149567434 0.15779038798943 0.0313399839914866 0.11707607074669 0.261748838292819
0.0502559721826377 0.206012348804291 0.0701483099340202 0.0351072264422013 0.456867720547586 0.181608422089264
0.0895257218539161 0.152743444187329 0.322562185737766 0.14294519676423 0.222212600194742 0.0700108512620167
0.0491042807792632 0.228772665360495 0.257427797077509 0.0979893469595704 0.0339589535925852 0.332746956230577
0.221550148312048 0.195982204766073 0.124320086940392 0.18077900184764 0.0966353740694611 0.180733184064385
0.02828008235188 0.203167334283741 0.265839446242397 0.112262551141462 0.0145381642743441 0.375912421706176
0.314753611722239 0.00858860493861607 0.317486875353497 0.00543013940618382 0.101442901590249 0.252297866989214
0.267183900527895 0.196635823248993 0.109305195119455 0.153967673019609 0.131046660849692 0.141860747234355
0.157077715410441 0.0576296930130686 0.194405206281754 0.186265962294018 0.272659265924008 0.13196215707671
0.183240777498689 0.218815511880677 0.0755971191966344 0.0372850979177188 0.24104888032328 0.244012613183
0.134766597271522 0.187265591976703 0.118582905566411 0.327333854326257 0.0589127483409876 0.173138302518119
0.310171910635846 0.0187946880739451 0.0683723692054372 0.111441663480772 0.353061135167419 0.13815823343658
0.215767976357845 0.119569644788291 0.110733241103702 0.30056256279347 0.0808934456909573 0.172473129265736
0.262159460891128 0.0463181502864971 0.106693893273394 0.118451512787695 0.216635573763831 0.249741408997456
0.195567206854341 0.228572513284635 0.0962134448154779 0.080192600759463 0.240544668002023 0.15890956628406
0.140279969306833 0.063503518666078 0.100185530438121 0.147339778554426 0.252887050240254 0.295804152794288
0.0297047076037621 0.296299160232317 0.258426855743648 0.0644958714276863 0.284589313751936 0.0664840912406504
0.0530995533179145 0.167933345559908 0.169854985895247 0.212040537473727 0.262838263128409 0.134233314624794
0.204656539704004 0.229005477907592 0.076784796524145 0.28062327875547 0.0514987105668287 0.15743119654196
0.201130880021003 0.0280161741051706 0.0842514458015196 0.168081147026307 0.302004502531336 0.216515850514664
0.028481104996152 0.137253196139611 0.240925277573956 0.289137173749436 0.0574921199910103 0.246711127549835
0.173607714828459 0.143591315113854 0.127173496771393 0.23185788411427 0.111068076907854 0.21270151226417
0.306386290788303 0.0694124700028692 0.185734861277208 0.104598606485311 0.150494033463896 0.183373737982413
0.165528725200264 0.362081936884451 0.240084847791693 0.00891147721453215 0.118682663891174 0.104710349017886
0.204792994585763 0.296498415392019 0.0577961187576844 0.0936267842792368 0.227188548847745 0.120097138137552
0.0291619050888716 0.2074958178685 0.104216580687721 0.105157388466397 0.241501477199385 0.312466830689126
0.103294958713768 0.0663293110831364 0.173792200038284 0.286772374699156 0.104034062425899 0.265777093039756
0.0335934178927743 0.0356133431619076 0.418295528680418 0.255208380279456 0.204596562942388 0.0526927670430563
0.287728748629848 0.0884739337396035 0.149585406811156 0.30852893432939 0.0840895718776723 0.0815934046123297
0.180812088038799 0.19577799934884 0.186709419119126 0.205385299505803 0.148838151171736 0.0824770428156954
0.298605686705005 0.134937863284875 0.144916700766738 0.0903829365703471 0.283308244089365 0.0478485685836698
0.0808511831032367 0.248814846624079 0.273022439430627 0.0178216761976446 0.268016691617403 0.111473163027009
0.223177614811641 0.247051002609209 0.219081229372911 0.14097241593645 0.00969168650656615 0.160026050763223
0.0614783440387854 0.0913260985635902 0.11425571298968 0.228506681186272 0.115893081948856 0.388540081272816
0.210246456210419 0.250838932497273 0.0552746504633617 0.199683552963001 0.0565397181303386 0.227416689735606
0.290843527612025 0.195831996600095 0.10304287514282 0.0166035128992828 0.218239652964827 0.17543843478095
0.320258826130799 0.00140080443810384 0.138259079396237 0.0205584447232114 0.353977376231805 0.165545469079844
0.249521117115061 0.270544240931905 0.0861551048120306 0.150790319795099 0.160437279956634 0.0825519373892711
0.115618689504921 0.267703414994777 0.134565462740573 0.269705681263711 0.0502141245661181 0.1621926269299
0.0550230693425891 0.312763279243997 0.197707276447751 0.136321852663565 0.294015607867909 0.00416891443418999
0.318702577424945 0.0946119595971094 0.309325764021946 0.0335580778485294 0.191888215462075 0.051913405645395
0.093460836125308 0.223881652583491 0.0296528368489773 0.242548837499663 0.206480844513868 0.203974992428692
0.209000208857298 0.0353374713177631 0.164281701113504 0.242902005805138 0.263418293701891 0.0850603192044063
0.188872967787244 0.290132566541899 0.0654060765926509 0.0567701386817444 0.354377636267918 0.0444406141285431
0.268223008937318 0.137784374104012 0.121173216276725 0.125870805623536 0.0636656367980392 0.283282958260371
0.0884270866844398 0.208808649998155 0.216527562113427 0.237236293438362 0.129203342153761 0.119797065611856
0.140757804105316 0.105271533477939 0.301385078297916 0.364469857660778 0.0864762426662718 0.00163948379177946
0.256543395285059 0.104581615810704 0.236357098455454 0.216277137256645 0.00296225353164715 0.183278499660491
0.0570931320344045 0.0482454854833419 0.337359693102493 0.354516256453177 0.150138442732544 0.0526469901940404
0.241482059045581 0.336480694811223 0.00773780312878048 0.185368135045936 0.0420856977418396 0.18684561022664
0.0751347510648567 0.265206440658316 0.0353729643674484 0.241729686083272 0.0551118278572532 0.327444329968853
0.0536608650243652 0.260302187137554 0.261522557380523 0.136749401560141 0.216397738858051 0.0713672500393652
0.0635451376259675 0.28614666320356 0.179740477134041 0.197510873657203 0.0422794458879302 0.230777402491298
0.230298929923801 0.112373984714024 0.228069157486121 0.180036814429689 0.047788678637564 0.201432434808801
0.0254094515866776 0.234735229016614 0.394358568883509 0.0122407085602657 0.0755545799200649 0.257701462032869
0.141271759126249 0.0996667322167959 0.280910434782341 0.245184088461312 0.193412557367975 0.0395544280453275
0.207202003703884 0.138191702390258 0.299556549275953 0.170113688007646 0.137435423420184 0.0475006332020745
0.186604888334242 0.290150261324545 0.182580893516023 0.0644261385994029 0.113152270885763 0.163085547340024
0.171556663658031 0.00814612544962258 0.31814533861358 0.0707877659791028 0.11575399065777 0.315610115641894
0.261512891080753 0.0883279512927025 0.237296414363305 0.118714250968163 0.225869816707183 0.0682786755878938
0.293328152520693 0.0797714941248754 0.228377255450573 0.196049500511747 0.0593577242324012 0.14311587315971
0.19307623606864 0.0332141460231689 0.122715070152725 0.192696690700714 0.220305406552526 0.237992450502227
0.256595089237657 0.145192814470607 0.0299728510129975 0.157570260014959 0.131665614735189 0.27900337052859
0.0956800530353381 0.11429270459552 0.159095737722353 0.23969271876882 0.0905884174628788 0.30065036841509
0.260673581361765 0.268233468844478 0.0649996634531026 0.0166483606566633 0.0624182030225037 0.327026722661487
0.291248850790077 0.024665786672504 0.297760271922257 0.0745060937003923 0.138982123158538 0.172836873756231
0.111474719078333 0.208285154625122 0.216073933620392 0.36710946853415 0.0660220149286702 0.0310347092133341
0.0910102422351806 0.0751292113672428 0.27011491028352 0.262917084997827 0.244481892976915 0.0563466581393153
0.291300556650577 0.165562499468823 0.335791238154477 0.0952052414928378 0.0921980911835812 0.0199423730497041
