0.244128652750843 0.0867647684647408 0.0786472486388039 0.217755795469702 0.123936418537511 0.0118075082133646 0.236959607925035
0.0253138184696178 0.175062487802767 0.101698639559624 0.16245231488614 0.26906884381983 0.147543898688087 0.118859996773934
0.332666834429951 0.319599423897877 0.0781127720256354 0.0534734696819599 0.0386733653332362 0.162815896054494 0.0146582385768456
0.119642374234343 0.137930463351134 0.149956895393828 0.0676481075183761 0.16147888513685 0.18043838915327 0.182904885212199
0.107921376452024 0.17504442113235 0.161402725276796 0.165873238367619 0.168121828474489 0.106117728404318 0.115518681892405
0.206216480431299 0.00491014650879706 0.161876687798398 0.252557414421064 0.245676845366369 0.111216950499444 0.0175454749746285
0.0827659990962303 0.246316167584391 0.0500317496566604 0.154635260843189 0.189241873084176 0.252905436199395 0.0241035135359591
0.0684364918934012 0.136607602314588 0.135923287250023 0.141102486660797 0.0544036137296709 0.276345102156424 0.187181415995095
0.177040421512142 0.159906949891648 0.220670983704571 0.224186498662416 0.0499549488408346 0.0823385003823374 0.0859016970060497
0.107274980550142 0.00986305724843343 0.140358395023124 0.0492716671540934 0.210099360132407 0.38114207872271 0.101990461169089
0.0671393218534405 0.24084869429745 0.187770222680337 0.108888525654403 0.0260850054215662 0.215443810796249 0.153824419296555
0.0993152381745286 0.138977958221506 0.146411618653197 0.222098173504889 0.114217398443828 0.194169185640836 0.0848104273612156
0.0429861976581457 0.100289131545594 0.00875497499345584 0.218190345712998 0.223265297025353 0.139246265489835 0.267267787574619
0.105418783981837 0.0912290667260815 0.289963167233465 0.20859598879354 0.0111422767301931 0.0537910785915129 0.23985963794337
0.174102818514764 0.134085135356187 0.131914532789226 0.159820426581924 0.188017497186728 0.022220870588208 0.189838718982962
0.0462656550887594 0.0644436079602776 0.033865861203665 0.227675468323677 0.261694183860448 0.249345573807358 0.116709649755815
0.2161534352779 0.118962209323171 0.168092332894088 0.133566226846536 0.147711384609728 0.158211154584024 0.0573032564645548
0.167462319747602 0.0169161418800673 0.229519833253473 0.287935100187839 0.0567505283397302 0.00562886080932304 0.235787215781966
0.162517006428186 0.159003937392455 0.0739016081026771 0.0726624551165823 0.190519990886193 0.184387508876871 0.157007493197035
0.188743808685716 0.110758571493239 0.00536919955496698 0.0616009241144407 0.248389206514119 0.190762823593655 0.194375466043862
0.259124078787768 0.143520573678622 0.146810553626445 0.230334991611207 0.00171320510484856 0.0936105853998251 0.124886011791284
0.140664492534928 0.0583709630243532 0.138079040006975 0.126287790734125 0.151905797448571 0.260108389213285 0.124583527037762
0.179277080320304 0.190008139668046 0.0377063659545357 0.207386501326248 0.0653220405327039 0.173697270361974 0.146602601836188
0.128252412298267 0.097080963180676 0.255099444563796 0.120512645319739 0.0845717766528787 0.242252890514421 0.0722298674702224
0.229368659378831 0.0719294498281732 0.110490391469559 0.20188298475977 0.127345186520366 0.061320745458195 0.197662582585106
0.058679003367338 0.222228113877219 0.0140715821651679 0.187857852887557 0.275290095883847 0.181789627240403 0.0600837245784684
0.164847064172315 0.0388771820048759 0.0616906194448657 0.134028698801772 0.235313589909046 0.0962987162986146 0.26894412936851
0.320994943983637 0.0250506549854176 0.186184582286602 0.0281957650001061 0.204131527359778 0.0488417806320253 0.186600745752435
0.142007079692165 0.190716216439901 0.207381813490953 0.21253236379808 0.00942374390416742 0.104814605025897 0.133124177648837
0.0995193174739347 0.159073242792506 0.361834062566877 0.0921893046966291 0.00909111905789762 0.0606601860345341 0.217632767377622
0.143085156169687 0.29915388770385 0.231912539025686 0.0679459060489924 0.0324810850677673 0.183050211356371 0.0423712146276459
0.13841341038054 0.212040378188594 0.255390049232663 0.0157816264430306 0.0333054768791539 0.0790669659612051 0.266002092914813
0.310724005200659 0.189084999143074 0.228523600137161 0.0245876395790372 0.0106782578031645 0.141564226828819 0.0948372713080849
0.113178079746421 0.264064481041956 0.147986857579361 0.183703496401328 0.0325191685395009 0.0439599741292778 0.214587942562156
0.197647167652087 0.200922906337411 0.0927170770692019 0.123248331467574 0.132875172815843 0.12098932011828 0.131600024539602
0.118746288339505 0.144725364253541 0.0703779706662969 0.100657615340538 0.0772221932807778 0.195281272867543 0.292989295251799
0.186927004253627 0.230959789748055 0.150064975340482 0.144988947213843 0.216581089547459 0.0609956981369277 0.00948249575960658
0.181634355972953 0.209766831033057 0.00495080549012403 0.140170959380376 0.202250437797447 0.139291654940385 0.121934955385659
0.13272142047551 0.17732719659322 0.09804727213427 0.174889001101308 0.0487325481341319 0.178092361723544 0.190190199838016
0.0433658314260004 0.247075205187552 0.00082788389478208 0.288880560292466 0.158553326098388 0.234744446932401 0.026552746168411
0.255934711771831 0.0657741118962934 0.0923569717650645 0.17870879872435 0.00303801909604056 0.221063745477333 0.183123641269087
0.08345622688141 0.0292736667221502 0.350599547907284 0.023693924505722 0.381572549416332 0.0343288914588725 0.0970751931082293
0.19271451083614 0.210411780855636 0.230892396719525 0.104675060685348 0.12568099337697 0.0702654133812218 0.0653598441451598
0.193735853402996 0.163528286935944 0.157306089234458 0.0675668033730257 0.156947084686415 0.18573498919844 0.0751808931687211
0.0881268788005091 0.0349435867038769 0.208402833187992 0.0888865402781675 0.268792838415998 0.227960846582366 0.0828864760310907
0.0226643188871917 0.0502496133466405 0.13501748325732 0.237667309886312 0.191625496991486 0.129059445441706 0.233716332189344
0.102254101160482 0.146722789466737 0.133877128391546 0.0146001435202538 0.317202720646098 0.146070178008478 0.139272938806405
0.111687859266217 0.240356803362867 0.152489245057078 0.057700745303356 0.252368193034904 0.0897315109656781 0.0956656430098999
0.143110200010318 0.08219934333603 0.0587928596199524 0.148476652960265 0.125225393229335 0.219093575834136 0.223101975009963
0.0266223004862973 0.0818940397648781 0.0504495304196588 0.222535848929966 0.171050830496516 0.331815321815987 0.115632128086696
0.0209572188212308 0.271556678528035 0.279047647954849 0.188537147066039 0.00416327576684405 0.106013626184779 0.129724405678223
0.0320347209956069 0.196413189719996 0.150605970237376 0.203567325304526 0.214488933225044 0.108680812308061 0.0942090482093897
0.195230296239749 0.117682853712181 0.158879806774296 0.0694091959422414 0.237918285995009 0.170259394139866 0.050620167196657
0.148475817726148 0.0731856291297496 0.163936738165775 0.122645392184259 0.223866134921477 0.0756119064117051 0.192278381460887
0.216107877075624 0.0220836652277814 0.0869128463448233 0.169604047072526 0.091670342151421 0.201874129087995 0.211747093039829
0.051642655621947 0.026711232551872 0.306593617162505 0.147596874510509 0.125404798804127 0.276112995857959 0.0659378254910814
0.0224213733011874 0.0333026726397093 0.213180105899047 0.167780859909003 0.0937548550955062 0.3992536808402 0.0703064523153481
0.141169437693271 0.214959024012542 0.104072459506156 0.17244439975895 0.24612810808548 0.065938446530525 0.0552881244130763
0.197411473840424 0.0706126366291497 0.218080291394284 0.132983383716587 0.052652588701617 0.174941999541209 0.15331762617673
0.0609758984860299 0.204137990655412 0.126439081267834 0.010139007143905 0.269094984947757 0.208431900817747 0.120781136681316
0.175303161046003 0.151741119658579 0.088251967302738 0.0230995534508152 0.0726181949243459 0.202295543706835 0.286690459910683
0.316388757601907 0.0714501862339358 0.141466426799889 0.228139102436185 0.100276387050964 0.0167570403667484 0.125522099510371
0.231654341897761 0.172286998831647 0.121538628295429 0.0318698870463829 0.22959244664442 0.0668591027275341 0.146198594556826
0.123741642499496 0.0516726653788874 0.165983734684733 0.242088235631534 0.234122073450498 0.0622554539696894 0.120136194385162
0.0631449608605563 0.0631502974523426 0.256359036935593 0.182935108938777 0.124199205587405 0.0777712384326353 0.232440151792691
0.179915879850588 0.355233832148873 0.0984119233709713 0.143029800339328 0.0243034179969887 0.140410391125593 0.0586947551676577
0.262922050650753 0.173011639238028 0.0334357472096718 0.266658048378209 0.0365196447954848 0.13434179816225 0.0931110715656029
0.27044104996941 0.0698119921456678 0.222077887943323 0.174350982160013 0.0753215862845809 0.180455111979584 0.00754138951742097
0.0169048845584844 0.200630135531651 0.173564883830893 0.191865453775825 0.112665082150414 0.0748026907276849 0.229566869425047
0.173522674503897 0.185132615606786 0.167794013490207 0.137113379957545 0.173123620080394 0.139855577364489 0.0234581189966818
0.110259070558876 0.272231070223362 0.00109644446688593 0.0549502498442517 0.122628656262142 0.26051120410212 0.178323304542362
0.104129605565705 0.147256954947946 0.0732324069101755 0.122548159670964 0.233519303548517 0.150942299060867 0.168371270295825
0.0959479969734464 0.144895514603497 0.0857017766494306 0.230299015502211 0.274748446850806 0.0342269546771042 0.134180294743506
0.102259904498438 0.221991502500972 0.0451910605451389 0.313918050435859 0.121478261254053 0.189824610065444 0.00533661070009482
0.213088632074203 0.210276956672417 0.0839309365576259 0.190298670696637 0.157466421882812 0.00362461376560416 0.141313768350701
0.0681567776757003 0.0150021195120297 0.19061305117685 0.234423106250358 0.264001020736756 0.175094612597892 0.052709312050415
0.152586021404582 0.0232546104819299 0.201052708171608 0.107044766825289 0.17161327302712 0.204084319127518 0.140364300961953
0.220009633129263 0.142571934863573 0.10115230590351 0.201230340508732 0.0498745825091784 0.0914735964503862 0.193687606635356
0.174660600732809 0.0293715942490446 0.016545859082725 0.28976802282869 0.239995505109613 0.136053376570923 0.113605041426196
0.264673057422855 0.160057657782838 0.19205526029465 0.110401044271023 0.198502876378683 0.0323167510776846 0.041993352772266
0.183475350279927 0.281846606884649 0.0430261445179269 0.174097397049788 0.111212815770626 0.0960191184051928 0.11032256709189
0.0738128482728324 0.0636683700850439 0.243935261530006 0.412248695400743 0.0113277096239973 0.142885810376518 0.0521213047108589
0.4028243302406 0.246994400978661 0.0876860315239826 0.0445810303874523 0.101446484262971 0.0230545846109083 0.0934131379954242
0.135051182135957 0.10500151451475 0.239369455824291 0.184733652066923 0.0597635206576452 0.0896360891011958 0.186444585699239
0.218511531011806 0.0428947783149549 0.1073623703987 0.162720040870795 0.221196706195853 0.171478002848122 0.0758365703597692
0.142920132167948 0.188796267397045 0.108841215353129 0.147760235523329 0.124200776699601 0.124587511352205 0.162893861506743
0.247592011625804 0.0761082485847875 0.0855562415425793 0.161465144607176 0.0167632961198721 0.217513731920597 0.195001325599184
0.0654229308052582 0.212463610961334 0.0159467641986237 0.274955769946119 0.220475809638691 0.0369091219059723 0.173825992544001
0.0524454027763031 0.254314934679734 0.0963627564008355 0.00214941226868734 0.273381077346128 0.202724830719024 0.118621585809288
0.120303586181253 0.174989765298173 0.0981650498219617 0.213761216913937 0.119511940012863 0.203773649995939 0.0694947917758727
0.204855150819548 0.0980619818553342 0.261763092688524 0.246207356172021 0.0232111315877378 0.165388971417492 0.000512315459342422
0.100641805911641 0.143135378427388 0.113130786062386 0.27079324172398 0.0780544356919952 0.20192768443367 0.0923166677489397
0.0518004667983419 0.00173341789460901 0.120615292849434 0.176032321369834 0.215291943623319 0.200313730746783 0.234212826717679
0.208560663649413 0.16233637239698 0.0284769320599598 0.170791571906098 0.191708577483373 0.183859726626728 0.0542661558774481
0.00991983200018414 0.0921212364853945 0.176902926096501 0.207959329918688 0.150011151499058 0.299772730379346 0.0633127936208289
0.170711035753722 0.270600816243553 0.158542069697182 0.103713795098118 0.079586504890342 0.0406544684073966 0.176191309909686
0.132252420198342 0.267516020612874 0.118669495785525 0.024043216693542 0.266582107488329 0.0438772045452076 0.147059534676181
0.159960737072164 0.0900457948044289 0.199529128027163 0.0223581727416308 0.263336766849544 0.0426906337498715 0.222078766755199
0.174032747879365 0.248413694679744 0.251515018757294 0.0791446031458688 0.0998222175239601 0.0586321899272022 0.088439528086566
0.239043821334677 0.206133231504832 0.0450088558706626 0.234096823679626 0.0390183471978633 0.0363389737688738 0.200359946643466
0.210791720436769 0.043432787673709 0.150813689247337 0.112125115809993 0.123185963836438 0.314212378218949 0.0454383447768051
0.10193490064752 0.118118981454242 0.099658715840438 0.128320814642799 0.274668249985438 0.172742549730249 0.104555787699314
0.0769314039704914 0.228982342669095 0.127721461867393 0.104376313725572 0.172865192039255 0.0531747003413577 0.235948585386835
0.318860383011953 0.0426700350031574 0.261293854142007 0.278812138489421 0.0761290541183881 0.000313079801855132 0.0219214554332178
0.333973897666167 0.16397774180423 0.0372985545922053 0.0464023137223093 0.0745471142209462 0.300587784525091 0.0432125934690523
0.111798782674178 0.111731577193123 0.252283125200134 0.321853493859722 0.0647877006148656 0.0544155418389715 0.0831297786190052
0.294031402490841 0.000868629975600382 0.211988384032962 0.223863130772756 0.0248298321702352 0.0584657841265415 0.185952836431064
0.00409022522187861 0.1634689708336 0.15907726162646 0.215292014089424 0.180466317240753 0.148424477270687 0.129180733717198
0.337566825416948 0.125283942999584 0.0602936891661155 0.232382964258984 0.0860305991363504 0.139137094927115 0.0193048840949032
0.259092265483687 0.0984637923650252 0.0785856954396649 0.1395215553101 0.35899323015928 0.061327269107508 0.00401619213473465
0.117090865210214 0.195463043488382 0.0453951093280881 0.189240264842356 0.0979991953399742 0.125566616284574 0.229244905506411
0.00635584896041781 0.131140803023363 0.134549695365046 0.331944117608842 0.0204757378497521 0.278678459178911 0.0968553380136687
0.307743689207523 0.0738499676277605 0.0508652316899819 0.0696328594656018 0.153901043786802 0.219545253871686 0.124461954350645
0.0918980717003776 0.0761851336664541 0.0845668936009851 0.203180498520375 0.139784703477432 0.198271918968051 0.206112780066324
0.0237690360089781 0.32537135495942 0.32663347775255 0.108050885277898 0.0428087494836143 0.0610977422316727 0.112268754285867
0.044667630595131 0.025814300211604 0.153092847794544 0.127151607663972 0.221758657004866 0.219088085019839 0.208426871710044
0.0899578711340607 0.117840629560895 0.0180644287823478 0.117205824356082 0.29785406463747 0.181688322027649 0.177388859501496
0.201454829977804 0.0142324011800258 0.0289310816188141 0.260798143156436 0.0895013722502116 0.28887700135338 0.116205170463329
0.176827128760026 0.151567554012492 0.0648633954060555 0.208123471888401 0.171019687377368 0.0270855952781259 0.200513167277531
0.168754477638603 0.162219845065791 0.161962589221737 0.10108283268435 0.0379238363600853 0.193308423045573 0.174747995983861
0.339364216171237 0.0291016100601231 0.0697067714006884 0.273363253848863 0.0401930213154278 0.203277731787356 0.0449933954163053
0.152457387056896 0.124876313093963 0.180346766127148 0.0319112926842268 0.0886349056072273 0.171891995330974 0.249881340099565
0.331566804313472 0.132851661324673 0.151941819125507 0.265088879726906 0.0264070740398067 0.00937553224521096 0.0827682292244244
0.0425671957378327 0.118771964198767 0.187284587056867 0.227946538673098 0.146743444595937 0.0766054394056927 0.200080830331806
0.189951353233038 0.116514417243093 0.0388123872533947 0.251938148206571 0.241407688779887 0.0134188314219224 0.147957173862094
0.0548027656811352 0.0532341474998333 0.220125267798058 0.126085454178748 0.111352672521742 0.248604217218113 0.185795475102371
0.208224364563051 0.208629952398671 0.118636317248799 0.152868610085891 0.170755315263321 0.0810709259761994 0.0598145144640673
0.137691218871586 0.190969178278121 0.111073440316483 0.0312433935203196 0.143129201631119 0.234946880782604 0.150946686599767
0.255868174439859 0.172862671971953 0.0273511049103193 0.175302215540372 0.190615132649222 0.0536732387843323 0.124327461703943
0.159210575294673 0.14431726781261 0.22734140004543 0.104927489859921 0.0733708260298046 0.120028781528416 0.170803659429144
0.0391197796042385 0.0827828312070942 0.168121474929982 0.0778637252824227 0.138670187948433 0.116792709512817 0.376649291515013
0.0296350568185202 0.314813769446191 0.280944484369241 0.150942022055514 0.0793785272646896 0.0171455004553654 0.127140639590479
0.275665527787195 0.165204326009156 0.0962458589782346 0.015569773479545 0.0314346114398298 0.193618264531332 0.222261637774707
0.0965278955568883 0.210974559614083 0.175361105787084 0.104079430855069 0.244432605916611 0.0769836713792714 0.0916407308909936
0.168039137916207 0.107518552777855 0.0330909209074198 0.155298065262832 0.0850806501625037 0.307516119029949 0.143456553943233
0.249386672599217 0.100958457766261 0.170403540728082 0.165733741431729 0.203062652290555 0.067964152840468 0.042490782343689
0.193974151220533 0.15011165115487 0.087293553572541 0.214110277639061 0.0310994263358426 0.00200307779218119 0.321407862284971
0.0407388344640044 0.184769909331648 0.189614463345674 0.262772229614999 0.21975742837355 0.05535314103751 0.0469939938326146
0.0366206796930155 0.178752980410166 0.155360537876739 0.0981624203814554 0.190150559524654 0.187464742191929 0.153488079922041
0.0371477575450817 0.194932691638138 0.323590530161801 0.001781203856502 0.097780503426747 0.200186900266876 0.144580413104855
0.170930795247136 0.171503049035141 0.165313473472856 0.173614598795069 0.0301126780822004 0.176941231277734 0.111584174089865
0.000710046487666298 0.177897897463769 0.190473672648941 0.309669286946146 0.106488043510387 0.0446161573513764 0.170144895591715
0.149202587306297 0.12949595994942 0.177351926144469 0.0917447796414682 0.0917334334604184 0.134077103069098 0.22639421042883
0.0144972465701099 0.168697931399167 0.000626985297048449 0.264189947091226 0.226501811048576 0.302321899119509 0.0231641794743634
0.148848041247914 0.0396875416395376 0.323497034415757 0.109686216427278 0.0215990681237011 0.162362979640978 0.194319118504834
0.126121881275234 0.193745255066661 0.0634989907338709 0.132860914358856 0.220864256323726 0.079843769101035 0.183064933140618
0.191034112015384 0.00498727174874718 0.194715155797617 0.209523609673862 0.253289087735986 0.084243669652411 0.062207093375993
0.0904712198302527 0.192132093604826 0.198297413020196 0.109364981127382 0.176259275294171 0.201735899471233 0.0317391176519391
0.177821869394163 0.208105168047657 0.0730589992406775 0.11887399530353 0.309522977095974 0.0300246548818351 0.0825923360361638
0.118417464390181 0.102539431038448 0.126139921373866 0.228529662039379 0.074794383155424 0.20418529470626 0.145393843296441
0.100198319783971 0.179824566603152 0.0401834362376862 0.0805088440795137 0.241112881759146 0.270086000394066 0.0880859511424654
0.301443310252938 0.0357867685435603 0.192726353691974 0.35087205726361 0.0348999268787907 0.0672997918935687 0.0169717914755576
0.146793669298713 0.1715572059461 0.150840570089155 0.184546183489656 0.164420116211572 0.17458483824929 0.00725741671551338
0.149013703087901 0.216748770079147 0.104029737535157 0.162273456158261 0.00309819884929531 0.155169501906122 0.209666632384116
0.0638353666662865 0.130456153439327 0.0624236506521915 0.129057730951066 0.250667949511261 0.260700465543935 0.102858683235933
0.0739334141747174 0.185021950795624 0.183375834139805 0.155590841147324 0.0164583470244838 0.231539068133554 0.154080544584491
0.0877505294243862 0.211513754050581 0.169936379678056 0.128217101854968 0.202133481415926 0.0286868791765836 0.171761874399499
0.0930635030405713 0.0891088606443724 0.225835511582294 0.264184585678069 0.0145227414041197 0.20828266459856 0.105002133052013
0.153147362636431 0.275406981123177 0.131271403687861 0.102382758223797 0.096357822054262 0.00241986858498502 0.239013803689487
0.139179864800414 0.162551363181914 0.176669107845731 0.168201060076423 0.156409706629367 0.136458596644731 0.0605303008214203
0.150506301429704 0.252155366671487 0.132085332681075 0.340127677063026 0.00519379871600358 0.0612301590861833 0.0587013643525207
0.0261490123538544 0.275414112478677 0.268795783640588 0.0237269093142721 0.13734093502797 0.0821516071660812 0.186421640018558
0.00673268469957257 0.144158713104934 0.061360186243398 0.109615821007443 0.198580716766649 0.299847434568356 0.179704443609648
0.0989577484926809 0.17089668219024 0.189344462302595 0.173628795726651 0.0784714026238611 0.0995325157719084 0.189168392892064
0.16626854073587 0.153146696932318 0.0238515241934547 0.192389262685208 0.212853816036134 0.0933409622127729 0.158149197204241
0.243693086248802 0.218062194698156 0.0494008018585175 0.150076912878744 0.191552730185573 0.108205634295142 0.0390086398350658
0.214646346191453 0.14962035692457 0.025270380655494 0.145401325203391 0.0430766446927912 0.137455804542712 0.284529141789589
0.133678478897229 0.200560942876378 0.0492046375377453 0.0724744644236645 0.214134195192651 0.142893488734324 0.187053792338008
0.0558122022090808 0.178159568391272 0.297163451638496 0.108992927171306 0.0894433625703749 0.16691376933196 0.10351471868751
0.0581073389445865 0.0925261344189251 0.267873220892265 0.11549046225317 0.0921330139778393 0.19010021916803 0.183769610345184
0.220712710676557 0.184350288186413 0.051417764982122 0.110936917514103 0.062230041569781 0.0737084447327143 0.296643832338309
0.284747105860781 0.0584461338843399 0.0392083887435672 0.243403020746473 0.0350527278433284 0.295823633925692 0.0433189889958185
0.285951632965288 0.132015982833332 0.0874235709544936 0.0418151931581697 0.0674927229335559 0.0497372937268872 0.335563603428273
0.176449522134927 0.239384369599957 0.000393877021588512 0.0960668581458908 0.00397619470156755 0.255349472373433 0.228379706022636
0.21686198428069 0.126730510028234 0.1226965463973 0.0335531944697457 0.224670920444906 0.220118471390028 0.0553683729890975
0.120945779918734 0.257304740131075 0.222567043167654 0.109588932749694 0.0458439013726066 0.189235771971693 0.0545138306885426
0.0632979975482479 0.0680066678485798 0.227956347832928 0.151013523381138 0.069489608894694 0.171065099141431 0.249170755352982
0.0603586691199256 0.27343502633387 0.117177015612789 0.189836489678377 0.00801932393819316 0.272264997464384 0.0789084778524615
0.022715054148098 0.113417540577371 0.303824097150129 0.241234602080361 0.0536388430529718 0.0640191887612513 0.201150674229817
0.145052490297737 0.113551861924625 0.0818650180605584 0.101891967144453 0.236541144755893 0.0876845185982259 0.233412999218507
0.259062982378948 0.074550136857168 0.0416453667913792 0.242264225368168 0.241856458150711 0.0234862704232933 0.117134560030333
0.225355396516226 0.130644198093956 0.0975285659710792 0.110468009591895 0.227194767859024 0.100998956303424 0.107810105664397
0.0511435057453739 0.171789059847507 0.147780893066264 0.0654992214527999 0.0238466259870168 0.200324505154702 0.339616188746337
0.132493217650435 0.134068491729673 0.16567696024853 0.107872315583085 0.13365560584633 0.17545675198155 0.150776656960398
0.0787412436229146 0.0860638374400873 0.223266319401375 0.251801518338983 0.0804294042224439 0.0940768445363256 0.185620832437871
0.0499302444817727 0.371464215746152 0.262656829008102 0.0514825754199655 0.125566947003774 0.0036154330709397 0.135283755269294
0.176259093414873 0.145278380708549 0.152948003622293 0.162522358798675 0.0659608564245351 0.151324953056842 0.145706353974233
0.057751852607694 0.174443048914403 0.227652426061178 0.38322323596097 0.0252356940245881 0.0101561415831716 0.121537600847996
0.103654976209753 0.267740887233616 0.123705009623164 0.1464248852616 0.00732297749633006 0.277076425812651 0.0740748383628856
0.167599445247581 0.171334047548105 0.17003600873158 0.0814096974868365 0.148970391822188 0.162047978763401 0.0986024304003093
0.197898160308644 0.0799826479490156 0.0623050367918112 0.135624440541496 0.267440985643954 0.133353107300972 0.123395621464107
0.224573846834096 0.208314400376674 0.132822049542461 0.147371622480827 0.0112753442644296 0.115939447219691 0.159703289281821
0.14768116742371 0.273202635010441 0.201651736891217 0.105247911029603 0.0855623426562817 0.0599642516325828 0.126689955356164
0.29116603894156 0.0268492256296582 0.119248882493626 0.263395272002236 0.115393634522461 0.118684309980529 0.0652626364299306
0.187714334633747 0.0481090613645345 0.174573205525615 0.193677800598744 0.055579362834294 0.0399364808035278 0.300409754239539
0.203215951786076 0.180433001767176 0.20190674587138 0.165257477389186 0.0766884988307751 0.101683351223282 0.0708149731321243
0.134033314768062 0.155814772288321 0.168724262160451 0.0481239269355171 0.202896315678253 0.175017792830054 0.115389615339342
0.0596057967306013 0.118523346922214 0.00801134103412718 0.231078212306499 0.214012091596707 0.214576424059371 0.15419278735048
0.175930900923217 0.0859412787181744 0.183987051399246 0.215840630913974 0.0668673272664182 0.0522828214333673 0.219149989345603
0.18665456280909 0.18681398281 0.164159945602769 0.127985582537076 0.149680322223803 0.132584045120508 0.0521215588967534
0.0977061654252223 0.0869562622008474 0.260673264499034 0.108036780222321 0.00820599139516144 0.322410173018435 0.116011363238979
0.160631169183353 0.181348677924038 0.114887229436902 0.168748788656022 0.237544393611639 0.0874021706261774 0.0494375705618676
0.0983231895182249 0.0891570867467037 0.107548892482396 0.152523412520641 0.213297861308509 0.135029966267364 0.204119591156163
0.0529012896418151 0.0894647198448767 0.113122819346346 0.175328000494437 0.174850465866929 0.245610014337484 0.148722690468111
0.0468928678317699 0.11126315142306 0.232641461600191 0.247341034271249 0.0157682576302774 0.139957983002319 0.206135244241134
0.132462923664304 0.140535986218485 0.0559020360256938 0.073783271402417 0.225740738166971 0.264484279299719 0.107090765222411
0.294930347014694 0.137422741109104 0.227782034782467 0.0155937228307933 0.0331931246026368 0.160957256180108 0.130120773480196
0.244454790842411 0.0164657558810126 0.226529503246782 0.060039684732272 0.20153305444057 0.0406281673873721 0.21034904346958
0.12299314986515 0.19108722862112 0.0898664930607791 0.249939218327412 0.0649258279856357 0.17561011464341 0.105577967496493
0.172764006059921 0.0499616813661396 0.167030501815782 0.212749772871229 0.131379505874211 0.0470425773515095 0.219071954661208
0.0597584372577256 0.22589039366582 0.140029571848953 0.194695329352904 0.0173647460029914 0.21193424809603 0.150327273775575
0.277463383373192 0.0754732595348077 0.300191506710276 0.0278817742141909 0.038370622531365 0.116454492073436 0.164164961562733
0.287484455071965 0.278237244705203 0.00559682088704594 0.00292843955732105 0.143422681996945 0.241446322748506 0.0408840350330146
0.196350603994008 0.193879562364588 0.176579094560104 0.11456841410507 0.0556469293150593 0.0597132765535036 0.203262119107667
0.0576204497878284 0.000377942947564863 0.242023480744641 0.171582937239123 0.20360728815589 0.220133916400639 0.104653984724314
0.0787281621413928 0.13075280911974 0.095175280846199 0.0949482801428055 0.229713666257237 0.109013600707435 0.261668200785191
0.147507571762849 0.133049720880805 0.0892847472109458 0.0642406679289432 0.25372703873624 0.164767581331032 0.147422672149184
0.220948585720159 0.058893959410302 0.290042358323027 0.0646451775686377 0.155898523271069 0.112328996376505 0.0972423993303006
0.0961135227275517 0.117220827913335 0.121740239029872 0.272113958721043 0.183976795343551 0.0516822118112018 0.157152444453445
0.11217898735133 0.166835192605407 0.0438277299274437 0.111291570426167 0.164193473418977 0.191959086623195 0.209713959647479
0.189305566999611 0.00145581101451589 0.216302159773273 0.0436415003011612 0.0926029570496213 0.259918922166203 0.196773082695615
0.0188122804803921 0.07724438707096 0.133501250844405 0.161544831418896 0.203331588485803 0.228821460935977 0.176744200763567
0.0236735866036417 0.304424367651343 0.145950405077175 0.224301388131226 0.0850595339525976 0.0126049099562259 0.20398580862779
0.270071731363148 0.225943289991799 0.192148110589889 0.158292289712446 0.0364548936057557 0.097831552634158 0.019258132102804
0.121048470363616 0.372048182231442 0.261942710831475 0.0445019383002101 0.0891753417089421 0.0199342093172152 0.0913491472470994
0.142856458578163 0.156305104786425 0.128949854283517 0.045386541436225 0.157500670358353 0.234359922934344 0.134641447622973
0.243200812363556 0.152406905631549 0.128425113487961 0.0124522315447108 0.189750749144352 0.208516217750168 0.0652479700777026
0.0648907574274678 0.239870577959961 0.210491053594825 0.197180784428058 0.177973813548646 0.0501177176793206 0.0594752953617223
0.219145004414477 0.0185101567148317 0.0423515393698729 0.283528899643073 0.121032332862499 0.197118707421281 0.118313359573964
0.206435620973132 0.215081995029793 0.0112828924938179 0.147694936200974 0.0310976927844192 0.129150370280902 0.259256492236963
0.0581384593165624 0.140505010608077 0.135322912410695 0.0226515112850556 0.250143150414563 0.146704724698416 0.24653423126663
0.23881586967531 0.253343012005467 0.156426861279554 0.0535116116728143 0.0774327354814114 0.200808808414705 0.0196611014707384
0.0624651183246498 0.0834128399950932 0.165197563709014 0.0676859092643713 0.202571967362316 0.303870221552929 0.114796379791626
0.0524410401973164 0.152139240737922 0.209603565006551 0.0461473336191998 0.161675944263337 0.221654021736349 0.156338854439325
0.000592821475992723 0.071006203501369 0.000269669198574295 0.217506119837964 0.126751371762452 0.430542318495369 0.153331495728279
0.215571346468437 0.133678257083126 0.0178208324288859 0.229057087779759 0.0384172783337433 0.218373038302983 0.147082159603066
0.207992187946657 0.167721645872126 0.0348018116507818 0.107720163009075 0.174955253997399 0.18589275417968 0.120916183344282
0.109334916205062 0.341840850564654 0.335461238407863 0.0858224006782689 0.0503265437090289 0.0566783999241838 0.0205356505109384
0.0205977481358824 0.147678854191021 0.128275090302107 0.287150684750078 0.0766079644831687 0.149179482705394 0.190510175432349
0.185961386198235 0.0598107040105357 0.210439164228593 0.259402452862783 0.146253968901854 0.0225510352285946 0.115581288569405
0.0778932895939362 0.085929877378796 0.229906678979181 0.0694483971525936 0.241987603654799 0.135508333616842 0.159325819623853
0.0532474641987658 0.253561330538768 0.168397642669918 0.118025973744643 0.131642270012921 0.0702394803949347 0.20488583844005
0.129015459486624 0.159080879891592 0.235462549267363 0.104961831451493 0.0529743992608022 0.113776187469439 0.204728693172686
0.292773261949276 0.0439570107447385 0.162550225713125 0.193012554894472 0.0630185685315992 0.204470843312905 0.0402175348538839
0.157625651521298 0.103341295743368 0.00409227316660758 0.0119188422925248 0.243366345947891 0.229596122469452 0.25005946885886
0.115758758648336 0.215891653358473 0.0906822468924601 0.14605099532837 0.0512159696826713 0.111417199270078 0.268983176819611
0.0554017991905104 0.201991239196196 0.232008851410784 0.228733839866464 0.0977817489530354 0.0405369942353365 0.143545527147674
0.171689079882417 0.177243316119879 0.00069317686226997 0.172971083043037 0.158331084351143 0.229080113491394 0.0899921462498598
0.268365627272743 0.083829048820494 0.179088907003002 0.227811625141213 0.0131858136078027 0.136791108877575 0.0909278692771709
0.0639919837203583 0.188761199046994 0.0872676189570598 0.049908631863991 0.046089903899748 0.276877898692348 0.287102763819501
0.101174011623443 0.216811272118113 0.154007685830285 0.163805543397422 0.029735624499591 0.154116114787311 0.180349747743835
0.0998271186282378 0.149264914833817 0.189178127327561 0.206170356432689 0.028833883795953 0.17194750666162 0.154778092320122
0.143395186765646 0.240159648303684 0.294285779330016 0.127169366144756 0.0313184828030307 0.142560692929203 0.0211108437236652
0.0140401608223622 0.236228161528114 0.264665126082674 0.0425861745605857 0.299438640367076 0.0220540412541076 0.120987695385081
0.0634453338950993 0.188735276116417 0.23960352080492 0.232163519126734 0.0591341715726001 0.0633603237712135 0.153557854713016
0.122400322218137 0.147863187844617 0.23986285253589 0.21618441449894 0.157794368728959 0.0826929648910642 0.0332018892823927
0.224712182697976 0.10838149337811 0.15244694361666 0.219170473650524 0.00828597096421789 0.15413023915796 0.132872696534553
0.04055637318732 0.00771452810587481 0.26209169933284 0.239150925035865 0.137583129006369 0.204490242978633 0.108413102353098
0.177189853423601 0.223659609526552 0.160729936688064 0.0533853424031402 0.00617994851008686 0.210794833421428 0.168060476027128
0.206877615381614 0.118364396879968 0.0535679530842049 0.226086523467864 0.0625519757974869 0.131641838939387 0.200909696449475
0.0773105586425226 0.190249911384413 0.223277357628676 0.276532167693365 0.117207624711336 0.00895241045180448 0.106469969487883
0.0309860133446253 0.0776174747242655 0.379470554213115 0.0830343669636855 0.0191469227163328 0.114741214887616 0.29500345315036
0.186050012143074 0.166657212023265 0.0993453601456718 0.110875926148073 0.160195598356227 0.147894850672503 0.128981040511186
0.130464705275413 0.0546850555050976 0.242117097173982 0.12996682724301 0.11530033501276 0.0752773936421229 0.252188586147615
0.0349751847677553 0.155402381465901 0.107707074716153 0.162823251357532 0.250270444634938 0.093594691425091 0.195226971632629
0.0658868472797123 0.217616662391383 0.20728584410582 0.1649983770361 0.219531222978154 0.0253665189359503 0.0993145272728804
0.0518765324788358 0.188269527979844 0.129748243958479 0.16034388908755 0.0923591233862359 0.23004687468223 0.147355808426825
0.107387213117999 0.0662304147804576 0.0988778157021156 0.181361174183143 0.144928714867098 0.198270360546727 0.202944306802459
0.143827325539228 0.232438238445847 0.0518578370424955 0.13964656717903 0.123760234346653 0.105222242557303 0.203247554889443
0.00988171859832464 0.150342413231561 0.149157451570466 0.145604407383534 0.250489080249891 0.0988855550056081 0.195639373960615
0.155536344370437 0.205306507700394 0.142214866261821 0.186413375743746 0.113954000683529 0.0351969577488594 0.161377947491213
0.17189031999174 0.224768684323072 0.0898918758568479 0.251464543290587 0.0788140841697694 0.175615603651349 0.00755488871663415
0.0974599629548346 0.00169880932535109 0.190304593068025 0.185746357165954 0.141564853368348 0.189622431999837 0.19360299211765
0.238162427297356 0.195749873566732 0.0925097457220621 0.0593720108661904 0.0621258472687046 0.183359865861773 0.168720229417182
0.0697412669894109 0.0557244478060237 0.198860299025695 0.0720918375625223 0.00621756665245541 0.325184803854169 0.272179778109723
0.0820212329151526 0.096252394062126 0.137685492635706 0.195679659262852 0.134295517409649 0.149136783210174 0.20492892050434
0.0722387206500174 0.169983979703415 0.128949151017499 0.0136204826832084 0.235236627294256 0.209904637571289 0.170066401080316
0.063299940147337 0.319040161202347 0.105049064683008 0.175261033087134 0.276556839526109 0.0118541491121384 0.0489388122419275
0.0949927873542889 0.225880719363719 0.033725788285844 0.176135706499499 0.119255620605128 0.163836130130712 0.186173247760808
0.327602512091578 0.230869108818807 0.00623968441174193 0.30338585482573 0.0180031005837441 0.0273842550887375 0.0865154841796624
0.234922955750029 0.192846702068622 0.0201515126143776 0.166487996328566 0.279513787700884 0.0711169289873217 0.0349601165502008
0.199641931336583 0.141210754973625 0.18605041578686 0.0959769670698058 0.215591567968386 0.102558738137235 0.0589696247275058
0.162037814469609 0.143208185868174 0.149560733277727 0.149451378581402 0.122156241308803 0.168823451428041 0.104762195066244
0.146166646545278 0.181087294675762 0.0971396172724903 0.0487002515110945 0.217749150323421 0.063112115932206 0.246044923739748
0.141667535757089 0.107251746357807 0.00959184647622336 0.224308076024155 0.22458233116183 0.109660769541585 0.182937694681311
0.0165202676052346 0.164607640265751 0.0213645791894372 0.171661230126288 0.146480516464626 0.233971119265727 0.245394647082936
0.277409929073743 2.62419127636107e-05 0.166019131688255 0.167549445661318 0.0545583075112353 0.0828450880367022 0.251591856115984
0.0541606176767642 0.0263602621012287 0.281946388508678 0.28350142893732 0.206480463896345 0.0666066126806744 0.0809442261989894
0.160647319301989 0.162731026827844 0.100019451087805 0.150839467235993 0.0932327317286161 0.0664083391241249 0.266121664693629
0.190366221241166 0.00891494430856592 0.141862097097333 0.0738978691668899 0.184548077576497 0.175819914716071 0.224590875893477
0.0261994190459903 0.169623555806123 0.113796175315994 0.140959351630507 0.180960222286166 0.184976133446717 0.183485142468502
0.0988258000275673 0.165029233231676 0.0321104906103674 0.211753077803763 0.123254700595811 0.262788989944465 0.10623770778635
0.104948651270947 0.0828515618405467 0.158075352510046 0.0386553446721629 0.294073080740112 0.101340481822255 0.220055527143931
0.0518080212172479 0.0461517463477534 0.204818952623704 0.119573266686218 0.213488451936094 0.300909131938952 0.063250429250032
0.077871371620985 0.0990197255546418 0.193961360329716 0.230913481574845 0.167149397938257 0.19304355632683 0.0380411066547261
0.187128022961798 0.0913456782314225 0.155482647590791 0.233432886147393 0.172291044565651 0.0949530852276148 0.0653666352753298
0.246829997268084 0.0817580911923049 0.16678854422722 0.169935285655464 0.0616109586677472 0.158940440852123 0.114136682137056
0.151690468767688 0.162203006400253 0.161450174303556 0.265140976923043 0.085992936128186 0.123775514120897 0.049746923356377
0.0751572060171515 0.0746049714035457 0.141866642095799 0.163341009014124 0.206493679661739 0.223800565508998 0.114735926298643
0.0530176801970445 0.122946639911958 0.219636146103348 0.0602520547662473 0.212770047601764 0.094154087223617 0.237223344196022
0.211688800410731 0.123318597088883 0.12946590338484 0.0273601437807005 0.184595024394825 0.156313194232238 0.167258336707782
0.0969973759743992 0.0628911303218542 0.247713537761272 0.24806208511005 0.230145078053558 0.0698062729190556 0.0443845198598104
0.171928860896811 0.0982733275098572 0.200572163055479 0.142991164986823 0.159401740500943 0.178783764775241 0.0480489782748458
0.148837976185203 0.252820784221672 0.200604310069239 0.000194438548091211 0.0434904185692394 0.137998562984552 0.216053509422002
0.174825919811934 0.160482336921149 0.171399307013686 0.0313886828264562 0.10702484409538 0.217115991703236 0.137762917628159
0.0385726599934533 0.0401932669829879 0.246325248608167 0.301402432929929 0.0805924506480978 0.238950445042758 0.0539634957946059
0.156396572709658 0.20119378747153 0.0283241315745869 0.0359442432355078 0.254920771749449 0.0879386274318572 0.235281865827412
0.127316721633999 0.229723339844713 0.048033856622532 0.215580953343605 0.0932050195735713 0.074107685911038 0.212032423070542
0.0775515926259469 0.023336532103548 0.205923806660245 0.0511216479069644 0.127487994082108 0.202640284197308 0.311938142423879
0.0552027970084314 0.277044286039967 0.0904451034514205 0.0814764534768571 0.255353538218409 0.124998750914666 0.115479070890248
0.190851645535586 0.186782487044382 0.0285203196235239 0.241091544649219 0.0737454246099404 0.184212169324695 0.0947964092126536
0.0542000860035706 0.112619511557678 0.30727841392567 0.175421183860133 0.171612411967849 0.0353670095384968 0.143501383146604
