0.0421217316045409 0.270095575706559 0.143065292199321 0.000813964720710178 0.288480547574855 0.255422888194013
0.0028351347196753 0.312303104319124 0.0839756892894162 0.18107305165377 0.29674219991017 0.123070820107844
0.269285700101433 0.0574984447526741 0.0657129290100184 0.281507501429737 0.0846454450229741 0.241349979683164
0.224018209345855 0.414510299495348 0.146701777238649 0.00907588320336268 0.0851915678234558 0.120502262893329
0.274538558452355 0.0553557202944313 0.137505053003472 0.0864952526789762 0.252892458470351 0.193212957100413
0.287400957200594 0.185116578451862 0.086894745403174 0.0549346447977387 0.0935731564812255 0.292079917665406
0.11516392369346 0.222314866722613 0.238963144598235 0.26145777809503 0.0102125738087093 0.151887713081953
0.175667576256729 0.18571014178275 0.149740653522879 0.186394680503812 0.145077382471219 0.15740956546261
0.0643661480535522 0.27633474068333 0.237514381332655 0.240058007557609 0.16589710432028 0.0158296180525737
0.114295383193605 0.0175064212352011 0.0770440497796464 0.337243040226864 0.369043876986598 0.0848672285780855
0.169660941027929 0.0118583142023322 0.296691820600175 0.12289613432397 0.396293741100423 0.00259904874517087
0.100708336964741 0.321994273353593 0.268248962020765 0.033275638369259 0.145133798447202 0.13063899084444
0.134733586778784 0.158149111221972 0.144622054342509 0.0511578565092729 0.276670736495619 0.234666654651843
0.327336745048861 0.000140671744957244 0.32058787597144 0.162002709919216 0.0556796128186358 0.134252384496889
0.028270788186753 0.0464513846126141 0.195152510648666 0.421040326826748 0.0868422577267609 0.222242731998458
0.0928209974232755 0.01755931422115 0.435990108168606 0.0300818291452504 0.0288805798727386 0.39466717116898
0.334420209225994 0.121140081354536 0.240659532839145 0.153409114281482 0.0204974532881486 0.129873609010695
0.113768158133683 0.156129093574186 0.138162488836192 0.131048025428352 0.0448472218886553 0.416045012138931
0.29256913736515 0.0905016024299493 0.0343295716116023 0.21259531301751 0.214959928019048 0.15504444755674
0.105886344985094 0.157239833055981 0.197538260303799 0.121943652887954 0.375570734910713 0.0418211738564596
0.352823856720546 0.192172196186649 0.0870338447654034 0.0632336932622805 0.25613597595143 0.0486004331136914
0.26270545419302 0.0680905813198468 0.262600649669531 0.178530442436433 0.203702362796406 0.0243705095847629
0.131286211293539 0.133194922008998 0.190903864787616 0.218706988135606 0.200259490139505 0.125648523634736
0.106167234350969 0.00497388744852772 0.50457491427315 0.257288853168944 0.105565485559591 0.0214296251988183
0.159356334001547 0.291912874493388 0.127938587478058 0.209031232319771 0.00139546056624305 0.210365511140993
0.210452401362701 0.191297787615339 0.0418619322283235 0.120507495745089 0.161678175291411 0.274202207757137
0.238774999297039 0.232864202851719 0.22145699483181 0.0665685740218101 0.0937619054282898 0.146573323569332
0.161270061933345 0.125972139013198 0.148284755838 0.135060674810789 0.283720359334721 0.145692009069947
0.182378358439136 0.296599301154905 0.143883434966339 0.190372998817573 0.0491190474092287 0.137646859212818
0.109924084979536 0.158609499847264 0.326107620780783 0.319536672604769 0.0314977317617 0.054324390025947
0.147052306541298 0.191481958253458 0.060532470677863 0.178790102862265 0.148676379391574 0.273466782273542
0.0480773849691995 0.250225444304219 0.133097477712479 0.0576774621991427 0.108753773022115 0.402168457792843
0.234583332060452 0.21237441617192 0.0530846983879342 0.0762429778948235 0.163587234991706 0.260127340493165
0.204299038404665 0.172208076355666 0.0653613391624972 0.205994832974695 0.116108530613961 0.236028182488515
0.172568623770863 0.154946416610703 0.115106594955833 0.158589990926962 0.18544543550312 0.213342938232518
0.150261374626688 0.310045310472849 0.0240649315970815 0.177750629686281 0.22030777761028 0.117569976006821
0.183362273488641 0.176834416174466 0.172956352289259 0.185089708418428 0.154934538731114 0.126822710898092
0.26005747503557 0.129572103317549 0.00708944874098541 0.24882667440892 0.302964438737052 0.0514898597599236
0.114587611380343 0.123549734518837 0.138149216875837 0.278315487767412 0.267962657867324 0.0774352915902477
0.14982327955444 0.231995827863092 0.0207005229415107 0.156181386625188 0.285195620340826 0.156103362674942
0.142495126859975 0.302389912418368 0.298595889024629 0.100912299508982 0.144690419847824 0.0109163523402221
0.0913537357274974 0.296472724848681 0.110593146305595 0.294929790774123 0.181662945262397 0.0249876570817073
0.0364820828815408 0.137719257990282 0.130467605561065 0.313956177016786 0.322875417649544 0.0584994589007823
0.284551126020136 0.116807138741196 0.18107352917893 0.369747215292073 0.0221085514234187 0.0257124393442457
0.292178401264182 0.106001975284469 0.100742337055499 0.0833746196752061 0.171704827000511 0.245997839720132
0.0464295960048509 0.218977087633291 0.176046392169651 0.197984084892456 0.191508607193298 0.169054232106453
0.206095056619541 0.201649997788299 0.333382843368305 0.0848280429680498 0.154874196982719 0.0191698622730862
0.215011398410088 0.256517691798801 0.19108739172593 0.150550835081325 0.116382348304086 0.0704503346797699
0.202633428555295 0.138632349068826 0.0476863638935031 0.159047028746432 0.192468868604717 0.259531961131226
0.365368244152409 0.00289546187847254 0.0390151445660579 0.303503879952387 0.113697947422871 0.175519322027803
0.0439931822532624 0.305791380767176 0.163100662843325 0.340532949306078 0.0515599925983772 0.0950218322317821
0.0756948944451107 0.0864863841587524 0.291471080802711 0.0900848999533571 0.135055299887526 0.321207440752543
0.155947009368176 0.418794644449832 0.000344448911725448 0.13385537536097 0.108925849650886 0.182132672258411
0.153017662079188 0.312761981512399 0.126475263315939 0.0537725901763247 0.0446843698308835 0.309288133085266
0.209173771108704 0.236085220022678 0.0768537425643469 0.227931189556837 0.235333865157347 0.0146222115900876
0.114025193948582 0.270428985906615 0.0363210388983835 0.469296400117276 0.00655053181348627 0.103377849315658
0.0943026237204172 0.266611684548463 0.162890066591022 0.00936671143598457 0.179919666052063 0.28690924765205
0.185404623769693 0.132645254932377 0.158576114157639 0.21577375851709 0.148792480570714 0.158807768052488
0.117444016702711 0.189835166237961 0.240408493761915 0.16364119160552 0.133183221828707 0.155487909863186
0.058795858092814 0.303554743525485 0.110869339416576 0.322732770724751 0.150852574124101 0.0531947141162728
0.196985486966548 0.108600064951758 0.226740521817918 0.0892858634988458 0.201563037688869 0.176825025076061
0.358124870821776 0.0596719350860559 0.0289471917071779 0.102508869153843 0.126314391139542 0.324432742091606
0.0988940181978273 0.215699932470889 0.228904272967194 0.184801280067544 0.172660349286175 0.0990401470103704
0.274680274590457 0.215631569491283 0.0473133682087997 0.0785250202321896 0.180602312138913 0.203247455338359
0.0982847613782957 0.21604593305774 0.151741523394822 0.074759521363037 0.172975713456706 0.2861925473494
0.096272147282158 0.256079143540117 0.150053935055241 0.107433083979261 0.245435065016014 0.144726625127209
0.0589316302199103 0.257041431661551 0.004300278286169 0.328269807640325 0.136125496342002 0.215331355850042
0.304750424195945 0.0978258029117632 0.280317141298446 0.122068224096127 0.0192825314198035 0.175755876077915
0.147621619551189 0.0783563299182915 0.273874678957061 0.0633477113013261 0.2402344979415 0.196565162330633
0.100523261953188 0.263390417255435 0.121544222268343 0.0325263352813874 0.273103003374655 0.208912759866991
0.0577883955486019 0.00354508052870757 0.331716420051616 0.125620822836893 0.301389155466366 0.179940125567816
0.130359399349036 0.0644069951495685 0.214808759792879 0.00997191216890879 0.264396567674341 0.316056365865266
0.0127180916085593 0.142040044108849 0.278868239427701 0.116876422401684 0.179205500576579 0.270291701876628
0.230918354683922 0.270283434788636 0.0840110323297273 0.202077298731821 0.0573054198386319 0.155404459627261
0.204278364045586 0.218693760084794 0.0587360682665764 0.0344486301251967 0.178570796586495 0.305272380891352
0.0685813748183373 0.293859877378623 0.197239220220116 0.169338519399482 0.145130817833396 0.125850190350047
0.118936359551808 0.154202937806694 0.188709846259532 0.120283455978436 0.296999491976524 0.120867908427005
0.192911410696511 0.409196910939899 0.181818143647463 0.00452310921753485 0.0427825516172254 0.168767873881367
0.253832718512315 0.112023879445837 0.269204060811999 0.257084420200073 0.00180881940526396 0.106046101624512
0.0883704693668893 0.294792335842053 0.000940357197776246 0.122602457034706 0.226427648559382 0.266866731999194
0.00158950446451241 0.0113366323792275 0.335094593783036 0.0297795585313772 0.343361986426225 0.278837724415622
0.181477287095227 0.154298749774737 0.183097418236058 0.159848969281906 0.140228795885778 0.181048779726294
0.395237035705506 0.256862337051618 0.0452822889242133 0.182171310430325 0.0930062655588588 0.0274407623294791
0.238557260330859 0.363151790699416 0.227961650343849 0.0223098281223531 0.124635694018049 0.0233837764854744
0.136259711219936 0.220075941362193 0.107628499261537 0.0867532794878699 0.275964106189912 0.173318462478551
0.0866567870384144 0.202001844929497 0.10482220800649 0.27225380397548 0.0940451524985701 0.240220203551548
0.200310407438825 0.252353886666978 0.161084231615323 0.114857625429313 0.0909134852505043 0.180480363599057
0.128561683260396 0.10659425251617 0.0252020208242528 0.000511451918450862 0.370033077335507 0.369097514145223
0.244119196999079 0.117160314797754 0.124600332493076 0.162395896756902 0.145292198365533 0.206432060587656
0.222975105059933 0.159926383849663 0.152010262309521 0.164131106836156 0.18406411973188 0.116893022212848
0.184398921895354 0.133528364084492 0.163515084722825 0.254879388077159 0.0737593920082699 0.1899188492119
0.151312707899844 0.109434632118652 0.290025401565165 0.0741227658258432 0.144129317961512 0.230975174628984
0.200820883461599 0.0957063254348169 0.238849990853415 0.121760113528063 0.14468515533821 0.198177531383896
0.195692834206652 0.216790406238187 0.00855111714000322 0.181186660704784 0.174880998099763 0.222897983610611
0.0990507418598583 0.17943292241805 0.11332602358268 0.211505117728777 0.250056754528816 0.146628439881819
0.118242125502539 0.360628404338169 0.279109222521218 0.112997736686539 0.00193802949447899 0.127084481457057
0.141529974442255 0.238329967913298 0.2790825025681 0.0288680693841813 0.10253757030418 0.209651915387986
0.0376622870591794 0.0221920535487627 0.274181145869674 0.221350229220509 0.165839399250001 0.278774885051873
0.122150932426811 0.0714316463975331 0.494931215294555 0.0991774752049671 0.0307930790074617 0.181515651668672
0.210140931566118 0.0853806478759463 0.206151824638383 0.171472446855388 0.267902450559322 0.0589516985048436
0.207286737379816 0.274414571031151 0.0625517331961933 0.0876010209155952 0.0344101743076799 0.333735763169564
0.0667919605019332 0.164277520456055 0.141963841598727 0.253281488065159 0.135134031874789 0.238551157503336
0.00674702501033489 0.206355447475436 0.23152564445706 0.110582305275052 0.252661666620175 0.192127911161942
0.233617218771374 0.193500161518232 0.132995650110533 0.11319953843041 0.0643837339780489 0.262303697191402
0.345646528471047 0.234941185798709 0.235797458753118 0.0730313023437396 0.0380459857883986 0.0725375388449873
0.189508572496948 0.227037829471488 0.150793229857185 0.230392733431091 0.126051840384266 0.0762157943590222
0.0537334434599104 0.204354543251883 0.107288530341965 0.160838262842425 0.221069899805819 0.252715320297998
0.148722233283959 0.214028218624342 0.0344512598297849 0.173400177252687 0.111955949916751 0.317442161092476
0.0165578803039337 0.267384498849401 0.214810403550313 0.267659320150791 0.117148947343975 0.116438949801587
0.190962581474185 0.0569828218804972 0.102267343373509 0.286942924885545 0.231568116932072 0.131276211454192
0.295374307684286 0.202504577886647 0.0408871810297717 0.153866057593864 0.0775618134395961 0.229806062365835
0.194920968223508 0.240794814426165 0.0177135083479966 0.14952195466852 0.199257980320191 0.19779077401362
0.180502897693462 0.182182877392193 0.111253197819624 0.158135447601802 0.0769285648330216 0.290997014659897
0.221856020762755 0.088331135287614 0.286940984325322 0.22514032102464 0.0787966184968458 0.098934920102823
0.117554313252985 0.225065554236865 0.0809058666512229 0.13380577392993 0.162305539025315 0.280362952903682
0.0671419450907041 0.153716866837885 0.160363357748845 0.250844144206201 0.207225057926007 0.160708628190359
0.0551986168197528 0.102750812212004 0.0543328091041657 0.316215860564523 0.176974452460621 0.294527448838934
0.112668154894743 0.150084820124367 0.0359661812373119 0.301442361148713 0.138291586400344 0.261546896194521
0.177230253975759 0.247315237385971 0.209293324740613 0.179376744690996 0.134254849052458 0.0525295901542029
0.240815278192958 0.360893867456365 0.204534031106538 0.0350578282034823 0.155634722916318 0.00306427212434005
0.181430135269602 0.306421964793649 0.052319274194014 0.00163370547379585 0.251295357774983 0.206899562493956
0.0203934083801166 0.141638414736637 0.14356627594108 0.36584286856968 0.0637071599324557 0.26485187244003
0.133586292977935 0.277731071443153 0.100283994931552 0.331846675047935 0.00727723837563315 0.149274727223792
0.241337145167288 0.215020815889656 0.137481329127896 0.0830774218686259 0.216340750422715 0.106742537523819
0.158296473650785 0.262875831180803 0.172823109341008 0.0828379099062478 0.158407609104293 0.164759066816863
0.113222977735528 0.0755697220902981 0.186054945702251 0.281973760670485 0.259859801033556 0.0833187927678825
0.099578329741152 0.000149053744016786 0.126031403145814 0.226660443479422 0.226615550528301 0.320965219361294
0.097358013759505 0.208279800741813 0.268781587195651 0.218296870603961 0.0890757468619895 0.118207980837081
0.223245502971436 0.247753671821434 0.0068304941160563 0.269073367732462 0.136909122168397 0.116187841190214
0.153688725317369 0.166720264026587 0.14453600162833 0.150903692288623 0.151349197064473 0.232802119674617
0.230498793471311 0.0784772391958864 0.3337182817659 0.0458005532246531 0.0900560123386772 0.221449120003573
0.012422239096477 0.207317771262577 0.244058041535386 0.0205734500429711 0.272676721687871 0.242951776374718
0.178219168057527 0.065882799921985 0.182909117390218 0.222829634438871 0.0692755690692261 0.280883711122173
0.109149309923507 0.0612683386965023 0.308477518028869 0.190095363627839 0.0278431307990848 0.303166338924197
0.140322383866404 0.144745720880644 0.21434302857477 0.156473130949054 0.135245533562306 0.208870202166822
0.179399137537453 0.348043684142935 0.217053518237341 0.0943965043076317 0.0584077514346359 0.102699404340004
0.202055293501892 0.126775798570534 0.204743909995548 0.174417264955768 0.214317810244812 0.0776899227314459
0.368813931860217 0.199697716980545 0.0153392306483993 0.183487004523908 0.0487714642602404 0.18389065172669
0.273333206889506 0.0057003421691444 0.273722919501471 0.237161757791165 0.155478935078553 0.05460283857016
0.25320437567294 0.28433058445252 0.00992623926513802 0.0894208086010012 0.350686716751974 0.0124312752564273
0.248076864950397 0.0205042837851475 0.171880044205502 0.304443111518529 0.25443476367938 0.000660931861044851
0.0341579529045567 0.283799279486676 0.240623407286252 0.143668317996965 0.083725432394805 0.214025609930745
0.107139085116447 0.171140491247314 0.220582958779247 0.256736882096833 0.122940191970374 0.121460390789786
0.164668683596184 0.149414844798272 0.368377454261168 0.0132868342032233 0.00734334331698498 0.296908839824169
0.0580425730959644 0.138178294898907 0.361723020552278 0.00841527235623616 0.051169737971019 0.382471101125596
0.303154129410263 0.0778558290391875 0.0523739891829207 0.218459455661433 0.181981665464462 0.166174931241734
0.223364314884463 0.183229689269509 0.348422691757566 0.0391870406783533 0.139205573460451 0.066590689949658
0.161949401623421 0.236667742348507 0.172505824603792 0.188222655531847 0.0260369584997316 0.214617417392701
0.285131331902214 0.103949519550617 0.214248469626841 0.0528702189464094 0.073500744013496 0.270299715960422
0.0778180854231248 0.212572364793048 0.288607640219063 0.00415841317096987 0.259591938687244 0.157251557706551
0.074561598690615 0.129833505347442 0.07021203375662 0.228712971896251 0.249545430521478 0.247134459787594
0.00337028815638946 0.147369918525044 0.0240755024771059 0.179599678998578 0.373957044836207 0.271627567006676
0.0329112388345268 0.112368148368186 0.165883584312617 0.206056564088307 0.24920106111581 0.233579403280554
0.198322558303518 0.221825869357359 0.08887847754444 0.0918334063708328 0.226329840408673 0.172809848015177
0.187894950900862 0.0375999635679127 0.344076067556149 0.0450795548460868 0.241172152940151 0.144177310188839
0.155078599768333 0.25257354971439 0.19590604769197 0.0420323412671932 0.13975842618528 0.214651035372834
0.131845888923806 0.0256789956069117 0.234189149675757 0.174531434542078 0.394558214210562 0.0391963170408851
0.322337943686057 0.114450258875994 0.137394959059462 0.152907183488941 0.130672925704169 0.142236729185377
0.054794139758635 0.128797148089273 0.00245488914383748 0.240380404880857 0.192317110143806 0.381256307983591
0.100172914386471 0.0656063827861793 0.0444532261584016 0.0431557568673004 0.191187246091574 0.555424473710074
0.261401991282564 0.276849432861971 0.21980459010921 0.0512921462535647 0.073009626318751 0.11764221317394
0.126727295274929 0.0571186309602725 0.184086346926556 0.204377522660375 0.26609923132774 0.161590972850128
0.0580800791462906 0.156814034082225 0.290898990671564 0.300197738124927 0.00750720466041664 0.186501953314577
0.237445585773789 0.0544202094017947 0.136148245458877 0.266097876350613 0.244112975890114 0.0617751071248127
0.0265499160760447 0.278766684825416 0.120240365667393 0.302949602015945 0.212498211374912 0.0589952200402899
0.225238815485658 0.272925226072846 0.1030729444915 0.0362908921557092 0.271097610144449 0.0913745116498375
0.262263624181307 0.112801192498023 0.2455626390476 0.113992565745612 0.238529503103398 0.0268504754240598
0.0192569748759782 0.187444957576927 0.0109080415415218 0.140407689455079 0.468991634393274 0.17299070215722
0.0129070871558716 0.165182869309206 0.176309126188471 0.249587025555155 0.254974426443013 0.141039465348283
0.225627206117839 0.204936586675145 0.107994590396894 0.12793288453166 0.160003563143103 0.173505169135359
0.0346206575751384 0.231885863192418 0.0321009188750749 0.111105835191935 0.314950283019058 0.275336442146376
0.251826307026425 0.0657047674311453 0.225351164077238 0.135170965702873 0.106535667402723 0.215411128359597
0.168524007296842 0.147801330962787 0.219471018874263 0.148689929284389 0.224697914837656 0.0908157987440629
0.311558517450269 0.131127613496106 0.0837929334106406 0.134875014782388 0.203232777605756 0.13541314325484
0.281012291008861 0.300313799509233 0.0656507661556133 0.019380129504989 0.0695205923017021 0.264122421519602
0.176030198138208 0.202587814267859 0.214423705104792 0.224574556401094 0.0732299086289596 0.109153817459088
0.13771535143621 0.200854262124962 0.136998458064997 0.209782211597835 0.272819041441064 0.0418306753349329
0.239610262351667 0.26435641981112 0.0623184273824827 0.207414879784599 0.205155941541029 0.0211440691291026
0.188967889424455 0.108209440705422 0.119684930194657 0.19437712022716 0.205310441729355 0.183450177718951
0.285507890228895 0.164825576398793 0.16342170403761 0.311827333491143 0.0725644189761434 0.00185307686741579
0.228308264429967 0.123226509098118 0.112859113955683 0.236898878998469 0.166413083595964 0.132294149921798
0.125583898486582 0.196582335623327 0.211871959069282 0.0667915301922799 0.0551318831740561 0.344038393454473
0.315601234407073 0.16262682481631 0.0497008411765614 0.0392501339954847 0.349591318750659 0.0832296468539117
0.156424426511935 0.258945070507577 0.037383397597434 0.290252635171199 0.150694433041957 0.106300037169899
0.0373278385750575 0.0100943078389277 0.000564828293355523 0.142653380906762 0.343204423444494 0.466155220941403
0.188327454658611 0.276019242136748 0.0527764018348413 0.160212593531512 0.198217728680733 0.124446579157555
0.252620478734588 0.200720038851097 0.0638441475485559 0.191223022177538 0.0193566194425294 0.272235693245692
0.0243334664751996 0.28679078827265 0.242433474077154 0.28761803603234 0.0525131907645598 0.106311044378097
0.117197444162148 0.189079917325571 0.345890915527834 0.0165339668663593 0.0191010002033251 0.312196755914762
0.165149007355877 0.26826088736799 0.260875654570853 0.0702571376338986 0.155071650478594 0.080385662592788
0.0997401079506185 0.241052804739535 0.116916704360911 0.213758615271236 0.1943694192501 0.1341623484276
0.25403880415788 0.144283093037432 0.266601825382895 0.155094428654887 0.0731018400512882 0.106880008715617
0.169833036385467 0.188783950950812 0.245414289854691 0.272443812590419 0.111870480561871 0.0116544296567397
0.31684599644333 0.169863930153347 0.023047111242226 0.0320656714065332 0.200879592823031 0.257297697931534
0.231779668502908 0.108472422683031 0.0914288458569621 0.197242152670668 0.0354685574562092 0.335608352830222
0.16825938920764 0.167350531787227 0.125723023792733 0.333785962382504 0.152783299967757 0.052097792862139
0.169309724690537 0.177635705106541 0.197440964463333 0.210123150477376 0.0998839016550011 0.145606553607212
0.0638981176839021 0.212770216732129 0.133856748544362 0.200065305769423 0.157070366979824 0.23233924429036
0.143680297878324 0.260140439117513 0.198579354683766 0.00926268077540176 0.167642740472573 0.220694487072422
0.0408351388172239 0.0948169916907146 0.288362600139289 0.209240527556435 0.240036167964108 0.126708573832229
0.0368768258799748 0.248267035693042 0.186881234211173 0.192353123050413 0.136448565274751 0.199173215890646
0.221981675260966 0.274762451867403 0.0985594427612575 0.117521913016585 0.212734847712991 0.0744396693807972
0.00901185004771418 0.138256637967383 0.228372771335587 0.239351988877953 0.215629927378579 0.169376824392784
0.215057510228452 0.0925664336930155 0.25864258081777 0.138636823394502 0.157842408168743 0.137254243697517
0.236742149288886 0.088529778331644 0.274099590789129 0.31005552192505 0.0444897783713445 0.0460831812939464
0.00794130255747839 0.142585917698221 0.271880601612507 0.188215199106982 0.075695348062201 0.313681630962611
0.153933146871815 0.153427727484813 0.396145576110179 0.016198853216477 0.210427933696281 0.0698667626204348
0.0866313255276206 0.168046651498226 0.236094427599825 0.300228531020514 0.00647196028758721 0.202527104066227
0.16777182449936 0.226675319269892 0.0359655614750139 0.249955795616571 0.0676041763740075 0.252027322765156
0.204917568534137 0.0574468874209264 0.00515415038620808 0.271921933578747 0.305968973810131 0.154590486269851
0.258661897312393 0.147416999299848 0.322822424841826 0.143693436596844 0.125471532186763 0.00193370976232522
0.233381517052045 0.0157824497557043 0.0734178449889386 0.195136908300664 0.293007233651687 0.18927404625096
0.190399415745157 0.244894206174251 0.0946038684206356 0.0966795900698015 0.231959187654001 0.141463731936153
0.259228380911295 0.224036755129674 0.222869943492943 0.0837797120093731 0.0419848398926008 0.168100368564113
0.312650815390772 0.111740830687885 0.140522786547169 0.133701122742571 0.258592816904355 0.0427916277272484
0.122587832260498 0.127203065016564 0.146615639805269 0.222472702700433 0.00711456377196475 0.374006196445271
0.339335274937086 0.0849979962525056 0.0282202982925246 0.269026700102149 0.264891269737702 0.0135284606780329
0.0957541148571835 0.104759800485253 0.0541190051236996 0.338703351888047 0.203155193177953 0.203508534467864
0.234652409394775 0.190814595888643 0.0474723250893417 0.268422615812648 0.202285012048505 0.0563530417660871
0.211847460615415 0.120867773810661 0.199673207157541 0.15680554018831 0.226524501666693 0.0842815165613803
0.120590475239049 0.204377196102283 0.192412953352255 0.0547167001361138 0.213809403925434 0.214093271244865
0.16843781893386 0.072713428397519 0.237413684797081 0.226890576727039 0.0247552424343024 0.269789248710199
0.290954954210123 0.136525245696524 0.0856067333114012 0.0602461239047944 0.129678856413223 0.296988086463935
0.223134886545601 0.0404296755737888 0.255637774064577 0.172375415849674 0.256779349948605 0.0516428980177554
0.000317183280425078 0.0901076919425425 0.239666040155155 0.0921179542616878 0.0366218468046198 0.54116928355557
0.139143829275813 0.137739209722803 0.255283729613276 0.27877280970368 0.134139132188805 0.0549212894956222
0.0886590683152842 0.403461006171205 0.204796625631532 0.0556704753044518 0.148801495464069 0.0986113291134584
0.0844128274374472 0.195063456514821 0.241178702766126 0.127244616216926 0.05902660111199 0.293073795952689
0.0437023703448739 0.248540823768741 0.272545190932967 0.143621362937526 0.213320529075012 0.0782697229408804
0.215830355444501 0.105058602140856 0.223236887518783 0.157395490620573 0.0239428784737443 0.274535785801543
0.0763792857067455 0.180050000333695 0.237352899705456 0.183032374838064 0.190774132038234 0.132411307377805
0.127480372625318 0.086456164193217 0.264560905310973 0.345005978702807 0.110998926409489 0.0654976527581958
0.135314369257524 0.0765206614894989 0.293734171005478 0.164350031149665 0.247508428070453 0.0825723390273809
0.0547964584586571 0.2226161604507 0.195184544073482 0.0647070164434662 0.228719359630186 0.233976460943508
0.15078183768098 0.116874541914941 0.325929001201466 0.111309733733376 0.102951212896724 0.192153672572512
0.103054383986407 0.117534086920741 0.237067463311297 0.211515893017556 0.0401380817592195 0.290690091004778
0.249005521037487 0.290940538392923 0.17151083971757 0.00565123709215941 0.0142933757308987 0.268598488028962
0.212946713658514 0.026423273249913 0.137504584357245 0.264621963963178 0.215273625764878 0.143229839006272
0.328868769418368 0.267781686642133 0.0522769002012481 0.00730750409571553 0.182535380367009 0.161229759275526
0.240169429328893 0.0421641805217524 0.279936330420022 0.0265056284270725 0.129684700748669 0.281539730553592
0.0850211140083444 0.219517494137995 0.163378825713028 0.0572702628517915 0.279284369699016 0.195527933589825
0.389216857410781 0.0672136573926611 0.265246348236623 0.0386018438913975 0.151259694154839 0.0884615989136977
0.232530353027314 0.118066554667348 0.0687248562273924 0.202235452963681 0.367809359053229 0.0106334240610361
0.336302062849492 0.268501967152032 0.0808977841555755 0.201129813369931 0.0157089716782312 0.0974594007947378
0.220114254632951 0.242184133624831 0.222137019449179 0.15203885444703 0.0452511898007232 0.118274548045286
0.249659330772012 0.0242431112000252 0.0949520638392789 0.103241680413408 0.00259357911490929 0.525310234660366
0.367621690493097 0.272026224280355 0.0445050923915244 0.00649557804252701 0.0163964827823958 0.292954932010101
0.027590022346761 0.235439038935812 0.261721840515931 0.163069747044299 0.0811429628155153 0.231036388341681
0.178325971765862 0.246597545526485 0.080692587422948 0.0815180574091901 0.256834408664633 0.156031429210881
0.0854055045386278 0.129000887332212 0.181199920514083 0.215118935773974 0.24958885816518 0.139685893675923
0.23623102900705 0.106620227285193 0.00668001946938967 0.233023797325694 0.256590429896375 0.160854497016299
0.177022072125354 0.188072183928458 0.268782000801733 0.135320009746886 0.0875637562966949 0.143239977100874
0.249913335318625 0.0580949494733904 0.00725995750265242 0.179417731561307 0.259089047196128 0.246224978947898
0.196286739549332 0.0415014168787984 0.0351184385933632 0.271954117937013 0.207473010225964 0.247666276815529
0.434256090230963 0.0294104006902403 0.208918970347419 0.164501073504681 0.00300305369068468 0.159910411536012
0.221614694355945 0.20942264698731 0.166562821686856 0.0490509274662467 0.18548639608535 0.167862513418293
0.338738742606288 0.0892572582829721 0.0710860838717345 0.209047101170267 0.224571789024925 0.0672990250438134
0.179121242501355 0.0200877153171006 0.0441746950624185 0.0991925068566371 0.30700907552834 0.350414764734149
0.0148830366442759 0.065906881585173 0.444275706464659 0.295982533587987 0.135226504598631 0.0437253371192748
0.163848310670599 0.065464126881198 0.222275781017836 0.229495327214445 0.184340090776699 0.134576363439223
0.145353472121889 0.24051067305034 0.116130634123742 0.0453905054648782 0.17109680050023 0.281517914738922
0.0902083808231076 0.301748115754058 0.0309964492481165 0.26807136534766 0.255148309773771 0.0538273790532865
0.0340599879986457 0.237905131983825 0.206669126461378 0.19026625208104 0.103102468680302 0.227997032794809
0.279646535553065 0.15231594505664 0.266626751260231 0.0771608967999335 0.00658817605368594 0.217661695276444
0.05037954630811 0.154248758358266 0.302005804837678 0.239162018470357 0.00915105952195909 0.24505281250363
0.0542853047027278 0.235269334028429 0.21827688353112 0.106292509779129 0.114912122414169 0.270963845544425
0.229283098932339 0.0786588587069582 0.08025359341578 0.274711553695386 0.247984327556567 0.0891085676929697
0.0353726697172923 0.0926847245989239 0.187094705460551 0.223659757945749 0.259190567851162 0.201997574426322
0.290217827476414 0.237221780330272 0.218232228030116 0.129803167427489 0.10220873559099 0.0223162611447191
0.123412702748996 0.275310650576218 0.1873252671738 0.0218898447154029 0.122112629669813 0.269948905115771
0.252170178797608 0.246852064085538 0.2327006828126 0.0126052459866625 0.148812694405508 0.106859133912083
0.209211773644312 0.262299008401712 0.0133203362540367 0.0863565075397329 0.138830630325147 0.28998174383506
0.196922913218392 0.0851683164935804 0.17960686059993 0.0979638794994081 0.239486311796893 0.200851718391797
0.233118671626899 0.196711599353922 0.00449535957496309 0.182275705425521 0.231356575013046 0.152042089005649
0.209986098136027 0.168326412532858 0.275731555610695 0.124652302328528 0.194352317208726 0.026951314183166
0.23467407581082 0.108376522877508 0.116793520071581 0.33818284207013 0.0970798279843499 0.104893211185611
0.257174468097549 0.246199681619501 0.127717355925964 0.0710225886688049 0.0614331002009234 0.236452805487258
0.0556777220770651 0.0964606742177343 0.202783291003382 0.294845790953721 0.239331492741121 0.110901029006976
0.149682751973868 0.111491278225388 0.123871537881723 0.211981454916645 0.198620114637753 0.204352862364623
0.160550809266785 0.168707260571404 0.248556065090024 0.0417056068500954 0.172736919140765 0.207743339080927
0.0817806136378169 0.0916620464697861 0.238888983988514 0.17806166799013 0.240573880933628 0.169032806980125
0.0887636528675063 0.0680131003188563 0.0811579510652995 0.132880364048995 0.318480386424342 0.310704545275001
0.0526964451237435 0.271663347031103 0.193206258242022 0.116869308625926 0.0315654894454716 0.333999151531734
0.21608622019125 0.261918440705983 0.182353720519416 0.0658770496363999 0.09240908923387 0.181355479713082
0.397283669843741 0.163070772953068 0.068820325294652 0.0411712939959701 0.235304553195812 0.0943493847167569
0.209195196082335 0.0723825429144374 0.246611815914674 0.191751598710053 0.156076313682948 0.123982532695553
0.152355942638133 0.118158974973974 0.245993450412689 0.124609603828462 0.236928824008384 0.121953204138358
0.189137018917148 0.166331240356561 0.105983157278777 0.176273738949734 0.270733270079958 0.0915415744178226
0.235550311910757 0.179376654004304 0.137391675315991 0.0287546803779398 0.144424418680932 0.274502259710076
0.0550787084497916 0.286119345468577 0.178863647637267 0.200128996682483 0.0750696945743815 0.204739607187501
0.291224628498407 0.157744867458815 0.0160444804355414 0.249325278122278 0.121134655963829 0.16452608952113
0.243224441489503 0.371121401129609 0.0796503733844415 0.265926725148235 0.0381605632019415 0.00191649564627077
0.183594940151425 0.123244164437782 0.195180235622919 0.128008557950978 0.228867608563108 0.141104493273788
0.212459799085487 0.147941946012734 0.147043090820889 0.234781431187493 0.204814360919817 0.0529593719735802
0.161100505698532 0.0357408793810032 0.2484637848592 0.0969742072170317 0.249430784582179 0.208289838262054
0.169403595242696 0.200731349874004 0.183838221530913 0.258151100996929 0.0775300656649291 0.11034566669053
0.22877217981138 0.106825434025803 0.156748595945555 0.182296240770116 0.155316697874655 0.170040851572491
0.184406176468921 0.094284398613096 0.0493867673265486 0.102823650138351 0.319588173087612 0.249510834365471
0.111258644114997 0.246655307184147 0.0571612648101437 0.406348544076636 0.118502495464217 0.0600737443498602
0.159958856259511 0.0235502455627703 0.250681122385414 0.0924817160670958 0.193671803027781 0.279656256697428
0.261846780173593 0.0250477683517947 0.193299185538534 0.275377107127166 0.064624364227148 0.179804794581765
0.0988790030043796 0.156096878702752 0.0795449766100652 0.243498820434647 0.248541540282878 0.173438780965279
0.170218088626003 0.192594582473852 0.0848248318173415 0.155407386537091 0.342370215449785 0.0545848950959279
0.0604287594564445 0.188461977857966 0.0628652703727479 0.337036855158105 0.256885657755711 0.0943214793990252
0.0548946056748048 0.217385408724073 0.167288102077412 0.295114099041482 0.125973000454902 0.139344784027326
0.0983690794076829 0.07718137663653 0.260439326702834 0.237171138080656 0.192376848784904 0.134462230387393
0.28550986189869 0.038908397129564 0.0281843403497881 0.250465760653758 0.057497191560977 0.339434448407223
0.184039890046015 0.143780601600268 0.111140610785271 0.21644900715892 0.213999082620028 0.130590807789498
0.125920455680079 0.218863156776734 0.230656574501266 0.201186253998129 0.14751789885575 0.0758556601880422
0.117945812203934 0.254010645556646 0.0994608223169708 0.0367669085982251 0.202210231262674 0.289605580061551
0.323196936296417 0.0577183020100926 0.247805099640424 0.0807948045419217 0.0930868742130475 0.197397983298097
0.114829347580441 0.102399432440962 0.340525739602197 0.281540970997959 0.139883461116485 0.0208210482619577
0.312276516923321 0.272490923439951 0.00955246422814003 0.160683616852475 0.0629927350922659 0.182003743463847
0.301283285959934 0.0471673229388192 0.21735733923591 0.0993327376231336 0.0583741625111536 0.27648515173105
0.21468110245051 0.0992399768410349 0.232299876080985 0.0394467367307761 0.165780650979654 0.248551656917039
0.348516803362395 0.0347949853155962 0.222304870288652 0.0431318003619648 0.269954063454036 0.0812974772173561
0.283606592563635 0.174614656440112 0.137954853273359 0.284332381513609 0.102310611055645 0.0171809051536405
0.254648875545047 0.149994597356259 0.161962409801251 0.0763901148118336 0.188544180486707 0.168459821998902
0.0968727900125956 0.177146402997174 0.223347126479582 0.24642588221525 0.123828990194637 0.132378808100762
0.27444797537857 0.204027813600156 0.0904690500509392 0.0395885932150487 0.33440981235397 0.0570567554013161
0.233609543580366 0.0918776344647196 0.242278858230496 0.143291857524635 0.114870458973088 0.174071647226695
0.262087114709599 0.145231555436106 0.0758122703132023 0.227328655574629 0.161124411797396 0.128415992169069
0.241727748717587 0.163041183039503 0.272832680813801 0.0381265776486438 0.221310781016787 0.0629610287636768
0.26647780581754 0.0661332897311879 0.129636109980934 0.13427296310558 0.172031855594387 0.231447975770371
0.106672331715854 0.0938511315148938 0.094449998571677 0.261118787027596 0.239262196995667 0.204645554174312
0.119582938326777 0.0289381332139182 0.143826101054659 0.254362455584977 0.211277729741808 0.24201264207786
0.222062857562513 0.0169956180520252 0.306094780102142 0.132625093300794 0.0833345325047716 0.238887118477754
0.391634656475741 0.0634501735100933 0.0883974084977925 0.22639555490949 0.0657090309201299 0.164413175686754
0.256756415933754 0.144507141605478 0.127012689330395 0.107573300276834 0.191237972276336 0.172912480577203
0.253508546390916 0.0668788769601438 0.164667208028712 0.234887152993628 0.0840599205158713 0.195998295110728
0.277319072486818 0.262623089815022 0.0480715595503636 0.177091175981749 0.00364949748915283 0.231245604676895
0.293968784510178 0.0211037432082689 0.239713805240765 0.0294453837152152 0.35975603392951 0.0560122493960619
0.225109947525695 0.260522736923309 0.25373867967412 0.156972454138889 0.0196484992516545 0.0840076824863316
0.0939868906784078 0.20569547560539 0.136858003108921 0.315251125115289 0.00814887901266197 0.240059626479329
0.101249527702313 0.0928476843152268 0.140071406259468 0.253372038170953 0.264220311233449 0.14823903231859
0.107320395978912 0.224295350074115 0.236270751053176 0.145567917446629 0.133915253295787 0.15263033215138
0.350938997819949 0.406270604936819 0.0167171651317153 0.0418805483485251 0.0282950589154114 0.155897624847581
0.292525755941757 0.101841563704456 0.0385935060604963 0.203074481741118 0.340028917885918 0.0239357746662552
0.0505424766232463 0.155208443168667 0.25186196338464 0.196614714511279 0.265025728577562 0.0807466737346065
0.266210152185977 0.00698383660194259 0.0255921332746124 0.180552096950491 0.291208166848186 0.22945361413879
0.246863148397844 0.0718355438147625 0.204275040736917 0.0752105318210595 0.170747450372493 0.231068284856924
0.0786226569890035 0.218681768052107 0.0545514635555147 0.130031710506607 0.35568228005459 0.162430120842179
0.210674526105071 0.123445723999314 0.249411994349318 0.145125848135191 0.123863064559651 0.147478842851454
0.0588877407568392 0.146071071212761 0.146703125373094 0.287686317188448 0.132572033111589 0.228079712357269
0.127888766147207 0.135547450048362 0.0481412947210337 0.161723027456741 0.276055156307137 0.250644305319519
0.171838229015419 0.0422246991343227 0.21973501468761 0.20075763494145 0.185728839829703 0.179715582391495
0.127446926849681 0.141644692189882 0.186913187210797 0.0567068270416904 0.161056986490717 0.326231380217234
0.14003699120672 0.1769741708247 0.0878925626156592 0.0385414904234817 0.199666312732443 0.356888472196995
0.2457667599781 0.101628444374512 0.236967535181206 0.126986488964772 0.18128232867572 0.107368442825689
0.232563960150452 0.11957257034613 0.0183704032532728 0.242463598446677 0.243316892349762 0.143712575453706
0.40247316635759 0.0255561618945651 0.0898874753292431 0.346001770224442 0.0332361430959538 0.102845283098207
0.230832474626053 0.219924267685167 0.172730585475466 0.180137486707494 0.0432610539871901 0.153114131518629
0.09600603478286 0.320570533915352 0.155064583649131 0.0767537270409952 0.227769056471656 0.123836064140006
0.235414415351363 0.111574818501579 0.22102484652762 0.0392497704994253 0.161652563547876 0.231083585572136
0.29999516347483 0.0763435525491816 0.206452709816021 0.111105679841662 0.181628450835963 0.124474443482342
0.169314333955218 0.0291461373499966 0.211946083426568 0.166303172223585 0.246696002824737 0.176594270219895
0.0639193626688957 0.226311567968489 0.124861638034454 0.00314261672147563 0.297482679733079 0.284282134873606
0.0612966255935758 0.158841061765909 0.0122599085105293 0.348289590501506 0.125056521627697 0.294256292000784
0.184451674450083 0.158881366887278 0.211506466777091 0.215494692882133 0.0487309240798121 0.180934874923604
0.1880510424953 0.130268588085373 0.259746977680927 0.163148231861395 0.136351779715183 0.122433380161823
0.17970040746157 0.224541095260137 0.245833338610482 0.165710831226714 0.0362953170612258 0.147919010379871
0.310066041103716 0.0961025621927574 0.18479607559728 0.0603243426578162 0.318148705124982 0.0305622733234486
0.056473619135512 0.178115583188905 0.224488815629055 0.311497915383447 0.0119027958268371 0.217521270836244
0.228510154863797 0.0450648404103058 0.301969638762148 0.128476512852278 0.107041020579705 0.188937832531767
0.0460058301739844 0.238947426222103 0.156277738077452 0.242519031999477 0.197094903123556 0.119155070403428
0.0461626653173732 0.155790347110872 0.0909653538367809 0.235022207768424 0.123831737369995 0.348227688596556
