0.165982517288144 0.205357500546309 0.199064879531826 0.0277924684820714 0.190178924570886 0.211623709580764
0.21616502445528 0.0666685274262881 0.13300036337573 0.163275715867816 0.218270898686927 0.202619470187959
0.189332650291556 0.148028257294036 0.275525844432841 0.267433529167654 0.00466015140356926 0.115019567410344
0.0979423771577931 0.13490013751024 0.25008887498756 0.0947058046930337 0.199215184765769 0.223147620885604
0.230125592533868 0.120975550022535 0.210158779564672 0.180024464545776 0.0677716663555465 0.190943946977603
0.146847116604373 0.190921415632867 0.25735225492903 0.0518837456831721 0.0859694095107997 0.267026057639758
0.0565206761583719 0.278855884302753 0.0733156839518201 0.349471237283949 0.0132768273671871 0.228559690935918
0.14046811880116 0.0617832937780776 0.24178031288525 0.18564472211858 0.364207975141076 0.00611557727585692
0.365328681768777 0.0905035242583868 0.143494332013282 0.142016660832295 0.0775624972516015 0.181094303875658
0.138915318221278 0.205453201350664 0.139072721862027 0.211171902936153 0.0294442860946996 0.275942569535177
0.0333700809433764 0.212770905077165 0.177972223905629 0.391291692483314 0.146344671335434 0.0382504262550817
0.274271014635217 0.0938971446349652 0.340367469529167 0.123317986740707 0.0989925787687071 0.0691538056912367
0.274954260958047 0.322186015676781 0.217028506215844 0.0996930327939435 0.0573419927309078 0.0287961916244761
0.05731851501689 0.196751351451627 0.283519746334591 0.0888600458686994 0.224079063198486 0.149471278129706
0.24588978361744 0.15002479838769 0.319839338481521 0.260546478789899 0.0185747868810283 0.00512481384242202
0.183313618180112 0.0854605033116143 0.141375950278956 0.250088526694625 0.231574772441974 0.108186629092719
0.0650631692043064 0.315016659723335 0.23082474373001 0.13650158677258 0.212530187333631 0.0400636532361375
0.190685664161124 0.204158853307433 0.140269644590214 0.113356846984442 0.283378660499971 0.0681503304568169
0.108337857188283 0.166512851774015 0.256798834320902 0.122406376841856 0.150085159545929 0.195858920329015
0.217427017099259 0.227231597909061 0.0864180488490421 0.178016549922879 0.144478063015251 0.146428723204508
0.345992842772442 0.101936617257279 0.121673140247617 0.286678744500603 0.0147702152735232 0.128948439948535
0.233574283879403 0.156614859970699 0.0622856615125869 0.101385146755701 0.205164516555429 0.240975531326181
0.117100266052398 0.131315862735768 0.0933855186727379 0.223117984037062 0.314129598002763 0.120950770499271
0.237058616822566 0.218919642160767 0.0657870769927972 0.14539327731578 0.30636526982743 0.02647611688066
0.27903414271154 0.0826321635002202 0.140709470425288 0.0623341668978918 0.26023895094837 0.175051105516691
0.0143520303796016 0.237379819321427 0.206930772816098 0.130579762001392 0.180996516344576 0.229761099136907
0.15337212714584 0.268694349438814 0.211787191709823 0.000391084481681132 0.0716399463175049 0.294115300906337
0.31157431143063 0.214269578448148 0.305473563206803 0.0403962718712179 0.0409613749962818 0.0873249000469202
0.259559095629587 0.220152500971517 0.199481026573258 0.209137769296376 0.0215186519885735 0.0901509555406889
0.169160316352234 0.0612326854657638 0.0329373860126684 0.169942305320646 0.313565263498557 0.253162043350131
0.292164062638476 0.134821060323311 0.244730572374932 0.0966325958079312 0.0389349988230928 0.192716710032258
0.31382175188687 0.186853205072506 0.00436359749021808 0.213262269760763 0.167891727756148 0.113807448033495
0.0995898916159281 0.223715391010395 0.211095848988954 0.246310545041322 0.151877670667502 0.067410652675898
0.1866288258552 0.236580219710448 0.233489997797226 0.130917240302011 0.116586328092593 0.0957973882425225
0.0512959524370707 0.299727433064858 0.187287874557388 0.371011602183025 0.0856202128552394 0.00505692490241958
0.162320805253153 0.231239226774544 0.067506401608136 0.183650281610836 0.293138101690201 0.0621451830631305
0.131804992746038 0.329012640495954 0.0452906560027611 0.188582173478412 0.139827819725855 0.165481717550981
0.0645223950609503 0.278511212254193 0.00644943737124045 0.266197513929734 0.211936749182096 0.172382692201787
0.165880538756851 0.0905016864026588 0.309910133163784 0.250064672948406 0.178783473883434 0.00485949484486554
0.247156527098025 0.264469224779709 0.270677087144666 0.0376698430901768 0.00905752187628301 0.17096979601114
0.120023406737632 0.156329422716617 0.219660873016184 0.212248441073258 0.0759968140362574 0.215741042420052
0.0238886768974053 0.25930055455662 0.30156340802111 0.16225099894637 0.245405390765198 0.00759097081329665
0.125855967872388 0.219481662076599 0.240325265185728 0.132631575256226 0.133802562376044 0.147902967233015
0.00351033789501868 0.218998145673916 0.304723907557102 0.0452850654919122 0.311929806897294 0.115552736484757
0.0992757518638758 0.317210292538712 0.194423920390921 0.20998016050904 0.0633445836951493 0.115765291002302
0.217966443510918 0.133358514297077 0.195903993943195 0.269645725276737 0.0183344367840477 0.164790886188024
0.2241728122915 0.0358008325919034 0.0673922691187554 0.288447133012994 0.107003143648155 0.277183809336692
0.158300709186528 0.126107947038718 0.128442756126237 0.106254337612396 0.305665797269313 0.175228452766807
0.18066429731474 0.139013673414193 0.109978669485917 0.171355982315499 0.294756744269924 0.104230633199726
0.210762362321855 0.288422744811507 0.187690645260093 0.0567271991920559 0.197806513141041 0.058590535273448
0.159546473349247 0.221251394110978 0.0682445959986114 0.252692287139833 0.0357440612700575 0.262521188131273
0.329093914176927 0.150676658316352 0.0709358135541911 0.166469694997585 0.264564029679334 0.0182598892756104
0.0471309383720215 0.205291257540349 0.212171386282819 0.275171569481166 0.0529887383349439 0.207246109988701
0.105875617712496 0.181377143633443 0.226848512896139 0.095510918384632 0.188595560052877 0.201792247320413
0.0141974327800648 0.265469457292616 0.256396772005617 0.0764250181331423 0.233527830253171 0.153983489535389
0.0336687060296382 0.178111608001265 0.187635093596299 0.14657765402419 0.147636122299178 0.30637081604943
0.195841779841801 0.303471054913397 0.122652922554089 0.162397502884305 0.0332767659378519 0.182359973868556
0.115168492741904 0.1768015696925 0.090539877243541 0.208286981287918 0.192546470540684 0.216656608493454
0.0187341612199436 0.132003224295466 0.132276895912753 0.343403766480774 0.0212126671684368 0.352369284922625
0.276959684185167 0.134745326835091 0.225537832860383 0.0931306095704358 0.0553382184442579 0.214288328104666
0.310471599131394 0.125563959942201 0.11258099473897 0.21080708484992 0.118967768806296 0.12160859253122
0.0641234948019926 0.201652759551998 0.305187839423451 0.0591866387544946 0.0880492680742736 0.28179999939379
0.0100707169198481 0.134363897784739 0.129228992554242 0.24865603799246 0.245733102044064 0.231947252704647
0.18287619152871 0.14495258835206 0.187972980388414 0.217209513803249 0.116674106882933 0.150314619044634
0.127415744316636 0.216663414455434 0.249663856524325 0.193920562674276 0.141115162237185 0.0712212597921435
0.25353149643669 0.305126494688423 0.157669696568742 0.187086731751088 0.0808463943689486 0.0157391861861087
0.0912779401554148 0.22037568019631 0.088635279576473 0.137133420370631 0.178100298243816 0.284477381457356
0.0112058901414993 0.233261328429425 0.224053285248138 0.0167350374157539 0.275408871734411 0.239335587030773
0.0325961898345349 0.0268823139212872 0.342025419482513 0.202306762032549 0.351710778824477 0.0444785359046389
0.135304331330071 0.263383362169504 0.0647092238615416 0.309193681216016 0.0801625974264664 0.147246803996401
0.212592267721315 0.118147523628437 0.0922048969149899 0.207550157345915 0.202979924004246 0.166525230385097
0.33407205849245 0.379693723524767 0.128367744387347 0.123318469944266 0.00964463933214061 0.0249033643190297
0.403988500166973 0.0180878214380874 0.142823619645665 0.243502100943931 0.134115168256768 0.0574827895485759
0.190824053734116 0.147657688066512 0.241484808022504 0.0180336754866145 0.143348181028296 0.258651593661957
0.274685482071723 0.107252659027181 0.00743697813721537 0.199058525884926 0.213502655978463 0.198063698900492
0.116736650933839 0.245429670448186 0.127994996454222 0.16602968560793 0.221017614344802 0.122791382211022
0.14027383815608 0.0618551873204528 0.365028873151667 0.16837604148009 0.0584305999105925 0.206035459981118
0.252936112943577 0.0835111592273183 0.264666119026162 0.0808569375657757 0.115358141034181 0.202671530202986
0.219877679048894 0.207716950101393 0.0122330034042049 0.128210762495047 0.242208359522128 0.189753245428333
0.216332350725943 0.253567372466644 0.256939561902486 0.00531707017758483 0.253860941955725 0.0139827027716168
0.145184431086743 0.190245436174004 0.280496696849623 0.15738959823466 0.0507629301133886 0.175920907541581
0.300833540735983 0.0900780219485568 0.272638094439782 0.0564705687491991 0.165847109385864 0.114132664740615
0.208456648814799 0.0601977782303388 0.126061491730035 0.305042515399035 0.042432714062771 0.257808851763022
0.0250851639779066 0.10233965083054 0.407849596175249 0.0717032972503095 0.279126078729313 0.113896213036682
0.17795326567219 0.128788745267893 0.250410937631944 0.157497073800581 0.139349255356019 0.146000722271373
0.116046587942126 0.21299980692095 0.0249532003861257 0.212410759659113 0.223974481743256 0.20961516334843
0.315883292205362 0.0497203319927281 0.0679033150009197 0.182465069718341 0.220078584482536 0.163949406600114
0.214834423333766 0.232025994266957 0.0163786348368678 0.113173878442115 0.207681754737278 0.215905314383017
0.0529574122196447 0.0800737457587087 0.40664514613382 0.116665063724007 0.311849162826785 0.0318094693370354
0.0643157718448347 0.149252054545834 0.0374239915657318 0.194913994974167 0.237290502225722 0.31680368484371
0.26651728054002 0.18734475230933 0.081198001673933 0.237271328397069 0.0781306887902103 0.149537948289437
0.235128065099532 0.302498197822886 0.0163433321271824 0.172315650040578 0.108197426841025 0.165517328068796
0.248206073435334 0.0668827911255445 0.24984993833298 0.00667258709338968 0.197244624751212 0.231143985261541
0.298302759702016 0.360045224909622 0.0351242886602242 0.0656626278568332 0.189351529029186 0.0515135698421187
0.0298186319779948 0.342263164578206 0.239839585344723 0.115831487355293 0.0258378963200786 0.246409234423704
0.0102682322371617 0.0739240516106251 0.308793683974338 0.080582513617136 0.325554255852168 0.20087726270857
0.0276292723141247 0.129929407950063 0.059780335003227 0.161602774245103 0.301358861736931 0.319699348750551
0.154611247701367 0.192937376187704 0.116595823876048 0.207422171738963 0.199362598394002 0.129070782101915
0.337445348102401 0.0269962288678708 0.305671108724572 0.0734669288359459 0.231374720325962 0.0250456651432485
0.237309774580908 0.0498956429133615 0.359798331489708 0.104976515818362 0.0354147769772608 0.212604958220399
0.263239053997122 0.162049102986397 0.0503923143971671 0.223624066430857 0.288411317365833 0.0122841448226231
0.0919270433545412 0.26104858363969 0.288486544092417 0.179329105035829 0.115477379966713 0.0637313439108095
0.214435919024428 0.0948079884046437 0.0305869065741451 0.203145637369021 0.324894412708404 0.132129135919358
0.0515725150180259 0.375493204805519 0.0795167139312672 0.0880566458798466 0.391807100597286 0.0135538197680553
0.261718366407233 0.10462550541597 0.0786040127080167 0.0637423752396524 0.272018396441237 0.219291343787891
0.171309777855471 0.351457650688368 0.136102833801965 0.00884359175270488 0.202166968748516 0.130119177152975
0.285692701914676 0.0309099909318942 0.214050175206958 0.185323334881923 0.234154864702274 0.049868932362275
0.102425001042353 0.218486171943175 0.0679327852202409 0.216152495568994 0.225854005563415 0.169149540661822
0.101932795590578 0.249475178706019 0.166413016693967 0.110179950539197 0.0915775986732175 0.280421459797021
0.191316513702558 0.156867744425891 0.066752179995376 0.238828601027134 0.156287510996843 0.189947449852198
0.2715689451997 0.00461425619817114 0.216941484970481 0.112579599257874 0.307514128719314 0.0867815856544606
0.203997849864254 0.0781429900212939 0.217996074584944 0.136802540251308 0.19825639874027 0.164804146537931
0.0329585362379578 0.143592225336182 0.252893165720814 0.122920044214802 0.218511727062665 0.229124301427579
0.0449114018956542 0.110714272047665 0.084207382028741 0.159950340851283 0.241460903599316 0.358755699577341
0.00497775428753537 0.189163005776322 0.209402802433177 0.193961750018703 0.209659367898913 0.192835319585349
0.304391194140479 0.0797249644036339 0.0239951807806036 0.0643406056705802 0.198461140094761 0.329086914909943
0.0601936982304039 0.237442889680262 0.26367225384583 0.0677798269498615 0.264188890157303 0.10672244113634
0.0776968614184024 0.265435191869906 0.209510824614624 0.114153234297662 0.216800006531586 0.116403881267819
0.0973582898215696 0.246476456571104 0.221451355635225 0.140161451374981 0.247220127111846 0.0473323194852744
0.181673794142241 0.0538143258678946 0.21254260005068 0.153270862193462 0.206190542094539 0.192507875651183
0.203713360813692 0.176594461806195 0.00174846800872589 0.0277101640786752 0.332417458920631 0.257816086372081
0.123898498738344 0.137350298899113 0.222989966472235 0.102531161531597 0.222501856776119 0.190728217582592
0.110361636042747 0.302246952790534 0.314308014090759 0.0787788869527937 0.0364320724895024 0.157872437633663
0.0882528415460196 0.272116088342872 0.159947105680463 0.253209964506662 0.034064941463756 0.192409058460228
0.0139057168925308 0.145069722334462 0.277285811990372 0.182319477950049 0.144508351200346 0.236910919632241
0.113319163935258 0.412650419490595 0.155021265079411 0.114861082204208 0.17652115162418 0.0276269176663483
0.386434759511217 0.0671221225490881 0.100921509835158 0.0224279392060958 0.323059043193306 0.100034625705135
0.252687426133363 0.0640299802675838 0.144613593074311 0.213366222495739 0.152470764520005 0.172832013508999
0.210131973763566 0.312303134470126 0.0778686762347055 0.187352925629194 0.116815045967487 0.0955282439349232
0.187882385842045 0.220392811984396 0.163859165228345 0.188064810879882 0.0884366987690971 0.151364127296235
0.270838897717419 0.0145406785328648 0.151263959614271 0.297462488999501 0.211379448915936 0.0545145262200086
0.0828243595307529 0.284773630561858 0.25221972129279 0.20022086889426 0.175227698361961 0.00473372135837836
0.236351087726347 0.181041496991279 0.234015787768277 0.0255432789138327 0.250539758929092 0.0725085896711724
0.446123711675014 0.0821641144032719 0.0110418502098684 0.269864449620174 0.103786784746872 0.0870190893447987
0.194678109654596 0.0622152741988716 0.117813476133311 0.0706242508090185 0.279746765092803 0.2749221241114
0.283050385699224 0.0966752015582791 0.167479788914056 0.283955552759755 0.0149230712059681 0.153915999862717
0.231530388132239 0.0296476756304624 0.225809805966556 0.0840797965571545 0.24681305862017 0.182119275093419
0.165275010550996 0.164410524028447 0.0796093376344179 0.2719524387664 0.220107513030627 0.0986451759891111
0.0765712205611599 0.266796225666928 0.122396444065077 0.252664811060913 0.142180783540844 0.139390515105079
0.141314120761497 0.0709102342217659 0.027462885196911 0.116969751714691 0.307918164645858 0.335424843459277
0.019181903769353 0.0397348647853356 0.112438464698031 0.458004364449749 0.302872229990628 0.0677681723069029
0.151311184400827 0.321051303212395 0.0278559380281395 0.0832027296023183 0.0950205494280257 0.321558295328294
0.0887780564725425 0.289275911041254 0.105047933204577 0.214508709677273 0.272391920104087 0.0299974695002674
0.250380856831099 0.213264362528702 0.0593959646272638 0.112480662893282 0.123608923510686 0.240869229608967
0.0596598422552967 0.118697198995548 0.219917897820483 0.197418028912657 0.139921444280286 0.264385587735731
0.365089683574715 0.150960859031607 0.177384742238213 0.0754771489887589 0.210636667280697 0.0204508988860089
0.144548850919374 0.0553434557014021 0.139564002997529 0.269663193519866 0.202323978566661 0.188556518295168
0.0429516189531807 0.120757368161693 0.279699488455718 0.217108888458452 0.29795156975828 0.0415310662126768
0.165017159989748 0.131022010092876 0.224036456402851 0.046723479636843 0.307382095264984 0.125818798612697
0.277032646817438 0.356108170876553 0.176288566576724 0.0837795900625417 0.0953107580977955 0.0114802675689481
0.0357881486895501 0.319175577718681 0.270480445220469 0.0508205998797222 0.29286313365703 0.0308720948345468
0.0208046592245054 0.28484307325902 0.282078591733215 0.171261258454381 0.189771441059314 0.0512409762695654
0.188661811619186 0.223755862398272 0.164462278287771 0.186706953462402 0.127751593884325 0.108661500348044
0.282358796760591 0.0172740501588423 0.216920887059073 0.256239356545217 0.00413815925589728 0.223068750220379
0.168822560483268 0.274417931090444 0.0887316605414227 0.225296796406469 0.0508920341040735 0.191839017374323
0.208810737561521 0.0212518521599762 0.261049900479318 0.0724446696901544 0.292047316614901 0.144395523494129
0.27815972031176 0.18051215312005 0.0471252368273898 0.116911136809443 0.267501369844967 0.10979038308639
0.100980495569299 0.045361338730427 0.14077419760978 0.289599181652615 0.252787470364816 0.170497316073062
0.0977233774219003 0.0190213727462117 0.428344394419614 0.0679059858955185 0.196449235573495 0.19055563394326
0.38210662870365 0.111618208786686 0.258578643782626 0.150229232212295 0.0185767074610896 0.0788905790536538
0.0758727614167543 0.337920982307881 0.149447187037497 0.23534690158328 0.00661662480630997 0.194795542848278
0.135205572283393 0.0601762276239019 0.0118444986926914 0.124459094041929 0.331171058157616 0.337143549200468
0.242631063410216 0.147845897926647 0.142506491133557 0.0326078254301099 0.180717618937177 0.253691103162293
0.123990685181639 0.162133822427323 0.0871134064045259 0.296508281837811 0.15031461307363 0.179939191075071
0.309463785239036 0.0139994458614695 0.303054544885267 0.307995732700321 0.0494257376822878 0.0160607536316192
0.0729104849140786 0.222725637332011 0.13927597400181 0.201436188813291 0.21345465944078 0.150197055498029
0.211530944758373 0.205386618328715 0.106090359115321 0.245459646365741 0.182778077762259 0.0487543536695905
0.0408013139977699 0.247791009715219 0.103306434756735 0.286155679989562 0.0568336225716705 0.265111938969044
0.108723981684591 0.315072021197381 0.254136340383488 0.162812866794729 0.108205273730993 0.0510495162088187
0.222031790400232 0.204927666355748 0.0652277908659232 0.127159871436909 0.296652782343971 0.0840000985972167
0.0149364296935195 0.170157679066945 0.230662934118248 0.0178518945282396 0.299967495571582 0.266423567021466
0.212945016322744 0.248656051992722 0.174403506611622 0.17037714388548 0.126402976539329 0.0672153046481029
0.174635454178812 0.210830222395305 0.20249826966364 0.0853841614483356 0.119227052641933 0.207424839671973
0.166502241531961 0.196934601871825 0.159834933528346 0.111455039867607 0.170863446279492 0.194409736920769
0.148743351960855 0.186680537895817 0.229792413792603 0.180300634347914 0.0297060910146894 0.224776970988121
0.169471134935572 0.116457615260184 0.209331454409889 0.170029679138156 0.147861552284188 0.186848563972011
0.0407165952557208 0.0690588962361331 0.290606301021971 0.0213867925768267 0.29465496096714 0.283576453942208
0.28616393895362 0.0666143105657261 0.238303199391292 0.276603654923065 0.0244338701432448 0.107881026023053
0.120282132915955 0.206845952993304 0.1083367817814 0.233420227017532 0.157949095332696 0.173165809959113
0.00930084374271951 0.0312615580899723 0.338369423415231 0.51636373243103 0.0444023849638233 0.0603020573572236
0.155457761635684 0.0791373622876696 0.294830613810088 0.279004760924382 0.101712168192938 0.089857333149237
0.225791814181945 0.235093044242725 0.0875926755668953 0.196832691619877 0.154504193633411 0.100185580755147
0.253308064262171 0.279168788941523 0.295406572550306 0.00864969500393941 0.0989168835558674 0.064549995686193
0.0503302177233372 0.124232812863051 0.27133693956542 0.265659548432366 0.22406233701783 0.0643781443979958
0.217463497574974 0.215273303628325 0.121844868123559 0.153682485639494 0.16907776346992 0.122658081563728
0.00342227785232634 0.330197339388353 0.297890067459645 0.0576848123803602 0.189186929648064 0.121618573271251
0.150561810458703 0.106273631432317 0.156045380047636 0.123838396054833 0.19791176762044 0.265369014386072
0.0101868823684282 0.0926117619146764 0.240006174261287 0.0725210402420151 0.338519067984857 0.246155073228737
0.202820869875022 0.236368703757231 0.143011191411477 0.107441360063491 0.0777529264161626 0.232604948476617
0.316764083902276 0.148808261297136 0.00521778779893303 0.308582655451767 0.0606020308327168 0.160025180717172
0.139824809263875 0.118293887963825 0.144259468123133 0.182961304530723 0.207013419597736 0.207647110520709
0.190164457281816 0.107480515973663 0.237498204353672 0.065876323754431 0.276030703916109 0.122949794720309
0.074411402856849 0.281709299808494 0.160499000981849 0.292700490360707 0.180329245150856 0.0103505608412454
0.117595550045643 0.0283126025604761 0.161931696302613 0.18911949817333 0.399822773421801 0.103217879496137
0.225964428439467 0.0749755377399233 0.208207012773787 0.140191842720631 0.168330697001687 0.182330481324505
0.0246393903232259 0.222729830727908 0.240333148773369 0.111954245404675 0.217771283420137 0.182572101350686
0.0942589408301543 0.333557234577793 0.0722479585328718 0.111349200788046 0.188946048813382 0.199640616457753
0.235585408623384 0.532685526161104 0.0486572250712036 0.0882617743494368 0.0544837178714542 0.0403263479234178
0.0716644220436463 0.120006657152049 0.12453370040109 0.263276254519411 0.212013585988001 0.208505379895803
0.257030203357843 0.198149421379067 0.24830152535239 0.0660107224219525 0.176129544664549 0.0543785828241985
0.222204114412814 0.179652544311866 0.0924916844015203 0.151309207999084 0.11531161330167 0.239030835573046
0.0946905047896851 0.0723875402120871 0.204085607136955 0.264215089662136 0.285858310649692 0.0787629475494452
0.0233640705029202 0.177951763201664 0.212332023360279 0.264821940254854 0.0966840693933999 0.224846133286883
0.229194332892192 0.332583020105728 0.0481172696361045 0.0921134882813249 0.0358505873161948 0.262141301768457
0.1340376455028 0.189944302665318 0.0898102270742252 0.275136105147278 0.078466365932433 0.232605353677946
0.272224809439918 0.210203362956451 0.0266481896679068 0.0702575883214905 0.181919515422088 0.238746534192146
0.118509020389969 0.209771630122242 0.189458342559434 0.308919858927343 0.132523651794665 0.0408174962063466
0.020615150654312 0.217551366094219 0.142510809542184 0.300336302208503 0.218364260582619 0.100622110918163
0.0150253500532809 0.111901381684361 0.0884981240678662 0.171371008649722 0.366770674623378 0.246433460921392
0.265937080095118 0.224784359690486 0.0436021180621905 0.153842055303407 0.223217349346939 0.0886170375018603
0.259467967932951 0.187654500494085 0.202691982122848 0.256499861895619 0.0619786307786848 0.0317070567758125
0.156577128014897 0.178246203306072 0.199369649344746 0.205218918628926 0.124395738261656 0.136192362443704
0.0320657856943718 0.0377329585850989 0.206300294947899 0.0812463317427077 0.518548630047599 0.124105998982323
0.214743870287545 0.144579984699485 0.221828917499476 0.225830794095142 0.163873530222602 0.0291429031957502
0.331012949844447 0.0942100129264273 0.0234454595635959 0.248577650803024 0.117847680181642 0.184906246680864
0.17056171523727 0.174104662313061 0.0164358719698738 0.1475193703118 0.236498773855112 0.254879606312882
0.216772697764631 0.190440191932011 0.121746090181547 0.238892249199745 0.0192218206712353 0.212926950250831
0.0703367634291854 0.201523991423231 0.153548599109099 0.242139459063187 0.0741753032015334 0.258275883773764
0.274504587738533 0.271200048580868 0.0155997259500089 0.1029640490351 0.199441458180251 0.13629013051524
0.246599143554643 0.224226050629319 0.181734835954608 0.106014838416817 0.0050777523307669 0.236347379113846
0.299330763913699 0.0951967014884975 0.322360123455264 0.0243294920074901 0.158374543357758 0.100408375777292
0.200670520645856 0.107789439086404 0.157213835798204 0.116034871307795 0.313633573586887 0.104657759574853
0.134721411122356 0.268728816224643 0.0422034107257865 0.0916320773549529 0.263921518460045 0.198792766112218
0.0929254773692259 0.151751273302639 0.199923544378593 0.164743225191702 0.300324142925311 0.0903323368325298
0.112630994378967 0.22862935020942 0.150634835142346 0.316252679626269 0.0434921592582792 0.148359981384718
0.0776291054117792 0.272439738610203 0.166392434319088 0.13193906717599 0.027464248609201 0.324135405873739
0.221630574934745 0.207726524302977 0.132250488685734 0.074176053766638 0.203272316751017 0.160944041558889
0.157223355691749 0.210465938126402 0.218799145489915 0.268144047854082 0.042002826489288 0.103364686348564
0.22018736239256 0.163885726223189 0.204192083643625 0.00820701688150577 0.184639773661665 0.218888037197455
0.159479968521482 0.320532018348926 0.264302018747156 0.168065132257607 0.0688980665248357 0.0187227955999935
0.0629852528182315 0.196435481260492 0.254509489871588 0.242109500282895 0.0836677666230382 0.160292509143755
0.114340732566609 0.168118778566228 0.0052334191198788 0.289516767689839 0.29706120697716 0.125729095080286
0.136587511353652 0.251858779885545 0.120836005223043 0.124281904789976 0.345634580649428 0.0208012180983552
0.299884928646361 0.102347031651225 0.128529549006821 0.216468069439814 0.111380053583521 0.141390367672258
0.299070148987201 0.0859285135245643 0.0172032964684176 0.193462375955911 0.120542590938869 0.283793074125036
0.751396318308571 0.142261528193593 0.0124377307664914 0.0333447546402534 0.0333963543533878 0.0271633137377035
0.336302392317588 0.0211888807504111 0.0149478340239248 0.187366908717599 0.394218768469291 0.0459752157211857
0.0873318030877663 0.0567662964535892 0.158277666699548 0.223673872827875 0.334198170518281 0.139752190412941
0.184641785398803 0.154201159610706 0.203255380073733 0.164203505818973 0.1547752208375 0.138922948260285
0.270168295600861 0.217839805774354 0.0265272629499513 0.0285901858736106 0.0174149082565326 0.43945954154469
0.236441554849243 0.0551037315521909 0.269896994605784 0.230334625279071 0.159652906470658 0.0485701872430529
0.169856397344865 0.179900030553937 0.0737303019335185 0.170011128302758 0.250250617167901 0.156251524697021
0.102445791028999 0.206491625180072 0.339285684240671 0.120541427401669 0.119451705754843 0.111783766393746
0.135259691299636 0.369635930118334 0.23066104039817 0.0793178305872067 0.12523453820082 0.0598909693958336
0.237519689069355 0.261402080979529 0.127879844734775 0.0419109364653345 0.134585512634023 0.196701936116983
0.0616762464138097 0.250896866334073 0.0398208797302707 0.0516164635696003 0.320420685044123 0.275568858908124
0.19295591342589 0.234903595650596 0.176438143622568 0.167509385097617 0.10708960005439 0.121103362148939
0.205309723613119 0.215978310644493 0.149482812438591 0.0557935558948925 0.169216519330944 0.204219078077961
0.0335581767766661 0.318496939140204 0.0526401110647423 0.274279421724561 0.120407893274167 0.20061745801966
0.0852666757272606 0.277637963165812 0.0603323710669661 0.146382112867558 0.182461441598729 0.247919435573674
0.202273103623776 0.119681134553756 0.37700721680545 0.0540523058656839 0.124192170444286 0.122794068707049
0.0904689084138471 0.228445991478011 0.158783247595546 0.202655301157413 0.167449301413621 0.152197249941561
0.259924951867347 0.0437067302357262 0.154310520586057 0.148643949469731 0.253224164373828 0.140189683467311
0.234176515027028 0.111569912613561 0.185664194400255 0.220224301605743 0.194802773858902 0.0535623024945108
0.152535266622574 0.185803309923649 0.184243482980172 0.184855072061689 0.123957403993221 0.168605464418695
0.0879159742506233 0.0545361172902696 0.261706666528745 0.195320009435269 0.0961380444351923 0.304383188059901
0.199714294660461 0.0729873768646138 0.183761201914552 0.176200214940492 0.160598906529572 0.206738005090309
0.0354551912219657 0.239943510987133 0.17575438538296 0.34532951339497 0.0657055625173973 0.137811836495574
0.256547535300154 0.0775546112307221 0.214421422123719 0.181845708891676 0.0575942392360251 0.212036483217704
0.0721356797009978 0.256490253900402 0.13334483358193 0.156919892499794 0.270558810220479 0.110550530096398
0.124027233484547 0.327514113662868 0.103042979329342 0.0894793256240535 0.0717406360204491 0.284195711878741
0.166757745523887 0.17244147587696 0.191094935023213 0.164718522696474 0.0593238310886706 0.245663489790795
0.164711828387298 0.107097955852827 0.178532674087949 0.254254454787355 0.0309375765657839 0.264465510318787
0.125929255804098 0.140150263154623 0.0932406864709756 0.289012737050517 0.103384724944497 0.24828233257529
0.151072447852319 0.225194287250687 0.134324819166864 0.225593173556649 0.206703389605955 0.0571118825675266
0.0606477432095938 0.222010946718392 0.233110385315225 0.0146162563957719 0.0931109695985249 0.376503698762492
0.00679447219104625 0.217927846923275 0.181693868927739 0.141555870958778 0.210291591383069 0.241736349616093
0.169773809924851 0.143599489452052 0.00858002977381496 0.265183510961001 0.180051710724869 0.232811449163411
0.204531373807144 0.142458359840425 0.0776232348836931 0.25417586455225 0.0877068913408288 0.23350427557566
0.132535829015761 0.181316841943508 0.0790241797992525 0.195040373542423 0.207995235000391 0.204087540698664
0.0738841135267328 0.254567242843149 0.0398009396155506 0.250378868838508 0.292614425365713 0.0887544098103466
0.141328474750532 0.108672194230179 0.216001074480168 0.0651026507363199 0.251712707362142 0.217182898440659
0.0978926960587341 0.0768977700653519 0.302940465810434 0.0566435395047665 0.280279312318296 0.185346216242417
0.0532459301033619 0.176100689463379 0.0344231923350416 0.460604807884523 0.236925500378793 0.0386998798349029
0.170588837751171 0.15125457683142 0.135694935798761 0.199432125966211 0.204960539495423 0.138068984157015
0.109056893425749 0.168051237375155 0.223859421496956 0.194719848360455 0.0377262532267349 0.266586346114951
0.0290434052853558 0.158938151676872 0.136775069947684 0.0887924930541727 0.291740860689661 0.294710019346255
0.237565540283796 0.164115457186037 0.12819234214012 0.0712686472252236 0.216195112095652 0.182662901069171
0.0212741717106049 0.139791265220295 0.399646401260665 0.130401111318329 0.293514014755805 0.0153730357343019
0.201214613594484 0.208552256986253 0.0574164269852435 0.262713077618405 0.0985978234562182 0.171505801359396
0.0358021732185421 0.110006910467189 0.278817051805201 0.295891594558786 0.15038057990148 0.129101690048802
0.204100481978809 0.321258083405627 0.023348129543025 0.275591501027828 0.0865393932527625 0.0891624107919485
0.321652681955899 0.30081993460933 0.231459948557276 0.0895101903360737 0.0287418999849587 0.0278153445564622
0.00178646676494136 0.260774428211146 0.10795502910483 0.376380423273407 0.0923821786617466 0.160721473983929
0.149584131729687 0.266733244438927 0.165959966528291 0.0870425306959703 0.307484169076279 0.023195957530846
0.343289961694631 0.138173961815158 0.0166046708046022 0.1545946812135 0.276387270463773 0.0709494540083356
0.120822482625646 0.286467529631995 0.0373299278501246 0.0481017222358695 0.156997423933064 0.350280913723301
0.151279330517459 0.250996668571713 0.0876893436308146 0.301035012493814 0.00212774435126248 0.206871900434937
0.232639036339566 0.129298558291037 0.329597739376489 0.160920905577648 0.0931046757816227 0.0544390846336375
0.60615938237517 0.114502776469718 0.107886763515512 0.0371281015097533 0.014635669364539 0.119687306765307
0.273022519046946 0.0937254921641262 0.199101160799424 0.233109212295864 0.0178503894137172 0.183191226279923
0.139235973820392 0.222082969197246 0.263152405836464 0.0890993894267928 0.0619916825398219 0.224437579179283
0.327595418237021 0.0529786674443248 0.149554618342215 0.301926928912564 0.142278180206387 0.0256661868574881
0.207858416753118 0.101626182806243 0.183028149512133 0.202121085601574 0.0431491040962693 0.262217061230663
0.260818205472809 0.0171454494257333 0.229312793130278 0.256375483954307 0.110171282376858 0.126176785640015
0.239068102968557 0.252409005449076 0.155377296233528 0.20456603662658 0.0241983599532891 0.124381198768971
0.0760184312831711 0.252003511967436 0.284309220074476 0.260690177686703 0.0755026813753634 0.0514759776128492
0.136218883918397 0.0228123933839916 0.20992845767263 0.148442766029438 0.226240917761182 0.25635658123436
0.17027630978783 0.141291071115582 0.190596500523956 0.271339559299487 0.114010657116533 0.112485902156613
0.11102645422713 0.142084845101278 0.0872377976527784 0.187636524021101 0.240339040001261 0.231675338996452
0.0247202681110641 0.117593578076837 0.0525333036287222 0.354254249991409 0.247859755883516 0.203038844308452
0.333006042662184 0.0108174132410933 0.00296545377049188 0.110555060099416 0.226385576785738 0.316270453441077
0.246732348542043 0.119247782671599 0.352951559629025 0.0692342166582354 0.140202767265377 0.0716313252337208
0.184448584560317 0.247558392516341 0.143759683822718 0.177408276089625 0.0601105729049237 0.186714490106075
0.0601849036899223 0.266082705731501 0.10307423085901 0.242950820445326 0.275731988039782 0.0519753512344589
0.162029462569253 0.0971987228921894 0.278966535178104 0.245448325646835 0.109067542340358 0.10728941137326
0.202306076339305 0.283882966293966 0.0661007854301129 0.226362518365972 0.0930303564310378 0.128317297139607
0.190931457935206 0.191892258609288 0.0437556901519379 0.207092654511175 0.0802199682669713 0.286107970525422
0.198664355131376 0.288220226872047 0.107967541453645 0.0279796883250681 0.143664018467136 0.233504169750728
0.0646061161981329 0.0720036592844158 0.195965445159132 0.221301627435634 0.142738010152139 0.303385141770546
0.0584044592444405 0.253969430160341 0.0221719633327762 0.0925152400027697 0.282547262239719 0.290391645019954
0.0438359543302017 0.327255631889378 0.206255063911356 0.130366765565225 0.13150937327332 0.16077721103052
0.0587271206995284 0.0550682345519996 0.267957133218458 0.13240938813347 0.292226949297043 0.1936111740995
0.24071300274047 0.0634290885647589 0.226834040247407 0.178929869535841 0.148077507823232 0.142016491088292
0.203561054198475 0.00273832175437037 0.186759617496676 0.246389063863101 0.104313632466349 0.256238310221028
0.195886566865374 0.233291709353657 0.103144985643847 0.195040445726788 0.188093795809648 0.0845424966006849
0.228965679460128 0.0988169316588936 0.238482052131726 0.0997884400990729 0.108621728259927 0.225325168390253
0.221596832886204 0.00258978147321757 0.231482303719555 0.19294457428623 0.215564827883685 0.135821679751108
0.252986623589519 0.0216796994353391 0.268456057514349 0.231968148119556 0.0148683781218985 0.210041093219339
0.237418954229643 0.195682785245922 0.144929470853802 0.210861593416102 0.0514520503720985 0.159655145882432
0.250888554524393 0.125524027005815 0.196849796991799 0.0309627331035166 0.113252812980953 0.282522075393524
0.284093494532219 0.0924889958438612 0.141330683125587 0.0847302438538721 0.291123096429153 0.106233486215308
0.362735431855682 0.0941916590732578 0.0734016325353471 0.0218146634915001 0.437117536201836 0.0107390768423766
0.186251399410503 0.176020223670753 0.238050751315294 0.0411275173999917 0.133404478126387 0.22514563007707
0.314154074418518 0.0875957384242482 0.350341705861409 0.0732127285258837 0.00513063702053736 0.169565115749404
0.222703174206659 0.187159019512572 0.0779280258289447 0.232890071925537 0.147699274619446 0.131620433906841
0.246938559620015 0.335530293593145 0.0174484496519406 0.0656535389641002 0.235039834891399 0.0993893232794
0.0382562133426301 0.196385174138601 0.247599588686184 0.206140151077537 0.0990682289853785 0.212550643769669
0.196689436279127 0.179994019583237 0.280154255762369 0.0803488556505634 0.0116700327192253 0.251143400005478
0.261983921331578 0.240684755401996 0.0414070642653779 0.215816498465424 0.118756658716011 0.121351101819613
0.210979084561907 0.143888945323951 0.162495167801946 0.228100677140581 0.253744142251389 0.000791982920224577
0.172522822711416 0.153689890874314 0.133661103266085 0.13307021144505 0.202531300901145 0.204524670801989
0.0572695444494379 0.22035736986141 0.192524420567172 0.218110801116574 0.104156577033357 0.207581286972049
0.152420365802677 0.233080169537252 0.22484379910643 0.0431426249031585 0.110437563378742 0.236075477271741
0.121530716340716 0.0446369434628436 0.166947860661141 0.0248076272845343 0.36232622270356 0.279750629547205
0.0229295628968112 0.0120412234999453 0.423350637789206 0.11087379704762 0.20046933730471 0.230335441461708
0.237498883726609 0.133620630225878 0.145308691139807 0.183169659123709 0.19321244969374 0.107189686090256
0.142686655074422 0.32790143855738 0.116943852674929 0.0478382705392088 0.0995314087486422 0.265098374405418
0.0759625840714911 0.282753703202865 0.279982155580758 0.0394762264256928 0.103013286183255 0.218812044535938
0.169729195738083 0.240246170035067 0.173648388000838 0.167011000068827 0.121145411590943 0.128219834566242
0.00795290538306419 0.186041869018949 0.0638976911776198 0.254006278880857 0.169293242529699 0.318808013009811
0.21674941042546 0.178506461267381 0.055011835074278 0.195427281701113 0.160740808342046 0.193564203189722
0.0299698248073044 0.0712885272481514 0.0211819517080898 0.379264910084595 0.123745442664574 0.374549343487285
0.157664580760192 0.283594951273186 0.216785363248542 0.0510324682451658 0.147868650259551 0.143053986213362
0.018861755045931 0.0719566292244724 0.361784370034005 0.44125719150646 0.0675155113459242 0.0386245428432083
0.0341088813638459 0.198575814083451 0.328953425484349 0.258216519556051 0.0516513793381066 0.128493980174197
0.218828711147464 0.114856964713049 0.0296464307422886 0.160601560215728 0.309591672584343 0.166474660597128
0.0371263169157054 0.121000414881012 0.31980141137548 0.234673544127634 0.17237503081382 0.115023281886348
0.180540981623305 0.0549206591299129 0.147628098611712 0.260742867908297 0.234866776529443 0.121300616197329
0.168435531920681 0.25385691330967 0.0893281192690416 0.182008302882406 0.146724734884712 0.15964639773349
0.0331868700454952 0.111950112607943 0.351837303351949 0.0908277291991131 0.0602593611653826 0.351938623630117
0.00584220467865987 0.183068696985827 0.160169938643318 0.227568050597124 0.221023936469143 0.202327172625928
0.0723096442211692 0.328213185020367 0.0441107611418581 0.151854650673021 0.129720424177166 0.273791334766418
0.0350523123444473 0.174377574209645 0.186977745200842 0.0738025765586051 0.294063426568856 0.235726365117604
0.0784573968940426 0.182805263234569 0.15999931678335 0.21757041377753 0.143718125171884 0.217449484138624
0.0638726139683278 0.122577445065075 0.377486253052613 0.209965264686587 0.197640116291262 0.0284583069361357
0.170155406564946 0.207574262541685 0.0338405628682933 0.111550502323767 0.243833781285774 0.233045484415534
0.0308527455276251 0.187798425407764 0.196374918478864 0.259430577772861 0.22362883522385 0.101914497589037
0.279018533826829 0.330979914410768 0.229669511683273 0.128258823451987 0.0237888906608048 0.00828432596633799
0.254973503900591 0.0975025795357673 0.0554719334471919 0.280568014015637 0.308877330523579 0.0026066385772343
0.035058384052274 0.0322050918626207 0.080436263257206 0.226408253255452 0.385287294063091 0.240604713509356
0.216469352400762 0.0865401649562842 0.12177969358286 0.228436595438626 0.277067375149426 0.0697068184720408
0.223260573507698 0.191418878903213 0.260992923100582 0.166925542696276 0.152394009936843 0.00500807185538809
0.26327233149304 0.093386318933318 0.0843164290436447 0.251485410518555 0.0630186763839007 0.244520833627541
0.240590843658542 0.0170322439046081 0.292896103199098 0.29968861287075 0.0735226628904018 0.0762695334766
0.173359213649566 0.291098475061041 0.117112908544049 0.113788902486683 0.156449683240274 0.148190817018387
