0.152659121607412 0.0304198611242277 0.0168311436538969 0.13133017181663 0.0471119250659899 0.11062457292399 0.183908047745662 0.182920172453441 0.14419498360875
0.138046134297365 0.1837561718415 0.0581493438711637 0.00470197477362129 0.201422153006441 0.197474817057435 0.152098849157744 0.0564057091194104 0.00794484687532072
0.0249162136838895 0.153717532840295 0.0122689093151943 0.250385931136734 0.139974131093064 0.0171534130889912 0.0589637800198218 0.242690743855563 0.0999293449664468
0.0045054608146958 0.077360327256899 0.171158633309638 0.256188746038137 0.0272060828442417 0.149890298919546 0.0491766124362762 0.12037820892494 0.144135629455627
0.104877077416944 0.094910044775762 0.107559828101514 0.0117526417045054 0.148509508531869 0.0765919745785291 0.156302446956566 0.164371439878144 0.135125038056168
0.0343837759597818 0.106402812360537 0.0324220860528713 0.107212225312565 0.00348826685472326 0.183546966839503 0.205659580299294 0.0819810487134675 0.244903237607258
0.117692174416072 0.0166861176138954 0.144066223454858 0.0944295968226894 0.121954925198116 0.0683360219814006 0.115515299264015 0.236447140005592 0.084872501243362
0.152513444533465 0.135192423746598 0.0775238850203842 0.150922941100657 0.115980418438317 0.0710764648594113 0.150490629996391 0.0596535772622804 0.0866462150424976
0.198021260759283 0.101860115364484 0.0323316604136932 0.11601729695858 0.0953130034043576 0.112382267818772 0.186110492666261 0.013239385562311 0.144724517052257
0.110646869838068 0.167752916645868 0.125742821096734 0.0851504015779825 0.140040836556715 0.102449394197498 0.0506868523686712 0.152883695693703 0.0646462120247607
0.129603210311778 0.0770742456777429 0.129753716919294 0.162910017529273 0.128330719779142 0.102373434612212 0.0661861280711756 0.0514109098980973 0.152357617201285
0.103541704426098 0.14725891979453 0.0940089846862469 0.131438293547077 0.126581077200082 0.0687956814338461 0.0427054878095529 0.164372929707782 0.121296921394785
0.0897120002438942 0.0562737124121916 0.0407760182977252 0.137819631429597 0.214039675541154 0.186490361525622 0.133494614808385 0.0352785631913672 0.106115422550064
0.0600015709340704 0.0892950132785914 0.134526769739219 0.174886412623575 0.170844407537095 0.0556397434680683 0.0895325045508787 0.104167121448504 0.121106456419999
0.0442054177988771 0.195613062298838 0.0155304326760735 0.170506430125181 0.113656082833246 0.0485316795872376 0.139892300141355 0.13811051242609 0.133954082113101
0.207545428021595 0.0526915871065397 0.189301387960921 0.0124726543791898 0.0389974380426319 0.0379915726315725 0.141989747322813 0.132860458361048 0.186149726173689
0.193701217917454 0.0581548925014712 0.0565572908392526 0.119881000932837 0.134307249764333 0.0452727844098739 0.161517607923692 0.177724142641913 0.0528838130691727
0.14361269856366 0.141836769101705 0.110405042053962 0.151433035181608 0.0587312285798825 0.0508767699150073 0.100449091102392 0.140374788713542 0.102280576788241
0.0487432651474869 0.034340616582503 0.157336084571089 0.316447116835305 0.00587196951026832 0.143848643176667 0.05086065175047 0.108499787785268 0.134051864640943
0.150707070429097 0.198493486056813 0.00574350388629462 0.118425469061112 0.0422834893626803 0.118550939830807 0.0388618118360647 0.202077856698263 0.124856372838868
0.137212048759552 0.0989113916606357 0.187888119253779 0.00603993418019523 0.135847769769297 0.0707716294771857 0.0831849472582882 0.113339796883266 0.166804362757801
0.248976220879808 0.0389209175770847 0.119637202042735 0.122795344385692 0.0624624045281339 0.00321809652932304 0.0534981348753779 0.242552559757779 0.107939119424066
0.0451218118618067 0.155684837559656 0.155369578030731 0.0838206039404188 0.0543388369929028 0.101288491161312 0.0163798234282461 0.20217836051599 0.185817656508936
0.154526356358256 0.0491848025012176 0.289758543649603 0.0815847747591282 0.0275310443499345 0.0139133478967238 0.179089438370907 0.189966824028597 0.0144448680856327
0.0441834913678624 0.129095498410471 0.0489546841900129 0.154847417124393 0.116493646975596 0.0224297124842415 0.174871656459487 0.119751570503438 0.189372322484498
0.0828236735384063 0.0160480674523592 0.133671818459633 0.16235671757992 0.0855549294687247 0.169192199887216 0.0568411172098481 0.115479712119822 0.17803176428407
0.0572340875967952 0.154036381597238 0.150525122684643 0.107187080778562 0.0447544423345504 0.156237757300795 0.15439864128148 0.0798060655917348 0.0958204208342032
0.130846893642863 0.152306855297688 0.0848565399920211 0.0499467912063533 0.0246902380132126 0.226840404021936 0.0430637603936988 0.0726851873320204 0.214763330100207
0.188937956609056 0.0086582165224606 0.000124072217358481 0.140584258817858 0.120551921470747 0.204881596166547 0.0430471244968213 0.204220074700873 0.0889947789982785
0.123097637234447 0.0770888057879191 0.036516969337757 0.148576356854525 0.130667001678473 0.0996284199884515 0.11378176388373 0.137686909171313 0.132956136063384
0.203927198034169 0.0178070017705226 0.0486457875657448 0.0371467986410797 0.0992130227230933 0.203162131213478 0.160575265966098 0.0302633175081656 0.19925947657765
0.0712039267578902 0.102684352332993 0.269354914966568 0.0181021881512943 0.0995294805123021 0.169239373396486 0.0299535118412465 0.129229492341306 0.110702759699914
0.0463482242082012 0.0276108058110996 0.149231391370736 0.0143331348210043 0.203239022758264 0.0404362790352946 0.25124024655205 0.196518203106854 0.0710426923364957
0.138665130432594 0.0856121908079596 0.154331114643025 0.0614451894517657 0.12999536204621 0.15161639498023 0.0353356056614075 0.123683846859347 0.119315165117461
0.125842956789345 0.151691029630941 0.0478798723592947 0.0876584602658818 0.168524105299471 0.0653612889501659 0.0321344475608374 0.183198621619852 0.137709217524212
0.0518695269256964 0.124667523566488 0.0976072411002639 0.185538594720292 0.040647881561618 0.111832478356269 0.0993320511514615 0.164798152385571 0.123706550232341
0.16690237360118 0.0346723410159349 0.056804421288108 0.0443826413821786 0.214936817828927 0.235571938953367 0.102531306429845 0.123957472591238 0.0202406869092207
0.093084076200848 0.214614449581932 0.0519598698953148 0.21072016151309 0.0597364520627775 0.053457623527308 0.0993194363914528 0.0573455961930652 0.159762334634212
0.164544337296456 0.136197402317861 0.157055123229596 0.159061445563325 0.143548609855378 0.0747251217761342 0.0162450578341987 0.0640282775347974 0.0845946245922531
0.0372224905907326 0.245401004813894 0.0477966445322695 0.12756557717635 0.141228539559986 0.0198941151313255 0.160332850475423 0.0219781084002725 0.198580669319746
0.0134018384369238 0.178872082383226 0.0947299176076172 0.194785305616455 0.0271351370462037 0.208035651111109 0.0653611511944072 0.0444969879798144 0.173181928624243
0.0433296633772869 0.223333033842024 0.0664529712284726 0.136945956991765 0.0224962561417922 0.0250817614626819 0.277578853297455 0.0432182810381457 0.161563222620377
0.122180752278575 0.146389577907179 0.0596209120867967 0.134422693379373 0.113343360057142 0.143903333042078 0.0604510615566986 0.0599256842212542 0.159762625470904
0.152941547350462 0.226424942877057 0.0414710135695706 0.183677916797162 0.00660006021580058 0.218839730163214 0.164567313546567 0.00186026225690044 0.00361721322326536
0.11373756997086 0.168125522590777 0.0213882498295919 0.0931828538169263 0.0500233537919941 0.203211856263267 0.122177218214659 0.0468126597401926 0.181340715781731
0.232296550282956 0.119008336591725 0.118163605027454 0.0581621637275911 0.171757662896641 0.233862091211649 0.0429289313222617 0.00373543924358081 0.0200852196961408
0.121862884416528 0.106180759590356 0.104655972563256 0.147635776637255 0.0123180066334495 0.181824231990673 0.172384103273444 0.124246617650095 0.0288916472449438
0.114864294406313 0.0799704038398819 0.0758428444727944 0.200775382472096 0.0240587178668913 0.128978263568822 0.177198989121194 0.00973166284217213 0.188579441409836
0.0943344047975461 0.0517008243531378 0.162157238081652 0.060182526796054 0.172788147428818 0.0265001523043187 0.190691605714533 0.0232878465303155 0.218357253993625
0.0503779476777173 0.203812076061622 0.00504630141735608 0.131859579348834 0.118076237377413 0.228909240022138 0.0126762635727811 0.036937355588135 0.212304998934004
0.161229910190245 0.121049559325658 0.166488789377221 0.0335661151893043 0.0516748831203192 0.189924774350753 0.096893044110374 0.165957314290215 0.0132156100459103
0.160956270975009 0.150364297299589 0.00363018822171157 0.0310313159391691 0.192911951781778 0.0450133314080976 0.144484468986544 0.264086114126629 0.00752206126147274
0.0793983146647749 0.00448996034825002 0.0879511920917348 0.203238063540995 0.202375726043519 0.070983890810958 0.0887391565325578 0.186622446696944 0.0762012492702661
0.0909120128187895 0.123518340524563 0.104383307963103 0.12876330792101 0.0268074015435597 0.14207677342931 0.171590621134972 0.161170523359345 0.0507777113053477
0.135483798722087 0.142645062262731 0.174951373314376 0.119576983256273 0.0550194110411085 0.095812897850397 0.0769825487074315 0.165450672475233 0.0340772523703622
0.0290311570681026 0.168804430683911 0.162414249211711 0.137311076158547 0.14389560387612 0.0175061839044977 0.0405540368414776 0.180786195572199 0.119697066683434
0.149909187833467 0.0983435420473785 0.125130696527017 0.198476216079081 0.0791123023649563 0.0504321143388875 0.117088833707152 0.0746899396941861 0.106817167407874
0.0760825066195727 0.0126511180539468 0.233593713500326 0.124019685463851 0.137780536576536 0.117540253036957 0.0466428476537024 0.106822373631887 0.144866965463221
0.155612516005932 0.170654145496605 0.110342219816389 0.0811994793284705 0.110864482708185 0.0552222661655131 0.0408533408809073 0.191601996960032 0.0836495526379652
0.12066700510317 0.117356573206531 0.221076982216941 0.0124468002282513 0.0785407613074406 0.0774857405539591 0.255081207733061 0.0477522718574601 0.069592657793186
0.140653026765405 0.139127630803054 0.112903905251638 0.0486395477381533 0.0641165588262846 0.121638140272529 0.102981031030489 0.130512896993175 0.139427262319272
0.197453852652827 0.128676591907524 0.00742310644605863 0.0702092167981532 0.201136139151565 0.0549557470424855 0.07617100858796 0.150865662347987 0.113108675065439
0.0711080910591334 0.0248149939628902 0.211323381487056 0.150764264830258 0.0127278050863792 0.0677156385107405 0.130033119267322 0.290354493003495 0.0411582127927258
0.1109668248051 0.0639014181772614 0.0460109198525356 0.138951233934471 0.184341045540601 0.120916085806795 0.152133186109117 0.0494751892150749 0.133304096559044
0.022693966545906 0.0303938808143697 0.104545673449799 0.171326260147804 0.178512566436922 0.0777681852383702 0.191550423240262 0.00906086749111108 0.214148176635456
0.143861572055271 0.150625747237589 0.0933173373390644 0.118110224166185 0.00923504637911798 0.153809228495867 0.0807564411691822 0.144427494405445 0.105856908752278
0.0520050899989971 0.135775874094614 0.194342148427082 0.181207464057347 0.0118849413495334 0.113008466934909 0.175774757797981 0.117924625361366 0.0180766319781697
0.0770068332462334 0.124480707855045 0.138252041051338 0.0998423497190793 0.0397332693530112 0.113441266168302 0.141763387115491 0.125611002837496 0.139869142654005
0.185610075795869 0.0269677918496408 0.0746590988091817 0.165620226957702 0.216460926563466 0.0216093827109893 0.0402526077455222 0.155174551798307 0.113645337769322
0.13227791158494 0.0625127149948839 0.156294433756468 0.0422656421949031 0.036328090067687 0.184356376837873 0.0325345796659964 0.159419088314507 0.194011162582742
0.0306627995581239 0.158286706754109 0.174705734257185 0.158667002856388 0.191982095848313 0.161805713080947 0.00363435756377541 0.00436742237395766 0.1158881677072
0.00798713998285451 0.082081506677543 0.165512703682194 0.167735430388504 0.154903478885841 0.0391194408012778 0.0579619756756593 0.176224890771769 0.148473433134358
0.219063983198738 0.0206319255503583 0.170958341290666 0.119909436927902 0.115153308586582 0.0726900827286796 0.154570975303583 0.122359495049931 0.00466245136355987
0.182988434108569 0.0672387921993001 0.122860191963267 0.0219392842915198 0.218603174534209 0.134953819643116 0.152589832327049 0.0770655836805129 0.0217608872524581
0.099930107259376 0.0601671369000211 0.153256207587364 0.0749771034283397 0.136051525632424 0.0492628584051548 0.148552355073121 0.138916457607145 0.138886248107054
0.111706955647835 0.0716427775275111 0.0823945567972943 0.114676467031853 0.176833171339592 0.0293544526668988 0.0645622951221896 0.205970207026129 0.142859116840696
0.0306860076171903 0.187680721081981 0.126534392927413 0.0503309315312214 0.163502251678312 0.149224235897883 0.0234418745509618 0.194655870495414 0.0739437142196235
0.00433132544087503 0.11961882928979 0.0967053765828075 0.0881633951959066 0.120423661989415 0.182632045658799 0.158328081916332 0.192953711315458 0.0368435726106163
0.134547487704017 0.265061382708571 0.11568338501243 0.0898307042328125 0.162717476434336 0.0998801729341802 0.0619913768265695 0.0251617017490342 0.0451263123980492
0.104225444529245 0.135770529572929 0.130913023775303 0.119470058854312 0.123841358654988 0.118929067775592 0.12673555222697 0.0383204709441348 0.101794493666526
0.11575801133793 0.127859183731626 0.0118204446726216 0.171380425264229 0.162669780596476 0.0699853771318697 0.234269640468689 0.0337425949413775 0.0725145418551811
0.0043910010282313 0.239214707799023 0.0348421873854846 0.253250569543152 0.116039502918808 0.0211735345946634 0.0158945629318474 0.211812093218543 0.103381840580247
0.100402782937474 0.134716689056598 0.182735106071798 0.0605546292486747 0.0442166116976375 0.0790690335922128 0.15582829090277 0.107253316288909 0.135223540203926
0.0841439249948855 0.086033002185214 0.103454656858759 0.100010391530911 0.214567430460239 0.0227419540317118 0.161879613650763 0.16783805920183 0.0593309670856856
0.0601943455283484 0.020319381887763 0.0447944186587596 0.0121444555029148 0.177869445573855 0.207075493050598 0.248959261966265 0.168584581843637 0.06005861598786
0.185183933584395 0.117849618733269 0.0321986085489531 0.141509743549787 0.230610896924658 0.0810467077227719 0.0613560153505108 0.12151331059444 0.0287311649912167
0.150500766216493 0.147458472807218 0.0877162102671203 0.122051898016315 0.131466242655557 0.146969995720339 0.0687652536162421 0.00697935287762368 0.138091807823092
0.187095513192328 0.0981991022111444 0.0797721044297377 0.196343637214028 0.0763981872999233 0.0504062525971223 0.0722551245398919 0.0831467502971759 0.156383328218648
0.182668314023475 0.175191776759877 0.0450020510999822 0.0048045818782214 0.137796430383024 0.123458587180845 0.139981331656473 0.16633362964254 0.024763297375562
0.0488079398786963 0.0855982840170842 0.173383648180428 0.0517420317039239 0.122466414811858 0.162592374156527 0.108762104575085 0.128832004941382 0.117815197735016
0.134325895574227 0.178371967191882 0.169715208435175 0.0148971883455203 0.0842333567588344 0.00872799307281527 0.17126416871581 0.100969012492514 0.137495209413222
0.228240669040958 0.0283925985748593 0.0216653488985434 0.196201992998877 0.131475577401906 0.0508401034335497 0.00793489743984456 0.0611250260957292 0.274123786115734
0.14703029780388 0.147732334001408 0.192766049914802 0.236203142679932 0.101636376497647 0.0529643772575907 0.0993003989561421 0.0110837330174438 0.0112832898711544
0.122454086688852 0.15278143972681 0.0283350400329708 0.155822758538684 0.101854173850738 0.0661692345213748 0.060476738343043 0.136490706176477 0.17561582212105
0.0257998893302404 0.066216807539713 0.0531445908971576 0.0884191078068882 0.0337027055832171 0.148769057705528 0.200389017016053 0.198595440986233 0.18496338313497
0.00435975812442544 0.0371259282040655 0.159100348334427 0.0284962871955042 0.148357277625125 0.0842508150155252 0.208017185035978 0.0820561251106298 0.24823627535432
0.00137241840361186 0.0703824939547328 0.215664962249651 0.210993986066127 0.145239052584561 0.126630782619558 0.145796903387186 0.0310362892839925 0.0528831114505786
0.0364990459721279 0.32794531541042 0.162020196418088 0.0870903096278032 0.00394919070415138 0.028705700381557 0.00732325791995081 0.258444589023021 0.0880223945428808
0.182149492774679 0.0533361422818539 0.155636015939851 0.058194973169114 0.109799597745481 0.0730752725841961 0.158091970408745 0.102429916720596 0.107286618375484
0.136851654903731 0.100346758062728 0.0222469819321716 0.190801741452823 0.0923144334158256 0.152614306801552 0.134348707497892 0.122702895080428 0.0477725208528487
0.0222163034728944 0.0742370547676791 0.20486989475352 0.10978646377568 0.0569684053443396 0.13748830098486 0.156921480806935 0.0395176956039284 0.197994400490163
0.240998185144171 0.0546273681951544 0.0515098251924859 0.23020752508749 0.161205872589278 0.0679971133157497 0.115922512887931 0.034648972749353 0.0428826248383871
0.0865301296480924 0.026035830418563 0.187477890673628 0.141785250634157 0.192424402118326 0.129706181101584 0.0392535708492021 0.0562736662091491 0.140513078347298
0.170341893999926 0.147666525983065 0.212051871650909 0.0477108204933489 0.0031359548501406 0.00209490209843052 0.214224032573925 0.115789426427718 0.0869845719225372
0.0899936180120883 0.145985839724754 0.103224148643067 0.172642222605638 0.0329129127158707 0.126927912740981 0.167059926436727 0.0964073194827575 0.0648460996381153
0.111397077481847 0.140805272612936 0.0417919720705676 0.110911482945931 0.17952503074943 0.186395987184852 0.0296297189117752 0.0897665851987136 0.109776872843947
0.0140592594799614 0.094675538290442 0.197745192094887 0.0296081887814381 0.195410084832527 0.101168932603503 0.175879388489325 0.115279444530432 0.0761739708974851
0.0323609528438963 0.247488612483291 0.227629609096107 0.0766046910951888 0.00250054782532493 0.0988452627532169 0.171031272895143 0.110247905529124 0.033291145478707
0.0704669497564769 0.117967030248015 0.147861289641571 0.177282458597211 0.0254283372528735 0.101331189532817 0.12248517856392 0.172548353960208 0.0646292124469075
0.185132444658027 0.0464862787002022 0.109506906070106 0.0603284570074129 0.0362547361007349 0.033656110856102 0.135742453127982 0.192153962930903 0.200738650548529
0.148800643655523 0.104113743197166 0.102055493024208 0.0851331878446683 0.0935026071024095 0.128699696530271 0.145139477260992 0.0745369739811471 0.118018177403614
0.182102936260807 0.00921728545754867 0.126889523130485 0.0405254357802146 0.165838219785875 0.0787362608197491 0.122374484934902 0.12198324426055 0.152332609569869
0.102731927171798 0.0850067233156873 0.141723613487228 0.177639208919216 0.157938802246216 0.117800647963341 0.060841591397065 0.00183830925309147 0.154479176246357
0.0123448292176981 0.0271934640568963 0.155357169932503 0.169183515776471 0.111059450310069 0.062565606182922 0.173382305902137 0.200315286091553 0.0885983725297502
0.0611070704628265 0.0884428496060524 0.266638498404168 0.0594970587014672 0.154187268019749 0.0120578982949463 0.026990487590287 0.296384339766258 0.0346945291542453
0.064007689181171 0.131634091332293 0.195778602467079 0.0885107929869183 0.181683850546855 0.114009031577579 0.0451251595780036 0.0073476209487883 0.171903161381313
0.053043585480132 0.103335578130666 0.171713782696193 0.123632796048586 0.00134776291894679 0.121471370562897 0.21256121820018 0.0244007272872186 0.188493178675181
0.135437928736502 0.162810954446671 0.163314189826955 0.0451328060228452 0.0980556277484228 0.0872331804111394 0.133796832958047 0.0475364513326507 0.126682028516767
0.255283252087355 0.156019479675471 0.0224123319110376 0.201539986173617 0.199766007145107 0.0261472230041305 0.0383784716414683 0.0141006002651716 0.0863526480966422
0.106518991025521 0.113447157926578 0.117442465445187 0.0904729538015081 0.137157448225083 0.0358247843942266 0.0948601145317326 0.154493686563425 0.149782398086739
0.106540830036698 0.083893695165459 0.107617868431867 0.130687193257373 0.140163664113582 0.151307296616625 0.171199345898459 0.00426372621525448 0.104326380264683
0.16022109903381 0.191585004045051 0.118654287785516 0.0143848464306935 0.052475337388562 0.0999649101923272 0.115748767919241 0.0705407316299436 0.176425015574856
0.0232719425447603 0.00466131653352665 0.190150258484008 0.0721673022605782 0.185730582044222 0.165109460991874 0.0340898046224516 0.175291016130094 0.149528316388486
0.0675676803515961 0.0550839838567566 0.0688084307149009 0.148538972540083 0.187222959663675 0.147221029437307 0.121677050997572 0.028715630040434 0.175164262397676
0.122130995373574 0.254112389772192 0.0592817730511637 0.253845015582775 0.0220521752203566 0.0340646607807752 0.0699086495997868 0.184058324172589 0.000546016446787035
0.204674733937226 0.0875471949881754 0.0922107026210357 0.126773585575915 0.0291671475729114 0.203881596965859 0.0904379341806047 0.0681430542918722 0.0971640498664002
0.118793752966827 0.0989508338626146 0.0659809344806513 0.0671765344019929 0.168582313287381 0.263491197967177 0.0192100871793342 0.0376206772909498 0.160193668563071
0.175574893755695 0.0750532423670578 0.0274862427886584 0.00572164158624753 0.0995297559205448 0.148511397109161 0.187948970723549 0.167115689113427 0.113058166635658
0.109762211211903 0.15383756937762 0.0583362054330648 0.131061725249997 0.12923253846452 0.091266577936415 0.163644625691105 0.146925614058277 0.0159329325770992
0.0115675272575478 0.202655668012402 0.163639212556195 0.000854153457217557 0.215299096201296 0.187278671270975 0.0131601156471014 0.0157207383557443 0.189824817241521
0.225346119174881 0.227845259541639 0.0195316154380278 0.193186532697443 0.0439033243166923 0.107331412317113 0.0395171366703367 0.0128881022652674 0.130450497578599
0.14832359729781 0.182728161133408 0.0720750915051443 0.154759463104236 0.0477832596498297 0.205426100940505 0.120365176604257 0.0131088837063383 0.0554302660584729
0.121435893860465 0.222386871641397 0.0667060788789781 0.0576483441487889 0.119981990692366 0.10074688257375 0.0817757023631935 0.0282288717060256 0.201089364135036
0.0112437921478821 0.119623386335646 0.176717366896671 0.0801659031901086 0.0770376339869517 0.153608917226229 0.157218144550074 0.124280917033928 0.100103938632509
0.194782582968409 0.182690564270493 0.0347458495080628 0.0479878021070704 0.173001706231774 0.16743578028613 0.10461911307341 0.0170440391537656 0.0776925624008846
0.16535238330812 0.138621609582039 0.0744202339814436 0.154671171807989 0.159916361933136 0.0853152895919525 0.070160103481761 0.0993749674196998 0.0521678788938597
0.198640831528079 0.0959076653387313 0.0868078352302578 0.0693487044154226 0.171063015869491 0.161567604610999 0.142723983058112 0.0481922145419627 0.0257481454069454
0.0652864872050608 0.17874847942003 0.0945291267685093 0.152941697307837 0.169950841893468 0.0593867699228254 0.156135292381683 0.0650575257713439 0.0579637793292436
0.129139118602434 0.0724061064519262 0.0338029832458282 0.0499134937872795 0.165524343030336 0.129009377241109 0.175962015424506 0.0703485919067762 0.173893970309805
0.108938783721905 0.0944457499465605 0.159609129155867 0.0710861869279943 0.0711170109453835 0.0778176304853243 0.137412196529201 0.11888641927223 0.160686893015535
0.138314794158858 0.0425613980085149 0.160991312153137 0.0240703498167594 0.196025019933634 0.151562944944283 0.119453211435199 0.134810442136595 0.0322105274130199
0.152855657227292 0.217705029296871 0.0740397844081974 0.0462417303039918 0.152095304098362 0.00521776545775263 0.233259532226754 0.0521131562692171 0.0664720407115618
0.109673788530841 0.180746986459672 0.0600529498905343 0.14278455463999 0.00564865049300703 0.249076593426619 0.0580042690836503 0.0921403515204871 0.101871855955198
0.0938993164075634 0.260070673744162 0.0862246701060722 0.168051858888137 0.112681968081774 0.0221749888826504 0.171785837287402 0.0187618707751131 0.066348815827126
0.187186342363595 0.21527912588387 0.186470021084545 0.0384612304908044 0.0151071873536873 0.0860031448703597 0.142462285136433 0.0763756764359327 0.052654986380773
0.0244805082477348 0.167809792144241 0.190267014415385 0.120082543815801 0.0420284933223999 0.0589416182428965 0.123957374117468 0.0565875087371198 0.215845146956955
0.0580657069235803 0.141089967137064 0.00133355006720357 0.114420647880091 0.160605964279167 0.172483294149956 0.0755443708431329 0.142509294951269 0.133947203768536
0.154607930766706 0.0935774563446364 0.0310699504157879 0.103509871435493 0.0302475367919223 0.162597106106889 0.178281834411206 0.0602532045908765 0.185855109136482
0.172511186659771 0.0275142358264768 0.0599578924733145 0.118080118204501 0.158722787063374 0.047323600907369 0.247684353534918 0.0822866259062944 0.0859191994239808
0.230830879439827 0.0349939231969166 0.118637700499584 0.0491889903489715 0.126616893331285 0.152517562880796 0.126375711171902 0.138030393021008 0.0228079461097095
0.0681774692141099 0.111148920054685 0.139745352745318 0.12874280366264 0.11025266610874 0.0701612526400686 0.126473792451226 0.0601501298672017 0.18514761325601
0.174883125074145 0.255155413854066 0.123800443290607 0.100975954489442 0.0090274200245924 0.0673034816516768 0.0235297123431651 0.204195752542622 0.0411286967296835
0.165396762847055 0.0779175141339001 0.157484634160401 0.0627704904528833 0.0346817603725913 0.165485854146796 0.15634630717967 0.0372735669940581 0.142643109712646
0.146983857299153 0.164650067292604 0.113913507205028 0.00197998417622887 0.0537451470183392 0.038736650110718 0.173848374057774 0.195039698245335 0.111102714594821
0.0413319648697061 0.198492196655163 0.123154661256783 0.0648332120805291 0.0789244218965493 0.107970877775376 0.0174406956959039 0.200897825615573 0.166954144154417
0.0875379174880585 0.0139323491464478 0.134622223326883 0.117116445057978 0.121299484438709 0.0848133687465344 0.114082635077555 0.201298997182591 0.125296579535243
0.137774133992787 0.154002573690259 0.155078147299125 0.165391250739798 0.00415925619031044 0.154010245827402 0.0172076964306953 0.150627124548069 0.0617495712815535
0.0967755745683484 0.0128649826517085 0.0176872448425189 0.115879267752462 0.238339764391179 0.1141066343531 0.159124382049743 0.219042020480488 0.026180128910452
0.139257031096425 0.0675701996521616 0.133906570702808 0.175066045566123 0.128138051672271 0.186195694258081 0.100725838008646 0.0486684957699377 0.0204720732735466
0.0203985269128348 0.114624972584338 0.211901643105697 0.10737973759286 0.0659513716792719 0.12634667724949 0.097789294384172 0.152720795417017 0.102886981074319
0.0703514806021277 0.138613723708806 0.0642354131604666 0.173248684429673 0.123358679613287 0.150600089563164 0.109417660080464 0.055102001824937 0.115072267017074
0.219193374501402 0.0150886043756558 0.161435275789586 0.147782234545789 0.011453410713815 0.155924931728005 0.193251912938101 0.0158597586501374 0.080010496757509
0.0422426469580762 0.200661616175685 0.110408699484794 0.16934499575912 0.0700362814746874 0.00331102916441259 0.143999413588064 0.171361068093637 0.0886342493015233
0.310184946107483 0.0265529110796291 0.0802839670344552 0.285570129800229 0.105985621872464 0.158358994639126 0.00920984746048834 0.0211966281680062 0.00265695383812062
0.00667099820007876 0.0057737911923225 0.167303120908537 0.117135404933439 0.0644398806967839 0.227522400211843 0.138465062254806 0.164468921643251 0.108220419958939
0.0653554513500854 0.029184570042516 0.177637159354107 0.0801663307983778 0.174958245153744 0.0805654493063251 0.0921516275884101 0.130805963042376 0.169175203364058
0.0625557930845734 0.120571971804462 0.174437414469035 0.0881063003260952 0.0517493155848789 0.126849086101252 0.132313647952601 0.130312866162924 0.113103604514179
0.00519791208459814 0.00400255577565597 0.268438333876903 0.106057340463732 0.0471039128748899 0.0920019981329126 0.157614848404878 0.227625049686698 0.0919580486997318
0.166958759901193 0.0923526390318205 0.141524499416812 0.0922239290815511 0.0753311392729855 0.100102592735783 0.104568452562542 0.023714075262732 0.203223912734581
0.208645223869679 0.0297211112334266 0.220692533553795 0.128156436227637 0.13850658743945 0.133554142142888 0.089720079058269 0.0153503130988462 0.0356535733760093
0.0857601953481724 0.0406379167313171 0.0430117590380146 0.19119101203682 0.15223223060613 0.1739383794095 0.11908459870007 0.187122356032223 0.00702155209775222
0.149748031686195 0.0276156941695292 0.181171084235006 0.0873751256352801 0.0725066627126861 0.198698393322386 0.0647224361897206 0.106190254379479 0.111972317669719
0.0769831917318583 0.164005032560024 0.190913260180635 0.121882908455997 0.0636721803569277 0.10781461240889 0.181480595345602 0.0913596552278179 0.00188856373224844
0.0384506616634065 0.225547853375217 0.0904531695930501 0.241822106671549 0.0587950943325113 0.0213840432977107 0.0497441181229607 0.102132877660873 0.171670075282723
0.18847538063356 0.169081323475358 0.0281600824045968 0.114200001571429 0.179815975384264 0.112197968165229 0.0791364185945163 0.082950275786187 0.0459825739848598
0.223014871218948 0.0211431054045935 0.0584222313892392 0.210138755270212 0.00407438662764131 0.117775835285298 0.137538246650578 0.0694699234523184 0.158422644701172
0.00114761603486879 0.12674801599012 0.047450281724957 0.0561395617204644 0.0697403559980984 0.201972501540357 0.207264678047436 0.194256439669646 0.0952805492740523
0.154835037095047 0.182388541583576 0.178511292502118 0.018684422881432 0.119170460226792 0.105739815748578 0.0925533497438035 0.126466819064807 0.0216502611538478
0.127952511095808 0.131877481292315 0.111040996280427 0.154460369613563 0.059386250479433 0.0831931912543387 0.0599862984331839 0.142616772998418 0.129486128552512
0.178229196902383 0.138731315975243 0.160503299319244 0.0586932156061132 0.0612218044608015 0.171096954134901 0.000849947768063529 0.0880640916971805 0.142610174136071
0.0426981962893775 0.0478843091636394 0.155231307174818 0.0879253145957327 0.15962396100738 0.148064160543534 0.146852748845109 0.0859501308040583 0.12576987157635
0.182338623697818 0.19663919100343 0.0894384669720225 0.0908192471528239 0.113771047047493 0.0498508879438472 0.16090847375417 0.0652194382354387 0.051014624192956
0.0789060343802833 0.0885457848140804 0.129743061242991 0.118634856449536 0.144544170160097 0.0933440318823645 0.155456971369992 0.132104554708011 0.0587205349926444
0.0942170722992023 0.169430401980832 0.194196478840316 0.0858219010305367 0.197412174113071 0.00669798381569487 0.0411060944547608 0.0238113803928731 0.187306513072713
0.0978599504953599 0.163027345326428 0.0850167487862503 0.109172744429223 0.0503024441667844 0.0306063264583748 0.224699787613272 0.0738950145145699 0.165419638209738
0.149145653264227 0.10389193526816 0.128280745016274 0.181880431591629 0.0817812874544581 0.118908661266805 0.000547716618980455 0.0625934780473182 0.172970091472148
0.0474250061149455 0.078453883474731 0.224278707586815 0.178496786940316 0.0616329218193701 0.088854177490531 0.0436482497613954 0.00966464555286018 0.267545621259036
0.120842330870771 0.0868714829618519 0.0306765592777409 0.132867760373578 0.19120828921014 0.200971782635539 0.126259112452247 0.0186308897959839 0.0916717924221474
0.164109409325402 0.0577449558224365 0.111500116867287 0.0439367309017932 0.093912352308079 0.108304363016707 0.106775143253167 0.150969149241267 0.162747779263862
0.0720754850650865 0.0792019124960972 0.188790305617709 0.0735330471466449 0.0508243241983034 0.186214373164886 0.015377180994051 0.182169950805133 0.15181342051209
0.179476264585127 0.0767955561443365 0.0917406086271595 0.167175947606552 0.125489605317128 0.101770268831406 0.180789727229133 0.0102158655442577 0.0665461561148994
0.261011851533351 0.236928739765247 0.203540504896031 0.110513155112012 0.0326254143011511 0.000427782024703266 0.00992178224887109 0.139520954452159 0.00550981566647508
0.157337174659629 0.0632043405326039 0.173372490573604 0.079978450305729 0.165056027481423 0.0490249134898726 0.161540704734229 0.0850226046639182 0.0654632935589905
0.244571104149155 0.0864765037978723 0.111894529643559 0.047630465813219 0.115499512382004 0.113669547124729 0.0337383983948963 0.103418165819983 0.143101772874584
0.155843636449299 0.132159522299813 0.0548809220049924 0.0877215500738479 0.150186503020079 0.144225941047654 0.0358671984840216 0.138679780801479 0.100434945818813
0.137237303444328 0.174719795388694 0.095790136037069 0.0977299408583434 0.0660948727394592 0.0571939087481359 0.113839270985906 0.129032510826876 0.128362260971189
0.2552161351631 0.0134723556234405 0.017935217284524 0.0268639195196101 0.167497826023306 0.119582978297447 0.164357319980577 0.0945076374986271 0.140566610609368
0.169219616928549 0.126068165473237 0.0629261687781909 0.120562661214718 0.0931184058270303 0.156828555291194 0.0978895000690184 0.129771219317916 0.0436157071001463
0.147182833808122 0.0691887382117871 0.150462853537025 0.0878218973697564 0.199143341814262 0.0107808821840964 0.178941361074451 0.0852433863818227 0.071234705618677
0.146414027708917 0.156630717791398 0.0647946220272087 0.171400423987803 0.161072332273064 0.0365448872091798 0.0202263407287734 0.214351499302085 0.028565148971571
0.145295427508982 0.053726197863196 0.00461263025226537 0.220102609523772 0.0326751436109881 0.160566674746211 0.165667674563742 0.0914544668038278 0.125899175127016
0.0490025198575031 0.0888337223482443 0.151696123831194 0.152318978946712 0.115063414574457 0.034041252439047 0.157404974731637 0.144590668156943 0.107048345114263
0.119944876041038 0.138420005464364 0.0480532236647853 0.184190281430736 0.189390700203574 0.0599639757693797 0.0683690480659916 0.17266208698198 0.0190058023781513
0.08268757210464 0.156049498763527 0.142101235147209 0.0317126004077867 0.0665066419003864 0.191459216272215 0.0763368429537896 0.119469297288865 0.133677095161581
0.206210706140679 0.208840178091834 0.0665565400203692 0.0342087384281366 0.0318791410852449 0.0338747237653723 0.217626518617569 0.12643766278421 0.0743657910665847
0.0785343972946351 0.0712811025197781 0.183154857614217 0.0140841607078383 0.137427676513132 0.185099117127153 0.119714028037468 0.164532182622448 0.0461724775633297
0.00927540625618305 0.0240011687467158 0.182914197649543 0.148565065714102 0.101705800246618 0.00621602657923775 0.240534748704497 0.230155482785488 0.0566321033176163
0.113560283770075 0.132072793758038 0.164821337254524 0.157452903438997 0.0241572115338055 0.151666730732565 0.0527491675638106 0.0329992606705639 0.170520311277623
0.157110356948396 0.104729081282849 0.111160479388132 0.00501876445380296 0.0212144112874799 0.164466206167715 0.170808085277324 0.102461026684237 0.163031588510064
0.128527851466048 0.170170272666905 0.00668185998794127 0.11989488820236 0.182992110873559 0.0191617574019795 0.158596579251345 0.0448979840875187 0.169076696062345
0.146545851417413 0.115362626458444 0.114720858549192 0.173367217762794 0.0735604443964236 0.0550798201759016 0.154121580398355 0.11424378160927 0.0529978192322059
0.108542689661517 0.0685982537639823 0.081097585243877 0.0278826764567706 0.0360106334553595 0.205518586313803 0.195864434539938 0.107045719139409 0.169439421425344
0.0629620446654984 0.0721982145824874 0.118809531050634 0.132498614392594 0.10954788323372 0.0887716298341397 0.110778798645519 0.189644206508617 0.114789077086792
0.130378403933189 0.0656594632930056 0.140460870516949 0.219530038010453 0.131886292482048 0.14391332582221 0.0171410063589909 0.0817002611627273 0.0693303384204262
0.0886553861681006 0.0545364457421289 0.124042850006119 0.0106586680772402 0.126039126940006 0.0660392559057031 0.052088076989521 0.142988924030943 0.334951266140238
0.11916298783707 0.0413050813640608 0.227769751920193 0.00889608662204256 0.0698675941005716 0.074632257668339 0.117812508580172 0.170288836058165 0.170264895849387
0.182296577763091 0.127859851643368 0.0212590678559444 0.082213815741906 0.21796324194937 0.188602708979104 0.00956884603772837 0.0515348659871823 0.118701024042306
0.207161942991241 0.0593845209461597 0.0103293367298507 0.183121299292561 0.118388033978532 0.132678674782636 0.0188556785295621 0.103265385291027 0.16681512745843
0.0271108938107607 0.0908599057135708 0.0200918500945864 0.124704920802594 0.131011057678774 0.176081334755231 0.183907341841537 0.171360231617786 0.0748724636851603
0.024014613613814 0.00394650063287498 0.0614180883806598 0.195172396929836 0.203312264477189 0.126127177808553 0.0967560832185321 0.134288126351604 0.154964748586937
0.103144356285803 0.00712986347201885 0.229988726373275 0.0261474364402092 0.00422771354124451 0.108935396740349 0.083134153523095 0.222863392215749 0.214428961408257
0.195417927342366 0.0515850406339426 0.128099668498263 0.167510283379359 0.147385079568276 0.129814188366038 0.0583527108870257 0.0263300023030727 0.0955050990216569
0.0192632706065368 0.187523774846117 0.196906089615218 0.0944730512910509 0.0774273553446493 0.108796170720682 0.17065436532865 0.0753007979954319 0.0696551242516642
0.135615034463157 0.220738484144667 0.217008748011516 0.237344414788332 0.00639648014763207 0.0193088989680978 0.0229776437291235 0.036179130009825 0.104431165737649
0.235516547707701 0.0164931368139666 0.116031290796307 0.10815673572263 0.0311092867727924 0.0254793442913696 0.232207485351374 0.0276063248788812 0.207399847664977
0.174707516959466 0.0602755303242352 0.0602803996659083 0.0705940634038192 0.123023359968739 0.106848083949647 0.103813185138242 0.138573847110295 0.161884013479648
0.157040513779793 0.179177602939335 0.138793371417487 0.151894892166395 0.182589771277475 0.0263242501482529 0.0812333051186564 0.0660980716504617 0.0168482215021437
0.192012392864636 0.196423283230443 0.0913807706703243 0.145690889728148 0.00608207849294388 0.128284196307199 0.150704257259105 0.0821339703640286 0.00728816108317224
0.145817787022571 0.122251415062199 0.0239343083220646 0.071837258415314 0.0323274441411755 0.0936537332877986 0.383059580720512 0.126483748991744 0.000634724036620129
0.0169003232315977 0.0985815650013767 0.188205053000206 0.142535631680835 0.132665100461359 0.130749558151092 0.0641555619282706 0.146498116661308 0.0797090898839544
0.0813460035032196 0.257683420511918 0.190446460517282 0.141206728250756 0.0615972562433033 0.132177332050806 0.0536379395359187 0.074493305579525 0.00741155380727127
0.21216759350621 0.201183257620385 0.135558624401442 0.0128201724093327 0.0207696625707837 0.105374893300107 0.125688085617497 0.0123826077618859 0.174055102812355
0.181119322153118 0.171501084584333 0.165131223981076 0.128260778616054 0.142262805269614 0.024418970328208 0.0662841087136008 0.0920499913057907 0.0289717150482056
0.194556326129712 0.111878331804631 0.128593976409571 0.0127174324529674 0.0358580635474244 0.108388279290412 0.254488030924644 0.0477954112001239 0.105724148240515
0.0646841994391923 0.0368904365735588 0.164347600174994 0.098513022014632 0.131425748893863 0.135646024519191 0.0355708936863874 0.184889758530839 0.148032316167343
0.122438231255017 0.0814080422517694 0.0837120672515125 0.0613721325877438 0.134225326097837 0.139966320264383 0.0568244091750635 0.16882857852994 0.151224892586733
0.0161086080099421 0.253971742220065 0.241139950918802 0.0431703066108059 0.169728381101759 0.0690038568249875 0.0500566216128878 0.07807051844936 0.0787500142513917
0.0103360723450699 0.108469874400248 0.126304760174335 0.162535307077856 0.161348663384261 0.0765902833878329 0.100884708425111 0.137856092143705 0.115674238661583
0.0302502882188566 0.205909085156683 0.238767546911796 0.029426513006696 0.0236222344922933 0.126914786132419 0.231543991980449 0.0236056773529625 0.0899598767478447
0.0368099987702903 0.0477081361634951 0.147514173732412 0.161336651076717 0.222653318088859 0.0170428771261536 0.185541488658902 0.0531316378377212 0.128261718545449
0.144976071042095 0.0817882825769611 0.101588878138467 0.0383463489280624 0.132527586355182 0.130325887970456 0.130365136342917 0.122620540637329 0.117461268008532
