0.0432907905030322 0.151547164609746 0.192686443150835 0.181308098500872 0.147814920443549 0.0232371234548578 0.156084469419157 0.0406923472996913 0.0633386426182601
0.125647358390155 0.130081861854974 0.0244484209215417 0.0470937776045914 0.12207833645613 0.0838112315364579 0.111129067429352 0.171269613201702 0.184440332605096
0.171880518643755 0.193373970999086 0.099897461537519 0.0587920144878749 0.0145873299641509 0.129304470057702 0.0317619838137023 0.146579043831114 0.153823206665095
0.149352546939706 0.0934121898014594 0.0250011778874898 0.152730589621614 0.00501975278480613 0.068430308372345 0.207896203510225 0.165231034139408 0.132926196942947
0.0363062387437345 0.0516123280382578 0.0017768160544699 0.180549198786838 0.0864463927228767 0.24933474239493 0.0556771661227564 0.177271689029688 0.161025428106448
0.0116794528152342 0.00735259024932886 0.0253862134145501 0.081853482131759 0.0627608971326154 0.293658452598941 0.171176013911912 0.182888373273163 0.163244524472496
0.0893426815749428 0.0234894246887347 0.0325353707411046 0.160190529108703 0.0678290979170377 0.120627060499021 0.225175348281855 0.228268976805656 0.0525415103829439
0.0739623148354283 0.141146160241744 0.168216356644249 0.021274915312669 0.163879888300908 0.17978210962894 0.0503902414686208 0.116858337070574 0.084489676496866
0.0831990063906964 0.0520031274048095 0.0846421685519405 0.150445858652153 0.115832794098931 0.137421281744341 0.0945284149243629 0.158461170276681 0.123466177956085
0.053465082257518 0.150815869164807 0.0113258376992985 0.201561491999278 0.172074592968758 0.181610595118382 0.0682514025477758 0.103606697939629 0.0572884303045543
0.18562015673122 0.141741425060229 0.00223992292071945 0.164966665612578 0.0352609702975315 0.154113585507616 0.192172625359909 0.108777984884344 0.0151066636258527
0.15486186518898 0.0584645245855255 0.131602975094117 0.178805116112646 0.140850973659711 0.0682030197164372 0.158715694595949 0.0691259299130548 0.0393699011335795
0.00215941538412899 0.153282815233899 0.203158000716467 0.0342905833356053 0.197168180367253 0.0238774901989463 0.0533099023772472 0.151201207559838 0.181552404826615
0.0131525124420493 0.0555911021367897 0.121713053437398 0.0164496967611757 0.157434843996251 0.155861158874199 0.0503741886951656 0.208017064454735 0.221406379202236
0.0595427266900885 0.191809693306765 0.195981963943612 0.0746050927294972 0.0313811831420971 0.0259377114862355 0.149211100396745 0.17303132880516 0.0984991994997995
0.0254522042052678 0.22902429126262 0.0733508461469147 0.197499797333572 0.0956549682661755 0.120031641976107 0.000968273400175149 0.0606238786384847 0.197394098770683
0.180886521131776 0.156203276965807 0.0588993077893996 0.105880043648728 0.159001181148906 0.147010658894851 0.111312776072795 0.032679132302712 0.0481271020450248
0.109172062848496 0.0472400095073071 0.14313927202486 0.134991993488374 0.14340000313068 0.100959703998859 0.108999655731957 0.0795889017230466 0.132508397546421
0.00232537941099245 0.0897646138386224 0.0580318945059925 0.142887698924827 0.113527482387928 0.198330660452318 0.182103067046202 0.0352248768080578 0.17780432662506
0.198180823124575 0.0362033878225202 0.00291568639757571 0.0535209209045954 0.137686944020054 0.20072669950266 0.21730394773022 0.0464119799759538 0.107049610521846
0.0915188112094283 0.157377389957506 0.0247540439251616 0.16374899261502 0.0510671716044084 0.138026396980187 0.164220103013388 0.132145901434472 0.0771411892604288
0.13252268597015 0.0155576215960962 0.115252259046043 0.126540211154389 0.133690693065551 0.0675051008776375 0.202696527052972 0.0598622033080321 0.146372697929128
0.156245257981988 0.170872515823577 0.168291535580731 0.0395941507859106 0.0285269042063052 0.0868537010872717 0.186052853948483 0.0816114041112046 0.0819516764745282
0.0599704078127198 0.153500156970224 0.0641387996356648 0.0386026916909658 0.0253668701850866 0.0963372871819646 0.178640630302406 0.25267363015875 0.130769526062218
0.0804799690100927 0.194005507823559 0.0608499326801867 0.195761369600737 0.0363270830354005 0.125046261793178 0.101208074451676 0.173527867019779 0.0327939345853912
0.131274499976225 0.0116294809580047 0.200647444165089 0.00932736447017304 0.133458068619898 0.0972618419893293 0.213002496358183 0.0821072669921273 0.12129153647097
0.125656447725086 0.021228128345148 0.125936967876792 0.164122450171496 0.148039698377755 0.117599574399195 0.091055556642711 0.1352749185594 0.0710862579024168
0.167127979361506 0.105534701877724 0.105445967196343 0.11622562371819 0.197097870965343 0.0770967447619747 0.14313907806801 0.0524712067229589 0.035860827327951
0.15488879014852 0.270423249650768 0.0292201341740585 0.213862721733243 0.0437605891820259 0.0535485580255935 0.0561652981226276 0.0479925437015486 0.130138115261616
0.187093875695642 0.172373228617242 0.00767458508597185 0.146351952100881 0.0727456280842165 0.121717278295686 0.0329593460226446 0.164666886977067 0.094417219120649
0.137429708285952 0.0152557024313685 0.165575040818062 0.126694101984751 0.184739360157733 0.137433341615704 0.046729032311492 0.183862791374355 0.00228092102058257
0.00380674853488457 0.093381266049984 0.179497355767648 0.0279382519305466 0.153287826829284 0.128142697002738 0.143217937186971 0.0807384207338641 0.189989495964081
0.0709220662534098 0.0819370610828149 0.196913967537758 0.147954753627664 0.020309082369603 0.150023061892223 0.177540769264141 0.117800719635126 0.0365985183372602
0.121512474144242 0.0906796288675513 0.12741109461987 0.0160858370874061 0.203728642128098 0.168683194239931 0.0842978705620343 0.0638201675983573 0.123781090752511
0.233965841591043 0.0440196214516728 0.00400185311697715 0.139336070705368 0.0936151348854673 0.0170540905090804 0.195660557406188 0.0560336849385406 0.216313145395662
0.0714890560961127 0.0922781667246419 0.0772335049672175 0.169586736569349 0.190331724174697 0.192607797065504 0.0704078806362546 0.0704004486552923 0.0656646851109301
0.0116180652870117 0.117377516756133 0.201684313511017 0.080662251272259 0.0375981415322283 0.105901970692273 0.115030971228147 0.16559309856533 0.164533671155601
0.236997750034338 0.145655864590684 0.011115201261994 0.030915567074815 0.20788963678343 0.0799841621424941 0.026670193837039 0.181655286595703 0.0791163376795029
0.146753413921952 0.00687662064716647 0.134788576349136 0.0607881242186009 0.162399228208556 0.136091169446961 0.169269383158274 0.173648935516785 0.0093845485325692
0.119887009361179 0.029608864709682 0.150314626696515 0.14912203217198 0.102559208312764 0.0593202563780437 0.149255985113512 0.187599085495612 0.0523329317607129
0.214039439583819 0.0514374056750822 0.00354950602249808 0.053413607767761 0.193400470107755 0.150897638958904 0.0819783072558714 0.165036639279215 0.0862469853490944
0.00524841978186196 0.0765596757620749 0.115063028436555 0.154974888126472 0.0821606147415783 0.140365308027724 0.114988462017666 0.106306092098476 0.204333511007592
0.130302426647544 0.120970326007599 0.0454978405009786 0.0213334009686806 0.155013373734291 0.160031446981208 0.0169110680301581 0.164203795331964 0.185736321797577
0.126789410039336 0.0931940013339055 0.0360469174279209 0.0923156414660958 0.168392916633805 0.128903187331655 0.141119299462923 0.0954466582172646 0.117791968087095
0.0674725707417495 0.149390804171796 0.00318843198440455 0.0964544147892122 0.136587442845021 0.136269296949114 0.055498708164926 0.193561692058466 0.161576638295311
0.116994701645144 0.149862000857992 0.151522950238503 0.00996495314955912 0.0922007331221295 0.101551920852325 0.142447495010076 0.176491461039334 0.0589637840849393
0.0118096090142114 0.219985707107377 0.0877542089692663 0.195492836111065 0.0400849964117995 0.104140694472835 0.0609678208432095 0.0548293584378817 0.224934768632355
0.119202315378144 0.184912886030617 0.0710195454126914 0.108371424486334 0.140890475506517 0.0674508488426158 0.0540756378027407 0.0825318939702665 0.171544972570073
0.173584975590272 0.0383142890183028 0.000144168886849099 0.0825245043257219 0.00648254131334792 0.164318999167473 0.184112972227545 0.102405769757151 0.248111779713337
0.102256403254996 0.0566902794794 0.184395634424508 0.120140282012345 0.160170704170355 0.0248507620739375 0.0675684574838442 0.136904794188906 0.147022682911709
0.233630111337902 0.0623956413077064 0.209568662988318 0.090734185421854 0.0780096458059706 0.145664233557292 0.138902131715403 0.0221647179917658 0.0189306698737883
0.101774209053782 0.0739987023225925 0.0468979529607583 0.188823456861279 0.0574258071284801 0.134460909541101 0.145848210172866 0.177560360821868 0.0732103911372733
0.088392009020697 0.239062620417236 0.0172877072037271 0.170089435780412 0.319430841849651 0.000588978181646033 0.0098761387421503 0.10046354667755 0.05480872212693
0.0509619100934441 0.137697902564167 0.173684676471873 0.159995014936192 0.0849705817030886 0.147023488207472 0.022439546411149 0.0930617157236382 0.130165163888975
0.189185878330504 0.0610070836292724 0.0463691795766393 0.143278313079827 0.0131883810120614 0.208787735912389 0.140635067594404 0.00206530392087855 0.195483056944024
0.10532458510538 0.0383123060041803 0.221598850894095 0.164507766604713 0.00536846638104165 0.0656358988076732 0.0919640701645361 0.0798000675741816 0.227487988464199
0.0743451023869433 0.230194307243662 0.0574151268835711 0.0540252054924814 0.138182093115248 0.102134513798904 0.00771469968364707 0.122574535006375 0.213414416389168
0.171144383131776 0.187946233374169 0.108089386035032 0.00512010151128931 0.13741001084193 0.000529162567105567 0.149011768768867 0.104650096767738 0.136098857002094
0.0179058949974837 0.106935799152983 0.0125541172043723 0.206110723409094 0.180064255411461 0.0625784294837019 0.0403485423985138 0.176488700002373 0.197013537940018
0.0711153288255404 0.137817004646153 0.137257856997388 0.0640591804021677 0.114378567843961 0.108111940881497 0.0868174028004881 0.16734080410976 0.113101913493046
0.0356040931647814 0.148841019054469 0.124353595961583 0.141791019534195 0.133942392343975 0.158779184027556 0.0388703614448311 0.156900622695145 0.0609177117734641
0.046599609414518 0.1833534112797 0.183187424892132 0.145299715553746 0.121851179657046 0.133099587885395 0.0832186830163412 0.0531502509310058 0.0502401373701156
0.170795881485304 0.0692096780708576 0.00859897603797291 0.0635191162634844 0.155194622980732 0.101542036252164 0.155558591142008 0.187799057751599 0.087782040015878
0.0685338377351335 0.0864843676709416 0.0920395446588602 0.0868951394518872 0.0671033944957524 0.0372776594216621 0.191435663195408 0.202152868547258 0.168077524823097
0.0354250515676756 0.182388047811337 0.0237637755235509 0.105955384188441 0.079229577803939 0.0910771578221171 0.265262602402362 0.0305684395941837 0.186329963286393
0.120704974240599 0.0656900440515889 0.0790278127768222 0.204336157010697 0.0316570195937224 0.102198356299146 0.189963721455973 0.0141215169467601 0.192300397624691
0.0879173254182091 0.0483421038237327 0.105334668510472 0.0519994341483197 0.168037841421368 0.125921355286312 0.04937298478996 0.197610141794587 0.165464144807038
0.135781690724034 0.0460708988698629 0.129531135275668 0.151654790676719 0.126403440102856 0.0215832630375411 0.132702989805209 0.190886530096727 0.0653852614113843
0.137038594555754 0.131664235954615 0.14194099205327 0.1206593571303 0.0109861341796315 0.118083622660966 0.120588227031096 0.0706790242372628 0.148359812197104
0.14949521452006 0.0339758105734402 0.137516151329243 0.0954946572052802 0.129847182077227 0.040693578464676 0.179890479083803 0.0312105051946607 0.20187642155161
0.161107670985849 0.0061034496072971 0.123842824767376 0.151661580134936 0.159067216258272 0.0785265468140607 0.162613420672872 0.131624263288947 0.0254530274703906
0.109808648818964 0.107637905712059 0.0771607215461264 0.163192541587651 0.0759865729310868 0.0328914145785201 0.116983738656254 0.14475448969622 0.171583966473119
0.0798664944509478 0.034874350914279 0.133662085731899 0.0341299892405027 0.139773564506287 0.155065802639027 0.109338314917823 0.155279881993212 0.158009515606023
0.25160359215277 0.0394466415758627 0.0567386531488276 0.0178063144355943 0.125423764220311 0.172446679128221 0.0297428271731264 0.0313669597887637 0.275424568376524
0.0545402887219124 0.163164293706173 0.0145075389174017 0.00144481568746687 0.217888715101939 0.113206297859499 0.220122361095137 0.0101794389259991 0.204946249984473
0.0116607642699032 0.185261883721009 0.10522227176925 0.0248810370773689 0.0663568811843616 0.146477582970029 0.208603851254145 0.0992538788408718 0.152281848913062
0.0342611540497979 0.108383641722388 0.186803701974752 0.0939865658283635 0.176382028391223 0.0329581411982629 0.186380393672457 0.0539860920389011 0.126858281123854
0.113557615780515 0.0574231171026555 0.0732781149282446 0.0116333156302261 0.195822975965374 0.194791189302224 0.0435275350745184 0.214831674409367 0.0951344618068747
0.0355149321978989 0.104405693236006 0.219501930455051 0.112449422367826 0.191187487844892 0.0690465275988725 0.105751797963161 0.058241264503478 0.103900943832814
0.062520707241808 0.178623821709397 0.176620532319433 0.0184235237945126 0.154815801065025 0.118908798367732 0.135276245283312 0.100976241352388 0.0538343288663936
0.00635161083389175 0.214234081280812 0.204868694314623 0.242703570130545 0.064413838589922 0.0438821170366772 0.00894249552332954 0.0254161760257233 0.189187416264475
0.182840371110811 0.051075026165075 0.177393086941932 0.137640179003485 0.0275970877761314 0.120526377783207 0.230552369384735 0.0277961334401848 0.0445793683944385
0.21698595393294 0.00362151638531756 0.103668501250073 0.199339234111292 0.0242578313533987 0.0448596706594623 0.0305702473794454 0.332524876863802 0.0441721680642693
0.102776517244819 0.0301422588353953 0.152035331561576 0.109127517439317 0.151805984739104 0.195942888824674 0.0828364905027283 0.128245224132381 0.0470877867200055
0.0858682906928245 0.074999229941927 0.156420707454741 0.217636955133933 0.222671434822656 0.106476965871428 0.0174616219715275 0.0618841574728682 0.0565806366380945
0.149940815372897 0.0433091384186971 0.0325538166771813 0.124285600435763 0.166343765502864 0.122413144746583 0.176724866929072 0.077782700290933 0.10664615162601
0.00984900596747028 0.030332890399574 0.192257291554844 0.185063808995066 0.0944984193290976 0.0956245541384452 0.0447122023328181 0.152503023766342 0.195158803516343
0.00189029793987472 0.0445996427935165 0.134120489490079 0.137202104464906 0.165489544071892 0.138650468297796 0.137292032586263 0.149910286761185 0.0908451335944884
0.102880401194757 0.118990739797005 0.00188949101771041 0.159599644022711 0.119002938121924 0.015370069457182 0.269797868990431 0.0408198770590522 0.171648970339226
0.00373746865369142 0.0696797897114492 0.162723706330738 0.0879304078170648 0.143962563813674 0.147104303073545 0.135228344432304 0.142622512270538 0.107010903896996
0.163669847641222 0.169898830400247 0.0842593025875972 0.0803501090419624 0.0990985170457104 0.0474777951800525 0.206445008758105 0.048849518118091 0.0999510712270132
0.0562048295153796 0.0340406656918729 0.193066432859002 0.184358395017304 0.239308326535789 0.0298973685696569 0.159722421509001 0.0176946306677114 0.0857069296342822
0.141522657835009 0.196452858272722 0.131244224052838 0.126721875699655 0.0632913583592333 0.161778512537297 0.157112945222052 0.0200733238656264 0.00180224415556827
0.204874816136402 0.0155091500020829 0.00194960146836307 0.0114878358998546 0.165533159461539 0.221484591311636 0.0679095166861176 0.141443416179694 0.169807912854311
0.191584666601511 0.118691767340069 0.151728934110557 0.0503537920913403 0.0697829131026313 0.119719382216755 0.161813146085915 0.101585636638833 0.0347397618123884
0.0172949000645572 0.124023275731774 0.0765666102994044 0.176149410813346 0.0481856289899797 0.0722815131399001 0.119250827496095 0.123917422819766 0.242330410645178
0.0853021295586593 0.18956473208676 0.0507569968117082 0.0467052531038764 0.180033942888341 0.119910085447005 0.0765288659616493 0.123174598427358 0.128023395714642
0.110648285132609 0.321552390212156 0.046422928693595 0.0820914224367718 0.0421578991892053 0.18712900512225 0.0844372014853062 0.101770858839051 0.0237900088890551
0.0716137364147552 0.158326291467707 0.0838289044736031 0.0378149143999161 0.115150594536666 0.0502533127654645 0.19130272797613 0.102463478452525 0.189246039513232
0.137865702309428 0.232809474343737 0.0547376756467569 0.113089174310104 0.119069628218208 0.0377150357055061 0.0386279709617817 0.203445952330459 0.0626393861740193
