0.18863963361833 0.0111596290513605 0.0951849650177257 0.115626165662601 0.174722393677854 0.0858591484500842 0.137685485907541 0.111140624374969 0.0799819542395338
0.194317057617782 0.0940738975884258 0.0563086440244481 0.163919200908397 0.0624424783167569 0.185879487518387 0.146184882341144 0.0328125223341912 0.0640618293504686
0.00723800907555809 0.141229149242747 0.117023292691189 0.014064447491113 0.00857742979019001 0.190091229890795 0.200006814536835 0.186376138423126 0.135393488858447
0.0014514997259051 0.122923681422751 0.0759988872503088 0.214981042454319 0.0828436595898379 0.241203709948563 0.24966521805129 0.000162121590831328 0.0107701799661942
0.176329718829524 0.0908622748444346 0.135826700703006 0.243863017638673 0.000567123551135341 0.173070929328311 0.060949287320691 0.0332089546301347 0.0853219931540893
0.0912722895566851 0.164421792665626 0.0217171728418476 0.0054570183144328 0.162731625507473 0.223036721091676 0.036620552132246 0.0739350695916919 0.220807758298321
0.162091112959105 0.119151434399972 0.133087886623203 0.00753469770731659 0.0515905389576216 0.130968807120563 0.147013275510638 0.106240414252313 0.142321832469267
0.15267332974348 0.0288464350823056 0.11371751193142 0.172463158758071 0.0971402840129638 0.136288878360347 0.125842245351264 0.0991752054762393 0.0738529512839094
0.0521777971334696 0.206042429916853 0.184728991453018 0.126489543525087 0.0347739243196524 0.180728075088563 0.140751597477673 0.0112724078195166 0.0630352332661669
0.0742029142492765 0.0544465649198334 0.221280039506794 0.0916888168183229 0.152220380619036 0.0528079238049636 0.296097346499037 0.042417282385046 0.0148387311976907
0.17557577589956 0.0465362427626141 0.145876621738213 0.204050981456443 0.179400314376792 0.103735666297766 0.00138502786410165 0.0740204426895005 0.0694189269150101
0.159168038095499 0.117879860349245 0.082017102436108 0.00306811158851311 0.135934016335795 0.125074841202142 0.163578540793888 0.140220819328561 0.0730586698702492
0.171998286040583 0.166767031499918 0.158928090756843 0.0429222706183955 0.0912526739431545 0.046949755256003 0.162684638191657 0.127846850512714 0.0306504031807318
0.168796190223342 0.00909111672369474 0.179681805604528 0.17138896041663 0.152170180911614 0.0606643826554763 0.103219219891745 0.12356423064789 0.0314239129250802
0.00440238255876232 0.0152932974281571 0.143838135011746 0.186215440269085 0.203999725972388 0.0554319349309597 0.186943862052728 0.0240232220704252 0.179851999705749
0.0970814504767041 0.0355737891600624 0.108045573305564 0.211817982679342 0.0715100202560899 0.185604334438891 0.19772177693796 0.0015354085795909 0.091109664165795
0.165094088709023 0.0621581563188923 0.123054492653932 0.051714711041438 0.240258092016498 0.0749301568693482 0.0681429056579983 0.083636911547553 0.131010485185317
0.0267497746206825 0.127383343884139 0.137577927328539 0.134601634094558 0.165339093948629 0.146945904706829 0.122101119827363 0.0462922464559407 0.0930089551333195
0.108454034970999 0.15517527852703 0.0270186382442642 0.0832051867021949 0.178573758497239 0.0544776577601132 0.065475080451457 0.161519998898358 0.166100365948344
0.0309845318816511 0.215851461056913 0.146610649200356 0.222131984534394 0.0178765195368602 0.116450693670903 0.207472495667515 0.0291527665259181 0.0134688979254899
0.163426515030643 0.207698387190075 0.224480770882572 0.0354985029000699 0.135112665492656 0.0132003733687645 0.106720851078846 0.107441414882161 0.00642051917421209
0.199591260211318 0.00265527276378476 0.100838854673594 0.121558901733326 0.203125773174445 0.068904823580629 0.112801950577396 0.0106945480868631 0.179828615198646
0.154066663971674 0.0186869571027449 0.116492863420884 0.16394026417802 0.132609328474241 0.138751831190542 0.158395066301906 0.0399258662965481 0.0771311590634403
0.13351401754229 0.0991932935961564 0.0643149829611347 0.0870411738066434 0.163218569197602 0.0274560427445878 0.143489869082077 0.109225744201797 0.172546306867711
0.0200413184426426 0.146085410904216 0.149759168471081 0.130115684040788 0.15950284217525 0.178912864823342 0.0476361075534067 0.0165875219961416 0.151359081593133
0.106768489861279 0.163377256780114 0.178462975500512 0.126546995761602 0.00552726341171151 0.141507010402128 0.101318747266235 0.0438954964032887 0.132595764613128
0.223865915745477 0.0603462092831361 0.0269283477671814 0.137329837826309 0.0706652484110089 0.296986872022525 0.00839626837730132 0.013805394313747 0.161675906253314
0.173384252777686 0.182686743145584 0.171700941234023 0.205200342877554 0.0552296680803847 0.087765515049251 0.0398635055310047 0.0443090973645103 0.0398599339400023
0.0842143518044553 0.0640656462784778 0.121284470106418 0.0849505286649679 0.182206064695209 0.0821659324179227 0.0968765659148979 0.15862127149981 0.125615168617841
0.0627786699422782 0.138146316418465 0.0629994199587135 0.144691287926678 0.150074379702851 0.104110313230889 0.109829275972399 0.106315391683737 0.121054945163989
0.0350829221504742 0.0803201816016669 0.0507463296760741 0.092922362393113 0.106235624559637 0.20393431985973 0.0042310520134144 0.232915873994115 0.193611333751775
0.188072853873831 0.0560358330509784 0.224322747300326 0.0795796988042819 0.119918646571929 0.208474871837854 0.0110622957261327 0.0382252755572318 0.0743077772774359
0.139672277816513 0.204771968892882 0.0384721336425678 0.00977996957919603 0.180624427581237 0.0623662963343033 0.107278070365978 0.132306646737842 0.124728209049482
0.22070702257239 0.0449463543680624 0.178129024929197 0.0275647057029147 0.106878615534438 0.02462222980122 0.0176696165964282 0.178780700897727 0.200701729597622
0.0276825398682337 0.0277154565767343 0.00244102173639872 0.267545477626835 0.099059346131358 0.331908413634732 0.142913350865989 0.0858048177261512 0.0149295758335688
0.077423947250634 0.159386151327295 0.153890586764699 0.194426259348028 0.0584492730938508 0.0893216595085274 0.138329517330925 0.0855619727645613 0.0432106326114791
0.164226116006013 0.242409742944086 0.122225293817436 0.119102877992492 0.123856970984409 0.0263687986271602 0.0954665692552948 0.03937322810061 0.0669704022724979
0.127234661828954 0.0483441797561456 0.130951441930569 0.0181756828923964 0.164955415943607 0.151084579815258 0.109885781893913 0.0891448886273075 0.16022336731185
0.105849379686499 0.116696629582832 0.163861992580131 0.159280309334462 0.132733924201479 0.036471917828766 0.0273457023937374 0.114151780181276 0.143608364210819
0.160043540134015 0.136995150255756 0.083357798371143 0.131505269301868 0.110582801737393 0.140717416421714 0.0581103230440836 0.0164839164818094 0.162203784252218
0.126796047546004 0.0926455096431454 0.215430216141941 0.0121834367571836 0.207701815208988 0.095349541138136 0.054535304553095 0.117629963529166 0.0777281654823412
0.19706265572232 0.126311681321199 0.22357385256553 0.0786703279683941 0.137687057356407 0.141639853690822 0.0262126116235947 0.0344820977278563 0.0343598620238776
0.0267226837692578 0.016543267271189 0.1522342795472 0.0494718481312515 0.127163083016013 0.194134891404076 0.119742444672362 0.230464544549507 0.0835229576391432
0.172709243238391 0.0300958324005756 0.053555602400638 0.0620038623549169 0.0662573788005699 0.223853574907907 0.0522994812138196 0.127723075669484 0.211501949013698
0.0862612557955411 0.168370528756455 0.194042370551457 0.0367035444977629 0.0816646300388034 0.115456603207226 0.171993584989686 0.0222262232014251 0.123281258961643
0.0283073592830703 0.0630653983426144 0.0256772534005286 0.131865771394849 0.153514974664489 0.154597162605467 0.171042428340598 0.143065958867865 0.128863693100519
0.100713146081786 0.162864167021019 0.00317940802674237 0.162992010173487 0.0690218962423932 0.145461211776529 0.108287172440003 0.0904971782505567 0.156983809987483
0.212366681240617 0.204627901721968 0.0489969845557963 0.0195166396145928 0.149733975741528 0.13412440412475 0.174364448952531 0.000542787791256725 0.0557261762569594
0.180325840424232 0.0186558192841161 0.120887129337466 0.0167056605970118 0.214604005201801 0.0559579702768251 0.102843905874162 0.0954480508739 0.194571618130485
0.162506899085571 0.1691950482467 0.0223316020262326 0.108384051389552 0.172069418551052 0.130742223263787 0.00454114748506108 0.0652098271190691 0.165019782832975
0.104147043837764 0.137837697421277 0.0881481854787316 0.142660450984884 0.149049352052995 0.0750129219654185 0.108216177022401 0.0607709865436577 0.13415718469287
0.0180250222944242 0.0973576597895335 0.158710004745265 0.140019538700663 0.212378789459203 0.0350567361880452 0.0293764315827103 0.0984277296992815 0.210648087540874
0.00180565976502429 0.180654902536963 0.081854756155875 0.234885894026251 0.00480281052541973 0.174494067396827 0.134906265176334 0.0826969490060058 0.1038986954113
0.211112479365202 0.14510974993574 0.14263728096467 0.0836092322664047 0.119560388526007 0.0321492612738858 0.0411847098085464 0.0625314669646789 0.162105430894865
0.0162191561840484 0.0996827161012546 0.0497955969818739 0.174243262187996 0.168997978321438 0.0561169800530099 0.172707052023813 0.0544046405615344 0.207832617585032
0.119306481302293 0.0599877931022198 0.15784705455271 0.0283864115482915 0.0431321356389202 0.141648976926385 0.156679930713375 0.185238782438341 0.107772433777464
0.062364059950713 0.0550109938335856 0.111209100038739 0.0945554079400537 0.152066918761397 0.146109692532698 0.116052308318021 0.0941981441234198 0.168433374501374
0.110347291522966 0.0881300688941902 0.123506528641039 0.11256764700509 0.157284015651661 0.127092451807335 0.158952395082156 0.058036777735449 0.0640828236601139
0.144894777922529 0.00321743165416934 0.195587379581389 0.0320682211378168 0.158890731326314 0.175597346711861 0.040454544562154 0.167002888864792 0.082286678238974
0.13626485921475 0.181381501563414 0.108735069386338 0.17842041975939 0.0621233427658184 0.141061405635927 0.0989983788079617 0.055691435349906 0.0373235875164946
0.00330758359176544 0.155853225324367 0.163141416969348 0.115835912014642 0.124073896848114 0.161125755456742 0.131442391964437 0.0540693986505017 0.0911504191800817
0.134701930914486 0.183308090827828 0.076092042516282 0.0262992318776448 0.206260038078624 0.00745852260914989 0.0012657215608161 0.208845548362108 0.155768873253061
0.150061011983014 0.0368467731148305 0.143435856689616 0.12480543420497 0.152271816765212 0.028185347531161 0.139991591521196 0.106661229111884 0.117740939078117
0.095025363616897 0.0455017184727623 0.137792812789885 0.144890904041357 0.0360777115324928 0.0733821253826153 0.157724038111357 0.160624790867884 0.148980535184749
0.129633375811773 0.0807530041943457 0.21846532441277 0.0900065985212955 0.0107209323736223 0.121224798141714 0.151764201867393 0.145526941181298 0.0519048234957889
0.214495560935227 0.00269686327272752 0.00492061334544857 0.117061909029204 0.0939391946326298 0.0639430594270856 0.203629211083374 0.157361662459631 0.141951925814672
0.148241690193424 0.149193129168458 0.0591129717777433 0.156020173960817 0.12273170583125 0.0403388100659671 0.109905962502024 0.116256440156436 0.0981991163438798
0.125963347460355 0.0406381971659714 0.224759643546717 0.0284036617216323 0.102535017834189 0.217556555713556 0.0381368388753778 0.0209004449243166 0.201106292757886
0.0820739233561194 0.0247587074238475 0.0317970474616593 0.079090835505863 0.206446681146194 0.0612759505769722 0.181422905814884 0.192469329383976 0.140664619330484
0.170073822193944 0.214458827409364 0.0259529421209693 0.0392021850416104 0.194942171727198 0.173304549085261 0.00505037972680995 0.0929374687574592 0.0840776539373837
0.0881785134937551 0.00567481849816142 0.0825181389377098 0.284692253609541 0.112821335078122 0.139847012306501 0.15791997401277 0.0695299093842364 0.0588180446792033
0.162400117407745 0.0968520527793917 0.000491784250106388 0.108195884260734 0.109195993853488 0.116478695226895 0.128742222370465 0.202304528455528 0.0753387213956472
0.139787205325537 0.0853225407870405 0.155201990311208 0.104843402463573 0.0261621493720311 0.16451017099002 0.134189843704314 0.173404619389232 0.0165780776570436
0.166441274890992 0.0293223045437513 0.19878666413078 0.022083107747298 0.0612550465593437 0.00523047431197404 0.196801687238571 0.161233755988014 0.158845684589277
0.0851394528420463 0.077677057196549 0.0595881759440435 0.124328877921782 0.0464459399589577 0.0543400512437245 0.218717219054286 0.257906996794519 0.0758562290440915
0.0821604669592366 0.0903506434349509 0.0502582686418581 0.139646714412579 0.0618900835826793 0.188944612209396 0.0965779193376396 0.122516165870362 0.167655125551299
0.0111071693022708 0.150288900081809 0.138545144734933 0.0745224024702963 0.316070862433495 0.0169629266484295 0.130495079843359 0.0408323417853595 0.121175172700047
0.0800136951034831 0.0840158363680414 0.132495829509847 0.0767455156734351 0.125151325222121 0.0936093784128097 0.135092323412276 0.115653429290964 0.157222667007022
0.163452208270133 0.0314432758370384 0.111555233249504 0.064049293012491 0.0729952752470246 0.226827580865571 0.130146000651685 0.089159373524051 0.110371759342502
0.081688289975872 0.145846183388608 0.0736889901888764 0.0967562050205682 0.17275326013621 0.164196403342648 0.0399877846624592 0.153180407813405 0.0719024754713536
0.104091768354137 0.202973207301886 0.148892456051107 0.000406174396956556 0.000786878430231308 0.222372600621853 0.0811845077121896 0.105687913990004 0.133604493141636
0.0760890167938771 0.0753716600552255 0.171212665078348 0.0347732839306465 0.203722774608934 0.108216871513199 0.0923451061238665 0.0855917038497418 0.152676918046161
0.164212210576183 0.141315902463619 0.108771642710043 0.158648488424337 0.0276289087199267 0.0926767843089638 0.17767006170054 0.0378388602340713 0.0912371408623166
0.142943792798008 0.0187680198605937 0.00905536009466279 0.122130324675647 0.154532829000693 0.131774582837871 0.134059714289927 0.13555899520316 0.151176381239438
0.0835154977726747 0.132031323632203 0.06798684326055 0.0897450975799164 0.153830149319639 0.175406301951067 0.172070373014654 0.0950313066630522 0.0303831068062427
0.113825812596721 0.119042604158819 0.0367595342323588 0.226483154065212 0.0697722217262028 0.0420076263940262 0.174422220095394 0.0277718503474628 0.189914976383804
0.154062493678246 0.0620849639568868 0.150430103240743 0.17533190851352 0.180528538652834 0.0117971241088285 0.103835030808151 0.0331564519026256 0.128773385138165
0.124722412238048 0.0517029136633094 0.106642250566722 0.0549698089988903 0.187715703710959 0.163369504556258 0.168700510687705 0.05898231485762 0.0831945807204889
0.170102793034036 0.0701771213411523 0.0880051737220535 0.182461101101791 0.186597336641871 0.00308144390305759 0.157606012556216 0.00228928079269734 0.139679736907126
0.180720834553396 0.0829655156063782 0.0233358316112721 0.198220836968068 0.0604334657293713 0.0897395050829003 0.194610748433703 0.0846780966019451 0.0852951654129658
0.142196143332492 0.154597830915186 0.138947179508791 0.00510180551241656 0.153855504490956 0.126804463603083 0.0163805343468181 0.117917395876082 0.144199142414177
0.04558895379814 0.161709029405778 0.0428929466894268 0.166031433916671 0.102224933806418 0.13878043329313 0.104585061087205 0.168626483204827 0.0695607247984036
0.121152584992198 0.0143363954546608 0.0366531819036482 0.101916725142523 0.201559652072912 0.172459706569516 0.195192712708566 0.0498960828843974 0.106832958271579
0.104781485975247 0.0972270335856403 0.241541268983086 0.184042885202724 0.0314916588801432 0.241787471485894 0.0295487952263135 0.0524154800469692 0.0171639206139826
0.183533410393887 0.127205819650639 0.0326509434057854 0.101121890433922 0.0254914751579064 0.231239122162941 0.114728783825041 0.00146769219793245 0.182560862771944
0.141697368234027 0.149876528841564 0.0581766820167285 0.0894880216826996 0.0776468366587551 0.0833174377325109 0.127247368339422 0.182235475406601 0.0903142810876917
0.171090523584978 0.00240617257676849 0.239186691558383 0.0516649272552573 0.158677874686131 0.0557353264416651 0.0193931746956529 0.16366363539545 0.138181673805715
0.195642134351617 0.125933924806939 0.164488165831043 0.100605088471633 0.140447030709663 0.0401140644641359 0.0774552287672364 0.064937550363163 0.0903768122345704
0.0787637560088747 0.244469813581009 0.0888797877368522 0.0153638508452575 0.043653058853172 0.0670379023477485 0.235352207574909 0.146116346222032 0.080363276830146
0.0336056006355204 0.000279744342431317 0.0486141914105653 0.264249944189876 0.067063342295336 0.0664868909256044 0.280144330323748 0.122125612157093 0.117430343719827
0.123093520373851 0.188394289337875 0.103162968417635 0.160435361060886 0.120468645843514 0.0694477391171175 0.0103353923810964 0.093112838041171 0.131549245426855
0.0343707674620809 0.194633116172738 0.114533310345244 0.08601378861136 0.11010649383116 0.172309060593083 0.0104231630563081 0.0442392264423528 0.233371073485673
0.0714616687449673 0.174556165988237 0.0157877402813502 0.0626961349483486 0.111344845157342 0.0700983360360806 0.206758529321005 0.18110325931763 0.106193320205039
0.0188293493083573 0.089111439505898 0.130754019192465 0.135109069655803 0.0317952827394771 0.149323333885342 0.187780291490486 0.14734730134611 0.109949912876061
0.206134040914489 0.178515044613757 0.0903926653485742 0.1943750394428 0.0266193050578453 0.135689891669473 0.0196397357424385 0.136857819358883 0.0117764578517403
0.121694260725359 0.129763591409004 0.151187311881859 0.162248740803823 0.147624956374457 0.0817957965847461 0.0120027068667298 0.0197004828255978 0.173982152528425
0.0914720768687921 0.0741055413466075 0.0202351168764355 0.0251189134744848 0.211647003888442 0.0931912944773431 0.183138526148298 0.139442751852827 0.16164877506677
0.216552769635589 0.172427185216834 0.0284518304682446 0.155567305556995 0.0544322119945414 0.104214167258712 1.43422142174255e-05 0.118881589684459 0.149458597970408
0.142617805993888 0.06029294018848 0.0804550378104294 0.12577158615605 0.11819184925924 0.134724604804345 0.1519402761473 0.0739002533972786 0.112105646242988
0.0493345301268287 0.102584547544043 0.13754552766293 0.112323502829369 0.161356804223716 0.167805241163781 0.0909441643437627 0.114068555724037 0.0640371263815325
0.108538227538213 0.00151978091327261 0.170909341073153 0.103709665283184 0.097450580739891 0.104428090382563 0.244050638057809 0.00697626446002661 0.162417411551888
0.199436233493639 0.112902650658338 0.118310931214405 0.09159596139355 0.148556617153642 0.186854341644328 0.0102641826432166 0.0996761092872817 0.0324029725115987
0.0989443093404938 0.0684577550296283 0.131308431855932 0.134129311363229 0.12115101161616 0.111314891866762 0.0947227088710555 0.130558403666587 0.109413176390153
0.175197819783579 0.180086828841848 0.0963277792910949 0.00648092917355055 0.00729135870282701 0.0153029105836537 0.197174373400069 0.148277758095198 0.173860242128179
0.160966792436601 0.07383776277773 0.150662119937785 0.17547482075861 0.160536125552216 0.108703699777772 0.0339438024929654 0.129857205597156 0.0060176706691648
0.113817863268364 0.102395691409753 0.131141632617312 0.127894614083423 0.00677741257783714 0.0920163401003816 0.0518335416163456 0.203959894868684 0.170163009457901
0.189680920993004 0.166822101384376 0.00929178355580736 0.158433497050923 0.142707621115566 0.179514373904545 0.0282795842616815 0.092277124306134 0.0329929934279632
0.092750978218955 0.00803208832629532 0.210538059566686 0.200177994279843 0.11348576249464 0.0152928235338953 0.134907900546737 0.0334646023333262 0.191349790699621
0.191051763826409 0.085886132942486 0.141548591383825 0.05911905000143 0.0309190945796485 0.10384966360424 0.187160569464822 0.0179015916356727 0.182563542561467
0.0630931644685109 0.0912574654206925 0.183827220111556 0.182891171081129 0.0386346742528605 0.146136437725472 0.080004259730664 0.1043577317678 0.109797875441315
0.0391865549978314 0.112149036792918 0.16741924703188 0.157507468289708 0.170184470539023 0.14405922268042 0.053622141819523 0.0688510475035188 0.0870208103451789
0.0990855256063718 0.0644167969082599 0.113548486574063 0.131932778517183 0.13659246340997 0.183356352791386 0.154043344287154 0.0140129092897672 0.103011342615844
0.110506546745524 0.194760220078988 0.149327306517664 0.0782852953437173 0.128231479594063 0.100278921422835 0.0322466193575468 0.166437352769095 0.039926258170567
0.202601527907795 0.188790914768487 0.170101452089026 0.0926457944714893 0.0617781915778335 0.185023900159745 0.0234730429726798 0.0523209251742623 0.0232642508786821
0.134956474760862 0.108353801198683 0.0710734782135288 0.108152510360825 0.0930887796622649 0.136262149459942 0.116885992473686 0.127829514972303 0.103397298897906
0.0158898577262259 0.348632449574207 0.0104999048385042 0.014816499380582 0.219127360965815 0.0686825270373227 0.0312505429124551 0.253670850768005 0.037430006796883
0.139213917523547 0.165575245053575 0.0221445765918997 0.147698075153779 0.121425869542323 0.02227320040964 0.160071571855382 0.126391768355635 0.095205775514219
0.0157453543923226 0.0282515720486683 0.229118695707848 0.233912781371612 0.0820964112486006 0.0825030114379665 0.0512413372062719 0.044932062552859 0.232198774033851
0.0968308081157251 0.191807931673592 0.0813039320328419 0.109401486515329 0.0473092424929029 0.116848453848236 0.158939009125903 0.0923137913642006 0.105245344831271
0.0967117824575227 0.0392537937614213 0.159897697835601 0.181739424712722 0.0236578687765372 0.207305180192117 0.0425064106779254 0.0190417017780214 0.229886139808131
0.180982255041714 0.0456755681840045 0.124238351835305 0.232394332488631 0.255856554756637 0.00362960719897692 0.0145594609310731 0.065193673236515 0.0774701963271445
0.141642298843215 0.164493422935055 0.127231717505607 0.0816084999462591 0.128100350114022 0.0556286181890189 0.0313671455123348 0.112494118456183 0.157433828498305
0.126889817334019 0.156442420708313 0.185094550389827 0.0490929438366121 0.0476154915857228 0.11961527864469 0.0426092574276024 0.14753856193328 0.125101678139933
0.0973290678249761 0.0837704466475215 0.0235526675740645 0.156444743065794 0.178830127920813 0.115637284437049 0.147604148074255 0.0274926686344829 0.169338845821045
0.18120083167475 0.183884378354412 0.0982095624467089 0.19928398232512 0.00330361886990784 0.117174761846896 0.124043787056565 0.0547489918705489 0.038150085555091
0.136160993115696 0.176431981344484 0.0189275513484071 0.0193389962231709 0.11875950132258 0.174787413989924 0.187314272772347 0.0905289784748725 0.0777503114085187
0.0316884809727782 0.167332041118741 0.0257452884120028 0.0498869698899462 0.151240161252392 0.14242013276551 0.118426600760379 0.173469751468347 0.139790573359904
0.145858624034782 0.0748783633826693 0.257304870942488 0.245738653066951 0.0558888727914887 0.00764114033462235 0.0255412982430673 0.0798630576726276 0.107285119531304
0.023240255790015 0.0290835804260858 0.138237144500042 0.212360436431303 0.136102716813453 0.0941157428277022 0.238103262670261 0.0786808773682804 0.0500759831728584
0.145670879293397 0.00797689101590645 0.0819485852153598 0.0944633177585379 0.183240066601113 0.0349909471160796 0.171236823176747 0.0754732201627313 0.204999269660128
0.0609429846760546 0.185643414310238 0.00451488992690264 0.275055430734325 0.0714225585111747 0.111185053345713 0.0147747003273122 0.115829950844142 0.160631017324138
0.0168766816278381 0.114689451221823 0.0314523557868379 0.0617973437686878 0.0877381797122837 0.190815684906001 0.0190125955455436 0.197536443765023 0.280081263665962
0.104936544511868 0.191235069555159 0.182049092921714 0.108620976370942 0.0932357896668472 0.103746782583456 0.0695717251743746 0.117252593905877 0.0293514253097622
0.0910197034581329 0.0582187704504019 0.142924913093474 0.151104229709723 0.0145673846852168 0.142354668582282 0.126103688384842 0.144863561505072 0.128843080130855
0.0800568513545111 0.103078727844598 0.0403451797527847 0.144834069398191 0.152791320661039 0.0731967168210064 0.130991028267169 0.0970539398735435 0.177652166027157
0.11383541298579 0.0429330060886625 0.206792425363665 0.208846162809234 0.0857061864949203 0.206087228599488 0.1083179713618 0.00611392017451345 0.0213676861219265
0.160949487704232 0.16777009938729 0.0904783841344007 0.0151056918992927 0.142080634033928 0.0313013476063632 0.213776872743279 0.140176500806377 0.0383609816848359
0.206525298357133 0.206684723791157 0.0625951823725611 0.0453986546788607 0.180360501790685 0.0790668820402034 0.145397466548922 0.0377392441030002 0.0362320463174772
0.0167702626909027 0.144358957830488 0.0833880544833483 0.0966861886277094 0.145297942522999 0.0586990510545566 0.112818957130979 0.209101941411488 0.132878644247528
0.0779168833501946 0.117368806778905 0.17212906023435 0.141883514541009 0.0113884636405974 0.0992383933671708 0.100660380161539 0.0706663175262247 0.208748180400009
0.172868144806643 0.16437675401768 0.129930420734005 0.0872289774392581 0.091018190692396 0.184067315211137 0.00413674730300146 0.0136906896439261 0.152682760151953
0.0978330227531786 0.0229036665128287 0.166320177848861 0.156148683316207 0.195949723535809 0.0145954526975823 0.10296290297752 0.179375007389185 0.0639113629688294
0.113359338102537 0.250971986778732 0.157050279998842 0.0156619204456472 0.233855082520367 0.0720074305358898 0.103262978679537 0.0214209935521602 0.0324099893862879
0.126110025959139 0.0585884304658515 0.181036695127789 0.0293545975575871 0.0228309483569015 0.224141972683689 0.0832795855281119 0.0710534297745851 0.203604314546346
0.12062461353296 0.0896933150705814 0.187835710653753 0.119984645038677 0.0426255727824938 0.121632543137384 0.0756529090459701 0.000242165428498903 0.241708525309682
0.126170974157026 0.0709951811736153 0.186577481082803 0.0756067821020246 0.124387727151562 0.250718158806196 0.0226637254116656 0.0399941300881563 0.102885840026952
0.129244734707763 0.130979285005485 0.0730324382178893 0.114724651482452 0.15831176571017 0.107190596546882 0.110357828899322 0.0849919718408051 0.0911667275892312
0.10423152534988 0.0364768455057538 0.050409796185438 0.190404424823102 0.0751643103207204 0.0426639443301547 0.159684331776496 0.168823115814729 0.172141705893727
0.0730445751601413 0.177381784261216 0.011226801908876 0.206260529176208 0.0316804098631109 0.152049676085708 0.0569686169011094 0.171986833419014 0.119400773224616
0.0338242083441389 0.111823156755806 0.000871251558291711 0.157817758556242 0.13497910163585 0.248472218424517 0.0137800388507755 0.039095055166153 0.259337210708225
0.0826274431870548 0.0444248464934199 0.0644280995539467 0.209603584303056 0.0854389527234923 0.20046368128376 0.296142498382133 0.00194728080407387 0.0149236132690627
0.13001833176961 0.141942015268065 0.115871698199963 0.103637972342597 0.1557143928226 0.00811179720585639 0.189791237583408 0.131852135839282 0.0230604189686193
0.149154027440304 0.0796684432920495 0.0566287275556791 0.101188552979239 0.176437562069174 0.128970704549119 0.182012600160698 0.0437737072527667 0.0821656747009723
0.0718673829695853 0.0744112807192554 0.127371972646772 0.139270473050837 0.150646778046118 0.159317478163144 0.00742150080734114 0.128324687354799 0.141368446242148
0.179715655788023 0.110536548815505 0.0115186207555658 0.16205698180345 0.0569638359874116 0.00609213379409344 0.153777521160621 0.192231090123342 0.127107611771988
0.00174537815114092 0.0804068195757787 0.077950744253045 0.166033630682426 0.101129980892189 0.0932527307700573 0.172070691825512 0.140573036633967 0.166836987215884
0.105288070783133 0.259566530673978 0.00739547188516626 0.108128262063452 0.0664807709210369 0.0962953204204012 0.0575993041654789 0.176218011243049 0.123028257844306
0.0607876794866846 0.112798707798904 0.115940055166966 0.103545736376757 0.130066132740114 0.188354931613123 0.0836637869249934 0.121089083740707 0.0837538861517514
0.0673303681979554 0.0619798549191919 0.0528919274797979 0.184662145420599 0.111017157956127 0.21437565050776 0.105910644839096 0.142895213044653 0.0589370376348203
0.127785773360206 0.164283814928386 0.125220483755371 0.165608318624732 0.118923007900885 0.0538579089428214 0.0163711219033473 0.0931396001841284 0.134809970400123
0.212652562241833 0.198070468820895 0.0237713499671857 0.163285062657989 0.13449739132809 0.0297438665236365 0.0579226054325673 0.028337356861141 0.151719336166663
0.141760839136257 0.0866019506654979 0.16483780194764 0.154776693742787 0.0482568903498802 0.10502076636895 0.0287433206339945 0.142880315000903 0.12712142215409
0.0829864168903726 0.0637773166067477 0.114308629160968 0.119459086757377 0.188231066663647 0.0987605567528582 0.0811412923312482 0.0894074347223275 0.161928200114454
0.101352683157129 0.000530464489245057 0.201340252392676 0.0570803195520149 0.188528219574985 0.0817282509449917 0.0836645163354754 0.0100352222209199 0.275740071332563
0.191387047105535 0.145385462061905 0.163204093098748 0.00841773191591846 0.0484699851906319 0.0248288342700179 0.0519077802536442 0.197116421483179 0.16928264462042
0.2165033603671 0.105559419532344 0.128068957075177 0.108719122579677 0.0270218782910006 0.166580082673188 0.00576911337964213 0.177465384138308 0.0643126819635635
0.136745468115479 0.173916812636157 0.146048651870825 0.0447144423135514 0.105399125694481 0.083564936302399 0.0288087647178009 0.137455259781136 0.14334653856817
0.0312452824006308 0.181046307788166 0.0424795382683538 0.141323852541319 0.122140497361584 0.123056454583337 0.125969069462198 0.168989569971032 0.0637494276233797
0.165955542327445 0.174662892645153 0.178092282025569 0.137516504410854 0.181731801678368 0.0477039316122878 0.0735127825747106 0.0383678665448581 0.00245639618075427
0.106371990700444 0.117491201188471 0.0429370532236839 0.0874858824635923 0.0753810973918588 0.171791891315393 0.131135420389923 0.0900372987108237 0.177368164615811
0.0383533160647838 0.255324878208182 0.00407800272886095 0.10485718971049 0.153500218909894 0.0892618145843931 0.16445894705678 0.15429651369207 0.0358691190445462
0.103561363674081 0.2662539412817 0.0322256124760865 0.134715494779654 0.0635711316459123 0.112568277795017 0.0907478250533821 0.110358885199373 0.085997468094795
0.0152559686833244 0.0171464483226026 0.302216654489782 0.0909335422765419 0.162901379709945 0.00458712286258603 0.0936346209754173 0.025275210679148 0.288049052000652
0.132170880677623 0.115895171458853 0.064533091048256 0.142313832689087 0.164225091147566 0.112565478175864 0.159900845821936 0.0187992206475867 0.0895963883332282
0.061300326373146 0.110004680936902 0.178991068917252 0.184380998511682 0.10685514944711 0.0651932853364023 0.0837691885338692 0.105595274052394 0.103910027891242
0.143705395149112 0.131124802600961 0.17676030673819 0.137291512892322 0.0361800362996949 0.0307040691863173 0.081784559677376 0.11307970120328 0.149369616252746
0.140292066065836 0.0336627683158697 0.19564145646795 0.194689272189126 0.0314605838066258 0.138843252210195 0.046795863150609 0.118199791937458 0.10041494585633
0.0593377439140145 0.237281914883914 0.173014949562814 0.123373546784069 0.00338389646454008 0.0928305342496089 0.192902081186626 0.0631020235643606 0.0547733093900534
0.044466585521288 0.130830513006024 0.146191070019784 0.078978542453867 0.107840044232248 0.167219345036751 0.0229940987868644 0.141582592277811 0.159897208665364
0.141517383803563 0.140706568575747 0.139727771071655 0.129050295434425 0.153727811938378 0.0501424693373706 0.065903839347122 0.0519929103800695 0.127230950111671
0.0172893952214598 0.118055315219176 0.0796757114947836 0.104738323316458 0.192729327851095 0.0571986363112457 0.159800559656826 0.177623019104038 0.092889711824919
0.134332021038903 0.153728626766221 0.0239550604188455 0.0916183419864778 0.274718336567344 0.156754049214593 0.0917339571056323 0.00736651041327198 0.0657930964887104
0.125502281339949 0.0920629630940587 0.0746880175291239 0.16736106126637 0.217370330446598 0.211930552491294 0.0784812989628889 0.00438108458100627 0.028222410288712
0.148089163599152 0.0885134606927145 0.0257943223494199 0.125028159552204 0.0949243173261903 0.10757193146933 0.135368978829652 0.155804268448162 0.118905397733175
0.10619059970867 0.128774605827405 0.0695629554334337 0.119785029050834 0.0861884921955202 0.173532239028046 0.138011465137526 0.0589596580938947 0.118994955524669
0.0320673618654133 0.153819959259394 0.171491939887309 0.074790002191759 0.121495572682986 0.11898237919115 0.00493183857885384 0.177200389361129 0.145220556982007
0.161317560534663 0.0820210257482032 0.0478038710409635 0.125999172743783 0.173674005933066 0.108285612918201 0.073533167876865 0.112933375451779 0.114432207752476
0.141577106270083 0.0469844470085484 0.13529041631954 0.0968617218063412 0.131852086243676 0.00367270918229728 0.0992114560180419 0.212122267740952 0.13242778941052
0.0909764833188404 0.113529624983338 0.0831760910826792 0.144827158345702 0.131775823981569 0.059860525933278 0.0937768506363858 0.0957915436159297 0.186285898102277
0.14349269534503 0.0413396036390755 0.0989747734396867 0.0116591505545507 0.226008051721859 0.17990197411861 0.0740653935572263 0.007761686901191 0.21679667072277
