0.425017831103162 0.0266549647547162 0.0755486150317338 0.418548451577811 0.0542301375325774
0.197072969767079 0.265951529038097 0.29585758963429 0.0489041057413832 0.192213805819151
0.298264599552268 0.0171424668633363 0.366008590629279 0.0890332312184362 0.229551111736681
0.215092801289581 0.253521053620673 0.200672353617889 0.113572428124922 0.217141363346936
0.120472049273228 0.27490036558258 0.157372598097106 0.258453203720838 0.188801783326248
0.109234853722392 0.120875922332698 0.310141739793529 0.193351274008214 0.266396210143166
0.33302137565066 0.144346957154687 0.147882624509767 0.0851885105560155 0.289560532128871
0.246056067205418 0.205962381833637 0.144239420194971 0.258272557029626 0.145469573736347
0.277886161224145 0.133200994894844 0.0421154133505754 0.162383570082711 0.384413860447724
0.247754738094 0.554310807730785 0.0643634119041584 0.00754405796574305 0.126026984305314
0.114739674175474 0.562781256789069 0.154614999749813 0.106772405544103 0.0610916637415418
0.245317057185292 0.2473623875259 0.230168068298862 0.130992447664857 0.146160039325088
0.290864578210765 0.131940882987302 0.257038064874274 0.171459516896272 0.148696957031387
0.152123098630533 0.440083713294762 0.0120805299884491 0.351093606022559 0.0446190520636971
0.00788011993234011 0.236339442713085 0.216178184096501 0.195045068641857 0.344557184616217
0.353676093458521 0.191737110974007 0.200893054924125 0.191087489136119 0.0626062515072272
0.449815794596459 0.0045705179002856 0.229714658825584 0.179854302794283 0.136044725883389
0.221924632711145 0.0131826348555809 0.316495126623763 0.324006453209724 0.124391152599788
0.210729449252195 0.24908455213142 0.202567352541037 0.10248411599218 0.235134530083167
0.336954944779394 0.33362523441079 0.255096940658322 0.0307613884869132 0.043561491664581
0.0530670133899883 0.263295429619571 0.238949786417615 0.267054531679681 0.177633238893145
0.125152093988222 0.238312769777871 0.273533745700659 0.197775756199086 0.165225634334162
0.0600669719175505 0.451931815916318 0.307373992978005 0.104843134418694 0.0757840847694328
0.162371392719691 0.291546843848845 0.313943805180869 0.132386831439107 0.0997511268114886
0.120724071804627 0.249261198153325 0.210604281995408 0.105497212609772 0.313913235436868
0.174191516176105 0.19277329386024 0.200548187849041 0.139573753963603 0.292913248151011
0.346814809468456 0.152460812921332 0.143038805280097 0.329131406087201 0.0285541662429136
0.0657646929518845 0.224522554273948 0.086971359425096 0.27116208342 0.351579309929071
0.184893960554715 0.18721886570673 0.129011432109202 0.127429580893271 0.371446160736082
0.102007193876321 0.325911284696609 0.269626170479961 0.146855885029437 0.155599465917673
0.178259644666039 0.228473208880693 0.216483437289677 0.313062936995341 0.0637207721682506
0.364395997027204 0.32428619924032 0.036877914855642 0.124658446659997 0.149781442216837
0.235157894275487 0.211122265672454 0.236033421203067 0.246903219037172 0.0707831998118194
0.295054089708777 0.270311039649427 0.206562841046482 0.109016304908731 0.119055724686583
0.282077513349943 0.17016918285474 0.124270241463812 0.281055887089509 0.142427175241996
0.258941869716388 0.196450987007271 0.153279105317358 0.322944330553604 0.0683837074053795
0.153824610505286 0.242506751346196 0.201794839901747 0.278416346618896 0.123457451627875
0.190383151843153 0.274952518604723 0.02290700459009 0.294120637200965 0.217636687761069
0.115889363092217 0.232630557197348 0.322533600989696 0.289431027251341 0.0395154514693974
0.0130809815462268 0.389667775547978 0.0227982172817912 0.217741949296185 0.356711076327819
0.131701153908382 0.324988689968438 0.234764985777126 0.093392497312246 0.215152673033809
0.42518352596844 0.304696729634644 0.0523789879879933 0.0272432328411788 0.190497523567744
0.166084778730418 0.355711405168708 0.0310902341162822 0.225220345437086 0.221893236547506
0.0307250052571679 0.446012701398204 0.162293416608463 0.339699509648161 0.0212693670880042
0.129773889814682 0.273352136700623 0.269601218024187 0.159947564994456 0.167325190466052
0.311650150978235 0.151839359462615 0.30881427619308 0.142210966128383 0.0854852472376875
0.0581172667440565 0.441735032860959 0.0699581419821057 0.137034205573296 0.293155352839583
0.0511163985075735 0.307079923694997 0.230022652176606 0.229180919194605 0.182600106426218
0.2694002122252 0.197930130729466 0.071135188731286 0.283617967335091 0.177916500978957
0.00883356208638964 0.103902359958787 0.13005163958878 0.2358822965523 0.521330141813743
0.231011735169393 0.0734620442625532 0.377983507185287 0.0538804584976075 0.26366225488516
0.313931189235448 0.264292515663123 0.0518708313821616 0.335614736261193 0.0342907274580743
0.284603206165834 0.136996138162124 0.354790987111448 0.177045634015584 0.0465640345450105
0.266708387966333 0.307892686520935 0.266198487983937 0.109883205199243 0.049317232329552
0.141975061299789 0.26858283260906 0.19730230954881 0.0147431108197128 0.377396685722628
0.394321997483982 0.147937820899152 0.162250168152742 0.0616481304717304 0.233841882992394
0.0431396481747544 0.173784136668021 0.239451536938097 0.26060460614975 0.283020072069377
0.0239890447567167 0.330963934502254 0.143772819567544 0.209890848072312 0.291383353101174
0.115293017427137 0.117416707751819 0.287190768893144 0.240282980138201 0.239816525789699
0.212736008848234 0.0238796853329127 0.135326374525137 0.207784016475096 0.420273914818621
0.168020951771772 0.0384247520385233 0.308079921650292 0.165852694224851 0.319621680314562
0.329238701914596 0.0768626542257949 0.110321786809512 0.213908523993767 0.26966833305633
0.226682283136625 0.228398664009203 0.221964062884206 0.232553180919748 0.0904018090502175
0.137870583589892 0.118408465116149 0.211385638163194 0.367539305294381 0.164796007836383
0.251608643585452 0.179103004915969 0.250466317315586 0.137114439290602 0.18170759489239
0.202779269533608 0.0559138104951361 0.146076220297343 0.280631777825707 0.314598921848205
0.263567891149214 0.210205055399928 0.368753930426506 0.0554046316473695 0.102068491376982
0.13628365403153 0.374585538582372 0.117723642338429 0.168629185451757 0.202777979595912
0.206045538554433 0.226315828785937 0.120015700677616 0.273918953283239 0.173703978698776
0.298891571172055 0.154229421415225 0.0861127087164008 0.200927692103967 0.259838606592352
0.0278628314945814 0.336165070238073 0.283504161119684 0.19688083852913 0.155587098618531
0.447808677499931 0.0161914496774993 0.207497752773991 0.204885434046156 0.123616686002423
0.301632528338333 0.252307355800673 0.230978165827825 0.178040182069885 0.0370417679632844
0.169272839411439 0.227581629014034 0.0452466011307039 0.143114507671525 0.414784422772299
0.183175064023697 0.291364157721081 0.111867667779751 0.118454042004588 0.295139068470884
0.11697692699498 0.266108693169651 0.214739996752658 0.333626867683331 0.0685475153993798
0.376633437355069 0.269543974736225 0.0968586903733143 0.0869334190044595 0.170030478530931
0.272255547380354 0.0410919978724509 0.324553508720575 0.304747720455082 0.0573512255715379
0.243189513738532 0.0611600765961402 0.297623307511925 0.15524994808546 0.242777154067942
0.307505911801664 0.152363689045812 0.277955487835134 0.124414908200496 0.137760003116894
0.162653162977087 0.197254260132097 0.232489183985367 0.0815868059701248 0.326016586935325
0.182220275462433 0.276737123800712 0.2030646326126 0.160763801761622 0.177214166362632
0.0156187132485002 0.294861025755385 0.324890092346704 0.149320876349668 0.215309292299743
0.116311310689168 0.0626064680018555 0.198069901692001 0.275730117623537 0.347282201993439
0.31304791019455 0.123620396513422 0.00261034855586076 0.269405465085618 0.29131587965055
0.00578057167176865 0.233583777634143 0.30212568310453 0.201940539144954 0.256569428444604
0.4848694999237 0.184456610529816 0.133294241447756 0.0443374016839662 0.153042246414761
0.331328073695658 0.111477507946345 0.117471968026938 0.246463531268624 0.193258919062434
0.187221679483776 0.228689944749889 0.133423953678072 0.326279989312152 0.124384432776111
0.445233778329863 0.441782189403551 0.0537698739451557 0.0306574151166698 0.0285567432047604
0.279464692041161 0.259019520121102 0.11440316651648 0.147219810593114 0.199892810728142
0.0154241904801921 0.172384155777027 0.368460975802842 0.358179759338661 0.0855509186012781
0.0326664986675119 0.15405838896021 0.183282863786803 0.315451395653759 0.314540852931716
0.251669184245333 0.221880290997236 0.248736132120873 0.215528399346173 0.0621859932903845
0.167638675741558 0.305475861699746 0.101143868634846 0.354513112529785 0.0712284813940639
0.396596767621094 0.084627087221212 0.27241063096677 0.165486911809796 0.0808786023811282
0.0265214729678959 0.21834977713042 0.190921630855199 0.286739156232137 0.277467962814348
0.177422111292456 0.266723400450348 0.0758658076728373 0.321383695813143 0.158604984771216
0.34096105527086 0.241879983088367 0.114171791291158 0.176999278821818 0.125987891527797
0.11126969005007 0.161988702176407 0.288158789915038 0.232632536873195 0.20595028098529
0.011590447089155 0.255071746532222 0.242544505716779 0.269376937473719 0.221416363188125
0.336401603472431 0.154458920394453 0.302735335192331 0.133987116294364 0.072417024646421
0.163056489663192 0.244139484607228 0.206558712358313 0.134666485734171 0.251578827637097
0.30166486583091 0.332462666293317 0.0105066355481929 0.338555591183759 0.0168102411438207
0.13977201992146 0.317522739926076 0.111328518358559 0.371213029844723 0.0601636919491826
0.211059034338155 0.318755921992483 0.161312027982257 0.272937697684744 0.0359353180023608
0.0461424863423226 0.0873185698061932 0.283489627132201 0.40339672533414 0.179652591385143
0.319492615184046 0.302852240655778 0.152096757178656 0.172685971272108 0.0528724157094122
0.242326829601517 0.129078367180665 0.0458376099710399 0.412464956736271 0.170292236510507
0.255125984545801 0.232871025390172 0.0226532984900245 0.150070017114318 0.339279674459684
0.251288113745578 0.189132378534683 0.394288582763289 0.0159838974955922 0.149307027460857
0.174467805037625 0.0367622708854494 0.251727342156419 0.233680009477285 0.303362572443221
0.392195590108069 0.0684465210835943 0.109983319455143 0.220315691042252 0.209058878310942
0.327639598706357 0.309277957313886 0.208543097249799 0.132991209156291 0.021548137573667
0.159281014327617 0.210064715183413 0.335602232453074 0.024194111122432 0.270857926913464
0.415729393987521 0.0162847907860362 0.339399500615758 0.00165831518623453 0.22692799942445
0.259108670239883 0.114133450636531 0.181574447782681 0.36405485663281 0.0811285747080949
0.10688686650318 0.429747109214096 0.15926854436061 0.090905832943968 0.213191646978146
0.0820679377506473 0.182931845963237 0.28853945395197 0.0446366356256332 0.401824126708512
0.194396024580656 0.283253523463904 0.0522712605482443 0.258083539754832 0.211995651652364
0.0874318300164888 0.30192098910482 0.175639860129386 0.288038127275498 0.146969193473807
0.121894961920356 0.0670476333779715 0.23381575057069 0.303358294490132 0.273883359640851
0.1992268700573 0.0583344864417023 0.433028595959115 0.139652592706913 0.169757454834969
0.00508827442408388 0.287651325277224 0.128114473383716 0.204715102635907 0.374430824279069
0.179932402543467 0.397107561414604 0.237132691486602 0.0958204735820321 0.090006870973295
0.0338768423798329 0.165651942255429 0.460770663400466 0.229636338602699 0.110064213361573
0.390278525099327 0.122849709250845 0.25921660160138 0.143061296569655 0.0845938674787927
0.233625089630257 0.063372792931928 0.212310421324432 0.237998681853656 0.252693014259727
0.128883554655691 0.134879125903361 0.350386215515453 0.359635967652848 0.0262151362726468
0.330467948525599 0.139008731157629 0.0799820215398945 0.228072572913333 0.222468725863544
0.160070622817554 0.134466896809986 0.0565154864635344 0.508624368324891 0.140322625584034
0.255371146036825 0.193935549777379 0.000882763989184149 0.247141251326864 0.302669288869748
0.209154778770137 0.192352976920697 0.106748400740364 0.200934051870628 0.290809791698175
0.0913403631796915 0.225325185911034 0.267630546335018 0.185123521247391 0.230580383326865
0.168978018358022 0.322280948283217 0.179194097062713 0.182507581431173 0.147039354864875
0.239368412118366 0.0601017205969243 0.182813661745983 0.227959529574624 0.289756675964103
0.196399465571733 0.226078904017079 0.136120082128462 0.384019791543304 0.0573817567394221
0.239735475453601 0.356914107024275 0.019517411928643 0.108599738050741 0.27523326754274
0.204782540691358 0.27163713906535 0.0387666636669048 0.241050630712425 0.243763025863961
0.0492298778203666 0.0346714682052449 0.00969969341373011 0.51197095577647 0.394428004784189
0.00522719596106659 0.0273393266947076 0.407877042930482 0.311185104674324 0.248371329739421
0.188436532970103 0.283701873236994 0.12275838170613 0.228190387178817 0.176912824907956
0.365100719427874 0.0198196557274017 0.0131911065901339 0.174018830621638 0.427869687632952
0.154524998469109 0.312555376087124 0.241184897239854 0.144632656027441 0.147102072176473
0.143638141383619 0.291503023746333 0.239393221703578 0.0117798082735956 0.313685804892875
0.275902038162752 0.0867348202623867 0.173078711020793 0.370853469893503 0.093430960660565
0.0122418975889885 0.0240089314202469 0.357105917596722 0.367379228430589 0.239264024963454
0.0445227093375561 0.207184276228317 0.370572602521352 0.332517084651315 0.0452033272614597
0.295921726292218 0.261903622277166 0.18982847400865 0.149121755384978 0.103224422036989
0.0241456868153315 0.313043577106763 0.0528143926654458 0.312555558323653 0.297440785088807
0.36105862370062 0.290557934240172 0.202791145395841 0.116795519862364 0.0287967768010029
0.0417488771155498 0.0166163303250135 0.531043146931092 0.100434073186358 0.310157572441986
0.321893178017683 0.0543703397924133 0.271515906412779 0.30369397356433 0.0485266022127949
0.242672722376226 0.207617905272042 0.318132401176456 0.153514631042036 0.0780623401332404
0.37508067095998 0.00816815036528615 0.253032477522992 0.0595209144372096 0.304197786714532
0.15314988448767 0.187729937180209 0.294179364186686 0.200641261482848 0.164299552662587
0.189007842985667 0.352025017175977 0.0647995993615069 0.10113166984381 0.29303587063304
0.0124847116054412 0.422013039904995 0.0446358770836181 0.202193999170896 0.31867237223505
0.189232455287029 0.163298468477004 0.187269727053068 0.211760547268557 0.248438801914343
0.125737232971196 0.34209583199149 0.357129269536705 0.104376330158003 0.0706613353426062
0.128563333875754 0.0666160477832358 0.566037919095086 0.0533066041537424 0.185476095092182
0.0265855495275008 0.0436121146927474 0.38443049044346 0.321339085781543 0.224032759554749
0.0962356990462218 0.247049987247396 0.216839004544772 0.2209525882635 0.21892272089811
0.156352573281301 0.282449332154437 0.0466586119524881 0.222400351300227 0.292139131311546
0.202457202396644 0.294480457487809 0.210991228645975 0.0563650531931705 0.235706058276402
0.157085025015483 0.282052836977679 0.348739254826472 0.0232428542246477 0.188880028955718
0.0679662778951925 0.381088021078346 0.15684119070897 0.318040771096295 0.0760637392211964
0.335031483155009 0.257239440033994 0.218061761776982 0.0941754332754516 0.095491881758563
0.14997117401066 0.252014169532032 0.172534486868653 0.28223319519713 0.143246974391524
0.0951901761824022 0.242218802563878 0.214022725350493 0.260892128736875 0.187676167166352
0.123029480290674 0.202849903880926 0.230042492600796 0.122535280765351 0.321542842462253
0.301987813063462 0.278073914706638 0.0301931720094616 0.0572399107337689 0.332505189486669
0.365034170217496 0.0872757293860959 0.0495145118211447 0.103521897888992 0.394653690686272
0.330428396566306 0.227865308622401 0.219887347496011 0.0432162928994829 0.178602654415798
0.195145252240593 0.0389037357959568 0.328808984928176 0.349299941872071 0.0878420851632028
0.303644149190655 0.274937773213791 0.0675555399376508 0.14522029365455 0.208642244003353
0.303994326334588 0.100932320490292 0.190163362078307 0.174572873211183 0.23033711788563
0.28342035948944 0.351483858470745 0.274549110890734 0.0666381418915301 0.0239085292575505
0.269897630425543 0.135089244114605 0.0604223050301809 0.320499275521501 0.21409154490817
0.16251882052654 0.302129110492912 0.273932561350402 0.00474753480250656 0.256671972827639
0.0891322638982683 0.387221404759155 0.218732353699288 0.0637590235797062 0.241154954063583
0.266510071170685 0.091333732473485 0.298930160784128 0.248509009775887 0.0947170257958141
0.210714825886663 0.122410266096705 0.090909084798853 0.272507785226556 0.303458037991222
0.183080655218708 0.2088171361379 0.0642102653539906 0.0921298489874429 0.451762094301959
0.17422455233191 0.305628162503669 0.237504749469316 0.0895300449813319 0.193112490713773
0.191402216766469 0.174547882009121 0.354160458819087 0.174019034993286 0.105870407412037
0.0119594701982302 0.122508859182339 0.407327054937282 0.0252893284895255 0.432915287192623
0.172659652949768 0.328562978057056 0.163216912292817 0.317122167337034 0.0184382893633244
0.297606564484815 0.109615597847618 0.0582242424530235 0.425097403500436 0.109456191714107
0.262707232712446 0.0761937651718144 0.032745650093761 0.624791570624638 0.00356178139734079
0.124820062759976 0.326006228310989 0.248922084457163 0.14495290444905 0.155298720022821
0.155984768633989 0.21664290760053 0.257588721598828 0.212474228523337 0.157309373643315
0.0359371631046074 0.225624952753572 0.286201593277591 0.140691716262925 0.311544574601304
0.193019680287073 0.122100005608191 0.162752536543381 0.4079903259588 0.114137451602554
0.312061336186692 0.158416064301239 0.0127480874689879 0.135006577343209 0.381767934699871
0.139024273413192 0.0734428491328423 0.2287642938708 0.32492309544814 0.233845488135026
0.151429061369309 0.248313282169283 0.124178001260939 0.170736197948527 0.305343457251943
0.194305114837362 0.207678752426782 0.266555368095743 0.12995964060453 0.201501124035583
0.0358988421748194 0.366148546373332 0.216808537275015 0.0555010593495494 0.325643014827284
0.0470763432623378 0.154316758578036 0.0545823072020251 0.402605946939448 0.341418644018153
