0.11820958901138 0.168589779796652 0.161143478982544 0.168707518241842 0.166261696189347 0.161620865098708 0.024227965745877 0.00825753137588648 0.0229815755577626
0.119981906838682 0.0243453144441699 0.0135401698761406 0.158862767634778 0.127523498475861 0.137278494760504 0.143034762350399 0.157858685134549 0.117574400484916
0.127153435944357 0.0385435852765357 0.168100308137041 0.124296733081943 0.196803419170399 0.0170987608733333 0.151346673094535 0.0714223900860627 0.105234694335795
0.122984064146903 0.110609635759709 0.125009118528891 0.11035048467213 0.208650944862738 0.0588484105712375 0.0972179948994665 0.0775555260163496 0.0887738205425755
0.111183444869298 0.135310750319321 0.0434073657629737 0.0910384803112666 0.177266543611209 0.202683496011737 0.00948410525573778 0.110797656644175 0.118828157214281
0.168725798424972 0.0914527236561626 0.165947925306923 0.0684357929552405 0.121053009196871 0.00387284650526629 0.0409114685800486 0.196259653759064 0.143340781615453
0.0152244497337188 0.0708425891208223 0.0714507009542099 0.06213568090938 0.0880452430341955 0.25554631751101 0.0563477014487651 0.131279903462514 0.249127413825385
0.0668555784095328 0.187610250194172 0.0382756297894679 0.157339959043134 0.155289028918459 0.0448521857107633 0.0948483222606392 0.187531150860031 0.0673978948138014
0.181140858049367 0.0176085997996381 0.0152829878335383 0.19298082336952 0.0497495663583031 0.0341643285750398 0.3008038893262 0.112505435981162 0.0957635107072315
0.108075100254983 0.217147474509035 0.117820443600708 0.0136298282255789 0.106665398734535 0.0619809806590473 0.130308807503469 0.127924993054316 0.116446973458328
0.0528437587221074 0.218950257159182 0.0670638334714951 0.105340405672349 0.0825316408477107 0.211946834112958 0.024923340882263 0.167754642809588 0.0686452863223473
0.194006666388229 0.104493710971315 0.180635374835338 0.115786087966984 0.128482052021645 0.0359114561330176 0.135673152136485 0.0603367793010991 0.0446747202458878
0.00584170918752156 0.172505531677771 0.0684770706746328 0.232771138442972 0.0553167967945341 0.183883171930149 0.182475158537669 0.070434461689166 0.0282949610655847
0.168090510627874 0.0643553280188298 0.0663624412313223 0.126282764412734 0.132728810202255 0.133393677254449 0.167507252781662 0.019665162024068 0.121614053446805
0.0634142718609481 0.130447529751387 0.00547237621166655 0.0619908628313143 0.253826924140394 0.052567952498527 0.124165886173262 0.281144470030316 0.026969726502185
0.151672580080084 0.137404338906064 0.178284637929568 0.0756354570868172 0.0547292675857401 0.0983623294046265 0.0414557180398947 0.156734836801884 0.10572083416532
0.00701166473658561 0.114894576347001 0.174056125714279 0.0016097222602996 0.192164311046928 0.0639750114697164 0.084842739205137 0.183695624302218 0.177750224917835
0.128553524853302 0.120604728837412 0.270421799779723 0.0746271428043063 0.0201183524301277 0.00227488924744442 0.242359237724024 0.110925914576936 0.0301144097467241
0.166158203485145 0.0614357091790859 0.027890478086846 0.18815074233752 0.172972188932143 0.00922830624731239 0.179652223335659 0.165367101416635 0.0291450469796532
0.155961025659796 0.0861820029815222 0.0484939159381075 0.137660622589104 0.103234969233581 0.0841666072960352 0.101349971067752 0.197304183449728 0.0856467017843742
0.187386733287944 0.0190022153498161 0.035371592745871 0.220533586100499 0.209585704944231 0.0731953735423362 0.00714169352976099 0.0498537757778975 0.197929324721644
0.158417884850857 0.000788693769442644 0.239669608669457 0.0526877542383531 0.194572498735111 0.00810207923774466 0.142304690814054 0.0139162350759354 0.189540554609045
0.136004437348306 0.0790064575703108 0.0429535502389191 0.198046239861954 0.185156867929868 0.0599201818778169 0.0976150292068203 0.0603602567716677 0.140936979194338
0.0364618773148288 0.0970553416655127 0.159576077086012 0.121681706514605 0.0605805823562422 0.139802303839614 0.15478658563941 0.0326430645828774 0.197412461000898
0.120985823931323 0.144908772079082 0.0579909916675167 0.186019907062464 0.122308175321364 0.206001906649256 0.0441724652172684 0.0246724218515375 0.0929395362201882
0.0309052733295154 0.154059908448819 0.0363803973289035 0.19303850695077 0.128597400876893 0.16313994236555 0.14187148280792 0.0253777177281494 0.12662937016348
0.142040873169246 0.0833777252939238 0.0875213258650721 0.101678538971718 0.152943007444478 0.0505963344512303 0.167247960664939 0.0958872036756351 0.118707030463758
0.105323093046962 0.169668968220537 0.0983581250719165 0.0175973037970766 0.15747169098786 0.00650318374063604 0.137676966383334 0.138225575499676 0.169175093252002
0.0420619362159756 0.154362575746587 0.144779186756603 0.0982438089937324 0.113973714236721 0.0538994275306891 0.166105370205715 0.186973951072514 0.0396000292414622
0.160474081805283 0.0526942522527132 0.027550763146147 0.0814810070070824 0.190155249424489 0.0900731098271711 0.102548267424915 0.240820382482275 0.0542028866299237
0.083523702281919 0.179832991763478 0.0627074979943021 0.019964588891932 0.0633735748517328 0.148339322022991 0.168783665660204 0.138996630054815 0.134478026478627
0.0754746804541764 0.138038554562403 0.0296285677224542 0.0350326039379276 0.121565974391972 0.178416221377731 0.179422522546595 0.166958822899766 0.0754620521069739
0.147249360799207 0.154011836796288 0.0206083487844831 0.174406768186488 0.0481958605752839 0.171124353974454 0.157200344340108 0.0762794556605586 0.0509236708831285
0.066743145282916 0.107633948792011 0.0586928809185033 0.0572515095730203 0.179268905505818 0.142867805358365 0.115119453361646 0.0338320213807468 0.238590329826974
0.0530780832383445 0.0322222600034353 0.0136329834723449 0.0990086179641037 0.012891041766916 0.243471022657971 0.178775023504228 0.250024005422268 0.116896961970388
0.0509008331304352 0.14906819121827 0.0606457829337675 0.155521097345306 0.100648851092152 0.0958041294824948 0.128034392485436 0.217530821197205 0.0418459011149321
0.0312432569729311 0.00045059722478714 0.144396073902877 0.241155489997323 0.0174119340642972 0.218668846840791 0.0780384916342062 0.030998504708653 0.237636804654135
0.138686433483251 0.160781640976337 0.178236629245477 0.00266740185515686 0.0365888781055805 0.125487852053496 0.0335487376603723 0.186333658925593 0.137668767694738
0.152813427821598 0.230909905573873 0.111553723541391 0.142427384499476 0.00196618856311779 0.0173502504691932 0.222327191862766 0.0730479251612845 0.0476040025073004
0.271369345365747 0.0339968227248187 0.0293432205248061 0.318603668845483 0.0593094159974834 0.00674530345936074 0.171554718907347 0.0706908938703046 0.0383866103046495
0.080032243964176 0.0442287333237123 0.0158691263370395 0.0762593755090304 0.15987622890563 0.179349324127612 0.17891484519743 0.0913236662814 0.17414645635397
0.14351726469586 0.15479924403713 0.0655721126608964 0.108860481754443 0.102219639610775 0.161313440481761 0.133461916634474 0.0766188062716197 0.0536370938530407
0.197100409457045 0.160136399178031 0.0193746215043807 0.205464926170912 0.183027022363685 0.0805778139624181 0.055534665094021 0.0536918846846323 0.0450922575848754
0.0796597776370799 0.16446029192953 0.0362651312382173 0.10414483183814 0.172478255806468 0.116506260379931 0.0672352112112189 0.184128492884509 0.0751217470749056
0.164317281674807 0.0524671277617172 0.0512256382297525 0.208483548590457 0.0913704129793787 0.0255220005373167 0.114076693046255 0.137577503849631 0.154959793330685
0.0999869867523444 0.10983840210967 0.121910585462867 0.103696967793026 0.104393485962145 0.0963281339995632 0.142286190518303 0.0735792878884321 0.147979959513649
0.0437945462882497 0.121766061752696 0.14599131793295 0.21096145803594 0.0604130115704441 0.0943290668894845 0.109366431522306 0.156464164333696 0.0569139416742348
0.126600119840315 0.129051195378982 0.219799807591457 0.115996174555039 0.0930375042370953 0.0172264718422843 0.184580460830219 0.0475977269946753 0.0661105387299328
0.0308891728604158 0.178068980795344 0.0244361363983697 0.0598241448332293 0.138538609072499 0.130039502317401 0.130717274475666 0.140614037809515 0.16687214143756
0.0039898570964089 0.0888024908660855 0.0453311741444258 0.179772480547606 0.182792101828871 0.140336845781519 0.0924683595750487 0.16322238867826 0.103284301481776
0.122594605321187 0.0494994329621131 0.127207397116992 0.109690268897578 0.11656394951729 0.151764686572324 0.0312760718590694 0.15165372307708 0.139749864676366
0.120087072150931 0.179814845652445 0.134844318457459 0.103268107627246 0.034463343645896 0.0960510376902819 0.0884920391016454 0.0667851709952058 0.176194064678891
0.0701978857939573 0.174435921504189 0.192263205156085 0.181930985477641 0.00848820510277433 0.109420754219071 0.00209499505519152 0.12211882070656 0.139049226984532
0.113676574506738 0.099290452241255 0.0502206485769096 0.0944742080326907 0.102853808880721 0.0952016043723821 0.173383929779633 0.102227842293529 0.168670931316141
0.0346081085701219 0.0671916218128739 0.146743567874719 0.180203316158492 0.133149506798762 0.00476595750920909 0.0632565642818197 0.186852505738155 0.183228851255846
0.135557142843608 0.149800084807193 0.0396383013330407 0.178977206950461 0.0277208172191609 0.189720011909364 0.0235857176175749 0.0770425694022022 0.177958147917396
0.0859264510743727 0.0149061908898162 0.220162282988056 0.180919922910854 0.143683482080612 0.102014060480147 0.0436097543923699 0.152473075420798 0.0563047797629744
0.113921335182341 0.122745025460992 0.0337739316847448 0.122515385640289 0.0977852029432504 0.16308128652589 0.126408241509971 0.11262488479694 0.107144706255583
0.00701514581567515 0.258827453234649 0.0034718619762759 0.177629382583135 0.0372528053308698 0.0286786294917438 0.0916305040723848 0.145829381794556 0.249664835700711
0.235319207117444 0.0544821837595383 0.0801023489456442 0.0972614463058197 0.0200752516559278 0.089432252842728 0.169246247606902 0.126681472250974 0.127399589515022
0.0573010524480532 0.155171270594252 0.171794263957828 0.0430297529991723 0.105132930150493 0.0738452214093297 0.163351744776078 0.0563858046269453 0.173987959037848
0.213805907397492 0.203333543382049 0.000298337409905845 0.0191503060056395 0.152618150561185 0.115313291552994 0.242223821540022 0.014866639939602 0.0383900022111106
0.066897381397748 0.0346211464836583 0.0269540848484095 0.191258926951218 0.109033451753416 0.145035780967443 0.135526922366299 0.19114797038869 0.0995243348431181
0.0482364920482374 0.0302814510042802 0.187051079495868 0.155043603439138 0.114670098087849 0.0849256801523453 0.126624844224251 0.177754147902986 0.0754126036450443
0.0236607814389584 0.151651122543623 0.0622543213057114 0.164174904362076 0.226278286942994 0.0967338170759358 0.110977877624429 0.0871078839577675 0.0771610047485047
0.137963706142771 0.145457128380917 0.132580392090206 0.222433625243464 0.0856850148293595 0.110612392484665 0.0205109076535662 0.0234260413276791 0.121330791847372
0.0410482896237239 0.0265490827610404 0.010000025634823 0.146948296833311 0.234126086057315 0.198741696671165 0.147927883564281 0.140030164716581 0.0546284741377608
0.163137323424515 0.0207811448417522 0.163171230053556 0.0721902645577659 0.0288808031229737 0.156318093780662 0.13458923491355 0.103920071286997 0.157011834018228
0.0811738117727691 0.0474434511242131 0.017061786272621 0.154797562163998 0.148350603570404 0.195436214423201 0.0994382175965257 0.0846474374380378 0.17165091563823
0.0972035551363589 0.146854714230415 0.0787830797203562 0.170906821103296 0.16721318083532 0.140749203023317 0.186646084162824 0.00764317807644762 0.00400018371166539
0.0845433987300653 0.0747893971372379 0.161177678347246 0.186977458956402 0.0762514325325054 0.037812855311482 0.13510762390158 0.190613413577307 0.0527267415061743
0.0587447417229539 0.210832611561662 0.0341825364809349 0.000936171954592774 0.188951375959534 0.144771108851651 0.103656908485249 0.203496829112237 0.0544277158711854
0.276892040328095 0.0317236695231625 0.26194029986453 0.0459337155026648 0.0818344275265876 0.0884528702003748 0.166486060677912 0.00848773699368388 0.0382491793829898
0.149138993105485 0.148155292709219 0.104067389177097 0.145637800217254 0.0790979029330559 0.128434584935453 0.102929271646931 0.0307646368177508 0.111774128457755
0.0388480401603277 0.0682331574633235 0.207508629089468 0.219192534299686 0.127969165663556 0.0115907504378123 0.0799161380476188 0.0583242216713383 0.188417363166869
0.0598200179062559 0.108758000487072 0.1072539684882 0.144987398522163 0.111698601660793 0.2135363003796 0.156967782607204 0.0850486215487285 0.0119293083999831
0.126738567888993 0.129300884082635 0.0559174709124364 0.142529165396603 0.126662823289033 0.143123671780478 0.116353788682664 0.0421142908981876 0.117259337068971
0.111452270007038 0.12017071116503 0.0780311667767634 0.220996441138984 0.0752934621157832 0.21071238705541 0.0590876730815858 0.0629462320255153 0.0613096566338911
0.195191505113181 0.123414773145185 0.0990099003424759 0.0447064880292115 0.115765432107319 0.0379645543786334 0.06639352689587 0.0599675901132378 0.257586229874887
0.0214297960926856 0.0342084874624398 0.0525837414657556 0.107306673797289 0.197425306075147 0.111442881100335 0.202002438406647 0.184625734611814 0.0889749409878879
0.0753737960641128 0.177011129138637 0.120824066490214 0.0350698769982486 0.145980151716619 0.186161014938602 0.0318719407424144 0.107687563698025 0.120020460213127
0.00507985158272708 0.141774037859229 0.0938112308529398 0.03323321991091 0.198274630732182 0.207401722537532 0.113713643395134 0.194036794043984 0.012674869085362
0.188075833394412 0.214424039657305 0.0126470750297941 0.175813985848393 0.0791590554000583 0.0331271339853448 0.0031181974173899 0.192471767334581 0.101162911932722
0.162418447451359 0.146149830243729 0.0903671167587685 0.168325311261751 0.107213247584903 0.0939604047779791 0.0135767692632715 0.135772363588544 0.0822165090696962
0.0604454091826569 0.0318644000833842 0.0799034608014025 0.167675098631887 0.118178024737683 0.250107189923261 0.0100979241851063 0.239020935942769 0.0427075565118504
0.0132664259775378 0.0417620696121906 0.117035248053882 0.0823372700408383 0.116570715043727 0.183705198410346 0.167519911369324 0.128001612618541 0.149801548873612
0.325095070650261 0.0471685014809683 0.0600005341626034 0.026049103691662 0.0679083359838027 0.299856010905701 0.13093241688154 0.0329117910102372 0.0100782352332248
0.0271816812596654 0.22297200400014 0.100670464923286 0.0195766242508577 0.0268946781248645 0.125464523678131 0.0343479625295678 0.230534913543612 0.212357147689876
0.18887611853745 0.119310825803683 0.022747546627719 0.0591386815790038 0.0146049633496955 0.179902620530146 0.169363826635761 0.206074285234015 0.0399811317025269
0.174174772157311 0.138799154374991 0.144462816309278 0.11779312782811 0.022101769632689 0.144362345647703 0.0171513043784548 0.00057913332556466 0.240575576345897
0.0508007075689461 0.0504780479305296 0.040712990345908 0.0736626762186786 0.260582475477954 0.0191136536755223 0.297394967388091 0.142792693088322 0.0644617883060486
0.0155030694924121 0.0307925396154198 0.161003181912207 0.127535881404852 0.00846197111584835 0.196153507924591 0.170247868720603 0.0951760473903186 0.195125932423748
0.0731578080754039 0.0570115981948888 0.0661417062954386 0.182072807317926 0.159360099363218 0.193128526233871 0.0466976818006596 0.0833186862424844 0.139111086476111
0.184718813161995 0.10082205046983 0.152984018419116 0.00190402176706447 0.0839688438414972 0.195080991915225 0.0964025611948442 0.0876481966809772 0.0964705025494511
0.0300093370065794 0.0756263546540017 0.0997007639178876 0.0792227332426147 0.153534951054222 0.00726625556618554 0.202502746909281 0.134046583236495 0.218090274412732
0.221694498206641 0.175814412349123 0.0272618664443723 0.148613517728507 0.0175366693474451 0.0805834284338759 0.109630029420057 0.03244558026147 0.18641999780851
0.0564018052763774 0.124419210282931 0.0286974131016824 0.182397261229966 0.0613204876677878 0.0633224721916743 0.141677772088278 0.191428151963288 0.150335426198016
0.0345345207420685 0.141098857361595 0.0261074485281371 0.0115776056061978 0.125485298974698 0.169730835984244 0.194975087462744 0.145990199415692 0.150500145924625
0.0522651786617627 0.0439879122602578 0.169915627256938 0.125016917603567 0.155474662942012 0.169146673007493 0.0278496203102817 0.114179835764009 0.142163572193679
0.147853733471078 0.193359060864895 0.0870260403796889 0.0253931205610533 0.143631418550773 0.00961386491123347 0.0739612076450669 0.182725547689352 0.136436005926858
0.0954271319959506 0.173377763579385 0.158761875181421 0.177664757505344 0.0682709519023141 0.152323504441307 0.0924146586603346 0.0538075730389507 0.0279517836949938
0.154663950325451 0.0586897993911318 0.0504417705928689 0.173795280221511 0.172080320187834 0.138616208271332 0.0214840414121765 0.187487232914067 0.0427413966836282
0.176150580477192 0.117738408240791 0.037188846670398 0.0555013386408919 0.150011180025428 0.189805496886891 0.148207384283073 0.00275402507137365 0.122642739703962
0.086087545200476 0.062945184277576 0.0969405130825125 0.173749705643461 0.172971405975294 0.175588431376773 0.0194720947168325 0.13998851486497 0.0722566048621042
0.0712534764037863 0.0693660540273812 0.201970364083538 0.06534343227501 0.0627917372311756 0.215579329775158 0.118912464979342 0.182769497084313 0.0120136441402953
0.00198956004979799 0.0155594577145169 0.0496792169481838 0.22767563767958 0.238234415929253 0.113980206039423 0.153781889657693 0.134569268675849 0.0645303473057034
0.0533263837796638 0.047352334294484 0.141066573988985 0.165628289932248 0.0470550249141157 0.192791226996814 0.0106558128085603 0.156833332779721 0.185291020505409
0.13594838515184 0.0581948804871937 0.278932978075126 0.0543291150340379 0.0574315332350902 0.0608981231364088 0.0996265058635316 0.0328656572643216 0.22177282175245
0.0906414426576479 0.116609477380168 0.169916016431972 0.0304803547460747 0.0477949980259917 0.17161991149021 0.114702867976578 0.163877927882921 0.0943570034084365
0.109467215524454 0.0779792001131027 0.0123067330737964 0.184181573423924 0.159465520365229 0.131274022173852 0.0748043225189434 0.0904485214991704 0.160072891307529
0.118201507434111 0.15502608124178 0.083699549874524 0.0424083545595786 0.0608192185905391 0.170480318337277 0.182579442006517 0.177851894120572 0.008933633835102
0.159384246821057 0.122749092536582 0.159410061290259 0.0220507413829541 0.0528880566539245 0.0547474448442325 0.0220403123032765 0.175923424889822 0.230806619277893
0.234045953227592 0.179323963370522 0.00164989066349985 0.0719654168807139 0.132395658188663 0.0926327532579393 0.0841027316671456 0.143617218144878 0.0602664145990464
0.127138434428116 0.105780845600512 0.185940723943401 0.0530592091780758 0.15042596037373 0.175551063288365 0.0644680369587152 0.036927257619376 0.100708468609709
0.143300970203564 0.23297669596021 0.0557725179547718 0.133736290353732 0.0185147924130838 0.0389567074700735 0.150967690645219 0.18240149739597 0.043372837603375
0.192594672524005 0.156730693344957 0.0476180349148677 0.0634088529003474 0.139899935371326 0.0332842455776856 0.147272572792359 0.131078368762571 0.0881126238118805
0.132901732826102 0.0737152008516078 0.172301777259437 0.0785134519304521 0.091203283083086 0.183935156328209 0.0869663619137034 0.0907324216310243 0.0897306141763791
0.16595420561133 0.0170054416780427 0.0974147224435314 0.158892890061343 0.156301228183004 0.141866774764047 0.0983626304384765 0.103397918423715 0.0608041883965115
0.0168639892857973 0.0684079938214861 0.0413885689056911 0.208944036262313 0.112781795652023 0.202727011159996 0.0238827487449085 0.125320906671107 0.199682949496679
0.00995256333625579 0.0868240728885484 0.195903985276783 0.130041987783125 0.0832599535546174 0.197360941462957 0.0615618803643447 0.174709776814086 0.0603848385192825
0.110625339598938 0.133387595991263 0.0493826364349645 0.0288865009575004 0.0373956535498796 0.0736500115600959 0.0880041133765198 0.282626897794283 0.196041250736557
0.123903655840327 0.0237186286673787 0.0548626537158048 0.0134883729006132 0.0858628182693903 0.104288799014854 0.151343819095242 0.108948645989123 0.333582606507267
0.114011953911227 0.0665863483361458 0.03342349166129 0.223677972726886 0.0026193702117292 0.18261135543222 0.119678830571904 0.192808280042283 0.0645823971063153
0.173714572146449 0.0262772296131247 0.168724316481346 0.0814261617693283 0.182594136918274 0.040053376501985 0.133394600572803 0.0934445107172585 0.100371095279432
0.160437661223629 0.143851276426765 0.112494897144823 0.0676627619694799 0.12243675547032 0.118083160888255 0.0911637471181768 0.0345491402929809 0.149320599465571
0.156507797065659 0.208854154479333 0.190652902143483 0.214889576555166 0.0755587327857182 0.00272614254024895 0.0679969413447881 0.0674263905620411 0.0153873625235625
0.0758833552313551 0.161772531584069 0.103444021123341 0.0685528567608458 0.135223849214631 0.101699159422899 0.0617684898871288 0.276303380297529 0.0153523564782004
0.0323864377687391 0.107771111287414 0.151041373354003 0.170545832703654 0.154189395021469 0.0650148776834238 0.177297548625937 0.0580330610800448 0.0837203624753145
0.114963178528891 0.0652862248965334 0.00940049925878172 0.137207228550913 0.171054174070878 0.102454846310497 0.124690596070419 0.107148763813758 0.167794488499328
0.0743840959017348 0.0300200819404308 0.127848176216509 0.185355451352791 0.197784121046549 0.0325289318020547 0.249702464861136 0.000922231998745737 0.101454444880049
0.0882156487521355 0.102478528502976 0.0363904357265719 0.193982249605871 0.026291592454198 0.179450333853283 0.115316413645239 0.0732460491789633 0.184628748280762
0.0559670964033223 0.167233180412538 0.177402644418646 0.177207529504886 0.133308001782076 0.0346555712231905 0.170586999988473 0.0679112351383731 0.0157277411284952
0.114782242896107 0.0983050322114945 0.130166843062121 0.0218179401800939 0.210481378786088 0.207993448457103 0.0185111175001427 0.0544272285985436 0.143514768308306
0.229630665864321 0.159899091487157 0.0104179935664459 0.0694688096308491 0.0355237716959779 0.269804797133063 0.112254608234823 0.0449766620614681 0.068023600325895
0.118777233849916 0.102483549802122 0.0293758540976478 0.156917681966427 0.127400292798397 0.146422312243566 0.123483345119634 0.136839658139905 0.0583000719823851
0.145310851718509 0.221307413572507 0.0723812635671822 0.0925340308546685 0.00933513856250217 0.146911619196072 0.0512434842812608 0.146902753757612 0.114073444489686
0.0853927714443676 0.0326728409319718 0.0669036354456815 0.244823173731817 0.201912331580542 0.0525451860499886 0.00118150226203703 0.141134843628367 0.173433714925227
0.0148460718990442 0.212047865603532 0.0689586011553052 0.18808442639198 0.0800681050593919 0.108780496830857 0.0946930762117557 0.0888274622609075 0.143693894587228
0.0707523744537707 0.122922442972894 0.147355286545449 0.0913490488034707 0.104885852976796 0.0367035443862858 0.159524798288441 0.0732898460485873 0.193216805524306
0.131152144347643 0.125121610059512 0.0294025108843533 0.126491020243468 0.139061965115749 0.198998145013711 0.204386005894408 0.0138493698551742 0.0315372285859816
0.158418394085669 0.0780773064874524 0.15580546259254 0.133585287423633 0.176352582520468 0.0958470509824198 0.0166234963403224 0.0869305239061672 0.0983598956613286
0.208389724243255 0.0602216134870449 0.224338359119204 0.0572018001128144 0.0988574535117954 0.0525242966612105 0.168781945355731 0.0107303883410864 0.118954419167858
0.179289377327607 0.122052609843576 0.0714080778283626 0.126704790726618 0.155892753757124 0.0354768175279125 0.194397528943272 0.00562051168362297 0.109157532361905
0.198117685720019 0.0745517457854719 0.128901568759604 0.0851044267478298 0.0946416088959887 0.0408601900922546 0.153412652562233 0.120426922779544 0.103983198657054
0.0877189328970067 0.0716223436098157 0.0041246194335124 0.0543302228456218 0.171052923586632 0.196081654397884 0.148779539952755 0.0662408092501614 0.20004895402661
0.123581260096005 0.111468911572672 0.0240159947355291 0.164524784361274 0.161451453611198 0.0696947723121065 0.0502677560998354 0.0176124291820786 0.277382638029301
0.269606198867331 0.1008894295923 0.221773568217714 0.044807859785182 0.125928203691198 0.00197349558190603 0.00379982083030943 0.210149584084517 0.021071839349542
0.142929547760488 0.118381080243669 0.0175114715299723 0.133257827688901 0.094693893853162 0.105883183965238 0.152563337714552 0.16128001519964 0.0734996420443768
0.117243174175335 0.0827425065464813 0.191792082042486 0.0863784531849244 0.0934759946250846 0.0378586636273075 0.146265704176132 0.0389033280282971 0.205340093593952
0.165402408228488 0.0471082674887149 0.182034154715732 0.163983052652692 0.175454157850063 0.0747210348443642 0.0111491653627123 0.163001197284213 0.0171465615730208
0.0481412133723018 0.0196478140365568 0.157746766381717 0.236548740410144 0.163469671356984 0.0969295508146836 0.08686797780429 0.118509739001792 0.0721385268215311
0.10210833835212 0.0475086458634606 0.0913728081578794 0.0185960312807853 0.222020340619831 0.129973762418716 0.0319454408586295 0.21707142649601 0.139403205952569
0.0227235806604 0.0638216238439874 0.158100677038335 0.131993824144135 0.135294512273878 0.121473330066563 0.157331524534036 0.105938280310874 0.103322647127791
0.0206680540408369 0.00911014508503096 0.00093490118623465 0.103565978130993 0.176414977012339 0.111826044563196 0.142343106044752 0.180207265996141 0.254929527940477
0.0615922882036513 0.056744089652697 0.133763148489242 0.104452976680703 0.0377584831529779 0.175990180761851 0.121370993851926 0.123254842723876 0.185072996483076
0.163832245206479 0.278805276350077 0.212311638164844 0.123329069237956 0.000103656920297852 0.0289353873168478 0.0650265188831518 0.110025324268996 0.017630883651351
0.104846478389683 0.0905212057096275 0.047595868560564 0.0686699620605275 0.207132653014929 0.136519319085795 0.0990265459300445 0.201924845839119 0.0437631214097109
0.197972345951192 0.0634349019185617 0.0975175636858545 0.102055860089058 0.155196608687404 0.0340348656455976 0.0990585900307989 0.0581163483047908 0.192612915686743
0.0850443439308827 0.0638438619278699 0.054840695644247 0.149931926551637 0.156223849778329 0.164282502541482 0.157201398031681 0.152853933198972 0.0157774883948996
0.175024519798543 0.125134370561046 0.142784738801333 0.134032194932119 0.0934165465874166 0.0266639958079581 0.0524099159252011 0.127049558819216 0.123484158767167
0.220991186728379 0.100160601585461 0.0362025078906177 0.056979012226654 0.144093849214894 0.12375609911977 0.226222113575065 0.00237543111383502 0.0892191985453238
0.027870446852158 0.149297124527353 0.242092380696753 0.0147264939242906 0.0690766240219078 0.123223214461011 0.10077103034833 0.0881449329293233 0.184797752238874
0.12745472047405 0.185442660416738 0.1813692509433 0.117474938918052 0.117028873639717 0.101982795662547 0.0595289852210009 0.109618180550546 9.95941740487212e-05
0.0359387770607221 0.0914562783087778 0.123149439251859 0.121571184290308 0.161639390764183 0.0742752137953513 0.192597714663145 0.0152015755465507 0.184170426319102
0.140146201246159 0.0590567222298802 0.124727631536737 0.0913735679565633 0.103366930379874 0.140489713115868 0.221147676843968 0.0611399791644913 0.0585515775264589
0.139856872562921 0.168110212169002 0.0313320261808052 0.107397520866764 0.191870052346263 0.150998732598408 0.153675088310011 0.0318925215582813 0.0248669734075461
0.0412797503147305 0.0409012547562318 0.171590883259417 0.115688751739622 0.203918569802837 0.043512023938966 0.139932326828457 0.203501352425965 0.0396750869337738
0.178641164187936 0.239860159660679 0.166273597080387 0.1203181604251 0.0987120010818291 0.0366456421502156 0.0491595197133094 0.00759358152354567 0.102796174176999
0.121899277511464 0.0753761462616336 0.152853459113112 0.0306713321109675 0.099620787313866 0.163637101492927 0.100566360760034 0.0951802684967765 0.160195266939219
0.0697675316273385 0.0250043443380628 0.221121498771078 0.118155606427711 0.14290649002901 0.0282677423838512 0.135278044690724 0.181741410575241 0.0777573311569846
0.168215964017353 0.16021914975166 0.0544732000740908 0.187262557088792 0.0762568589467075 0.193098575834064 0.00964950793859101 0.133525116709474 0.017299069639268
0.0475268198307968 0.143439545642211 0.0296660842472116 0.273341541880187 0.0203197400118857 0.193300475828102 0.160778187860875 0.0707566359147222 0.0608709687840075
0.20862848559937 0.154383519128826 0.0975793114643099 0.00666970851268608 0.196968952081135 0.0716728601034548 0.0687684705830702 0.027342095329859 0.167986597197289
0.0291380710069145 0.237255926346239 0.117088443618349 0.14962742020569 0.0283321517073558 0.0915280820321788 0.0627641494378898 0.0689071659078922 0.215358589737491
0.0883264219645233 0.134112740940842 0.0262446901034936 0.0701348902705114 0.168230435865621 0.0245105862099957 0.160323581331232 0.306736745386011 0.0213799079277702
0.179213730491945 0.103933732709821 0.0847303015852494 0.0821530842355051 0.0988625958926919 0.13519546297587 0.146298906950667 0.0525490907710393 0.117063094387211
0.17274610627963 0.0599548131906762 0.0894939252728497 0.12646386265687 0.0578729793651798 0.177077336955637 0.0302512486580363 0.176481767510854 0.109657960110266
0.0242965503739714 0.0168149107140129 0.265887240403982 0.0753834374119104 0.0954950098019861 0.155209618191111 0.0547266673796201 0.128172270240608 0.184014295482798
0.220739882490482 0.00870500654130156 0.137098844819481 0.198119572312109 0.0165779182029852 0.0926657278716437 0.146843067098878 0.0664441589457588 0.112805821717361
0.0148801781912281 0.078784209937603 0.148597263219255 0.168162008110312 0.180439111792586 0.198947445764826 0.0510571819425614 0.1440814951699 0.0150511058717281
0.176849639671967 0.123751053413619 0.00208342938078423 0.154235311080432 0.115191772773811 0.0155677644399647 0.141263383415953 0.216014063404234 0.0550435824192354
0.0157849469744712 0.122690679289805 0.214546099304188 0.245177463892114 0.00678045320287168 0.0898216475655251 0.0241716360003416 0.0291326610077868 0.251894412762897
0.0683385224680488 0.10806887782287 0.149534916774811 0.201544739442663 0.101857616675263 0.0762132531451314 0.0916727615468506 0.0142270645441912 0.18854224758017
0.185238589952181 0.01553566139455 0.152719216422356 0.101579936611957 0.14875212665727 0.152512619245277 0.00445233966412491 0.144038806695648 0.0951707033566356
0.0532857612791341 0.0601050811848118 0.0866293799592278 0.0827126483505157 0.0661174897409286 0.0841849642151714 0.241446876575201 0.119598462000794 0.205919336694215
0.169895652574767 0.245176976915903 0.210856463525148 0.0211702233966293 0.0199085533878565 0.0717800617703815 0.043362614789431 0.168834490688391 0.0490149629514931
0.0907571369169123 0.11040998470581 0.16789368864356 0.144960360622743 0.055656834453029 0.0381640351788102 0.123608586372963 0.164967967767331 0.103581405338842
0.0362610116504777 0.0829432247295697 0.158172837541516 0.157971027658293 0.0763924946947185 0.0385866366067803 0.180207969594369 0.105503449971384 0.163961347552892
0.159307765047334 0.0837745398226786 0.0497310035090401 0.119357842805147 0.130880213176526 0.139882585993279 0.11574284545588 0.139918495954354 0.061404708235761
0.0801859052812741 0.132098689671556 0.0755326613152052 0.136054885731215 0.135672339684335 0.0502144091029936 0.155914455557975 0.104944114345245 0.129382539310202
0.101471497381558 0.181698639572572 0.17972191142911 0.211844112662884 0.215879222462718 0.00619871217978994 0.0337994840470446 0.0312169892337919 0.0381694310305318
0.194707920870011 0.150266031622939 0.00582056561299892 0.0621267042424534 0.0682924487915804 0.0787781828195312 0.187265282896428 0.197247813052423 0.0554950500916347
0.109533737821222 0.149364162065687 0.150496047983062 0.161298235689732 0.0519254505247529 0.0601906599053872 0.168667001629686 0.0181593656528995 0.130365338727572
0.0699106855852076 0.179510909482003 0.153264383303194 0.0402520650110176 0.022373838260277 0.157590195494954 0.0422299003750306 0.170419841207884 0.164448181280433
0.159711118342815 0.024268014690586 0.183353594166929 0.0509013983233854 0.0555107339535272 0.124703093143031 0.0382662282100393 0.184125493374454 0.179160325795232
0.171894787133003 0.204303542421045 0.196308829654065 0.0703064000075065 0.0490485549512672 0.0272763485949337 0.08464570552062 0.18962750670692 0.00658832501063979
0.0541276456319157 0.0431643131967038 0.129183317939046 0.0799259501711152 0.0984845162014521 0.150409202559517 0.216624874491247 0.0718375668237452 0.156242612985259
0.191586729101714 0.0762074575817378 0.100114441973819 0.0370103477968051 0.0145704555670509 0.0144685092381953 0.196241975706642 0.172001713212579 0.197798369821457
0.164546076491215 0.14921715302219 0.053851076626289 0.160573147486997 0.0660288057298553 0.142586574978798 0.0887320960300097 0.128855449778004 0.0456096198566432
0.135146041079243 0.0868090980090552 0.0487711202254028 0.224611428031879 0.12270531261498 0.0942883173597061 0.0327471997204665 0.119267994185812 0.135653488773455
0.0703137544242004 0.0921103776619614 0.198574237495952 0.0633306887662397 0.055973405840572 0.10300927456948 0.00159903972304514 0.195038862733804 0.220050358784746
0.0758465212587831 0.23841944551731 0.131766966399814 0.123685530988902 0.0151781017325835 0.0179384068275855 0.255241641134902 0.107935274126937 0.0339881120131826
0.214380679566428 0.0617813196236286 0.170904272632189 0.017402801860556 0.119121497946668 0.159027092569882 0.0991716152822496 0.155697419525127 0.00251330099327103
0.0261977704847957 0.118308510680407 0.165146842820122 0.00995255286579724 0.125883550277155 0.089220063092226 0.134075078330041 0.16514832845914 0.166067302990316
0.0651099562005736 0.0371500851986363 0.195953407273699 0.14430505856776 0.0538541360591559 0.0568249268857788 0.186433888995983 0.16645645055918 0.0939120902592327
0.266841357560245 0.149077209177368 0.106093272938467 0.140918200188494 0.111186709680376 0.134460145164322 0.0248435396317167 0.0033288622693325 0.0632507033896787
0.122833980585963 0.22673706559859 0.23889204845633 0.0134550306218515 0.113909341773795 0.106855970791817 0.00938874801187516 0.0836436967054148 0.0842841174543626
0.103352148533112 0.0662288734517283 0.0659903257084105 0.00346147931342261 0.136671969858081 0.101930839926771 0.080095903805084 0.179568755730078 0.262699703673313
0.229979523490507 0.0869832791067692 0.0268388188352783 0.118094182671731 0.314555542433728 0.013186844225291 0.160935366003034 0.0251376030585526 0.0242888401751095
0.0198759469988097 0.146358735733006 0.142101526993451 0.161177576351532 0.064721020811844 0.130922810970001 0.0850224815312618 0.137220028234632 0.112599872375462
0.0811473955070277 0.188755599629269 0.0770089835368779 0.129500974123263 0.0345754377125687 0.134672537988733 0.172108577720245 0.0083355430340595 0.173894950747955
0.0855602919079197 0.0597236448087229 0.146778650144317 0.115530236174166 0.135544225255918 0.0868915969219766 0.123400670899012 0.134445949721771 0.112124734166197
0.127626679623522 0.117459109159274 0.10188817259681 0.0665418054982814 0.120162040665247 0.147314141102232 0.0647349628535325 0.0741241739947335 0.180148914506367
0.178487780555647 0.0322671871375804 0.133701807447115 0.158276985395711 0.0230385707009507 0.144917582363332 0.067395954099865 0.133431681202975 0.128482451096824
0.087107155747465 0.0449487107692621 0.0904785837606948 0.12976678744409 0.0711448018556902 0.267649378728879 0.239672045863457 0.0507164540205146 0.0185160818099475
0.12177841920595 0.261183754810582 0.0290708665643802 0.0410665325760819 0.00162713213400075 0.10495445194131 0.262951158725489 0.0243823834932293 0.152985300548977
0.0399219011096471 0.114740299486491 0.161415160748824 0.115075715712204 0.099579892381775 0.135455665521298 0.0111983318587193 0.166073284545536 0.156539748635505
0.0358196596604773 0.0437514900095322 0.00297649323495191 0.237318535474342 0.0201431804986752 0.139380529831118 0.0375714520805923 0.237664227531441 0.24537443167887
0.0705300166631785 0.10653414922632 0.0830976207913916 0.165380977703873 0.173612981772625 0.073333298022518 0.145278708244958 0.136818291830583 0.0454139557445523
0.00153248920160462 0.195740759976586 0.186910823693703 0.0800305717104913 0.0967152573483813 0.0445230740971537 0.138640216688744 0.0367469688042355 0.219159838479101
0.0451399891131364 0.145238100680481 0.0360367028848861 0.153081542415125 0.0704271040519727 0.158688200307797 0.129560004499824 0.154213877779576 0.107614478267201
0.127820287151064 0.12117462655271 0.154970514398055 0.181723454859405 0.0807023491444979 0.0367507578181948 0.171031126081404 0.052964099207657 0.0728627847870114
0.12283015445297 0.119772870253983 0.0589732211804572 0.183393237476279 0.103065831713383 0.182540654945064 0.100655373432244 0.107636654054941 0.0211320024906793
0.153576140740975 0.174245772923236 0.116283698287383 0.143545001167492 0.00892556122763734 0.0851244662825126 0.0386779710678912 0.138133902495488 0.141487485807386
0.101340959321299 0.0674281234709361 0.0925564297520469 0.148195729708882 0.141637083267125 0.0644178622401369 0.100731378890496 0.175857863767188 0.107834569581889
0.165445496060139 0.211575332789088 0.195817148393061 0.0867736579205086 0.084459809252123 0.0293518777856915 0.0757788520038362 0.135465690271976 0.0153321355235776
0.00258279437492433 0.0643192035613961 0.0656866947047008 0.197793710941133 0.185255044704511 0.0690887272382748 0.0653753457277209 0.135451638050249 0.21444684069709
0.0230777355202883 0.187512996695775 0.148696601753215 0.0626068052255891 0.115372165904301 0.11761400238392 0.154210942817105 0.160164313540102 0.0307444361597045
0.135068332127282 0.0709340854513109 0.0354604246785393 0.177926849175604 0.171399535828174 0.134476542380727 0.139610078784657 0.0369275311117453 0.0981966204619608
0.178617583442822 0.145719102422886 0.0717286272677659 0.00843749350369055 0.175434251484515 0.108589819242762 0.0193150468462794 0.166612667884796 0.125545407904483
0.0520004397108299 0.164699418935254 0.0511283582683856 0.14038956341076 0.0248723843615888 0.104583008502959 0.239827066296445 0.0928700691096758 0.129629691404101
0.0488081082995431 0.183177332912605 0.242464591368805 0.13528435628172 0.0620375170772986 0.0710486649956928 0.0809173558670402 0.0638622846902543 0.112399788507041
0.112753304881356 0.0430743017507668 0.155502875657595 0.143830468467882 0.057702663795545 0.130594182864182 0.145603608750904 0.158618232734494 0.0523203610972764
0.10419242452331 0.0907017971759143 0.152293002363524 0.0982453651901466 0.102294971031632 0.144579834974811 0.150082272867709 0.0140177456024743 0.143592586270479
0.0532521050683705 0.0268192738336947 0.107739453309083 0.140049712973706 0.134230437532764 0.182376304054979 0.0698688935783215 0.132564400059944 0.153099419589137
0.156596455232348 0.249116638270012 0.005311479936796 0.0815399116474474 0.0540139051681009 0.188795937870708 0.0847374406280858 0.0788775491998459 0.101010682046656
0.280309864614537 0.0179837955782906 0.0608991027651432 0.0523649120453943 0.0280313222898994 0.118842133720756 0.193097262888102 0.161234056029862 0.0872375500680154
0.233394315227854 0.0852947087443721 0.0705037120342959 0.00692072955303864 0.0713870316908091 0.245251944483104 0.143990734496082 0.0439856197654665 0.0992712040049775
0.0605409909926633 0.0678684990488744 0.0403059664919803 0.0283173882908674 0.224866155060282 0.0682411616425416 0.158450066249088 0.103544104836848 0.247865667386855
0.0905566552130702 0.135318240376649 0.114310085926297 0.103228020915806 0.00182294780103307 0.174779062320056 0.170169353653522 0.0636164276228574 0.146199206170709
0.0954727448950095 0.0918118277918471 0.121469833055787 0.108831447462298 0.129456793988497 0.172805767150513 0.0930268790478267 0.0486797837806447 0.138444922827577
