0.0572684680986335 0.125572737756445 0.111710015935874 0.206183148230187 0.178557583086146 0.142299509687681 0.178408537205032
0.080756536281688 0.0225098891585795 0.222777136987731 0.191090283408492 0.192948993619079 0.118314233160115 0.171602927384316
0.230451992754257 0.142432423787334 0.05532135882598 0.222281901832411 0.081080222685086 0.186265923839041 0.0821661762758912
0.0132799375928284 0.246523549295545 0.146868853798034 0.0781379527891548 0.159772101266653 0.147726108930897 0.207691496326887
0.200798523565685 0.0939801971388129 0.165596914855614 0.215948298113 0.0226879282801912 0.139407322589569 0.161580815457128
0.254242509160935 0.0133994684071748 0.141406021745659 0.330037880148271 0.128317747174204 0.0365552121375732 0.0960411612261834
0.232490776857681 0.00821581682668094 0.0462147315094472 0.166360889538653 0.228547962432224 0.133048657646727 0.185121165188587
0.353577226306589 0.0797008167270288 0.188774176666199 0.097185503598398 0.0556438090904418 0.00970679347041891 0.215411674140924
0.161784252523021 0.039151552600313 0.179750392330361 0.140616965320931 0.156811707793995 0.226793177141267 0.0950919522901114
0.109475508258325 0.217986179849424 0.00477772756081005 0.234139027180415 0.0476762702545515 0.229407377914984 0.156537908981491
0.0384132678408082 0.218416192198896 0.0507698989272509 0.0361765554157036 0.29646537988123 0.172387245232356 0.187371460503754
0.0596364011262615 0.198492524518493 0.14833475915595 0.181958211430194 0.15487550994583 0.147915070588233 0.108787523235038
0.193268292329868 0.0652503629671383 0.214818669783882 0.0473773223349424 0.0759557581891977 0.191648280228845 0.211681314166126
0.182644394274936 0.0993452079857639 0.213760891148771 0.187374834404129 0.0123376077608593 0.0586188125128138 0.245918251912727
0.110942106339846 0.237220601134638 0.124930354333986 0.0449670405885743 0.194599114048811 0.180887682204582 0.106453101349563
0.229379761078017 0.111456498084126 0.17576264104892 0.21379870570271 0.0477564887441136 0.0967960474728039 0.12504985786931
0.181194530239378 0.19172520395627 0.0933717686672755 0.118387351613346 0.0591168497807599 0.204339223787909 0.15186507195506
0.0439289694588264 0.0596241028249877 0.114540326550699 0.298307156332341 0.149909184152249 0.324357582629459 0.00933267805143847
0.0352144930922961 0.13324807898029 0.181339867665805 0.208864714660909 0.252587434973989 0.110810255301272 0.0779351553254379
0.026962486090019 0.185421744241133 0.250764720398549 0.0666096768681553 0.220513291368833 0.0177186193039334 0.232009461729377
0.0138688050591436 0.0490725775285068 0.0340698488334305 0.263653765670071 0.0596728048683215 0.311562756386336 0.26809944165419
0.0657070293411014 0.202768466052226 0.181805919673106 0.205371109738303 0.301456885468824 0.0188077868613088 0.0240828028651312
0.150397623885883 0.186640517643502 0.0973033791604276 0.187734148334719 0.0473168256531343 0.141471590983723 0.18913591433861
0.18096563250808 0.0805253110959781 0.135303106346539 0.112282694923874 0.105048258923746 0.163722593650281 0.222152402551501
0.0644845187679656 0.0697854788408531 0.308504084965544 0.172632733550432 0.271688831340209 0.0133023484658292 0.0996020040691677
0.0662676287676881 0.174343563583625 0.236697600244235 0.243174790103096 0.168078184652524 0.00734365324001112 0.104094579408821
0.0342566596211355 0.0875118072290993 0.219104097771839 0.0146641795866975 0.289428387574762 0.0025873700091551 0.352447498207312
0.137912729259484 0.0941552397901367 0.0194302174353931 0.223909082778686 0.0770595743198997 0.252919300636091 0.19461385578031
0.0367022938194776 0.0926219096463311 0.17150956121052 0.199008725258085 0.152346803648461 0.132863886692421 0.214946819724704
0.295730167379343 0.0105508690773088 0.0594351616438576 0.123353283788523 0.293592075132007 0.183989194493613 0.0333492484853475
0.155266702523475 0.0199865213938757 0.0288978521735572 0.111870953902984 0.107511624895651 0.296184718926359 0.280281626184097
0.257407369871952 0.251028739677114 0.0807888999840132 0.0766106399876516 0.108620750507098 0.146644539827049 0.0788990601451227
0.0303082759847208 0.209715314577172 0.109410719471708 0.225365372496585 0.180237939869892 0.074344979557208 0.170617398042714
0.0406116199950404 0.290661947976175 0.374067491087231 0.145668751817316 0.0250470226671409 0.0636187362043281 0.0603244302527678
0.246943132867525 0.126853147382332 0.171439159248298 0.101295911870461 0.0358215754838141 0.269931576875727 0.0477154962718437
0.0180404008639089 0.297425914675908 0.0089485442632731 0.0312920053087615 0.381303961980561 0.194942308135731 0.0680468647718555
0.0455611385855638 0.227566205699792 0.254383356835495 0.00998961986472185 0.0939297857694078 0.26134748306481 0.107222410180209
0.205791134131187 0.115317764178435 0.184916946353886 0.17592295689706 0.0491395653201761 0.193024719017513 0.0758869141017434
0.148684217784583 0.163367000669599 0.193661610854245 0.0693838831887316 0.00549767608341316 0.213634498227557 0.205771113191871
0.210147402681226 0.143057178364657 0.110116585163784 0.216805847287013 0.084762015339504 0.19133733970231 0.0437736314615049
0.228282394224298 0.125594403242265 0.08281040827526 0.0766431181905947 0.20521086151916 0.0983994963449763 0.183059318203446
0.15892267432161 0.161230311027148 0.0395361046452779 0.0887154455837922 0.164495479356397 0.188213362673925 0.19888662239185
0.239531482809274 0.129431813214959 0.204181844093713 0.0385199133683061 0.0696822101370212 0.176945447427909 0.141707288948818
0.112580949380503 0.119861483077083 0.0780308770519266 0.168654621966581 0.268154959144697 0.146099985039087 0.106617124340123
0.166572212528069 0.204241341391804 0.135198510364084 0.00836849606320651 0.187713725547707 0.116228025892983 0.181677688212147
0.226913517084 0.0159833252059184 0.137806687145574 0.190283944043841 0.16177698208869 0.157867583273129 0.109367961158849
0.116246793898504 0.130042329414727 0.187061421480742 0.152555176869397 0.136291376905719 0.176210517047404 0.101592384383506
0.19450939472419 0.251300366992516 0.00165045775714713 0.17136886465035 0.108047821065438 0.143280256244849 0.12984283856551
0.0663203741598035 0.10948945123688 0.310192270554248 0.0868332785138186 0.0941445339401935 0.166382659654107 0.16663743194095
0.160534850315954 0.197187763152775 0.241662258057479 0.00930996726813753 0.0684932960314389 0.238807756254674 0.0840041089195416
0.124271089083869 0.210182281357786 0.155319230731105 0.0433324614754881 0.0193791628464348 0.347035529724094 0.100480244781223
0.147267924744619 0.138631365604972 0.0764928561449746 0.160937413296031 0.129873809990821 0.138426472768276 0.208370157450306
0.107489122125004 0.0349203351913626 0.12763461564938 0.237783836775625 0.0301675844658254 0.248587830669523 0.213416675123279
0.233567061742939 0.188131766124571 0.0218333850896935 0.186063551729382 0.0817129200107163 0.167435657304216 0.121255657998483
0.0327195913781782 0.0983767415109346 0.190646656430418 0.350619432186129 0.0628325032842787 0.130687905134507 0.134117170075555
0.0277976113276887 0.119363364713563 0.0770822583866498 0.22416009894626 0.247330626411217 0.271827820277256 0.0324382199373655
0.00222169999400473 0.137595501817134 0.0668953819323905 0.160692218581973 0.27686064563488 0.319962239033146 0.0357723130064715
0.183205962605295 0.136367970763085 0.200887753705464 0.0693715988166474 0.187259369051981 0.206687108882238 0.01622023617529
0.161588575904985 0.258071875379047 0.103978000943387 0.0486837060681944 0.223387752405667 0.0517089949820255 0.152581094316694
0.106242717437691 0.0523152066821666 0.215838901533624 0.296859294837892 0.29735732855541 0.000686810985046284 0.0306997399681701
0.266692438923597 0.0312041208437566 0.134954288238728 0.211608023254169 0.0364661596259453 0.26498019230593 0.0540947768078748
0.0461975011198153 0.0438798902793905 0.274501656717879 0.134542871060775 0.232313362094886 0.230268316201107 0.0382964025261468
0.219473261754813 0.0157935774944637 0.0736863892876406 0.0386189046608115 0.122126421461614 0.298139786821201 0.232161658519457
0.245093617019257 0.0114417925492616 0.054564316127133 0.235199422091654 0.00268883020458822 0.353521699117663 0.0974903228904434
0.282707355098551 0.156884274064687 0.0155216688884228 0.0685364407635187 0.190601253352872 0.15340499813709 0.132344009694859
0.215216938631573 0.19600890885256 0.029798632336985 0.110078304231852 0.0695625625824347 0.19836679933355 0.180967854031045
0.165761369861448 0.0852875805489242 0.197745246586953 0.216355239960119 0.11817191532579 0.0695734216867046 0.147105226030061
0.226420339430957 0.112832555361759 0.16625732612955 0.119688974821637 0.0674377788662715 0.220597028115159 0.0867659972746664
0.123016890145325 0.0861190922976802 0.0721931147425987 0.209097315197691 0.196062638895412 0.202045135145101 0.111465813576191
0.00339512515718724 0.109658313835971 0.209832842044428 0.0837047513508744 0.303185745959869 0.20025322197866 0.0899699996730111
0.0910975477674293 0.143018934530014 0.298808423529265 0.170916134178786 0.128170228980743 0.0301590095762015 0.137829721437562
0.322181210054144 0.0441051999409275 0.0978935117953783 0.0576140745787876 0.141628030624134 0.137534089306109 0.19904388370052
0.153080164087824 0.0699410156336177 0.0761320419617235 0.186278928054069 0.139212423668211 0.243753252432642 0.131602174161913
0.0534731271055199 0.12052638594168 0.215344851943208 0.12617461255284 0.0843587387440407 0.197789559052678 0.202332724660034
0.0375080019043095 0.11759334810086 0.199594621743528 0.180084133189862 0.17350770952971 0.0570013528934363 0.234710832638294
0.117938110337923 0.166144295404884 0.222718575844827 0.201487504255511 0.0915290139902247 0.12202114998007 0.07816135018656
0.00239187860677327 0.296053146733309 0.177780852250214 0.0542910348292776 0.0233121313327229 0.260174234312659 0.185996721935044
0.0705510243366703 0.217127352899767 0.111449031342046 0.201491233714988 0.150043982334638 0.222958050659613 0.0263793247122763
0.0556148180376658 0.00206999592395697 0.194855229671104 0.115316039627598 0.150065890809504 0.324901870111627 0.157176155818543
0.143069454841692 0.184167856828959 0.102356929012872 0.138396877826047 0.0677971415693077 0.177023908942897 0.187187830978224
0.13092486177158 0.263867178632512 0.0878796835293035 0.0477252704225487 0.0328118832340475 0.302654585270303 0.134136537139705
0.284093437274577 0.0339257481611752 0.163094995080404 0.228380144140863 0.253526298246529 0.0063879533807521 0.0305914237157003
0.142891271858707 0.0801741012419614 0.114296972852153 0.158733546035536 0.234033898502054 0.0894114288487117 0.180458780660877
0.111138811475493 0.106706389047483 0.170774692185482 0.173238465408071 0.0509928918720286 0.250148912313975 0.136999837697467
0.0811097573007863 0.0519812199171423 0.242819076270345 0.189974221150225 0.0364454257755636 0.347413717714947 0.050256581870991
0.0611410973599327 0.247403236399038 0.00965618459483798 0.188305463181971 0.193980414824019 0.27836176640761 0.0211518372325921
0.231075884539253 0.195037934937764 0.0753451006078536 0.118829076039978 0.0313281827881947 0.0339974683615769 0.31438635272538
0.153520784972211 0.285824758871107 0.0187490842977784 0.0487768126895776 0.228263026684427 0.0349991443350646 0.229866388149835
0.172214373900853 0.15466660355201 0.15248591624223 0.0153902875304054 0.17463197874339 0.247068180368879 0.0835426596622329
0.169231273913478 0.154734140889784 0.0709393867629222 0.0111338277975917 0.00788242596235185 0.302491032333801 0.283587912340071
0.192106986102297 0.146574497999578 0.0849720703638728 0.136858038401667 0.0836632206682604 0.222560519947658 0.133264666516668
0.10466506022713 0.265909696739391 0.230779203627798 0.138246669634921 0.0130982407336076 0.19754685990676 0.0497542691303934
0.126271217671424 0.200216596818132 0.22352651760754 0.0871041346209831 0.204192661482525 0.0760980195991053 0.0825908522002912
0.239065390876598 0.0874683852462436 0.274041016566627 0.100154674784308 0.00385977656418401 0.250768280729721 0.0446424752323185
0.237695752351522 0.167476635216706 0.0537900841120282 0.159475158334654 0.12034971311229 0.121290538315692 0.139922118557107
0.168705707881884 0.202198646959995 0.0921231352614553 0.14534365407741 0.172958903293039 0.104886609422513 0.113783343103703
0.11895058279294 0.0666083992575985 0.224854894624706 0.149507867669969 0.297248127119383 0.120571320571967 0.0222588079634362
0.237653551820611 0.011646652338849 0.00455334695816087 0.251696801912652 0.152079667565911 0.127282722535931 0.215087256867884
0.117965204830664 0.0624959110191202 0.272143265232996 0.0298038012611293 0.0132284801933195 0.369574478294386 0.134788859168385
0.14027130535659 0.0577875750955767 0.111419761888396 0.207987931038689 0.0522331587134793 0.233098542968123 0.197201724939147
0.220849615993122 0.194358779514011 0.0085190914148551 0.208308793278979 0.151324063310921 0.00938383914686166 0.20725581734125
0.073515676962193 0.0862752594684684 0.134124782903712 0.160857477666596 0.184254917360106 0.193358867795573 0.167613017843351
0.0977129248433437 0.11616478033399 0.154669974614699 0.250976879528978 0.138912265604287 0.153470686253591 0.088092488821111
0.0550854376172284 0.125628998171215 0.149621733134037 0.162423928142273 0.154668675367308 0.246330619756237 0.106240607811701
0.0216562987027333 0.0816110083194686 0.0519303722953236 0.174631386217233 0.245608142927291 0.217814528395718 0.206748263142232
0.2139096342804 0.248983446741461 0.277282885808404 0.0666808449683777 0.071296613327904 0.060321426826099 0.0615251480473544
0.294815183394897 0.0190859289943243 0.22930778331184 0.0450750089816435 0.124091846287041 0.146815745230057 0.140808503800197
0.209960466974537 0.161627228498443 0.0492848595967421 0.226418418273142 0.189627324619545 0.018462949485169 0.144618752552421
0.215774011441996 0.0799301530796544 0.13081691333578 0.118619335430701 0.264354610358294 0.0352370931647055 0.155267883188869
0.0989015357416154 0.0192279692886282 0.314523199307861 0.219509241071781 0.0669653529264686 0.00410835461534651 0.2767643470483
0.25143222572014 0.0891716700654195 0.265214338854531 0.135322869433694 0.187096493452742 0.0236722169419283 0.0480901855315456
0.173851208826887 0.198136037929628 0.150848827414078 0.00478264372829665 0.140464795510671 0.258611408844708 0.0733050777457312
0.144165238472465 0.106794169433517 0.230234134779718 0.0136956109670974 0.216633541824101 0.161493256295046 0.126984048228055
0.334196077950112 0.0869238132538565 0.219312389012528 0.0614624916066521 0.225311103723113 0.0679396153205366 0.00485450913320212
0.0441794206836977 0.264224050262901 0.214112041077941 0.163097930914256 0.0888306997305934 0.150354358389632 0.07520149894098
0.135241290605678 0.0408952051480992 0.108616943010764 0.061028900172935 0.0780663054312347 0.287704425882101 0.288446929749188
0.155406246569213 0.22959307795692 0.18072097120561 0.210093213856132 0.0749747411926721 0.144322930077009 0.00488881914244418
0.0277619050775762 0.0954080477169686 0.228622376675889 0.0532987932609119 0.0321230448498493 0.299250941967732 0.263534890451073
0.182346896871826 0.0420922173624148 0.0955449679620653 0.216614728898477 0.0504674958924691 0.224303188571633 0.188630504441115
0.0670453876784159 0.300360161972547 0.130146768080084 0.00201772013780541 0.288648571881687 0.0287508273122738 0.183030562937187
0.364337016946415 0.0612733087513405 0.037911440702455 0.0676085312775558 0.076545945559626 0.216697059460725 0.175626697301882
0.18885748100833 0.0846709356089189 0.172881722776754 0.0504829505703687 0.0501842554502337 0.216751097910753 0.236171556674641
0.00129989147435791 0.0447308707417913 0.0458054656515423 0.201821896058349 0.155744840568599 0.208085518450972 0.342511517054388
0.0643809717413079 0.138695836993039 0.245845074025914 0.140626254291765 0.0745284794216602 0.277073328068684 0.0588500554576299
0.0969106325917083 0.123793920002157 0.136989000324059 0.183788017086989 0.00511018835243808 0.218243916497741 0.235164325144908
0.1125039935765 0.142793895544035 0.0692812491126972 0.0498113256172981 0.19977133736264 0.0680254658330425 0.357812732953788
0.124771561760556 0.145546623733898 0.0978882805048029 0.136006466903738 0.122911763659958 0.102387070020248 0.2704882334168
0.00254256680557939 0.262115279728215 0.0558789030502761 0.0484945495400431 0.254507130627445 0.274435777578333 0.102025792670109
0.0948354149042322 0.168745886519922 0.0764131298708942 0.0554971563496098 0.203530762578897 0.234183947419632 0.166793702356813
0.155567330077596 0.264115583063248 0.227980366746722 0.195076411783842 0.114567752185406 0.0084312630532743 0.0342612930899114
0.0573576370504001 0.24224793387874 0.216473939509733 0.0874229646517452 0.220041511816868 0.168913027685485 0.00754298540702753
0.26870949952755 0.0242282399295248 0.019520553391482 0.0397547156223088 0.274410239384837 0.181693626540218 0.191683125604079
0.0116675921786909 0.189567578180051 0.227013627404437 0.0594980889214899 0.0910930557923343 0.225105515920652 0.196054541602345
0.00256489684255411 0.138417750407681 0.13930856381863 0.145152639668637 0.173398989924501 0.152813156511438 0.248344002826559
0.207034054973831 0.12114209526494 0.131123536789734 0.00527882124661156 0.120567490792578 0.139321373515608 0.275532627416697
0.177174857453822 0.164423040167201 0.0802129856545458 0.100910978353256 0.195919881821583 0.193455439542632 0.0879028170069603
0.0792809434205097 0.269329984492252 0.120221862238975 0.140820165322236 0.134775949840962 0.0766506727061324 0.178920421978934
0.202136476615498 0.165835863627836 0.0759325427748985 0.200446914114501 0.126279418175559 0.193907603003706 0.0354611816880008
0.0235240594536804 0.165030907978749 0.0976397120089397 0.242203161262731 0.0458404484000871 0.346025238786851 0.0797364721089612
0.0825401124624714 0.235931106158179 0.265195469374304 0.0109316335999545 0.209163474909326 0.160667345120316 0.0355708583754482
0.0427309384312114 0.245970794382796 0.0299917134899974 0.250260965455545 0.0301915593618393 0.256568223270329 0.144285805608282
0.220311592431365 0.0178391482048135 0.106728289260372 0.1552216858284 0.130775281426487 0.254614343079563 0.114509659769
0.1205922954017 0.0285532488487629 0.107051670271464 0.277110669348841 0.0384211779536791 0.14466162535077 0.283609312824784
0.0800449114607129 0.203575713328071 0.111201138450472 0.1708950846196 0.154415949977657 0.117957254888031 0.161909947275456
0.201829893802711 0.112372158717985 0.0704025345898121 0.182539451591372 0.234895231455461 0.105762526529368 0.092198203313292
0.136740594848311 0.0133042457754845 0.0268176407923253 0.15227888448861 0.400643390172942 0.10608308117567 0.164132162746657
0.0910227139986638 0.130326498382668 0.101312369551161 0.231661374206263 0.22473255891346 0.182555183643129 0.0383893013046548
0.123713745239496 0.0882973459700278 0.0920813417012945 0.193418634748726 0.0570288102201636 0.204626680550442 0.240833441569849
0.21668894705539 0.0454632572738869 0.137734965985321 0.178081471808428 0.00631903900895769 0.208925653649224 0.206786665218792
0.243106776399971 0.0641282975078997 0.15464296250209 0.117026137589138 0.0571536593871931 0.312379333558438 0.0515628330552713
0.218028641011569 0.233081434287512 0.0378991236513969 0.0509712909301483 0.0812183073705814 0.152722609278337 0.226078593470457
0.107960341070846 0.162942294540127 0.162670592326484 0.150409226320874 0.133894407237056 0.265053672131848 0.0170694663727657
0.13178284188468 0.110822125624714 0.188058333425048 0.184132165531625 0.141355861453628 0.198392844064399 0.0454558280159066
0.101360954579271 0.222525984799303 0.107419208511624 0.18656179238968 0.0140304902385746 0.182148375908362 0.185953193573186
0.126030932519199 0.0925259496683213 0.0238597412282753 0.0457976602744446 0.250931189928987 0.259801875780632 0.201052650600141
0.0148106760679981 0.0595943773152599 0.244557756639406 0.16667563464949 0.260098391336409 0.187045769976944 0.0672173940144941
0.0188735878352456 0.235108143106498 0.145711663161326 0.0927702816332546 0.0264136759709965 0.228055728558753 0.253066919733927
0.289479136593214 0.046505331293738 0.0902690288289835 0.247356251879614 0.0976704604449331 0.0538166589431779 0.17490313201634
0.207777895547203 0.175750816501044 0.213653614245031 0.112566069319384 0.123939954808181 0.1456682355061 0.0206434140730576
0.413686881030957 0.0679476468893723 0.0178948221180326 0.0359994047074713 0.329170019550872 0.0833682374143779 0.0519329882889176
0.0392167409539127 0.171298671805806 0.121986990566921 0.137379673964315 0.156278282439894 0.142495227483891 0.23134441278526
0.109136408381084 0.242848912640035 0.0381126879460467 0.0896810276179792 0.0050876524286123 0.281876474631567 0.233256836354676
0.0885935234263742 0.174605329844189 0.209642403229765 0.202467293118248 0.216221553120908 0.010135646741741 0.0983342505187742
0.223825378431813 0.0538117137618884 0.223168611772216 0.177075790453827 0.10698676349816 0.0519184524825522 0.163213289599544
0.144445064819581 0.0195307744202329 0.053701907601933 0.163386516307153 0.250112688614224 0.15467208147317 0.214150966763707
0.117728210028029 0.133490796439487 0.268522907309418 0.226615959067415 0.0634448647505479 0.0361945298423946 0.154002732562709
0.205386757280317 0.119937784712675 0.170584934121372 0.155219249970497 0.00872422735228839 0.212719003872419 0.127428042690432
0.128502067762335 0.221093168740718 0.157892688200911 0.115743715786988 0.11530878099762 0.191226117089507 0.0702334614219218
0.198551357267559 0.226129324939583 0.154368630521048 0.239705999954655 0.125184260014934 0.0105938451157229 0.0454665821864993
0.140763263010427 0.117761584866652 0.259797609008402 0.207256892154959 0.056903569625177 0.0615615719029716 0.155955509431411
0.256796661135614 0.10755645306768 0.116173629447556 0.199428067648682 0.0745445879548512 0.118048835647649 0.127451765097968
0.269054629846426 0.0198811590998609 0.113515116050406 0.162237362833837 0.113777796868081 0.0661901949765216 0.255343740324867
0.0509770131951702 0.0465534199173575 0.340188319155602 0.0456052533561953 0.188895710743384 0.257637011232925 0.0701432723993652
0.186998829781459 0.0659708690807803 0.0456385161003418 0.24910218845728 0.200304969781597 0.23467950012451 0.0173051266740316
0.129724229695598 0.0703076394704591 0.152405118347404 0.190577306335442 0.101217171914657 0.168750762003614 0.187017772232825
0.0029812528064197 0.0728856613852863 0.439457183083081 0.142775255247234 0.274469174991619 0.0583201132315941 0.0091113592547655
0.259248908757135 0.267616671001489 0.0398475420318944 0.0185572458741677 0.228750998319839 0.121981680966029 0.0639969530494452
0.171993304740564 0.267138231695461 0.0773697258948522 0.154207032163964 0.0789125678797555 0.000653679568515162 0.249725458056888
0.134854959735888 0.111329807565045 0.0978153487753529 0.147292371659914 0.0751964915304127 0.221431509884459 0.212079510848929
0.139306686610837 0.00148078825006362 0.174682908293938 0.00899702275884734 0.287246541143372 0.141008477506821 0.247277575436122
0.154467725185234 0.037602593927094 0.199890954193923 0.0934099915289936 0.00909305985841261 0.295999804601575 0.209535870704767
0.204790421711641 0.207755774102916 0.190033235726016 0.138701625286182 0.117530851904106 0.065448928758336 0.0757391625108029
0.0485845539517789 0.222338491889855 0.0550463998162453 0.186272672984465 0.0404968422214185 0.226344057073174 0.220916982063064
0.141293249723817 0.277545757673668 0.0907723344732877 0.273024471103696 0.128681836719485 0.0543358231463104 0.0343465271597362
0.173742719407961 0.175639114597786 0.149741229197288 0.118409444128912 0.0915575130064329 0.11488805030899 0.176021929352631
0.201746343727474 0.196383583086312 0.0729831252501013 0.232925503569638 0.00812348190456066 0.167704514684632 0.120133447777282
0.12539897850506 0.0931256747284272 0.177067749724391 0.204780385896163 0.157065727081309 0.105032114022841 0.13752937004181
0.260243237316578 0.0175197023286992 0.270252188387709 0.0826839146417292 0.0873475530508953 0.181993115610223 0.0999602886641669
0.14491732209765 0.145783676095871 0.174947457948165 0.196618469813947 0.139977522375521 0.0820507784040078 0.115704773264839
0.0871952359958529 0.21175460931813 0.0457883592057786 0.128578465634267 0.198560872195969 0.217744026962316 0.110378430687688
0.0937179975228116 0.0964232000894022 0.0415028820632025 0.263850812535021 0.118901359810491 0.124986057164602 0.260617690814469
0.231975324293116 0.0794033873506068 0.131778995197505 0.231559222099731 0.125244452725406 0.162699913704997 0.0373387046286373
0.240250443645509 0.189951935711398 0.183606965204456 0.0444769690893851 0.0691792702165322 0.236960694602611 0.0355737215301093
0.0754483648522702 0.203767896921895 0.113959778154967 0.0112604431285151 0.169158737971747 0.178174797235398 0.248229981735208
0.125904976422506 0.116837566985503 0.138063555796654 0.124610295216253 0.193771972653857 0.114199654236372 0.186611978688855
0.0725149266278102 0.205521329044205 0.0723398370024246 0.164332606244811 0.180362652933676 0.147249949191702 0.157678698955372
0.210461578522784 0.0280280245665643 0.28222322166789 0.275809443851222 0.0857939654140129 0.0377499413550036 0.0799338246225231
0.123322468868904 0.172851220775762 0.0795963949702059 0.17344229050895 0.108254006521442 0.188654353976294 0.153879264378442
0.229544394163981 0.0815393253039219 0.0403774939029265 0.0371817867443614 0.188564967913665 0.217979820285508 0.204812211685636
0.138488567330512 0.161532313200417 0.235281962667709 0.0866820653948861 0.217133766145429 0.124540330272625 0.0363409949884216
0.2491142163252 0.00735243360981372 0.137043110808754 0.141351450811201 0.214978669203225 0.0612436095405754 0.188916509701231
0.0794170084500593 0.0609404876769251 0.0813852792370941 0.422349258324227 0.0908556091729921 0.0501617781277916 0.214890579010911
0.149308638954443 0.171240478274657 0.156774660418119 0.0766934906968198 0.173985091846221 0.00159289805195939 0.270404741757781
0.0949240096737876 0.110943114491091 0.0529761731500244 0.137738114267311 0.108014881070145 0.24346496980646 0.251938737541181
0.259436552363576 0.186891736052216 0.0448692677395976 0.23693290788253 0.14483067720183 0.096014467321782 0.0310243914384671
0.167814299128406 0.188657910679902 0.0142003882240445 0.192272999338525 0.0994415856808516 0.166570021998153 0.171042794950117
0.091720642924388 0.211279240794982 0.148497290777104 0.235577158403535 0.105483762235919 0.0441735023344347 0.163268402529638
0.123800336449867 0.0257037022052573 0.193158909984145 0.0851200477406448 0.173377362519216 0.207452133995386 0.191387507105484
0.117676882871113 0.251070272100586 0.0657608055040397 0.0910831650438806 0.239191813542674 0.124123055123756 0.11109400581395
0.0828523957969898 0.144229718607887 0.188792690311104 0.0954398620605774 0.168972645967379 0.238543324812943 0.0811693624431199
0.104994071248522 0.0458178322243891 0.242855257645278 0.101090283650787 0.238495447695627 0.159955468926599 0.106791638608799
0.209020644691371 0.138963593929818 0.23170872016671 0.0109928716515686 0.223118162792997 0.129619231041717 0.0565767757258185
0.312642698709952 0.0594430257902313 0.160845715858013 0.191120097149438 0.116649746137872 0.0153822482340982 0.143916468120396
0.234708820631033 0.203942254940131 0.186832759233363 0.188813332694039 0.0415267385478722 0.138376735426731 0.00579935852683065
0.238696988809023 0.0819825080057745 0.201839933482527 0.0313149629824364 0.21207069008733 0.125570908450032 0.108524008182876
0.365634963985898 0.0537613050765033 0.163408368420732 0.0239167357239786 0.00940541099263783 0.0667163524926048 0.317156863307645
0.277087314294381 0.114940025593217 0.0415306613254212 0.184505846879853 0.0269041763049071 0.16966718306984 0.185364792532381
0.173456274302761 0.0842117649361974 0.00856235776124091 0.0195769191054389 0.240858664605065 0.159573499226088 0.313760520063208
0.0480596592458237 0.212587283791046 0.0166624754576932 0.177521248265949 0.297898495441335 0.137115539287502 0.110155298510651
0.123427190213204 0.171530146935201 0.205665085797014 0.263396864274984 0.11565876329624 0.105340290120164 0.014981659363192
0.111463389903938 0.151701913683755 0.218877231323158 0.337190735656108 0.0299840278398155 0.106942889096738 0.0438398124964877
0.204650309421934 0.113881302459817 0.160638985964502 0.121385237234623 0.107568306261991 0.174454286528643 0.11742157212849
0.151909655748475 0.0514660481760563 0.257262299534745 0.055937517881269 0.26008210238081 0.0424386618137506 0.180903714464895
0.223573780439501 0.152646946589326 0.171676236825932 0.0196877341858224 0.132294607043958 0.0400834389264189 0.260037255989041
0.113204148654688 0.00736246582823202 0.143117497579428 0.145627394641631 0.203675193650773 0.205482756003177 0.181530543642071
0.10022219008152 0.307379294063933 0.185791486880415 0.0697559834613682 0.138915182152661 0.182553530826013 0.0153823325340891
0.0532834753744524 0.0522950321265406 0.182346946440784 0.172770229658864 0.0984204161781278 0.280918215916233 0.159965684304999
0.439358943160783 0.102018495721656 0.0311727015707703 0.0735234271355938 0.0034496786744017 0.244206513612795 0.106270240124001
0.181909713186436 0.114673804944274 0.137423478905388 0.0656982553069203 0.188623716481083 0.128479857327521 0.183191173848379
0.189755019285611 0.222187954537315 0.0367346395671086 0.242015566989422 0.139901092204213 0.164562378914676 0.00484334850165323
0.195993044823175 0.0887031908828106 0.19240762224075 0.188714005572333 0.187427496244909 0.0339322182096533 0.112822422026369
0.171259480313083 0.133348837917193 0.180872568462704 0.105000990419496 0.117010563141598 0.144970463721882 0.147537096024044
0.143645464930835 0.194573095658844 0.192033251762899 0.0647388081193123 0.133330629416152 0.131560982973837 0.140117767138121
0.185947964059729 0.20936462271098 0.00704451142398921 0.0851584052850239 0.172307776972122 0.0963956331244461 0.24378108642371
0.185826606826069 0.253050724586 0.141837381094557 0.0156509379245673 0.0572444734033174 0.187108661016758 0.159281215148731
0.108274150923795 0.0433375417613711 0.19962572162222 0.136477315612353 0.203129114996431 0.176077624040278 0.133078531043552
0.168555135843406 0.0976121160349154 0.0657812809831477 0.150511899107219 0.128715476187514 0.217492772157379 0.171331319686419
0.202323650489891 0.15124891323647 0.210902608432781 0.0224975060142176 0.157572537120079 0.17937672002725 0.0760780646793106
0.165942145688766 0.122513109774466 0.134139998181466 0.144904374345431 0.143455968058389 0.097574573624494 0.191469830326987
0.132847842444728 0.251933504600312 0.0972896124872805 0.21983912191392 0.00133166006172235 0.00442981439291005 0.292328444099127
0.0641265350873434 0.114829944481136 0.20698546424736 0.312933200625928 0.0900347453370375 0.168272159698974 0.0428179505222206
0.0945963467815387 0.267831082452006 0.0356243892182756 0.141564881141484 0.0819636094522185 0.1679144837201 0.210505207234377
0.102818072802861 0.071486695813751 0.1992800225762 0.140666857988643 0.0774714151639781 0.148538246609276 0.259738689045292
0.210071676844673 0.150967165846581 0.186896357342019 0.226127708952669 0.0819476225431964 0.0937282651272058 0.0502612033436551
0.176378231086261 0.163048811100018 0.184854797961816 0.073365848590644 0.164133657780813 0.0912160286792898 0.147002624801158
0.180799401263196 0.0883100258887898 0.232873683301209 0.0719335307912721 0.228489308608067 0.102233127680252 0.0953609224672142
0.198448226605075 0.0446870124698748 0.127086004124242 0.234996389338996 0.0557055387223573 0.177692337603547 0.161384491135908
0.107302838159579 0.194424932012138 0.0982361384108258 0.0458866218045635 0.149219925770528 0.243601279866148 0.161328263976217
0.186066827822301 0.134047607371584 0.240992227885164 0.0878964354120284 0.0803512032431051 0.127345361038465 0.143300337227353
0.123793150942967 0.0345078911325509 0.287320994462222 0.0816817072045096 0.135394773674106 0.0398916547203697 0.297409827863274
0.126718236213204 0.207884304846273 0.254556007798487 0.0747862407942621 0.126773115078519 0.004573676868035 0.204708418401219
0.213240221234901 0.11290481785651 0.0945833251171114 0.233217294628391 0.02610578493165 0.240511940116832 0.0794366161146045
0.0458431997185448 0.099567496113592 0.314968440496504 0.139051953233748 0.368593242968903 0.0261623018164753 0.00581336565223311
0.0665876374851622 0.0134815853102696 0.051011127248571 0.0537815596586772 0.30472390544923 0.198761015365681 0.311653169482409
0.273542434721059 0.129369444194727 0.0278291329210497 0.14941581402504 0.0602611972553914 0.265331516184028 0.094250460698705
0.0995285472708988 0.176414341523599 0.0688879894353998 0.173607799310453 0.172810566820254 0.12980893313883 0.178941822500566
0.167810699595992 0.144929990649078 0.217499243967999 0.220171512730484 0.0908839302059634 0.0420150669425975 0.116689555907886
0.163844425434854 0.0835111353982283 0.0834467028691379 0.1164767791631 0.218826514545591 0.18456046486117 0.149333977727919
0.172517840673421 0.122222676942872 0.254322266690936 0.0728688495480017 0.188118024721743 0.127776640379343 0.0621737010436828
0.212049044096253 0.1113784748033 0.134066981080335 0.00287619224362941 0.246047253411994 0.124971832818265 0.168610221546223
0.134981611025279 0.170700787620696 0.226366905676431 0.210225083073184 0.104490609189192 0.0775743306922517 0.0756606727229664
0.179168747782445 0.23092813385906 0.207476142254498 0.158958934618255 0.0888054216457308 0.0907073117449138 0.0439553080950977
0.15368396314584 0.20848096444388 0.155915753169299 0.198027549873444 0.137151438267832 0.113092202523388 0.0336481285763176
0.0880281444956284 0.198778798308443 0.0837375488728938 0.279343464544156 0.150226524764548 0.145089637195142 0.0547958818191885
0.0484030555115836 0.437459471915972 0.0501868419234717 0.00961858258511211 0.248697209051144 0.0107457902669201 0.194889048745797
0.14996128207661 0.20676827362965 0.228464056763941 0.145831364369364 0.0692254384445926 0.130556984883338 0.0691925998325047
0.256302466028649 0.0136735695442483 0.101247671433586 0.0637652233695003 0.0943858378981484 0.1991833759825 0.271441855743367
0.0122133728079201 0.212676191252547 0.185105188210714 0.183268190868064 0.0479132642237699 0.151004132000012 0.207819660636973
0.168051555761064 0.139859611692131 0.25920409301176 0.199987809068153 0.118625501763047 0.073413428678527 0.0408580000253167
0.220936491349806 0.104523448686769 0.0755663978189425 0.14350973730177 0.162186223832866 0.122873193879904 0.170404507129943
0.158105426229757 0.050713201977263 0.103876096938519 0.165634410884581 0.17816734102206 0.12545171844837 0.21805180449945
0.205541321213739 0.289838706047324 0.160621389489945 0.138711494497327 0.0324885791295063 0.152270289755412 0.0205282198667471
0.277435440333124 0.240541318115034 0.203396164629609 0.122475251478608 0.092053352321148 0.0204749580299329 0.0436235150925444
0.285757881186377 0.0877226809060292 0.0973484579647723 0.170978758933883 0.112406409138772 0.219989028312299 0.0257967835578678
0.154130237459241 0.00108315396608607 0.124391087315714 0.0905608479931375 0.16269751103709 0.231171457186559 0.235965705042173
0.146160547759011 0.180335992554385 0.194960768330849 0.138162146051172 0.10847318195697 0.218470612622337 0.0134367507252757
0.0415814338833043 0.318514780370511 0.162662455061627 0.0682756104507098 0.106683772398017 0.222180246853864 0.0801017009819668
0.0832397484850142 0.0495694959377954 0.401722002520098 0.0167528001158797 0.219940641887601 0.0866631191264553 0.142112191927157
0.169387748519313 0.126737206016897 0.163203387780936 0.0950330272774959 0.117026192964324 0.139126737310278 0.189485700130755
0.193919664037138 0.053802307041543 0.016307980590964 0.235561711027838 0.203076475304482 0.235444529522208 0.061887332475826
0.10884019467955 0.179143975489093 0.00822646765589005 0.207257090178072 0.0742162038568177 0.189922574456349 0.232393493684228
0.207671582185162 0.0105197583025258 0.184784184916099 0.0456003290670842 0.0774321026156103 0.138143995706292 0.335848047207227
0.141173552197378 0.315687963930192 0.258734173840952 0.0866554840635685 0.0753947669055831 0.100556736293806 0.0217973227685198
0.198938439641531 0.014556716296899 0.102347523011017 0.160014236930708 0.30455075756574 0.202740176367966 0.0168521501861395
0.0887118696569259 0.235266314339225 0.251525455024563 0.00426927127590931 0.0456082613288417 0.0766422751445038 0.297976553230031
0.207658047864914 0.0326460190994087 0.03402147305268 0.175424685667912 0.244434713058711 0.234145323060931 0.0716697381954433
0.301178786449482 0.200046211892423 0.0453148531813321 0.218509870273948 0.00996441623884296 0.138220169690894 0.086765692273077
0.0101829787709265 0.0545238817411136 0.263987063469515 0.0485376926896232 0.167755361593874 0.185519664837917 0.269493356897031
0.199139493503811 0.165940688782486 0.0169542614007704 0.170178323408087 0.235364049961654 0.136799611530031 0.0756235714131604
0.159779429862698 0.148009418157142 0.0123067245385963 0.139432365264943 0.124854602361139 0.20058933525725 0.215028124558231
0.0256403411288167 0.281698307385909 0.287638561230309 0.0583505868820958 0.13688058952761 0.126745810471086 0.083045803374173
0.0736127208430701 0.25100186224174 0.202263526379867 0.266710934052257 0.0472224769769339 0.14197824762784 0.0172102318782909
0.125467385135606 0.133653939049696 0.188949380757254 0.211124209268311 0.184945066873712 0.0667980157408495 0.0890620031745717
0.0513139702737741 0.226403808502559 0.107205161012082 0.0096821473585639 0.288354966092734 0.120159947352808 0.196879999407478
0.0122233527134101 0.192495562058148 0.0536526468191394 0.182583471463209 0.272147909851718 0.248560308838249 0.0383367482561262
0.220642555538312 0.0660274814149352 0.153141965178461 0.103163170117706 0.194663544291189 0.128785996281912 0.133575287177484
0.16443174176178 0.0880633183334732 0.0765068950868319 0.14055808513201 0.287683131496631 0.0584574739934672 0.184299354195807
0.0361567475649497 0.254064296524391 0.235349990649915 0.0898871029344351 0.102181369002601 0.265318597195454 0.017041896128254
0.052824318956283 0.164825262645822 0.228856887266979 0.213303067426729 0.21222482811298 0.0510040254324173 0.0769616101587891
0.124680791928104 0.0997820900026021 0.0662253277981369 0.194821261138592 0.0844316487237312 0.302708891441263 0.127349988967571
0.177920132304958 0.156371313909324 0.0328367178308701 0.156494408536049 0.149619894748653 0.174651424281007 0.152106108389138
0.12432205883095 0.358363435637496 0.0321077962395834 0.00876477030505933 0.203958864616508 0.0202933071118026 0.252189767258601
0.188666151804397 0.166427063041725 0.0888083578207585 0.231917454668449 0.0921319020891283 0.211954112883191 0.0200949576923504
0.235294020377671 0.00989471253980592 0.100382219528005 0.224410953853071 0.0221925675149517 0.172248318667178 0.235577207519317
0.183428023383081 0.236922192139657 0.141102764661463 0.0904216953146227 0.0766917938475299 0.236354547621617 0.035078983032029
0.0923348265055586 0.142299780768101 0.0812570356179868 0.117063804568377 0.0747493648933615 0.130318976854219 0.361976210792395
0.155353440276455 0.128905519276259 0.255625793480158 0.0529607738356305 0.234486520073313 0.0569870665164081 0.115680886541776
0.21379886686223 0.0313794917749104 0.133302670001906 0.212925977453715 0.10278108423522 0.17947720156802 0.126334708103998
0.168981315410681 0.134482508971566 0.115825350803619 0.0257379956345927 0.203183941086452 0.131011004747921 0.220777883345169
0.171168802687664 0.00934931645216151 0.233240074005549 0.19532028904892 0.321003764264169 0.0163619668600219 0.0535557866815147
0.191526296593852 0.0788859505309095 0.141555826127559 0.023904905593979 0.243615554027889 0.0738683132558375 0.246643153869973
0.0502792680114907 0.318068978170376 0.0298702787426431 0.22280421089239 0.0484908445247641 0.0529828068402506 0.277503612818085
0.089696981054331 0.171166732689827 0.159084280861273 0.177817373237181 0.181071038170683 0.177646195160821 0.0435173988258848
