0.142938943612051 0.135799871318344 0.122070704740667 0.0229674961722618 0.0397598471207624 0.130796083966535 0.134751238194715 0.148462023069559 0.0608284826830979 0.0616253091220064
0.095951145025882 0.0576315483831603 0.115457277654196 0.172374861983788 0.0957067614724133 0.166977960830366 0.0950008099713201 0.104585589847404 0.0855496908271142 0.0107643540043564
0.0337669957382291 0.0983616922800054 0.105797039643048 0.13952623573364 0.110799704750403 0.138913417279774 0.0971677998950232 0.0894741056079232 0.127407815932673 0.0587851931392821
0.00477054400730239 0.100322304840046 0.0964298700171095 0.153206160191329 0.0428154742113386 0.17672702131647 0.101378623107714 0.185397466593757 0.0755638551656489 0.0633886805492842
0.167368494322411 0.0619741329612555 0.000231439966715099 0.0386542367027598 0.0983698868386169 0.171824368809906 0.118775922130945 0.110800385020423 0.173646725142862 0.0583544081041061
0.0816597172624104 0.0454915134519045 0.233446947488707 0.0668802879835654 0.0505963014984997 0.0586080463768652 0.00326587011661925 0.0796416535746911 0.133865349524147 0.246544312722591
0.0834787562767858 0.15942845760239 0.13046692495305 0.025242437166446 0.153263467508917 0.122919999933699 0.0826527565509858 0.0564159598774035 0.0622916718876368 0.123839568242686
0.0865980468990165 0.140642988234815 0.156743695500458 0.0392156474150711 0.0975988639464084 0.0768349253305156 0.0759350390447099 0.0439716414418631 0.139969702292036 0.142489449895106
0.155298111996704 0.102003669457167 0.0789372641323996 0.109041903329884 0.12162661245427 0.046948389822517 0.0993231208503765 0.144182762073479 0.0519688622363296 0.0906693036468743
0.0171737507659339 0.0859663249462645 0.143479602216522 0.139021570600434 0.139751453555693 0.0398735466029418 0.095751320218269 0.10685157505711 0.0921070406275083 0.140023815409323
0.0224531223019531 0.146097992543376 0.0254321975680855 0.0511515153855235 0.152135317832007 0.10596607426772 0.112472568298351 0.159275864134508 0.168143237921251 0.0568721097472251
0.164962047507587 0.128714325381059 0.0617879784612086 0.0747955379059722 0.0135269217122593 0.16364728088032 0.0512467463771275 0.17933178859921 0.0325709195352052 0.129416453640051
0.12595561442146 0.126052079530327 0.0164116262273052 0.0804673284604626 0.0746695129694718 0.118031727808105 0.161680141893651 0.110244509531916 0.0927637044220739 0.0937237547352273
0.179724374667819 0.0181708224169824 0.0771636681193249 0.126687310678003 0.15942392613334 0.0508374795417012 0.190578115785011 0.0582847059287935 0.129488702740346 0.00964089398867903
0.103890835223147 0.152999095760635 0.0264386452179567 0.099004841444086 0.0663760377740996 0.0855927105456109 0.191818103680105 0.126650970477907 0.084489488850775 0.0627392710256782
0.183588975167904 0.0769561826902477 0.111715782443534 0.0273685658363864 0.0782841083018751 0.135578082937119 0.0249169884075479 0.152994248045404 0.104464752199127 0.104132313970854
0.144515365978051 0.164427319740976 0.019075797777205 0.0334969691555203 0.0625650692386944 0.196456378169786 0.187003000053399 0.0318970467439047 0.0253673790748424 0.135195674067621
0.0932665404525838 0.0811483807036218 0.120065889567355 0.0260766221810285 0.079147136175804 0.141408096857859 0.127674079482518 0.155571102081812 0.0818100422858802 0.093832110211537
0.00373599605241912 0.0446661920445728 0.0163546077368245 0.0231923482719885 0.122636505972383 0.180978007363686 0.11552751949052 0.108316392757507 0.198290784568938 0.186301645741162
0.0971025047007507 0.101072582683339 0.137146421055204 0.0618792947423454 0.0673948995622167 0.0670516124710636 0.0570357705875835 0.205977026019943 0.0741250723478693 0.131214815829685
0.20292923953024 0.0968205245127723 0.166980316753933 0.0203305048844821 0.126052793530259 0.0401768040145302 0.163272693625926 0.114251741011704 0.0466581810512868 0.0225272010848662
0.0991081705031086 0.0922274855126876 0.0838702597819243 0.017318960528073 0.0755174287567045 0.190214228273274 0.0200803588051361 0.0507614469074492 0.215824748395486 0.155076912536157
0.156074146513654 0.055314182653881 0.13394886289328 0.00277437952538718 0.130955088831717 0.0710469771736686 0.0960978744178583 0.134267169228489 0.149460942038469 0.0700603767235958
0.155534480191264 0.0784580907223159 0.0579853770379212 0.0630984791637611 0.186842900568232 0.151261502648213 0.045696846341286 0.0540227437783983 0.176050713504928 0.031048866043681
0.11786493129918 0.0661448934424692 0.0719451714502648 0.109076952890542 0.155943348673468 0.0316448733402063 0.147176392114416 0.120004157521683 0.0792506997372115 0.100948579530559
0.0245784766101569 0.059346889602842 0.122132569033091 0.159764268931104 0.0778735470224929 0.116229251695671 0.0856451650974863 0.0990383230878117 0.165461114789382 0.0899303941299615
0.161227754965341 0.130322166629261 0.0240496224692229 0.022632522030476 0.0480838860698755 0.153672042597726 0.144026129374918 0.0821015575547766 0.10268129968893 0.131203018619474
0.0209666132526716 0.188540010482919 0.114799257469586 0.0607947017494339 0.160888943072521 0.106864422907334 0.178735838183008 0.0202129902344969 0.141862782846872 0.0063344398011596
0.20153133454835 0.118162403416956 0.0424735829253103 0.0836014061645434 0.164059878882813 0.0716162828865115 0.0504615872429586 0.022814751015375 0.0372885686205549 0.207990204296627
0.161023515683224 0.106209418107834 0.180881159558747 0.0740582761458109 0.0548155867567637 0.0532931704582323 0.0381478088207198 0.136122553581251 0.128195989734806 0.0672525211526114
0.0504633833562813 0.0299113099465726 0.103287658782558 0.0456606261973082 0.249747882600891 0.110955901778095 0.137670075272401 0.0810249130656422 0.000673951579360928 0.19060429742089
0.0945413162311604 0.218105399395808 0.186769237516575 0.0652754401139254 0.000153087412334064 0.052349346319043 0.126495722909588 0.11922227500655 0.0388157022709268 0.09827247282409
0.045671993989938 0.0891462837162035 0.0977964851238319 0.137157832207135 0.015170720726987 0.0656242097250263 0.0551258309314463 0.170602701604773 0.152443808152612 0.171260133822047
0.0136842912798262 0.0628653723959709 0.200304786939879 0.122711125897918 0.00675700617590383 0.112529426492229 0.215540328234586 0.0234701067387589 0.113411093017437 0.128726462827491
0.0570837569530716 0.0780047706859428 0.112732423771653 0.197733648504094 0.197403222050862 0.0251544332039079 0.00727289421246118 0.0829895960203832 0.149469969110072 0.092155285487552
0.112470595596565 0.0636217493904879 0.135309331096306 0.0179787819056434 0.0752943784755359 0.121924558323693 0.0938125763752077 0.136856269304424 0.132290861590834 0.110440897941303
0.136585017528335 0.0348256996652689 0.121394030790251 0.150407792751635 0.143196860304808 0.0652974255569792 0.0141668390163828 0.100498424712926 0.0880222491708678 0.145605660502548
0.143096390940051 0.0857862708685186 0.0665367046719346 0.166216626743246 0.127158433164097 0.0966509451572776 0.102994072087937 0.164629494162226 0.0292016144651005 0.0177294477396108
0.0948005991870988 0.070489282789111 0.039400217267522 0.0831196587956373 0.0496018276408201 0.0214750359501711 0.137708939741822 0.187297656955161 0.119146271232441 0.196960510440216
0.0260510561243963 0.16400042000915 0.0659431119601841 0.0405121177807369 0.209053994184008 0.112353114697785 0.125578340127362 0.0867409890280179 0.0311126831867641 0.138654172901596
0.135909810290906 0.0918103280986868 0.119355148571098 0.137439715958378 0.0935702295108489 0.0364081532190559 0.138116458287572 0.0455154795585706 0.0754604993004888 0.126414177204394
0.330140604348913 0.0529751142177608 0.233387492053181 0.0324306784072264 0.00704099227900996 0.070263372552643 0.0537955427017182 0.0998211587647059 0.0474412836416589 0.0727037610331821
0.125731040159905 0.192049820310544 0.0274230163003613 0.0856838757593787 0.0621581864795788 0.142572915063465 0.0135298159048742 0.193827375874169 0.00166768919530984 0.155356264952413
0.161014654003214 0.0226568545374053 0.124317721182668 0.213233522595573 0.105689890456555 0.0223183185378628 0.0767426256433938 0.0880998403470094 0.0249430113240595 0.160983561372259
0.115650357135968 0.152922836090198 0.0588033974190659 0.0334811898372399 0.127774510939156 0.0840859459912005 0.104124749328146 0.166954384892226 0.00345271328045845 0.152749915086341
0.0202262923258312 0.140197122642471 0.145524414780853 0.0804435629548784 0.0382785476359758 0.164736187408029 0.068973002767325 0.111754293702053 0.145183260796062 0.0846833149865217
0.109463200856238 0.123961492137096 0.09979956800367 0.080893637373247 0.094944395180116 0.215822383133287 0.0570827122235596 0.0603106883506232 0.0452471347313982 0.112474788010765
0.107620355296548 0.0949557021769333 0.127513084220523 0.112488468350272 0.0359594865262775 0.132310431347032 0.0391290771134687 0.145273059297519 0.0571015933159397 0.147648742355487
0.0640021983471801 0.0860857955134854 0.0616879201946589 0.107458841230095 0.0780134475904601 0.127638840544918 0.135650128105679 0.0958837554568132 0.135645312728111 0.1079337602886
0.11155025340136 0.0463805092787301 0.0298511780544208 0.107219438268328 0.0108952670121627 0.0433285428998532 0.160243814515045 0.150611654812634 0.196588475916907 0.143330865840559
0.053811462947032 0.00373714702475016 0.15946456469885 0.17870974296727 0.164064860755526 0.126140302959599 0.0459452223225492 0.23584401935168 0.012354590377294 0.0199280865954501
0.0469591645613921 0.146694668870272 0.103325323593523 0.174237277096268 0.0416804108622532 0.0057209270186555 0.132258291005725 0.0459989742765008 0.148869396209588 0.154255566505823
0.177446139124138 0.0171577782770682 0.0313429785846281 0.147962692733719 0.191249868269107 0.031368899977843 0.0773231994083431 0.110657343216669 0.138725427755624 0.0767656726528606
0.181964938488936 0.147917046017477 0.152175080141386 0.0187737455128216 0.0373745492027044 0.0586104026380852 0.0702836109633939 0.103660722329844 0.0752537069045521 0.1539861978008
0.0436498434175688 0.110630714555341 0.0310618503006398 0.0390525954246607 0.149657911578651 0.102911190937033 0.14887608079762 0.0578340890901641 0.102802153981098 0.213523569917223
0.0335931795260856 0.0180327409646086 0.229450183623371 0.159242508235753 0.0230322942962038 0.00592784299721409 0.0188786322360974 0.25270650604096 0.0780866353802294 0.181049476699477
0.0707313063744292 0.137399436109061 0.243703410972555 0.0449716229162094 0.07194185198031 0.0563788132659159 0.0948368434742391 0.150798911061892 0.0516959765558998 0.0775418272894886
0.0208710480132367 0.0229639870111495 0.0116279460397593 0.202973603625279 0.181593544473978 0.0590139421767359 0.00034987236873251 0.217448135682354 0.194990792859963 0.0881671277488125
0.0667399329148319 0.00789042345709408 0.0282508410106874 0.21151695901975 0.200280042702823 0.0676948100720193 0.214944534101425 0.111315735281688 0.0525701077521998 0.0387966136874819
0.0479728548554699 0.15048698341294 0.119869394654665 0.132570153206808 0.123716569909712 0.141402925246788 0.0558971421772901 0.0749724625508945 0.109326661782488 0.043784852202946
0.147173245233935 0.188382740142254 0.209884818558473 0.0635613301237947 0.0422552385775911 0.0841019790101508 0.136992169856036 0.0177350604832941 0.0952915660223422 0.0146218519921291
0.0792225029704521 0.063998986229569 0.00694564859394003 0.137350607204582 0.118563994790961 0.118129069026608 0.129040230550725 0.108481132970434 0.102818765487283 0.135449062175447
0.055454194563013 0.10713321107296 0.0912107987939189 0.0446544541987802 0.203670873566283 0.0721208257800847 0.124051237054498 0.0130549118555918 0.215850054221183 0.0727994388936867
0.241339189864589 0.0016912355992677 0.00410190800485147 0.04160661010959 0.212263120257375 0.0602366277686391 0.0301109309641298 0.182760373200825 0.0531556053680548 0.172734398862678
0.153026280523197 0.0337505347227021 0.139599598966082 0.114195746072945 0.106654261387911 0.132043334579549 0.0164687321551398 0.0518267739078045 0.0925632036468201 0.159871534037848
0.037857099657818 0.0796028961902553 0.139515589693333 0.0290884484744284 0.144784711560379 0.04924736976477 0.115213835836581 0.144297267699913 0.146682442170019 0.113710338952502
0.026494968025066 0.045653776425155 0.00503935186081117 0.184558335396359 0.0878786404757028 0.175928888868838 0.195614802039113 0.165805642546233 0.0251340676308981 0.0878915267318245
0.0634679096045296 0.15348671335598 0.195641582413248 0.108551668736211 0.1003288732357 0.0124142232670566 0.0921462265648251 0.127997918684104 0.0498112104921267 0.09615367364622
0.048196522658654 0.132402698045871 0.0504850970764798 0.124435157523461 0.0836158650157792 0.158449571016894 0.107792761826896 0.127785498174432 0.103956567756923 0.062880260904609
0.105022403225169 0.138638034920213 0.134252500923238 0.0990203270133047 0.141937591804866 0.0204127757063629 0.15412527553066 0.102211136247355 0.0603829829408066 0.0439969716880255
0.058090057194576 0.0780965293807714 0.0795055538287985 0.138052479791854 0.140922748683107 0.134003294491986 0.0181532503384658 0.143723287833652 0.0579921515418376 0.151460646914952
0.0843480325699294 0.160491283186782 0.0670442499065199 0.0225282550037134 0.0712157131486721 0.138251339700752 0.148029673748953 0.0651079319319871 0.131502814260698 0.111480706541993
0.120010778286542 0.144626623249995 0.0492802195636224 0.178318945596054 0.0946362424065034 0.169598485494424 0.112336776670771 0.0431534271863334 0.0413876113395505 0.046650890206204
0.00223036970905829 0.00560012461322716 0.0889554846882815 0.14082553215404 0.130252901471183 0.154000076328161 0.106134313218966 0.190951636396876 0.134508503037843 0.0465410583823647
0.0880340310437444 0.041565012392858 0.200057972982887 0.113014007561458 0.0367780531941093 0.103455110936511 0.0684451511227595 0.124538561534517 0.0831225670975871 0.140989532133569
0.0357158302106627 0.0780593307578681 0.0441634655469487 0.136226498678352 0.111434211143127 0.0851661648498377 0.0776246749343639 0.192925748915865 0.179566999179402 0.0591170757835732
0.0259074443244787 0.096405838730341 0.0688879061763529 0.147847353890883 0.155534913188859 0.116398637286106 0.20029048883328 0.0225252794958859 0.071455479563784 0.0947466585100289
0.0511811554818539 0.108069611743051 0.0689536693719275 0.148385485420843 0.178711882623566 0.130454264190265 0.0770890391303036 0.0841133088684691 0.00431520713414559 0.148726376035575
0.0291111055166371 0.0432745913648798 0.131325069476601 0.202278445596309 0.00131214036640998 0.189727632235206 0.1193573449992 0.0694193267849475 0.027357230982593 0.186837112677217
0.150549038632534 0.0557098174591356 0.0538550301091186 0.11271506150265 0.00201903619123992 0.021401480493062 0.125970323767098 0.13157314349435 0.181729973228205 0.164477095122606
0.206032173665941 0.233131263657975 0.0497528313961169 0.0308149193690017 0.0479350093349322 0.148739341252853 0.0611583424642863 0.00531801802328857 0.0160052809437929 0.201112819891813
0.0845174631395666 0.137146875887292 0.0397953533750379 0.0557673175210999 0.100804891116494 0.126416364389488 0.156067973522976 0.089094653205205 0.0709197057270569 0.139469402115784
0.103937860214697 0.0519187936735053 0.08043025556077 0.0154213894313118 0.108167447633576 0.0787265155200804 0.191834758277618 0.0694639156603455 0.115562301720125 0.18453676230797
0.101939107785398 0.134870052594484 0.0232925535257757 0.134887948507935 0.0822205429323878 0.0805787409125334 0.13780493722944 0.130494232309441 0.0257940896054911 0.148117794597114
0.00101816674875416 0.0459475600206441 0.168021832091274 0.132805456772895 0.130892193927963 0.0943670237962606 0.0498093138239764 0.129294465381099 0.0758474691977263 0.171996518239407
0.0217530446911436 0.00609074448930422 0.195055039504323 0.0334649027507707 0.149396294116709 0.133400729486891 0.168101493975436 0.054381478692013 0.115757407340562 0.122598864952848
0.0453755696083338 0.153930522860305 0.146172742419504 0.141163262627557 0.145786732405804 0.0924223806261806 0.0569599430566831 0.0305290981860851 0.071636026250346 0.116023721959201
0.0372188254386295 0.140227202351695 0.0308629934645994 0.162714509718581 0.0660743538585947 0.141078201176849 0.158861228934423 0.0828356281078275 0.0656611052839066 0.114465951664895
0.0239294899472201 0.0102945591346268 0.0327639666086513 0.119609969965714 0.0945392839135101 0.149439553679849 0.187828075716151 0.184042303992348 0.121409688879812 0.0761431081621178
0.140203599993077 0.0372460530285617 0.0442412269715609 0.0622513071697422 0.135218868829336 0.103609916634137 0.020495835649156 0.145681797740844 0.136402920499883 0.174648473483702
0.0942521703413329 0.097908854425311 0.120275053787301 0.0784953076421011 0.0312066978825511 0.122914362781531 0.0231492629659602 0.117829153448232 0.14429072479724 0.169678411928439
0.157338316143285 0.138774306659503 0.160505321205036 0.0801023234245573 0.0809170496202002 0.0262169443785562 0.0600112523298037 0.101085177311395 0.0722602115318952 0.122789097395767
0.0273221641912839 0.138156929662465 0.0175389495447845 0.0843816055952154 0.156630366821163 0.153608215084216 0.0947728919289356 0.145953941502998 0.080592381311714 0.101042554357225
0.0372548998250719 0.121567465981629 0.126190736310153 0.0906773228438865 0.107087438381228 0.158996603257172 0.00490165519133239 0.164268522526169 0.129687903252432 0.0593674524309261
0.112363584351909 0.0153676638653739 0.152057055050739 0.137183728335505 0.0720656930628707 0.0992053766927055 0.102941081755582 0.0765829911720752 0.0792559046591912 0.152976921054049
0.159470713291291 0.0777799784168084 0.151552953377297 0.0946523690725661 0.0239748729138995 0.0793961116013712 0.154804248788166 0.0715814219324906 0.132949197588972 0.0538381330171386
0.143620343138414 0.127106600007842 0.0310913426860363 0.0886747757527762 0.120511719246454 0.156046487165593 0.058173652127117 0.0886860651440245 0.122794980250853 0.0632940344808909
0.258397241644754 0.0325768575989357 0.219585936984801 0.179756350212472 0.0275207376026138 0.153302735161659 0.0766911134972201 0.0244079151606949 0.0251045455285268 0.00265656660832175
0.0563425434368254 0.103429690200237 0.160178988063559 0.0209627298315171 0.0874998938433923 0.0557802314599418 0.134572160145268 0.150874054736893 0.11875636221454 0.111603346067827
0.0512511286257056 0.103290588092753 0.108797856801724 0.0988608757951088 0.118419157230139 0.0823801956139806 0.0499644840039161 0.157343907849542 0.0716253805580067 0.158066425429123
0.125571466693793 0.0239768879041897 0.0809670698331825 0.159908840227175 0.0535247115603193 0.117192333033433 0.118217721087103 0.0977476056818564 0.155229293717265 0.0676640702616835
0.166715015601816 0.188865561273596 0.0485476708665923 0.0354220151348347 0.0598255670886815 0.00817260876398661 0.148757845859323 0.20382948289489 0.0349578471341669 0.104906385382113
0.10764949657128 0.0162916244077349 0.111291461422219 0.0395009389606459 0.149550836127629 0.0584512364638397 0.148918742290728 0.102513502402266 0.145566297556985 0.120265863796673
0.0764271526516147 0.124331736431279 0.127542341368395 0.0101475885962507 0.106213893705292 0.0757975325883359 0.170046321088165 0.0904042513949982 0.10273139784275 0.116357784332918
0.145870094105556 0.0818571183703953 0.0338556494301891 0.148705146345835 0.0367404684764366 0.18261567026849 0.0245835758206021 0.0341430359023104 0.163587571805447 0.148041669474739
0.0607569769129354 0.0130503148706346 0.0949283535728397 0.0790923130570932 0.168794378393158 0.130215512329526 0.134708397932235 0.162058446675723 0.0373771036384651 0.11901820261739
0.144736311437989 0.0869545373917952 0.172856545767258 0.0634538229778905 0.0633974245448884 0.103901819326369 0.0498579854393195 0.105898058423494 0.158975623574785 0.0499678711162108
0.130117204042665 0.1220999318559 0.0109401201112208 0.0952539353225174 0.073642077033026 0.0797678857734725 0.084996796069796 0.169719739353764 0.122182117437679 0.111280192999959
0.155444810460523 0.0864022159967472 0.137871639202993 0.0178092820577392 0.0287021644318751 0.0395453364522262 0.141088786754912 0.155920290706672 0.0934814654105388 0.143734008525774
0.0274150768293967 0.121572290783153 0.107111452061836 0.0456751916431434 0.00499303378389033 0.151640383277453 0.113926001806312 0.155420831423739 0.124182427296619 0.148063311094457
0.161701453485752 0.074825349120264 0.0268768847711714 0.0578127556292353 0.161567105685042 0.0644950206085176 0.0192318377599436 0.109647503544789 0.110873152358858 0.212968937036427
0.130767391392614 0.13458698538912 0.103296966324832 0.0563251887402847 0.047612229754014 0.107815737016365 0.106239205463881 0.152040141465465 0.0359624516244723 0.125353702828951
0.190018386360094 0.0740900943561034 0.0582546343983662 0.138431025732919 0.0195640306070389 0.0922983286254311 0.172819823293235 0.0928733602262697 0.154201884290181 0.0074484321103622
0.171370364553391 0.00382345618461296 0.192529623454942 0.202195571613127 0.155799526261967 0.0645053652811452 0.0208864908892523 0.0465356571818389 0.110982497968334 0.0313714466113901
0.0843672493116759 0.169641399461405 0.0994996360565121 0.158126722522191 0.0246303480668481 0.134318153252053 0.139226194960032 0.050225742744422 0.117209671591293 0.0227548820335667
0.136847484861163 0.112452338056822 0.054427629060365 0.157617553945358 0.143502191382703 0.0338570165295396 0.0315408099561063 0.0310914567340393 0.117191396713702 0.181472122760201
0.143939792932582 0.10087572977026 0.122934780847507 0.129068815567669 0.00586029949914391 0.0430662193622884 0.109307237155415 0.166612156736525 0.0224216656933518 0.155913302435258
0.119057168584028 0.0769161087822557 0.133008163676795 0.117871727051492 0.107977673055296 0.0548087110757689 0.118373969266873 0.0780265136147061 0.121754602675185 0.0722053622175998
0.0367040044341633 0.127499521380992 0.167531079697814 0.0218943950632419 0.0308420018311837 0.166392535162112 0.00555143002074931 0.0871222968707405 0.188596072408767 0.167866663130237
0.0866238952742866 0.0834708261623882 0.141724734119595 0.128412343969467 0.159461141899158 0.0699250118751574 0.163395937160554 0.00160934115115129 0.120750854447793 0.0446259139404496
0.106815204626936 0.180233141034844 0.195357804346905 0.153434154964388 0.0533826668162293 0.061275978335546 0.0137404459426749 0.105749621024966 0.090378065952211 0.0396329169553001
0.102008884193759 0.083347715472698 0.109372674835868 0.0191968004379463 0.181839357622653 0.00625764144062266 0.18289491869234 0.127906142917799 0.0653453183759832 0.121830546010331
0.0410268453499174 0.134370405252147 0.113186840715587 0.11965754022697 0.157335976982813 0.0569210962866876 0.00984279995039739 0.153156034008037 0.0286755431250926 0.185826918102351
0.208420431939788 0.148901005920122 0.0353201785776252 0.0682111758789887 0.0527368841855974 0.0465728852914953 0.184400874870362 0.00517669557080512 0.0533108917011198 0.196948976064096
0.0104380450920085 0.138004159726823 0.169435744791058 0.129601580016753 0.130032634848054 0.13604249639232 0.0066413611810887 0.00124087098585564 0.178703363025895 0.0998597439401455
0.132934903070632 0.00805880656256648 0.168848000508113 0.0340982618121719 0.117982781923854 0.158217001650686 0.0171830088354209 0.152889589543248 0.164122740822555 0.0456649052707526
0.127285604858408 0.0987480496715543 0.0605621398329307 0.0561474840298315 0.117958880491926 0.0366283371691476 0.14347271099911 0.149022860272155 0.0719871208547248 0.138186811820212
0.0788998315194463 0.20173486809447 0.0218833580695336 0.0899292226475088 0.017145549041785 0.0187201033589313 0.141516863407171 0.0997148874256956 0.00609519390757469 0.324360122527884
0.146881000423902 0.0662346026086084 0.109107439574272 0.18822545733003 0.108417420231461 0.0312626060811167 0.0120751691536461 0.116044315435814 0.163053783258118 0.0586982059030305
0.114661116055505 0.12711627071421 0.0907797574594931 0.116308360644462 0.10020680948286 0.026426386236508 0.147777112390375 0.0109929188661031 0.161726322313174 0.104004945837311
0.0606907538259329 0.0632965159415534 0.17690877446264 0.128672475471539 0.0713883361209378 0.0498277178727364 0.0973234983192197 0.146370678144782 0.169832166837393 0.0356890830032649
0.105287208057221 0.166872117104524 0.00224563546639293 0.11042056401403 0.0799913994079985 0.0126362119843352 0.111968523502811 0.147455099690911 0.200236235126074 0.0628870056457031
0.134387370217128 0.176501510272401 0.088600935218135 0.00149458439665892 0.0825076322081342 0.0569231563836649 0.0667640813345845 0.0352798533870238 0.187529613834926 0.170011262747343
0.155681895815405 0.0715091048512275 0.178066965573699 0.00155793376183391 0.0508855138402601 0.0776177226992391 0.0801327169369244 0.174248228916735 0.17223774197893 0.0380621756257451
0.126865731657578 0.117145919270779 0.0773596649733287 0.170196890105097 0.145174486667897 0.0693485835214612 0.00564711480971628 0.0248216527924411 0.0885244824347497 0.174915473766951
0.100504055932465 0.142031724058569 0.119944283291971 0.0686317743453752 0.124760676720776 0.0127505702288404 0.155519269450608 0.124278571931017 0.123031403601672 0.0285476704387063
0.0136376308096262 0.163379047025912 0.160332715493197 0.0961693455835726 0.162603248382722 0.0740368883983241 0.109122988276003 0.0641516112494065 0.0629409858301224 0.0936255389511148
0.134142338638439 0.167311812859797 0.166683110391268 0.0538692114589171 0.0365769613006079 0.058093579815122 0.0190453731999587 0.0250433418028583 0.173355105246062 0.165879165286969
0.0845954038322257 0.176133706210104 0.0533215828387927 0.155278232823078 0.062256470097949 0.0448438998765204 0.165900471288513 0.0521732041782791 0.0453464177363959 0.160150611118142
0.179459211237863 0.0756869456085005 0.0673344863525603 0.00825426715229177 0.0498073174506052 0.0789973291309425 0.149499992317902 0.188060684929325 0.0997250319092852 0.103174733910724
0.00978762075905055 0.227627761278349 0.113962141454717 0.0401748616836208 0.136076795400519 0.100973239246217 0.0608903854971832 0.0127695967729348 0.197464714884901 0.100272883022507
0.0860765001083245 0.115706520092125 0.0289553065104476 0.134402900245227 0.0881193926042872 0.100136274105708 0.146025555712305 0.150458833774576 0.092381235632444 0.0577374812145561
0.0701652353477706 0.00253615335616477 0.0623831179176337 0.098881066478568 0.054829161943757 0.104024329365263 0.0933396968894834 0.1381132886536 0.196366389367089 0.179361560680671
0.101973523636234 0.175038354781462 0.176847782983444 0.156880284848475 0.15415006098803 0.0446906626915839 0.0624188965577535 0.0318021186851253 0.0938505787936261 0.00234773603426556
0.107862587828042 0.181099578255728 0.0145241804020165 0.0843449003303842 0.140841941619059 0.2303811425363 0.0235792963450919 0.10027971871666 0.00955603894359404 0.107530615023125
0.247295256070702 0.0358029558430338 0.0172768566960657 0.0288258057247264 0.0362757923494015 0.225921873098591 0.218030890734187 0.0739889303857707 0.0262864210676192 0.0902952180299023
0.240042667657506 0.160836280448607 0.11644554349906 0.00337171827489052 0.00840593769469712 0.206233490762589 0.124994225038954 0.0741266456400884 0.0125405370330869 0.0530029539505205
0.127601388734408 0.0347207019413819 0.0709938088829099 0.134868292169742 0.122189636974988 0.149524682984025 0.027266296799885 0.0799758949732178 0.173904451439497 0.0789548450999451
0.120286462928627 0.00248154323498843 0.14385379594642 0.132781447819482 0.151596318303001 0.139319056936661 0.115574061288744 0.10961020563447 0.00533897832824963 0.0791581295793576
0.0909762168710603 0.122382675220055 0.153266675163366 0.100172350496195 0.116657146564273 0.176360097661352 0.0853995797111023 0.136979871303898 0.00729024338744422 0.0105151436212541
0.00598803791511054 0.206976298262041 0.0131554809688322 0.14498320101962 0.0738677605746813 0.0887887525111415 0.152909027166391 0.0622728918648041 0.132618904781028 0.11843964493635
0.0343919635720924 0.00646344656328484 0.151768278279556 0.178937229015906 0.0686781095024453 0.111918691867498 0.120397751960619 0.102402611085657 0.162477488984431 0.0625644291685102
0.0751889205495683 0.144270051266857 0.0559984268759951 0.0813070261018345 0.0867329697898857 0.0919848028744678 0.142760665220402 0.114207672711871 0.0631345013177593 0.144414963291359
0.0918215715442453 0.157414352498429 0.190519523318186 0.196468909844726 0.142069487469355 0.00623850131749537 0.102592208693692 0.000894741971016076 0.00411374034637162 0.107866962996485
0.179223610902999 0.123443511161425 0.060208737992435 0.0938394350563163 0.155047918272318 0.226780059220881 0.00221085127030982 0.065402641795435 0.0843328472122733 0.00951038711560757
0.0602537658527774 0.143243953964451 0.0956839704353088 0.119362306386144 0.110094059241885 0.152700432917503 0.149779200459837 0.100815447524686 0.0324404746896389 0.0356263885277697
0.124235889659886 0.188242667237175 0.137321284476736 0.176728339024258 0.027042868360384 0.02640626884154 0.0691474092324577 0.0391482946458799 0.144679688884596 0.0670472896370878
0.0997255979267256 0.0158273264856728 0.186350314863733 0.0694772722026021 0.128241201778325 0.0208605941872214 0.16617618791305 0.0909124634757126 0.124411953648872 0.0980170875180854
0.100056460474737 0.118026580393734 0.0656896975063146 0.102319754052758 0.120503374721692 0.0757334957877196 0.0836742964444152 0.0829408731285947 0.135614693738699 0.115440773751335
0.0928583848695582 0.127760529649578 0.214944992830537 0.0545300331818534 0.00462997124581499 0.129071828489368 0.0391456932590733 0.0667998001618267 0.161556768068891 0.1087019982435
0.0440853224775759 0.171920980841114 0.119976072801274 0.0869207170335699 0.16530235402239 0.187052878454676 0.0675928627711663 0.0942638815766575 0.0318048431816682 0.0310800868399072
0.194523332293084 0.117439301875555 0.204901833346124 0.0274857290302299 0.0664608369431348 0.023039568947875 0.133460845949973 0.0167740492618152 0.150424032842985 0.0654904695092233
0.138202721765807 0.0614333672967044 0.128021666506405 0.0802442203207675 0.137272641399578 0.0985498209754267 0.11725198464359 0.13700900332045 0.0304393772177622 0.0715751965535087
0.173646687944407 0.106314079075278 0.057228504134238 0.00535860718869116 0.139667155277376 0.040340751018154 0.161342069711886 0.13869415425468 0.0149205494817713 0.162487441913518
0.0766521428792896 0.163764850053656 0.0354593228449167 0.0118476185481045 0.121735705541439 0.129536508255667 0.163777366266974 0.197350324473832 0.0426806393284902 0.0571955218076306
0.14656265488436 0.135655489966075 0.165949145758875 0.0560827179069149 0.0190165415920415 0.101746345420374 0.166636529586418 0.0285090478993402 0.125496702853574 0.0543448241320275
0.114995551888505 0.0692884779707151 0.142128102069029 0.0482967946914926 0.0748584106337542 0.149345885756216 0.038504876745509 0.0836663241471739 0.141221188653843 0.137694387443762
0.0590112213811915 0.153739524731828 0.0301178054266152 0.00515948296130783 0.16934214112667 0.0909477267688389 0.0688224168736511 0.164567460302092 0.125131494527577 0.133160725900228
0.135429801016291 0.0794221731790998 0.0381510185912133 0.0957154554374619 0.135501491041441 0.089035987105663 0.129651325772798 0.0978463418190924 0.0496254693107563 0.149620936726183
0.0231615958706192 0.16384733172435 0.134585898971741 0.0663961474476459 0.097166736718522 0.127990803957492 0.0769084304467053 0.204657148430305 0.0795840629086052 0.025701843524015
0.137649788254708 0.091492417533452 0.0365819934806266 0.0739581195903961 0.160283141845955 0.137325131186617 0.0119598559919414 0.146663947427752 0.127904431833505 0.0761811728550472
0.247495031018374 0.189597930102236 0.140720377104366 0.0650580974719695 0.0686348229300853 0.0729490349730122 0.01090203767059 0.01238892826316 0.0580884238830455 0.134165316583161
0.0367083357951844 0.0961959473594926 0.0211618434553331 0.147879351853691 0.136658935881102 0.107783341409582 0.0663009264516663 0.170965328083138 0.196242400193678 0.0201035895171323
0.0621580652694261 0.146207712065688 0.0935385446769944 0.125946969932635 0.114374393195664 0.0490687628724654 0.0727314540193689 0.073122370847284 0.117013229570542 0.145838497549932
0.0378299687963532 0.0672925220022928 0.0980588439670066 0.169383841089985 0.00134102576426007 0.192368530621135 0.155667027218031 0.189062767171715 0.0349839502962831 0.054011523072938
0.250064264150613 0.0797045369692754 0.0366680345109382 0.0489799636594149 0.0255349981536725 0.202939127061065 0.0469988375294261 0.140044195951201 0.0360609883549477 0.133005053659446
0.137278403403968 0.0666655945662134 0.130438496672862 0.0277041762395035 0.0186365033090337 0.0223359832431833 0.193040976976813 0.17231760547298 0.134241797961499 0.0973404621539433
0.166909653957588 0.119042937026496 0.0416097994336051 0.169333975232957 0.0568743018636723 0.041787726185274 0.0316064874784191 0.149369291507465 0.204659978920557 0.0188058483939668
0.0057242429995234 0.0830859163665115 0.0662321554069506 0.188211672528983 0.0361591008870025 0.0731008792851473 0.148353679252599 0.178165785354412 0.140692402766297 0.0802741651525736
0.0776639266803881 0.176703098768658 0.0236399755254865 0.144562111717176 0.0730670289862391 0.0221237347938827 0.196202698367831 0.0244250789386879 0.183307917928638 0.0783044282930136
0.0787283036757699 0.0246388163991882 0.211824597214923 0.150271554991445 0.18778020048643 0.00135744422691517 0.102958229418149 0.0882574225573636 0.0412212946692673 0.112962136360548
0.0330898614375386 0.0548502576545857 0.192191481051339 0.0644495300783484 0.0456660226175788 0.0166851376111292 0.267666826602102 0.0402247352994222 0.0665555540184675 0.218620593629488
0.0973125680667692 0.0400945519311496 0.120187220466759 0.12454996874936 0.140123932547049 0.131972323688998 0.102366593297961 0.0563737890643692 0.0972198151461155 0.0897992370414705
0.0206446541797898 0.0611738145475486 0.204176930340093 0.153628386313227 0.00977344408961282 0.136562797674679 0.13759272076632 0.00546287796989531 0.193077987317923 0.0779063868009114
0.0945240807943531 0.142402669098598 0.121201926211774 0.137233053015158 0.12105815139332 0.0517146187341385 0.0436088863351783 0.119837480013361 0.11424063178324 0.0541785026208804
0.105382205779688 0.149421516105729 0.0968998780048943 0.0437228924169551 0.0654422820306444 0.0440821366574215 0.145629632291704 0.11156345925283 0.159471763557401 0.0783842339027336
0.0898105271874394 0.112657906254929 0.166817219693817 0.00712270471992109 0.172045602682084 0.00510818642935845 0.0777175646576489 0.123236072172533 0.138279860747772 0.107204355454498
0.116564640824765 0.0250182690248715 0.0896274701648133 0.143933591265187 0.149586468645895 0.0201850968183743 0.126211289030709 0.0981956472855422 0.0678770736469421 0.162800453292902
0.0401809185133326 0.132088526642856 0.0308992852194002 0.00802243903821285 0.15315277974312 0.126170800465456 0.152651360470407 0.0509285639375063 0.177964881630904 0.127940444338805
0.0369686661915027 0.204926645549212 0.131323544033741 0.00614792448031335 0.0254035418952066 0.219209918863499 0.00125531513397994 0.0690771991175552 0.224191722714166 0.0814955220208246
0.135072708131043 0.0395969180456767 0.204180399277037 0.00213906883126023 0.116352027702737 0.0535092678573653 0.155491874014435 0.0342263553313734 0.0529241890859808 0.206507191723093
0.168886955482145 0.048684248895638 0.16821232571465 0.0229682647838887 0.153993334572606 0.00303506341049084 0.171059334057595 0.134267098350918 0.111159518656386 0.0177338560756826
0.11308574491468 0.148750045904218 0.120927628000832 0.0902383382046413 0.143119525729004 0.138699084897687 0.092522199853845 0.00401492305015252 0.123232320728885 0.0254101887160565
0.0905103358754633 0.186799728808654 0.172436330004177 0.0896359272897464 0.122349545421571 0.0951763080670908 0.0328913625264312 0.107519386245909 0.0517601551937378 0.0509209205672196
0.0526067314142093 0.0690927672674371 0.156356098752305 0.136466683256442 0.0953615226638274 0.0441780945205379 0.037466439789813 0.124676105891032 0.124608573485352 0.159186982959044
0.00266361534590993 0.107279744249474 0.029673386225369 0.159225434269605 0.10615505123389 0.157318928221176 0.0199332887853752 0.113439366733644 0.133695393254867 0.17061579168069
0.108932232585296 0.133886937606163 0.0292396958124888 0.134581054492337 0.12228641222541 0.0881152813030886 0.0837285023429184 0.0910276446636359 0.138699001063025 0.0695032379056366
0.0845471762121045 0.11476839352308 0.0524414420148888 0.128262879227318 0.115381384377396 0.167253618917809 0.103771482371506 0.0987631880989563 0.00216875474268853 0.132641680514254
0.11896390331999 0.056473019107414 0.064475545417681 0.103439672535953 0.0982809762828707 0.143642896183825 0.102589057223873 0.109531292300861 0.170275291089204 0.0323283465383293
0.15010906712209 0.0168493507107461 0.310535921675172 0.00970435783910395 0.138642814475863 0.05898692635785 0.0388561343893272 0.195385626080372 0.0725919211961273 0.00833788015334927
0.104351838100343 0.0896589635516764 0.0119214767872196 0.187816186699252 0.155272474129989 0.0123065672531836 0.148610316697519 0.17166680226161 0.0279533312101866 0.0904420433090206
0.118832807672281 0.0407193172211317 0.116331986908937 0.00913345790833409 0.15407762984503 0.031961456315509 0.138863399762371 0.106351127940982 0.131476114650909 0.152252701774516
0.124036496296444 0.0658638870108968 0.128899699747022 0.125554545617649 0.00412187661759818 0.11201619910035 0.124191975552625 0.0489908534835093 0.128620889281747 0.13770357729216
0.0605578808994557 0.108293565351722 0.139172077915662 0.122778420845416 0.0550596583457436 0.0505764932253406 0.118909076305737 0.0789484546666181 0.135982124408272 0.129722248036032
0.0862482636414932 0.133477912766649 0.140832879342311 0.0158021344710571 0.00999702340374378 0.192052359020308 0.116653286048649 0.226402014225855 0.0760241233299834 0.00251000374995039
0.148302689539105 0.1162224286868 0.0391594678992154 0.111096846042537 0.0881240540822256 0.147928406970292 0.0601437612481587 0.109834387055622 0.130522691723337 0.0486652667527072
0.0529146876179862 0.130417700849034 0.076664676487773 0.12203649377646 0.134017406278304 0.079757001217375 0.0670622594562082 0.107162442379141 0.202495056239534 0.0274722756981843
0.172663323690659 0.0458843142037245 0.173370295697731 0.054262932879453 0.0326556375256099 0.0760297909655584 0.0448326360084415 0.110133423311827 0.157054068490109 0.133113577226886
0.0175331487606882 0.105206620270816 0.0507663991102606 0.0906178883993054 0.0957321588354911 0.0146951895471138 0.0619709274951744 0.0911439791735207 0.227014397934738 0.245319290472892
0.017139277171247 0.029824308456636 0.162427020696539 0.214948037549222 0.0420990890174976 0.0841859433548767 0.165155466899661 0.0649906737652771 0.0736511269848344 0.145579056104208
0.168382065819663 0.134721734108905 0.137903997828807 0.0527679578694494 0.108778462536201 0.115471713717304 0.0904623666769688 0.0293242867682231 0.148365715678317 0.0138216989961616
0.119108661576347 0.0895411095542313 0.15467330111571 0.0851589270139476 0.0568916996124634 0.0734846958021849 0.134946583975412 0.144375038407608 0.0254064459495614 0.116413536992535
0.0191903196992752 0.109823257893005 0.116834989151465 0.128768392446421 0.127697664891366 0.106221798198459 0.143380565040055 0.0727157160735439 0.1363419319783 0.03902536462811
0.0155020392617773 0.123345060884338 0.0515119665917586 0.00415575358878438 0.156649280010932 0.172775594866494 0.113618160699626 0.170451268805598 0.0495312280510109 0.142459647239681
0.0875179154270472 0.0284738502315265 0.0680267136359234 0.0156563418913722 0.0804145226106976 0.0796188641594771 0.197858774021175 0.118942906476852 0.130700063283939 0.19279004826199
0.0913502854765107 0.186526663674197 0.0400788663802156 0.126838786326719 0.0980282751449381 0.156569495336026 0.0533943949019182 0.174918224615109 0.00298163084857313 0.0693133772957943
0.146873980241968 0.145976639392659 0.0327072641715822 0.0718031955423033 0.108270256928611 0.144427856388561 0.0175210727635484 0.10135025705629 0.10734554949167 0.123723928022807
