0.15895092359114 0.188992333030567 0.255980946814848 0.212282511803603 0.183793284759843
0.434135274837013 0.173799139855207 0.219464737682598 0.0148519484264213 0.157748899198761
0.0177273963623984 0.0162075188625231 0.34235565979802 0.334746249320922 0.288963175656136
0.0105176242631732 0.0521916763391912 0.363404701317721 0.348313745283105 0.22557225279681
0.0879410320133168 0.313230530587631 0.0109588318072829 0.302156314066823 0.285713291524946
0.318314807109345 0.250187966026912 0.184766565999411 0.0736156276466768 0.173115033217655
0.350249431646896 0.0519891336180335 0.0568780842442274 0.352680292096729 0.188203058394114
0.164515440029721 0.283029333736499 0.400476637520072 0.110534272063728 0.0414443166499805
0.0945205741648075 0.336805248670182 0.153551745729277 0.312582776780328 0.102539654655405
0.464328494144482 0.0248669941611074 0.0495709722351356 0.0908773537125946 0.37035618574668
0.094699271526108 0.195920439472409 0.276273861385346 0.253272951532662 0.179833476083475
0.239219454353338 0.310748024284998 0.182269608162698 0.240072940177499 0.027689973021467
0.000228845821920037 0.0750895625242926 0.279969913077599 0.328706819237923 0.316004859338265
0.271455290515018 0.140182110893634 0.309003698598665 0.087890547131006 0.191468352861676
0.225093773134083 0.353266632222363 0.0271831922108491 0.251344573047037 0.143111829385668
0.127033326865411 0.112970873987382 0.546711362895239 0.121637314995767 0.0916471212562009
0.0229790742710976 0.0922243625064576 0.46087858826704 0.374171553496899 0.0497464214585057
0.112912310606211 0.26431866195804 0.104979942191769 0.247768229376856 0.270020855867123
0.0606162820392704 0.214486162714715 0.334213861048583 0.133468450149441 0.257215244047991
0.21071713692546 0.273982135916934 0.255117427375166 0.165000353229359 0.095182946553081
0.264359166407204 0.123869172662854 0.0558537112492949 0.328416176156088 0.227501773524559
0.119666372217194 0.32050972128796 0.0423100075552726 0.286292039409703 0.23122185952987
0.273096068472835 0.183432559228289 0.259341645229515 0.0595890611142275 0.224540665955134
0.0772225791872983 0.232341190988339 0.324715058616689 0.362706059579912 0.00301511162776161
0.311132853035121 0.194142025485413 0.393019067979119 0.0295119370734353 0.072194116426911
0.18264730197146 0.534536957929087 0.0458408321179239 0.0251018336807798 0.21187307430075
0.288199803464418 0.0745198223291653 0.075616197085022 0.261942101257938 0.299722075863457
0.27130983041225 0.0898108881791127 0.308089850351397 0.0559583161395755 0.274831114917665
0.282446539823332 0.277615198327434 0.211980645379097 0.0659342964043916 0.162023320065746
0.288146882873813 0.18410625077438 0.241746616741168 0.0101959293238875 0.275804320286752
0.231533365455174 0.202739764861566 0.0697380680804893 0.263466021012589 0.232522780590181
0.286712339373533 0.243221556150648 0.201385313031416 0.215786169060484 0.0528946223839196
0.114693767934579 0.261051281677327 0.285486433335769 0.0428072242501168 0.295961292802208
0.147844461325258 0.0987182761851972 0.390363692053054 0.283554061742503 0.0795195086939871
0.209868886208019 0.235431337600358 0.282913724627159 0.170090023598859 0.101696027965606
0.46871718062486 0.230331030664049 0.0835218869489333 0.157910573021093 0.0595193287410649
0.117307513610137 0.206990846009424 0.1542053414712 0.232241674477311 0.289254624431928
0.133591265701988 0.213996965262224 0.130510300494265 0.263756565872359 0.258144902669164
0.226475883684827 0.229328316226317 0.238630504993042 0.0767512001143884 0.228814094981426
0.325224185691353 0.246073766805896 0.122131480959285 0.269728895827921 0.0368416707155457
0.0593472983667989 0.330083125743941 0.234489232496615 0.173069526220426 0.203010817172219
0.2573114525173 0.146613580835922 0.291166894496898 0.0406757857797241 0.264232286370155
0.123910994004855 0.0821943967434952 0.246881491616256 0.271877927414193 0.275135190221201
0.0331778863040813 0.123358289416893 0.247160329210734 0.274250094936422 0.32205340013187
0.255242178532208 0.197862012476061 0.169231270314695 0.113078419030627 0.264586119646408
0.174588400359077 0.179367226182734 0.204947091588453 0.224431731107137 0.216665550762599
0.195119258353883 0.0262858558095559 0.300891261265071 0.17099975972883 0.306703864842659
0.29570843890722 0.139631368781284 0.0686311045374381 0.282470235412407 0.213558852361652
0.206036117257523 0.1876186485037 0.182265070956845 0.202960431221561 0.221119732060371
0.305599114337802 0.168485340422968 0.220189489820914 0.278045035258007 0.0276810201603089
0.2331260354001 0.16470852464598 0.0420942546506709 0.309491764911005 0.250579420392244
0.180657191954446 0.234226917495686 0.086348431990572 0.273454774150429 0.225312684408868
0.36990754277892 0.0380221725439941 0.0963882537210364 0.492625669727984 0.00305636122806545
0.069668889392105 0.236364657350555 0.0324598220916625 0.338456424576938 0.323050206588739
0.0253138787826761 0.347599347517945 0.188300082944765 0.2459493226136 0.192837368141013
0.282535715369905 0.230155872392331 0.122761246913017 0.0509742731073903 0.313572892217357
0.0909273605764483 0.346729704357855 0.246357080912129 0.0747000388510432 0.241285815302525
0.332685009487997 0.175020421007955 0.113561368240186 0.275409727000024 0.103323474263838
0.0140355615242331 0.35300521449829 0.375922258064161 0.227003709560312 0.030033256353004
0.0820359104969131 0.299969852848648 0.247339300222128 0.322630776895445 0.0480241595368655
0.191473844940734 0.0330170070287182 0.227254487076396 0.343237671806524 0.205016989147627
0.0566069692878821 0.266981062571577 0.211757228986129 0.219951597677287 0.244703141477125
0.165095035612168 0.112547918402332 0.357028701813587 0.228550226626429 0.136778117545485
0.315164832099498 0.448073503527213 0.144369668456332 0.056613975036961 0.035778020879996
0.214357474531274 0.366360294126262 0.0878149439228283 0.109049968412074 0.222417319007562
0.398969974028692 0.166353820851316 0.114683715705645 0.241828080189207 0.0781644092251398
0.255316670302178 0.26242336493884 0.320233705407268 0.0587946128232815 0.103231646528432
0.197181773554424 0.155807053055912 0.203953906051201 0.119047091602096 0.324010175736366
0.283923931466846 0.0729690972668395 0.379814014719668 0.192379588291974 0.0709133682546717
0.358851456784981 0.254817117229181 0.0476467301290959 0.0922713744894596 0.246413321367283
0.278598286763929 0.147373613334265 0.0157929103896556 0.326735690323076 0.231499499189075
0.139528280626084 0.260367461067159 0.142802666060901 0.177997686909301 0.279303905336554
0.203842667124811 0.119058077422552 0.282579680725569 0.0840196728637168 0.310499901863351
0.0539357483019054 0.403234135539124 0.400377205457597 0.106894355977183 0.0355585547241907
0.155878218552816 0.362048040208039 0.154977046517478 0.0231034644162075 0.303993230305459
0.125624822584985 0.312803639639851 0.0556015600104136 0.112057660056583 0.393912317708167
0.406299778271541 0.124157747882093 0.278191808295777 0.0385420456189509 0.152808619931638
0.200950935933587 0.18517966339072 0.00382832835239016 0.189148792865446 0.420892279457857
0.115447540136313 0.0287388817963721 0.321779657676942 0.333714155805613 0.20031976458476
0.168116753561245 0.260902493823629 0.000797507804957335 0.343545214768655 0.226638030041513
0.190691396199936 0.123196775193973 0.267321115537408 0.161814736849639 0.256975976219044
0.485498116248637 0.256062340426604 0.0698572295201129 0.13908177755584 0.0495005362488059
0.140092232044838 0.266549833603325 0.211529811017135 0.0874743623321852 0.294353761002517
0.0499004463961669 0.208347556629586 0.0722165495147497 0.267613135849374 0.401922311610124
0.00702047343491071 0.419259354274091 0.446651234471709 0.11964552177109 0.00742341604819873
0.244646717223 0.208698140273233 0.118724982479759 0.236119075894987 0.191811084129021
0.165359438278416 0.0499672829057019 0.37965659935544 0.167109810546389 0.237906868914053
0.0699643427439769 0.32880276762614 0.318660883940375 0.177069720008998 0.10550228568051
0.18238893005313 0.239380083569881 0.0799633568704617 0.25233834900482 0.245929280501707
0.269244643681224 0.21157704217209 0.0690251562934512 0.301301197395917 0.148851960457319
0.19304144853839 0.260356538499182 0.0762179489863811 0.259748657723504 0.210635406252544
0.018848489466719 0.242502682730129 0.283430970317084 0.256687455792575 0.198530401693492
0.467539359272654 0.316393931753877 0.0525622821292579 0.0903766321794274 0.0731277946647833
0.244474616596816 0.253626819568202 0.0264437801558322 0.156767512566734 0.318687271112416
0.145961770263075 0.119999490365926 0.241289069356141 0.257699238828204 0.235050431186654
0.286357896848108 0.237160181920096 0.0201760816173914 0.300571941248528 0.155733898365877
0.237837089244395 0.100943708621052 0.233080274660104 0.186704743132737 0.241434184341712
0.108091095310868 0.303598310112888 0.129994627351915 0.172828150526083 0.285487816698246
0.191926850414319 0.145775814699063 0.223153668535145 0.218276538764881 0.220867127586591
0.0997372925537295 0.1637041511845 0.185427257226957 0.395824694630557 0.155306604404256
0.452884571694461 0.0531321667553492 0.209572132128352 0.179318759129745 0.105092370292093
0.147878919564356 0.296684802717288 0.119446782543785 0.186501549805425 0.249487945369147
0.242947957004648 0.119677719578225 0.282569608654134 0.155845489156687 0.198959225606306
0.300319087097781 0.21907647182536 0.227181137732574 0.00778556715728319 0.245637736187002
0.106248790763489 0.354029478835249 0.198765248938917 0.244007414274236 0.0969490671881086
0.271765062426259 0.329777893693171 0.145140365771517 0.0802266715410095 0.173090006568043
0.301300090522736 0.269171086562909 0.109154482719511 0.0215448236213245 0.29882951657352
0.25093208407648 0.350267556634051 0.141179128530161 0.0137501340944853 0.243871096664822
0.224178218417628 0.0244552250750494 0.263767531174404 0.302663211684839 0.18493581364808
0.237994133724068 0.337241287058404 0.402011878885186 0.0183905899470159 0.00436211038532718
0.209049719962969 0.289801401619617 0.174072428609569 0.194222363954836 0.132854085853009
0.132387538694224 0.295501416991561 0.314151517451429 0.206223576573653 0.0517359502891324
0.235751019158064 0.32040547983287 0.0133422855780301 0.196259140468659 0.234242074962378
0.224870823152684 0.206398404197991 0.106250436106801 0.297823914462918 0.164656422079606
0.274082196016535 0.145096530957822 0.291626500604841 0.0570104166445132 0.232184355776289
0.255957170029566 0.412128395689116 0.142762385507483 0.0440540626182879 0.145097986155547
0.139137938189001 0.313378421025792 0.23260630231377 0.0221348213444693 0.292742517126967
0.24391729390895 0.241429825014887 0.0653240101865536 0.289452055924179 0.159876814965431
0.145737206929729 0.234067087134314 0.110747826223502 0.217286827847092 0.292161051865363
0.0559960594151274 0.154039645775883 0.11278381370037 0.475926432921511 0.201254048187109
0.152253607637103 0.317547120011678 0.0616078507106224 0.174968707614515 0.293622714026081
0.0427190301550003 0.368090069470035 0.326767033589479 0.00548829578030863 0.256935571005177
0.370822530479236 0.0752804841500526 0.0242113852367212 0.336781014787077 0.192904585346913
0.057244546245775 0.0899354584230516 0.35209594999644 0.336980578593269 0.163743466741464
0.29790711441288 0.159450781425759 0.0298954157584903 0.13149720586898 0.381249482533891
0.0684804433686912 0.101071347145956 0.262626772350966 0.261021910805825 0.306799526328561
0.134270682597583 0.0193202466961608 0.374022563286694 0.180986766514387 0.291399740905175
0.254366423149627 0.251430859500033 0.118692809782491 0.218244458726293 0.157265448841556
0.297711680943043 0.00281132671445531 0.294530959300495 0.324772501498476 0.0801735315435306
0.286448916177131 0.0739638891528592 0.220394847455201 0.177141049431529 0.24205129778328
0.20800055136794 0.0426850193925867 0.251853658999766 0.244740262222283 0.252720508017425
0.0476656719811814 0.464319848665277 0.157398171618015 0.116811857029793 0.213804450705733
0.314760544048593 0.269576679589004 0.0244067280585592 0.201719544931376 0.189536503372468
0.198267733066296 0.216555788591043 0.197968649848656 0.207116663417086 0.180091165076919
0.177570424149652 0.212697679479191 0.302603848728774 0.141277559893567 0.165850487748816
0.0528993225512579 0.0968758047820106 0.161270665529134 0.3277443020988 0.361209905038798
0.0341451813055168 0.273909496136449 0.123255689482795 0.172110482686741 0.396579150388499
0.207789483391651 0.209735515711399 0.309021520635572 0.00288483815219265 0.270568642109186
0.0424337318570613 0.0591052590819541 0.444978278785771 0.0675775695650863 0.385905160710127
0.358576146133651 0.0300375509070915 0.103366559901362 0.0304901275151282 0.477529615542767
0.0868884742842988 0.21391936745468 0.213863153750219 0.126687560035055 0.358641444475747
0.195030889873229 0.081890026116887 0.279173679429846 0.373405671450568 0.0704997331294697
0.353278443677181 0.119890886090829 0.116196107942754 0.226357815431826 0.18427674685741
0.105263434299732 0.289903949593117 0.290684101463299 0.254395836361755 0.0597526782820961
0.059935527395842 0.163906373334291 0.066774753757463 0.472597749382472 0.236785596129932
0.0109624705693745 0.216765460366251 0.131328593764526 0.291534883076604 0.349408592223245
0.0949725170112343 0.0679761256344428 0.326267995220881 0.374585576892946 0.136197785240496
0.113402189574251 0.270038189803665 0.249495864106657 0.0840389809371198 0.283024775578307
0.129247314377432 0.277923643635896 0.0922875094319822 0.315880632283425 0.184660900271264
0.129022766650605 0.069597493376982 0.252490582794621 0.127843605770688 0.421045551407104
0.154498936555658 0.297222897452648 0.138750273126504 0.145159037088224 0.264368855776967
0.272547697185227 0.242707104845523 0.323511936740579 0.0183407579518662 0.142892503276805
0.278319359423855 0.192900908899646 0.123220671959897 0.32039752929324 0.0851615304233619
0.0594938550079224 0.227553414869206 0.492585979360633 0.108169454235896 0.112197296526343
0.248190113335148 0.23499190573529 0.192077802035752 0.11504738211655 0.20969279677726
0.14965353481016 0.163584473380661 0.229252524293961 0.295204386585958 0.162305080929259
0.188777699417575 0.222321323710305 0.362623418134266 0.176552196141295 0.0497253625965581
0.133728292877206 0.0811326491524704 0.269275189726512 0.31570909273985 0.200154775503962
0.141433510542616 0.145525663238799 0.333321650247672 0.30643509876523 0.0732840772056834
0.184375318043292 0.119566266641773 0.230217486233501 0.0342249463150474 0.431615982766386
0.190757184987553 0.170958985475694 0.240379264833625 0.196290074637698 0.20161449006543
0.272716627072482 0.204766062929913 0.151688993098481 0.203205708901803 0.16762260799732
0.277507292593716 0.20418296370963 0.253997789868201 0.233134986460789 0.0311769673676647
0.316494022827928 0.214557095814428 0.248390415489838 0.129858306449424 0.0907001594183826
0.232328596293494 0.125135421561385 0.254518805115344 0.168684218217553 0.219332958812224
0.389418990031012 0.0678568938499359 0.320736530352982 0.201503150955186 0.0204844348108834
0.265222910343506 0.00223601661851153 0.503430867750118 0.20022550527993 0.0288847000079344
0.319950290208452 0.117197976300871 0.227443369827461 0.12804076708594 0.207367596577275
0.260116236083953 0.292886739637239 0.0909035946824563 0.145611036750884 0.210482392845468
0.124542268471128 0.00742588233676038 0.468456852089325 0.396766014020183 0.00280898308260334
0.309299958184201 0.0624665528032687 0.150461713762413 0.118238699039391 0.359533076210726
0.212280013798656 0.116387019684033 0.250559292612469 0.169939615192569 0.250834058712274
0.201474141093379 0.237862577702605 0.237551980670865 0.18825845554209 0.134852844991061
0.0302862556034621 0.626618014725786 0.0893734839748363 0.0760563149555951 0.177665930740321
0.203006567864131 0.145552596436978 0.116033297617977 0.355558083627229 0.179849454453686
0.154632913141244 0.0672481001638782 0.338124244322022 0.20134208819429 0.238652654178565
0.310390743570285 0.0581287487533921 0.161137216426538 0.145942727608134 0.32440056364165
0.184036044817447 0.294499681393028 0.13468965573832 0.282524307138456 0.104250310912749
0.0461406721497268 0.0979156734275402 0.348130360690526 0.355620998447681 0.152192295284526
0.0689681230774757 0.135086830916057 0.215221673216767 0.143462153819778 0.437261218969923
0.134960109843325 0.100169904053349 0.159613452043916 0.311599322200833 0.293657211858577
0.153316143393393 0.122444094321936 0.141629414156821 0.37329504755693 0.209315300570919
0.225706554332713 0.0579410907502259 0.270743483469971 0.0955792874257253 0.350029584021365
0.0644653447532264 0.190426603928227 0.18664974273409 0.353786638204476 0.204671670379981
0.18812885032847 0.0901269540725996 0.141487047335307 0.34680264661373 0.233454501649893
0.431291354624033 0.212796956127981 0.209278681690896 0.027548222316416 0.119084785240675
0.0686927091460833 0.430013582900212 0.157403320551221 0.0782548095893673 0.265635577813116
0.200568451989349 0.291757575476829 0.186677366682531 0.0827216724628429 0.238274933388448
0.109011165528062 0.38036581842451 0.392159101934271 0.0969606534068732 0.0215032607062839
0.266844029754826 0.0499108978943255 0.309036738523993 0.188256883863703 0.185951449963152
0.203208334009657 0.139733570174507 0.017053117991086 0.519946182018815 0.120058795805935
0.240638397358004 0.267741085934795 0.0797699584532398 0.1879245648749 0.223925993379061
0.173084899519672 0.42873333788911 0.0756558777122599 0.178684769551442 0.143841115327517
0.407199883939128 0.159716891823616 0.0422262505633849 0.0506012485313905 0.340255725142481
0.218767167480767 0.0976200761071924 0.364509922184784 0.152990072184728 0.166112762042529
0.358591199777141 0.337928829650358 0.0587658789206085 0.215674639657823 0.0290394519940694
0.135606752397162 0.107835097847537 0.26997040633655 0.0778301828682547 0.408757560550496
0.0263919438598462 0.224389313007545 0.162544378279242 0.246806788451244 0.339867576402123
0.115592697277574 0.100247877293889 0.0643326152502698 0.391926778209164 0.327900031969103
0.137464758193657 0.594826824015149 0.18788013621263 0.0790863654551466 0.000741916123417464
0.16921686471324 0.407424750426705 0.349600204037448 0.0533911213631843 0.0203670594594223
0.195277170617212 0.244929074827968 0.203183765370575 0.190001328880809 0.166608660303435
0.298151864726156 0.0664336435687889 0.183063474697959 0.168779404140905 0.283571612866192
0.13431330201773 0.0597920370354353 0.278948333262396 0.286270423933888 0.24067590375055
0.166795682611764 0.33894390139195 0.175654524945066 0.0651726170256349 0.253433274025585
0.38731753655198 0.0500758069755067 0.22134675660933 0.0275094459049964 0.313750453958187
0.101778736055367 0.0698361267300389 0.312236694957187 0.344411961206986 0.171736481050422
0.215862357163463 0.115121140336188 0.234997078248758 0.416530026721054 0.0174893975305368
0.232333673748265 0.305525647269781 0.0564570013521146 0.239976816333564 0.165706861296276
0.15149718980161 0.36528736473457 0.175328097916381 0.0697894243900012 0.238097923157438
0.0313862765545993 0.190607963268746 0.206158419740458 0.261911142970057 0.309936197466139
0.282442612972352 0.196220880496502 0.137906420031089 0.189001155052707 0.19442893144735
0.0369967051030162 0.350503023680367 0.265968159733703 0.0546369411026403 0.291895170380274
0.368129567562524 0.114342209236524 0.0788559398563478 0.218657833190278 0.220014450154326
0.16647680235406 0.158526945091458 0.252700469764535 0.23089250305817 0.191403279731777
0.126901809039776 0.057719801988313 0.272310378211449 0.352424772980743 0.190643237779718
0.25601765203767 0.236449762781548 0.157872231393899 0.214441734865958 0.135218618920924
0.120742231504731 0.145911361532121 0.225846674170736 0.245812369539206 0.261687363253206
0.243051473033005 0.111633488896064 0.0667188696143704 0.187416971567548 0.391179196889013
0.194693643013426 0.139185213575958 0.0981374107357978 0.135397702889981 0.432586029784837
0.161803750434723 0.254129959973522 0.296899123326673 0.051512855037882 0.235654311227201
0.0929959393582385 0.265774598187391 0.0262280739138657 0.286567035378146 0.32843435316236
0.0743167757079691 0.283529482169764 0.118830468551747 0.197672055520702 0.325651218049818
0.188044548785449 0.346416675495737 0.0547622669664695 0.22266145212804 0.188115056624304
0.184881698137474 0.246574632861446 0.212200354839652 0.186099520362915 0.170243793798513
0.243322850241467 0.179440796344761 0.195943909705691 0.128003897739983 0.253288545968099
0.12884157499973 0.085261584747839 0.281123616253466 0.439009453106456 0.0657637708925092
0.0177187027142936 0.219226552121555 0.2899507014105 0.180115473204897 0.292988570548754
0.171257366614921 0.182051495108908 0.175182419518872 0.25549926491745 0.216009453839849
0.0087545939413875 0.0759682480088816 0.339583813790135 0.276606995346945 0.29908634891265
0.17180488997066 0.0204955623885135 0.201108921909247 0.224544795502055 0.382045830229525
0.2465962765692 0.315429305041059 0.0233304814749477 0.0945250349304836 0.32011890198431
0.154387110286806 0.158023090819098 0.298878225751371 0.180659650634823 0.208051922507902
0.280004054966616 0.0870153813105674 0.312465086681694 0.122051372977778 0.198464104063344
0.265691131875458 0.199697276213302 0.18386554987439 0.205769553498229 0.144976488538621
0.179281298756716 0.335304017622325 0.0905942935700956 0.278882377163634 0.115938012887229
0.179069453936016 0.0600165489441315 0.340704387342656 0.227397858032529 0.192811751744667
0.0427713712476528 0.276224917727661 0.25866206085065 0.27326531855531 0.149076331618726
0.390584604496454 0.080877538261432 0.114988968645179 0.241062560000472 0.172486328596462
0.309001682201291 0.0703198396257325 0.244847656075612 0.0694594419719561 0.306371380125408
0.00549355325874965 0.393119036632349 0.0676417981387178 0.267644444114598 0.266101167855585
0.176730325677563 0.36150607758154 0.0918539297563807 0.169185359616989 0.200724307367527
0.230747542258216 0.00736420013661068 0.228978048915784 0.14306696333167 0.389843245357719
0.0645817918867529 0.12716140128075 0.388699507400517 0.0310882555208348 0.388469043911145
0.212150276143056 0.143388959855276 0.176616018720965 0.186080367808683 0.28176437747202
0.301372915092308 0.156076220913997 0.183522203288693 0.190510234817836 0.168518425887167
0.25470622100841 0.238385313177879 0.194150835658786 0.188438603536409 0.124319026618516
0.0708440343537803 0.180382246181426 0.137815544165981 0.346266705925623 0.264691469373189
0.281289473123759 0.189723035425404 0.112667167473105 0.0986825585593358 0.317637765418396
0.130662611547577 0.220954701035141 0.105796036781193 0.224767808661639 0.31781884197445
0.117845696318031 0.107732275892527 0.3083764656608 0.219558371818753 0.246487190309889
0.0714677670876553 0.357672488856839 0.104222399691595 0.377031537487822 0.0896058068760883
0.0633357123565163 0.270198839670836 0.217639523320365 0.275170850486889 0.173655074165394
0.238403306390744 0.141908340519237 0.285535670089372 0.198426642832925 0.135726040167722
0.0419439524842384 0.0940246987490528 0.40024509285932 0.0113807495642731 0.452405506343116
0.284251636660642 0.248541493009639 0.16554221595235 0.0525164809512538 0.249148173426115
0.298721604865802 0.0993155044008987 0.302086176546415 0.0918808237934135 0.207995890393471
0.461301953202036 0.276041947073264 0.117029348557446 0.0833200387840274 0.0623067123832274
0.0308015865681565 0.374887189086754 0.193723414115244 0.26805848588535 0.132529324344495
0.0632927099643389 0.206566952071905 0.261014482239832 0.263718712657001 0.205407143066923
0.144365964850922 0.273033356258453 0.104336121528852 0.101805632070719 0.376458925291054
0.246113733200574 0.223149398154449 0.178600040613821 0.199928398902545 0.15220842912861
0.0660664726361758 0.34197300803516 0.226140903234694 0.0136133378771561 0.352206278216814
0.344956642730219 0.31188969076363 0.0781275319059078 0.133934924536839 0.131091210063404
0.0623198503413308 0.0864428026638911 0.213099082131292 0.171889907512241 0.466248357351245
0.360654918197699 0.225935564308298 0.256014179174811 0.100590444892391 0.0568048934268006
0.0114098240313236 0.265597892256559 0.248686508089745 0.232346693055251 0.241959082567121
0.237528728030658 0.163501106026291 0.350690618091411 0.203448118419309 0.0448314294323312
0.296409793109363 0.17184443252688 0.227655786240956 0.203193899134726 0.100896088988075
0.370413221525181 0.257602983076766 0.0826933733906458 0.0115272430042639 0.277763179003144
0.178493898740934 0.182675509347423 0.259646897098885 0.0926668379935177 0.28651685681924
0.337767002011218 0.211536015435891 0.241540164857507 0.0593089644278632 0.149847853267521
0.172532609789659 0.297798425506908 0.215516085116422 0.0977123252663099 0.216440554320702
0.294440313216384 0.0425049905885507 0.176031846415863 0.25926990349213 0.227752946287072
0.248832941919329 0.0780656952313278 0.26087494818132 0.245470188100776 0.166756226567247
0.210054050165746 0.120479296927289 0.141671374666939 0.29756506737803 0.230230210861996
0.114936524615013 0.107546905367488 0.105305923509085 0.340211921016842 0.331998725491573
0.184646076293031 0.0971479491470121 0.357464415934479 0.0203997518993968 0.34034180672608
0.219563971256362 0.213499768664725 0.109813827505049 0.363426033707431 0.093696398866434
0.100049766848364 0.293754074916644 0.387997134192968 0.200625861685715 0.0175731623563096
0.365015526771472 0.211177615101783 0.154959558016594 0.0825046873810064 0.186342612729145
0.258237766900986 0.0683677626085412 0.118215920611909 0.319768425848211 0.235410124030352
0.127488922745186 0.448202619495355 0.407061038554464 0.0159502739316122 0.00129714527338383
0.246382736335411 0.402759784673807 0.0908199958879308 0.219016072550471 0.0410214105523806
0.11005014245222 0.337493048194153 0.170020179281549 0.321132503830123 0.0613041262419542
0.335823079460986 0.136681965615742 0.205787760046728 0.208611078622126 0.113096116254417
0.217093286951169 0.304167498236606 0.32126544323016 0.0383521470682589 0.119121624513805
0.367278347731002 0.0325440827588843 0.163568955736245 0.340641828490097 0.0959667852837719
0.381578347648197 0.0353812061901224 0.145996314195016 0.356187242194077 0.0808568897725874
0.229795360552272 0.0574331268331809 0.289304797672548 0.334305844085637 0.0891608708563622
0.35522800331322 0.25458219813367 0.00225052530654036 0.0353074670825105 0.352631806164059
0.143358447640648 0.0913924395284648 0.319744439394343 0.271803702060038 0.173700971376506
0.0156848507539399 0.250135036030236 0.333671019086072 0.38883028233833 0.0116788117914229
0.209483314005439 0.171160535674054 0.258235066931574 0.154993007051247 0.206128076337686
0.21855339082441 0.377161464739157 0.0111225987713751 0.245994862070832 0.147167683594225
0.0600525304712966 0.364518560657729 0.214470509757684 0.196812402593158 0.164145996520132
0.0913393315303494 0.0762445410890325 0.148893658191109 0.343745712213459 0.33977675697605
0.0889163383734091 0.158591920023405 0.33866814006861 0.218902176226466 0.194921425308109
0.217047836441552 0.272575006016567 0.339276121132245 0.051226082633336 0.1198749537763
0.313706859287218 0.0884539614029658 0.195518950899817 0.104111539559474 0.298208688850526
0.217941754776966 0.15109014608697 0.170813269373663 0.254028221316736 0.206126608445665
0.196264941820627 0.233729492715385 0.202067956950424 0.0776813372768761 0.290256271236688
0.0670048914702252 0.214264061467395 0.265221348600823 0.144594418691781 0.308915279769775
0.247801006542852 0.0122862969197412 0.285399070686797 0.287624441754997 0.166889184095613
0.0872515258435273 0.407017981520238 0.00362536514115117 0.417623415868438 0.0844817116266452
0.114319114015592 0.373395510337523 0.276820624302428 0.157836765145689 0.0776279861987675
0.383585871781867 0.203172699164979 0.151401522147734 0.184417885818941 0.0774220210864795
0.23187169405859 0.139083856088474 0.179111577564997 0.34753617132276 0.102396700965178
0.0154468936735134 0.281727705598761 0.279597358100759 0.121260092704347 0.30196794992262
0.183052011703959 0.213167932110381 0.212662216079543 0.174125736910824 0.216992103195293
0.188877492190571 0.104773319176715 0.136795845060581 0.317343878586275 0.252209464985858
0.00354899385068903 0.136317799930718 0.444752112126461 0.0868399558303899 0.328541138261741
0.156682597550084 0.281050515338034 0.0860533136701994 0.26914054917917 0.207073024262513
0.264856270354385 0.185853178313113 0.104774491111807 0.289655366246239 0.154860693974456
0.200135243544887 0.175412814230138 0.155597689605148 0.197524238963511 0.271330013656317
0.039902821135291 0.107753063262308 0.244211674005412 0.223917299764954 0.384215141832036
0.0598570121345929 0.00326516177587763 0.512555260743793 0.39327420777088 0.0310483575748569
0.285364256203509 0.309144366249585 0.039402088960231 0.140978270588504 0.225111017998171
0.107742523414215 0.139304172416474 0.282322741317486 0.426579173146853 0.0440513897049725
0.306308991111753 0.128049277499789 0.0947330400074036 0.283638189116573 0.187270502264482
0.187365619157924 0.194515316305918 0.215298627374811 0.199820377262838 0.20300005989851
0.251815366157033 0.227423462695581 0.0717063256021638 0.325299596175044 0.123755249370178
0.525655576414883 0.228941355559539 0.171346435932915 0.0511695312717696 0.0228871008208933
0.245358024527775 0.0142186781379484 0.308994330300748 0.321364994567759 0.110063972465769
0.290143710112993 0.135235954873223 0.0591679153190726 0.351499828400559 0.163952591294152
0.155163957922826 0.258549920666445 0.247268728935503 0.24395469640478 0.0950626960704469
0.369763371360461 0.112561992864171 0.12980451104861 0.263386435409173 0.124483689317586
0.157771528562823 0.0422751372219085 0.502055235537926 0.261526895633445 0.0363712030438973
0.0884166080379705 0.0876861387472133 0.194497620136 0.165868823941586 0.46353080913723
0.252954737452372 0.261992980176127 0.013990530986437 0.198256592926736 0.272805158458329
0.207640103214004 0.286145940472296 0.444966672454142 0.0106035748260525 0.0506437090335047
0.171829947309505 0.207481232271937 0.245635045211139 0.223497074887335 0.151556700320084
0.295485152656824 0.108196645447195 0.225772379582176 0.156903920344186 0.213641901969619
0.132558002831435 0.00484438170086332 0.245888311390382 0.273780632864297 0.342928671213023
0.262945570412209 0.251749659520303 0.144832892350961 0.144702079743451 0.195769797973077
0.362681094554332 0.0524481878704295 0.142436900207836 0.28614785275275 0.156285964614653
0.382431708126664 0.0227109461371197 0.00786754430740947 0.231388200827262 0.355601600601545
0.190202310222293 0.268906893351476 0.343603297410431 0.16740493704545 0.0298825619703493
0.334621707395527 0.288116120931046 0.17363299225208 0.0939911447011424 0.109638034720204
0.151731553327561 0.298045970473525 0.26900514857204 0.16749185605626 0.113725471570613
0.226700563028448 0.0841175370690734 0.267920642020581 0.361886772905943 0.0593744849759554
0.197926509140959 0.00505976383615156 0.200533342912209 0.415716634844722 0.180763749265958
0.0126470283498643 0.309071710095668 0.145567494445774 0.438138826088732 0.0945749410199617
0.114757920978512 0.211173643083903 0.2218704250258 0.21624784239056 0.235950168521225
0.0772511876956338 0.30576458417974 0.313222170550862 0.129132243036729 0.174629814537034
0.195954586589727 0.298020514676558 0.133931798799685 0.146762258198986 0.225330841735044
0.210077672761046 0.0887156805979919 0.0452464605950646 0.337584177565382 0.318376008480515
0.45767994819817 0.153675318345474 0.0021320551181114 0.280161657471338 0.106351020866907
0.175923695903455 0.468432898341951 0.294678166365361 0.0416076096520604 0.0193576297371718
0.224064183997877 0.193549868595074 0.252975625799388 0.114840362148091 0.214569959459571
0.00223189880491587 0.122353737654776 0.53626114642705 0.137289186595127 0.201864030518131
0.289591967335297 0.101550389320863 0.354865738491945 0.0274214687340924 0.226570436117803
0.0694727444869071 0.135332514962058 0.145167181123559 0.61130510008129 0.0387224593461859
0.087532803961773 0.00337989768611513 0.402149229839805 0.279026510760509 0.227911557751798
0.299764317622916 0.00768666629913509 0.216519299040261 0.186890458257385 0.289139258780303
0.12507730638599 0.240964344234292 0.0957482419153504 0.338530007881914 0.199680099582454
0.0737610483953763 0.130154524974685 0.348763631394935 0.149862159487945 0.297458635747058
0.297252062902193 0.0299795353219473 0.110006880846764 0.305115504693673 0.257646016235422
0.17057307087344 0.35012246541269 0.193016052084618 0.138284375801468 0.148004035827784
0.0558679116855306 0.332099861801693 0.237211891902409 0.106571119304858 0.268249215305509
0.127214294981119 0.239899557164579 0.248632022182596 0.2391527610869 0.145101364584805
0.0283984545494451 0.293047880803059 0.122320057737519 0.26208680540689 0.294146801503087
0.126060264065124 0.232744430006007 0.226649323831679 0.0947895900201575 0.319756392077033
0.135991321359482 0.3298899011875 0.0755890289570629 0.00922423160780814 0.449305516888147
0.294414600398516 0.259338463485241 0.26348178250147 0.0180814896732361 0.164683663941537
0.0163367193412366 0.248701005703854 0.540280804141111 0.0851033287072292 0.109578142106569
0.107650208123782 0.00861521865140369 0.0585495458651614 0.381620603389905 0.443564423969748
0.214542000927571 0.16846025174842 0.171863897933392 0.115081697888476 0.330052151502141
0.324205868000757 0.0928537953396176 0.262740090173416 0.185563340367632 0.134636906118577
0.0420196438205875 0.244871872314692 0.0686662698680023 0.140987833912637 0.50345438008408
0.147032129633657 0.224555585692645 0.26249915798038 0.0991604363487911 0.266752690344527
0.204691869737199 0.164625334467214 0.102827030772494 0.326557997896067 0.201297767127026
0.210235772186747 0.0923490144415135 0.221621779032808 0.165104969240651 0.31068846509828
0.278480478332344 0.453209354190012 0.0951102619655703 0.0883176334126793 0.0848822720993943
0.260541195012107 0.16409193130268 0.257706389521936 0.115000010394175 0.202660473769103
0.240449050694625 0.314050712280824 0.0151603339031572 0.139745350964028 0.290594552157367
0.138902350853004 0.254410507741847 0.127853876107177 0.210381910235303 0.268451355062668
0.223655017607576 0.231428969653349 0.238736971697251 0.0833139277771816 0.222865113264642
0.432711222312602 0.083715162937669 0.127901617029289 0.046883365969834 0.308788631750606
0.0366476238802586 0.0905139790645138 0.225034344960815 0.255411079016594 0.392392973077818
0.195773304033323 0.241809738509759 0.0872523199259627 0.236402841455925 0.23876179607503
0.0208417600307397 0.407740874985623 0.0686279206351676 0.127804150394106 0.374985293954363
0.308560102728115 0.2409809991709 0.0852312811152175 0.298106619552828 0.0671209974329393
0.175206714272768 0.220627220918781 0.085173431901567 0.262430788854921 0.256561844051963
0.350594410067826 0.0622212018021521 0.2187394072154 0.32159487727536 0.046850103639262
0.243159390621199 0.212353397903168 0.137543737484129 0.148411787721381 0.258531686270122
0.332095701179171 0.291849401196697 0.00104222333430534 0.0790880896570774 0.29592458463275
0.269860226557705 0.0964981827036018 0.269305131549065 0.228937419102734 0.135399040086894
0.379635828353248 0.0571095530478782 0.190923704530102 0.214351739173934 0.157979174894837
0.29383602853644 0.158313769386619 0.03296877596143 0.196483838013914 0.318397588101596
0.151614059161021 0.294858740667641 0.229743357714415 0.250596695109466 0.0731871473474569
0.411760952688576 0.271939367169756 0.041155608247061 0.18836401988821 0.0867800520063967
0.398498456630134 0.154471168069397 0.0273418994609382 0.374852965619235 0.0448355102202953
0.401872894121316 0.0158761715735275 0.288033609826254 0.274553325150556 0.019663999328346
0.517049516161221 0.113821813260232 0.0138991413894011 0.0247817961336224 0.330447733055524
0.302286635726946 0.0450700533709261 0.0686598634138545 0.281705152109528 0.302278295378746
0.481679009049133 0.214203482728296 0.000425089468279886 0.216185656508421 0.0875067622458707
0.112256147092158 0.181093206849536 0.16838504409709 0.11745002931133 0.420815572649886
0.297054493920074 0.242447664436031 0.122232262747471 0.225778571169345 0.112487007727078
0.197155964547747 0.010845031390766 0.24014395533592 0.34934425414065 0.202510794584917
0.258535348765345 0.310113146573156 0.0766949725069232 0.186854305382865 0.167802226771711
0.16946383799097 0.11733476934946 0.155353688957127 0.291019352378011 0.266828351324432
0.343896809280521 0.235537581696848 0.0253198545266768 0.334225016394255 0.0610207381016991
0.0352198593757054 0.388960987310155 0.0631001396589028 0.28805979723751 0.224659216417726
0.179898572512753 0.357260214109248 0.232767639892178 0.20856365346364 0.0215099200221808
0.291228366783084 0.174366486845542 0.276508033334879 0.192520068303679 0.0653770447328172
0.184421626713034 0.361958789484241 0.0750092027125189 0.280302029831803 0.098308351258404
0.0792748927216573 0.251476808478969 0.477979457365407 0.00692478037123826 0.184344061062728
0.313063813392058 0.029075116966079 0.178742590754381 0.261661506882442 0.217456972005041
0.00464841551202623 0.285660515824544 0.212259029873802 0.287083686589517 0.210348352200111
0.226821601728634 0.187547636520808 0.139132243904637 0.372229562273479 0.0742689555724409
0.0225458258570347 0.328694299900661 0.277670502739414 0.143544481155286 0.227544890347604
0.40473392621075 0.155638350233013 0.0149620479106951 0.382653072883733 0.0420126027618083
0.200005364438396 0.197141600888328 0.306477208845535 0.168750243801119 0.127625582026622
0.0324538935615117 0.614646942088139 0.0160768878032409 0.197825144389406 0.138997132157702
0.24936982938843 0.0424657068822296 0.323160379533996 0.115862012835713 0.269142071359631
0.0981852555153778 0.293250145140131 0.292021072294158 0.116258561013773 0.200284966036561
0.0968760134679582 0.175624237626838 0.0262551970879734 0.447389048816576 0.253855503000654
0.0685144136069895 0.188042036709199 0.176774346614362 0.230372531743462 0.336296671325988
0.289297307653102 0.0035134255452995 0.155619615731654 0.344650975061895 0.20691867600805
0.0593712163413591 0.228406911370109 0.0376987425095238 0.347112312355023 0.327410817423986
0.34929346679385 0.324056236516663 0.267001891176607 0.0261358867991215 0.0335125187137591
0.14645025653042 0.157345724839814 0.342760140017416 0.132675256262053 0.220768622350296
0.471921743214991 2.71919661419037e-05 0.093452932929928 0.124229037401699 0.31036909448724
0.0438170461838763 0.279394895226567 0.269153658569605 0.305670132982619 0.101964267037334
0.0223667238231186 0.188982069168004 0.287732075437982 0.302706020386997 0.198213111183898
0.126126023426933 0.336110296952292 0.082561870435461 0.344344565965416 0.110857243219898
0.211981356071436 0.242273593351208 0.245417072247103 0.259861484576051 0.0404664937542018
0.315597929326814 0.339809446466734 0.0358402794247744 0.303658864341005 0.00509348044067195
0.182491652571377 0.114559049060606 0.562202074636654 0.00259061979096483 0.138156603940399
0.152682576177857 0.268826384691126 0.198949558412423 0.251766145117543 0.127775335601051
0.295558492021997 0.144075445575862 0.279599458607322 0.212666999241825 0.0680996045529937
0.224630128248999 0.268891428439996 0.0563572345618556 0.306860571849479 0.143260636899669
0.230578773897237 0.192445023749224 0.198614704369179 0.211226464419828 0.167135033564532
0.21066152413534 0.0242622718134061 0.302207791678415 0.219767883926818 0.24310052844602
0.304585966290165 0.26711535499032 0.0164288756662594 0.217016501148674 0.194853301904582
0.0163458764461591 0.148161316327865 0.315489678829859 0.311193057893725 0.208810070502391
0.328563026649695 0.0653291428468791 0.165084187733287 0.327699578714231 0.113324064055908
0.0186647022714726 0.405218856404486 0.323593712509217 0.169980906082142 0.0825418227326833
0.460822939952053 0.134771175526916 0.269446175113282 0.0848706653697327 0.050089044038017
0.260728843074765 0.187138748660792 0.412584726404979 0.0600861595897089 0.0794615222697549
