0.227227253189445 0.162908521083769 0.215501031856567 0.165544569533202 0.228818624337016
0.117149730223998 0.0702824029568044 0.170020853255191 0.304659568603848 0.337887444960159
0.0745870955334567 0.122780746511412 0.128136719449399 0.268372260328425 0.406123178177307
0.244966874502028 0.153006692340612 0.256135180720079 0.118019136638771 0.22787211579851
0.215941539490249 0.104889900292608 0.194398811401803 0.231541869901056 0.253227878914284
0.185833316895892 0.30542985550264 0.322634758439829 0.013937385531644 0.172164683629996
0.243511874865121 0.412090369167852 0.00790029573038743 0.282116678168905 0.054380782067735
0.0883520723547228 0.273466434913565 0.249826128955825 0.0822436727331626 0.306111691042725
0.189067794899116 0.254456435337396 0.196050881856072 0.126596352928016 0.233828534979401
0.00409077862529479 0.235200123205759 0.258643845747799 0.336121953569193 0.165943298851954
0.165091786272871 0.239061830739979 0.177431018158993 0.110062150279266 0.308353214548891
0.355438124562475 0.342757736244097 0.0464113126806834 0.209558716894544 0.0458341096182012
0.308439364552795 0.0393415098790896 0.290971708608123 0.129100274057548 0.232147142902444
0.161031358648602 0.23620574078815 0.231938277276953 0.200426074431147 0.170398548855148
0.0693443546448515 0.232068452888703 0.257454011701282 0.217577982312566 0.223555198452597
0.0685573736506645 0.0636996130963735 0.486146595098109 0.00420514979531915 0.377391268359533
0.339476255003939 0.235594503858334 0.0583577978638616 0.230470704344945 0.13610073892892
0.212508011105959 0.0442795247525098 0.207496726968971 0.29360952436226 0.2421062128103
0.105401518807331 0.292075853645184 0.209573598952181 0.211718981625268 0.181230046970034
0.167395308170098 0.221325707150269 0.234645553483441 0.315349158766545 0.0612842724296467
0.184996612212459 0.133125975219402 0.243921615026199 0.141602034329767 0.296353763212173
0.362031555670695 0.187882669598583 0.0665711832350994 0.339569341016585 0.043945250479038
0.245794477247501 0.2930960943837 0.0191065630161502 0.0651983633517096 0.37680450200094
0.366260495381276 0.211844228307348 0.152884846567026 0.265213764963041 0.00379666478130957
0.281590984962538 0.0477485328552495 0.122905174212056 0.261863572751564 0.285891735218593
0.0736775355452475 0.151652151159533 0.161645198524454 0.49688349808535 0.116141616685415
0.246234782707541 0.0287885093438524 0.226515717457017 0.280090797939082 0.218370192552507
0.0921159017212092 0.288212119157708 0.38210430335992 0.0545029664640015 0.183064709297161
0.245040167521148 0.092416169652056 0.0467922724411606 0.2672649797145 0.348486410671135
0.202941595726755 0.25494240680716 0.0863689498013085 0.272405832607045 0.183341215057731
0.149588271980065 0.317523647715673 0.304317459459013 0.105048559686159 0.12352206115909
0.0331181106992312 0.00585537846294329 0.166138663397977 0.312452850390679 0.482434997049169
0.157015397105295 0.153984467644029 0.0673879704962195 0.122639950328435 0.498972214426022
0.195874928279846 0.175330918321594 0.319499689399559 0.285903560618672 0.0233909033803292
0.282291860497508 0.236459395559068 0.0239524368362499 0.182408963504195 0.27488734360298
0.202803340989367 0.247314265141432 0.270704427162785 0.0395765068223816 0.239601459884034
0.0526711421978494 0.324428558772557 0.421588594661324 0.00943029396788288 0.191881410400387
0.17398158993863 0.427781771589174 0.0379314063017711 0.0236283924281114 0.336676839742313
0.226969731491377 0.259612618807877 0.0572459376529756 0.25303176669327 0.2031399453545
0.252512954958133 0.303115805812817 0.0611917711888308 0.122597730523854 0.260581737516365
0.0252532568957106 0.227341676527682 0.0318985529833067 0.29514986318864 0.42035665040466
0.248216140124525 0.261386945311363 0.163451085352295 0.078147543200464 0.248798286011354
0.0991008146379793 0.349933188248953 0.302705294995841 0.246057192494212 0.00220350962301564
0.277580708166302 0.11088163384967 0.155680959817315 0.198771363534881 0.257085334631832
0.00963101272137964 0.260723175795219 0.181231983350166 0.312339848703291 0.236073979429945
0.202355040059702 0.272499354018814 0.0298895292078685 0.165491585993171 0.329764490720445
0.242887214168775 0.0274237166730152 0.205389753052426 0.396836693324605 0.127462622781179
0.312590477879635 0.219931659629342 0.0545815619575384 0.238265458465733 0.174630842067751
0.135289535092273 0.0554098623582764 0.100452799563009 0.303860760921911 0.40498704206453
0.105101416390237 0.105599335731988 0.221280317956767 0.371638811110204 0.196380118810804
0.0103299740547568 0.0641637534426653 0.321981528394531 0.18772493864231 0.415799805465737
0.153112380261805 0.0796289410780456 0.0378864162002419 0.399164875794144 0.330207386665764
0.193280278391004 0.304822647677204 0.0580637085529726 0.234208061152101 0.209625304226719
0.0520353522473405 0.043792609011516 0.193496397945906 0.340560797011487 0.37011484378375
0.306073930141067 0.200451984569265 0.011372087063329 0.0829507105672534 0.399151287659086
0.2891353599524 0.0713628231455209 0.21318706972003 0.148846278910282 0.277468468271767
0.0842492167611446 0.306582127049082 0.378525528504757 0.110750496082314 0.119892631602702
0.156633159906821 0.119434770049473 0.286131594819261 0.282832543391719 0.154967931832725
0.146215020924264 0.210092697960885 0.225056097620729 0.223836504908563 0.194799678585559
0.362452426684973 0.188723225005685 0.306955190254621 0.132281017905694 0.00958814014902713
0.313854058679649 0.303583213784593 0.0788042397307891 0.188554815058666 0.115203672746302
0.0694231077372575 0.314487912535941 0.318364381982097 0.19654520140097 0.101179396343734
0.0986269707013148 0.2213043000931 0.0669676604990183 0.322218505547254 0.290882563159313
0.284833097987753 0.167971665324353 0.000601850467182031 0.170366057994262 0.376227328226449
0.467218325765938 0.109712201181759 0.156665226701371 0.257485565402435 0.00891868094849647
0.13388752421213 0.28377105495633 0.0732429989765934 0.264454684640763 0.244643737214184
0.420638460149254 0.368291691963079 0.161316500719839 0.017436644194567 0.0323167029732607
0.156501735763648 0.172240804621837 0.208255741246716 0.106784158235086 0.356217560132713
0.422380107818545 0.0565147094598481 0.0500303967571145 0.273527912946832 0.19754687301766
0.420706177947822 0.00255797629346237 0.0711269584518385 0.434733928691082 0.0708749586157959
0.438089119674711 0.0627893972689893 0.0829077286505919 0.370559335041117 0.0456544193645912
0.138263291307522 0.35630941083842 0.0740278624518872 0.191066317484011 0.240333117918161
0.286955955972154 0.0176039017360716 0.30936755127978 0.131115803337196 0.254956787674799
0.344733422901809 0.226970611946539 0.347213998743765 0.0576394782604359 0.0234424881474521
0.249071896967115 0.155098835491086 0.221238620109925 0.297242075611166 0.0773485718207084
0.240421861697819 0.0319568720045352 0.248936988467912 0.240519600689704 0.23816467714003
0.0958007155187739 0.274342349704111 0.289173616126795 0.24152432895753 0.0991589896927894
0.188372294594804 0.128799680740665 0.119684636701011 0.322838180504408 0.240305207459112
0.146104694699531 0.22862354323416 0.23862690271648 0.1489916395469 0.237653219802929
0.148228976639667 0.193717062403086 0.293897736760888 0.125914185471157 0.238242038725202
0.252002572035665 0.0621873442463899 0.207620554425662 0.343441601357385 0.134747927934899
0.218293266416402 0.254175679541468 0.0758599187380791 0.362672293026539 0.0889988422775118
0.123266642780825 0.171445962999232 0.211585957127676 0.286775702990994 0.206925734101272
0.302799016304364 0.22925353418656 0.113149214319572 0.118684375907421 0.236113859282084
0.138997180117297 0.337547573775588 0.0641641326595202 0.170742108901112 0.288549004546482
0.288988185682806 0.218568682967917 0.188783986344665 0.227275542246011 0.0763836027586016
0.0809599811856674 0.262903191686444 0.116422312333446 0.309337930159593 0.23037658463485
0.339746327958533 0.0975094859193745 0.396429815845349 0.12555128517064 0.0407630851061039
0.111716677499328 0.151421419240191 0.139420953625453 0.185157061074502 0.412283888560526
0.135528017257323 0.277771698401597 0.227953590511219 0.259822160493528 0.0989245333363331
0.261936629665998 0.16271217322272 0.289359337528618 0.183364501228728 0.102627358353937
0.176552568275451 0.266293515303876 0.036874270147107 0.245981279357669 0.274298366915897
0.347499763919953 0.125070356916861 0.20268054393571 0.270297558829486 0.0544517763979914
0.216082012797063 0.153268394994705 0.225606467287798 0.306187366717638 0.098855758202795
0.233706659202362 0.260467126394223 0.298255005186018 0.165623759862431 0.0419474493549662
0.169402855929109 0.288753256077073 0.258865311203709 0.00752199402197392 0.275456582768135
0.0709986298467103 0.281551651516487 0.165562507666044 0.223648418657817 0.258238792312942
0.125348103526821 0.298628947718331 0.113422668132578 0.174502998681014 0.288097281941256
0.131934759911186 0.0802570210494428 0.424564667654908 0.0890181579169013 0.274225393467562
0.311614673801076 0.234341370526523 0.218726130220997 0.0944082689700504 0.140909556481354
0.29726424034908 0.318319544370493 0.0102139304904566 0.0849791972783542 0.289223087511616
0.457813873064944 0.0782945015331557 0.0819037896737334 0.0962701360931633 0.285717699635003
0.109633652366634 0.0313175717308902 0.50267384408401 0.153316511909794 0.203058419908672
0.44244601209844 0.0732196315332204 0.0624867954033459 0.0521031266386097 0.369744434326384
0.0411146645333499 0.237002157013414 0.251599771395298 0.246588330349464 0.223695076708474
0.0788983137781241 0.37966401575739 0.118473862803107 0.113928712526402 0.309035095134977
0.28924069235159 0.217220161775497 0.027889601307382 0.4650307728008 0.000618771764731134
0.175868218689673 0.322289285734249 0.0220687800843597 0.418115804624199 0.0616579108675182
0.269295684779646 0.0961645028355013 0.262095287564176 0.182423407519942 0.190021117300734
0.0449213564546963 0.0349757963909779 0.372510401662506 0.416545620012491 0.131046825479329
0.154065097554013 0.328102136009994 0.131752091367708 0.288570066540499 0.0975106085277863
0.0454735178995074 0.320529794739911 0.298335139509171 0.101221266035964 0.234440281815447
0.304068859641453 0.00112960031826645 0.309401454932092 0.385070320741389 0.000329764366799377
0.271952093104492 0.209847790780756 0.380596167094698 0.126971938018747 0.0106320110013063
0.195400062628683 0.273829085928646 0.257178479241578 0.0796082162504205 0.193984155950673
0.535345087736204 0.0772081823479387 0.296079930065162 0.0779040339707469 0.0134627658799485
0.35403074089802 0.108568508719465 0.14032854237968 0.130149637598194 0.266922570404639
0.40460987514402 0.397515315370673 0.0483019910109731 0.0890164420269102 0.0605563764474243
0.00100354897083089 0.335593848336354 0.00710766600284543 0.218638311013359 0.437656625676611
0.19433472909671 0.159499886665287 0.269515775347986 0.228124710385903 0.148524898504114
0.278369532880819 0.123933345744797 0.24352587133608 0.223005277093823 0.131165972944481
0.36404630032074 0.380860556856246 0.0770952079020649 0.0277838009286903 0.150214133992259
0.123059659661421 0.287412485407522 0.314569259302303 0.0706991582878407 0.204259437340913
0.232181612598724 0.131926012146802 0.212016493697785 0.13825054783213 0.285625333724559
0.205138430449675 0.29698121149361 0.0834321144661357 0.246317640744746 0.168130602845833
0.386703540903854 0.0671875117123461 0.167255685887007 0.245287724453438 0.133565537043354
0.334280354222596 0.0804757105630611 0.102584859518598 0.16541211190253 0.317246963793215
0.0403660140122232 0.203049623259302 0.0378283458657295 0.362956532413505 0.355799484449241
0.0261720774367684 0.168307706745016 0.203678753367794 0.387902903371028 0.213938559079395
0.0774447387333408 0.0242114214566841 0.268059045378541 0.336398873263679 0.293885921167755
0.269713161762302 0.336127547160699 0.0511528017619223 0.27971515369884 0.0632913356162361
0.257562163835219 0.208098547584784 0.217156293651298 0.315966414274498 0.00121658065420071
0.213864622080082 0.0929107186513268 0.240516865742813 0.445095165900674 0.00761262762510387
0.082433703805173 0.236482574016071 0.284291594915308 0.125077497151614 0.271714630111834
0.378106302421667 0.0633205748607374 0.19631313478462 0.0654901000026072 0.296769887930368
0.151700479913566 0.186655617581705 0.201140779470223 0.123842324446023 0.336660798588482
0.242248151096756 0.0921958370157462 0.262824813963422 0.0247360912730482 0.377995106651028
0.344703832585117 0.00287248701098962 0.203549731593008 0.297777391095086 0.1510965577158
0.153043782658166 0.00936748541111203 0.532994350501256 0.0222116193106983 0.282382762118768
0.100352488574383 0.0824309882514691 0.121005620032542 0.14103554865949 0.555175354482116
0.371131150755942 0.198562895548704 0.0245278530091812 0.211433462877077 0.194344637809095
0.0532241557549513 0.275170341077942 0.0138603498763953 0.346259258850807 0.311485894439905
0.118032158121537 0.124434451449464 0.502641550335588 0.0339696887150748 0.220922151378335
0.11902723018104 0.244834773389096 0.282456175005552 0.193977359905778 0.159704461518534
0.113450918918382 0.0818247031965439 0.294996055384306 0.327967315156721 0.181761007344048
0.230764347853238 0.179720818445451 0.255473370681953 0.237698614010978 0.096342849008379
0.237043933849499 0.286022668883501 0.420817736622151 0.0262994815609646 0.0298161790838841
0.21867260357686 0.254433049706203 0.156325303993185 0.222365476717289 0.148203566006462
0.24954972931531 0.235790432274708 0.0582153580489668 0.214290345735468 0.242154134625547
0.303838823005834 0.105975485384544 0.197683993867798 0.223543899743158 0.168957797998667
0.30731628543986 0.371566992891557 0.135625547623944 0.120039898204424 0.0654512758402154
0.153612558118645 0.250500996630819 0.195130799398087 0.293146275071827 0.107609370780623
0.219242722991817 0.127673152241719 0.231806245368518 0.120995370626769 0.300282508771178
0.113110161503859 0.29533793570953 0.34095350776855 0.170716412094053 0.0798819829240075
0.353878907527267 0.24907786307642 0.0347618838834267 0.310219170598435 0.0520621749144509
0.29776808705224 0.191304619075929 0.224415459355454 0.227326998613138 0.0591848359032388
0.237820119133131 0.274425376770795 0.20167834272838 0.100218326861553 0.185857834506142
0.091917188551413 0.0935849063987928 0.278567820954688 0.26260628717355 0.273323796921557
0.293051562312213 0.190251706457961 0.216148775447446 0.138500730910113 0.162047224872266
0.283145617226515 0.142563685580907 0.274830826306648 0.0195350548158775 0.279924816070053
0.249922222436154 0.0577034534169668 0.290815448966743 0.069692733598409 0.331866141581727
0.129790368738587 0.233455008543626 0.387920245371853 0.160392557024408 0.0884418203215261
0.227495761673327 0.188946193828399 0.277528380997403 0.270666797220068 0.0353628662808027
0.201364657606636 0.305358595522754 0.00769788729990861 0.087732269921068 0.397846589649633
0.317475445546666 0.0382818489112769 0.0781721379387286 0.345549795093061 0.220520772510267
0.171005905789397 0.194226918413661 0.117172723983425 0.3328967140479 0.184697737765618
0.119373512622971 0.269739534069517 0.245674930570533 0.210650287984706 0.154561734752272
0.0665356824769101 0.0220467957544248 0.137711559133237 0.517689376017582 0.256016586617846
0.0271125797079535 0.299169857003962 0.0851778930424602 0.226849098390344 0.36169057185528
0.0449497341003037 0.225919987488417 0.157697890451333 0.290367949724798 0.281064438235148
0.282387556871714 0.0487803232631658 0.29730980725525 0.143641178770168 0.227881133839703
0.018381088853731 0.207314536757448 0.253701290611045 0.288066340123424 0.232536743654352
0.116591021195231 0.317563883062155 0.0218314493233966 0.231844062724195 0.312169583695022
0.21825033970416 0.338368722337113 0.225110177951722 0.149851121777776 0.0684196382292299
0.186491453732904 0.282600897342468 0.0683446791901487 0.172251828635089 0.29031114109939
0.255850554488115 0.157578602870047 0.183566507968668 0.156793214458381 0.246211120214789
0.315065884709698 0.11166660164536 0.38778042101541 0.101147576921619 0.0843395157079126
0.283538234559765 0.292939181507748 0.0321571499440345 0.280377189139807 0.110988244848646
0.064617860654909 0.448715782221742 0.171983138582286 0.137004757068829 0.177678461472233
0.137114069912293 0.167833890845911 0.187070190230562 0.261245382622528 0.246736466388706
0.10361630480372 0.228815420041681 0.185775050670837 0.209829884173069 0.271963340310694
0.34184173235192 0.0219787602958519 0.354333658833388 0.0267788088522152 0.255067039666625
0.222731619142096 0.398375406117226 0.163780206452691 0.053415770275111 0.161696998012876
0.0862460777792875 0.3873989858159 0.0251076144534163 0.145530491642845 0.355716830308551
0.43946223422342 0.248250484531901 0.0618161167087761 0.208127048655959 0.042344115879944
0.228610771960548 0.258511029156077 0.10441229672073 0.397187361419183 0.0112785407434619
0.300418135636695 0.0825300491584001 0.124477473017292 0.153085409244688 0.339488932942925
0.195632699418235 0.126382025158786 0.290430243373612 0.218318641475926 0.16923639057344
0.0407763787660497 0.114249411868367 0.351916778857318 0.130886065041924 0.362171365466342
0.0899605085516035 0.341508045901476 0.104238092575984 0.233142387514109 0.231150965456828
0.375529775764684 0.373346759877814 0.00454803216421507 0.156164294018164 0.0904111381751228
0.297828601303629 0.176766875883431 0.156538691492379 0.280526816865206 0.0883390144553553
0.252813047697498 0.029409009181555 0.311473664174404 0.317989438256443 0.0883148406901
0.0353456438992183 0.318063883558076 0.0223891708143403 0.311152004575392 0.313049297152973
0.254671246516376 0.264824768514196 0.0414434787243669 0.275933821535606 0.163126684709455
0.0913095213839581 0.0264739914997285 0.498674407186245 0.357464658793255 0.0260774211368132
0.0653073504241735 0.143876590168824 0.352880174774518 0.0625810960551065 0.375354788577378
0.179920718064873 0.281482072369845 0.0487504789974068 0.250052006988907 0.239794723578969
0.424422168130966 0.145848217145353 0.248239833368946 0.0043447947817574 0.177144986572978
0.0133906800672932 0.281580067226209 0.22673900328595 0.235617378890113 0.242672870530435
0.321943141566361 0.263122804792578 0.0599752030872017 0.132415967637107 0.222542882916752
0.0554926966435844 0.146617432306865 0.161525431887993 0.305824922190543 0.330539516971014
0.147699870421714 0.164758762017473 0.295850958547386 0.259694671840148 0.131995737173278
0.0705492746192414 0.0972056867558438 0.0405400779079946 0.413459340709969 0.378245620006952
0.179944202184852 0.286025319070445 0.0958249030352824 0.165997905419705 0.272207670289715
0.13311532731531 0.156185077767186 0.248415889211889 0.0350688963374703 0.427214809368145
0.174419204761599 0.104662382694545 0.208622325199087 0.147304996083868 0.3649910912609
0.101579927091986 0.313905619226907 0.151510695629548 0.114198258533404 0.318805499518156
0.137943085173499 0.189325378551559 0.250686921803905 0.259374998152603 0.162669616318433
0.0869856074641776 0.14864133235654 0.334100378705804 0.266116562728751 0.164156118744727
0.059275769835476 0.381786701888558 0.446466756905029 0.0949012341540595 0.0175695372168779
0.0623170519463632 0.284883265393994 0.207765983423814 0.105886962127303 0.339146737108526
0.158388810176935 0.355284234186571 0.12348136037846 0.250694590157766 0.112151005100267
0.20754679739009 0.152756069119707 0.204125646144633 0.27775842661501 0.15781306073056
0.0968264654505322 0.0412745884618561 0.12717154053297 0.408823655503455 0.325903750051187
0.0370139479207761 0.0452976325276219 0.548754735394521 0.0109302692905492 0.358003414866532
0.0270632767655024 0.00514752827078912 0.344467845466716 0.427738220504242 0.195583128992751
0.123038471809022 0.347093491266759 0.156341779532074 0.0162780374443488 0.357248219947797
0.0397637172076651 0.380497413418697 0.199169003685683 0.350551847889702 0.0300180177982531
0.211817295696701 0.254073645403315 0.0365399898421756 0.185665251300505 0.311903817757303
0.161193148889439 0.0930550546376212 0.0947261482351264 0.602550514006812 0.0484751342310006
0.182324588174834 0.262819953551583 0.163090138361024 0.238680251025383 0.153085068887176
0.193852260694902 0.234420403930276 0.0664189957032398 0.250740784882692 0.25456755478889
0.28032325724217 0.0885275994082415 0.229218184939446 0.161111280458915 0.240819677951227
0.10590089295729 0.238857586786664 0.320789820281163 0.193406107783506 0.141045592191377
0.00236519002762176 0.0677060350102078 0.201449810745923 0.421780718576732 0.306698245639515
0.108451443839687 0.153617823815928 0.221506438051194 0.232377644292849 0.284046650000343
0.263754692861965 0.0892237616066709 0.413038645372812 0.0291139403381685 0.204868959820384
0.00629431736812052 0.25826325927463 0.109820109592464 0.333025740759207 0.292596573005579
0.151252027777513 0.0964152459699585 0.263946023427604 0.0689469989630196 0.419439703861906
0.29272678545615 0.00225483934045321 0.129678098277997 0.294578311633372 0.280761965292029
0.195979281045172 0.0986992558548632 0.196133032723323 0.236168747258873 0.273019683117768
0.102817755570486 0.194562772963119 0.00667477225074434 0.227755737219227 0.468188961996423
0.0420805689058683 0.252897309179034 0.207663564099957 0.198201661692653 0.299156896122487
0.457989489781285 0.167619256361003 0.105271023891139 0.118459935975864 0.150660293990709
0.14663541794071 0.284387167289344 0.126291365274789 0.37099044166324 0.0716956078319158
0.0555850701243504 0.302757662611636 0.1607719214775 0.229859648201389 0.251025697585125
0.183339507215692 0.271498579444827 0.0672685485566001 0.452046482480206 0.025846882302675
0.171126857354245 0.0498919797693925 0.35580401989227 0.282460083784014 0.140717059200079
0.237259602283388 0.0548701132065105 0.292586258587879 0.19650519468326 0.218778831238962
0.180755824782815 0.274635035242142 0.250591110513278 0.0445488395666135 0.249469189895152
0.248047878485314 0.154231738531061 0.138014687748851 0.131001594507832 0.328704100726942
0.606641005791471 0.251585254956876 0.0765131562382355 0.0324926522879892 0.0327679307254283
0.313085751791672 0.0745503241577309 0.191680075595207 0.133630473147819 0.287053375307571
0.26436993835294 0.0332451664142653 0.264087726426572 0.190142993361435 0.248154175444788
0.207841443075654 0.199249642352887 0.239327250390726 0.112003637933398 0.241578026247336
0.263396487210917 0.106677493980376 0.251993351725605 0.161034041910191 0.216898625172911
0.165024187853468 0.122858918655126 0.175689580629929 0.306999140161421 0.229428172700057
0.20408602235165 0.271829408218759 0.157380677412592 0.232284723798839 0.134419168218159
0.29526380965349 0.0153088293504543 0.229310861749841 0.293793810196291 0.166322689049924
0.016367749207085 0.200082732075215 0.343615236911436 0.205102912296367 0.234831369509898
0.399159921338154 0.226925942171772 0.128713019462541 0.113518662548969 0.131682454478564
0.0857320984011343 0.102535336562489 0.318480968249395 0.0549601194935884 0.438291477293393
0.208106221961898 0.303771471768486 0.125088712083614 0.316447459976356 0.0465861342096459
0.0672581654846684 0.18923508150203 0.309578827696179 0.28345805963117 0.150469865685953
0.322824066730366 0.00214208901482216 0.335104505947702 0.0808664961489448 0.259062842158165
0.607562413017818 0.285919167763324 0.036053293816795 0.0532488064864641 0.0172163189155992
0.137937440275437 0.166026062800171 0.230718509890469 0.189447612793916 0.275870374240006
0.110303003864106 0.240538058468177 0.339771874948088 0.0527899941570056 0.256597068562623
0.173207320719111 0.255610957753836 0.0504495832121292 0.26498969267334 0.255742445641584
0.270991754087056 0.345337256510788 0.317472371246764 0.0241233031813372 0.042075314974055
0.0983232881469089 0.27149772309753 0.280678471186917 0.052957591068295 0.296542926500349
0.150816911483675 0.161462257663905 0.0473126408924058 0.218325376193782 0.422082813766232
0.0426534369566781 0.288613003213293 0.252001455325789 0.13563935084724 0.281092753657
0.316129715332281 0.127869381903967 0.243370931452084 0.218055077565166 0.0945748937465026
0.0326531908927254 0.0207141485493371 0.182248944636639 0.0629827417905683 0.70140097413073
0.00756838399274245 0.129313224536556 0.315056260135207 0.322529834826923 0.225532296508571
0.226321666661192 0.218158288596694 0.122051998639306 0.21418904704855 0.219278999054258
0.236169775126307 0.248500040223413 0.152266907960695 0.278534497132445 0.0845287795571404
0.14464075895743 0.260133244295043 0.145433543022248 0.141136265171039 0.30865618855424
0.16874263813578 0.115747996639664 0.30731727284195 0.102273540425999 0.305918551956607
0.238914737597544 0.267196550472461 0.0377726731107944 0.293958665291762 0.162157373527438
0.245203193201998 0.484015639585607 0.120133873989685 0.0482895950345612 0.102357698188148
0.105668757189391 0.198887556871799 0.334843337824288 0.24159452022505 0.119005827889472
0.033080322002548 0.144332327237126 0.379931046191651 0.18452616073282 0.258130143835854
0.287351840467761 0.215480985118544 0.0645962094569018 0.0844976697901173 0.348073295166677
0.232645381745572 0.288496036473511 0.0895950186454556 0.149354918540324 0.239908644595137
0.369460272090331 0.310391993487437 0.0657749512841543 0.055920083201258 0.198452699936821
0.0472682245748749 0.362480292937039 0.13535586005453 0.446004938717612 0.0088906837159444
0.257716379418378 0.199030250321107 0.235290441719057 0.282583136995851 0.0253797915456068
0.0888054283127744 0.224195982853855 0.272715638004351 0.304875935334414 0.109407015494605
0.101012123129247 0.598991472134592 0.0948945441870726 0.14303199219292 0.062069868356168
0.232495521317133 0.033375869156612 0.223506501513126 0.235966473689492 0.274655634323636
0.402765370128041 0.216799132198952 0.122446713930844 0.0970523628645627 0.1609364208776
0.257070063916409 0.179398627299751 0.218437289061943 0.261011506386297 0.0840825133355998
0.306708264137968 0.128277418559978 0.158583379833486 0.163079336712638 0.24335160075593
0.345292687983607 0.320235045043173 0.0913215767997401 0.150378082377934 0.0927726077955461
0.0963148262058074 0.382811693303504 0.123057888059781 0.0148119406013343 0.383003651829574
0.348999519237431 0.184531595156812 0.0979740919123106 0.270133711219065 0.0983610824743812
0.0465583901239299 0.272463130533454 0.286528109432129 0.357326414748146 0.0371239551623406
0.388792560514163 0.424663957381886 0.0757004596630797 0.0634516982815704 0.0473913241593013
0.216534755440415 0.207393872620567 0.176498438249036 0.226869638056451 0.172703295633532
0.141859640254202 0.343647383667547 0.0355371735757792 0.28135977909797 0.197596023404502
0.00325482487561408 0.217217951457753 0.253098454503169 0.288137740889395 0.238291028274069
0.110797223385928 0.283335215794076 0.124795115016445 0.197031562940454 0.284040882863096
0.233358158628049 0.24245070414016 0.257226119950368 0.0320261899321591 0.234938827349264
0.174100130813009 0.266207277568376 0.240942118851306 0.252817803021169 0.0659326697461393
0.0970692446230869 0.183081035008904 0.234746397963104 0.197473215042188 0.287630107362718
0.190768302463333 0.17539100751101 0.21817683822033 0.25988052581786 0.155783325987466
0.0778353698476791 0.237468787062325 0.191614688419318 0.168824906275622 0.324256248395056
0.182156052937995 0.10685588912011 0.123538384381045 0.326628078642937 0.260821594917913
0.233208306245042 0.127785149855203 0.24953123907658 0.234591590570321 0.154883714252853
0.283576106499292 0.128328785018363 0.286477442769417 0.169067573775056 0.132550091937871
0.251177487935546 0.216677925305254 0.304468113809529 0.101512601258211 0.12616387169146
0.308283365025341 0.309405894590984 0.0345929837671742 0.00983535998569841 0.337882396630803
0.247820356997431 0.208132575687528 0.284474917706627 0.171091476638038 0.0884806729703764
0.201871977901998 0.230385061584743 0.2594621320934 0.150579745694196 0.157701082725664
0.0878180124607168 0.0193924899842348 0.311349653951749 0.19478814401518 0.38665169958812
0.336624693191581 0.0817415856081976 0.0374740844072155 0.334364207776152 0.209795429016853
0.1349033119331 0.159955440686609 0.337105950570613 0.336331479355226 0.0317038174544515
0.29034787247488 0.221154510806016 0.0589166221526864 0.125855159470853 0.303725835095564
0.284207188183229 0.269354941888301 0.157159311426696 0.0945575169395265 0.194721041562247
0.199034401651925 0.201271846237274 0.113930944999491 0.385820082459147 0.0999427246521628
0.00276830244924148 0.180739650954336 0.265799282604122 0.309010335366004 0.241682428626296
0.0764691409208465 0.23012372635354 0.106033978422642 0.297189057665341 0.29018409663763
0.275832819883424 0.156711140821868 0.247408307299657 0.147471230136002 0.17257650185905
0.121376412524047 0.207120035249285 0.145091902990264 0.294644271420315 0.231767377816088
0.0273355264474446 0.0641179891008203 0.598767047067269 0.23291368922231 0.0768657481621553
0.500334413309166 0.410430696908797 0.00585638062746394 0.0439156339660806 0.039462875188493
0.251666215580491 0.0239763476600702 0.341570170756872 0.30071461209217 0.0820726539103968
0.264581984791535 0.209259384524012 0.150553472752696 0.272707559099553 0.102897598832203
0.0924179836563171 0.197174707647501 0.473439054788271 0.105468977928484 0.131499275979427
0.357606393270055 0.0291438182807202 0.276965666299452 0.104174515341827 0.232109606807946
0.122791292266427 0.267972916865142 0.300253736912857 0.307051380224436 0.001930673731139
0.298883049274052 0.140760559398958 0.209863298125688 0.0869205836024242 0.263572509598878
0.161539922069309 0.110201461717943 0.18172113932934 0.247043491116517 0.299493985766891
0.207517593160017 0.0224984598372108 0.326814219972228 0.346788328509168 0.0963813985213755
0.0329120581049123 0.276941615040352 0.0817551986735793 0.404196672130663 0.204194456050493
0.229634175401368 0.267435596506365 0.00564108999338971 0.201113633933841 0.296175504165037
0.234736353612739 0.020382327217402 0.294033325495181 0.198464752656346 0.252383241018332
0.102423550398452 0.442878628956901 0.110374603550491 0.25193939255617 0.0923838245379862
0.227269893350673 0.265032505079387 0.117536816773863 0.352360099131296 0.0378006856647814
0.0560913330201307 0.0631225613330331 0.290883505459879 0.292599637148676 0.297302963038282
0.310235168518299 0.142949370530993 0.0425344071278758 0.273896736085999 0.230384317736833
0.155219371009856 0.234902530031992 0.244137886187765 0.271805260448804 0.0939349523215834
0.0112054744737662 0.200864194445034 0.0988528553979865 0.0656895835272114 0.623387892156002
0.186460144854219 0.117655707237117 0.259638848484751 0.25367694097593 0.182568358447983
0.220325101521301 0.125028392605203 0.247789650101452 0.190246383189073 0.216610472582971
0.330429300476875 0.238652238293608 0.0242811700682519 0.16055247860269 0.246084812558575
0.295347638637096 0.280782404693486 0.0816659080239904 0.170040993436773 0.172163055208654
0.391940852474691 0.0106294537056226 0.118514882324086 0.380096000492483 0.0988188110031179
0.148376796401955 0.161008922136061 0.473439083977958 0.0360576471831375 0.181117550300888
0.175342701824601 0.129499455591573 0.308715219508977 0.131280997169763 0.255161625905086
0.210399777568586 0.186648458690662 0.146501738326386 0.221356766701394 0.235093258712972
0.0511393744368571 0.267193826182108 0.0462651859480296 0.327758236069334 0.307643377363671
0.011060599169228 0.177504816331066 0.126600907092415 0.402270332328188 0.282563345079103
0.320144816537907 0.00788204480462221 0.197803418047041 0.338959322225988 0.135210398384442
0.316940395963104 0.0071146024064745 0.173089324343108 0.395774842149234 0.10708083513808
0.193798046227886 0.183240637475186 0.130819435274775 0.371568312157204 0.12057356886495
0.271469236145496 0.170314652982205 0.208021574633577 0.0856853260827974 0.264509210155925
0.213446055745438 0.210405135250014 0.21222490285954 0.146243026852123 0.217680879292885
0.164985344790865 0.182253361762845 0.27143259050652 0.143046815356953 0.238281887582818
0.107431625248216 0.295549522933566 0.165505840408215 0.321788205635444 0.109724805774558
0.277578944107059 0.495553221351398 0.0566953814463399 0.0242683728660527 0.14590408022915
0.18354017510562 0.181558932603322 0.0924622797753091 0.311216840119883 0.231221772395866
0.242574717546704 0.20436470003604 0.0314747684951585 0.270851533856537 0.250734280065561
0.128747647550352 0.260748874693385 0.171381203121478 0.336809192741506 0.102313081893278
0.281724785364172 0.140070627971015 0.0586309556619456 0.269872369783923 0.249701261218944
0.275402703038078 0.226152039426538 0.196345924816061 0.0921753882517872 0.209923944467536
0.395385228963676 0.407611028247264 0.14115501380248 0.0163340232608974 0.0395147057256821
0.46301408596192 0.26205352699437 0.0650022095484074 0.176260380614876 0.0336697968804267
0.226634922929862 0.225754514092414 0.117755020326465 0.244919621510451 0.184935921140808
0.214965653646348 0.217973484274904 0.223729429226544 0.323262437939399 0.0200689949128054
0.167314901660702 0.265110105800364 0.1436905314371 0.269130537845428 0.154753923256406
0.111811662060141 0.258279117605993 0.0295600829471229 0.166849032641671 0.433500104745072
0.528447636704157 0.128347461060703 0.0231612047286619 0.254749916372743 0.0652937811337354
0.126250858047528 0.471600713682717 0.307044432046237 0.0435174868576881 0.0515865093658307
0.21893440653601 0.463902448997488 0.0518633694720718 0.123351282177951 0.14194849281648
0.0615253662389197 0.219069697341541 0.242690008458765 0.30235296531664 0.174361962644133
0.10744518877827 0.0415710250525593 0.309619770078955 0.256293465543255 0.28507055054696
0.151665210020535 0.223240077578999 0.22333911292332 0.27728665151175 0.124468947965397
0.0328917978038435 0.358879134022081 0.148837650260387 0.0714884002313771 0.387903017682311
0.343977240929592 0.0879408075537653 0.194454896884448 0.368571381495342 0.00505567313685314
0.10375291012349 0.247423604056625 0.140367787406431 0.260848181141246 0.247607517272207
0.410199699133987 0.175282770922221 0.148817378654068 0.00478417244173952 0.260915978847984
0.212498313141944 0.327830732449201 0.427031718009106 0.0165495201189711 0.0160897162807776
0.104024115699129 0.154843234823989 0.342166258469287 0.0563228177711314 0.342643573236463
0.330751892800549 0.216814239322274 0.199076407891481 0.200725293601646 0.0526321663840505
0.103620992105036 0.354907743357628 0.0326680663507879 0.335092018439497 0.173711179747051
0.216400949709235 0.219274712608961 0.1642510384816 0.152712512672666 0.247360786527538
0.367601333940882 0.162207737110973 0.0609135156424359 0.371471655336237 0.0378057579694719
0.192414800823582 0.176227062768907 0.32346106753524 0.149703439453091 0.15819362941918
0.296737336713042 0.0176699320365728 0.0768455475175107 0.188984341878523 0.419762841854352
0.272526983457155 0.419410232542302 0.119345607035409 0.0147841798408761 0.173932997124259
0.177924025958309 0.0856305163880483 0.125790245187178 0.371476921909601 0.239178290556864
0.119102805819325 0.268209734049759 0.065486056970855 0.296278273225899 0.250923129934162
0.240972437141677 0.15636114300336 0.224395600343875 0.132925980812598 0.245344838698489
0.327281381729768 0.259696810764985 0.0460857162721765 0.240537136158508 0.126398955074563
0.257758672256755 0.127517831739847 0.101882872406384 0.139891305586893 0.37294931801012
0.0914797781844327 0.346745797629967 0.144743374323738 0.381797464979504 0.0352335848823593
0.241686089654593 0.079438712714827 0.274042431148926 0.283592723806826 0.121240042674828
4.51544469941173e-05 0.275473343400539 0.0644501758493069 0.234179326257996 0.425852000045163
0.203126350705269 0.0326544208943831 0.114248531893545 0.357323726277588 0.292646970229215
0.00478378091520352 0.14169739047711 0.216725616536098 0.332027566610195 0.304765645461393
0.316230664718024 0.0215156247011184 0.039567163188795 0.314998593676173 0.30768795371589
0.136850723443368 0.272699223641016 0.296428365091855 0.0497698107919552 0.244251877031805
0.301737795453665 0.0598524186758236 0.0524175572801894 0.369791962864868 0.216200265725454
0.0954495353655081 0.0115546239232703 0.550744601168861 0.0909865457860413 0.25126469375632
0.21769164238541 0.22491353998927 0.274153384597141 0.033630582058045 0.249610850970134
0.11981863182253 0.0383126521556899 0.171297077997816 0.581383911616618 0.0891877264073465
0.040274483064716 0.396975505798262 0.258654372503917 0.222905741008722 0.081189897624383
0.270273981412463 0.218882702709534 0.18100047098983 0.198306350345805 0.131536494542368
0.0610987839003301 0.299104283391156 0.286960111546045 0.0225108086021495 0.330326012560319
0.164724487056426 0.319158963717446 0.145897861185553 0.272189252893927 0.0980294351466464
0.171518492275294 0.248084839782717 0.116784123887277 0.279147541022544 0.184465003032168
0.0613965269021668 0.440063536686042 0.0645679235277809 0.354503931272273 0.0794680816117375
0.0704555154040043 0.306407732405323 0.106422043222995 0.173315512202117 0.343399196765561
0.285363327857223 0.0714127587078414 0.346315029228142 0.128921960949535 0.167986923257258
0.234251010995763 0.264892907398508 0.256805510887139 0.0805413081804967 0.163509262538093
0.0424260465778635 0.234660200837836 0.242172963407538 0.223335102815595 0.257405686361167
0.122728801577658 0.272629553078367 0.188040283085569 0.256705483241483 0.159895879016923
0.0698039861031152 0.141740739785917 0.210648468399208 0.311320872002276 0.266485933709484
0.0349199855570424 0.454473471883565 0.357798725485381 0.0475631906702223 0.105244626403789
0.144550530589495 0.299931196130547 0.228407137155976 0.0997579671630948 0.227353168960887
0.224839022961995 0.100473559519489 0.143490220378431 0.221723224886126 0.309473972253959
0.335814005227979 0.0265159652744013 0.35228057042245 0.171713879740989 0.113675579334181
0.230261006128543 0.112598206108231 0.103472068240058 0.0151468239604917 0.538521895562677
0.120856252135443 0.193129938232518 0.223855648463308 0.208356604383675 0.253801556785056
0.203250052980947 0.373808380624176 0.0229944783542235 0.200366063072336 0.199581024968317
0.0825633506135432 0.338496579556213 0.0462247973077144 0.252644719848055 0.280070552674474
0.229519674483473 0.141551531090711 0.272750016793449 0.22619030274445 0.129988474887916
0.0708681206408625 0.0808176496912238 0.20472814054452 0.410612830147353 0.232973258976041
0.169248091127951 0.228943837308882 0.245865882202632 0.219276058292088 0.136666131068447
0.21298258369925 0.0660270623788717 0.343730351957778 0.342910702636785 0.0343492993273158
0.209562705759989 0.212408134353569 0.237009657258508 0.226356609689308 0.114662892938626
0.115315712198773 0.41926770939608 0.216803184204567 0.0322104223320113 0.216402971868569
0.404917140637105 0.123066943507461 0.0938607587275969 0.226163248121606 0.151991909006232
0.260024380621952 0.276768630575916 0.0275374061878056 0.219466268356637 0.216203314257689
0.126974650348627 0.280387646382092 0.385132187311849 0.178734077353455 0.0287714386039772
0.0500609605151185 0.275520925760384 0.0317147922406192 0.306826108534607 0.335877212949271
0.156207054008558 0.261075386704575 0.356215769377095 0.083977614349307 0.142524175560465
0.0574201524465434 0.425841872037347 0.232452566712575 0.27981822124985 0.00446718755368455
0.272715751112707 0.0271904180600153 0.253025503526489 0.358040266135208 0.0890280611655808
0.223300835666979 0.125263696867822 0.237960950161618 0.15923026793634 0.254244249367242
0.180824023718274 0.198040193412271 0.303764614391861 0.0480901171794567 0.269281051298137
0.340624887662805 0.110520168844952 0.15782433889952 0.201988288112897 0.189042316479826
0.360443018274398 0.128492884692497 0.134307528226586 0.292498564072599 0.0842580047339193
0.641592199066915 0.00328002327804769 0.0824424451210451 0.258171037939682 0.0145142945943099
0.345394642656038 0.127658844125447 0.109473064216921 0.346788744242665 0.0706847047589296
0.209927620458312 0.172998523415784 0.335245795922115 0.0712671458818812 0.210560914321907
0.439327353150923 0.0266829662599302 0.00793236164186 0.426011814859591 0.100045504087695
