0.196999248667524 0.0121063774687088 0.180492189208282 0.160324973857195 0.060010916368996 0.0712518745610423 0.158858807774094 0.0784708577921227 0.0814847543020353
0.0828516822365693 0.0627680541691547 0.117763800940268 0.065371689431129 0.187187495063425 0.0989040719996521 0.172859899269921 0.0465122126078517 0.165781094282029
0.122867595376795 0.0493313600352365 0.213640688893716 0.0492362135213789 0.172682988540818 0.1577410252032 0.159015342072885 0.0126995422228703 0.0627852441331008
0.159249440682871 0.164967435214038 0.0139114428977578 0.0336718931989199 0.139062513512654 0.160393306447229 0.10308297903554 0.0885681503700231 0.137092838640968
0.00132905207419674 0.133715877981077 0.187897384957985 0.15356040572707 0.0833088334620122 0.200873105301505 0.219051385347168 0.0179634727091364 0.00230048243984911
0.0316471052612869 0.342388244382431 0.0431071045496649 0.0964979295354153 0.10782877856584 0.239293795142714 0.0590685031051152 0.0699969664290909 0.0101715730284421
0.207619863768823 0.0490254688136482 0.0348677052370765 0.0348959826762822 0.017312753571634 0.0309494082854616 0.174904582246022 0.229236805471632 0.22118742992942
0.216651371359455 0.0944764505954443 0.242224197762387 0.0103709965991106 0.175976698725901 0.107140265320807 0.0610217611614805 0.0431422586934485 0.0489959997819663
0.12116333160329 0.177523218804608 0.0988820881492735 0.0149368512906873 0.118522253759408 0.142539533355722 0.180872554288617 0.074285722474372 0.0712744462740224
0.0749330272324667 0.172137914988627 0.0153048186781794 0.152387729255369 0.135873081147002 0.0945393302495728 0.0907899997406538 0.131782742508348 0.132251356199781
0.14318072261952 0.0972778687495528 0.0590670589125266 0.171292436573435 0.182614743633521 0.0573250605919211 0.0775234506208908 0.0951426429481089 0.116576015350524
0.049543100365343 0.109086806407139 0.146814993653182 0.0239955583934193 0.249788491608 0.100301030121054 0.241889662704147 0.0257856372224777 0.0527947195252384
0.062367017457058 0.170183515953266 0.26544959719055 0.0043747322412116 0.191307102644579 0.0162179434674982 0.0909958177898238 0.0706022905239065 0.128501982732107
0.161189663513887 0.168645557397173 0.0708300245866859 0.149370599386307 0.12920151241476 0.165663306293747 0.053465638949206 0.0961170905341798 0.00551660692405422
0.194019187782964 0.135360725293639 0.132544844204162 0.103658801170549 0.0860214549685921 0.161535473815667 0.0530770018116363 0.0351847144245578 0.0985977965282324
0.177824044984397 0.0343749176380143 0.231630052053978 0.173493072909063 0.143285287738477 0.0288951662750479 0.0945773534179953 0.0865174020706655 0.0294027029123608
0.120099503635277 0.0935199761167541 0.12382006849548 0.0164415443599062 0.150929095105611 0.147397426614599 0.15460253518254 0.0839495130406724 0.109240337449159
0.0549672928290946 0.153494139555827 0.0579621411064113 0.16884257475181 0.132945973270372 0.136885486781447 0.134464449884694 0.106250504917513 0.0541874369028316
0.171788755783744 0.0542529787516542 0.0170332174228719 0.218174395784687 0.0624661470160263 0.0040630863480449 0.183896148438542 0.0777383899671042 0.210586880487326
0.0878085061030208 0.213535428096577 0.0632647811511736 0.117198755689564 0.0462409749580187 0.123189451139451 0.142473681387992 0.144855656095989 0.0614327653782135
0.217087115396021 0.00330402057565779 0.0909338625870673 0.0408639780830809 0.162789915276154 0.0103326034029134 0.217381099804569 0.242468063446901 0.0148393414276358
0.0393275126672912 0.0426120942053185 0.0161766021199307 0.117753966501187 0.0755806024166197 0.222515320497173 0.134930625102203 0.131842771721512 0.219260504768764
0.0722295981024116 0.086562630791324 0.0190789249650208 0.161727871534222 0.0881916171403468 0.109977472818399 0.172951419595027 0.165167442016987 0.12411302303626
0.189046357570333 0.114198587327884 0.207719589660386 0.0479097088648082 0.153943130114811 0.090690644242791 0.0352503515055836 0.0428174831391183 0.118424147574285
0.0638765475264046 0.1728171246283 0.164510105218186 0.119676724729153 0.115594570763494 0.0947698908493113 0.0151244819126717 0.159154639613044 0.094475914759435
0.292303328199661 0.0237035395775706 0.00585800871437758 0.025314790075019 0.0541340293180995 0.230516466405012 0.215988189399184 0.141038724639043 0.0111429236720321
0.115790152485759 0.00651517861787175 0.205671552573948 0.0874899428187764 0.0956314285316695 0.0309296104197174 0.140804002136083 0.163758865516649 0.153409266899526
0.00204965754876386 0.124067678295804 0.00667083352855746 0.117252668068222 0.0786273884157913 0.192894102757666 0.0344963718125262 0.169530444520937 0.274410855051732
0.130937338996142 0.0427300636378392 0.12287636726768 0.130363271225805 0.110197863690303 0.160189808885985 0.0229446090681514 0.135479027132636 0.144281650095459
0.0791254120557076 0.0226470997979132 0.228139696217659 0.170268720658978 0.124559676845208 0.0442629580363405 0.000582175470084185 0.130057393884826 0.200356867033284
0.106935612053862 0.0438642258815134 0.160427172183868 0.174834434852093 0.147517645155208 0.0415003436005483 0.148933402005727 0.0941974877072804 0.0817896765598993
0.0456961037050689 0.134542349046144 0.0813041743026324 0.187358434215671 0.0719266343906908 0.106166342304644 0.200271471907301 0.00357628956979472 0.169158200558053
0.098403643134406 0.0545075088468472 0.222298834701479 0.187618188663244 0.071884139925586 0.0224806464281106 0.215425736529033 0.0701609366412583 0.0572203651300356
0.148641510547996 0.15149395487749 0.156383160783291 0.0687184771515807 0.0970157079573646 0.0461526209890921 0.231777194744746 0.0901358310146514 0.00968154193378802
0.119130452040247 0.0901303089291444 0.101095903686817 0.108772521377419 0.184232862782686 0.0598968089591774 0.205081896215419 0.0837157324643488 0.0479435135447406
0.0284613082416683 0.0111008723109482 0.0350314506803987 0.0411390667501003 0.0322342219860161 0.1696466456103 0.334511416241446 0.318151261882356 0.0297237562967672
0.197767192190633 0.0951967904542863 0.202444149422794 0.0777352071350283 0.0819275126424654 0.0520679418714347 0.0651003029812381 0.142850647907811 0.0849102553943095
0.239171665848035 0.0935002035827073 0.0532748985875745 0.0410224509993106 0.165273243364072 0.0910773706973888 0.0895515920603108 0.106805951176053 0.120322623684548
0.0209555688591718 0.163943572468781 0.012560696044412 0.214085325975485 0.28284681502673 0.0398215182381275 0.00575585972774137 0.108291288474458 0.151739355185094
0.125250708849395 0.0676334865809569 0.26147442407394 0.225587571984672 0.117098570356855 0.0135750519579511 0.0860440424378872 0.0670408402203885 0.036295303537954
0.151350509163928 0.163503856513757 0.106128648106904 0.127920686365917 0.0699565902977895 0.20351610463553 0.0772294731265638 0.0145686714151501 0.0858254603744615
0.155354804401169 0.065322514685594 0.18454967179189 0.0368793825249011 0.0378015671441182 0.141075727147194 0.100246927124211 0.132757356537478 0.146012048643445
0.167178188847805 0.0878144413732379 0.157583081684529 0.161743043120801 0.115168658980282 0.0982903331704971 0.0859755351118659 0.118050745271155 0.00819597243982743
0.130482126731701 0.0337343251307448 0.181454641795271 0.0417102129954964 0.1489431788716 0.0510184973576727 0.149358286638842 0.136808761702977 0.126489968775696
0.184197953995513 0.133072463219995 0.0702960275987644 0.0345570601226416 0.170054212907049 0.080772040432405 0.0253981227654007 0.169687346750727 0.131964772207503
0.00036067809948415 0.25478922581778 0.121088595405522 0.161903868053486 0.0055406192072291 0.0345684962643024 0.183491820966573 0.0102919945209221 0.227964701664702
0.232539512951655 0.0265702106851733 0.111294862806495 0.0828630783788636 0.176161096109125 0.0232761016619582 0.0908305845159461 0.160206645618309 0.0962579072724749
0.0225726674273109 0.0934435161792782 0.0588119910910846 0.148758689140614 0.241416890974893 0.0347321146223396 0.0128669620250614 0.1286256220038 0.258771546535618
0.0438030772650679 0.0189903205000647 0.135749329044456 0.180777184031705 0.0631024610510903 0.0585358137048256 0.137296832059931 0.156730875557057 0.205014106785802
0.0460975453765084 0.0172045907620425 0.138958637838745 0.133594959887606 0.148472925658748 0.129575823864897 0.200346444468807 0.0091738671204216 0.176575205022224
0.216645834084429 0.0677597471326852 0.143530005783975 0.0283070185901337 0.0278447561285157 0.128233211111421 0.140501184420577 0.0748851967741242 0.17229304597414
0.0469667840692088 0.19051999047182 0.239907720674952 0.0856342535206491 0.049117155022322 0.164686165035516 0.0760587764294316 0.0632201772463734 0.0838889775297271
0.0216929738657431 0.0307040673538814 0.151209810370169 0.205832998694944 0.0624483283149864 0.0440970679525308 0.137568220369551 0.149724168566768 0.196722364511425
0.0647035658272904 0.0262449723347817 0.153836140540091 0.112573559277224 0.0587314985265561 0.106502193529948 0.169648189818863 0.1981651769844 0.109594703160846
0.0843892683407542 0.0886471551031634 0.126485733672436 0.182534702919756 0.181161226040979 0.109928447152135 0.0332927616105705 0.0671011137687324 0.126459591391474
0.0445443741637199 0.179650982713389 0.1222197002476 0.108024348048416 0.191715424378641 0.0245498664746523 0.0177423564806347 0.100431538153802 0.211121409339146
0.0197014555169993 0.256556272045393 0.0312576159269317 0.0305912616833511 0.127216737418038 0.052998682562328 0.143686565807478 0.261672758412981 0.0763186506264996
0.0930352254896582 0.141354582758165 0.126762821012362 0.0818691582806897 0.0172663509591362 0.134396825741322 0.142045999966765 0.11726515423317 0.146003881558734
0.0687602388283086 0.0231465293140965 0.0512053181457355 0.151509208966077 0.164757967418161 0.130848410172013 0.134144470577565 0.114510093553346 0.161117763024698
0.0135053178316678 0.137258910234076 0.0571445477071225 0.17279240974441 0.218480275513846 0.0829796018166713 0.202074140828704 0.0119556717509242 0.103809124572577
0.143251059287896 0.169308272528497 0.0913534720734755 0.207462480305638 0.155211481816571 0.0619337189171924 0.00924506364405897 0.0677534058979407 0.0944810455287317
0.154715952042091 0.135481150591747 0.106133750088265 0.0935457141042053 0.109624997263476 0.133665772851266 0.104077957392524 0.0229670801558557 0.139787625510569
0.0554706922035353 0.0769106751592216 0.11377956091991 0.0283915772491619 0.214419103930913 0.0312932027510944 0.194999182292172 0.105287511272124 0.179448494221868
0.135859485233359 0.0290216522917557 0.127916135122831 0.144558780422117 0.183663385839961 0.106004874207997 0.105611975514083 0.0729839340573889 0.0943797773105077
0.295985947746315 0.0950318288563302 0.0309672373920609 0.128880740029401 0.0790681977383283 0.178448954148502 0.0765030182215091 0.0930693531196707 0.0220447227478827
0.178637858479031 0.113051626275528 0.0740738739936716 0.156037361965445 0.0966010906113128 0.00159734212802586 0.156590281330364 0.188561154725451 0.0348494104911704
0.0908735726647203 0.0738852507942419 0.0139238045410296 0.0595626977960815 0.182531713490572 0.100953303559008 0.210589225989184 0.214268969433678 0.0534114617314851
0.132997909927407 0.182522637850426 0.210082049885567 0.0429353912079591 0.00793315771199463 0.0257803827069652 0.103243344339575 0.0834963239082233 0.211008802461882
0.0243088375133135 0.128992832645477 0.21435714784151 0.0681098001346156 0.0100645776786835 0.0329126736824179 0.207337201615918 0.173178385491036 0.140738543397029
0.120282767322288 0.0606215848184414 0.142633105988685 0.139942760660032 0.0973968403566484 0.123412715199466 0.11947912895916 0.135896511698674 0.0603345849966062
0.100516079200064 0.183796892774131 0.147738908594352 0.05426116958664 0.102486243889962 0.0592608873518589 0.0190586703592947 0.114683251641373 0.218197896602323
0.137692400386122 0.178017995881649 0.0454578169653457 0.0388976677309761 0.166291275102181 0.11507297912255 0.0180425524316357 0.13580044964902 0.16472686273052
0.0737807686277242 0.0207804270917136 0.121128211259418 0.114941351663064 0.208178639625773 0.12891934708026 0.139003582223365 0.0867405769039655 0.106527095524715
0.165911175962885 0.08081629388088 0.0620576621194442 0.118175158979933 0.12824597193533 0.116325536429362 0.194697738124375 0.00279116147143994 0.130979301096351
0.071822781651512 0.154780615683589 0.0798129714798286 0.0897052661367973 0.105181542266191 0.172196229414402 0.0893223495779756 0.178399440287584 0.0587788035021204
0.0335356838405984 0.018511725041519 0.148355441768403 0.197825915927584 0.0285360309212061 0.0824411645886269 0.177601890160983 0.0514087957311306 0.261783352019949
0.132841930320071 0.230791662979181 0.123019421592979 0.0402487893438715 0.068546254560177 0.194540514437241 0.0342406801214104 0.00211942852593005 0.173651318119139
0.160720024665045 0.0963248289481455 0.098581565413499 0.0178429245188863 0.121896095296676 0.178587251674682 0.050218282697176 0.17118442041193 0.10464460637396
0.14092845495565 0.123369238715061 0.010990901430969 0.0125518479164548 0.127960587319786 0.0725189577381708 0.126177072172397 0.180875873024213 0.204627066727299
0.156432315040018 0.0232633028867345 0.145107703397201 0.187746264053611 0.00323524731245995 0.115466935069863 0.141260491281173 0.0658975677874674 0.161590173171471
0.154137832301752 0.0550604614055223 0.0493804301517415 0.108955621639482 0.0958151707282668 0.111097741799951 0.162382966514231 0.0854137507746028 0.177756024684451
0.194017383195495 0.0907062739337706 0.036837476563308 0.131096901386629 0.0277352104068636 0.0507954292208159 0.256759833148365 0.133979092886274 0.0780723992584796
0.203495771030477 0.0362073056994634 0.118026991730421 0.175871223999387 0.0639115532896404 0.107020223274822 0.137361966389565 0.11550740953307 0.0425975550531558
0.17309041573154 0.104432934444049 0.180847668480004 0.0290638068485432 0.0230878911770259 0.160212955256423 0.0660282282484731 0.16557352431786 0.0976625754960812
0.187247381096762 0.0313214183175672 0.162198689389129 0.169750135790315 0.0363376025877595 0.118462576088729 0.00956705185541093 0.114640169301471 0.170474975572857
0.00254080267994734 0.130436738470264 0.0522115837784842 0.168452028356504 0.159082520984532 0.0172037601559087 0.200849089565952 0.200780021502011 0.0684434545063967
0.172557495553356 0.0973949506256582 0.0322866100002663 0.269450692427258 0.0176136516281552 0.0437072099516196 0.0776405108091684 0.24469585432994 0.0446530246745789
0.139594128180191 0.0098815730671891 0.199527557554256 0.126065250490178 0.152320352526699 0.0102457463786619 0.128497790151169 0.0383118804484394 0.195555721203217
0.0638274139436407 0.163330176071354 0.132710698358275 0.0460190785767409 0.138851643803359 0.146248901657658 0.152167477768121 0.0608333323785667 0.0960112774422843
0.00991497752805019 0.0713291200840167 0.150188753393481 0.119000220163929 0.179350644190203 0.101207544483722 0.0789487961197748 0.169828567099239 0.120231376937585
0.0464385961720452 0.0594584178016472 0.135494923757234 0.00719418584315008 0.192428266409749 0.117685504971081 0.155341596451811 0.136139301545324 0.149819207047957
0.147254381818289 0.0858958493025291 0.0848989211482745 0.142740902241381 0.163994126633091 0.0828103823601521 0.138235127071779 0.0536100676687186 0.100560241755785
0.179632146234138 0.145614379617699 0.0295919844262886 0.115362154773877 0.0280612455754451 0.0525797201819472 0.0673255277420243 0.202488184285329 0.179344657163251
0.0841028125749063 0.189551999918727 0.00356248739014285 0.167295345971156 0.164371681319314 0.10960972050301 0.170427218977922 0.00122137195951022 0.109857361385312
0.146791303558939 0.13920694421684 0.117802464972853 0.0582614087566086 0.111480566476221 0.16336821207101 0.0814033240576123 0.0400963727826516 0.141589403107265
0.0276670144555648 0.0795209243249214 0.19753726729843 0.126848329044036 0.11499901027433 0.119866458946099 0.146095979121546 0.020086743031685 0.167378273503387
0.106384470337262 0.0903875870753213 0.0394998071728313 0.0678344655075716 0.101591268170444 0.146233562011519 0.0510020020600007 0.130046859617114 0.267019978047936
0.0881942794497298 0.178617289667286 0.153517949474737 0.183600017106649 0.000389789604148948 0.0943881478300145 0.0814024108289476 0.0460004060529841 0.173889709985503
0.158049252872201 0.152740078126497 0.161357502525935 0.171299055482259 0.0168721050711256 0.00714210573537711 0.148554365713559 0.0486716051029254 0.13531392937012
0.139115619409076 0.139998318160705 0.0335114583786419 0.145824499187058 0.155697915417996 0.0752761854592725 0.0956369786185248 0.109849194214185 0.105089831154541
0.0335848564160777 0.178102021376731 0.206953854829167 0.125120747091008 0.122983595731841 0.0923034064857968 0.153079864269231 0.00297948416484745 0.0848921696352999
0.163511746319371 0.0527190999743268 0.15995351624098 0.0836678901045491 0.133813371042048 0.159658573635987 0.161735699437249 0.0668926388457546 0.0180474643997346
0.117340250669578 0.0530072244681135 0.161454573471643 0.000842556676123002 0.100368766282829 0.112634862824903 0.113020352168105 0.15960890260383 0.181722510834876
0.112974368383682 0.138117693791412 0.0374892358012414 0.0651617784196752 0.139624221871233 0.0957576135520594 0.195399329981343 0.153031704683756 0.0624440535155965
0.0126560740672863 0.157193891688643 0.0773461055026705 0.0877252509917766 0.119432181987946 0.00531959689954241 0.178281488842959 0.12027980330775 0.241765606711427
0.0645286098669425 0.151374415443145 0.0985114954310843 0.104338158420777 0.172210736172552 0.0977922797362679 0.118834910812901 0.109452302319926 0.0829570917964035
0.123930126859416 0.139900061935547 0.0384059302813175 0.176712775423797 0.0891639235043065 0.145315898257927 0.128225082938739 0.0371471841857482 0.121199016613202
0.202511458586782 0.159674180172573 0.0705457972209096 0.0524229859891785 0.153679648888524 0.140211406865839 0.0510110519727346 0.159061955516739 0.01088151478672
0.188889699524582 0.0821495319430339 0.0525171920476417 0.234669918851515 0.0649520827626432 0.174546582779104 0.084996648803457 0.0486209390344886 0.0686574042535353
0.144687079819648 0.0345726350474889 0.0825954365588734 0.141150844319038 0.152812979281825 0.0841080663325028 0.0710964016381523 0.0960324106119812 0.192944146390491
0.00550202662274658 0.156341234309661 0.116723695249436 0.186559139763994 0.0781265555367032 0.108187001540667 0.192832427126388 0.0864429781463842 0.0692849417040204
0.116296714026827 0.113124789322964 0.121507166336488 0.111868149706544 0.149980130707972 0.130540681088537 0.146556286139207 0.0748226265483391 0.0353034561231216
0.0983912845203073 0.0393477479804729 0.113702503546659 0.175888405883639 0.0873601070143554 0.0736476975810631 0.0851020978094567 0.126590784260102 0.199969371403945
0.133861336895207 0.115106373647354 0.150250637529288 0.131973580616046 0.0874087373154945 0.0449277481724141 0.125406294116489 0.0545393855603333 0.156525906147373
0.133978706311411 0.0613413043993592 0.205004637580307 0.21853170367436 0.123918343753961 0.0723663004026104 0.109898280448358 0.0211669124380219 0.0537938109916111
0.116849297761061 0.0502046887637075 0.175198217017774 0.110631942845267 0.137597044674521 0.0219758909778211 0.197233657089192 0.151929676879319 0.0383795839913372
0.118236418062508 0.00984311742909786 0.0909442849337811 0.108731544510319 0.247702072353717 0.0571857270160304 0.101631220627445 0.104430374890674 0.161295240176427
0.189236336139719 0.159412598817024 0.072332888978977 0.114608038969394 0.144403098490623 0.0195637751902956 0.0944384402288211 0.112886768150427 0.0931180550347191
0.182773068653075 0.0763138788293812 0.0035636754445715 0.177817438883436 0.168348112463191 0.0407782016449817 0.101345295998446 0.021978455529559 0.227081872553358
0.147638708010572 0.156082551138252 0.10341701889369 0.141778137636041 0.167036936966716 0.0444353410734879 0.133793030771109 0.0116286223708793 0.094189653139253
0.147295676727694 0.0676041817303199 0.0150707269162172 0.131400702824953 0.189440783909506 0.158909605511196 0.166442000052218 0.0057980219476574 0.118038300380239
0.0882391868636851 0.0360287417256238 0.213685887499409 0.102311998920366 0.143740608969199 0.149768999146358 0.145922236190824 0.0625218657937476 0.0577804748907882
0.208082234297836 0.235887383363618 0.105951198455446 0.16205532737652 0.0347261013021166 0.0344789096898364 0.142173949437406 0.055273152356811 0.0213717437204105
0.107430675047865 0.0734897913692298 0.178277744217407 0.224376834794671 0.015477214773252 0.0595813984315725 0.0939498398604179 0.168604511079425 0.0788119904261607
0.0500947219316239 0.107570083730885 0.0571375149133746 0.17279466468113 0.136860623526206 0.149765747150768 0.0662934071378016 0.0930770440705245 0.166406192857687
0.0478485065511888 0.0136730855515956 0.107071640008184 0.152309342788127 0.00738551066122676 0.202542697107955 0.17426645837256 0.132548743104746 0.162354015854417
0.124105894722455 0.172530900709595 0.0175233583673923 0.130211577251078 0.0572165548363817 0.0983594988481999 0.18436854358085 0.0592078230897218 0.156475848594326
0.211638720175622 0.0347664616147209 0.00677049880339861 0.00762463263565896 0.137009992078766 0.147737874945133 0.193754908804196 0.111707196096337 0.148989714846167
0.156148474639373 0.0662031678561146 0.123099817508595 0.125172613261276 0.0694382063280856 0.0640785446817535 0.0872499210091179 0.137629245534215 0.170980009181469
0.123843875055766 0.0732016881185623 0.0757375874917432 0.143588483207796 0.157873706560615 0.0242831898293698 0.107852109499791 0.106318534068517 0.18730082616784
0.133663507031216 0.171127055885198 0.0110858623406308 0.0897538170112309 0.151199722593938 0.155556606574732 0.126426146955321 0.0612219162230226 0.0999653653847112
0.174933278003299 0.202947751200778 0.0782738653166908 0.0416439607477203 0.0593759451441409 0.0170523886497688 0.211884207279813 0.123299737612026 0.0905888660457633
0.157745898027008 0.0675076323482368 0.0604535655448194 0.163844832726542 0.118084275923378 0.0494707663782468 0.0671299786197425 0.151635386382187 0.16412766404984
0.148973032314529 0.214097632099529 0.0312254692572008 0.0801204010677426 0.198428571454134 0.0456889712600602 0.132375271949388 0.110265282944938 0.0388253676524777
0.111533260180665 0.0405308736318841 0.172654069635462 0.190004583610754 0.152953644854589 0.0132653204484045 0.118261957742955 0.095403047849841 0.105393242045447
0.188677379597071 0.0280213912022884 0.0902740681511381 0.19543612161462 0.111484611567985 0.0707310387677026 0.124750787665415 0.0393164330963011 0.151308168337478
0.0856694531171755 0.151749167049394 0.162060041420428 0.012847025376822 0.0130329028059689 0.207914705396772 0.15839916641211 0.185827923950373 0.0224996144709566
0.0664438225936182 0.132921317453467 0.154297570864354 0.0608049375675457 0.183633700630862 0.0226741503884478 0.113280566956369 0.196937069609204 0.069006863936131
0.108270799303896 0.0914617284676916 0.14289647359048 0.000208937937165133 0.168319470585085 0.145047018652116 0.0551965091619399 0.163673102606502 0.124925959695125
0.03073973057185 0.251969462101002 0.0952496765441306 0.0178068088556713 0.118387689837728 0.0180262169676936 0.154370697213761 0.245882135773016 0.067567582135147
0.180819237562864 0.0712479340003466 0.0172972132518281 0.0758781830686486 0.0851866375099666 0.106265701371944 0.158569050109201 0.184811122726714 0.119924920398487
0.0928982765085489 0.101878283694512 0.0411582389507513 0.1669318258998 0.0513115337830001 0.163008753377991 0.0969926977811236 0.125098113551824 0.160722276452449
0.089923597428952 0.130328100224886 0.102639076272279 0.131751197542807 0.00488626617879557 0.106701763265681 0.143342671981629 0.141233292516049 0.149194034588921
0.192097321469757 0.239788200430001 0.285253398022578 0.0530421811792416 0.0381168806710289 0.0508833284792089 0.0302085879854837 0.0048022098398658 0.105807891922835
0.0714666571065802 0.00363681329909853 0.00423153292937671 0.131573436973101 0.132278861531827 0.209924518551166 0.212343312125948 0.00968783637769173 0.22485703110521
0.0562655730817591 0.112408874495936 0.257422292188172 0.0192869245194132 0.239940208446271 0.140393207628955 0.00310820879604738 0.101782121235579 0.0693925896078676
0.0680466128028892 0.155136227675015 0.0226681102740216 0.213838589034274 0.0253073906755729 0.014749013664159 0.222361168369217 0.0382390886533309 0.23965379885152
0.0877676164281304 0.103177992719309 0.185593290278244 0.135685142707052 0.0351836838388038 0.168370783212712 0.14368039179039 0.0928484137166766 0.047692685308682
0.209011945615719 0.0480110268044406 0.0755867303865087 0.118329412887699 0.0257290647709081 0.0497086148082242 0.197896659069179 0.0822660744980913 0.19346047115923
0.158977762523167 0.0343112114441305 0.0175495681137264 0.157877213999446 0.151579353574074 0.0929026462125291 0.180893586397747 0.0959247740666612 0.109983883668519
0.0735786143420988 0.201487335803091 0.0645215449055138 0.0807406092348187 0.0566545452763952 0.142125263359726 0.067892532036313 0.136100906996114 0.176898648045929
0.0297206195126378 0.0743937706785314 0.0951713137501647 0.102410533508191 0.102644881635843 0.162559989554311 0.129564393730323 0.194240919004308 0.10929357862569
0.188018518055799 0.232711346778186 0.0403358581662349 0.112112152782751 0.0396831872610033 0.0134674086664703 0.125196319639668 0.110223497637471 0.138251711012417
0.179546971821136 0.17535334761506 0.104307604697613 0.205340086177828 0.140321740425895 0.0145945501217568 0.0964026078314029 0.02804099595001 0.0560920953592984
0.125807763140173 0.022721681465132 0.167872051473191 0.0852501930131901 0.21522031190878 0.037307853226191 0.0482520273107857 0.122406422556865 0.175161695905692
0.216998997564608 0.0202181365816244 0.145345717353577 0.14923993869409 0.0136677117730768 0.126972714797547 0.0738422035881966 0.216784567795087 0.0369300118521927
0.171484135162801 0.004932802460667 0.186614658460004 0.191896936976074 0.0976271845817268 0.0537863220501488 0.142608763242125 0.106443322270835 0.0446058747956192
0.165688160085309 0.0835686090883768 0.137759335358432 0.178823057598167 0.00281070373072355 0.0185402903193532 0.122799976932257 0.111272803448774 0.178737063438608
0.202053591695203 0.0925955010765493 0.14353219353726 0.101160725533686 0.0261694679510968 0.0738894004207144 0.20925211240208 0.00273675131401107 0.148610256069399
0.0216821478810627 0.0361129455723876 0.18194549799256 0.0226114092559439 0.168915301387318 0.121821881831711 0.186815901412275 0.0731566625603804 0.186938252106362
0.187300747967677 0.060816528982231 0.188465109270395 0.132638664940237 0.116438361220143 0.0201153370097863 0.0770145460078327 0.179656472032653 0.0375542325690455
0.0298194820829659 0.105855820784224 0.104485465822232 0.118210824931026 0.181151024169375 0.135363666797396 0.0425482644519939 0.191394277302463 0.0911711736583258
0.179047007386767 0.17137359128186 0.13711782507346 0.0601166593075506 0.167343097755271 0.000864837287472477 0.129831314027621 0.0359406698178306 0.118364998062166
0.168218220720832 0.231783926573616 0.146476414017332 0.179821038956984 0.0668201011061449 0.00448822293788666 0.0519880145756931 0.0165145577210119 0.1338895033905
0.0709899788554297 0.213072603695473 0.152886706480006 0.0657187363076277 0.18278120687817 0.119408706408005 0.00450553008039072 0.108844196831662 0.0817923344632348
0.0304935986122558 0.237169149401637 0.16070047611691 0.067977176935 0.0673448321573973 0.124424050287073 0.136841499886545 0.0214805218512944 0.153568694751888
0.0673721359138269 0.177011463325935 0.160951949105906 0.0714958059925968 0.0403896029558614 0.0594078615719437 0.195434029601378 0.111314821496257 0.116622330036295
0.114810828412367 0.177810816346671 0.022967823567283 0.242789851957159 0.0533958156529115 0.0100713788357257 0.128604245039525 0.136310863045598 0.11323837714276
0.00174789364689616 0.201361619552337 0.00268323190954492 0.109161279755807 0.209732919121504 0.132324321450283 0.184843032887569 0.0902976313557063 0.0678480703203524
0.130782552206312 0.0792612240404324 0.182870126415407 0.055122538898245 0.176121294174566 0.089948041992639 0.163916512590595 0.10166814546502 0.0203095642167824
0.0411543031729737 0.0315958409907939 0.225837023481536 0.0171859945599889 0.212124071715796 0.138324501534648 0.252721572879605 0.0327842272646191 0.0482724644000395
0.119724039118328 0.0682799862305714 0.105566386799902 0.0834003118736669 0.211982691202342 0.0132832382660353 0.1169625048621 0.136076851075369 0.144723990571685
0.124606430170892 0.0386427272050856 0.145735505839496 0.0226512550974175 0.16782606985223 0.174443649295869 0.156026387221457 0.101649993393008 0.068417981924544
0.0811221916039925 0.0651713236959453 0.0935663486182186 0.126336458982857 0.135544014196894 0.152670660447535 0.042359476314999 0.114664902077968 0.188564624061591
0.0468768721103196 0.206679449260687 0.060173068789619 0.121026386704721 0.160446439080354 0.113004483741797 0.118442328272001 0.0370318122160683 0.136319159824433
0.106401825141526 0.128330492982868 0.00180608116544712 0.126639527713555 0.227940260538337 0.0729899175786559 0.193371242864183 0.133164091418482 0.00935656059694598
0.074993122174343 0.197925488321685 0.194562814137623 0.0840852143831688 0.0688852159755672 0.0277774038829423 0.0444780834237172 0.0763286949816272 0.230963962719326
0.164573035788988 0.00673039527531904 0.160398414122236 0.0799609298701566 0.0264374788467308 0.173837835115571 0.130244969209587 0.15059453411581 0.107222407655602
0.122013957265756 0.133384041096204 0.104105615663646 0.0161445632262963 0.120450988441989 0.156477684784431 0.158144500886237 0.119632841980533 0.0696458066549071
0.141932270673943 0.203517438959405 0.0459574255755879 0.11947379462924 0.193956929396772 0.0797851777891442 0.0438869146035813 0.14441773922549 0.0270723091468359
0.165807383947621 0.0391246420171739 0.175673016680922 0.154420585023198 0.114737258184855 0.21822349824446 0.0439463868709662 0.0273207965891565 0.0607464324416474
0.167511537017669 0.171368538251566 0.122677005222352 0.122552666911334 0.0793363782616623 0.045850328096761 0.0129460670393399 0.188123888080201 0.0896335911191143
0.199928245121864 0.00882406218087858 0.140152371689508 0.0964604888084211 0.112488383073421 0.0819455016645537 0.128411361303593 0.0237581307381881 0.208031455419572
0.20643157935657 0.0960355633871349 0.0409162787750249 0.0472578297420354 0.124108857736637 0.168769782170074 0.027048457736432 0.217572121449293 0.0718595296467997
0.0458326369823708 0.151389088810675 0.0362186365525145 0.0538082962651056 0.219008583821532 0.192654121661602 0.0153241865891167 0.108108805729199 0.177655643587885
0.00906089386576626 0.243762092704308 0.151202544765273 0.0211926995790032 0.00606962942663778 0.162313796596956 0.141388808569356 0.127856002428214 0.137153532064486
0.0169013356926921 0.181939600892256 0.0960778777373781 0.0550656727195714 0.18952102886349 0.0526451784013528 0.148422567218405 0.121256490466473 0.138170248008381
0.00382066754838567 0.090118446842262 0.128495659099316 0.037035591840538 0.0990201261003508 0.213026523642604 0.0672924676999177 0.178212597384233 0.182977919842392
0.0716102014238603 0.111501553902679 0.0847351361142076 0.192972832713154 0.012371997973498 0.139026773646867 0.0122334575535434 0.204203357529895 0.171344689142295
0.0643064043440266 0.0605964050275008 0.0917247668773842 0.204812300100348 0.16311389929176 0.052040149623291 0.111733222865317 0.0862538675601053 0.165418984310268
0.163674671914858 0.0280949295845616 0.118770301650628 0.163741557141331 0.158731205191873 0.0876624037752136 0.166500138492648 0.0979948603739227 0.0148299318749641
0.173421024857663 0.084483209308749 0.115995060564281 0.106994795851454 0.0832183728025211 0.00812083429489615 0.0955699104500593 0.165617990628231 0.166578801242145
0.199157935687913 0.0444749816317201 0.183836526516683 0.0828774518244529 0.0475607069180543 0.102537769486881 0.127828634165881 0.114889696687085 0.096836297081331
0.0824012437412108 0.0373948261009831 0.145598622262997 0.0887713262303048 0.0438796641435419 0.18335191376827 0.211629791948724 0.0986029859359854 0.108369625867983
0.103259655398063 0.148195874979085 0.00536260871396904 0.178577026450423 0.074961255904379 0.0749079045783839 0.0943759760945991 0.141916684978048 0.17844301290305
0.0957166549378435 0.176854225780695 0.0027766635232794 0.228914788745159 0.0777138934653646 0.0352464335484212 0.153248403466161 0.210700497533355 0.0188284389997211
0.00975353861877891 0.126742567064587 0.114463589251419 0.215576231839807 0.00924389697584628 0.0669129777817105 0.0584471900181887 0.162279895733468 0.236580112716196
0.212552363699246 0.00535329143713571 0.0873557205476679 0.0346270722085788 0.114202602768101 0.198476679206044 0.161242176395374 0.107692958247901 0.0784971354899506
0.204653002301349 0.106083752750959 0.082053230124113 0.0496623086812822 0.104709434725224 0.0718358543169962 0.187175278071928 0.0839003904341041 0.109926748594045
0.151729916411146 0.15626102685776 0.00562464503797713 0.146607373673943 0.137032915396512 0.165970657348381 0.0275320687065501 0.1415265475776 0.0677148489901311
0.0904583997534866 0.183564227898488 0.13155693863323 0.0576056223755484 0.115148313147163 0.172052503636737 0.0718067561982957 0.126899155108583 0.0509080832484686
0.183709701094301 0.146939466809449 0.0136216321303503 0.104274711399968 0.126429146871344 0.136419322252222 0.107401488123802 0.136641066357435 0.0445634649611283
0.0848431240589102 0.116599345449665 0.0232125603570378 0.105016907290238 0.136022980110958 0.145679713171448 0.187165881907273 0.135396937738684 0.0660625499157856
0.0825430377635419 0.00340063190981587 0.226522250549624 0.110238025506054 0.13124980188062 0.131264550950722 0.10167342067396 0.0746234976783474 0.138484783087314
0.016921435895045 0.0312282838460602 0.156876539644988 0.0724177704130035 0.130053992755146 0.165270149608603 0.126933415135293 0.115722298448634 0.184576114253227
0.112529547141227 0.222163460459457 0.00387492443623003 0.0276690066573347 0.0597974052389703 0.0602316920017418 0.202741871575405 0.09887160759014 0.212120484899494
0.104155438771872 0.127728591748562 0.115880170711003 0.0102375796515598 0.101711165116514 0.129665648614188 0.128070819643991 0.142495697251319 0.140054888490991
0.00520365397015159 0.211765662182154 0.116343061988217 0.0106045481286695 0.15341084172386 0.0859974901117009 0.221150507162874 0.104266990806968 0.0912572439254046
0.22512174481169 0.0955896432206038 0.127744377077518 0.109439372598357 0.0121513686230241 0.256322151854236 0.0748594322231996 0.00355519802276298 0.0952167115686087
0.0762703629587958 0.0863045614307055 0.227604538462059 0.0251489057165537 0.163656075290588 0.0218739705469314 0.208621117888933 0.0397204887454534 0.150799978959981
0.0353080940201478 0.155248338464802 0.0905536048437327 0.0595570693207657 0.154589449955638 0.146298323047123 0.154804481725636 0.0369817633778789 0.166658875244275
0.140864581999496 0.236606947391704 0.17309116169714 0.115816869140301 0.0232153555174172 0.190290606059029 0.0459503765290675 0.00699218534370595 0.0671719163221386
0.151518003485782 0.0824101534869864 0.0606828989740859 0.133406822716394 0.161429425001135 0.0929303656743079 0.214055532585318 0.0528516373426115 0.0507151607333785
0.103075907677397 0.17681543687079 0.0106803976925319 0.207261851117643 0.076428946449466 0.0599621507153162 0.035648031118559 0.275835413049007 0.0542918653092903
0.0667262205321907 0.176855828107402 0.210566429206848 0.162059830425714 0.118642134483317 0.0733663277757434 0.0784735258463954 0.0559567991218811 0.0573529045005082
0.0994729831918254 0.0287146891060518 0.180327959964146 0.0496566650300266 0.0956997126206753 0.17746811888703 0.174284122282555 0.153775128186537 0.0406006207311528
0.199046987176146 0.144812256794476 0.00480182772610632 0.0477154150021143 0.0644738846016444 0.149368861832169 0.156162194481349 0.11056902771104 0.123049544674954
0.0156782506607679 0.14450101021266 0.120366229932203 0.0909076319350327 0.227659550874014 0.0271089037031056 0.202838188557111 0.102149211421937 0.0687910227031691
0.0704451059850453 0.0665391714460909 0.103720913524811 0.0258701886740854 0.142783329602289 0.0353695545156484 0.243028139526532 0.213369324625321 0.0988742721001764
0.0938338690835777 0.019278262021203 0.105078953565557 0.0715889064316302 0.195846302513813 0.0317977982788313 0.201793389381788 0.0707121113898368 0.210070407333763
0.0723862009495857 0.162236464693256 0.0391518202058265 0.170280757740345 0.179266958764851 0.00570674967327962 0.178267913643464 0.0873307861027025 0.10537234822669
0.152070241141703 0.0318899671776123 0.0786650403609537 0.0892461941377909 0.172912128109911 0.0166651399319731 0.135108480869736 0.155729838122913 0.167712970147406
0.178106129331409 0.0291335969700592 0.193776754428291 0.0594150732689361 0.169375677853447 0.0943323249859742 0.00136792497499427 0.083491199513655 0.191001318673234
0.123482691054909 0.0883245930303405 0.182994158837899 0.0076203004342266 0.113622151204014 0.0635288149918497 0.16052640447582 0.103638119945534 0.156262766025408
0.223941378591765 0.179697572648449 0.00380921231831501 0.0626735782096296 0.189924595028162 0.0759734661528724 0.169604766275223 0.0545788875331022 0.0397965432424811
0.0811820768869461 0.106157389704106 0.0404422670693381 0.0717635946127495 0.00975497917943222 0.181713422180985 0.194853716207102 0.141360559936678 0.172771994222663
0.242847945330776 0.197727518283797 0.131300652189613 0.0678102408313135 0.233054541601328 0.000765007722175263 0.00945682186018923 0.0507478577402086 0.0662894144405988
0.105726084097101 0.30168351682714 0.0284081615238629 0.154427206511865 0.0411448481875964 0.0167420238249803 0.0952553491097943 0.0224166360822474 0.234196173835413
0.0527178245779206 0.0878422872322079 0.165220233653607 0.142576005675151 0.115114658797816 0.173304167099616 0.0262166797272454 0.161989627853465 0.0750185153829712
0.11480859721838 0.0132300746103339 0.0023820179850667 0.300685373524082 0.0598351547031812 0.000751507205991624 0.0170012957183044 0.198782741601651 0.292523237433009
0.167139022248066 0.0221434265127307 0.00877677849317452 0.193425793730231 0.17332077939956 0.0881071672263665 0.159872662394544 0.0955604999427802 0.0916538700525482
0.0345764694217101 0.152692434904744 0.0764043827581277 0.0712432094017394 0.136097946078698 0.0273998482732983 0.151397978205375 0.180189095335036 0.169998635621271
0.0644863808621832 0.0658708675770318 0.158973526887966 0.165105793311462 0.177893636483758 0.121375170755365 0.0985852797428292 0.130665351038482 0.0170439933409224
0.140648757327187 0.209083252424844 0.0711480621915934 0.0540227672293256 0.102912985919548 0.0803706180723063 0.121952097562979 0.0989250325170595 0.120936426755157
0.171386961438854 0.130875664891344 0.154551362521586 0.0794444958503194 0.111404223155799 0.104819995049356 0.109122216276103 0.0172774323153573 0.121117648501282
0.051858818820385 0.0486543573068321 0.0989978229284474 0.142464743090761 0.140166739668597 0.16647843207732 0.0359579884626271 0.150979403205018 0.164441694440012
0.0585615970481641 0.164109429086709 0.118281354740405 0.210776955386179 0.190432286162388 0.0261073663893772 0.0506894972402016 0.00747753398677114 0.173563979959805
0.0460188021825937 0.0333456378361361 0.160644960948562 0.188786294972215 0.143510651695825 0.0558304205851138 0.155701068408124 0.132021377382635 0.0841407859887942
0.158437818470632 0.104607362895497 0.102812022959419 0.115264667322658 0.121588624830988 0.0668304660328914 0.156417259327505 0.059859677728043 0.114182100432368
0.090804000722506 0.220521130222783 0.166646730009985 0.0055307965421566 0.0883776495424608 0.0516965142070262 0.199574128198474 0.0498783480104886 0.12697070254412
0.191234761681129 0.0614742975482305 0.125537013294612 0.133983073585812 0.183492138228537 0.0290563061180442 0.0364285720633835 0.150283561532683 0.0885102759475677
