0.295311489927181 0.101742390722799 0.307371227615436 0.100076653669976 0.0122030116941134 0.183295226370495
0.2732512690577 0.218886003490194 0.18542739267796 0.144417432045218 0.0131901194086042 0.164827783320324
0.181759613169203 0.267551463237832 0.264420098520977 0.259287091254933 0.0143166552916921 0.0126650785253627
0.256823340714171 0.225735419014441 0.0474539164919059 0.176094588761133 0.232799660981407 0.0610930740369436
0.18385715886291 0.207585362767263 0.199612670513366 0.109295161886283 0.221675089600766 0.0779745563694114
0.323394902338779 0.0110167346456517 0.130078243152141 0.119264570081895 0.164181022456689 0.252064527324844
0.13274875515313 0.040597422061368 0.216663242542885 0.206767758627499 0.2620098096558 0.141213011959319
0.358924495357951 0.276436843311237 0.0300093151628404 0.115888336329645 0.0897459713918745 0.128995038446451
0.088279972598463 0.348918432854791 0.198377375245456 0.129113162746905 0.092408575123344 0.142902481431041
0.0752179152440961 0.0986768738912338 0.274403083306255 0.108925608597033 0.274243240918294 0.168533278043087
0.162424665331059 0.204952389241093 0.124586247400355 0.196685705643147 0.183256208880004 0.128094783504341
0.167398582240369 0.23069805454884 0.296684469742563 0.00282639135853215 0.273760296867739 0.0286322052419574
0.0274258491208759 0.131683032796232 0.158523998634124 0.176395009057847 0.236976353130289 0.268995757260633
0.0939846601663541 0.0558286335831973 0.241413427034033 0.249007331494183 0.239132109872276 0.120633837849957
0.135610503850899 0.244498837152401 0.242832067376944 0.0390114906307146 0.177954138456474 0.160092962532567
0.259304440485806 0.143812520581663 0.121277199507457 0.171078674808711 0.276319331837565 0.028207832778797
0.0610622571188395 0.0419561187644963 0.202729077919276 0.248133035339754 0.392227949137557 0.0538915617200777
0.117188448738621 0.316421699899586 0.128121136380421 0.0885452726282713 0.30630846692362 0.04341497542948
0.255868049453865 0.0699908679342334 0.0698885479110812 0.227679142828448 0.230197569159116 0.146375822713256
0.036749063965307 0.289515250043188 0.211124474480088 0.116504641519712 0.243317057562788 0.102789512428917
0.161435704997326 0.106584582441554 0.337513153575526 0.158399425264996 0.209795863369695 0.0262712703509025
0.215036902145992 0.203785577100039 0.0671268241538335 0.233284487435268 0.24475712552508 0.0360090836397871
0.162037069379977 0.0347164084995845 0.194080025652789 0.223090124555379 0.164800283700632 0.221276088211639
0.196009422580562 0.256140623287895 0.0799397964391449 0.262725172447085 0.150584935376603 0.0546000498687097
0.11227916642606 0.0831970242968465 0.0392143738814225 0.346659462848936 0.245274768096844 0.173375204449891
0.0364417742326578 0.21472624146997 0.233748589355953 0.0898780069311076 0.163219155787946 0.261986232222365
0.19633307800608 0.247985266675837 0.0757853143297657 0.310791898629944 0.0421982632453582 0.126906179113015
0.0277193846570188 0.422259308160215 0.108271315525004 0.181286975653945 0.0365281801669819 0.223934835836835
0.189895763434543 0.343335456396937 0.0178109601852026 0.224963038180357 0.0738515309396542 0.150143250863306
0.218978065552889 0.235222989673141 0.0799959253605962 0.0351566044839567 0.0695745245836911 0.361071890345725
0.261856287474495 0.295113388638635 0.0163292064723737 0.330512022608302 0.0813261790671597 0.0148629157390352
0.00601776928733136 0.343918374819608 0.226137422467643 0.274268708550895 0.119354354153984 0.0303033707205391
0.178889035749516 0.261858183290331 0.180451962496171 0.131773554722723 0.178111107184516 0.0689161565567419
0.278504109509317 0.0815064561639831 0.121482067870404 0.0588347883547442 0.333175961110162 0.126496616991389
0.505146888272328 0.0344254716976712 0.051777008930182 0.0298411286134318 0.259089366501916 0.119720135984471
0.256220269616018 0.278794891860685 0.0033380075307428 0.163958429730138 0.0896579690625074 0.208030432199908
0.126221950958765 0.0168575140991237 0.0612473112756854 0.294928535548672 0.176978376802623 0.323766311315132
0.206476312676915 0.190264301735796 0.163108213874436 0.192719123195701 0.210719146073954 0.0367129024431977
0.152908534948578 0.00551077338292478 0.213681332166653 0.177249043554955 0.286125145541286 0.164525170405605
0.0627578550947924 0.226115519602582 0.161420420080241 0.227085664885857 0.224817016105329 0.0978035242311993
0.0255104576870288 0.291196084692502 0.220836052345469 0.26303514158704 0.126433535032964 0.0729887286549965
0.0908648461636078 0.16071435372135 0.141769145273426 0.199626658162146 0.158694875251681 0.248330121427789
0.148085409395528 0.100255906788354 0.167035637501476 0.291332814150211 0.0525824452557482 0.240707786908684
0.0714195272742534 0.380344158179452 0.0676498001690277 0.0223501683290426 0.101732677693503 0.356503668354721
0.205461341953057 0.109863407993826 0.228087116981497 0.150172973362912 0.302379152831918 0.00403600687679173
0.0877789046091237 0.0590157495841217 0.404660183442121 0.38883718993179 0.0444863908179165 0.0152215816149271
0.0135131164222505 0.34830851196867 0.021046640557422 0.0969222733452885 0.289507556144594 0.230701901561775
0.0889278668185719 0.0248324742767395 0.0654196621026564 0.372453055822187 0.232508508700482 0.215858432279364
0.176592083905161 0.0172494491654154 0.133791785575878 0.246677378571991 0.218428084097341 0.207261218684213
0.0660352953001407 0.191696444522146 0.267708621667396 0.0664292689172246 0.118222974099073 0.28990739549402
0.207554218242656 0.18212435148184 0.161634162754715 0.114628831536845 0.0441096915512964 0.289948744432647
0.160856995199367 0.164376626768327 0.215736527737242 0.210778514939688 0.0324199247341961 0.215831410621179
0.17289416041766 0.180832038436153 0.219346348897352 0.00521943324088837 0.259446134448029 0.162261884559918
0.0318184234861108 0.199062879797931 0.356263157992336 0.04016982371251 0.270948650361334 0.101737064649778
0.0929213193897276 0.0712760101527522 0.246337427714386 0.152714535361462 0.259018357872148 0.177732349509524
0.0487603980950191 0.251246204547724 0.357445574631928 0.141139455212711 0.126736707627586 0.0746716598850314
0.0384675956460346 0.298538248431045 0.101530819789636 0.0226140393742173 0.0355471658069068 0.50330213095216
0.115236036018184 0.00470901731586802 0.230892579988997 0.186438207699261 0.127700960919214 0.335023198058476
0.245374583357249 0.00966267354548731 0.175053106883831 0.263056607470596 0.173866099344422 0.132986929398415
0.292097248900643 0.218240629241137 0.000134793082143639 0.225708933820679 0.146602274002696 0.117216120952702
0.139793579143548 0.126694522753619 0.145469621778251 0.239835965075124 0.0330261648327449 0.315180146416713
0.15757861641105 0.0322115940673819 0.242484576469141 0.252481987078234 0.225371836196591 0.0898713897776025
0.00882684909678778 0.0943953956269727 0.354411976625911 0.287395409351068 0.159223330954155 0.0957470383451055
0.320498731081444 0.253937243617182 0.0125586349339736 0.0526035182659728 0.177149834954494 0.183252037146934
0.280328472419611 0.187377182386698 0.148194562836649 0.157011135466945 0.20280409385525 0.0242845530348466
0.258920293442264 0.174744717359023 0.189408184403619 0.130466013724757 0.137122397461827 0.109338393608511
0.191553513054341 0.269736660800496 0.174700593352179 0.0392867806939451 0.11002596148301 0.214696490616029
0.180645628509712 0.101484966814125 0.0858002424392454 0.285060953567166 0.112091733898922 0.234916474770829
0.186628429873434 0.1789006010605 0.192058131501193 0.0774291789417091 0.210000917070745 0.154982741552419
0.157146986048098 0.156442382492354 0.259844330615783 0.173436126978507 0.0608519857861216 0.192278188079137
0.228232990824753 0.15593581664658 0.0520694636538568 0.217280416578697 0.13062305736121 0.215858254934903
0.102802305927792 0.163261546751238 0.10493103552811 0.302433733277789 0.304111121675707 0.0224602568393646
0.364838247037197 0.0207949831066771 0.0563501944755495 0.356137463040477 0.0859166076293294 0.11596250471077
0.225122314642589 0.126120921774706 0.0845726033842473 0.00375092931933549 0.316543730208204 0.243889500670919
0.224429907574063 0.0306156511987109 0.0295575906668009 0.200607461244205 0.13046012401032 0.3843292653059
0.254317127898567 0.0996115951758908 0.113827050175101 0.129048184501927 0.256828829794587 0.146367212453928
0.24901652550974 0.280989588352681 0.0185483560015423 0.12664219751556 0.176171966788078 0.148631365832399
0.059503383423481 0.197680943604892 0.206382216827896 0.19585800221441 0.0561012738828705 0.28447418004645
0.296805162579775 0.0213676093158478 0.206075493125779 0.259077743802431 0.0569054210261598 0.159768570150008
0.248180839213776 0.103252536089929 0.160250124033811 0.0256222815318174 0.260751534071926 0.201942685058741
0.0510736666592335 0.251925335647379 0.348983824728095 0.00266761850742325 0.315006770676304 0.0303427837815656
0.100593559149123 0.129792648519764 0.205456269641887 0.225996130304327 0.106166613603112 0.231994778781787
0.219624512734365 0.23334461678161 0.0276074720338816 0.293191616920349 0.0196547731981404 0.206577008331654
0.00743641320044182 0.133495843749876 0.241081451364761 0.219385819350363 0.130636158076322 0.267964314258237
0.0180945438232334 0.273315217501433 0.269508859505042 0.00953689939779785 0.16807976521564 0.261464714556853
0.0497482924001891 0.000560527074575807 0.234002264314876 0.00966997170421143 0.267333510794018 0.43868543371213
0.198539619473025 0.171978618301823 0.22635393103258 0.225631734761085 0.108111764024243 0.0693843324072455
0.116008218254025 0.235381259445974 0.133668235417958 0.262146714418482 0.238486199548145 0.0143093729154157
0.0692649374962102 0.128439345917746 0.110173935398059 0.198613200418835 0.274416921563496 0.219091659205653
0.161261075416959 0.304020601365013 0.153823850053061 0.272667482516222 0.00691624021120894 0.101310750437535
0.271105071393304 0.0505209040547015 0.27538358210225 0.148209554108212 0.202543907910357 0.0522369804311759
0.286891922052914 0.0835488078450741 0.116303444591697 0.0372348653126445 0.273006846111484 0.203014114086186
0.328329262833918 0.158241329250627 0.0251316490350556 0.251584651629726 0.230270677152441 0.00644243009823178
0.183865860783907 0.0756055472975313 0.187112600051441 0.205429983922897 0.218735201366307 0.129250806577917
0.18123264392746 0.15891897399235 0.179117196480561 0.139877947401255 0.160900053541947 0.179953184656427
0.0749833471437937 0.1724269214761 0.220615232603479 0.0612119017800272 0.241317848284803 0.229444748711797
0.0564034619370205 0.0206551622820642 0.184444327779018 0.161482682870806 0.297672568956624 0.279341796174468
0.0473755918458485 0.0759133273541846 0.242885322322588 0.229035077348157 0.234567436486673 0.170223244642549
0.121120748671814 0.240674467240226 0.284514152983425 0.046913497104305 0.0313787379706953 0.275398396029535
0.284491273524119 0.241319268211896 0.0761141010913043 0.16096442227747 0.181694245088066 0.055416689807145
0.142213341935676 0.0716077568149699 0.18499830925667 0.297687922960292 0.0331557070590729 0.270336961973319
0.0161302929635624 0.171065899153824 0.206067705387258 0.115313802697805 0.225016754855951 0.2664055449416
0.241538630639593 0.0934901425233957 0.164546976429631 0.112633121495418 0.295291689445192 0.0924994394667698
0.000318945682832865 0.225441992739788 0.26469953871127 0.0230824304590673 0.30144607034914 0.185011022057902
0.209555862737851 0.249842290507334 0.207388278790621 0.138785523580115 0.000549440098996325 0.193878604285083
0.0529701098148912 0.190920447107124 0.0378186882198064 0.323578958426776 0.097873485816414 0.296838310614988
0.245038573121871 0.206173066974052 0.0599490650819056 0.306618571444744 0.178093212138675 0.00412751123875222
0.312634608592985 0.100967143658496 0.139140486115439 0.0754978133682761 0.206925903906874 0.16483404435793
0.000781917037353269 0.112290214788388 0.193378837242237 0.147427715241254 0.226018071030759 0.320103244660008
0.265809150294155 0.194680711355027 0.20131641465431 0.239723110658981 0.0782882727253609 0.0201823403121659
0.111775752737046 0.130604362610844 0.197438172317959 0.382951505020844 0.0545505654008779 0.12267964191243
0.229664984653573 0.27675089778146 0.0863417037083535 0.137343963525069 0.154743253872545 0.115155196459
0.0799954081636675 0.13216970604789 0.205774355671468 0.231823551456764 0.224571248222259 0.125665730437952
0.0679368529025557 0.264704254872569 0.0434534501365857 0.297373110893516 0.160554345859592 0.165977985335182
0.0699616114393918 0.351845425093375 0.292971262650226 0.144207142592983 0.0035748377165711 0.137439720507454
0.114812946797133 0.268368450712137 0.0710350217785533 0.178047941103997 0.162001710051221 0.205733929556957
0.115093969236247 0.107011857860168 0.214740261841498 0.162208670796918 0.118727695469796 0.282217544795373
0.407758824224824 0.223923383107461 0.112507530971921 0.0967056035711965 0.0819713621733824 0.077133295951215
0.059843106677342 0.0880310266508958 0.165793141173806 0.062295842991409 0.353872833265115 0.270164049241432
0.343401828104454 0.33936360180883 0.0839929410981084 0.130396213740457 0.00959789515855329 0.093247520089597
0.276664878198138 0.258929615713504 0.142932018871957 0.0845451871642777 0.0108612865057053 0.226067013546418
0.0187349022006877 0.308580008227167 0.280345270342547 0.0728831038652519 0.0817582049085462 0.2376985104558
0.2479889950355 0.186387631291389 0.235946374464764 0.171495326517885 0.154812214346662 0.00336945834380035
0.0814286155788345 0.133888742301275 0.228438317539498 0.180793046770835 0.0633559233143766 0.312095354495181
0.0502869210513091 0.163797322896051 0.209224030237286 0.322845820535173 0.0128608578646788 0.240985047415503
0.164365392592325 0.322948739325088 0.0194567237478543 0.286024565213813 0.0214727352870555 0.185731843833865
0.119464194060058 0.2012091853503 0.191794098808321 0.184594925320811 0.226219238035504 0.0767183584250061
0.033517278438527 0.290176387386531 0.0970884168942495 0.215802055319567 0.237540236390389 0.125875625570737
0.0703059971965412 0.236123672635051 0.155690097542869 0.209164812086443 0.129886537904696 0.198828882634399
0.00251508447460535 0.123959403906106 0.277707604816367 0.323733074826169 0.140149585693319 0.131935246283433
0.279872736426397 0.216582350783543 0.134787981135838 0.0620604157297524 0.105766508176101 0.200930007748369
0.127492309411839 0.172756217753201 0.123080817284744 0.362589824155225 0.0438959548702578 0.170184876524733
0.175308339635174 0.14475296611145 0.127238616149939 0.168426516435546 0.239198185906449 0.145075375761443
0.260147873976244 0.100252981107895 0.2571047246063 0.216427286571051 0.108685487684072 0.0573816460544386
0.254314028571294 0.051078273286144 0.251890037043698 0.171095419037197 0.194826658049279 0.0767955840123877
0.162665032073252 0.256577370461134 0.0584399581778629 0.0803753699409906 0.232393380140567 0.209548889206193
0.289525231154931 0.153364285371953 0.150898009480737 0.0332793968809431 0.208530699990086 0.164402377121351
0.185514944375519 0.0334249611808295 0.290077642738197 0.12380181011738 0.152860208528184 0.21432043305989
0.233494124180189 0.0971200398134079 0.245695043613811 0.221385564335113 0.0554374330582989 0.14686779499918
0.0328207425044199 0.305249521571325 0.130922108567842 0.3299646099916 0.0256553576278337 0.17538765973698
0.215026731553092 0.20759185940054 0.170671039154609 0.163253929924083 0.0978891678670133 0.145567272100663
0.243739658952804 0.00353430791726088 0.126360879029091 0.15185091129569 0.150887377854979 0.323626864950175
0.229367141658061 0.0536037792190198 0.216487448546991 0.187530669005626 0.107453208802036 0.205557752768266
0.250983553309923 0.00335961381865657 0.0726466564423989 0.173904259567198 0.430014172232629 0.069091744629195
0.215938609123205 0.244728570056356 0.170882909020218 0.184477617278692 0.0414066310276521 0.142565663493876
0.240442324949854 0.186802439949042 0.164484046996254 0.000571202523329369 0.308035752443806 0.0996642331377139
0.254854388534953 0.178512607081797 0.10150432513321 0.177260542536577 0.160013256712949 0.127854880000515
0.20889824943231 0.253585557575546 0.0184368295145888 0.138388745152486 0.232316508064165 0.148374110260904
0.0100164953443389 0.273210054095086 0.271014019132444 0.123791755577235 0.174358753936784 0.147608921914112
0.141841093402569 0.187487164586573 0.232425619315491 0.103257477497692 0.113198862284403 0.221789782913272
0.101410922453285 0.288727984382235 0.185563995329662 0.0201647077490875 0.171402238799525 0.232730151286204
0.118038872266996 0.149761183287449 0.265445930766388 0.22518177869432 0.188366105101217 0.0532061298836312
0.208130512990228 0.0136144234981903 0.224407756257029 0.154316550544918 0.226999966121068 0.172530790588567
0.00143520784351162 0.0834880642610402 0.243302767308586 0.181897168944904 0.235506617969773 0.254370173672186
0.0693944935400816 0.28389132130056 0.141209619226251 0.103377621989463 0.148069871291382 0.254057072652263
0.188483643291814 0.192331799222983 0.0926604851473311 0.162453392539298 0.153066718962749 0.211003960835825
0.22109616728024 0.294987226297491 0.0307806836230978 0.290400469229911 0.0434841256671573 0.119251327902103
0.094747043482939 0.0267925413738427 0.114627149373277 0.15199202146575 0.283493806140195 0.328347438163996
0.0948892054410311 0.0584462060895098 0.273498473980872 0.296737794305908 0.0651894038324399 0.211238916350239
0.231511012009088 0.113806710701098 0.152425922001559 0.127875152549732 0.245059254060791 0.129321948677732
0.0993963362665945 0.11354992331194 0.182951348212172 0.222276033918395 0.214544434047009 0.16728192424389
0.279925636136019 0.242588693473403 0.00918785759708421 0.273889657902229 0.185367243604943 0.00904091128632261
0.275430303869283 0.236985974998094 0.00415539973855082 0.303029794874042 0.124682669795577 0.0557158567244538
0.00766827151333369 0.209205694616298 0.0704651141003082 0.0820538883169154 0.296741847709593 0.333865183743552
0.163873136407889 0.0601726668436986 0.235929521338416 0.220624036523408 0.14111339694756 0.178287241939028
0.0476506551453234 0.267258625798998 0.250495140138027 0.110126335132962 0.270710305134552 0.0537589386501379
0.260061097718968 0.268569442102816 0.16946191620998 0.0821877874463335 0.206814797579866 0.0129049589420376
0.154565889384329 0.00370318840839833 0.00214730774223792 0.128580530380467 0.275893654448405 0.435109429636163
0.0927034738463497 0.0136547278236261 0.101011092814527 0.25110471448655 0.302203710716404 0.239322280312543
0.0775046999465668 0.152636096160806 0.175147667449519 0.0771533422226239 0.134081538300174 0.38347665592031
0.252701134139384 0.261163429962748 0.186347508174326 0.0816173070210565 0.144850948661003 0.0733196720414822
0.133896234162444 0.25993990158309 0.224560665506344 0.307995983868145 0.0261363152467571 0.0474708996332193
0.130011002814713 0.138576857985715 0.255071124276037 0.239015643322804 0.0941033753202307 0.143221996280501
0.235139293629737 0.116865252187819 0.186427797279739 0.270339459374271 0.104499208496107 0.0867289890323264
0.256893966974555 0.273343442141986 0.0961442856768877 0.18726401868321 0.128699116404632 0.0576551701187293
0.284363746838719 0.0912413778055509 0.100226661214073 0.081049656353299 0.25170989134644 0.191408666441918
0.199555233436021 0.162565099898369 0.224426580326206 0.203569219309496 0.0692315098595407 0.140652357170367
0.0681485679815025 0.0225748059382107 0.300206601552233 0.11332238693399 0.371556699946558 0.124190937647506
0.215993091973731 0.142091050120289 0.228531805543154 0.197694091393441 0.204518208455012 0.011171752514373
0.207135490297166 0.205813066313983 0.149923585719729 0.159645565769081 0.0192528255639748 0.258229466336066
0.118314587488862 0.12349165848886 0.170412850278552 0.0147785957548992 0.131056117080246 0.441946190908582
0.0766375797546692 0.243951371415166 0.115781975594587 0.310856408729451 0.206028895100354 0.0467437694057732
0.271940324789663 0.219771080583203 0.106870582439011 0.0311538897568372 0.0529874708572535 0.317276651574033
0.0294678477795913 0.383726559339877 0.112144380460867 0.316950098334361 0.118058294012075 0.0396528200732285
0.0759960625772934 0.160990414966352 0.173648178996892 0.172260385731691 0.179216499477396 0.237888458250375
0.00332393862126208 0.337552712864225 0.249005985052474 0.219207987529922 0.00234245924859875 0.188566916683517
0.00990730818457483 0.283791074139988 0.259268492446588 0.310902101738566 0.12217191569227 0.0139591077980127
0.177622957234492 0.307800757099674 0.338115838356519 0.102971708192923 0.0436362453195106 0.0298524937968817
0.326087278700605 0.00589299177225847 0.153577058775274 0.359175954021679 0.0647874763950981 0.0904792403350855
0.0181773020059271 0.399801313428624 0.176151719670499 0.107741504150972 0.0898132707275309 0.208314890016447
0.199653060499037 0.188335526050662 0.202724432070779 0.116040867620123 0.193885057748365 0.0993610560110341
0.247836888277918 0.0937156462155914 0.110129597715419 0.132743238926695 0.246131446293063 0.169443182571313
0.211892762128874 0.128768169652407 0.236261943887235 0.171143635907752 0.133686449020409 0.118247039403323
0.29050613455904 0.0837391527502545 0.0493817942502213 0.292416259696988 0.0727809986737084 0.211175660069788
0.142485248890474 0.0486319621182403 0.250294835654364 0.281982187864922 0.161335602073527 0.115270163398474
0.172974862061766 0.0765534682318111 0.155111434625535 0.156845223671138 0.210476990635745 0.228038020774006
0.116939699635785 0.100809891121369 0.284694811172061 0.245691855529553 0.0597967833101444 0.192066959231088
0.157222525547311 0.0134934038484231 0.203410237633381 0.222111747647578 0.217556540114718 0.186205545208589
0.123930583606958 0.181671969328464 0.103476978453288 0.272232828809861 0.0435067245362195 0.27518091526521
0.199794358134672 0.210582711676516 0.191196220556545 0.0352828572959765 0.00162538151836549 0.361518470817925
0.21491478713054 0.0912305575269075 0.205669201392832 0.0626992307283602 0.280012343264899 0.145473879956462
0.165052170843379 0.171845400594832 0.188076329554141 0.0749829551243448 0.29333200049535 0.106711143387953
0.0890257605177904 0.130147862052393 0.0629862280483733 0.388021043962233 0.174222587206757 0.155596518212453
0.21619220119471 0.155252140688246 0.149431324102734 0.210189967888365 0.0319831564268895 0.236951209699056
0.239308945803376 0.110850186378379 0.0504365329336606 0.144683799722365 0.210097988166235 0.244622546995985
0.159516293758251 0.0774556090130496 0.190513282259656 0.141485063326775 0.174567821598578 0.256461930043691
0.142142061419826 0.204014780522329 0.219482786518908 0.00631322873141871 0.215078440586601 0.212968702220917
0.210671785654394 0.0400027149046299 0.149831396168586 0.106547898843762 0.113502411607656 0.379443792820971
0.281296354416901 0.0871119103008601 0.0906124573651105 0.285978630617589 0.0289857154779869 0.226014931821552
0.0974100377475776 0.271024410274868 0.280241874952797 0.0328914289779603 0.0461825170778871 0.27224973096891
0.132310900474621 0.317561997088758 0.293197449784747 0.106394809740256 0.00851294806927625 0.142021894842342
0.0901504655281667 0.120516082709435 0.179699835565528 0.17861293278288 0.23645454009441 0.194566143319581
0.221516843155635 0.00962507706380841 0.252852180616357 0.0125600121583363 0.254357637188835 0.249088249817028
0.234653776371163 0.187205011821502 0.222963533149842 0.0140479048259541 0.251062052190345 0.0900677216411939
0.0945904094255708 0.343896242496498 0.140096218090553 0.106071168942059 0.26478431175765 0.05056164928767
0.0286283629604123 0.313017967057881 0.228360567189762 0.0535967221715541 0.258344275759931 0.118052104860459
0.186788305094123 0.216922036521257 0.166362721582693 0.179258999831872 0.185489950343769 0.0651779866262853
0.215172957408185 0.00275279127235042 0.243059627582415 0.300156150102131 0.0847579572060166 0.154100516428902
0.00468490121334657 0.380208778908187 0.0445499683582154 0.366649423168606 0.168609545092204 0.0352973832594414
0.164160406727911 0.0407213695006687 0.228661810204807 0.220381884827886 0.13044655778239 0.215627970956337
0.184791189129443 0.182403845032096 0.1622462901066 0.153636588411175 0.195941210837087 0.120980876483598
0.145666096749447 0.23620192651222 0.110380284625256 0.25413059227025 0.220482263680551 0.0331388361622756
0.352640815409241 0.164067306480828 0.0819750131629531 0.0780987162400201 0.226002462086376 0.0972156866205823
0.372513506948408 0.0502904238328417 0.0721564199035796 0.139843647679494 0.052170710298672 0.313025291337004
0.239996766448161 0.139344731598751 0.122152283977464 0.0101904673137312 0.202963845852821 0.285351904809072
0.12247049246861 0.01369099456501 0.067971428594144 0.278313868655037 0.293133666958026 0.224419548759173
0.119250875419762 0.267653417887017 0.257974918417957 0.167900017048387 0.0389237242656683 0.148297046961208
0.156853527660599 0.0892176258212589 0.00812287558520329 0.121073272173159 0.375364567576562 0.249368131183218
0.0353654726031817 0.249198791915528 0.0744494154899586 0.298994947668241 0.16845120200736 0.173540170315731
0.282946993115779 0.183275998685102 0.233957152444548 0.102485851555865 0.00953238471913605 0.187801619479569
0.201480229532459 0.036286278917757 0.149198909583699 0.0191321161982313 0.270009452619884 0.32389301314797
0.12019159897006 0.0994797759470653 0.108016545782853 0.388195581842287 0.276068553340671 0.00804794411706341
0.0181151305321057 0.00622818993632833 0.28162224009446 0.314624707577866 0.264310511224834 0.115099220634406
0.242129745187623 0.204398951378621 0.00897229453737295 0.252328255466132 0.0365991932974574 0.255571560132794
0.0716585636337558 0.239854156158076 0.272749859810106 0.132738450330679 0.100420928228936 0.182578041838448
0.282676410407571 0.0505239037641406 0.201416986793901 0.269884982695138 0.0792508591659351 0.116246857173314
0.232468091905835 0.153746040999897 0.146238270924354 0.0980359065686516 0.103011166283549 0.266500523317713
0.253454674681176 0.131870282773564 0.148071425592424 0.0244657885029086 0.22744504021322 0.214692788236708
0.101065116332691 0.192202872878958 0.321150125598621 0.16181691364163 0.157096291278397 0.0666686802697039
0.129536431978726 0.254214395661646 0.210647612412561 0.202108322727587 0.170194166358748 0.0332990708607321
0.049285390255514 0.225338329059667 0.265368892577107 0.0796340228503311 0.210699109738787 0.169674255518594
0.193544087160561 0.220927686945722 0.176023186707954 0.0118502913529901 0.270640765587406 0.127013982245367
0.102151962250417 0.0778136452976286 0.17263128424964 0.122286331540091 0.394449383783677 0.130667392878547
0.194645690420388 0.339671115574382 0.0528048883299424 0.183822525463019 0.0534787989981539 0.175576981214115
0.226921504380714 0.217569660120281 0.210342860088313 0.154716497619008 0.181323011288336 0.00912646650334816
0.153760131178123 0.00381336668375672 0.106950033493604 0.199505403800132 0.455570840764634 0.0804002240797509
0.0959836077858198 0.20707485511603 0.205370599077823 0.148897545922511 0.172466861555487 0.170206530542329
0.188671748710173 0.213611753622574 0.170944436626055 0.227174505758145 0.194485048523408 0.00511250675964564
0.123243849416526 0.0773005716275159 0.219334363475685 0.13544570244493 0.303357295681124 0.141318217354219
0.210350270062574 0.148936275709187 0.0819473625665582 0.249081871686297 0.135310632918912 0.174373587056472
0.25472901296822 0.0183820848535922 0.202140886291363 0.165813331161027 0.0870415708685755 0.271893113857223
0.0483103828082776 0.287883556522881 0.0431947856861905 0.316103572000258 0.160136445831505 0.144371257150887
0.153875139499508 0.0857091790529005 0.136932954126001 0.218345983321846 0.23772824812757 0.167408495872173
0.0679143563916697 0.0295603846349635 0.220787621387841 0.353226314532405 0.211108472892143 0.117402850160978
0.068255254893492 0.187394010190413 0.11963083997799 0.0159087704739274 0.345392742229667 0.263418382234511
0.206831751776354 0.084833640551252 0.132091018502006 0.131956164755047 0.187041761146603 0.257245663268738
0.276769698016242 0.103678928292656 0.0476148730606322 0.132736241179777 0.278417675697716 0.160782583752978
0.217102617777915 0.0983132902316154 0.188633543896774 0.122346940478311 0.0747010363771937 0.298902571238191
0.261329802691545 0.0728759287730126 0.11133602920117 0.303489111746641 0.114317533632066 0.136651593955565
0.179997212521032 0.245764947909925 0.144142257745919 0.112928940682251 0.139275398413839 0.177891242727033
0.0257607745181865 0.267928146613244 0.160779859274356 0.130004617649886 0.320150127755783 0.0953764741885444
0.16646132664595 0.0480555041919104 0.0683963310655248 0.2086956330587 0.032389129544631 0.476002075493284
0.317974015254955 0.226000077441237 0.142283693012698 0.237230753955374 0.05676883141628 0.0197426289194552
0.0144095605417821 0.293415677008406 0.296593930528877 0.0944269540907 0.159424998493251 0.141728879336984
0.0679209255078067 0.212102029698789 0.152314957646899 0.283716778287785 0.154699504480004 0.129245804378717
0.174796675095619 0.146950634280075 0.111128438877512 0.195635416798892 0.364325430868213 0.0071634040796891
0.25234322495005 0.123669950395487 0.0917937549182796 0.208322357496606 0.236505349447929 0.0873653627916479
0.0507181701276671 0.190453973457698 0.206628724324442 0.0804819679792591 0.162017439670688 0.309699724440246
0.097678409410405 0.257004531225961 0.159740704020316 0.0183401569844145 0.257796701477414 0.20943949688149
0.109148541528068 0.173877384087913 0.199370447205226 0.171585469389272 0.0970317369295729 0.248986420859948
0.101721839504946 0.233716554232168 0.105713359017084 0.227828007984079 0.201086055886427 0.129934183375297
0.157420156424781 0.0205373731458544 0.242366266898233 0.206596682456899 0.256356124702281 0.116723396371951
0.188784501773238 0.219548926937062 0.0250402376467693 0.137220302026227 0.201359913460725 0.228046118155979
0.100587600538652 0.306890181243564 0.202217912878627 0.26171771575227 0.128274440449075 0.000312149137812843
0.374954296524369 0.0235401978112816 0.00183020311492202 0.0704307136976818 0.196197456461356 0.333047132390389
0.200135879592208 0.220196198157276 0.157553328899753 0.198692363383493 0.0900719777159058 0.133350252251364
0.274735679584235 0.057307118635166 0.103337552726197 0.144430792915083 0.175747289364598 0.244441566774722
0.208587391544556 0.0417946693397813 0.0642392601751511 0.193697183609933 0.306272173684977 0.185409321645601
0.226261078083136 0.0519337394131002 0.259444132177209 0.120078303459214 0.221220691130916 0.121062055736425
0.287786062429335 0.213786032345712 0.0393381522823252 0.385380481359608 0.072447347433246 0.00126192414977364
0.0657869403556853 0.180673249129032 0.108343692827933 0.177814732196981 0.255724419491704 0.211656965998665
0.278258086001211 0.296777411871797 0.0567504003703058 0.0715517716367208 0.272397746973676 0.0242645831462899
0.104481128261918 0.0126841126089748 0.196103275415214 0.292620989941268 0.103395318909659 0.290715174862967
0.0378250630382128 0.31468909553832 0.0812056926166101 0.206646243057487 0.0920100431837689 0.267623862565601
0.160576281458513 0.115230842639301 0.240044470280682 0.176823912269408 0.140783208647694 0.166541284704402
0.16772545646607 0.113412794909148 0.177640135160545 0.0531556460893258 0.233706350642847 0.254359616732064
0.163000393485422 0.201825942105832 0.187377979628206 0.0927822066480796 0.127761570797095 0.227251907335366
0.164445056318703 0.323832065204646 0.222642581778028 0.176462458882879 0.0103321643742461 0.102285673441497
0.0645603629509862 0.0906522160267719 0.265225103971368 0.221252413051874 0.0995647094233254 0.258745194575675
0.158409735452564 0.173118915028204 0.117531746502241 0.0205512556897522 0.243730039715901 0.286658307611337
0.0785373628942339 0.119837717534806 0.325968717637726 0.0289001606504637 0.0580661292551839 0.388689912027586
0.205907744468768 0.260442789988806 0.299037931671835 0.0718567657846031 0.0120288806826402 0.150725887403347
0.358498118471845 0.020629491905016 0.267218346038001 0.225106824450683 0.0679947240564884 0.0605524950779666
0.243866594328248 0.118893490100786 0.0863761634880525 0.112297222140761 0.296395177703689 0.142171352238464
0.234353148063675 0.0698951945898977 0.118818905283496 0.138285936395758 0.114475294670674 0.324171520996499
0.247461175055045 0.217123787094223 0.19383147357441 0.0101037691869272 0.176366580628865 0.155113214460529
0.134798252891709 0.0750767239089856 0.14379485415391 0.196790637498247 0.215698175016547 0.233841356530601
0.144272387101745 0.179267271347712 0.290491000775899 0.0285207073509831 0.226545471214266 0.130903162209394
0.0432207732933758 0.170435774885981 0.106100703948576 0.283715767494235 0.24793345300738 0.148593527370452
0.0589216458378806 0.0440258969963123 0.291385553912327 0.14403320352839 0.209506626817332 0.252127072907758
