0.0326230002123475 0.323303246085288 0.199347795935132 0.107902274274002 0.138491376411652 0.0931801492194266 0.105152157862152
0.124570888115556 0.134114308653222 0.312380963661463 0.0399969164377009 0.247818847246454 0.0444432118187203 0.0966748640668842
0.124613936353631 0.130600544206844 0.0414946632479586 0.181487954940516 0.169873128733301 0.221224585263126 0.130705187254623
0.0420941808879956 0.329232662636663 0.153893348803277 0.0885950106499166 0.026563573673644 0.204082631678244 0.155538591670259
0.231908668273613 0.152848390278152 0.356935841409949 0.0383083669907066 0.181706828099055 0.0174645569945237 0.0208273479540013
0.0646119847865289 0.311881289927268 0.172856174633829 0.0444509403405948 0.211249579214969 0.0569306405183153 0.138019390578495
0.0100292005768858 0.219528271684487 0.277967723941284 0.0434825749915014 0.331828365138993 0.0710663353816384 0.0460975282852111
0.132077220791038 0.153094191510685 0.147000163426497 0.106785514191556 0.189910560303257 0.198606633135977 0.072525716640989
0.181845668299184 0.158674822949339 0.0629079592937614 0.087871469408628 0.158008959039742 0.167746374543619 0.182944746465727
0.0665834655377517 0.24940435061493 0.204909837949257 0.0519806237976198 0.080963145877582 0.302197963994248 0.0439606122286119
0.165613133937679 0.184915662505797 0.223072517053123 0.0570565458321548 0.0929006634933758 0.231275775017112 0.0451657021607579
0.152467621131786 0.175797151054269 0.198260109683994 0.135619371970306 0.234735140933834 0.02260234687185 0.0805182583539611
0.119675711873723 0.127118140165783 0.0874066384358193 0.183460860771506 0.0861449070459421 0.0313638238071304 0.364829917900097
0.086265352964443 0.00192001082922686 0.264711260116083 0.187983080108299 0.184522433939931 0.136090862810101 0.138506999231917
0.0987991272230186 0.0842675923576155 0.190485641934364 0.189715064719461 0.315018133202099 0.0379751330064029 0.0837393075570389
0.0715694939529867 0.234148807106007 0.139744360614749 0.0177504274459606 0.153583995232121 0.246300131652639 0.136902783995536
0.199029018161519 0.170955259327098 0.185354940227058 0.0361191153493471 0.0372698450841501 0.169836875845355 0.201434946005472
0.165805665454048 0.100029706429886 0.133579496550109 0.0667847273911214 0.0703394314533648 0.202208187926443 0.261252784795027
0.174466055121552 0.0751981805312308 0.0122722185095963 0.0781680452405085 0.215920234992737 0.247629537463246 0.196345728141129
0.00538640953749097 0.158607019604414 0.0444136377555122 0.0393831076084205 0.0430219944528323 0.379721314705395 0.329466516335935
0.122509562752079 0.133849269969747 0.0206270176067711 0.0711636059050172 0.190219169068832 0.221238020657162 0.240393354040392
0.135581534407189 0.21696135558873 0.148972670133515 0.0546769606536795 0.15116039907227 0.132459987740066 0.160187092404551
0.194442354996622 0.0851369516403445 0.202079255144494 0.101734552915776 0.125280460886704 0.215285837768294 0.0760405866477663
0.0552208164259441 0.181690223307826 0.0482851028933227 0.221237621937966 0.114998178838505 0.235215919427777 0.143352137168659
0.0758244593028815 0.188317578825558 0.167087920502901 0.201955005241089 0.243093941785686 0.0767001993521103 0.0470208949897738
0.176050537364587 0.0120465425625572 0.319412946345255 0.0974304784191802 0.143874838576587 0.062003711385078 0.189180945346756
0.16390014321245 0.049598633069983 0.172632029465779 0.216148742047726 0.206238194245438 0.0399179366078176 0.151564321350806
0.125265558056164 0.202710033411853 0.148539102191481 0.0796413302177399 0.121918697720124 0.0432801281980299 0.278645150204609
0.162991481243546 0.0453689211497084 0.0326548612372173 0.304795687533466 0.275355227032318 0.0324040477725266 0.146429774031219
0.142263823527657 0.140894172741882 0.110714515490059 0.127730186287265 0.164002717970411 0.135184619234255 0.179209964748472
0.0876728850712327 0.164575174167348 0.208929325182908 0.176053402254442 0.10616881932893 0.0650487494708644 0.191551644524276
0.0824006557626415 0.203330728763186 0.0826928850951062 0.223002122100781 0.0382795685293418 0.130099099767272 0.240194939981671
0.130352570008884 0.0762756661779577 0.0411441816741582 0.316763399637149 0.139009661041918 0.0161216002538812 0.280332921206052
0.140739545739699 0.168743232855267 0.149864201714946 0.0515122452926513 0.208178790747731 0.0619624654057897 0.218999518243917
0.0403100823515895 0.169165217290309 0.184458316158828 0.212080805130815 0.0878972345738917 0.108632625072098 0.197455719422469
0.24503881687013 0.248302825612208 0.0874629297236138 0.026826433755341 0.24785156934807 0.133271643380703 0.0112457813099331
0.166488260634089 0.0551575897658063 0.243965348619002 0.00135014551274939 0.0535381879536313 0.270502786745621 0.208997680769101
0.168618625990102 0.0876080634764312 0.027867047969196 0.236201808412878 0.157044966445267 0.205554898461728 0.117104589244398
0.0221397798607059 0.0680314816663115 0.375484045602329 0.242802878806058 0.0333455324819181 0.108825452713273 0.149370828869405
0.0189943768016965 0.259793500815605 0.0743384894899549 0.222965721953281 0.0887394514360402 0.0742175989810198 0.260950860522403
0.000918264718709959 0.183625329349251 0.0645391961056846 0.262534982654315 0.124166829576337 0.0645449814999256 0.299670416095777
0.098251557273823 0.0599374190731731 0.117124214891775 0.216646839906433 0.179202403140815 0.178742958221752 0.150094607492229
0.0224806634248525 0.151695723153757 0.0835447993510214 0.144954614880425 0.159750073176693 0.247120120859845 0.190454005153406
0.0822038212184664 0.0584393680000467 0.0974738235482543 0.137430580376992 0.211883543896988 0.184861691321097 0.227707171638155
0.200016172515347 0.190808765798735 0.120976234695964 0.203192502391561 0.0644235456972393 0.0633080647972696 0.157274714103884
0.130300225753742 0.0347050213480853 0.229325224841859 0.00509040894012758 0.272003214740274 0.13695282388521 0.191623080490703
0.193176297271364 0.0519931650772265 0.050875935189727 0.244186252192662 0.0755267360002298 0.0541165641004815 0.330125050168309
0.20879527857995 0.154109450415522 0.116982398162075 0.0759285250552005 0.127494554091022 0.184360356932878 0.132329436763353
0.0743829160072281 0.146908321594114 0.1272093238593 0.067476710933787 0.132435135101067 0.182819561773707 0.268768030730797
0.136546615196826 0.290078484368878 0.0784447053393258 0.340760645781369 0.055074111175032 0.0542337455359363 0.0448616926026321
0.218696444333817 0.138892034613122 0.222190770961262 0.136240339148332 0.171461394186736 0.0734419567379987 0.0390770600187326
0.225570196863013 0.032985209930384 0.221113361857581 0.0354848118947716 0.21119366877396 0.060311269371142 0.213341481309149
0.178861077082651 0.145726889089828 0.137398552805331 0.210310891194897 0.00101011547847418 0.059492400571953 0.267200073776865
0.217646701603044 0.00404786190375029 0.0857501620017473 0.141308283195456 0.182283302845964 0.136899686927223 0.232064001522815
0.00517527957538432 0.0560914720755301 0.243805211864172 0.242449773374765 0.0984066873190513 0.224728162827955 0.129343412963143
0.153085633882556 0.192285248609504 0.0237245033419622 0.191570434925545 0.271107267034357 0.0825493389187386 0.0856775732873378
0.107366637993693 0.113342706678505 0.474944357641422 0.015590847752409 0.103371419335846 0.0828951497224152 0.10248888087571
0.160903915827842 0.108081369878114 0.141501227661185 0.217227033127893 0.174209564419914 0.16116937572876 0.0369075133562905
0.182011844743374 0.0932764444420448 0.126799074473157 0.0818303755118512 0.143595233878726 0.22016779526349 0.152319231687356
0.136512022057829 0.161652604070987 0.217856654281445 0.0100042540973618 0.108985673945775 0.216179603503551 0.148809188043052
0.331145930580222 0.0946765032275736 0.0918875927517281 0.158067112493561 0.0357405724127536 0.222146712132811 0.0663355764013515
0.196623390416643 0.0323669583285347 0.122729121718254 0.15043814979283 0.150500366294844 0.056788250259586 0.290553763189309
0.213832805881882 0.182298034090558 0.0156767140426073 0.196663735829729 0.105030516922526 0.160562000215384 0.125936193017313
0.0613346507187123 0.166733890869201 0.0516204477215525 0.0172290690881818 0.338989081411467 0.0725552806618606 0.291537579529025
0.260527126083868 0.036460636956966 0.357756301653393 0.130329234084327 0.0542609723161403 0.0910107410217423 0.0696549878835638
0.026520375746873 0.038977444942838 0.352790438092499 0.103911075576478 0.176929791473663 0.0634195378380151 0.237451336329634
0.337994135869523 0.00635733578472601 0.0316729060906606 0.139839411404344 0.323795995877639 0.142799910516251 0.0175403044568569
0.113683017335137 0.278503071287072 0.127942381460559 0.162031033231264 0.066855398893059 0.198726804957403 0.0522582928355051
0.217422373016317 0.023413217963238 0.0593925682817963 0.120142979087089 0.175939744421718 0.184902666442504 0.218786450787337
0.226488768673154 0.155229313322058 0.280058806024286 0.187089143615217 0.0319304834987502 0.0059427564789145 0.113260728387621
0.0418863346017617 0.0649491948553061 0.132274140153824 0.465257791172378 0.111856720007601 0.00164221720312487 0.182133602006004
0.0977545496154927 0.291255474448698 0.169529472197665 0.157033830417528 0.110632524333719 0.0770247318830326 0.0967694171038649
0.220388518085638 0.0450043227999915 0.275528695810806 0.064175838088829 0.0298068275307093 0.264350439688828 0.100745357995199
0.400208389330892 0.032672117977323 0.2652251691134 0.0227357890920047 0.102042933730955 0.163860713799416 0.0132548869560092
0.184440611698007 0.0114279580440816 0.218505654103639 0.100865611297287 0.226607835873797 0.165627143349366 0.0925251856338222
0.0801230190264801 0.190097883914179 0.16491708517492 0.0309236449715432 0.129632805349868 0.18764753109258 0.216658030470431
0.0235031774268407 0.299787836345947 0.0361679243609151 0.00498725526586228 0.200974621939072 0.226907973342701 0.207671211318662
0.155807926222426 0.175146316104749 0.0981289432305014 0.123395698118664 0.177994979199339 0.0109366387457477 0.258589498378572
0.181455996315301 0.18830841465107 0.158983671075612 0.121110116756385 0.0675500513356789 0.149654722279469 0.132937027586485
0.101833157605373 0.254921031315526 0.233408970025975 0.0746541592986183 0.0523504855705134 0.015357632105422 0.267474564078572
0.0843259142169267 0.101963873436532 0.186664226932216 0.145169217802486 0.147149734892115 0.157953213170113 0.176773819549611
0.1853543292911 0.152006962164778 0.178072820115559 0.276007107538423 0.172724853440983 0.022956054803818 0.0128778726453387
0.0781601062677794 0.169502682345717 0.136221303892339 0.0319337591172559 0.232078130402409 0.136700819982959 0.215403197991541
0.243666065287334 0.164424047133151 0.0774823392477553 0.012476437467235 0.152664403892614 0.164282627018206 0.185004079953705
0.0615764605305864 0.0738202568286773 0.104856325828246 0.393929868926051 0.18868833903856 0.17624715554238 0.000881593305499865
0.091805254803435 0.0315193997654151 0.208985442627096 0.257288679912523 0.118722845232579 0.176532874730944 0.115145502928008
0.081523181187762 0.113424549598876 0.319942441438786 0.192283773189604 0.171891959689255 0.0599927846569736 0.0609413102387426
0.00416879836611032 0.280944817526276 0.247657680860101 0.0881839959346568 0.142667560681404 0.0527882051415291 0.183588941489923
0.0158453730291058 0.0585056626264404 0.13995281882644 0.30868295300942 0.0952169190594298 0.251731037993529 0.130065235455636
0.00373046602428796 0.193508660220142 0.165956543813044 0.000898759890868351 0.145481473012049 0.30454117700431 0.185882920035299
0.17323223836015 0.14337971348363 0.228743743734177 0.208350009351812 0.000878668894976983 0.218046771192421 0.0273688549828332
0.122614620944086 0.147790257234393 0.221844203610579 0.0958628595023799 0.118902704470877 0.201056133106971 0.0919292211307139
0.116353059708861 0.195591359348501 0.118794622146358 0.0905681322640579 0.168866987812333 0.00350734859543986 0.30631849012445
0.163690026934388 0.351799996043652 0.0407003838299343 0.064186212980326 0.110019261604632 0.0892597640354848 0.180344354571583
0.170452542091128 0.175430005161681 0.17357687918792 0.00620365628064502 0.213034309992633 0.122898947563863 0.13840365972213
0.236573699065039 0.221073346712078 0.122685723299834 0.188977288903624 0.173910431382868 0.0494480343754967 0.00733147626106069
0.189913971419851 0.159610287243708 0.054497637276713 0.19822903492068 0.142656116595875 0.0593098691371599 0.195783083406012
0.102504566881943 0.12878014422111 0.203711872434654 0.0893568806315464 0.134054096560617 0.184799082985693 0.156793356284437
0.0242354454354323 0.0414979868412173 0.127403820202314 0.233793738239059 0.122046115012901 0.228508944933136 0.22251394933594
0.00398578307723947 0.0779961229645715 0.1379888980388 0.109927449857708 0.261740278971968 0.179152199128737 0.229209267960976
0.165236709491909 0.234274682343881 0.114143896095746 0.0795824394991544 0.23922724352672 0.093773055266843 0.0737619737757468
0.074552881773575 0.0630305454248537 0.103221849418851 0.200764901496619 0.148684095455465 0.194857445120753 0.214888281309884
0.0849463693500697 0.00668252592898069 0.150638236268802 0.0716467042549584 0.166145863444718 0.266406938227228 0.253533362525243
0.134146969025784 0.246542668329064 0.152032761161896 0.0735304169466569 0.283464352698282 0.00865552317385682 0.101627308664461
0.114037912373778 0.225311658277721 0.20243282348096 0.00868542172950438 0.133869955624162 0.175904078692463 0.139758149821411
0.232797102094301 0.236931592001178 0.0712246041932988 0.0742682226624867 0.182067553967624 0.191481778364497 0.0112291467166147
0.156775028499094 0.141669594060474 0.0937038503231079 0.158402965131519 0.192603373856924 0.0208343772845312 0.236010810844348
0.228151579645373 0.0186956258394348 0.0209725430166845 0.235270700575975 0.118373708003266 0.152319770924463 0.226216071994804
0.0595847588241284 0.0545408928625334 0.25803742296755 0.119284453852926 0.140061803098926 0.145344110624547 0.223146557769389
0.0617641436615237 0.426483703104191 0.182044156654431 0.0483874515532199 0.0657134007554924 0.0620768643839858 0.153530279887157
0.00408970840226769 0.0592165089416834 0.183178235189347 0.0168790563160651 0.212965278855367 0.267228526185546 0.256442686109724
0.0709781993196941 0.0157753081928469 0.275319996712726 0.344707664159885 0.0358058651217974 0.0782567589733949 0.179156207519656
0.285078303948107 0.162058215697639 0.00304374169789583 0.0906123019467347 0.186218659952236 0.0163266695349226 0.256662107222465
0.114562100208448 0.168258177410421 0.186901960359488 0.17596386045908 0.129152151000863 0.184717947202431 0.0404438033592697
0.204989522068312 0.101145689668721 0.165190542600956 0.183148102927256 0.0723786940677394 0.196901445227869 0.076246003439147
0.12546458623094 0.0588099857096323 0.078483700705622 0.194356761159002 0.256742789193551 0.21485370990866 0.0712884670925915
0.0477882931322242 0.0484372995193806 0.320680034901488 0.0685450989268838 0.316509554935005 0.0135828141938812 0.184456904391137
0.084667717993019 0.158019369382624 0.0676475321445783 0.181136666428963 0.148148624840889 0.178429686251771 0.181950402958155
0.0294828078214301 0.27400808542512 0.240364476180284 0.00788305186951858 0.158142356382283 0.23096370934815 0.0591555129732143
0.0722623516728418 0.42063741267298 0.123314127278775 0.0324748765343245 0.24125619753685 0.00144980369095957 0.108605230613269
0.231541298827865 0.0269967792451731 0.0793781961819423 0.22040308157156 0.249319461783484 0.0111747640774184 0.181186418312557
0.103720300861037 0.194493050180043 0.199066359746254 0.151635660071382 0.180252559777986 0.150509718939453 0.0203223504238449
0.0265226402028198 0.120583060350343 0.0583641410005878 0.0887496848405628 0.251930056531416 0.188650874675551 0.26519954239872
0.11400300899981 0.227313168890559 0.104936517698711 0.156486447790476 0.118374847773452 0.0997652181500909 0.179120790696901
0.000278801784258464 0.101477160205086 0.179140113148268 0.0711544496694706 0.209841858125039 0.18721780663875 0.250889810429128
0.237448028890254 0.101966205522007 0.125725397944846 0.249665954147843 0.180688740868849 0.0955248899003892 0.00898078272581188
0.14233882513403 0.104806009173013 0.0283953543656954 0.269062330799051 0.0889163657597723 0.269491001890652 0.0969901128777863
0.0348346874834089 0.269027599303113 0.214952524186066 0.0724765052756022 0.265875239203202 0.00277244595411679 0.14006099859449
0.0979528749150122 0.11835103655714 0.0357519980696147 0.231358639437213 0.228311049564789 0.0745018937285326 0.213772507727699
0.219320245679667 0.298271156054751 0.0511274172459199 0.0545935255398724 0.0114803630864912 0.0548684116439932 0.310338880749305
0.0174513693198476 0.149074977406461 0.0206830358081456 0.121546536859382 0.213893599243639 0.241762888157414 0.235587593205111
0.216572396595373 0.111621577044807 0.195960146531777 0.267043256426604 0.00969683714875406 0.0874956585185831 0.111610127734102
0.126948762315879 0.230904759112316 0.178971368449825 0.000947107991585618 0.0614123886581222 0.229543498177007 0.171272115295266
0.133839094825387 0.0491409300879172 0.0165086367553152 0.154019924429201 0.259823822495191 0.138915516830697 0.247752074576291
0.192247379288073 0.251794929245012 0.18776046090445 0.0914949012874543 0.161507707999988 0.0243693135237903 0.090825307751232
0.00347071510568798 0.220935245553936 0.13470717048323 0.241126965443639 0.171031659486902 0.0408817699897951 0.18784647393681
0.00957290858843386 0.179030959361296 0.0902952773669806 0.0540818500664556 0.185551518486353 0.141892210874094 0.339575275256386
0.116324070954814 0.0871908979940012 0.183011542349358 0.284091358107199 0.212477794968496 0.0365117972773428 0.0803925383487888
0.0986475835333992 0.252685190890125 0.0919753464101081 0.199078979218981 0.110832647403345 0.0919003164816622 0.154879936062379
0.0108382932687951 0.200581497468302 0.256144954697343 0.239113166772451 0.0830771614208037 0.0795211722324739 0.13072375413983
0.0754629265469516 0.247424965880987 0.0376591248086859 0.209888073421473 0.257833735519099 0.115592327995775 0.0561388458270286
0.159079848287783 0.193168956776558 0.0944911559377833 0.140171579826074 0.055823582086779 0.154499209692674 0.202765667392348
0.110681982622223 0.227353589488338 0.102011158162616 0.0341974944348881 0.124201877294296 0.120436896838177 0.281117001159462
0.216057786336569 0.206684271530502 0.161703274867967 0.162660819487175 0.0173115495067386 0.0833772510237175 0.152205047247331
0.00501242927410971 0.227778529841981 0.0864384896525171 0.296191116356564 0.0320855128633186 0.144110643437821 0.208383278573689
0.193298674937974 0.0718477023981218 0.0388716148151385 0.211732751750488 0.152536971934658 0.147785387036526 0.183926897127094
0.177298208539345 0.0555128850502804 0.197921766199122 0.153288639158691 0.142121324379392 0.2232107556118 0.0506464210613692
0.00715317569721529 0.0184509784052044 0.119508837210032 0.316226582237398 0.00358547695317205 0.284356760735448 0.250718188761531
0.10884485418659 0.210033804724358 0.0964967039806162 0.189002421684285 0.103178080020724 0.110450410302429 0.181993725100997
0.0598651143518894 0.17998939803946 0.198462152199581 0.0975229597122258 0.161769711357901 0.124666185282092 0.177724479056851
0.114142163547151 0.403423589293871 0.213982682461766 0.14985924964429 0.0284040121742584 0.0673330349751443 0.0228552679035197
0.239164073641196 0.111369351237907 0.100771378176023 0.184860163312874 0.0597262192286766 0.271493855166003 0.0326149592373193
0.196220083804659 0.106916237608422 0.185703788596472 0.225775003775667 0.00127429869182027 0.211109020483699 0.0730015670392614
0.0890017112229391 0.2530963904382 0.214453415832002 0.190288710094372 0.234037424552501 0.0120401242686499 0.00708222359133655
0.0990402642050318 0.172651609149725 0.15553876918993 0.190495079251304 0.168733745213365 0.0056460953855609 0.207894437605083
0.065003555514118 0.198460564695304 0.138591664387295 0.14328919013345 0.0660459615576202 0.199224466549724 0.189384597162489
0.0164737717243463 0.0622108182090739 0.354153453987186 0.101386714001348 0.0601475786333844 0.354005967735414 0.0516216957092474
0.0856020497665538 0.325214611512328 0.0611134678165383 0.119750265422653 0.166153019041714 0.175889733064579 0.066276853375635
0.0222792293376376 0.111484258255479 0.079043107493852 0.222234700930147 0.210532536490118 0.0851245381886396 0.269301629304126
0.144271596812414 0.221657322303943 0.200916401244372 0.0153852474149103 0.19325244047861 0.0874103461784571 0.137106645567293
0.152602617124627 0.062439129512265 0.217643341602403 0.22410709764499 0.213785770930536 0.107366688004746 0.022055355180434
0.083438168915654 0.229324776297533 0.112726839802581 0.167229277361807 0.127256983279809 0.172968279001855 0.107055675340762
0.193577877149869 0.123947633852064 0.144612914249415 0.13148936041874 0.185819472775559 0.137192420633307 0.0833603209210457
0.20401606300498 0.0589485285819164 0.192331215196712 0.0866197306465777 0.117252653790547 0.160291050586499 0.180540758192769
0.191599198812804 0.180086579929741 0.229894795665863 0.0239398446053391 0.202549802212691 0.00679676346251282 0.165133015311049
0.234656294384086 0.11483765903194 0.229270075871608 0.0958988545344996 0.0490348925421351 0.221293383918569 0.0550088397171626
0.0624266373656226 0.225204570534245 0.240860020276156 0.0460776460186439 0.163699092653188 0.00322560047480754 0.258506432677336
0.114789823999961 0.117647187886336 0.142004570901701 0.235907176859279 0.0567849560754681 0.159457108599907 0.173409175677347
0.0253236760847265 0.0560219196950089 0.154271701472474 0.210049129624223 0.129721778466039 0.251522917809194 0.173088876848336
0.0254916257763146 0.150580190680944 0.163268356962557 0.138210717669636 0.232311585870174 0.0702040339691856 0.219933489071189
0.190473157840124 0.184317445919901 0.221019536991386 0.0967360251689428 0.0157170882077 0.264377642298455 0.0273591035734903
0.0367299174112376 0.0243648593914874 0.176183513891831 0.158840760175133 0.193216084712183 0.18346251194298 0.227202352475148
0.0522395619719863 0.129114344972917 0.0427186167456379 0.36249715750777 0.0638356003101812 0.00016404824654882 0.349430670244959
0.0609662782263697 0.0712456046546371 0.216342712177108 0.152693959905634 0.0558318371651491 0.245830936141629 0.197088671729473
0.183146161284492 0.112719181883857 0.125620326815546 0.16171396322875 0.0702169275860151 0.173790751722304 0.172792687479037
0.110524657474201 0.223205052043913 0.0736903748777568 0.04656138154995 0.0949864993154987 0.15353504916399 0.297496985574691
0.0625494463001528 0.246844813903899 0.0320314383424693 0.0451829790767601 0.289540798548284 0.184315796626579 0.139534727201856
4.6556046039299e-05 0.341588448933914 0.214774527107748 0.0671599356738487 0.192549798250093 0.0629771310796143 0.120903602908743
0.12688860030183 0.127505909076646 0.126461098669222 0.0752271784878871 0.182441800406815 0.150270192424522 0.211205220633077
0.0972895411786405 0.184976719168665 0.0382228753737734 0.206618035215321 0.14340280903792 0.0604490294449528 0.269040990580728
0.185197731316339 0.0827957912997666 0.149580990042312 0.203628952416253 0.053534663377864 0.112154651003675 0.213107220543791
0.0258723736588483 0.259915172122584 0.072828979102435 0.137447825243823 0.0700633730804659 0.281029274560132 0.152843002231712
0.0496186513056869 0.084443030393476 0.0881531291356392 0.0700088700725603 0.332116753688458 0.316313728281995 0.0593458371221839
0.169781312160979 0.137625970375072 0.0867317896768705 0.149821416344326 0.189443501107356 0.0902008353340794 0.176395175001317
0.130816345983982 0.141052768549053 0.171962367892358 0.178121866511138 0.0969907475652555 0.128280482516786 0.152775420981427
0.197908106426813 0.154928127044221 0.24133162644311 0.040296150021605 0.0315845558532615 0.136188204294884 0.197763229916105
0.138107903141778 0.187692017529 0.138577577158021 0.0841268115203696 0.127466156699686 0.0940670073112784 0.229962526639867
0.113888316649001 0.193626319977467 0.133571805572173 0.112880379248452 0.147366550316989 0.136818788163741 0.161847840072178
0.191290364982414 0.214860846542232 0.0539893228210283 0.221379913033265 0.0649663581020463 0.159139131682947 0.094374062836067
0.30316823389656 0.0817337366933223 0.325715021610171 0.052263754421554 0.0753466996780966 0.142273598196302 0.0194989555039934
0.135604974095828 0.196015305159206 0.228441881578191 0.118133804964938 0.0801982873301004 0.0598249912741029 0.181780755597634
0.207093204971131 0.0946879020684547 0.0544295890200236 0.134322452216069 0.0845835683723729 0.191529130757591 0.233354152594357
0.0369344815973863 0.152572499705265 0.306148966030714 0.263080437100189 0.0628783528823268 0.177640226037437 0.000745036646681111
0.230323686376684 0.231349012861179 0.0352111205801443 0.25998622866032 0.149405792159838 0.0489635994271206 0.0447605599347137
0.15091220881418 0.162945353204292 0.292631605856058 0.0660306215218588 0.0202662997231218 0.0973518354463648 0.209862075434124
0.26241067751524 0.309030620832341 0.234650530238141 0.0412843728680062 0.0504021196728833 0.078348442480508 0.0238732363928814
0.0146218889766098 0.327019513269844 0.0472441178851212 0.0882005637654988 0.360006723899302 0.0587092916965309 0.104197900507093
0.018054600298333 0.0233406275040532 0.171669370497049 0.383809221910579 0.109616030832418 0.149199818354962 0.144310330602606
0.0250169278706738 0.0966359925500517 0.206440925679911 0.0547102939714114 0.183906280853323 0.199078869865197 0.234210709209432
0.0125136229543986 0.130566313367045 0.166064074337254 0.134856087086413 0.146079323158582 0.148042236880814 0.261878342215495
0.231970363104771 0.187513299442846 0.124271230602202 0.0956429397239628 0.13430661129654 0.0489758645724731 0.177319691257206
0.246361658076052 0.155185722488977 0.241410603857339 0.0397690242804534 0.20736760563045 0.0108866005001969 0.0990187851665311
0.194163358878751 0.0210627846577584 0.17357490107553 0.0459062803237059 0.0732787256182604 0.277353208781735 0.21466074066426
0.224104957822382 0.074856901965342 0.0580147228460029 0.0966860735580894 0.199687534750098 0.109411580790669 0.237238228267417
0.0153744933288601 0.00072229724459054 0.304667011771871 0.147098831537335 0.195236429612226 0.00941640229533108 0.327484534209786
0.108686809140037 0.109117008042567 0.189063990624011 0.180676718212218 0.1911016559112 0.15914251358859 0.0622113044813778
0.266915577885423 0.000148774388261108 0.18632239840614 0.112065195214931 0.239947138756836 0.0300951185545625 0.164505796793846
0.0461353005124159 0.074542385391926 0.256109709942701 0.168461547998066 0.261923504646058 0.100811931501216 0.0920156200076173
0.267710818255152 0.290005161866113 0.245340612311956 0.0108494318506048 0.078633549299779 0.0926762191447558 0.0147842072716395
0.179310548586457 0.176826456172617 0.101663935681162 0.198076915377136 0.126292088203803 0.12648437747848 0.0913456785003434
0.123782614494387 0.201377223963196 0.133552521214585 0.0391049212396523 0.160093281076673 0.0909256062471835 0.251163831764323
0.114830894722072 0.186008344397018 0.176274186695275 0.20918695632367 0.107004587927844 0.124435132646471 0.0822598972876493
0.15599800535657 0.106437548598885 0.12092002395754 0.159491041093444 0.0612858333764453 0.268256076717162 0.127611470899953
0.257706941948866 0.0714674365918731 0.114904625167822 0.0675623270818565 0.277909492124933 0.0310092436563223 0.179439933428327
0.203874176209157 0.172355294391477 0.171057693334004 0.164447582143114 0.162289157191317 0.114094340333236 0.011881756397694
0.19913987467533 0.0417855647127339 0.174616648275063 0.121841745897373 0.0904091399188308 0.0876437133215478 0.284563313199121
0.00137798362250435 0.101802153027127 0.18479279911317 0.303279525468973 0.38483253466562 0.00807556593681587 0.0158394381657903
0.0333614302073827 0.225056755967398 0.132123365070209 0.0898248913383354 0.0949211849021459 0.204801126741593 0.219911245772936
0.0431262661329289 0.0543485724412547 0.344440990003175 0.0369051104095496 0.104320124736806 0.126117884439423 0.290741051836863
0.152515422272365 0.0955404105417257 0.132752353170321 0.0506021952971998 0.255058431964689 0.200181751676866 0.113349435076833
0.0939117788022621 0.174437851660739 0.249529764586758 0.0873338422436616 0.225392644473962 0.0617736822864975 0.10762043594612
0.142987382200446 0.0507875997364862 0.182462998861112 0.113546043090365 0.127568700039456 0.159581611408092 0.223065664664042
0.168181340936339 0.127466951010562 0.142152774678981 0.0625554343179759 0.176952135437669 0.13795382397106 0.184737539647413
0.249323998944746 0.279800534335615 0.162552126918941 0.151673437914283 0.065257790627303 0.0367524090292349 0.0546397022298767
0.120470894537573 0.0573118005792307 0.137387512026006 0.29784809995251 0.067986804725443 0.168653426758614 0.150341461420623
0.105114065393224 0.145498655300443 0.216443131045391 0.24373830597737 0.0672347201458873 0.0776512232246565 0.144319898913028
0.254165354417205 0.0441516032113652 0.253645788923074 0.0864271522860938 0.147897447249641 0.147275169435962 0.0664374844766592
0.146302755510743 0.201067713985947 0.0410592266845459 0.203125466326691 0.0721439171519399 0.122782269257863 0.213518651082271
0.179478571741487 0.195420330802309 0.164589690864509 0.126292852380576 0.133862281174784 0.0850546168640033 0.115301656172332
0.107250305265715 0.0922088149289534 0.221664994169985 0.18557359748309 0.125198867434976 0.0890287812132974 0.179074639503983
0.192239881442597 0.0478481811033685 0.0442602089480289 0.221336568337143 0.322134005780638 0.142454131080621 0.0297270233076041
0.189336763363988 0.0433806564489789 0.235402428215861 0.175245676720025 0.205771686567256 0.0765489473764071 0.0743138413074848
0.109328564074101 0.210334454622225 0.113463542476579 0.170102550386847 0.20041561925818 0.111957438011024 0.0843978311710447
0.0826681080040756 0.373516483902711 0.118183364854513 0.173866861294503 0.178504415509909 0.0633476055200858 0.00991316091420288
0.192624366775289 0.0989130638943993 0.10801173410061 0.272836841210249 0.00737883362746648 0.218077316158232 0.102157844233754
0.100410214926209 0.0302866403329172 0.113731334419873 0.177962711223246 0.327564203629125 0.0655885822680482 0.184456313200582
0.197190904699509 0.118171160023275 0.225404512830378 0.0608327436790342 0.172516315842949 0.0243421050538042 0.20154225787105
0.176982351964166 0.171508636703973 0.175190259148426 0.180758920046749 0.0507506623903555 0.130367270325186 0.114441899421144
0.209529746998264 0.0276182113515438 0.183201990972575 0.101673393003751 0.267288081826352 0.0425716556875759 0.168116920159939
0.0710384382436449 0.151916068978145 0.255006759491015 0.0167155107798614 0.0256141372188725 0.250692826030659 0.229016259257803
0.0556638906764462 0.199921126280487 0.193917950721081 0.265471105340343 0.148837920076375 0.107893805963253 0.0282942009420139
0.0917702157647026 0.186574756995483 0.0866955609194104 0.209479533772604 0.150578800263265 0.268390581723759 0.0065105505607755
0.189627347013346 0.191228819105942 0.173222927009972 0.0584709152829207 0.0977107770997143 0.0843506642058679 0.205388550282237
0.0152076272737451 0.134489110693229 0.186603402054275 0.00404903486661278 0.210032484818675 0.228620542913141 0.220997797380323
0.160892512282408 0.0457895912043203 0.169640422763208 0.309463126400698 0.0221051405777756 0.278028396065829 0.0140808107057601
0.0549068770130126 0.0699732858887617 0.218406580580552 0.206036082239373 0.270610144060475 0.102468338977177 0.0775986912406488
0.0504390702870062 0.292200098628404 0.20836803382357 0.244059458986836 0.155840468551691 0.0478567043879318 0.00123616533456066
0.288311072152075 0.00264561115727239 0.176095362733508 0.0531350517445113 0.262549366200877 0.141663403065466 0.0756001329462908
0.235317731258981 0.172481386364228 0.0752009634654234 0.0828387463142468 0.245447704484167 0.0845091972808157 0.104204270832138
0.0633106173594275 0.243737396049973 0.124087252092381 0.155226235743603 0.218307743368331 0.0627150241963276 0.132615731189956
0.235039714877527 0.218188564230324 0.117424078713563 0.157238236895131 0.121569044654198 0.0168749332366485 0.133665427392609
0.0610660998707617 0.247124737900368 0.16567885777603 0.141362752450041 0.157744442783308 0.168686278204354 0.0583368310151378
0.135016089988583 0.192799003795798 0.0879455377198376 0.303472351915803 0.00578844349219955 0.116440331021164 0.158538242066614
0.18670034249641 0.251055097190787 0.0503605903930553 0.149887792084077 0.0676677105983153 0.0723404441450762 0.221988023092279
0.14342603703078 0.0945213726134055 0.0161641831461523 0.158048258518369 0.152651052994069 0.165349305622476 0.269839790074749
0.0827769378968628 0.118456485659229 0.192157866340991 0.146438177577556 0.231139845792189 0.204302310020334 0.0247283767128385
0.261910635945992 0.101641950773847 0.21324895792747 0.188447543761935 0.00727434408549885 0.0437051732155253 0.183771394289731
0.11722520198509 0.182465970225893 0.188634381163303 0.0156386104430439 0.189063766211751 0.219848649528579 0.08712342044234
0.174500037737575 0.145613711656553 0.0216396589215909 0.242203087639801 0.114383840251546 0.134701324191684 0.16695833960125
0.19445591476024 0.0945116737050758 0.161289241184269 0.168171310770681 0.191346886678723 0.0737947305505192 0.116430242350491
0.142703747898267 0.109260747537434 0.150801894406863 0.109479278090704 0.225449213994279 0.262219187193074 8.59308793797981e-05
0.160516670485378 0.00726915645604216 0.172218738459386 0.185644900562345 0.154329156414891 0.0649881176647317 0.255033259957226
0.0903555098643093 0.110089997578842 0.219466958029383 0.0689598479869634 0.109545055010784 0.221518515430784 0.180064116098935
0.294289335480858 0.075717924070013 0.278995034006399 0.160401415356015 0.124915577906298 0.0110470628924124 0.0546336502880045
0.238224279247474 0.101980954603126 0.147366668089044 0.0465914638139076 0.112318806592577 0.232041111911683 0.121476715742189
0.275787350927056 0.0634865872451413 0.00114896983877313 0.249091117781722 0.0598477192017558 0.329925543110452 0.0207127118950998
0.0083410059761027 0.274554606080693 0.237994055650498 0.00277978274488581 0.16861404576865 0.228932830762658 0.0787836730165124
0.0800898016776585 0.253523824687131 0.196634613780983 0.15060430331632 0.262867434557861 0.0356022225590315 0.020677799421014
0.101053061323927 0.0727669805338533 0.284706347547409 0.165998942883011 0.185860760124176 0.0908311487848438 0.0987827588027808
0.0412591963251255 0.169634449437735 0.196967783233115 0.138084689425343 0.15696936273887 0.12229090543143 0.174793613408382
0.0325752706284792 0.190494490685077 0.307810636071402 0.0974874638798216 0.306095348031348 0.0249975004287579 0.0405392902751143
0.243155039242373 0.198450472059724 0.129422870162002 0.181013585813714 0.194662350046063 0.0359309153910091 0.0173647672851149
0.231368849032813 0.0508768798874174 0.116698187630259 0.166576825817252 0.0539451637539293 0.250250356208544 0.130283737669786
0.0969539028142727 0.194078357561661 0.0084502894720292 0.0679447705578239 0.250529612626493 0.314200076867996 0.0678429900997237
0.256406037028955 0.179096302488221 0.158536825432366 0.19435989893501 0.0237039546523116 0.0158876836240951 0.172009297839041
0.0567994538442387 0.187601384391277 0.152706109397942 0.122872733857752 0.175967885837123 0.131519915573493 0.172532517098173
0.112010403203381 0.194910962798864 0.172971937308374 0.230679712762834 0.17609930103505 0.0574720795352806 0.0558556033562165
0.206860234025034 0.231764269799249 0.105061687223492 0.175927897638728 0.182179665859127 0.0184024690644136 0.079803776389956
0.13257276187372 0.124367475070226 0.0770323275366536 0.203497785499185 0.215473652285554 0.209651516518638 0.0374044812160226
0.07176390235787 0.140268721984658 0.224243010538737 0.225394539185174 0.160965391069712 0.0816187865671829 0.0957456482966673
0.139577259767052 0.199526710067426 0.0397776690216032 0.119962834275269 0.195313570115356 0.178138940041407 0.127703016711888
0.185839293614988 0.0654944711201822 0.0739648507496941 0.177489740070516 0.217985178224481 0.115725405853344 0.163501060366794
0.0568246232088173 0.0449223327053074 0.270844755765347 0.293842737240265 0.294932697228129 0.0274222917914718 0.011210562060663
0.0256210626597862 0.156618866437798 0.256136305618638 0.255002377692684 0.0487774963889763 0.203538329139461 0.0543055620626567
0.0679622936622146 0.241941495498015 0.0871448555107374 0.201108847701183 0.0631861036477908 0.0785239755029166 0.260132428477142
0.10315150667641 0.176184277844893 0.104090455712067 0.145720463656311 0.178803412882428 0.132464466176232 0.159585417051658
0.272701363825491 0.282996522104969 0.126895938383971 0.0340958292867197 0.171936808250415 0.100135888030945 0.0112376501174903
0.232090762962706 0.205320725115966 0.00812311129737146 0.0995727104464232 0.144137281017084 0.0804466131250215 0.230308796035428
0.0117408719045426 0.0231534749411825 0.221077801857369 0.13733463498528 0.254010210108505 0.294651496609569 0.0580315095935517
0.0350470325464045 0.23030937726734 0.157454694732867 0.203748291035338 0.227439152954913 0.00560156268597621 0.140399888777162
0.499119895334165 0.00524232754072143 0.000798235620654771 0.0836226704644529 0.317498555695854 0.021970500788445 0.071747814555707
0.111670126981612 0.0769255461994237 0.10151984985296 0.1368138794732 0.148849367312996 0.167920331990952 0.256300898188856
0.278126019210389 0.112921293290908 0.269776294522899 0.0516833351578236 0.191229202658744 0.059361462763477 0.0369023923957592
0.0832724852998764 0.172920367908845 0.121750332312235 0.128305128130576 0.245618975116584 0.191808560558059 0.0563241506738243
0.152096026081494 0.332767968337313 0.13531442596579 0.00911782575150705 0.132572037902676 0.119628670924833 0.118503045036387
0.172016722412773 0.0779790361058479 0.228806255334661 0.0245231316729384 0.205283933715984 0.16163357681371 0.129757343944085
0.272663135109704 0.0491639317742458 0.255160936932553 0.017390625386521 0.155546489898224 0.0379378003142844 0.212137080584468
0.00301049448720971 0.0966310162318132 0.193821399131847 0.179207038942915 0.23918786836628 0.0607381048730549 0.227404077966881
0.116456241668667 0.243208960054578 0.237263889752446 0.0058757437167382 0.0972105901190156 0.21514551039386 0.0848390642946958
0.297926525074828 0.157252411116506 0.0133731669791307 0.183037299706555 0.128858245884065 0.201110235236182 0.018442116002732
0.109951586935644 0.167268378100405 0.148569959005881 0.135268046432319 0.146710967964237 0.105624758804765 0.186606302756749
0.219411502916126 0.110661745676417 0.0965605343575103 0.214703621997301 0.182713972116481 0.0464298331144536 0.129518789821712
0.12714566890403 0.243613536772945 0.00604657201274682 0.0859091348409305 0.263270134997391 0.0119461699953286 0.262068782476628
0.280486872350952 0.199547947372307 0.0070966260843061 0.184226785161761 0.0328509773789593 0.0559909369358478 0.239799854715866
0.149566205233142 0.132003741236901 0.028528329695775 0.298327295138812 0.173582108944673 0.132283585425824 0.0857087343248733
0.0906176769760074 0.176124566152044 0.180280114338786 0.205338096047109 0.171676041908283 0.143061274418994 0.0329022301587768
0.228837582735608 0.0806259748354057 0.0305360957599667 0.166511033092116 0.0220741076282966 0.253878786889719 0.217536419058888
0.0772588385350622 0.208032972994037 0.050933169692478 0.113441764528432 0.130604326517674 0.180935587015715 0.238793340716602
0.156845159552811 0.170319604688421 0.0475108232257259 0.199030248905731 0.194749678314901 0.122292599682416 0.109251885629993
0.0552088829720174 0.137647362949977 0.211909290847203 0.0734813870498674 0.186254324601705 0.209556789200285 0.125941962378946
0.0862302333619466 0.15492945983804 0.138658750948145 0.0837513866112283 0.313676426795089 0.163301978440727 0.0594517640048236
0.181323693420221 0.0850239455837619 0.171648317117794 0.163016048494981 0.154322416030983 0.184079504050289 0.0605860753019701
