0.200651949032217 0.278965000610336 0.339718129768253 0.0288023751282399 0.151862545460954
0.322478300619408 0.0466057355685055 0.250065603992064 0.00713797679496284 0.373712383025059
0.249352284315332 0.149894040378862 0.297972906313175 0.163638444701861 0.13914232429077
0.221058626230106 0.084332820770655 0.273082391883426 0.208746184532181 0.212779976583632
0.0386667907221283 0.197322185246637 0.0551619523485483 0.423756313657126 0.28509275802556
0.204986220172443 0.283199414482557 0.155414170502784 0.0740652230024613 0.282334971839754
0.0886219631022428 0.1124836814771 0.0906865638271701 0.373564946227805 0.334642845365681
0.219288749687144 0.318559044084537 0.225069379470455 0.13108123256998 0.106001594187884
0.0588488346006316 0.381042359987638 0.0609538107193407 0.261710295787728 0.237444698904662
0.262305350829966 0.328588369993124 0.126704822102283 0.021510347689777 0.26089110938485
0.166765129846673 0.0377394858365108 0.181398358699041 0.168484434682731 0.445612590935045
0.383530003683293 0.0469157079908467 0.153271309942365 0.179331752092792 0.236951226290703
0.220515200976909 0.140451049160215 0.08163638976184 0.132995028535539 0.424402331565497
0.221978701389157 0.217084327269317 0.207740375356815 0.136057996973841 0.21713859901087
0.188737537219711 0.209336412208615 0.285340669337383 0.250692835523474 0.065892545710817
0.0620488524098482 0.359828501094389 0.31152771161144 0.071095534220099 0.195499400664225
0.119642310412535 0.224260887925689 0.352139915954435 0.198989418977245 0.104967466730096
0.166850217596715 0.314571335179717 0.0345915946166791 0.483957711234201 2.9141372687481e-05
0.421082757949777 0.266984895743576 0.0741723468396387 0.0831023059380332 0.154657693528974
0.189163964958688 0.0916420669314461 0.233059022084886 0.220963473941893 0.265171472083087
0.328616201260817 0.160927297334314 0.0307591701609138 0.23051124805671 0.249186083187245
0.226485568545382 0.279853657085216 0.0670852181057984 0.22467464360988 0.201900912653724
0.113173761688165 0.283360454250769 0.195017108986124 0.231357373168221 0.177091301906721
0.301709784740444 0.403284158569871 0.042854286412046 0.133771403902265 0.118380366375374
0.00385232526830705 0.384372589556815 0.177215434306312 0.398152923080842 0.0364067277877247
0.301568346067355 0.0703443455805352 0.297078693362467 0.0949196170097097 0.236088997979934
0.199423474704483 0.298535572460678 0.16271184418057 0.016637274719436 0.322691833934833
0.0132556298785418 0.0904775601692996 0.227807448938868 0.320733048115764 0.347726312897527
0.337373731933128 0.233107568623347 0.115682651512778 0.0885801341502021 0.225255913780544
0.144911789258903 0.1606126072678 0.323762013323802 0.0838176649241867 0.286895925225308
0.159591922336847 0.253524744529882 0.0292123645263207 0.173919269373177 0.383751699233774
0.070433798337604 0.29738452205544 0.38538907471871 0.042144677760191 0.204647927128055
0.236662558557389 0.149544911913881 0.0522651323500721 0.379997986738054 0.181529410440604
0.256590167240938 0.106033074185074 0.00950720797761244 0.352411616758981 0.275457933837395
0.217546849274201 0.338629065923221 0.186896257528166 0.193490283399169 0.0634375438752428
0.0893361342209399 0.153769187629372 0.374972784334911 0.22554730527064 0.156374588544137
0.24572231919304 0.165666959500062 0.255108438483682 0.0173149686073748 0.316187314215841
0.128498253974327 0.295879902093989 0.0629559978816922 0.230936912990639 0.281728933059352
0.224578481816117 0.164725144370356 0.253118776070045 0.0316769842458756 0.325900613497606
0.387516405970484 0.0158684678907058 0.0566958216278483 0.377304371790813 0.162614932720149
0.0367308176148124 0.22681276088378 0.324951325386999 0.170651532682364 0.240853563432044
0.24143198468197 0.293684501653636 0.0602966758899201 0.291873509798108 0.112713327976366
0.0346801441471559 0.425933712898972 0.43713966956868 0.0319211843339985 0.0703252890511931
0.0803244062416412 0.195597741159041 0.08493297413973 0.286398246939626 0.352746631519962
0.109323665093248 0.266714196050452 0.0069189070140829 0.382906977820313 0.234136254021904
0.192967010393468 0.227897005396561 0.245752321077331 0.0816514057117655 0.251732257420875
0.211667223004016 0.225073274475389 0.246432347877669 0.090470259988924 0.226356894654003
0.320677474905988 0.117518768033801 0.0370209492354068 0.211724331086807 0.313058476737997
0.246795314988391 0.0594189753242308 0.0184268400855093 0.344924677357384 0.330434192244485
0.223864860416785 0.336356003589446 0.188393998180181 0.05925749459495 0.192127643218638
0.0932936952091116 0.0392681909267866 0.0954952578617393 0.529559927202778 0.242382928799584
0.347305990367689 0.178303576952262 0.179105153252807 0.213600751823553 0.0816845276036891
0.172081310912141 0.116545287590044 0.255212021494321 0.244892599917664 0.21126878008583
0.169507425303974 0.0945293070610071 0.234761859175949 0.411759402991373 0.0894420054676971
0.371280951149459 0.067773384554655 0.321157082223109 0.109102526249211 0.130686055823566
0.175517341892956 0.0991619177289705 0.239190419422947 0.250830714109974 0.235299606845153
0.19402571199776 0.217972999699528 0.247766057305245 0.0545198741037724 0.285715356893695
0.0591980135316379 0.154503686303471 0.023687700910505 0.277500577839421 0.485110021414965
0.0764562851603078 0.420316085225205 0.0788638272012317 0.405699290142501 0.0186645122707545
0.168862353949509 0.116667089167842 0.252751002082824 0.192752727977537 0.268966826822288
0.235661751645746 0.234312517276583 0.101039962580091 0.290913141978264 0.138072626519317
0.130349511088386 0.48458864523774 0.0607292477685726 0.242262137218045 0.0820704586872563
0.0014572764588981 0.398999141198274 0.44676416002834 0.139991478874564 0.0127879434399246
0.407347626282145 0.0995870098796104 0.13450029987524 0.0526271066336722 0.305937957329332
0.208576260099543 0.185488651223372 0.44508280736355 0.160038352359285 0.000813928954250527
0.248379297419255 0.167967704823146 0.0795242336457112 0.251942563085814 0.252186201026073
0.138250148337367 0.0935600198819397 0.320895180993533 0.109122803637288 0.338171847149872
0.197703049119936 0.269461871456564 0.317751928827761 0.0585043336551715 0.156578816940567
0.381582854771199 0.262492041910832 0.0110717515637283 0.17305922412725 0.17179412762699
0.309132798873989 0.0974585207934691 0.0665327668302381 0.203650765983269 0.323225147519035
0.23285627153163 0.123717481693681 0.0581073385193337 0.535037112873376 0.0502817953819795
0.0159416440913426 0.388016803334525 0.336201762539595 0.141084680852849 0.118755109181688
0.242252503701396 0.166878865573476 0.0763066468181436 0.380836017038981 0.133725966868004
0.19149503810362 0.0669064059808581 0.280640121696245 0.13798519467426 0.322973239545017
0.234471974880425 0.250937065268357 0.116115077920155 0.158318921521292 0.240156960409772
0.180642500909103 0.123468625838029 0.278698337052215 0.215746168494268 0.201444367706386
0.0314932251897604 0.170899426384363 0.241010353556495 0.097984316195652 0.45861267867373
0.269641406845671 0.153284597145727 0.184592797908022 0.300062759814154 0.0924184382864258
0.0364486357010529 0.15999848394179 0.431054888787798 0.333752630295328 0.0387453612740307
0.418941557215629 0.0506865072187012 0.0204925166377752 0.458790582534846 0.0510888363930486
0.0521462242734261 0.216317061484742 0.27587446523566 0.439591005641873 0.016071243364299
0.270570689523749 0.150090595828122 0.242224950835124 0.188672457062575 0.148441306750429
0.150275934190113 0.0467759157023922 0.334422743169205 0.097274469951508 0.371250936986782
0.230381553326094 0.25665229541623 0.33889075922721 0.109541245307497 0.0645341467229689
0.309646401439215 0.210755450899659 0.10124081788609 0.0382422250944076 0.340115104680629
0.31696020574376 0.0878811872612199 0.257772779863774 0.158656373139822 0.178729453991423
0.234374201633685 0.207652891754004 0.235014740940056 0.112548078185887 0.210410087486367
0.46604475219751 0.0551065167367624 0.0796085878569671 0.38580893081075 0.0134312123980105
0.161403819380966 0.182746786661936 0.157499983996401 0.261445255685049 0.236904154275649
0.120607894431111 0.27176360351837 0.302477236125175 0.0659617179279202 0.239189547997424
0.0575723986835507 0.324673048244799 0.101271306049582 0.204803841388786 0.311679405633282
0.0119243299369281 0.383651826920274 0.177575707274266 0.199141137669596 0.227706998198936
0.290059960084683 0.330196467339615 0.0625670588340868 0.0918082709676523 0.225368242773963
0.327861959687708 0.181613766558212 0.26872458546803 0.12554758854116 0.0962520997448891
0.374398420546671 0.0849966787234026 0.219320609268423 0.0763190298238494 0.244965261637654
0.276696964995897 0.152541568112677 0.02863344113052 0.294573658416313 0.247554367344593
0.331228529707073 0.190855028112925 0.310384773444914 0.113839433334554 0.0536922354005347
0.0111864675776408 0.294779625170906 0.32844618016292 0.100665993283803 0.26492173380473
0.281542943800578 0.0593348775036772 0.22816253934301 0.21349235713456 0.217467282218176
0.0391620510444637 0.280653329122103 0.077089323458827 0.417741458935349 0.185353837439258
0.238835332169981 0.226712122139508 0.0435497594536115 0.186620732569261 0.304282053667639
0.165207754000955 0.0487790921217259 0.436511026491067 0.142669036983105 0.206833090403147
0.237242508323118 0.301936335052265 0.0599494830592224 0.275966453073696 0.124905220491699
0.310236906229995 0.224117858297003 0.0753275001880642 0.199338465997939 0.190979269286998
0.0896000168015474 0.303534648871514 0.0704804735607869 0.289380969909171 0.247003890856981
0.200973982988359 0.390599670735447 0.162586310216483 0.0592352788377831 0.186604757221927
0.229220632283444 0.322102904741291 0.0145738473469829 0.110764899562693 0.32333771606559
0.109378803351887 0.158671054061848 0.224936523519457 0.11245962317126 0.394553995895547
0.209559273920817 0.280297069712215 0.161990297506402 0.28935891782811 0.0587944410324567
0.268444173763505 0.15327758937564 0.191066126482613 0.269879423014412 0.117332687363831
0.230722978675987 0.242180537850993 0.162601302455689 0.0505521545859942 0.313943026431337
0.131075942392793 0.231447951969591 0.235072883391296 0.173102370837945 0.229300851408376
0.153423560884287 0.040907162267948 0.288006021732625 0.305027193170698 0.212636061944442
0.0998103915172687 0.413449663375777 0.156062531424039 0.110189140186421 0.220488273496495
0.268716749662242 0.150628670698391 0.213231687255888 0.181550227107559 0.18587266527592
0.212333280398615 0.0618297654661817 0.430313308973192 0.282336807368 0.013186837794011
0.368732298632465 0.0453465198847872 0.300503907702279 0.16499809533491 0.120419178445558
0.3014737144395 0.0969179799628638 0.293047481050802 0.292071502315684 0.0164893222311495
0.235025062033484 0.10459462952096 0.200051748753025 0.0885451235632587 0.371783436129272
0.254175541638525 0.1892923085872 0.0900965339259929 0.213644176163259 0.252791439685024
0.27625092524542 0.00833851836788791 0.372384607644249 0.18619038026055 0.156835568481893
0.0433547870618253 0.629629724909239 0.155829194178504 0.0287707053999886 0.142415588450443
0.0704577926874464 0.241629380100401 0.24039054136059 0.234537063489357 0.212985222362206
0.3462662808717 0.152869684257948 0.12363836468566 0.316289255600565 0.0609364145841266
0.0580579558634294 0.169332636655985 0.28349543494972 0.246100471949458 0.243013500581407
0.274930834781137 0.0502287949688397 0.361155547736028 0.162832548229089 0.150852274284907
0.212913428401746 0.200248258985002 0.143998102946627 0.268498672598575 0.174341537068051
0.00595646432176445 0.182039257321627 0.396066440473198 0.0183664565035868 0.397571381379823
0.419000330013224 0.0324238318921605 0.249108097779219 0.16164404356014 0.137823696755256
0.264930209604512 0.182204906480215 0.118223286842538 0.248292954303557 0.186348642769179
0.122068778731091 0.00644199856615949 0.44134162883577 0.0187964446802217 0.411351149186757
0.127563595111093 0.286231994126343 0.18283107813573 0.118523186150058 0.284850146476777
0.167368532870074 0.336517290212707 0.0488753435467999 0.0480037543025166 0.399235079067902
0.264562482550641 0.20516215190531 0.191031863804651 0.25276039357992 0.0864831081594781
0.130718285858584 0.130414664074348 0.209499451646223 0.243987571698786 0.285380026722059
0.292603995240662 0.081126560538225 0.26900536464016 0.278545270018122 0.0787188095628306
0.0571971022292567 0.210046426848426 0.159349453709859 0.273217944846795 0.300189072365663
0.238538925043402 0.24592805586737 0.169406020068852 0.190771072002771 0.155355927017605
0.209232674832696 0.228900061861642 0.223553818564243 0.303592615207003 0.0347208295344165
0.237242505014127 0.135460640960386 0.322190027475859 0.289816362067405 0.0152904644822228
0.138968573189993 0.216206342077522 0.196048524317312 0.17043041631043 0.278346144104743
0.0537301551051831 0.123952465803341 0.410903031817423 0.118148979261263 0.29326536801279
0.115220057206478 0.0573841730355661 0.343745083882137 0.144609819012812 0.339040866863007
0.38814835003451 0.193362124812195 0.0849297350726114 0.13291610982872 0.200643680251964
0.187651259484682 0.35680692830216 0.30884303082795 0.126848948584735 0.0198498328004741
0.321248672688056 0.101598671371462 0.115566669238762 0.338948914410332 0.122637072291388
0.360326162689422 0.062638154481541 0.297481526550825 0.274736822717471 0.00481733356074102
0.110166653210931 0.223958500129099 0.302425862322262 0.254367230760582 0.109081753577127
0.0664816675592323 0.183493309817792 0.220105247534911 0.247495885596384 0.28242388949168
0.0955091585959311 0.0922885353646898 0.269032832904797 0.386850874170591 0.156318598963991
0.0771854507722952 0.0665978488260489 0.0871099842982592 0.336576105934473 0.432530610168923
0.155934689041218 0.554796416547088 0.0428212027098383 0.0682039570242344 0.178243734677621
0.095665386341759 0.224673884088697 0.138263664028848 0.300377320715768 0.241019744824927
0.111582629822965 0.169225788904391 0.234498019378288 0.196055839344377 0.288637722549979
0.413035122249388 0.292554470139311 0.236457307064435 0.0372743781508063 0.0206787223960601
0.210960506325945 0.135427636419975 0.190227318779347 0.110683594077238 0.352700944397494
0.250103438112765 0.0186263060017369 0.288115665727266 0.157939984699079 0.285214605459154
0.0646703320514581 0.346293202073526 0.377620437256873 0.0741226869378617 0.137293341680281
0.169330221837406 0.244102019922328 0.196764933319967 0.2238046871512 0.165998137769099
0.127002341737323 0.145602672866782 0.387331983017192 0.184544965476115 0.155518036902588
0.162644298457995 0.0068581420563307 0.299153206020636 0.279808925105863 0.251535428359176
0.102516735238054 0.326913795003041 0.0692806932327893 0.216268782078779 0.285019994447337
0.264205008482287 0.370969152162546 0.0549794282621325 0.196005528066521 0.113840883026513
0.13318792039758 0.0884587646385804 0.171326761841719 0.332405740414445 0.274620812707676
0.2818721866779 0.236043075747822 0.0639599396742638 0.214419031439028 0.203705766460986
0.24496535821976 0.132769462893769 0.176381621119586 0.243784582706528 0.202098975060357
0.103522620551546 0.0449739590919811 0.240411348282771 0.283388903750936 0.327703168322766
0.286897136394937 0.178804666975972 0.221478438681078 0.0693230732193575 0.243496684728655
0.200481404893701 0.174760960651419 0.0901865279038249 0.351922358058002 0.182648748493052
0.417110144121111 0.120925804264206 0.195592719811725 0.0816979927251521 0.184673339077806
0.0724959014169262 0.271410970113797 0.181386549915506 0.324579768527769 0.150126810026001
0.160923036865754 0.203829270618568 0.214569015421341 0.134667168790967 0.28601150830337
0.432132458900984 0.0182940303882182 0.0435496003714726 0.106987342966868 0.399036567372457
0.413679209085889 0.165088209713385 0.117670848691461 0.257517519189331 0.0460442133199329
0.250206950426093 0.221567771236161 0.190203311278364 0.236479850228017 0.101542116831366
0.158421183415032 0.347240894271639 0.244452077133989 0.215013733420424 0.0348721117589164
0.176200949745182 0.198099861754465 0.241032553339367 0.179474247329194 0.205192387831792
0.0571808730578592 0.330005976393007 0.324823713427993 0.216836829631335 0.0711526074898049
0.0229846661068024 0.244892658824386 0.0921957696310987 0.42386539738125 0.216061508056463
0.126607676146293 0.372238810703148 0.159070865019261 0.249731200418416 0.0923514477128827
0.13607541728489 0.0463991873304305 0.325472687111335 0.0168389700905266 0.475213738182817
0.393366190011178 0.098089395092687 0.281965870210504 0.108885312543739 0.117693232141892
0.308534308492748 0.266227395993698 0.351955220279732 0.0422372802854246 0.031045794948397
0.308021793053345 0.0932569791708618 0.214675515507585 0.237872305245453 0.146173407022755
0.451516214384453 0.2925397641755 0.0583397841513807 0.137902039420049 0.0597021978686176
0.360191444190341 0.0903320447134649 0.11310853236259 0.107248176415568 0.329119802318035
0.158619394495248 0.300673141316337 0.303773760239756 0.0626600283118666 0.174273675636792
0.0482921914640462 0.325673740926849 0.12655495465353 0.350719420134979 0.148759692820596
0.072243744255814 0.0986244128734704 0.628603781438108 0.132322052476139 0.0682060089564691
0.312091244805126 0.026483853260739 0.235943120396222 0.084207306299317 0.341274475238597
0.173124306149363 0.278782702140311 0.208173151478923 0.0611655657994139 0.27875427443199
0.157754963498847 0.186072719417382 0.169570279327482 0.338488133359495 0.148113904396793
0.31043080810419 0.178985501004063 0.190991178409225 0.296991386860964 0.0226011256215576
0.0513511386374768 0.313418501354596 0.33118745436498 0.00112415414660262 0.302918751496344
0.0984893515911303 0.0654756283068225 0.220877034584784 0.302118118537996 0.313039866979267
0.00718128482535798 0.200114084006632 0.222104955617922 0.291935869639509 0.278663805910578
0.0507718914723417 0.304421633438513 0.118326094012948 0.300447886390237 0.22603249468596
0.157738905119657 0.0374874835588687 0.42229210129106 0.207527288535222 0.174954221495192
0.225906124796658 0.100792326870308 0.215459830144027 0.17427029172564 0.283571426463367
0.0180282566417938 0.0769910797772566 0.203743827909795 0.398196263004272 0.303040572666883
0.0182224738946372 0.110101398080877 0.383312993848948 0.00997635678312489 0.478386777392413
0.32562252197066 0.0513836657690166 0.128280912159227 0.112357335917583 0.382355564183513
0.15186045519066 0.178006963264025 0.0372122920371838 0.363923396513102 0.268996892995029
0.290167682053901 0.21185665052597 0.144839382383442 0.110657033963037 0.24247925107365
0.374736293374582 0.138608239393166 0.359218907222056 0.0084182056526764 0.119018354357519
0.150096533842999 0.0988247897440817 0.0295454237954221 0.315624250612495 0.405909002005002
0.120177017878008 0.172901217362303 0.142461598670314 0.266839439014516 0.297620727074859
0.103783098150639 0.265379316132443 0.180519557778356 0.158757132140572 0.29156089579799
0.25702674825819 0.183294597607852 0.173225716860507 0.0567669412579613 0.329685996015489
0.497258258926495 0.0998538190941496 0.122617053832834 0.191365931375079 0.0889049367714428
0.346466943067693 0.0660283820467749 0.0340039080792562 0.294180128837996 0.259320637968279
0.288311094213566 0.354818597430957 0.059009252133978 0.224082711709502 0.0737783445119964
0.208888976040496 0.219573718881266 0.312193131237271 0.213056767562706 0.046287406278261
0.17723938160521 0.176351161276875 0.157872890852568 0.265699215822391 0.222837350442956
0.0866302655966538 0.600203103764569 0.00193214115699177 0.193366725114437 0.117867764367349
0.320832422068673 0.291123036291618 0.0455663494147318 0.0666612935771162 0.275816898647861
0.116148630916899 0.299377941968265 0.105231901882316 0.207451769540957 0.271789755691564
0.0496114260874461 0.231137955698763 0.265441916498338 0.182972327445921 0.270836374269532
0.197724791759309 0.380412439595515 0.0182633434471471 0.319379338581737 0.0842200866162917
0.0808639305267279 0.115977990258739 0.268534320012857 0.310267596855875 0.224356162345801
0.0893957204931017 0.192968008069862 0.177690600859525 0.255652474870845 0.284293195706666
0.0498862611126816 0.321135072541365 0.252395433056858 0.207670451328946 0.168912781960149
0.260225414021651 0.126989320273135 0.12653816828471 0.105398387838496 0.380848709582009
0.368009563185165 0.0128380701015576 0.0474125844765043 0.415384232965513 0.15635554927126
0.0668385535538675 0.474630432145115 0.0897850978349814 0.078279479731456 0.29046643673458
0.358009180510091 0.107270599499473 0.0679260103148083 0.284977564057078 0.181816645618549
0.0339191666841461 0.36671194119764 0.294044247392866 0.297220458767872 0.00810418595747545
2.78593071225498e-05 0.144225459280196 0.292707838413576 0.261789602515551 0.301249240483554
0.204457973900439 0.284538111135525 0.176721300009019 0.0494912918382249 0.284791323116792
0.241874788679135 0.277967916063646 0.155742292219493 0.0374553705179607 0.286959632519766
0.236760325020383 0.257883578724425 0.305182487320675 0.0775437510992946 0.122629857835222
0.214989302147824 0.0372760292125116 0.260757325639519 0.235742058378369 0.251235284621776
0.230246370038265 0.216224204008172 0.0613420215599963 0.235243249149534 0.256944155244033
0.216796736902384 0.426070793793635 0.0133576407969775 0.332095437832346 0.0116793906746582
0.0963366101800418 0.163826770315388 0.0126893775413498 0.25166104638159 0.47548619558163
0.0492208616398497 0.129205693125205 0.300063591786592 0.222182500145236 0.299327353303118
0.117450106238507 0.283743326547975 0.310472714797683 0.170200679452667 0.118133172963169
0.367122147974632 0.0483437756384133 0.0817125297233127 0.22849933079223 0.274322215871412
0.213343146681262 0.13204461352308 0.168932679330516 0.192813473472552 0.29286608699259
0.254602603001141 0.177358258752354 0.0797366596388598 0.243864760118719 0.244437718488927
0.137106001146967 0.356321219736476 0.205926168543804 0.167559138837862 0.133087471734891
0.30209978491499 0.328564436781151 0.163365322384004 0.0506871602513079 0.155283295668546
0.14121215495344 0.353198651216312 0.247998736306238 0.0192488306211081 0.238341626902903
0.312991340961067 0.282072143965993 0.303361301417411 0.0680695705506339 0.0335056431048951
0.328878149236163 0.171977302812508 0.160333690588465 0.132927291807334 0.205883565555531
2.26530442219311e-05 0.135486329794552 0.301164364032002 0.365565663644699 0.197760989484525
0.0890917301101142 0.254095449520758 0.159053520623238 0.26647425271302 0.23128504703287
0.0262246671487569 0.337770967231472 0.473803000129656 0.0317778828067975 0.130423482683318
0.215700518012696 0.183441776391617 0.123906431368459 0.306835527909779 0.170115746317449
0.280494679754206 0.139233674569041 0.330863376474533 0.214215315080985 0.0351929541212361
0.114835549077665 0.211733426841767 0.0296457048858579 0.256252828436047 0.387532490758664
0.0644108771978366 0.213843867375002 0.342807069936924 0.355754064041758 0.0231841214484791
0.0630232945699516 0.280497640711347 0.326784327108577 0.171276812759424 0.1584179248507
0.454842220423231 0.0702380184469968 0.0353958731690727 0.369032409445474 0.0704914785152255
0.0793444338833187 0.261761532390322 0.306106834837044 0.310556161177306 0.0422310377120095
0.234985160959062 0.22023293501054 0.188956105634048 0.0395512556656418 0.316274542730708
0.322967938608494 0.252429473591996 0.227049944899714 0.102172129940785 0.0953805129590113
0.162110987711166 0.251658396235899 0.176335763708993 0.188175400462523 0.221719451881419
0.0124082423929632 0.00116303062901413 0.380373651672038 0.178040817625554 0.428014257680431
0.170872564223618 0.00280486998602896 0.282503142802723 0.503227550784871 0.0405918722027592
0.0691589400338258 0.0126338974430421 0.727038883141268 0.116673760022766 0.0744945193590977
0.0558113141944802 0.31479343999802 0.3578576676166 0.117144234337753 0.154393343853147
0.241476690371416 0.0620694008261196 0.187366450916553 0.22357629351537 0.285511164370541
0.290244783945738 0.159210613992313 0.206458626506737 0.239949986125194 0.104135989430018
0.0181003642290579 0.266905273702769 0.455746638025444 0.219551381245108 0.0396963427976215
0.112735441251182 0.287120340678697 0.276118743520901 0.156617365716542 0.167408108832678
0.294052511166117 0.123181035867425 0.129817750889725 0.29743145486971 0.155517247207024
0.192951511714585 0.0621324341307724 0.109489933249088 0.199527412579739 0.435898708325817
0.187459539484798 0.158989501021827 0.212076449973681 0.294193990924607 0.147280518595087
0.131700866726313 0.0789680207291469 0.260424877476798 0.195762222479041 0.333144012588701
0.360121152144248 0.093458503534791 0.223075422770876 0.195682801654799 0.127662119895285
0.194902839166187 0.0564806820716774 0.24925820053002 0.29434519739257 0.205013080839545
0.0811143054220496 0.0305036730184645 0.0540347909778036 0.419411621586011 0.414935608995672
0.134071752933277 0.39278853176437 0.0977108513525164 0.0535806925010456 0.321848171448791
0.0340873970203733 0.306814269205228 0.117944770405713 0.226591991146949 0.314561572221737
0.013696653708314 0.428804721843647 0.225833626408832 0.285186147623857 0.0464788504153496
0.24141324486411 0.0203330364799216 0.233376056886379 0.343938566872799 0.16093909489679
0.360730934193737 0.128916016599937 0.220112861793989 0.202160222469638 0.0880799649426991
0.362184816863656 0.353240300072403 0.122316894748949 0.0715340870859729 0.0907239012290191
0.297260883122173 0.31137671404882 0.0634575133790294 0.21534565426967 0.112559235180308
0.217237158538174 0.177701745628606 0.00656782788999068 0.317813210955601 0.280680056987628
0.200132529614347 0.22697869079135 0.25286341895076 0.209357659320059 0.110667701323484
0.0607091175046179 0.111784900853515 0.354925723879498 0.289813871027576 0.182766386734793
0.172306004475182 0.308372550650032 0.441814539424606 0.0376480979140027 0.039858807536176
0.0285833315496181 0.0186914921996099 0.411668387392085 0.1414157849893 0.399641003869387
0.256050687210492 0.224794879896301 0.299563336923929 0.13146328398769 0.0881278119815875
0.234289249011816 0.212160085656082 0.121360434547661 0.370311083585608 0.0618791471988329
0.165556672678968 0.158375765797211 0.233194227967614 0.311795611070519 0.131077722485687
0.155621239523817 0.164395622737265 0.339001949068318 0.241213285778437 0.0997679028921628
0.276777480926033 0.363937416220072 0.0902536293376928 0.213512809002286 0.0555186645139165
0.167705561179159 0.316604078786979 0.0704668562954004 0.302277899182095 0.142945604556367
0.0154193542125959 0.186840751203913 0.178176904911261 0.276970722137943 0.342592267534287
0.261069631563947 0.122516628114003 0.0535167713599405 0.255056684722683 0.307840284239427
0.37918904750922 0.235269483371801 0.304549353227161 0.056002203757317 0.0249899121345008
0.309802825143377 0.189778675004935 0.098586861881835 0.185052692572595 0.216778945397258
0.045171795366735 0.273891638249986 0.278076260628122 0.110486770171377 0.29237353558378
0.269622935602281 0.0659467175706376 0.279047111266594 0.177905062104504 0.207478173455983
0.355900294007638 0.256075387647647 0.166388982369849 0.111328212340609 0.110307123634257
0.141125648176495 0.247884852109646 0.185033824836319 0.232928666358375 0.193027008519165
0.147946505875944 0.00769303091162 0.279777282827469 0.516457615531156 0.0481255648538114
0.0751187562928776 0.215639622879389 0.254487971014362 0.0315366632625421 0.42321698655083
0.0544117239431264 0.302621687858653 0.197511906351734 0.242976545925527 0.20247813592096
0.288496566162017 0.271577924215213 0.289541600447946 0.0858781286422516 0.0645057805325729
0.263439934142902 0.0882192054525625 0.229921995160473 0.195765086307513 0.22265377893655
0.0662340912039596 0.270396709608986 0.289350605666961 0.30976174489479 0.0642568486253033
0.0277366358264854 0.284927406046695 0.33046204150273 0.200759882831541 0.156114033792549
0.271683246126893 0.109648171424829 0.238348849445551 0.163680997633868 0.216638735368859
0.29097758573302 0.437854194059884 0.116130068165085 0.141082397402965 0.0139557546390456
0.263379576524065 0.121999443040894 0.159920411853284 0.135835821230971 0.318864747350787
0.190725401373689 0.152842921612653 0.395657865518146 0.0811710526568236 0.179602758838688
0.384013748251403 0.2685663742644 0.0357400409889413 0.158943176430827 0.152736660064428
0.102808752764383 0.0889720706456488 0.395339675917321 0.107770817000421 0.305108683672226
0.216828363246354 0.323102069536459 0.0710919443210943 0.178270508097638 0.210707114798455
0.251958237348877 0.0183080955101157 0.255317315743767 0.0516619592633853 0.422754392133856
0.172064481240674 0.284704655693059 0.283898773746939 0.0191854973769327 0.240146591942396
0.241257307150381 0.416156223885354 0.324970340403179 0.0134225891908706 0.00419353937021518
0.284591404638132 0.178564458049283 0.276759691318359 0.191019736083178 0.0690647099110476
0.261712689969635 0.176639869430689 0.146225152369114 0.177936437611671 0.237485850618891
0.189910921084929 0.184302424129315 0.213644392306763 0.148453257140388 0.263689005338605
0.235249037392802 0.00988386154883885 0.348689006438488 0.265557180189195 0.140620914430676
0.167508278179788 0.0553980082402573 0.253766936594342 0.257465101267586 0.265861675718027
0.0365190543525157 0.0776523336517711 0.296968425085652 0.532687402609204 0.0561727843008575
0.191725429986343 0.223158547839051 0.140786904827162 0.240866292763374 0.203462824584071
0.166930719756467 0.340458692401049 0.284732899221599 0.0161968344922709 0.191680854128614
0.27091652457761 0.00597293028284808 0.0783931889235664 0.268903984354837 0.375813371861138
0.121242600209346 0.303038805271694 0.275702110726659 0.159702550479932 0.140313933312369
0.101135467377095 0.299068151373186 0.0913650149351448 0.270177733799479 0.238253632515095
0.419389834720054 0.0227573941079665 0.174139099740829 0.354740846903919 0.0289728245272316
0.0088393408353939 0.131368163819682 0.37288743163863 0.115326909419776 0.371578154286518
0.237830751042001 0.172862714898889 0.0880671718969665 0.243089181142222 0.258150181019922
0.163550873292571 0.210254102176056 0.34130625329721 0.120975084337314 0.163913686896849
0.341906713373189 0.150660813283762 0.199800824276441 0.177288645861239 0.130343003205369
0.338225266213282 0.182304347403378 0.169262011650102 0.186519919888302 0.123688454844936
0.366876273279605 0.027267744683696 0.263260273092561 0.0820726599727463 0.260523048971392
0.308942646609474 0.0695843241871351 0.0895347760971213 0.0425170633848841 0.489421189721385
0.357708005848105 0.212071081101691 0.21399366125951 0.0908761116880311 0.125351140102663
0.347776437352465 0.334141079652734 0.130696817958081 0.0225748220363879 0.164810843000332
0.27099900901143 0.0307673013064624 0.269605970239011 0.0607302435322508 0.367897475910845
0.0277175712341968 0.297246495447877 0.116751426124933 0.389753293581896 0.168531213611097
0.136750292681338 0.253079873264589 0.254314759451228 0.218753614482232 0.137101460120614
0.229351010659458 0.103638125837599 0.25727391082903 0.209305618794175 0.200431333879738
0.187852995454989 0.352704529918045 0.204416535457673 0.0305979288804143 0.224428010288879
0.213595036045566 0.268078526097975 0.0528725262919434 0.308792839849083 0.156661071715432
0.238756419406372 0.388670289259706 0.139820049456706 0.185911593983702 0.0468416478935139
0.16877416759946 0.2359989664851 0.171105212879981 0.272725849933025 0.151395803102434
0.0433113653562278 0.104287586851009 0.265666513600993 0.179946591950236 0.406787942241535
0.253483462999962 0.0547227444670914 0.0114306889498436 0.356924216533669 0.323438887049435
0.290789455569173 0.280320976450825 0.0638184949567543 0.00774569930573085 0.357325373717517
0.254840074620025 0.423261049417543 0.0400493538927823 0.0511152162492801 0.230734305820369
0.399475778119079 0.254375805598196 0.282297715626015 0.057903039938203 0.00594766071850657
0.217793404097835 0.354539608896768 0.196025511752708 0.0725340219146614 0.159107453338028
0.353322567370126 0.130173737130055 0.108986849708817 0.225861949436223 0.181654896354779
0.231504275739913 0.17462153917128 0.110762131141837 0.257257547334772 0.225854506612197
0.314357008593933 0.296932692433363 0.167848993964986 0.0329587089283668 0.187902596079352
0.218508477944437 0.308359861003733 0.0983029663950773 0.152987144533688 0.221841550123065
0.311525047401958 0.0371241252063116 0.18028607588714 0.152506755309015 0.318557996195576
0.191840955890184 0.268018036885349 0.135043855694921 0.226420071277047 0.1786770802525
0.417914401044831 0.109187937829048 0.205607229448102 0.0447852035301755 0.222505228147843
0.0025304663938754 0.0512578854748985 0.426964811521348 0.472972870222323 0.0462739663875551
0.0105127039224547 0.0676923100985818 0.19478162139992 0.459064655503317 0.267948709075726
0.0434121410596764 0.32291377607438 0.187665001447332 0.201339334762256 0.244669746656356
0.350465822174755 0.278076181055929 0.0540150310043275 0.054582323802473 0.262860641962515
0.338709134828837 0.242126018335668 0.0357490561089676 0.264454538427445 0.118961252299082
0.130458958039819 0.172288332225482 0.438008812656633 0.162078232809174 0.0971656642688909
0.0178949454923069 0.214240493162163 0.259377696669638 0.302449368861147 0.206037495814744
0.319924858448527 0.0688606335470188 0.0733184440759973 0.312220890553992 0.225675173374465
0.322779758017923 0.083940375070382 0.144335089747458 0.359141053352112 0.0898037238121244
0.132059959768654 0.225419725686283 0.275036595668247 0.0757239892437449 0.291759729633071
0.272322626344252 0.179395954836802 0.337456708487293 0.0689575752088865 0.141867135122767
0.329569079376118 0.218554828772713 0.0975641502159173 0.0405847072709712 0.313727234364281
0.0713299316404433 0.42144699064703 0.145758258791252 0.214187112424679 0.147277706496596
0.401613524094446 0.291664046735522 0.211211623622343 0.000347036244784386 0.0951637693029049
0.133264699714421 0.129602155025729 0.393674836257773 0.290180958302612 0.0532773506994652
0.25114547211675 0.169849008969249 0.200209074290175 0.240354346359403 0.138442098264424
0.150401666677061 0.279512098215873 0.20355171693911 0.16929811291636 0.197236405251596
0.277932726819143 0.129576292412246 0.207779902348095 0.267643346062667 0.117067732357849
0.00354891062872718 0.369345026275486 0.0131764480646452 0.112370515117577 0.501559099913565
0.0139497637240048 0.183362786676667 0.329620272684167 0.043225791143809 0.429841385771353
0.0981165969475241 0.191340868379325 0.220725309795309 0.22578328109002 0.264033943787822
0.294499521021448 0.28545498742083 0.238307398998527 0.144365722215265 0.0373723703439295
0.232420893062736 0.15787551453165 0.224896444629725 0.180823301029722 0.203983846746167
0.171414853290546 0.46311517237899 0.00771209862742741 0.268803551093486 0.0889543246095506
0.328700003248643 0.187262234243304 0.00480901541230191 0.322244393878613 0.156984353217138
0.0620471024433842 0.0292419889551411 0.419059317585791 0.385210131679243 0.10444145933644
0.296389470705224 0.0744342181024807 0.0408347854822633 0.290053533343679 0.298287992366353
0.13877291566163 0.515233989193282 0.0817251915104122 0.0282212585002463 0.236046645134429
0.254907178494886 0.37823686973825 0.0466930436490749 0.237741242969638 0.0824216651481513
0.394778070576122 0.182173113138554 0.240523256712983 0.0128291105704221 0.169696449001919
0.0935909179531335 0.07906932240074 0.385641207806231 0.251443901840461 0.190254649999435
0.192544724773727 0.0864341889479758 0.153364087861547 0.345610057378169 0.222046941038581
0.140733567367841 0.246825959636529 0.306138298631571 0.0687705274394867 0.237531646924572
0.133474996311984 0.291822619430134 0.0609012238117873 0.304040838665116 0.209760321780979
0.0662682326999774 0.0192076065389112 0.350769811776021 0.0996743471685166 0.464080001816574
0.142861881735884 0.356416284804419 0.387085400661853 0.0918848676849771 0.021751565112867
0.196305520388102 0.145825002538399 0.0362859036483848 0.263452008512285 0.358131564912829
0.182436969437787 0.115479629876473 0.347686300837402 0.111465654666603 0.242931445181735
0.0242265555980481 0.243084447524847 0.361832106735565 0.249542628431431 0.12131426171011
0.213169369730549 0.347114048238862 0.303290253361255 0.00611597682798111 0.130310351841353
0.306257468975946 0.209345542738671 0.150960803730186 0.285288581609986 0.0481476029452118
0.154943079852694 0.128282057673278 0.347226683132718 0.161599369233937 0.207948810107373
0.149710115787497 0.263094804477811 0.266569584322965 0.144043704383311 0.176581791028417
0.26584173056101 0.150652649766573 0.21854365362181 0.127099537909744 0.237862428140864
0.346530433870849 0.098544769310105 0.258110327990306 0.276383270113838 0.0204311987149016
0.212096742522733 0.0225954551664894 0.0451045053777841 0.280184866748558 0.440018430184435
0.116885893005809 0.31320157781316 0.338189535997086 0.116855133092011 0.114867860091934
0.0706052204256558 0.299458250982499 0.257773361394433 0.274049373814604 0.098113793382808
0.216869696313255 0.226523086945733 0.127219317161741 0.282539618207544 0.146848281371727
0.0399113021660329 0.0708498854018304 0.242222440880325 0.209819310020421 0.437197061531391
0.288168136941113 0.0753239665473785 0.326947448845487 0.247900725550857 0.0616597221151648
0.112320762739102 0.205562568145083 0.274279005070491 0.213956556505945 0.19388110753938
0.0989128595636811 0.0212290214716247 0.312637376230596 0.260320356453294 0.306900386280804
0.0667907839453595 0.392980332527307 0.330568453938156 0.0230389981324965 0.186621431456681
0.360556358702606 0.162487325844625 0.134950534545159 0.250339524352532 0.0916662565550783
0.116209170750119 0.280506140913047 0.293881298175563 0.0842852055774685 0.225118184583803
0.144619319731206 0.321180776681076 0.370155907417471 0.0575178297389505 0.106526166431298
0.228420941410509 0.268850248401982 0.031723328389063 0.211141337423102 0.259864144375344
0.173242224718977 0.0748485801117028 0.323628789750478 0.125930586310924 0.302349819107918
0.199291809817343 0.0930547668986276 0.342387741518886 0.244915271006001 0.120350410759143
0.216082505881969 0.170227822702618 0.180074216153451 0.217194836342488 0.216420618919473
0.163890369053519 0.202425728060767 0.0105963355207481 0.290942513417783 0.332145053947183
0.334780607756845 0.151944939120476 0.0505412893597266 0.126618351725274 0.336114812037678
0.277391613672105 0.332007191707546 0.111925771388841 0.179901971560685 0.0987734516708234
0.310206573933852 0.0313300985728346 0.282516444662157 0.0910679090047609 0.284878973826396
0.0244898597060798 0.200108368998733 0.320014167048277 0.222481533837163 0.232906070409748
0.324511294042956 0.0373664501041584 0.4062812852363 0.156786750830676 0.0750542197859105
0.192197852964105 0.223490836362592 0.210056578664353 0.220076497129375 0.154178234879575
0.148585232921214 0.499454580907092 0.0342591411869802 0.0680900780245635 0.24961096696015
0.0469365933148433 0.316033758018626 0.221810082081809 0.20145707872901 0.213762487855711
0.0068267232526219 0.343789917848921 0.333709113289818 0.141836918950187 0.173837326658451
0.0704692671957354 0.179027031014134 0.0516777537275477 0.456507887713111 0.242318060349473
0.00758998892204413 0.563482318425969 0.0118790404285025 0.0348452949598902 0.382203357263594
0.248548156910616 0.266499574399117 0.24535221425337 0.0599247484090187 0.179675306027878
0.310613027338364 0.0769772649427436 0.252460629973803 0.326552153917153 0.033396923827936
0.193174628873349 0.228105444028971 0.201535582431098 0.154197451095891 0.222986893570691
0.212548970057595 0.23818543224176 0.32307581945485 0.0836144721999962 0.142575306045799
0.157440263379981 0.0173288048697853 0.346613301593521 0.396989877563125 0.0816277525935889
0.14005343751294 0.146935949029735 0.212621685233786 0.162879066483003 0.337509861740537
0.141144695803318 0.288018288130497 0.108108924713263 0.272581997343265 0.190146094009657
0.221076617957964 0.222802363194801 0.250830172962834 0.212827149880998 0.0924636960034028
0.113313554218803 0.0770194042228313 0.233648721928905 0.253342444807742 0.322675874821719
0.0851423720647595 0.280709072910829 0.234898368161833 0.132164757621233 0.267085429241346
