0.151274273209877 0.130566391366171 0.326040079869742 0.0126088449461807 0.333036716231806 0.0464736943762232
0.187346203863525 0.00218282467476117 0.229817732597952 0.16016800648387 0.300012403696992 0.1204728286829
0.305652448428695 0.155358771838295 0.0028742901920726 0.082244261831905 0.255736970740903 0.198133256968129
0.0775407221653792 0.0909478499184414 0.0493189509049284 0.295602338753393 0.0922125862180303 0.394377552039828
0.00536970576630421 0.0695190278103744 0.215170590435309 0.257505704142615 0.180887816313747 0.271547155531651
0.00958707496396761 0.114255082718264 0.257992622690703 0.1470189189112 0.288914741817625 0.18223155889824
0.0392580324073235 0.154871899172721 0.0618076282596981 0.536727299454276 0.19341674844589 0.0139183922600912
0.0862490426994919 0.292825609481587 0.186135539692711 0.117655285199427 0.0805235717732361 0.236610951153546
0.0880809608163214 0.276156237929119 0.213481756143724 0.266944100023973 0.00893863462673307 0.14639831046013
0.351977176702263 0.0712539014578752 0.308279941633414 0.0472552992608668 0.105587502594495 0.115646178351086
0.223131474568442 0.115411328666207 0.283402790397113 0.0544367201357242 0.276209230838561 0.0474084553939536
0.133590173258305 0.209747575772412 0.325709702089336 0.0354260220955617 0.24115393981745 0.0543725869669341
0.274532577341316 0.391113255019507 0.0674233683566921 0.0533531175219903 0.123580391335917 0.089997290424577
0.117778269986189 0.341515447833804 0.230962556619907 0.235118753764842 0.0529689656755768 0.0216560061196822
0.0525078063117263 0.143867293528249 0.0706689550430669 0.460891322748927 0.0515180238165092 0.220546598551521
0.180548440783314 0.0317987644553482 0.208185451220709 0.184930814126156 0.20278890608958 0.191747623324893
0.226779910837405 0.004300935383852 0.382722589890475 0.297874289784775 0.0117626917128036 0.0765595823906891
0.10938853513069 0.158742614154317 0.122150126321971 0.139064605842784 0.250664959682958 0.21998915886728
0.259565452557636 0.0962242958170549 0.0552885541086833 0.240864671549387 0.0809673792064873 0.267089646760752
0.324822589762853 0.374689111542472 0.183753745516691 0.0553558692688521 0.00126923634101272 0.0601094475681189
0.201855320421484 0.0814294985668532 0.309170329371244 0.209261373957084 0.0598410858840357 0.138442391799299
0.254657550133868 0.0565542922274987 0.286361816094435 0.132135085886546 0.20703114728784 0.063260108369813
0.248633911957376 0.0194752931879935 0.18515793303562 0.03131428665685 0.218631333739448 0.296787241422713
0.250461637657836 0.213672492711905 0.00252208371177606 0.082268226623747 0.193962569912062 0.257112989382675
0.266246833585775 0.0657449470437743 0.176559161187555 0.221219043890244 0.037225652985398 0.233004361307254
0.233399542685654 0.00439705922495769 0.310855347644827 0.295662392769948 0.10922784873849 0.0464578089361232
0.0297111974900444 0.197402504880267 0.11973768493156 0.456628945701098 0.108012802303874 0.0885068646931574
0.0829846859124239 0.00313084404823154 0.135605884346844 0.08344850907987 0.348400588579295 0.346429488033335
0.184207655029332 0.0551737538649985 0.0291952942986434 0.140249082598983 0.285153702314742 0.306020511893301
0.246962970273372 0.0808622167941022 0.163643634088721 0.258840246895896 0.0165532854480798 0.233137646499829
0.239270150202896 0.149473740350181 0.259174721520753 0.0648298761664562 0.172924941929077 0.114326569830637
0.00954896723995458 0.128813483986346 0.0816480665747372 0.0159245673547864 0.300552551776622 0.463512363067554
0.127871814559678 0.0753717452843483 0.16283072229575 0.123696557101221 0.227158957884913 0.28307020287409
0.0634426273212847 0.216182920146824 0.195321283884857 0.22692670830236 0.0811925001956804 0.216933960148994
0.0305468638232515 0.257695833752002 0.111040064107169 0.193585627445835 0.103316509721295 0.303815101150446
0.159285194641207 0.262760809445071 0.0821434376424433 0.31703097271131 0.0273562947109446 0.151423290849024
0.187641713254989 0.173256461175829 0.182715128093548 0.222817506674836 0.192603069716 0.0409661210847989
0.214974944611399 0.235261350328648 0.0693699405824141 0.183969989642477 0.0923771814234282 0.204046593411635
0.00907711567791757 0.377847304898324 0.122044658872235 0.0788059434745743 0.050084623995246 0.362140353081703
0.157645029025213 0.246258785069025 0.0525607045620448 0.253349230368676 0.232862458677254 0.057323792297787
0.0990038609243724 0.179382947737393 0.142471721653111 0.239049302602663 0.0728022045944391 0.267289962488022
0.239777726684988 0.0354892248822807 0.199426963532964 0.0883248614313783 0.18945665397683 0.247524569491559
0.196423729152974 0.0353119763754168 0.0105890111424445 0.274967980245476 0.265124995278933 0.217582307804755
0.0109058596842962 0.204045779705598 0.170335615809656 0.224557029085974 0.225157151954302 0.164998563760175
0.280963882772122 0.131499683503296 0.0893269008639914 0.348665859234141 0.149488974377165 5.46992492843241e-05
0.0540501272635337 0.0772844030565111 0.224737797898321 0.252757813561355 0.207712982405953 0.183456875814327
0.155983522842991 0.270332572256684 0.243004631114986 0.00463485891711038 0.269675925104451 0.0563684897637779
0.311690111616226 0.0942589209809614 0.258609717082949 0.111016905487545 0.213871237456863 0.0105531073754552
0.233492208376313 0.142523831125393 0.167879873175234 0.0352358404629786 0.194556879154096 0.226311367705986
0.304013951133117 0.216749454630308 0.211720456366983 0.0668924677829304 0.145060995055928 0.055562675030734
0.308243184575028 0.117644590054533 0.0286151636469139 0.31460062988546 0.134652308097626 0.0962441237404389
0.142592999322881 0.392218507109005 0.142546541023689 0.258162908423569 0.0615440996153574 0.00293494450549874
0.0274133196952016 0.221950149477074 0.271132566286052 0.237186999231181 0.240878032142889 0.00143893316760072
0.12148714261466 0.043068861580845 0.228688705182262 0.256742583318949 0.0992673164061346 0.250745390897149
0.0180296762947842 0.0729531664438243 0.0512265552469321 0.197802576949005 0.244798959103345 0.41518906596211
0.0520771744076985 0.146791628106348 0.321773893313773 0.169257334592399 0.133082984459919 0.177016985119863
0.180147289141029 0.133130731083415 0.205007031638031 0.0294457030453896 0.178269002564719 0.274000242527417
0.155101389184346 0.426715368684887 0.020545373413728 0.168124263615406 0.224603104362247 0.00491050073938583
0.130946331376602 0.104028387274461 0.150586185835048 0.170932586327321 0.101574049251219 0.341932459935349
0.0774452863964259 0.401022589596987 0.235570769471996 0.0069196673287945 0.10710158775324 0.171940099452556
0.211645311415415 0.266058662407184 0.00654961037705687 0.0151901078061673 0.289289077751453 0.211267230242724
0.296220122973905 0.0753872690602557 0.183875745226022 0.00324610869457305 0.148086956536128 0.293183797509116
0.169506230720517 0.184120978657425 0.0984682995362212 0.211167797729313 0.19384113261754 0.142895560738984
0.139593311721695 0.243939621318122 0.0499648328124796 0.0136285008391826 0.293616779047676 0.259256954260845
0.247725991354994 0.021973465769721 0.253004081867749 0.259543694213208 0.150133685484447 0.0676190813098803
0.0308229845331179 0.280908144360925 0.101963448932547 0.230447434152222 0.126622198409147 0.229235789612041
0.197054287838527 0.226989723795475 0.219586794173384 0.128341829541336 0.0578343786918325 0.170192985959445
0.0297254298266753 0.0794903307997017 0.245878167688735 0.186470664389841 0.216922352846833 0.241513054448214
0.25155701340946 0.11863978575476 0.211723912095312 0.138298045583309 0.275449024877483 0.00433221827967698
0.19689772104211 0.171960890397297 0.126743384358173 0.168769075323363 0.123335779740703 0.212293149138354
0.252582392479778 0.0858366265731558 0.0625117830916036 0.1100363422724 0.244769533506008 0.244263322077055
0.273501244456113 0.23997899779062 0.0245252530907421 0.27051493484524 0.093437501729258 0.0980420680880261
0.00338653660081701 0.258532680774682 0.0408728377646213 0.24610820604943 0.150794806030728 0.300304932779721
0.253744622757051 0.063254019586718 0.101770567066486 0.180346218702297 0.183449293427028 0.217435278460421
0.259958288771816 0.100455637135022 0.0860092958728223 0.193468177558506 0.133231369291588 0.226877231370246
0.135716516117696 0.330724709993864 0.0792622055284651 0.041426536820293 0.0674131694896744 0.345456862050008
0.209625790123077 0.222772811976479 0.157788331246427 0.053664271165408 0.242823355742109 0.113325439746499
0.205988337284045 0.209239234829512 0.0813674295502857 0.202928033268115 0.174835385666241 0.1256415794018
0.210742029157613 0.169632081740941 0.122168458643177 0.160400830743749 0.227974347576209 0.10908225213831
0.0263287963814315 0.195846839265712 0.229595391429296 0.198732274961432 0.139220472920747 0.210276225041382
0.0245420658556004 0.317790597862214 0.191406006342417 0.0221640160828981 0.178271899355178 0.265825414501693
0.114463064917006 0.0717229955060854 0.0350277286617959 0.176570321087776 0.341439173449209 0.260776716378128
0.128578455830853 0.154995492279802 0.148331699445956 0.240060859870008 0.105371634200534 0.222661858372847
0.0795917660153751 0.000213141078517732 0.244234743639723 0.291474293150372 0.248602709096769 0.135883347019243
0.169711501381205 0.42759688001584 0.0379472766479689 0.108989119504068 0.090257443430541 0.165497779020378
0.280857490561319 0.230885144547286 0.0336732411123437 0.0964573710862738 0.158381942978475 0.199744809714302
0.23612030703094 0.149620653566904 0.0467022620101154 0.111343023170047 0.213428708878287 0.242785045343707
0.143266647321358 0.141865993569095 0.139377700220523 0.0637922711136644 0.159617754444142 0.352079633331218
0.280326560077591 0.0883046747105653 0.144073764716897 0.137017083529924 0.0630132062110602 0.287264710753963
0.215711439943348 0.200121559014453 0.162279483149007 0.187011835008184 0.00432182875864712 0.230553854126361
0.0402179232484071 0.0744930765987315 0.0670131207564374 0.275147038487116 0.327013380119772 0.216115460789536
0.201238074802462 0.0944477851402277 0.112995023599199 0.198170189111348 0.187832604608075 0.205316322738688
0.266055141887789 0.143314588592155 0.307573337004202 0.0331768098057747 0.00114849524256419 0.248731627467515
0.248313671906291 0.1088513317919 0.153013302994251 0.0855265375042673 0.0605348493038119 0.343760306499479
0.0083927128096377 0.106028108834217 0.596040394504479 0.0992139766803803 0.0715009154598277 0.118823891711457
0.152704510020503 0.125180939925482 0.221200193321764 0.0109150350188255 0.0296819519045757 0.460317369808849
0.169589828704479 0.325729009744234 0.0544247293600596 0.15966489264476 0.162950335454859 0.127641204091608
0.151024466352022 0.253339510536898 0.0802079174520126 0.144633144206389 0.260662972377437 0.110131989075241
0.166404244666915 0.315983641222755 0.189483719774349 0.0823922578473511 0.0891427158514549 0.156593420637174
0.384022208357187 0.182229675945351 0.0506247435979352 0.0218595347586504 0.124078921942041 0.237184915398836
0.00764550942635626 0.0978881198397892 0.301836332808088 0.0793885278981893 0.226110544049395 0.287130965978182
0.0846681706137629 0.0345148883574707 0.0365187589708665 0.347361171616065 0.0133055082599227 0.483631502181912
0.282872225161322 0.0926194169784302 0.20698768602536 0.256180104310515 0.0379614593148698 0.123379108209502
0.349498793203646 0.0394832520130382 0.124425728271358 0.106846770326319 0.140460800956404 0.239284655229234
0.0888662502654189 0.234307868747222 0.12823621902485 0.20462168861844 0.101345610285792 0.242622363058278
0.243982995421865 0.0280846518787242 0.140471220944793 0.244202906781583 0.101056756724349 0.242201468248687
0.11496264914776 0.222640910875284 0.201273020211392 0.20439127465376 0.112717354597796 0.144014790514007
0.165129332874655 0.268660184981961 0.0656352944136806 0.0990928358352671 0.140166910732959 0.261315441161477
0.149260319555557 0.0805642039372851 0.0830869011808075 0.171620218546653 0.260359340211211 0.255109016568486
0.118463112840494 0.379534629481061 0.0431301917923227 0.095296452625398 0.0216580742043607 0.341917539056364
0.30668452313505 0.194438023762135 0.294982899520447 0.0529397180738841 0.150598414003635 0.00035642150484944
0.213022786164037 0.109108224787731 0.137159713101628 0.267742665645676 0.0409364711383612 0.232030139162566
0.0522427457183812 0.366144909229187 0.122205254234303 0.110098853668748 0.0712484858634682 0.278059751285912
0.272200514370614 0.315474686099181 0.00120455500906953 0.0627262237505569 0.329862040952573 0.0185319798180057
0.28796860864625 0.0707875561148654 0.278252819694294 0.0402722522507141 0.0983023199944452 0.224416443299432
0.150711609150291 0.177644324564768 0.233565925576873 0.0369564900069436 0.187966058608467 0.213155592092657
0.217166524240938 0.0916564202667432 0.260108493866677 0.145760180521174 0.169198985762887 0.11610939534158
0.0375204135312411 0.215390354134975 0.210656633458734 0.19845478995065 0.150987603041886 0.186990205882514
0.264040175029916 0.298962602486179 0.0875630256047308 0.0738784988076951 0.243051236948787 0.0325044611226917
0.20605052867663 0.18715101786139 0.191826256427405 0.172362066049473 0.223349288107361 0.0192608428777405
0.158008334666787 0.221389414100627 0.467099457446354 0.0140705405493563 0.106398976176609 0.0330332770602669
0.251474964577727 0.121711412681929 0.108102232116498 0.244395259503898 0.191119516867443 0.083196614252505
0.388940082212261 0.108881268348475 0.0932743266895549 0.135835836728079 0.23077755295176 0.0422909330698696
0.256013685107087 0.00224910672848455 0.293548150004717 0.223784110274484 0.0106755761440052 0.213729371741223
0.0125722844461863 0.070462652762793 0.296447336396613 0.0846789176702273 0.306359101297847 0.229479707426334
0.340572496811955 0.0557689082404232 0.332739678547093 0.00604305729055549 0.0473275696533949 0.217548289456578
0.285260418998944 0.232132696333782 0.125293722848851 0.107287937635946 0.0308945569302429 0.219130667252234
0.204354868266024 0.297931965306686 0.0624966007209087 0.0810283396956383 0.0715989553451652 0.282589270665577
0.230453641610805 0.0660350366847904 0.242697970836451 0.0247440197204401 0.1658744666723 0.270194864475213
0.0110883229685331 0.274137556685184 0.108939079612655 0.271758975300531 0.0963926260326167 0.23768343940048
0.192196632291552 0.0296475927612082 0.0329197171827979 0.357647950196427 0.106710788316461 0.280877319251555
0.237543812058424 0.18321461836901 0.224455518061872 0.101387274276457 0.142026385839689 0.111372391394548
0.24048559479368 0.308490716413513 0.121696430665799 0.101967296869731 0.0634196953196805 0.163940265937597
0.158212345698216 0.204522131562612 0.0108844500991695 0.253035054230416 0.266131262055774 0.107214756353813
0.0840452137688789 0.0156127637782655 0.239248568784654 0.330102751146399 0.204152423087199 0.126838279434603
0.237369907943636 0.0365659066251994 0.238493239660114 0.0993679241052021 0.277811885045185 0.110391136620664
0.00110090431056965 0.108988082346485 0.185150168545175 0.293084840765522 0.259425639706584 0.152250364325664
0.0668127563876954 0.308124710137038 0.0807787476756025 0.109137950386368 0.244235306922649 0.190910528490647
0.099983555806623 0.0380756409018902 0.305503744827898 0.182483537946345 0.0567229085538146 0.317230611963429
0.282291801359854 0.0269701353378568 0.330153745722774 0.0158662781224604 0.0245970418687964 0.320120997588258
0.191883423547562 0.224851163076613 0.0599888086303738 0.25872259727702 0.0322260070000257 0.232328000468405
0.166418159733499 0.238039830543476 0.21817478994234 0.0779231220223133 0.272796315014405 0.0266477827439657
0.227068051410663 0.128200039555082 0.136073251433344 0.227431703611649 0.149178732928999 0.132048221060262
0.194151066160169 0.169455309544731 0.225358438958777 0.0726902155330076 0.223089921135289 0.115255048668027
0.174780104426485 0.0702535022735934 0.0684818201296815 0.241218718690353 0.176309332910179 0.268956521569708
0.253952809663354 0.0182125048512065 0.197010810772778 0.245831546708788 0.204003307370798 0.0809890206330759
0.302129017500442 0.0144763514728101 0.0950002254090836 0.146962495395308 0.301399407949846 0.14003250227251
0.124168875851034 0.132375289762775 0.232369389621953 0.328728280806322 0.0677352587422633 0.114622905215652
0.0794808955620315 0.314333218780243 0.00427123629651081 0.0623952948241773 0.275328732656336 0.264190621880701
0.102519836447469 0.31504310206947 0.107417276422822 0.104689306112753 0.242029672586177 0.128300806361308
0.107111852790145 0.010892930562958 0.196837378429617 0.236217327658646 0.211882370342988 0.237058140215647
0.187679290101776 0.250554432645245 0.221176532985394 0.13183031440835 0.208018177548206 0.000741252311029705
0.237006598983367 0.189066242508173 0.232939798639583 0.109846197263828 0.020963933533162 0.210177229071887
0.165869574313715 0.204131294421322 0.21803681247413 0.192106101020188 0.210867209464542 0.00898900830610358
0.190897095312516 0.121537288390155 0.208336612470804 0.173482569958579 0.152813958705218 0.152932475162728
0.21049890527586 0.207510264099827 0.0946049316874802 0.246322339911839 0.0940712926044531 0.146992266420541
0.0523019563363531 0.224103019615811 0.223072115319655 0.245127604418343 0.00616861042945184 0.249226693880386
0.256222993636074 0.0221299616956269 0.0723952111657603 0.162942774621013 0.429408433237666 0.0569006256438594
0.229705771255924 0.222933782386069 0.115121390411441 0.187696664567686 0.0347170149708797 0.209825376408
0.173768319308123 0.25966661804724 0.240205070338102 0.064562636633493 0.241669197087568 0.0201281585854745
0.0075714883687302 0.162670840865356 0.187315032681578 0.278871601023466 0.155756896038388 0.207814141022481
0.109343406866646 0.304705965687004 0.249834098393496 0.0404282243216242 0.195343010896418 0.100345293834811
0.310675868319839 0.207043966164088 0.0041588896259301 0.301463692960958 0.0202487112990988 0.156408871630086
0.100760751953395 0.191174622066257 0.041709871338327 0.200073405505523 0.174041030199993 0.292240318936505
0.0745921900711562 0.344795511565944 0.20018545086317 0.127869873195327 0.108691820296774 0.143865154007629
0.0370003616602619 0.350203997900669 0.241235071993893 0.23109790997097 0.0378874455596967 0.102575212914509
0.286145506627589 0.283862200313344 0.137630488844169 0.104621558443572 0.0412549133978503 0.146485332373476
0.220113909676444 0.191402006224293 0.121707135279642 0.180275110981995 0.176576126724817 0.109925711112808
0.208060945915778 0.0553438231306557 0.0847721601804962 0.250196806721953 0.134005701064603 0.267620562986515
0.300092508521906 0.109439895529918 0.260895531447468 0.205917131166918 0.0936458205962376 0.0300091127375531
0.180144267742462 0.163725877223329 0.144679545923637 0.142406927828022 0.160142228474211 0.208901152808339
0.141329501347908 0.0647150791235645 0.0793463655594751 0.257640663319275 0.0865434952321659 0.370424895417611
0.209204982948202 0.272984587558954 0.130130415865682 0.16092059704324 0.218413612195363 0.0083458043885588
0.194704412925049 0.220347375618674 0.213979354857497 0.0487140472329546 0.105802244384522 0.216452564981304
0.134366533157581 0.0514123993763976 0.243768906207761 0.193907708744273 0.24045631672597 0.136088135788018
0.261640527195547 0.256433359348621 0.134985044901879 0.0963986329679932 0.201622497015013 0.0489199385709475
0.174332378927463 0.00429315198422777 0.21839739289964 0.396667199569327 0.0609290404151627 0.14538083620418
0.315837475145159 0.259197005574607 0.0729748780450561 0.193276481547573 0.00432584221930749 0.154388317468297
0.0745212403350662 0.142946506759547 0.0251964062519214 0.306789295524016 0.0810037612932618 0.369542789836187
0.249182180526523 0.155142419266358 0.22171078045197 0.178085759834382 0.112838374801864 0.0830404851189034
0.0532739814916572 0.164336301655747 0.0487969170902557 0.385313788908562 0.244290271130525 0.103988739723253
0.180780635685613 0.218129383571264 0.184606034598146 0.0263281087138134 0.0962874629180604 0.293868374513103
0.274314592103472 0.0495486888787142 0.094153736504648 0.271474115225472 0.236014283935418 0.0744945833522753
0.2364979122977 0.0286892531893426 0.226243948336251 0.170547168687022 0.232216824315096 0.105804893174588
0.150543960799643 0.324449993656011 0.0951736183459474 0.244227746097141 0.157152320168852 0.0284523609324057
0.397805810100135 0.045125724755429 0.188657616490257 0.233274435960785 0.0162221322234636 0.118914280469931
0.167260329164115 0.203763613684136 0.375550561337335 0.00331786428625518 0.236564754124192 0.0135428774039669
0.136944027558589 0.202455043136423 0.159018722319143 0.169590313703652 0.134278050843063 0.197713842439129
0.151941764593826 0.190402293406311 0.225421223817952 0.027453400592962 0.235023165259385 0.169758152329562
0.257847427257042 0.270196165359824 0.258714458901281 0.183848771161305 0.0259775825811828 0.00341559473936503
0.148731024924082 0.291721391085351 0.0588155647630351 0.269863065949832 0.159190566646591 0.071678386631109
0.256436793642751 0.214892347535182 0.207727547891715 0.155918345281081 0.0373819789420185 0.127642986707253
0.113079767372688 0.260446400734751 0.254609370942336 0.180999493514842 0.102623820235074 0.0882411472003095
0.0141195241413408 0.423624744447349 0.0963905665413008 0.0792113812714338 0.0216759942539142 0.364977789344661
0.0268197050897896 0.0398267325118931 0.300647010331795 0.311055202419015 0.101544419033827 0.220106930613681
0.211580029690549 0.193074810308528 0.192711639973857 0.0422233130936775 0.186613000282582 0.173797206650807
0.214431473966026 0.126088432781707 0.255479909573948 0.0420766393733321 0.0343538642009752 0.327569680104012
0.264283896325162 0.24987912668196 0.159828555685268 0.161552504535537 0.0579156471789019 0.106540269593171
0.267021526977356 0.109731754268429 0.00139768590291279 0.243017940855883 0.199799278296254 0.179031813699164
0.180013200653449 0.0521730179956266 0.291782291619003 0.0394114529959439 0.323101027867966 0.113519008868012
0.0960392600443634 0.479620620740104 0.212372149228778 0.0392577444268238 0.00200961028505509 0.170700615274875
0.232984704393118 0.00971627935059609 0.214216301331811 0.19693110028323 0.133226055198833 0.212925559442412
0.0349909255610781 0.052282074052407 0.359336304774653 0.15871467551712 0.0296397164673163 0.365036303627426
0.181880830488211 0.0296790746018939 0.0194257475305769 0.272874083952118 0.244396914983421 0.25174334844378
0.23433696139191 0.0306836967370796 0.323493826189644 0.131931076267379 0.250038204000539 0.0295162354134493
0.404660462157709 0.181064842327173 0.212487850432285 0.0229231895207225 0.143086411349302 0.0357772442128092
0.0285770314585403 0.194736904889259 0.243461475630044 0.14110131494641 0.0767779879953205 0.315345285080427
0.155174706123061 0.22768836655426 0.0798034923862633 0.245833266655788 0.26263839996392 0.0288617683167068
0.198568899166505 0.266685083667855 0.0424384818378063 0.0848180339423349 0.0964599459660108 0.311029555419488
0.197578607365482 0.176153704891343 0.121862921468869 0.128734571407966 0.156960172336773 0.218710022529568
0.101896801279821 0.251081632649751 0.175873299525755 0.170492659056841 0.277277526004239 0.0233780814835922
0.128682199431457 0.117493583986311 0.219085419045254 0.193763758914642 0.171087599956939 0.169887438665397
0.29267355703873 0.297074963846423 0.0329064399052665 0.245925750000125 0.0715883522151574 0.0598309369942973
0.419430925049878 0.16841023108044 0.00325450091895927 0.0224483060815744 0.373869577635371 0.0125864592337776
0.228766227554648 0.19647148201786 0.015317930040231 0.230335220778574 0.0864251381534469 0.24268400145524
0.045187478836894 0.0157476997048512 0.28477512510449 0.0597833875593429 0.323037007111031 0.271469301683391
0.147542854398648 0.100266957462324 0.14542405781106 0.179063696924404 0.251366442320772 0.176335991082792
0.00183915202040106 0.142292976021188 0.218214348055461 0.261985357752804 0.196943768454323 0.178724397695823
0.203909342854393 0.208486524242469 0.234598740683923 0.0652167851613903 0.121647569913724 0.166141037144101
0.112579494652651 0.344564278998728 0.18922048054069 0.0340364735247191 0.00756529556195998 0.312033976721251
0.00476453245312955 0.133869353157056 0.19424735474929 0.232778457403248 0.213899417938419 0.220440884298858
0.220361078815298 0.0316848165750143 0.00111172232910472 0.31267685402595 0.390075252098438 0.044090276156195
0.203420357252221 0.13424429075806 0.191534833631443 0.0438556970353321 0.339536730927014 0.0874080903959302
0.235518161386176 0.139510740929879 0.027307915321691 0.263855865466071 0.15217660840394 0.181630708492243
0.232277279410429 0.152371120600011 0.292565814543999 0.241345774934928 0.0311612841078621 0.0502787264027715
0.199551728559275 0.0343429492571621 0.0540421177720818 0.227323201325775 0.24615402024122 0.238585982844486
0.0968610184667437 0.0792056701979899 0.122464537417455 0.146890515884484 0.273597666749555 0.280980591283773
0.0561549318797357 0.183621911861241 0.359881746704143 0.0604927168749016 0.0122368349355479 0.32761185774443
0.0921796409882561 0.152010936766541 0.225540799831625 0.19748516010573 0.219425018763037 0.11335844354481
0.271779369805997 0.117254690788164 0.154612148973787 0.353363605943482 0.0274561603933793 0.0755340240951907
0.0857413635360743 0.0727740413807968 0.385991280120012 0.13644724722522 0.0235626039196061 0.29548346381829
0.0320014682482541 0.192797318998542 0.198349461348617 0.208857941456053 0.206637998359191 0.161355811589343
0.221428282099521 0.142411656772957 0.285210175015845 0.188598673826983 0.0793837406885486 0.082967471596145
0.278571341747593 0.0904281477564042 0.264644789980381 0.00929070223038882 0.158598009874325 0.198467008410908
0.0858552319323345 0.223558543971203 0.263524120462076 0.198881077305878 0.171873756484741 0.0563072698437666
0.252815244648112 0.0997036075672234 0.0853470392318067 0.188571481041387 0.329090585248805 0.0444720422626668
0.146171059099529 0.165132755380031 0.175712915016726 0.147379114638406 0.20082394154228 0.164780214323028
0.232158670462003 0.0386908832544841 0.298068432201663 0.0494800495869744 0.369725399543531 0.011876564951344
0.260265281720062 0.283824048314476 0.192549401586788 0.0835222661821992 0.0711345853552682 0.108704416841207
0.0486314321405962 0.146871405225663 0.353791111525255 0.181002093593802 0.17380558238344 0.095898375131244
0.263826231742945 0.052092285356871 0.0092212171314469 0.17254306328707 0.347919728004793 0.154397474476874
0.119320831629376 0.122504410386767 0.314655609527933 0.263717732561189 0.0386169698158158 0.141184446078919
0.207838442354555 0.2431189269722 0.0572175826635318 0.219497010307261 0.1009156382225 0.171412399479951
0.342035112485476 0.318316473722132 0.0539776738407669 0.0240856843899074 0.102524419697414 0.159060635864304
0.275364033621903 0.0519142179981562 0.0824953721000889 0.241240834006165 0.199570010857232 0.149415531416454
0.151207609740776 0.160897483786995 0.0930400634053147 0.240960333555986 0.220735517556191 0.133158991954737
0.261779466158755 0.129479744730058 0.225976858231773 0.21580156175286 0.0300098846188144 0.136952484507738
0.109672535339389 0.0880580145554067 0.100485035766406 0.371776658930743 0.134087020412166 0.195920734995889
0.00465796463415815 0.0475460171262011 0.333245203017012 0.335698654595316 0.0156583978870409 0.263193762740272
0.402170187566316 0.0307911957593579 0.0359313829455613 0.0372704158543595 0.484853872110716 0.00898294576368857
0.0839671974562592 0.276510630471805 0.0491180094489619 0.241488904554378 0.211010822454308 0.137904435614288
0.257574118132501 0.141434165622773 0.139685071951095 0.0155042404576866 0.188802498858663 0.256999904977282
0.0455902934141348 0.283144624269188 0.107575323299847 0.0610623337649985 0.209817907712113 0.292809517539719
0.354089831286691 0.044880816931249 0.0768297639996305 0.111415647345656 0.261291306817144 0.151492633619629
0.227931067720165 0.270285360192284 0.109720678355893 0.0628356796104024 0.111641135202184 0.217586078919071
0.22762208179518 0.0434355343030731 0.109493438519652 0.205489088918212 0.0736144495427481 0.340345406921134
0.223325006565437 0.25887300029584 0.125226375610598 0.136921813981065 0.188539805626501 0.0671139979205578
0.0314443690898521 0.164871649887915 0.364102831780829 0.313580071128232 0.0129986595784734 0.113002418534699
0.191565750495483 0.0466203274336349 0.271827974601546 0.115256963049885 0.228159526293175 0.146569458126276
0.276983430357121 0.0241046674399301 0.323048941818619 0.177203284548945 0.150245997643979 0.0484136781914049
0.2370364506181 0.165389616013562 0.179958801821569 0.3059062164499 0.0280873651722888 0.0836215499245804
0.2713765725211 0.135941388164406 0.251588222676084 0.181901879097526 0.110710969538248 0.0484809680026361
0.0307290465695825 0.173655767972528 0.268700125354485 0.130936533153092 0.25072825120826 0.145250275742053
0.127510997922008 0.212194960197202 0.085097425857366 0.181909614200023 0.206076254869513 0.187210746953889
0.253965134805172 0.156850253130563 0.126049458062393 0.309230699949911 0.0620605342595927 0.0918439197923686
0.29540051585807 0.189075626738468 0.0745751120818172 0.248266708733161 0.0764069126459579 0.116275123942526
0.188751566848863 0.225930111229871 0.222782319478372 0.0959989851598722 0.260690774683962 0.00584624259906024
0.154980056068623 0.258047590250818 0.0434359797820443 0.420988488505 0.0517826747808904 0.0707652106126249
0.177612238976235 0.0533584077852509 0.190607285284018 0.271389200627007 0.113443278346365 0.193589588981124
0.13167780945775 0.138514554006787 0.183280039545535 0.176843903490343 0.137266639028948 0.232417054470637
0.112962007044849 0.243729653621328 0.135858315529491 0.152357592745905 0.181671792452096 0.173420638606332
0.361043569322548 0.0691913233187272 0.11903935555215 0.0146687790399527 0.339835828755613 0.09622114401101
0.343515843957896 0.00224438354620128 0.157131290266408 0.262370809617895 0.168579186939171 0.0661584856724277
0.266540146591111 0.113086056275431 0.0953692704745556 0.277178483843155 0.233774604062934 0.0140514387528135
0.211608677343413 0.0989565105565814 0.207533120392773 0.158098315731706 0.0678416138222964 0.25596176215323
0.0946218490000142 0.128425622777725 0.205714335720309 0.206089248529299 0.217549438016675 0.147599505955977
0.0946918714932539 0.19960959945615 0.251935352217438 0.0188335960970614 0.203201113603158 0.231728467132938
0.208139589798464 0.00290465386973208 0.23586577853964 0.284857106270412 0.204591896664694 0.0636409748570587
0.18092857322092 0.115724938848464 0.205704279594571 0.196462629690862 0.153176961974497 0.148002616670686
0.299677664471681 0.255045067979352 0.196983661563737 0.0583907589009634 0.0222398091872195 0.167663037897047
0.188934984807619 0.180042542929354 0.129485051112854 0.20715979787977 0.21408618685422 0.0802914364161832
0.281959571021419 0.0939089259561156 0.0370616720134301 0.355392353995788 0.0892327166605803 0.142444760352667
0.197212056053772 0.166841757445934 0.0909208089639185 0.186815618571294 0.144145371868601 0.214064387096481
0.0507896278790706 0.336443342136069 0.0238519472713622 0.179862982084999 0.191567694251942 0.217484406376557
0.0407175307686222 0.163994959770643 0.241596623202469 0.25568997096467 0.14002241088734 0.157978504406255
0.29027247983403 0.230406096214974 0.0271843174568471 0.0111643146321404 0.240692956272694 0.200279835589314
0.390467356488434 0.159929334676258 0.183833197849541 0.0181010418987208 0.0232739290734027 0.224395140013642
0.221458866826608 0.255358244841774 0.0233271410862489 0.106904043563261 0.191185227186308 0.2017664764958
0.130179279281584 0.0249771913180468 0.244456869936658 0.211651149269502 0.0679155921588459 0.320819918035363
0.209798804954669 0.196001416079063 0.126249472861934 0.192000151670862 0.14060871112892 0.135341443304553
0.299148678301905 0.00282639075803472 0.318057484360402 0.232367333101332 0.0749337544239768 0.0726663590543492
0.210377790705597 0.135830213901115 0.204791991028648 0.0321752389788538 0.232129022438903 0.184695742946882
0.266982681463913 0.376100448885754 0.0496797364859332 0.0605733455293922 0.0364182684167816 0.210245519218226
0.0951722398533843 0.277824506540002 0.274684986682895 0.209183439093715 0.0035277988907908 0.139607028939212
0.160304845517509 0.221946434896413 0.053808005270787 0.108890186515007 0.254126159796503 0.200924368003782
0.200939863521607 0.190772851555567 0.0562440627224467 0.230290940074248 0.165809787441521 0.15594249468461
0.18118018859294 0.0497838305670172 0.205545803609501 0.171175064376873 0.157712037307815 0.234603075545853
0.129862859018729 0.0724858964790307 0.273948585259231 0.198857007322444 0.101404742320508 0.223440909600058
0.162058250180529 0.0181653284482733 0.138972607983932 0.186034612028083 0.274964454059163 0.21980474730002
0.292728504045513 0.097488665112673 0.0675941889063492 0.123481577474834 0.150410953851975 0.268296110608657
0.402704482049518 0.11868558563438 0.15907361773 0.187671597023508 0.0578569768302912 0.0740077407323033
0.141969327329902 0.237116577127405 0.160325460161799 0.0583175007287456 0.122356536761489 0.27991459789066
0.0962500059020788 0.167835136480367 0.16225446149661 0.184001268043948 0.158814856468354 0.230844271608642
0.11267839290841 0.321787951113232 0.245450764077175 0.0106339344867203 0.222819551822996 0.0866294055914675
0.0435564382522284 0.195151880629971 0.0242380968200137 0.313935130752376 0.267645864945878 0.155472588599533
0.154825008797378 0.120112184947609 0.191990749658597 0.231547097361487 0.00263962892462198 0.298885330310307
0.0616216828060893 0.11379004969127 0.0957918272512574 0.217969919029263 0.304420807023235 0.206405714198886
0.0125879447211483 0.165717698156973 0.305957706822859 0.187817894517952 0.208610493777815 0.119308262003253
0.0205992969960007 0.121915070988665 0.114676839933499 0.390371478471494 0.210538237279694 0.141899076330647
0.154017182465681 0.189883882351925 0.158488492795658 0.297544008853254 0.102847572040254 0.0972188614932274
0.234450490028902 0.173589306556081 0.15350529486831 0.176278945905952 0.194017277309464 0.0681586853312911
0.122497003126975 0.218803665765073 0.217206621935792 0.221291555388828 0.0340161170538102 0.186185036729522
0.130053126086829 0.167629963502163 0.147807204587416 0.25766948104666 0.0690275139882361 0.227812710788697
0.162777579707175 0.0353931672776883 0.219985857483114 0.231127345765691 0.138195304748583 0.212520745017748
0.0300966532252706 0.175845500205515 0.263738626011734 0.179088560133992 0.146871183990799 0.204359476432689
0.297469033923489 0.0901417843138266 0.132978647234488 0.203891762278259 0.0930775363788603 0.182441235871077
0.14645029703419 0.234812186145275 0.020186517080516 0.194796243452845 0.349995947748873 0.053758808538301
0.084619547987199 0.108540030260489 0.216502007694717 0.231423537942273 0.302202861140049 0.0567120149752726
0.126301496074692 0.415498109187753 0.0166626725591518 0.169808375875985 0.0614832787166174 0.210246067585801
0.0996648761356836 0.286021682947722 0.324348318784033 0.0311349116066447 0.153492433703976 0.105337776821941
0.177922411944971 0.211561118107213 0.177228634308743 0.101943770586403 0.135335244363063 0.196008820689607
0.230586828270436 0.269961546441522 0.198547978209921 0.185743696646124 0.0458222049720183 0.0693377454599792
0.0268527118584004 0.0053221213257463 0.0594300838600576 0.523094323750357 0.245344363626526 0.139956395578913
0.26120345133937 0.303340801923175 0.129778908387791 0.0347670292028993 0.136095230666279 0.134814578480485
0.177344953925851 0.216931713451595 0.126377525768287 0.290556495344766 0.178172566226551 0.0106167452829495
0.0644112147775597 0.0115916409504316 0.142012687902548 0.242098861288511 0.243360320030469 0.296525275050481
0.157355598231821 0.0126566563295308 0.16725692441779 0.212918489932413 0.116765860929295 0.33304647015915
0.154414203269685 0.148537263447274 0.243461257782779 0.15244905418594 0.106230785514825 0.194907435799498
0.183885280748739 0.0587078652606595 0.0884937124980416 0.151755541738963 0.243244267837348 0.273913331916249
0.0887378257215758 0.133108065265623 0.104982316927632 0.197343263534586 0.228461034945163 0.24736749360542
0.219276927984395 0.0918083857313532 0.28891464089526 0.240997591189255 0.0926491123505077 0.0663533418492296
0.257162217715096 0.0861509933528606 0.299070393800621 0.0198979991383267 0.0577366896558238 0.279981706337272
0.336606201484097 0.119486912081194 0.186972861029481 0.0537708420835455 0.042704927430329 0.260458255891354
0.0920585298934951 0.218596743822531 0.0556018966151625 0.202445524508454 0.121087931163178 0.310209373997179
0.193750916318263 0.174363700924122 0.1171601147751 0.113821857406881 0.199256476098806 0.201646934476828
0.116793634473969 0.562631123754084 0.0177118036544303 0.109942721143597 0.106533467034464 0.086387249939456
0.203660551675163 0.149129472301133 0.239262696362781 0.198468314166934 0.11265994235451 0.0968190231394785
0.25092488708652 0.0522524642087159 0.145078606820137 0.182431544364814 0.185176753395697 0.184135744124116
0.0459318955676142 0.0779950920270389 0.345086642146316 0.0609166310735984 0.332124192526777 0.137945546658656
0.320250887274361 0.280054878569409 0.0835273554746862 0.0997117137020991 0.0975146017338647 0.11894056324558
0.235244312052889 0.00259412607690481 0.0686914549211111 0.198135955054208 0.249722770333278 0.245611381561609
0.14525322111253 0.1984340015148 0.0870405856035522 0.19580550607635 0.170741181693668 0.202725503999098
0.174616954501604 0.0470092177412306 0.077706563768777 0.184652389734709 0.0755164616187511 0.440498412634929
0.226958541778844 0.247722562117103 0.243365283891296 0.0510372133423078 0.144680399952558 0.0862359989178911
0.146962011473283 0.363735499973605 0.138688500820392 0.00296306450591417 0.0263567323669255 0.32129419085988
0.00529782701631476 0.188046751943884 0.0442642603931958 0.286795244287685 0.435034571296676 0.040561345062244
0.0418665973257859 0.00345266951434601 0.301469319431092 0.341629109920565 0.108251164315225 0.203331139492986
0.0811339429749776 0.083073791191295 0.398450860257317 0.02848725096747 0.153847875183575 0.255006279425365
0.160478559283448 0.246029667737518 0.194470567027151 0.253394504199716 0.0844532205259124 0.0611734812262547
0.159958706377747 0.0502705742472003 0.261752769949967 0.146176568398568 0.123065460552505 0.258775920474013
0.311122179771467 0.204678484547413 0.245985347876093 0.146255928158906 0.0438801263702286 0.0480779332758915
0.0646235444744409 0.201885982929692 0.243220974582609 0.214997124544885 0.0505739869610761 0.224698386507298
0.308202919281689 0.200925905964176 0.0704074775181465 0.205166251313425 0.116505784896827 0.0987916610257357
0.19616802860326 0.150374374620794 0.0978645508299914 0.242497842690329 0.0188007783781592 0.294294424877467
0.117102521831115 0.242887352452706 0.129492689994595 0.240409978519825 0.0390830364513978 0.231024420750361
0.251132973507263 0.187423727019885 0.087774447591519 0.0356679325831654 0.203007782233679 0.234993137064488
0.197958229616226 0.202819236045885 0.112194690520815 0.206958587675846 0.20602070445398 0.0740485516872483
0.152929963968551 0.0918546237723466 0.229263557641143 0.149330970685977 0.192656054527742 0.183964829404241
0.356291515700651 0.0341354279272026 0.346824591812234 0.15697577070318 0.0380460377058909 0.0677266561508423
0.158431190389 0.0539873444115947 0.238030921283461 0.100772190031518 0.150350225547992 0.298428128336434
0.0161197090943608 0.0616930224340534 0.269317240100981 0.491986894611525 0.0882635267255584 0.0726196070335221
0.0476172339216578 0.257527701964454 0.141761248763989 0.188199706985262 0.25275448782912 0.112139620535517
0.380430923556976 0.125194944788814 0.183599492272417 0.204728055936293 0.0181468658799466 0.0878997175655531
0.169950014946872 0.194614275427036 0.205913613820896 0.161480267677967 0.23505531377079 0.0329865143564404
0.106247104284784 0.227577666079198 0.12846151868814 0.175746762569379 0.152154422001481 0.209812526377018
0.255451932667913 0.0181395073991418 0.0940074073153486 0.286673297920585 0.283923950304176 0.0618039043928359
