0.166028930482586 0.0966118324450206 0.183682441400276 0.104387890459841 0.318446140963582 0.129356797812935 0.00148596643575773
0.113241807614077 0.102864290172896 0.0615478540152368 0.246963589865795 0.196766709333533 0.193309989527046 0.0853057594714155
0.186749081521986 0.160512462297258 0.145610281042375 0.0367963051765353 0.0772747402728841 0.104434066607793 0.288623063081169
0.100714747006824 0.0495598346093654 0.0625355369768448 0.213931953404901 0.22508910568972 0.32679074867792 0.0213780736344249
0.092533564372192 0.282476648973812 0.197201716278841 0.131608023991948 0.137978824488775 0.0466519127433337 0.111549309151098
0.0532173350415188 0.181919013728856 0.212854789618347 0.121653841207387 0.0416304400110236 0.190189128761794 0.198535451631073
0.0759506977216541 0.149845964489203 0.1528899143498 0.18296381342936 0.0914422219202239 0.179622108295988 0.167285279793771
0.178350405526517 0.012668424626189 0.179890791314421 0.125461926003493 0.155823721384938 0.111475818839552 0.23632891230489
0.234182685430114 0.211958845642864 0.0626773397220006 0.146593160720393 0.0160335967618667 0.219320256958099 0.109234114764663
0.0819775382763825 0.217454074562073 0.260412738437877 0.123443088709795 0.169998542617813 0.0795730270770328 0.0671409903190261
0.256549326572541 0.264980853628119 0.0231777854590867 0.200764126749788 0.00992061847487964 0.105498613799203 0.139108675316382
0.0683684368815941 0.193548809026911 0.084153863827306 0.162952177637852 0.253586372993586 0.174742128685746 0.062648210947005
0.102215120969431 0.174743875776121 0.21025767305445 0.157767380043068 0.136513680107174 0.197507716040125 0.02099455400963
0.0911501897953264 0.14759807717325 0.0645056725336855 0.203778359653089 0.202987477508299 0.0839134184257058 0.206066804910644
0.0337245169794937 0.156785737341728 0.294404100697434 0.0051793663664442 0.0330923445899464 0.21118727081342 0.265626663211534
0.0150637981093127 0.0748977570916399 0.223720036490717 0.180856220345114 0.0685449871195227 0.189003836541296 0.247913364302397
0.14448748476987 0.131185354051378 0.14480762658657 0.0989891265628565 0.136490213190207 0.189382266420547 0.154657928418572
0.202241148919503 0.127476798653484 0.188431497783989 0.147093018586557 0.0149102158288268 0.0952277712536273 0.224619548974012
0.114299135324904 0.0998704680169373 0.0675831924515025 0.130159420519404 0.118876558024617 0.197036981220892 0.272174244441744
0.0531893873324167 0.195059330909239 0.110536101667071 0.378868159958775 0.247462504333505 0.00431230775519893 0.0105722080437938
0.242290924768538 0.0753428138539613 0.110280357672983 0.0474476891062341 0.0421887879663028 0.248334964636588 0.234114461995393
0.0320479333408186 0.0560860523381221 0.0936334330868986 0.0144214487686067 0.236176006526011 0.312069430624894 0.255565695314649
0.10566710841937 0.0582848719379615 0.2244319062283 0.12810558404491 0.122487020098232 0.137423077253706 0.223600432017521
0.106553547910065 0.0974465176182505 0.233366774309364 0.212193418225936 0.152234253189675 0.0092346768749419 0.188970811871767
0.119692702952149 0.196148237655532 0.206330804621331 0.0757523882169153 0.165020367038972 0.207137875748715 0.0299176237663865
0.213148465202808 0.0336931448029873 0.290939989207848 0.0506576001325354 0.164631550433961 0.153091348855606 0.0938379013642545
0.169789399881228 0.168870620983224 0.0263656002805225 0.175284397401943 0.231383059101339 0.157816930098133 0.0704899922536116
0.156398672120464 0.177998246587485 0.0084610507131222 0.24247051018017 0.0780141420231553 0.237980415225402 0.0986769631502009
0.045464384997342 0.125702078262283 0.204369046015827 0.0888303681874513 0.145110530618907 0.248106204602833 0.142417387315357
0.0327533932037625 0.257122113775809 0.186013746431525 0.153000363121541 0.0276427771114664 0.204002734198682 0.139464872157214
0.0793974960910893 0.190519140299713 0.202337886657325 0.344748912543113 0.0281173991786405 0.115129051684244 0.0397501135458746
0.155000316833188 0.30019383980864 0.0272993062681863 0.0399623096528436 0.0029081916636134 0.354380121047981 0.120255914725547
0.0200542457504752 0.0768628446811586 0.0718308766962409 0.334313931507993 0.206897895615194 0.222935447137364 0.0671047586115742
0.260606038822787 0.194507176751498 0.0313394037665692 0.0843877553646214 0.209832851957913 0.203880805644222 0.0154459676923893
0.0731861466709942 0.198974635173637 0.186451333241837 0.230645078583797 0.244326745896745 0.0589988688079392 0.00741719162504964
0.113494266992664 0.223451502057436 0.148920097945269 0.203174505038141 0.0698334753573913 0.112664611537575 0.128461541071523
0.0386791014587592 0.209509649062217 0.011502704874201 0.135999303241949 0.242210483023256 0.20703503872679 0.155063719612828
0.00867340210284822 0.155028020865963 0.0505039293884023 0.0699150502553823 0.296983427627473 0.207619003773986 0.211277165985946
0.097826651441893 0.147810695669195 0.138809394416042 0.175085581083409 0.142928463648041 0.117160176602607 0.180379037138814
0.0239716286944923 0.0818076622410556 0.0677704988899154 0.151930644869139 0.185926694080581 0.149145616243839 0.339447254980977
0.0976962440320669 0.0235822801873297 0.108847871068501 0.164479186116925 0.0189197095424646 0.269014585793624 0.317460123259089
0.186811143589792 0.200094282223957 0.106795660639466 0.128002460033871 0.114018162747084 0.0121129289599394 0.252165361805891
0.0834501562430698 0.293710928909451 0.0722919913799074 0.0531587593280566 0.161575986368136 0.0820473871628068 0.253764790608573
0.173249117587802 0.0811245462532365 0.195483492165689 0.196511917002968 0.0940729758233184 0.167813191187862 0.0917447599791238
0.213489493797947 0.136540029545679 0.0795725364136619 0.213299372396058 0.158532168536997 0.191281879744666 0.00728451956499167
0.0879607452668602 0.202882583429463 0.165704663150329 0.205805884755837 0.0658417851052849 0.0122597153825958 0.25954462290963
0.026607989725974 0.17490297125121 0.0978505476864965 0.125981757659183 0.25323423862581 0.272672404996425 0.048750090054901
0.00549677118000461 0.231279340084972 0.104768124120356 0.199653382566768 0.154466291314611 0.0237188393169412 0.280617251416347
0.0742402535087782 0.129428156790297 0.130450752154476 0.203920828565891 0.163064734984458 0.122273694537059 0.176621579459042
0.153497583038624 0.191720788543566 0.0812344937408938 0.106046458741101 0.180086081257766 0.193169790454004 0.0942448042240449
0.218916048894449 0.137452723713534 0.102962067472225 0.130824022465643 0.156413331001563 0.014775757163504 0.238656049289082
0.227544751179589 0.000711587363634463 0.12354234472976 0.239034094868583 0.122488901484237 0.209198747301335 0.0774795730728623
0.257075387317386 0.0645635024932194 0.273879033343346 0.278482072709158 0.0176003124428897 0.014520151761128 0.0938795399328724
0.149426433125427 0.245113965587924 0.117143202012508 0.0322438409625177 0.0226148693398738 0.205602877182765 0.227854811788984
0.016779377992456 0.21544025601433 0.163043610368673 0.265757006679407 0.0936055806647533 0.0832128488867859 0.162161319393595
0.0511946942761383 0.168469956564538 0.149442815439176 0.104481077560711 0.33551703026099 0.102695740088303 0.0881986858101428
0.246679901111885 0.102734190368657 0.192377914991685 0.167386354138116 0.191866928642489 0.0551940966887148 0.0437606140584524
0.222393496460815 0.132178603978807 0.229233019518809 0.114218361468238 0.0546011776220242 0.0560018845492182 0.191373456402089
0.201781476142563 0.092081562738646 0.152353919818135 0.0360963317872853 0.180160124034611 0.208724118912003 0.128802466566757
0.0408013323898825 0.0690844349921287 0.177903796974957 0.248995188684524 0.178344841149555 0.00673265186783131 0.278137753941122
0.115521470921044 0.0459795182948771 0.313604699083297 0.067444429714319 0.227899022667403 0.176212884558372 0.0533379747606882
0.242512622922008 0.281519456017776 0.0146460639653655 0.0418861845815218 0.0097498119487376 0.251931212992942 0.157754647571648
0.140195577652662 0.0736387951547941 0.0716760812944099 0.238945300051326 0.105902047564277 0.127470786349137 0.242171411933394
0.162740777948253 0.150544398211519 0.0502673909698854 0.200849603378793 0.0745535771889049 0.148880462349167 0.212163789953478
0.131804805960214 0.301111484356562 0.157302355245516 0.0646934559719542 0.078618225615632 0.0338324463566124 0.23263722649351
0.241041237976677 0.116934231086066 0.219147897019185 0.130157481017749 0.140164100647741 0.00118719154039697 0.151367860712185
0.0923156529309016 0.204485148345397 0.259581608980829 0.0885016852011677 0.0675934186285624 0.272227258556584 0.0152952273565582
0.191674083931535 0.136455082734224 0.12175559263592 0.0370457673091449 0.169842995210493 0.171090801719564 0.17213567645912
0.0826849230649804 0.227109518917345 0.136918511188927 0.209331331937224 0.0227213117577693 0.205926931286081 0.115307471847673
0.0954625575561813 0.275226753553532 0.0106851147251944 0.13708037834583 0.184612451356036 0.144562330110996 0.152370414352231
0.152863486737878 0.166420804239137 0.145005689055162 0.10322162962752 0.125394172373628 0.296962637737342 0.0101315802293316
0.138916323064894 0.0419294057463202 0.175114059659886 0.19539312885414 0.298783925564217 0.14107074259123 0.0087924145193137
0.301478967317677 0.195006849873581 0.0400156654397614 0.0358235252346869 0.104306567433695 0.244628812301572 0.0787396123990262
0.155023620255355 0.143958063058587 0.199407098971696 0.159601250313649 0.17264965832025 0.132249882166424 0.037110426914039
0.0867671187092486 0.17188076568424 0.236147348282579 0.12123724279842 0.197390785097556 0.106483247640985 0.0800934917869719
0.254672195349666 0.0227515271972169 0.00483954279170807 0.329149027056951 0.232551272553028 0.0692289682083565 0.0868074668430732
0.0575150835111742 0.176975296820251 0.105630010305092 0.146473411816194 0.182117582616825 0.131150841051407 0.200137773879057
0.00818555769350326 0.208433718322624 0.177001786742629 0.162977389751368 0.101371130738364 0.161385446305194 0.180644970446318
0.00528848050975175 0.399966181841473 0.0231543627710574 0.0200224056619708 0.246265929691566 0.180967191146028 0.124335448378153
0.103745648605984 0.17823477218261 0.285242004542145 0.117642892909362 0.129750453791531 0.180100045456344 0.00528418251202307
0.155880373842129 0.257680784620139 0.183821849701623 0.179055823984615 0.15945962083749 0.0130988662155683 0.0510026807984366
0.154527152096245 0.0484965145538274 0.0724358808297057 0.258150924326855 0.0614094493455191 0.178966288998498 0.226013789849351
0.126932862352998 0.234807211375865 0.112795722650135 0.0987978851037938 0.161443275640296 0.0213936431990127 0.2438293996779
0.240863736571685 0.201372099187691 0.0462115292396042 0.0619587697621686 0.224047419356739 0.189945968465093 0.0356004774170191
0.159788929728516 0.181569912460933 0.0745178043287902 0.179242873461238 0.121430987778375 0.0913246798279868 0.192124812414161
0.206487713973298 0.235075269342209 0.0928511612129973 0.145585785965185 0.24864836692741 0.0709054387869578 0.000446263791943032
0.243089485865438 0.122563230929491 0.230756453762517 0.053455906810559 0.109818406235312 0.188348592615881 0.0519679237808022
0.0858800867243509 0.246348594108053 0.139270379361797 0.113278123187967 0.180149389260821 0.177206421725161 0.0578670056318504
0.00401235070780461 0.0634438806632124 0.177762064744904 0.242626001327667 0.103744884520344 0.251199224471641 0.157211593564427
0.304581735636463 0.195754700467474 0.00781625259887875 0.136414777358738 0.267150029696959 0.0259008662841009 0.0623816379573854
0.0698408441295331 0.239495406455131 0.0683815991328359 0.215044435873573 0.209417866736019 0.103274625720402 0.0945452219525059
0.192374293096209 0.109482878488842 0.141574495165066 0.187465682601233 0.158983944097615 0.147634555991075 0.0624841505599598
0.0151448088497365 0.250926385454117 0.167197797798892 0.341491533977559 0.0905196004549973 0.0338193834497247 0.100900490014974
0.130955011455185 0.190872782957571 0.221509665115186 0.144954562344595 0.029188933470708 0.0793462074159608 0.203172837240794
0.121134680808676 0.13697638798725 0.341429337162581 0.0400327583753137 0.0785239970650681 0.24196072235458 0.0399421162465313
0.37047201399398 0.258158107500728 0.0409852153779175 0.0570824654099416 0.0638887796604483 0.152996004800511 0.0564174132564734
0.167803194013428 0.189739235467409 0.222448693873308 0.0121001730470963 0.1931872047435 0.0111054744597248 0.203616024395534
0.270918761546392 0.220409126562957 0.0255610741290936 0.122623530464492 0.0331397443886842 0.299022847355352 0.028324915553029
0.263492806716009 6.50105769573099e-05 0.198780354414887 0.00307438110925654 0.253088233234447 0.0891559203904507 0.192343293557993
0.171585139191139 0.221753494441014 0.0339089902932151 0.111769456012597 0.10919065016803 0.296166534565282 0.0556257353287241
0.164668496059303 0.0594108549659274 0.150793026715776 0.203542502649137 0.21668158203284 0.0306500061257315 0.174253531451285
0.103972062692112 0.214961275054468 0.213469822069974 0.126679074304873 0.182380416907943 0.152517505646173 0.00601984332445617
0.0285564953787318 0.175293474690056 0.0420080334619467 0.252492546459578 0.116650136445068 0.214474782928718 0.1705245306359
0.0714586428039616 0.120709697950167 0.0796364540133096 0.12828419588784 0.156948437021515 0.224669619673949 0.218292952649258
0.0692555713519654 0.231556158682516 0.193258906537613 0.042220686001736 0.209112672980693 0.0292629066617395 0.225333097783737
0.153506269800399 0.234484444446239 0.229431746817206 0.0620440145568675 0.0505186881389188 0.106741462310215 0.163273373930156
0.222875868710081 0.177899920031496 0.177928637518882 0.144415576052191 0.125156406671918 0.102437640973925 0.0492859500415082
0.240165686690192 0.0862437756827727 0.110878314419569 0.0226718097880933 0.149275507659006 0.184854253681446 0.20591065207892
0.148308869633694 0.203589039087124 0.154098850749977 0.237790760895903 0.0287916981390252 0.116433339142845 0.110987442351432
0.0708375907200827 0.220805505009448 0.154363531169371 0.0634761474603469 0.164930808238015 0.116138789443415 0.209447627959321
0.117438803761254 0.0773120091353547 0.0178026717417208 0.0913521556524315 0.316936213311439 0.219254897814275 0.159903248583525
0.128728425634361 0.0318994515520553 0.157507701635841 0.108915816224969 0.269061077000506 0.223396326851847 0.0804912011004205
0.11693164374057 0.149630425583472 0.254536421447263 0.0966765634527841 0.0485315178722387 0.301159194972952 0.0325342329307211
0.217036467499247 0.139696536733923 0.194341025336211 0.0779840828809587 0.125076141020046 0.0758430452101453 0.170022701319468
0.01058506926765 0.225826638471649 0.119932929722841 0.161810078351506 0.0724519058804094 0.0845325596953889 0.324860818610555
0.197816224886705 0.392330799153876 0.0168994903058236 0.144462753634407 0.0725549156373916 0.0159247660730863 0.160011050308711
0.230450523728476 0.292200497774674 0.000724081664444901 0.0030315980376895 0.0604609995949447 0.1568303890786 0.256301910121171
0.132827726636215 0.0398709493036202 0.178106594113767 0.140912364086678 0.0181083368467267 0.214339826301755 0.275834202711239
0.205175663015641 0.1557149580297 0.0508971238090299 0.14132716968213 0.153469732406318 0.0823222663775377 0.211093086679644
0.0975382157326583 0.0377109086131877 0.103317344730753 0.164485842733879 0.153731945581737 0.22593718094949 0.217278561658294
0.15251218456498 0.192219986398196 0.0522410599487036 0.167337055837177 0.0936683984320979 0.173826148847876 0.168195165970969
0.104855407192024 0.0275111768095779 0.238338934106357 0.06070156680782 0.247701946160287 0.0737689092630462 0.247122059660887
0.121768098620453 0.282195157436795 0.137727361941252 0.23296526077103 0.0482097445263078 0.154649946662772 0.0224844300413901
0.29565447530815 0.0535702600365056 0.0672179025972433 0.33327138288653 0.0999701474963425 0.132411879072478 0.0179039526027508
0.117771232957032 0.0653807601708654 0.25988380547522 0.21088871584282 0.0902093627878688 0.246566261805486 0.00929986096070781
0.00439761668661592 0.208930947049747 0.0176493374303592 0.220753527608569 0.222463197986669 0.0929091596390308 0.232896213599009
0.0372986215964302 0.175391299851156 0.188698993322373 0.20169541626985 0.059916368914866 0.238617990281235 0.0983813097640894
0.221728152125263 0.0333664036505665 0.0837994725834536 0.135786965081016 0.226093834702222 0.166673921564893 0.132551250292585
0.138223177299684 0.193471133555106 0.0774682379004498 0.167783709424059 0.228575369871993 0.0645400987605241 0.129938273188185
0.0101942904440665 0.245167147989499 0.248915889121299 0.128051083414367 0.243350978059614 0.0548425761628147 0.0694780348083407
0.103226831103943 0.303917955141333 0.0987068890137298 0.099510729317172 0.22098074255521 0.0969695760286785 0.076687276839934
0.197783858524574 0.270954794569569 0.0225778494430709 0.0876163442721647 0.241445794474792 0.166406820698632 0.0132145380171967
0.122621764263046 0.147344217369658 0.0776836341768514 0.162349807914101 0.176754552248076 0.213970245741585 0.099275778286682
0.212615719276454 0.0517661256889269 0.218216885599529 0.138784393882522 0.0855175165107142 0.230568016280401 0.0625313427614532
0.0242709998578528 0.0559102296449938 0.148292353822038 0.36633632746795 0.252028455968397 0.109973006971207 0.0431886262675612
0.195132356536046 0.121968838904371 0.222435682111712 0.0489906376977632 0.145848602481956 0.13579022842913 0.129833653839022
0.104652886058631 0.259313823115497 0.00296923612245603 0.171264086233297 0.265497385336281 0.100441935696634 0.0958606474372037
0.0151480597264957 0.169977690511833 0.18826235153952 0.136241070239871 0.155508420429281 0.183097361692647 0.151765045860353
0.259301288626826 0.0552893859577339 0.15129992948345 0.0173375928568116 0.0663213216708576 0.276058564049538 0.174391917354783
0.00506591890723277 0.158127931709903 0.138429454092498 0.0456472132991936 0.229231138632353 0.18636370912658 0.237134634232239
0.337994577842926 0.155269836851662 0.0153257795655818 0.0605795498747324 0.0625664027154985 0.226365033486437 0.141898819663162
0.138082951115838 0.152778291838675 0.260979130678237 0.122347938559299 0.16510866101088 0.00899028437439329 0.151712742422678
0.0487144108952476 0.16039075929235 0.154995840041835 0.308185113904985 0.178616679816703 0.111619094240032 0.0374781018088475
0.0650723310960413 0.154738202055615 0.141279192383657 0.156801947041168 0.081360686630773 0.180622776136711 0.220124864656035
0.106636592562626 0.144486726464766 0.252866983113652 0.134748218990337 0.138342897942732 0.124895418139207 0.0980231627866798
0.162693416264781 0.142695071797744 0.163798250274898 0.257601007810902 0.0439069664738493 0.0257644811835498 0.203540806194276
0.138860077070847 0.0939747519221587 0.127039042003732 0.143064504269516 0.224834732664423 0.0488743252781648 0.223352566791158
0.109079115772773 0.270364594344308 0.262051282799981 0.024133134629976 0.135218652644737 0.173595215629456 0.025558004178768
0.0178567599492475 0.100336971285088 0.244264691601919 0.0524568345881021 0.0683006486484555 0.237505999470325 0.279278094456862
0.176365229150654 0.123067217246977 0.127179946045897 0.202303536337816 0.090484990795135 0.111634781541705 0.168964298881816
0.162747846511491 0.127888814927479 0.240085784989503 0.226234705249292 0.0915050919976444 0.045137133820032 0.106400622504558
0.0683074686518278 0.237831675445874 0.198613742291981 0.224446159658684 0.0550554112501805 0.104132746849047 0.111612795852405
0.0252695376455811 0.210981200841909 0.0309057241442952 0.229018327979924 0.0467143069775889 0.25204506407041 0.205065838340291
0.0251920998172102 0.158133086831117 0.207167477981423 0.107526873191348 0.237978431644916 0.159659850581097 0.104342179952889
0.130269051513516 0.185159766404021 0.0882055503425724 0.0318626816777264 0.100029279941306 0.112340590120881 0.352133079999977
0.220701286055501 0.0959151798275663 0.201537705856613 0.124941000833473 0.168346698473508 0.12761856409789 0.0609395648554486
0.0911653224774744 0.259575406477404 0.201642948180279 0.0757198819805951 0.0884173475745331 0.271756089070378 0.0117230042393359
0.157034746988175 0.0698706702353983 0.062117750448165 0.209000278499707 0.192620957289731 0.201377558780262 0.107978037758562
0.20210264051385 0.256183234705533 0.0528978557717681 0.227044875974857 0.0258788032388998 0.0861113278233642 0.149781261971728
0.214705739954594 0.228493678486459 0.0296619046109066 0.0868045471792384 0.0192389917499895 0.216829697594879 0.204265440423933
0.0694689698635876 0.0974365521691856 0.00757480462941426 0.221336588097935 0.226622625249698 0.119437585789718 0.258122874200462
0.144953036380926 0.0451811313750616 0.00996288469246347 0.205105575138615 0.0407041807627913 0.362692881657827 0.191400309992315
0.172626327298054 0.174054438119646 0.163944114019959 0.0230924354418771 0.198786796538873 0.0864297480965309 0.181066140485059
0.0112838122405983 0.182549688039523 0.157421740805243 0.0281878216182875 0.130572092029496 0.278281741620978 0.211703103645874
0.0849538811856028 0.168013790596559 0.154487593475223 0.0323012541792117 0.130408075428112 0.233714792201675 0.196120612933617
0.149839808099444 0.140731217651322 0.172955779575023 0.166030098813035 0.132564110177033 0.0739845675978922 0.16389441808625
0.00809799876497302 0.177932171813068 0.184347891504303 0.0255936982068707 0.363060068383724 0.146410605619365 0.0945575657076966
0.157237566961014 0.0429990563983639 0.217874182459247 0.255256078789604 0.236770999490007 0.0485613892885109 0.0413007266132542
0.129140217989176 0.0985571414534454 0.159613201933616 0.204787848714644 0.0582177422512102 0.133430692363479 0.21625315529443
0.128985202268103 0.0709547765757784 0.208032580790265 0.310650656769963 0.151633783284426 0.101277062992909 0.0284659373185551
0.0651970880872596 0.245266564683986 0.0499030790522176 0.185644613981871 0.0308743305831191 0.167032574989304 0.256081748622243
0.0822598055617023 0.0449786240010412 0.271312431630529 0.103871825032223 0.289953420193648 0.0141758140407872 0.193448079540069
0.231430448152164 0.175763899132133 0.0232537582286409 0.19421350508199 0.0743050442464351 0.0141586118518156 0.286874733306821
0.0734277419014292 0.168251305424223 0.226669396426848 0.0106371388468812 0.00793135786070921 0.238236590049846 0.274846469490064
0.0383711734985231 0.00914418287546618 0.267959306064054 0.122979752921169 0.293134970284148 0.173880104596651 0.0945305097599883
0.171547975790142 0.16552636561646 0.0645670885544779 0.00141149689199989 0.0753929451728811 0.229608638782874 0.291945489191165
0.068958799711193 0.286336127189426 0.188051283474154 0.0390741836348984 0.221091052948618 0.0764746796391704 0.12001387340254
0.0871022162860473 0.0621313357271666 0.0422418021503583 0.286202242228136 0.249444326772791 0.124361474766936 0.148516602068566
0.0738915154592999 0.121777368940919 0.150000182391166 0.179731448346306 0.0784373474830915 0.16190900475367 0.234253132625547
0.0155433538322068 0.324283091464883 0.325263997901587 0.0588440777424791 0.107240945558036 0.117630888580548 0.0511936449202603
0.14503348697857 0.083839781768732 0.20900274213907 0.249479396794219 0.214945356907882 0.0190346933312454 0.078664542080282
0.165960478263459 0.0422436925822682 0.286160257133061 0.254425211978903 0.130444980358231 0.00368213705550149 0.117083242628575
0.19859264279435 0.401149261971367 0.113869376756021 0.0332733116245141 0.0764120184022701 0.108880464647839 0.0678229238036392
0.164414055533866 0.292735560717563 0.0127721564925239 0.156103323461078 0.267087247171331 0.0400037338724401 0.0668839227511982
0.0801083113723709 0.200109738899381 0.140811694614115 0.139553100354859 0.144748305755584 0.201381030946845 0.0932878180568449
0.0901591851113364 0.232517845306392 0.2144856900729 0.105616525361196 0.0939759398746943 0.200139176078274 0.063105638195207
0.124631709165955 0.197500790964126 0.204367178527513 0.10377423918244 0.091433484446911 0.037958008209228 0.240334589503828
0.0672655734563716 0.122044266846015 0.150203087976531 0.172989978495463 0.100654631701166 0.24484170050734 0.142000761017113
0.27932889861484 0.0514234629165426 0.191993703436052 0.207195581375887 0.0565081613746626 0.151263242646083 0.0622869496359316
0.210139426101028 0.0996264372695827 0.0427626935379627 0.0727373884673601 0.27632917813534 0.258754169232094 0.0396507072566332
0.109914913061117 0.174260302519942 0.101928608475887 0.090847046562383 0.240109969990608 0.106331923479577 0.176607235910486
0.11235924589092 0.222934372214389 0.132425445143103 0.279381343537026 0.1450713314517 0.107003490083083 0.000824771679778972
0.0901752993390143 0.213768519296948 0.19933473139385 0.132981706546615 0.161784964007754 0.093548877559581 0.108405901856237
0.188445453742583 0.180972414167038 0.122552737255041 0.104432595450827 0.144373633766906 0.173685543425168 0.0855376221924375
0.198109189641767 0.101867345089502 0.165521139654778 0.108559906878919 0.227301649113245 0.149896594214179 0.048744175407611
0.225845132514724 0.214396071024743 0.0980688454138778 0.217615669605927 0.0542743521745626 0.131507046099883 0.0582928831662831
0.201543562492254 0.180273026463898 0.153609475058908 0.241891199066783 0.0935199550110203 0.0637034459168728 0.0654593359902643
0.251969550657167 0.1027627045234 0.0357003598506489 0.137318352612104 0.248374700380163 0.0483249409107114 0.175549391065806
0.170201277289269 0.164624481632367 0.107017203037154 0.0744175057173107 0.150193327998072 0.161077067339143 0.172469136986684
0.220980179471446 0.0354267741020663 0.146378867614266 0.224113160093767 0.0405819854200263 0.096639523966906 0.235879509331522
0.000557028864861936 0.000406780598438871 0.146212298723415 0.0287473143252932 0.327042717811863 0.180228198669906 0.316805661006222
0.165717360798715 0.241424964975143 0.0148452894956199 0.154953666719902 0.112611177646048 0.144681431784192 0.16576610858038
0.201375971919674 0.140908008759455 0.195342467225947 0.099998436994634 0.123646381725218 0.15034240354514 0.0883863298299317
0.182071423578493 0.180266944890803 0.185596117662659 0.10344668080886 0.159270936881231 0.003300511014177 0.186047385163777
0.0112655057256809 0.220098672779198 0.181450058273709 0.228955910050082 0.214874644226675 0.0152798643164885 0.128075344628166
0.158830342731581 0.222879586677206 0.0740106515226169 0.18414900595998 0.0627495860353667 0.191334487635579 0.10604633943767
0.1650497553823 0.0561127621562508 0.393368253867832 0.197385113078931 0.0400300628719593 0.0910275299376973 0.0570265227050294
0.0404685092574265 0.113199767777178 0.227637004947835 0.0911551052849328 0.156971447573 0.225270090431912 0.145298074727715
0.275000005905775 0.00987583166708667 0.169612034011637 0.153550518118149 0.120252276435302 0.0367179758609085 0.234991358001142
0.0865943459750219 0.259660950207762 0.138519812513191 0.324576849043911 0.0332449046809099 0.104625663544802 0.0527774740344014
0.241859113866879 0.226071089934389 0.12342069228771 0.00285472583706475 0.17672807481107 0.128243728594248 0.10082257466864
0.179560362616033 0.149062827099217 0.184268104366305 0.0321101159114911 0.00374469988282471 0.299401325257567 0.151852564866562
0.177839701730674 0.122107302752442 0.0328667513053523 0.248755924432184 0.217656470770976 0.0624387637666969 0.138335085241674
0.137257151449365 0.103061021866528 0.212568499442122 0.0393417614178096 0.256659104266327 0.16688266576272 0.0842297957951277
0.180752215123738 0.201582862021763 0.160837885657812 0.0945287712251933 0.0783094551926033 0.0974203362229306 0.186568474555959
0.197724876088244 0.207017492710982 0.0482688424939059 0.141575651908095 0.0865021992328139 0.235127486049367 0.0837834515165919
0.0146069564687063 0.112105474873577 0.17361538112537 0.264449622151101 0.142110171869744 0.192434433747671 0.10067795976383
0.0101704689638491 0.273871236928847 0.134690739317451 0.201164406670797 0.303834132804077 0.0657597668405374 0.010509248474441
0.0964572094941401 0.0217380746658456 0.0242638957318767 0.185198981918563 0.211169330423521 0.247073739147132 0.214098768618922
0.150609396640391 0.00403026497526301 0.234084212751661 0.277062174557502 0.00857833075364709 0.0333187318832225 0.292316888438313
0.348493131273915 0.254172502697378 0.088215288296338 0.0674587183526616 0.081032285558787 0.081017161474055 0.0796109123468663
0.056662233314183 0.171286520873258 0.0640178246278831 0.175360214329931 0.117952907443778 0.206551666920931 0.208168632490036
0.159731676798835 0.20043178957913 0.0992789815390335 0.185847791786349 0.00618130589111087 0.131987439400849 0.216541015004693
0.165257200490188 0.0630955415606689 0.119370471875228 0.21290745026806 0.0539159909274449 0.199962720612607 0.185490624265804
0.0564137974915738 0.0064458414822039 0.193590044435305 0.243862376415674 0.0958250596863817 0.138611234493551 0.26525164599531
0.0711253551271235 0.175283911878507 0.172083103683496 0.157464441663489 0.0424340763726751 0.164314122760469 0.217294988514241
0.018184882130954 0.149343345615923 0.294783191017998 0.256702270025647 0.064928596858434 0.123528773350254 0.0925289410007909
0.137686720452795 0.158027999909434 0.00609060126948154 0.192817853138669 0.18522839889855 0.185328788784968 0.134819637546102
0.00852942513048808 0.0540474945863188 0.254019796257821 0.0885469073777533 0.220861464549312 0.361383264591431 0.0126116475068763
0.0179529672350225 0.0621480334304936 0.211756822247468 0.131104738146326 0.257207022847984 0.0552048863756337 0.264625529717073
0.193334872237325 0.141676683829549 0.0316066862164094 0.217762459804987 0.232270792135176 0.141612905354508 0.0417356004220457
0.246190827250334 0.204004701848373 0.0784010709504593 0.0918075499053362 0.123633588167619 0.0452042655219236 0.210757996355955
0.289734624030363 0.259278095869064 0.0347259293798558 0.025583928931889 0.199377816987645 0.0738098913981694 0.117489713403013
0.216348066312349 0.18424899719447 0.199206160274318 0.136670930497711 0.166325469736637 0.0316782403653004 0.0655221356192137
0.249204906608341 0.166405217674935 0.0224709072988576 0.131954775120014 0.181627158504262 0.136990693040964 0.111346341752627
0.10195642194599 0.112680177294173 0.170551488697802 0.198513253189803 0.103483981215605 0.161347585185506 0.151467092471121
0.250015092746919 0.101994054305306 0.0377117040940298 0.0827388033663584 0.11493546457186 0.332405036847353 0.0801998440681726
0.161047839033 0.138435067273918 0.0101542089647174 0.138469073735538 0.201842107952747 0.141548557046426 0.208503145993654
0.0722267927709119 0.119543871195989 0.0125060738479775 0.240394974936927 0.174573172116771 0.0829702827941919 0.297784832337231
0.0531242148307413 0.258304775773779 0.192112212910784 0.29079840946095 0.158994469093305 0.0312873215914325 0.0153785963390091
0.218463497765032 0.163299675834487 0.220724368224748 0.167780761770736 0.0455125451264915 0.105282750168099 0.0789364011104065
0.210942518095234 0.255415558555972 0.0789962659002838 0.0734659811153245 0.252622159419863 0.025145909984466 0.103411606928856
0.165912994092966 0.0721042287678379 0.208641021738971 0.0407050134791722 0.214007525702873 0.10409313435401 0.19453608186417
0.124065391989949 0.19154314020317 0.1012960890477 0.0754905438556421 0.081528804350253 0.240637853807237 0.185438176746049
0.0152482886750095 0.118504711621704 0.212135478776924 0.065549551188757 0.24024680499174 0.136946013540352 0.211369151205512
0.035967883726536 0.113225800762169 0.363810630459189 0.267100362297838 0.0373231037829712 0.111220015611228 0.0713522033600692
0.0169569770290355 0.28152539872624 0.312015565524569 0.0326284634319568 0.0755199242369229 0.0351707767097305 0.246182894341545
0.178423960280708 0.210849090447355 0.166270534503926 0.102110005247367 0.161237439969478 0.108460950366578 0.0726480191845879
0.208131316254195 0.268385524347763 0.0288811226511605 0.150121084092001 0.0776587565515103 0.00175136955351395 0.265070826549856
0.153395894531485 0.214841882252605 0.147324806240357 0.175889768852282 0.048720987183419 0.0391541735738241 0.220672487366028
0.156421459843336 0.156713783779917 0.21005099898798 0.162913541806136 0.0597057670822063 0.0968535853259381 0.157340863174486
0.022941041954683 0.231290012921561 0.16666387421798 0.203542630857432 0.110506244590008 0.0645152304623313 0.200540964996005
0.19609110320424 0.00546658292594374 0.136918165677801 0.216445254123071 0.183374088325578 0.0222692322744949 0.239435573468871
0.25480452031987 0.203140564310515 0.0956005546471732 0.115033946442424 0.121374699743495 0.208983279016713 0.00106243551981046
0.065445784080589 0.208252392646631 0.0685345821649987 0.21881453800363 0.0811244575501055 0.151883170559296 0.205945074994751
0.137580768021089 0.118768421254892 0.230925490511319 0.238017488087355 0.133438703137875 0.0198357851866115 0.121433343800859
0.0681555003097149 0.0561721896452886 0.165430418296507 0.148517320860602 0.165614789564348 0.179355282211318 0.216754499112222
0.119529094124476 0.103411361709791 0.0851215927103499 0.21795139065994 0.097313275809296 0.114350600652114 0.262322684334033
0.0552547878168498 0.200217466263994 0.141052652951139 0.0635776884586506 0.198002579191703 0.140837587676966 0.201057237640697
0.201033030295692 0.104940332267582 0.132033408481073 0.158924319808791 0.185669437469685 0.071323818545465 0.146075653131711
0.238434671378748 0.265299290177609 0.0906475026128043 0.0120895126462765 0.106877889184364 0.195903853537267 0.0907472804629314
0.248543683972964 0.106511926271585 0.0915926412162402 0.292620843884389 0.102947785466519 0.0273543459081243 0.130428773280178
0.0125426618318536 0.130559818060807 0.235129023360004 0.197206351312959 0.0767858546637615 0.157088768347807 0.190687522422807
0.139301574398777 0.242665656337264 0.187867862445741 0.170789254910686 0.0461190054649622 0.0800845167279196 0.13317212971465
0.210566687417568 0.0881230719994046 0.255766185682879 0.103385337154878 0.177318877894566 0.0614542128191111 0.103385627031595
0.245227129592663 0.0424603981216704 0.307938702239115 0.160248945571994 0.0134986665692953 0.192837372816315 0.0377887850889478
0.0745151676678713 0.238025993961976 0.168667577571173 0.0222151488013949 0.195329919597475 0.118358149707584 0.182888042692526
0.0400624913125648 0.00654743884923193 0.218332515242763 0.0224185335360176 0.249596171112447 0.185600581067205 0.277442268879771
0.0645923877371032 0.0521453981807678 0.0730195413092505 0.213487990936207 0.148520337243467 0.23803059985442 0.210203744738784
0.0302160556083046 0.153440670252317 0.157365775404663 0.321461312405451 0.0602623228548026 0.0982667147735955 0.178987148700866
0.140442532110267 0.151974470352499 0.1279601304505 0.147255233794523 0.235786381000509 0.041264385624757 0.155316866666945
0.178769052987013 0.117866899494166 0.097975441864474 0.180743157791431 0.120764794876568 0.119255778723637 0.184624874262711
0.295166328569227 0.311324807481763 0.155114853563226 0.0413677831913956 0.0576018635671897 0.06239259404269 0.0770317695845082
0.157948129117219 0.168832720501097 0.162329788004021 0.0471977051536906 0.131669846409788 0.176840588071503 0.15518122274268
0.0718697356577503 0.236998858276327 0.064534590216459 0.122647652611988 0.151044998718334 0.213177285614498 0.139726878904643
0.245032984611707 0.213706664740579 0.149870175531578 0.143595125158543 0.0650286035065405 0.119973572706133 0.0627928737449187
0.115834245468183 0.0572831769806129 0.168522811594145 0.16844017948864 0.176042486929684 0.177434908897875 0.13644219064086
0.198642926569575 0.125748686894557 0.135147170522914 0.0772289049272358 0.128888181824277 0.156425691968231 0.17791843729321
0.0611519916996143 0.0323018113838032 0.245332316664218 0.166055533988115 0.278628947523256 0.0640845892783559 0.152444809462637
0.0132192515322048 0.160204311481692 0.155062771224986 0.140042365854191 0.24795356510907 0.0476707771218763 0.23584695767598
0.24874293693792 0.194479590707491 0.225970709390351 0.0495208909119574 0.117639097362685 0.0107405117757013 0.152906262913894
0.0580558902811726 0.154808436328068 0.122234076960939 0.409902262577529 0.0241140068869943 0.197155173431504 0.0337301535337921
0.150178641261672 0.0174248888731756 0.0636688975050475 0.198810170245617 0.153561399537639 0.21910512937097 0.197250873205878
0.00899325157013535 0.0321718434400864 0.135361059837973 0.227223272289785 0.122992002862589 0.297240118462665 0.176018451536767
0.121850239109274 0.0566526430729087 0.203093327391202 0.0493839414879769 0.234564227580329 0.251233079903053 0.0832225414552573
0.191845216603526 0.138585104162735 0.166350470370026 0.232027981085587 0.21548070177999 0.00853108559310586 0.0471794404050298
0.280051791412044 0.011337138148407 0.19362877687766 0.11694571519713 0.248353971779003 0.117365110154217 0.0323174964315388
0.100085425015177 0.0761507351632834 0.305967297693754 0.0959037658164092 0.0657187706265618 0.157758775015011 0.198415230669803
0.183238792542213 0.298866739290825 0.00662076408350032 0.0553921803863098 0.147042157876215 0.183979793683938 0.124859572136998
0.176094215457484 0.135525203556094 0.228668472690417 0.112299518284258 0.162503439578824 0.114423747499626 0.0704854029332972
0.0656851346443937 0.186696419945068 0.00741783624806861 0.241767721267336 0.0891282651528059 0.145289966173141 0.264014656569187
0.039357985300853 0.183771193740945 0.209340604679751 0.154417322461431 0.0465462213132065 0.264572473719764 0.10199419878405
0.142430187169427 0.237118329311625 0.0202382638241282 0.246976070591282 0.100909139534418 0.122267982712265 0.130060026856855
0.0567160108097831 0.0527395778891563 0.165835520023559 0.195542162190596 0.223949569957198 0.228801178480276 0.0764159806494309
0.171332513466327 0.152081065815128 0.144505211324132 0.130663086995028 0.124723090502413 0.0889989505359256 0.187696081361046
0.128807306432153 0.229985870885004 0.251338483859777 0.015558340730294 0.172526113479789 0.0101431939756983 0.191640690637284
0.122578467969459 0.236042909704771 0.147628367138186 0.180875637990648 0.0856319046721344 0.202669595751979 0.0245731167728223
0.0182859533713255 0.177885767707826 0.0733589663861438 0.262429331407748 0.144048943411817 0.0625094606032366 0.261481577111902
0.0737498425687259 0.378662298196871 0.10479065149477 0.146039639339686 0.188679855089909 0.0837895422609011 0.0242881710491376
0.00209249780422049 0.358859889402148 0.13842266802463 0.183498302521641 0.0161576624434838 0.102032624455846 0.198936355348031
0.27090161763908 0.106252518814509 0.146445979825453 0.0464287296650173 0.0381857947016928 0.338374730898108 0.0534106284561394
0.0949330064957132 0.0183595059898173 0.221099079072431 0.17611533105521 0.116916377500249 0.205079137512419 0.167497562374161
0.323895773598289 0.0354249281613974 0.241044901554208 0.268301051478161 0.0499019272650893 0.0539453743082433 0.0274860436346126
0.179018523916533 0.142366036567255 0.0488332566145363 0.274120077990128 0.119814519758224 0.191589503694271 0.0442580814590522
0.291636004284814 0.105031160905493 0.193591087915132 0.145335730205237 0.0617620321814882 0.0438915492861624 0.158752435221673
0.00148454308342293 0.265035024724407 0.0799174494745394 0.159567099752709 0.139648633927697 0.188420767951075 0.165926481086149
0.0199281652585385 0.247389066135027 0.357312464321908 0.0556991900182169 0.00320191104664608 0.0478096428318634 0.2686595603878
0.0771669202115632 0.179134356601893 0.157027078141072 0.159984468588996 0.161006485102148 0.165651640401065 0.100029050953263
0.198260830397484 0.182213805556427 0.141375306001545 0.0893655903530457 0.14990247265007 0.0588120744327452 0.180069920608684
0.120140139625367 0.112516346393979 0.0792757361516067 0.193864994749727 0.165796482011718 0.152836565100002 0.1755697359676
0.0908282415831432 0.199006006379122 0.363336419989466 0.114471019913668 0.0719134034656952 0.128887249392259 0.0315576592766466
0.17442122315607 0.269475234879144 0.058451070054517 0.113800120922232 0.00115937247288817 0.157251005662084 0.225441972853063
0.263447296417755 0.091696301064252 0.212387325759262 0.0678556535911926 0.0869716688673814 0.0524459175407981 0.225195836759358
