0.0103943573283611 0.256599082689471 0.47281326293374 0.260193297048427
0.0975010140335972 0.447140658940391 0.34440021196731 0.110958115058702
0.348881003718489 0.042034392038186 0.215029488784734 0.394055115458591
0.0222341405168201 0.421032868238427 0.127226433016428 0.429506558228325
0.220410654418636 0.423136184913995 0.144943605184174 0.211509555483195
0.212964748011609 0.328137496290733 0.273141285604302 0.185756470093356
0.480003080228426 0.377293240484034 0.0620749772300575 0.0806287020574822
0.13652274150667 0.101806905144598 0.518160330953384 0.243510022395348
0.273352524115343 0.234421436319676 0.261589782710865 0.230636256854116
0.242198579694776 0.313287953453372 0.0912722751774372 0.353241191674415
0.408114648119151 0.0371865191117414 0.181522633961305 0.373176198807803
0.282786807760442 0.526903804909168 0.181525523720119 0.00878386361026979
0.24829439024287 0.290065442760196 0.184957901887664 0.27668226510927
0.19803733282693 0.351121630797771 0.210842756626486 0.239998279748812
0.228986713924894 0.359028386876612 0.214893268226577 0.197091630971917
0.0138631397353301 0.356732340644033 0.538170931652513 0.0912335879681248
0.129332900303986 0.35652936642554 0.191800473656789 0.322337259613685
0.334065169125378 0.143468515315315 0.364681083613208 0.157785231946099
0.0754691951408861 0.313029894357673 0.346015503182526 0.265485407318915
0.242050786923231 0.434041201061365 0.0342419501034847 0.28966606191192
0.323962856794033 0.265517306998603 0.157310012263154 0.253209823944211
0.317440557019417 0.205293834520685 0.199682284266611 0.277583324193287
0.134503254166921 0.100790281861103 0.430713926222035 0.333992537749941
0.424760461948391 0.443833777116181 0.0884123247238645 0.0429934362115632
0.197220584498363 0.335941212307566 0.0677749931416313 0.39906321005244
0.403959295493434 0.0547117323465925 0.414681569370562 0.126647402789411
0.32212723781386 0.0771214607957441 0.577591967701595 0.023159333688801
0.223330316004868 0.15314713697836 0.338822014133988 0.284700532882784
0.313666932470338 0.0212417122935929 0.210679636064465 0.454411719171604
0.244205657803267 0.108064220493522 0.306848209040338 0.340881912662873
0.00702400046832775 0.633692705833144 0.322125950078164 0.0371573436203643
0.350684771071585 0.30238179795372 0.177493446102395 0.1694399848723
0.162507517812894 0.658890162722522 0.100157168269423 0.0784451511951613
0.316852562374817 0.0878873033439821 0.228748877935065 0.366511256346136
0.640560864828724 0.15085677520846 0.0455325963964903 0.163049763566327
0.163827254167273 0.104548711161304 0.562078572032261 0.169545462639162
0.236422029071745 0.333963180083216 0.298809917131425 0.130804873713615
0.252416843219277 0.140591088506463 0.375516645782879 0.231475422491381
0.242617344714672 0.0903191780050326 0.444231162763803 0.222832314516493
0.362719109654717 0.014877230512604 0.333409051088041 0.288994608744637
0.425756370037194 0.122416831307726 0.420419775805404 0.0314070228496756
0.269144688230174 0.137427119297373 0.25368782793425 0.339740364538204
0.440572462600011 0.200860073467084 0.000476344772427914 0.358091119160477
0.275538980532752 0.136115321485751 0.214088199484109 0.374257498497387
0.21815576104855 0.409320164315647 0.338977388958637 0.0335466856771662
0.317196174984952 0.31508636715804 0.309071641819258 0.0586458160377491
0.471196563978523 0.163352008217063 0.142716710706895 0.222734717097519
0.482262303226399 0.115769481518524 0.141567746176142 0.260400469078935
0.38247531639644 0.427608302537422 0.171276174520795 0.0186402065453428
0.179672480570963 0.273958409702492 0.160128591223977 0.386240518502568
0.453913400108601 0.488039736052669 0.0230623460266482 0.0349845178120812
0.0807738370819251 0.197108574030099 0.473784637574919 0.248332951313057
0.124486049978625 0.341511500703835 0.275735402247926 0.258267047069614
0.308466312545601 0.0150901394007183 0.545404570005925 0.131038978047756
0.142128792986712 0.185927555610164 0.238053392250326 0.433890259152798
0.17522351951762 0.168445398445563 0.425002573853581 0.231328508183237
0.459383415294987 0.0731495974188803 0.329422157120213 0.13804483016592
0.374601829180074 0.248632241814087 0.236960747336305 0.139805181669534
0.266612398716959 0.345138473895996 0.3651575851474 0.0230915422396454
0.188754327444712 0.359472143574432 0.178784041538075 0.272989487442782
0.188864405373722 0.247700345025224 0.0644610043481045 0.49897424525295
0.386738744584704 0.284701526097059 0.157736889364388 0.17082283995385
0.593167468059904 0.297352790964628 0.000371566133776983 0.109108174841691
0.0215123834362925 0.389061568779636 0.174124086637734 0.415301961146337
0.154673583694872 0.316724996197905 0.199444256333992 0.329157163773231
0.148189845077086 0.40758104300722 0.220470634497365 0.223758477418329
0.406630013112295 0.147916046467775 0.0930160126544423 0.352437927765487
0.134413364110474 0.328377809020864 0.0488382150931071 0.488370611775556
0.490743705190776 0.141533838434916 0.205142122784622 0.162580333589686
0.0532969541555765 0.563683838448364 0.0293298585289257 0.353689348867134
0.251274217616571 0.0410834960360589 0.382241347547761 0.325400938799609
0.139272146691123 0.35005368069684 0.422843634396283 0.0878305382157539
0.00190108113303993 0.559519534809754 0.322834596070308 0.115744787986898
0.270263894048668 0.0118645410375572 0.163371114155449 0.554500450758326
0.332203214021914 0.392908081920963 0.0810014264226079 0.193887277634515
0.196610660922407 0.270668033338887 0.308477802181194 0.224243503557512
0.0551644991454378 0.540122168654521 0.00887469650074726 0.395838635699294
0.333379786252875 0.109640641565615 0.344761461800778 0.212218110380732
0.208251982450115 0.297047234576337 0.229083746616125 0.265617036357423
0.454264358257538 0.314037852104981 0.17355840753318 0.0581393821043008
0.0226782678101859 0.406073767721388 0.478468698348433 0.0927792661199928
0.34399387160736 0.0419580041235286 0.517751345997448 0.0962967782716639
0.141596183999834 0.225784419910215 0.29143099493333 0.341188401156621
0.327344696321675 0.193131278578078 0.167018697496694 0.312505327603553
0.113930698001379 0.472460540138938 0.292843601786355 0.120765160073328
0.333801667740711 0.271667953400049 0.123921687766855 0.270608691092384
0.176876186955053 0.23293653614691 0.280214776652529 0.309972500245508
0.189850962061224 0.306016076767728 0.346416202541735 0.157716758629314
0.460042392609696 0.387746236479678 0.141991739326493 0.0102196315841338
0.475904914115793 0.114427915112422 0.246604944668521 0.163062226103263
0.350037058581114 0.173847510620301 0.297586479107182 0.178528951691403
0.177342872363247 0.209897073911182 0.152341315748452 0.460418737977119
0.346952305900137 0.369789508307614 0.126686190906936 0.156571994885312
0.316112535218657 0.112836170209028 0.241345008820763 0.329706285751552
0.234323149159662 0.320350588239774 0.249425064797269 0.195901197803295
0.332288046908211 0.150269097758943 0.329411583831743 0.188031271501104
0.0483944242519835 0.149378519803697 0.423077545360364 0.379149510583956
0.0974141472990069 0.147061369197864 0.230661760284088 0.524862723219041
0.0283819357031358 0.508943619971867 0.235958101205796 0.226716343119201
0.275503896605889 0.345957333590615 0.31424194194576 0.0642968278577357
0.230123786880988 0.381407891770572 0.124081616155433 0.264386705193006
0.179410622111406 0.314760653326357 0.493013453170975 0.0128152713912628
0.246470870455007 0.299782874714823 0.170477207418586 0.283269047411584
0.142611201089847 0.198695673454807 0.383172238691055 0.275520886764291
0.231815864681998 0.144677520475353 0.308307957104079 0.315198657738569
0.374191339099597 0.07937862719896 0.39749799185616 0.148932041845282
0.382706234853518 0.23889675997138 0.322150682757867 0.0562463224172343
0.202214067928369 0.209513435290914 0.305904573182571 0.282367923598146
0.508534656708752 0.183666397383285 0.307697339681671 0.000101606226291938
0.408124020927587 0.123279560806143 0.120294660465422 0.348301757800849
0.146266092393087 0.296943309226531 0.179225300084105 0.377565298296277
0.332615707096827 0.0958714043155805 0.367830742250791 0.203682146336801
0.0536392394115666 0.811234529584172 0.0741132152553808 0.0610130157488807
0.399792727340525 0.157512513324596 0.0892251187946082 0.353469640540271
0.0518709771708587 0.432847418795003 0.368569494260514 0.146712109773624
0.0589002684478294 0.236047030737161 0.285149966467768 0.419902734347241
0.256670802968134 0.25317597610852 0.278925706800089 0.211227514123257
0.204839647758183 0.166314697095782 0.366813078677802 0.262032576468233
0.0990178518514216 0.128746334980133 0.342846426525849 0.429389386642596
0.228816179010592 0.163230490254645 0.20776054898384 0.400192781750923
0.347994237797878 0.196383431032086 0.386074214225398 0.0695481169446378
0.118278650022404 0.148733190993154 0.410140708877809 0.322847450106634
0.299780556018502 0.301049712561179 0.278118593566006 0.121051137854313
0.211283027910714 0.365254958536767 0.202948266577906 0.220513746974614
0.274071051035131 0.307651896447972 0.276350642197758 0.14192641031914
0.199980397564776 0.285579876488271 0.256535705736814 0.25790402021014
0.287443668239266 0.224703092167501 0.13022535405234 0.357627885540892
0.278578505584001 0.177238182037082 0.365862518761198 0.178320793617719
0.214825089427566 0.22446468641974 0.277001765775999 0.283708458376696
0.365407850596573 0.122018664677806 0.0142692167384804 0.498304267987141
0.201891626420128 0.271968711326605 0.204370321411599 0.321769340841668
0.0122921858205181 0.395640654807901 0.180095554111194 0.411971605260387
0.356780859302404 0.407836009905597 0.127078808396497 0.108304322395502
0.262741812700273 0.0654218227516848 0.400090697505143 0.271745667042899
0.220519160668818 0.234720761574877 0.354243568230776 0.19051650952553
0.204892829495132 0.25166473612651 0.204781006116272 0.338661428262086
0.295247425554593 0.158156302022464 0.289152229313757 0.257444043109186
0.366992953387869 0.0467195575141854 0.308288387265502 0.277999101832443
0.417271085559318 0.0391492636640074 0.171094132840438 0.372485517936237
0.429152153316401 0.022502113732835 0.360476531699007 0.187869201251757
0.161969246303724 0.303605875479561 0.23839086059715 0.296034017619565
0.0731330135438653 0.359768191090045 0.386265976270363 0.180832819095727
0.224336293864764 0.294220669662193 0.218961347121563 0.26248168935148
0.345392325219918 0.0998081553356303 0.332075223317243 0.222724296127208
0.331136411542886 0.146434533241166 0.0189771664636597 0.503451888752288
0.246949300860889 0.0878157410921852 0.400541184472469 0.264693773574457
0.0352965557764655 0.407298199078649 0.521929498129023 0.0354757470158625
0.0544791700549323 0.478888859615639 0.370878069572016 0.0957539007574123
0.0898430518771787 0.423302938107075 0.331461224680958 0.155392785334789
0.616429906557574 0.0898678050994836 0.0351197027846804 0.258582585558262
0.1510412945832 0.246701561419886 0.266485743198635 0.33577140079828
0.119105739434969 0.428857824099716 0.417358950372218 0.0346774860930977
0.32761822242982 0.286961231059328 0.233404749171729 0.152015797339124
0.040656047399902 0.376546552641741 0.423779260971335 0.159018138987022
0.0954727178200238 0.254210904394646 0.183166519796094 0.467149857989236
0.243855765366764 0.132668807290367 0.158731795961839 0.46474363138103
0.409394956494916 0.166283998139076 0.105444215329334 0.318876830036674
0.17287088461907 0.363315538691508 0.00263205294475056 0.461181523744671
0.230493845858075 0.368599319432366 0.35864651435912 0.0422603203504387
0.0980439177671217 0.42527265509664 0.18534255741271 0.291340869723528
0.1053775082956 0.343167745745059 0.418969302593977 0.132485443365363
0.385400376821954 0.0275281862884715 0.105712123798339 0.481359313091235
0.537190851830621 0.317557688306827 0.0764570641981644 0.068794395664387
0.261180998050325 0.246023182154625 0.325235492762989 0.167560327032061
0.368620541463877 0.253536063282841 0.17292915653447 0.204914238718812
0.43920980325631 0.182404395832725 0.278951249441617 0.0994345514693474
0.233272679178182 0.301545818391419 0.251645430914018 0.213536071516381
0.0999057588474486 0.2140924333344 0.167187244429926 0.518814563388225
0.359249638960457 0.351428502672071 0.0224357102147418 0.26688614815273
0.359444413543018 0.181759188198305 0.424698161182894 0.0340982370757826
0.218571584798819 0.379358447391255 0.277585123370453 0.124484844439474
0.239584986242626 0.0160396739754777 0.521622573947689 0.222752765834208
0.126967378368148 0.0056034467745208 0.175539632997469 0.691889541859862
0.203390935471622 0.230932877217669 0.291678827707701 0.273997359603009
0.263135910471155 0.295466292660611 0.285180289383876 0.156217507484357
0.111500211492069 0.313133992273225 0.233043847862688 0.342321948372018
0.383606790540561 0.355597174046882 0.211450589045133 0.0493454463674249
0.0629460468316684 0.189204243079159 0.136956565948342 0.610893144140831
0.301342802966995 0.262089053928384 0.28924003676682 0.1473281063378
0.324980788447536 0.453815833631664 0.15397963337764 0.0672237445431601
0.269622604334239 0.215786787486781 0.470645684762928 0.0439449234160527
0.309410292335745 0.205085304487924 0.419443040262517 0.0660613629138142
0.120656850122963 0.415275581912471 0.0996625100638041 0.364405057900762
0.117558430054961 0.177978601776998 0.294084748577561 0.41037821959048
0.346212983462655 0.308314335109582 0.273693420964869 0.0717792604628949
0.45974464752911 0.0661470757465176 0.153292357982626 0.320815918741747
0.133532593516654 0.530138487136155 0.306207432789316 0.0301214865578752
0.229787604835766 0.449397258651306 0.220749522231958 0.10006561428097
0.221597468310256 0.252075656839984 0.211115166501805 0.315211708347955
0.210213168705371 0.404321546823721 0.334472876654259 0.0509924078166489
0.144541358924927 0.447292485954319 0.3529182509511 0.0552479041696542
0.311239980185976 0.0146762740257897 0.311335554773732 0.362748191014502
0.282472648782431 0.441617492203865 0.017887276066895 0.258022582946809
0.094021122589967 0.18443290024289 0.264148152594548 0.457397824572595
0.122918050583403 0.0239397824514306 0.410046483136389 0.443095683828777
0.2677485077711 0.191569806291606 0.431386881334582 0.109294804602712
0.0257767593984596 0.0127089611260196 0.778778882700585 0.182735396774936
0.274677020214801 0.155253606829732 0.273122186511103 0.296947186444365
0.393552069555482 0.301962856550198 0.207306122292317 0.097178951602004
0.271970789447785 0.305352253557421 0.410989168727202 0.011687788267593
0.370043411884211 0.19695921666986 0.309202951466751 0.123794419979177
0.0129983823499602 0.524663530364177 0.287929699357293 0.17440838792857
0.39047543806437 0.429675683515345 0.0717269601379452 0.10812191828234
0.327038325172053 0.291315307959022 0.00257016343191091 0.379076203437014
0.454882954576506 0.395643110254649 0.118714196157371 0.0307597390114743
0.287921530140097 0.0380432950244932 0.241939145472814 0.432096029362596
0.274545642777405 0.238555762108062 0.236921337511821 0.249977257602712
0.276660445263364 0.15411978846716 0.260525572979504 0.308694193289972
0.356166414828444 0.217053208012014 0.422700596459591 0.00407978069995143
0.19867140284506 0.459050138168847 0.0420348356448788 0.300243623341215
0.330468067631438 0.423853241995965 0.01152924781425 0.234149442558348
0.320892262876164 0.150967684236147 0.224159341418678 0.303980711469011
0.196027856600323 0.0488411138348908 0.231676758899172 0.523454270665615
0.0447855730222484 0.221059179510084 0.471277640513549 0.262877606954118
0.378924149545415 0.418939675754214 0.190454111364626 0.0116820633357453
0.180579560635926 0.247129112969539 0.464182157554141 0.108109168840394
0.482320847057026 0.0545827025142456 0.161439365535572 0.301657084893156
0.227555219395066 0.0579702798211559 0.393465211032882 0.321009289750897
0.570529451739429 0.0756692778102579 0.178573042685594 0.175228227764719
0.310730557989425 0.0978229915558682 0.0946162630259989 0.496830187428708
0.389867716617968 0.141980788185498 0.46191051448182 0.00624098071471439
0.356793341274784 0.41083123646573 0.138465133373229 0.0939102888862578
0.220064761592325 0.0125815979753488 0.0366271029303788 0.730726537501947
0.40863996345287 0.247535662347338 0.213952744329053 0.129871629870739
0.362137732320128 0.0753774912197153 0.282534834146402 0.279949942313756
0.188508194323387 0.237450679493993 0.168986428912986 0.405054697269634
0.0126672514577407 0.146414973468626 0.511118241337911 0.329799533735722
0.464509076443215 0.157915607888645 0.111927501243065 0.265647814425075
0.463360381133629 0.343036894780544 0.113801710356157 0.0798010137296703
0.150049527375446 0.76147113558005 0.0276961682303562 0.060783168814148
0.559587693967466 0.0713876522894664 0.314329284643772 0.0546953690992962
0.259429512198247 0.271560557822958 0.17983050431001 0.289179425668785
0.100397369510471 0.318475096536555 0.343060542677539 0.238066991275435
0.0506030030862382 0.2001125433962 0.408876467918104 0.340407985599458
0.234613807695133 0.428907396374619 0.196255323606272 0.140223472323976
0.618269169283158 0.00899205677227948 0.0707632034990927 0.30197557044547
0.256639288011489 0.228838112345554 0.283686611478103 0.230835988164854
0.0652508724950486 0.463308790960715 0.0645581683779383 0.406882168166298
0.617246273626737 0.134658732917741 0.0942969738635539 0.153798019591968
0.331439760161996 0.14596732916456 0.281731646762483 0.240861263910962
0.359314771116874 0.0577476954392141 0.40709739429589 0.175840139148022
0.107937236861964 0.235639069931119 0.287551771177177 0.36887192202974
0.10787261275007 0.337862553921094 0.199369266368767 0.354895566960069
0.401385763408553 0.107171927013233 0.18982163186784 0.301620677710374
0.148036452952474 0.315267376042207 0.264320238609296 0.272375932396023
0.405381986043345 0.0806201741094961 0.14538242253398 0.368615417313178
0.0498987592226395 0.263511926428449 0.60407780899945 0.0825115053494612
0.0268069043077675 0.429970811607779 0.25502410109358 0.288198182990873
0.265151174223099 0.113085412677502 0.262010169622288 0.359753243477111
0.259842286824566 0.0868522063391949 0.327066819341171 0.326238687495068
0.219830298370961 0.364469713874309 0.415302913619983 0.000397074134747177
0.369208987825439 0.241605300644146 0.221527541447505 0.16765817008291
0.100763696271261 0.220531382967922 0.187211924452967 0.49149299630785
0.353066291970598 0.207465591605278 0.286188636393738 0.153279480030386
0.381984164609516 0.112431633028951 0.375593975471101 0.129990226890433
0.409968727173999 0.108106583205583 0.0853176276366607 0.396607061983756
0.151429464687147 0.536703374719045 0.273292563029497 0.0385745975643107
0.129331940227757 0.289544186393899 0.290591163607748 0.290532709770596
0.225796440145413 0.248950512525338 0.245484839312311 0.279768208016938
0.16795605217302 0.320267509957604 0.200304456585217 0.311471981284159
0.039001039233751 0.279486884019203 0.354501386589571 0.327010690157475
0.00229571053890161 0.377204675504085 0.241547477808865 0.378952136148148
0.455149317911747 0.373796420528853 0.00672539875046516 0.164328862808935
0.18544100750124 0.241077856884062 0.286893983301891 0.286587152312807
0.0237295333491134 0.547492491450331 0.205439121275071 0.223338853925484
0.118987389613104 0.290263534801611 0.22891847988072 0.361830595704565
0.237145751457493 0.378546942525499 0.165336127587691 0.218971178429318
0.17254560574995 0.131196931053097 0.308891189757943 0.387366273439011
0.190421319877699 0.387674335835856 0.3500945305484 0.0718098137380449
0.447989899896501 0.000760009404242134 0.329516646211333 0.221733444487924
0.360447555228824 0.424368685411751 0.107437550996677 0.107746208362748
0.283864769855467 0.230356601861691 0.270182441630988 0.215596186651854
0.187092520321116 0.321260821314438 0.249075067305431 0.242571591059015
0.102052524674497 0.218630197707653 0.523163403901829 0.156153873716021
0.188168030426825 0.260197888993443 0.285945679672204 0.265688400907529
0.121730526596795 0.249999269905537 0.0891779105755942 0.539092292922074
0.257930953631985 0.252599683813738 0.366345258096271 0.123124104458006
0.103861243092403 0.015566504243412 0.289868211416757 0.590704041247429
0.422370578201706 0.470358151851164 0.0635978432926462 0.0436734266544835
0.382903157256496 0.306843650024577 0.29168068481917 0.018572507899756
0.158240192142065 0.120213523900423 0.353565775837288 0.367980508120224
0.421159159571401 0.104011643758671 0.452464165622419 0.0223650310475082
0.189484239036457 0.22071973351872 0.374145328040824 0.215650699404
0.224869978827447 0.388925949186297 0.28276105459356 0.103443017392696
0.244373649284676 0.416625789578689 0.0516448788793555 0.28735568225728
0.101531471124396 0.170652125546827 0.462674361036912 0.265142042291864
0.261223803211727 0.314359050937297 0.364728704146292 0.0596884417046832
0.18396304420245 0.497863020516648 0.252285538492681 0.0658883967882203
0.122688996903391 0.187534511556703 0.231250954308381 0.458525537231526
0.446969671431163 0.249787343213377 0.158068522060546 0.145174463294913
0.155233776975817 0.354844743039447 0.208755862882735 0.281165617102001
0.247518866402573 0.333956890482385 0.13731555914507 0.281208683969972
0.470651974153135 0.0704662209493844 0.313265850061411 0.145615954836069
0.318061229055752 0.364237953459053 0.203305944223849 0.114394873261346
0.437160025315154 0.316089342798713 0.0998503200901291 0.146900311796004
0.460283205977919 0.190438500811098 0.295565874903977 0.0537124183070061
0.50954596051436 0.207831809708886 0.1529917991901 0.129630430586654
0.425998865583163 0.0204655125431651 0.397815928482293 0.15571969339138
0.0489310547387989 0.264541127871854 0.239186706092008 0.447341111297338
0.46385040981985 0.378009972847646 0.11427357664752 0.043866040684984
0.317950350614652 0.329869703835769 0.134148111737184 0.218031833812396
0.24815796422225 0.138130645514915 0.377670490292905 0.236040899969929
0.193737411365166 0.289119987732438 0.241762479634696 0.275380121267701
0.299963585767538 0.124088789236457 0.298247235784671 0.277700389211333
0.305464662618219 0.108171475131275 0.374983038041079 0.211380824209427
0.417150296496408 0.241619850764011 0.232873920339603 0.108355932399977
0.221990587973962 0.426555366102091 0.145816211488457 0.20563783443549
0.309213605379813 0.308100988566612 0.249601081466755 0.133084324586821
0.3856442844222 0.144654476732562 0.228791057557564 0.240910181287673
0.0504302575424598 0.572799871487755 0.27165575257341 0.105114118396376
0.443043604435683 0.314743581870503 0.22845478024887 0.013758033444944
0.306353596563525 0.319390760936234 0.174240212551096 0.200015429949145
0.110037428877306 0.313423035034597 0.301970126836873 0.274569409251224
0.412541130156649 0.310601537299509 0.0757111694522689 0.201146163091573
0.142840586932457 0.350896912772676 0.314644381705633 0.191618118589234
0.207572883493831 0.456520324414319 0.184500238124828 0.151406553967022
0.168607053868384 0.384697928414952 0.325552234094669 0.121142783621995
0.220737852964698 0.504051169342849 0.0463934322217199 0.228817545470733
0.260469370772286 0.12449185879352 0.349234668388469 0.265804102045725
0.0979926687765193 0.368496008351319 0.261002008089205 0.272509314782957
0.0346115371389057 0.407603959985153 0.544741961024632 0.0130425418513092
0.280495585969571 0.313182014935497 0.166539597980012 0.239782801114919
0.211841307218724 0.238798513036408 0.319569416036443 0.229790763708425
0.124137619912337 0.159739012505542 0.278421080231307 0.437702287350814
0.20291509989011 0.113097502472956 0.486113170419272 0.197874227217663
0.362224474166242 0.221005103070976 0.352391981810944 0.0643784409518378
0.322828443218161 0.417057380520801 0.0808872415511006 0.179226934709937
0.113596963408884 0.671751058393803 0.147632415118344 0.0670195630789691
0.290266381040661 0.329065210306634 0.192041326304273 0.188627082348431
0.363925634474697 0.306718489375418 0.254124918144467 0.0752309580054179
0.23748509555907 0.16077007092355 0.341861469984302 0.259883363533077
0.233261714454593 0.124500944907239 0.339505956489342 0.302731384148825
0.262733029700132 0.0942136598416287 0.397404709084519 0.24564860137372
0.228442559843205 0.656633247121013 0.0268386549266029 0.0880855381091787
0.696085267340305 0.0462689160604107 0.224536944104404 0.0331088724948797
0.576972234330568 0.094030202308013 0.0784476992426514 0.250549864118768
0.310107535824317 0.223111492708354 0.191394432997949 0.27538653846938
0.256925617890096 0.351368138421918 0.0995778720958757 0.29212837159211
0.250383425331787 0.274349315401091 0.40126713675312 0.0740001225140022
0.338280977846725 0.0945807857831786 0.209087014904761 0.358051221465336
0.156742997328102 0.162861696516482 0.520718343416133 0.159676962739282
0.209104564975883 0.000534964235037706 0.249569462825249 0.54079100796383
0.292465844276067 0.533209821101984 0.0215936028567672 0.152730731765181
0.323596188929156 0.214471774630219 0.0225802879399113 0.439351748500714
0.0903472151063062 0.212211006486674 0.368778604945782 0.328663173461238
0.139187120784879 0.258948282770742 0.399005702109134 0.202858894335246
0.0714150006161954 0.288334223164902 0.579477201504137 0.0607735747147664
0.271739857062364 0.249327232157378 0.291661599988373 0.187271310791885
0.437790782562523 0.221671793030754 0.198742746848445 0.141794677558278
0.177894465187264 0.282656983680342 0.096988119675195 0.442460431457199
0.110236801650049 0.30998489153296 0.261145518482738 0.318632788334253
0.180678295667595 0.322929222898224 0.0477606943320085 0.448631787102172
0.174854293578152 0.238676516688721 0.363756981315554 0.222712208417572
0.326112334598494 0.164271343362439 0.225372972336553 0.284243349702514
0.11976971143894 0.395027459546886 0.211568968471873 0.2736338605423
0.253221274138065 0.353200679483485 0.284062840497408 0.109515205881042
0.524764810351061 0.430803012128722 0.00823594727201236 0.0361962302482043
0.0623602900693316 0.464891210147237 0.330067476263519 0.142681023519913
0.0701090720523136 0.261808568945883 0.332737376060775 0.335344982941029
0.241180810366256 0.239292483755112 0.193579801220847 0.325946904657786
0.135031907159742 0.251787180647437 0.275897473982601 0.337283438210221
0.322944381224171 0.334509733492819 0.128085441993611 0.2144604432894
0.371962680219953 0.42880613918208 0.107565519942637 0.09166566065533
0.114786129397347 0.502272428582601 0.334232596650238 0.0487088453698151
0.180561758727078 0.199676737458459 0.291811770902402 0.327949732912061
0.265146172436984 0.165497081872545 0.193255125512989 0.376101620177482
0.413681671961622 0.0543935152891443 0.224752419622595 0.307172393126638
0.0734525492092165 0.206564981088306 0.358249620877222 0.361732848825256
0.431413804294838 0.0398213092457751 0.431814319624018 0.0969505668353682
0.0451789521484689 0.262437155116996 0.137477575591631 0.554906317142904
0.162914939765928 0.227903817369879 0.306178400600538 0.303002842263655
0.367914875427356 0.060840346956154 0.392125086256037 0.179119691360453
0.30845028807252 0.0678929244372298 0.5588538081473 0.0648029793429502
0.234818174999564 0.3483921560344 0.306833948719962 0.109955720246074
0.189978340539981 0.304012316051579 0.127811989300185 0.378197354108255
0.0877778394517237 0.367331344719377 0.332168438509638 0.212722377319261
0.141756129706824 0.374771217475112 0.288786978092426 0.194685674725638
0.432911835355634 0.399592673899938 0.143852215957463 0.0236432747869655
0.351065171884514 0.0690498586380013 0.454023525450236 0.125861444027249
0.31529238903084 0.240618141484032 0.122169630355782 0.321919839129345
0.358713319694608 0.257785614200335 0.138874312486981 0.244626753618076
0.158703131971258 0.517693737016346 0.305139103191347 0.0184640278210479
0.202852393703406 0.0595627606359277 0.334064340453463 0.403520505207204
0.298789389856158 0.110821023161661 0.253932041253529 0.336457545728652
0.354496956513844 0.433909152796072 0.0551195613141918 0.156474329375892
0.271321275433917 0.336559184894475 0.202198325844855 0.189921213826753
0.280185961028461 0.0867953673854273 0.345255366736228 0.287763304849884
0.231150230816026 0.432238133536022 0.127404830351618 0.209206805296335
0.323923428313691 0.0810270996125545 0.291639738934508 0.303409733139247
0.143140911366018 0.0108633620512067 0.816324638497662 0.0296710880851142
0.036121925790385 0.588606640482954 0.366420023013515 0.00885141071314525
0.311834951336408 0.313792472720143 0.370685834935516 0.00368674100793303
0.282074828741265 0.0972527350097891 0.210226017430378 0.410446418818568
0.392072754702747 0.0341278538938352 0.155086746334013 0.418712645069406
0.401629915204697 0.259112594693805 0.297527108584301 0.0417303815171975
0.251890242227078 0.128148501048862 0.335480495966624 0.284480760757435
0.138353934924744 0.493109740997706 0.144915697417119 0.223620626660432
0.286295608061674 0.412449613357773 0.0395081416754571 0.261746636905095
0.146786865639127 0.162179213468118 0.379841295408606 0.311192625484149
0.218663189463735 0.212844835302335 0.304249209772525 0.264242765461405
0.291071412085165 0.219862111495616 0.356704191567015 0.132362284852204
0.25921588828051 0.0382792314727404 0.433767669288065 0.268737210958685
0.0654013519656485 0.405618005788962 0.307470326055474 0.221510316189915
0.0135991813133008 0.322085493335373 0.303236099054583 0.361079226296744
0.255162415480332 0.247211044937559 0.277372073343451 0.220254466238658
0.294828566193102 0.312132906412566 0.0771555782404918 0.31588294915384
0.256456630694184 0.326041149903342 0.386533212266733 0.0309690071357407
0.422913098486445 0.169542575354911 0.336885776934871 0.0706585492237735
0.28435125029591 0.279588563605749 0.308613411053834 0.127446775044507
0.347549344132319 0.147727590642247 0.439017791120137 0.0657052741052969
0.216688858353223 0.442267590902098 0.126149506366871 0.214894044377808
0.0697825491389912 0.492134353901226 0.263448780842047 0.174634316117736
0.396318398045051 0.189015928390009 0.132394762347284 0.282270911217655
0.328216062719758 0.146862753245191 0.211121869597346 0.313799314437704
0.0247492844065926 0.276918989734197 0.659380561896836 0.0389511639623753
0.213534435001413 0.243501502168056 0.375362676204157 0.167601386626374
0.0604576932325238 0.197922319408616 0.417389447164583 0.324230540194277
0.417040429526551 0.0677373168775362 0.166725909484962 0.34849634411095
0.0883302821965772 0.173307612918242 0.555488856213518 0.182873248671663
0.223664398188204 0.464053204331986 0.136061932179919 0.17622046529989
0.281597012251571 0.281938597005263 0.195287149957901 0.241177240785265
0.232372621323908 0.243454683030803 0.361296373556498 0.162876322088791
0.195823369896724 0.544904493427184 0.129443742341218 0.129828394334874
0.359721959093268 0.114971549594857 0.265436101334693 0.259870389977182
0.313873354370072 0.478552448168334 0.162767358243611 0.0448068392179832
0.298275703713772 0.216859228029954 0.460473182655204 0.0243918856010699
0.224130638643031 0.0471903538257022 0.405752903029269 0.322926104501998
0.111281864921192 0.418340524385479 0.0560701675661975 0.414307443127132
0.290459342930368 0.34552667333718 0.339786496265809 0.0242274874666437
0.321950469755937 0.157662477361404 0.393049863576096 0.127337189306562
0.157843055951525 0.252432385674564 0.401543990836889 0.188180567537022
0.335104157698767 0.3899656855914 0.167818121399985 0.107112035309848
0.463274064397862 0.0966151258892225 0.271891889657738 0.168218920055177
0.242359114024599 0.221490006648987 0.339064410163411 0.197086469163004
0.509988740155398 0.0214882515001058 0.45030540014592 0.0182176081985758
0.429500674715379 0.0777593504478662 0.111395139563607 0.381344835273148
0.067710529365125 0.165167471839763 0.573523018033875 0.193598980761237
0.34331247527299 0.16837438617093 0.396629440722094 0.0916836978339857
0.257662464091789 0.21885255508252 0.150694940995728 0.372790039829964
0.382520544952531 0.103373785395024 0.192169068157623 0.321936601494822
0.288955863405467 0.226609524897624 0.21866899037109 0.265765621325819
0.161431687472716 0.245429176568508 0.267182384681798 0.325956751276978
0.412090946278318 0.0703074701299705 0.423656887132864 0.0939446964588475
0.109768268665559 0.328104886193436 0.144799740211911 0.417327104929093
0.250742876305537 0.210777719177866 0.286305480190785 0.252173924325812
0.0381328331383272 0.364718904537851 0.363593163167191 0.233555099156631
0.195865466654487 0.311518895909855 0.114454593724783 0.378161043710875
0.155931653428644 0.207014652633741 0.255505304165153 0.381548389772461
0.307306314457968 0.108201960172374 0.324372610083946 0.260119115285713
0.328887388250715 0.145321373032527 0.33952933071129 0.186261908005468
0.12022924919338 0.268232559458135 0.306282615750116 0.305255575598369
0.25336951967155 0.255759959397509 0.452057672539946 0.0388128483909947
0.287741540705749 0.325534254331126 0.146243361555254 0.240480843407871
0.237719101903688 0.200704939710984 0.0494520967129114 0.512123861672417
0.507421453906213 0.0522991515057817 0.115220213429979 0.325059181158027
0.28460610383079 0.367870571639907 0.169832886865464 0.177690437663839
0.608149426572131 0.0385530808750729 0.0606582608709244 0.292639231681871
0.259839324594878 0.0987986463305994 0.0783378236646163 0.563024205409907
0.0897855692600986 0.229287355299167 0.611874547082944 0.0690525283577905
0.0234642590189711 0.323936888849634 0.291110450655713 0.361488401475681
0.410720475453368 0.0444379338676385 0.10244280194321 0.442398788735783
0.336417515960271 0.262698212410328 0.154282971018482 0.24660130061092
0.470927076044672 0.012867745997884 0.0951735330320464 0.421031644925398
0.189017679287911 0.395868787668291 0.269655108360546 0.145458424683252
0.076122249499195 0.396418486377537 0.136685835215727 0.390773428907541
0.191567409119489 0.379845051781746 0.337764003373506 0.0908235357252579
0.560957525455473 0.0689123756319009 0.0265103656227784 0.343619733289848
0.134303934000475 0.302522750646963 0.176233236941226 0.386940078411336
0.2130665004942 0.311118204718527 0.366998548508184 0.10881674627909
0.189897269944468 0.0853906415569884 0.291123145996403 0.43358894250214
0.160127001138438 0.28611499403222 0.17425284722683 0.379505157602512
0.408098281496723 0.186643897105886 0.389383466444357 0.0158743549530338
0.148989705817973 0.566614345604992 0.148811465176853 0.135584483400181
0.0487705946024792 0.377503753345166 0.274127883018816 0.299597769033539
0.103734658952027 0.415237263075121 0.338095047626268 0.142933030346583
0.066411400563786 0.395370241704203 0.37139081907983 0.166827538652181
0.137939770358378 0.490115862728826 0.326166330908699 0.0457780360040974
0.339769990534165 0.0676455794153005 0.302745010602676 0.289839419447858
0.26310648755879 0.318187539345384 0.146935904392987 0.271770068702839
0.294595211228719 0.0893051374915455 0.309348536460675 0.306751114819061
0.166398894029676 0.359670661283786 0.172258780833046 0.301671663853492
0.00322328774276218 0.353568289019235 0.531814959100023 0.11139346413798
0.122115917474075 0.194203899335775 0.255394353588522 0.428285829601628
0.225494166411512 0.234477218283852 0.32503557123905 0.214993044065587
0.166576705612468 0.334222182741309 0.108225045274703 0.390976066371519
0.279231136823382 0.308304848967618 0.2413030339492 0.1711609802598
0.0869640825372267 0.325817116889076 0.240332879750566 0.346885920823132
0.176721440670459 0.238448834639821 0.291172308033013 0.293657416656707
0.0825520717359963 0.367430918262737 0.261148083637624 0.288868926363643
0.287245348841048 0.205631051409267 0.263878790153435 0.243244809596249
0.195931226126846 0.514475545820963 0.176469504496469 0.113123723555722
0.23966011426671 0.173640168998642 0.229161066836434 0.357538649898214
0.221226820485795 0.24790515197117 0.0751200713098997 0.455747956233134
0.179698250667372 0.218408553177988 0.286981140416972 0.314912055737667
0.5043090076218 0.168460027675844 0.119422840895894 0.207808123806462
0.343687297630497 0.0327323097179099 0.384391843831997 0.239188548819597
0.42296005018934 0.0662951315968524 0.312605342384165 0.198139475829643
0.396574545671379 0.100795307211007 0.197995626620106 0.304634520497508
0.130768198189177 0.254793489409253 0.284061828044467 0.330376484357103
0.568388493933699 0.156415761304713 0.109946269460445 0.165249475301144
0.479245082728089 0.0662626994644055 0.231684305371423 0.222807912436082
0.612658475790178 0.0694556357049461 0.102035111693315 0.215850776811561
0.282817850868467 0.391393747183942 0.297634708084895 0.0281536938626956
0.0228585764653682 0.132592988701132 0.492642395635329 0.351906039198171
0.154894043887302 0.454701592384411 0.306395328402663 0.0840090353256238
0.104753994849648 0.34928249701874 0.287815207055941 0.258148301075671
0.267400453333288 0.59319776911685 0.126569150332962 0.0128326272168996
0.117267318253526 0.308621701263521 0.203348512192456 0.370762468290498
0.00128559841468211 0.381050440542951 0.289213716498205 0.328450244544162
0.35501496956371 0.220304398224605 0.136025872439001 0.288654759772684
0.332440489266389 0.0767134996528173 0.347379657028144 0.24346635405265
0.00571413418725933 0.229284381855323 0.466498503972312 0.298502979985105
0.230628985246147 0.0938227172553968 0.452606000736099 0.222942296762358
0.238503960704664 0.357964425215497 0.0866077202535699 0.316923893826269
0.669437369588601 0.0170742723515791 0.295813022253963 0.0176753358058563
0.228569155685006 0.298046408655005 0.333094319464818 0.140290116195171
0.432233400326808 0.0241852530476445 0.5117668633553 0.0318144832702484
0.0503887110634685 0.449612311825425 0.139916719910406 0.3600822572007
0.32490593180161 0.0602415439131573 0.262633759012506 0.352218765272727
0.0795304314513167 0.0983868259420328 0.400905178556235 0.421177564050416
0.00942936153295061 0.486664564309112 0.367026796700187 0.13687927745775
0.0464058859246711 0.31363519968114 0.330832274534221 0.309126639859967
0.300916667611512 0.271393954197348 0.331018738656618 0.0966706395345223
0.416353773100313 0.181281665841503 0.117403522292299 0.284961038765885
0.208401776184785 0.0407387509141164 0.303476898600662 0.447382574300437
0.08865166834668 0.76149752089161 0.110850767510122 0.0390000432515872
0.0995551528255308 0.256099815267638 0.582235832269257 0.0621091996375742
0.0203851865607187 0.286465310658103 0.451462729752928 0.241686773028251
0.373653635380345 0.36543459287075 0.170849154305561 0.090062617443344
0.0416886442397245 0.284593234109264 0.43026071086051 0.243457410790502
0.237582258069849 0.263147254593758 0.372722480843579 0.126548006492814
0.17498931804856 0.161742877950631 0.253609096755134 0.409658707245675
0.305890274077978 0.143961856528976 0.100140488067164 0.450007381325882
0.344437818531529 0.183155845871937 0.244284515142755 0.228121820453779
0.318126158725507 0.258511528164162 0.271351805902582 0.152010507207749
0.35044840705539 0.00571838782040109 0.26530220997604 0.378530995148169
0.0607081871382601 0.314973775238743 0.57646841876589 0.0478496188571068
0.215037605204275 0.222094777757888 0.140736712505633 0.422130904532204
0.0427087079094866 0.243671062504009 0.316930294710527 0.396689934875977
0.189108597504085 0.146673388439738 0.288398172505292 0.375819841550885
0.458649758987617 0.255765843017773 0.0396346823880715 0.245949715606538
0.358276909256369 0.571515069204469 0.0230300772415864 0.0471779442975755
0.292921741879171 0.117148066794597 0.296424975319193 0.293505216007038
0.155821145339713 0.197612766285876 0.272597615491198 0.373968472883213
0.221033288823034 0.0149497122754094 0.583735834320066 0.180281164581491
0.152554214017504 0.381891680121262 0.0511160060131688 0.414438099848064
0.267721696287713 0.156716748013762 0.224463213408452 0.351098342290073
0.196722526891567 0.0635840098455204 0.340661444037074 0.399032019225839
0.168864939630933 0.284075425704824 0.519847070328152 0.0272125643360902
0.401799895505144 0.0447418165057317 0.27212050224301 0.281337785746114
0.0694623326152738 0.0827445633234677 0.537013405475591 0.310779698585667
0.115522896516992 0.706781615640042 0.0291127256318944 0.148582762211071
0.0876995116659546 0.286831721550223 0.342530507360452 0.282938259423371
