0.109107119775369 0.0138983861227659 0.132062622900926 0.251465639555618 0.272150126602624 0.221316105042697
0.00510502535320688 0.309108807332266 0.220730028399673 0.0596180689271139 0.23617880512049 0.169259264867251
0.106389522729602 0.139572230069866 0.303329911011876 0.0103363474367698 0.244647440704747 0.19572454804714
0.0467358548696689 0.196515555451667 0.247554050205532 0.237242533128882 0.0238384238091118 0.248113582535138
0.168472577383826 0.0120716957556349 0.228486995497103 0.186309588316712 0.24496546286163 0.159693680185094
0.0491484728701249 0.0884639247362714 0.130068627622168 0.307548388863235 0.197687424875098 0.227083161033103
0.334107234718338 0.343432220600294 0.108266138235784 0.00239879588096536 0.211444899202301 0.000350711362317407
0.272587266237577 0.174796842544336 0.156321716383674 0.0989868627937434 0.0610014410716072 0.236305870969061
0.165956541169804 0.144769971350478 0.0819034504076138 0.22179254809892 0.23021226155127 0.155365227421915
0.0191573455077645 0.25857157851856 0.0689438404241377 0.13085712359739 0.267906567129035 0.254563544823112
0.264359978873362 0.110601162515411 0.257104164107827 0.14344435617897 0.0757510187484801 0.148739319575951
0.00672601065821868 0.198364440805129 0.165587041897126 0.287075632002863 0.106032932571305 0.236213942065359
0.313379700478287 0.233167594678955 0.228219233948007 0.0556923026066037 0.0249929903025051 0.144548177985642
0.171730914668903 0.0521271672256305 0.0793733445686058 0.199163541381709 0.308564067214585 0.189040964940567
0.0182308920587516 0.144439387249994 0.274005493915266 0.0279022233819514 0.290124050002984 0.245297953391053
0.186369587394817 0.272390419218234 0.135881440274368 0.170109863038439 0.163391166221291 0.0718575238528517
0.227680779479184 0.136893157068702 0.141584755242117 0.116162079886362 0.180122839430334 0.197556388893301
0.00739761194706151 0.24145310178113 0.140853992645117 0.210485027207101 0.369885310154257 0.0299249562653342
0.0497577999052328 0.242581315638917 0.339287194114241 0.0821926012434709 0.245096597967305 0.0410844911308333
0.10048523171902 0.243424773967969 0.227810286979563 0.22409509165028 0.158179623558416 0.0460049921247515
0.0723744341818789 0.206954795587425 0.240569842962647 0.198645499127118 0.275840313708232 0.00561511443269972
0.0903615295879273 0.0215351233303979 0.317444446212269 0.253222697200694 0.279654174347289 0.0377820293214233
0.214272138381302 0.174534805180432 0.227674390237997 0.0589283924368741 0.272347006543541 0.0522432672198547
0.141244577177827 0.0934866904205179 0.293453175408615 0.208621267468254 0.225583171814544 0.0376111177102416
0.174097647212069 0.0892234231480644 0.347652991000339 0.208511132464726 0.0869477434202757 0.0935670627545268
0.180913392617312 0.206378659529822 0.127859365187831 0.284426132679892 0.0660031941698933 0.134419255815249
0.116448254723956 0.12466137134961 0.480545117373187 0.0772312043658173 0.127779572315556 0.0733344798718729
0.047978451323341 0.281633691470503 0.195107256028658 0.343826360148569 0.032141285975676 0.0993129550532517
0.308968282413651 0.163588483259004 0.019644852027679 0.204355437118116 0.159184583099758 0.144258362081791
0.0929688709878687 0.185831009698113 0.208492359855673 0.136520028414771 0.183622693841188 0.192565037202386
0.312555436624113 0.216129386464132 0.124159975193958 0.0640346829931702 0.00816389846006439 0.274956620264563
0.273750006566974 0.115233804679198 0.118901868358216 0.129402622192812 0.341279593884845 0.0214321043179552
0.0986869047698107 0.293157967887579 0.197500397411024 0.0152240151477651 0.135980912018091 0.259449802765731
0.0353751904696167 0.0216088503935234 0.120247416702336 0.480654564509094 0.218861437491117 0.123252540434313
0.378736610049169 0.16182228995209 0.0241126484299856 0.200310733208556 0.232277678882739 0.00274003947746034
0.163920602132356 0.117939433225246 0.224820765449752 0.0796253235881966 0.230346529804542 0.183347345799907
0.112627194385868 0.121421987801214 0.0914844684627587 0.280781606776461 0.370625617562474 0.0230591250112254
0.120935056697059 0.266056626330751 0.0531494547283342 0.0305183282018785 0.192453974581449 0.336886559460527
0.118170790461939 0.167335425575206 0.217253936637681 0.209206282328992 0.162921856251217 0.125111708744964
0.123835816489512 0.165592383391565 0.200631637456817 0.0840144729122693 0.246550875944195 0.179374813805641
0.103499867046001 0.237852469866439 0.116554832108466 0.152877727506068 0.215512110004093 0.173702993468933
0.273705717520176 0.0760918753165681 0.0666382110635035 0.259273168064851 0.105597073506611 0.218693954528291
0.283176278714849 0.206762539646672 0.0498936652365973 0.0930706081125352 0.248428595088866 0.118668313200481
0.274953188429183 0.141422374455817 0.0551887731535977 0.139410353094201 0.209561965508089 0.179463345359111
0.190496311445459 0.20060838209783 0.156195724477745 0.116340405558441 0.132501039411375 0.20385813700915
0.246895672782326 0.125445387804173 0.0814697010342382 0.0721465486421211 0.223760189222998 0.250282500514144
0.147431585578229 0.00301621407369714 0.206816727545222 0.164904073095487 0.297324839508306 0.180506560199058
0.269237447411218 0.0604788508062069 0.127006219091748 0.194951143195891 0.064739809086143 0.283586530408793
0.0820899570395833 0.397980407377215 0.00926191095305678 0.0454468577059467 0.322237550826137 0.142983316098061
0.116495647916731 0.273789995667616 0.316664607212783 0.0330010569282507 0.0760081285871804 0.184040563687439
0.223140231266648 0.229735549149023 0.226327376396346 0.186640719309028 0.0483238978309468 0.085832226048008
0.101857698356638 0.287808122079257 0.208058629525815 0.122636196317317 0.145281383151894 0.134357970569079
0.0415275152888883 0.174738587458225 0.199565288530506 0.217459371682145 0.151899743654481 0.214809493385754
0.273248128827862 0.278015602832663 0.000240672613010536 0.113463460884549 0.104870634710893 0.230161500131022
0.141737755522874 0.188324246193979 0.156295246951726 0.169181316198993 0.14925533913165 0.195206096000778
0.320659220438566 0.033708862888641 0.258047600456453 0.0416332894594883 0.138844468491019 0.207106558265833
0.367741186464714 0.0107399469197462 0.287485513212326 0.30547735285788 0.0259379086979298 0.00261809184740415
0.20028202060483 0.261709759772752 0.0364350716287874 0.336600828706334 0.0938297076574573 0.07114261162984
0.307550354914068 0.127621839695013 0.28790507106986 0.067950345799879 0.168888967109594 0.0400834214115857
0.188399433222486 0.202703380882195 0.207914740722999 0.0618085296407945 0.140278291547343 0.198895623984182
0.202191104358086 0.214597813116802 0.0699078154518469 0.207992492882959 0.178023780313757 0.127286993876549
0.0401490515229125 0.0728382704358401 0.254665659014263 0.113009408596162 0.245298871469627 0.274038738961195
0.0849615249500608 0.162335735646857 0.220739181079323 0.157868423979216 0.215749833857954 0.158345300486588
0.0441017088639454 0.305171542008101 0.311514395197864 0.251318263263217 0.0841165058198178 0.00377758484705497
0.128046146374553 0.080240703532874 0.018845629852983 0.302361739000596 0.237307294642705 0.23319848659629
0.186605521698717 0.167274810574682 0.204251429633794 0.208328110248298 0.197723099030386 0.0358170288141229
0.284722800917494 0.154869081352741 0.156698214400797 0.155364587888734 0.196575847436403 0.0517694680038316
0.260247995451674 0.26495702851313 0.0545976710793312 0.0227971281717694 0.11051810504434 0.286882071739755
0.0424869958005018 0.176857918356738 0.1562031042878 0.212551074280543 0.150258795242372 0.261642112032046
0.0901723103728692 0.163526142243559 0.213467945555194 0.222010832806924 0.272272287870735 0.0385504811507199
0.114015732743437 0.0881694211587137 0.240447197737051 0.189466239764815 0.105382872908604 0.262518535687379
0.153101938440891 0.218640312845088 0.239499405372821 0.0349740526803277 0.143645422370562 0.21013886829031
0.204417813127944 0.0230134128379404 0.294541263837582 0.0815971238468063 0.273711345919247 0.12271904043048
0.0867679082909336 0.0398293153619875 0.0639194468096843 0.223664898746693 0.200946323997118 0.384872106793584
0.260536823760785 0.324669217829245 0.225404816693131 0.0257801407756334 0.13788763129514 0.0257213696460667
0.226542249206108 0.0226605123888434 0.383172988615411 0.238985093656494 0.0112473092940293 0.117391846839115
0.218560422975783 0.183082163096844 0.036692113202965 0.202915405527128 0.0883729545073677 0.270376940689912
0.109157663438528 0.15055314930475 0.203266809062443 0.223961822324621 0.19462930494611 0.118431250923548
0.0623020511246634 0.0115724629811448 0.00347109980749146 0.261144226971759 0.240900011597174 0.420610147517767
0.0159366181018432 0.233104362840186 0.295558864810621 0.171129011819246 0.266324296006905 0.017946846421199
0.0211780293584147 0.448351096781349 0.019222371548245 0.161513064228221 0.256277180370302 0.0934582577134687
0.228833058860339 0.303272367775024 0.289764264911928 0.162474607584976 0.00670885803114766 0.00894684283658587
0.0168198746031986 0.231915691190392 0.182086300953696 0.207971757280794 0.280735522258933 0.0804708537129864
0.0642286645226307 0.197720343637957 0.0505150253825426 0.318797870879728 0.304231121931584 0.0645069736455582
0.0115635384702228 0.252918784158622 0.000819798690846671 0.351827032829142 0.286579840229422 0.096291005621745
0.0764150322094608 0.250028167805518 0.0145011048951537 0.269960395801946 0.348237793003999 0.0408575062839232
0.139676412549091 0.200454658132927 0.0952591603650813 0.166195515599415 0.25188401298943 0.146530240364056
0.102727375148368 0.417821925347619 0.199561952981145 0.00957110484479434 0.105184348727128 0.165133292950945
0.195487816980151 0.180195713048303 0.0420334833779277 0.242322587478208 0.259615305778831 0.0803450933365787
0.186439226245589 0.163774801868267 0.134838704142176 0.284540313078793 0.128882865156873 0.101524089508302
0.259274358666997 0.0732329289904828 0.0136202718746386 0.337735858334439 0.073210835097567 0.242925747035875
0.261646179930936 0.244185449967785 0.0620639066909506 0.0210590283155361 0.232667934992522 0.17837750010227
0.18073333871544 0.245824732496742 0.0995412106153683 0.288019941226835 0.0728734284139362 0.113007348531678
0.109938909758428 0.188014666276392 0.250064406570383 0.0778357353473955 0.194621265686174 0.179525016361228
0.0513712395848525 0.196601121683664 0.169324136454328 0.10013639551576 0.227573974233554 0.25499313252784
0.194001885131979 0.199251736825308 0.182703853950687 0.212894960675026 0.0976309891935864 0.113516574223414
0.0767590184507739 0.104615319887012 0.102524025223148 0.409273512172507 0.105218068399774 0.201610055866785
0.0928002045685989 0.184972766435121 0.144821663176781 0.353491253464409 0.0832636833773574 0.140650428977732
0.0219598658859159 0.243848377820336 0.173417677031142 0.124933900172063 0.2486740992646 0.187166079825943
0.030705423483222 0.0475590429370344 0.116937136371707 0.335348050921255 0.344732675824346 0.124717670462436
0.0449469537550592 0.245328535356782 0.229148639309747 0.265337133070711 0.0277746999319259 0.187464038575775
0.166821137332123 0.183371615950854 0.146581343742823 0.264981902109191 0.144324010239748 0.0939199906252605
0.163518818147034 0.128798133211566 0.151252651650502 0.306595988992807 0.161765332923351 0.0880690750747418
0.238765925269168 0.299380861165078 0.206413429744384 0.0634170402787568 0.132657089317905 0.0593656542247089
0.269023984101376 0.000653550975223111 0.281376573428498 0.0800523215981582 0.0922853985773424 0.276608171319402
0.118558180190869 0.195159686174961 0.154050078522373 0.33924447750739 0.161025402219125 0.0319621753852805
0.191981785664022 0.177084427654577 0.0888332771484063 0.103438100413312 0.152050308989779 0.286612100129903
0.00395045501657467 0.20220893109447 0.249771627858581 0.390530596757556 0.0931674433164731 0.0603709459563447
0.285804584119673 0.0544560388982617 0.177190830940513 0.0812353395095859 0.294800841311925 0.106512365220041
0.263384461544791 0.0711846542290768 0.172041169570207 0.173925549557902 0.245993636238144 0.0734705288598794
0.0895906546745003 0.177745005384794 0.152430675747433 0.215045969327808 0.303369209705057 0.0618184851604084
0.147184975036637 0.184448584369106 0.205374149102218 0.107005318110226 0.026226762691626 0.329760210690187
0.308161987050514 0.257440695277957 0.126692327283379 0.0598443139170683 0.199319570514397 0.0485411059566854
0.257161976326737 0.146000819986077 0.124976300368204 0.240924124380079 0.161227959448107 0.069708819490796
0.168310598012616 0.193212911021624 0.111187743174211 0.117501279440316 0.205499983603941 0.204287484747292
0.0357275110911942 0.0111954072243565 0.0655941836294123 0.379043989288444 0.112959359813908 0.395479548952685
0.273933647001509 0.161503672582951 0.0106279221736446 0.0569840976471163 0.27894854755452 0.218002113040259
0.0731291123646453 0.222590541119646 0.179574395491552 0.323920194837275 0.0671231229670485 0.133662633219833
0.175575581323136 0.15892807178502 0.339687599268603 0.168181610168285 0.0421797254293075 0.115447412025648
0.0599858060638237 0.318244931436509 0.0869961063909132 0.119633290322199 0.119995095135077 0.295144770651478
0.201220745606428 0.128368882028532 0.116614871003607 0.210538678680267 0.240907782999454 0.102349039681711
0.351755594184547 0.400607422479824 0.108820857454871 0.0383749319386502 0.00951151482823161 0.0909296791138765
0.151431809537874 0.191764772502236 0.181799486792094 0.210947384446674 0.197040582117064 0.067015964604058
0.0731532914353157 0.249025051220148 0.256815232625736 0.146985315366402 0.0861802433198662 0.187840866032532
0.189416902030657 0.220228673477282 0.24988737149626 0.0317167786648126 0.204516544027731 0.104233730303258
0.0542979262056028 0.0121168572925508 0.317388834750302 0.349502977998546 0.0599429408898262 0.206750462863173
0.0507186395911703 0.357683126714248 0.164718873491072 0.324633398021262 0.0938135148508965 0.00843244733135129
0.32428863795341 0.154846189282501 0.1227622727178 0.304292887134331 0.0508030723041715 0.0430069406077858
0.281293368705903 0.107105919595526 0.0852958765492162 0.186429263258912 0.127717919619727 0.212157652270717
0.202403575939861 0.20513122552791 0.18620731994489 0.046064530928567 0.282929270100004 0.0772640775587682
0.147038634396866 0.222304143573811 0.189610156315759 0.157483474287299 0.0954551395297131 0.188108451896551
0.104526109225232 0.255562478022117 0.0341463663996125 0.0869508836097202 0.155166455121295 0.363647707622024
0.0898179390808145 0.224577497734522 0.271047519776343 0.0569001012900586 0.169231328547883 0.188425613570379
0.21612673642453 0.070714636873205 0.029165974338493 0.183663409391521 0.370996142143092 0.12933310082916
0.179790277855935 0.217647990069771 0.176028421341793 0.154657885920745 0.163232314458741 0.108643110353015
0.0335614296618256 0.300013918720773 0.213886291888814 0.147959009626916 0.0104763709803944 0.294102979121277
0.208905370995304 0.157698183101574 0.175666691242941 0.173258456948107 0.132500116008532 0.151971181703542
0.0975847277563623 0.150199978205945 0.247119670963653 0.080775760498931 0.208024998111878 0.216294864463232
0.165946794995488 0.184192979531379 0.149900216486722 0.289717633137459 0.0172876097931332 0.192954766055818
0.054009474936926 0.176988278991985 0.0720484348206899 0.321973336183083 0.317366087018704 0.0576143880486123
0.127249719802911 0.036649093491514 0.193995796503361 0.206681665629089 0.266569993090508 0.168853731482618
0.18750536125145 0.334184205019193 0.105833144226048 0.23218252940611 0.0397903450594374 0.100504415037763
0.0400807105714518 0.249373865356093 0.0693165666375621 0.347661458829669 0.0689709738774251 0.224596424727799
0.291258459040265 0.106882580659895 0.0752991522428899 0.020560083619016 0.304407431201045 0.201592293236889
0.118198651024028 0.332576541446513 0.289046799015743 0.15984412432243 0.0685102930157247 0.0318235911755615
0.225426752679175 0.218684442606651 0.170028511685712 0.000868213394660246 0.190835650972365 0.194156428661436
0.159886882131592 0.222150918771079 0.12198806055492 0.257528580815539 0.220944192810006 0.017501364916864
0.204900547332859 0.137674518162137 0.256828007928115 0.00222631093491189 0.207468094437166 0.190902521204811
0.28373918956869 0.269350399413873 0.0972253994351397 0.0107993790342025 0.028262619053628 0.310623013494467
0.140736598006063 0.161313963584146 0.189529344236248 0.196764312592707 0.100454395443831 0.211201386137005
0.17718984585232 0.148412835213807 0.162168770283951 0.23291822415039 0.177750479148209 0.101559845351323
0.108062261650305 0.13672619656666 0.136231695350186 0.216191761589235 0.18946468915242 0.213323395691194
0.191866899850998 0.0624627776693613 0.230178716060381 0.181395309139626 0.0394519055715705 0.294644391708064
0.255837972402994 0.0463819226834558 0.175913272580331 0.184349556194082 0.0124962017146291 0.325021074424509
0.00867643055728643 0.0104102489901551 0.183761534658967 0.257372555020564 0.242349926479255 0.297429304293772
0.150513995973365 0.210758076463917 0.043521072332091 0.108544434067267 0.190027175636124 0.296635245527237
0.23302073891182 0.215806281901037 0.190305437709418 0.0873342861373517 0.0995064849808105 0.174026770359562
0.23411686139224 0.192447479021029 0.0845961804926842 0.0674728124808953 0.207326491662104 0.214040174951047
0.39763422103803 0.206676496172546 0.132834007723645 0.204926959262818 0.0526914521077796 0.00523686369518133
0.134850534338903 0.0184078283384056 0.531888147222646 0.0506662138350313 0.245843032458481 0.0183442438065334
0.169475319739919 0.304318190659495 0.159536551834514 0.237234884236913 0.0641578431050984 0.0652772104240604
0.193046013606479 0.0861648966580189 0.11412635575985 0.260794095323388 0.0798799967058181 0.265988641946445
0.262573320271066 0.087181776533136 0.0286379171743039 0.0337962230728538 0.227091406322485 0.360719356626156
0.307867201787081 0.167325158525413 0.126679102492644 0.243534567812847 0.138461034189822 0.0161329351921918
0.140839947791305 0.00708743302752553 0.26572120207605 0.115289534954526 0.302352593651241 0.168709288499352
0.262502441196358 0.0802437921076349 0.321964649121526 0.0563706437467889 0.0341151304697118 0.244803343357981
0.261562031638365 0.0640084775810456 0.230914425695771 0.270084638376121 0.0582973402568605 0.115133086451838
0.203455433123657 0.252603381267245 0.261546174616161 0.0211865720734875 0.0344851727601599 0.22672326615929
0.0845968726235685 0.246133766665757 0.277575203635576 0.048227018324101 0.0587151842356388 0.284751954515359
0.256560293885701 0.254214168885329 0.120529780148962 0.0675049632472998 0.0595339776892931 0.241656816143415
0.0714052394137296 0.0408892303478351 0.261212032785431 0.226832723143232 0.203589739066066 0.196071035243707
0.0968799435394172 0.262380466475747 0.263310509025292 0.0626829296995491 0.150992291017749 0.163753860242245
0.13503494494851 0.171085805440759 0.212552287074733 0.0968820206115132 0.28107706472809 0.103367877196395
0.031455502558697 0.24711182283833 0.271716315382775 0.180899449344289 0.0716429208485003 0.197173989027409
0.00572759267272125 0.269072861761354 0.24964274582004 0.198401009206708 0.22556884421427 0.0515869463249068
0.114810685719522 0.114817362409086 0.222571872283478 0.147698657908495 0.301887287957612 0.098214133721807
0.101186909511637 0.100143660842443 0.268621237973648 0.107031678501846 0.16123592872528 0.261780584445146
0.209062591252544 0.0289655410299797 0.31584792229246 0.25717465097289 0.0323959490137055 0.156553345438421
0.19499473297329 0.242832467651419 0.236325477520625 0.00259996264289754 0.0837077383649886 0.23953962084678
0.152230426415555 0.254667535658123 0.0254602460919777 0.120888352189634 0.196058564425861 0.25069487521885
0.1942036398754 0.203317629833128 0.100789998519014 0.134327079035147 0.0233945980966071 0.343967054640704
0.173943275376244 0.181601437232886 0.148742171526832 0.262449886027154 0.0800450685614203 0.153218161275464
0.317782110086014 0.377796670605322 0.0151654132199769 0.0421176185682312 0.0242461499377483 0.222892037582707
0.127508440845079 0.237361502518667 0.240755760378635 0.226274082433956 0.165207274561568 0.00289293926209676
0.231982358227639 0.0786980919123877 0.215461406518425 0.183988149142722 0.230123246201518 0.059746747997308
0.138740338834325 0.405455145640751 0.142795412943339 0.0838165095997824 0.224200563582191 0.00499202939961013
0.109748424310799 0.102761698990446 0.199581707101253 0.351951474487947 0.186755369871781 0.049201325237775
0.188643652346288 0.273697058716055 0.297388353142322 0.148369554653662 0.0612481625890684 0.0306532185526052
0.0677484063587112 0.0983396263420618 0.255894541374653 0.266833865513271 0.0614723297593726 0.249711230651931
0.253688552826307 0.264970098176989 0.0527836932159284 0.274649745980873 0.149441052962943 0.00446685683695861
0.261513305536722 0.156029902942707 0.267299732132393 0.0527298706865348 0.196194669409903 0.066232519291739
0.162704203466251 0.338086475360635 0.11123715684234 0.0712639211921006 0.280716656871002 0.0359915862676716
0.027473304762228 0.227438595770679 0.281762782590165 0.139928596230199 0.206757057699209 0.11663966294752
0.205175243688263 0.0248503097810693 0.337030546243828 0.170269444256453 0.116255269151485 0.146419186878902
0.173841336321541 0.040768601902318 0.120035561785491 0.254448189582408 0.341854149676689 0.0690521607315528
0.25171209184478 0.107647412285871 0.209753570044635 0.209865542285935 0.149551470123488 0.0714699134152913
0.120469204229896 0.0543985671476337 0.107195340399101 0.29929770056556 0.127389879695357 0.291249307962451
0.0180618174404234 0.0280661421316101 0.130954980280765 0.298725402267291 0.248458523275226 0.275733134604685
0.149664128137276 0.18301955417424 0.167853007815295 0.315355722601393 0.129422549218075 0.0546850380537207
0.136006230401821 0.233424668860663 0.105572807631632 0.233563061075001 0.219734832307804 0.0716983997230787
0.143201901583134 0.131528135211812 0.0777951920778693 0.194692130712797 0.264198222237399 0.18858441817699
0.291941186221907 0.0662618255834742 0.237999150123448 0.0616416497586855 0.0463748286341684 0.295781359678316
0.118700060808676 0.24034404213094 0.120053688673046 0.170173426545965 0.060740144897032 0.289988636944342
0.162445694915837 0.0375135149870307 0.324638094988432 0.166782636335329 0.188215976083203 0.120404082690168
0.102675409890232 0.190200935484888 0.14958906710962 0.229603355705532 0.111101844628757 0.216829387180973
0.0663723014023226 0.192737230914611 0.318436551523984 0.232885227414369 0.0887442988036313 0.100824389941082
0.0200472796074987 0.322495959960221 0.254385006900538 0.105842996023873 0.257980155248742 0.0392486022591265
0.200921691761433 0.152074374372709 0.27577853855855 0.133909246368936 0.0211770437442684 0.216139105194104
0.182383631595211 0.145666298457233 0.210524125319979 0.230143114272898 0.21573486739253 0.0155479629621495
0.0643057075292535 0.142491299175581 0.298043744385715 0.0399954526473639 0.201280250983464 0.253883545278623
0.333080713150857 0.0730631793856232 0.206707237142571 0.313449660080053 0.0688660248791208 0.00483318536177527
0.168504306537766 0.195709170320385 0.206055210334715 0.168810815402718 0.0803617479178763 0.18055874948654
0.0819741822851837 0.107681432526404 0.255964186313458 0.21476031656818 0.103690387252383 0.235929495054392
0.317419610231454 0.0132769209999273 0.00886345074907029 0.208944697507945 0.142395678065528 0.309099642446076
0.0386088047027111 0.115835452189337 0.358810830322365 0.313702071688664 0.0214844186826823 0.151558422414241
0.182274497384466 0.0795868966097175 0.149342363909991 0.0778296684899107 0.3012761908355 0.209690382770415
0.259634146850516 0.0043354591875154 0.259661280621824 0.0165367832261951 0.232688885655762 0.227143444458188
0.0162856155748423 0.148220989181737 0.166282133896826 0.184674941359956 0.244210387796783 0.240325932189855
0.0310070983493654 0.0241186741662239 0.150664597019099 0.221360262263748 0.300002848673463 0.272846519528101
0.315818940573859 0.222747459982431 0.0779017431153199 0.225137162565553 0.00478968814871981 0.153605005614117
0.237078526364228 0.226357979390424 0.00679174964415927 0.0876522966306749 0.258571478994252 0.183547968976261
0.0231920318344592 0.0553307483778981 0.274161185063814 0.0039382917608538 0.386121778748125 0.25725596421485
0.197117591918538 0.0888119558876738 0.0300735141794063 0.083267790239418 0.3247730646555 0.275956083119463
0.0319194858533258 0.112155343033388 0.23821957690964 0.270937127622689 0.233312238855162 0.113456227725795
0.172284938846877 0.226541963352728 0.17926291858369 0.157319284887319 0.0464314768172077 0.218159417512179
0.00647332360315709 0.243029796664729 0.173212606681467 0.265985870015211 0.193320226930156 0.11797817610528
0.167779840951993 0.193978501130034 0.108380394805348 0.259412419825156 0.101812369092441 0.168636474195028
0.00268536442985969 0.0221650640750402 0.119301950161242 0.374796343285299 0.0815731643986489 0.39947811364991
0.297980088516384 0.0502561671747703 0.052853362507278 0.0654288131576913 0.278247205586254 0.255234363057622
0.303673436089492 0.222370269781768 0.0872465068520671 0.106248163693342 0.26341999961768 0.0170416239656516
0.0150279410621905 0.282248618912173 0.0903702619361542 0.31607102120657 0.172106909527868 0.124175247355044
0.0129364059549887 0.272246279804839 0.360763238265204 0.138905938076259 0.0404365291294588 0.174711608769251
0.231421050274954 0.1710887106646 0.0309658673524765 0.193983731048927 0.179470171459796 0.193070469199247
0.16555020627299 0.258033801253744 0.075880356266521 0.262867435339854 0.0452373481362246 0.192430852730667
0.158287878045198 0.180899139227678 0.197994665614434 0.200154055557258 0.219496153081104 0.0431681084743262
0.0210207966249249 0.383281395530184 0.0543159566091261 0.162004941205125 0.125347712483221 0.254029197547419
0.0429428245582856 0.280024947118868 0.208325719829287 0.128000743964951 0.105528699667586 0.235177064861022
0.274158789073216 0.151654083806305 0.314095873029577 0.000637831196922815 0.252936973346557 0.00651644954742195
0.131911667548325 0.455004083556831 0.00784080040527485 0.158457919109341 0.0669990345936222 0.179786494786606
0.172697102886862 0.2653180601155 0.0452481235975689 0.087310660514274 0.132391877030754 0.297034175855041
0.21485231799707 0.151298546740328 0.208072217474612 0.0617721975392977 0.147756566539514 0.216248153709178
0.0953201252645375 0.297745812889438 0.081720409073506 0.0698929127094487 0.182796494307657 0.272524245755413
0.240020379830437 0.231931448750444 0.201234449406507 0.0542147541027174 0.247473280761695 0.0251256871481991
0.275006059157279 0.0768355181084358 0.0490141082038801 0.0418862315318008 0.268531053347626 0.288727029650978
0.245510950386915 0.0581566928995014 0.0908110887735254 0.122830469123697 0.257386661176351 0.22530413764001
0.177259939033743 0.241383183366972 0.242728900064164 0.145235782944099 0.124271505868362 0.0691206887226596
0.10886324392692 0.215771957786841 0.251459193104431 0.00116178452818699 0.168168322814675 0.254575497838946
0.218422600371086 0.191690821365963 0.158444375999461 0.164648165601114 0.110235050547926 0.156558986114451
0.0713578521181951 0.00305609437001292 0.00866265132573311 0.448078902213203 0.115579200441072 0.353265299531783
0.158548588289665 0.14832837377442 0.201370378046679 0.175699604680468 0.136277572437177 0.17977548277159
0.0754375396462795 0.0825595762750883 0.0583341054400194 0.248255742198539 0.264749964268568 0.270663072171507
0.106160841748483 0.11943063255488 0.124626583699576 0.329240460731597 0.233205428984489 0.0873360522809745
0.0835607113660253 0.132861871159235 0.259022701360197 0.0537895162566127 0.364615413057204 0.106149786800727
0.533408661023695 0.0631528613503997 0.162875569491 0.144185678011471 0.0354372924141086 0.060939937709326
0.266750815450205 0.196012070881063 0.13251449989077 0.270844518730726 0.00868850744469855 0.125189587602538
0.109803631857694 0.188940948784887 0.212710785253043 0.106510134583958 0.17234268925624 0.209691810264177
0.0337277081537631 0.120498078288699 0.324126527306833 0.198437225733134 0.0209857048417872 0.302224755675783
0.163304947052051 0.0821351966673284 0.49112928679725 0.0546400883654823 0.1941880862785 0.0146023948393881
0.207058370649646 0.052641340391148 0.0647614309112921 0.252916312070737 0.244629128956354 0.177993417020823
0.223261823711418 0.122541087779121 0.0675453729252015 0.122676621055773 0.255324326692863 0.208650767835623
0.214607208401869 0.243898352690158 0.252781042835037 0.133512174251053 0.126138841009667 0.0290623808122174
0.197578382287773 0.11188517566196 0.269872891506746 0.353278805791613 0.033820328177596 0.0335644165743116
0.407178343940845 0.0103101833849986 0.150554592292964 0.187820497138777 0.191726138180942 0.0524102450614743
0.0514178944121681 0.228490237960068 0.166663220046238 0.254256018061675 0.180932325823026 0.118240303696826
0.0499897376161625 0.193149682510421 0.195536721909933 0.144574114047539 0.169622194850092 0.247127549065853
0.289979086177068 0.181793570634686 0.0616214494578537 0.0827178745388773 0.160611397564496 0.223276621627018
0.0954533439713681 0.000184982004035084 0.0786989180874141 0.27412036976781 0.288249583553093 0.26329280261628
0.0166908477990731 0.369960880099145 0.0861866855390691 0.282889302484178 0.182440684281917 0.0618315997966184
0.179914562600868 0.147681199161721 0.25195079960968 0.0907049457776088 0.0692078768464124 0.26054061600371
0.115756890802973 0.0662455526296076 0.0736098329955509 0.032910977501411 0.394693707261588 0.316783038808869
0.0996018893308998 0.129792124586566 0.158757922870647 0.23355766889116 0.210500656949174 0.167789737371553
0.174912353935736 0.222296810314818 0.102509508716058 0.214358800927657 0.123000667334343 0.162921858771388
0.0845315081482317 0.204504269806564 0.209443827816262 0.0407957505085467 0.293964681873214 0.166759961847181
0.200714110199341 0.0359310424738751 0.114927416208926 0.00388518149170669 0.3213636848082 0.323178564817952
0.0605302407555961 0.23747241838063 0.115808988161218 0.219819940410595 0.154669562746233 0.211698849545727
0.196867303553854 0.154271067523179 0.194106604845067 0.119096227962826 0.0911032344844479 0.244555561630625
0.142530145795023 0.283095041484959 0.270122940190084 0.0926783806932255 0.143568052558835 0.0680054392778732
0.00467625754820871 0.0494189661958711 0.139970652594317 0.325787749902925 0.389421684028177 0.0907246897305015
0.0392248995557321 0.278779766148509 0.0606218985240874 0.135918488196315 0.291417675686699 0.194037271888659
0.200254655184062 0.193528669561887 0.087543054296903 0.17833536057746 0.191657706058696 0.148680554320993
0.148795478686027 0.057101847273874 0.127725362473656 0.0789495808383596 0.288072608174684 0.299355122553399
0.12276646620556 0.233675619323717 0.139188265179707 0.227047583634742 0.103511244521257 0.173810821135017
0.356079166366612 0.0329696096722364 0.0288396424025239 0.241498226887079 0.265062097852815 0.0755512568187342
0.137877762092943 0.238562567415921 0.22188913565067 0.00151006343765352 0.206130433841171 0.194030037561641
0.219662336733223 0.00764127771548361 0.0522252584668224 0.212276908971193 0.283237830402334 0.224956387710943
0.178071363853247 0.301448058049168 0.0244858712343303 0.279588500816408 0.20707012147219 0.00933608457465596
0.191394344487294 0.303994257597954 0.206762782626266 0.239060445150608 0.0189399513745136 0.0398482187633637
0.30536190474661 0.245414947213068 0.00715891013931915 0.0361497764059178 0.0240170646899242 0.381897396805161
0.000778658658447422 0.216934045648588 0.258583329402462 0.23899180642983 0.234611187901026 0.0501009719596469
0.247482629326345 0.212389281998717 0.203424078687733 0.103657800019998 0.142856300877294 0.0901899090899127
0.108058029066211 0.185655891890845 0.327155708813848 0.181889958864676 0.149666498211085 0.0475739131533347
0.103140786777096 0.216369076958078 0.182567757092119 0.0671194882696367 0.247424603780489 0.183378287122582
0.469051361054709 0.197972248552937 0.0862237733539071 0.0674273569545474 0.046489290926007 0.132835969157892
0.393541046750136 0.0987679802390497 0.202345484868748 0.0613727831363742 0.00288971011411887 0.241082994891573
0.206293900487944 0.211895576030642 0.0265340767349768 0.24234676815456 0.21174767424242 0.101182004349458
0.141694499277686 0.0252090240826698 0.345184435073781 0.00502668520574741 0.355590314320891 0.127295042039225
0.226730346987458 0.193143329512895 0.177257364525934 0.0451217084458058 0.326580203939657 0.0311670465882495
0.105848787052978 0.11306859619465 0.149142383868737 0.124433662360644 0.313360952888317 0.194145617634675
0.297527230094923 0.0871668195621461 0.156689675960328 0.325214553664633 0.0533127792095103 0.0800889415084602
0.0787979290371743 0.315224687730578 0.221171203880814 0.128594832935141 0.0905566616869967 0.165654684729296
0.0556488114319188 0.180649469379906 0.2960102974983 0.124954910235912 0.117605538604111 0.225130972849853
0.0843661603809721 0.120938584804655 0.218397919896161 0.103080085702577 0.225872682443336 0.247344566772299
0.0390133506519545 0.185981220508371 0.226670260663144 0.0956360840553855 0.111770470206173 0.340928613914972
0.10591099756723 0.23147195987307 0.203142863516721 0.220325029017548 0.121101365098354 0.118047784927077
0.202213906516817 0.0156111528758715 0.154322852089906 0.294031076414592 0.26102212651432 0.0727988855884934
0.158154599967724 0.215338768798716 0.101975938670681 0.268263894245417 0.0133827755093286 0.242884022808133
0.146116803358743 0.0412775182182327 0.162324380301789 0.256817760267284 0.236059275461085 0.157404262392866
0.179361058251171 0.161605298276217 0.167838609295013 0.00210064773051205 0.269347590753079 0.219746795694007
0.156925416129826 0.0504417520025216 0.116817671129789 0.123006346094564 0.283754514150083 0.269054300493217
0.117739234806522 0.193496920820038 0.184500159696718 0.0983647204291078 0.234988342337047 0.170910621910567
0.181512658287348 0.101753194927272 0.195897078160045 0.279938980655127 0.119293264653609 0.1216048233166
0.238632270182771 0.174259961475317 0.0190207041046159 0.179904258718258 0.22316342403276 0.165019381486279
0.253297068487676 0.0801346877780272 0.206823052551386 0.12313989427126 0.180192228527782 0.156413068383869
0.143526612960982 0.116793743753371 0.198138009104726 0.202775718230168 0.274694766145826 0.0640711498049267
0.190872188204919 0.175093408855164 0.121432709144583 0.182926454590871 0.12362434570165 0.206050893502813
0.232688257735299 0.120027386600447 0.123117710475123 0.13785160716612 0.150238920455728 0.236076117567283
0.010025917570117 0.292107453770194 0.301162429158417 0.0549186286553617 0.135049175271121 0.206736395574789
0.059697940632245 0.206721011203757 0.0890152448332513 0.268854978732968 0.0309838454905912 0.344726979107187
0.232910336520466 0.234343029576107 0.197045488831246 0.177962169722597 0.117208693485044 0.0405302818645395
0.108904302305703 0.24135962072404 0.109444216174767 0.102204849617156 0.279100218637822 0.158986792540511
0.23330638151528 0.211006657125695 0.319001835407038 0.00623406064467989 0.0613055143004813 0.169145551006826
0.196304580071066 0.206762982964565 0.163021650226134 0.0634548883165871 0.214211521410506 0.156244377011141
0.234325741697426 0.00230148416872589 0.232507900671767 0.101359875719047 0.209543686609056 0.219961311133978
0.185442466809293 0.0490764428908983 0.176138426883965 0.188946368874817 0.201885336880679 0.198510957660348
0.302979282524884 0.0817552320616895 0.271104037619834 0.17684811435013 0.0933826902540159 0.0739306431894468
0.0908049640952575 0.206634786237056 0.0529356196262865 0.24423691799303 0.225342368775778 0.180045343272593
0.0330643676510394 0.40149282297886 0.116697186260669 0.299642042964591 0.0166892333147862 0.132414346830054
0.231406699142162 0.310139846716906 0.0114272797970459 0.0650829679600944 0.331592787038122 0.0503504193456697
0.151671143732138 0.261771119688369 0.170059115527903 0.199988782895632 0.00186100904036998 0.214648829115588
0.100229066121976 0.0397295958650747 0.293248762265582 0.252092856860678 0.167541173195973 0.147158545690717
0.0256082916447735 0.0206220857302564 0.240999067563194 0.216613940786161 0.25371922290577 0.242437391369845
0.0137770487904124 0.29043568390395 0.125192665875466 0.143828551903136 0.318894986304596 0.10787106322244
0.0211307561012686 0.258843374498302 0.0957238662876815 0.201466690689174 0.255636053370788 0.167199259052786
0.145679412646927 0.142840212780889 0.0441442048733203 0.236850624546146 0.29116333044628 0.139322214706439
0.152604331343975 0.0500421951171555 0.116486575844209 0.288605600109511 0.20418577738315 0.188075520202
0.186053535998662 0.138666841005047 0.231658624066206 0.180436281232905 0.0822385136517079 0.180946204045471
0.241818363890534 0.0717039191157844 0.131425534838528 0.169534406715291 0.114713320441135 0.270804454998728
0.315576901081682 0.052052583870594 0.143547176362888 0.247521265756611 0.17007007650325 0.0712319964249757
0.110336338653275 0.0549088299160408 0.220669492345326 0.305534117655239 0.0885367434039933 0.220014478026125
0.224582873385107 0.176477150736715 0.241041664111281 0.111023141669684 0.21567522531002 0.0311999447871935
0.0963915649208006 0.0376927877837037 0.32584467951598 0.205376399649261 0.307169905710147 0.0275246624201085
0.0393417026137828 0.367063789027221 0.0985297380295546 0.0115771113099573 0.162613609736263 0.32087404928322
0.164201647762637 0.204666927821918 0.116114394618626 0.0869191672067558 0.374795054418632 0.0533028081714314
0.0570841780752209 0.106702291470998 0.284260664700825 0.132789010059784 0.36886966045773 0.0502941952354413
0.181073505318822 0.229833893221697 0.00746767951409578 0.0149404997054045 0.383027112108105 0.183657310131875
0.338616917614127 0.0408535001502507 0.13075236208994 0.260077240271224 0.141290885533585 0.088409094340872
0.0780345619864203 0.260888142418368 0.128462289819682 0.296621342317476 0.0791222546299597 0.156871408828093
0.0800596963669302 0.402108815291313 0.0497843760534778 0.00518374790524732 0.280859683731282 0.18200368065175
0.255511889977806 0.156343073385653 0.22880376251283 0.247918578191349 0.0478522312297892 0.0635704647025732
0.234024923258908 0.155880590808816 0.219923950264038 0.030449222299986 0.130280313962861 0.229440999405392
0.133806745288458 0.250565321429194 0.127883998913275 0.212830494577586 0.178555726361674 0.0963577134298151
0.0458910041757673 0.142541745326531 0.251868714758938 0.28235324867831 0.075612442010227 0.201732845050228
0.156704706727418 0.261942577238745 0.0441483045880285 0.308338926167039 0.175993720646581 0.052871764632189
0.0997872744537177 0.183771428821377 0.0505212124586557 0.372185601359626 0.289745950697915 0.00398853220870907
0.0924959335231534 0.0329513782309514 0.2273170102913 0.243186478706844 0.141385636414972 0.262663562832779
0.258211646357898 0.11579707683984 0.183518720961994 0.100313499243932 0.144282701791861 0.197876354804476
0.126757640103504 0.242529914283852 0.170244514474307 0.111653090949119 0.0656287569234933 0.283186083265725
0.123221875695674 0.260844438818632 0.193354508102333 0.177920808298966 0.19911059914209 0.0455477699423046
0.353075022356733 0.338032744102111 0.0628625451942928 0.0117596816875568 0.133849249636716 0.100420757022591
0.177054839001574 0.162656850508849 0.139765366561407 0.256135469111478 0.0806747418783468 0.183712732938346
0.272650880548798 0.0187646358924684 0.178976906892416 0.0780374849808334 0.229112545760653 0.222457545924831
0.264158510134675 0.166639365319592 0.16463281820336 0.161489071028627 0.0522356044901251 0.19084463082362
0.0167195985693125 0.263505776502484 0.0834642238174648 0.242279388166721 0.147015059906929 0.247015953037089
0.267538048866221 0.156186341295037 0.14228615110713 0.198125800252258 0.184803751693343 0.0510599067860114
0.0903933466266804 0.177676163482208 0.207614060621323 0.120627117568299 0.12413934236103 0.279549969340459
0.120398118705417 0.301900857822465 0.157682314727704 0.202899931316627 0.142620922070277 0.0744978553575106
