0.0482592300576874 0.189793561672023 0.364031805326415 0.112980988390887 0.239383218421557 0.0455511961314299
0.154994643563165 0.246142108142265 0.223786644382625 0.0148479773525957 0.259651253223832 0.100577373335516
0.178063509679057 0.166142003490218 0.260495639119471 0.0250252246263138 0.318233986283932 0.0520396368010078
0.0103964437687915 0.104202156053119 0.00723042837172028 0.312311852380074 0.187567805848272 0.378291313578023
0.020571334784555 0.277149769931332 0.189308891237993 0.170228814838506 0.0727141118294857 0.270027077378127
0.270695116264065 0.177113335145079 0.0314690759364347 0.0952266287908894 0.250713749370724 0.174782094492808
0.237091093901355 0.143347898952525 0.213106563892869 0.0873760850467412 0.181607923283795 0.137470434922715
0.304113045185533 0.0747312825934014 0.0988466734820361 0.0309423895622324 0.258082518503141 0.233284090673656
0.08260035072369 0.148707534146873 0.165633175072219 0.123316668895405 0.262153021360441 0.217589249801372
0.134909486728626 0.00684734284259801 0.151501337924654 0.30825182024522 0.296723400031664 0.101766612227237
0.404855425302452 0.00408050975356203 0.00278334340922547 0.416004030432686 0.00147451865237172 0.170802172449702
0.175421412052864 0.14058671196148 0.0189797823100139 0.153982726864968 0.256184076666708 0.254845290143966
0.342571923113871 0.134599793276329 0.0901145121051035 0.0911576153414433 0.0420244138021845 0.299531742361069
0.0723657999354668 0.291274535947726 0.060019083178597 0.221957184279939 0.103683138983197 0.250700257675075
0.169070774939477 0.189467306957025 0.106722166192165 0.17582360226417 0.154939711138562 0.203976438508601
0.294418460266708 0.0591513194077458 0.198487660664912 0.146578493583399 0.121067530047539 0.180296536029697
0.17364450485986 0.259747023158572 0.22155191247227 0.20745487021642 0.131216956533409 0.00638473275946963
0.23887505932476 0.00430728940624265 0.235273812493874 0.0894166433505651 0.221159007223482 0.210968188201076
0.11033373344253 0.133678544804146 0.288500430465086 0.0688771950190562 0.222998683846372 0.17561141242281
0.216078602674277 0.134289028266712 0.0598634047559551 0.0291233982664932 0.23566319132713 0.324982374709432
0.219938571748284 0.000466690899970025 0.229249522351447 0.26784965993284 0.0189080702731064 0.263587484794353
0.069211771898464 0.111675668592884 0.123436061027098 0.241837220583088 0.376291730463197 0.0775475474352691
0.202802807251057 0.214578355191377 0.0150359936278414 0.120661739888744 0.216134872385482 0.230786231655499
0.28437789573637 0.302648917957597 0.175539354017376 0.127461907933641 0.0824089521817297 0.0275629721732869
0.288380650856002 0.140864659353869 0.049729233000289 0.108794157006015 0.11176028748405 0.300471012299776
0.222316017792054 0.154066048242411 0.228286022814433 0.0418181493007617 0.191569929105388 0.161943832744952
0.0625207981931944 0.102022687728472 0.497442221313331 0.205041366210322 0.0996360257842985 0.0333369007703823
0.212881525519023 0.0569743353435878 0.172423785826919 0.224893424944798 0.116817793838786 0.216009134526886
0.101047292243745 0.175373017415773 0.453155379398695 0.165322275972192 0.0171039567320466 0.087998078237549
0.184427511622846 0.279058987354841 0.116243791605828 0.223176247209641 0.0730247173315975 0.124068744875246
0.0682100317844904 0.200399883693739 0.175829109269927 0.186269312757187 0.236521969456567 0.132769693038091
0.218433765013868 0.21526425541174 0.11131134496517 0.215380229214624 0.235443426799409 0.00416697859518904
0.045720404670737 0.00332768989279684 0.195332075044814 0.292425440484109 0.266547499127469 0.196646890780074
0.200368277326345 0.0756423682421102 0.24835719426547 0.230785739089484 0.0336303968502786 0.211216024226312
0.0737357284968357 0.292987012264568 0.345184200356454 0.0172049141164878 0.0257475775169793 0.245140567248676
0.0255970283947756 0.0357722027926869 0.0860298816736472 0.352284015564556 0.257729338875206 0.242587532699129
0.0590271449341471 0.173031546659672 0.192200147807605 0.303526995746113 0.144297727242125 0.127916437610339
0.16372563578741 0.119399353216966 0.159671851016537 0.142779819085238 0.19948226284385 0.214941078049999
0.117206579723604 0.227192915810071 0.219219871584524 0.172893784120722 0.240132858203036 0.0233539905580427
0.0799918271918238 0.161493235080286 0.0671321050693052 0.221080570664263 0.283982341755406 0.186319920238916
0.0141267186731705 0.152830396695695 0.209796348201264 0.159650044179479 0.252946891427584 0.210649600822806
0.116011307065058 0.243353052054514 0.158812355885308 0.0764944800729408 0.259675615620621 0.145653189301558
0.194735095346754 0.000425260159789216 0.245509656396736 0.400091516835373 0.000635653284451742 0.158602817976896
0.110196559623378 0.360722831867739 0.097697591829389 0.178690648607234 0.241389436591637 0.0113029314806229
0.26175630748986 0.206900222825586 0.0311067126823082 0.265416610226274 0.137169519023317 0.0976506277526541
0.144914295295501 0.213524715733351 0.109293147736869 0.178287985839853 0.126171896612064 0.227807958782363
0.119107651028323 0.16886484486215 0.32342076240182 0.174480074809982 0.0416766931699609 0.172449973727764
0.179415712984391 0.215770891390887 0.145648659989873 0.0961339405718364 0.161813151736923 0.20121764332609
0.14992726171329 0.0997562730119539 0.0399795605183915 0.229211555229289 0.270790432087019 0.210334917440057
0.152926849334768 0.287544827254771 0.278418009627198 0.0760762167727078 0.0694306175968949 0.13560347941366
0.0435658619372057 0.446014951756717 0.112924174415708 0.164143042095813 0.107172971330466 0.12617899846409
0.212075779248416 0.264539721386642 0.12219746942724 0.06830652845618 0.215728578480583 0.11715192300094
0.134198174713652 0.168044899823821 0.242968127740448 0.137733698739531 0.102428452719255 0.214626646263294
0.167093499060317 0.142976264086516 0.0555562678060269 0.27978910376291 0.0966309342728688 0.257953931011361
0.12843007546003 0.0671161720869162 0.100894423100012 0.227993839051882 0.236754666340479 0.23881082396068
0.199950133953642 0.218575527308981 0.223898166136579 0.110524231134751 0.170177282284505 0.0768746591815415
0.18246422799882 0.191231437610255 0.0367196091639892 0.0875443668686216 0.0931197568636827 0.408920601494631
0.0293325043867938 0.25909402496422 0.239863056468882 0.269473249667224 0.0210032476096036 0.181233916903276
0.200722180711043 0.191508936672343 0.175916862088312 0.0442869885645311 0.182007750265562 0.205557281698209
0.216585477463511 0.191973765121763 0.21229953306693 0.100629508095242 0.114741804910114 0.16376991134244
0.113154068651664 0.174426876088006 0.0181509030567069 0.148447676072726 0.0771754890965635 0.468644987034333
0.182852375502364 0.239384799818093 0.00772946601557982 0.0865818837142944 0.265358984436544 0.218092490513125
0.00117140047913931 0.0147074705512026 0.32257033674107 0.148967963337609 0.379160265247753 0.133422563643226
0.357673897336728 0.402200625198278 0.0810897685642209 0.120594996110796 0.0296324421101911 0.00880827067978614
0.230649517351755 0.123503471834388 0.243558835078914 0.0429137339478607 0.205303387490184 0.154071054296899
0.304095445497323 0.0411452126940592 0.434049541856321 0.127386518372486 0.00291777710588226 0.0904055044739288
0.321747909545918 0.312006125298665 0.168382106371918 0.00355950941283886 0.0288098979436123 0.165494451427048
0.558960731875802 0.0474801942687793 0.00492968300771592 0.103246045724334 0.0455974008111435 0.239785944312226
0.0664061533616268 0.0952277883023697 0.0927401588381538 0.292822376985302 0.258946958445942 0.193856564066605
0.269000747706038 0.0907244966540562 0.213623860485046 0.0543555681513766 0.133833585947631 0.238461741055852
0.21627947344535 0.185003192524153 0.230457641036785 0.184361087730474 0.180016571273087 0.00388203399015135
0.0854341629777932 0.0554262282203778 0.254937785290038 0.0663416652173439 0.251780883953788 0.28607927434066
0.301361816522699 0.299463399244716 0.0785448938476658 0.0550783669760605 0.140055990392141 0.125495533016718
0.346166353976162 0.0512870692640767 0.108371624009724 0.150956390810574 0.147939057479471 0.195279504459992
0.0247478452536304 0.250326534157325 0.020473071661917 0.239038372223949 0.187492123317684 0.277922053385495
0.0304194871029061 0.17712230097209 0.224378369618868 0.200964905376868 0.156948981102042 0.210165955827226
0.176269022278538 0.173601187147368 0.0637467258238085 0.0881767610069411 0.251257831410809 0.246948472332537
0.0491091886274105 0.166868860101752 0.225620483192558 0.0892754045861935 0.230825823090931 0.238300240401156
0.223529984813323 0.166022045159643 0.266521777889214 0.0237131792346854 0.191531636121371 0.128681376781765
0.057707720910894 0.161229529279358 0.235317143628229 0.204884582405744 0.124716521501375 0.216144502274399
0.155778635452714 0.0267781322740869 0.152534878100847 0.303519409078407 0.0886531162319059 0.27273582886204
0.0679009802853265 0.184410835980559 0.0639267264433434 0.163924621391477 0.246862695630307 0.272974140268987
0.0228003303188765 0.364848135096909 0.38316983010841 0.0338985168254838 0.0602348462803886 0.135048341369933
0.180480580173519 0.20850058183234 0.248549376972912 0.123221253402879 0.0155599578832551 0.223688249735095
0.139071079901809 0.00740575119534556 0.255338787187064 0.112611711464834 0.0316328720944489 0.453939798156499
0.224692462505585 0.111534536608257 0.208843569567867 0.128991261007251 0.19375211254547 0.13218605776557
0.0727682729769129 0.0145322312065567 0.278454503289728 0.277419334184494 0.01766211733826 0.339163541004048
0.0577262364584584 0.164622780884116 0.216779203233752 0.284166247101291 0.19787254515919 0.078832987163192
0.0719427978425821 0.220734247632175 0.239840337362408 0.142454018593487 0.223665558093713 0.101363040475635
0.100368715293797 0.193238011813304 0.262009653325063 0.0276147949447819 0.295119239345301 0.121649585277754
0.121948213716432 0.327655350901023 0.152348461143092 0.0744746986698835 0.0712577500686458 0.252315525500923
0.200930668872306 0.223165971256539 0.0470365915051185 0.195868509881786 0.18141638506899 0.151581873415262
0.265691983736946 0.235587848722406 0.127113627684104 0.0790783267552081 0.192231594668018 0.100296618433318
0.156316465800486 0.185698970837932 0.240662255949639 0.216749617067344 0.0677219651203117 0.132850725224287
0.193411918464351 0.182481129541837 0.0392550835807937 0.230545433985503 0.27514450558481 0.079161928842705
0.103019087492757 0.0651789824280519 0.141612245156293 0.153658858649011 0.0959265267684009 0.440604299505487
0.00259290398252296 0.276645928594705 0.201848656470088 0.125238366720625 0.143670756640316 0.250003387591743
0.172686230438346 0.131528004193804 0.205843226426432 0.222615102909695 0.253555999183764 0.0137714368479585
0.031394488162191 0.093206419997279 0.123479976254838 0.182806369724635 0.193255167009995 0.375857578851062
0.254769749969221 0.21639807612535 0.117987072912687 0.201744238358896 0.0994822269934545 0.109618635640391
0.220842546208382 0.106472069445978 0.302713584451429 0.277602304022541 0.00970287894939866 0.082666616922271
0.149453676985049 0.0461260080291165 0.174267425941444 0.202287418433554 0.17916028455019 0.248705186060646
0.0651387927251812 0.16103976145947 0.00973984599489838 0.331877504214983 0.347680489705489 0.084523605899978
0.161122320379848 0.152808326630802 0.27083662065043 0.130503872856724 0.0467467955209548 0.237982063961242
0.229273368118478 0.140192491455079 0.212087565600999 0.0566453527519535 0.158221731212699 0.203579490860791
0.213051164331972 0.25721132253372 0.135981910112057 0.192940747445875 0.0905188050309494 0.110296050545426
0.0867175577629072 0.208725604865423 0.211746048773396 0.0816085610324379 0.106195836134784 0.305006391431052
0.273707870523837 0.115749461102975 0.0886833970659255 0.253089654611667 0.179304402388348 0.089465214307247
0.205473355548919 0.225799769653786 0.178365813763414 0.0505901611590178 0.121737187807516 0.218033712067347
0.0714771812871069 0.220016752485941 0.254580439957622 0.198024954601542 0.171461676158109 0.0844389955096794
0.000762005020546122 0.24946618159294 0.24385887359968 0.126327857922223 0.110563523546484 0.269021558318126
0.127338115639157 0.331119952115263 0.0341942965182211 0.350453044194124 0.122932255198569 0.0339623363346666
0.145358953067364 0.130208583559673 0.214033937882666 0.0785822155075238 0.252971805408002 0.178844504574772
0.0630370046125299 0.23289019020797 0.0210132660826109 0.321748824774758 0.132916306260136 0.228394408061994
0.193132256381918 0.224214641205576 0.0508923591816344 0.180546470515322 0.241539152977474 0.109675119738074
0.0512572461406084 0.271542524780359 0.181897854140499 0.12741699935118 0.21184505119581 0.156040324391543
0.42716534013447 0.142520905766524 0.164082615811231 0.020966166721022 0.191552999333296 0.0537119722334563
0.240338967459442 0.123661472182069 0.0775463254045543 0.162265619397971 0.116036910867532 0.280150704688433
0.154639934623394 0.118107935164022 0.0364618164645221 0.130516840777312 0.334634331253833 0.225639141716917
0.0137591692682756 0.181316374595251 0.326992570837742 0.22307710416888 0.122685095527722 0.132169685602129
0.056804672393134 0.179935217849144 0.308545079150579 0.23001951907721 0.209577396459215 0.0151181150707183
0.101515738579578 0.244783715998965 0.149471830374513 0.114203732830186 0.272208368456787 0.117816613759971
0.166627167524243 0.251401177998652 0.0415360636569957 0.141369349634305 0.143609836420181 0.255456404765623
0.113299762789177 0.1781695244535 0.266081941377943 0.0469645207515602 0.259949341551562 0.135534909076258
0.275178551708436 0.040829131641043 0.192143406588923 0.00470023533754007 0.282743081369384 0.204405593354675
0.104935430516142 0.010498561594827 0.0338559544845603 0.166477319762784 0.303420053847454 0.380812679794233
0.136272520155634 0.180393319022869 0.25342902480449 0.14529698368816 0.074229999201928 0.21037815312692
0.156638300268877 0.281490928497385 0.0447261957687742 0.0843049360274397 0.160493608142027 0.272346031295496
0.0932885688612667 0.284225616054555 0.166407693138515 0.158690305317458 0.151309520791187 0.146078295837018
0.360215943917176 0.309186421205274 0.188208774526155 0.0192745844001945 0.0327107913327754 0.0904034846184248
0.103673163887908 0.0260662977662419 0.0758952555686248 0.243793921819491 0.266583417465942 0.283987943491793
0.258279793721199 0.280783052381597 0.140313573630353 0.0354707787591135 0.135384681551938 0.149768119955798
0.0271136385603998 0.241607072105346 0.225134531698601 0.131758170635766 0.351559444005376 0.0228271429945115
0.161744235365137 0.0914074447556681 0.21607434934057 0.263689843305465 0.131037457194267 0.136046670038892
0.0417711498323756 0.173897287113137 0.431741198266683 0.0314277163452439 0.289209619732186 0.0319530287103753
0.115494758348367 0.0990533696662534 0.275565707840964 0.101930697404933 0.104486000552373 0.303469466187109
0.0155200930486932 0.106071478075775 0.04516495896138 0.272994421140806 0.0318571130798769 0.528391935693468
0.217050071740958 0.222030612322188 0.0710565299701348 0.124945210673196 0.184594178477314 0.180323396816209
0.0875335283981462 0.0989900485232573 0.250005345492592 0.175271182300974 0.13018895510105 0.25801094018398
0.271042165037197 0.154235522030078 0.206408785549186 0.0470426496430301 0.274661159527423 0.0466097182130862
0.218611288354953 0.00859759959811442 0.220416221512397 0.120212752807096 0.240979080235012 0.191183057492428
0.0145552847364417 0.282907188337535 0.298614730406107 0.265139549936985 0.0733684474120726 0.0654147991708581
0.044278663659777 0.249213930478061 0.073718336034172 0.110201428443426 0.338250449653113 0.184337191731451
0.269784290719086 0.121326646800234 0.0192262184256175 0.397928243085922 0.0548879200158322 0.136846680953308
0.0171322304429843 0.173528025390388 0.280741891501288 0.244821490250127 0.0507483658627537 0.233027996552459
0.296585123422452 0.142413847194245 0.323846129339447 0.00398138169337334 0.0675386926832729 0.165634825667209
0.024318011538749 0.22140026047853 0.230449531647607 0.246839702943658 0.167124198164779 0.109868295226677
0.147154991030163 0.223103122205412 0.146595880898086 0.114136571984681 0.170860977248118 0.198148456633541
0.0550426063541546 0.140211792761097 0.303799547810856 0.107094503521699 0.107909424414017 0.285942125138176
0.148453622991011 0.101255749167937 0.347513933636141 0.222732786236612 0.0209040367151193 0.159139871253181
0.0604730637487733 0.147486596894165 0.0800571090255004 0.303497700338348 0.0984069931430859 0.310078536850128
0.317142580020913 0.0381767805354383 0.0526987452723966 0.143102498489955 0.241940033677441 0.206939362003856
0.0303836574842047 0.0275612352497225 0.280947311994374 0.349399892295156 0.0126625643088558 0.299045338667687
0.207296003749948 0.101058580320416 0.329245670402324 0.0726356275729969 0.216939537095547 0.072824580858767
0.152579465359641 0.258777596854014 0.208157841756608 0.0611080123633517 0.0894716025302585 0.229905481136126
0.224183964671375 0.269409463823176 0.0659847983402005 0.132116647424996 0.116290963983817 0.192014161756436
0.252556270867917 0.167220751194869 0.00221539323245937 0.18278089449262 0.224692657653245 0.170534032558891
0.217297308282482 0.21379883725913 0.0347235217196173 0.236977337946028 0.153681976455257 0.143521018337486
0.12108896413725 0.141356441070396 0.0457578633224734 0.236839646982277 0.116666969008892 0.338290115478711
0.181403305438775 0.224627038477711 0.205596369968512 0.0211068155301116 0.215743797265594 0.151522673319297
0.277850407281951 0.217482821374327 0.184995499327818 0.277509345677527 0.039376702252201 0.00278522408617568
0.459465926490391 0.351228035296083 0.0666667911633587 0.0853141104184747 0.0267050035541962 0.0106201330774965
0.238687201826331 0.182255308258267 0.0470631341100571 0.296045105877213 0.201180753548029 0.0347684963801026
0.0371151223989964 0.260340359141777 0.0991424413399733 0.0840052585319855 0.263587443336854 0.255809375250414
0.0498746652542212 0.186161736386576 0.230593397804587 0.172641578415117 0.087834996661433 0.272893625478066
0.147479720069532 0.0702155971955037 0.193847708941688 0.234877117605916 0.156342706220785 0.197237149966575
0.321992104902554 0.0411644416386227 0.212068857206593 0.216575186805099 0.13693672092151 0.0712626885256208
0.136242489306069 0.118996352168327 0.281961702470887 0.0334410730328826 0.302892710168984 0.12646567285285
0.205758815000143 0.0248862439625983 0.207532651526984 0.0751805254071179 0.250017811870903 0.236623952232254
0.0230689755849655 0.322626235911189 0.136314740622764 0.366296717233194 0.0962501530338547 0.0554431776140331
0.115600975168165 0.168543500007279 0.214082166509414 0.193666700826259 0.206663306123293 0.10144335136559
0.12791854114565 0.271328751992058 0.14186068103317 0.239602979369119 0.204982378029072 0.0143066684309313
0.201329161025912 0.233462042399377 0.0597225893243903 0.21828869911331 0.020777591354142 0.266419916782869
0.221793389472069 0.198767628825322 0.142641487247117 0.208538170630756 0.221824601815526 0.00643472200921047
0.300781415316812 0.190428237398739 0.0518561365034557 0.215422556912513 0.199766186732963 0.0417454671355174
0.137130043236565 0.243219279856816 0.0548691540150766 0.198212289964878 0.136203279994668 0.230365952931996
0.0159183799623476 0.133973476572947 0.210164556856076 0.28440758773357 0.17176828483293 0.18376771404213
0.172289673200128 0.342620696999687 0.00437142785570243 0.276475067720375 0.0193209133151891 0.184922220908919
0.013057407539872 0.235982428108935 0.244197846750356 0.0440258054278116 0.225698300593818 0.237038211579207
0.183035914545964 0.145926494923388 0.13722789573102 0.278478956768481 0.0254752221999229 0.229855515831224
0.0241165432316461 0.110537280873655 0.264356345890371 0.174657198424155 0.028972976876638 0.397359654703535
0.140106551849982 0.186709601621166 0.304178360797962 0.136789624962449 0.16912187112325 0.0630939896451904
0.272669322053733 0.130090259188312 0.251773180414126 0.00228568701066821 0.179514556511782 0.163666994821379
0.12835534995862 0.28474142627816 0.0101092577282506 0.0296645464759745 0.327889497602053 0.219239921956942
0.263211452493559 0.0430812749591472 0.0880061871542025 0.155736526257567 0.134650992319216 0.315313566816308
0.220119147067272 0.171958754202593 0.239341426839721 0.127265106783569 0.0667129759556689 0.174602589151176
0.0796575085862196 0.201879714844534 0.16424948330835 0.213174737768205 0.239300113071677 0.101738442421015
0.00253472828670966 0.19062524928909 0.165359744467859 0.188540940807673 0.301784024777432 0.151155312371236
0.0934352899762224 0.115508645770839 0.0747772168939661 0.454777864687628 0.0179004608029061 0.243600521868439
0.150203477040812 0.100067774026957 0.100865005673484 0.286372920689482 0.13799863397169 0.224492188597575
0.120459678177394 0.147947854974496 0.216142879997171 0.06755791552363 0.245278523488662 0.202613147838648
0.241860440271882 0.397037445093309 0.0130790926963044 0.123709154567904 0.0220721910029929 0.202241676367609
0.244412669837869 0.0683210312420487 0.0393073184958982 0.100320999966272 0.276373923989853 0.27126405646806
0.0396095961263776 0.183213179871825 0.00944821341413997 0.243520878104395 0.281704949444199 0.242503183039064
0.138647365440203 0.00277996317858665 0.182808177271703 0.282148005699129 0.22827383046351 0.165342657946868
0.251922024301341 0.278699189768244 0.0615836201327644 0.0687627043013945 0.157168212077573 0.181864249418684
0.026551589108513 0.277726897191426 0.324802621304851 0.0290810584982122 0.165814643685273 0.176023190211725
0.199947597680199 0.156160138958258 0.163902209612134 0.0628136904466884 0.211259131092444 0.205917232210277
0.243047220702911 0.0763688263292524 0.200707994495927 0.152391729444319 0.197193118083218 0.130291110944373
0.289667300742404 0.197241704901895 0.295050641131463 0.00162439167980983 0.125257689570548 0.0911582719738801
