0.223173089856015 0.0319011837236907 0.132369895701297 0.17028550722924 0.00756151285216752 0.167094737833723 0.267614072803866
0.115655527927193 0.150710069818838 0.173932604470051 0.141106560231286 0.188418203130043 0.0603026525641366 0.169874381858452
0.228333618985506 0.103715336402868 0.102617236678565 0.0732059431868231 0.091234785859594 0.197722411978978 0.203170666907666
0.163157270657037 0.126045502932331 0.0644952221465177 0.0622226502919914 0.221147617852008 0.21225343853833 0.150678297581785
0.0357067964107349 0.181184903777384 0.0216303983089752 0.0995076382653269 0.039524030634284 0.215235319330288 0.407210913273007
0.13313927416863 0.222277862665891 0.29208127609375 0.031170825060191 0.0746050751664991 0.040599296813133 0.206126390031906
0.200178900845455 0.0562832864241909 0.20290320524382 0.0231511925713286 0.15704089132179 0.104655267166185 0.25578725642723
0.159968077764575 0.231689034435813 0.153931237250522 0.0740691668130477 0.0866724892735101 0.0091460825264823 0.284523911936051
0.239911757122601 0.272410300990737 0.000345279190262596 0.224772880896044 0.135084054954877 0.06848327342836 0.0589924534171178
0.248669075143609 0.186517551468179 0.178805284575661 0.274436126685506 0.00713702115438991 0.0396608179529506 0.0647741230197038
0.1456084610556 0.0570775480685385 0.18872689251808 0.154404830000257 0.169797905425857 0.147787054143644 0.136597308788024
0.0857404167354116 0.127335841769215 0.179375451748957 0.178011091757219 0.185130737204018 0.11765698504535 0.126749475739829
0.224959081541835 0.0783075698995276 0.131796488745696 0.212059680779328 0.124548706356902 0.180072138476822 0.0482563341998899
0.28840070635169 0.0856607535218697 0.00696778160059577 0.368227510845083 0.0265523132777107 0.00593661224948876 0.218254322153561
0.13862780667048 0.0457673266515912 0.110620487147168 0.228093996224734 0.0164328519180005 0.254919550012098 0.205537981375928
0.211488195019241 0.0575745334335956 0.09705283860675 0.0327355148276635 0.0883562425186716 0.278014114174054 0.234778561420024
0.186053759423256 0.218247580201723 0.262028731706435 0.0360500506990484 0.0105309442853913 0.0405106268120171 0.24657830687213
0.19485392841863 0.163613940391939 0.151963232058735 0.132778700065607 0.041111966810226 0.166993503528808 0.148684728726055
0.0597138809507748 0.15181647560602 0.16129444469323 0.171472187988593 0.171729617378477 0.190221280236769 0.0937521131461356
0.219088723948052 0.178673157465169 0.116958711466711 0.272390123230771 0.137874436482442 0.039020533509152 0.0359943138977028
0.170280747473525 0.188748972079498 0.0878986618416789 0.0957590077195386 0.16413823572219 0.199760859951937 0.0934135152116327
0.217822229294984 0.250514773709618 0.164297542142726 0.0595604742128421 0.0818039343243644 0.144290906276611 0.081710140038855
0.0281601914812073 0.0203075296713908 0.228975336107789 0.259428905882099 0.00986357057406506 0.283225892037641 0.170038574245808
0.125934417509338 0.0727177962812387 0.0475981993475283 0.24637363241776 0.209376161540118 0.216402126180617 0.0815976667233993
0.136141133353257 0.114297409931083 0.316977467948545 0.237004252974505 0.0120484190013457 0.0368752269931105 0.146656089798152
0.0247891994009904 0.193797808417085 0.093185232023082 0.234019864000004 0.243644818852056 0.020360491759577 0.190202585547205
0.237858008259156 0.162241137165426 0.0805745196284172 0.16929725787776 0.0927790178327388 0.227542569002425 0.0297074902340764
0.0101531584341859 0.106906308647888 0.14934473383187 0.237177204247692 0.140223217574155 0.226998813799678 0.129196563464531
0.229844493988084 0.00146360240822293 0.125140531739951 0.127776533733444 0.111160616084907 0.21231478694472 0.192299435100671
0.201295217481351 0.0426993450077333 0.164264978441854 0.203151846505944 0.133925479434115 0.168451036943894 0.0862120961851088
0.121843732494719 0.176655597636255 0.181096053481314 0.18824337981311 0.129568870016687 0.111342316835443 0.0912500497224714
0.111090062354046 0.123791218009014 0.0399523410987051 0.206018067372528 0.166216474830117 0.142924142888715 0.210007693446875
0.199419253443673 0.109280942116704 0.164250334388704 0.11465241826125 0.235152198177117 0.0166253652219225 0.160619488390629
0.214647580561525 0.174719657961435 0.00267822741628769 0.383931072386812 0.0676765105045323 0.068907418099625 0.0874395330697826
0.174236210741479 0.0710178249213602 0.210512381667049 0.170785921329 0.199129214531282 0.0594016248608422 0.114916821948988
0.0579772292306308 0.0759770181818724 0.0117942452784529 0.362079364081144 0.280723496725954 0.00619762405293816 0.205251022449007
0.17255714140284 0.171619502624849 0.162652751637271 0.137206366062776 0.1456037781054 0.160769965804421 0.049590494362443
0.052569808371028 0.0345965563641638 0.148565242133166 0.106547669381235 0.247188171848719 0.215355054762226 0.195177497139462
0.0807937702498977 0.199964930021446 0.145903547457745 0.106466476370818 0.10950258876617 0.150994853299839 0.206373833834085
0.0143344696281392 0.1314532795691 0.05068631126443 0.152001868401753 0.36502352068202 0.230791625144771 0.0557089253097872
0.103150188928201 0.0647076566273782 0.264539640484927 0.268978468260292 0.196862467947245 0.0531252847304429 0.0486362930215144
0.258128220212856 0.014489320365561 0.233777673083627 0.148405048551305 0.0166695683671076 0.245873767334306 0.0826564020852383
0.149391146009479 0.0140267083540049 0.1435949367966 0.21315932985946 0.136965404964572 0.0576155073631996 0.285246966652685
0.041183827704529 0.0849430767843829 0.250662779960779 0.271283967828111 0.102897250382063 0.0391708109231845 0.209858286416951
0.127422601862695 0.0917180542300016 0.132293574993182 0.214030656217855 0.135638237189666 0.157655475626278 0.141241399880323
0.102661379276689 0.304862387695887 0.0359405042620703 0.201829186796537 0.187182760864987 0.00123889395100665 0.166284887152822
0.0927217360376742 0.170015329531731 0.1631862182627 0.153109389716408 0.17491133779958 0.137029849405022 0.109026139246885
0.224481441565937 0.139871953110321 0.232864013550006 0.0235395290111335 0.124005597122197 0.15294791964222 0.102289545998186
0.115183607319639 0.147690584362522 0.0485866434613355 0.07433079211117 0.284296157218108 0.0512512730987532 0.278660942428472
0.239055909864527 0.111317767439724 0.0985262512673631 0.151264508599326 0.116098216423774 0.0968971082508297 0.186840238154456
0.0700419535867447 0.196706435709359 0.0507547403060871 0.225879304763743 0.135543738615425 0.248261866311789 0.0728119607068518
0.14485545875301 0.106543754097022 0.0971480429935277 0.26384145147395 0.0871248159679289 0.228965260580693 0.0715212161338687
0.179516379115782 0.0711423156145197 0.238790418585131 0.196950863427415 0.0561732522874316 0.0456073559524724 0.211819415017248
0.077019994093549 0.143722964815306 0.218257065075487 0.232387489028223 0.0697234463847746 0.0722258568407725 0.186663183761887
0.150548655247754 0.216688453466857 0.124172152129551 0.12125039611682 0.0647902777871256 0.231727837037252 0.09082222821464
0.339729052556603 0.0701731789909409 0.13942084225135 0.156757071505566 0.0831914341909269 0.126391186459515 0.0843372340450987
0.0418217839009051 0.120529919264811 0.0932188068307155 0.100388184308351 0.247914121035848 0.194388617054803 0.201738567604566
0.00630224912463214 0.281500250209321 0.0501109378003383 0.130117308969586 0.171578793391328 0.103379530008849 0.257010930495946
0.0320467544260893 0.282241170212992 0.222898065002627 0.0374611681796547 0.165803173110368 0.0274712515479007 0.232078417520368
0.229689576193229 0.0572395047001157 0.170036873819247 0.139839058985258 0.182598186443593 0.185792926489199 0.0348038733693587
0.258347638766687 0.174242960409626 0.162082503537134 0.067890786807913 0.111255981115732 0.153048816134918 0.0731313132279894
0.129752139893168 0.115925651915879 0.0936561674211614 0.209557208537494 0.179510932243564 0.0629089784792499 0.208688921509484
0.19058667932681 0.140782625350521 0.0785846937960459 0.234006310367676 0.176367977234738 0.0633662102181615 0.116305503706048
0.0842264383819917 0.246382558036344 0.0905129996653861 0.259851292255422 0.0911232796415401 0.0226545926404309 0.205248839378885
0.0657418421490642 0.375241828275165 0.257809452744503 0.0398811656215405 0.172424367676393 0.0273627766774394 0.061538566855895
0.0682754207523467 0.229952463926311 0.0439407749884968 0.263957309986549 0.205075035673034 0.178205450635088 0.0105935440381745
0.154976219417472 0.0991814581045749 0.0618646639861619 0.0829707835773559 0.116224517662177 0.303344212427485 0.181438144824774
0.389931086756743 0.357665836943951 0.0663650968912278 0.0136233229283251 0.0989037490932359 0.068114139039432 0.00539676834708534
0.0450630252725534 0.312974057302268 0.0154554504614149 0.167964427421055 0.0566397666340649 0.193718425334786 0.208184847573858
0.245188378028102 0.201750064726505 0.124089078383078 0.1123250033991 0.0903397085214955 0.000316329015615064 0.225991437926105
0.275622112283696 0.0971660913979187 0.0462685927479386 0.0236606831087051 0.0913349381940266 0.209961247816245 0.255986334451471
0.022365541922407 0.070382818204841 0.109354327737263 0.215090656443972 0.136556977884972 0.304092491642497 0.142157186164048
0.262616851747845 0.223384603609299 0.0850069495833608 0.0179315453561917 0.179494449830222 0.168733052414093 0.0628325474589892
0.0507138694134281 0.222993499173577 0.0929311594510349 0.170391788693672 0.242064454993102 0.026413281826735 0.194491946448451
0.17898839267609 0.0259008010800766 0.109177533983639 0.120193375829183 0.177303665773824 0.163139103940654 0.225297126716533
0.139245069071011 0.112710479377338 0.0490211946124737 0.230967741222779 0.128224664185294 0.056302947246725 0.283527904284379
0.0348281560761097 0.148140975659018 0.192070812949576 0.0512558371405684 0.216514971609088 0.147853330560669 0.209335916004971
0.203733721746904 0.0510546352733576 0.118596681480663 0.222694683046984 0.100431900107768 0.28531357418747 0.018174804156853
0.222146115348724 0.100811821501661 0.0469137286295631 0.0318765857389854 0.235983530496711 0.141819997252921 0.220448221031435
0.183956684024417 0.0891073728693354 0.23665733235171 0.0186014750814475 0.266324682571613 0.0750388760228824 0.130313577078595
0.196041970651129 0.167643100662495 0.01671721014128 0.0722512875621209 0.142399289738231 0.21977206823982 0.185175073004924
0.0984507300609862 0.264008122008008 0.185804252951774 0.108838226907743 0.0480335420289901 0.15287788034523 0.141987245697269
0.0125962934350074 0.191325462043571 0.132530100809212 0.18129675602496 0.253180033410544 0.0309860992513956 0.198085255025311
0.161303767530654 0.0642817630349704 0.00497995448964648 0.336604092984172 0.290757649207077 0.0468201664335479 0.0952526063199322
0.224170260365864 0.135630665842382 0.0993253754852513 0.0497947600898707 0.224858293428642 0.0954353418065962 0.170785302981393
0.171657987243148 0.0964164356509362 0.150068649672436 0.0447183791711903 0.219196420103821 0.117332143098169 0.200609985060299
0.259869275935722 0.00303947095465581 0.265040057536565 0.0455529248453319 0.0396256703288949 0.269116265517962 0.117756334880868
0.153161654716924 0.0402676656407062 0.161102248906636 0.168661735979399 0.0823001851385682 0.143712013836637 0.250794495781129
0.175459286273431 0.0956192524163019 0.231632987216383 0.234354913358817 0.171771470039745 0.0226026418043314 0.0685594488909907
0.0467467842123285 0.244968971338708 0.128180868909915 0.0548640024401862 0.101768716450805 0.0994608970927436 0.324009759555314
0.000273307024438623 0.138713226751869 0.000676241963654161 0.196356826579802 0.264966656042794 0.247691418343602 0.15132232329384
0.110440236138321 0.0823607100940338 0.203271479376672 0.101316874792146 0.128956364187371 0.197783450647787 0.175870884763669
0.296182506465469 0.1245818479392 0.144306958717258 0.145404252590885 0.0373635447605752 0.135290420393333 0.116870469133281
0.00981683911809761 0.11364404317874 0.172744707462526 0.223258213447622 0.161164769483188 0.0838233894340622 0.235548037875764
0.167500632469109 0.264499862382907 0.140632175099432 0.0924531034231985 0.1714744858725 0.103013330905743 0.0604264098471107
0.144708143451404 0.21086025302073 0.298447172165445 0.0338717689478756 0.0525717021057584 0.00135583839540015 0.258185121913387
0.166553890314783 0.168206979370234 0.235822828443791 0.235259415328077 0.036082918547411 0.0914450951067595 0.0666288728889437
0.133105048428103 0.190001990170545 0.0539061073720162 0.180173260629567 0.129553765529085 0.169509222923473 0.143750604947212
0.0560739741061364 0.139368405175567 0.460729135675363 0.0905324413268762 0.118964785778238 0.0443401774276615 0.0899910805101569
0.238424058388722 0.210279085083572 0.101411375967765 0.120225254254457 0.0226556046837738 0.130401526488587 0.176603095133122
0.00920093372534601 0.191060524602029 0.139271431987434 0.213058227578917 0.140483693115609 0.148765975999821 0.158159212990843
0.220688960068756 0.166799650696635 0.0986796446287081 0.141261694736873 0.176457224969594 0.10070995775004 0.0954028671493949
0.0412417378213426 0.0895031734069614 0.271908802147471 0.104777517323539 0.232426333367393 0.207109056169932 0.0530333797633606
0.0326097304955925 0.230484146448287 0.0961249242926936 0.312475171674791 0.208384170691908 0.109912047290987 0.0100098091057404
0.212123338980253 0.20411708038137 0.130764731208662 0.16699341721984 0.130951161517009 0.0615262550634607 0.0935240156294048
0.19400604056582 0.0371908785752587 0.198931107231129 0.0422269268156495 0.184513794627673 0.173297241023117 0.169834011161353
0.212605851460572 0.160131191872318 0.16544855595022 0.120082535744449 0.0350805733400958 0.161159966483542 0.145491325148803
0.071391637141621 0.277962390535955 0.0356978339359869 0.105449975786663 0.283204727930391 0.0285205695366381 0.197772865132745
0.120938977202452 0.123022593857628 0.246538727268289 0.118529979294042 0.0879349155846486 0.226098316729441 0.0769364900635004
0.00445503298330124 0.0655445072972987 0.242861914148222 0.244491247989746 0.122361071978024 0.156439072521326 0.163847153082082
0.0855858434460842 0.205494441613308 0.17049136852499 0.065452623893557 0.0520014514602258 0.258519635455235 0.1624546356066
0.153688909845506 0.0805375533875057 0.190897670736778 0.289039294771406 0.0804700204234189 0.0372181545634212 0.168148396271965
0.0707010707736249 0.0650004931359191 0.131039397605071 0.333868287031376 0.0646577845736609 0.224232205776243 0.110500761104106
0.210279391045846 0.03661868521004 0.185392376103099 0.198950179476622 0.0475982373416658 0.10468919255389 0.216471938268837
0.119574593937059 0.176495876316336 0.051500621919237 0.170854472445844 0.0756606289015251 0.164088702435195 0.241825104044803
0.101550668850522 0.192668742385439 0.000823874982146227 0.131154083703121 0.20178069403967 0.180520948583999 0.191500987455102
0.0462693143849556 0.247561739108529 0.224433210254751 0.174169717409438 0.0562410898580673 0.0517347698947733 0.199590159089486
0.043069603054171 0.000576965847927892 0.0437820185376785 0.206104973290282 0.245074835052401 0.0257882729958105 0.435603331221729
0.187386195942342 0.226921452266211 0.144411180058883 0.0847727102346676 0.109797935927335 0.0135442163648273 0.233166309205735
0.217581976469635 0.161091100078528 0.0281623789439569 0.0866006073550478 0.218905539467881 0.0992311689143716 0.18842722877058
0.0479800734218861 0.0485772414885575 0.0734582590521002 0.130880375843765 0.217237808117964 0.264801343568244 0.217064898507484
0.131626530926868 0.134905541165268 0.176155278991135 0.21089145925207 0.130494802769232 0.122642903015941 0.0932834838794871
0.138253876682968 0.287596962920494 0.193450852118341 0.0530878206402003 0.050689845299016 0.23146369835939 0.0454569439795905
0.0188462945697445 0.173600234477716 0.207504901166517 0.216861023729359 0.0165174408171712 0.119532893600368 0.247137211639124
0.18513400928502 0.227401628448773 0.206339439737759 0.2237381416888 0.0759966403177706 0.0406970224843856 0.040693118037492
0.230992509477226 0.146960596403467 0.131159922562957 9.52066592880751e-05 0.281660331786984 0.163205076166377 0.0459263569437013
0.0507139246615958 0.145017546498777 0.168282283250404 0.102475186004196 0.0916752892445398 0.210722501967762 0.231113268372726
0.172397898028353 0.105814144977858 0.179205149146708 0.195993620782325 0.204090113081325 0.108913224624768 0.033585849358662
0.0718295769228753 0.0355776369984325 0.141360535644576 0.265955085800653 0.195547661312011 0.281502183647601 0.00822731967385126
0.126396501441732 0.0410603092035819 0.131406441022227 0.190999737456366 0.219710706254176 0.0720637426241597 0.218362561997758
0.0613309511842864 0.0804480193881881 0.212596817015013 0.0506298469135787 0.208130802329593 0.0728921562049627 0.313971406964378
0.131253845805292 0.126974283142006 0.0810746419685053 0.199508428639331 0.151203188878492 0.20447298609902 0.105512625467354
0.208429699679761 0.0901562395072062 0.3322100090537 0.0530513948229257 0.104227139532025 0.0158725765102928 0.19605294089409
0.0516854379135867 0.0430105284545488 0.0805687846562059 0.276892865067363 0.0473681758196708 0.233999559290079 0.266474648798546
0.0884044205198185 0.33003569070081 0.0102858392021867 0.366792017034636 0.0696727465707599 0.0813891647314745 0.0534201212403149
0.211469278584783 0.191455555977621 0.167828461229432 0.0910468913974355 0.10297760555878 0.120082038961934 0.115140168290014
0.196021762347849 0.214471638053805 0.108538107509388 0.0835399684714683 0.0233331218818326 0.202358491724127 0.17173691001153
0.190440943357712 0.244599071122034 0.164133563913806 0.126514504136368 0.210533161273498 0.0212904993594267 0.0424882568371548
0.0747605663291071 0.335021280801286 0.236169569711766 0.195615476144771 0.0981384950860721 0.0597582675451921 0.000536344381806125
0.196544577594825 0.171591241453589 0.0263893541903887 0.280290834859349 0.042047469886951 0.170685732722016 0.112450789292881
0.249917899021083 0.2318580363268 0.0437055956180936 0.159680890134486 0.110310542464478 0.048199176826509 0.15632785960855
0.0939451693906988 0.141542707012571 0.109098080988489 0.180044379892766 0.160796746336413 0.204606986191078 0.109965930187983
0.124999867311612 0.111976575187241 0.170744318830226 0.0824115170710911 0.212062725782543 0.0850619523887886 0.212743043428498
0.0926163374738891 0.201988902087707 0.0928654951371375 0.217378550842535 0.19281369460083 0.200926362937051 0.00141065692085046
0.213989920506685 0.28483515923278 0.148745666710574 0.172062257865446 0.0237984142802554 0.0519245740140808 0.104644007390179
0.12909801057313 0.182133187893805 0.00416131420202135 0.219680710898427 0.224991811955471 0.0736851552644166 0.166249809212728
0.206283676178866 0.234526940196274 0.0874500950250758 0.122732237276885 0.0872632703200877 0.129367367423479 0.132376413579333
0.0424099316070096 0.271321552405715 0.237924241680668 0.116414815308124 0.0375553890984537 0.0197407926596316 0.274633277240399
0.0630095930562881 0.207271702031413 0.212119613911807 0.286621538605714 0.153990228395359 0.0403256185580265 0.0366617054413916
0.223411888570653 0.253326102651499 0.0052273904159048 0.0432134492750953 0.117492338441266 0.114120527259795 0.243208303385787
0.329579996234904 0.0329656255160071 0.0127475110417557 0.106143140435005 0.0820294666021842 0.362486659797679 0.0740476003724657
0.234663966413749 0.142896365823727 0.065721034306674 0.0142378993987921 0.103785148082286 0.255745359221934 0.182950226752837
0.128965409293347 0.232813264337099 0.0370782016458223 0.189988417977549 0.28533943178043 0.11738488290662 0.00843039205913352
0.0102974453068958 0.185220859713815 0.163450719175723 0.148829050730788 0.280904813270209 0.195226081566737 0.0160710302358326
0.226506293239611 0.208118151231055 0.0202437246220728 0.0617982580835509 0.230818873779522 0.198029142496914 0.0544855565472753
0.0436010857067793 0.127297911512773 0.196254731185666 0.202960764099416 0.262734080104912 0.113221585680924 0.0539298417095306
0.0448519740912965 0.0998920647143694 0.0178141363660501 0.212898862687678 0.200541467816512 0.215037198267809 0.208964296056285
0.0249283409394128 0.23277758673571 0.184627838977097 0.252219224766762 0.168203101607039 0.137243531094457 3.75879522896925e-07
0.27896171753065 0.0383090120409724 0.0905836418498148 0.187347440710325 0.0496002899258818 0.0783049493339054 0.27689294860845
0.247011148914978 0.122707956945319 0.10110164433388 0.219386708117301 0.170789203936318 0.0987343969985756 0.040268940753628
0.01587308342799 0.377911966442711 0.0665020331826156 0.218589385996557 0.010502080661563 0.0537383062029007 0.256883144085663
0.172744392308089 0.193607235061336 0.0822512520543129 0.022089813222045 0.190414907892043 0.145995416343182 0.192896983118993
0.183606079669268 0.112411782819113 0.0447404285099727 0.14571962167216 0.226841833906972 0.117220146956248 0.169460106466267
0.22162419505574 0.114848095204593 0.0505665504153199 0.0997264292839213 0.189537775178952 0.0788846074034715 0.244812347458002
0.310622039054475 0.110057554980288 0.215480767211649 0.128671097167098 0.140933207345103 0.0235525314922151 0.0706828027491711
0.149258528663149 0.186556066622798 0.194658697229346 0.0936624148690743 0.0663659481278035 0.122716330927701 0.186782013560127
0.0830071290732966 0.218697111096653 0.128277808696529 0.119888376413503 0.203389788005855 0.240929151189611 0.00581063552455344
0.0244135198841245 0.0987884711581136 0.0545483905699485 0.298920031764033 0.0662632313738184 0.328919195699183 0.128147159550778
0.227737395701361 0.12171689993208 0.0198530780510119 0.192718445511084 0.03335022634086 0.256995944101185 0.147628010362419
0.0384291709608806 0.233460043655533 0.182755942260872 0.133977727502556 0.0805994586072349 0.193918076023872 0.136859580989052
0.133074463574637 0.073581931956396 0.309728981584611 0.130122202994988 0.229103477092952 0.0283157931250884 0.0960731496713286
0.123513628320063 0.0369297958930148 0.228079598116964 0.193646826552997 0.241882055567025 0.145668157445607 0.0302799381043298
0.0870498810344579 0.195809235548645 0.0105153501374985 0.194260493101122 0.127635863624981 0.0414449706149494 0.343284205938347
0.0900836785443453 0.0377675565400678 0.288908319014623 0.212953411447699 0.256187873473416 0.0493578622285485 0.0647412987513001
0.217140726267656 0.0413772190330157 0.166390729643244 0.0109374940578183 0.151532262265203 0.143897864466417 0.268723704266646
0.0363041698284549 0.241719175180494 0.174563751413584 0.189380977815937 0.26747779174268 0.0662065208430042 0.0243476131758459
0.24205252717518 0.169341429816697 0.212177544132651 0.0220946053201753 0.14065414371602 0.213092252656699 0.000587497182577512
0.129796912387684 0.233906244733995 0.217559413538569 0.0311713719726903 0.201755102743957 0.0454019936760395 0.140408960947065
0.18920049156547 0.191194266016113 0.195475276523394 0.0639669633629814 0.138925347403556 0.0230029122259941 0.198234742902492
0.25671970425456 0.138869915991867 0.0269083995619028 0.0661882161644353 0.26117526857993 0.244280830418759 0.00585766502854647
0.18076075015381 0.237194363846636 0.0626252695605491 0.124536776491395 0.214745213913849 0.124643858625457 0.0554937674083044
0.0971267509448189 0.285550490032662 0.0401611277226721 0.281944682980859 0.0566559216941356 0.0784787242013386 0.160082302423513
0.233843854088087 0.117622838221461 0.2690127569947 0.182086976925937 0.0282681597356612 0.0820433752813853 0.0871220387527691
0.17132628759301 0.188553782427634 0.120744451834089 0.0348629860563353 0.178816406748449 0.209042315092425 0.0966537702480562
0.126154347223473 0.0634409137333385 0.0975961298650823 0.18615176660987 0.180187570075054 0.185393821943207 0.161075450549975
0.152697993326811 0.304789418383087 0.0222481030980739 0.0159233994977651 0.0840148936174296 0.370339653758427 0.0499865383184068
0.124365072144605 0.165374928212685 0.168777438768046 0.225550266884572 0.116151270337636 0.169238937629522 0.0305420860229329
0.10083554686388 0.198638808632834 0.0175982715182884 0.112331260625128 0.310378070980176 0.0452039926515481 0.215014048728146
0.0542215807937031 0.114287416335684 0.133064091561466 0.215904491161124 0.204445248352475 0.276127183189995 0.00194998860555351
0.00818071760431436 0.232613277699172 0.218384481870016 0.102584667432114 0.20261965637203 0.206226454874511 0.029390744147842
0.149104535438263 0.218291703934701 0.271783003321201 0.00205928647318259 0.166537255945725 0.0799765611315141 0.112247653755413
0.0783502695404569 0.152114150785207 0.137872486607214 0.168657405730064 0.215553911248498 0.0642926393089218 0.183159136779639
0.220877537852772 0.0914466260115521 0.0173137121343202 0.214791075543063 0.222214721426662 0.228721147447963 0.00463517958366839
0.142428813346451 0.182128785667493 0.2220003014568 0.0364200689666839 0.128083338352453 0.145382167303843 0.143556524906277
0.200741792231032 0.0325413825190912 0.125796768684435 0.211266214442623 0.105686280059898 0.180912150060686 0.143055412002235
0.00462945590314665 0.216031127448922 0.162920569675741 0.140320349419534 0.191831765769467 0.103399933430127 0.180866798353064
0.300321599455058 0.0257496477921988 0.115720274627373 0.299567150455957 0.152615311473277 0.0927150608673855 0.0133109553287514
0.149411822901721 0.00340014967258369 0.135273877859805 0.111723886543793 0.209000485307841 0.176203176158816 0.21498660155544
0.264804046623968 0.0154474753312599 0.252681101067022 0.107488230394849 0.111421271681802 0.162056779082985 0.0861010958181129
0.155900845333129 0.120464756652965 0.0109245423938174 0.285858196543468 0.00032106113116855 0.197982314586371 0.228548283359081
0.128182431300365 0.0800610873626921 0.231836457634725 0.136683737577841 0.0654115351740384 0.232677644564576 0.125147106385763
0.0908392787415417 0.181823995682096 0.134652345954028 0.205343362802742 0.130628590874981 0.195137340964163 0.0615750849804489
0.101029916034218 0.112489809898801 0.172586303991288 0.119963050189645 0.0551173560905289 0.0579832029915788 0.380830360803939
0.218238372700107 0.232728975765002 0.0291514583195986 0.153279810805857 0.241357836127901 0.0728338355666511 0.0524097107148836
0.212519172727583 0.148183896925779 0.182024795796408 0.131433588940577 0.161531694608364 0.147962550240946 0.0163443007603429
0.0216543767703022 0.155548650605622 0.276468888983619 0.0234360716163992 0.113600939380148 0.250199900710082 0.159091171933828
0.0746841580562745 0.0457679150538901 0.056828986360184 0.0784464617915315 0.388134620095179 0.0350126061761384 0.321125252466803
0.0558225729338418 0.021270577850217 0.0380564447572203 0.00121567384920898 0.596452148431924 0.094789273822283 0.192393308355305
0.204901746109535 0.0988716598106386 0.08896058448101 0.219040486611712 0.0534635919865949 0.198532503596511 0.136229427403998
0.133838153420199 0.0857716973267303 0.0943032009204873 0.216957032654221 0.163924417608265 0.172524787385298 0.132680710684799
0.136665399104221 0.0737506850832543 0.0976513990664745 0.178281491027792 0.126882284127377 0.256538660215953 0.130230081374928
0.0929416342114758 0.236484659012934 0.00650006946320478 0.190177003339972 0.175660767281113 0.0531559857395779 0.245079880951723
0.182907959994154 0.19789344820992 0.155184482863025 0.0592741351620264 0.142202009893427 0.205231878032935 0.0573060858445132
0.185124731334505 0.213235457780059 0.119841431984016 0.202386967161271 0.234973354361479 0.0202996392982934 0.0241384180803776
0.147758533001608 0.0962516260774252 0.0610869113590926 0.197481767807929 0.200120379190686 0.148776535006751 0.148524247556509
0.112915606252534 0.109119675886342 0.214154360926911 0.0884325125543366 0.123080641914465 0.192078215899556 0.160218986565856
0.0534306652672252 0.173086341497405 0.0575200826717385 0.355891070605964 0.163797234430308 0.103224475542408 0.093050129984951
0.0385852951363085 0.24216699311641 0.102316491458199 0.0206498171958608 0.216127740726912 0.239686903445767 0.140466758920543
0.0291559387769904 0.109470607832333 0.335997364519085 0.238149516712031 0.107968992157003 0.0764868886451406 0.102770691357417
0.202656308870943 0.0585296011071317 0.257787031315598 0.120163249339626 0.128497451644647 0.115553986106171 0.116812371615883
0.229142609772537 0.271391730136484 0.0944576910631233 0.0622784726375898 0.120443831101674 0.0627975169317887 0.159488148356803
0.100779769080067 0.17041095276163 0.0576347677791642 0.114172512317824 0.190432404299531 0.176969080240068 0.189600513521714
0.267457883591714 0.0210873148555479 0.215419100862421 0.0274396333894011 0.00999115088501474 0.265398939280805 0.193205977135097
0.224268908278284 0.199241236671619 0.0125603464667151 0.0877013879037464 0.180681140773343 0.106234040662045 0.189312939244247
0.004188969375928 0.246970611468292 0.174709314859066 0.227027459867423 0.232958981166843 0.0731085413992125 0.041036121863236
0.0601239367312267 0.00181139077573423 0.298590320710943 0.0299991084684088 0.108242722154327 0.273953433597298 0.227279087562063
0.0749228131809475 0.0890204743960242 0.0703014943673881 0.267336363945183 0.148202096538176 0.0697318510196722 0.280484906552608
0.27443774844646 0.0169656405838238 0.156582993444149 0.236975273592235 0.232004407670022 0.00702612158584064 0.0760078146774688
0.249258621474537 0.0930074116135057 0.144140845738268 0.106893838388156 0.0647523548720742 0.14907922938147 0.192867698531989
0.0831485112472378 0.227408819507513 0.110941094954159 0.160841323043869 0.0779258842420096 0.194092761551131 0.14564160545408
0.0735641511919854 0.236761395121502 0.075748416057202 0.238134577727505 0.143136838690775 0.11543190452948 0.11722271668155
0.184539742883176 0.129360680118327 0.147277464732267 0.0630956287087541 0.0937579410260683 0.224703786983673 0.157264755547734
0.214568517029454 0.178460655603026 0.1503989339353 0.0434975056359573 0.168017846968327 0.105918459578077 0.139138081249858
0.301168431765726 0.090646988674748 0.0048123245129486 0.126839484489576 0.0891634418474543 0.235967446682631 0.151401882026916
0.233086662950568 0.217010182078497 0.0641354132478355 0.235127672934424 0.0814322231018668 0.0131373474167766 0.156070498270031
0.109632158237236 0.093393664511843 0.120286370425443 0.169529601054174 0.143734827278444 0.186194959597361 0.177228418895499
0.154002347031801 0.203794419312303 0.0578719355500597 0.173236613002428 0.199228234605142 0.101372321433228 0.110494129065039
0.129197916457299 0.39962445391466 0.00666483409032738 0.0649352500802837 0.0367672558255176 0.263959720622385 0.098850569009527
0.22506614114067 0.043863494405889 0.117952946768177 0.119027361184438 0.119700820898594 0.147751946112384 0.226637289489848
0.177927597830296 0.115820349226976 0.0919249837306916 0.156087984024827 0.10828488959953 0.110301371528652 0.239652824059027
0.0117511821145461 0.0549686796244011 0.119940760707181 0.165619712049038 0.294897642025924 0.319949412126186 0.0328726113527249
0.164647694941527 0.0411146970158528 0.144026090468194 0.261420970710463 0.117838657979422 0.167310877896178 0.103641010988363
0.168041155912284 0.163726672743634 0.0984043484728466 0.0506078103713896 0.190458909387284 0.243587848156088 0.0851732549564735
0.170703294862578 0.13767631272424 0.152740013916763 0.141800003246964 0.188619498560386 0.186358702972644 0.0221021737164258
0.187269023361739 0.120720835797574 0.054597188448723 0.127363309598735 0.139889232401867 0.147998179665313 0.222162230726049
0.0230764465205185 0.0710821541224625 0.0929350130492469 0.0149994790727919 0.111431822830107 0.337264368215667 0.349210716189206
0.176542332801813 0.147895057934967 0.219869339017226 0.0163357096855386 0.0243908188475284 0.241381630927867 0.17358511078506
0.0498874915488282 0.126372229202913 0.113221176367681 0.230614125536106 0.305738473980638 0.141784726604327 0.0323817767595067
0.238783280670424 0.151637211287243 0.156060016093103 0.0365544321404816 0.145216940977872 0.0182167707796991 0.253531348051176
0.162455315786199 0.0178104747638681 0.314516075427356 0.330829202081644 0.115054874337056 0.041266778670403 0.0180672789334749
0.0436521867662155 0.181444052619656 0.0596009225342382 0.0660680878336661 0.0722763592162689 0.259322233089043 0.317636157940913
0.168493418349564 0.163789374705309 0.143231405641589 0.0530157237619546 0.114347131640948 0.188877750047846 0.168245195852791
0.179170196599081 0.162664682941613 0.102646178469707 0.173773585833858 0.0348811560237004 0.206679237842558 0.140184962289482
0.172810051742131 0.172263333255531 0.193626219404542 0.160647983377221 0.0229042833536353 0.20288238407519 0.0748657447917487
0.183476028838191 0.232805788223435 0.00374891535568759 0.0228667051296894 0.218964799052128 0.0854510945233979 0.252686668877471
0.221916744534628 0.0402948090500925 0.0544359496010273 0.139763020392338 0.193452128342918 0.238461078640996 0.111676269438
0.0227025857644177 0.22129479232523 0.26735910157693 0.176297806071363 0.123257610431116 0.0813304360946231 0.10775766773632
0.224681032902985 0.0694440656126783 0.0998025415104848 0.180567408480458 0.0125896822948229 0.17563214741312 0.237283121785451
0.112321974067898 0.115986994199808 0.0952242829259336 0.172692615787831 0.171782213057697 0.124680149951164 0.207311770009669
0.216375253338852 0.208082308069049 0.17267321912312 0.0352826899969071 0.0205158225752527 0.109827690787256 0.237243016109563
0.213114924013436 0.226163907505848 0.114161859593682 0.0623526566994586 0.0922115212020075 0.0373900181547715 0.254605112830796
0.185804731517907 0.0515018341291027 0.177509741835085 0.231999058511087 0.156681333338133 0.133328969745199 0.0631743309234865
0.16000678642302 0.103939006178937 0.121262737646204 0.0606297466759992 0.169201424931019 0.153107850179512 0.231852447965309
0.181015093778936 0.15867396159922 0.0876079481420855 0.161230787796788 0.172654404282515 0.100830290485286 0.13798751391517
0.0655035486182333 0.0224172714852708 0.266021504593794 0.266943887550391 0.27571162394828 0.043434922277249 0.059967241526782
0.073015177143255 0.15454054005136 0.173377266691218 0.205088372645316 0.183212137479875 0.0141854865891827 0.196581019399794
0.0863281732324072 0.189289592230207 0.0397479205497464 0.177675941822047 0.195269260987414 0.137039377713099 0.174649733465079
0.140354684564353 0.205457431839604 0.0380465535255004 0.0103935515656439 0.150351956899412 0.255020362072646 0.200375459532842
0.183157688401063 0.0234590988716312 0.148513486237168 0.0913283631806688 0.232232438000958 0.174542973505846 0.146765951802665
0.237119953898122 0.111151438646472 0.181228510615076 0.105355567480123 0.0671044927576308 0.127629566388851 0.170410470213725
0.0313825367462611 0.175710571210908 0.00830361535786281 0.111046010630559 0.253017264672208 0.19793581761193 0.222604183770271
0.13199455490114 0.073955162699144 0.116645241920366 0.0121947182417433 0.050770168398656 0.359882230737784 0.254557923101166
0.206042337698093 0.0807264355132311 0.0739373883109365 0.216151181648848 0.204961072306887 0.0891621529264742 0.12901943159553
0.160815745951571 0.0883028653128952 0.117996905277001 0.0864547228478326 0.249693098411945 0.207772263234015 0.0889643989647402
0.128194277278997 0.180056731537685 0.178665080755214 0.163698825835039 0.00973168841720767 0.311886968415675 0.0277664277601825
0.0573624082755426 0.34110350707366 0.0117725233034162 0.0839360776334398 0.00255187043970461 0.299648355613374 0.203625257660863
0.00251013186948998 0.159564078573664 0.0820662276713818 0.417685275598766 0.219192686719475 0.00909844985983681 0.109883149707387
0.28935498127479 0.379657917746792 0.0845586881572344 0.0150794854603364 0.100446735536482 0.0343220300575617 0.0965801617668035
0.0658030800682686 0.127105805331071 0.180059857628805 0.229971029645227 0.2023798309424 0.157994469849247 0.0366859265349822
0.15496213149749 0.124364106365339 0.00622212702607394 0.207091219876507 0.112504184513217 0.192002041893047 0.202854188828326
0.170634044618749 0.0211870580684481 0.222427977048628 0.104086460008663 0.250288187224903 0.131187437000858 0.10018883602975
0.0893990583974291 0.183444823957167 0.0580914467774742 0.255444656659071 0.196659136053077 0.161976492144315 0.0549843860114674
0.228928941225518 0.0767320192751297 0.0664384110088421 0.0914397036055458 0.291869061040579 0.211618706289462 0.0329731575549225
0.191995832356861 0.162608155526472 0.149506807518101 0.100193082723953 0.192643301473169 0.0580098262538065 0.145042994147639
0.0457362034013418 0.111662365299386 0.0946494936608381 0.208205066073587 0.170059214961171 0.120531828493316 0.24915582811036
0.145658958160708 0.219993026026572 0.174364312057308 0.163476767099596 0.166377743454168 0.0167216036501147 0.113407589551533
0.123077810531404 0.130038832141444 0.113751013941574 0.163598193033621 0.149545487956709 0.160385542327947 0.159603120067302
0.0803431075110631 0.133624155971626 0.14660877933272 0.117179841589853 0.128380666386434 0.209202077064649 0.184661372143654
0.236045548063921 0.223634433924703 0.178449104727142 0.127042875576619 0.0557188147982547 0.170000640406467 0.00910858250289414
0.0168432240522946 0.138568836346299 0.0645768271095372 0.24171526121882 0.223717020672005 0.245502119523178 0.0690767110778657
0.0924977048420569 0.0574342466287493 0.250765302961693 0.103607913182321 0.047204061032471 0.117630431602283 0.330860339750426
0.094519646381795 0.210724295219108 0.146056554838612 0.0156715035050195 0.206515314321981 0.269906010523982 0.0566066752095015
0.208231154512625 0.128740775675619 0.210924789541678 0.162796967261416 0.0168339174516085 0.10572772579649 0.166744669760564
0.0749648761611323 0.21795529149648 0.191155691640734 0.0492931171716533 0.0242909113964255 0.245908638958116 0.196431473175459
0.0209991398231665 0.00756447851056401 0.240132082213725 0.268405716582506 0.0205847462598465 0.256394533897429 0.185919302712762
0.237449135221929 0.180088979273459 0.191381785159152 0.215338280477567 0.0807515090881719 0.0461770187049133 0.0488132920748073
0.202692486195779 0.177382796262609 0.182160774991897 0.0227846197620417 0.0274090493009631 0.166317462901658 0.221252810585051
0.170638609774237 0.150519616717679 0.240993119858446 0.166822992428147 0.0653949206258014 0.0415415520028552 0.164089188592835
0.223858386536152 0.126188391507481 0.0521375085713754 0.229906989556514 0.244803842566953 0.0905457533133826 0.0325591279481414
0.146925229175109 0.0945606313530443 0.233755708264647 0.15409847745595 0.0241194920485332 0.238506936689823 0.108033525012895
