0.121079657731287 0.054642662374628 0.155495969283772 0.154846064221768 0.116345260901587 0.0971085533025908 0.103427105860089 0.08785144445806 0.0641748358854684 0.04502844598075
0.103307670435478 0.144630542640926 0.0811070417006467 0.0930405514139116 0.118616758595803 0.0430098599814479 0.0773845073130971 0.0898402299611678 0.0967312119644241 0.152331625993098
0.0812906266858705 0.173571888143986 0.080485417401976 0.082613259084456 0.112094733338146 0.0504466068077594 0.0155878949158197 0.12624395540656 0.127951759725699 0.149713858489727
0.00147829460472822 0.146917227275014 0.105452097316849 0.128846743771933 0.162766421329707 0.0692546600259782 0.14200188633482 0.0193105615938158 0.154861630306315 0.0691104774408394
0.073898067748672 0.164016419224438 0.00281295612843561 0.00113041117082315 0.135431996235792 0.0372062263596079 0.156468782962349 0.126458930416118 0.152710462521784 0.14986574723198
0.059100882515908 0.0950935113082078 0.0919382114559417 0.101970441341748 0.115238860520418 0.142599131419089 0.0879300425020342 0.145480289714215 0.153670549869422 0.00697807935301623
0.0100462565705195 0.0698108911311104 0.126687604476258 0.213359286142534 0.117379339784226 0.201432516297935 0.0230625611938664 0.0907386629943506 0.0365565358461859 0.110926345563013
0.0232798388548714 0.220305444432245 0.0747816682631592 0.142112796733051 0.132795891545615 0.120779484855726 0.0119922721343061 0.0967711133279526 0.0373304004815773 0.139851089371497
0.0558174377178396 0.0611988749659637 0.20051770669949 0.00508230405162779 0.142272879801453 0.0298913870672757 0.179168625303869 0.232658258060228 0.0596827805042632 0.0337097458279897
0.0815563251412804 0.163027820054506 0.0480974164259169 0.0193576349577583 0.169310840470909 0.132071784540162 0.0245096561429249 0.0993229052725794 0.00585362982169994 0.256891987172263
0.148185947831878 0.0789941964845382 0.0383808400635717 0.167033174865741 0.170357672860779 0.016765843748584 0.074831580871756 0.163537642106312 0.0657019371589476 0.0762111640078934
0.0716943690483266 0.136308945740833 0.00527892763376436 0.0689554938229851 0.0782418341744243 0.0354383785214157 0.151709045701617 0.0346581900203705 0.255614337903583 0.162100477432681
0.133360921115268 0.159977948965686 0.0678372627196327 0.0935863694979544 0.0859291476137295 0.163087699816131 0.0550983273316374 0.0842562164605683 0.078285006307356 0.078581100172037
0.117500586902175 0.0574344914988429 0.147489700685103 0.0393247981958934 0.0487846878786263 0.1781226150625 0.0425685771440039 0.0673860637235416 0.122906757856221 0.178481721053093
0.173782354615033 0.00417897009142293 0.152914775565295 0.00798426362843187 0.133417219826115 0.0708775694531582 0.0357786892216023 0.0931330505242606 0.118476717398163 0.209456389676518
0.135813259466397 0.105885737211863 0.0384790292793095 0.111088151958183 0.16639971223656 0.0947168941572286 0.0843932238340618 0.119674089834923 0.0491075728684479 0.0944423291530262
0.0579209230100754 0.155007925293366 0.00599786554797196 0.0475283349615603 0.164180988751357 0.0571530477185064 0.101162291939735 0.193580911074588 0.0922578149981208 0.125209896704718
0.134933170958062 0.140402039339092 0.196598743077451 0.0220831130150721 0.154021036769922 0.00714205074471251 0.057126245465835 0.0987373066087468 0.141993498275461 0.0469627957456451
0.0734001124186269 0.187058616512372 0.126575421156576 0.159340468187801 0.0410335226853467 0.0680521949844488 0.0770566513298317 0.0197494480503514 0.0786886489625327 0.169044915712112
0.09752280976113 0.0837777336120409 0.079008804556372 0.0370259655938801 0.106130451007951 0.0624747554129499 0.175510440183999 0.138158764867161 0.213787270780375 0.00660300422414066
0.0729340098962676 0.13083133215817 0.114545029184179 0.0911904146504749 0.113315518437558 0.0537178277242048 0.107635379648005 0.101337134787559 0.0899345223731491 0.124558831140433
0.128639891583995 0.0551628812759507 0.162722284596392 0.0354860356917295 0.0593921701161266 0.124704721715908 0.108472754511715 0.0381818121833124 0.153820879040417 0.133416569284455
0.149438927813868 0.0657574828289478 0.145705273179329 0.0643701134292354 0.0565848416151649 0.0751303211473984 0.110857072882576 0.0700595316660807 0.168193844996959 0.0939025904404407
0.183790302290252 0.0116453495363671 0.122905045283233 0.0951817066092175 0.0525973895189184 0.0242079866362884 0.00688377746464125 0.241220190005036 0.150544051022613 0.111024201633433
0.164776575926227 0.130263096155679 0.00597665927110735 0.103051184509785 0.00908176910750173 0.126263435775173 0.097292770710553 0.136734868366146 0.137216147642995 0.089343492534835
0.143142681258248 0.0528301292822152 0.0608126626719665 0.106932490905431 0.171707960101382 0.108960376212702 0.0531587482664102 0.0957510059022201 0.126105226048103 0.0805987193513225
0.0985447516343717 0.0843132041325087 0.163261463330471 0.170555031423487 0.021995561624641 0.015396599215299 0.0986114022772979 0.0900702053760876 0.1739240943044 0.0833276866814359
0.00656834178609545 0.114416974151798 0.102941175166856 0.149788450630415 0.0944509217238108 0.10222594881964 0.119254887935689 0.102436755668442 0.114820522614428 0.0930960215028248
0.149794085955972 0.0331206193872818 0.0955667049614622 0.104431450385242 0.205766924282542 0.11425734296393 0.0349603533201744 0.0437277742174008 0.0576401260174024 0.160734618508593
0.0311079623476261 0.00263809017381026 0.131559572336044 0.135392401616267 0.0962772156890801 0.0960910867735466 0.155935535117014 0.117456318326882 0.0910538430131608 0.14248797460657
0.110327986407115 0.0528583488897346 0.166838580570997 0.0212890834257425 0.00255467681546769 0.179308717962319 0.0940161551688309 0.0783938272717321 0.170105966983816 0.124306656504247
0.0356502477661587 0.0257551812497929 0.0237303492255819 0.109888921400312 0.158734318936953 0.196163700137412 0.152204914632999 0.18848782184613 0.0600545047759618 0.049330040028697
0.131435474091509 0.0529964581682916 0.105844113056463 0.0610748966209566 0.129154262951204 0.121367657341737 0.0268113573888945 0.0282528934736292 0.148566778468581 0.194496108438734
0.113634586634081 0.11519561294691 0.144970530092971 0.130319632874195 0.00742871710994726 0.010270363719533 0.0170530737202695 0.165855666437378 0.18119141776951 0.114080398695206
0.053279331366984 0.147899113431173 0.136070090385292 0.130950487028171 0.0113055289819227 0.0816867150559244 0.202933711490425 0.0662724342403577 0.0949516455208221 0.0746509424989269
0.12594379172552 0.000872615068461462 0.104110639291977 0.120055610400611 0.125239894737555 0.143446124256647 0.0773329090409582 0.0520126998135102 0.137432740879728 0.113552974785032
0.0697269437220918 0.188722846723571 0.176686812776869 0.00402049879680407 0.111280415146815 0.0723229964666992 0.0482978167054983 0.0721556758120597 0.0883751005536846 0.168410893295907
0.0994362113682259 0.116737192774213 0.12350373397845 0.0873742876351371 0.101834715544558 0.109231317814726 0.0238411587917785 0.153039828242784 0.142543093090018 0.0424584607601101
0.0849266067673622 0.138942611498351 0.0190965425225254 0.0611796484670078 0.0638288198760192 0.0564044866225192 0.0208341752295943 0.154103379615279 0.220456446937707 0.180227282463635
0.03140385979194 0.11102569214977 0.0506844011186248 0.266717321796906 0.0602340058019802 0.0551113159613186 0.141649157011232 0.0216253481315176 0.246273984546961 0.0152749136897489
0.0809184546232234 0.0824309441854454 0.24079046862116 0.2096607492996 0.0173337575642322 0.000425790435276526 0.172721573326126 0.0581465860569921 0.00946308603271933 0.128108589855226
0.0779017093264063 0.00862682665878945 0.0174352208947263 0.184502573454832 0.0609546451684452 0.101347654122886 0.124419979043225 0.176688074249144 0.11435397768814 0.133769339393405
0.0947315372928533 0.130136637359228 0.16440604747827 0.128860042700203 0.0809700221949215 0.110028146798101 0.0176820661589495 0.0787784294074085 0.0571633972902942 0.137243673319772
0.0250261529393865 0.0434108716296158 0.0660359691023622 0.13742375336376 0.0910026889070194 0.137014219191205 0.0953196165312688 0.111836974884781 0.191160990528118 0.101768762922484
0.129777840344283 0.069070007602048 0.159648948692014 0.118332720865244 0.0821179466908275 0.0871617291253171 0.0493711777557364 0.112847395994369 0.0190605099982915 0.17261172293187
0.0165124722289947 0.0306384254495522 0.0955697153590415 0.129052503474507 0.0433888441416835 0.150662575779263 0.122916635872174 0.126433252875624 0.137967934045926 0.146857640773233
0.138196586943675 0.124943535949919 0.137678614289711 0.081332636371134 0.00288070690981104 0.099986764159075 0.0402703819026411 0.161629469685023 0.120830256820058 0.0922510469689532
0.106203363296438 0.139093775620489 0.0973099672112138 6.0783390198352e-05 0.0804401207891339 0.137883712464535 0.0930288204960516 0.0343912745247002 0.157081923901775 0.154506258305465
0.162476713574704 0.123024307970026 0.0416950053324684 0.0319896974293776 0.236498595934504 0.0089453510226335 0.0204004361376185 0.145197865600472 0.13936397021517 0.0904080567830261
0.0735560955417995 0.106120298456893 0.131785529328991 0.034898910787735 0.0605832246883832 0.0297590460354069 0.149146382906915 0.142848125172557 0.133791438809034 0.137510948272285
0.087951289801388 0.162062033346828 0.000400452159491893 0.0587050111471868 0.00874675581103951 0.0554984357206214 0.207098050782643 0.193878859147033 0.220329409909628 0.00532970217414006
0.0609407563991431 0.0271799163415525 0.148077286272855 0.0868985460544682 0.12327825378148 0.0824341815508824 0.128964426466348 0.071828852176993 0.026840899996526 0.243556880959752
0.0485623459186235 0.101900365514062 0.0137450671415702 0.105589390538266 0.205451338119749 0.0402200681320767 0.0739308782090237 0.262666411385565 0.102847308027082 0.0450868270139817
0.0708713719972994 0.127747474943182 0.122911373286243 0.141752604397469 0.113193583452726 0.1126499522991 0.101622946565529 0.0776987334581937 0.0361062508953188 0.0954457087049378
0.0360903849226472 0.0305387836663325 0.0432178459636025 0.188345200486407 0.0863821834918452 0.135268708734002 0.172806583566848 0.284685013774739 0.0226175701938976 4.77251996785334e-05
0.120899397495742 0.102731403462584 0.128517163163748 0.0790303756284034 0.0854065485547483 0.280632683743501 0.00142329153313661 0.0272266444011148 0.0901155364551463 0.0840169555618768
0.170301514538676 0.00839676285276395 0.0792681509338393 0.107536472745491 0.0713410669734041 0.162620297878154 0.174026183964954 0.0597955757861716 0.0303227226892587 0.136391251637287
0.105192108085729 0.144284336101476 0.0774548380035352 0.100290966877961 0.178720914220487 0.042795182090781 0.0822027007539089 0.126003385226564 0.0795256120169271 0.0635299566226305
0.145407637447196 0.0404839889692819 0.0536796444103728 0.165399507002288 0.157874126382843 0.180152161451721 0.0143482910860676 0.0241247516640696 0.182203061735949 0.0363268298502103
0.0580929229594858 0.0276994288564926 0.205461169109813 0.138921443708156 0.0712459349523286 0.048603222795943 0.202500279684462 0.167560185942824 0.0530144360252502 0.0269009759652443
0.070715574097922 0.121793471983448 0.0809852877779066 0.155084484433074 0.019709686194221 0.00487661245496003 0.239963222070388 0.114233599089607 0.127592067506757 0.065045994391717
0.184720385022529 0.122552507085336 0.0775944307728971 0.000120903423384904 0.189877009479087 0.125090224097071 0.0091937312969908 0.174668204400361 0.0362282660558579 0.0799543383664841
0.128538719068949 0.0290610097369362 0.0748299392172431 0.143947956797852 0.0617726908825791 0.136072891897127 0.0874747435123148 0.136372374263672 0.0973820218257237 0.104547652797603
0.148922472907352 0.156515935647547 0.0812796334469403 0.0498685647779614 0.0760010099785617 0.152658591682233 0.161627977568074 0.0886084149347984 0.0290274678219565 0.0554899312345751
0.043015771108378 0.186626426594768 0.154789887521331 0.0167592129858124 0.124028450789111 0.085203596783839 0.0528459545179949 0.186355758941465 0.112792241129786 0.0375826996275162
0.105843841405059 0.208186867578544 0.106220936660653 0.0591480094273081 0.0584724388303723 0.0630466290109859 0.155481702084475 0.0865629596666615 0.0825689716341693 0.0744676437017722
0.135450454026043 0.0456578781105702 0.138412206232526 0.154121552387763 0.0033246458575728 0.17463185891901 0.0322603112383075 0.10493811375883 0.073483762134912 0.137719217334465
0.072002796560814 0.113119951408972 0.161554494052392 0.0480449622459977 0.175138217143656 0.133322433059827 0.159352880562989 0.0192294714347428 0.0656096795002463 0.0526251140303622
0.210325876104562 0.00733303600711184 0.0105866567486527 0.0779562245392309 0.135922976549131 0.00658773198269354 0.131882118272387 0.0885234043529716 0.168777952271718 0.162104023171541
0.208242083642589 0.135607904516381 0.065287739720561 0.0603312026899736 0.107024495556998 0.089652290153727 0.0689477661012772 0.18449680122455 0.0122935468377497 0.0681161695561937
0.051106331473708 0.0501406282706783 0.115332488106821 0.0450695557361306 0.0648915413245511 0.156985305842989 0.215292640281599 0.0971261436795897 0.0776732861605011 0.126382079123433
0.0948515086842654 0.0461008141136326 0.164442957675152 0.139059591438461 0.0650196321529265 0.136308756777945 0.0845278969552036 0.0599199682018592 0.0844994893847814 0.125269384615773
0.0643416374353245 0.110320926873062 0.0241621354547596 0.160875419713392 0.0158241850465904 0.0509891548737266 0.176556024680818 0.213755581511532 0.112769050284156 0.0704058841266392
0.214422880078025 0.226164212223976 0.0252367292422128 0.131258676572817 0.131844126294107 0.064332020288775 0.0137940689682282 0.038082438087035 0.118787672656168 0.0360771755886558
0.0597401570420403 0.078899130533835 0.111821361697781 0.149836164898282 0.0383911086180208 0.0678836111838744 0.156554578415526 0.0441298246812286 0.196957375874849 0.0957866870545629
0.11331813118613 0.119768740709265 0.00267183678357637 0.0514069088050558 0.0227197673908869 0.0721157248922439 0.0924473720281634 0.181045564285159 0.172312709755264 0.172193244164255
0.22336391405841 0.0464562682164034 0.191813563154775 0.0242533890286567 0.00103940697584748 0.0737400924347153 0.030634238933498 0.168861324087785 0.21360718426902 0.0262306188408894
0.0616147205091657 0.167209713702119 0.076458733393176 0.153374363415235 0.0954355690269841 0.0845581642472931 0.106293388168078 0.0613706243629521 0.158129306658488 0.0355554165165088
0.0746779551654848 0.0957861307598357 0.111517683564347 0.0708098331586936 0.174289061254665 0.106915447899114 0.150565902687675 0.0129911518374997 0.148234070610144 0.0542127630625408
0.00145070390264432 0.0184851504616676 0.274565599802411 0.0121824551649236 0.157735823800709 0.171147093356014 0.132951547269295 0.0146359516889361 0.192748657335909 0.0240970172174899
0.155852929275764 0.141369510535227 0.131187332641125 0.0236979264586673 0.188103517465669 0.0271285192344433 0.0301423769001466 0.094316248179122 0.113779833533305 0.0944218057765303
0.0380900485970246 0.0650435670815477 0.105778503366177 0.0684608917998909 0.12332685555398 0.157362433967732 0.100386613317376 0.117754658173343 0.102371262295786 0.121425165847143
0.181006245265333 0.086525479922137 0.123189269893674 0.0979788124424959 0.0528467308128788 0.0964420146896082 0.02724521620811 0.155962581155314 0.104244862092302 0.0745587875181475
0.191274914130023 0.10707872562619 0.0790209542525917 0.147345481957199 0.121722424538795 0.0908527225460399 0.0799729729494089 0.0479863108324668 0.0683197342245658 0.0664257589427203
0.00226872593527529 0.0774033089086797 0.0961438538603944 0.0873481472342327 0.108391918762766 0.115045667070656 0.133150601685137 0.138391655781743 0.101297672189332 0.140558448571784
0.192853319272608 0.013363029402116 0.109184106265501 0.0880947907198673 0.0347396835385349 0.135574706143608 0.0698348842134398 0.127562026057816 0.185553230905161 0.0432402234813484
0.107930713661738 0.18939611810781 0.0636269435780526 0.169003852657999 0.142158785183435 0.00258257661312883 0.116307810013816 0.16386043508233 0.0397577250700548 0.00537504003163493
0.0883447573324818 0.116061743637505 0.103968686238902 0.136435657273681 0.0111299312362503 0.115926962734327 0.10668321905438 0.148430556820015 0.0597232347216368 0.113295250950821
0.182788249866446 0.207475430752306 0.0160612982164435 0.17787242953771 0.123081249373047 0.00300773616702183 0.0777305248402278 0.124568466732357 0.0107327817768807 0.0766818327375599
0.0562310600856768 0.0145948272139211 0.00767022929132097 0.136182224014068 0.235116802554594 0.0254483788502514 0.17013773335542 0.0345111809046681 0.190198087132979 0.1299094765971
0.0468157240948449 0.138350335759751 0.0931738033347085 0.0993480542462687 0.222612759365057 0.0731196098581088 0.0134178795637853 0.112049964462945 0.0162819572237276 0.184829912090804
0.0864238904784721 0.133695448400483 0.0963106016418214 0.131375885272384 0.0588911201787125 0.174636275097443 0.121513735384167 0.0847257832067973 0.101279467252913 0.0111477930868067
0.0135736741993418 0.07347436829353 0.151283063721933 0.0146914317194814 0.0780666159062826 0.132148327974498 0.195358148475541 0.00373981273567139 0.146148606966301 0.191515950007419
0.102054046203821 0.105572922025432 0.121622013449452 0.123619481953979 0.153632252168807 0.137556840682441 0.0768258006742228 0.0210937315266253 0.0492247523312478 0.108798158983972
0.0756594005300047 0.011535721437687 0.101780520080103 0.187458092317936 0.0276727663732012 0.147708992387047 0.0484972893161335 0.158632709637345 0.218207638866975 0.0228468690535683
0.185121701497315 0.0777115222898794 0.187595145290064 0.0276260349312759 0.0447356997932088 0.0517692472698047 0.158990751988566 0.101798035868788 0.11101127551721 0.0536405855538892
0.0495011317316882 0.190612840844917 0.121814554290518 0.0405325387054641 0.0332579523700907 0.062274137595438 0.122780349628319 0.0428213979670134 0.201461350854208 0.134943746012344
0.0835964449178171 0.0983152916615544 0.188119922246567 0.109860170233862 0.118495659329594 0.144460904972969 0.144182234503835 0.0503137333658439 0.0342863692071362 0.028369269560821
0.180107954682728 0.057473301684149 0.132023752261921 0.0205427645325072 0.17008329463218 0.0604699550635764 0.213857866393082 0.0419145667720291 0.011220709586963 0.112305834390864
0.0676474004610618 0.0543132827361363 0.0788106706625652 0.191048570614702 0.109119773470372 0.106455770921207 0.0147861391437096 0.0251785700055087 0.0854748862858692 0.267164935698868
0.102027854469008 0.0506241595623718 0.0463514053368126 0.0854024700246966 0.0796667830989884 0.176215850768953 0.18921402227351 0.195849340234649 0.0718342302807446 0.00281388395026578
0.0408193876459595 0.0160344777663089 0.0917454942573768 0.172751302689105 0.169793906229226 0.00863348804518241 0.0519271426272349 0.107844680109877 0.182377771744956 0.158072348884773
0.116014415491579 0.147807357176089 0.141906199029991 0.0551800240820743 0.0443505227010888 0.17923330532381 0.0298969215744485 0.093407941388435 0.0368209622334166 0.155382350999068
0.0504403921052631 0.066257164764052 0.104291556934212 0.00512986510092563 0.127625925667519 0.159417690783829 0.115384099658896 0.162363698041054 0.0884127699932998 0.12067683695095
0.107256669667488 0.0750010966351705 0.107563386632945 0.128749345028241 0.0850651899222058 0.0588869273752692 0.118405663749606 0.109813770564915 0.139319083614645 0.0699388668095141
0.219115682661748 0.0555899306588474 0.0827261431529972 0.186151135317072 0.069350738940375 0.06917507362323 0.0169485777001613 0.238619830190076 0.00369274576300389 0.0586301419924889
0.0747428738458271 0.140922089933531 0.0751449933248279 0.0411892477691802 0.110651160162751 0.120580803077931 0.118112466850395 0.0375345720124547 0.167623717312689 0.113498075710413
0.279299384534226 0.090901322306769 0.216769540653927 0.00866590522023294 0.114122385139911 0.0340341714408932 0.103708356741945 0.0800669512788225 0.0398971525995647 0.0325348300837087
0.189231088477531 0.0999715641531103 0.149419282639218 0.0300025510591881 0.0487238507504043 0.137739452791449 0.0357956675987083 0.15080698189862 0.0206279465883255 0.137681614043445
0.0243667489416406 0.129815242931104 0.169676245600991 0.156682215511886 0.109336005060847 0.156838879306695 0.0146933132721544 0.0416604737718214 0.0948350856133426 0.102095789989518
0.121618055304623 0.152301560542375 0.0609253929662493 0.112451079945031 0.00727632533730213 0.0732981498351066 0.00358446498947099 0.166166498605823 0.112160267416094 0.190218205057925
0.0817757193658183 0.00841314136729122 0.062958060086127 0.0760478307640948 0.14163651337763 0.1012561129309 0.0666257609830104 0.0919272889790948 0.181727802820433 0.187631769325601
0.148506313662795 0.0926762942575397 0.102670603038466 0.0224807668840477 0.0229350351241197 0.155729631015165 0.0736637142266242 0.163064508321862 0.149203061621201 0.0690700718481786
0.152498506178999 0.10716542392653 0.0950869730579255 0.108465411363876 0.158157379835392 0.14751494480667 0.0514243117808742 0.00563101032781793 0.127146242608206 0.0469097961137085
0.117750763048586 0.107019832633368 0.100950889352253 0.159030951739549 0.0998842824516707 0.16091412968835 0.0625323687070971 0.102092183791866 0.0667516486124753 0.0230729499747848
0.192444622790028 0.0651816719700961 0.133871273887048 0.021886173093672 0.123764877110581 0.177997888987162 0.0999904866280479 0.0178744738402157 0.136499597538579 0.0304889341545702
0.165195588186271 0.0840268336769526 0.0403131967584594 0.114313927339582 0.086384603697561 0.0649736575346245 0.0417828551755319 0.158563752476873 0.167973000453965 0.0764725847001797
0.180275021846464 0.109918604584874 0.105010671754408 0.00847487108035935 0.0619413512392081 0.00101123026119906 0.0721357479116517 0.134061464333165 0.189269091042553 0.137901945946118
0.159413251682799 0.099751930231186 0.0685746679002612 0.133494707523704 0.025336469150662 0.148328375318253 0.00664824578990048 0.146014723277129 0.0933277416886705 0.119109887437434
0.140582852554268 0.142843980078592 0.0105242444922055 0.0360353976663414 0.0670137260878145 0.170525933777351 0.126217196493213 0.0245157902435917 0.142358964130839 0.139381914475784
0.0489801898698869 0.01159466484229 0.0574992702630232 0.0419630639709203 0.166100831531583 0.202965904463754 0.0315899348583143 0.172640365961682 0.193791905289877 0.0728738689486693
0.0652375863065582 0.162779474822784 0.0417689698579827 0.13313525715642 0.156271188808997 0.0634129567308237 0.0862283197328817 0.0954884389529279 0.0304670807877629 0.165210726842862
0.00245613057703658 0.141182605138992 0.136285026230038 0.046306027134743 0.124851939774146 0.140744362864462 0.133543338037239 0.104945453409542 0.0552030626135111 0.114482054220289
0.0746184693964051 0.202405767899154 0.0610820219661434 0.18807771875903 0.106179318631243 0.143965740689714 0.0667959949378348 0.0340391889490135 0.0238507584049875 0.0989850203664737
0.0847437116098232 0.0552956785943443 0.053197893046384 0.114660496380217 0.0462872878863137 0.0949572916732714 0.176851237918893 0.189926544837586 0.165670475458064 0.0184093825951029
0.16588067475263 0.102849155779752 0.107136041965247 0.0499968886060943 0.096401145521468 0.0131619501864578 0.0630292535042421 0.0700372056853401 0.192734667711942 0.138773016286826
0.103161770788798 0.0654956387872421 0.149673763440775 0.0600120019233801 0.179156897876012 0.0789286130487353 0.185511692260344 0.0805266645752004 0.0106359993515862 0.0868969579479273
0.0424465385210681 0.113226705586321 0.155420666392887 0.137864580898145 0.110055348671707 0.188856462260735 0.0402527835592481 0.00967754811944629 0.194388125148231 0.00781124084221031
0.00707584515488997 0.202544444411524 0.134583720305988 0.144001015357679 0.0877125536023489 0.0437567646053182 0.17603939823406 0.0287124708149532 0.0900961255298952 0.0854776619833421
0.0939039274598387 0.134504790137052 0.0201830315893739 0.0703283854004598 0.170315736814348 0.0864377858381368 0.13902008134565 0.0918884702611507 0.0411195988936382 0.152298192260352
0.0855528519666454 0.150834982858983 0.000268988809745509 0.19505750017369 0.104474388536818 0.101099429088683 0.0840587721157385 0.0618774033460842 0.13358241123193 0.0831932718716833
0.0356733820943385 0.121257183314332 0.181560070719008 0.031082795417844 0.0386565700943509 0.171046927179869 0.0553843073083316 0.095446089520277 0.118115329910115 0.151777344441533
0.153418380321932 0.0402894662100822 0.178381075589361 0.188556197367416 0.0334818040645703 0.00468673422023399 0.105549123454005 0.0947762995066818 0.0337039395955956 0.167156979670122
0.141897248873154 0.159493141205683 0.153270571147027 0.116870227145719 0.0966013776682006 0.00368930910469051 0.0971198434094775 0.0803636946448731 0.0514659749109314 0.0992286118902444
0.12993215510234 0.0835072559737996 0.170505589851255 0.160354577780379 0.0355873392863781 0.0644796971650663 0.0465394769144424 0.159402197344224 0.0801614624862803 0.0695302480958346
0.209318739008025 0.0463933258165689 0.0711001319166918 0.148689171412673 0.169930349920197 0.0780820065773928 0.00248562421512199 0.18105053922128 0.0591612185448195 0.0337888933672303
0.14622216811595 0.0172211068871748 0.163339587145744 0.0383643318701643 0.0421971558304618 0.0681731810930579 0.160534277194993 0.0585395116818501 0.134593336266062 0.170815343914541
0.106023582574242 0.135350617440195 0.00445078585597522 0.12456696127703 0.122954463933828 0.105549688618053 0.1404513842441 0.0625756770011601 0.0569687169209066 0.14110812213451
0.132789584440685 0.012670074848716 0.0542610581528397 0.0128901097519113 0.170512104994375 0.124949700537565 0.176980701327815 0.103659835813218 0.0566850933414709 0.154601736791403
0.020339015660504 0.162031821740877 0.0158500710582177 0.231019798477177 0.0743071595332268 0.0785238038224437 0.0954416301969075 0.153166343917212 0.142168372317642 0.0271519832757916
0.0280700503316146 0.0134593412000283 0.155915106744799 0.103533882398488 0.0156887502161747 0.0862162554868822 0.043899505308408 0.12411987082808 0.20587831256193 0.223218924923595
0.134037223537682 0.00835052156240813 0.116981439743553 0.115410900295398 0.0698954636074466 0.152664572757777 0.152987329386717 0.0200909564524523 0.11537769629352 0.114203896363046
0.101904943572079 0.075138228176486 0.0332437243490579 0.134853562703695 0.149660022688076 0.0870897200557667 0.152006524269653 0.136843369161674 0.0146767064603965 0.114583198563115
0.0917828079903577 0.0319375974784036 0.0039785892230771 0.0921532265640244 0.0829657737088558 0.0643255808188551 0.202092806402632 0.195494685027494 0.0581464929837476 0.177122439802552
0.073593222330861 0.0417041026269813 0.106175502289731 0.161391909402953 0.00555189712750866 0.120319081960244 0.118594296393796 0.138732087218219 0.0420662004996159 0.191871700150091
0.142102940089935 0.125719035626908 0.0643315514198496 0.0737885386962412 0.212812394646196 0.0999800605483101 0.0331219137411023 0.0178942389246924 0.107097918217959 0.123151408088806
0.152256272239256 0.123471603889457 0.11953710727502 0.0188512640933547 0.10332342354125 0.0803083074439244 0.135378720796875 0.116945902499036 0.0725739792255054 0.0773534189963204
0.0930033993732436 0.0316274449192969 0.111602244266905 0.101583090894592 0.135562782819259 0.067566512885413 0.0815513957028253 0.154408956608308 0.0982626196095521 0.124831552920604
0.0121506384161274 0.221142387225373 0.0346451867127818 0.00949742692209327 0.191866504603906 0.0887040227409614 0.0937335508209552 0.147800610697183 0.0756760309563307 0.124783640904289
0.0712393748271297 0.00343026661230903 0.0265882900837745 0.12127473321895 0.110610121296363 0.0982887081470064 0.140984472226298 0.123812167560483 0.169226112971188 0.134545753056498
0.171795521952977 0.0908604368713769 0.180404877971397 0.0773103751021671 0.173885446086732 0.0506330819355018 0.112218655684154 0.05384705898191 0.0482804249399581 0.0407641204738267
0.0697880630159371 0.127555316317486 0.148016845319554 0.00723050634937411 0.0589025656031163 0.127962185682763 0.083089174674134 0.152862378293029 0.124078138072673 0.100514826671933
0.0576995530219904 0.0516340614367643 0.173035480958951 0.102427711677433 0.0937823183453665 0.157339904194584 0.118020439960998 0.0927085141102278 0.138910651448792 0.0144413648448937
0.11923220434769 0.108917024003331 0.1082113062886 0.122473035338757 0.152477546239665 0.0851151864869941 0.0364468165536096 0.107401137102899 0.0536089411797023 0.106116802458751
0.0650987814175878 0.163476817786753 0.234539782835737 0.01774347516303 0.125368585361974 0.0467782922765673 0.108050258837232 0.152148546937118 0.0578571251564838 0.0289383342275168
0.182770621426673 0.157741006621859 0.12254022691443 0.0826679696126122 0.00844944628753012 0.194209161186818 0.0508756744699054 0.109333976393138 0.0861140042541149 0.0052979128329206
0.130044357332098 0.0815784115722852 0.118197933853485 0.0526640301873694 0.109635516206139 0.106542665941508 0.147510107076655 0.112870944252868 0.00409116402195064 0.136864869555641
0.132303933057777 0.0441514536276573 0.129160880484195 0.0813933465554543 0.157327147368063 0.0343031597809356 0.0132711049657774 0.232916517986306 0.014206076510928 0.160966379662905
0.094322350460689 0.173731791409219 0.0512362936474843 0.0159593281918156 0.219148459426862 0.0441697342792685 0.00618510170948327 0.168107173130285 0.0996179048247667 0.127521862920126
0.00160318170405394 0.167454864042848 0.019367328048995 0.128534461123248 0.159802322298631 0.0584535225985178 0.0573972014223847 0.146912936037391 0.135854332834222 0.124619849889708
0.120947162680941 0.18252194049165 0.0555176262954122 0.0493220682637578 0.202208587952812 0.0584467511853302 0.00241203652576671 0.0863983607323513 0.18594310783617 0.0562823580358092
0.0855437691334204 0.0715981646637816 0.168022624778928 0.0189981369855115 0.118533111571075 0.0864265973461101 0.119743822836153 0.135854921161724 0.0224096249684339 0.172869226554863
0.18340754150618 0.0666236719276306 0.0268192941077505 0.181543263955139 0.10061593378549 0.0430680206471494 0.0857819694205827 0.201082129797839 0.088986162418781 0.0220720124334574
0.0743587347833541 0.102223903494143 0.160506496794776 0.0850674884126732 0.0842474157977345 0.110023510613679 0.0755819561093494 0.108556333562226 0.101343667460881 0.098090492971184
0.00367155105528942 0.0869314397536223 0.146102794286132 0.111517839361039 0.103840483563286 0.138954664255582 0.0339350930473053 0.0307823943090085 0.209370072853634 0.134893667515101
0.173115004080219 0.00450264952698102 0.137207111636829 0.0711391413933175 0.0683564978651104 0.163832162170161 0.0596980049893702 0.0592501462449833 0.214491185245495 0.0484080968475322
0.0355260494686683 0.0338716174741023 0.0927602691926118 0.107560482894069 0.176469756007318 0.0651506178739652 0.175169000071416 0.0400614314722748 0.136364316981515 0.137066458564059
0.187205845430157 0.125413648275233 0.000282394837010489 0.0875308299169471 0.164929271746738 0.192026692732685 0.0471524169806718 0.151220125961085 0.0135269326857521 0.0307118414337214
0.23505550379703 0.0295417422101799 0.164965210856969 0.246650655521208 0.0174848244288542 0.0358140551559293 0.0203493093616397 0.0189971112133367 0.050366258520074 0.180775328934779
0.00951577571605957 0.161005992919792 0.0408927758715531 0.0780501347961154 0.132505097092154 0.182611041778742 0.123299275470732 0.0775149425921008 0.14436498391352 0.0502399798492309
0.019452665237051 0.0618075872087296 0.196555097184389 0.00706517472970106 0.18613823036784 0.190283163915613 0.134519762708781 0.102871082024981 0.0319801186841019 0.0693271179388126
0.137813040706812 0.160280288583484 0.0448517505266188 0.155892491360905 0.150358558541415 0.0946950860020334 0.136544193642403 0.020297102203382 0.0851597025674391 0.0141077858655076
0.0920338966607036 0.166235651100516 0.0572714220897508 0.0732399401356105 0.175612038204938 0.113107973238388 0.00191104765897036 0.140550583429512 0.0252981103823587 0.154739337099252
0.116564652014659 0.0974330093982817 0.0842486170276776 0.160691987830346 0.0674400363232674 0.101666518026654 0.135553619890998 0.0971437820109446 0.00936201052435108 0.129895766952821
0.0787587230125815 0.061664113358099 0.13769646528614 0.0435941047289199 0.0389037752227362 0.0607990080605154 0.129122933148234 0.149435193531284 0.145156336769662 0.154869346881828
0.147154762554629 0.163207867182511 0.0379670118291766 0.111457766926771 0.0189427024810581 0.0755054682213862 0.156283012924184 0.15518033171556 0.0989248648028504 0.0353762113618745
0.00244957295266512 0.0168059019291362 0.148509199858709 0.190465192624244 0.00621440322351782 0.18713257467922 0.212053203295028 0.118450440160192 0.071230403330876 0.0466891079464127
0.127475252163278 0.0253467317724884 0.068538821983023 0.171515852193536 0.171389405553657 0.119230509320878 0.107333367234324 0.0401126944327985 0.10067440390207 0.0683829614439463
0.150722069706586 0.118721720829795 0.0956431974261624 0.0718797895467472 0.031060259261208 0.098941189511299 0.0994834845108134 0.119916029185482 0.0737411653314128 0.139891094690495
0.191199211954276 0.11572732819286 0.167826594199109 0.00281003975548398 0.00494632487678827 0.0663310806907746 0.132962703000563 0.201133225261751 0.0810512186609091 0.0360122734074858
0.0306567299281307 0.0476613521047589 0.123591800489076 0.00492882065619997 0.217333065310414 0.11024891479407 0.0540128051011946 0.181858518578243 0.147296432355778 0.0824115606821339
0.152150521407867 0.0284974314411086 0.0459154243695754 0.0746766495893401 0.144380248741607 0.150499434000523 0.0870928321613946 0.131272462475494 0.139074502484408 0.046440493328681
0.203381705944792 0.119721422632283 0.095283380195518 0.0719851384151707 0.0822581430111581 0.0808853090558138 0.0983758720364091 0.0262453984046723 0.0955887657908923 0.126274864513291
0.182663213743923 0.0149754405823046 0.0616690154501928 0.0367605496876099 0.150337393721721 0.0230973635707633 0.190491739064294 0.0638097204268358 0.151339744793692 0.124855818958664
0.059510205434889 0.00819222776954317 0.192350535530177 0.00590661563185865 0.0631711942126278 0.00450364573856047 0.0138723719576571 0.1325991736387 0.315465264991949 0.204428765094038
0.0642069708327245 0.0766643763553902 0.108261495967243 0.166864390096824 0.0792476432157812 0.190567505172152 0.0193661034278573 0.088637607961545 0.055006311507104 0.151177595463379
0.188158685234711 0.1103519501033 0.0524024363477922 0.135053532470374 0.0192998419491133 0.058018400987151 0.118189626468418 0.0619349969443398 0.119808709973042 0.136781819521759
0.100119137087064 0.0189258167803676 0.135640879922657 0.135758487441668 0.123436714876886 0.127450336157109 0.139624564094538 0.0632792285551774 0.10430421015062 0.0514606249339139
0.200876144760135 0.0584835568860227 0.105902923702153 0.0216259354716232 0.0195057820701572 0.16986766161777 0.205528794341715 0.0194150299284596 0.112028326350284 0.0867658448716799
0.087178075366566 0.0885018068696627 0.215401732953965 0.0165017958415842 0.175837208169512 0.135267357523441 0.0534415339788673 0.0534305719462069 0.132208198713466 0.0422317186367296
0.0944798573524799 0.139301129159824 0.0931565470467415 0.123656505063608 0.018733094693707 0.0785962362126984 0.138068725442321 0.112534755650029 0.0833023207258797 0.118170828652712
0.198378994642546 0.00373355471816194 0.218279863370882 0.0414610890432967 0.0400226175617071 0.067505302884196 0.0687792495071007 0.214975615592428 0.0830606056765496 0.0638031070031324
0.0166126629488391 0.165466835988174 0.0166360327486421 0.043759407190288 0.00945474260785403 0.155856628564596 0.149178666837184 0.0359520984837213 0.243774882740402 0.1633080418903
0.105539254434311 0.186634708698874 0.0297328023606224 0.00934169748505692 0.167664580300189 0.167776491003884 0.131278940772304 0.0131454515632335 0.0601640518037282 0.128722021577796
0.16897144753971 0.00582022051486263 0.0508221557464551 0.0681876849228681 0.222473691150695 0.126780145671292 0.0236973671474101 0.145079231203203 0.0507707034078767 0.137397352695629
0.0175621606723432 0.0443870423858399 0.047572990078403 0.120472604600901 0.11125674009647 0.174667352169863 0.0715544339358063 0.0680750910233458 0.183297479017625 0.161154106019404
0.0929495545215505 0.0364255526797084 0.0638330451763605 0.162191976146379 0.153279287947575 0.1160336501416 0.145107493184239 0.143761516831508 0.000967371737058259 0.0854505516340211
0.137072047459698 0.131832139674673 0.162576707944144 0.0957805053122485 0.0988252583621008 0.018096361351364 0.0481796359528735 0.0699756077805451 0.137021172954291 0.100640563208062
0.100556936413161 0.106494100066588 0.0258264403192924 0.157660352106124 0.168653167105747 0.1735887021029 0.0775918657956468 0.135128036201671 0.025831054227066 0.0286693456618037
0.113018927638887 0.0648513696061206 0.0521742319087615 0.0289206498367428 0.121234478634219 0.167536700132312 0.113570412911579 0.0374516367809253 0.169407680395827 0.131833912154626
0.0335187264551296 0.0629763836792418 0.182150050626464 0.0625317624293775 0.021952922120715 0.221541424771472 0.03828485608555 0.278058967706863 0.0568637776941314 0.0421211284310551
0.186564532533648 0.0972130160451564 0.207273215620786 0.0494331382875711 0.0076730024160348 0.00863454914633589 0.00209394823907053 0.104270374266075 0.168926854860508 0.167917368584814
0.0261508819315888 0.119496484053957 0.154330358176205 0.159529933610031 0.050458159174849 0.119785691760015 0.193660688798235 0.0574463080158712 0.0677134751404438 0.0514280193388051
0.00465768330942111 0.0977602929382402 0.19914415033576 0.0592166520220585 0.200809646989661 0.18130266818713 0.0305408872423238 0.196185990107191 0.0206165777227506 0.00976545114546357
0.0964186469967888 0.147004189514366 0.0880574259749135 0.118537291499049 0.159580756615129 0.160378294558896 0.00182503089596806 0.0564507816088803 0.147758969853464 0.023988612482545
0.034565561125603 0.0209164267245357 0.0402228696475141 0.131612797501387 0.148623873265772 0.16346306616222 0.144298229345099 0.160111578001641 0.116654883476768 0.0395307147494598
0.149741198576532 0.0714842084410292 0.0947517365786542 0.0932929566695369 0.0981721374302055 0.120134109997626 0.131969181106457 0.0937360458864733 0.0371076990151304 0.109610726298356
0.0421230304620426 0.00607639037561297 0.130821352208467 0.1110108927624 0.16810368988044 0.047483598320876 0.141987393177609 0.164523314349462 0.130847770524623 0.0570225679384668
0.146221861096936 0.0453109112567691 0.124710088834012 0.133349074291959 0.0973845185335554 0.131821591730232 0.035242273348999 0.145154083415983 0.033059765821185 0.107745831670369
0.093673771014286 0.0643218661417105 0.15929329140542 0.122655228415356 0.119217145562372 0.081702771527626 0.0866084172852399 0.0313541016059966 0.120630920511279 0.120542486530714
0.150324059470122 0.0627971218722052 0.0592130631490861 0.102777315511599 0.094001425426616 0.0314606513319525 0.124914084411923 0.197155282141643 0.137356629886305 0.0400003667985475
0.199515598218829 0.184435874794711 0.131305912064253 0.031166565955516 0.17558452471493 0.0560751194961234 0.0650557820844576 0.0116780390152612 0.0467582221647787 0.0984243614911399
0.0249767664687903 0.0477448808825887 0.0277176325508613 0.1371138459212 0.0639686402991047 0.142636924570057 0.191635170821376 0.195993758200445 0.131971794782338 0.0362405855032392
0.0196377664205947 0.134871202884162 0.240883464191878 0.0256914300190264 0.202917914067818 0.0683769487598829 0.170002587415007 0.0664907926417341 0.0383635255864627 0.0327643680134352
0.160139636421341 0.0848584406355626 0.181074556245485 0.107544545347987 0.0139688435241448 0.0926438493671227 0.182407662391899 0.0163765588080918 0.110844730034711 0.0501411772236548
0.143736780264173 0.0344215087563976 0.0922554058586361 0.007133737782947 0.00975460577367149 0.2403371955111 0.104116476666196 0.0565256827929434 0.158295968656506 0.153422637937428
