0.178026669743178 0.124297397707355 0.20582024976064 0.0257427831441 0.226033244619941 0.18687377475227 0.0271028554546181 0.0261030248178984
0.153060320376958 0.182808931571219 0.0937112683612206 0.176794325066009 0.0387738106273742 0.156681934052848 0.119001047411861 0.07916836253251
0.0903570691913421 0.213594920446181 0.221797815486297 0.11720976442198 0.142398753545779 0.0365626978706251 0.0906057066680486 0.0874732723697473
0.0856557705143701 0.123464537264478 0.147680955747745 0.134395152554624 0.0492723846615874 0.0635279306516377 0.293638959912311 0.102364308693246
0.139001712363441 0.0794227160807005 0.0896460451312453 0.191591494063508 0.169596023590884 0.111165248857501 0.0755709061138678 0.144005853798852
0.153856338030907 0.159512569322342 0.152872435596201 0.0570572039472465 0.169023007858778 0.149121023984294 0.081822408692688 0.0767350125675427
0.0075517609183081 0.144288246783228 0.0989508719767153 0.133395627565224 0.20106604127278 0.153793289260621 0.0958552301489645 0.165098932074159
0.0796729290737851 0.190609334053237 0.119656176447596 0.156970189432147 0.148904088514132 0.133713979188852 0.00551559593453599 0.164957707355716
0.0915165755696905 0.16892758332685 0.252144452184954 0.0435249910413772 0.096599465891271 0.165299933654704 0.0106468213959724 0.171340176935181
0.147533295752391 0.131853623242768 0.171142320470586 0.0141689763533943 0.165846974802604 0.14142238189281 0.19533963290295 0.0326927945824967
0.0434014310597394 0.207641881220447 0.143651008344802 0.106479343141521 0.0625869125888119 0.0893455161741161 0.181658271912928 0.165235635557635
0.132249876475803 0.268222689823171 0.141152450147445 0.212906115571637 0.123621789090006 0.00488120711485242 0.0900506483565112 0.0269152234205739
0.177821759115787 0.197063495840602 0.104883008196653 0.0325439091570568 0.10396760974094 0.095856521486056 0.195554405268632 0.0923092911942727
0.0134213070194774 0.0572792102001932 0.321022045490284 0.173919506157222 0.0901700405077077 0.272109844812094 0.0515451321003936 0.0205329137126277
0.17932517905289 0.16584276383643 0.182418335793056 0.0440123728060524 0.00601113156805287 0.125565908635855 0.0968610322681735 0.199963276039489
0.156166438676525 0.105160310495124 0.0558685546811927 0.182121928389525 0.0407886204477531 0.200816594472117 0.119885897042547 0.139191655795217
0.0771667977761096 0.0809500895197357 0.167520842258686 0.132162290673627 0.146879037911572 0.0606873901298651 0.179969000991035 0.154664550739369
0.19225357962703 0.194937972200347 0.181491211846876 0.145633660948472 0.0990327834220593 0.0297312662963562 0.139829679807112 0.017089845851748
0.275748321950807 0.0138391762529378 0.304027234860779 0.023452407197403 0.253615826125573 0.0248855851371182 0.0325877067339851 0.0718437417413974
0.00221181750445825 0.124272541463541 0.144785314615645 0.234065937361447 0.0889879783112956 0.0824442417798004 0.234515291148712 0.0887168778151006
0.0997478287408559 0.161006726380521 0.237884728009299 0.029284682199704 0.245412725306622 0.138586687168863 0.0171588932387319 0.0709177289554037
0.181988535088255 0.0518947519414624 0.0515795177113523 0.215820778767732 0.120792090479257 0.0335563988452415 0.192801408982034 0.151566518184666
0.163324363915963 0.0346793480637708 0.168947702228243 0.0611436867035743 0.165296865819492 0.0581844966328749 0.131845234701198 0.216578301934884
0.100339671257763 0.160004968264855 0.169138551578458 0.00748678720965077 0.0487072340860905 0.152614714589404 0.144516891269309 0.217191181744471
0.0363414855232493 0.244080624997413 0.0898322726841099 0.0327069730437772 0.0409375655399726 0.128401036144917 0.266602054168465 0.161097987898096
0.0779360549969902 0.188180787236019 0.0667702611137172 0.140008108014109 0.229869222417413 0.0812017817972124 0.204369252978384 0.011664531446155
0.174220700571344 0.0880602948837466 0.0907601760282998 0.0957351797845442 0.184101837199291 0.0630549506379202 0.131495682708227 0.172571178186627
0.204737322828793 0.0480944697053848 0.0982781585470931 0.146327501910023 0.14716515294518 0.175243763216478 0.093808329262925 0.0863453015841235
0.224176732803188 0.197819245432794 0.0768560674199306 0.0466554445381049 0.174673230630992 0.105740485433034 0.0374325889555833 0.136646204786373
0.210576540725065 0.137456861958537 0.208644688054269 0.0370077806265446 0.0470908425445509 0.202331538660127 0.0369998545413222 0.119891892889585
0.154665138176791 0.188715593989141 0.230512450496874 0.168204739405083 0.0590172941384523 0.0717099284541647 0.00245796427658036 0.124716891062915
0.168655111058111 0.0338647824331761 0.189292098603046 0.0788180184103532 0.226732137047196 0.109433393433489 0.0641732929875081 0.129031166027119
0.233476323616671 0.142934866624669 0.149078102802836 0.0117627957959997 0.168704247173788 0.188761979118212 0.0594787946123998 0.0458028902554237
0.191136826837044 0.0718248806413161 0.173210284006604 0.236540421774851 0.0220963587628242 0.180299967317108 0.0160391974532381 0.108852063207015
0.122128740602005 0.0332813654091118 0.222873447901909 0.175145838688261 0.23928365920689 0.125535947198733 0.0317488507605696 0.0500021502325215
0.0230195804506322 0.20340417917803 0.038779162821642 0.141652540393041 0.188568173409254 0.073948164463387 0.284171373287744 0.0464568259962697
0.127559367767681 0.191536772582499 0.0317131422909785 0.199635650700588 0.0861280998353712 0.128271553264301 0.072014902800566 0.163140510758015
0.0821502863543143 0.158520885840047 0.163078035746756 0.0162778245302744 0.169623542580334 0.106834894309346 0.127227235971931 0.176287294666998
0.0472536938307927 0.212061606992453 0.181331744403565 0.0924696911695806 0.127654562274808 0.043379888981032 0.0757833226810473 0.220065489666721
0.0457409032027478 0.146916265799908 0.214153484370238 0.0678220507323178 0.0858515171158565 0.214366487673075 0.185861977217043 0.0392873138888138
0.202749586606897 0.185133495777153 0.05315531203744 0.14369554350649 0.205135114110118 0.0248850280634995 0.0380581149154329 0.147187804982969
0.219957781620392 0.0367247400520943 0.137169905743362 0.308617082901123 0.0291856690972811 0.173687796417498 0.0538790157268302 0.04077800844142
0.00756611596473411 0.168684677800073 0.21903244697033 0.000890465829710873 0.172356801972314 0.10371213255675 0.120470603961118 0.207286754944969
0.0384526799822543 0.133572062627528 0.111228268990438 0.0202685751799921 0.187525987298443 0.211129335462389 0.130951851612771 0.166871238846185
0.14687083814117 0.0546071225965382 0.129260449486917 0.176471323488879 0.179898053183171 0.122230552077619 0.0388438381582124 0.151817822867493
0.130490962165436 0.0606447924537622 0.186173031913179 0.101791654986324 0.167179654980521 0.159812580004347 0.133807909710673 0.0600994137857595
0.243754274823758 0.140754839612589 0.00982578060722018 0.344792382809091 0.14713866339647 0.0859056669973837 0.00546904723927878 0.0223593445142083
0.123854758181965 0.131749297843376 0.112907957433683 0.204821087883641 0.0869355335762633 0.0589007478547097 0.0933327186791083 0.187497898547253
0.026804966394307 0.103779521572544 0.13354892151461 0.270560201145597 0.252324215016426 0.035626836607656 0.176023223810248 0.00133211393861123
0.026206898602579 0.167993202703922 0.213531513757976 0.163704024642225 0.026284222013386 0.109199765547621 0.0800480133163403 0.213032359415951
0.0940751736941104 0.150215992284271 0.173708966358736 0.0218770611486919 0.0961191989765692 0.170516791665717 0.233459584303913 0.0600272315679905
0.13346829393965 0.189467760549301 0.130126067364551 0.148224305755539 0.00112910473162952 0.151685728587472 0.171062452725398 0.0748362863464589
0.151270679406387 0.133137006709265 0.131904114920652 0.0864782636466805 0.0687167169477762 0.187842899879437 0.139603686734112 0.10104663175569
0.0442019345359092 0.0641551679048817 0.130324841594362 0.0648680385350316 0.322634738168648 0.00652003997673278 0.0587491513111598 0.308546087973275
0.192360386646295 0.136182754901865 0.104446493429052 0.166084604737255 0.0960081868442425 0.117347014202252 0.0407076110123378 0.146862948226701
0.120989798216136 0.192138684890452 0.122710800652978 0.113651344028303 0.00536112132099241 0.0584389311614874 0.296406872852555 0.0903024468770956
0.100522437247818 0.199621567820084 0.151394522178685 0.18517498837706 0.105920452700963 0.00125780091964442 0.163913073728721 0.0921951570270243
0.148118311250197 0.127729907719737 0.21743748240908 0.0431827162987336 0.150389338628145 0.051150884240465 0.100598118043161 0.161393241410481
0.244971681516252 0.110827050500394 0.132333795700818 0.0358465204192727 0.162658056586937 0.0332083545851317 0.164061375500308 0.116093165190886
0.0632490084230774 0.154588170329027 0.068329892710178 0.171028227663771 0.168495720979353 0.0232278930263706 0.129220806443921 0.221860280424301
0.0344887000788694 0.242965011875527 0.12111238624024 0.191141996227378 0.168335792129762 0.143534593692537 0.00184048177433168 0.096581037981354
0.140883562601664 0.0458766582257153 0.125877499853639 0.198146041941935 0.0371807088498974 0.235652065835317 0.195944480368183 0.0204389823236497
0.117237006785878 0.129607891684775 0.00354513377543418 0.297115194399703 0.0821994436609202 0.106957818699606 0.0350124048058135 0.228325106187871
0.0444474824852542 0.262548024283802 0.0276183591155128 0.167933536579594 0.00793554271254138 0.352472390599521 0.0766590019135268 0.0603856623102478
0.129289012047675 0.198082417006513 0.0210594192361594 0.10054659398673 0.125071525550615 0.194187688565051 0.0865049035651779 0.14525844004208
0.121306801800023 0.208130555547881 0.25411060953197 0.109832722115382 0.00899712824179846 0.0751870686701935 0.0494459661971078 0.172989147895644
0.118198309423356 0.117088959893847 0.0624203304844968 0.166903723372237 0.0767634625981999 0.158907477813444 0.145131629756761 0.154586106657659
0.0548567832528424 0.204387570754833 0.149763449840351 0.165752864490272 0.0168028305910284 0.162139297294934 0.0652923058916812 0.181004897884059
0.0706582985128236 0.0818345986953359 0.258349944688201 0.0187703113248753 0.231596698195838 0.0595642546571299 0.239646960672301 0.0395789332534955
0.0218606037398047 0.1089111001817 0.127454183993993 0.248232996694349 0.167940603472608 0.133416346966894 0.0665168529951845 0.125667311955468
0.200776546544137 0.036192692926574 0.188366381274795 0.072238547660281 0.0624777736741853 0.131826933093838 0.0529903503627844 0.255130774463406
0.258280104388421 0.102161710808832 0.263862954440553 0.154802754805744 0.139544482225111 0.00106036749193475 0.0788165061991439 0.00147111964025962
0.160148482783606 0.114541126536545 0.140603009295635 0.0614649862042791 0.0226605309522625 0.193192259724886 0.186539616919984 0.120849987582802
0.0833575307605512 0.264811354712479 0.229915908580632 0.0862490870889352 0.0158916575225702 0.0360896215804969 0.0237149035239269 0.259969936230408
0.0493522213156021 0.21078900368999 0.0432419705982736 0.239746683035142 0.10725439259374 0.121330208702451 0.0536670716647038 0.174618448400099
0.0106315224516281 0.0149222171240433 0.114755531749112 0.211207028813367 0.151971552991204 0.0784871977859604 0.225398041739431 0.192626907345254
0.161992327829239 0.135033577025468 0.164582769053744 0.169410034116628 0.173584355155189 0.0348014232333584 0.158562442149955 0.00203307143641914
0.0759071276607942 0.235121023970884 0.12260895870288 0.0187621423951044 0.147828138127634 0.17553459947206 0.168784543931664 0.0554534657389795
0.0170691525885267 0.189935226651393 0.169615015045725 0.0814634604570576 0.149367855361161 0.175245069629046 0.0458031231831739 0.171501097083918
0.0662184353872618 0.152033923637805 0.131968476900079 0.163806498608924 0.0552616161857147 0.154801450226651 0.182049699620064 0.0938598994334991
0.175666882131999 0.197779621708793 0.147741920789266 0.0825137052507603 0.0229495842580685 0.196217874296941 0.153881827375493 0.0232485841886795
0.152554114091348 0.171849109973776 0.0427820407377533 0.19314968569913 0.194440464338784 0.185396020599151 0.0270024439331286 0.0328261206269298
0.0120322853230723 0.131025739930188 0.18426323437859 0.206696378513539 0.0751535807408537 0.00926138500241899 0.0406071096209246 0.340960286490412
0.182990486494124 0.179760658764472 0.178396722995282 0.179528074715511 0.0260848406606994 0.0123522285812608 0.178362348583467 0.0625246392051848
0.190740369335267 0.136286674109473 0.12403369175606 0.079075962299359 0.173815717343235 0.0701316754560417 0.0878375519736991 0.138078357726866
0.138806053367152 0.0973860024289473 0.207215108740783 0.10285703728473 0.0551376313684239 0.160039372475114 0.0428883572639156 0.195670437070934
0.135127476450931 0.081295067201056 0.204545847663705 0.0121251622516132 0.180809547522515 0.0977296281758969 0.106125092774498 0.182242177959785
0.14023243013209 0.188844578753473 0.22270409400542 0.142505173643851 0.171397715380958 0.000564785586845825 0.00715254830782394 0.126598674189538
0.159245435105417 0.0665685345331954 0.0200227319962255 0.177355893870981 0.18408116409552 0.183219591236267 0.0533605031819443 0.156146145980449
0.398956850861019 0.0867319741266513 0.128266261691353 0.149695181137698 0.030975141520278 0.0149775133205486 0.155357103279809 0.0350399740626427
0.0733031451147561 0.0701082876393596 0.214969640231213 0.0631996294785589 0.167799624314765 0.111786084418636 0.114581308601723 0.184252280200988
0.0715030059943273 0.132936684136723 0.0994640441503498 0.251045524896617 0.313922892558092 0.0126367660102693 0.0282129119636468 0.0902781702899755
0.102369252925014 0.195278842248145 0.0595417994048824 0.0531830027338707 0.145416236826299 0.199882340991912 0.228092814812811 0.0162357100570648
0.135309809646117 0.0439190896594757 0.211527376728879 0.215569554534241 0.16894024836361 0.0346555711498437 0.00332763477899731 0.186750715138836
0.120075911559575 0.193883429034489 0.199540254281373 0.12291084691122 0.10217234583298 0.181804540280786 0.0434771395415504 0.0361355325580261
0.126087470663537 0.0941878851289117 0.168985058451657 0.0844642576491214 0.0147008775562001 0.150142364810503 0.182948281883428 0.178483803856642
0.147039454505926 0.193960153523786 0.2160350553856 0.0639186999490097 0.0839471711090635 0.0634065165750201 0.0865026234556193 0.145190325495975
0.115393526849277 0.0587157092091318 0.203556153908853 0.249055424637918 0.138240273290297 0.190662618579651 0.0368368904335356 0.00753940309133651
0.116064937863565 0.0888750177532427 0.268662179821327 0.0308669822868702 0.112420058911915 0.141089127132494 0.151315415401378 0.090706280829207
0.0764908388569262 0.0786251540527629 0.241105164534777 0.238070084423281 0.17905927246922 0.0115512730807037 0.0646704740869897 0.11042773849534
0.257483476782296 0.0547895937978915 0.286391923399636 0.0769314738172323 0.0461758487242826 0.171302742183259 0.0921760131796199 0.0147489281157833
0.152230074206769 0.114902670585073 0.173660129094703 0.0265607582252625 0.0361198040992032 0.139062008973501 0.171163162542144 0.186301392273344
0.235996671316074 0.0828016796855134 0.00726372300087985 0.108617378011851 0.0803997263086411 0.248162202047079 0.204985045535471 0.03177357409449
0.12915372824905 0.215774624291527 0.0533862250506059 0.0905258113842973 0.0926732927297742 0.0949785148426214 0.135162749547577 0.188345053904548
0.0213028289647317 0.133914457549608 0.18410348283264 0.196011430353329 0.0817899939152573 0.113048279724115 0.242733989729726 0.0270955369305929
0.0249932102013361 0.0693601048024214 0.159857069030321 0.0132923364237302 0.0796295816788593 0.218793118360492 0.236148131712492 0.197926447790348
0.0304463777696577 0.197918154774109 0.240164599513218 0.107541215580286 0.119624616520797 0.122752093107391 0.165094092098647 0.016458850635894
0.170323929837431 0.212629162345744 0.141782897760184 0.0435386899843585 0.165442029520693 0.0426860495689568 0.155879148216782 0.0677180927658507
0.176945687691431 0.137933335337122 0.0433265402273106 0.0667801443634421 0.0293271978057226 0.214007707739078 0.103126687797541 0.228552699038352
0.0705477017925511 0.115389842374589 0.0644278362824996 0.2249337114737 0.231511876682097 0.0326702698684445 0.155160902973905 0.105357858552213
0.223476822809197 0.154019747859335 0.019514640593718 0.264833479568753 0.0118731717323574 0.123945442623922 0.0944791442462322 0.107857550566486
0.0917860359404305 0.108591420230761 0.112365252654016 0.112283347647602 0.0403149418518918 0.0936328833007767 0.246667834838608 0.194358283535915
0.155471904526713 0.072278384011351 0.157724755185439 0.0873987076893553 0.13869326630272 0.0924324097294716 0.125015413549347 0.170985159005603
0.195032592802132 0.236081786129213 0.0373364739940679 0.037971678346986 0.0150446537711765 0.203563035012756 0.108645945626157 0.166323834317512
0.0901728791902682 0.244354938467314 0.157669056293599 0.0839376044677442 0.177122597180087 0.125598097469432 0.10962503033985 0.0115197965917063
0.126593149203954 0.0258864052582533 0.0576162916123196 0.063115923364129 0.172847151505184 0.191780681947398 0.185816754743669 0.176343642365094
0.129910847290735 0.113254546355944 0.0347999747311833 0.0652272305615075 0.178045315245898 0.189027192897523 0.188285355354044 0.101449537563165
0.207619675860346 0.13798339238665 0.0195144421392808 0.189183068216932 0.00652244155616587 0.000174939033387311 0.192435958132707 0.246566082674531
0.182676267118274 0.155810921495909 0.118687461514186 0.27718500136966 0.00833492861477211 0.186934750192257 0.0467991185095636 0.0235715511853787
0.060712712392407 0.152849660860331 0.157814648888285 0.155432146541605 0.0710813056438466 0.126835286875837 0.0898738100379286 0.18540042875976
0.109764882732086 0.201283122096392 0.0886501884246969 0.00818716553649154 0.164544768944811 0.159504801042249 0.0219763054614516 0.246088765761822
0.0202677133046136 0.0976195816872851 0.229997707392092 0.0485070519010113 0.0676397529633983 0.243036574551838 0.0886900733062477 0.204241544893513
0.0850867836862447 0.135615741015248 0.115885662722518 0.169845370391556 0.159495783209193 0.151641950732254 0.0537715641309907 0.128657144111996
0.26597014188911 0.037316031789125 0.0208570450707233 0.0408178553762316 0.0311652701367698 0.27222695865543 0.124789968543108 0.206856728539501
0.0209353364989251 0.214350132906007 0.0784623553965124 0.202661126051639 0.226091042943828 0.0119270448420193 0.016982140810029 0.228590820551041
0.236253347795651 0.0455621672192566 0.0421257195342028 0.208795675579534 0.0165479928393521 0.00569809250476438 0.205279149559744 0.239737854967495
0.13987248029768 0.21080725107179 0.141525311581053 0.0460772776544382 0.144254867108921 0.0418985875268809 0.0842086098959338 0.191355614863303
0.171430567997807 0.1993955874262 0.166743973014867 0.14070985036778 0.152902471750983 0.166747830715317 0.000866140751053295 0.00120357797599237
0.0145548051207041 0.169687731011355 0.00104475822511023 0.151775887648562 0.229631876441613 0.143108343379342 0.112757628022805 0.177438970150509
0.204557404643883 0.0750897875518919 0.074339595599915 0.182160720268264 0.18682454394573 0.129352645840863 0.123164636619775 0.0245106655296771
0.139652958002371 0.0629088375180066 0.197930353839489 0.0181215130406089 0.195220294261514 0.129051724480365 0.185782281041775 0.0713320378158705
0.305808646350488 0.0421489553230494 0.0233817700772829 0.0559919085765312 0.157922719264043 0.0505861243308692 0.14585808490039 0.218301791177346
0.277160423677989 0.0418605710773966 0.0334619674628395 0.0900510404264442 0.0537475421557757 0.210725826966927 0.119327194439726 0.173665433792903
0.154940293600559 0.14597203136097 0.191834258706448 0.120917909764014 0.0862352527139672 0.0252390328769187 0.177730385626368 0.0971308353507563
0.112716754511236 0.0283656967942585 0.231199777582485 0.251048647006802 0.00799310191396307 0.205992292842377 0.119341452930595 0.0433422764182837
0.142062912382685 0.189871630165093 0.102881325701207 0.143725688175173 0.0991752027215927 0.134837318154322 0.143211456344933 0.0442344663549948
0.0607787569189875 0.15486760074905 0.193872783274271 0.0933769127025305 0.206389053440375 0.050463140297091 0.0998616484699988 0.140390104147696
0.210906976578034 0.212181668480444 0.121197497734675 0.0177502449470747 0.13046898960033 0.187141877888466 0.104240100242483 0.0161126445284933
0.0385763291133493 0.116725688403145 0.222430010892194 0.226814974414819 0.10132155739133 0.0314345181914385 0.00724512566840981 0.255451795925315
0.386293813608734 0.0668927522227946 0.203393933661559 0.0114550309532393 0.098099499145986 0.0996313001606409 0.019967560607476 0.11426610963957
0.170545545560182 0.106097134601148 0.122064898242198 0.168322605546901 0.117028635182918 0.157695561431605 0.152616135074173 0.00562948436087525
0.0881207591390211 0.0347870076756969 0.0123740538755552 0.00320626067739624 0.22960702836214 0.184815488709233 0.28229827898003 0.164791122580928
0.149931932078713 0.130640371678899 0.0997969668230193 0.0157225049387399 0.177787379233889 0.0859049693552141 0.063117332936562 0.277098542954963
0.19011432025894 0.118885888585774 0.0015171922847338 0.017351000360352 0.189924563422195 0.147673964840107 0.147290675265011 0.187242394982886
0.0371783646987756 0.068404382693162 0.203302465693103 0.11508445080365 0.165304142110144 0.227640711745736 0.0591162667764096 0.12396921547902
0.0306477874821144 0.057620884437999 0.207866097177365 0.228645527804719 0.217040436909777 0.0996590878994836 0.0770604536360054 0.0814597246525366
0.139899692777558 0.128786651314328 0.185789334173722 0.142919892913953 0.101178644475622 0.142081345977611 0.12786242562239 0.0314820127448161
0.2039022292237 0.0832092324463461 0.0409397297754555 0.105357924598898 0.210062554685508 0.153926777592173 0.0797309395639671 0.122870612113952
0.0736728143942921 0.0434626065068135 0.225075073242577 0.21908487270213 0.11304714002463 0.151990972296182 0.136600316695308 0.0370662041380687
0.107269628092934 0.0785292445148911 0.170002620672732 0.162959988358798 0.0740042913519722 0.158004896449155 0.137914725335102 0.111314605224416
0.212183626316385 0.178477434930414 0.0861293327593693 0.0195884371434701 0.193731421360601 0.122139374406641 0.136884463245509 0.0508659098376093
0.195644675370895 0.175769621107374 0.114950981004914 0.0464461668313222 0.0827126178729354 0.149915693114243 0.150387017242043 0.0841732274562735
0.158357786661772 0.153245382859288 0.0525928033994504 0.0100963534473579 0.143307806501155 0.176249213584139 0.14834450362752 0.157806149919318
0.193983969493391 0.19993894394136 0.162067654366637 0.20671337818789 0.0181937870689001 0.112626007070936 0.0975544706624882 0.00892178920839736
0.193812737511683 0.0836177329392814 0.165337257262122 0.00883881656784335 0.148795939082442 0.159845884681447 0.151737810032948 0.0880138219222329
0.0150211750070989 0.194159886915978 0.248004087613822 0.00815313580283981 0.133405724715924 0.19907204465322 0.12198430435187 0.0801996409392476
0.116238890256794 0.267342706445663 0.000551176955084124 0.228566768506376 0.131527205003138 0.0348187534537667 0.0675603761191611 0.153394123260017
0.0696533405146215 0.151841755094158 0.172373888812345 0.0619430947997218 0.199209207714661 0.146460037852173 0.133007795938427 0.0655108792738937
0.0571457468621376 0.00145061642232548 0.233940085829178 0.117075722509999 0.0967623981069939 0.0937594458993556 0.177752654511719 0.22211332985829
0.0462806262365194 0.218293769637969 0.220985259998865 0.0771733227220969 0.023350464222485 0.220230806915694 0.182283381364763 0.0114023689016073
0.199516567967108 0.039072905257253 0.204701394571381 0.0323253255022825 0.109355517691719 0.172702447216462 0.137311607945443 0.105014233848352
0.248809324190076 0.193847851332694 0.263201902659589 0.0869603945571819 0.153171703747169 0.00355921033584162 0.0276607347732766 0.0227888784041711
0.113442620262292 0.17528175671991 0.0193412950906625 0.20989336603357 0.167616644320917 0.184821213631871 0.0572614672824859 0.0723416366582917
0.158538946026467 0.0619159048599429 0.0483918991097209 0.230526125871082 0.0348728449371436 0.0948301577114243 0.16520810027576 0.205716021208459
0.0687953533196938 0.144242629731016 0.0448905887491227 0.166234790965967 0.195120180945408 0.137371966475674 0.18621748110421 0.0571270087089098
0.0246895931048821 0.00055272580871709 0.287474973093935 0.119021402935842 0.0192124519668912 0.258847989637904 0.182612881696119 0.107587981755709
0.23676293112038 0.241086652608019 0.134774600284159 0.016031337053634 0.156251180787707 0.184647475182906 0.00581236780057044 0.0246334551626247
0.0959317095584455 0.118436883871914 0.194583365575412 0.283666530796359 0.225410903247696 0.00790132887622674 0.0442689726337856 0.0298003054401613
0.201609652650514 0.10410794383823 0.114928167842374 0.00677973948858132 0.18046063052543 0.117103759751285 0.204366305859305 0.0706438000442797
0.147706595001877 0.165581320609105 0.134026398457953 0.0510979582744165 0.089749998888476 0.174124052777158 0.189362130530725 0.0483515454602895
0.0929647705820059 0.143494085753642 0.211212279655347 0.098872616788358 0.184367108309727 0.181074570968561 0.0598148659814885 0.0281997019608698
0.189413268574682 0.183666817676222 0.0665032676490096 0.0546328872380629 0.0834379915716856 0.093181219249385 0.144126568327209 0.185037979713744
0.273938384357602 0.00522922858085195 0.29778224802419 0.153980825102568 0.0538984902472113 0.111545377278245 0.0759916726125489 0.0276337737967825
0.19200002615947 0.0859802741189226 0.135239682733888 0.157921670207703 0.0197070256448792 0.143114147901715 0.0547491010649849 0.211288072168437
0.067419369376549 0.152195562410878 0.0639169151057131 0.0897403274577719 0.22201615910424 0.149524409482312 0.14301258084184 0.112174676220696
0.164624766531477 0.189593243651938 0.210957683121203 0.0467077472005434 0.134149342420504 0.0306317855716529 0.199305939142856 0.0240294923598238
0.152631139090951 0.165420235483996 0.175859119612748 0.15290776681212 0.022694980240887 0.0582480608961151 0.129412424818006 0.142826273045177
0.111595013503117 0.086792278762129 0.170937929526052 0.230506531218029 0.167602226266204 0.05275593097006 0.146287549723146 0.033522540031263
0.232641021270973 0.137500289016924 0.0239565528477558 0.19324346128244 0.0370057429022266 0.0568618743626661 0.0909432167448923 0.227847841572122
0.163354775004622 0.162920608829593 0.0792124767344478 0.107631919419898 0.128427294123925 0.155310944571801 0.0237278891806875 0.179414092135025
0.0788629577615432 0.282323599687954 0.0467716951853457 0.021662132878359 0.272088616095814 0.0541004015740205 0.100163772351594 0.14402682446537
0.194909482407867 0.095712218438154 0.0316604922220008 0.126105323087633 0.0241434244197688 0.214057966125264 0.150936022798578 0.162475070500735
0.133970761559632 0.0731014285022952 0.20630131881164 0.167209696596812 0.122702518907337 0.169109988657366 0.0852371918493877 0.0423670951155298
0.131907966960139 0.226098213373358 0.221437488574266 0.0414743246845307 0.152640998063285 0.0404990509443307 0.147492620386227 0.0384493370138621
0.140823201660204 0.0350868076563461 0.136035277482084 0.169171816590164 0.195886949929348 0.076558318895455 0.115334346205201 0.131103281581197
0.160942143829851 0.24794966533521 0.0282643833019307 0.108280322440143 0.0205465542478488 0.196194670862873 0.159610245264888 0.078212014717255
0.20751534073422 0.242895024838506 0.153181935550727 0.0251672243081219 0.230743303710531 0.0332284369660611 0.0280006015548031 0.0792681323370297
0.00398028495891512 0.182113463367751 0.140337667303251 0.167269585392345 0.141201752722865 0.0788634210749178 0.17503415174591 0.111199673434046
0.132615118999676 0.0622002758229734 0.17122837210527 0.131569975484675 0.112312039316907 0.157064773206503 0.1667956195627 0.0662138255012959
0.195596624245781 0.0749917074967368 0.194822169942267 0.0638348351183508 0.205321352914939 0.0802397280330601 0.0249234957986753 0.160270086450191
0.0118767158254538 0.132113031268952 0.0952566213786189 0.0694115052792368 0.0667365969409867 0.212498674571894 0.181863745226838 0.230243109508019
0.15319737522781 0.0606947864823175 0.16815684422122 0.107763592249058 0.16289924672374 0.0143380132833969 0.166806821646841 0.166143320165616
0.162180103839183 0.105324190583759 0.0598950348462302 0.145792879387939 0.107674932565009 0.172565854003026 0.112641611735633 0.13392539303922
0.270195904881514 0.159719557418789 0.0446159237262251 0.154290287689937 0.224496569601258 0.049252859494 0.0784972759163419 0.0189316212719358
0.0220579128105258 0.159333607544195 0.177739785012902 0.217259865153462 0.152091751698108 0.117576802862292 0.0313452666648984 0.122595008253618
0.0379925665204131 0.0268749403552947 0.214938392895912 0.220353706149339 0.137331399698016 0.0468335066921198 0.171913588791116 0.143761898897789
0.057496695755332 0.156965324620091 0.0299654777554416 0.0354817037770644 0.122444039595216 0.208852540091951 0.172535107974788 0.216259110430116
0.126887464639679 0.231555543023333 0.0805846204124556 0.0128728118328864 0.128378370247213 0.171314362786725 0.0321005264622705 0.216306300595439
0.250500073915596 0.0105644453644464 0.153445843968356 0.023049540670133 0.041551398055362 0.162784641123523 0.158048563374097 0.200055493528487
0.154169614623782 0.234154892360318 0.00249676612014756 0.137810375926899 0.158447751828053 0.140014440259065 0.0812600824647912 0.0916460764169435
