0.313418503530679 0.19949264057082 0.0490574015836339 0.280921313852899 0.157110140461968
0.0384746577263987 0.214181894420793 0.471853798036876 0.223217509858846 0.0522721399570861
0.264407798365881 0.236725366598544 0.33824012117197 0.0420200820660973 0.118606631797508
0.318648453850869 0.0311059473051626 0.130554884538897 0.221843342079992 0.29784737222508
0.296035907157853 0.218766770898833 0.0947536269266775 0.215146901242556 0.17529679377408
0.311531215875142 0.157460211441323 0.108978093085524 0.307339325053901 0.11469115454411
0.337122595470685 0.228664712171293 0.0442182827638382 0.0033179377725189 0.386676471821665
0.244383124450653 0.0634759182691544 0.153795387192407 0.420479998829311 0.117865571258474
0.174785377825746 0.140471074120163 0.116342169542668 0.227207683691588 0.341193694819835
0.0527114768824063 0.177065173849798 0.288894408972333 0.210634270828294 0.270694669467169
0.19113658280171 0.272123729750367 0.135771419842207 0.120758424598645 0.280209843007071
0.313210190924401 0.119118864030419 0.193655768899167 0.152290802161665 0.221724373984349
0.162108161028351 0.0571834860467947 0.171409890310067 0.23921818047568 0.370080282139107
0.257770235675805 0.0616001537173507 0.078222609851392 0.313941630401567 0.288465370353885
0.310507931625031 0.293128051965808 0.265513504285064 0.0106916523620246 0.120158859762073
0.0711849415871726 0.0274714667663533 0.321879810907291 0.234524444627448 0.344939336111735
0.0803967190665826 0.00843217836621226 0.282665286082259 0.32168553770505 0.306820278779897
0.105225545945106 0.312677100164367 0.196294098694306 0.163530593210894 0.222272661985326
0.0465419154143535 0.132910457832579 0.302023489118289 0.3247791768122 0.193744960822578
0.179071492724365 0.250196314820285 0.218296041446549 0.200537223218452 0.151898927790349
0.12352906941055 0.350933637263112 0.0152888029875076 0.167603118219274 0.342645372119556
0.283437391151695 0.287848962245732 0.229920628022777 0.089113622799413 0.109679395780383
0.0886079006792979 0.102886820718025 0.267914360426804 0.305833130757541 0.234757787418332
0.38191243793028 0.193635916905607 0.196797780664645 0.0525777206406469 0.175076143858822
0.142545543816028 0.316303610819317 0.151371660059656 0.241190786187686 0.148588399117313
0.143433648901302 0.00623246692016648 0.186867045509693 0.260670925414797 0.402795913254041
0.481396604880285 0.140971028121647 0.179680590702499 0.0813843954914718 0.116567380804097
0.0404364341304087 0.193633489226732 0.178009074556934 0.266084075434511 0.321836926651415
0.244728095069818 0.0293058350924658 0.154823326344873 0.30006276030502 0.271079983187823
0.209766478472002 0.095096718694517 0.2789320969909 0.197899878404287 0.218304827438294
0.0830439820096228 0.180669664223229 0.362763859621454 0.319288324308277 0.0542341698374162
0.106818715550857 0.0424596331198927 0.0808737270566833 0.329451799116836 0.440396125155731
0.18291590987408 0.200257148975341 0.255041157143784 0.272821792317385 0.0889639916894087
0.349559599285588 0.244565376278539 0.256036214928957 0.0188457405989283 0.130993068907988
0.303788956644595 0.166369799105575 0.27079433417025 0.207648759925661 0.0513981501539182
0.153910051895417 0.339611064094041 0.118278964683624 0.000882603304811119 0.387317316022106
0.271381250537494 0.172866122588562 0.302700595277657 0.248667846085269 0.00438418551101806
0.31762171417672 0.183776719497776 0.0674347530389491 0.343773799187773 0.0873930140987822
0.10065918164345 0.120741515986243 0.3356942130339 0.133595706119956 0.309309383216451
0.117686492792761 0.017846218232503 0.0955235537551412 0.292340977056031 0.476602758163564
0.246911031880347 0.240151379381942 0.207152350162704 0.0960399400005324 0.209745298574474
0.255775538622317 0.175397252268018 0.223645215736295 0.0945725814059113 0.250609411967459
0.323489333813081 0.011043204207728 0.200408688701983 0.134055153343043 0.331003619934166
0.0594992534259843 0.332422395909627 0.259885584579132 0.166664620754721 0.181528145330536
0.0284252110126285 0.292000731574523 0.197723755568079 0.180456768783142 0.301393533061628
0.182904077370972 0.14448952243545 0.308055161045761 0.159892903513369 0.204658335634448
0.315677542691993 0.188316847470945 0.333959158387868 0.0113115376677775 0.150734913781416
0.0287289586875099 0.257559813945406 0.339112309213251 0.159070286928206 0.215528631225627
0.068810994695417 0.294655480057707 0.29259185298633 0.309885234822741 0.0340564374378057
0.252734100765369 0.249669326912896 0.264287129503547 0.0231708874763141 0.210138555341873
0.100991002939026 0.141228833287549 0.387750095459673 0.202088161612384 0.167941906701368
0.323164593912647 0.0011794582847056 0.336516296558274 0.236185786122768 0.102953865121604
0.313629456890518 0.290878412735304 0.190830780886888 0.0470743127793623 0.157587036707927
0.307032320120484 0.00534965338677002 0.0485174608184155 0.210189097198054 0.428911468476276
0.431112191344485 0.042866371658571 0.169514910135337 0.0810122529895615 0.275494273872046
0.0309746683804139 0.105427460821229 0.34249564546752 0.186376373539247 0.33472585179159
0.312631501585333 0.161653139718462 0.120573490748742 0.120788116943973 0.28435375100349
0.21330861072308 0.250253900447512 0.3693252968691 0.052803817193684 0.114308374766624
0.0107691681487574 0.112297940207203 0.318338484588582 0.121182462502775 0.437411944552683
0.220085468531577 0.238826956677055 0.189581944806167 0.105598597299765 0.245907032685436
0.135772342019999 0.234886887580786 0.0987892290386848 0.237200751699772 0.293350789660759
0.114701840904498 0.122686057062705 0.102503559228963 0.642239055229791 0.0178694875740426
0.203312591009947 0.227773185284106 0.366743818450699 0.148718166685646 0.0534522385696019
0.219410857831674 0.322853247586814 0.0329798959396404 0.287374360358433 0.137381638283439
0.203759566421048 0.353655230798756 0.340993482757248 0.0373701090140537 0.0642216110088942
0.142529422421816 0.126919357468779 0.0312330989314102 0.0510829029757107 0.648235218202285
0.103847721873547 0.424470210940176 0.0780105878994432 0.219981358350237 0.173690120936596
0.207414653320921 0.223138868968727 0.0316731200787115 0.324087051819475 0.213686305812166
0.185792337683163 0.149904665889065 0.298799592784008 0.0982439847514972 0.267259418892267
0.0848135256076005 0.247076099645333 0.112250472383637 0.409434078843673 0.146425823519757
0.108870261581489 0.0754408022971941 0.347494450987167 0.343257437815861 0.124937047318289
0.0658407080631092 0.150358388515678 0.388306831651397 0.22575689656814 0.169737175201675
0.369650350931479 0.24688752297491 0.00628404308221925 0.194460684586701 0.182717398424691
0.23658774213008 0.18327313343277 0.129586240176167 0.191085454215799 0.259467430045183
0.188995319200273 0.269234437434806 0.187294353420409 0.0864787955187495 0.267997094425762
0.0562516112445828 0.257979071847437 0.122832967150571 0.179653742115693 0.383282607641717
0.249052835733526 0.128106286320084 0.304896058162767 0.302227488663009 0.015717331120614
0.0204283332771864 0.521257899092602 0.086688454108682 0.0565285410589925 0.315096772462537
0.214108120583448 0.0183735026463514 0.272033483813332 0.465470457593303 0.0300144353635654
0.271925664122302 0.0271562237475232 0.329492582259186 0.337139092898749 0.0342864369722398
0.0529669774313827 0.14825894365782 0.466867908316885 0.0720694174022679 0.259836753191644
0.0550228955694956 0.0518562477967457 0.310900701951716 0.288120953406106 0.294099201275937
0.372121835003426 0.117266447625204 0.133365086122716 0.359925611622362 0.0173210196262911
0.383992190005603 0.368389484564862 0.232001116023302 0.000298700055702308 0.0153185093505306
0.0514955806324831 0.304751504741389 0.178752732662279 0.386843077546509 0.078157104417339
0.347173843579867 0.228382360488472 0.0376769645915175 0.112727985272311 0.274038846067833
0.47698839136493 0.000483588335341061 0.0566622148507026 0.303465657975821 0.162400147473205
0.211905056652365 0.185828709066945 0.222746535790196 0.0907813840958964 0.288738314394597
0.256423268987137 0.00308676440040384 0.27802519956239 0.26734314170349 0.19512162534658
0.260161742173846 0.283729975616457 0.0026867919844065 0.199947805930194 0.253473684295097
0.125225266978481 0.228821422930492 0.0661240009674279 0.258169085194231 0.321660223929368
0.225503213151421 0.271731639388844 0.084294848820431 0.149138820015003 0.2693314786243
0.0770428887807944 0.192633486772336 0.218693080437898 0.266022424992667 0.245608119016305
0.26077202466069 0.190211444190938 0.24117931291423 0.027950432100962 0.27988678613318
0.045720756064208 0.317564298596648 0.126615663664017 0.203181309280154 0.306917972394973
0.190469833951237 0.133539953611496 0.279942341607789 0.176160171082673 0.219887699746805
0.082772075809141 0.245663669389137 0.178180175514108 0.197281059583411 0.296103019704204
0.251543561578603 0.230282316962546 0.322200811091334 0.0856634573367212 0.110309853030796
0.189326860898904 0.313044279453012 0.209130435025352 0.280816488798912 0.00768193582382016
0.328198322335793 0.156178608166494 0.129902444389345 0.178796500915391 0.206924124192977
0.329187045363137 0.257570328950519 0.0661148414210625 0.140653899588451 0.206473884676831
0.027386781298353 0.222755381501728 0.256900715557951 0.224691821006318 0.26826530063565
0.388088235510481 0.159763284790984 0.26717672964996 0.156212109950236 0.0287596400983389
0.222528815319197 0.241643860931308 0.225533488028809 0.0930124926247345 0.217281343095952
0.255620001649297 0.260964368159678 0.241089306626614 0.142527705544601 0.0997986180198107
0.152946123501768 0.227174737444529 0.210967161376554 0.20629822035154 0.202613757325609
0.0964078292579688 0.369788451245136 0.345205934072803 0.0570791078379949 0.131518677586097
0.510687666582514 0.0932106680633659 0.327821246622464 0.0673728519540196 0.000907566777636383
0.130421906280278 0.125872220581221 0.267121512424852 0.230385392193108 0.24619896852054
0.342481825271576 0.172190154574519 0.0804277751524027 0.0125163282969109 0.392383916704592
0.38643247912142 0.308499011900985 0.0625916418773353 0.203442289383131 0.0390345777171291
0.178936132552599 0.303526222227162 0.0801700832615549 0.286166210784435 0.15120135117425
0.21950433566339 0.15040043308099 0.248247255032718 0.13249440776601 0.249353568456892
0.0338683520087019 0.155429033616368 0.321649949825342 0.128895613110669 0.36015705143892
0.189970460340847 0.273616519060512 0.23885740189438 0.104904579657396 0.192651039046864
0.211463341329308 0.21172697611251 0.293746289203391 0.244646521441336 0.0384168719134544
0.205101828723237 0.147901801258918 0.311821918628505 0.261608484491042 0.0735659668982973
0.246840817768323 0.276241119440945 0.0460837506069432 0.182179967763603 0.248654344420186
0.393898708016225 0.243580157018714 0.149113718544081 0.17707952128985 0.0363278951311295
0.143007906341104 0.237632857730046 0.14921414867536 0.384640319957537 0.0855047672959529
0.13030080792004 0.0506973711882929 0.253069034936112 0.282056571255894 0.283876214699661
0.122881505276521 0.224846642310534 0.384998435504926 0.156308793430044 0.110964623477974
0.157383585035528 0.305741868169187 0.305268868710684 0.0403138319345669 0.191291846150034
0.320938704265591 0.483048474185731 0.103651761372032 0.00222577255044757 0.0901352876261984
0.201407975899291 0.171893904694031 0.194815330501456 0.079022688278669 0.352860100626553
0.0751982917130694 0.284044551070347 0.122192618193221 0.216875027061637 0.301689511961726
0.0773105324295783 0.495257907709755 0.100768543619756 0.320720688477469 0.0059423277634416
0.192963105216519 0.250018326678697 0.300211708265976 0.15107436078765 0.105732499051157
0.341969152938908 0.131933621250548 0.225143814905298 0.0934251771687748 0.207528233736472
0.0788784814868858 0.261409779605744 0.101350135752173 0.278686994780008 0.279674608375189
0.171520394682781 0.138785686608702 0.320793285512348 0.304936542114109 0.0639640910820602
0.236450539657998 0.346256457322829 0.162695049161825 0.0229012749227504 0.231696678934597
0.139356896862993 0.188224137603832 0.257453844001839 0.199977137992817 0.21498798353852
0.128504347875725 0.173069201806577 0.0697981975375504 0.25010546547483 0.378522787305318
0.0566769391553906 0.352183551022226 0.0492454587168498 0.209065521850047 0.332828529255487
0.31980807068876 0.0303518493634674 0.481406585574103 0.134635639543784 0.0337978548298858
0.269419855920264 0.353414998596997 0.341011743149319 0.0331858750390166 0.00296752729440316
0.0757191690461701 0.290359835761152 0.096349057550626 0.332694803020979 0.204877134621073
0.0875191319051841 0.208981846598352 0.223015654113319 0.0883523736735182 0.392130993709626
0.0277472880585485 0.101686246529107 0.223028864586189 0.343971369732262 0.303566231093894
0.254479185633562 0.207114034086466 0.192146218867842 0.252604808615529 0.0936557527966009
0.102276901278468 0.151899986241876 0.110569475024974 0.320381248171372 0.314872389283309
0.243502609546178 0.252164100953929 0.240452223406938 0.00915938219931183 0.254721683893643
0.119910847536656 0.203995379203125 0.234501149163011 0.0960541148719382 0.34553850922527
0.113743442149383 0.289443736559784 0.125606576929822 0.197412380510444 0.273793863850568
0.287075238110227 0.000586970263508667 0.25690616774723 0.245174158735336 0.210257465143698
0.0413262115137601 0.120102284206675 0.297666209930457 0.249849306638278 0.291055987710829
0.27361325663168 0.217244816374287 0.200746728547125 0.241308317512924 0.0670868809339843
0.268717731263212 0.185755027097258 0.238751498595951 0.0461909905430181 0.260584752500561
0.1445363726794 0.082089148993172 0.382466361748176 0.176137778570367 0.214770338008885
0.440478346571537 0.0160296006558796 0.267263062342266 0.116101692004138 0.16012729842618
0.0900683785948925 0.316914780712677 0.313395021729785 0.19073664117369 0.0888851777889551
0.196225873397643 0.340358902080083 0.0661789114607012 0.344960511081588 0.0522758019799836
0.213201677175186 0.167365538440312 0.221256513678859 0.243904440640221 0.154271830065422
0.0272690584919276 0.234157827772609 0.182623917531408 0.27804156239648 0.277907633807575
0.218530952784856 0.0436112074492115 0.289712119474285 0.28929854913969 0.158847171151958
0.0145525030030393 0.336010098568509 0.306744726711937 0.0234107960940573 0.319281875622457
0.290896009168979 0.29034660570534 0.139817211960853 0.00985723762295473 0.269082935541873
0.310449983912022 0.275506672848618 0.179822555616739 0.232645956500891 0.00157483112172944
0.182299991147704 0.189439038058994 0.249612884419123 0.202303319450932 0.176344766923247
0.402306338998574 0.0329544432946193 0.0894768868774913 0.288862007957072 0.186400322872243
0.205468438915179 0.209635295485051 0.190638463054888 0.078159447265373 0.316098355279509
0.231975315291647 0.0443116852704491 0.225529113792506 0.24708264188987 0.251101243755528
0.0569589054420122 0.209608221420995 0.25538308847764 0.23307674330205 0.244973041357303
0.237139875920628 0.171215233594309 0.270012556165469 0.0955904327141819 0.226041901605412
0.0527324332336011 0.394475766073945 0.204779154127393 0.179053015711208 0.168959630853853
0.167582450669708 0.33095759399751 0.191275789857539 0.238162943917542 0.0720212215577007
0.0634521461025477 0.216589596185261 0.0872634180982954 0.41189120805506 0.220803631558836
0.395462292151388 0.0709182377367192 0.306929050212579 0.0765130115412762 0.150177408358038
0.292026965394734 0.184984775655544 0.222693442194091 0.236861376863986 0.0634334398916454
0.198693898955638 0.15270827503864 0.47300499229891 0.146336315975731 0.0292565177310808
0.161954941881685 0.225763714310068 0.245894714411026 0.199353634105681 0.16703299529154
0.180985708396397 0.284592946184917 0.182432423496304 0.0824446863820321 0.269544235540349
0.271060621085825 0.286025433891589 0.0285613785090395 0.143636519768431 0.270716046745116
0.275764701986727 0.228358276258237 0.189468610327097 0.00665669406705706 0.299751717360882
0.179733355593024 0.318476477848748 0.303646987152169 0.114361612559787 0.0837815668462705
0.289886813677751 0.141818444358927 0.406197383376977 0.103876379417882 0.058220979168463
0.0813674252539722 0.307241385565171 0.0854927102976361 0.287550885780752 0.238347593102468
0.308118550395568 0.0753066679298079 0.146596724982931 0.401846547284638 0.0681315094070549
0.15433665470528 0.463326564857575 0.101862157584027 0.120372167510139 0.160102455342979
0.267515878862248 0.346527644298167 0.356215152006516 0.014134654804399 0.0156066700286705
0.196182932947993 0.153083058150619 0.168617517970525 0.17928275462992 0.302833736300944
0.0705264154782194 0.00405278579781425 0.206243823235594 0.402044893977089 0.317132081511283
0.284554701831338 0.212351117017023 0.189014638430055 0.274236450121456 0.0398430926001277
0.0399512696271214 0.277502360421844 0.124924344536652 0.282345629872068 0.275276395542315
0.245015356077554 0.233289099828927 0.21039168096909 0.209342310737249 0.101961552387179
0.187199521549831 0.00355692914284822 0.214879705515682 0.123161728486095 0.471202115305543
0.321744718948149 0.183338361059175 0.0090994860832128 0.221422420192411 0.264395013717053
0.446754420845237 0.180489548345996 0.19408216856228 0.144519288078953 0.0341545741675334
0.302302337401398 0.0477903505245318 0.134872033344353 0.192623495652915 0.322411783076802
0.1496125022397 0.344900560274327 0.0246161723440588 0.190849179000301 0.290021586141613
0.350672535356973 0.00114351855680684 0.180282549385313 0.058388561199373 0.409512835501534
0.196278048417199 0.143883261209634 0.127867217126192 0.307238343466266 0.224733129780709
0.182070741578613 0.0435541965353085 0.0822327202684684 0.188652288195921 0.503490053421689
0.34189108922702 0.0226024127192376 0.0664103307016167 0.3436889864348 0.225407180917325
0.253167791055478 0.246200351361201 0.168035702391945 0.156767659044668 0.175828496146707
0.152298424723284 0.329441770263522 0.238537726878715 0.000590123869842406 0.279131954264637
0.30987243336373 0.0208952265926345 0.350755024202649 0.253905258401092 0.0645720574398947
0.168904022660101 0.0094520097627149 0.294933944614242 0.190180426907924 0.336529596055018
0.230574712354836 0.334023061967621 0.190100357899447 0.242310044363596 0.00299182341449974
0.0226382293517838 0.00700767747743193 0.154975500401119 0.467490390694436 0.347888202075229
0.39405088160005 0.0525597324131716 0.095668078918527 0.414747825929448 0.0429734811388032
0.412266151625767 0.181914199533416 0.0464747642047117 0.191611306651719 0.167733577984386
0.047419861046871 0.279768208303985 0.244268077729685 0.198483353405212 0.230060499514247
0.126454497311114 0.0915338684721432 0.350746382425409 0.0189777475182239 0.41228750427311
0.272345001577211 0.230790904068675 0.0797766386459277 0.204599821720544 0.212487633987642
0.272777765087176 0.0790571123800427 0.290608327842917 0.064704700549566 0.292852094140299
0.202475822236831 0.249288790350059 0.263400451338602 0.173120595814688 0.111714340259821
0.233449389362251 0.0777735938867373 0.153399124569867 0.25819262053732 0.277185271643824
0.23299144576313 0.285248586496666 0.0451422794455303 0.344140692207911 0.092476996086763
0.298443499262475 0.148015332614942 0.104935976220476 0.290747833911148 0.157857357990959
0.49669863839087 0.158536508845341 0.320471636544565 0.0198876383844349 0.00440557783478928
0.323051233134477 0.0193522559264584 0.381632072035268 0.0357667757523194 0.240197663151477
0.280338999283334 0.236675891369136 0.0807473056683447 0.037094854578588 0.365142949100597
0.439249125414151 0.0478210600246216 0.0615267620466743 0.0845573321899594 0.366845720324593
0.16326559031235 0.241674804134773 0.229105432660744 0.146983842449927 0.218970330442207
0.0376854518082272 0.164096201287937 0.158046862926253 0.311476113360385 0.328695370617198
0.05850202574146 0.213454735416639 0.344440124219761 0.162967517518456 0.220635597103684
0.269390859721977 0.120700716034975 0.315798207507017 0.0434179307655823 0.250692285970448
0.0746217116811123 0.132883883830152 0.295564781279357 0.290425514545447 0.206504108663932
0.201363443263616 0.208388634318104 0.252857206176869 0.0802512833503732 0.257139432891038
0.0399678945624214 0.258638789589306 0.2604578177805 0.265555245952328 0.175380252115444
0.353338458271755 0.290431799094294 0.0550694794365505 0.226714068398983 0.0744461947984172
0.15736816267194 0.335684612961275 0.00895271145293183 0.325121262250651 0.172873250663202
0.243566692500705 0.342551642225687 0.0513292067911625 0.251812380496504 0.110740077985942
0.263105361801782 0.267991985375946 0.230007189395057 0.15895951948142 0.0799359439457949
0.256208715095644 0.269073380934201 0.227005704732412 0.0823730687600335 0.165339130477709
0.159883258509123 0.0651629402037065 0.379036106418872 0.181123172745315 0.214794522122983
0.360651674629375 0.247565089194149 0.150482308153938 0.239096585097401 0.00220434292513591
0.305202520729548 0.351302416612398 0.00625583814568426 0.0586711266546187 0.278568097857751
0.287203305037417 0.0235330955579376 0.188274217556904 0.229420537370861 0.27156884447688
0.277332226579407 0.313564042564018 0.272809644799284 0.119160993885948 0.0171330921713427
0.127811816811808 0.167239545592983 0.211999374190851 0.152744600011488 0.340204663392871
0.0193833253246685 0.171478783908818 0.0679653374735807 0.411968746822884 0.329203806470049
0.119494302164681 0.0161558066870695 0.285331695693068 0.213887221948769 0.365130973506413
0.107712641845219 0.248003386025789 0.210501782283453 0.309749918368523 0.124032271477016
0.28072647670338 0.252825498965482 0.124095893896188 0.274150921519316 0.0682012089156333
0.257513369114891 0.229220343962143 0.199160043120114 0.201331197001781 0.112775046801071
0.341234873740393 0.327981532411292 0.165605948696877 0.0468536145022274 0.11832403064921
0.487799389803483 0.165337977437198 0.21017255094849 0.0681864342375876 0.0685036475732409
0.104502619708682 0.307201337959007 0.169052191609603 0.365914459969589 0.0533293907531194
0.180630196273136 0.286551245490429 0.00673724205927914 0.451691454108035 0.0743898620691215
0.168684421847275 0.199594805152324 0.268113826264803 0.191930520106943 0.171676426628655
0.282869176628768 0.161235545650742 0.17784839443699 0.245186280764643 0.132860602518857
0.100239699488599 0.370687870394082 0.210690911215298 0.137648287524097 0.180733231377924
0.0510893792476249 0.351767251621868 0.151294147264964 0.163552278980568 0.282296942884974
0.280104972960015 0.320475050270196 0.142657518040655 0.0307669120152471 0.225995546713886
0.215286735611799 0.205921443520477 0.228878397618885 0.153193124200635 0.196720299048205
0.364397543533361 0.0762786790212453 0.00638813101587165 0.336969930513899 0.215965715915623
0.0870927116906526 0.139812250849555 0.338761351871171 0.367924673987472 0.0664090116011488
0.0294071472838725 0.262811387690425 0.298739871316699 0.180719619158061 0.228321974550943
0.189938177787085 0.185589813565525 0.151954414795257 0.200555867489168 0.271961726362964
0.180561505345405 0.287020955631187 0.0726204919565307 0.223721031434179 0.236076015632698
0.0534694576897727 0.0588686982196818 0.164561749564685 0.389318376886094 0.333781717639767
0.275590282773919 0.215365765959775 0.211081308145374 0.113195440366642 0.18476720275429
0.300411584773258 0.129858911317483 0.00648826167480537 0.327503438773755 0.235737803460698
0.0945067969681637 0.233904209662313 0.448580368126488 0.157459985651496 0.0655486395915386
0.482292716423749 0.185114718119551 0.0697606435148895 0.0151431587185774 0.247688763223233
0.182669483073208 0.183665589231178 0.105146714888309 0.181427714506212 0.347090498301094
0.207158290295809 0.18972619476746 0.302703339544117 0.0058322776940293 0.294579897698585
0.120835715118181 0.165266272955916 0.298217613848904 0.0721217776019772 0.343558620475021
0.179427887418241 0.397232031869199 0.157549903786474 0.239677799105687 0.0261123778203998
0.0797513321755013 0.0127840894473193 0.285629202816472 0.219705193977136 0.402130181583572
0.0619587353864043 0.0892965575722991 0.212190133007307 0.246138215747128 0.390416358286861
0.187077588081604 0.04671725616247 0.408576381610935 0.263762104986443 0.093866669158549
0.244454518579646 0.272581855938036 0.0741748464173632 0.144264780960252 0.264523998104704
0.00597520171644574 0.0540593418457324 0.287783961050562 0.294478888104148 0.357702607283111
0.308803935419506 0.0599418530492801 0.110500739919204 0.17345789715913 0.34729557445288
0.0880756854288637 0.0520801529178114 0.313608707629355 0.173912415963825 0.372323038060146
0.0435886953537027 0.0428590954318284 0.39693620301239 0.224736994111279 0.2918790120908
0.0921525756200244 0.222643161779952 0.365661847977426 0.0291742520032241 0.290368162619374
0.40660831286411 0.0725678091325049 0.231743935859313 0.208707676645926 0.0803722654981467
0.0190387075885218 0.372386761428999 0.100368089029701 0.172839676729405 0.335366765223373
0.309403836349689 0.316778311665249 0.0124664765755649 0.156231258415587 0.205120116993911
0.319227762029471 0.376623461141477 0.0443066818791168 0.0431310429782858 0.21671105197165
0.175822548060279 0.552395749281526 0.049954075887728 0.164354078451274 0.057473548319193
0.325553753334073 0.0756922101554002 0.194444418375874 0.087688396205101 0.316621221929552
0.377826679965037 0.212557441006345 0.0344694139915999 0.275801515354184 0.0993449496828348
0.282967036316872 0.149642603682214 0.262759765510573 0.155304143086243 0.149326451404099
0.0827948750296589 0.23328186864282 0.0603108626862614 0.237661007364459 0.385951386276801
0.356903310204547 0.229811096320308 0.143831285256793 0.109294956216023 0.160159352002329
0.144317834601439 0.266778375086011 0.0432970061664842 0.296486208388071 0.249120575757995
0.117332833586632 0.322663037239143 0.317386439514339 0.120791511411441 0.121826178248445
0.158075489199258 0.174851254181848 0.110615809430505 0.219828275020498 0.336629172167891
0.0668565658581351 0.277810640306699 0.310257063143925 0.223627429365347 0.121448301325893
0.26531550439066 0.171580809508233 0.259768355204075 0.213952929599433 0.0893824012975995
0.237635249527812 0.233557566682689 0.246119448041302 0.275226582197326 0.00746115355087143
0.28707262401237 0.306781884217539 0.160747006890274 0.163859755741203 0.0815387291386155
0.0746593211785578 0.206172513179071 0.546860384960441 0.0852226516366437 0.0870851290452867
0.00939542396598264 0.325506794844287 0.256048037589602 0.0857555756646252 0.323294167935503
0.119594255446423 0.124190690279775 0.271209331463434 0.34090492457371 0.144100798236658
0.232554078646418 0.13309537121665 0.18276786771711 0.267326976663548 0.184255705756274
0.167502337296933 0.184631885883296 0.00690992509585138 0.390098926653431 0.250856925070488
0.162352780725786 0.137881111675406 0.223837897035557 0.19642324202428 0.279504968538971
0.197681546188505 0.303684243844594 0.177522753342501 0.174441797060818 0.146669659563581
0.258935193830709 0.0821087100180356 0.302751924368935 0.0178072617755027 0.338396910006818
0.0899282687069787 0.24649155556343 0.262823051729563 0.259533457094791 0.141223666905237
0.372406546212398 0.0312190636785286 0.121940003975623 0.144377050202777 0.330057335930674
0.0171412186972742 0.214961924930266 0.0331977684996308 0.408305159467231 0.326393928405598
0.216336744153047 0.0226056850413041 0.284877294031064 0.177895791106224 0.298284485668362
0.318187426733617 0.150702539494719 0.20752947829225 0.187037975473812 0.136542580005602
0.00147432069124456 0.309916190704779 0.260234466174647 0.205774846185384 0.222600176243946
0.14505549048041 0.341342510490051 0.138357979359745 0.251777393094397 0.123466626575398
0.0387371397356147 0.31168083389712 0.172240941267007 0.228460732679622 0.248880352420636
0.338443380686407 0.0540554150447059 0.292702501237268 0.00772134746226193 0.307077355569357
0.0547087989559385 0.256022886478785 0.0888831328687582 0.23200298509489 0.368382196601629
0.164682893672708 0.133334570281794 0.588766973498981 0.042421674686039 0.0707938878604786
0.0817167588267397 0.311381174959584 0.14163908466922 0.305808099883219 0.159454881661237
0.157864279952768 0.323127415329502 0.285709717760284 0.139747698180253 0.0935508887771935
0.260005930903091 0.0482979546056614 0.307080854165965 0.184632121538334 0.199983138786949
0.0541296782755807 0.397233230705651 0.247989633768164 0.275401390696107 0.0252460665544968
0.0793813330620104 0.254626560293208 0.0162296458740515 0.202729438301854 0.447033022468877
0.105651297431472 0.300528048450539 0.352786084099982 0.230064649002614 0.0109699210153934
0.279162213248604 0.304781070198242 0.179336252209267 0.0664997657195145 0.170220698624372
0.302412182027934 0.0367066119965567 0.18257755987622 0.263887162660031 0.214416483439258
0.378236336233254 0.108567551018099 0.346449910666695 0.00856696824326611 0.158179233838686
0.106767401816268 0.343881693957708 0.271419639715031 0.181463449778453 0.09646781473254
0.257233808854696 0.0460242590200106 0.157107543916836 0.227615256786918 0.31201913142154
0.316634382902966 0.170393574137075 0.157755773986858 0.0643473429124973 0.290868926060604
0.0230648530773176 0.00565640461411422 0.0750971932790866 0.517666659712758 0.378514889316724
0.0106417068535582 0.33497314488686 0.0883893263833996 0.322381444794542 0.243614377081641
0.130142148234683 0.317028304228767 0.281749166920335 0.0266295129354492 0.244450867680766
0.259747023962745 0.150785563196798 0.233118975136426 0.149644375050366 0.206704062653665
0.165380515667027 0.116515069300149 0.242266041960784 0.155472045803435 0.320366327268605
0.011883475835731 0.158704747278555 0.542325036066634 0.18321794312471 0.10386879769437
0.13438381678125 0.339931349739627 0.193978608339504 0.302602642175982 0.0291035829636374
0.373567178469643 0.0643710910186873 0.0943320329200579 0.270330167281993 0.197399530309619
0.354849015303277 0.126836557286963 0.279822833233569 0.0778774793638993 0.160614114812292
0.201031322283676 0.083976518911414 0.254546075582192 0.237856942092699 0.22258914113002
0.369340969298849 0.126876452516395 0.160156481454485 0.0809748106252632 0.262651286105008
0.261129333046669 0.150148673724903 0.224549469330857 0.233645231665539 0.130527292232032
0.0537383231726015 0.197523943494283 0.232790160542076 0.0340582336628778 0.481889339128162
0.0455186452041756 0.485033394097501 0.0985843047087377 0.28175349620879 0.0891101597807959
0.319008393783107 0.186036285729401 0.305564228304343 0.166882358440089 0.0225087337430598
0.0343811499399786 0.333111205547311 0.141746984511488 0.125868535411702 0.364892124589519
0.21533759728451 0.220632356778008 0.172772287547519 0.173454857019792 0.217802901370172
0.0423430913461571 0.237351125593314 0.0835687999152125 0.138606352697687 0.498130630447629
0.589413018462366 0.0295482767322528 0.0153900483504661 0.128986392666455 0.23666226378846
0.259491405456482 0.249086913948492 0.183720700118191 0.296317169008793 0.011383811468041
0.256279330063017 0.0894605141597182 0.131048584299886 0.241403060931685 0.281808510545693
0.0878437047721008 0.340839808611833 0.201321169584186 0.322894599829415 0.0471007172024654
0.340866632532846 0.0615814074554791 0.105190658429661 0.278702402992494 0.21365889858952
0.276111709598379 0.0269651233756647 0.325822820106937 0.297357365561682 0.0737429813573369
0.144896158754275 0.270006282564716 0.262244483701314 0.252112496261035 0.0707405787186594
0.21283072836399 0.116702920199429 0.310256093455965 0.298052688226171 0.0621575697544436
0.265587340102212 0.207484743826598 0.12348118968231 0.24649609447993 0.15695063190895
0.410525949163793 0.336856194080836 0.0448968082607566 0.0806093825188674 0.127111665975747
0.249850563408944 0.120526500472256 0.186445757912931 0.182662764498896 0.260514413706972
0.142175702852763 0.240438723413242 0.0614266199158403 0.157222209281399 0.398736744536756
0.144308906205174 0.272612222992563 0.140140862818741 0.152866955095532 0.290071052887991
0.244795627724236 0.0851639146689538 0.242010814761519 0.150955418493852 0.27707422435144
0.209071205864105 0.0637870069174116 0.138055530324029 0.202854139745675 0.386232117148779
0.158152716019114 0.0975315166128062 0.283065512814936 0.140143303789659 0.321106950763484
0.278104152232093 0.120357999916729 0.322899026678164 0.166487184428087 0.112151636744927
0.21031482594602 0.0691396347767719 0.38755077272854 0.0548700129211283 0.27812475362754
0.0505495336962126 0.206586150629064 0.246069803941525 0.399647898558885 0.0971466131743149
0.146431413010459 0.338452313971248 0.0954639355302665 0.34830250884453 0.0713498286434958
0.076521600132513 0.373192861083682 0.191472112358446 0.0265910651446586 0.332222361280701
0.394429097071751 0.123962648312267 0.378038141064288 0.0670640745796878 0.0365060389720061
0.290191937010374 0.26476540239517 0.0689061064145386 0.19688859176037 0.179247962419548
0.279470251461151 0.248820292307324 0.145552642950663 0.13130339404279 0.194853419238072
0.22004039524012 0.0860237842417327 0.331008125540885 0.0706228525397576 0.292304842437506
0.0179060823991636 0.145027496027316 0.258065108036442 0.389226706656909 0.189774606880169
0.135276525441933 0.10265610048538 0.358897559684112 0.13110659499175 0.272063219396825
0.057921860974297 0.338985766063831 0.2873468564819 0.202953182206472 0.1127923342735
0.137732904494311 0.235999531603021 0.245215961114004 0.139950085993394 0.24110151679527
0.0885078134673781 0.479875949584407 0.0798281289897938 0.124042150229529 0.227745957728892
0.30353587560048 0.120816094311184 0.215832259750319 0.322090436317658 0.0377253340203592
0.238020088929267 0.231928027048122 0.248800990669068 0.0591642310338513 0.222086662319691
0.18795081854206 0.166428063390465 0.250526719556361 0.271204533666285 0.123889864844829
0.259610986095358 0.150782279582075 0.0169949050603529 0.356252275249666 0.216359554012548
0.112772312695641 0.0721260817441694 0.228933635366399 0.309787609473567 0.276380360720224
0.30167808442774 0.313474103589429 0.199797839211915 0.18463653245677 0.000413440314146045
0.267024842703257 0.0188226555246842 0.169845087026946 0.308045137010491 0.236262277734622
0.168201148860807 0.194445522089506 0.292735210713238 0.160351042221018 0.184267076115431
0.0776851213031504 0.316160877189943 0.127274690548199 0.310803767543157 0.16807554341555
0.353648848633628 0.135981852308458 0.181880803807997 0.0570833291070743 0.271405166142843
0.0511133182080187 0.32644364294217 0.151881973016049 0.12045987032956 0.350101195504202
0.281635960021816 0.211065686875877 0.0995908571727228 0.172513736398532 0.235193759531052
0.153455569467757 0.28322130594391 0.0999932967576802 0.219899169881508 0.243430657949145
0.322772266326965 0.0132751812243591 0.156357630658968 0.29961063071981 0.207984291069898
0.112216979721733 0.440041518782931 0.0374137928503005 0.178824417810513 0.231503290834522
0.0518993935419536 0.331520232868569 0.173938826675406 0.195519095020074 0.247122451893997
0.0945397063664052 0.40724472850624 0.396890442545974 0.00972834606878421 0.0915967765125965
0.210764885510613 0.214615553813027 0.150997965106538 0.252834244439925 0.170787351129898
0.249241167968027 0.0877581085719529 0.114186300039046 0.335664298726903 0.213150124694071
0.322914018138054 0.0814622673301884 0.275155745056287 0.294551454721591 0.0259165147538798
0.0913997335939955 0.341884958989996 0.337644242080126 0.00407817439905236 0.22499289093683
0.595018956119043 0.0102028943642325 0.143636473719437 0.139589115331624 0.111552560465664
0.23245330380663 0.257700812698425 0.245460194181038 0.0624575899341349 0.201928099379772
0.302307038165895 0.136175608370083 0.291774746930197 0.243702597595157 0.0260400089386684
0.139624068808025 0.000260195330644916 0.371164203272604 0.300145790633028 0.188805741955698
0.165586086539608 0.00521491786305952 0.205935130729945 0.160189810179407 0.463074054687981
0.222494602842678 0.3129362876386 0.0500358025893949 0.239561403585148 0.174971903344179
0.174253631729959 0.198987248782695 0.222832156738377 0.251279396459922 0.152647566289047
0.382112583853017 0.166550591969407 0.0552987851878616 0.210333641415087 0.185704397574627
0.398046116588562 0.0915111321205576 0.303442363474182 0.171060800868063 0.0359395869486353
0.126894397806912 0.246787189325219 0.344528540716153 0.270754399359169 0.0110354727925466
0.195300101979508 0.280732909355638 0.240253070335415 0.203500322777737 0.080213595551702
0.0507630233456903 0.162934022124992 0.325888855739344 0.254148288566837 0.206265810223137
0.00403629885158123 0.297655526394391 0.357592776510063 0.104417527961919 0.236297870282046
0.0122253288765333 0.370895409357937 0.0772301261071393 0.492253011863166 0.0473961237952242
0.181698355928649 0.0211493166324314 0.31732817955363 0.133227585806874 0.346596562078415
0.260111399133238 0.241326984929048 0.232595888849407 0.183206039413576 0.0827596876747308
0.155791540494953 0.276765952249269 0.0256002868283518 0.059492226872423 0.482349993555003
0.129110860529813 0.146592005918062 0.211782011179295 0.263765614979293 0.248749507393537
0.215240329595507 0.0656046911060949 0.118097610338465 0.239337882091033 0.361719486868901
0.16540522887996 0.134384717488092 0.200116693619536 0.207606155962692 0.29248720404972
0.33878920213899 0.177233272650708 0.0321932481466891 0.172998669876681 0.278785607186933
0.105328752018828 0.314524913359749 0.1862216273764 0.136117767265064 0.257806939979958
0.122944535351827 0.0719025250445381 0.254585880982589 0.304447811096262 0.246119247524783
0.327213919220242 0.277858760560037 0.0509333132294026 0.282014236523405 0.0619797704669138
0.219141363721895 0.273346361172081 0.304582470369365 0.109616553063485 0.0933132516731743
0.249644777155048 0.245687819203671 0.394016748793926 0.0127111627648245 0.0979394920825304
0.257189543797511 0.0529820522955923 0.390874560358508 0.203343525587035 0.0956103179613543
0.278223515288221 0.192392116541974 0.191868531233681 0.249157437735249 0.088358399200875
0.367234881523 0.343316601960027 0.157434234507295 0.0817429397896012 0.050271342220076
0.252356666724232 0.265168854771336 0.246913904443169 0.176594375691535 0.0589661983697276
0.00227833305839516 0.230331662615137 0.0263108142649656 0.363471852411449 0.377607337650053
0.229888051648054 0.110630117770094 0.133168394594068 0.336479869394621 0.189833566593163
0.177242859951758 0.346384585665343 0.201916064774859 0.228240746278998 0.0462157433290427
0.272075496299524 0.089305785376245 0.0447926670476412 0.316529986187597 0.277296065088993
0.309798018073418 0.352711844183675 0.0435529038184812 0.147890964175498 0.146046269748927
0.0631262531598143 0.144929726026882 0.0452844838405647 0.314323146632872 0.432336390339867
0.23336092197444 0.26772563889231 0.173515312699491 0.148045875775203 0.177352250658556
0.186929817789214 0.282520859703753 0.285128860743752 0.018884099087517 0.226536362675764
0.373398720348821 0.00411322011645318 0.415090639888646 0.109198907127761 0.0981985125183188
0.0680416593177952 0.0509294578129504 0.243478015357756 0.214198194854185 0.423352672657313
0.045936813768259 0.393760968878475 0.308510307113098 0.0364182785355341 0.215373631704634
0.229983235753602 0.0850403514820366 0.103958183252049 0.514430966554372 0.0665872629579399
0.150020529146318 0.206420129788016 0.241522776211917 0.224765430798793 0.177271134054955
0.154484816036359 0.317456098336221 0.0222090567159786 0.315371296180881 0.190478732730561
0.115279535245911 0.182375992741808 0.149365229602843 0.431152860975199 0.121826381434239
0.287450321881251 0.255326694803968 0.213023429126149 0.114623745292138 0.129575808896494
0.296959264881896 0.0691917756695631 0.184556223251584 0.144874457283687 0.30441827891327
0.0444797985877523 0.225282031162072 0.319741708286978 0.219186974126828 0.19130948783637
0.284190266147226 0.142325151847765 0.3020145479411 0.165719421309937 0.105750612753972
0.278276724926894 0.24036030939825 0.244948533950686 0.0340291552998235 0.202385276424346
0.109542731521213 0.319155214071809 0.148658958729168 0.279104086841505 0.143539008836305
0.27823141671587 0.150304510746503 0.0667946012489745 0.501568859707323 0.00310061158132949
0.30280713730719 0.151130065495702 0.167395008229882 0.2297594771892 0.148908311778026
