0.0472032900372965 0.176223690272039 0.228822545690269 0.201947181162629 0.176377520691677 0.16942577214609
0.133380874811976 0.00847210416010111 0.264311955876937 0.2517255612033 0.337385004810954 0.0047244991367317
0.22094050309174 0.115897004652237 0.1071485733498 0.113414445666641 0.231124481450676 0.211474991788907
0.205299680026185 0.123384085352906 0.103560213775305 0.102809201420951 0.20965656168814 0.255290257736514
0.031651995586621 0.0195186035626097 0.303168063804873 0.274905328282999 0.149577246310678 0.221178762452219
0.243584518009909 0.284796501000645 0.242593705422985 0.0115419461659186 0.147144752886985 0.0703385765135573
0.126280753468091 0.228066954676888 0.257961972024931 0.0316635266443176 0.139977289304541 0.216049503881231
0.0522462315516757 0.111436331379519 0.27000421264348 0.214999553474517 0.234996335311865 0.116317335638943
0.198487065132922 0.236155499432016 0.239653114243931 0.0204406421056134 0.276382726313861 0.0288809527716569
0.0418984906441878 0.258540690115874 0.327327033859886 0.188368451100764 0.0629135835347527 0.120951750744536
0.277801028331002 0.162969284516061 0.0147893255276523 0.190553399473608 0.125378024196073 0.228508937955604
0.0385700046957693 0.0842238697620681 0.0300850684602744 0.461370592074533 0.372170910665222 0.0135795543421338
0.167601318983246 0.136065755203715 0.00274183687064825 0.296304719319382 0.254936760997729 0.142349608625279
0.0778026557064048 0.0686307917709589 0.169810700411423 0.238211762574563 0.340019653256374 0.105524436280277
0.240735948312292 0.10476630495112 0.151798593309306 0.187914197970149 0.169951529905325 0.144833425551808
0.0809921528074154 0.169696242817004 0.188219355671768 0.241982588086801 0.0987095502895351 0.220400110327476
0.0560701936189908 0.235680629304509 0.159038072089098 0.243858061258708 0.278585606535999 0.0267674371926944
0.0996939509509309 0.212306934721428 0.244874216523027 0.141614136740501 0.17485635758107 0.126654403483043
0.190343314967051 0.206773772876491 0.142680466291551 0.0416221395424218 0.192392714557791 0.226187591764695
0.313219965647893 0.244958106936217 0.11032783667876 0.0309047011338629 0.269055161706555 0.0315342278967121
0.293797492473947 0.342914447109622 0.108488175313889 0.0830746114396491 0.165842197166829 0.00588307649606376
0.224577739636518 0.146006664603207 0.187421750365557 0.122276752358108 0.196311783501082 0.123405309535529
0.178512103527282 0.072399844848709 0.177625691878849 0.138661140816887 0.288227273933066 0.144573944995207
0.187764982593027 0.0947747113048605 0.130899478112431 0.301399703194059 0.270921422984754 0.0142397018108699
0.102715148274839 0.0421875387440216 0.303688963084689 0.212102922277213 0.158647546342619 0.180657881276619
0.191554242122899 0.295710367095636 0.25016124967822 0.00408659959346667 0.120803824228235 0.137683717281543
0.123850024786143 0.166169050702066 0.249329530876899 0.0460834062998818 0.232436711072704 0.182131276262306
0.099579051694025 0.230282951841552 0.0599911464140834 0.307412213180362 0.153105155844987 0.14962948102499
0.219974445121018 0.221134130892553 0.0454272378353451 0.285422210779061 0.0784574306914076 0.149584544680615
0.1763024905026 0.0131663257321387 0.324993636269853 0.0886549982177669 0.335042710475934 0.0618398388017071
0.199717130395413 0.181667660060738 0.28711920161451 0.106918921982543 0.0104550967549959 0.214121989191801
0.0869342681611467 0.0856374442457352 0.106504711555931 0.353960677448158 0.183044575946455 0.183918322642573
0.160372935902146 0.292077030170131 0.167952100850265 0.294928984197922 0.0672628019120428 0.0174061469674931
0.298394915471231 0.100206050877631 0.167978512588237 0.289119402327799 0.0193854676737588 0.124915651061344
0.0906553614034137 0.123925862627693 0.191854570910744 0.174638288389483 0.15495860917111 0.263967307497556
0.126037965323813 0.00874199131207155 0.183802633879644 0.20847612429495 0.264717874940381 0.20822341024914
0.102767167869064 0.118009469515441 0.254057195180509 0.132952065598887 0.293229421471089 0.0989846803650109
0.194852680526217 0.0168122046072954 0.180899850743831 0.144192002626689 0.288443137352026 0.174800124143942
0.175768851294991 0.274964870601854 0.0786400261017755 0.0171282765856739 0.227272742093277 0.226225233322429
0.148089850188347 0.189910845292464 0.229298266473837 0.187964256299272 0.0459557661414276 0.198781015604653
0.116054306253453 0.204499716595639 0.192801798633531 0.193555694129838 0.248071725291114 0.0450167590964258
0.412736672144225 0.0680212905695011 0.341781463909192 0.0302621835140588 0.088173909717564 0.0590244801454592
0.200689504912132 0.192716018285248 0.00255050889891212 0.331933076694816 0.151972137331289 0.120138753877602
0.078584445819593 0.310407169864336 0.0245550836026082 0.328290853716878 0.191060718884066 0.0671017281125196
0.276222069509745 0.144539400907776 0.233586826477845 0.0929530878919455 0.0364045653581117 0.216294049854577
0.224618148325863 0.0413630595071917 0.208741190748007 0.0576409566467501 0.127988835028616 0.339647809743572
0.0734467435341291 0.153706735300524 0.205314309422241 0.223945712168514 0.287058219045231 0.0565282805293599
0.12060692147996 0.211873056310698 0.284148729661929 0.107401811306547 0.241544604495422 0.0344248767454435
0.244378785272709 0.170039892360172 0.0602384363438094 0.230617314470653 0.152204463830816 0.142521107721841
0.424728956978366 0.192881039047884 0.000456951746532611 0.20967809814612 0.0957774945930792 0.0764774594880176
0.36194993532809 0.00931489627216533 0.139452385994925 0.156694762514436 0.0502530126120078 0.282335007278376
0.215750887767659 0.179443132753938 0.20569080977017 0.189736388810433 0.13109028809958 0.0782884927982201
0.0916848763480305 0.173600664153594 0.228081360839468 0.0831747876833831 0.167981720753918 0.255476590221606
0.0649098222412677 0.231533627047875 0.289892664421587 0.0499416019056605 0.181507540151759 0.18221474423185
0.34215596687337 0.213140796662972 0.220900403458386 0.0176596378056424 0.0432755918634191 0.16286760333621
0.22522396646649 0.238848206507676 0.0506102277844267 0.291474078111819 0.143543511145065 0.0503000099845235
0.0313683757683638 0.123827803203858 0.149807348266622 0.231258312655262 0.169020247309367 0.294717912796527
0.272056654187378 0.0550973442766413 0.155699836351946 0.12410662983172 0.156216168038146 0.236823367314169
0.113020219859853 0.169448753894645 0.274888622986936 0.179349399687089 0.136119857509584 0.127173146061893
0.072546392550451 0.14552272941794 0.310777885022501 0.29511239455463 0.0474639855610921 0.128576612893385
0.263465198681635 0.0183071244778718 0.279219792880435 0.208554454374975 0.00359449264795289 0.226858936937131
0.161178942545834 0.138575104355838 0.0439727103044211 0.36539790718955 0.18579285509236 0.105082480511996
0.355436081558172 0.112827919024726 0.000135162025558739 0.163499920454733 0.0102250280105048 0.357875888926305
0.109697385832027 0.199662780617308 0.103581223947734 0.306320765782457 0.123125732540202 0.157612111280272
0.22611860250226 0.190691935315571 0.105884357725326 0.118009345279782 0.154759507117999 0.204536252059063
0.0113401087291475 0.0223403173453976 0.173334262380561 0.122452762016104 0.465520949264909 0.205011600263881
0.127394872679942 0.00941279921585932 0.251007346812852 0.100873497030165 0.136742948137785 0.374568536123397
0.213582184469187 0.183621173324069 0.211761926719492 0.189925505347484 0.00319528845864934 0.197913921681118
0.226806510655339 0.195488807978072 0.292081424192824 0.0480496934355379 0.200011696696886 0.0375618670413408
0.167552145025929 0.20875978491355 0.257179011916895 0.0109407759082122 0.0847482837850293 0.270819998450384
0.235785707866823 0.14718125777771 0.217663384771064 0.132034057774869 0.146873621767374 0.120461970042159
0.184024471426964 0.215574267344761 0.0781099880461891 0.0788005302737608 0.197963019838396 0.24552772306993
0.114991758123599 0.0203740474408709 0.236063166779727 0.249562482325474 0.122898837265137 0.256109708065192
0.101422014948901 0.122784167591483 0.272990391659521 0.310302442733538 0.0156122948872896 0.176888688179267
0.260592097619925 0.0852698517341312 0.287615179250454 0.0293368110247563 0.115178559042859 0.222007501327873
0.0122588781875143 0.377803190197414 0.0375939338144272 0.121035747958694 0.172645250964633 0.278662998877317
0.0798614403428731 0.349120443851053 0.174371074673904 0.0271474423019796 0.103809645362525 0.265689953467666
0.225039262243279 0.215863267623046 0.234966513644902 0.13660122668868 0.124409005069353 0.0631207247307399
0.00320123081088747 0.187936603280075 0.0914927372677392 0.149563429329873 0.365577064231473 0.202228935079952
0.277195966449624 0.0676578061144413 0.282653849359581 0.0558380032692468 0.142531300474923 0.174123074332185
0.215579629018644 0.254105110792238 0.240158641340717 0.0761610706544425 0.141540498976809 0.0724550492171498
0.0171508487283726 0.254400941847173 0.0373488739480105 0.202366389616559 0.119144577646073 0.369588368213812
0.274554633765974 0.112412540077063 0.198078117531449 0.250825646462921 0.087025759997804 0.0771033021647894
0.131323009034127 0.220815672724414 0.108371644864463 0.0958940640287129 0.17669745791552 0.266898151432764
0.156009231862727 0.287484560677998 0.199219082998871 0.143207413461407 0.122053471712075 0.0920262392869212
0.0224206253830297 0.172807338474906 0.051836083312243 0.158950451295581 0.211933042000318 0.382052459533923
0.0515379280322817 0.18402996463339 0.237853814286305 0.138866151635115 0.179235232574994 0.208476908837914
0.344464880329788 0.039937007353403 0.0586014608408956 0.281221746743506 0.129824061411847 0.14595084332056
0.0894046926531639 0.094071281832228 0.268561583141324 0.182244646922755 0.1314725472831 0.234245248167429
0.285557366204233 0.25002990448137 0.178723129420284 0.0379139540523979 0.165151104994134 0.0826245408475814
0.138768429142812 0.142071933974392 0.0661982341526921 0.152858702009311 0.297474616071932 0.202628084648861
0.122127984132101 0.0512532753418053 0.380936569979009 0.105108987885681 0.216055919274678 0.124517263386726
0.0237762499595199 0.204211073945968 0.143404703943591 0.275049535886393 0.155345897801485 0.198212538463042
0.0327926427562976 0.0389339136866767 0.157826642081852 0.242849317188073 0.278695762219266 0.248901722067835
0.235903321639051 0.00533801535784028 0.254570609714585 0.235720966570564 0.104325468822448 0.164141617895513
0.164226367906742 0.252452850925112 0.188130950758519 0.122094297790789 0.00721321839666116 0.265882314222177
0.0210281651642772 0.246812976182032 0.0153347725905544 0.190251764935295 0.263646350474886 0.262925970652956
0.0811656394512028 0.278261176496447 0.0423319582795371 0.250823849278984 0.263459105775749 0.0839582707180794
0.0264248116786652 0.232911273978455 0.246354507620888 0.0792592365298414 0.162348637558751 0.2527015326334
0.0643462296742081 0.165585265137726 0.107381858120499 0.305595569234097 0.0134687450213701 0.343622332812099
0.111802586216592 0.0892217983463024 0.146343430766289 0.22968659754384 0.251257391977649 0.171688195149328
0.0102876146159505 0.200658372718259 0.226079881805533 0.218200412850069 0.143941917750379 0.20083180025981
0.284782923506928 0.267715715903242 0.270358507832705 0.101907919985599 0.0578034565653937 0.0174314762061328
0.0144107272440698 0.389924390594147 0.144166777683774 0.0477944081861863 0.0224164539098005 0.381287242382022
0.118959786086565 0.21134672669475 0.117364638009959 0.0712534806906393 0.219888401550407 0.261186966967679
0.259364783843316 0.200001176952459 0.107265367740312 0.0989272064562846 0.127299486231315 0.207141978776314
0.0866074799276178 0.231583542767156 0.030473234291264 0.345205633944794 0.176909526203362 0.129220582865806
0.225440408005778 0.146646540827046 0.150374667046919 0.204749418833134 0.20945877869154 0.0633301865955825
0.273224270207404 0.0568409088560809 0.212505385891051 0.179411620540884 0.171127580710082 0.106890233794499
0.127332968596991 0.239862681567949 0.164807638862716 0.187341450475887 0.0483970382015905 0.232258222294867
0.115828492640803 0.187270659517909 0.0925234897932736 0.150902024396338 0.25821019205245 0.195265141599226
0.236180451016736 0.0818767216580202 0.19810754507696 0.105502140998806 0.112019149163219 0.266313992086259
0.0415876101416184 0.263854250106916 0.0826679198782452 0.126758160550786 0.370109800430326 0.115022258892109
0.043667407549475 0.254105423146569 0.0939728875585827 0.217101101859384 0.138607525924112 0.252545653961876
0.135217260814288 0.0512484018726806 0.151959566054784 0.194525125635903 0.234923916701197 0.232125728921147
0.299847104087495 0.130577313812421 0.0809510515054223 0.212984387241318 0.122525553338003 0.153114590015341
0.227300503776534 0.161916855711955 0.220962250202658 0.0241120044612096 0.199689385561755 0.166019000285888
0.121362602032106 0.136747923416944 0.0975478643918748 0.416329283157618 0.208473933225647 0.0195383937758095
0.0801187364212797 0.00162219646155921 0.113973534694507 0.371924039928211 0.29910939333591 0.133252099158532
0.162800120497223 0.120130587934428 0.233095864381638 0.0322154406063009 0.262978603122781 0.188779383457629
0.0617968991648392 0.119674857951725 0.214269197773421 0.176406347472863 0.0652352652211014 0.362617432416051
0.0352216783935996 0.102285003519752 0.185737405506248 0.199410322842847 0.275246212880944 0.20209937685661
0.128164434407058 0.185048492230169 0.457032163839758 0.119230347825622 0.0430193210257619 0.0675052406716317
0.0285895556880743 0.271737848640428 0.0504694207497422 0.166877700509596 0.387721851131964 0.0946036232801953
0.156765634647391 0.241459733229818 0.0237677441840077 0.211828548013138 0.289693329497481 0.0764850104281639
0.155651869939916 0.197324997512486 0.226095511689566 0.277071164936268 0.114407068289979 0.0294493876317841
0.080919593396556 0.247641695043964 0.124631915922102 0.207433777347619 0.101310025760475 0.238062992529284
0.108960533901828 0.283633748299767 0.0745705501973138 0.228412431062316 0.052965424044854 0.251457312493922
0.0920932887455019 0.305025222845732 0.250361891101827 0.0422407340728527 0.0189361650808804 0.291342698153206
0.0101335002334503 0.211649548982741 0.167397995214341 0.281628179027216 0.0493750836686659 0.279815692873586
0.026659980626342 0.220516286326789 0.217029787762715 0.263529500882581 0.232741851333176 0.0395225930683972
0.200925734326446 0.019603943911607 0.037870921481679 0.27108745247999 0.25333222239439 0.217179725405888
0.225718371400751 0.182522294478717 0.225691583578217 0.203868091251408 0.0612028384211603 0.100996820869747
0.00333207239127827 0.277210456568144 0.211146744277751 0.0589250175304712 0.248676618316715 0.200709090915641
0.256718839199685 0.00861183559756916 0.433912290223196 0.0890645819030944 0.140936432015227 0.0707560210612285
0.146306548594829 0.216655140732241 0.115818680273547 0.140870145589076 0.0429951297327285 0.337354355077578
0.00232267365712462 0.228074375455281 0.319270783153574 0.122432939986028 0.241955204219217 0.0859440235287764
0.334548549653036 0.0919431848571231 0.0240381445829497 0.270344666709921 0.0288435198247397 0.25028193437223
0.35784815693743 0.0187698428796447 0.211274436581309 0.0238443955951103 0.316934832438141 0.0713283355683652
0.298141116352636 0.180430019219464 0.165522880040581 0.220463848377241 0.131088653512999 0.00435348249707924
0.0887851215870145 0.23562528925798 0.362143222053961 0.119881570967257 0.033928755035798 0.15963604109799
0.194675341316411 0.310008580577352 0.150909533712399 0.250362895585911 0.0545790830643386 0.0394645657435882
0.139136319330737 0.204817106604899 0.147311688919347 0.201394284994061 0.20415082904005 0.103189771110906
0.321391584793917 0.158472913031013 0.00827089323891851 0.0154934897791457 0.279998697319462 0.216372421837544
0.281253413604798 0.053637739649577 0.0489979985663554 0.282738852694349 0.0869443255630846 0.246427669921836
0.345820306824979 0.185388500555681 0.0506721529717026 0.269935747627181 0.0380730464896008 0.110110245530856
0.131490573004987 0.232176998244823 0.0353287778045273 0.165043760001755 0.205052229342276 0.230907661601631
0.280785828945419 0.089983068138316 0.0505366083009704 0.142776404480671 0.163451423466825 0.272466666667799
0.020804765418446 0.247379149765484 0.440543189016064 0.0897107999374564 0.0961845523333746 0.105377543529175
0.139554460902649 0.158638012428489 0.148327413609462 0.270996954683923 0.235940799361615 0.0465423590138615
0.35427682123921 0.022055005669724 0.0858874422132302 0.245769066002543 0.233862106530166 0.0581495583451256
0.0238994556752715 0.109949634252817 0.306322539223123 0.316686916395019 0.198810665390712 0.0443307890630584
0.245660536683424 0.111401898988769 0.186302338084728 0.035794034495408 0.245471291680588 0.175369900067083
0.313352974704806 0.201768117381219 0.176980822978988 0.0722333080330771 0.0335095012024796 0.20215527569943
0.146557486147759 0.204024901366728 0.222313008976309 0.133277356947013 0.183249127902103 0.110578118660089
0.269483643916708 0.136114565435249 0.185864260716852 0.0727133595307387 0.113677604210122 0.222146566190331
0.0325252305153369 0.019265293545573 0.287296855003856 0.287375589831017 0.102355887814086 0.271181143290132
0.239347786573952 0.245075532440995 0.00317097690308065 0.248845152259088 0.00883554709139034 0.254725004731495
0.249202519145726 0.024080825588832 0.0815662781264125 0.128611662161514 0.332035912680575 0.18450280229694
0.13716704861287 0.0507393282755649 0.28076781307941 0.155958977795294 0.284912604885231 0.09045422735163
0.171233026418963 0.0283128169619802 0.445257116077714 0.00036671811582346 0.00862747994630048 0.346202842479219
0.0382816533907834 0.118746751699025 0.284421044761079 0.0466603814465927 0.290366243022359 0.221523925680161
0.00959038800705015 0.191706086685785 0.0485516167127695 0.352302755865114 0.0415777350238395 0.356271417705443
0.0114183299404052 0.255247033977074 0.0116917513844623 0.304850913243854 0.144100377287712 0.272691594166493
0.297389896272415 0.0019760391882313 0.0661645341812824 0.0396974995863849 0.317439179906135 0.277332850865551
0.136602091736615 0.197615093994767 0.24206366570866 0.0436053611286078 0.290936150086119 0.0891776373452304
0.13480263341773 0.205705957504572 0.181909150133978 0.218087179633657 0.0983233178606013 0.161171761449462
0.151437899933056 0.17213936077255 0.122837482069938 0.125835462764831 0.180024314857451 0.247725479602174
0.272531638659231 0.20360937127204 0.246059576470295 0.045852959353828 0.156812909437181 0.0751335448074249
0.150953432139462 0.155363151294669 0.205388551542267 0.0499959798404347 0.0756873339911777 0.36261155119199
0.270670755456039 0.25042240110764 0.201847421397723 0.0399751710614722 0.00590516551756589 0.23117908545956
0.265224029296912 0.0262226025794714 0.217668495314181 0.183280374895272 0.138758142492843 0.168846355421321
0.150891742760028 0.00184066651356635 0.287523652688995 0.285546058340422 0.273627724143558 0.000570155553430561
0.259607138345296 0.12752999602356 0.013079191607161 0.151287861765037 0.298223461816487 0.150272350442458
0.144884375250903 0.0121198655852038 0.127179154625177 0.227937315796576 0.290998796147555 0.196880492594585
0.133629258912586 0.0940906958698282 0.155904731177867 0.261257609196027 0.168189931858349 0.186927772985342
0.127358036871312 0.0973267915522759 0.0624153376437988 0.215884197190849 0.143654047923174 0.35336158881859
0.497024795448105 0.0121346409379378 0.0167517017199226 0.203314919566011 0.0597145025639804 0.211059439764043
0.290891006629886 0.110284293344445 0.146653191427756 0.152377617418142 0.176101849181466 0.123692041998306
0.202666816137637 0.219416067350699 0.14530479514958 0.162741221811887 0.0357257994952388 0.234145300054959
0.103684882015361 0.241441249913921 0.0699333434976379 0.203409629633498 0.225192283415563 0.156338611524019
0.102602494663392 0.104014563442759 0.156838640309484 0.0390974031663933 0.189333877637794 0.408113020780178
0.0653238602853097 0.0198591197682704 0.339544744649615 0.0948142995947048 0.24968110420893 0.23077687149317
0.0477373519467274 0.244219566349576 0.200763577406577 0.236611920493667 0.0335350896740134 0.237132494129439
0.231757777973559 0.116406512691478 0.0339501184543751 0.335943416132864 0.174315323655378 0.107626851092346
0.112215746668042 0.382570064314458 0.0379059527619947 0.0902551794680319 0.375525968757017 0.00152708803045562
0.0852031972481945 0.251017075446616 0.258026995778911 0.0518076982686021 0.110380589214508 0.243564444043169
0.0105106749529022 0.191958110158337 0.107915699575961 0.225288206464556 0.240694768204774 0.22363254064347
0.0992962985073041 0.324426523097035 0.0249608088350183 0.13939428450797 0.143871673883738 0.268050411168934
0.1933397183428 0.174490313920251 0.050327956747482 0.148626717186107 0.190033958511335 0.243181335292025
0.0942337951170002 0.199670410488188 0.184710752020268 0.132027359628726 0.241544496757046 0.147813185988771
0.267672895688273 0.1301302161269 0.284052732299774 0.0917955762199751 0.176806350235592 0.0495422294294868
0.162703435824209 0.312388002252674 0.188585343267963 0.247030729646016 0.0193011451449939 0.0699913438641447
0.110470284328678 0.330308813747375 0.264094389819176 0.167226362964254 0.0212957046197995 0.106604444520719
0.0461146454356635 0.301154318144205 0.208368941923762 0.196395689367576 0.04966433790651 0.198302067222284
0.00394780380263315 0.146397768475667 0.282310279745895 0.157770301507621 0.404213153090019 0.00536069337816507
0.123358994167442 0.0476805002341744 0.280282619706959 0.200760759780286 0.160182208615994 0.187734917495145
0.300679133241237 0.14866619829984 0.184899767693005 0.0223505402345894 0.135434460362981 0.207969900168348
0.111096699988009 0.182330878914095 0.128090986327563 0.258665527619138 0.288467191865458 0.0313487152857364
0.0880703569209666 0.149395235301091 0.199070564901754 0.360870633160746 0.168613878502868 0.0339793312125734
0.151039098916398 0.208641964106399 0.228888497054447 0.243162992448841 0.0290852150921005 0.139182232381814
0.11675973730787 0.354260976580975 0.149495267053627 0.185400381366629 0.176741353174233 0.017342284516665
0.144357679767357 0.219060642488469 0.194354705700823 0.0953876404749328 0.216359230738145 0.130480100830273
0.137291418963976 0.180608034358525 0.00618180121586952 0.209653644543038 0.399010193619947 0.0672549072986443
0.13312816929661 0.135150724498137 0.178823324919182 0.281912352658564 0.262918150652225 0.00806727797528224
0.242217847998987 0.243844929502353 0.0928264507412564 0.206160030165727 0.153335794366261 0.0616149472254151
0.0402412076629331 0.0452976695202204 0.102140230544045 0.321853369955265 0.412970365435847 0.0774971568816896
0.296922526422897 0.20543646805329 0.204999748944008 0.0185683140853816 0.169745561383872 0.104327381110551
0.23578736841582 0.274213487651607 0.164110054519264 0.117840509376938 0.19841128559124 0.00963729444513112
0.163263559893545 0.171602502691346 0.220558779630895 0.16288674387413 0.257199392558665 0.024489021351419
0.20180554420399 0.202487918300153 0.194754975262597 0.275311308647429 0.0874537797330337 0.0381864738527969
0.122376057388684 0.107974811527856 0.00551102853598576 0.26606228115857 0.187054768388655 0.311021053000249
0.076164635071599 0.23147095112856 0.196587873575223 0.145777687603205 0.30561539385121 0.0443834587702029
0.354929443290182 0.0151628626425431 0.0694713597985888 0.00868207991667932 0.482901503115844 0.0688527512361624
0.273110881340158 0.0512931009589068 0.126029739804001 0.218633070843642 0.0362703310779666 0.294662875975326
0.0313383828231676 0.218732736063098 0.0915216916901381 0.14195596225937 0.183988141916993 0.332463085247233
0.141992356126053 0.15692848898276 0.0464460543559142 0.218506811171257 0.193685020089363 0.242441269274654
0.0261268187956972 0.0700097637616213 0.209468605739803 0.038228513634497 0.243422776237364 0.412743521831017
0.153309511059605 0.195081972981952 0.167426075270815 0.161796178002503 0.184981314576363 0.137404948108761
0.0133705357657375 0.228593266612159 0.228631434107726 0.237163497210616 0.247678952875536 0.044562313428226
0.161033194445194 0.0361290562896483 0.0578115182206624 0.241577419411252 0.324522988915001 0.178925822718244
0.306719746428643 0.00714522055529704 0.334524149187356 0.13571607354759 0.150946446720025 0.0649483635610882
0.204578760440133 0.151549492865037 0.0809878211531164 0.103300052376658 0.246595461963266 0.21298841120179
0.132486443201865 0.19649329829751 0.226529210561527 0.163341662494752 0.17066735869332 0.110482026751026
0.142010552879691 0.188760001057826 0.267263540120018 0.0697012102704038 0.315100028028916 0.0171646676431457
0.091857023470155 0.071810241498671 0.0300339932115886 0.108523266052605 0.362701810344901 0.335073665422079
0.0848771365925211 0.227929851122761 0.0755115162709116 0.171300690879849 0.259787338203077 0.180593466930881
0.0792228446765938 0.229672575408028 0.0228565306438993 0.247927841867666 0.190445749632081 0.229874457771732
0.0587877425292228 0.243880019792855 0.0339390146707454 0.170581516411527 0.18880486621502 0.304006840380629
0.0684118919600672 0.2744087257068 0.0997771974494258 0.180156919526532 0.131763190271524 0.245482075085651
0.0642701130073278 0.070348447495161 0.290790324596732 0.28617049852894 0.23806781648148 0.0503527998903588
0.191734227506278 0.00119655102190236 0.219108596368069 0.316682648382195 0.242214593647196 0.0290633830743592
0.0744712152326997 0.106562497090873 0.155098015523449 0.123536278679914 0.2276159170667 0.312716076406365
0.219068982705352 0.0791863658440613 0.315285072712338 0.0127139438105975 0.258293758469521 0.115451876458129
0.0395510801882889 0.126531667507883 0.152871024419328 0.0730810011334959 0.340636262837062 0.267328963913942
0.0761456142753606 0.266211013372745 0.0153871409753956 0.0416267225287197 0.373492642326103 0.227136866521676
0.263299183493405 0.171843878157299 0.329192513611645 0.192403682363461 0.0162141265825916 0.0270466157915986
0.321286196801226 0.203512074476208 0.353354624027143 0.0148508226233632 0.106601198623384 0.000395083448675612
0.0280251513894054 0.186162879108547 0.211240116733745 0.218974784989178 0.200563161656405 0.155033906122719
0.241067977074865 0.0181251779591193 0.266985978003791 0.143134266365918 0.271434140999801 0.0592524595965056
0.306262562330051 0.211365330048957 0.0648450229274872 0.197195259666467 0.0258672195680049 0.194464605459033
0.0328136236570219 0.0695847768897495 0.262177944513847 0.0929408858807672 0.252707115689051 0.289775653369563
0.0142353607356319 0.213360057559876 0.134351461813608 0.105502307866881 0.275509234374371 0.257041577649632
0.115621068309148 0.11495373233886 0.158967523189482 0.279090851494451 0.213852337344809 0.11751448732325
0.277036125607255 0.17359528672198 0.25680810040978 0.000798522780143193 0.104318180575787 0.187443783905055
0.0507553820270567 0.353797881819886 0.233645812251356 0.0612348061107916 0.229495760463813 0.0710703573270959
0.437202556795157 0.0962802574519364 0.0742456122480116 0.195648812912204 0.147636690197918 0.0489860703947734
0.0732812795644226 0.0316019435551219 0.434774738024313 0.166929524120944 0.111747141100215 0.181665373634983
0.186989252240716 0.223799302673371 0.110021953949493 0.211209990861503 0.197791754243608 0.0701877460313087
0.0943068132767104 0.203570391602747 0.160596392649751 0.228522428971612 0.168480540547278 0.144523432951901
0.0794489029962188 0.110017887286939 0.0558358130794458 0.287736871549404 0.197395134517892 0.269565390570101
0.151164695849916 0.237457931250413 0.259564300556194 0.0139472631576357 0.113404126732804 0.224461682453037
0.085872725362846 0.209632455088512 0.165334751645925 0.204988001905059 0.260521710011426 0.0736503559862314
0.204106080520996 0.232557467728175 0.198611318138257 0.0231577844562619 0.0865958511998152 0.254971497956495
0.038056698822542 0.392428563093692 0.00514629314592974 0.104545703202075 0.381247016054624 0.078575725681137
0.0836991942562509 0.0827595011953094 0.163822789850557 0.127558927608095 0.291730601247723 0.250428985842064
0.0500302432449362 0.258892094888254 0.193000958640482 0.179872629119054 0.160724633150421 0.157479440956853
0.0538528552440995 0.254540164269273 0.374073145033458 0.214334820218486 0.0772922677331916 0.0259067475014913
0.179856343218161 0.115652761984857 0.277017240503438 0.107432537490619 0.038536204768023 0.281504912034902
0.256575573875734 0.1784591894335 0.0734476224530914 0.0515157211168209 0.121749203411 0.318252689709854
0.245741098006556 0.0245909180203307 0.164708430025141 0.177074009919605 0.18340910144315 0.204476442585216
0.287222743645949 0.0996422891130675 0.153077926350198 0.112630883677291 0.148552118514425 0.198874038699069
0.403417340188875 0.197811182091154 0.00750127322678178 0.141355708760344 0.139177958897936 0.110736536834909
0.197378602773108 0.33105140381107 0.140509317098775 0.188967215567883 0.0252486999917978 0.116844760757367
0.123257641941505 0.0549552748778159 0.32760476831006 0.0561532765668246 0.269687741581996 0.168341296721799
0.267146118041768 0.179166444842513 0.141834949978813 0.100802873531818 0.101213100782397 0.20983651282269
0.111106054542081 0.190666214716015 0.0495268777735545 0.357126412456929 0.13985221965733 0.151722220854091
0.203933969617558 0.103956522768975 0.202566287152492 0.106632709673514 0.215207407533191 0.167703103254269
0.1173948269625 0.0237096986092622 0.278437121432945 0.238434336425632 0.0727538082069487 0.269270208362713
0.265089980407724 0.135055306840885 0.0168588103081057 0.266517597702246 0.0809054993871098 0.23557280535393
0.11811390986458 0.213130942236409 0.133634537788552 0.148636706925212 0.126826216961382 0.259657686223865
0.094232843258169 0.20669449156352 0.182728055714901 0.0227061707031041 0.278408217979379 0.215230220780926
0.165600748112107 0.133953067461998 0.204987660275607 0.286922558032395 0.0147660606796488 0.193769905438244
0.0968540305712155 0.399095250827956 0.0242192789516577 0.0247251434863339 0.378363493369399 0.0767428027934374
0.112721530104405 0.204685537819696 0.199144179212474 0.138926861143429 0.274377816005825 0.07014407571417
0.252369745984517 0.0546204871306591 0.215796875858511 0.155998140614759 0.221178290718392 0.100036459693161
0.207560750977403 0.346600271908447 0.00462286123903864 0.367174227907522 0.0714753613272568 0.00256652664033246
0.228965085903277 0.192003577575257 0.0126382852897936 0.0786659577479826 0.252090002584094 0.235637090899595
0.275299840784192 0.16443100955758 0.102019311179582 0.19092592175541 0.129907100519685 0.137416816203551
0.168986890315277 0.0213034163084094 0.226568471808941 0.0459961437124332 0.127194733208266 0.409950344646673
0.306990226184162 0.042888312770548 0.0444605271856882 0.348989520014849 0.168580933390821 0.088090480453932
0.129749147214468 0.253781667761407 0.0508474339578717 0.0759367224119634 0.248458567257069 0.241226461397221
0.252270441007195 0.143008030292924 0.333448579729689 0.00166976861259317 0.161425910017611 0.108177270339987
0.153864461277359 0.0358594768643425 0.177538105162907 0.19995751058654 0.128605384358869 0.304175061749982
0.0673053259807767 0.239148832949596 0.21678192847897 0.059196252364901 0.207866484065787 0.20970117615997
0.00472940925484623 0.00396150096077287 0.1781535237642 0.381117026170221 0.277418395525349 0.154620144324612
0.182630725303587 0.0859498429266738 0.256797425233105 0.316810372399931 0.038415342966453 0.119396291170251
0.189992207488063 0.17111288025176 0.212655917531158 0.0525915513173652 0.152118466722414 0.22152897668924
0.115451102396885 0.236967527782547 0.119949381199024 0.0689425970549318 0.377332786546673 0.0813566050199396
0.17803291928155 0.0496030895782232 0.275955494741806 0.347325678196077 0.0148660190012923 0.134216799201051
0.197009687629956 0.293961015008396 0.176783570122912 0.163308163576005 0.167860456884487 0.0010771067782443
0.0802492126541381 0.212942589786414 0.149608666415721 0.107515709447471 0.203019681057746 0.246664140638511
0.080086986686349 0.195884669828614 0.0335886240405692 0.279178902211536 0.100120450775733 0.3111403664572
0.0689275372095701 0.258423199768298 0.0627044971958819 0.258491904956488 0.150211361883454 0.201241498986308
0.0778415100835238 0.175998151077873 0.254118295262267 0.131961381676119 0.270676033725291 0.0894046281749267
0.270286146746668 0.0335545174478181 0.0264067675631829 0.390996094046661 0.150924832335499 0.127831641860171
0.0328130334058843 0.214943415928453 0.234896610963686 0.23797816323412 0.172757249652036 0.106611526815821
0.153530093962828 0.140993682594384 0.20210575577095 0.174355640905906 0.123247788703554 0.205767038062378
0.129772335333019 0.205602484526887 0.0356110776899234 0.31284381645787 0.192071307225052 0.124098978767249
0.0454312730097413 0.194522995292665 0.257329983657147 0.264949050318592 0.0994483449840567 0.138318352737797
0.186645109411285 0.132508310914923 0.148393722404801 0.0660446664105267 0.171634428119944 0.294773762738519
0.112870123236167 0.219397086263638 0.225334778715421 0.0612013685419964 0.114295281514038 0.266901361728739
0.173507298269625 0.22594985331669 0.0880872533678435 0.174391159209623 0.0871177514146692 0.250946684421549
0.171208622102555 0.343217479152265 0.204825190773515 0.0390850516888678 0.210308236114259 0.0313554201685382
0.185931141489774 0.195391225284939 0.0800305059540318 0.164083293709695 0.288475995057639 0.0860878385039219
0.0909396424276025 0.218512808054059 0.217167183012734 0.182847255799804 0.0691014695244788 0.221431641181322
0.15572046878949 0.0983790338234293 0.203849928989945 0.163200804106147 0.168806239341565 0.210043524949424
0.222177845865917 0.187602828516225 0.136390907036834 0.165693015174191 0.258555030806853 0.0295803725999805
0.180605364312089 0.118091918560907 0.125354316975294 0.106905130247284 0.203292551937216 0.265750717967209
0.014857862253345 0.257878131685478 0.143021088380668 0.0124503528029143 0.438530214381393 0.133262350496202
0.0981290479298373 0.185653474346954 0.130213256200802 0.217963429385912 0.073616443150422 0.294424348986073
0.232684509415154 0.19323543635328 0.316148103335558 0.027022030522597 0.195296300909686 0.035613619463725
0.273700851524145 0.24229009378033 0.217153426321119 0.00220242370572238 0.0341718335176128 0.230481371151071
0.0255943217650493 0.106965014262478 0.263391524753709 0.294026515209969 0.0322779531722391 0.277744670836556
0.130867196209271 0.0566013602289866 0.285456482918191 0.300718357702316 0.110794759968059 0.115561842973176
0.0840494398218855 0.163999863098691 0.30517389287626 0.0549182254978497 0.107761114088011 0.284097464617303
0.242961598658538 0.0331371467710151 0.294158787437344 0.110780782664262 0.131647364947951 0.18731431952089
0.29610853387065 0.102849295573762 0.0295811842272086 0.238541859927238 0.259269140335788 0.0736499860653533
0.112224176112413 0.266471196704096 0.0904820834877781 0.192468672305229 0.152070380061495 0.186283491328988
0.24919147351308 0.14093953222773 0.121558837214437 0.208685354363768 0.0209613536616635 0.258663449019321
0.14510118779932 0.0409905056460199 0.313428430665426 0.21743187901879 0.207340832254373 0.0757071646160716
0.0495310854523261 0.206354796356583 0.241009271708385 0.158435326787643 0.244741334587828 0.099928185107235
0.00884796811552612 0.188166098071209 0.118909191279555 0.294908521028216 0.387963327522352 0.00120489398314189
0.10411609543849 0.174125361135746 0.178442815853877 0.268547397947969 0.0714603234014609 0.203308006222457
0.000695435504911936 0.171573661852951 0.125009086478697 0.191630243803929 0.167721773485139 0.343369798874372
0.0887951946497476 0.103809025026709 0.309067496369485 0.12933584820266 0.281465631579842 0.0875268041715562
0.219191937494075 0.229303003618392 0.129905715173741 0.102085815161836 0.210698747950544 0.108814780601413
0.137729950765577 0.130099054729803 0.262346371904454 0.222624382312455 0.0265984768798174 0.220601763407894
0.218176169299172 0.227254486958937 0.0365673368935568 0.238290576933408 0.103612521456049 0.176098908458877
0.0329952149529899 0.25671902658238 0.0653869226643686 0.275069950231853 0.13791288121748 0.231916004350929
0.238576822424308 0.23120997668154 0.160203907053424 0.175038429613962 0.0443463432806795 0.150624520946087
0.0965137482628148 0.0441013273096871 0.173864019986333 0.0695943500757334 0.318208289459962 0.29771826490547
0.279467524246883 0.176587745714137 0.175577432944091 0.206524904595948 0.0683441176437499 0.0934982748551905
0.0745626235252339 0.340672551742336 0.0523376129862781 0.224093168939861 0.224882900527333 0.0834511422789586
0.0914826301570586 0.0646030128726641 0.0576693774602248 0.327311228334788 0.412626633428272 0.0463071177469926
0.199250280306644 0.084466879878208 0.204045355649021 0.156898006034166 0.180519365513607 0.174820112618355
0.065255270712761 0.28894590063699 0.00764656597433437 0.17574258706871 0.282684265061299 0.179725410545905
0.477856112007009 0.0153319816920987 0.197660656037329 0.0955131852744767 0.0713848108227177 0.142253254166369
0.364699960451821 0.118687388875027 0.119635090742455 0.0152550957968338 0.157487362464616 0.224235101669248
0.00946774622122394 0.327482093531536 0.265721344363495 0.00103237489772297 0.309017036821238 0.0872794041647844
0.274867804189428 0.231896797249319 0.0421864168773332 0.0714533580223938 0.127911561798601 0.251684061862924
0.226114847292074 0.211355085959841 0.0132296065913732 0.20178302311068 0.228367607717969 0.119149829328063
0.232183962785039 0.199700904844313 0.0288683391375825 0.279201770740126 0.191076525522549 0.0689684969703904
0.141522498474111 0.2465732216239 0.145476229876149 0.205725763252308 0.208982680894445 0.0517196058790879
0.107134892405289 0.0580460605182393 0.322954683659743 0.270999589032082 0.0481104415819526 0.192754332802694
0.162369533146138 0.211982425236025 0.0785558467812654 0.00301923094341928 0.275560130952304 0.268512832940848
0.12345076052718 0.205615101659732 0.11258381324289 0.235639662976347 0.305994600406601 0.0167160611872494
0.0355127502794096 0.100097546131436 0.293187697686021 0.101360780773922 0.268478541886423 0.201362683242788
0.0242578604378294 0.101180801657482 0.0930123759718656 0.311485143734722 0.363491704636504 0.106572113561597
0.0317416421471914 0.172703950132994 0.234749416724158 0.181704402652731 0.136969011363691 0.242131576979234
0.224377572955734 0.340233820058386 0.031888823881832 0.0979395300999676 0.304400559929353 0.00115969307472699
0.0665146963978094 0.189670492295336 0.329702667381417 0.112900307300437 0.252082268805743 0.0491295678192572
0.0994603070132897 0.321355021052548 0.170272903934461 0.0112138478741982 0.171540806581206 0.226157113544296
0.191791945235269 0.0841206924272391 0.260760518374926 0.000822596178890436 0.382246964046856 0.0802572837368199
0.0440631592056371 0.438220695009616 0.137696137492111 0.250105970069486 0.110801184291285 0.0191128539318653
0.182600699581503 0.121269497833891 0.31743954904438 0.137465356433904 0.22769255666834 0.0135323404379814
0.237227847168424 0.272238407002801 0.0876007799556354 0.143238607133472 0.165795254690542 0.0938991040491246
0.0155515801530031 0.178323246798523 0.240533213134262 0.131988763425197 0.318883977388705 0.114719219100309
0.164884799868158 0.211788213032627 0.216633294454795 0.182949523820171 0.220417712411402 0.00332645641284829
0.238409627146524 0.0875750258611779 0.165668251359806 0.142965746930529 0.0032228999331688 0.362158448768795
0.00373425735498691 0.0878687727639589 0.300782032003213 0.027937667525162 0.330624296709095 0.249052973643584
0.0220501882085575 0.082658754364324 0.149690232355065 0.222514743612132 0.200631578708522 0.322454502751399
0.179396776423913 0.270468763223342 0.28013407652359 0.124106038945394 0.10452445980768 0.0413698850760807
0.129935050402544 0.0666348561812942 0.112574175020395 0.221910582762543 0.254072411633547 0.214872923999677
0.0478739244163937 0.0955319273781532 0.186399133317912 0.219272381745364 0.245308002609609 0.205614630532569
0.45285640442306 0.227724294796681 0.066237095130383 0.194658655971884 0.0171131804475183 0.0414103692304742
