0.123260337461989 0.023351548231977 0.155378890662363 0.146268521412435 0.0866833244334711 0.157442696398651 0.092745230704097 0.0863312823493912 0.128538168345625
0.0954113030314301 0.0669051852281606 0.204852180067816 0.174213086961931 0.202191223490312 0.0351133928113186 0.0836354085588108 0.0216801116934003 0.115998108156821
0.015158357694264 0.191089146443569 0.00111949028497478 0.119420057228155 0.207742590928994 0.186046843397698 0.143537943147218 0.0462654723214627 0.089620098553664
0.00331581340493059 0.22294948553038 0.104330645572634 0.102553681998344 0.0856488560866011 0.187883324575086 0.0922466315259659 0.119138482429173 0.0819330788768851
0.189158845189745 0.0514277094733738 0.038207608070313 0.0608600053168473 0.187738605041226 0.110416782885782 0.0369765336658053 0.155548091336052 0.169665819020856
0.135496062126155 0.0162833958133882 0.138060830717011 0.100720202977454 0.057841737592315 0.171289352900718 0.110760946668947 0.172901069759383 0.0966464014446283
0.145038125388173 0.142723223120713 0.136314405193699 0.113182914931863 0.185095878312486 0.0296678118284479 0.00968943758643893 0.0987246135861479 0.139563590052031
0.138327010152548 0.136863452003566 0.183361257075839 0.166864880969331 0.100800574016079 0.0237838197361807 0.116114325453488 0.13152570703625 0.00235897355671926
0.117043561091496 0.1028445667906 0.177599205456214 0.140641789460367 0.199942288271168 0.0178667650793114 0.112105698252939 0.00976154639935085 0.122194579198553
0.109864848091212 0.07109781166307 0.11020793774649 0.14423728664692 0.106228700598762 0.146142045031767 0.125790774072794 0.0577380261185789 0.128692570030407
0.0836278014006861 0.0502969616052394 0.0334072721666226 0.236040120764426 0.132860380439911 0.153820764876292 0.137742746476618 0.0721066238814199 0.100097328388785
0.0175824334078469 0.098830108425042 0.134485039227907 0.0568352434575268 0.187591387121178 0.103082359670842 0.193232617253161 0.0414568904696369 0.16690392096686
0.00603084449776853 0.185254893853104 0.119544414583094 0.0833195492318427 0.0213389050107511 0.0977210258752751 0.179954682312058 0.118373578860353 0.188462105775754
0.214653205572814 0.137190126684013 0.00822835606496302 0.182084124939028 0.112963346572166 0.101156025684337 0.145870489349055 0.00947895054892147 0.0883753745847041
0.216998458365974 0.00472490259117095 0.219321602218495 0.00438158283644921 0.118500177759029 0.241114802717349 0.0412356290737374 0.144570938072689 0.0091519063651061
0.123360933949792 0.143928454373309 0.106868748947663 0.0943185344700445 0.0449244945794726 0.161767578595346 0.0378075583838007 0.121231127617232 0.165792569083341
0.00718429850255222 0.00960420660436712 0.0260527266028009 0.0699716077732954 0.148191841509026 0.237193839278855 0.219888525928445 0.0627750716583706 0.219137882142288
0.0934690959731176 0.173939383598479 0.127376063117006 0.0678162177409298 0.0130469185716722 0.203453934726463 0.100582421698888 0.102226948257239 0.118089016316206
0.168439395771393 0.107023273918174 0.0853397854385043 0.0625366355370909 0.173749059192383 0.0963088569919544 0.160632272634772 0.107913841109172 0.0380568794065567
0.129193382771077 0.0763590214282911 0.113064973788559 0.140243549989981 0.0962994940835165 0.0827895880159454 0.235711335961567 0.074433375031432 0.0519052789296317
0.202934554587556 0.116112945752021 0.0522473275486474 0.0954115266418996 0.0235923159575009 0.181317931065824 0.117629191416023 0.198740619679049 0.0120135873514794
0.195961802807971 0.0241900608304254 0.0505282946199473 0.0622702150884957 0.13455513143091 0.0600703178012363 0.1974099974151 0.245557927409231 0.0294562525966833
9.94905095390198e-05 0.027775525780974 0.138960078450747 0.126403030034714 0.171664399227879 0.172202613331037 0.119210322835745 0.160764567146506 0.0829199726828587
0.188265447803884 0.106300293395985 0.103598341777486 0.110560026229947 0.2116186066172 0.0902445377203635 0.0873834556913796 0.0746769743385532 0.0273523164252017
0.142562792698523 0.141104783438164 0.101704397610686 0.0995183789917842 0.153744316839673 0.112895216146507 0.186346855315814 0.0190041764454792 0.0431190825133684
0.0130567158681822 0.20546438517393 0.187478239485099 0.112634283502725 0.0652809927066434 0.0757010919142105 0.146448049787037 0.0411137816748766 0.152822459887296
0.121718294614175 0.0307966423319953 0.0921683619703014 0.127920083275117 0.163697140697145 0.176631683936437 0.0994836218078527 0.108716411389232 0.0788677599777449
0.00190096233408006 0.180763515463602 0.183592984574864 0.0116049951787825 0.126965588137616 0.172647931876928 0.0630030425750353 0.0708454061574754 0.188675573701617
0.101432502950003 0.056703371871437 0.0282548495061605 0.142242405453164 0.17158920082393 0.22313640793742 0.0637248575044821 0.095131838640074 0.11778456531333
0.0020411434896535 0.185179392179053 0.164507223165407 0.148049025419919 0.132562649957358 0.027273106216246 0.162773614635582 0.0467473881624557 0.130866456774326
0.196741262441256 0.1583841112723 0.0545185422800188 0.129971623843992 0.0467058640921308 0.0219593077914476 0.159483937925255 0.194222246209435 0.0380131041441643
0.0932163512336088 0.153604428505939 0.137253260069242 0.0260759546586165 0.0651323986058468 0.096587267129774 0.161083649003932 0.156716858664975 0.110329832128065
0.0722452135420696 0.122632132036783 0.143295834918817 0.0993020834883781 0.100131833033095 0.0334953369821573 0.103476548223709 0.1606088468791 0.16481217089589
0.0112265034544091 0.119978481941543 0.0701248444872943 0.186263900919952 0.122649406980716 0.180967429791357 0.0359519744944233 0.112510853935451 0.160326603994855
0.18546324601126 0.105038948914344 0.122217379803336 0.107577902754767 0.117782547752003 0.0286391587511082 0.112287671914571 0.15118966935943 0.0698034747391815
0.0757733239911394 0.167253330196079 0.139394745905183 0.106552035101059 0.0612440279274094 0.100545591114176 0.163572802270488 0.125507051343109 0.0601570921513561
0.201258097336727 0.120777421757686 0.0832571514013652 0.09967635884645 0.0375597489582283 0.0124047328156427 0.0639017895285533 0.225697570259213 0.155467129096134
0.0395063496718035 0.0014311326501149 0.124388309308426 0.211387190672616 0.110096606482192 0.194149089036578 0.0867867807930836 0.175807063657349 0.0564474777278365
0.177172185483064 0.0373229052522591 0.23781089719125 0.0558553348734905 0.137709589014962 0.0684935648981228 0.00956009424328841 0.0171061765128289 0.258969252530734
0.0746119279069394 0.0495949426169351 0.197755342906735 0.135848004551381 0.0253235518560071 0.254378784213229 0.119845740008346 0.0848378492091367 0.0578038567312913
0.132933790849885 0.0821121595419056 0.000624936986004501 0.180224700618018 0.0554992324273915 0.076030687803117 0.215683408154782 0.129112732458408 0.127778351160488
0.181415649092092 0.0949073316680542 0.0540841917357934 0.0488881743937929 0.195601013083272 0.103931342883494 0.0822911417592296 0.0430276055830218 0.19585354980125
0.131651706246093 0.0242793383144227 0.131077682115862 0.118115056485835 0.127179594844427 0.00804387862736844 0.21205546613336 0.0537421141414329 0.193855163091199
0.25405744796982 0.0720882156039207 0.142559948097561 0.00319947332583157 0.0819708256656189 0.24587058352488 0.0833618454025066 0.0184402983677709 0.098451362042091
0.060042731546607 0.236778235736116 0.0350888962186533 0.0193032227620826 0.256014420626251 0.00836548524534567 0.248680484282426 0.0339034472765243 0.101823076305994
0.009866303802872 0.225055436021432 0.115021354546474 0.011004769856237 0.212474056147983 0.214811333215077 0.0854108593817739 0.0290097531508234 0.0973461338773275
0.115223298823874 0.0740808862839787 0.108106560582551 0.0845623231188214 0.000446380284995155 0.203146609910878 0.118613559662175 0.141203533618483 0.154616847714245
0.108413729223418 0.177085215206922 0.0510468525380489 0.227639111081377 0.09602839758682 0.1060300921571 0.0902402280338829 0.0560421773727914 0.08747419679964
0.0134682696015111 0.101282266620823 0.0739007897837982 0.183236426205184 0.0159822185573621 0.177551418294776 0.164038411078319 0.156034559175742 0.114505640682486
0.0974617690806732 0.13049213615697 0.0135477583887649 0.225794606763018 0.163961647182471 0.0651029101190306 0.218344920927985 0.0670942040768719 0.0182000473042148
0.0676104761052823 0.10567568461226 0.142654278376065 0.100399206817653 0.155555619700468 0.141578267312984 0.0687530208575978 0.130736181044553 0.0870372651731364
0.189969651138585 0.0738603638671613 0.0854729718410454 0.131062243791374 0.132695211672471 0.0105369067694784 0.146446787070354 0.0944127553097473 0.135543108539783
0.0735166594945842 0.121401441320245 0.14382779812374 0.115025260584714 0.127779688218988 0.138202983950332 0.132153816805946 0.033910202776079 0.114182148725372
0.0576339242102728 0.136311941730987 0.0662469199225056 0.162114693362573 0.129120592301488 0.17007597695025 0.188187598681312 0.00989676003274121 0.0804115928078698
0.185045791674604 0.05375669489784 0.171050246072745 0.076551172678824 0.0657355851110189 0.135647771955876 0.168569147435942 0.0901047744922092 0.0535388156809411
0.00529552372376941 0.0164415974497934 0.134968432615852 0.0775215567906272 0.06559939983273 0.181583024196409 0.201928069255847 0.179151586033748 0.137510810101224
0.107186481115724 0.095306153843643 0.102712953766142 0.101142767337778 0.0877371411691171 0.124820314395746 0.156891313750121 0.11622167765298 0.107981196968749
0.0497088476415673 0.287220953821678 0.00381700806900622 0.00368305754527666 0.216940926174278 0.106085651678923 0.0861874539775975 0.0898212139419835 0.15653488714969
0.144237623000382 0.13759070212462 0.121690643594451 0.06171208279666 0.100456810337271 0.117901358526094 0.0939094385559164 0.13376386951707 0.0887374715475356
0.137418825154139 0.0421938434421627 0.0193537067069412 0.149105619512233 0.203972339509906 0.102028702552125 0.0853553677538597 0.193984105962447 0.0665874894061853
0.0840680162526576 0.0345700931718166 0.148433971478485 0.177068686738111 0.100444547399331 0.136218115807367 0.0778935519255468 0.185374185381832 0.0559288318448546
0.181758351833751 0.0425086774651071 0.190123027613801 0.172644023679591 0.142626594978987 0.0217680313071574 0.122948200060484 0.0141414780640378 0.111481614997083
0.011687321661355 0.128774398855346 0.00821189418271339 0.0718779849095405 0.183143158425292 0.211630233418875 0.22587998067985 0.129275898957264 0.0295191289097636
0.16489023477541 0.122596283992529 0.0611770498484683 0.0769187408353998 0.0731946488917458 0.184476568484498 0.134368540030563 0.182170253925972 0.000207679215415385
0.183525468075868 0.145043507342233 0.0757688249453009 0.0785951160978802 0.0942898012382327 0.151547754848068 0.0913982092672256 0.0647552348864058 0.115076083298785
0.175521294937864 0.0855248884990226 0.128231444385703 0.0598825424847111 0.127593166366919 0.099744998013933 0.132383163572535 0.152205265133203 0.0389132366061092
0.111652573085708 0.108549815550056 0.156879382404368 0.208897701189302 0.0493952151614567 0.201462050934944 0.0134859960547233 0.0531591468834833 0.0965181187359589
0.0444507653685195 0.292133758458708 0.115760205049263 0.0281533560145346 0.0514521629986171 0.0440808765790283 0.170144181635374 0.200513246469295 0.053311447426661
0.151085002714273 0.129447885229835 0.207042097354509 0.185792552524442 0.00597982508843006 0.0277886125214691 0.000296844900817112 0.166456812934688 0.126110366731537
0.138666417538936 0.177647022093779 0.215813727178234 0.0851033059987856 0.15711641846966 0.088683871500178 0.0979709978597214 0.0142377968566947 0.024760442504012
0.0401983027830452 0.031203389271469 0.242635076643363 0.100872518138571 0.145756448150151 0.128637522384957 0.0475950939457177 0.135319379101859 0.127782269580867
0.0839092447887541 0.02644362644722 0.213929272522706 0.170655986020749 0.0117373087178415 0.213480441209725 0.0491685693154025 0.0274398690015172 0.203235681976085
0.0835266692752081 0.00621648897616338 0.0341209710633988 0.120474982673701 0.180077954576762 0.162859816120488 0.157925226712452 0.0619812309732733 0.192816659628553
0.00101458029389099 0.126413726152005 0.0425391980481679 0.115937236098422 0.108177783688383 0.0610810770864665 0.102592122011653 0.217104002016612 0.225140274604399
0.168160092144781 0.187863810819203 0.123367511513603 0.0831270267739725 0.215045176802744 0.0990702460502312 0.0267129201966685 0.0894923342708537 0.0071608814279433
0.118886653296222 0.196068716422424 0.0397409501646884 0.0332229312156093 0.186013877195242 0.178150597236814 0.0995889076978381 0.0384196174515555 0.109907749319607
0.13668914023261 0.129223357663002 0.136690159785417 0.0854908852559113 0.0852509239842536 0.130460457642732 0.162682856409788 0.0596211009438531 0.0738911180824331
0.205408339503115 0.0250944669897993 0.172417136271814 0.020420706457546 0.203852147695979 0.0427216854070914 0.0832031533573921 0.175655426198741 0.0712269381185224
0.0906517114112746 0.109561748913072 0.145900130270169 0.0382406131773559 0.100490161078721 0.0923655087937765 0.098630137568147 0.113577372594836 0.210582616192648
0.0603340128474308 0.180669754746687 0.0762464162021866 0.230648345169553 0.0542699570550231 0.0326227909421439 0.194770768668621 0.033592932347452 0.136845022020902
0.112917706140975 0.0663004443915943 0.183832591832821 0.16078153171157 0.0948695115360053 0.0452220484753991 0.144947448397904 0.14747538975411 0.043653327759622
0.0499041759139091 0.213916690740904 0.102761558411283 0.200805674958482 0.0135871003168677 0.0354061445602268 0.138416519271851 0.225063309135017 0.0201388266914604
0.2400444623667 0.178906246012134 0.073427474268921 0.133630106397813 0.13261728402164 0.0831559938548334 0.0653088641053724 0.0427399823400728 0.0501695866325142
0.105438358557334 0.155680703527042 0.0269185811166367 0.0857630398767739 0.198910317950742 0.0514206642224827 0.170834590103729 0.0725958685651945 0.132437876080065
0.0905395638963676 0.00823295432962273 0.166526991994922 0.0825233766308447 0.0316388137664122 0.0399243869981789 0.216852644379357 0.111688588917386 0.252072679086909
0.078349073481262 0.149902258301305 0.164791771499116 0.189960031485802 0.102593994371627 0.159161906790143 0.0481938870391725 0.0286704638151391 0.0783766132164342
0.166833032109807 0.0912611535592442 0.126175798665056 0.184029370380011 0.00977318411705429 0.0560076227465197 0.193074858934983 0.164152094008048 0.00869288547927763
0.175830712115784 0.0691618442413473 0.1725108897718 0.112975671360312 0.14164847230122 0.0254378160929109 0.0845872393547924 0.166727485423951 0.0511198693378823
0.0202081732355157 0.0787505680617848 0.136476960686785 0.08925428189967 0.158182864163248 0.17740845188636 0.198266272500648 0.0394964786399977 0.101955948925991
0.027503866621008 0.0363480462053378 0.170694625114746 0.0397858132934665 0.135795914986876 0.16340858395832 0.143007656463903 0.146822980543295 0.136632512813046
0.114862533015191 0.0474227358279203 0.215029399423309 0.0984331499135048 0.154266130197731 0.0460317495990622 0.187257707283681 0.091054406270456 0.0456421884691449
0.120612127305137 0.0200137309017475 0.0119751319922192 0.098486267356114 0.0630577855540565 0.161963623043613 0.185703817467348 0.19345530371068 0.144732212669085
0.0158511402010446 0.052583201118828 0.154421933488193 0.153836978369572 0.121741277358751 0.132549349365403 0.0334363029929519 0.172889347595589 0.162690469509667
0.190443264263599 0.0880771873269602 0.201900458068962 0.0188421524489631 0.0219009637155341 0.17998321188926 0.203510579701182 0.0112340967752641 0.0841080858102753
0.0302176011172863 0.0296098463338713 0.194154975857549 0.0304990154649044 0.116527959579844 0.153730863393231 0.139702261655405 0.14123791234362 0.164319564254289
0.00876323979008543 0.120751093862261 0.193234481197394 0.11018504476777 0.177392252527068 0.109176711118268 0.0113549020388011 0.18563750671474 0.0835047679836119
0.124037337401693 0.106853445691041 0.168562041906985 0.096666286778633 0.115402235787867 0.152506607992173 0.0152746276331463 0.184824466813145 0.0358729499953163
0.0952512740625235 0.0562401955171082 0.0937318193124063 0.18516970320209 0.145428779653818 0.158104249415119 0.12594399630451 0.0320575578075035 0.108072424724922
0.0484052770796751 0.144508108427698 0.118324087261709 0.155779051067352 0.15464235109701 0.00241930260640839 0.105808287962748 0.101030386223189 0.169083148274212
0.114895662948105 0.135549140636001 0.147782073385766 0.103461033680696 0.0202347233321133 0.160579431894541 0.150076693527187 0.0649867461452935 0.102434494450297
