0.119105368825065 0.16748938274325 0.0879736070201941 0.0531111092042853 0.0720594088101176 0.146384394474887 0.00145915939904702 0.0838628577599175 0.198733833393358 0.0698208783698782
0.092208236887256 0.070578267744932 0.0735046709524349 0.113740306222884 0.0717281662110835 0.241388580435826 0.0637119092821333 0.0571560420274366 0.0704961171744018 0.145487703061611
0.0953894295154065 0.096372162676724 0.0508286349277225 0.0733069016183922 0.162998532441555 0.142720829572439 0.136407172308044 0.112003057750932 0.0582074884014077 0.071765790787378
0.170559186542144 0.166156084389721 0.114057105136383 0.149596790857736 0.0582108054228656 0.125097233942815 0.0147513998048721 0.103709623731918 0.0639535686864594 0.0339082014850859
0.127048690727181 0.314946010596605 0.10412700725264 0.00754967159743312 0.0764182347083345 0.216460114529993 0.0538937743805757 0.0346110330619076 0.0124471015717577 0.0524983615735714
0.122654074808089 0.165083525453767 0.0356713880113985 0.160435511944426 0.0199355435343793 0.123286967563569 0.129991530082031 0.133955731792785 0.0639776176500449 0.0450081091595101
0.16089901100077 0.184044919096229 0.0336481014171627 0.137760765236412 0.156673154941451 0.132138326199376 0.033515503455167 0.00147254216639099 0.0761264814304598 0.0837211950565808
0.0184066285272463 0.167542787413598 0.133621212513178 0.0637692703846054 0.0437725612338716 0.198113133941229 0.0478934489923097 0.148988499555087 0.0327069283864052 0.145185529052469
0.185699293097793 0.100061424454784 0.125047381634644 0.156443134995587 0.144328895471556 0.0773421337416261 0.0513343655663627 0.116447968187873 0.0382227120126703 0.00507269083710395
0.12814437697106 0.125997975306054 0.0832260208105786 0.0962332023838358 0.159178596249592 0.11229584604559 0.0904510209131399 0.0658858224502545 0.12888465977065 0.00970247909924485
0.131564473006804 0.146332898266976 0.177248643584903 0.0541219211026564 0.0133115652108741 0.107678166059587 0.0631899995022932 0.00391246114979905 0.167456923044813 0.135182949071293
0.148930878719167 0.0830601550536821 0.109546889454399 0.201411674704643 0.168948634933538 0.0301836304974449 0.0838187061074652 0.00200888237700052 0.0779097198434247 0.0941808283092358
0.121982204298701 0.0368915167134913 0.0846275618400384 0.132507749010053 0.00969487458252917 0.2116540723653 0.169298024848094 0.0768410233504578 0.0512567819967221 0.105246190994613
0.0902315616961813 0.128094440885364 0.168921455821326 0.0220233878321878 0.0243688401672772 0.0525579885980777 0.184058291137754 0.167393518747793 0.119319876669294 0.0430306384447442
0.176996316622002 0.102110714243188 0.090311281128694 0.015687110510447 0.029553710220619 0.0830002223233343 0.146740429785435 0.119303788466701 0.182808719200602 0.0534877074989773
0.0975665828386078 0.1489191025156 0.198097530043441 0.119123150821937 0.0941138501297349 0.0734650911578487 0.0964582789047763 0.0230840272010701 0.103753810612017 0.0454185757749667
0.000119218922873235 0.0288211136457988 0.132259875305137 0.221967987185403 0.0557246698901642 0.186474468416706 0.0271147282372244 0.133016324036536 0.00718948259548517 0.207312131764673
0.0358210149897539 0.0668321800629374 0.142298881528832 0.112019803263932 0.143732868565649 0.0171857936586726 0.203407584798413 0.0685509908246203 0.0693794360558248 0.140771446251366
0.0334451702041672 0.147471764946151 0.0391023025758715 0.0660920041161217 0.202990489689427 0.192123177166047 0.0563331182068943 0.0168357086202356 0.151223347387451 0.0943829170876338
0.122290723655506 0.0847691782356235 0.113301467791864 0.232213153320674 0.0780564340296468 0.0309330044957688 0.0183527435669268 0.279692621812832 0.0364490549911559 0.0039416181000016
0.15405472199931 0.132294762358056 0.0147284757284097 0.0980368388693992 0.121291567445403 0.134988446809288 0.0999439372334379 0.0771260004883959 0.139144538187348 0.0283907108809527
0.0436521925282611 0.207508187402123 0.0978589412183003 0.102286363343221 0.0564067953085822 0.0762530308430544 0.0157973783668995 0.155016268231743 0.0874514198682079 0.157769422889609
0.0847927897107661 0.119051240503074 0.107806267561522 0.0779273791965503 0.0958685204959437 0.14759638699874 0.0421207485084818 0.0858161473780797 0.146977532511325 0.0920429871355161
0.117804182315495 0.152957014921235 0.0607723754942378 0.0479900301487235 0.175846010555724 0.0837559706983548 0.0265919558669552 0.0705536864443028 0.0157779281624672 0.247950845392504
0.0344337202800432 0.133196077841668 0.00612505687166614 0.0567854833204645 0.110887627550701 0.136917734840152 0.121293698980111 0.0153918810042345 0.188210067459341 0.196758651851619
0.105161778375122 0.123352496983452 0.121160411726713 0.158669564647906 0.130857270359065 0.142513981291879 0.0212788844040131 0.0516491938867388 0.125259019599892 0.0200973987252181
0.000865066876291066 0.138513560636179 0.0207247004819626 0.115664093677375 0.0873479277388046 0.144823190583304 0.140939262481025 0.166914054540236 0.0168167863833875 0.167391356601435
0.00717751096688067 0.0780380598217534 0.0466740997298108 0.120591393294255 0.10803654973949 0.118754290991147 0.0629261275636016 0.188448445087371 0.207859203734926 0.0614943190707638
0.167646072896599 0.0981496499987046 0.0707551440463007 0.0916320828403538 0.162251640882682 0.129764012591289 0.100289781184632 0.00445473000324196 0.0488653829327884 0.126191502623408
0.118453373171117 0.106043045098195 0.12404535337979 0.125217136025591 0.0513646077216945 0.112937722877268 0.0788536630217005 0.111020609476475 0.0624125901371287 0.109651899091041
0.101348230330752 0.118791746529534 0.163745573203338 0.161589781262637 0.086230747448363 0.129286696129851 0.0483763071696985 0.0345252061428838 0.0220114174354055 0.134094294347538
0.0346782535869718 0.107821088813037 0.139836998478803 0.0727539261041427 0.145654614344358 0.0497862750839499 0.134038272028821 0.132906439031169 0.101511753076755 0.0810123794519916
0.136369971523496 0.0262687925091177 0.153963096082897 0.0711503524755972 0.132103823016356 0.0835708877485081 0.217919364396742 0.0787183141336065 0.0498633222791548 0.0500720758345255
0.127340363671979 0.0522117020862409 0.0289557599811582 0.208545096320162 0.129230434933788 0.0461216239192734 0.00172665707593394 0.101801093626516 0.114714142421434 0.189353125963516
0.0131515361460839 0.104892494658971 0.00440063713377552 0.23683114581304 0.189522777069249 0.16717435107893 0.0884674635819201 0.0986598812201206 0.0574851847642671 0.0394145285336433
0.148295776988766 0.0291645497941231 0.0794712154389512 0.069764729653982 0.132324164451511 0.0472308173346673 0.246366036890689 0.0405037186955402 0.162483679525532 0.0443953112262385
0.0937190026152392 0.0998210537541489 0.138061525764895 0.0992258241492056 0.0463022728016982 0.129978656682415 0.0677994065940962 0.0818201604914663 0.12594369927683 0.117328397870005
0.0772668104290873 0.14633702639314 0.0443825964237263 0.180349176128234 0.0430412085444995 0.208374205803018 0.06410142179166 0.139497174685425 0.00903013844393406 0.0876202413572754
0.13104671184256 0.102043308382618 0.0749780555257549 0.0984178166434546 0.0503621841279926 0.0954893665097963 0.140154475909766 0.0913468652039742 0.118362246277253 0.0977989695768316
0.0505513104744951 0.142341369861861 0.0702849419915521 0.134767860865704 0.102659976491679 0.102002521097052 0.0597552039248375 0.0374765261645822 0.150017406576261 0.150142882551975
0.178633826756913 0.0750449789493115 0.0174125708156625 0.0779144947238984 0.136294901017453 0.107582375264676 0.0972623668845915 0.0211822342683512 0.165508477440205 0.123163773878938
0.235282511360992 0.0604122177792233 0.012061701734046 0.066696109696068 0.0499926931473364 0.148401919343796 0.246937871231704 0.0778407866235749 0.0961064971843519 0.0062676918989087
0.118631991345759 0.138165403610274 0.0436141635672219 0.139758477907489 0.00858174908861977 0.141086816348718 0.0268897032321152 0.143758445169427 0.0786160837761501 0.160897165954225
0.107214325889166 0.13367874560167 0.160266073968188 0.0879714764225823 0.0857158045956777 0.100025968390852 0.14473279941966 0.0881805389547545 0.0677739105343294 0.02444035622312
0.0829374638562812 0.183677787451516 0.164144392265357 0.0882694476908577 0.0796978027836786 0.0787398485709867 0.0931904258458595 0.105027254322161 0.115971505580992 0.0083440716323103
0.068806009751365 0.126679758005714 0.152929369364567 0.148155832815823 0.0603454026666959 0.0795229739887348 0.129922268260363 0.0501048348453911 0.124188606320334 0.0593449439810111
0.0613728081998727 0.0992144335571192 0.145710748418612 0.0385082137364238 0.0233426612284658 0.118875543848837 0.138339731929745 0.120006787330506 0.116305029116816 0.138324042633602
0.130397873001607 0.0471360621887648 0.016754452078761 0.150185344494409 0.00241758354169013 0.121856803778129 0.111174777205473 0.0426742319658622 0.218103752823818 0.159299118921487
0.0372456106903693 0.190579592049549 0.0416170369666587 0.0580418897857695 0.0767709791170889 0.250331988215259 0.0619922649085021 0.0843923471293968 0.171585464144129 0.0274428269932769
0.0971211943785371 0.146025198825698 0.128394534211872 0.143676765490652 0.0204302279440554 0.100784162956458 0.108153572087578 0.0363219320017189 0.0625290054208475 0.156563406682584
0.0657511110054853 0.0184317149769103 0.166683826655381 0.0658920338913629 0.023125564932304 0.131671064858063 0.104778715066111 0.152227568620624 0.158038657995145 0.113399741998614
0.0870429607349428 0.0584088864564649 0.113987827644643 0.193224877033906 0.0394150312926968 0.0803837573879928 0.172145170089184 0.09021201305665 0.117548408980931 0.0476310673225891
0.0967626457188848 0.0659632339124917 0.054208161735729 0.149790338270559 0.0171515653661543 0.252129830641192 0.121878090921762 0.209614282398364 0.0314412095543916 0.00106064148047131
0.0708293013378243 0.107549625190657 0.0769896084220686 0.101129730244203 0.110474183117661 0.0963456233139585 0.116200175182099 0.145214698103846 0.112375331257234 0.0628917238304478
0.207466528046542 0.103781806876632 0.174357621780114 0.0128306016645753 0.18092663314086 0.0845240043863711 0.000705704700654503 0.00227315177111994 0.170460226186566 0.0626737214465649
0.120306050483156 0.0826503756309607 0.11616505982096 0.0424932469658741 0.0549081713197615 0.0417640406212671 0.158137611102161 0.157494043045788 0.145835339156984 0.0802460618530866
0.165728472724517 0.187410421500538 0.185518675312119 0.00381330924414661 0.00978265747939776 0.167674312327758 0.0477045663335742 0.0066681846866088 0.0590936361504974 0.166605764240843
0.0451566420361103 0.0602005584727633 0.00702597322245012 0.0436983251719598 0.082492755762693 0.191330763770731 0.123171369579 0.223104368721985 0.097230709716122 0.126588533546185
0.147292151605294 0.142604554443659 0.0119112007518943 0.114556449087203 0.0274904940306409 0.146498622732568 0.0665074670053421 0.0936689398574148 0.174340479047594 0.0751296414383893
0.00419561949976444 0.0970044953470154 0.0739209760395249 0.178659110506413 0.064642521433283 0.117212104322708 0.178793548097601 0.129782956586674 0.0215188390133513 0.134269829153665
0.0714924164730159 0.331145312916127 0.0255365847333334 0.196009007845668 0.0812273900493092 0.0033562663164899 0.106557956901475 0.0875077124069226 0.0626661929149406 0.0345011594427179
0.100164564260625 0.0600262091355776 0.048980367034961 0.116770595135805 0.149235358133393 0.0328293189477962 0.12821165710664 0.165790035559791 0.124372357409732 0.0736195372756793
0.0423487789305189 0.0134657469407858 0.119335069666747 0.164116868206782 0.0634018075637906 0.134015111440484 0.11457078728511 0.0727626827572406 0.159380973924954 0.116602173283588
0.17823706030136 0.0819806698560678 0.162661022094562 0.0388548604370795 0.129387193139678 0.0247702386912209 0.172077028664649 0.0632268582791119 0.103882573995879 0.0449224945403913
0.110194093118994 0.0136690020802019 0.00602613169443227 0.172763896565366 0.10983572093191 0.175391315780741 0.107692003929858 0.062640661329754 0.143092770985916 0.0986944035828273
0.0415316109251379 0.147111256424719 0.100298873389321 0.0742075760875876 0.0444933357779586 0.165390120629965 0.124096046692301 0.0914242839250509 0.123156197683045 0.0882906984649149
0.101258531155005 0.0473999376896339 0.0368069852541091 0.101617169735256 0.0829078088717605 0.150101244764247 0.0702670488113838 0.127040346075508 0.130733414873563 0.151867512769534
0.0393851146072128 0.227396793639219 0.263241534877494 0.0828732545160203 0.00630739707741044 0.0446726293281556 0.190590412320076 0.0496195037413302 0.0276007965144828 0.0683125633785985
0.0639417495556963 0.160737225401716 0.0369379814125726 0.120078086357165 0.0436530567392636 0.0567015718242423 0.185610164974318 0.0258212521512402 0.20053391532506 0.105984996258725
0.0480460762237317 0.162383260459983 0.186951547665449 0.0335133580272251 0.0901810861996904 0.0303217035217201 0.16598373386227 0.0483513604423521 0.0509580029571368 0.183309870640441
0.111736308439526 0.135367276608233 0.161065138896904 0.000891240908331666 0.0876833570269009 0.116462340679942 0.144430836827796 0.138108604503941 0.0670152548337561 0.0372396412746693
0.133758660733653 0.0946368144191071 0.0684361295868502 0.0564707351452019 0.17485431743153 0.138719826601721 0.0834644251562401 0.0759487992405345 0.162486352380677 0.0112239393044835
0.164510396156693 0.0403880944088929 0.0382118818215114 0.139299382226853 0.0743050365920253 0.141870962283524 0.0737747773065273 0.182744785379707 0.0857996665735742 0.0590950172506913
0.0715300305128998 0.147162428009332 0.000950157754789642 0.0965505450615834 0.121425704950009 0.0820290282649199 0.130954076221266 0.134992366515895 0.118940738860333 0.0954649238489718
0.0992643792491464 0.0915737947315365 0.0427711872550389 0.0675744445454702 0.136520428835057 0.155949000188833 0.159184201980466 0.0532932860572195 0.052366820588823 0.141502456568409
0.0331381154550772 0.011824780061406 0.0850726095306436 0.0593116734445186 0.210122340804474 0.0616436986274895 0.167380537199039 0.152219083341467 0.00627804181005837 0.213009119725827
0.104933712728423 0.0572843740426206 0.0954611632706998 0.000700581656983834 0.0941530143879488 0.142154381197586 0.12807950403314 0.128267194752998 0.118074496366095 0.130891577563505
0.129961638219269 0.182606425936558 0.0899428380888452 0.164723749830154 0.0812508189553147 0.053721601536105 0.111482314994642 0.0187735379078552 0.075160663813805 0.0923764107174528
0.107228784824633 0.109086062833983 0.0752366582906391 0.0539809696722238 0.0949956873452216 0.18973158619088 0.139104376253474 0.105691959487538 0.0331209016053432 0.0918230134960645
0.0589576505971293 0.0222748201995656 0.239572132985797 0.0784901800629934 0.0636857902979545 0.257508854146705 0.0162686902235384 0.25682211541687 0.00505557146254241 0.00136419460690358
0.0926794264103681 0.135139020540411 0.154118370473569 0.0660634308476336 0.137610884155672 0.00552247209325048 0.124594084735013 0.140165873769125 0.0174986985199527 0.126607738455005
0.0525257964451055 0.0242033831808368 0.148307975139969 0.106398416925514 0.0647585493462084 0.091548035472951 0.0685211517067287 0.181604223153618 0.206813902557483 0.0553185660715849
0.146908349295098 0.150378844847867 0.00592070596234055 0.154950252043878 0.0230173606008683 0.216696517178625 0.0118845150602957 0.0115292350754661 0.0274549696738783 0.251259250261683
0.0719684956304889 0.199342924572398 0.0339793315295786 0.0322425779012598 0.173817961063786 0.00785120961459903 0.0197432296731786 0.156734893322635 0.187883688027712 0.116435688664364
0.124511224596818 0.094839493415152 0.0554051731919726 0.0330770578595538 0.164502656674266 0.0533753097178267 0.10897189428987 0.156562553865582 0.123273118760746 0.0854815176282134
0.145437529765868 0.040709125118523 0.0637142116075818 0.147536801657907 0.0203687303153832 0.161328834875439 0.134148045905073 0.156822733835257 0.0678766126967143 0.0620573742222543
0.0250928318663483 0.0558505900637416 0.21533066901357 0.0831027038546031 0.169019280965918 0.0893216147200382 0.0331259132147705 0.0380129951653388 0.131225871176067 0.159917529959605
0.0715367071141748 0.103481696018833 0.0190263865654935 0.18901652383058 0.167424482067448 0.115952101463862 0.0711038038280366 0.0978425408426937 0.103095202662669 0.0615205556062094
0.0639909794215775 0.154140257844745 0.198068504603741 0.136159998874745 0.0190479010879195 0.182161412532685 0.0281882913837241 0.0256686665974875 0.168881597611728 0.0236923900416481
0.182533121669834 0.154806476708834 0.0171020687226167 0.0881676466874647 0.0631253555188147 0.116310801450579 0.0493452339615431 0.102202075222576 0.0923813133656249 0.134025906692113
0.0354136797413951 0.224304609223504 0.102202881069402 0.0950469523717601 0.03600566778704 0.0480068201380306 0.128101583079231 0.0901318147866938 0.0935145554172521 0.147271436385691
0.117746402480431 0.0426348352950171 0.0967041356091616 0.00808527542921869 0.192476559015398 0.0226180103719722 0.163527922926704 0.0477084893016115 0.152250241001281 0.156248128569205
0.13904828302461 0.127211328957264 0.101374204026159 0.131186859635722 0.0681955628101557 0.00711124350392778 0.0869407988808023 0.154885639992989 0.160748348848517 0.0232977303198545
0.0232654752180955 0.051701089540332 0.0463094936311271 0.206789254106147 0.162918996610789 0.144900133015771 0.093308561737912 0.0195253940711427 0.0886636289335145 0.162617973135169
0.00585192147793234 0.108565003636335 0.0676184320183922 0.153464224599175 0.184583045843756 0.162461959931839 0.0490272992655536 0.180099724386533 0.0600327962624055 0.0282955925780784
0.131295690084175 0.122697800952417 0.134692856520246 0.0221752821036803 0.0697020675441556 0.127045506318237 0.043049612857767 0.13124807832225 0.107582801279803 0.110510304017268
0.0458597255379301 0.0694717661389322 0.0564852785488001 0.0672540876849526 0.129536852832689 0.174226282107284 0.00387724018491544 0.199144402999056 0.0818546764164397 0.172289687549001
0.0654877364604512 0.110039070705592 0.183828141503311 0.0480827159383163 0.112275112235733 0.123167691662807 0.132114169289503 0.0255290858887806 0.0597200841497137 0.139756192165792
0.0354331907828172 0.0255708512599085 0.0835709864955788 0.0639509089938669 0.0169797599536581 0.110312548832402 0.24805103776132 0.134180925580523 0.0906065692598774 0.191343221080048
0.126445189818641 0.180815212557106 0.000764843555850659 0.0148189947396068 0.217822902818745 0.0664854497890223 0.0385521933867753 0.182845744108602 0.135935312759805 0.0355141564658462
