0.0213719897234059 0.20972377206788 0.166078624708963 0.118490664564242 0.127808269741702 0.174654823296118 0.132606937301875 0.0492649185958137
0.165702913269889 0.105531121227081 0.15463923602697 0.183113721744514 0.191959691504754 0.0142965074312858 0.153947957797772 0.0308088509977343
0.0735637227146011 0.144486822462753 0.149824259933082 0.221060015594181 0.0772197539683981 0.108765087918135 0.117320960612611 0.107759376796238
0.0489564590036924 0.112302820250187 0.167125809487707 0.0228904232634416 0.0101519148913131 0.238205099807859 0.261767290708636 0.138600182587164
0.134995819682956 0.0404937606139825 0.181249193730465 0.175868683328623 0.155905584887788 0.124759965967974 0.138715929380634 0.0480110624075782
0.0754658429106734 0.101911166131479 0.0722971088180311 0.218407685780111 0.0892670538079802 0.128048187120767 0.131050315001449 0.18355264042951
0.0930797591512506 0.112078653376878 0.231014310103491 0.215340809384922 0.066622127255182 0.0543327051026964 0.173792950621526 0.0537386850040546
0.115847799553044 0.180497127616179 0.00102817031456356 0.143671914687962 0.0846138410691909 0.256506149332773 0.043069214461229 0.174765782965059
0.0459192021695279 0.0679385589216111 0.0265317526631797 0.0729874093075732 0.227535576667793 0.212854304431617 0.249490667628171 0.0967425282105264
0.0685177037156098 0.0594322765467412 0.100092351496225 0.139737223692578 0.168708898255323 0.10921836996304 0.184097160042283 0.170196016288201
0.0723108580378142 0.14625213138982 0.142379513271099 0.0191827728334336 0.178474517288337 0.120377639941169 0.136199805278019 0.184822761960308
0.120956987512726 0.249254429456604 0.216703460728167 0.154376168185772 0.0203687532735653 0.105904416861835 0.106195089263639 0.0262406947176928
0.273650774325678 0.0730310918384537 0.10110815744046 0.21671199587701 0.048607624003449 0.0895302001750479 0.0780061365528004 0.119354019787101
0.102225372739618 0.121371372097979 0.173999959754864 0.156353280236137 0.0455218945890713 0.141343348120382 0.119771424989857 0.139413347472091
0.154696026936614 0.000191196879933142 0.0781554954831617 0.205464330085902 0.115070084095154 0.116609272486453 0.119317978592469 0.210495615440312
0.187938948633471 0.0503504282570047 0.0923229202575505 0.145445454033564 0.19308535812684 0.0804353492909046 0.0708590598099779 0.179562481590687
0.106380954259815 0.146160051483726 0.0138312441243435 0.073684615606979 0.203315224343526 0.218578140780266 0.09786359982946 0.140186169571885
0.154885458872936 0.0139441795137975 0.112484132269286 0.175790617017901 0.194748105946861 0.132599810071073 0.1751284156272 0.0404192806809455
0.190054279995307 0.14798477914602 0.049628131252874 0.085940150908593 0.0848837727701965 0.120039229060706 0.136632691540691 0.184836965325612
0.05433365421613 0.0523687172226141 0.207405289496542 0.122141028212674 0.158545037612074 0.070380673150904 0.178627658483041 0.15619794160602
0.102213430473275 0.0337845553685022 0.288740227613646 0.0446033771639977 0.167571209800395 0.118991786684961 0.081521524352738 0.162573888542485
0.124411158994387 0.0396675539964802 0.12084249071424 0.15889549273459 0.0760529370840528 0.185051017820289 0.0877226098255544 0.207356738830407
0.0739786741121177 0.172486799730486 0.0728205896866953 0.163199219208171 0.149828991199541 0.0714599178494102 0.134043488813402 0.162182319400176
0.204004409952402 0.109344227081323 0.176941776189525 0.180650361095374 0.113234657617954 0.0120295078486872 0.108577505005431 0.0952175552093039
0.0889888474295316 0.183301946285539 0.00249169507049094 0.0672696783308236 0.240528419343166 0.0822810032347553 0.221690424920764 0.11344798538493
0.0283149931735978 0.21499987718098 0.0944829551698324 0.10066991308437 0.182556422663105 0.0249475427338711 0.193901840359765 0.160126455634479
0.195120217825017 0.0729483599852076 0.0273108575230164 0.0656710319832614 0.25168241659634 0.0122660948422043 0.136436505800538 0.238564515444416
0.0857982684176685 0.165289405932804 0.152851983135345 0.0599769457040753 0.219813302203306 0.112902423197351 0.00589569909658316 0.197471972312866
0.0272260849860667 0.187598524396737 0.160145666613643 0.216356248085262 0.0821007089272918 0.0229771242210695 0.215416861000032 0.0881787817698978
0.133406703370364 0.208599851222257 0.00426932572646498 0.0922711227890144 0.025103749574995 0.0915957725511236 0.192774932905743 0.251978541860039
0.161532356648391 0.081693159050623 0.0179655655542675 0.170950625634684 0.0410528906572089 0.177639407800337 0.181322898974092 0.167843095680397
0.195890842708462 0.0276054892936845 0.0811262008984295 0.187838867827552 0.0889680758138086 0.127197258873452 0.0693827419427488 0.221990522641863
0.226768873637505 0.00100900508216447 0.145469166217568 0.182455995920775 0.158805807101112 0.0991222549584884 0.0474923714828121 0.138876525599574
0.222176807351228 0.0453885628778235 0.0485613471826034 0.184878597551012 0.0897304618310563 0.157137170612038 0.0350084001698983 0.217118652424341
0.0160581665514803 0.210522317928422 0.160486885453532 0.118232037468864 0.222486042853136 0.0708421772619553 0.174724439217628 0.0266479332649824
0.0934729948875148 0.0677454546104685 0.190864946524138 0.116912973632705 0.0897165958523327 0.137395584296459 0.138744857949934 0.165146592246447
0.128829201353477 0.0665448934089883 0.0981570751407578 0.0768183796308678 0.198160681132838 0.189896872360901 0.185598838152526 0.0559940588196437
0.0754115495221584 0.0879862539242051 0.0520294715904035 0.011605344868202 0.152129353334974 0.15228405589305 0.242025204959434 0.226528765907573
0.0469139105013663 0.14999375985344 0.234376005492001 0.239145471073324 0.0492165326665739 0.189903127516551 0.0616021883470257 0.028849004549718
0.132313269350572 0.0903765101014273 0.0588590958818207 0.073916589363363 0.10703889222503 0.18414854879898 0.184759501703639 0.168587592575169
0.100693549629853 0.0779786781852679 0.186901561894394 0.0673067181319605 0.0476828921412423 0.237519270707282 0.0988898913620578 0.183027437947943
0.196892665811472 0.029277838557513 0.0832694245638874 0.0107400192648415 0.116732386425306 0.176361733765 0.224088898877568 0.162637032734413
0.0476120242614466 0.246623999771156 0.216009570273999 0.0126052721723748 0.146473024296771 0.190904787769421 0.101771852873609 0.0379994685812233
0.189072110626796 0.0416223498042123 0.149659480914459 0.110314830585743 0.0794005334434931 0.148761727698108 0.154011060999244 0.127157905927945
0.132821806868442 0.238604104423696 0.098211948600915 0.0349207990655996 0.169474840755353 0.0873317021437639 0.191322008065263 0.0473127900769687
0.109996001225292 0.0595846702257715 0.144704295775964 0.21647563917973 0.168008367524893 0.0741573484558618 0.161199559665174 0.0658741179473142
0.21052488655539 0.017794620182483 0.113417494625915 0.160174781376496 0.0761749642126738 0.253551821739782 0.0776053115175998 0.0907561197896601
0.167730752168971 0.176333249149566 0.0569943109458998 0.112180432898987 0.0591653756756437 0.196537131353029 0.0565001225108227 0.17455862529708
0.19059253329838 0.039576270132166 0.258781828974959 0.11655976178375 0.123031956621879 0.169620601961414 0.0929505871559247 0.0088864600715276
0.170899604570731 0.124760983559265 0.1879480570514 0.193875941945693 0.100844083489139 0.0386936117226967 0.106800430236705 0.0761772874243712
0.144349301828432 0.135494857563225 0.0290273845709089 0.13078270473683 0.1586888710834 0.179293846619968 0.0533631013274039 0.168999932269832
0.157536835635581 0.099438105236294 0.171476948380454 0.184945166412903 0.0733706503043835 0.180694692963211 0.11414192671074 0.018395674356433
0.0143565046529062 0.194259804038714 0.107185366821134 0.0274714236302182 0.192946151190529 0.0931999893783943 0.167083551933332 0.203497208354773
0.103348631576223 0.0811905529062264 0.0247730370656001 0.17726971329821 0.170778605968112 0.224716002203798 0.0881711651332533 0.129752291848577
0.215426876994508 0.220282837549633 0.188835847116837 0.217182781216839 0.0117880130948674 0.0807637628460681 0.0383876168851344 0.0273322642961127
0.105210348715495 0.0927833903674218 0.161602484784897 0.017633908528978 0.13438005782429 0.0947328224822248 0.229107734214769 0.164549253081924
0.169304262352299 0.105336575738349 0.209898046301734 0.0981474699222061 0.0855795500164099 0.0497837721090255 0.102287513944428 0.179662809615548
0.173751708947762 0.170882703768946 0.0234612756861952 0.11285911917294 0.165450210273536 0.0605411360756727 0.126528480456937 0.166525365618011
0.2782575988748 0.140900044919899 0.159081251452783 0.0639054226397351 0.0140222340989373 0.216718476962027 0.041614806534896 0.085500164516923
0.215149033636545 0.0706300974764659 0.0495977661063941 0.0797073119630251 0.265230522655628 0.0813596374060686 0.128539555942454 0.109786074813421
0.157602258674877 0.0572451015154197 0.113177571098875 0.138624100355805 0.115588792637392 0.0539502052455963 0.178794468157874 0.185017502314162
0.211566592822321 0.111780348257036 0.268333722485167 0.0350966086206775 0.186174692279012 0.0486357388144646 0.0236984798844394 0.114713816836883
0.00559040346207613 0.143219543349449 0.153868020696846 0.138219874714952 0.148652383570597 0.105765843782544 0.173183580832315 0.131500349591221
0.134799181063021 0.202869740345509 0.173412390332246 0.189361277059978 0.0934132764024717 0.0490045107089154 0.144353036685757 0.0127865874021014
0.145605185621735 0.0754391429453573 0.153233345218133 0.0999306387428366 0.190493704405813 0.120151738862079 0.214411858797423 0.000734385406622729
0.0732189836765292 0.0734805409880213 0.0345477804982949 0.0533212321224209 0.222026351883061 0.131820061941759 0.2062532809178 0.205331767972114
0.0944757037656526 0.108314806011795 0.19287747101509 0.0506258342479461 0.11314817410078 0.169671273251814 0.266827179244689 0.00405955836223249
0.1939248077819 0.0976432607812814 0.272785379657614 0.0072679674510014 0.000249143980521698 0.0424278706236209 0.218776700102629 0.166924869621432
0.170645079898168 0.152768285659165 0.144932731360535 0.138484900661854 0.0251780523309518 0.0844391992123135 0.115545575979731 0.168006174897281
0.0322793918942541 0.174091940427395 0.167374544849666 0.0373738207322632 0.111678289911742 0.166421722569679 0.130075214684948 0.180705074930052
0.0634190816832299 0.18523256991352 0.034927311564674 0.188583510866101 0.0203335089114563 0.182189795793688 0.18949346040536 0.135820760861971
0.166535418418647 0.137596084648408 0.108996706850906 0.134305807105674 0.14975951667923 0.164204644643818 0.0333544587271533 0.105247362926164
0.140529743538313 0.160774993870851 0.183214370321866 0.127221746658598 0.0925621065405342 0.166322426307013 0.0861449870952339 0.0432296256675909
0.100755845479153 0.133317427730187 0.167730652926038 0.0323036458508598 0.156681230595575 0.0686631460218517 0.139519691904487 0.201028359491848
0.171974613240746 0.0182914645951336 0.179380347094768 0.166694543664499 0.0370717856042715 0.145021762982085 0.171174065984528 0.110391416833968
0.177169948905978 0.15424628723843 0.175517679822632 0.117227367439934 0.119635839683408 0.147131461343225 0.0938233845056109 0.0152480310607824
0.179976105273828 0.0705386410179469 0.181707405455823 0.0219650161523255 0.198330177594337 0.113855456296671 0.137080982944168 0.0965462152649008
0.254130814741692 0.0250371538992322 0.235074012654802 0.0581658383858456 0.0556817503324459 0.153128789027276 0.051633947390266 0.167147693568441
0.203964866046489 0.122266468982379 0.00733096954792527 0.179167770738845 0.0177752678517106 0.147393264699911 0.139801723978017 0.182299668154724
0.0623429750370916 0.146072618048103 0.214070537268047 0.114662465790758 0.21185162198215 0.12779435687878 0.088514234390373 0.0346911906046962
0.130204384091544 0.0300324172961834 0.0748541066409091 0.191047984405643 0.121619747926376 0.0614828004756516 0.225509619754049 0.165248939409643
0.128339794446674 0.0407402286414892 0.126364340440632 0.101630735645086 0.185160567175283 0.183281183360809 0.170007227196642 0.0644759230933849
0.16545241976847 0.16499873571661 0.144550012635633 0.132327368736655 0.167890051650581 0.0605630852816725 0.0511143585378507 0.113103967672527
0.203204115312158 0.0878754141213707 0.144745987438939 0.0536702342230413 0.0295398841682238 0.0740603535229595 0.164431894137405 0.242472117075902
0.00189638659509035 0.326763206389558 0.100256571529107 0.0533778063382647 0.0648495094033423 0.0729058132272866 0.18081762380076 0.19913308271659
0.146025713918251 0.114381070928939 0.0769171546453169 0.345822905428297 0.0202146046340346 0.194296650903684 0.00673029648051097 0.0956116030609666
0.0504117251009307 0.158466205558102 0.177373947570419 0.205867374821361 0.194592614226821 0.0719687104432629 0.0375383263596008 0.103781095919503
0.173828722770657 0.0897802157680544 0.195406228418748 0.0261906510904024 0.0099618764893103 0.266953688180445 0.157971232095469 0.0799073851869147
0.0724685244048622 0.116226937712423 0.118912871592481 0.201178266373328 0.201843099749122 0.0541595304603734 0.183444803659412 0.0517659660479982
0.195687496865277 0.187141970066573 0.0900386135528442 0.106425397568818 0.191415571770632 0.03945226148754 0.148916575895494 0.0409221127928214
0.0972911698010822 0.137746954110098 0.131353461975111 0.103621249687781 0.176148112999172 0.160545517693348 0.172302186707355 0.0209913470260532
0.112046748147405 0.188935886843803 0.159294088157186 0.132558695595897 0.0410086421624487 0.0145600242517309 0.15068028822914 0.20091562661239
0.141568931754215 0.0320237216945548 0.161485585094365 0.189652551607646 0.153023753402387 0.0294941958726281 0.122675190751232 0.170076069822972
0.231910191522083 0.126461867065926 0.18150510797667 0.102791931653972 0.0134715898045764 0.000682697044496642 0.177713012195472 0.165463602736804
0.0713300144808033 0.204176522313456 0.109396007723637 0.0650765483851191 0.213557718376674 0.0114961476393778 0.203237536765291 0.121729504315642
0.153587481569128 0.175857879293137 0.173468327354587 0.138338792577513 0.166184419692202 0.04311311319376 0.0208146930119729 0.128635293307699
0.142149793940989 0.154248048342876 0.220163066343958 0.186756159440009 0.0427932532964959 0.0766859640202036 0.167357770376156 0.00984594423931198
0.16171024193667 0.016201482525929 0.00417246488498333 0.12662596358575 0.249164569715638 0.137036143753559 0.0713498767703356 0.233739256827134
0.00662457654043446 0.0953037269179783 0.187587091017654 0.00770518959853073 0.194890338048521 0.118887893109622 0.187783075036364 0.201218109730895
0.00930601107048707 0.160586029650372 0.0123581292185181 0.173609768293639 0.142160749938514 0.251754983976069 0.126439591445671 0.123784736406729
0.0428472944634435 0.192419941743551 0.125414087137618 0.179713492644823 0.112127610741688 0.0776118105507793 0.0453471939568175 0.22451856876128
0.0858482138361937 0.0911734242158473 0.0790089720804669 0.206319723899754 0.0809625545734709 0.179060039099134 0.164925672224207 0.112701400070927
0.0129620294593471 0.117548137695926 0.0790171403675077 0.0726238501806603 0.188813628472182 0.0698417726571817 0.263548744760173 0.195644696407022
0.0877123418775499 0.0761910077589456 0.189754100169808 0.183558615021432 0.0462932426774425 0.228602573089167 0.174071909649901 0.0138162097557525
0.133684223632086 0.222259856286081 0.0942267462616299 0.148486411216086 0.0559247199482644 0.248014953173483 0.0663986859573616 0.0310044035250079
0.0847617635883978 0.137661937326068 0.265590742772926 0.249186661126746 0.00605157541441616 0.0481524572578269 0.159244201189659 0.0493506613239602
0.0340301888384071 0.153345215310659 0.156907559807023 0.126563636840482 0.121630310847629 0.173112566002834 0.160200197213564 0.0742103251394018
0.0759359020484738 0.146850384697905 0.176959512087165 0.0528525684142363 0.235044388957728 0.0150536131838938 0.228568922584556 0.0687347080260423
0.0609262460267905 0.0373921360605766 0.161447669069961 0.12054689040558 0.229423732927277 0.0322269491082949 0.142485104556637 0.215551271844884
0.0935497172265192 0.229279935068612 0.172369809978088 0.124790411420462 0.0932848860088249 0.0592382551724656 0.217058854261912 0.0104281308631153
0.115903306958575 0.19034122437823 0.079630443161863 0.199406365511709 0.114883814774852 0.170023694246945 0.00502037306964214 0.124790777898184
0.21677239988982 0.000809813910159411 0.00418209715555821 0.0860075632586407 0.0974458371544941 0.248042357852078 0.116105204493096 0.230634726286153
0.0837467242334869 0.0855358985488787 0.0744870320962146 0.316893032626672 0.204876653822518 0.0478866081447703 0.147490411429023 0.0390836390984369
0.0130858699916862 0.213192277670449 0.182955872351153 0.0389777279549463 0.0329048069709882 0.151880532617923 0.274311951954708 0.092690960488146
0.156076364005054 0.06710979215263 0.276368177333614 0.257340091299488 0.153334888767142 0.0417836475286511 0.0286044803856274 0.0193825585277933
0.0780941706609923 0.157638549308193 0.0330851196428016 0.152619931583433 0.23375456249639 0.16132283587095 0.103037802358828 0.0804470280784109
0.0512058871290852 0.135003166638217 0.134437492031703 0.173651442697701 0.0864548007151319 0.106977362328412 0.161622796365743 0.150647052094006
0.241752528198256 0.0203602322378018 0.0181334838092404 0.236715940244835 0.255175697660598 0.0776244683356016 0.00175146167657602 0.148486187837091
0.19581756126385 0.186966291024671 0.151144555610149 0.116954816882579 0.0884236330506923 0.00452776720049889 0.186690766042934 0.0694746089246252
0.111406061164035 0.123590899433065 0.0787617587440039 0.169469926200924 0.195735390439461 0.145273125801317 0.142176408113955 0.0335864301032398
0.0783864032928047 0.194254142804198 0.104477159613776 0.0371672077032015 0.0374807962393901 0.280756166456249 0.168016004135768 0.0994621197546124
0.17616516235972 0.0420464977789238 0.212357105076303 0.0956073997141004 0.0842246361701648 0.13575919531407 0.0449815309554438 0.208858472631274
0.136996051816861 0.00884384949848931 0.217123868105078 0.0338947212507374 0.0224202143874187 0.177383697631415 0.178321371453455 0.225016225856546
0.133233521030715 0.13601743737161 0.163483564435494 0.0990848440717206 0.0875982204745474 0.0977386113406982 0.185123625387762 0.0977201758874545
0.105045664352593 0.111745297355465 0.121571545122615 0.183888131561135 0.132039369941127 0.0210943739314082 0.144221182469622 0.180394435266035
0.166388177449617 0.139170333176333 0.141578289846926 0.0943350926887951 0.0785868573695939 0.172232205770748 0.151095822127914 0.0566132215700737
0.233213288409976 0.0189113062577525 0.139722487853892 0.101068218925757 0.0643699800078966 0.0970974795590026 0.19909520653971 0.146522032446013
0.109187607162182 0.0259775476353644 0.103944969325123 0.219080946975361 0.125860229190874 0.0282094379898155 0.227295529282671 0.160443732438609
0.0471433637212967 0.116036727465522 0.101851906655238 0.0905452676192478 0.217512832741692 0.0875870557595062 0.178345278862235 0.160977567175262
0.00363064595585462 0.0136588497743471 0.127103993563787 0.147825659499573 0.132259377942286 0.180515631258126 0.194626037773322 0.200379804232704
0.121732970601178 0.162525270855786 0.0224886523078342 0.126901370553929 0.0221730004079164 0.172393959757099 0.163338674549543 0.208446100966715
0.0892076396798866 0.0560761516811848 0.144014546302701 0.101581004213682 0.186156480737012 0.0515393937961649 0.160360355363492 0.211064428225876
0.142268498450272 0.117603876335523 0.094955289224945 0.139213031803386 0.123246992872032 0.276200010912875 0.071383864083996 0.0351284363169712
0.189406367122465 0.110815531503236 0.155722460917276 0.111536550838038 0.00201915244777276 0.127787587737646 0.162418507266658 0.140293842166907
0.150014898873181 0.144786606617794 0.0530444799560517 0.198676225387929 0.152392855241577 0.187349566990676 0.0771578476404112 0.0365775192923801
0.0637830254113816 0.0988873233523464 0.0854794289826551 0.221556389584542 0.0317720343441147 0.175108358860151 0.102255161658179 0.22115827780663
0.132748122117033 0.144419847144165 0.12591194199915 0.00997379698158946 0.134147315901775 0.166831643176627 0.0868929885318125 0.199074344147849
0.000674793401150797 0.151766204697871 0.218707680407004 0.15019680544378 0.23369519877689 0.0411755111413926 0.0531197755266017 0.150664030605311
0.156979711556975 0.208620050561136 0.00175150917816448 0.136826114882603 0.104122285931217 0.0788665813600233 0.234426547627075 0.0784071989028052
0.0430461826595945 0.101723397540314 0.183098170901324 0.0484280802719124 0.228125436455886 0.129832304373576 0.044148684288348 0.221597743509045
0.13016263138509 0.0552536574514706 0.173669729726831 0.0846645701779369 0.21681218760946 0.0248602869672191 0.107462135337833 0.20711480134416
0.128207071762166 0.159443909498075 0.0558555809764763 0.195411837030478 0.0681943213323762 0.0300388741103002 0.124812544427466 0.238035860862663
0.228090383687473 0.0788987888947543 0.151328544419323 0.122633386871258 0.0694114297151207 0.268156451443733 0.0810298273383497 0.000451187629988827
0.0405320213133662 0.185990990485858 0.171585703796855 0.111558706597713 0.0591769397836757 0.134044947993861 0.166644312230226 0.130466377798445
0.0728518481565655 0.172406360537805 0.171505290996992 0.144936365277431 0.0986359992011994 0.162549653649747 0.00959406755151394 0.167520414628746
0.195324194145153 0.0852204373218593 0.154344645879995 0.0385689004055619 0.187850292590951 0.0641128885039094 0.234997088319239 0.039581552833331
0.103371940812925 0.00235480274478657 0.18292778047756 0.0795830675259408 0.150665606828032 0.168349200430866 0.110636544344396 0.202111056835494
0.185602997233038 0.140259471209737 0.0905977699536119 0.0227014695522827 0.0764956120953431 0.125634984597188 0.210162408600858 0.148545286757942
0.114572055116865 0.208032430039171 0.139227203857993 0.201621561756439 0.121030317890093 0.197624608026635 0.017399812846561 0.000492010466243393
0.146609980382524 0.0128622383607746 0.186727654637082 0.195767664521851 0.176271315051172 0.120687471666148 0.0909898278698462 0.0700838475106024
0.156368460088107 0.0222056682932847 0.0151952577204961 0.0991897035110978 0.264719231826528 0.168645371099714 0.204002510736853 0.0696737967239193
0.0847882743376937 0.125127331235491 0.19243604333098 0.102992996797074 0.181203747087836 0.14629562516132 0.00353998141336073 0.163616000636244
0.179042209564291 0.0260537994059339 0.0909399540229413 0.0451367702577827 0.132221910707641 0.22912257321376 0.188908415250346 0.108574367577304
0.0305949294924233 0.121399713120349 0.177380414241379 0.201255009601223 0.0710087283196679 0.115966343240635 0.137667308707731 0.144727553276591
0.177017215588059 0.0180723872831447 0.0933536656900196 0.183599328502505 0.183846538444368 0.0508574553686535 0.0790313104035344 0.214222098719716
0.0845132747012453 0.185370113877798 0.16138738987358 0.149794253005588 0.0701689237961876 0.111916146753315 0.061295998336741 0.175553899655544
0.187585611761479 0.177846870384445 0.0617901086169008 0.0841518344816239 0.185589516708748 0.0822458884757516 0.00485029127540185 0.21593987829565
0.323812059261239 0.17664289551203 0.173853349024599 0.00391938463509346 0.220736945347425 0.0117398300498971 0.0840940519504351 0.00520148421928141
0.0735926331517791 0.149223003298577 0.0115113699955674 0.098913041364144 0.132911153963125 0.18449559113634 0.225086972900715 0.124266234189753
0.170940848379684 0.176921265453166 0.236551306981621 0.034532699014453 0.0390161776257764 0.00432112979231215 0.0769701552058487 0.260746417547138
0.131678595519552 0.204920148104536 0.249514245124773 0.00165018358158976 0.0961887196317865 0.0273072210432255 0.0434153533950314 0.245325533599506
0.137164204264193 0.118816227993507 0.0821180696330721 0.141941158174479 0.0904566858521262 0.103388360470661 0.170552941949675 0.155562351662287
0.181724317810593 0.0707027436132183 0.135990588105829 0.2053147976567 0.194227412810732 0.0419687245148543 0.169137020003227 0.000934395484846691
0.166851672026034 0.0471507820240445 0.0402252985814068 0.175197479399892 0.21560381810682 0.0831965320694676 0.158304961142821 0.113469456649514
0.186641127172182 0.212223028791357 0.107985268000101 0.00195813915957443 0.218681875775124 0.118046198647902 0.0612451427392517 0.0932192197145074
0.20183075686282 0.0471068242185269 0.115751526148931 0.0663613004927007 0.160471058784404 0.21601896841923 0.0451552799811325 0.147304285092255
0.195336896725473 0.184669220187819 0.0705361373587658 0.0583024794261797 0.12528066703135 0.030451126557845 0.124951255354135 0.210472217358433
0.16668866008994 0.155085489967012 0.142704261951326 0.168669582542794 0.117030524009415 0.0615454693547744 0.0749821707698151 0.113293841314923
0.166335565988933 0.0742995879407278 0.0379378853290687 0.126249560527855 0.104690206103278 0.131067419750623 0.169063355779532 0.190356418579983
0.158942340878076 0.176980270437966 0.0680493765274577 0.151215325050272 0.0939189764548788 0.156535910495847 0.0548930886380666 0.139464711517435
0.0950595287622502 0.218267601703327 0.197408913971216 0.0795121613037591 0.197111380520982 0.09958706197751 0.0566485638112994 0.0564047879496559
0.0374530633164246 0.355316146742369 0.0379896850621571 0.0169274157995452 0.14164634305412 0.17387851339591 0.193323256996341 0.0434655756331327
0.132081082359308 0.149783165892937 0.268512041614305 0.0169632093876803 0.0621212172794532 0.126965649484884 0.119425437914803 0.124148196066629
0.0579163413599873 0.0868726109429223 0.00289982968577468 0.173160845005816 0.0698965601525749 0.200480079178908 0.218774376781713 0.189999356892303
0.0248231589273072 0.121909648906397 0.239391256469831 0.125168598326424 0.0239298597747238 0.149275923481099 0.102181080823332 0.213320473290885
0.0292031269328374 0.0470216229203418 0.234080559551527 0.0423259858375068 0.245477699127415 0.0772390393163912 0.276450037507268 0.0482019288067128
0.000221230215901409 0.143840587392533 0.254450941088412 0.0147476307158214 0.0878780453807392 0.0247989068257944 0.232674229808242 0.241388428572558
0.0860634538419326 0.145717458316313 0.202420005181647 0.033824217542733 0.0814650027270642 0.186735777343768 0.170874542109093 0.0928995429374492
0.0292565326379283 0.269067573485032 0.110729545605663 0.23138212680261 0.111402398277923 0.0221670851735005 0.078546357807909 0.147448380209435
0.132529408737719 0.127959122033067 0.195608337370136 0.103989898148608 0.189534737295578 0.187987135501875 0.0260424509977589 0.0363489099152588
0.141444446332457 0.00772462123458889 0.173021835839599 0.164105708703847 0.170137323907272 0.163068887057542 0.0533988489686137 0.12709832795608
0.160832894983211 0.119114591156169 0.132991741874418 0.120767586689956 0.188338787482771 0.0072442013257672 0.180047715198954 0.0906624812887542
0.142702052844704 0.178526247649778 0.164736167277825 0.0715534280378544 0.117627218545146 0.0821730313174913 0.123582869157875 0.119098985169327
0.0536463805960027 0.166514617120059 0.122482630433738 0.129589204497247 0.0890526753181021 0.145197920859862 0.127884493550921 0.165632077624069
0.160593418350759 0.247756725653357 0.147345567950046 0.00871880902518846 0.00475583109133285 0.22718716175023 0.184499712510534 0.0191427736685524
0.0810362589121142 0.227408409261278 0.00480407962782197 0.0220916627553857 0.201817241125721 0.211604427298997 0.207907117127927 0.0433308038907547
0.00630312271554227 0.10091717255806 0.211400038564158 0.265364375703578 0.0079373747819705 0.139283533354473 0.0842421771901591 0.184552205132059
0.0569143994381829 0.154256204708184 0.143127553180361 0.1930233336755 0.0492121811571447 0.167721585145921 0.0828084150036782 0.152936327691028
0.169093470501148 0.0398721331582676 0.0700932378100184 0.201813169658854 0.192845788675136 0.0437613930887097 0.159519664560773 0.123001142547094
0.248110508806917 0.139452064188729 0.250179271523823 0.0496218294054014 0.206037953750907 0.0224607581984865 0.043774270780027 0.0403633433457089
0.214119982355582 0.0520365352649655 0.184618531187024 0.0830217330838485 0.219430054126287 0.0971010610328741 0.0413534962173049 0.108318606732114
0.00869866928006818 0.133898038994951 0.170976931459166 0.0602337711290529 0.170286597335123 0.203950074631728 0.131863681108908 0.120092236061004
0.0974235914945889 0.0859392693665315 0.093057968453777 0.169937444236488 0.179449624440371 0.186891298923558 0.00535971672397661 0.181941086360709
0.207887333847298 0.0926283141941997 0.176095259698354 0.0970546589606231 0.0876536289848029 0.228914811522986 0.0557913939693665 0.0539745988223699
0.0906086911787968 0.161862338915096 0.167632994019679 0.101918833082783 0.0902337689246099 0.207709075527155 0.0910010656369664 0.0890332327149137
0.118667273767642 0.0140928762903199 0.196084054288569 0.0991600753539072 0.202217123176297 0.00330182613835084 0.201627219462953 0.16484955152196
0.132481083305989 0.212131691483156 0.042702239994373 0.0773327996441513 0.0589839672072857 0.0749366895214932 0.234880813578404 0.166550715265148
0.19474065534943 0.0198476915164252 0.114190093473883 0.000374116919669991 0.311838210409426 0.135403708419464 0.0843589472922542 0.139246576619446
0.157832233401788 0.146811455923483 0.0749872877318865 0.0799962938640822 0.0983297790438344 0.155107727095228 0.166236949312878 0.12069827362682
0.00390444932959735 0.197926912714671 0.209983064501097 0.000182302232474831 0.0533695217584067 0.211635176760063 0.161475144564459 0.161523428139231
0.0434230073976735 0.137227327393138 0.24267155266982 0.131960828207659 0.204025204605943 0.1254110182501 0.063972679222273 0.0513083822533936
0.0647568059889788 0.133181619418178 0.0957844618503459 0.223570226028161 0.17858762223389 0.112385051599266 0.119186361179022 0.0725478517021587
0.0365712739367662 0.201871645149353 0.250494021072296 0.192286642816807 0.0363666909199727 0.206021031114985 0.0506905023827878 0.0256981926070324
0.0681986196897816 0.135413700229263 0.142888848612324 0.162572626406802 0.183015272472931 0.14330450547124 0.105464505521982 0.0591419215956763
0.205625962421004 0.116782306272521 0.0724955044478304 0.0777874112623555 0.19719966053397 0.225696309290097 0.0802162493916618 0.0241965963805608
0.179193787050703 0.0345845776537859 0.218922544367365 0.195656410837903 0.0796807175505005 0.120520407493209 0.153926172036997 0.0175153830095371
0.0665252256751417 0.171204148721646 0.0436741581949517 0.00831663757448718 0.0850005125105232 0.282562993934501 0.136505277959689 0.206211045429061
0.0135840458726953 0.125894194425579 0.0723297023749247 0.0861730417383668 0.0968552282235509 0.136694257199138 0.253653540819838 0.214815989345908
0.0437651146954575 0.187707122265029 0.092676716493491 0.249916128326004 0.111342625926211 0.147032930146704 0.120151704257967 0.047407657889137
0.180178998156952 0.107658431951538 0.191150727052152 0.199713222291261 0.0944410132162955 0.09914277282716 0.0759240321335093 0.0517908023711327
0.074554443493991 0.0364979472735839 0.130120744364708 0.108922306583166 0.157357658648614 0.196946567108208 0.146285028692107 0.149315303835622
0.0188215775917849 0.0406460679404746 0.374459739232314 0.0163010387814993 0.0223983063618907 0.175738686334722 0.172726718531714 0.1789078652256
0.109645343462409 0.0960762238750187 0.126383343119912 0.205936708832006 0.0670714176259445 0.194839347651436 0.18894377317737 0.011103842255904
0.013944003968259 0.096143834329198 0.0428408844390584 0.0858195272382646 0.134723864192047 0.122474616992927 0.337570272603708 0.166482996236538
0.0503753461072595 0.130976349585075 0.0973693281581768 0.147797892870919 0.0594755699689644 0.141779652226027 0.19402131390719 0.178204547176389
0.16297607860503 0.113594603075925 0.0710218709701383 0.152313411239525 0.119110306131995 0.163430504528982 0.0802354580440074 0.137317767404398
0.152128648551458 0.178035816823734 0.200550959452464 0.159080887081126 0.199200677618299 0.0150972367540742 0.00545058439601754 0.090455189322828
0.077849771834791 0.185875186565067 0.111448024529658 0.166963352158736 0.0105909258061116 0.19820493787335 0.0471365207867922 0.201931280445494
0.0869173143404542 0.18550187973616 0.206013133461994 0.0197729048978258 0.0972008311404611 0.000884431323792715 0.199163816259017 0.204545688840295
0.171381701820408 0.188435940885908 0.187545315503518 0.00426005174571026 0.189262256685417 0.1956331445554 0.0364445765404338 0.0270370122632044
0.255602322925217 0.0557543339428697 0.0197490924661438 0.188210550926403 0.216892181848251 0.133682446727405 0.000606581689390102 0.12950248947432
0.237318395633651 0.231341740255969 0.0549294752120879 0.19606230509935 0.110823372733884 0.00359515967956893 0.129982716136968 0.0359468352485204
0.292811264844364 0.0152090075319112 0.050378024571305 0.0266927401787788 0.191238053764102 0.159174052563432 0.135192776390016 0.12930408015609
0.21689470411613 0.126454765462875 0.015462299922503 0.0790236495334809 0.0844781833357184 0.230247218019932 0.156415217833275 0.0910239617760859
0.108327840606705 0.112420462506255 0.0436519249623216 0.180217342969049 0.158011822339825 0.0389881567470828 0.171137324777457 0.187245125091305
0.165954078361421 0.0540254343975629 0.16608937465426 0.0535019178101056 0.042456952149125 0.132646661368302 0.18324016435163 0.202085416907593
0.156687446690667 0.0446180167706179 0.10439031792751 0.285603720184027 0.0514350964557485 0.144711093319649 0.0532874555195033 0.159266853132277
0.14774136534314 0.050775069387274 0.141093250376918 0.0914130314286502 0.129823927106439 0.155262254442566 0.17056123873708 0.113329863177933
0.0898961957191963 0.0700049527603848 0.130188410281266 0.212017047991835 0.116281569449993 0.0268030759146677 0.287298116151187 0.0675106317314694
0.171737163510251 0.148383602868113 0.16167806941206 0.183085881711353 0.0138229447261854 0.128269923258107 0.132232899108195 0.0607895154057349
0.0632899010469608 0.117950807095129 0.113757916872207 0.234650435313758 0.065752691272793 0.244549238072608 0.00320471906103864 0.156844291265505
0.12292507290772 0.373022839835126 0.0601613345414686 0.0282280731386205 0.266399725868837 0.024381527208052 0.091092013517453 0.0337894129827216
0.187945499824348 0.0166553472710994 0.209740574952931 0.00970029759372656 0.103867520874147 0.0657113637593652 0.234554854209887 0.171824541514495
0.125107300243257 0.0181331723864841 0.157118192805524 0.0962839327026851 0.143248069555119 0.137509496928735 0.150370220694655 0.17222961468354
0.14742353299623 0.0400788056640523 0.18313657776872 0.106891377887566 0.0527448865784235 0.0979122581342317 0.16031583569544 0.211496725275337
0.0991865168178242 0.148459408695447 0.0586430729364694 0.185770833150336 0.125109507794428 0.231868051191865 0.00166375494900355 0.149298854464627
0.102119564937487 0.195446057152376 0.163333916338734 0.0371967785811076 0.121678126935805 0.25651111482513 0.11755995133819 0.00615448989117061
0.232722910199742 0.224009887628825 0.000458497335427039 0.128530904472728 0.0534001744557521 0.215222294385534 0.111387575458503 0.0342677560634891
0.121954759305488 0.161953141745708 0.112670132761705 0.0977273124096414 0.130808355674985 0.189971160472467 0.0527570156758249 0.132158121954181
0.144434814094007 0.0677704253371002 0.0798856829922108 0.172003707589158 0.16173027362416 0.165588021666684 0.137722028455532 0.0708650462411483
0.2065471231222 0.05713360734874 0.0797272383455968 0.209716645014577 0.0595312251304996 0.281758039288084 0.0630551784013028 0.0425309433490004
0.0751405752991591 0.190526434848431 0.194593544297123 0.104609731860979 0.149752715526889 0.0684465921664179 0.204300153646342 0.0126302523546593
0.10926249331498 0.010105330932096 0.286366566325035 0.0440958831568316 0.134663368604314 0.143967269316513 0.0217624827736224 0.249776605576608
0.216052298200317 0.0234702671064892 0.0746726678705815 0.00482473247686064 0.0554966801588466 0.149012336442699 0.195936965890746 0.28053405185346
0.148541174532947 0.0839607374300456 0.0439563016418497 0.135596277419356 0.139471194120323 0.159982813915643 0.12346900606287 0.165022494876964
0.021831639020056 0.122146692531119 0.152050841144775 0.120196923448274 0.105477412614314 0.18274496673685 0.144201284528091 0.151350239976521
0.131034617194947 0.182181556148165 0.196719697508396 0.0945488425840526 0.163858785048095 0.137613361305036 0.0279270295484981 0.0661161106628094
0.270169104927607 0.147319998462878 0.0245461458587435 0.118680810777348 0.185622955813544 0.236339411103447 0.00457438047928123 0.0127471925771508
0.0574842554935468 0.025190465764021 0.159815222874672 0.105500988423366 0.226515643782392 0.207673883886686 0.128776885025672 0.0890426547496451
0.0566639756283365 0.141436394033947 0.0704959973337291 0.104915614698986 0.0692771689222698 0.0582879261213479 0.303243485786882 0.195679437474502
0.0618101137849085 0.20434096751141 0.267187092168213 0.103449179985303 0.0813520453091999 0.042805071798151 0.168836241293728 0.0702192881490858
0.183797989306186 0.193258401054176 0.0718995170857304 0.0383094840263896 0.00984107883044471 0.303937505342883 0.00442153560720974 0.19453448874698
0.143726999247939 0.129664506141334 0.0668680912464318 0.0184780493989363 0.200676216258895 0.168316456624897 0.150799548937725 0.121470132143843
0.0709480783817215 0.324041624642517 0.0889399008117479 0.185410354908232 0.143346992818221 0.0527454584237032 0.0974315488856404 0.0371360411282173
0.0764252483359991 0.200514660779879 0.075492558670713 0.169064981373018 0.110133288792498 0.171969842624177 0.0682824947026729 0.128116924721042
0.191826083713619 0.0377135030595088 0.0644402655861465 0.174938557233501 0.111329683808871 0.16550929131319 0.123404386517491 0.130838228767672
0.189986644530195 0.0381209285832178 0.196545321593574 0.0724900432118538 0.112386161610745 0.200709963854615 0.145985935813165 0.0437750008026336
0.104208744966444 0.142352017952611 0.112222481439729 0.184077255884121 0.177965114904085 0.00210302546631369 0.166842326997642 0.110229032389054
0.112258044475544 0.176542068624353 0.0273108175425191 0.197301824943979 0.124720544904076 0.0553194976115933 0.254802824654117 0.051744377243819
0.06998657451903 0.214164754026507 0.0544865729529898 0.0754875256312397 0.0490349259984143 0.143409654744545 0.0768126832042346 0.31661730892304
0.0548963529225571 0.00486182464308664 0.103177714599836 0.220168884089955 0.211619393719248 0.201406926329094 0.0880515307565017 0.115817372939721
0.0957348389986718 0.173863454812283 0.239301227776507 0.0293135061087332 0.15495618079934 0.241587851164223 0.00724842877165871 0.0579945115685833
0.0768126231629408 0.170519902797893 0.250175690701749 0.0315515781527811 0.0949335305680488 0.194968957821957 0.0590065519773161 0.122031164817314
0.110417546431179 0.261067513480419 0.0505638413107187 0.0898786085400497 0.165878849420957 0.0587554577991287 0.0777454645146928 0.185692718502854
0.196537754626052 0.0936682380443669 0.200403542376606 0.160850903070422 0.0714229459906641 0.0660533472676532 0.0271971438174794 0.183866124806757
0.0112057301838661 0.0154220715457078 0.220494308783414 0.152220627057774 0.248113664159302 0.0437090647128656 0.108018030043498 0.200816503513573
0.0785071133195394 0.142793452944017 0.209854578561038 0.00745344541721963 0.0901014648677882 0.192395873875525 0.0428705524123027 0.23602351860257
0.187879842469966 0.0401786519094853 0.147619245769693 0.0838903147708778 0.108260324653931 0.0544757931113769 0.205571792499077 0.172124034815593
0.138147842548912 0.214118289897387 0.0901805448215523 0.209842738882467 0.146365930732061 0.0886609340604929 0.0536008531907937 0.0590828658663338
0.0131953608028046 0.19587016528912 0.174990891991071 0.092558674160254 0.207370734429759 0.14496581896966 0.0236959675516864 0.147352386805644
0.0316462210773321 0.108598651748677 0.226624192612342 0.19846975439743 0.0165537401524725 0.0449738044803768 0.241470587390921 0.131663048140448
0.147421551052581 0.0867299936095461 0.12477077052688 0.119833839309858 0.156402027910754 0.145378445331972 0.111853436699014 0.107609935559395
0.24667425518623 0.108292629401853 0.012898815558813 0.239295462487764 0.136491626283963 0.0636796829706792 0.082883142276296 0.109784385834401
