0.0233057032039658 0.284327345790408 0.0980563896287879 0.295921414987742 0.0482303220842257 0.0295864724100015 0.0194155850892408 0.201156766805629
0.158332111131292 0.0949781991238764 0.0469846328095841 0.296229384533105 0.0825492008344762 0.0738258171659909 0.157417142510206 0.0896835118914695
0.022391343197378 0.199999864835187 0.151975899935632 0.0998908002406783 0.103788294166472 0.0617969543441972 0.183057970378269 0.177098872902187
0.165606358225221 0.114087047743372 0.0498250331198363 0.0414515381327762 0.161024741561624 0.196367485937681 0.0767393132740647 0.194898482005425
0.0269396205900184 0.0577379577964228 0.193345108886546 0.206854066466076 0.131795621748717 0.0906338740828289 0.0962077373532866 0.196486013076105
0.103874748682616 0.176391982737266 0.119259849727165 0.19340881318093 0.0529799365023473 0.0983696612337388 0.165702489324484 0.0900125186114528
0.0528386061701868 0.00200001225990218 0.256610087101288 0.207965848999367 0.174066467152069 0.18422972348312 0.0135315633194668 0.1087576915146
0.0722832169745208 0.164168699509931 0.171866316409119 0.131298265857069 0.138848639164335 0.0181034921093879 0.0680769763846316 0.235354393591005
0.0147989429558494 0.245960159052553 0.113371696748153 0.158241562349461 0.391701346627119 0.0295312838507222 0.00617666996821767 0.0402183384479237
0.0746255906092734 0.163685723656787 0.0766676325461595 0.183575948003843 0.0544231218665741 0.145537067382172 0.134629331444834 0.166855584490357
0.2493591064336 0.0301099728148693 0.182544371854507 0.0109913892332081 0.100600302866508 0.171214038138065 0.100529035742242 0.154651782917001
0.106389584124006 0.125023386806966 0.14709105741516 0.0276881116317844 0.129454881252274 0.110534394866185 0.187626447799319 0.166192136104306
0.0862326942562238 0.00446831129317282 0.14652875058755 0.416997107435722 0.0529604933988965 0.0296278735963016 0.00446391052395277 0.25872085890818
0.0141962172123442 0.0067810442235724 0.263935942484041 0.196399204947314 0.0274918447480388 0.0931135021286156 0.19442414769908 0.203658096556994
0.175175345420293 0.133587625668678 0.0921558739779955 0.0956990011433699 0.161460522449992 0.117260782528271 0.171798789432421 0.0528620593789813
0.101786083001257 0.139581721236648 0.175806756439247 0.10103949055603 0.193782825953958 0.0680320354285353 0.0783456370034166 0.141625450380908
0.0241697354384074 0.167588570897568 0.191070656252225 0.0962451490504896 0.0822151982174032 0.148296501844032 0.179239794153501 0.111174394146374
0.135430840487148 0.0500994381384076 0.155874535935584 0.162278882026394 0.218730038568702 0.0620975093208526 0.181916985502222 0.0335717700206891
0.143774902805304 0.0391196959091312 0.13158667234666 0.221341215108739 0.0168734853386652 0.191166809589874 0.086624886498679 0.169512332402948
0.143863307548707 0.0227566730671184 0.226374259836853 0.100124685679481 0.188217811624552 0.216540804117354 0.00891401104344444 0.0932084470824905
0.195760149146941 0.0295113861811852 0.154419368804668 0.193341092374485 0.157213991615471 0.0437390886569864 0.153929994130458 0.0720849290898047
0.00563259506131978 0.216546993405025 0.131102526998706 0.13174905172133 0.0268022171292207 0.103243848056268 0.221051247687776 0.163871519940355
0.121740349723929 0.112843339153083 0.193396073160822 0.00228956062900424 0.182855282776087 0.173040038766516 0.0200930115582322 0.193742344232327
0.053172350153838 0.132150719712545 0.0114767592614119 0.232047439225012 0.136138470789325 0.169801259924107 0.150190313844681 0.115022687089079
0.143532503735582 0.0406364408392706 0.164966890366827 0.0383837429844721 0.155505697508984 0.112961731945917 0.193728754645834 0.150284237973114
0.228576011256042 0.123318957462884 0.0118136268977379 0.091474853826266 0.191001976041392 0.0882353381649373 0.202546594744178 0.0630326416065632
0.135112054173776 0.0754745754899567 0.0940843078951531 0.129201444332667 0.107287140467886 0.123753048702906 0.167752051565119 0.167335377372537
0.168221846456753 0.0942028676673289 0.0308545093412458 0.0416848128500837 0.0811360787753565 0.22966704906129 0.217351914411067 0.136880921436875
0.0861163081575345 0.084724740710948 0.154992777178354 0.0131899018664138 0.292922147175151 0.0351084339052518 0.0398321505229038 0.293113540483443
0.0934987630772806 0.174406794280793 0.269343311559445 0.258813967952053 0.0625978038173858 0.0402595758090745 0.0853097816217694 0.0157700018821985
0.205005728278279 0.136495295152439 0.0680726165388012 0.0322209125637279 0.156494304461983 0.0498359163004199 0.203575787457656 0.148299439246695
0.15253802475199 0.0304780797893228 0.146869398502151 0.151359266049437 0.034676030464616 0.16153306947873 0.190650169015905 0.131895961947848
0.158403722031051 0.132989907292986 0.0282156563772813 0.203180673227327 0.0550020726035563 0.0923863291140832 0.127945597210157 0.201876042143559
0.00366295746152735 0.133373100694994 0.122696098658965 0.147861438529861 0.140295243414254 0.0923982288162702 0.168452541295099 0.191260391129029
0.203989375656107 0.219613311489965 0.0874251820645665 0.0801825724502242 0.120499305980963 0.00182556311619984 0.190435584231223 0.0960291050107518
0.138866582465182 0.155265676796681 0.0920460935593183 0.253760043367392 0.156783222418609 0.0870554072853711 0.0249415509159079 0.0912814231915376
0.164871150243311 0.176654460078321 0.180385958998801 0.00592110760884475 0.134789288755758 0.0428749306055914 0.183122536987536 0.111380566721836
0.192530059206188 0.0865657570393799 0.21270268267423 0.245720339016176 0.00526454442721711 0.0126671956022011 0.0799650407131728 0.164584381321435
0.128138529488714 0.212834655830611 0.165570078359092 0.200176092724522 0.073945529318946 0.0898679787895806 0.106760526350319 0.0227066091382156
0.0438854836149238 0.164973951764454 0.189781527453133 0.0408455537794363 0.0148981734933169 0.154122150955686 0.0166224424539854 0.374870716485064
0.0760475023172195 0.0359254001230396 0.16680834264466 0.227614477906377 0.118471886579056 0.064052389074677 0.116075257853176 0.195004743501794
0.122257387038674 0.161835917316853 0.175206537227405 0.0873272118647312 0.141513082285507 0.03664806093012 0.1047458693289 0.170465934007811
0.0558384401973504 0.151566065477131 0.166758017259456 0.147333171568802 0.104724974269262 0.170003896269953 0.127225503897506 0.0765499310605407
0.136371825436826 0.0605637262369832 0.183817125492288 0.145402864154392 0.077328587691523 0.262037788942091 0.0346590643129676 0.0998190177329299
0.161081157014644 0.128083578049695 0.0406415157600854 0.105543925355868 0.141957609774143 0.165087824192827 0.0740815467093519 0.183522843143387
0.173668601065902 0.137824425435727 0.0344357808078337 0.136555141310614 0.00760510067927075 0.177397064808469 0.190791279638019 0.141722606254164
0.0685723691308868 0.11571604244039 0.168946423697597 0.0816492377399021 0.180011925729827 0.183376998337122 0.1767028557384 0.0250241471858747
0.0648921991570565 0.0762612177124663 0.00717465722922892 0.0503820930983662 0.182514833844625 0.221895563099433 0.203567244785187 0.193312191073637
0.099850791991991 0.210867937302811 0.0859305574053812 0.0043131106752669 0.0346197749366708 0.16683005555565 0.209468831360943 0.188118940771286
0.0159470023241542 0.0763946332202918 0.204789712931858 0.198561550521519 0.164586869704939 0.1351138633388 0.135371773674219 0.0692345942842183
0.251807772436381 0.0345437894860265 0.0648327282629378 0.128245662378543 0.0016737573905487 0.0574390043772446 0.288952586166142 0.172504699502177
0.0283656961291581 0.204895539968175 0.0597093472763177 0.126737970641555 0.20215108981069 0.110110873829803 0.0816467502979945 0.186382732046307
0.15677781950328 0.148466306405593 0.125076327271046 0.141903730112322 0.159407448796975 0.135266262896445 0.1253987080717 0.00770339694263843
0.116290593289037 0.0913126601252455 0.0737314452291922 0.0525219183962922 0.147770581659739 0.143575508305968 0.158119605541413 0.216677687453113
0.108636600228646 0.179008932782381 0.148286481533146 0.190874433674704 0.0889698615834223 0.114254424338385 0.0753472315775238 0.0946220342817919
0.172385762647592 0.144152292014782 0.016154494208719 0.12169416206195 0.135728790279245 0.0976487732540339 0.281004367303717 0.0312313582299613
0.186522273867446 0.0236551155610647 0.0724629889902253 0.225398027496411 0.23722245398089 0.179746678452225 0.0283270320505534 0.046665429601184
0.201417677331345 0.0999572729692658 0.0108018495618673 0.0377109266764439 0.242770785412836 0.252515724567508 0.127381685185938 0.0274440782947956
0.113377902891667 0.208943797358851 0.0456355928839379 0.069275283457682 0.117825290456747 0.114745331066066 0.112690450183935 0.217506351701114
0.0291998708758701 0.155302808203324 0.135230637756124 0.145726862284492 0.0938997010732007 0.09481369155511 0.154913118983396 0.190913309268483
0.284731795470122 0.0927808593779502 0.0669924554513402 0.154657454080103 0.0447297641337489 0.115449306956392 0.0339193951998694 0.206738969330474
0.0759567330105053 0.170277905904446 0.00747568527833729 0.0303146829054866 0.212689392331366 0.206632620453469 0.260284147035829 0.0363688330805607
0.161812378725083 0.202788914405452 0.0664882250588179 0.199755200003822 0.0674091866982553 0.0747361394559527 0.157530977380569 0.0694789782720484
0.0370478368229856 0.123923608762194 0.223165739197696 0.176653284304232 0.156390599400776 0.130817466042871 0.0577912026657595 0.0942102628034847
0.195152772111407 0.0179145214039486 0.157122052050421 0.139430663427031 0.20528390323294 0.0358158236382008 0.117966785996123 0.131313478139928
0.248070723108005 0.237725857180889 0.00313558066325937 0.0945594302862616 0.0318833999508445 0.0782614915612716 0.146326442144845 0.160037075104624
0.137152356902491 0.155163260307571 0.00136182413926965 0.122434854841505 0.157068390828467 0.15796758242295 0.111065484497084 0.157786246060661
0.242170128654881 0.192859012608074 0.0495054240682335 0.191290531958145 0.0693971471846252 0.147998678983746 0.0228728490598629 0.0839062274824327
0.0110548530031216 0.239097246200804 0.0610098514834094 0.0592704763904052 0.241797808905541 0.0774439163219963 0.161223686621497 0.149102161073226
0.112179724719952 0.091946170686883 0.036342692081535 0.19929477209026 0.168584583047664 0.0724216987840616 0.126309504114336 0.192920854475308
0.0548196403980453 0.152389340396757 0.240751220946679 0.153422564067736 0.134249089907615 0.0451050437210887 0.016158777596839 0.20310432296524
0.0462079976071888 0.100348232703813 0.203894971182406 0.0901875919377358 0.113683035527947 0.122902862987436 0.11335379553729 0.209421512516183
0.154781957536288 0.240293876194926 0.0927301821043164 0.0118789879685398 0.206120655089771 0.235290161940222 0.0405781682595164 0.018326010906421
0.116924605823829 0.0617158110099013 0.169659727047636 0.228113196838607 0.12281514207376 0.212665322273965 0.0796919708957348 0.00841422403656739
0.194913627724706 0.00350758008698351 0.133070879115209 0.232209890099803 0.14432706736952 0.0828704636596482 0.0321560190618027 0.176944472882327
0.101160464391397 0.107703272086988 0.197221159433606 0.0279815932692478 0.138832028155945 0.056790204130701 0.188448588575097 0.181862689957018
0.167932338023538 0.0751903171297362 0.0903939056330913 0.0374558177777536 0.219511220926175 0.148570256610084 0.134991962028399 0.125954181871223
0.0692313308558815 0.0461515309971432 0.119222039756624 0.221660399287122 0.159866840082764 0.126563489760318 0.057093621472762 0.200210747787386
0.0795287656357385 0.126666304772753 0.0273199677792181 0.194466428413174 0.20130448519122 0.0542519137282388 0.195844195754549 0.120617938725109
0.151227515737476 0.119445477866221 0.140756686204358 0.15157154310972 0.102693106501503 0.0367157782181671 0.156371722409146 0.141218169953409
0.156734812415755 0.140112489962961 0.0568327791068018 0.090848602963196 0.147899758360609 0.146859850880106 0.0947834052244981 0.165928301086074
0.0727715554853799 0.151637902873247 0.0333673454962576 0.147521345220454 0.247201782904599 0.225643668751624 0.110875308563739 0.0109810907046997
0.176086447880144 0.139276172427687 0.163112919370757 0.0805620409546481 0.167317659640408 0.127779371206606 0.00276491410905729 0.143100474410692
0.0646762022690451 0.115432005608555 0.11446950684109 0.0200250984774459 0.190126369104486 0.187384005287352 0.0892207968150188 0.218666015597008
0.180329269215717 0.209544294143921 0.0130261075960727 0.20854764498828 0.075449611755673 0.029790401292273 0.0949380589817518 0.188374612026311
0.0446191030183527 0.188346418471374 0.0618998836345492 0.201073016819539 0.127689855672392 0.0842628877819641 0.110967997892935 0.181140836708894
0.106702432113108 0.138929116120419 0.178886441882983 0.156761379412997 0.168875081169575 0.0999924107023935 0.0162263638874194 0.133626774711103
0.0223125109198235 0.18666832777622 0.140289733492763 0.132638662651368 0.0423500950836439 0.167376018094522 0.167652098031976 0.140712553949682
0.146602772206661 0.164951157512355 0.0176808959902763 0.170637681743256 0.124555638560971 0.1573052267428 0.125006947893562 0.0932596793501186
0.0455578153456593 0.0167910593019766 0.22900639632301 0.088630279552586 0.113777584619318 0.0612253845947246 0.216163455469228 0.228848024793498
0.174280161211862 0.157419005035658 0.0224102068490701 0.104208905462542 0.101417261262884 0.164297198908604 0.158916744120775 0.117050517148606
0.0535387940220703 0.0353181948430066 0.233505452761889 0.194013584425787 0.259169229414727 0.0378576745717834 0.170350369233314 0.0162467007274227
0.0825279939071482 0.241178498949977 0.0913479568243204 0.164258931066936 0.0934586235332446 0.118345024032198 0.144779961203469 0.0641030104827074
0.0412734315211585 0.447961839485165 0.0135146105327892 0.154278272763451 0.0832034871244479 0.157297802286592 0.0247684159959231 0.0777021402904724
0.0332456363381047 0.0644558796628698 0.149343085361776 0.263536607865071 0.125203041804946 0.193558698049521 0.0881887005665301 0.0824683503511817
0.0568500977427213 0.114651834777088 0.176495085254923 0.246769478569007 0.058654516647985 0.0720399148476287 0.111539825048635 0.162999247112011
0.151721792114667 0.215136511876304 0.169184501276773 0.0804074310978724 0.0787864416675848 0.0261571328871097 0.195811643473572 0.082794545606116
0.0912463729006791 0.124780599081489 0.0897602321975521 0.103369036112485 0.203503838222886 0.13002451725991 0.14523780679931 0.112077597425689
0.119946088199695 0.217690753424024 0.0717931485480532 0.11939626803666 0.165018691966353 0.115419392531538 0.176416446767697 0.0143192105259794
0.163358320122349 0.196184017122083 0.06521827452823 0.0564389814753078 0.0955092216948029 0.176245396709158 0.104337801352388 0.142707986995681
0.0216839210558212 0.0381048289233053 0.233623658385829 0.275009044441683 0.0950953372053825 0.180719278175527 0.0754725511840759 0.0802913806283753
0.113227859730351 0.137577047854594 0.192251684090129 0.128627690418118 0.129712898258955 0.0499931522813246 0.149429834767628 0.0991798325989011
0.0732485721599525 0.0545732799531645 0.198590660686982 0.048482237881473 0.168889150170345 0.251329318660598 0.0502673800391502 0.154619400448334
0.229257965066442 0.167242254076013 0.0932397721033136 0.177765247579735 0.0845567343526975 0.0533314926718818 0.0507650331496748 0.143841501000242
0.0412339212072933 0.220478703013176 0.0403786531352519 0.184340010922268 0.208474766991686 0.136223349114205 0.165428634769471 0.00344196084664825
0.0850046166355762 0.0298749017335997 0.217793842289518 0.0821067924283272 0.114336880378242 0.192701918233197 0.127222542174729 0.150958506126811
0.037680210064995 0.0611100778057864 0.204727114179686 0.1821199496997 0.0289529352751359 0.18374367634369 0.0630242512073561 0.238641785423651
0.0378931606603912 0.0158136132011543 0.103112759709735 0.235582161095817 0.129195214498825 0.312011500467901 0.0760694872827004 0.0903221030834759
0.0967739319388071 0.0575492696673765 0.0937117780331162 0.2645427911807 0.0636316270722012 0.12378069190241 0.110631033377177 0.189378876828212
0.239334738419513 0.173226706486359 0.0311705743231254 0.0145228825660607 0.108993187779976 0.21932541244447 0.127616412146273 0.0858100858342243
0.172930542868316 0.20087355165204 0.172272038567167 0.0383396771848701 0.0352591398258012 0.101110727392708 0.204286623583971 0.0749276989251276
0.166601616911717 0.15015324227479 0.130014239907809 0.19483331718537 0.131192563144836 0.156651214060276 0.00136226864694578 0.0691915378682559
0.0347641835190298 0.181176621793853 0.185818509619069 0.185241312364666 0.00107108757311091 0.164904605114219 0.0980666848329962 0.148956995183055
0.0629038583236793 0.113172954594996 0.137918595796806 0.319493868805316 0.102260107628407 0.203528650224438 0.0596305617619221 0.00109140286443675
0.148283383618891 0.00682663117719996 0.100083500777334 0.217139577700056 0.212688774923957 0.067524653489292 0.00838060044268509 0.239072877870585
0.0631677741649925 0.104102203517717 0.186177182717896 0.0887620032592922 0.17876925625485 0.00479820624604192 0.174804362246034 0.199419011593177
0.00784674001088111 0.150232925948213 0.135506809097633 0.0581939318639014 0.183812082778784 0.224307795469576 0.113762713254951 0.12633700157606
0.166796747737158 0.168609382797535 0.0748214348921123 0.068719024977209 0.0534029448357606 0.153527295998628 0.101243166127168 0.212880002634429
0.0287988003749495 0.320120674938104 0.130772151998279 0.00924255493034368 0.230117183603966 0.181473148468193 0.0351530642257108 0.064322421460453
0.061321154208707 0.219414486162676 0.154124705630293 0.112068538611966 0.185218103630099 0.00243695418724007 0.207422201098343 0.0579938564706749
0.0617018611222086 0.15016613119598 0.106923982379951 0.0372661910738098 0.112219546528512 0.207007932262249 0.188031309189909 0.136683046247381
0.209032124609285 0.0566836326260342 0.271405963421052 0.0315040427453439 0.150888640868204 0.162660620024764 0.0901971689676974 0.0276278067376192
0.0296133203897832 0.126332250545314 0.141373014546526 0.108895585634623 0.147313678101246 0.151827259847207 0.27526719818644 0.0193776927488612
0.06828548394401 0.165724017866657 0.164310699599459 0.20509227768065 0.176086416702347 0.0641183466375508 0.109659566291409 0.0467231912779152
0.262634495157275 0.24213554898989 0.128706690360111 0.106436399294543 0.0515860599361277 0.111439775248177 0.0180884046410369 0.0789726263728391
0.0464712406795209 0.0871145464992428 0.155654670137832 0.162899007692664 0.139565688885475 0.167681445901622 0.159837449426759 0.0807759507768848
0.0438327880850062 0.00425107104935545 0.110267521679164 0.219320847385661 0.0704081781075334 0.17317374166241 0.207019756405642 0.171726095625228
0.0229395261537277 0.255822469280074 0.101531658730161 0.213029191445121 0.0362697516267415 0.106860715423152 0.0121617549936708 0.251384932347353
0.261671419541648 0.187570997156164 0.0143105451275981 0.0687195076142205 0.0207889474243188 0.221969084875118 0.0274490618271334 0.197520436433799
0.101463991723575 0.175399910570789 0.0666058390861895 0.114204020209574 0.0722453272705872 0.161435446858043 0.0703780006594899 0.238267463621752
0.0257685347402652 0.166183603887534 0.192581032916734 0.206034820375848 0.0177384383386622 0.168684261958655 0.0246920136912401 0.198317294091062
0.021077734281171 0.252186916409483 0.0987752822576931 0.24764237918273 0.15515133489009 0.0518851804540134 0.0664581658791763 0.106823006645644
0.00580464835987862 0.0848119973016716 0.179308453689203 0.0553426858464159 0.169602299895312 0.107556999772704 0.190831262361498 0.206741652773317
0.0734059303596849 0.173394791730381 0.0539175004072256 0.0777723127104599 0.130574593101858 0.17787355352656 0.160588515241395 0.152472802922435
0.00943894221605065 0.180476594193276 0.0698779804099194 0.177197115104338 0.085632153956224 0.0924989515556036 0.177561114459182 0.207317148105406
0.0686392141024075 0.183509852877436 0.0593690029454318 0.0912836356600465 0.199622807026747 0.0056527181397077 0.301469891179736 0.0904528780684878
0.0607061784224359 0.143712785797937 0.107322811839994 0.0847142603300018 0.163862040520072 0.189472668224856 0.179803840599822 0.070405414264881
0.180700903879771 0.189635204536342 0.096844509940547 0.187924580002477 0.123979869608449 0.0889804545360364 0.0962239655911743 0.035710511905204
0.0938135086557447 0.105606393589828 0.130834026448383 0.180416033268954 0.169819096385802 0.136310147564388 0.129494189848798 0.0537066042381017
0.0140530558215782 0.293051669310545 0.24756158160886 0.0653153809086111 0.0331590706466069 0.00817741261065316 0.216128496162773 0.122553332930372
0.00137558974040225 0.142844596095082 0.0290183926686403 0.172683696254909 0.154733918547289 0.181896593467004 0.116142375869364 0.201304837357309
0.0773877873041607 0.200711398459992 0.225705356159799 0.20993889111715 0.00983432815019432 0.0932249155113156 0.0132563046664309 0.169941018630958
0.149790598156533 0.153608356383035 0.0749324938067783 0.168075444058264 0.133314037446869 0.121921679744228 0.0869381693401609 0.111419221064131
0.0678970081026411 0.182813283747763 0.110156953228219 0.201055921138888 0.110970714236101 0.0338304354801861 0.0927291059845004 0.200546578081702
0.11460523998904 0.147006486154616 0.106834999709841 0.186463957630036 0.156187869158396 0.128596528286562 0.0178426148529875 0.142462304218522
0.0784457666276692 0.0240487863492974 0.159682435645475 0.156270549817361 0.210837611621613 0.094107935870784 0.156155247766614 0.120451666301186
0.224566577952929 0.203170803442972 0.036707222120635 0.152358701174997 0.229767398370497 0.0191725258554767 0.0310757385005291 0.103181032581965
0.0158385508008563 0.178280228156537 0.216250521908899 0.192655534960766 0.0625179405277829 0.0169035284885605 0.162232093313068 0.15532160184353
0.167905489661761 0.0540375769772408 0.0386360053639281 0.0395754567839311 0.172488544023326 0.0418078920336125 0.24942140464568 0.23612763051052
0.059435920580856 0.230475375882153 0.0352471286103936 0.236416100956386 0.134154226899338 0.00532135299545042 0.115701356920501 0.183248537154922
0.233529734815311 0.0413908655098767 0.00650430054160394 0.0501023002834652 0.240926091598156 0.274526030146522 0.15057784178708 0.00244283531798438
0.201963443460235 0.152743904778742 0.0685152655962272 0.0906805976502468 0.0640838980481242 0.135659933686378 0.107501946978388 0.178851009801659
0.1117251400318 0.204299353198316 0.100805617883539 0.159873871188867 0.0726917967113684 0.113176141978068 0.133857098937023 0.103570980071019
0.0747837980995791 0.110605203166652 0.136303567866688 0.0901146291265615 0.0874658543838387 0.165651351815413 0.17025465170675 0.164820943834519
0.227137905508505 0.192167160663434 0.0215684006093629 0.0534381337416572 0.107855769685222 0.138174117123003 0.216445857919881 0.0432126547489357
0.143404402092631 0.0585970180788836 0.0298511875759496 0.277452176519361 0.204060627693348 0.243736519895936 0.0044046657388971 0.0384934024049924
0.187658343081327 0.0802278325672294 0.275445878552709 0.00555523260241612 0.251884273957575 0.132158572905262 0.0426885615431776 0.0243813047903048
0.0247302194267682 0.0994011370159611 0.0383003268328309 0.0578587605027282 0.161085808803755 0.227927886108264 0.203183805373344 0.187512055936349
0.150405848255765 0.111291204261458 0.19123113374534 0.138409793542159 0.0747567736353018 0.174492996604786 0.103189661225944 0.0562225887292471
0.0945077900199334 0.154538325840369 0.166390390060133 0.204017209305026 0.102613416009385 0.0587287439259372 0.147725332971637 0.0714787918675806
0.141365615805149 0.0692866329201866 0.251728575456672 0.164003340935315 0.0155811860330021 0.115498445239387 0.208034751210548 0.0345014523997406
0.154271318127764 0.0605087782146085 0.0654560059007167 0.0620972729784506 0.121950486824967 0.135877500238641 0.228600488880675 0.171238148834177
0.182411798807207 0.0114354407284233 0.155773728262086 0.200079101457902 0.00316856678747461 0.198100569064712 0.0664319825266119 0.182598812365582
0.200637326708702 0.0382911299873083 0.195904136962295 0.151027790097382 0.0329684086249699 0.129747462694452 0.0975409093078577 0.153882835617032
0.0878833884157146 0.211966028851972 0.18652042353528 0.163904939594454 0.119806687838714 0.0985809593783119 0.0691982675586338 0.0621393048269202
0.132986119756343 0.0879289113202874 0.0661042134993957 0.0937602609635506 0.12790465646309 0.183967486304146 0.152915437044281 0.154432914648906
0.0093046438727039 0.137028986680774 0.121481813302675 0.32590646870704 0.105593246395954 0.00349295729558378 0.0932343650503699 0.203957518694899
0.124763600080309 0.130877318280259 0.115741508328858 0.154313597544582 0.0138702333891848 0.190733558309829 0.161984516023446 0.107715668043531
0.101569807977362 0.057083311524766 0.168074400941477 0.157283255261721 0.105566919941777 0.157215603722236 0.130493408811295 0.122713291819365
0.0827682950566458 0.171482391526538 0.169239902663067 0.180137314575118 0.20233355707047 0.0163547158178975 0.0886422676502134 0.0890415556400502
0.00634989883159332 0.139582980150899 0.193859785633949 0.152237210141397 0.17255724512767 0.186478137529759 0.0674504840424629 0.081484258542269
0.188345112701382 0.124416424037339 0.104438348706036 0.217066602392004 0.0347995572902637 0.165770942291713 0.147639950057486 0.0175230625237743
0.184764546647436 0.105206786091056 0.221808117034747 0.0194295352890098 0.0810789550440294 0.137295403638043 0.221250603940706 0.0291660523149731
0.0833369936679976 0.171060144651773 0.226680052566673 0.212881669172 0.0774529957847663 0.0242436706107373 0.0162049435773837 0.188139529968668
0.0505328956540721 0.0984040403373474 0.0542138672682912 0.113039857986541 0.193407031487712 0.19793084813618 0.185451052877914 0.107020406251942
0.160348796118094 0.0350514318624027 0.189312528198941 0.229313002568537 0.231938740951619 0.0905140042868395 0.0363019984277937 0.0272194975857727
0.117783897121853 0.1161290752013 0.146863706039523 0.00484774082186864 0.179055041493284 0.160169392083094 0.180738028602693 0.0944131186363839
0.233452856368782 0.0234350037235837 0.109081471457122 0.143873150709573 0.151398356969727 0.0359635344209831 0.297719856473617 0.00507576987661306
0.232011310306823 0.084339912929665 0.0904622042197433 0.232217503994326 0.0628262826536082 0.0260697881627752 0.244291669899063 0.0277813278339952
0.152096222260059 0.0158636238720084 0.10983370416464 0.108532353799929 0.174818351328671 0.159797374653439 0.22872490981686 0.0503334601043941
0.0566860415237722 0.184339565903448 0.153006590420075 0.144383849179912 0.0502227376935813 0.164110219717088 0.0993314310205689 0.147919564541555
0.143838478462014 0.0647014909765814 0.129222454714335 0.0591429553999201 0.0823020091628378 0.189555714445143 0.146400329232051 0.184836567607118
0.130751885248612 0.255031459455762 0.0492731485232065 0.185101135571612 0.122965629214821 0.079591816858782 0.120632829774035 0.0566520953531702
0.0659584717075405 0.096150669192228 0.0828101085979763 0.0463449078037225 0.223622731396665 0.295512320201331 0.0951273552883481 0.0944734358121884
0.18363416879003 0.0438126163850107 0.0886738804914482 0.149038469876659 0.161852689014614 0.111309049098619 0.161620865872479 0.10005826047114
0.0649596489774764 0.217287333550922 0.0402668391982639 0.101936107034506 0.0466490237339872 0.176490167316196 0.172015193468105 0.180395686720544
0.0771266683487316 0.130115971105019 0.163066017833145 0.0956606816637427 0.108758915023063 0.148479138889376 0.12362198718567 0.153170619951253
0.192610048483813 0.103575069867177 0.0584615348286592 0.0924726754892905 0.0544829361094995 0.221418882280909 0.239582021882547 0.0373968310581057
0.162508592055233 0.091744659498419 0.00696082034550922 0.118335967025841 0.163113522161611 0.169291921713854 0.122230639305839 0.165813877893693
0.247353864769135 0.199789730688633 0.0126413194370438 0.0868329753629042 0.168727180699501 0.0558377972655136 0.0997029515639077 0.129114180213362
0.286754752859463 0.174247421601364 0.124261720445984 0.104086620615135 0.026879137741184 0.078281501279558 0.00206624925759311 0.203422596199718
0.120210715707243 0.152071482404792 0.174388782002801 0.00167233108986313 0.0987853976608086 0.144313218614664 0.163333845647728 0.145224226872101
0.102522037323841 0.128622779819316 0.181694521926641 0.104090185643658 0.146246782955527 0.0660964069269031 0.151078655500143 0.11964862990397
0.216783825578675 0.1592167931729 0.01180237542885 0.255399324578182 0.0725609048924666 0.0121658810667915 0.185925876671496 0.0861450186106398
0.0803983863181782 0.109220949693147 0.0907368973955772 0.11770376025928 0.100800614111197 0.0702777982883853 0.305411936440805 0.125449657493431
0.0378608193127149 0.16164059822058 0.181980456746703 0.116113840468023 0.216110686059748 0.204195323672644 0.0776333195488715 0.00446495597071608
0.00120489516058095 0.0688924287096427 0.113009573733745 0.202385388796895 0.0838694097385254 0.245465747568501 0.105720120071534 0.179452436220576
0.0965225402559142 0.151313295005859 0.172514753850583 0.176609958990277 0.113350460360525 0.0891401579714949 0.102444665045575 0.0981041685197722
0.195400018812927 0.125639151365122 0.215353352393787 0.153537903880174 0.112586321080413 0.153359773306414 0.0288433856055183 0.0152800935556459
0.178588328838572 0.196713599823234 0.18494100641945 0.0160201395357189 0.0215268816074253 0.179416862489418 0.182411933529782 0.0403812477563995
0.0100038435206208 0.00482241192741313 0.17740281928609 0.172434601161397 0.228757389217706 0.0216114870686349 0.199445674221043 0.185521773597095
0.130098258534189 0.0969417875935629 0.163552947065899 0.115297806110197 0.116281465573401 0.147193174262251 0.0989047721930364 0.131729788667464
0.175961904553611 0.184372768693227 0.110483562889329 0.109128469554587 0.0687823879374539 0.013960753289268 0.15953968257472 0.177770470507804
0.05249077228804 0.108763223766767 0.0765885782846729 0.17278170713052 0.0437409421781842 0.191418152937624 0.165266279207603 0.188950344206588
0.0459647380170993 0.293983212881695 0.131132840558238 0.099832016848333 0.149017818774319 0.00705343189588609 0.146167722605531 0.126848218418898
0.12871440376538 0.139424517582672 0.0293215088882836 0.0572082906677602 0.0610437041684816 0.169452686914689 0.231095212652813 0.183739675359921
0.148691275562024 0.176956680447332 0.00561008608604142 0.186616038902958 0.191217840358706 0.221990646181469 0.0611939974773551 0.00772343498411385
0.018751727019191 0.229261646613116 0.00175342872652962 0.202568400514847 0.14170654631385 0.00958168634449811 0.138446912935004 0.257929651532964
0.108428286421393 0.156613796225736 0.0160401691780049 0.167020719162756 0.171365547906819 0.157830262258948 0.0944845333501407 0.128216685496201
0.0201147370402256 0.079095742588199 0.115661333479484 0.0335686111271183 0.285077569062816 0.112981884411375 0.124546732443133 0.22895338984765
0.141964006294504 0.0810960127548858 0.0500507215530543 0.223955481077372 0.0895508686603442 0.163835974402308 0.163291913353103 0.086255021904429
0.0358864740067806 0.111396088165059 0.164905519026538 0.144528724508952 0.155921948193971 0.175503828129384 0.0305079405123419 0.181349477456974
0.257126594076434 0.138743096542213 0.140248256832501 0.258835033071139 0.103815023192038 0.00931214954542803 0.0881915211744521 0.00372832556579602
0.252882024865235 0.326204905387011 0.0607667080303788 0.0415087298360975 0.0406661263881018 0.0310564480466629 0.188163301876894 0.0587517555696192
0.193213601875858 0.0235893047056152 0.053370541205628 0.187721043949457 0.0795855674514115 0.203732324733693 0.184077724420589 0.0747098916577485
0.0336975669554905 0.202060257737549 0.0714347977449843 0.236885379563197 0.102023833580858 0.00111364191655125 0.164803072541843 0.187981449959527
0.141746942887905 0.270361078539446 0.00700473579845502 0.0282444860436079 0.229902070091769 0.104160755558108 0.0402105865421175 0.178369344538592
0.245996981787245 0.0243814943472048 0.0705907991780688 0.309250239105049 0.195213168630198 0.0555637665051582 0.0627450540898084 0.0362584963572675
0.0143392910604978 0.275074434862385 0.0536410696985929 0.11966520890538 0.154116708273467 0.0419722539466234 0.180241406099197 0.160949627153856
0.152815381675213 0.0395356529854131 0.223411137261257 0.0853904686511107 0.0888865581117363 0.258220286220329 0.118425456453858 0.0333150586410825
0.106852709989457 0.226344440341801 0.155224901524442 0.17772258021532 0.159650707425321 0.0523311889716778 0.0260803344108984 0.0957931371210815
0.183499459933179 0.203903293484179 0.112935258868579 0.0502450675173261 0.0430233303601581 0.223825697239006 0.0829958126007053 0.0995720799968665
0.0801845688525718 0.0786618326653377 0.213956623872862 0.210243104410598 0.183853539800413 0.113251410803485 0.0196613226548833 0.100187596939849
0.157373064310783 0.0493637817755653 0.108953853770161 0.0802794479222436 0.326278087062016 0.14976048820412 0.0629713731725337 0.0650199037825775
0.239023073536046 0.147195282108237 0.100238448881365 0.0557609519287681 0.0589198608993924 0.12513194852436 0.252002947145748 0.0217274869760841
0.111227876483907 0.176041644238234 0.139854340869467 0.15255270892065 0.0856050398901094 0.0424380406065321 0.125449948358434 0.166830400632668
0.138150084240282 0.0320628025156121 0.149619387391882 0.0989257145083592 0.211094303117708 0.00505351756380414 0.187309569984351 0.177784620678002
0.228453005605019 0.0360911392302442 0.233648631406741 0.0147188284250251 0.140470274041178 0.147607096603962 0.0684618442664755 0.130549180421355
0.123451772475467 0.132077505977995 0.0423198989029964 0.100976257800214 0.23524503260673 0.213803302452325 0.119622906545416 0.0325033232388572
0.0979302299610977 0.0457402709245158 0.14354848568195 0.0814802727391875 0.185381962321134 0.17448892918008 0.204147500565005 0.06728234862703
0.10810938738967 0.174549792774158 0.0943739877102049 0.180406107593328 0.117930460624942 0.0279696445516564 0.125560170741087 0.171100448614954
0.135123268749952 0.186213867715584 0.085990912406644 0.106761513809492 0.1864991118339 0.0976919884072135 0.138244672049619 0.0634746650275951
0.0104789300975075 0.00720018625864729 0.406495976789585 0.185144408421236 0.0915837521021716 0.0484134923025897 0.198488065791497 0.052195188236765
0.162841358920665 0.215676215653514 0.160960941824551 0.052247635728939 0.0781314223774358 0.0780608343939781 0.231326483669147 0.0207551074317699
0.236403928742661 0.0643052185203366 0.0476830462954597 0.00892052966900157 0.279942620185289 0.27420519841986 0.0443242269254625 0.0442152312419297
0.168805777355067 0.145980983219806 0.141300523929487 0.156890882996158 0.15945188079457 0.133131786058681 0.0343228797230323 0.0601152859231976
0.25332421284751 0.0179546239494548 0.271070104457756 0.0290349286936494 0.244141377827839 0.0420698723032375 0.0381996210491503 0.104205258871402
0.167712357492162 0.177855018132367 0.17118172417669 0.137051317875316 0.0342664517406692 0.151356962857598 0.0635951802714396 0.096980987453757
0.119402212146959 0.159196488053102 0.110865104652232 0.0399338893160044 0.175066143089999 0.166246117441072 0.0735531132468351 0.155736932053797
0.106139391657088 0.160315851876174 0.135868956100918 0.151760127816995 0.0872374047656431 0.210604526500908 0.128209151473475 0.019864589808799
0.12867924536566 0.0310980196863137 0.0291378262795581 0.0785135400691346 0.243697107014666 0.0314674194971178 0.21312534620405 0.2442814958835
0.256784435927707 0.105334622285231 0.224443448388093 0.00642994032123692 0.100322167241234 0.118339355790933 0.133243497469946 0.0551025325756212
0.168143162222633 0.0439715121379932 0.18681789461506 0.122066530252264 0.144014497592812 0.155020266560735 0.00849074017315756 0.171475396445345
0.014321870515007 0.0919267045640423 0.0331774493812074 0.169976712745671 0.0625920789783993 0.211073803663969 0.173854389890468 0.243076990261236
0.0739052328127335 0.112336222215188 0.128675171416115 0.187604907195135 0.0119390562044968 0.137255645010829 0.168104151364538 0.180179613780966
0.0872105416949876 0.366114656209375 0.0748754621691144 0.0479860030802607 0.0125142472208111 0.021194865967681 0.00923903318991662 0.380865190467853
0.0971910286373106 0.138819704235566 0.143404624194535 0.0776382503729484 0.0982106030072213 0.148016950420923 0.131104644072216 0.165614195059279
0.0757561288849107 0.174199085523249 0.10254529704713 0.163761271260163 0.139517248394629 0.123749382413483 0.107035755746234 0.113435830730201
0.101809092901386 0.0985687551759788 0.130446604385036 0.191867637902453 0.204808729760323 0.163040791039789 0.0431317050795707 0.0663266837554625
0.190896298678622 0.0628147720219053 0.204529796079879 0.17769137943894 0.0989991464385075 0.017315435269199 0.172417406766536 0.0753357653064104
0.355619840915337 0.00551932493127968 0.011012601979283 0.186228387113412 0.0233402778360638 0.0124096815865188 0.287006979317118 0.118862906320988
0.174335567104137 0.193938440653009 0.114380236067757 0.0730865352256627 0.090712416058053 0.149352888902306 0.0366851989432667 0.167508717045808
0.168575869035617 0.191986412564552 0.181540595265426 0.0340301125585028 0.0165807235838394 0.153279133218611 0.136649406621263 0.117357747152189
0.030122702152879 0.0846298681870775 0.238316324733913 0.241399792435709 0.0829013450055166 0.187133797353748 0.107899705234634 0.027596464896522
0.231810905051069 0.0452152844517738 0.0193063034516303 0.223395199488627 0.0445911913212177 0.251804191938079 0.116442564637369 0.0674343596602344
0.190002928316388 0.111526292504926 0.162309644612974 0.233677536085548 0.227291253724581 0.0194621319374853 0.0245613759201574 0.0311688368979417
0.171675505189061 0.218944712469548 0.0199563624386695 0.110021144516437 0.0562977040179909 0.150328383599474 0.262552789546639 0.0102233982221814
0.0586026684712814 0.130953026925916 0.0626543279252066 0.197986114449344 0.0813091934787792 0.161669359407356 0.0902741797990726 0.216551129543045
0.221316548477624 0.230244065570514 0.0450212416902068 0.0591005759935193 0.0204649946880584 0.201726165062556 0.0110412987823176 0.211085109735203
0.0145283520520033 0.106224872146879 0.139719357454852 0.168418549802518 0.0264528409632255 0.202763056720484 0.129572558778908 0.21232041208113
0.0953756488923096 0.0596637793685649 0.123945166374007 0.217833910355546 0.112123862341385 0.130778504513076 0.170975440953583 0.0893036872015287
0.313449263493649 0.022516611546816 0.0039320077128461 0.109550930216321 0.249477584674167 0.164424084336594 0.0308579521827294 0.105791565836877
0.225627488736566 0.0839025000466115 0.0780334476109652 0.211280935338031 0.130591392458395 0.0973172926297221 0.0944256476324184 0.0788212955472909
0.0934217224172896 0.0151657174383183 0.100466308911332 0.00176296796113601 0.187800193658631 0.193710940264052 0.290416745500994 0.117255403848248
0.0223273636811215 0.246761372227935 0.101099033939594 0.10344167543776 0.238844392714511 0.0657684936240229 0.172894976733259 0.0488626916417957
0.165288316143012 0.0406679119349466 0.0317345913575653 0.0983169144064526 0.171204321429591 0.0738954007573488 0.211491704658709 0.207400839312375
0.133162373236109 0.12898489426466 0.00138916116903528 0.0658067103775312 0.223246610642452 0.174625947353012 0.236560136432992 0.0362241665242092
0.0404133445742217 0.149389182610065 0.225739383641336 0.0804351294934731 0.169471915568356 0.0571486213521003 0.0735256506955448 0.203876772064904
0.14103062586132 0.105950555595743 0.0879264236731598 0.0545381031811612 0.143896378332108 0.0953854116559066 0.160108051610888 0.211164450089713
0.122640207596804 0.044650070905458 0.00926967652886112 0.214714350602422 0.0392162783751351 0.243293963829345 0.0842789439394427 0.241936508222532
0.196336558080858 0.0588701468095711 0.242096648154712 0.0732389346220162 0.0776514637655522 0.0276140570030273 0.217365821590116 0.106826369974147
0.196530978666792 0.0828153239832951 0.0346008235968259 0.0529828114698761 0.245950928942147 0.0511064412985818 0.185154487648408 0.150858204394073
