0.0459745043066161 0.412291206764804 0.168989714562299 0.250827372730665 0.121917201635617
0.123235782495321 0.0545189435399517 0.346593312664129 0.340846064663347 0.134805896637251
0.305343182268817 0.12523994683304 0.164742841920518 0.279486370136765 0.12518765884086
0.304572458061146 0.209540329676793 0.129480762658818 0.313835973892834 0.0425704757104095
0.355948536387828 0.213143242295244 0.336949715534411 0.0351198697646905 0.0588386360178259
0.0475839195776941 0.305273078724566 0.306311447995631 0.338834615133705 0.00199693856840488
0.336871333165914 0.0685891976926336 0.174158323628711 0.247364183298084 0.173016962214656
0.0991400380351583 0.307014372465227 0.0603115003254491 0.451162131779092 0.0823719573950739
0.202550061591713 0.0726815946664396 0.30075541012128 0.130467779613917 0.293545154006652
0.0816853484224165 0.294391786575573 0.386685414479943 0.120326149815723 0.116911300706345
0.336375904174931 0.0307659375280125 0.253689819725698 0.0809513945101474 0.298216944061212
0.283179496094856 0.30372792410032 0.168560851831406 0.0998528561103707 0.144678871863048
0.335791393033483 0.103149129930161 0.286825221866197 0.175998944290634 0.0982353108795241
0.220912707194649 0.0553634460520256 0.138527358344763 0.335303215585219 0.249893272823343
0.110920777696413 0.212249662381432 0.322559800321126 0.210328910728284 0.143940848872746
0.102168060818466 0.308648065492438 0.195626791597389 0.276187021332212 0.117370060759495
0.40818121143185 0.228623309171251 0.260538218395572 0.0468670323065249 0.055790228694802
0.188951535758187 0.338321520134644 0.0982005931054766 0.128806242370406 0.245720108631286
0.241819396713919 0.160834490904245 0.0806535631719346 0.29785182798457 0.218840721225331
0.27238568048189 0.226413521491659 0.0891259860933531 0.147265914680739 0.264808897252359
0.193073135398273 0.102124681087293 0.121315440801505 0.252967391560658 0.33051935115227
0.0209218322683852 0.252204072556252 0.247994104624821 0.279862672042547 0.199017318507995
0.108885909180763 0.257529381085001 0.219282516213313 0.201282410381285 0.213019783139638
0.245496945460682 0.00244240691106564 0.210719599560218 0.205965391147332 0.335375656920702
0.284663019304484 0.31151741205541 0.0684694127870948 0.123629331993571 0.21172082385944
0.288200039639996 0.0732158141502402 0.00383093829260815 0.300904285916199 0.333848922000957
0.24532338207086 0.183126358420685 0.440031818606669 0.070459442801835 0.0610589980999518
0.374361913895394 0.0501043401806288 0.248135814515332 0.246419030392429 0.0809789010162168
0.10865819664679 0.369480782706398 0.138638571685581 0.0354662855647036 0.347756163396527
0.161599173892524 0.129996631652424 0.279710951089387 0.143173097037698 0.285520146327968
0.0438342526626566 0.255763790285136 0.0296521642389995 0.150696579048604 0.520053213764604
0.33189562541671 0.0756090502490815 0.294564518823492 0.233092802951053 0.064838002559664
0.393702014582979 0.0639682765044614 0.0866498262426663 0.0617341128215163 0.393945769848377
0.35232383816225 0.184613983072228 0.225451894785655 0.110075559441444 0.127534724538423
0.032698569658456 0.176326321859409 0.369690302341281 0.36728570338593 0.0539991027549235
0.14339819042513 0.177157000102237 0.249839046689534 0.102605192522179 0.32700057026092
0.0742253378481521 0.157408170369368 0.37739463234509 0.146221330165055 0.244750529272335
0.286483107179169 0.123294898771577 0.0276073723822041 0.416832618999447 0.145782002667603
0.247103807594156 0.0234835195568241 0.294895405593285 0.115815008269288 0.318702258986447
0.0827003936359258 0.337044501202053 0.215289164076071 0.249978058086453 0.114987882999497
0.311854439417593 0.0422721964010203 0.250520527345702 0.186304093440488 0.209048743395196
0.222080269796384 0.143495921459379 0.248493082213188 0.117923838500923 0.268006888030127
0.268595342914771 0.178889851708965 0.012843051961064 0.264507450040246 0.275164303374954
0.238086667007309 0.315260547883265 0.229213199559438 0.174727347634742 0.0427122379152468
0.0785660605903179 0.228379480037235 0.258733017953135 0.273113502104898 0.161207939314414
0.111565482934702 0.109392424843386 0.236275704625244 0.22939325674662 0.313373130850047
0.582971376608598 0.100174478503912 0.0629278605323534 0.0411597300834087 0.212766554271728
0.266869804337064 0.121183402001294 0.0984231695638619 0.235085977990553 0.278437646107227
0.0633288286647018 0.249536617477542 0.254995816308377 0.241942740716412 0.190195996832967
0.102093180882111 0.295059291712955 0.262638847289883 0.0590460795777956 0.281162600537256
0.343078457249326 0.283916118616286 0.0310462946451917 0.179637668187373 0.162321461301824
0.00648681440557467 0.173585321562858 0.174100246481486 0.188416465916697 0.457411151633385
0.178752495392221 0.197423834940237 0.255825887164862 0.121039965013588 0.246957817489091
0.22137849356016 0.129686340592685 0.128225165016855 0.168853303857742 0.351856696972557
0.239190017564846 0.186458883188286 0.197301165631063 0.210167218786958 0.166882714828848
0.122500400328978 0.272951189273046 0.28640653749935 0.095824340599226 0.2223175322994
0.135290899896645 0.295539584894528 0.099755173640351 0.274403072187716 0.19501126938076
0.2240166529448 0.178903131031042 0.332594399732001 0.127985589660051 0.136500226632106
0.226394401477664 0.239155966304352 0.0862725119216075 0.188047220533629 0.260129899762747
0.386224957583756 0.190043404752392 0.13582077319277 0.244705678942183 0.0432051855288982
0.236383713773263 0.426569165494438 0.0775465208299583 0.0843674159514865 0.175133183950855
0.235556095635077 0.22979507013597 0.197079446245603 0.188850448958954 0.148718939024396
0.284226720339771 0.0955147354329428 0.030864459829968 0.269407823381317 0.319986261016
0.264805891300833 0.277940424888395 0.270862011162022 0.0416757828801195 0.144715889768631
0.281874499099268 0.143172290842219 0.218299596290747 0.0585328370973762 0.298120776670391
0.280942509948372 0.0484528057002548 0.186278716411141 0.0688827636407272 0.415443204299505
0.21942609405838 0.328236901869886 0.22086021354016 0.163662603662183 0.0678141868693908
0.166520731567966 0.315918061366004 0.383589123889236 0.0486550186245959 0.0853170645521978
0.315158750575605 0.154702919887018 0.0556030629719707 0.368918754729761 0.105616511835646
0.0789213933276831 0.297552727817011 0.263399362656094 0.0597445557976989 0.300381960401513
0.244109654511452 0.221179056591203 0.121228262003549 0.298415314330114 0.115067712563681
0.0949787277824037 0.273563946245793 0.254260476033663 0.294977967688829 0.0822188822493104
0.289486668500643 0.574801848024065 0.0596703178302367 0.059418405083814 0.0166227605612416
0.123093023871138 0.182740385486806 0.290896822558687 0.324983057055092 0.078286711028278
0.457533426792082 0.173457836967888 0.241321261468459 0.0786492285588369 0.0490382462127341
0.160956408647308 0.153590778321796 0.264172230167467 0.0856672541231228 0.335613328740306
0.172961316551228 0.0671339256917919 0.254882089914295 0.232651532658334 0.272371135184351
0.100340476686707 0.0810670242921546 0.18239448084239 0.494398487017832 0.141799531160917
0.230920223400278 0.212041759906607 0.0154302129198894 0.18900550573963 0.352602298033595
0.398914129096001 0.250387218719987 0.0256451603769359 0.127917542195995 0.197135949611081
0.248232412490676 0.297187787641148 0.34091587001626 0.0216704749749998 0.0919934548769156
0.228874449578602 0.00820119025941093 0.309298917144988 0.356137747059036 0.0974876959579624
0.173680224196185 0.0600525989209379 0.352590549354537 0.277551261855782 0.136125365672558
0.195396982564442 0.297957934579007 0.121621015591553 0.257198934721058 0.127825132543941
0.11414326960355 0.067517906081739 0.249029395619742 0.189762991838537 0.379546436856432
0.0711561343180504 0.299983216554925 0.244577631096988 0.293267133519961 0.0910158845100762
0.123617834941398 0.000329979960171284 0.282144246561471 0.271195892501462 0.322712046035498
0.0647492273051512 0.241060308824594 0.121694975773817 0.263086991980858 0.30940849611558
0.183513137010033 0.260045989252105 0.188341647963919 0.0563690232693908 0.311730202504552
0.0798576988745379 0.250059249264957 0.238212301475505 0.198588569652741 0.23328218073226
0.291329952610165 0.103593861841754 0.276793164139073 0.238666458845993 0.0896165625630158
0.0880123354414505 0.29237706349827 0.0204747097713608 0.290542333428429 0.30859355786049
0.185299227533058 0.0169559665680548 0.249101327671528 0.290173313918231 0.258470164309128
0.0150698750568936 0.348714608379098 0.0553667970951508 0.268250727254039 0.312597992214819
0.239061618232621 0.0830192118065276 0.21534106386864 0.238859683756683 0.223718422335529
0.155291610228627 0.234677013349533 0.208057247398828 0.185172461974089 0.216801667048923
0.156134517989542 0.222217546538888 0.157088198610683 0.208227299019561 0.256332437841325
0.216741603638588 0.181584520847432 0.213449177869729 0.0552162038205041 0.333008493823747
0.352231716600991 0.133027410067133 0.0128148486719823 0.237233750338258 0.264692274321636
0.258150800096128 0.241607682852323 0.243940142056639 0.137052397680789 0.119248977314121
0.243699083794439 0.258551699798456 0.0181071604772782 0.194882730117417 0.284759325812409
0.208859392024507 0.163572087601619 0.313317500090435 0.073706860475685 0.240544159807754
0.184023237677742 0.190193598821993 0.0681051272288812 0.269526414490975 0.288151621780408
0.306362224771511 0.144001956344001 0.229202257721105 0.141288087965254 0.179145473198129
0.250809395518426 0.236119534116353 0.212598223898297 0.103759411029643 0.196713435437281
0.189970848308084 0.238997268813302 0.264517479865642 0.267017406769822 0.0394969962431493
0.130218420567355 0.249509914976073 0.197358902925726 0.173327387538171 0.249585373992675
0.0411582681290658 0.0591974222713444 0.166518667242275 0.29706276249814 0.436062879859176
0.166947838687716 0.121749943524308 0.314791661915407 0.105903842764019 0.290606713108551
0.124627857339676 0.218874067363452 0.126893242767634 0.278191129083017 0.25141370344622
0.189995989814241 0.0605646100984954 0.211607065289413 0.252681624954563 0.285150709843287
0.123180675837596 0.230828338066787 0.186248453694219 0.20653798939035 0.253204543011048
0.0518894018415012 0.30619969877447 0.33333334482082 0.0336797773929025 0.274897777170306
0.227258920460109 0.160255760577438 0.226231488813328 0.253578933765411 0.132674896383714
0.297513171860524 0.325133283521464 0.0133012749524938 0.0903182574101809 0.273734012255338
0.300702597563524 0.00213006940027088 0.321283911755923 0.0570794083047063 0.318804012975576
0.18940713895951 0.382732012032588 0.136347692347816 0.0333458246291234 0.258167332030963
0.129962860079242 0.293785013853108 0.285578292956753 0.227847035842828 0.0628267972680692
0.12903319638724 0.51787639218101 0.0740057973899451 0.0365819040834265 0.242502709958378
0.247328815804488 0.327186595630913 0.121526585864405 0.29417145612345 0.00978654657674413
0.222651030865726 0.341030388014406 0.0834885276026077 0.114202936931385 0.238627116585875
0.412465903629769 0.0209946485871993 0.0524989075506167 0.323902124644654 0.190138415587761
0.27310546783758 0.222831484294169 0.204994508426174 0.280818005200854 0.018250534241224
0.206844514698211 0.430720084210855 0.269412851421883 0.00481107614455754 0.0882114735244936
0.125167926506551 0.249922988139249 0.118491309337559 0.272381298652677 0.234036477363964
0.167763099540188 0.198259609423422 0.13471779548141 0.432903196040982 0.0663562995139985
0.213480951859612 0.313412524983519 0.127740327733483 0.141461831287862 0.203904364135524
0.139031465979182 0.389184540594671 0.270399266308568 0.163630567893711 0.0377541592238681
0.124698333718346 0.338465424737373 0.206197796206442 0.00255478941372997 0.328083655924109
0.185730346350623 0.300031099840155 0.280881549498632 0.0119769821196803 0.221380022190909
0.251625949071447 0.188951798206771 0.12281307963369 0.0511395853662628 0.38546958772183
0.0043047145348752 0.375302061243934 0.134142202369103 0.229468016629298 0.25678300522279
0.0241496947462255 0.344299192472296 0.341150540817096 0.238747561774247 0.051653010190135
0.142063104848123 0.23412028728871 0.515353512537418 0.00845978079279597 0.100003314532953
0.26903779941125 0.26616355421434 0.0464008434050957 0.242547329568436 0.175850473400878
0.191584952873846 0.058869598806596 0.28331363403826 0.298735389606849 0.167496424674449
0.185574059529239 0.295165549884818 0.262568153943202 0.0343938123683227 0.222298424274418
0.364557093037623 0.266134848772683 0.0755376814452257 0.27943388693915 0.0143364898053182
0.21381841942122 0.0263048300154153 0.0275347734295021 0.274211230414545 0.458130746719317
0.215035438710996 0.103886192820836 0.364846805302748 0.185462743942608 0.130768819222811
0.0601394116534325 0.152888399183143 0.22850064624312 0.427592014791055 0.130879528129249
0.193157133070913 0.28643398962901 0.0330158078987163 0.260009959987348 0.227383109414012
0.0917484968340699 0.308596289123227 0.193740540765124 0.0487774707480941 0.357137202529485
0.233004206163248 0.215700570754782 0.197036279337476 0.223671297732103 0.13058764601239
0.159026899365494 0.240804186447813 0.0767859613080011 0.188596318344658 0.334786634534035
0.188398109795142 0.227260297646286 0.294830662873676 0.0019815512724152 0.287529378412481
0.109126866472372 0.183388780866227 0.287334323522491 0.353826378571156 0.0663236505677536
0.356099768022859 0.0185609758640886 0.0630061528059771 0.226108375761431 0.336224727545644
0.0789713463440561 0.248042608726888 0.11532275008324 0.20973967751511 0.347923617330706
0.268070799964124 0.23135659168864 0.0587884258341606 0.167441119683612 0.274343062829464
0.221514905482002 0.19063059987525 0.233530102774756 0.219222243288981 0.13510214857901
0.373557087337318 0.0891921435738215 0.106330270160359 0.0985787559517335 0.332341742976768
0.215763510065057 0.267393690658617 0.21716093456294 0.0984415958826677 0.201240268830718
0.221061888525971 0.122209531817172 0.13098510429238 0.198318431746401 0.327425043618076
0.496530760348283 0.170412420351238 0.181405052866784 0.117761124086097 0.0338906423475975
0.304343801976523 0.283405926195812 0.228733441871903 0.0192070493570543 0.164309780598707
0.189696061022635 0.0574563189043317 0.58893146467673 0.141341383719775 0.0225747716765282
0.406466963017057 0.233124146842185 0.0545254688583677 0.0353958169557907 0.270487604326599
0.27159042963424 0.347752471828533 0.162742387603373 0.0482359090463739 0.16967880188748
0.10858137145567 0.199638462853842 0.220488199912326 0.213280062159162 0.258011903619
0.00430090933718551 0.0186784164698108 0.381764126242285 0.270336084596849 0.32492046335387
0.259149221806306 0.027449870646228 0.278935635037633 0.0957561349230117 0.338709137586821
0.308811422958626 0.289730384054656 0.2458082970344 0.0159453755832252 0.139704520369094
0.00323767893920295 0.278749645598058 0.0859018787614257 0.380744999792276 0.251365796909037
0.296117569096882 0.244668709530923 0.133186449747719 0.217017460244492 0.109009811379984
0.360738877497989 0.124797775008013 0.0418645792104188 0.183447161587999 0.289151606695581
0.333694911268589 0.0859809182047643 0.272428286360237 0.0603542912363098 0.2475415929301
0.227923249332677 0.273097023056983 0.121738561877432 0.100318950951226 0.276922214781682
0.289821385907537 0.0132868650516765 0.242997685880019 0.142554980367211 0.311339082793556
0.12546720764159 0.20889115845702 0.629592349178225 0.0250821261591477 0.0109671585640173
0.0848296305208213 0.228814608699 0.299601267517772 0.327965538139525 0.0587889551228815
0.145844397161776 0.198521269096764 0.26979212296562 0.219702804798234 0.166139405977606
0.161127600150191 0.171412580495062 0.362257157638946 0.287531363277515 0.0176712984382853
0.219581595965451 0.0237370296235177 0.0680911286833491 0.353024576732935 0.335565668994747
0.272495273852399 0.238932596900041 0.00158914415069111 0.207024871144431 0.279958113952438
0.0103305363060382 0.343500748423854 0.137468042223455 0.317094387771007 0.191606285275645
0.167032596662142 0.222496868339145 0.436047923250262 0.0260752926010867 0.148347319147365
0.244372045636992 0.202740937393884 0.270711364901874 0.227294723220889 0.0548809288463616
0.0989815848100007 0.152877009128746 0.21120585322907 0.103741590803643 0.433193962028541
0.200234136586202 0.239344001543749 0.198654206455376 0.184710408553767 0.177057246860906
0.281220555428194 0.015365109150394 0.342901258587491 0.299178981802308 0.0613340950316133
0.0328182439269904 0.105428072034624 0.278531406826845 0.402324684197353 0.180897593014188
0.177989907635682 0.0543563736364985 0.189635429783469 0.314805570650396 0.263212718293954
0.0615628175108272 0.0851105063579798 0.247782641284183 0.199779667124673 0.405764367722337
0.114459503562139 0.25995010826191 0.116284803815679 0.267205063456587 0.242100520903686
0.372852308498602 0.387105157266244 0.10221132363411 0.0232275441120538 0.11460366648899
0.0162870915572401 0.424791616176883 0.435984919403186 0.112274293854713 0.0106620790079772
0.20277389071768 0.144482158225901 0.0268270613318669 0.481514980277972 0.144401909446581
0.234197492677034 0.248409879056152 0.251901522820067 0.0705188798694053 0.194972225577342
0.218651820480973 0.13987115128376 0.26494927025348 0.317874222182588 0.0586535357992
0.316242125648362 0.163322221006693 0.209862204432003 0.152809461255426 0.157763987657517
0.2198420392781 0.294137678552881 0.0469750375029335 0.275325850770786 0.163719393895299
0.18681692564295 0.0933952128352071 0.336420791583752 0.154937632580819 0.228429437357271
0.328671822784393 0.156784791593111 0.301657361514127 0.176588330636955 0.0362976934714136
0.118103308846201 0.219321684123068 0.142056553963869 0.287348695365725 0.233169757701138
0.209981007151872 0.00444466859668669 0.343040046775737 0.281464613698502 0.161069663777202
0.295523730568317 0.197820806334336 0.0140736835236577 0.157341148785054 0.335240630788636
0.0736289275190564 0.20062100459465 0.35026891603887 0.0971776319516199 0.278303519895803
0.152283522721023 0.197007510007388 0.542805386236089 0.103939552250216 0.00396402878528423
0.112246791955777 0.290776634968995 0.333689240305038 0.141932619846222 0.121354712923968
0.124919589468442 0.199136994992301 0.0313127038595392 0.265709024494356 0.378921687185361
0.177754267114551 0.346753453090543 0.0879394639489573 0.0764847821659577 0.311068033679991
0.136229453420662 0.142565471851092 0.296371782136424 0.270574874044934 0.154258418546888
0.15356333021447 0.38396580809727 0.21119613053362 0.204617268087239 0.0466574630674014
0.0100596711275324 0.144896347283894 0.290380272913621 0.264533732795474 0.290129975879478
0.123646286805926 0.17411454691015 0.214736492752354 0.223361132880236 0.264141540651334
0.13981833590763 0.135353126774373 0.184008245773101 0.285213804148763 0.255606487396133
0.184211861609812 0.0972759208294141 0.239733756245855 0.181545659139437 0.297232802175481
0.282957523590171 0.256361746123301 0.180566838050344 0.0593613898003519 0.220752502435833
0.305795742064477 0.116333349524095 0.307871463165441 0.11512320539798 0.154876239848008
0.0642330144346401 0.0763229045799381 0.283759072874529 0.501780621651223 0.0739043864596702
0.0530920319332525 0.394526266892861 0.297355543685383 0.196558210876926 0.0584679466115772
0.249891309490953 0.423913008958847 0.0950062134621552 0.174023314188283 0.0571661538997616
0.356393064176621 0.303165127794076 0.223562342297526 0.081708552658572 0.035170913073205
0.270134010023834 0.287717957779647 0.0834631967789486 0.0291349656444503 0.32954986977312
0.215293544150606 0.232852899655652 0.173679316147975 0.175390356661579 0.202783883384188
0.214673583812168 0.101608065578717 0.331104310557753 0.233867999220976 0.118746040830386
0.118070356620956 0.242558045821511 0.0577575300583421 0.0957683617352138 0.485845705763977
0.0812015039823668 0.0982816005657844 0.263769423579922 0.264890825550237 0.29185664632169
0.237853388072515 0.255072753428207 0.271401818115334 0.113284414016309 0.122387626367635
0.178096582698731 0.324258407570391 0.103275114525836 0.0743645918758043 0.320005303329238
0.239935293067257 0.237952015697888 0.220710656773038 0.16472193817667 0.136680096285148
0.161906914706549 0.194461909706064 0.0197046286881323 0.526554776460902 0.0973717704383522
0.422777648149494 0.0394755397861325 0.123830572022857 0.283407982721781 0.130508257319735
0.257467895297222 0.119078314088488 0.117694566051207 0.212968921893466 0.292790302669617
0.230818902542279 0.286777483862506 0.290264110651545 0.125551821568891 0.0665876813747784
0.200421344371149 0.102453970165381 0.106382501746833 0.475225444346795 0.115516739369842
0.151690490514435 0.234151092610743 0.0850672536824542 0.0933710775730463 0.435720085619321
0.305967531224137 0.261246948815444 0.219212696461694 0.0352670941236273 0.178305729375097
0.249967445878487 0.0721031816185927 0.186317734793404 0.291749912317879 0.199861725391638
0.0190841779958378 0.0935563710349367 0.441041361414581 0.351196087838652 0.0951220017159928
0.477779461585372 0.0551427171289429 0.255881444016368 0.0803432082629056 0.130853169006411
0.0710712428898025 0.39044810628054 0.207056159849095 0.251444937134123 0.0799795538464399
0.00693457581526615 0.14190454391416 0.287287755071764 0.23697603697544 0.32689708822337
0.0042447541322119 0.288448716265051 0.338764000136804 0.0409840716209871 0.327558457844945
0.0727698272897206 0.00261557868096723 0.289458170134117 0.244082078436658 0.391074345458537
0.346900083723766 0.35976573140888 0.0697946103423015 0.085042396038743 0.138497178486309
0.24825553507002 0.255733357583466 0.00433330077220895 0.15964606806528 0.332031738509025
0.140850321343452 0.247677332754815 0.362133812129348 0.137188368208527 0.112150165563858
0.190220179307383 0.0150421225292917 0.182399356176364 0.274068995621987 0.338269346364974
0.183505918700403 0.245483885151385 0.263963338448771 0.20719172987868 0.0998551278207614
0.0080697090915358 0.248226253145467 0.241825369664235 0.274380858311668 0.227497809787095
0.225201791473091 0.198151134619654 0.170190576431134 0.220320967533253 0.186135529942867
0.261504796193188 0.10528067483869 0.19570933237992 0.207040237023631 0.230464959564571
0.419379338947785 0.467347096895294 0.0484020784234775 0.0290646650998112 0.0358068206336328
0.279686386833378 0.125070800406224 0.169199305093963 0.0384678534910143 0.38757565417542
0.00116278489588228 0.0354784496127232 0.308141102415324 0.460291137185072 0.194926525890998
0.351911699025099 0.354942515527107 0.0303302445278719 0.199792928290867 0.063022612629055
0.121116704161258 0.241003574865411 0.152943964426553 0.294654316670256 0.190281439876522
0.286878247597375 0.25890989651702 0.013501464387274 0.217221182702171 0.22348920879616
0.268546759729327 0.231393527306505 0.214867492731291 0.0713662114363939 0.213826008796482
0.19334448815018 0.0356052842602819 0.246292950880168 0.124595579890558 0.400161696818811
0.300282853907657 0.0308541698570796 0.0455134211682199 0.139736754054644 0.483612801012399
0.169734500681529 0.0971478085098031 0.277753460057969 0.138999026335134 0.316365204415565
0.0308557602175463 0.0481782851110033 0.237000407568251 0.232621391192921 0.451344155910278
0.258995808906224 0.215372827531622 0.0896836322638815 0.185573877954988 0.250373853343285
0.0285868781939197 0.210064912527748 0.2813332549752 0.475606461266266 0.00440849303686561
0.199001682754872 0.0176291662045691 0.241417504758974 0.279414095463277 0.262537550818308
0.0187076667289847 0.226933179574256 0.388163503223788 0.215049288796953 0.151146361676018
0.0527617726149437 0.333823667119278 0.0258088945352404 0.0871521208011049 0.500453544929433
0.166534418434439 0.0910409658593924 0.0900258238471823 0.340758097637524 0.311640694221462
0.153679285664309 0.228375653268501 0.28777736124657 0.28610033130833 0.0440673685122898
0.038485231264706 0.391608228122858 0.253157901913717 0.113498865043114 0.203249773655605
0.263538577815449 0.187690293125116 0.17622154720927 0.222270164448598 0.150279417401567
0.0846499221742317 0.164024764855787 0.18237013490901 0.302275101873083 0.266680076187888
0.0943382591063938 0.268926027215162 0.173596615320102 0.247456645013911 0.215682453344431
0.453359362520184 0.289259860978418 0.000174201616412095 0.242113385667893 0.0150931892170928
0.130535432982594 0.16863978593775 0.050588572629978 0.579653236558191 0.0705829718914881
0.211088646085568 0.0654357855654586 0.141924714276448 0.232359654917252 0.349191199155274
0.188643300367208 0.368867469547367 0.0909575639441444 0.0631474819971879 0.288384184144092
0.532223051700459 0.0938084286636209 0.167545353541795 0.0442741100096041 0.162149056084521
0.150506905040517 0.274398271954403 0.379052131944621 0.0671273132539534 0.128915377806505
0.227106628232519 0.204211154341138 0.158391316258542 0.220578771365715 0.189712129802086
0.227182915758396 0.0668622799330191 0.229872863628401 0.0789947804887424 0.397087160191441
0.15307927907614 0.332098470799645 0.19097221830197 0.237882930038563 0.0859671017836822
0.230793536442033 0.0958958666062537 0.0835484358764419 0.303905655170534 0.285856505904737
0.19082045823135 0.0634221954996624 0.0192418838259553 0.446026737650858 0.280488724792175
0.271402380275509 0.0488925337740955 0.200832843868985 0.461877925044078 0.0169943170373334
0.200155665721836 0.222054112704814 0.158349477237988 0.192480607552611 0.226960136782751
0.215050152278747 0.258935560318897 0.215102354049833 0.148501507342621 0.162410426009901
0.221035312547453 0.0471575490672414 0.214971667795992 0.316426451032321 0.200409019556993
0.1524376623302 0.180837863906907 0.30237314957455 0.238129726072813 0.12622159811553
0.286840984402112 0.00628952802673179 0.266367333037859 0.27094051606525 0.169561638468047
0.217998897016777 0.233501141917876 0.0942822604121017 0.263863928235645 0.190353772417601
0.276122629852576 0.246329480068548 0.0755368634835785 0.230536065134248 0.17147496146105
0.351055261497047 0.00957403034279514 0.083001856064657 0.254472100607778 0.301896751487722
0.265860445702309 0.284044997536326 0.122581343149915 0.0851886659934857 0.242324547617964
0.0755602343066816 0.0814416235611452 0.259848438823027 0.290723372323287 0.292426330985859
0.301711868123559 0.120158574537721 0.195300299077805 0.234546132476092 0.148283125784823
0.0638489492418862 0.215966188726908 0.234855435857612 0.218640166076341 0.266689260097253
0.00722078964436833 0.0605758043302218 0.301754730794889 0.313829884677084 0.316618790553437
0.0978126601678176 0.231961250941531 0.178807378981134 0.232035252113438 0.25938345779608
0.167950698253921 0.263552510446531 0.249967866246394 0.112291371615546 0.206237553437607
0.237011548075927 0.324192423898223 0.165768772516781 0.18113344796962 0.0918938075394488
0.121295002059589 0.310378405594817 0.0479172163135802 0.212032182598233 0.308377193433781
0.264128055018551 0.182672237845674 0.263640353984679 0.053883923440756 0.23567542971034
0.0988796471628878 0.293210367942966 0.0409356084874169 0.258021049681796 0.308953326724934
0.0835425675725596 0.172155207080478 0.222966250697001 0.289921024683442 0.23141494996652
0.288459750173157 0.0841902600312931 0.0867190696151256 0.370747345204853 0.169883574975571
0.0521970914546325 0.370107500149128 0.0602128398446979 0.0826858679111517 0.43479670064039
0.393084725301032 0.156003008444312 0.173559992154806 0.208731812939551 0.0686204611602987
0.176521812219325 0.317224725756643 0.214396221339227 0.23647386906699 0.0553833716178151
0.139309016603227 0.189364357363839 0.325115047643149 0.25429234999843 0.0919192283913554
0.00116165238035483 0.320270166640806 0.130664915986684 0.52407652908654 0.0238267359056148
0.202884458108933 0.0678888948005211 0.270196284102842 0.394397309247452 0.0646330537402522
0.0544457561349029 0.229433184081828 0.206448661125788 0.252580104271414 0.257092294386068
0.124175945442941 0.157640867484304 0.0830790258203833 0.226997868365741 0.40810629288663
0.254008706978402 0.086608689582982 0.301717435230139 0.185525784935893 0.172139383272584
0.140391991841171 0.195902737254798 0.0414418994795057 0.3304625048874 0.291800866537126
0.0904118131519833 0.103275463143925 0.316046193419539 0.14640906758964 0.343857462694912
0.323980734677832 0.102875938364526 0.0943736764727688 0.33056125583231 0.148208394652563
0.298089455677616 0.316472442031268 0.00441410567250112 0.0908287374912637 0.290195259127352
0.211496059961895 0.100760996940578 0.275508551887896 0.214631138838361 0.197603252371269
0.25721918408967 0.108725007621957 0.424546997833663 0.0885098528853102 0.120998957569399
0.317140182361007 0.244415424998754 0.197827245491432 0.187480485488292 0.0531366616605142
0.0175086576423249 0.275595199471251 0.358083798032861 0.320227443734383 0.0285849011191802
0.215445256864947 0.201322465718927 0.324675969567155 0.240954575738551 0.0176017321104194
0.0908854067707351 0.0894627021806587 0.265973824209974 0.256123396696365 0.297554670142267
0.228530776344239 0.00224941491019851 0.427965145949086 0.120465641050381 0.220789021746095
0.209283543305337 0.258732973032522 0.18476705522157 0.24869187515229 0.0985245532882811
0.172275699699217 0.0965025254263192 0.167445114188723 0.23176387918411 0.332012781501631
0.285431585387275 0.0438079534751832 0.144360448499817 0.0811454876905109 0.445254524947215
0.332999959751879 0.0110506609839504 0.217298832805444 0.353067051400767 0.0855834950579601
0.170889131037602 0.26776081997506 0.242532684715793 0.0297637937806898 0.289053570490855
0.184992565966686 0.207045487855675 0.239991536519301 0.162449429031641 0.205520980626697
0.236174749470111 0.301553798217082 0.148496093702812 0.00419155709768352 0.309583801512312
0.126741872531605 0.240275354363413 0.154451573856507 0.0550717713352092 0.423459427913266
0.290004907194026 0.296421885923345 0.184708597999006 0.0340777772784283 0.194786831605195
0.227083498081632 0.126495591564643 0.17728906670317 0.224184566504351 0.244947277146204
0.262320271007424 0.0435425578363707 0.243275926878616 0.228025851612476 0.222835392665114
0.230135067428445 0.0285050910417643 0.260451755698965 0.228801651059937 0.252106434770889
0.316950335201334 0.299642773993161 0.00852033186110177 0.0734966046023283 0.301389954342075
0.0696370596360664 0.370489245268327 0.134692107872514 0.0237111100467651 0.401470477176327
0.0400822685365269 0.166415014123526 0.0454831939353826 0.377462753255968 0.370556770148597
0.386079091543535 0.424206344893401 0.0343277481453848 0.0612073499777379 0.0941794654399408
0.244751569220577 0.137672018475447 0.24599865642342 0.189183829637852 0.182393926242703
0.234284713886625 0.00237911400230837 0.226393178285448 0.250643194248909 0.28629979957671
0.16627359977694 0.10166332990443 0.385392450155995 0.0424957193744149 0.30417490078822
0.331675999544737 0.0703379676550392 0.091844531732093 0.282598155977822 0.223543345090308
0.231482661792791 0.225714085825114 0.062497200802709 0.100392648573904 0.379913403005482
0.0177488585495376 0.158239696679005 0.207046003508024 0.298296534274396 0.318668906989037
0.241775736638778 0.274539838817137 0.264155249225752 0.0777798970621986 0.141749278256134
0.299877461705452 0.0565775590884089 0.228895120036784 0.126829842169508 0.287820016999847
0.261866520208102 0.252251232627042 0.0651413936799736 0.242573742188246 0.178167111296637
0.10155271437207 0.28600947844002 0.468441738661005 0.0315821154159376 0.112413953110967
0.20956596708833 0.25713655015654 0.11754693619215 0.158304620815245 0.257445925747735
0.503676767102436 0.000498184962531745 0.0434666723880364 0.411498862451635 0.040859513095361
0.0778948796949719 0.236578265094066 0.191073504818599 0.313596609252622 0.18085674113974
0.055236593627311 0.0132100512462144 0.135760796270759 0.0805009437790799 0.715291615076635
0.249471477951373 0.107023546422057 0.332035122278452 0.00606315040791219 0.305406702940206
0.290292426690066 0.184905129947129 0.20101423152617 0.237557844411535 0.0862303674251003
0.196754345424598 0.16248135419137 0.2168321481246 0.126572252891323 0.297359899368108
0.326591767267351 0.166880744692965 0.152413033538928 0.134224938743155 0.2198895157576
0.254411651450014 0.274928951709602 0.134513168489241 0.0939756887869009 0.242170539564242
0.132987974088454 0.188441509483642 0.21790710754529 0.228683927898361 0.231979480984254
0.246063084598631 0.22379537858675 0.199463952962563 0.148440201913977 0.18223738193808
0.304218764993466 0.134139062082792 0.0953416001252941 0.0342512591793013 0.432049313619147
0.126835614749542 0.0430728997081856 0.398273409546786 0.112220619803984 0.319597456191502
0.264451524664022 0.104761979116837 0.141930762523883 0.10642825828798 0.382427475407278
0.260341490129113 0.0315939793070601 0.318562278236108 0.187530759966159 0.20197149236156
0.197838934026336 0.0491566472346338 0.193430824318967 0.518776774097847 0.0407968203222164
0.182362929593258 0.0841081745421012 0.495525512421885 0.188031401384352 0.049971982058404
0.080946956909002 0.249665940429458 0.185345213171456 0.1669629897448 0.317078899745284
0.156104654036495 0.207361754515159 0.100966809785396 0.21875226318525 0.316814518477699
0.000802860006939231 0.0178082012206152 0.387105486513274 0.588006982566089 0.00627646969308273
0.00691845918398289 0.284483483634536 0.263395273447402 0.0530937441199496 0.39210903961413
0.214585078281758 0.238552292498749 0.2597482584589 0.07740659487035 0.209707775890243
0.213181231468913 0.158310040465086 0.281635644517148 0.147755195348786 0.199117888200067
0.27214921492212 0.178147290959717 0.0206164036306432 0.261054359158643 0.268032731328877
0.242110894986547 0.203853855373998 0.0770917921737171 0.0945027957223752 0.382440661743362
0.098952008845387 0.288102930062457 0.338428066021494 0.0477289761725969 0.226788018898066
0.186096170172383 0.265400528837998 0.151350881444026 0.0899787070138892 0.307173712531703
0.0846604931390388 0.220563150545554 0.313897490540432 0.273404014097304 0.107474851677671
0.429693707361428 0.0248010930695904 0.10225418932451 0.41122788972181 0.0320231205226628
0.0841905004031929 0.352082582039853 0.0559931839789106 0.203624036961768 0.304109696616275
0.248331808806874 0.254544464110111 0.189184470001429 0.0172235041548364 0.29071575292675
0.226170170273639 0.250864785518663 0.253986075858453 0.00859269269249964 0.260386275656746
0.358174955828297 0.229502132089627 0.162526972621239 0.152972170753615 0.0968237687072227
0.103992785163133 0.38947977786401 0.220601663390014 0.262666320534606 0.0232594530482373
0.19674416216916 0.128697208638347 0.00208259850575178 0.326654740270051 0.345821290416691
0.0489394092813885 0.396023336089279 0.366855154456177 0.181990895533194 0.00619120463996182
0.23692860576697 0.171149067450655 0.00635184219258009 0.347836970035772 0.237733514554022
0.0914418977101854 0.216742841131059 0.0758476238473431 0.361373009084367 0.254594628227046
0.0204571220573584 0.35172503895603 0.401854806085014 0.19462756480553 0.0313354680960677
0.19386682039408 0.242825741224103 0.24891168586112 0.278419236558835 0.035976515961862
0.25383415130145 0.131164453068336 0.190951115757023 0.196595690114808 0.227454589758382
0.177790204875489 0.161803881198876 0.186453500650876 0.267175167459857 0.206777245814902
0.29366254947576 0.177825276619103 0.100151142403463 0.264424332774617 0.163936698727057
0.299466929713538 0.0831425219781216 0.080675583512614 0.171646906555419 0.365068058240307
0.0110972986619486 0.0258802874229955 0.137990282102418 0.497067327159028 0.32796480465361
0.06358470230939 0.205605423099779 0.292990187242303 0.0630602325118833 0.374759454836645
0.23391925658055 0.272135362401838 0.0537290535959449 0.174594747211438 0.265621580210228
0.401311181693056 0.317752292599625 0.224574447568196 0.0213616791660305 0.0350003989730924
0.0234945931751372 0.32947103340875 0.19325529764794 0.115225680612144 0.338553395156029
0.147695389475748 0.519114560938182 0.145600882613818 0.144784667075087 0.0428044998971646
0.328039915364896 0.206997120951347 0.168216220431062 0.14552498085191 0.151221762400786
0.422297724648485 0.00362002550664268 0.00680366700621722 0.402597181129389 0.164681401709266
0.285158065187501 0.0209859356442061 0.174700729523938 0.191129283336503 0.328025986307852
0.407232468963397 0.0778263074011082 0.0363513191235544 0.092127435718467 0.386462468793473
0.227441780333182 0.155767453285119 0.0983315099899525 0.245808324786318 0.272650931605429
0.22823694940002 0.361387068654041 0.212618864730395 0.0765723717781472 0.121184745437396
0.158958490308413 0.194902850915528 0.283114613512516 0.228655358562032 0.134368686701511
0.128666110462195 0.121042105673673 0.178272630253801 0.109734692527481 0.46228446108285
0.13869532021051 0.102077048050537 0.302186061838737 0.134990264415712 0.322051305484504
0.0118803392387719 0.443975740262325 0.0761713225730732 0.164244085281615 0.303728512644214
0.576518464145229 0.285897805989681 0.0506468709985487 0.0691639718906824 0.0177728869758586
0.310991984920062 0.0216783951849752 0.292218357419449 0.0498281673644618 0.325283095111052
0.27068387134856 0.135788418165698 0.0565991945467504 0.26784305488347 0.269085461055521
0.297439841487709 0.231104770674121 0.195922702705554 0.166331003552124 0.109201681580492
0.0960853756562549 0.172063297562369 0.17988529034526 0.198808002922641 0.353158033513475
0.318610997630228 0.263911110752933 0.271487407172288 0.0587739454787242 0.0872165389658268
0.238723109166693 0.214805701977417 0.18233313410099 0.217046182520344 0.147091872234556
0.0426719164178498 0.200905960261593 0.0508540786908056 0.213982933555527 0.491585111074224
0.280587487750479 0.0744612173784433 0.31569505244747 0.00540300727222821 0.323853235151379
0.0583812785455702 0.165918796692424 0.0601683174623253 0.326761158465666 0.388770448834015
0.0899462654712278 0.390526886775245 0.392039434246551 0.0561897769184323 0.0712976365885444
0.29761189790961 0.301913081338557 0.160127945745654 0.178960656191115 0.0613864188150637
0.263770524009266 0.322358898883533 0.126296167886196 0.263238749223736 0.0243356599972692
0.265484335679958 0.104285164079929 0.217988642501542 0.192957959815232 0.21928389792334
0.330940251669314 0.132460552861417 0.105491025668406 0.18164955027682 0.249458619524043
0.15171448807084 0.156600801508608 0.301913824400916 0.214624697297664 0.175146188721971
0.22344512797286 0.149658536599198 0.246014231637687 0.100319024875436 0.280563078914818
0.210285114597724 0.347288024825607 0.000910504744507681 0.235511360129171 0.206004995702991
0.174276779108681 0.0653791692878011 0.231896333309946 0.258253590883604 0.270194127409968
0.060011081338588 0.0023926643040807 0.336584867245458 0.335400080035729 0.265611307076145
0.208698620538351 0.267828701505102 0.0536031613117648 0.139806451284457 0.330063065360326
0.154545844476637 0.29931225540415 0.298829443115697 0.0178996754512578 0.229412781552258
0.266292004064697 0.110702867636004 0.010343247146982 0.246857857319551 0.365804023832766
0.0272710819702678 0.405079544187995 0.167140580259135 0.154617430511498 0.245891363071104
0.283726637871335 0.149855266990479 0.178302313614131 0.350538277754317 0.0375775037697387
0.258675385666479 0.0174955425391733 0.315521361786529 0.0610690150985227 0.347238694909297
0.060924062714084 0.206388758568767 0.307648227051016 0.141564645602112 0.283474306064021
0.209591252071291 0.321115198660863 0.248256465459834 0.186825619399084 0.034211464408928
0.187606396381066 0.0133614994491763 0.213616102862135 0.0791158693818625 0.50630013192576
0.1576273674625 0.00541119315292813 0.42444431882426 0.157917299275472 0.25459982128484
0.238657525963275 0.215685700484244 0.0714831287045306 0.186819166938795 0.287354477909157
0.0174699939695815 0.0406434298084336 0.275205319018359 0.396973058906425 0.269708198297201
0.355077961463227 0.330701594813024 0.124461259125667 0.0647626612217575 0.124996523376324
0.0849317279093136 0.192415981270068 0.113196465801605 0.37143625828959 0.238019566729423
0.340467132912617 0.0661883480410252 0.139773844973467 0.200835836685223 0.252734837387668
0.339381027003561 0.00196538627792284 0.22802706480855 0.0515209906170414 0.379105531292925
